"PreSens Measurement Studio 2","1.1.2.0",""
"Date","Time","Channel","User","SensorID","Sensor_Name","delta_t","Time_Unit","Value","O2_Unit","Mode","Phase","Phase_Unit","Amplitude","Amplitude_Unit","Temp","Temp_Unit","Pressure","Pressure_Unit","Salinity","Salinity_Unit","Error","Cal0","Cal0_Unit","T0","T0_Unit","O2Cal2nd","O2_Unit","Cal2nd","Cal2nd_Unit","T2nd","T2nd_Unit","CalPressure","CalPressure_Unit","f1","dPhi1","dkSv1","dPhi2","dkSv2","m","Cal_Mode","SignalLEDCurrent","User_Signal_Intensity","ReferenceLEDCurrent","Reference_Amplitude","Device_Serial","FwVersion","SwVersion","Sensor_Type","BatchID","Calibration_Date","Sensor_Lot","PreSens_Calibr","Battery_Voltage","Battery_Voltage_Unit"
"09/09/2020","09:25:34","2","default","115855972","OXY_CH2","0.000","min","191.169","µmol/L","Humid","21.116","deg","82361","µV","27.519","°C","1016.000","hPa","35.3","pmil","0","53.237","deg","23.954","°C","100.000","%a.s.","21.023","deg","23.635","°C","1019.000","hPa","0.861","-0.02617","0.00035","0","0","13.56","Humid","28.00","0","54.00","365643.77","SABD0000000001","AAV1.0.0.11","1.1.2.0","PSt7-10","170328-007","9/30/2017 19:06:43","0000-00","0","no battery","V"
"09/09/2020","09:25:35","2","default","115855972","OXY_CH2","0.011","min","191.154","µmol/L","Humid","21.115","deg","82338","µV","27.525","°C","1016.000","hPa","35.3","pmil","0","53.237","deg","23.954","°C","100.000","%a.s.","21.023","deg","23.635","°C","1019.000","hPa","0.861","-0.02617","0.00035","0","0","13.56","Humid","28.00","0","54.00","365584.18","SABD0000000001","AAV1.0.0.11","1.1.2.0","PSt7-10","170328-007","9/30/2017 19:06:43","0000-00","0","no battery","V"
"09/09/2020","09:25:36","2","default","115855972","OXY_CH2","0.027","min","191.238","µmol/L","Humid","21.114","deg","82328","µV","27.513","°C","1016.000","hPa","35.3","pmil","0","53.237","deg","23.954","°C","100.000","%a.s.","21.023","deg","23.635","°C","1019.000","hPa","0.861","-0.02617","0.00035","0","0","13.56","Humid","28.00","0","54.00","365557.35","SABD0000000001","AAV1.0.0.11","1.1.2.0","PSt7-10","170328-007","9/30/2017 19:06:43","0000-00","0","no battery","V"
"09/09/2020","09:25:37","2","default","115855972","OXY_CH2","0.044","min","191.220","µmol/L","Humid","21.117","deg","82327","µV","27.507","°C","1016.000","hPa","35.3","pmil","0","53.237","deg","23.954","°C","100.000","%a.s.","21.023","deg","23.635","°C","1019.000","hPa","0.861","-0.02617","0.00035","0","0","13.56","Humid","28.00","0","54.00","365532.11","SABD0000000001","AAV1.0.0.11","1.1.2.0","PSt7-10","170328-007","9/30/2017 19:06:43","0000-00","0","no battery","V"
"09/09/2020","09:25:38","2","default","115855972","OXY_CH2","0.060","min","191.200","µmol/L","Humid","21.116","deg","82323","µV","27.514","°C","1016.000","hPa","35.3","pmil","0","53.237","deg","23.954","°C","100.000","%a.s.","21.023","deg","23.635","°C","1019.000","hPa","0.861","-0.02617","0.00035","0","0","13.56","Humid","28.00","0","54.00","365516.61","SABD0000000001","AAV1.0.0.11","1.1.2.0","PSt7-10","170328-007","9/30/2017 19:06:43","0000-00","0","no battery","V"
"09/09/2020","09:25:39","2","default","115855972","OXY_CH2","0.077","min","191.093","µmol/L","Humid","21.120","deg","82312","µV","27.520","°C","1016.000","hPa","35.3","pmil","0","53.237","deg","23.954","°C","100.000","%a.s.","21.023","deg","23.635","°C","1019.000","hPa","0.861","-0.02617","0.00035","0","0","13.56","Humid","28.00","0","54.00","365516.11","SABD0000000001","AAV1.0.0.11","1.1.2.0","PSt7-10","170328-007","9/30/2017 19:06:43","0000-00","0","no battery","V"
"09/09/2020","09:25:40","2","default","115855972","OXY_CH2","0.094","min","191.169","µmol/L","Humid","21.116","deg","82313","µV","27.519","°C","1016.000","hPa","35.3","pmil","0","53.237","deg","23.954","°C","100.000","%a.s.","21.023","deg","23.635","°C","1019.000","hPa","0.861","-0.02617","0.00035","0","0","13.56","Humid","28.00","0","54.00","365496.25","SABD0000000001","AAV1.0.0.11","1.1.2.0","PSt7-10","170328-007","9/30/2017 19:06:43","0000-00","0","no battery","V"
"09/09/2020","09:25:41","2","default","115855972","OXY_CH2","0.111","min","191.116","µmol/L","Humid","21.119","deg","82315","µV","27.519","°C","1016.000","hPa","35.3","pmil","0","53.237","deg","23.954","°C","100.000","%a.s.","21.023","deg","23.635","°C","1019.000","hPa","0.861","-0.02617","0.00035","0","0","13.56","Humid","28.00","0","54.00","365511.90","SABD0000000001","AAV1.0.0.11","1.1.2.0","PSt7-10","170328-007","9/30/2017 19:06:43","0000-00","0","no battery","V"
"09/09/2020","09:25:42","2","default","115855972","OXY_CH2","0.128","min","191.130","µmol/L","Humid","21.121","deg","82310","µV","27.511","°C","1016.000","hPa","35.3","pmil","0","53.237","deg","23.954","°C","100.000","%a.s.","21.023","deg","23.635","°C","1019.000","hPa","0.861","-0.02617","0.00035","0","0","13.56","Humid","28.00","0","54.00","365487.49","SABD0000000001","AAV1.0.0.11","1.1.2.0","PSt7-10","170328-007","9/30/2017 19:06:43","0000-00","0","no battery","V"
"09/09/2020","09:25:43","2","default","115855972","OXY_CH2","0.144","min","191.154","µmol/L","Humid","21.121","deg","82308","µV","27.507","°C","1016.000","hPa","35.3","pmil","0","53.237","deg","23.954","°C","100.000","%a.s.","21.023","deg","23.635","°C","1019.000","hPa","0.861","-0.02617","0.00035","0","0","13.56","Humid","28.00","0","54.00","365481.85","SABD0000000001","AAV1.0.0.11","1.1.2.0","PSt7-10","170328-007","9/30/2017 19:06:43","0000-00","0","no battery","V"
"09/09/2020","09:25:44","2","default","115855972","OXY_CH2","0.161","min","191.075","µmol/L","Humid","21.118","deg","82306","µV","27.529","°C","1016.000","hPa","35.3","pmil","0","53.237","deg","23.954","°C","100.000","%a.s.","21.023","deg","23.635","°C","1019.000","hPa","0.861","-0.02617","0.00035","0","0","13.56","Humid","28.00","0","54.00","365472.18","SABD0000000001","AAV1.0.0.11","1.1.2.0","PSt7-10","170328-007","9/30/2017 19:06:43","0000-00","0","no battery","V"
"09/09/2020","09:25:45","2","default","115855972","OXY_CH2","0.178","min","190.926","µmol/L","Humid","21.125","deg","82301","µV","27.534","°C","1016.000","hPa","35.3","pmil","0","53.237","deg","23.954","°C","100.000","%a.s.","21.023","deg","23.635","°C","1019.000","hPa","0.861","-0.02617","0.00035","0","0","13.56","Humid","28.00","0","54.00","365459.17","SABD0000000001","AAV1.0.0.11","1.1.2.0","PSt7-10","170328-007","9/30/2017 19:06:43","0000-00","0","no battery","V"
"09/09/2020","09:25:46","2","default","115855972","OXY_CH2","0.194","min","190.960","µmol/L","Humid","21.121","deg","82299","µV","27.540","°C","1016.000","hPa","35.3","pmil","0","53.237","deg","23.954","°C","100.000","%a.s.","21.023","deg","23.635","°C","1019.000","hPa","0.861","-0.02617","0.00035","0","0","13.56","Humid","28.00","0","54.00","365455.58","SABD0000000001","AAV1.0.0.11","1.1.2.0","PSt7-10","170328-007","9/30/2017 19:06:43","0000-00","0","no battery","V"
"09/09/2020","09:25:47","2","default","115855972","OXY_CH2","0.210","min","191.161","µmol/L","Humid","21.117","deg","82294","µV","27.517","°C","1016.000","hPa","35.3","pmil","0","53.237","deg","23.954","°C","100.000","%a.s.","21.023","deg","23.635","°C","1019.000","hPa","0.861","-0.02617","0.00035","0","0","13.56","Humid","28.00","0","54.00","365440.19","SABD0000000001","AAV1.0.0.11","1.1.2.0","PSt7-10","170328-007","9/30/2017 19:06:43","0000-00","0","no battery","V"
"09/09/2020","09:25:48","2","default","115855972","OXY_CH2","0.227","min","190.975","µmol/L","Humid","21.125","deg","82292","µV","27.526","°C","1016.000","hPa","35.3","pmil","0","53.237","deg","23.954","°C","100.000","%a.s.","21.023","deg","23.635","°C","1019.000","hPa","0.861","-0.02617","0.00035","0","0","13.56","Humid","28.00","0","54.00","365446.92","SABD0000000001","AAV1.0.0.11","1.1.2.0","PSt7-10","170328-007","9/30/2017 19:06:43","0000-00","0","no battery","V"
"09/09/2020","09:25:49","2","default","115855972","OXY_CH2","0.244","min","190.920","µmol/L","Humid","21.124","deg","82290","µV","27.538","°C","1016.000","hPa","35.3","pmil","0","53.237","deg","23.954","°C","100.000","%a.s.","21.023","deg","23.635","°C","1019.000","hPa","0.861","-0.02617","0.00035","0","0","13.56","Humid","28.00","0","54.00","365428.79","SABD0000000001","AAV1.0.0.11","1.1.2.0","PSt7-10","170328-007","9/30/2017 19:06:43","0000-00","0","no battery","V"
"09/09/2020","09:25:50","2","default","115855972","OXY_CH2","0.260","min","190.923","µmol/L","Humid","21.124","deg","82295","µV","27.538","°C","1016.000","hPa","35.3","pmil","0","53.237","deg","23.954","°C","100.000","%a.s.","21.023","deg","23.635","°C","1019.000","hPa","0.861","-0.02617","0.00035","0","0","13.56","Humid","28.00","0","54.00","365441.45","SABD0000000001","AAV1.0.0.11","1.1.2.0","PSt7-10","170328-007","9/30/2017 19:06:43","0000-00","0","no battery","V"
"09/09/2020","09:25:51","2","default","115855972","OXY_CH2","0.277","min","190.953","µmol/L","Humid","21.123","deg","82289","µV","27.535","°C","1016.000","hPa","35.3","pmil","0","53.237","deg","23.954","°C","100.000","%a.s.","21.023","deg","23.635","°C","1019.000","hPa","0.861","-0.02617","0.00035","0","0","13.56","Humid","28.00","0","54.00","365431.14","SABD0000000001","AAV1.0.0.11","1.1.2.0","PSt7-10","170328-007","9/30/2017 19:06:43","0000-00","0","no battery","V"
"09/09/2020","09:25:52","2","default","115855972","OXY_CH2","0.294","min","190.895","µmol/L","Humid","21.127","deg","82286","µV","27.534","°C","1016.000","hPa","35.3","pmil","0","53.237","deg","23.954","°C","100.000","%a.s.","21.023","deg","23.635","°C","1019.000","hPa","0.861","-0.02617","0.00035","0","0","13.56","Humid","28.00","0","54.00","365421.37","SABD0000000001","AAV1.0.0.11","1.1.2.0","PSt7-10","170328-007","9/30/2017 19:06:43","0000-00","0","no battery","V"
"09/09/2020","09:25:53","2","default","115855972","OXY_CH2","0.311","min","190.919","µmol/L","Humid","21.125","deg","82288","µV","27.535","°C","1016.000","hPa","35.3","pmil","0","53.237","deg","23.954","°C","100.000","%a.s.","21.023","deg","23.635","°C","1019.000","hPa","0.861","-0.02617","0.00035","0","0","13.56","Humid","28.00","0","54.00","365420.40","SABD0000000001","AAV1.0.0.11","1.1.2.0","PSt7-10","170328-007","9/30/2017 19:06:43","0000-00","0","no battery","V"
"09/09/2020","09:25:54","2","default","115855972","OXY_CH2","0.328","min","190.961","µmol/L","Humid","21.123","deg","82287","µV","27.534","°C","1016.000","hPa","35.3","pmil","0","53.237","deg","23.954","°C","100.000","%a.s.","21.023","deg","23.635","°C","1019.000","hPa","0.861","-0.02617","0.00035","0","0","13.56","Humid","28.00","0","54.00","365415.77","SABD0000000001","AAV1.0.0.11","1.1.2.0","PSt7-10","170328-007","9/30/2017 19:06:43","0000-00","0","no battery","V"
"09/09/2020","09:25:55","2","default","115855972","OXY_CH2","0.344","min","190.833","µmol/L","Humid","21.125","deg","82281","µV","27.550","°C","1016.000","hPa","35.3","pmil","0","53.237","deg","23.954","°C","100.000","%a.s.","21.023","deg","23.635","°C","1019.000","hPa","0.861","-0.02617","0.00035","0","0","13.56","Humid","28.00","0","54.00","365395.02","SABD0000000001","AAV1.0.0.11","1.1.2.0","PSt7-10","170328-007","9/30/2017 19:06:43","0000-00","0","no battery","V"
"09/09/2020","09:25:56","2","default","115855972","OXY_CH2","0.361","min","190.809","µmol/L","Humid","21.130","deg","82273","µV","27.540","°C","1016.000","hPa","35.3","pmil","0","53.237","deg","23.954","°C","100.000","%a.s.","21.023","deg","23.635","°C","1019.000","hPa","0.861","-0.02617","0.00035","0","0","13.56","Humid","28.00","0","54.00","365400.09","SABD0000000001","AAV1.0.0.11","1.1.2.0","PSt7-10","170328-007","9/30/2017 19:06:43","0000-00","0","no battery","V"
"09/09/2020","09:25:57","2","default","115855972","OXY_CH2","0.377","min","190.879","µmol/L","Humid","21.128","deg","82276","µV","27.533","°C","1016.000","hPa","35.3","pmil","0","53.237","deg","23.954","°C","100.000","%a.s.","21.023","deg","23.635","°C","1019.000","hPa","0.861","-0.02617","0.00035","0","0","13.56","Humid","28.00","0","54.00","365389.80","SABD0000000001","AAV1.0.0.11","1.1.2.0","PSt7-10","170328-007","9/30/2017 19:06:43","0000-00","0","no battery","V"
"09/09/2020","09:25:58","2","default","115855972","OXY_CH2","0.394","min","190.948","µmol/L","Humid","21.127","deg","82279","µV","27.524","°C","1016.000","hPa","35.3","pmil","0","53.237","deg","23.954","°C","100.000","%a.s.","21.023","deg","23.635","°C","1019.000","hPa","0.861","-0.02617","0.00035","0","0","13.56","Humid","28.00","0","54.00","365384.16","SABD0000000001","AAV1.0.0.11","1.1.2.0","PSt7-10","170328-007","9/30/2017 19:06:43","0000-00","0","no battery","V"
"09/09/2020","09:25:59","2","default","115855972","OXY_CH2","0.411","min","190.982","µmol/L","Humid","21.125","deg","82274","µV","27.524","°C","1016.000","hPa","35.3","pmil","0","53.237","deg","23.954","°C","100.000","%a.s.","21.023","deg","23.635","°C","1019.000","hPa","0.861","-0.02617","0.00035","0","0","13.56","Humid","28.00","0","54.00","365379.85","SABD0000000001","AAV1.0.0.11","1.1.2.0","PSt7-10","170328-007","9/30/2017 19:06:43","0000-00","0","no battery","V"
"09/09/2020","09:26:00","2","default","115855972","OXY_CH2","0.427","min","190.935","µmol/L","Humid","21.124","deg","82270","µV","27.536","°C","1016.000","hPa","35.3","pmil","0","53.237","deg","23.954","°C","100.000","%a.s.","21.023","deg","23.635","°C","1019.000","hPa","0.861","-0.02617","0.00035","0","0","13.56","Humid","28.00","0","54.00","365388.46","SABD0000000001","AAV1.0.0.11","1.1.2.0","PSt7-10","170328-007","9/30/2017 19:06:43","0000-00","0","no battery","V"
"09/09/2020","09:26:01","2","default","115855972","OXY_CH2","0.444","min","190.899","µmol/L","Humid","21.127","deg","82262","µV","27.533","°C","1016.000","hPa","35.3","pmil","0","53.237","deg","23.954","°C","100.000","%a.s.","21.023","deg","23.635","°C","1019.000","hPa","0.861","-0.02617","0.00035","0","0","13.56","Humid","28.00","0","54.00","365382.12","SABD0000000001","AAV1.0.0.11","1.1.2.0","PSt7-10","170328-007","9/30/2017 19:06:43","0000-00","0","no battery","V"
"09/09/2020","09:26:02","2","default","115855972","OXY_CH2","0.461","min","190.839","µmol/L","Humid","21.124","deg","82265","µV","27.552","°C","1016.000","hPa","35.3","pmil","0","53.237","deg","23.954","°C","100.000","%a.s.","21.023","deg","23.635","°C","1019.000","hPa","0.861","-0.02617","0.00035","0","0","13.56","Humid","28.00","0","54.00","365367.24","SABD0000000001","AAV1.0.0.11","1.1.2.0","PSt7-10","170328-007","9/30/2017 19:06:43","0000-00","0","no battery","V"
"09/09/2020","09:26:03","2","default","115855972","OXY_CH2","0.477","min","190.809","µmol/L","Humid","21.127","deg","82265","µV","27.548","°C","1016.000","hPa","35.3","pmil","0","53.237","deg","23.954","°C","100.000","%a.s.","21.023","deg","23.635","°C","1019.000","hPa","0.861","-0.02617","0.00035","0","0","13.56","Humid","28.00","0","54.00","365366.41","SABD0000000001","AAV1.0.0.11","1.1.2.0","PSt7-10","170328-007","9/30/2017 19:06:43","0000-00","0","no battery","V"
"09/09/2020","09:26:04","2","default","115855972","OXY_CH2","0.494","min","190.856","µmol/L","Humid","21.126","deg","82258","µV","27.543","°C","1016.000","hPa","35.3","pmil","0","53.237","deg","23.954","°C","100.000","%a.s.","21.023","deg","23.635","°C","1019.000","hPa","0.861","-0.02617","0.00035","0","0","13.56","Humid","28.00","0","54.00","365350.69","SABD0000000001","AAV1.0.0.11","1.1.2.0","PSt7-10","170328-007","9/30/2017 19:06:43","0000-00","0","no battery","V"
"09/09/2020","09:26:05","2","default","115855972","OXY_CH2","0.511","min","190.878","µmol/L","Humid","21.126","deg","82267","µV","27.539","°C","1016.000","hPa","35.3","pmil","0","53.237","deg","23.954","°C","100.000","%a.s.","21.023","deg","23.635","°C","1019.000","hPa","0.861","-0.02617","0.00035","0","0","13.56","Humid","28.00","0","54.00","365353.02","SABD0000000001","AAV1.0.0.11","1.1.2.0","PSt7-10","170328-007","9/30/2017 19:06:43","0000-00","0","no battery","V"
"09/09/2020","09:26:06","2","default","115855972","OXY_CH2","0.528","min","190.935","µmol/L","Humid","21.123","deg","82255","µV","27.539","°C","1016.000","hPa","35.3","pmil","0","53.237","deg","23.954","°C","100.000","%a.s.","21.023","deg","23.635","°C","1019.000","hPa","0.861","-0.02617","0.00035","0","0","13.56","Humid","28.00","0","54.00","365341.81","SABD0000000001","AAV1.0.0.11","1.1.2.0","PSt7-10","170328-007","9/30/2017 19:06:43","0000-00","0","no battery","V"
"09/09/2020","09:26:07","2","default","115855972","OXY_CH2","0.544","min","190.854","µmol/L","Humid","21.127","deg","82261","µV","27.541","°C","1016.000","hPa","35.3","pmil","0","53.237","deg","23.954","°C","100.000","%a.s.","21.023","deg","23.635","°C","1019.000","hPa","0.861","-0.02617","0.00035","0","0","13.56","Humid","28.00","0","54.00","365343.62","SABD0000000001","AAV1.0.0.11","1.1.2.0","PSt7-10","170328-007","9/30/2017 19:06:43","0000-00","0","no battery","V"
"09/09/2020","09:26:08","2","default","115855972","OXY_CH2","0.561","min","190.791","µmol/L","Humid","21.128","deg","82254","µV","27.549","°C","1016.000","hPa","35.3","pmil","0","53.237","deg","23.954","°C","100.000","%a.s.","21.023","deg","23.635","°C","1019.000","hPa","0.861","-0.02617","0.00035","0","0","13.56","Humid","28.00","0","54.00","365344.57","SABD0000000001","AAV1.0.0.11","1.1.2.0","PSt7-10","170328-007","9/30/2017 19:06:43","0000-00","0","no battery","V"
"09/09/2020","09:26:09","2","default","115855972","OXY_CH2","0.577","min","190.803","µmol/L","Humid","21.127","deg","82249","µV","27.549","°C","1016.000","hPa","35.3","pmil","0","53.237","deg","23.954","°C","100.000","%a.s.","21.023","deg","23.635","°C","1019.000","hPa","0.861","-0.02617","0.00035","0","0","13.56","Humid","28.00","0","54.00","365333.15","SABD0000000001","AAV1.0.0.11","1.1.2.0","PSt7-10","170328-007","9/30/2017 19:06:43","0000-00","0","no battery","V"
"09/09/2020","09:26:10","2","default","115855972","OXY_CH2","0.594","min","190.856","µmol/L","Humid","21.127","deg","82248","µV","27.540","°C","1016.000","hPa","35.3","pmil","0","53.237","deg","23.954","°C","100.000","%a.s.","21.023","deg","23.635","°C","1019.000","hPa","0.861","-0.02617","0.00035","0","0","13.56","Humid","28.00","0","54.00","365334.06","SABD0000000001","AAV1.0.0.11","1.1.2.0","PSt7-10","170328-007","9/30/2017 19:06:43","0000-00","0","no battery","V"
"09/09/2020","09:26:11","2","default","115855972","OXY_CH2","0.611","min","190.847","µmol/L","Humid","21.125","deg","82252","µV","27.548","°C","1016.000","hPa","35.3","pmil","0","53.237","deg","23.954","°C","100.000","%a.s.","21.023","deg","23.635","°C","1019.000","hPa","0.861","-0.02617","0.00035","0","0","13.56","Humid","28.00","0","54.00","365337.53","SABD0000000001","AAV1.0.0.11","1.1.2.0","PSt7-10","170328-007","9/30/2017 19:06:43","0000-00","0","no battery","V"
"09/09/2020","09:26:12","2","default","115855972","OXY_CH2","0.628","min","190.940","µmol/L","Humid","21.121","deg","82249","µV","27.544","°C","1016.000","hPa","35.3","pmil","0","53.237","deg","23.954","°C","100.000","%a.s.","21.023","deg","23.635","°C","1019.000","hPa","0.861","-0.02617","0.00035","0","0","13.56","Humid","28.00","0","54.00","365331.81","SABD0000000001","AAV1.0.0.11","1.1.2.0","PSt7-10","170328-007","9/30/2017 19:06:43","0000-00","0","no battery","V"
"09/09/2020","09:26:13","2","default","115855972","OXY_CH2","0.644","min","190.787","µmol/L","Humid","21.128","deg","82241","µV","27.549","°C","1016.000","hPa","35.3","pmil","0","53.237","deg","23.954","°C","100.000","%a.s.","21.023","deg","23.635","°C","1019.000","hPa","0.861","-0.02617","0.00035","0","0","13.56","Humid","28.00","0","54.00","365331.43","SABD0000000001","AAV1.0.0.11","1.1.2.0","PSt7-10","170328-007","9/30/2017 19:06:43","0000-00","0","no battery","V"
"09/09/2020","09:26:14","2","default","115855972","OXY_CH2","0.661","min","190.759","µmol/L","Humid","21.129","deg","82242","µV","27.551","°C","1016.000","hPa","35.3","pmil","0","53.237","deg","23.954","°C","100.000","%a.s.","21.023","deg","23.635","°C","1019.000","hPa","0.861","-0.02617","0.00035","0","0","13.56","Humid","28.00","0","54.00","365318.64","SABD0000000001","AAV1.0.0.11","1.1.2.0","PSt7-10","170328-007","9/30/2017 19:06:43","0000-00","0","no battery","V"
"09/09/2020","09:26:15","2","default","115855972","OXY_CH2","0.678","min","190.820","µmol/L","Humid","21.127","deg","82239","µV","27.546","°C","1016.000","hPa","35.3","pmil","0","53.237","deg","23.954","°C","100.000","%a.s.","21.023","deg","23.635","°C","1019.000","hPa","0.861","-0.02617","0.00035","0","0","13.56","Humid","28.00","0","54.00","365301.76","SABD0000000001","AAV1.0.0.11","1.1.2.0","PSt7-10","170328-007","9/30/2017 19:06:43","0000-00","0","no battery","V"
"09/09/2020","09:26:16","2","default","115855972","OXY_CH2","0.694","min","190.769","µmol/L","Humid","21.125","deg","82239","µV","27.561","°C","1016.000","hPa","35.3","pmil","0","53.237","deg","23.954","°C","100.000","%a.s.","21.023","deg","23.635","°C","1019.000","hPa","0.861","-0.02617","0.00035","0","0","13.56","Humid","28.00","0","54.00","365311.42","SABD0000000001","AAV1.0.0.11","1.1.2.0","PSt7-10","170328-007","9/30/2017 19:06:43","0000-00","0","no battery","V"
"09/09/2020","09:26:17","2","default","115855972","OXY_CH2","0.711","min","190.720","µmol/L","Humid","21.127","deg","82237","µV","27.564","°C","1016.000","hPa","35.3","pmil","0","53.237","deg","23.954","°C","100.000","%a.s.","21.023","deg","23.635","°C","1019.000","hPa","0.861","-0.02617","0.00035","0","0","13.56","Humid","28.00","0","54.00","365301.68","SABD0000000001","AAV1.0.0.11","1.1.2.0","PSt7-10","170328-007","9/30/2017 19:06:43","0000-00","0","no battery","V"
"09/09/2020","09:26:18","2","default","115855972","OXY_CH2","0.728","min","190.827","µmol/L","Humid","21.123","deg","82235","µV","27.557","°C","1016.000","hPa","35.3","pmil","0","53.237","deg","23.954","°C","100.000","%a.s.","21.023","deg","23.635","°C","1019.000","hPa","0.861","-0.02617","0.00035","0","0","13.56","Humid","28.00","0","54.00","365297.63","SABD0000000001","AAV1.0.0.11","1.1.2.0","PSt7-10","170328-007","9/30/2017 19:06:43","0000-00","0","no battery","V"
"09/09/2020","09:26:19","2","default","115855972","OXY_CH2","0.744","min","190.836","µmol/L","Humid","21.126","deg","82234","µV","27.547","°C","1016.000","hPa","35.3","pmil","0","53.237","deg","23.954","°C","100.000","%a.s.","21.023","deg","23.635","°C","1019.000","hPa","0.861","-0.02617","0.00035","0","0","13.56","Humid","28.00","0","54.00","365298.83","SABD0000000001","AAV1.0.0.11","1.1.2.0","PSt7-10","170328-007","9/30/2017 19:06:43","0000-00","0","no battery","V"
"09/09/2020","09:26:20","2","default","115855972","OXY_CH2","0.761","min","190.812","µmol/L","Humid","21.128","deg","82232","µV","27.545","°C","1016.000","hPa","35.3","pmil","0","53.237","deg","23.954","°C","100.000","%a.s.","21.023","deg","23.635","°C","1019.000","hPa","0.861","-0.02617","0.00035","0","0","13.56","Humid","28.00","0","54.00","365283.20","SABD0000000001","AAV1.0.0.11","1.1.2.0","PSt7-10","170328-007","9/30/2017 19:06:43","0000-00","0","no battery","V"
"09/09/2020","09:26:21","2","default","115855972","OXY_CH2","0.778","min","190.792","µmol/L","Humid","21.127","deg","82228","µV","27.551","°C","1016.000","hPa","35.3","pmil","0","53.237","deg","23.954","°C","100.000","%a.s.","21.023","deg","23.635","°C","1019.000","hPa","0.861","-0.02617","0.00035","0","0","13.56","Humid","28.00","0","54.00","365290.05","SABD0000000001","AAV1.0.0.11","1.1.2.0","PSt7-10","170328-007","9/30/2017 19:06:43","0000-00","0","no battery","V"
"09/09/2020","09:26:22","2","default","115855972","OXY_CH2","0.794","min","190.681","µmol/L","Humid","21.125","deg","82232","µV","27.577","°C","1016.000","hPa","35.3","pmil","0","53.237","deg","23.954","°C","100.000","%a.s.","21.023","deg","23.635","°C","1019.000","hPa","0.861","-0.02617","0.00035","0","0","13.56","Humid","28.00","0","54.00","365283.64","SABD0000000001","AAV1.0.0.11","1.1.2.0","PSt7-10","170328-007","9/30/2017 19:06:43","0000-00","0","no battery","V"
"09/09/2020","09:26:23","2","default","115855972","OXY_CH2","0.811","min","190.633","µmol/L","Humid","21.132","deg","82227","µV","27.564","°C","1016.000","hPa","35.3","pmil","0","53.237","deg","23.954","°C","100.000","%a.s.","21.023","deg","23.635","°C","1019.000","hPa","0.861","-0.02617","0.00035","0","0","13.56","Humid","28.00","0","54.00","365268.88","SABD0000000001","AAV1.0.0.11","1.1.2.0","PSt7-10","170328-007","9/30/2017 19:06:43","0000-00","0","no battery","V"
"09/09/2020","09:26:24","2","default","115855972","OXY_CH2","0.827","min","190.712","µmol/L","Humid","21.126","deg","82221","µV","27.568","°C","1016.000","hPa","35.3","pmil","0","53.237","deg","23.954","°C","100.000","%a.s.","21.023","deg","23.635","°C","1019.000","hPa","0.861","-0.02617","0.00035","0","0","13.56","Humid","28.00","0","54.00","365263.68","SABD0000000001","AAV1.0.0.11","1.1.2.0","PSt7-10","170328-007","9/30/2017 19:06:43","0000-00","0","no battery","V"
"09/09/2020","09:26:25","2","default","115855972","OXY_CH2","0.844","min","190.662","µmol/L","Humid","21.125","deg","82219","µV","27.580","°C","1016.000","hPa","35.3","pmil","0","53.237","deg","23.954","°C","100.000","%a.s.","21.023","deg","23.635","°C","1019.000","hPa","0.861","-0.02617","0.00035","0","0","13.56","Humid","28.00","0","54.00","365275.96","SABD0000000001","AAV1.0.0.11","1.1.2.0","PSt7-10","170328-007","9/30/2017 19:06:43","0000-00","0","no battery","V"
"09/09/2020","09:26:26","2","default","115855972","OXY_CH2","0.860","min","190.697","µmol/L","Humid","21.126","deg","82216","µV","27.571","°C","1016.000","hPa","35.3","pmil","0","53.237","deg","23.954","°C","100.000","%a.s.","21.023","deg","23.635","°C","1019.000","hPa","0.861","-0.02617","0.00035","0","0","13.56","Humid","28.00","0","54.00","365259.06","SABD0000000001","AAV1.0.0.11","1.1.2.0","PSt7-10","170328-007","9/30/2017 19:06:43","0000-00","0","no battery","V"
"09/09/2020","09:26:27","2","default","115855972","OXY_CH2","0.877","min","190.763","µmol/L","Humid","21.124","deg","82215","µV","27.565","°C","1016.000","hPa","35.3","pmil","0","53.237","deg","23.954","°C","100.000","%a.s.","21.023","deg","23.635","°C","1019.000","hPa","0.861","-0.02617","0.00035","0","0","13.56","Humid","28.00","0","54.00","365253.33","SABD0000000001","AAV1.0.0.11","1.1.2.0","PSt7-10","170328-007","9/30/2017 19:06:43","0000-00","0","no battery","V"
"09/09/2020","09:26:28","2","default","115855972","OXY_CH2","0.894","min","190.775","µmol/L","Humid","21.124","deg","82214","µV","27.563","°C","1016.000","hPa","35.3","pmil","0","53.237","deg","23.954","°C","100.000","%a.s.","21.023","deg","23.635","°C","1019.000","hPa","0.861","-0.02617","0.00035","0","0","13.56","Humid","28.00","0","54.00","365249.67","SABD0000000001","AAV1.0.0.11","1.1.2.0","PSt7-10","170328-007","9/30/2017 19:06:43","0000-00","0","no battery","V"
"09/09/2020","09:26:29","2","default","115855972","OXY_CH2","0.910","min","190.661","µmol/L","Humid","21.130","deg","82211","µV","27.565","°C","1016.000","hPa","35.3","pmil","0","53.237","deg","23.954","°C","100.000","%a.s.","21.023","deg","23.635","°C","1019.000","hPa","0.861","-0.02617","0.00035","0","0","13.56","Humid","28.00","0","54.00","365240.76","SABD0000000001","AAV1.0.0.11","1.1.2.0","PSt7-10","170328-007","9/30/2017 19:06:43","0000-00","0","no battery","V"
"09/09/2020","09:26:30","2","default","115855972","OXY_CH2","0.927","min","190.664","µmol/L","Humid","21.125","deg","82211","µV","27.580","°C","1016.000","hPa","35.3","pmil","0","53.237","deg","23.954","°C","100.000","%a.s.","21.023","deg","23.635","°C","1019.000","hPa","0.861","-0.02617","0.00035","0","0","13.56","Humid","28.00","0","54.00","365235.81","SABD0000000001","AAV1.0.0.11","1.1.2.0","PSt7-10","170328-007","9/30/2017 19:06:43","0000-00","0","no battery","V"
"09/09/2020","09:26:31","2","default","115855972","OXY_CH2","0.944","min","190.614","µmol/L","Humid","21.130","deg","82207","µV","27.573","°C","1016.000","hPa","35.3","pmil","0","53.237","deg","23.954","°C","100.000","%a.s.","21.023","deg","23.635","°C","1019.000","hPa","0.861","-0.02617","0.00035","0","0","13.56","Humid","28.00","0","54.00","365229.24","SABD0000000001","AAV1.0.0.11","1.1.2.0","PSt7-10","170328-007","9/30/2017 19:06:43","0000-00","0","no battery","V"
"09/09/2020","09:26:32","2","default","115855972","OXY_CH2","0.961","min","190.563","µmol/L","Humid","21.129","deg","82201","µV","27.585","°C","1016.000","hPa","35.3","pmil","0","53.237","deg","23.954","°C","100.000","%a.s.","21.023","deg","23.635","°C","1019.000","hPa","0.861","-0.02617","0.00035","0","0","13.56","Humid","28.00","0","54.00","365228.45","SABD0000000001","AAV1.0.0.11","1.1.2.0","PSt7-10","170328-007","9/30/2017 19:06:43","0000-00","0","no battery","V"
"09/09/2020","09:26:33","2","default","115855972","OXY_CH2","0.977","min","190.681","µmol/L","Humid","21.126","deg","82208","µV","27.574","°C","1016.000","hPa","35.3","pmil","0","53.237","deg","23.954","°C","100.000","%a.s.","21.023","deg","23.635","°C","1019.000","hPa","0.861","-0.02617","0.00035","0","0","13.56","Humid","28.00","0","54.00","365225.82","SABD0000000001","AAV1.0.0.11","1.1.2.0","PSt7-10","170328-007","9/30/2017 19:06:43","0000-00","0","no battery","V"
"09/09/2020","09:26:34","2","default","115855972","OXY_CH2","0.994","min","190.719","µmol/L","Humid","21.127","deg","82202","µV","27.564","°C","1016.000","hPa","35.3","pmil","0","53.237","deg","23.954","°C","100.000","%a.s.","21.023","deg","23.635","°C","1019.000","hPa","0.861","-0.02617","0.00035","0","0","13.56","Humid","28.00","0","54.00","365220.63","SABD0000000001","AAV1.0.0.11","1.1.2.0","PSt7-10","170328-007","9/30/2017 19:06:43","0000-00","0","no battery","V"
"09/09/2020","09:26:35","2","default","115855972","OXY_CH2","1.010","min","190.761","µmol/L","Humid","21.124","deg","82199","µV","27.566","°C","1016.000","hPa","35.3","pmil","0","53.237","deg","23.954","°C","100.000","%a.s.","21.023","deg","23.635","°C","1019.000","hPa","0.861","-0.02617","0.00035","0","0","13.56","Humid","28.00","0","54.00","365212.51","SABD0000000001","AAV1.0.0.11","1.1.2.0","PSt7-10","170328-007","9/30/2017 19:06:43","0000-00","0","no battery","V"
"09/09/2020","09:26:36","2","default","115855972","OXY_CH2","1.027","min","190.694","µmol/L","Humid","21.126","deg","82200","µV","27.571","°C","1016.000","hPa","35.3","pmil","0","53.237","deg","23.954","°C","100.000","%a.s.","21.023","deg","23.635","°C","1019.000","hPa","0.861","-0.02617","0.00035","0","0","13.56","Humid","28.00","0","54.00","365205.92","SABD0000000001","AAV1.0.0.11","1.1.2.0","PSt7-10","170328-007","9/30/2017 19:06:43","0000-00","0","no battery","V"
"09/09/2020","09:26:37","2","default","115855972","OXY_CH2","1.044","min","190.732","µmol/L","Humid","21.124","deg","82194","µV","27.571","°C","1016.000","hPa","35.3","pmil","0","53.237","deg","23.954","°C","100.000","%a.s.","21.023","deg","23.635","°C","1019.000","hPa","0.861","-0.02617","0.00035","0","0","13.56","Humid","28.00","0","54.00","365216.52","SABD0000000001","AAV1.0.0.11","1.1.2.0","PSt7-10","170328-007","9/30/2017 19:06:43","0000-00","0","no battery","V"
"09/09/2020","09:26:38","2","default","115855972","OXY_CH2","1.060","min","190.659","µmol/L","Humid","21.126","deg","82194","µV","27.577","°C","1016.000","hPa","35.3","pmil","0","53.237","deg","23.954","°C","100.000","%a.s.","21.023","deg","23.635","°C","1019.000","hPa","0.861","-0.02617","0.00035","0","0","13.56","Humid","28.00","0","54.00","365204.93","SABD0000000001","AAV1.0.0.11","1.1.2.0","PSt7-10","170328-007","9/30/2017 19:06:43","0000-00","0","no battery","V"
"09/09/2020","09:26:39","2","default","115855972","OXY_CH2","1.077","min","190.697","µmol/L","Humid","21.128","deg","82200","µV","27.565","°C","1016.000","hPa","35.3","pmil","0","53.237","deg","23.954","°C","100.000","%a.s.","21.023","deg","23.635","°C","1019.000","hPa","0.861","-0.02617","0.00035","0","0","13.56","Humid","28.00","0","54.00","365197.36","SABD0000000001","AAV1.0.0.11","1.1.2.0","PSt7-10","170328-007","9/30/2017 19:06:43","0000-00","0","no battery","V"
"09/09/2020","09:26:40","2","default","115855972","OXY_CH2","1.094","min","190.676","µmol/L","Humid","21.127","deg","82197","µV","27.571","°C","1016.000","hPa","35.3","pmil","0","53.237","deg","23.954","°C","100.000","%a.s.","21.023","deg","23.635","°C","1019.000","hPa","0.861","-0.02617","0.00035","0","0","13.56","Humid","28.00","0","54.00","365200.02","SABD0000000001","AAV1.0.0.11","1.1.2.0","PSt7-10","170328-007","9/30/2017 19:06:43","0000-00","0","no battery","V"
"09/09/2020","09:26:41","2","default","115855972","OXY_CH2","1.110","min","190.591","µmol/L","Humid","21.128","deg","82186","µV","27.583","°C","1016.000","hPa","35.3","pmil","0","53.237","deg","23.954","°C","100.000","%a.s.","21.023","deg","23.635","°C","1019.000","hPa","0.861","-0.02617","0.00035","0","0","13.56","Humid","28.00","0","54.00","365186.15","SABD0000000001","AAV1.0.0.11","1.1.2.0","PSt7-10","170328-007","9/30/2017 19:06:43","0000-00","0","no battery","V"
"09/09/2020","09:26:42","2","default","115855972","OXY_CH2","1.127","min","190.655","µmol/L","Humid","21.124","deg","82183","µV","27.584","°C","1016.000","hPa","35.3","pmil","0","53.237","deg","23.954","°C","100.000","%a.s.","21.023","deg","23.635","°C","1019.000","hPa","0.861","-0.02617","0.00035","0","0","13.56","Humid","28.00","0","54.00","365190.06","SABD0000000001","AAV1.0.0.11","1.1.2.0","PSt7-10","170328-007","9/30/2017 19:06:43","0000-00","0","no battery","V"
"09/09/2020","09:26:43","2","default","115855972","OXY_CH2","1.144","min","190.568","µmol/L","Humid","21.130","deg","82183","µV","27.581","°C","1016.000","hPa","35.3","pmil","0","53.237","deg","23.954","°C","100.000","%a.s.","21.023","deg","23.635","°C","1019.000","hPa","0.861","-0.02617","0.00035","0","0","13.56","Humid","28.00","0","54.00","365179.19","SABD0000000001","AAV1.0.0.11","1.1.2.0","PSt7-10","170328-007","9/30/2017 19:06:43","0000-00","0","no battery","V"
"09/09/2020","09:26:44","2","default","115855972","OXY_CH2","1.160","min","190.647","µmol/L","Humid","21.126","deg","82178","µV","27.579","°C","1016.000","hPa","35.3","pmil","0","53.237","deg","23.954","°C","100.000","%a.s.","21.023","deg","23.635","°C","1019.000","hPa","0.861","-0.02617","0.00035","0","0","13.56","Humid","28.00","0","54.00","365182.99","SABD0000000001","AAV1.0.0.11","1.1.2.0","PSt7-10","170328-007","9/30/2017 19:06:43","0000-00","0","no battery","V"
"09/09/2020","09:26:45","2","default","115855972","OXY_CH2","1.178","min","190.685","µmol/L","Humid","21.123","deg","82178","µV","27.582","°C","1016.000","hPa","35.3","pmil","0","53.237","deg","23.954","°C","100.000","%a.s.","21.023","deg","23.635","°C","1019.000","hPa","0.861","-0.02617","0.00035","0","0","13.56","Humid","28.00","0","54.00","365169.87","SABD0000000001","AAV1.0.0.11","1.1.2.0","PSt7-10","170328-007","9/30/2017 19:06:43","0000-00","0","no battery","V"
"09/09/2020","09:26:46","2","default","115855972","OXY_CH2","1.194","min","190.553","µmol/L","Humid","21.128","deg","82166","µV","27.590","°C","1016.000","hPa","35.3","pmil","0","53.237","deg","23.954","°C","100.000","%a.s.","21.023","deg","23.635","°C","1019.000","hPa","0.861","-0.02617","0.00035","0","0","13.56","Humid","28.00","0","54.00","365164.64","SABD0000000001","AAV1.0.0.11","1.1.2.0","PSt7-10","170328-007","9/30/2017 19:06:43","0000-00","0","no battery","V"
"09/09/2020","09:26:47","2","default","115855972","OXY_CH2","1.211","min","190.528","µmol/L","Humid","21.126","deg","82172","µV","27.600","°C","1016.000","hPa","35.3","pmil","0","53.237","deg","23.954","°C","100.000","%a.s.","21.023","deg","23.635","°C","1019.000","hPa","0.861","-0.02617","0.00035","0","0","13.56","Humid","28.00","0","54.00","365146.75","SABD0000000001","AAV1.0.0.11","1.1.2.0","PSt7-10","170328-007","9/30/2017 19:06:43","0000-00","0","no battery","V"
"09/09/2020","09:26:48","2","default","115855972","OXY_CH2","1.228","min","190.624","µmol/L","Humid","21.120","deg","82175","µV","27.601","°C","1016.000","hPa","35.3","pmil","0","53.237","deg","23.954","°C","100.000","%a.s.","21.023","deg","23.635","°C","1019.000","hPa","0.861","-0.02617","0.00035","0","0","13.56","Humid","28.00","0","54.00","365154.70","SABD0000000001","AAV1.0.0.11","1.1.2.0","PSt7-10","170328-007","9/30/2017 19:06:43","0000-00","0","no battery","V"
"09/09/2020","09:26:49","2","default","115855972","OXY_CH2","1.244","min","190.672","µmol/L","Humid","21.125","deg","82164","µV","27.578","°C","1016.000","hPa","35.3","pmil","0","53.237","deg","23.954","°C","100.000","%a.s.","21.023","deg","23.635","°C","1019.000","hPa","0.861","-0.02617","0.00035","0","0","13.56","Humid","28.00","0","54.00","365139.32","SABD0000000001","AAV1.0.0.11","1.1.2.0","PSt7-10","170328-007","9/30/2017 19:06:43","0000-00","0","no battery","V"
"09/09/2020","09:26:50","2","default","115855972","OXY_CH2","1.261","min","190.656","µmol/L","Humid","21.127","deg","82172","µV","27.575","°C","1016.000","hPa","35.3","pmil","0","53.237","deg","23.954","°C","100.000","%a.s.","21.023","deg","23.635","°C","1019.000","hPa","0.861","-0.02617","0.00035","0","0","13.56","Humid","28.00","0","54.00","365149.75","SABD0000000001","AAV1.0.0.11","1.1.2.0","PSt7-10","170328-007","9/30/2017 19:06:43","0000-00","0","no battery","V"
"09/09/2020","09:26:51","2","default","115855972","OXY_CH2","1.277","min","190.654","µmol/L","Humid","21.124","deg","82166","µV","27.584","°C","1016.000","hPa","35.3","pmil","0","53.237","deg","23.954","°C","100.000","%a.s.","21.023","deg","23.635","°C","1019.000","hPa","0.861","-0.02617","0.00035","0","0","13.56","Humid","28.00","0","54.00","365129.99","SABD0000000001","AAV1.0.0.11","1.1.2.0","PSt7-10","170328-007","9/30/2017 19:06:43","0000-00","0","no battery","V"
"09/09/2020","09:26:52","2","default","115855972","OXY_CH2","1.294","min","190.584","µmol/L","Humid","21.124","deg","82159","µV","27.596","°C","1016.000","hPa","35.3","pmil","0","53.237","deg","23.954","°C","100.000","%a.s.","21.023","deg","23.635","°C","1019.000","hPa","0.861","-0.02617","0.00035","0","0","13.56","Humid","28.00","0","54.00","365137.09","SABD0000000001","AAV1.0.0.11","1.1.2.0","PSt7-10","170328-007","9/30/2017 19:06:43","0000-00","0","no battery","V"
"09/09/2020","09:26:53","2","default","115855972","OXY_CH2","1.311","min","190.642","µmol/L","Humid","21.124","deg","82167","µV","27.586","°C","1016.000","hPa","35.3","pmil","0","53.237","deg","23.954","°C","100.000","%a.s.","21.023","deg","23.635","°C","1019.000","hPa","0.861","-0.02617","0.00035","0","0","13.56","Humid","28.00","0","54.00","365132.63","SABD0000000001","AAV1.0.0.11","1.1.2.0","PSt7-10","170328-007","9/30/2017 19:06:43","0000-00","0","no battery","V"
"09/09/2020","09:26:54","2","default","115855972","OXY_CH2","1.327","min","190.743","µmol/L","Humid","21.119","deg","82162","µV","27.584","°C","1016.000","hPa","35.3","pmil","0","53.237","deg","23.954","°C","100.000","%a.s.","21.023","deg","23.635","°C","1019.000","hPa","0.861","-0.02617","0.00035","0","0","13.56","Humid","28.00","0","54.00","365120.93","SABD0000000001","AAV1.0.0.11","1.1.2.0","PSt7-10","170328-007","9/30/2017 19:06:43","0000-00","0","no battery","V"
"09/09/2020","09:26:55","2","default","115855972","OXY_CH2","1.344","min","190.614","µmol/L","Humid","21.126","deg","82156","µV","27.585","°C","1016.000","hPa","35.3","pmil","0","53.237","deg","23.954","°C","100.000","%a.s.","21.023","deg","23.635","°C","1019.000","hPa","0.861","-0.02617","0.00035","0","0","13.56","Humid","28.00","0","54.00","365122.39","SABD0000000001","AAV1.0.0.11","1.1.2.0","PSt7-10","170328-007","9/30/2017 19:06:43","0000-00","0","no battery","V"
"09/09/2020","09:26:56","2","default","115855972","OXY_CH2","1.361","min","190.668","µmol/L","Humid","21.125","deg","82151","µV","27.579","°C","1016.000","hPa","35.3","pmil","0","53.237","deg","23.954","°C","100.000","%a.s.","21.023","deg","23.635","°C","1019.000","hPa","0.861","-0.02617","0.00035","0","0","13.56","Humid","28.00","0","54.00","365123.36","SABD0000000001","AAV1.0.0.11","1.1.2.0","PSt7-10","170328-007","9/30/2017 19:06:43","0000-00","0","no battery","V"
"09/09/2020","09:26:57","2","default","115855972","OXY_CH2","1.377","min","190.620","µmol/L","Humid","21.128","deg","82157","µV","27.578","°C","1016.000","hPa","35.3","pmil","0","53.237","deg","23.954","°C","100.000","%a.s.","21.023","deg","23.635","°C","1019.000","hPa","0.861","-0.02617","0.00035","0","0","13.56","Humid","28.00","0","54.00","365120.82","SABD0000000001","AAV1.0.0.11","1.1.2.0","PSt7-10","170328-007","9/30/2017 19:06:43","0000-00","0","no battery","V"
"09/09/2020","09:26:58","2","default","115855972","OXY_CH2","1.394","min","190.613","µmol/L","Humid","21.125","deg","82157","µV","27.588","°C","1016.000","hPa","35.3","pmil","0","53.237","deg","23.954","°C","100.000","%a.s.","21.023","deg","23.635","°C","1019.000","hPa","0.861","-0.02617","0.00035","0","0","13.56","Humid","28.00","0","54.00","365128.80","SABD0000000001","AAV1.0.0.11","1.1.2.0","PSt7-10","170328-007","9/30/2017 19:06:43","0000-00","0","no battery","V"
"09/09/2020","09:26:59","2","default","115855972","OXY_CH2","1.410","min","190.707","µmol/L","Humid","21.123","deg","82159","µV","27.578","°C","1016.000","hPa","35.3","pmil","0","53.237","deg","23.954","°C","100.000","%a.s.","21.023","deg","23.635","°C","1019.000","hPa","0.861","-0.02617","0.00035","0","0","13.56","Humid","28.00","0","54.00","365120.61","SABD0000000001","AAV1.0.0.11","1.1.2.0","PSt7-10","170328-007","9/30/2017 19:06:43","0000-00","0","no battery","V"
"09/09/2020","09:27:00","2","default","115855972","OXY_CH2","1.427","min","190.609","µmol/L","Humid","21.122","deg","82156","µV","27.598","°C","1016.000","hPa","35.3","pmil","0","53.237","deg","23.954","°C","100.000","%a.s.","21.023","deg","23.635","°C","1019.000","hPa","0.861","-0.02617","0.00035","0","0","13.56","Humid","28.00","0","54.00","365117.32","SABD0000000001","AAV1.0.0.11","1.1.2.0","PSt7-10","170328-007","9/30/2017 19:06:43","0000-00","0","no battery","V"
"09/09/2020","09:27:01","2","default","115855972","OXY_CH2","1.444","min","190.536","µmol/L","Humid","21.122","deg","82156","µV","27.610","°C","1016.000","hPa","35.3","pmil","0","53.237","deg","23.954","°C","100.000","%a.s.","21.023","deg","23.635","°C","1019.000","hPa","0.861","-0.02617","0.00035","0","0","13.56","Humid","28.00","0","54.00","365130.45","SABD0000000001","AAV1.0.0.11","1.1.2.0","PSt7-10","170328-007","9/30/2017 19:06:43","0000-00","0","no battery","V"
"09/09/2020","09:27:02","2","default","115855972","OXY_CH2","1.461","min","190.512","µmol/L","Humid","21.128","deg","82152","µV","27.597","°C","1016.000","hPa","35.3","pmil","0","53.237","deg","23.954","°C","100.000","%a.s.","21.023","deg","23.635","°C","1019.000","hPa","0.861","-0.02617","0.00035","0","0","13.56","Humid","28.00","0","54.00","365116.71","SABD0000000001","AAV1.0.0.11","1.1.2.0","PSt7-10","170328-007","9/30/2017 19:06:43","0000-00","0","no battery","V"
"09/09/2020","09:27:03","2","default","115855972","OXY_CH2","1.478","min","190.608","µmol/L","Humid","21.126","deg","82145","µV","27.586","°C","1016.000","hPa","35.3","pmil","0","53.237","deg","23.954","°C","100.000","%a.s.","21.023","deg","23.635","°C","1019.000","hPa","0.861","-0.02617","0.00035","0","0","13.56","Humid","28.00","0","54.00","365098.77","SABD0000000001","AAV1.0.0.11","1.1.2.0","PSt7-10","170328-007","9/30/2017 19:06:43","0000-00","0","no battery","V"
"09/09/2020","09:27:04","2","default","115855972","OXY_CH2","1.494","min","190.511","µmol/L","Humid","21.125","deg","82143","µV","27.606","°C","1016.000","hPa","35.3","pmil","0","53.237","deg","23.954","°C","100.000","%a.s.","21.023","deg","23.635","°C","1019.000","hPa","0.861","-0.02617","0.00035","0","0","13.56","Humid","28.00","0","54.00","365104.62","SABD0000000001","AAV1.0.0.11","1.1.2.0","PSt7-10","170328-007","9/30/2017 19:06:43","0000-00","0","no battery","V"
"09/09/2020","09:27:05","2","default","115855972","OXY_CH2","1.511","min","190.582","µmol/L","Humid","21.123","deg","82145","µV","27.600","°C","1016.000","hPa","35.3","pmil","0","53.237","deg","23.954","°C","100.000","%a.s.","21.023","deg","23.635","°C","1019.000","hPa","0.861","-0.02617","0.00035","0","0","13.56","Humid","28.00","0","54.00","365093.90","SABD0000000001","AAV1.0.0.11","1.1.2.0","PSt7-10","170328-007","9/30/2017 19:06:43","0000-00","0","no battery","V"
"09/09/2020","09:27:06","2","default","115855972","OXY_CH2","1.528","min","190.616","µmol/L","Humid","21.124","deg","82138","µV","27.591","°C","1016.000","hPa","35.3","pmil","0","53.237","deg","23.954","°C","100.000","%a.s.","21.023","deg","23.635","°C","1019.000","hPa","0.861","-0.02617","0.00035","0","0","13.56","Humid","28.00","0","54.00","365100.06","SABD0000000001","AAV1.0.0.11","1.1.2.0","PSt7-10","170328-007","9/30/2017 19:06:43","0000-00","0","no battery","V"
"09/09/2020","09:27:07","2","default","115855972","OXY_CH2","1.544","min","190.528","µmol/L","Humid","21.125","deg","82141","µV","27.603","°C","1016.000","hPa","35.3","pmil","0","53.237","deg","23.954","°C","100.000","%a.s.","21.023","deg","23.635","°C","1019.000","hPa","0.861","-0.02617","0.00035","0","0","13.56","Humid","28.00","0","54.00","365095.16","SABD0000000001","AAV1.0.0.11","1.1.2.0","PSt7-10","170328-007","9/30/2017 19:06:43","0000-00","0","no battery","V"
"09/09/2020","09:27:08","2","default","115855972","OXY_CH2","1.561","min","190.624","µmol/L","Humid","21.124","deg","82140","µV","27.589","°C","1016.000","hPa","35.3","pmil","0","53.237","deg","23.954","°C","100.000","%a.s.","21.023","deg","23.635","°C","1019.000","hPa","0.861","-0.02617","0.00035","0","0","13.56","Humid","28.00","0","54.00","365089.74","SABD0000000001","AAV1.0.0.11","1.1.2.0","PSt7-10","170328-007","9/30/2017 19:06:43","0000-00","0","no battery","V"
"09/09/2020","09:27:09","2","default","115855972","OXY_CH2","1.578","min","190.577","µmol/L","Humid","21.125","deg","82135","µV","27.595","°C","1016.000","hPa","35.3","pmil","0","53.237","deg","23.954","°C","100.000","%a.s.","21.023","deg","23.635","°C","1019.000","hPa","0.861","-0.02617","0.00035","0","0","13.56","Humid","28.00","0","54.00","365089.79","SABD0000000001","AAV1.0.0.11","1.1.2.0","PSt7-10","170328-007","9/30/2017 19:06:43","0000-00","0","no battery","V"
"09/09/2020","09:27:10","2","default","115855972","OXY_CH2","1.594","min","190.584","µmol/L","Humid","21.124","deg","82144","µV","27.596","°C","1016.000","hPa","35.3","pmil","0","53.237","deg","23.954","°C","100.000","%a.s.","21.023","deg","23.635","°C","1019.000","hPa","0.861","-0.02617","0.00035","0","0","13.56","Humid","28.00","0","54.00","365086.98","SABD0000000001","AAV1.0.0.11","1.1.2.0","PSt7-10","170328-007","9/30/2017 19:06:43","0000-00","0","no battery","V"
"09/09/2020","09:27:11","2","default","115855972","OXY_CH2","1.611","min","190.597","µmol/L","Humid","21.124","deg","82130","µV","27.594","°C","1016.000","hPa","35.3","pmil","0","53.237","deg","23.954","°C","100.000","%a.s.","21.023","deg","23.635","°C","1019.000","hPa","0.861","-0.02617","0.00035","0","0","13.56","Humid","28.00","0","54.00","365075.61","SABD0000000001","AAV1.0.0.11","1.1.2.0","PSt7-10","170328-007","9/30/2017 19:06:43","0000-00","0","no battery","V"
"09/09/2020","09:27:12","2","default","115855972","OXY_CH2","1.627","min","190.480","µmol/L","Humid","21.127","deg","82132","µV","27.605","°C","1016.000","hPa","35.3","pmil","0","53.237","deg","23.954","°C","100.000","%a.s.","21.023","deg","23.635","°C","1019.000","hPa","0.861","-0.02617","0.00035","0","0","13.56","Humid","28.00","0","54.00","365084.07","SABD0000000001","AAV1.0.0.11","1.1.2.0","PSt7-10","170328-007","9/30/2017 19:06:43","0000-00","0","no battery","V"
"09/09/2020","09:27:13","2","default","115855972","OXY_CH2","1.644","min","190.623","µmol/L","Humid","21.123","deg","82130","µV","27.593","°C","1016.000","hPa","35.3","pmil","0","53.237","deg","23.954","°C","100.000","%a.s.","21.023","deg","23.635","°C","1019.000","hPa","0.861","-0.02617","0.00035","0","0","13.56","Humid","28.00","0","54.00","365069.95","SABD0000000001","AAV1.0.0.11","1.1.2.0","PSt7-10","170328-007","9/30/2017 19:06:43","0000-00","0","no battery","V"
"09/09/2020","09:27:14","2","default","115855972","OXY_CH2","1.661","min","190.477","µmol/L","Humid","21.126","deg","82130","µV","27.609","°C","1016.000","hPa","35.3","pmil","0","53.237","deg","23.954","°C","100.000","%a.s.","21.023","deg","23.635","°C","1019.000","hPa","0.861","-0.02617","0.00035","0","0","13.56","Humid","28.00","0","54.00","365061.60","SABD0000000001","AAV1.0.0.11","1.1.2.0","PSt7-10","170328-007","9/30/2017 19:06:43","0000-00","0","no battery","V"
"09/09/2020","09:27:15","2","default","115855972","OXY_CH2","1.677","min","190.717","µmol/L","Humid","21.116","deg","82128","µV","27.597","°C","1016.000","hPa","35.3","pmil","0","53.237","deg","23.954","°C","100.000","%a.s.","21.023","deg","23.635","°C","1019.000","hPa","0.861","-0.02617","0.00035","0","0","13.56","Humid","28.00","0","54.00","365066.46","SABD0000000001","AAV1.0.0.11","1.1.2.0","PSt7-10","170328-007","9/30/2017 19:06:43","0000-00","0","no battery","V"
"09/09/2020","09:27:16","2","default","115855972","OXY_CH2","1.694","min","190.613","µmol/L","Humid","21.121","deg","82129","µV","27.600","°C","1016.000","hPa","35.3","pmil","0","53.237","deg","23.954","°C","100.000","%a.s.","21.023","deg","23.635","°C","1019.000","hPa","0.861","-0.02617","0.00035","0","0","13.56","Humid","28.00","0","54.00","365065.39","SABD0000000001","AAV1.0.0.11","1.1.2.0","PSt7-10","170328-007","9/30/2017 19:06:43","0000-00","0","no battery","V"
"09/09/2020","09:27:17","2","default","115855972","OXY_CH2","1.710","min","190.581","µmol/L","Humid","21.123","deg","82130","µV","27.600","°C","1016.000","hPa","35.3","pmil","0","53.237","deg","23.954","°C","100.000","%a.s.","21.023","deg","23.635","°C","1019.000","hPa","0.861","-0.02617","0.00035","0","0","13.56","Humid","28.00","0","54.00","365060.71","SABD0000000001","AAV1.0.0.11","1.1.2.0","PSt7-10","170328-007","9/30/2017 19:06:43","0000-00","0","no battery","V"
"09/09/2020","09:27:18","2","default","115855972","OXY_CH2","1.727","min","190.541","µmol/L","Humid","21.125","deg","82127","µV","27.601","°C","1016.000","hPa","35.3","pmil","0","53.237","deg","23.954","°C","100.000","%a.s.","21.023","deg","23.635","°C","1019.000","hPa","0.861","-0.02617","0.00035","0","0","13.56","Humid","28.00","0","54.00","365061.00","SABD0000000001","AAV1.0.0.11","1.1.2.0","PSt7-10","170328-007","9/30/2017 19:06:43","0000-00","0","no battery","V"
"09/09/2020","09:27:19","2","default","115855972","OXY_CH2","1.744","min","190.566","µmol/L","Humid","21.121","deg","82122","µV","27.608","°C","1016.000","hPa","35.3","pmil","0","53.237","deg","23.954","°C","100.000","%a.s.","21.023","deg","23.635","°C","1019.000","hPa","0.861","-0.02617","0.00035","0","0","13.56","Humid","28.00","0","54.00","365056.29","SABD0000000001","AAV1.0.0.11","1.1.2.0","PSt7-10","170328-007","9/30/2017 19:06:43","0000-00","0","no battery","V"
"09/09/2020","09:27:20","2","default","115855972","OXY_CH2","1.760","min","190.443","µmol/L","Humid","21.123","deg","82115","µV","27.624","°C","1016.000","hPa","35.3","pmil","0","53.237","deg","23.954","°C","100.000","%a.s.","21.023","deg","23.635","°C","1019.000","hPa","0.861","-0.02617","0.00035","0","0","13.56","Humid","28.00","0","54.00","365046.23","SABD0000000001","AAV1.0.0.11","1.1.2.0","PSt7-10","170328-007","9/30/2017 19:06:43","0000-00","0","no battery","V"
"09/09/2020","09:27:21","2","default","115855972","OXY_CH2","1.777","min","190.464","µmol/L","Humid","21.122","deg","82120","µV","27.623","°C","1016.000","hPa","35.3","pmil","0","53.237","deg","23.954","°C","100.000","%a.s.","21.023","deg","23.635","°C","1019.000","hPa","0.861","-0.02617","0.00035","0","0","13.56","Humid","28.00","0","54.00","365037.00","SABD0000000001","AAV1.0.0.11","1.1.2.0","PSt7-10","170328-007","9/30/2017 19:06:43","0000-00","0","no battery","V"
"09/09/2020","09:27:22","2","default","115855972","OXY_CH2","1.794","min","190.523","µmol/L","Humid","21.122","deg","82114","µV","27.613","°C","1016.000","hPa","35.3","pmil","0","53.237","deg","23.954","°C","100.000","%a.s.","21.023","deg","23.635","°C","1019.000","hPa","0.861","-0.02617","0.00035","0","0","13.56","Humid","28.00","0","54.00","365041.53","SABD0000000001","AAV1.0.0.11","1.1.2.0","PSt7-10","170328-007","9/30/2017 19:06:43","0000-00","0","no battery","V"
"09/09/2020","09:27:23","2","default","115855972","OXY_CH2","1.810","min","190.456","µmol/L","Humid","21.122","deg","82114","µV","27.624","°C","1016.000","hPa","35.3","pmil","0","53.237","deg","23.954","°C","100.000","%a.s.","21.023","deg","23.635","°C","1019.000","hPa","0.861","-0.02617","0.00035","0","0","13.56","Humid","28.00","0","54.00","365037.97","SABD0000000001","AAV1.0.0.11","1.1.2.0","PSt7-10","170328-007","9/30/2017 19:06:43","0000-00","0","no battery","V"
"09/09/2020","09:27:24","2","default","115855972","OXY_CH2","1.827","min","190.470","µmol/L","Humid","21.122","deg","82117","µV","27.622","°C","1016.000","hPa","35.3","pmil","0","53.237","deg","23.954","°C","100.000","%a.s.","21.023","deg","23.635","°C","1019.000","hPa","0.861","-0.02617","0.00035","0","0","13.56","Humid","28.00","0","54.00","365029.49","SABD0000000001","AAV1.0.0.11","1.1.2.0","PSt7-10","170328-007","9/30/2017 19:06:43","0000-00","0","no battery","V"
"09/09/2020","09:27:25","2","default","115855972","OXY_CH2","1.844","min","190.517","µmol/L","Humid","21.121","deg","82110","µV","27.617","°C","1016.000","hPa","35.3","pmil","0","53.237","deg","23.954","°C","100.000","%a.s.","21.023","deg","23.635","°C","1019.000","hPa","0.861","-0.02617","0.00035","0","0","13.56","Humid","28.00","0","54.00","365026.84","SABD0000000001","AAV1.0.0.11","1.1.2.0","PSt7-10","170328-007","9/30/2017 19:06:43","0000-00","0","no battery","V"
"09/09/2020","09:27:26","2","default","115855972","OXY_CH2","1.861","min","190.501","µmol/L","Humid","21.122","deg","82106","µV","27.616","°C","1016.000","hPa","35.3","pmil","0","53.237","deg","23.954","°C","100.000","%a.s.","21.023","deg","23.635","°C","1019.000","hPa","0.861","-0.02617","0.00035","0","0","13.56","Humid","28.00","0","54.00","365026.24","SABD0000000001","AAV1.0.0.11","1.1.2.0","PSt7-10","170328-007","9/30/2017 19:06:43","0000-00","0","no battery","V"
"09/09/2020","09:27:27","2","default","115855972","OXY_CH2","1.878","min","190.537","µmol/L","Humid","21.118","deg","82116","µV","27.622","°C","1016.000","hPa","35.3","pmil","0","53.237","deg","23.954","°C","100.000","%a.s.","21.023","deg","23.635","°C","1019.000","hPa","0.861","-0.02617","0.00035","0","0","13.56","Humid","28.00","0","54.00","365029.82","SABD0000000001","AAV1.0.0.11","1.1.2.0","PSt7-10","170328-007","9/30/2017 19:06:43","0000-00","0","no battery","V"
"09/09/2020","09:27:28","2","default","115855972","OXY_CH2","1.894","min","190.544","µmol/L","Humid","21.121","deg","82108","µV","27.612","°C","1016.000","hPa","35.3","pmil","0","53.237","deg","23.954","°C","100.000","%a.s.","21.023","deg","23.635","°C","1019.000","hPa","0.861","-0.02617","0.00035","0","0","13.56","Humid","28.00","0","54.00","365018.76","SABD0000000001","AAV1.0.0.11","1.1.2.0","PSt7-10","170328-007","9/30/2017 19:06:43","0000-00","0","no battery","V"
"09/09/2020","09:27:29","2","default","115855972","OXY_CH2","1.911","min","190.410","µmol/L","Humid","21.125","deg","82107","µV","27.623","°C","1016.000","hPa","35.3","pmil","0","53.237","deg","23.954","°C","100.000","%a.s.","21.023","deg","23.635","°C","1019.000","hPa","0.861","-0.02617","0.00035","0","0","13.56","Humid","28.00","0","54.00","365007.02","SABD0000000001","AAV1.0.0.11","1.1.2.0","PSt7-10","170328-007","9/30/2017 19:06:43","0000-00","0","no battery","V"
"09/09/2020","09:27:30","2","default","115855972","OXY_CH2","1.927","min","190.441","µmol/L","Humid","21.119","deg","82112","µV","27.636","°C","1016.000","hPa","35.3","pmil","0","53.237","deg","23.954","°C","100.000","%a.s.","21.023","deg","23.635","°C","1019.000","hPa","0.861","-0.02617","0.00035","0","0","13.56","Humid","28.00","0","54.00","365013.32","SABD0000000001","AAV1.0.0.11","1.1.2.0","PSt7-10","170328-007","9/30/2017 19:06:43","0000-00","0","no battery","V"
"09/09/2020","09:27:31","2","default","115855972","OXY_CH2","1.944","min","190.417","µmol/L","Humid","21.125","deg","82107","µV","27.622","°C","1016.000","hPa","35.3","pmil","0","53.237","deg","23.954","°C","100.000","%a.s.","21.023","deg","23.635","°C","1019.000","hPa","0.861","-0.02617","0.00035","0","0","13.56","Humid","28.00","0","54.00","365012.98","SABD0000000001","AAV1.0.0.11","1.1.2.0","PSt7-10","170328-007","9/30/2017 19:06:43","0000-00","0","no battery","V"
"09/09/2020","09:27:32","2","default","115855972","OXY_CH2","1.961","min","190.577","µmol/L","Humid","21.117","deg","82107","µV","27.618","°C","1016.000","hPa","35.3","pmil","0","53.237","deg","23.954","°C","100.000","%a.s.","21.023","deg","23.635","°C","1019.000","hPa","0.861","-0.02617","0.00035","0","0","13.56","Humid","28.00","0","54.00","365010.59","SABD0000000001","AAV1.0.0.11","1.1.2.0","PSt7-10","170328-007","9/30/2017 19:06:43","0000-00","0","no battery","V"
"09/09/2020","09:27:33","2","default","115855972","OXY_CH2","1.977","min","190.508","µmol/L","Humid","21.122","deg","82109","µV","27.615","°C","1016.000","hPa","35.3","pmil","0","53.237","deg","23.954","°C","100.000","%a.s.","21.023","deg","23.635","°C","1019.000","hPa","0.861","-0.02617","0.00035","0","0","13.56","Humid","28.00","0","54.00","365025.79","SABD0000000001","AAV1.0.0.11","1.1.2.0","PSt7-10","170328-007","9/30/2017 19:06:43","0000-00","0","no battery","V"
"09/09/2020","09:27:34","2","default","115855972","OXY_CH2","1.994","min","190.582","µmol/L","Humid","21.121","deg","82100","µV","27.606","°C","1016.000","hPa","35.3","pmil","0","53.237","deg","23.954","°C","100.000","%a.s.","21.023","deg","23.635","°C","1019.000","hPa","0.861","-0.02617","0.00035","0","0","13.56","Humid","28.00","0","54.00","365003.47","SABD0000000001","AAV1.0.0.11","1.1.2.0","PSt7-10","170328-007","9/30/2017 19:06:43","0000-00","0","no battery","V"
"09/09/2020","09:27:35","2","default","115855972","OXY_CH2","2.010","min","190.477","µmol/L","Humid","21.121","deg","82095","µV","27.624","°C","1016.000","hPa","35.3","pmil","0","53.237","deg","23.954","°C","100.000","%a.s.","21.023","deg","23.635","°C","1019.000","hPa","0.861","-0.02617","0.00035","0","0","13.56","Humid","28.00","0","54.00","364994.86","SABD0000000001","AAV1.0.0.11","1.1.2.0","PSt7-10","170328-007","9/30/2017 19:06:43","0000-00","0","no battery","V"
"09/09/2020","09:27:36","2","default","115855972","OXY_CH2","2.027","min","190.588","µmol/L","Humid","21.121","deg","82097","µV","27.604","°C","1016.000","hPa","35.3","pmil","0","53.237","deg","23.954","°C","100.000","%a.s.","21.023","deg","23.635","°C","1019.000","hPa","0.861","-0.02617","0.00035","0","0","13.56","Humid","28.00","0","54.00","364989.77","SABD0000000001","AAV1.0.0.11","1.1.2.0","PSt7-10","170328-007","9/30/2017 19:06:43","0000-00","0","no battery","V"
"09/09/2020","09:27:37","2","default","115855972","OXY_CH2","2.044","min","190.502","µmol/L","Humid","21.121","deg","82097","µV","27.619","°C","1016.000","hPa","35.3","pmil","0","53.237","deg","23.954","°C","100.000","%a.s.","21.023","deg","23.635","°C","1019.000","hPa","0.861","-0.02617","0.00035","0","0","13.56","Humid","28.00","0","54.00","364985.07","SABD0000000001","AAV1.0.0.11","1.1.2.0","PSt7-10","170328-007","9/30/2017 19:06:43","0000-00","0","no battery","V"
"09/09/2020","09:27:38","2","default","115855972","OXY_CH2","2.061","min","190.471","µmol/L","Humid","21.121","deg","82095","µV","27.625","°C","1016.000","hPa","35.3","pmil","0","53.237","deg","23.954","°C","100.000","%a.s.","21.023","deg","23.635","°C","1019.000","hPa","0.861","-0.02617","0.00035","0","0","13.56","Humid","28.00","0","54.00","364997.41","SABD0000000001","AAV1.0.0.11","1.1.2.0","PSt7-10","170328-007","9/30/2017 19:06:43","0000-00","0","no battery","V"
"09/09/2020","09:27:39","2","default","115855972","OXY_CH2","2.077","min","190.436","µmol/L","Humid","21.118","deg","82094","µV","27.640","°C","1016.000","hPa","35.3","pmil","0","53.237","deg","23.954","°C","100.000","%a.s.","21.023","deg","23.635","°C","1019.000","hPa","0.861","-0.02617","0.00035","0","0","13.56","Humid","28.00","0","54.00","364981.85","SABD0000000001","AAV1.0.0.11","1.1.2.0","PSt7-10","170328-007","9/30/2017 19:06:43","0000-00","0","no battery","V"
"09/09/2020","09:27:40","2","default","115855972","OXY_CH2","2.094","min","190.360","µmol/L","Humid","21.122","deg","82090","µV","27.641","°C","1016.000","hPa","35.3","pmil","0","53.237","deg","23.954","°C","100.000","%a.s.","21.023","deg","23.635","°C","1019.000","hPa","0.861","-0.02617","0.00035","0","0","13.56","Humid","28.00","0","54.00","364992.41","SABD0000000001","AAV1.0.0.11","1.1.2.0","PSt7-10","170328-007","9/30/2017 19:06:43","0000-00","0","no battery","V"
"09/09/2020","09:27:41","2","default","115855972","OXY_CH2","2.110","min","190.338","µmol/L","Humid","21.125","deg","82093","µV","27.636","°C","1016.000","hPa","35.3","pmil","0","53.237","deg","23.954","°C","100.000","%a.s.","21.023","deg","23.635","°C","1019.000","hPa","0.861","-0.02617","0.00035","0","0","13.56","Humid","28.00","0","54.00","364967.20","SABD0000000001","AAV1.0.0.11","1.1.2.0","PSt7-10","170328-007","9/30/2017 19:06:43","0000-00","0","no battery","V"
"09/09/2020","09:27:42","2","default","115855972","OXY_CH2","2.127","min","190.361","µmol/L","Humid","21.125","deg","82087","µV","27.632","°C","1016.000","hPa","35.3","pmil","0","53.237","deg","23.954","°C","100.000","%a.s.","21.023","deg","23.635","°C","1019.000","hPa","0.861","-0.02617","0.00035","0","0","13.56","Humid","28.00","0","54.00","364976.21","SABD0000000001","AAV1.0.0.11","1.1.2.0","PSt7-10","170328-007","9/30/2017 19:06:43","0000-00","0","no battery","V"
"09/09/2020","09:27:43","2","default","115855972","OXY_CH2","2.144","min","190.490","µmol/L","Humid","21.117","deg","82086","µV","27.633","°C","1016.000","hPa","35.3","pmil","0","53.237","deg","23.954","°C","100.000","%a.s.","21.023","deg","23.635","°C","1019.000","hPa","0.861","-0.02617","0.00035","0","0","13.56","Humid","28.00","0","54.00","364973.58","SABD0000000001","AAV1.0.0.11","1.1.2.0","PSt7-10","170328-007","9/30/2017 19:06:43","0000-00","0","no battery","V"
"09/09/2020","09:27:44","2","default","115855972","OXY_CH2","2.161","min","190.487","µmol/L","Humid","21.117","deg","82088","µV","27.634","°C","1016.000","hPa","35.3","pmil","0","53.237","deg","23.954","°C","100.000","%a.s.","21.023","deg","23.635","°C","1019.000","hPa","0.861","-0.02617","0.00035","0","0","13.56","Humid","28.00","0","54.00","364966.79","SABD0000000001","AAV1.0.0.11","1.1.2.0","PSt7-10","170328-007","9/30/2017 19:06:43","0000-00","0","no battery","V"
"09/09/2020","09:27:45","2","default","115855972","OXY_CH2","2.178","min","190.452","µmol/L","Humid","21.115","deg","82083","µV","27.646","°C","1016.000","hPa","35.3","pmil","0","53.237","deg","23.954","°C","100.000","%a.s.","21.023","deg","23.635","°C","1019.000","hPa","0.861","-0.02617","0.00035","0","0","13.56","Humid","28.00","0","54.00","364963.40","SABD0000000001","AAV1.0.0.11","1.1.2.0","PSt7-10","170328-007","9/30/2017 19:06:43","0000-00","0","no battery","V"
"09/09/2020","09:27:46","2","default","115855972","OXY_CH2","2.194","min","190.457","µmol/L","Humid","21.119","deg","82086","µV","27.633","°C","1016.000","hPa","35.3","pmil","0","53.237","deg","23.954","°C","100.000","%a.s.","21.023","deg","23.635","°C","1019.000","hPa","0.861","-0.02617","0.00035","0","0","13.56","Humid","28.00","0","54.00","364960.58","SABD0000000001","AAV1.0.0.11","1.1.2.0","PSt7-10","170328-007","9/30/2017 19:06:43","0000-00","0","no battery","V"
"09/09/2020","09:27:47","2","default","115855972","OXY_CH2","2.210","min","190.394","µmol/L","Humid","21.121","deg","82077","µV","27.638","°C","1016.000","hPa","35.3","pmil","0","53.237","deg","23.954","°C","100.000","%a.s.","21.023","deg","23.635","°C","1019.000","hPa","0.861","-0.02617","0.00035","0","0","13.56","Humid","28.00","0","54.00","364946.29","SABD0000000001","AAV1.0.0.11","1.1.2.0","PSt7-10","170328-007","9/30/2017 19:06:43","0000-00","0","no battery","V"
"09/09/2020","09:27:48","2","default","115855972","OXY_CH2","2.227","min","190.483","µmol/L","Humid","21.116","deg","82080","µV","27.638","°C","1016.000","hPa","35.3","pmil","0","53.237","deg","23.954","°C","100.000","%a.s.","21.023","deg","23.635","°C","1019.000","hPa","0.861","-0.02617","0.00035","0","0","13.56","Humid","28.00","0","54.00","364963.62","SABD0000000001","AAV1.0.0.11","1.1.2.0","PSt7-10","170328-007","9/30/2017 19:06:43","0000-00","0","no battery","V"
"09/09/2020","09:27:49","2","default","115855972","OXY_CH2","2.244","min","190.459","µmol/L","Humid","21.117","deg","82086","µV","27.639","°C","1016.000","hPa","35.3","pmil","0","53.237","deg","23.954","°C","100.000","%a.s.","21.023","deg","23.635","°C","1019.000","hPa","0.861","-0.02617","0.00035","0","0","13.56","Humid","28.00","0","54.00","364949.48","SABD0000000001","AAV1.0.0.11","1.1.2.0","PSt7-10","170328-007","9/30/2017 19:06:43","0000-00","0","no battery","V"
"09/09/2020","09:27:50","2","default","115855972","OXY_CH2","2.260","min","190.415","µmol/L","Humid","21.121","deg","82075","µV","27.634","°C","1016.000","hPa","35.3","pmil","0","53.237","deg","23.954","°C","100.000","%a.s.","21.023","deg","23.635","°C","1019.000","hPa","0.861","-0.02617","0.00035","0","0","13.56","Humid","28.00","0","54.00","364949.70","SABD0000000001","AAV1.0.0.11","1.1.2.0","PSt7-10","170328-007","9/30/2017 19:06:43","0000-00","0","no battery","V"
"09/09/2020","09:27:51","2","default","115855972","OXY_CH2","2.277","min","190.418","µmol/L","Humid","21.119","deg","82077","µV","27.640","°C","1016.000","hPa","35.3","pmil","0","53.237","deg","23.954","°C","100.000","%a.s.","21.023","deg","23.635","°C","1019.000","hPa","0.861","-0.02617","0.00035","0","0","13.56","Humid","28.00","0","54.00","364944.34","SABD0000000001","AAV1.0.0.11","1.1.2.0","PSt7-10","170328-007","9/30/2017 19:06:43","0000-00","0","no battery","V"
"09/09/2020","09:27:52","2","default","115855972","OXY_CH2","2.294","min","190.472","µmol/L","Humid","21.117","deg","82070","µV","27.636","°C","1016.000","hPa","35.3","pmil","0","53.237","deg","23.954","°C","100.000","%a.s.","21.023","deg","23.635","°C","1019.000","hPa","0.861","-0.02617","0.00035","0","0","13.56","Humid","28.00","0","54.00","364943.46","SABD0000000001","AAV1.0.0.11","1.1.2.0","PSt7-10","170328-007","9/30/2017 19:06:43","0000-00","0","no battery","V"
"09/09/2020","09:27:53","2","default","115855972","OXY_CH2","2.310","min","190.509","µmol/L","Humid","21.118","deg","82074","µV","27.627","°C","1016.000","hPa","35.3","pmil","0","53.237","deg","23.954","°C","100.000","%a.s.","21.023","deg","23.635","°C","1019.000","hPa","0.861","-0.02617","0.00035","0","0","13.56","Humid","28.00","0","54.00","364941.48","SABD0000000001","AAV1.0.0.11","1.1.2.0","PSt7-10","170328-007","9/30/2017 19:06:43","0000-00","0","no battery","V"
"09/09/2020","09:27:54","2","default","115855972","OXY_CH2","2.327","min","190.448","µmol/L","Humid","21.120","deg","82076","µV","27.632","°C","1016.000","hPa","35.3","pmil","0","53.237","deg","23.954","°C","100.000","%a.s.","21.023","deg","23.635","°C","1019.000","hPa","0.861","-0.02617","0.00035","0","0","13.56","Humid","28.00","0","54.00","364942.23","SABD0000000001","AAV1.0.0.11","1.1.2.0","PSt7-10","170328-007","9/30/2017 19:06:43","0000-00","0","no battery","V"
"09/09/2020","09:27:55","2","default","115855972","OXY_CH2","2.344","min","190.386","µmol/L","Humid","21.123","deg","82074","µV","27.633","°C","1016.000","hPa","35.3","pmil","0","53.237","deg","23.954","°C","100.000","%a.s.","21.023","deg","23.635","°C","1019.000","hPa","0.861","-0.02617","0.00035","0","0","13.56","Humid","28.00","0","54.00","364942.38","SABD0000000001","AAV1.0.0.11","1.1.2.0","PSt7-10","170328-007","9/30/2017 19:06:43","0000-00","0","no battery","V"
"09/09/2020","09:27:56","2","default","115855972","OXY_CH2","2.361","min","190.355","µmol/L","Humid","21.123","deg","82077","µV","27.639","°C","1016.000","hPa","35.3","pmil","0","53.237","deg","23.954","°C","100.000","%a.s.","21.023","deg","23.635","°C","1019.000","hPa","0.861","-0.02617","0.00035","0","0","13.56","Humid","28.00","0","54.00","364949.31","SABD0000000001","AAV1.0.0.11","1.1.2.0","PSt7-10","170328-007","9/30/2017 19:06:43","0000-00","0","no battery","V"
"09/09/2020","09:27:57","2","default","115855972","OXY_CH2","2.377","min","190.253","µmol/L","Humid","21.124","deg","82065","µV","27.653","°C","1016.000","hPa","35.3","pmil","0","53.237","deg","23.954","°C","100.000","%a.s.","21.023","deg","23.635","°C","1019.000","hPa","0.861","-0.02617","0.00035","0","0","13.56","Humid","28.00","0","54.00","364920.12","SABD0000000001","AAV1.0.0.11","1.1.2.0","PSt7-10","170328-007","9/30/2017 19:06:43","0000-00","0","no battery","V"
"09/09/2020","09:27:58","2","default","115855972","OXY_CH2","2.394","min","190.293","µmol/L","Humid","21.122","deg","82065","µV","27.653","°C","1016.000","hPa","35.3","pmil","0","53.237","deg","23.954","°C","100.000","%a.s.","21.023","deg","23.635","°C","1019.000","hPa","0.861","-0.02617","0.00035","0","0","13.56","Humid","28.00","0","54.00","364936.57","SABD0000000001","AAV1.0.0.11","1.1.2.0","PSt7-10","170328-007","9/30/2017 19:06:43","0000-00","0","no battery","V"
"09/09/2020","09:27:59","2","default","115855972","OXY_CH2","2.411","min","190.384","µmol/L","Humid","21.119","deg","82072","µV","27.646","°C","1016.000","hPa","35.3","pmil","0","53.237","deg","23.954","°C","100.000","%a.s.","21.023","deg","23.635","°C","1019.000","hPa","0.861","-0.02617","0.00035","0","0","13.56","Humid","28.00","0","54.00","364932.03","SABD0000000001","AAV1.0.0.11","1.1.2.0","PSt7-10","170328-007","9/30/2017 19:06:43","0000-00","0","no battery","V"
"09/09/2020","09:28:00","2","default","115855972","OXY_CH2","2.427","min","190.363","µmol/L","Humid","21.117","deg","82061","µV","27.655","°C","1016.000","hPa","35.3","pmil","0","53.237","deg","23.954","°C","100.000","%a.s.","21.023","deg","23.635","°C","1019.000","hPa","0.861","-0.02617","0.00035","0","0","13.56","Humid","28.00","0","54.00","364917.21","SABD0000000001","AAV1.0.0.11","1.1.2.0","PSt7-10","170328-007","9/30/2017 19:06:43","0000-00","0","no battery","V"
"09/09/2020","09:28:01","2","default","115855972","OXY_CH2","2.444","min","190.401","µmol/L","Humid","21.115","deg","82060","µV","27.655","°C","1016.000","hPa","35.3","pmil","0","53.237","deg","23.954","°C","100.000","%a.s.","21.023","deg","23.635","°C","1019.000","hPa","0.861","-0.02617","0.00035","0","0","13.56","Humid","28.00","0","54.00","364917.39","SABD0000000001","AAV1.0.0.11","1.1.2.0","PSt7-10","170328-007","9/30/2017 19:06:43","0000-00","0","no battery","V"
"09/09/2020","09:28:02","2","default","115855972","OXY_CH2","2.460","min","190.370","µmol/L","Humid","21.119","deg","82062","µV","27.648","°C","1016.000","hPa","35.3","pmil","0","53.237","deg","23.954","°C","100.000","%a.s.","21.023","deg","23.635","°C","1019.000","hPa","0.861","-0.02617","0.00035","0","0","13.56","Humid","28.00","0","54.00","364917.74","SABD0000000001","AAV1.0.0.11","1.1.2.0","PSt7-10","170328-007","9/30/2017 19:06:43","0000-00","0","no battery","V"
"09/09/2020","09:28:03","2","default","115855972","OXY_CH2","2.477","min","190.228","µmol/L","Humid","21.125","deg","82061","µV","27.655","°C","1016.000","hPa","35.3","pmil","0","53.237","deg","23.954","°C","100.000","%a.s.","21.023","deg","23.635","°C","1019.000","hPa","0.861","-0.02617","0.00035","0","0","13.56","Humid","28.00","0","54.00","364912.77","SABD0000000001","AAV1.0.0.11","1.1.2.0","PSt7-10","170328-007","9/30/2017 19:06:43","0000-00","0","no battery","V"
"09/09/2020","09:28:04","2","default","115855972","OXY_CH2","2.494","min","190.396","µmol/L","Humid","21.117","deg","82050","µV","27.650","°C","1016.000","hPa","35.3","pmil","0","53.237","deg","23.954","°C","100.000","%a.s.","21.023","deg","23.635","°C","1019.000","hPa","0.861","-0.02617","0.00035","0","0","13.56","Humid","28.00","0","54.00","364910.35","SABD0000000001","AAV1.0.0.11","1.1.2.0","PSt7-10","170328-007","9/30/2017 19:06:43","0000-00","0","no battery","V"
"09/09/2020","09:28:05","2","default","115855972","OXY_CH2","2.511","min","190.316","µmol/L","Humid","21.121","deg","82057","µV","27.652","°C","1016.000","hPa","35.3","pmil","0","53.237","deg","23.954","°C","100.000","%a.s.","21.023","deg","23.635","°C","1019.000","hPa","0.861","-0.02617","0.00035","0","0","13.56","Humid","28.00","0","54.00","364899.11","SABD0000000001","AAV1.0.0.11","1.1.2.0","PSt7-10","170328-007","9/30/2017 19:06:43","0000-00","0","no battery","V"
"09/09/2020","09:28:06","2","default","115855972","OXY_CH2","2.528","min","190.402","µmol/L","Humid","21.115","deg","82052","µV","27.654","°C","1016.000","hPa","35.3","pmil","0","53.237","deg","23.954","°C","100.000","%a.s.","21.023","deg","23.635","°C","1019.000","hPa","0.861","-0.02617","0.00035","0","0","13.56","Humid","28.00","0","54.00","364898.13","SABD0000000001","AAV1.0.0.11","1.1.2.0","PSt7-10","170328-007","9/30/2017 19:06:43","0000-00","0","no battery","V"
"09/09/2020","09:28:07","2","default","115855972","OXY_CH2","2.544","min","190.385","µmol/L","Humid","21.121","deg","82055","µV","27.640","°C","1016.000","hPa","35.3","pmil","0","53.237","deg","23.954","°C","100.000","%a.s.","21.023","deg","23.635","°C","1019.000","hPa","0.861","-0.02617","0.00035","0","0","13.56","Humid","28.00","0","54.00","364910.68","SABD0000000001","AAV1.0.0.11","1.1.2.0","PSt7-10","170328-007","9/30/2017 19:06:43","0000-00","0","no battery","V"
"09/09/2020","09:28:08","2","default","115855972","OXY_CH2","2.560","min","190.313","µmol/L","Humid","21.116","deg","82053","µV","27.667","°C","1016.000","hPa","35.3","pmil","0","53.237","deg","23.954","°C","100.000","%a.s.","21.023","deg","23.635","°C","1019.000","hPa","0.861","-0.02617","0.00035","0","0","13.56","Humid","28.00","0","54.00","364907.00","SABD0000000001","AAV1.0.0.11","1.1.2.0","PSt7-10","170328-007","9/30/2017 19:06:43","0000-00","0","no battery","V"
"09/09/2020","09:28:09","2","default","115855972","OXY_CH2","2.577","min","190.383","µmol/L","Humid","21.117","deg","82056","µV","27.652","°C","1016.000","hPa","35.3","pmil","0","53.237","deg","23.954","°C","100.000","%a.s.","21.023","deg","23.635","°C","1019.000","hPa","0.861","-0.02617","0.00035","0","0","13.56","Humid","28.00","0","54.00","364914.97","SABD0000000001","AAV1.0.0.11","1.1.2.0","PSt7-10","170328-007","9/30/2017 19:06:43","0000-00","0","no battery","V"
"09/09/2020","09:28:10","2","default","115855972","OXY_CH2","2.594","min","190.351","µmol/L","Humid","21.117","deg","82041","µV","27.657","°C","1016.000","hPa","35.3","pmil","0","53.237","deg","23.954","°C","100.000","%a.s.","21.023","deg","23.635","°C","1019.000","hPa","0.861","-0.02617","0.00035","0","0","13.56","Humid","28.00","0","54.00","364893.40","SABD0000000001","AAV1.0.0.11","1.1.2.0","PSt7-10","170328-007","9/30/2017 19:06:43","0000-00","0","no battery","V"
"09/09/2020","09:28:11","2","default","115855972","OXY_CH2","2.611","min","190.391","µmol/L","Humid","21.114","deg","82046","µV","27.659","°C","1016.000","hPa","35.3","pmil","0","53.237","deg","23.954","°C","100.000","%a.s.","21.023","deg","23.635","°C","1019.000","hPa","0.861","-0.02617","0.00035","0","0","13.56","Humid","28.00","0","54.00","364888.71","SABD0000000001","AAV1.0.0.11","1.1.2.0","PSt7-10","170328-007","9/30/2017 19:06:43","0000-00","0","no battery","V"
"09/09/2020","09:28:12","2","default","115855972","OXY_CH2","2.627","min","190.310","µmol/L","Humid","21.117","deg","82039","µV","27.664","°C","1016.000","hPa","35.3","pmil","0","53.237","deg","23.954","°C","100.000","%a.s.","21.023","deg","23.635","°C","1019.000","hPa","0.861","-0.02617","0.00035","0","0","13.56","Humid","28.00","0","54.00","364887.68","SABD0000000001","AAV1.0.0.11","1.1.2.0","PSt7-10","170328-007","9/30/2017 19:06:43","0000-00","0","no battery","V"
"09/09/2020","09:28:13","2","default","115855972","OXY_CH2","2.644","min","190.435","µmol/L","Humid","21.117","deg","82043","µV","27.643","°C","1016.000","hPa","35.3","pmil","0","53.237","deg","23.954","°C","100.000","%a.s.","21.023","deg","23.635","°C","1019.000","hPa","0.861","-0.02617","0.00035","0","0","13.56","Humid","28.00","0","54.00","364879.80","SABD0000000001","AAV1.0.0.11","1.1.2.0","PSt7-10","170328-007","9/30/2017 19:06:43","0000-00","0","no battery","V"
"09/09/2020","09:28:14","2","default","115855972","OXY_CH2","2.660","min","190.359","µmol/L","Humid","21.118","deg","82041","µV","27.653","°C","1016.000","hPa","35.3","pmil","0","53.237","deg","23.954","°C","100.000","%a.s.","21.023","deg","23.635","°C","1019.000","hPa","0.861","-0.02617","0.00035","0","0","13.56","Humid","28.00","0","54.00","364874.50","SABD0000000001","AAV1.0.0.11","1.1.2.0","PSt7-10","170328-007","9/30/2017 19:06:43","0000-00","0","no battery","V"
"09/09/2020","09:28:15","2","default","115855972","OXY_CH2","2.677","min","190.376","µmol/L","Humid","21.117","deg","82039","µV","27.653","°C","1016.000","hPa","35.3","pmil","0","53.237","deg","23.954","°C","100.000","%a.s.","21.023","deg","23.635","°C","1019.000","hPa","0.861","-0.02617","0.00035","0","0","13.56","Humid","28.00","0","54.00","364886.62","SABD0000000001","AAV1.0.0.11","1.1.2.0","PSt7-10","170328-007","9/30/2017 19:06:43","0000-00","0","no battery","V"
"09/09/2020","09:28:16","2","default","115855972","OXY_CH2","2.694","min","190.226","µmol/L","Humid","21.119","deg","82034","µV","27.673","°C","1016.000","hPa","35.3","pmil","0","53.237","deg","23.954","°C","100.000","%a.s.","21.023","deg","23.635","°C","1019.000","hPa","0.861","-0.02617","0.00035","0","0","13.56","Humid","28.00","0","54.00","364864.67","SABD0000000001","AAV1.0.0.11","1.1.2.0","PSt7-10","170328-007","9/30/2017 19:06:43","0000-00","0","no battery","V"
"09/09/2020","09:28:17","2","default","115855972","OXY_CH2","2.710","min","190.096","µmol/L","Humid","21.119","deg","82027","µV","27.696","°C","1016.000","hPa","35.3","pmil","0","53.237","deg","23.954","°C","100.000","%a.s.","21.023","deg","23.635","°C","1019.000","hPa","0.861","-0.02617","0.00035","0","0","13.56","Humid","28.00","0","54.00","364872.66","SABD0000000001","AAV1.0.0.11","1.1.2.0","PSt7-10","170328-007","9/30/2017 19:06:43","0000-00","0","no battery","V"
"09/09/2020","09:28:18","2","default","115855972","OXY_CH2","2.727","min","190.171","µmol/L","Humid","21.117","deg","82039","µV","27.689","°C","1016.000","hPa","35.3","pmil","0","53.237","deg","23.954","°C","100.000","%a.s.","21.023","deg","23.635","°C","1019.000","hPa","0.861","-0.02617","0.00035","0","0","13.56","Humid","28.00","0","54.00","364876.17","SABD0000000001","AAV1.0.0.11","1.1.2.0","PSt7-10","170328-007","9/30/2017 19:06:43","0000-00","0","no battery","V"
"09/09/2020","09:28:19","2","default","115855972","OXY_CH2","2.744","min","190.248","µmol/L","Humid","21.118","deg","82034","µV","27.672","°C","1016.000","hPa","35.3","pmil","0","53.237","deg","23.954","°C","100.000","%a.s.","21.023","deg","23.635","°C","1019.000","hPa","0.861","-0.02617","0.00035","0","0","13.56","Humid","28.00","0","54.00","364881.67","SABD0000000001","AAV1.0.0.11","1.1.2.0","PSt7-10","170328-007","9/30/2017 19:06:43","0000-00","0","no battery","V"
"09/09/2020","09:28:20","2","default","115855972","OXY_CH2","2.760","min","190.330","µmol/L","Humid","21.117","deg","82041","µV","27.661","°C","1016.000","hPa","35.3","pmil","0","53.237","deg","23.954","°C","100.000","%a.s.","21.023","deg","23.635","°C","1019.000","hPa","0.861","-0.02617","0.00035","0","0","13.56","Humid","28.00","0","54.00","364866.40","SABD0000000001","AAV1.0.0.11","1.1.2.0","PSt7-10","170328-007","9/30/2017 19:06:43","0000-00","0","no battery","V"
"09/09/2020","09:28:21","2","default","115855972","OXY_CH2","2.777","min","190.214","µmol/L","Humid","21.118","deg","82033","µV","27.678","°C","1016.000","hPa","35.3","pmil","0","53.237","deg","23.954","°C","100.000","%a.s.","21.023","deg","23.635","°C","1019.000","hPa","0.861","-0.02617","0.00035","0","0","13.56","Humid","28.00","0","54.00","364869.38","SABD0000000001","AAV1.0.0.11","1.1.2.0","PSt7-10","170328-007","9/30/2017 19:06:43","0000-00","0","no battery","V"
"09/09/2020","09:28:22","2","default","115855972","OXY_CH2","2.794","min","190.272","µmol/L","Humid","21.116","deg","82028","µV","27.674","°C","1016.000","hPa","35.3","pmil","0","53.237","deg","23.954","°C","100.000","%a.s.","21.023","deg","23.635","°C","1019.000","hPa","0.861","-0.02617","0.00035","0","0","13.56","Humid","28.00","0","54.00","364867.80","SABD0000000001","AAV1.0.0.11","1.1.2.0","PSt7-10","170328-007","9/30/2017 19:06:43","0000-00","0","no battery","V"
"09/09/2020","09:28:23","2","default","115855972","OXY_CH2","2.810","min","190.359","µmol/L","Humid","21.114","deg","82034","µV","27.665","°C","1016.000","hPa","35.3","pmil","0","53.237","deg","23.954","°C","100.000","%a.s.","21.023","deg","23.635","°C","1019.000","hPa","0.861","-0.02617","0.00035","0","0","13.56","Humid","28.00","0","54.00","364860.99","SABD0000000001","AAV1.0.0.11","1.1.2.0","PSt7-10","170328-007","9/30/2017 19:06:43","0000-00","0","no battery","V"
"09/09/2020","09:28:24","2","default","115855972","OXY_CH2","2.828","min","190.323","µmol/L","Humid","21.118","deg","82033","µV","27.659","°C","1016.000","hPa","35.3","pmil","0","53.237","deg","23.954","°C","100.000","%a.s.","21.023","deg","23.635","°C","1019.000","hPa","0.861","-0.02617","0.00035","0","0","13.56","Humid","28.00","0","54.00","364871.32","SABD0000000001","AAV1.0.0.11","1.1.2.0","PSt7-10","170328-007","9/30/2017 19:06:43","0000-00","0","no battery","V"
"09/09/2020","09:28:25","2","default","115855972","OXY_CH2","2.844","min","190.349","µmol/L","Humid","21.116","deg","82035","µV","27.661","°C","1016.000","hPa","35.3","pmil","0","53.237","deg","23.954","°C","100.000","%a.s.","21.023","deg","23.635","°C","1019.000","hPa","0.861","-0.02617","0.00035","0","0","13.56","Humid","28.00","0","54.00","364861.16","SABD0000000001","AAV1.0.0.11","1.1.2.0","PSt7-10","170328-007","9/30/2017 19:06:43","0000-00","0","no battery","V"
"09/09/2020","09:28:26","2","default","115855972","OXY_CH2","2.860","min","190.376","µmol/L","Humid","21.112","deg","82028","µV","27.668","°C","1016.000","hPa","35.3","pmil","0","53.237","deg","23.954","°C","100.000","%a.s.","21.023","deg","23.635","°C","1019.000","hPa","0.861","-0.02617","0.00035","0","0","13.56","Humid","28.00","0","54.00","364853.68","SABD0000000001","AAV1.0.0.11","1.1.2.0","PSt7-10","170328-007","9/30/2017 19:06:43","0000-00","0","no battery","V"
"09/09/2020","09:28:27","2","default","115855972","OXY_CH2","2.877","min","190.161","µmol/L","Humid","21.118","deg","82024","µV","27.687","°C","1016.000","hPa","35.3","pmil","0","53.237","deg","23.954","°C","100.000","%a.s.","21.023","deg","23.635","°C","1019.000","hPa","0.861","-0.02617","0.00035","0","0","13.56","Humid","28.00","0","54.00","364847.26","SABD0000000001","AAV1.0.0.11","1.1.2.0","PSt7-10","170328-007","9/30/2017 19:06:43","0000-00","0","no battery","V"
"09/09/2020","09:28:28","2","default","115855972","OXY_CH2","2.894","min","190.293","µmol/L","Humid","21.115","deg","82025","µV","27.673","°C","1016.000","hPa","35.3","pmil","0","53.237","deg","23.954","°C","100.000","%a.s.","21.023","deg","23.635","°C","1019.000","hPa","0.861","-0.02617","0.00035","0","0","13.56","Humid","28.00","0","54.00","364862.59","SABD0000000001","AAV1.0.0.11","1.1.2.0","PSt7-10","170328-007","9/30/2017 19:06:43","0000-00","0","no battery","V"
"09/09/2020","09:28:29","2","default","115855972","OXY_CH2","2.910","min","190.392","µmol/L","Humid","21.112","deg","82017","µV","27.665","°C","1016.000","hPa","35.3","pmil","0","53.237","deg","23.954","°C","100.000","%a.s.","21.023","deg","23.635","°C","1019.000","hPa","0.861","-0.02617","0.00035","0","0","13.56","Humid","28.00","0","54.00","364842.63","SABD0000000001","AAV1.0.0.11","1.1.2.0","PSt7-10","170328-007","9/30/2017 19:06:43","0000-00","0","no battery","V"
"09/09/2020","09:28:30","2","default","115855972","OXY_CH2","2.927","min","190.326","µmol/L","Humid","21.117","deg","82029","µV","27.662","°C","1016.000","hPa","35.3","pmil","0","53.237","deg","23.954","°C","100.000","%a.s.","21.023","deg","23.635","°C","1019.000","hPa","0.861","-0.02617","0.00035","0","0","13.56","Humid","28.00","0","54.00","364848.32","SABD0000000001","AAV1.0.0.11","1.1.2.0","PSt7-10","170328-007","9/30/2017 19:06:43","0000-00","0","no battery","V"
"09/09/2020","09:28:31","2","default","115855972","OXY_CH2","2.944","min","190.271","µmol/L","Humid","21.116","deg","82024","µV","27.674","°C","1016.000","hPa","35.3","pmil","0","53.237","deg","23.954","°C","100.000","%a.s.","21.023","deg","23.635","°C","1019.000","hPa","0.861","-0.02617","0.00035","0","0","13.56","Humid","28.00","0","54.00","364839.59","SABD0000000001","AAV1.0.0.11","1.1.2.0","PSt7-10","170328-007","9/30/2017 19:06:43","0000-00","0","no battery","V"
"09/09/2020","09:28:32","2","default","115855972","OXY_CH2","2.960","min","190.226","µmol/L","Humid","21.115","deg","82017","µV","27.685","°C","1016.000","hPa","35.3","pmil","0","53.237","deg","23.954","°C","100.000","%a.s.","21.023","deg","23.635","°C","1019.000","hPa","0.861","-0.02617","0.00035","0","0","13.56","Humid","28.00","0","54.00","364823.05","SABD0000000001","AAV1.0.0.11","1.1.2.0","PSt7-10","170328-007","9/30/2017 19:06:43","0000-00","0","no battery","V"
"09/09/2020","09:28:33","2","default","115855972","OXY_CH2","2.977","min","190.315","µmol/L","Humid","21.114","deg","82019","µV","27.672","°C","1016.000","hPa","35.3","pmil","0","53.237","deg","23.954","°C","100.000","%a.s.","21.023","deg","23.635","°C","1019.000","hPa","0.861","-0.02617","0.00035","0","0","13.56","Humid","28.00","0","54.00","364829.84","SABD0000000001","AAV1.0.0.11","1.1.2.0","PSt7-10","170328-007","9/30/2017 19:06:43","0000-00","0","no battery","V"
"09/09/2020","09:28:34","2","default","115855972","OXY_CH2","2.994","min","190.210","µmol/L","Humid","21.118","deg","82016","µV","27.679","°C","1016.000","hPa","35.3","pmil","0","53.237","deg","23.954","°C","100.000","%a.s.","21.023","deg","23.635","°C","1019.000","hPa","0.861","-0.02617","0.00035","0","0","13.56","Humid","28.00","0","54.00","364825.81","SABD0000000001","AAV1.0.0.11","1.1.2.0","PSt7-10","170328-007","9/30/2017 19:06:43","0000-00","0","no battery","V"
"09/09/2020","09:28:35","2","default","115855972","OXY_CH2","3.010","min","190.310","µmol/L","Humid","21.118","deg","82014","µV","27.662","°C","1016.000","hPa","35.3","pmil","0","53.237","deg","23.954","°C","100.000","%a.s.","21.023","deg","23.635","°C","1019.000","hPa","0.861","-0.02617","0.00035","0","0","13.56","Humid","28.00","0","54.00","364821.86","SABD0000000001","AAV1.0.0.11","1.1.2.0","PSt7-10","170328-007","9/30/2017 19:06:43","0000-00","0","no battery","V"
"09/09/2020","09:28:36","2","default","115855972","OXY_CH2","3.027","min","190.161","µmol/L","Humid","21.117","deg","82015","µV","27.690","°C","1016.000","hPa","35.3","pmil","0","53.237","deg","23.954","°C","100.000","%a.s.","21.023","deg","23.635","°C","1019.000","hPa","0.861","-0.02617","0.00035","0","0","13.56","Humid","28.00","0","54.00","364834.36","SABD0000000001","AAV1.0.0.11","1.1.2.0","PSt7-10","170328-007","9/30/2017 19:06:43","0000-00","0","no battery","V"
"09/09/2020","09:28:37","2","default","115855972","OXY_CH2","3.044","min","190.178","µmol/L","Humid","21.117","deg","82013","µV","27.687","°C","1016.000","hPa","35.3","pmil","0","53.237","deg","23.954","°C","100.000","%a.s.","21.023","deg","23.635","°C","1019.000","hPa","0.861","-0.02617","0.00035","0","0","13.56","Humid","28.00","0","54.00","364825.03","SABD0000000001","AAV1.0.0.11","1.1.2.0","PSt7-10","170328-007","9/30/2017 19:06:43","0000-00","0","no battery","V"
"09/09/2020","09:28:38","2","default","115855972","OXY_CH2","3.060","min","190.233","µmol/L","Humid","21.112","deg","82023","µV","27.693","°C","1016.000","hPa","35.3","pmil","0","53.237","deg","23.954","°C","100.000","%a.s.","21.023","deg","23.635","°C","1019.000","hPa","0.861","-0.02617","0.00035","0","0","13.56","Humid","28.00","0","54.00","364832.49","SABD0000000001","AAV1.0.0.11","1.1.2.0","PSt7-10","170328-007","9/30/2017 19:06:43","0000-00","0","no battery","V"
"09/09/2020","09:28:39","2","default","115855972","OXY_CH2","3.077","min","190.197","µmol/L","Humid","21.116","deg","82011","µV","27.687","°C","1016.000","hPa","35.3","pmil","0","53.237","deg","23.954","°C","100.000","%a.s.","21.023","deg","23.635","°C","1019.000","hPa","0.861","-0.02617","0.00035","0","0","13.56","Humid","28.00","0","54.00","364818.01","SABD0000000001","AAV1.0.0.11","1.1.2.0","PSt7-10","170328-007","9/30/2017 19:06:43","0000-00","0","no battery","V"
"09/09/2020","09:28:40","2","default","115855972","OXY_CH2","3.094","min","190.211","µmol/L","Humid","21.112","deg","82010","µV","27.696","°C","1016.000","hPa","35.3","pmil","0","53.237","deg","23.954","°C","100.000","%a.s.","21.023","deg","23.635","°C","1019.000","hPa","0.861","-0.02617","0.00035","0","0","13.56","Humid","28.00","0","54.00","364830.31","SABD0000000001","AAV1.0.0.11","1.1.2.0","PSt7-10","170328-007","9/30/2017 19:06:43","0000-00","0","no battery","V"
"09/09/2020","09:28:41","2","default","115855972","OXY_CH2","3.110","min","190.224","µmol/L","Humid","21.112","deg","82008","µV","27.694","°C","1016.000","hPa","35.3","pmil","0","53.237","deg","23.954","°C","100.000","%a.s.","21.023","deg","23.635","°C","1019.000","hPa","0.861","-0.02617","0.00035","0","0","13.56","Humid","28.00","0","54.00","364809.77","SABD0000000001","AAV1.0.0.11","1.1.2.0","PSt7-10","170328-007","9/30/2017 19:06:43","0000-00","0","no battery","V"
"09/09/2020","09:28:42","2","default","115855972","OXY_CH2","3.127","min","190.289","µmol/L","Humid","21.115","deg","82008","µV","27.674","°C","1016.000","hPa","35.3","pmil","0","53.237","deg","23.954","°C","100.000","%a.s.","21.023","deg","23.635","°C","1019.000","hPa","0.861","-0.02617","0.00035","0","0","13.56","Humid","28.00","0","54.00","364819.74","SABD0000000001","AAV1.0.0.11","1.1.2.0","PSt7-10","170328-007","9/30/2017 19:06:43","0000-00","0","no battery","V"
"09/09/2020","09:28:43","2","default","115855972","OXY_CH2","3.144","min","190.268","µmol/L","Humid","21.114","deg","82014","µV","27.681","°C","1016.000","hPa","35.3","pmil","0","53.237","deg","23.954","°C","100.000","%a.s.","21.023","deg","23.635","°C","1019.000","hPa","0.861","-0.02617","0.00035","0","0","13.56","Humid","28.00","0","54.00","364822.16","SABD0000000001","AAV1.0.0.11","1.1.2.0","PSt7-10","170328-007","9/30/2017 19:06:43","0000-00","0","no battery","V"
"09/09/2020","09:28:44","2","default","115855972","OXY_CH2","3.161","min","190.155","µmol/L","Humid","21.120","deg","82009","µV","27.682","°C","1016.000","hPa","35.3","pmil","0","53.237","deg","23.954","°C","100.000","%a.s.","21.023","deg","23.635","°C","1019.000","hPa","0.861","-0.02617","0.00035","0","0","13.56","Humid","28.00","0","54.00","364823.71","SABD0000000001","AAV1.0.0.11","1.1.2.0","PSt7-10","170328-007","9/30/2017 19:06:43","0000-00","0","no battery","V"
"09/09/2020","09:28:45","2","default","115855972","OXY_CH2","3.177","min","190.239","µmol/L","Humid","21.113","deg","82004","µV","27.689","°C","1016.000","hPa","35.3","pmil","0","53.237","deg","23.954","°C","100.000","%a.s.","21.023","deg","23.635","°C","1019.000","hPa","0.861","-0.02617","0.00035","0","0","13.56","Humid","28.00","0","54.00","364812.28","SABD0000000001","AAV1.0.0.11","1.1.2.0","PSt7-10","170328-007","9/30/2017 19:06:43","0000-00","0","no battery","V"
"09/09/2020","09:28:46","2","default","115855972","OXY_CH2","3.194","min","190.199","µmol/L","Humid","21.112","deg","82008","µV","27.698","°C","1016.000","hPa","35.3","pmil","0","53.237","deg","23.954","°C","100.000","%a.s.","21.023","deg","23.635","°C","1019.000","hPa","0.861","-0.02617","0.00035","0","0","13.56","Humid","28.00","0","54.00","364811.08","SABD0000000001","AAV1.0.0.11","1.1.2.0","PSt7-10","170328-007","9/30/2017 19:06:43","0000-00","0","no battery","V"
"09/09/2020","09:28:47","2","default","115855972","OXY_CH2","3.210","min","190.287","µmol/L","Humid","21.113","deg","82004","µV","27.680","°C","1016.000","hPa","35.3","pmil","0","53.237","deg","23.954","°C","100.000","%a.s.","21.023","deg","23.635","°C","1019.000","hPa","0.861","-0.02617","0.00035","0","0","13.56","Humid","28.00","0","54.00","364798.45","SABD0000000001","AAV1.0.0.11","1.1.2.0","PSt7-10","170328-007","9/30/2017 19:06:43","0000-00","0","no battery","V"
"09/09/2020","09:28:48","2","default","115855972","OXY_CH2","3.227","min","190.214","µmol/L","Humid","21.115","deg","81998","µV","27.687","°C","1016.000","hPa","35.3","pmil","0","53.237","deg","23.954","°C","100.000","%a.s.","21.023","deg","23.635","°C","1019.000","hPa","0.861","-0.02617","0.00035","0","0","13.56","Humid","28.00","0","54.00","364779.52","SABD0000000001","AAV1.0.0.11","1.1.2.0","PSt7-10","170328-007","9/30/2017 19:06:43","0000-00","0","no battery","V"
"09/09/2020","09:28:49","2","default","115855972","OXY_CH2","3.244","min","190.256","µmol/L","Humid","21.109","deg","82000","µV","27.697","°C","1016.000","hPa","35.3","pmil","0","53.237","deg","23.954","°C","100.000","%a.s.","21.023","deg","23.635","°C","1019.000","hPa","0.861","-0.02617","0.00035","0","0","13.56","Humid","28.00","0","54.00","364779.80","SABD0000000001","AAV1.0.0.11","1.1.2.0","PSt7-10","170328-007","9/30/2017 19:06:43","0000-00","0","no battery","V"
"09/09/2020","09:28:50","2","default","115855972","OXY_CH2","3.261","min","190.080","µmol/L","Humid","21.117","deg","81999","µV","27.704","°C","1016.000","hPa","35.3","pmil","0","53.237","deg","23.954","°C","100.000","%a.s.","21.023","deg","23.635","°C","1019.000","hPa","0.861","-0.02617","0.00035","0","0","13.56","Humid","28.00","0","54.00","364797.00","SABD0000000001","AAV1.0.0.11","1.1.2.0","PSt7-10","170328-007","9/30/2017 19:06:43","0000-00","0","no battery","V"
"09/09/2020","09:28:51","2","default","115855972","OXY_CH2","3.278","min","190.160","µmol/L","Humid","21.112","deg","81997","µV","27.705","°C","1016.000","hPa","35.3","pmil","0","53.237","deg","23.954","°C","100.000","%a.s.","21.023","deg","23.635","°C","1019.000","hPa","0.861","-0.02617","0.00035","0","0","13.56","Humid","28.00","0","54.00","364779.54","SABD0000000001","AAV1.0.0.11","1.1.2.0","PSt7-10","170328-007","9/30/2017 19:06:43","0000-00","0","no battery","V"
"09/09/2020","09:28:52","2","default","115855972","OXY_CH2","3.294","min","190.220","µmol/L","Humid","21.115","deg","82002","µV","27.686","°C","1016.000","hPa","35.3","pmil","0","53.237","deg","23.954","°C","100.000","%a.s.","21.023","deg","23.635","°C","1019.000","hPa","0.861","-0.02617","0.00035","0","0","13.56","Humid","28.00","0","54.00","364775.43","SABD0000000001","AAV1.0.0.11","1.1.2.0","PSt7-10","170328-007","9/30/2017 19:06:43","0000-00","0","no battery","V"
"09/09/2020","09:28:53","2","default","115855972","OXY_CH2","3.311","min","190.132","µmol/L","Humid","21.115","deg","81991","µV","27.701","°C","1016.000","hPa","35.3","pmil","0","53.237","deg","23.954","°C","100.000","%a.s.","21.023","deg","23.635","°C","1019.000","hPa","0.861","-0.02617","0.00035","0","0","13.56","Humid","28.00","0","54.00","364765.62","SABD0000000001","AAV1.0.0.11","1.1.2.0","PSt7-10","170328-007","9/30/2017 19:06:43","0000-00","0","no battery","V"
"09/09/2020","09:28:54","2","default","115855972","OXY_CH2","3.327","min","190.159","µmol/L","Humid","21.113","deg","81993","µV","27.702","°C","1016.000","hPa","35.3","pmil","0","53.237","deg","23.954","°C","100.000","%a.s.","21.023","deg","23.635","°C","1019.000","hPa","0.861","-0.02617","0.00035","0","0","13.56","Humid","28.00","0","54.00","364780.47","SABD0000000001","AAV1.0.0.11","1.1.2.0","PSt7-10","170328-007","9/30/2017 19:06:43","0000-00","0","no battery","V"
"09/09/2020","09:28:55","2","default","115855972","OXY_CH2","3.344","min","190.145","µmol/L","Humid","21.114","deg","81996","µV","27.702","°C","1016.000","hPa","35.3","pmil","0","53.237","deg","23.954","°C","100.000","%a.s.","21.023","deg","23.635","°C","1019.000","hPa","0.861","-0.02617","0.00035","0","0","13.56","Humid","28.00","0","54.00","364780.20","SABD0000000001","AAV1.0.0.11","1.1.2.0","PSt7-10","170328-007","9/30/2017 19:06:43","0000-00","0","no battery","V"
"09/09/2020","09:28:56","2","default","115855972","OXY_CH2","3.361","min","190.106","µmol/L","Humid","21.114","deg","81991","µV","27.709","°C","1016.000","hPa","35.3","pmil","0","53.237","deg","23.954","°C","100.000","%a.s.","21.023","deg","23.635","°C","1019.000","hPa","0.861","-0.02617","0.00035","0","0","13.56","Humid","28.00","0","54.00","364762.50","SABD0000000001","AAV1.0.0.11","1.1.2.0","PSt7-10","170328-007","9/30/2017 19:06:43","0000-00","0","no battery","V"
"09/09/2020","09:28:57","2","default","115855972","OXY_CH2","3.377","min","190.075","µmol/L","Humid","21.117","deg","81985","µV","27.705","°C","1016.000","hPa","35.3","pmil","0","53.237","deg","23.954","°C","100.000","%a.s.","21.023","deg","23.635","°C","1019.000","hPa","0.861","-0.02617","0.00035","0","0","13.56","Humid","28.00","0","54.00","364768.10","SABD0000000001","AAV1.0.0.11","1.1.2.0","PSt7-10","170328-007","9/30/2017 19:06:43","0000-00","0","no battery","V"
"09/09/2020","09:28:58","2","default","115855972","OXY_CH2","3.394","min","190.177","µmol/L","Humid","21.113","deg","81988","µV","27.699","°C","1016.000","hPa","35.3","pmil","0","53.237","deg","23.954","°C","100.000","%a.s.","21.023","deg","23.635","°C","1019.000","hPa","0.861","-0.02617","0.00035","0","0","13.56","Humid","28.00","0","54.00","364751.38","SABD0000000001","AAV1.0.0.11","1.1.2.0","PSt7-10","170328-007","9/30/2017 19:06:43","0000-00","0","no battery","V"
"09/09/2020","09:28:59","2","default","115855972","OXY_CH2","3.410","min","190.235","µmol/L","Humid","21.111","deg","81979","µV","27.695","°C","1016.000","hPa","35.3","pmil","0","53.237","deg","23.954","°C","100.000","%a.s.","21.023","deg","23.635","°C","1019.000","hPa","0.861","-0.02617","0.00035","0","0","13.56","Humid","28.00","0","54.00","364755.50","SABD0000000001","AAV1.0.0.11","1.1.2.0","PSt7-10","170328-007","9/30/2017 19:06:43","0000-00","0","no battery","V"
"09/09/2020","09:29:00","2","default","115855972","OXY_CH2","3.427","min","190.101","µmol/L","Humid","21.113","deg","81991","µV","27.712","°C","1016.000","hPa","35.3","pmil","0","53.237","deg","23.954","°C","100.000","%a.s.","21.023","deg","23.635","°C","1019.000","hPa","0.861","-0.02617","0.00035","0","0","13.56","Humid","28.00","0","54.00","364754.75","SABD0000000001","AAV1.0.0.11","1.1.2.0","PSt7-10","170328-007","9/30/2017 19:06:43","0000-00","0","no battery","V"
"09/09/2020","09:29:01","2","default","115855972","OXY_CH2","3.444","min","190.135","µmol/L","Humid","21.113","deg","81983","µV","27.707","°C","1016.000","hPa","35.3","pmil","0","53.237","deg","23.954","°C","100.000","%a.s.","21.023","deg","23.635","°C","1019.000","hPa","0.861","-0.02617","0.00035","0","0","13.56","Humid","28.00","0","54.00","364763.13","SABD0000000001","AAV1.0.0.11","1.1.2.0","PSt7-10","170328-007","9/30/2017 19:06:43","0000-00","0","no battery","V"
"09/09/2020","09:29:02","2","default","115855972","OXY_CH2","3.460","min","190.163","µmol/L","Humid","21.112","deg","81979","µV","27.705","°C","1016.000","hPa","35.3","pmil","0","53.237","deg","23.954","°C","100.000","%a.s.","21.023","deg","23.635","°C","1019.000","hPa","0.861","-0.02617","0.00035","0","0","13.56","Humid","28.00","0","54.00","364731.42","SABD0000000001","AAV1.0.0.11","1.1.2.0","PSt7-10","170328-007","9/30/2017 19:06:43","0000-00","0","no battery","V"
"09/09/2020","09:29:03","2","default","115855972","OXY_CH2","3.477","min","190.018","µmol/L","Humid","21.117","deg","81982","µV","27.715","°C","1016.000","hPa","35.3","pmil","0","53.237","deg","23.954","°C","100.000","%a.s.","21.023","deg","23.635","°C","1019.000","hPa","0.861","-0.02617","0.00035","0","0","13.56","Humid","28.00","0","54.00","364728.32","SABD0000000001","AAV1.0.0.11","1.1.2.0","PSt7-10","170328-007","9/30/2017 19:06:43","0000-00","0","no battery","V"
"09/09/2020","09:29:04","2","default","115855972","OXY_CH2","3.494","min","190.131","µmol/L","Humid","21.113","deg","81982","µV","27.707","°C","1016.000","hPa","35.3","pmil","0","53.237","deg","23.954","°C","100.000","%a.s.","21.023","deg","23.635","°C","1019.000","hPa","0.861","-0.02617","0.00035","0","0","13.56","Humid","28.00","0","54.00","364715.67","SABD0000000001","AAV1.0.0.11","1.1.2.0","PSt7-10","170328-007","9/30/2017 19:06:43","0000-00","0","no battery","V"
"09/09/2020","09:29:05","2","default","115855972","OXY_CH2","3.510","min","190.061","µmol/L","Humid","21.114","deg","81985","µV","27.716","°C","1016.000","hPa","35.3","pmil","0","53.237","deg","23.954","°C","100.000","%a.s.","21.023","deg","23.635","°C","1019.000","hPa","0.861","-0.02617","0.00035","0","0","13.56","Humid","28.00","0","54.00","364727.28","SABD0000000001","AAV1.0.0.11","1.1.2.0","PSt7-10","170328-007","9/30/2017 19:06:43","0000-00","0","no battery","V"
"09/09/2020","09:29:06","2","default","115855972","OXY_CH2","3.527","min","190.124","µmol/L","Humid","21.113","deg","81969","µV","27.708","°C","1016.000","hPa","35.3","pmil","0","53.237","deg","23.954","°C","100.000","%a.s.","21.023","deg","23.635","°C","1019.000","hPa","0.861","-0.02617","0.00035","0","0","13.56","Humid","28.00","0","54.00","364713.25","SABD0000000001","AAV1.0.0.11","1.1.2.0","PSt7-10","170328-007","9/30/2017 19:06:43","0000-00","0","no battery","V"
"09/09/2020","09:29:07","2","default","115855972","OXY_CH2","3.544","min","190.069","µmol/L","Humid","21.115","deg","81978","µV","27.712","°C","1016.000","hPa","35.3","pmil","0","53.237","deg","23.954","°C","100.000","%a.s.","21.023","deg","23.635","°C","1019.000","hPa","0.861","-0.02617","0.00035","0","0","13.56","Humid","28.00","0","54.00","364719.16","SABD0000000001","AAV1.0.0.11","1.1.2.0","PSt7-10","170328-007","9/30/2017 19:06:43","0000-00","0","no battery","V"
"09/09/2020","09:29:08","2","default","115855972","OXY_CH2","3.560","min","190.061","µmol/L","Humid","21.114","deg","81973","µV","27.716","°C","1016.000","hPa","35.3","pmil","0","53.237","deg","23.954","°C","100.000","%a.s.","21.023","deg","23.635","°C","1019.000","hPa","0.861","-0.02617","0.00035","0","0","13.56","Humid","28.00","0","54.00","364726.65","SABD0000000001","AAV1.0.0.11","1.1.2.0","PSt7-10","170328-007","9/30/2017 19:06:43","0000-00","0","no battery","V"
"09/09/2020","09:29:09","2","default","115855972","OXY_CH2","3.577","min","190.041","µmol/L","Humid","21.118","deg","81975","µV","27.708","°C","1016.000","hPa","35.3","pmil","0","53.237","deg","23.954","°C","100.000","%a.s.","21.023","deg","23.635","°C","1019.000","hPa","0.861","-0.02617","0.00035","0","0","13.56","Humid","28.00","0","54.00","364718.76","SABD0000000001","AAV1.0.0.11","1.1.2.0","PSt7-10","170328-007","9/30/2017 19:06:43","0000-00","0","no battery","V"
"09/09/2020","09:29:10","2","default","115855972","OXY_CH2","3.594","min","190.112","µmol/L","Humid","21.116","deg","81974","µV","27.702","°C","1016.000","hPa","35.3","pmil","0","53.237","deg","23.954","°C","100.000","%a.s.","21.023","deg","23.635","°C","1019.000","hPa","0.861","-0.02617","0.00035","0","0","13.56","Humid","28.00","0","54.00","364721.73","SABD0000000001","AAV1.0.0.11","1.1.2.0","PSt7-10","170328-007","9/30/2017 19:06:43","0000-00","0","no battery","V"
"09/09/2020","09:29:11","2","default","115855972","OXY_CH2","3.611","min","190.166","µmol/L","Humid","21.116","deg","81973","µV","27.692","°C","1016.000","hPa","35.3","pmil","0","53.237","deg","23.954","°C","100.000","%a.s.","21.023","deg","23.635","°C","1019.000","hPa","0.861","-0.02617","0.00035","0","0","13.56","Humid","28.00","0","54.00","364723.10","SABD0000000001","AAV1.0.0.11","1.1.2.0","PSt7-10","170328-007","9/30/2017 19:06:43","0000-00","0","no battery","V"
"09/09/2020","09:29:12","2","default","115855972","OXY_CH2","3.627","min","190.123","µmol/L","Humid","21.112","deg","81968","µV","27.712","°C","1016.000","hPa","35.3","pmil","0","53.237","deg","23.954","°C","100.000","%a.s.","21.023","deg","23.635","°C","1019.000","hPa","0.861","-0.02617","0.00035","0","0","13.56","Humid","28.00","0","54.00","364717.03","SABD0000000001","AAV1.0.0.11","1.1.2.0","PSt7-10","170328-007","9/30/2017 19:06:43","0000-00","0","no battery","V"
"09/09/2020","09:29:13","2","default","115855972","OXY_CH2","3.644","min","189.929","µmol/L","Humid","21.118","deg","81970","µV","27.727","°C","1016.000","hPa","35.3","pmil","0","53.237","deg","23.954","°C","100.000","%a.s.","21.023","deg","23.635","°C","1019.000","hPa","0.861","-0.02617","0.00035","0","0","13.56","Humid","28.00","0","54.00","364716.33","SABD0000000001","AAV1.0.0.11","1.1.2.0","PSt7-10","170328-007","9/30/2017 19:06:43","0000-00","0","no battery","V"
"09/09/2020","09:29:14","2","default","115855972","OXY_CH2","3.660","min","190.093","µmol/L","Humid","21.109","deg","81972","µV","27.726","°C","1016.000","hPa","35.3","pmil","0","53.237","deg","23.954","°C","100.000","%a.s.","21.023","deg","23.635","°C","1019.000","hPa","0.861","-0.02617","0.00035","0","0","13.56","Humid","28.00","0","54.00","364707.64","SABD0000000001","AAV1.0.0.11","1.1.2.0","PSt7-10","170328-007","9/30/2017 19:06:43","0000-00","0","no battery","V"
"09/09/2020","09:29:15","2","default","115855972","OXY_CH2","3.677","min","190.082","µmol/L","Humid","21.110","deg","81975","µV","27.725","°C","1016.000","hPa","35.3","pmil","0","53.237","deg","23.954","°C","100.000","%a.s.","21.023","deg","23.635","°C","1019.000","hPa","0.861","-0.02617","0.00035","0","0","13.56","Humid","28.00","0","54.00","364719.63","SABD0000000001","AAV1.0.0.11","1.1.2.0","PSt7-10","170328-007","9/30/2017 19:06:43","0000-00","0","no battery","V"
"09/09/2020","09:29:16","2","default","115855972","OXY_CH2","3.694","min","190.062","µmol/L","Humid","21.112","deg","81965","µV","27.722","°C","1016.000","hPa","35.3","pmil","0","53.237","deg","23.954","°C","100.000","%a.s.","21.023","deg","23.635","°C","1019.000","hPa","0.861","-0.02617","0.00035","0","0","13.56","Humid","28.00","0","54.00","364711.15","SABD0000000001","AAV1.0.0.11","1.1.2.0","PSt7-10","170328-007","9/30/2017 19:06:43","0000-00","0","no battery","V"
"09/09/2020","09:29:17","2","default","115855972","OXY_CH2","3.711","min","189.985","µmol/L","Humid","21.113","deg","81972","µV","27.732","°C","1016.000","hPa","35.3","pmil","0","53.237","deg","23.954","°C","100.000","%a.s.","21.023","deg","23.635","°C","1019.000","hPa","0.861","-0.02617","0.00035","0","0","13.56","Humid","28.00","0","54.00","364722.25","SABD0000000001","AAV1.0.0.11","1.1.2.0","PSt7-10","170328-007","9/30/2017 19:06:43","0000-00","0","no battery","V"
"09/09/2020","09:29:18","2","default","115855972","OXY_CH2","3.727","min","190.043","µmol/L","Humid","21.117","deg","81966","µV","27.711","°C","1016.000","hPa","35.3","pmil","0","53.237","deg","23.954","°C","100.000","%a.s.","21.023","deg","23.635","°C","1019.000","hPa","0.861","-0.02617","0.00035","0","0","13.56","Humid","28.00","0","54.00","364707.02","SABD0000000001","AAV1.0.0.11","1.1.2.0","PSt7-10","170328-007","9/30/2017 19:06:43","0000-00","0","no battery","V"
"09/09/2020","09:29:19","2","default","115855972","OXY_CH2","3.744","min","190.020","µmol/L","Humid","21.118","deg","81970","µV","27.712","°C","1016.000","hPa","35.3","pmil","0","53.237","deg","23.954","°C","100.000","%a.s.","21.023","deg","23.635","°C","1019.000","hPa","0.861","-0.02617","0.00035","0","0","13.56","Humid","28.00","0","54.00","364691.12","SABD0000000001","AAV1.0.0.11","1.1.2.0","PSt7-10","170328-007","9/30/2017 19:06:43","0000-00","0","no battery","V"
"09/09/2020","09:29:20","2","default","115855972","OXY_CH2","3.761","min","190.145","µmol/L","Humid","21.108","deg","81964","µV","27.720","°C","1016.000","hPa","35.3","pmil","0","53.237","deg","23.954","°C","100.000","%a.s.","21.023","deg","23.635","°C","1019.000","hPa","0.861","-0.02617","0.00035","0","0","13.56","Humid","28.00","0","54.00","364702.25","SABD0000000001","AAV1.0.0.11","1.1.2.0","PSt7-10","170328-007","9/30/2017 19:06:43","0000-00","0","no battery","V"
"09/09/2020","09:29:21","2","default","115855972","OXY_CH2","3.777","min","190.056","µmol/L","Humid","21.110","deg","81972","µV","27.729","°C","1016.000","hPa","35.3","pmil","0","53.237","deg","23.954","°C","100.000","%a.s.","21.023","deg","23.635","°C","1019.000","hPa","0.861","-0.02617","0.00035","0","0","13.56","Humid","28.00","0","54.00","364710.58","SABD0000000001","AAV1.0.0.11","1.1.2.0","PSt7-10","170328-007","9/30/2017 19:06:43","0000-00","0","no battery","V"
"09/09/2020","09:29:22","2","default","115855972","OXY_CH2","3.794","min","190.063","µmol/L","Humid","21.111","deg","81962","µV","27.725","°C","1016.000","hPa","35.3","pmil","0","53.237","deg","23.954","°C","100.000","%a.s.","21.023","deg","23.635","°C","1019.000","hPa","0.861","-0.02617","0.00035","0","0","13.56","Humid","28.00","0","54.00","364688.78","SABD0000000001","AAV1.0.0.11","1.1.2.0","PSt7-10","170328-007","9/30/2017 19:06:43","0000-00","0","no battery","V"
"09/09/2020","09:29:23","2","default","115855972","OXY_CH2","3.810","min","190.042","µmol/L","Humid","21.112","deg","81960","µV","27.726","°C","1016.000","hPa","35.3","pmil","0","53.237","deg","23.954","°C","100.000","%a.s.","21.023","deg","23.635","°C","1019.000","hPa","0.861","-0.02617","0.00035","0","0","13.56","Humid","28.00","0","54.00","364690.89","SABD0000000001","AAV1.0.0.11","1.1.2.0","PSt7-10","170328-007","9/30/2017 19:06:43","0000-00","0","no battery","V"
"09/09/2020","09:29:24","2","default","115855972","OXY_CH2","3.827","min","190.041","µmol/L","Humid","21.112","deg","81961","µV","27.726","°C","1016.000","hPa","35.3","pmil","0","53.237","deg","23.954","°C","100.000","%a.s.","21.023","deg","23.635","°C","1019.000","hPa","0.861","-0.02617","0.00035","0","0","13.56","Humid","28.00","0","54.00","364699.54","SABD0000000001","AAV1.0.0.11","1.1.2.0","PSt7-10","170328-007","9/30/2017 19:06:43","0000-00","0","no battery","V"
"09/09/2020","09:29:25","2","default","115855972","OXY_CH2","3.844","min","190.101","µmol/L","Humid","21.111","deg","81954","µV","27.718","°C","1016.000","hPa","35.3","pmil","0","53.237","deg","23.954","°C","100.000","%a.s.","21.023","deg","23.635","°C","1019.000","hPa","0.861","-0.02617","0.00035","0","0","13.56","Humid","28.00","0","54.00","364695.48","SABD0000000001","AAV1.0.0.11","1.1.2.0","PSt7-10","170328-007","9/30/2017 19:06:43","0000-00","0","no battery","V"
"09/09/2020","09:29:26","2","default","115855972","OXY_CH2","3.860","min","190.108","µmol/L","Humid","21.110","deg","81956","µV","27.720","°C","1016.000","hPa","35.3","pmil","0","53.237","deg","23.954","°C","100.000","%a.s.","21.023","deg","23.635","°C","1019.000","hPa","0.861","-0.02617","0.00035","0","0","13.56","Humid","28.00","0","54.00","364695.79","SABD0000000001","AAV1.0.0.11","1.1.2.0","PSt7-10","170328-007","9/30/2017 19:06:43","0000-00","0","no battery","V"
"09/09/2020","09:29:27","2","default","115855972","OXY_CH2","3.877","min","190.052","µmol/L","Humid","21.118","deg","81953","µV","27.706","°C","1016.000","hPa","35.3","pmil","0","53.237","deg","23.954","°C","100.000","%a.s.","21.023","deg","23.635","°C","1019.000","hPa","0.861","-0.02617","0.00035","0","0","13.56","Humid","28.00","0","54.00","364694.65","SABD0000000001","AAV1.0.0.11","1.1.2.0","PSt7-10","170328-007","9/30/2017 19:06:43","0000-00","0","no battery","V"
"09/09/2020","09:29:28","2","default","115855972","OXY_CH2","3.894","min","190.026","µmol/L","Humid","21.113","deg","81958","µV","27.725","°C","1016.000","hPa","35.3","pmil","0","53.237","deg","23.954","°C","100.000","%a.s.","21.023","deg","23.635","°C","1019.000","hPa","0.861","-0.02617","0.00035","0","0","13.56","Humid","28.00","0","54.00","364684.16","SABD0000000001","AAV1.0.0.11","1.1.2.0","PSt7-10","170328-007","9/30/2017 19:06:43","0000-00","0","no battery","V"
"09/09/2020","09:29:29","2","default","115855972","OXY_CH2","3.911","min","190.079","µmol/L","Humid","21.110","deg","81956","µV","27.725","°C","1016.000","hPa","35.3","pmil","0","53.237","deg","23.954","°C","100.000","%a.s.","21.023","deg","23.635","°C","1019.000","hPa","0.861","-0.02617","0.00035","0","0","13.56","Humid","28.00","0","54.00","364677.88","SABD0000000001","AAV1.0.0.11","1.1.2.0","PSt7-10","170328-007","9/30/2017 19:06:43","0000-00","0","no battery","V"
"09/09/2020","09:29:30","2","default","115855972","OXY_CH2","3.927","min","190.049","µmol/L","Humid","21.111","deg","81948","µV","27.727","°C","1016.000","hPa","35.3","pmil","0","53.237","deg","23.954","°C","100.000","%a.s.","21.023","deg","23.635","°C","1019.000","hPa","0.861","-0.02617","0.00035","0","0","13.56","Humid","28.00","0","54.00","364675.38","SABD0000000001","AAV1.0.0.11","1.1.2.0","PSt7-10","170328-007","9/30/2017 19:06:43","0000-00","0","no battery","V"
"09/09/2020","09:29:31","2","default","115855972","OXY_CH2","3.944","min","190.036","µmol/L","Humid","21.116","deg","81953","µV","27.715","°C","1016.000","hPa","35.3","pmil","0","53.237","deg","23.954","°C","100.000","%a.s.","21.023","deg","23.635","°C","1019.000","hPa","0.861","-0.02617","0.00035","0","0","13.56","Humid","28.00","0","54.00","364670.28","SABD0000000001","AAV1.0.0.11","1.1.2.0","PSt7-10","170328-007","9/30/2017 19:06:43","0000-00","0","no battery","V"
"09/09/2020","09:29:32","2","default","115855972","OXY_CH2","3.961","min","190.040","µmol/L","Humid","21.110","deg","81949","µV","27.732","°C","1016.000","hPa","35.3","pmil","0","53.237","deg","23.954","°C","100.000","%a.s.","21.023","deg","23.635","°C","1019.000","hPa","0.861","-0.02617","0.00035","0","0","13.56","Humid","28.00","0","54.00","364652.67","SABD0000000001","AAV1.0.0.11","1.1.2.0","PSt7-10","170328-007","9/30/2017 19:06:43","0000-00","0","no battery","V"
"09/09/2020","09:29:33","2","default","115855972","OXY_CH2","3.977","min","189.973","µmol/L","Humid","21.115","deg","81948","µV","27.729","°C","1016.000","hPa","35.3","pmil","0","53.237","deg","23.954","°C","100.000","%a.s.","21.023","deg","23.635","°C","1019.000","hPa","0.861","-0.02617","0.00035","0","0","13.56","Humid","28.00","0","54.00","364667.31","SABD0000000001","AAV1.0.0.11","1.1.2.0","PSt7-10","170328-007","9/30/2017 19:06:43","0000-00","0","no battery","V"
"09/09/2020","09:29:34","2","default","115855972","OXY_CH2","3.994","min","189.993","µmol/L","Humid","21.110","deg","81949","µV","27.740","°C","1016.000","hPa","35.3","pmil","0","53.237","deg","23.954","°C","100.000","%a.s.","21.023","deg","23.635","°C","1019.000","hPa","0.861","-0.02617","0.00035","0","0","13.56","Humid","28.00","0","54.00","364666.31","SABD0000000001","AAV1.0.0.11","1.1.2.0","PSt7-10","170328-007","9/30/2017 19:06:43","0000-00","0","no battery","V"
"09/09/2020","09:29:35","2","default","115855972","OXY_CH2","4.011","min","190.022","µmol/L","Humid","21.110","deg","81951","µV","27.735","°C","1016.000","hPa","35.3","pmil","0","53.237","deg","23.954","°C","100.000","%a.s.","21.023","deg","23.635","°C","1019.000","hPa","0.861","-0.02617","0.00035","0","0","13.56","Humid","28.00","0","54.00","364663.37","SABD0000000001","AAV1.0.0.11","1.1.2.0","PSt7-10","170328-007","9/30/2017 19:06:43","0000-00","0","no battery","V"
"09/09/2020","09:29:36","2","default","115855972","OXY_CH2","4.027","min","189.948","µmol/L","Humid","21.112","deg","81943","µV","27.742","°C","1016.000","hPa","35.3","pmil","0","53.237","deg","23.954","°C","100.000","%a.s.","21.023","deg","23.635","°C","1019.000","hPa","0.861","-0.02617","0.00035","0","0","13.56","Humid","28.00","0","54.00","364658.25","SABD0000000001","AAV1.0.0.11","1.1.2.0","PSt7-10","170328-007","9/30/2017 19:06:43","0000-00","0","no battery","V"
"09/09/2020","09:29:37","2","default","115855972","OXY_CH2","4.044","min","189.982","µmol/L","Humid","21.112","deg","81949","µV","27.736","°C","1016.000","hPa","35.3","pmil","0","53.237","deg","23.954","°C","100.000","%a.s.","21.023","deg","23.635","°C","1019.000","hPa","0.861","-0.02617","0.00035","0","0","13.56","Humid","28.00","0","54.00","364666.37","SABD0000000001","AAV1.0.0.11","1.1.2.0","PSt7-10","170328-007","9/30/2017 19:06:43","0000-00","0","no battery","V"
"09/09/2020","09:29:38","2","default","115855972","OXY_CH2","4.060","min","189.948","µmol/L","Humid","21.113","deg","81954","µV","27.739","°C","1016.000","hPa","35.3","pmil","0","53.237","deg","23.954","°C","100.000","%a.s.","21.023","deg","23.635","°C","1019.000","hPa","0.861","-0.02617","0.00035","0","0","13.56","Humid","28.00","0","54.00","364647.96","SABD0000000001","AAV1.0.0.11","1.1.2.0","PSt7-10","170328-007","9/30/2017 19:06:43","0000-00","0","no battery","V"
"09/09/2020","09:29:39","2","default","115855972","OXY_CH2","4.077","min","189.960","µmol/L","Humid","21.116","deg","81952","µV","27.728","°C","1016.000","hPa","35.3","pmil","0","53.237","deg","23.954","°C","100.000","%a.s.","21.023","deg","23.635","°C","1019.000","hPa","0.861","-0.02617","0.00035","0","0","13.56","Humid","28.00","0","54.00","364659.13","SABD0000000001","AAV1.0.0.11","1.1.2.0","PSt7-10","170328-007","9/30/2017 19:06:43","0000-00","0","no battery","V"
"09/09/2020","09:29:40","2","default","115855972","OXY_CH2","4.094","min","190.026","µmol/L","Humid","21.113","deg","81940","µV","27.726","°C","1016.000","hPa","35.3","pmil","0","53.237","deg","23.954","°C","100.000","%a.s.","21.023","deg","23.635","°C","1019.000","hPa","0.861","-0.02617","0.00035","0","0","13.56","Humid","28.00","0","54.00","364648.18","SABD0000000001","AAV1.0.0.11","1.1.2.0","PSt7-10","170328-007","9/30/2017 19:06:43","0000-00","0","no battery","V"
"09/09/2020","09:29:41","2","default","115855972","OXY_CH2","4.110","min","189.982","µmol/L","Humid","21.113","deg","81946","µV","27.733","°C","1016.000","hPa","35.3","pmil","0","53.237","deg","23.954","°C","100.000","%a.s.","21.023","deg","23.635","°C","1019.000","hPa","0.861","-0.02617","0.00035","0","0","13.56","Humid","28.00","0","54.00","364655.97","SABD0000000001","AAV1.0.0.11","1.1.2.0","PSt7-10","170328-007","9/30/2017 19:06:43","0000-00","0","no battery","V"
"09/09/2020","09:29:42","2","default","115855972","OXY_CH2","4.127","min","189.978","µmol/L","Humid","21.113","deg","81942","µV","27.734","°C","1016.000","hPa","35.3","pmil","0","53.237","deg","23.954","°C","100.000","%a.s.","21.023","deg","23.635","°C","1019.000","hPa","0.861","-0.02617","0.00035","0","0","13.56","Humid","28.00","0","54.00","364645.49","SABD0000000001","AAV1.0.0.11","1.1.2.0","PSt7-10","170328-007","9/30/2017 19:06:43","0000-00","0","no battery","V"
"09/09/2020","09:29:43","2","default","115855972","OXY_CH2","4.144","min","189.983","µmol/L","Humid","21.111","deg","81944","µV","27.739","°C","1016.000","hPa","35.3","pmil","0","53.237","deg","23.954","°C","100.000","%a.s.","21.023","deg","23.635","°C","1019.000","hPa","0.861","-0.02617","0.00035","0","0","13.56","Humid","28.00","0","54.00","364657.38","SABD0000000001","AAV1.0.0.11","1.1.2.0","PSt7-10","170328-007","9/30/2017 19:06:43","0000-00","0","no battery","V"
"09/09/2020","09:29:44","2","default","115855972","OXY_CH2","4.161","min","190.059","µmol/L","Humid","21.109","deg","81943","µV","27.732","°C","1016.000","hPa","35.3","pmil","0","53.237","deg","23.954","°C","100.000","%a.s.","21.023","deg","23.635","°C","1019.000","hPa","0.861","-0.02617","0.00035","0","0","13.56","Humid","28.00","0","54.00","364643.04","SABD0000000001","AAV1.0.0.11","1.1.2.0","PSt7-10","170328-007","9/30/2017 19:06:43","0000-00","0","no battery","V"
"09/09/2020","09:29:45","2","default","115855972","OXY_CH2","4.178","min","189.999","µmol/L","Humid","21.109","deg","81944","µV","27.742","°C","1016.000","hPa","35.3","pmil","0","53.237","deg","23.954","°C","100.000","%a.s.","21.023","deg","23.635","°C","1019.000","hPa","0.861","-0.02617","0.00035","0","0","13.56","Humid","28.00","0","54.00","364658.07","SABD0000000001","AAV1.0.0.11","1.1.2.0","PSt7-10","170328-007","9/30/2017 19:06:43","0000-00","0","no battery","V"
"09/09/2020","09:29:46","2","default","115855972","OXY_CH2","4.194","min","190.058","µmol/L","Humid","21.110","deg","81942","µV","27.729","°C","1016.000","hPa","35.3","pmil","0","53.237","deg","23.954","°C","100.000","%a.s.","21.023","deg","23.635","°C","1019.000","hPa","0.861","-0.02617","0.00035","0","0","13.56","Humid","28.00","0","54.00","364631.83","SABD0000000001","AAV1.0.0.11","1.1.2.0","PSt7-10","170328-007","9/30/2017 19:06:43","0000-00","0","no battery","V"
"09/09/2020","09:29:47","2","default","115855972","OXY_CH2","4.211","min","189.969","µmol/L","Humid","21.112","deg","81940","µV","27.738","°C","1016.000","hPa","35.3","pmil","0","53.237","deg","23.954","°C","100.000","%a.s.","21.023","deg","23.635","°C","1019.000","hPa","0.861","-0.02617","0.00035","0","0","13.56","Humid","28.00","0","54.00","364627.44","SABD0000000001","AAV1.0.0.11","1.1.2.0","PSt7-10","170328-007","9/30/2017 19:06:43","0000-00","0","no battery","V"
"09/09/2020","09:29:48","2","default","115855972","OXY_CH2","4.228","min","190.011","µmol/L","Humid","21.107","deg","81933","µV","27.746","°C","1016.000","hPa","35.3","pmil","0","53.237","deg","23.954","°C","100.000","%a.s.","21.023","deg","23.635","°C","1019.000","hPa","0.861","-0.02617","0.00035","0","0","13.56","Humid","28.00","0","54.00","364621.22","SABD0000000001","AAV1.0.0.11","1.1.2.0","PSt7-10","170328-007","9/30/2017 19:06:43","0000-00","0","no battery","V"
"09/09/2020","09:29:49","2","default","115855972","OXY_CH2","4.244","min","190.006","µmol/L","Humid","21.109","deg","81936","µV","27.741","°C","1016.000","hPa","35.3","pmil","0","53.237","deg","23.954","°C","100.000","%a.s.","21.023","deg","23.635","°C","1019.000","hPa","0.861","-0.02617","0.00035","0","0","13.56","Humid","28.00","0","54.00","364622.99","SABD0000000001","AAV1.0.0.11","1.1.2.0","PSt7-10","170328-007","9/30/2017 19:06:43","0000-00","0","no battery","V"
"09/09/2020","09:29:50","2","default","115855972","OXY_CH2","4.260","min","189.933","µmol/L","Humid","21.114","deg","81933","µV","27.739","°C","1016.000","hPa","35.3","pmil","0","53.237","deg","23.954","°C","100.000","%a.s.","21.023","deg","23.635","°C","1019.000","hPa","0.861","-0.02617","0.00035","0","0","13.56","Humid","28.00","0","54.00","364612.68","SABD0000000001","AAV1.0.0.11","1.1.2.0","PSt7-10","170328-007","9/30/2017 19:06:43","0000-00","0","no battery","V"
"09/09/2020","09:29:51","2","default","115855972","OXY_CH2","4.277","min","189.909","µmol/L","Humid","21.107","deg","81934","µV","27.763","°C","1016.000","hPa","35.3","pmil","0","53.237","deg","23.954","°C","100.000","%a.s.","21.023","deg","23.635","°C","1019.000","hPa","0.861","-0.02617","0.00035","0","0","13.56","Humid","28.00","0","54.00","364628.69","SABD0000000001","AAV1.0.0.11","1.1.2.0","PSt7-10","170328-007","9/30/2017 19:06:43","0000-00","0","no battery","V"
"09/09/2020","09:29:52","2","default","115855972","OXY_CH2","4.294","min","189.870","µmol/L","Humid","21.111","deg","81929","µV","27.758","°C","1016.000","hPa","35.3","pmil","0","53.237","deg","23.954","°C","100.000","%a.s.","21.023","deg","23.635","°C","1019.000","hPa","0.861","-0.02617","0.00035","0","0","13.56","Humid","28.00","0","54.00","364614.62","SABD0000000001","AAV1.0.0.11","1.1.2.0","PSt7-10","170328-007","9/30/2017 19:06:43","0000-00","0","no battery","V"
"09/09/2020","09:29:53","2","default","115855972","OXY_CH2","4.310","min","189.846","µmol/L","Humid","21.113","deg","81928","µV","27.757","°C","1016.000","hPa","35.3","pmil","0","53.237","deg","23.954","°C","100.000","%a.s.","21.023","deg","23.635","°C","1019.000","hPa","0.861","-0.02617","0.00035","0","0","13.56","Humid","28.00","0","54.00","364624.95","SABD0000000001","AAV1.0.0.11","1.1.2.0","PSt7-10","170328-007","9/30/2017 19:06:43","0000-00","0","no battery","V"
"09/09/2020","09:29:54","2","default","115855972","OXY_CH2","4.327","min","189.903","µmol/L","Humid","21.111","deg","81934","µV","27.753","°C","1016.000","hPa","35.3","pmil","0","53.237","deg","23.954","°C","100.000","%a.s.","21.023","deg","23.635","°C","1019.000","hPa","0.861","-0.02617","0.00035","0","0","13.56","Humid","28.00","0","54.00","364623.75","SABD0000000001","AAV1.0.0.11","1.1.2.0","PSt7-10","170328-007","9/30/2017 19:06:43","0000-00","0","no battery","V"
"09/09/2020","09:29:55","2","default","115855972","OXY_CH2","4.344","min","189.982","µmol/L","Humid","21.108","deg","81933","µV","27.748","°C","1016.000","hPa","35.3","pmil","0","53.237","deg","23.954","°C","100.000","%a.s.","21.023","deg","23.635","°C","1019.000","hPa","0.861","-0.02617","0.00035","0","0","13.56","Humid","28.00","0","54.00","364631.08","SABD0000000001","AAV1.0.0.11","1.1.2.0","PSt7-10","170328-007","9/30/2017 19:06:43","0000-00","0","no battery","V"
"09/09/2020","09:29:56","2","default","115855972","OXY_CH2","4.360","min","189.990","µmol/L","Humid","21.108","deg","81931","µV","27.746","°C","1016.000","hPa","35.3","pmil","0","53.237","deg","23.954","°C","100.000","%a.s.","21.023","deg","23.635","°C","1019.000","hPa","0.861","-0.02617","0.00035","0","0","13.56","Humid","28.00","0","54.00","364603.65","SABD0000000001","AAV1.0.0.11","1.1.2.0","PSt7-10","170328-007","9/30/2017 19:06:43","0000-00","0","no battery","V"
"09/09/2020","09:29:57","2","default","115855972","OXY_CH2","4.377","min","189.918","µmol/L","Humid","21.108","deg","81925","µV","27.759","°C","1016.000","hPa","35.3","pmil","0","53.237","deg","23.954","°C","100.000","%a.s.","21.023","deg","23.635","°C","1019.000","hPa","0.861","-0.02617","0.00035","0","0","13.56","Humid","28.00","0","54.00","364610.63","SABD0000000001","AAV1.0.0.11","1.1.2.0","PSt7-10","170328-007","9/30/2017 19:06:43","0000-00","0","no battery","V"
"09/09/2020","09:29:58","2","default","115855972","OXY_CH2","4.394","min","189.832","µmol/L","Humid","21.112","deg","81923","µV","27.762","°C","1016.000","hPa","35.3","pmil","0","53.237","deg","23.954","°C","100.000","%a.s.","21.023","deg","23.635","°C","1019.000","hPa","0.861","-0.02617","0.00035","0","0","13.56","Humid","28.00","0","54.00","364605.71","SABD0000000001","AAV1.0.0.11","1.1.2.0","PSt7-10","170328-007","9/30/2017 19:06:43","0000-00","0","no battery","V"
"09/09/2020","09:29:59","2","default","115855972","OXY_CH2","4.410","min","189.836","µmol/L","Humid","21.116","deg","81921","µV","27.749","°C","1016.000","hPa","35.3","pmil","0","53.237","deg","23.954","°C","100.000","%a.s.","21.023","deg","23.635","°C","1019.000","hPa","0.861","-0.02617","0.00035","0","0","13.56","Humid","28.00","0","54.00","364610.35","SABD0000000001","AAV1.0.0.11","1.1.2.0","PSt7-10","170328-007","9/30/2017 19:06:43","0000-00","0","no battery","V"
"09/09/2020","09:30:00","2","default","115855972","OXY_CH2","4.427","min","189.981","µmol/L","Humid","21.106","deg","81925","µV","27.754","°C","1016.000","hPa","35.3","pmil","0","53.237","deg","23.954","°C","100.000","%a.s.","21.023","deg","23.635","°C","1019.000","hPa","0.861","-0.02617","0.00035","0","0","13.56","Humid","28.00","0","54.00","364604.95","SABD0000000001","AAV1.0.0.11","1.1.2.0","PSt7-10","170328-007","9/30/2017 19:06:43","0000-00","0","no battery","V"
"09/09/2020","09:30:01","2","default","115855972","OXY_CH2","4.444","min","189.932","µmol/L","Humid","21.110","deg","81920","µV","27.751","°C","1016.000","hPa","35.3","pmil","0","53.237","deg","23.954","°C","100.000","%a.s.","21.023","deg","23.635","°C","1019.000","hPa","0.861","-0.02617","0.00035","0","0","13.56","Humid","28.00","0","54.00","364602.27","SABD0000000001","AAV1.0.0.11","1.1.2.0","PSt7-10","170328-007","9/30/2017 19:06:43","0000-00","0","no battery","V"
"09/09/2020","09:30:02","2","default","115855972","OXY_CH2","4.460","min","189.995","µmol/L","Humid","21.108","deg","81921","µV","27.746","°C","1016.000","hPa","35.3","pmil","0","53.237","deg","23.954","°C","100.000","%a.s.","21.023","deg","23.635","°C","1019.000","hPa","0.861","-0.02617","0.00035","0","0","13.56","Humid","28.00","0","54.00","364597.69","SABD0000000001","AAV1.0.0.11","1.1.2.0","PSt7-10","170328-007","9/30/2017 19:06:43","0000-00","0","no battery","V"
"09/09/2020","09:30:03","2","default","115855972","OXY_CH2","4.477","min","189.735","µmol/L","Humid","21.118","deg","81914","µV","27.761","°C","1016.000","hPa","35.3","pmil","0","53.237","deg","23.954","°C","100.000","%a.s.","21.023","deg","23.635","°C","1019.000","hPa","0.861","-0.02617","0.00035","0","0","13.56","Humid","28.00","0","54.00","364603.64","SABD0000000001","AAV1.0.0.11","1.1.2.0","PSt7-10","170328-007","9/30/2017 19:06:43","0000-00","0","no battery","V"
"09/09/2020","09:30:04","2","default","115855972","OXY_CH2","4.494","min","189.924","µmol/L","Humid","21.109","deg","81914","µV","27.755","°C","1016.000","hPa","35.3","pmil","0","53.237","deg","23.954","°C","100.000","%a.s.","21.023","deg","23.635","°C","1019.000","hPa","0.861","-0.02617","0.00035","0","0","13.56","Humid","28.00","0","54.00","364599.45","SABD0000000001","AAV1.0.0.11","1.1.2.0","PSt7-10","170328-007","9/30/2017 19:06:43","0000-00","0","no battery","V"
"09/09/2020","09:30:05","2","default","115855972","OXY_CH2","4.511","min","189.854","µmol/L","Humid","21.111","deg","81920","µV","27.761","°C","1016.000","hPa","35.3","pmil","0","53.237","deg","23.954","°C","100.000","%a.s.","21.023","deg","23.635","°C","1019.000","hPa","0.861","-0.02617","0.00035","0","0","13.56","Humid","28.00","0","54.00","364605.13","SABD0000000001","AAV1.0.0.11","1.1.2.0","PSt7-10","170328-007","9/30/2017 19:06:43","0000-00","0","no battery","V"
"09/09/2020","09:30:06","2","default","115855972","OXY_CH2","4.527","min","189.805","µmol/L","Humid","21.113","deg","81923","µV","27.764","°C","1016.000","hPa","35.3","pmil","0","53.237","deg","23.954","°C","100.000","%a.s.","21.023","deg","23.635","°C","1019.000","hPa","0.861","-0.02617","0.00035","0","0","13.56","Humid","28.00","0","54.00","364598.49","SABD0000000001","AAV1.0.0.11","1.1.2.0","PSt7-10","170328-007","9/30/2017 19:06:43","0000-00","0","no battery","V"
"09/09/2020","09:30:07","2","default","115855972","OXY_CH2","4.544","min","189.846","µmol/L","Humid","21.111","deg","81922","µV","27.762","°C","1016.000","hPa","35.3","pmil","0","53.237","deg","23.954","°C","100.000","%a.s.","21.023","deg","23.635","°C","1019.000","hPa","0.861","-0.02617","0.00035","0","0","13.56","Humid","28.00","0","54.00","364614.35","SABD0000000001","AAV1.0.0.11","1.1.2.0","PSt7-10","170328-007","9/30/2017 19:06:43","0000-00","0","no battery","V"
"09/09/2020","09:30:08","2","default","115855972","OXY_CH2","4.561","min","189.866","µmol/L","Humid","21.110","deg","81926","µV","27.762","°C","1016.000","hPa","35.3","pmil","0","53.237","deg","23.954","°C","100.000","%a.s.","21.023","deg","23.635","°C","1019.000","hPa","0.861","-0.02617","0.00035","0","0","13.56","Humid","28.00","0","54.00","364603.21","SABD0000000001","AAV1.0.0.11","1.1.2.0","PSt7-10","170328-007","9/30/2017 19:06:43","0000-00","0","no battery","V"
"09/09/2020","09:30:09","2","default","115855972","OXY_CH2","4.578","min","189.971","µmol/L","Humid","21.103","deg","81917","µV","27.765","°C","1016.000","hPa","35.3","pmil","0","53.237","deg","23.954","°C","100.000","%a.s.","21.023","deg","23.635","°C","1019.000","hPa","0.861","-0.02617","0.00035","0","0","13.56","Humid","28.00","0","54.00","364581.88","SABD0000000001","AAV1.0.0.11","1.1.2.0","PSt7-10","170328-007","9/30/2017 19:06:43","0000-00","0","no battery","V"
"09/09/2020","09:30:10","2","default","115855972","OXY_CH2","4.594","min","189.894","µmol/L","Humid","21.108","deg","81916","µV","27.763","°C","1016.000","hPa","35.3","pmil","0","53.237","deg","23.954","°C","100.000","%a.s.","21.023","deg","23.635","°C","1019.000","hPa","0.861","-0.02617","0.00035","0","0","13.56","Humid","28.00","0","54.00","364594.59","SABD0000000001","AAV1.0.0.11","1.1.2.0","PSt7-10","170328-007","9/30/2017 19:06:43","0000-00","0","no battery","V"
"09/09/2020","09:30:11","2","default","115855972","OXY_CH2","4.611","min","189.741","µmol/L","Humid","21.112","deg","81921","µV","27.778","°C","1016.000","hPa","35.3","pmil","0","53.237","deg","23.954","°C","100.000","%a.s.","21.023","deg","23.635","°C","1019.000","hPa","0.861","-0.02617","0.00035","0","0","13.56","Humid","28.00","0","54.00","364606.01","SABD0000000001","AAV1.0.0.11","1.1.2.0","PSt7-10","170328-007","9/30/2017 19:06:43","0000-00","0","no battery","V"
"09/09/2020","09:30:12","2","default","115855972","OXY_CH2","4.627","min","189.819","µmol/L","Humid","21.106","deg","81915","µV","27.782","°C","1016.000","hPa","35.3","pmil","0","53.237","deg","23.954","°C","100.000","%a.s.","21.023","deg","23.635","°C","1019.000","hPa","0.861","-0.02617","0.00035","0","0","13.56","Humid","28.00","0","54.00","364583.46","SABD0000000001","AAV1.0.0.11","1.1.2.0","PSt7-10","170328-007","9/30/2017 19:06:43","0000-00","0","no battery","V"
"09/09/2020","09:30:13","2","default","115855972","OXY_CH2","4.644","min","189.808","µmol/L","Humid","21.110","deg","81918","µV","27.772","°C","1016.000","hPa","35.3","pmil","0","53.237","deg","23.954","°C","100.000","%a.s.","21.023","deg","23.635","°C","1019.000","hPa","0.861","-0.02617","0.00035","0","0","13.56","Humid","28.00","0","54.00","364595.27","SABD0000000001","AAV1.0.0.11","1.1.2.0","PSt7-10","170328-007","9/30/2017 19:06:43","0000-00","0","no battery","V"
"09/09/2020","09:30:14","2","default","115855972","OXY_CH2","4.661","min","189.808","µmol/L","Humid","21.111","deg","81916","µV","27.769","°C","1016.000","hPa","35.3","pmil","0","53.237","deg","23.954","°C","100.000","%a.s.","21.023","deg","23.635","°C","1019.000","hPa","0.861","-0.02617","0.00035","0","0","13.56","Humid","28.00","0","54.00","364586.25","SABD0000000001","AAV1.0.0.11","1.1.2.0","PSt7-10","170328-007","9/30/2017 19:06:43","0000-00","0","no battery","V"
"09/09/2020","09:30:15","2","default","115855972","OXY_CH2","4.677","min","189.972","µmol/L","Humid","21.102","deg","81910","µV","27.767","°C","1016.000","hPa","35.3","pmil","0","53.237","deg","23.954","°C","100.000","%a.s.","21.023","deg","23.635","°C","1019.000","hPa","0.861","-0.02617","0.00035","0","0","13.56","Humid","28.00","0","54.00","364584.79","SABD0000000001","AAV1.0.0.11","1.1.2.0","PSt7-10","170328-007","9/30/2017 19:06:43","0000-00","0","no battery","V"
"09/09/2020","09:30:16","2","default","115855972","OXY_CH2","4.694","min","189.796","µmol/L","Humid","21.110","deg","81913","µV","27.774","°C","1016.000","hPa","35.3","pmil","0","53.237","deg","23.954","°C","100.000","%a.s.","21.023","deg","23.635","°C","1019.000","hPa","0.861","-0.02617","0.00035","0","0","13.56","Humid","28.00","0","54.00","364585.38","SABD0000000001","AAV1.0.0.11","1.1.2.0","PSt7-10","170328-007","9/30/2017 19:06:43","0000-00","0","no battery","V"
"09/09/2020","09:30:17","2","default","115855972","OXY_CH2","4.710","min","189.721","µmol/L","Humid","21.112","deg","81907","µV","27.781","°C","1016.000","hPa","35.3","pmil","0","53.237","deg","23.954","°C","100.000","%a.s.","21.023","deg","23.635","°C","1019.000","hPa","0.861","-0.02617","0.00035","0","0","13.56","Humid","28.00","0","54.00","364577.87","SABD0000000001","AAV1.0.0.11","1.1.2.0","PSt7-10","170328-007","9/30/2017 19:06:43","0000-00","0","no battery","V"
"09/09/2020","09:30:18","2","default","115855972","OXY_CH2","4.727","min","189.808","µmol/L","Humid","21.109","deg","81901","µV","27.775","°C","1016.000","hPa","35.3","pmil","0","53.237","deg","23.954","°C","100.000","%a.s.","21.023","deg","23.635","°C","1019.000","hPa","0.861","-0.02617","0.00035","0","0","13.56","Humid","28.00","0","54.00","364572.42","SABD0000000001","AAV1.0.0.11","1.1.2.0","PSt7-10","170328-007","9/30/2017 19:06:43","0000-00","0","no battery","V"
"09/09/2020","09:30:19","2","default","115855972","OXY_CH2","4.744","min","189.887","µmol/L","Humid","21.111","deg","81909","µV","27.755","°C","1016.000","hPa","35.3","pmil","0","53.237","deg","23.954","°C","100.000","%a.s.","21.023","deg","23.635","°C","1019.000","hPa","0.861","-0.02617","0.00035","0","0","13.56","Humid","28.00","0","54.00","364577.27","SABD0000000001","AAV1.0.0.11","1.1.2.0","PSt7-10","170328-007","9/30/2017 19:06:43","0000-00","0","no battery","V"
"09/09/2020","09:30:20","2","default","115855972","OXY_CH2","4.760","min","189.783","µmol/L","Humid","21.112","deg","81904","µV","27.770","°C","1016.000","hPa","35.3","pmil","0","53.237","deg","23.954","°C","100.000","%a.s.","21.023","deg","23.635","°C","1019.000","hPa","0.861","-0.02617","0.00035","0","0","13.56","Humid","28.00","0","54.00","364577.90","SABD0000000001","AAV1.0.0.11","1.1.2.0","PSt7-10","170328-007","9/30/2017 19:06:43","0000-00","0","no battery","V"
"09/09/2020","09:30:21","2","default","115855972","OXY_CH2","4.778","min","189.824","µmol/L","Humid","21.108","deg","81909","µV","27.775","°C","1016.000","hPa","35.3","pmil","0","53.237","deg","23.954","°C","100.000","%a.s.","21.023","deg","23.635","°C","1019.000","hPa","0.861","-0.02617","0.00035","0","0","13.56","Humid","28.00","0","54.00","364573.06","SABD0000000001","AAV1.0.0.11","1.1.2.0","PSt7-10","170328-007","9/30/2017 19:06:43","0000-00","0","no battery","V"
"09/09/2020","09:30:22","2","default","115855972","OXY_CH2","4.794","min","189.732","µmol/L","Humid","21.112","deg","81903","µV","27.779","°C","1016.000","hPa","35.3","pmil","0","53.237","deg","23.954","°C","100.000","%a.s.","21.023","deg","23.635","°C","1019.000","hPa","0.861","-0.02617","0.00035","0","0","13.56","Humid","28.00","0","54.00","364561.75","SABD0000000001","AAV1.0.0.11","1.1.2.0","PSt7-10","170328-007","9/30/2017 19:06:43","0000-00","0","no battery","V"
"09/09/2020","09:30:23","2","default","115855972","OXY_CH2","4.811","min","189.802","µmol/L","Humid","21.109","deg","81907","µV","27.776","°C","1016.000","hPa","35.3","pmil","0","53.237","deg","23.954","°C","100.000","%a.s.","21.023","deg","23.635","°C","1019.000","hPa","0.861","-0.02617","0.00035","0","0","13.56","Humid","28.00","0","54.00","364561.35","SABD0000000001","AAV1.0.0.11","1.1.2.0","PSt7-10","170328-007","9/30/2017 19:06:43","0000-00","0","no battery","V"
"09/09/2020","09:30:24","2","default","115855972","OXY_CH2","4.827","min","189.784","µmol/L","Humid","21.111","deg","81898","µV","27.773","°C","1016.000","hPa","35.3","pmil","0","53.237","deg","23.954","°C","100.000","%a.s.","21.023","deg","23.635","°C","1019.000","hPa","0.861","-0.02617","0.00035","0","0","13.56","Humid","28.00","0","54.00","364567.97","SABD0000000001","AAV1.0.0.11","1.1.2.0","PSt7-10","170328-007","9/30/2017 19:06:43","0000-00","0","no battery","V"
"09/09/2020","09:30:25","2","default","115855972","OXY_CH2","4.844","min","189.895","µmol/L","Humid","21.105","deg","81899","µV","27.772","°C","1016.000","hPa","35.3","pmil","0","53.237","deg","23.954","°C","100.000","%a.s.","21.023","deg","23.635","°C","1019.000","hPa","0.861","-0.02617","0.00035","0","0","13.56","Humid","28.00","0","54.00","364552.45","SABD0000000001","AAV1.0.0.11","1.1.2.0","PSt7-10","170328-007","9/30/2017 19:06:43","0000-00","0","no battery","V"
"09/09/2020","09:30:26","2","default","115855972","OXY_CH2","4.860","min","189.841","µmol/L","Humid","21.108","deg","81890","µV","27.772","°C","1016.000","hPa","35.3","pmil","0","53.237","deg","23.954","°C","100.000","%a.s.","21.023","deg","23.635","°C","1019.000","hPa","0.861","-0.02617","0.00035","0","0","13.56","Humid","28.00","0","54.00","364532.84","SABD0000000001","AAV1.0.0.11","1.1.2.0","PSt7-10","170328-007","9/30/2017 19:06:43","0000-00","0","no battery","V"
"09/09/2020","09:30:27","2","default","115855972","OXY_CH2","4.877","min","189.901","µmol/L","Humid","21.109","deg","81892","µV","27.759","°C","1016.000","hPa","35.3","pmil","0","53.237","deg","23.954","°C","100.000","%a.s.","21.023","deg","23.635","°C","1019.000","hPa","0.861","-0.02617","0.00035","0","0","13.56","Humid","28.00","0","54.00","364535.58","SABD0000000001","AAV1.0.0.11","1.1.2.0","PSt7-10","170328-007","9/30/2017 19:06:43","0000-00","0","no battery","V"
"09/09/2020","09:30:28","2","default","115855972","OXY_CH2","4.894","min","189.742","µmol/L","Humid","21.110","deg","81895","µV","27.784","°C","1016.000","hPa","35.3","pmil","0","53.237","deg","23.954","°C","100.000","%a.s.","21.023","deg","23.635","°C","1019.000","hPa","0.861","-0.02617","0.00035","0","0","13.56","Humid","28.00","0","54.00","364548.69","SABD0000000001","AAV1.0.0.11","1.1.2.0","PSt7-10","170328-007","9/30/2017 19:06:43","0000-00","0","no battery","V"
"09/09/2020","09:30:29","2","default","115855972","OXY_CH2","4.911","min","189.838","µmol/L","Humid","21.104","deg","81894","µV","27.785","°C","1016.000","hPa","35.3","pmil","0","53.237","deg","23.954","°C","100.000","%a.s.","21.023","deg","23.635","°C","1019.000","hPa","0.861","-0.02617","0.00035","0","0","13.56","Humid","28.00","0","54.00","364552.51","SABD0000000001","AAV1.0.0.11","1.1.2.0","PSt7-10","170328-007","9/30/2017 19:06:43","0000-00","0","no battery","V"
"09/09/2020","09:30:30","2","default","115855972","OXY_CH2","4.928","min","189.702","µmol/L","Humid","21.111","deg","81904","µV","27.787","°C","1016.000","hPa","35.3","pmil","0","53.237","deg","23.954","°C","100.000","%a.s.","21.023","deg","23.635","°C","1019.000","hPa","0.861","-0.02617","0.00035","0","0","13.56","Humid","28.00","0","54.00","364547.71","SABD0000000001","AAV1.0.0.11","1.1.2.0","PSt7-10","170328-007","9/30/2017 19:06:43","0000-00","0","no battery","V"
"09/09/2020","09:30:31","2","default","115855972","OXY_CH2","4.944","min","189.751","µmol/L","Humid","21.111","deg","81899","µV","27.779","°C","1016.000","hPa","35.3","pmil","0","53.237","deg","23.954","°C","100.000","%a.s.","21.023","deg","23.635","°C","1019.000","hPa","0.861","-0.02617","0.00035","0","0","13.56","Humid","28.00","0","54.00","364543.90","SABD0000000001","AAV1.0.0.11","1.1.2.0","PSt7-10","170328-007","9/30/2017 19:06:43","0000-00","0","no battery","V"
"09/09/2020","09:30:32","2","default","115855972","OXY_CH2","4.960","min","189.764","µmol/L","Humid","21.110","deg","81898","µV","27.780","°C","1016.000","hPa","35.3","pmil","0","53.237","deg","23.954","°C","100.000","%a.s.","21.023","deg","23.635","°C","1019.000","hPa","0.861","-0.02617","0.00035","0","0","13.56","Humid","28.00","0","54.00","364551.62","SABD0000000001","AAV1.0.0.11","1.1.2.0","PSt7-10","170328-007","9/30/2017 19:06:43","0000-00","0","no battery","V"
"09/09/2020","09:30:33","2","default","115855972","OXY_CH2","4.977","min","189.726","µmol/L","Humid","21.109","deg","81893","µV","27.789","°C","1016.000","hPa","35.3","pmil","0","53.237","deg","23.954","°C","100.000","%a.s.","21.023","deg","23.635","°C","1019.000","hPa","0.861","-0.02617","0.00035","0","0","13.56","Humid","28.00","0","54.00","364553.75","SABD0000000001","AAV1.0.0.11","1.1.2.0","PSt7-10","170328-007","9/30/2017 19:06:43","0000-00","0","no battery","V"
"09/09/2020","09:30:34","2","default","115855972","OXY_CH2","4.994","min","189.645","µmol/L","Humid","21.113","deg","81899","µV","27.791","°C","1016.000","hPa","35.3","pmil","0","53.237","deg","23.954","°C","100.000","%a.s.","21.023","deg","23.635","°C","1019.000","hPa","0.861","-0.02617","0.00035","0","0","13.56","Humid","28.00","0","54.00","364528.84","SABD0000000001","AAV1.0.0.11","1.1.2.0","PSt7-10","170328-007","9/30/2017 19:06:43","0000-00","0","no battery","V"
"09/09/2020","09:30:35","2","default","115855972","OXY_CH2","5.011","min","189.749","µmol/L","Humid","21.111","deg","81892","µV","27.779","°C","1016.000","hPa","35.3","pmil","0","53.237","deg","23.954","°C","100.000","%a.s.","21.023","deg","23.635","°C","1019.000","hPa","0.861","-0.02617","0.00035","0","0","13.56","Humid","28.00","0","54.00","364534.37","SABD0000000001","AAV1.0.0.11","1.1.2.0","PSt7-10","170328-007","9/30/2017 19:06:43","0000-00","0","no battery","V"
"09/09/2020","09:30:36","2","default","115855972","OXY_CH2","5.028","min","189.752","µmol/L","Humid","21.111","deg","81892","µV","27.779","°C","1016.000","hPa","35.3","pmil","0","53.237","deg","23.954","°C","100.000","%a.s.","21.023","deg","23.635","°C","1019.000","hPa","0.861","-0.02617","0.00035","0","0","13.56","Humid","28.00","0","54.00","364539.30","SABD0000000001","AAV1.0.0.11","1.1.2.0","PSt7-10","170328-007","9/30/2017 19:06:43","0000-00","0","no battery","V"
"09/09/2020","09:30:37","2","default","115855972","OXY_CH2","5.044","min","189.770","µmol/L","Humid","21.109","deg","81888","µV","27.782","°C","1016.000","hPa","35.3","pmil","0","53.237","deg","23.954","°C","100.000","%a.s.","21.023","deg","23.635","°C","1019.000","hPa","0.861","-0.02617","0.00035","0","0","13.56","Humid","28.00","0","54.00","364534.24","SABD0000000001","AAV1.0.0.11","1.1.2.0","PSt7-10","170328-007","9/30/2017 19:06:43","0000-00","0","no battery","V"
"09/09/2020","09:30:38","2","default","115855972","OXY_CH2","5.061","min","189.716","µmol/L","Humid","21.113","deg","81895","µV","27.779","°C","1016.000","hPa","35.3","pmil","0","53.237","deg","23.954","°C","100.000","%a.s.","21.023","deg","23.635","°C","1019.000","hPa","0.861","-0.02617","0.00035","0","0","13.56","Humid","28.00","0","54.00","364535.54","SABD0000000001","AAV1.0.0.11","1.1.2.0","PSt7-10","170328-007","9/30/2017 19:06:43","0000-00","0","no battery","V"
"09/09/2020","09:30:39","2","default","115855972","OXY_CH2","5.078","min","189.773","µmol/L","Humid","21.104","deg","81889","µV","27.796","°C","1016.000","hPa","35.3","pmil","0","53.237","deg","23.954","°C","100.000","%a.s.","21.023","deg","23.635","°C","1019.000","hPa","0.861","-0.02617","0.00035","0","0","13.56","Humid","28.00","0","54.00","364527.69","SABD0000000001","AAV1.0.0.11","1.1.2.0","PSt7-10","170328-007","9/30/2017 19:06:43","0000-00","0","no battery","V"
"09/09/2020","09:30:40","2","default","115855972","OXY_CH2","5.094","min","189.740","µmol/L","Humid","21.109","deg","81889","µV","27.787","°C","1016.000","hPa","35.3","pmil","0","53.237","deg","23.954","°C","100.000","%a.s.","21.023","deg","23.635","°C","1019.000","hPa","0.861","-0.02617","0.00035","0","0","13.56","Humid","28.00","0","54.00","364540.06","SABD0000000001","AAV1.0.0.11","1.1.2.0","PSt7-10","170328-007","9/30/2017 19:06:43","0000-00","0","no battery","V"
"09/09/2020","09:30:41","2","default","115855972","OXY_CH2","5.111","min","189.679","µmol/L","Humid","21.110","deg","81883","µV","27.794","°C","1016.000","hPa","35.3","pmil","0","53.237","deg","23.954","°C","100.000","%a.s.","21.023","deg","23.635","°C","1019.000","hPa","0.861","-0.02617","0.00035","0","0","13.56","Humid","28.00","0","54.00","364527.39","SABD0000000001","AAV1.0.0.11","1.1.2.0","PSt7-10","170328-007","9/30/2017 19:06:43","0000-00","0","no battery","V"
"09/09/2020","09:30:42","2","default","115855972","OXY_CH2","5.127","min","189.822","µmol/L","Humid","21.105","deg","81887","µV","27.784","°C","1016.000","hPa","35.3","pmil","0","53.237","deg","23.954","°C","100.000","%a.s.","21.023","deg","23.635","°C","1019.000","hPa","0.861","-0.02617","0.00035","0","0","13.56","Humid","28.00","0","54.00","364520.12","SABD0000000001","AAV1.0.0.11","1.1.2.0","PSt7-10","170328-007","9/30/2017 19:06:43","0000-00","0","no battery","V"
"09/09/2020","09:30:43","2","default","115855972","OXY_CH2","5.144","min","189.790","µmol/L","Humid","21.107","deg","81887","µV","27.784","°C","1016.000","hPa","35.3","pmil","0","53.237","deg","23.954","°C","100.000","%a.s.","21.023","deg","23.635","°C","1019.000","hPa","0.861","-0.02617","0.00035","0","0","13.56","Humid","28.00","0","54.00","364520.34","SABD0000000001","AAV1.0.0.11","1.1.2.0","PSt7-10","170328-007","9/30/2017 19:06:43","0000-00","0","no battery","V"
"09/09/2020","09:30:44","2","default","115855972","OXY_CH2","5.161","min","189.720","µmol/L","Humid","21.107","deg","81884","µV","27.796","°C","1016.000","hPa","35.3","pmil","0","53.237","deg","23.954","°C","100.000","%a.s.","21.023","deg","23.635","°C","1019.000","hPa","0.861","-0.02617","0.00035","0","0","13.56","Humid","28.00","0","54.00","364527.61","SABD0000000001","AAV1.0.0.11","1.1.2.0","PSt7-10","170328-007","9/30/2017 19:06:43","0000-00","0","no battery","V"
"09/09/2020","09:30:45","2","default","115855972","OXY_CH2","5.177","min","189.809","µmol/L","Humid","21.105","deg","81886","µV","27.787","°C","1016.000","hPa","35.3","pmil","0","53.237","deg","23.954","°C","100.000","%a.s.","21.023","deg","23.635","°C","1019.000","hPa","0.861","-0.02617","0.00035","0","0","13.56","Humid","28.00","0","54.00","364508.07","SABD0000000001","AAV1.0.0.11","1.1.2.0","PSt7-10","170328-007","9/30/2017 19:06:43","0000-00","0","no battery","V"
"09/09/2020","09:30:46","2","default","115855972","OXY_CH2","5.194","min","189.741","µmol/L","Humid","21.105","deg","81883","µV","27.799","°C","1016.000","hPa","35.3","pmil","0","53.237","deg","23.954","°C","100.000","%a.s.","21.023","deg","23.635","°C","1019.000","hPa","0.861","-0.02617","0.00035","0","0","13.56","Humid","28.00","0","54.00","364521.71","SABD0000000001","AAV1.0.0.11","1.1.2.0","PSt7-10","170328-007","9/30/2017 19:06:43","0000-00","0","no battery","V"
"09/09/2020","09:30:47","2","default","115855972","OXY_CH2","5.211","min","189.784","µmol/L","Humid","21.108","deg","81888","µV","27.782","°C","1016.000","hPa","35.3","pmil","0","53.237","deg","23.954","°C","100.000","%a.s.","21.023","deg","23.635","°C","1019.000","hPa","0.861","-0.02617","0.00035","0","0","13.56","Humid","28.00","0","54.00","364507.42","SABD0000000001","AAV1.0.0.11","1.1.2.0","PSt7-10","170328-007","9/30/2017 19:06:43","0000-00","0","no battery","V"
"09/09/2020","09:30:48","2","default","115855972","OXY_CH2","5.227","min","189.618","µmol/L","Humid","21.110","deg","81881","µV","27.805","°C","1016.000","hPa","35.3","pmil","0","53.237","deg","23.954","°C","100.000","%a.s.","21.023","deg","23.635","°C","1019.000","hPa","0.861","-0.02617","0.00035","0","0","13.56","Humid","28.00","0","54.00","364495.86","SABD0000000001","AAV1.0.0.11","1.1.2.0","PSt7-10","170328-007","9/30/2017 19:06:43","0000-00","0","no battery","V"
"09/09/2020","09:30:49","2","default","115855972","OXY_CH2","5.244","min","189.617","µmol/L","Humid","21.109","deg","81878","µV","27.808","°C","1016.000","hPa","35.3","pmil","0","53.237","deg","23.954","°C","100.000","%a.s.","21.023","deg","23.635","°C","1019.000","hPa","0.861","-0.02617","0.00035","0","0","13.56","Humid","28.00","0","54.00","364502.61","SABD0000000001","AAV1.0.0.11","1.1.2.0","PSt7-10","170328-007","9/30/2017 19:06:43","0000-00","0","no battery","V"
"09/09/2020","09:30:50","2","default","115855972","OXY_CH2","5.260","min","189.518","µmol/L","Humid","21.110","deg","81876","µV","27.822","°C","1016.000","hPa","35.3","pmil","0","53.237","deg","23.954","°C","100.000","%a.s.","21.023","deg","23.635","°C","1019.000","hPa","0.861","-0.02617","0.00035","0","0","13.56","Humid","28.00","0","54.00","364495.51","SABD0000000001","AAV1.0.0.11","1.1.2.0","PSt7-10","170328-007","9/30/2017 19:06:43","0000-00","0","no battery","V"
"09/09/2020","09:30:51","2","default","115855972","OXY_CH2","5.277","min","189.728","µmol/L","Humid","21.102","deg","81878","µV","27.810","°C","1016.000","hPa","35.3","pmil","0","53.237","deg","23.954","°C","100.000","%a.s.","21.023","deg","23.635","°C","1019.000","hPa","0.861","-0.02617","0.00035","0","0","13.56","Humid","28.00","0","54.00","364497.05","SABD0000000001","AAV1.0.0.11","1.1.2.0","PSt7-10","170328-007","9/30/2017 19:06:43","0000-00","0","no battery","V"
"09/09/2020","09:30:52","2","default","115855972","OXY_CH2","5.294","min","189.600","µmol/L","Humid","21.111","deg","81873","µV","27.805","°C","1016.000","hPa","35.3","pmil","0","53.237","deg","23.954","°C","100.000","%a.s.","21.023","deg","23.635","°C","1019.000","hPa","0.861","-0.02617","0.00035","0","0","13.56","Humid","28.00","0","54.00","364490.20","SABD0000000001","AAV1.0.0.11","1.1.2.0","PSt7-10","170328-007","9/30/2017 19:06:43","0000-00","0","no battery","V"
"09/09/2020","09:30:53","2","default","115855972","OXY_CH2","5.311","min","189.643","µmol/L","Humid","21.109","deg","81875","µV","27.804","°C","1016.000","hPa","35.3","pmil","0","53.237","deg","23.954","°C","100.000","%a.s.","21.023","deg","23.635","°C","1019.000","hPa","0.861","-0.02617","0.00035","0","0","13.56","Humid","28.00","0","54.00","364484.59","SABD0000000001","AAV1.0.0.11","1.1.2.0","PSt7-10","170328-007","9/30/2017 19:06:43","0000-00","0","no battery","V"
"09/09/2020","09:30:54","2","default","115855972","OXY_CH2","5.327","min","189.755","µmol/L","Humid","21.104","deg","81872","µV","27.799","°C","1016.000","hPa","35.3","pmil","0","53.237","deg","23.954","°C","100.000","%a.s.","21.023","deg","23.635","°C","1019.000","hPa","0.861","-0.02617","0.00035","0","0","13.56","Humid","28.00","0","54.00","364474.07","SABD0000000001","AAV1.0.0.11","1.1.2.0","PSt7-10","170328-007","9/30/2017 19:06:43","0000-00","0","no battery","V"
"09/09/2020","09:30:55","2","default","115855972","OXY_CH2","5.344","min","189.643","µmol/L","Humid","21.106","deg","81880","µV","27.813","°C","1016.000","hPa","35.3","pmil","0","53.237","deg","23.954","°C","100.000","%a.s.","21.023","deg","23.635","°C","1019.000","hPa","0.861","-0.02617","0.00035","0","0","13.56","Humid","28.00","0","54.00","364497.33","SABD0000000001","AAV1.0.0.11","1.1.2.0","PSt7-10","170328-007","9/30/2017 19:06:43","0000-00","0","no battery","V"
"09/09/2020","09:30:56","2","default","115855972","OXY_CH2","5.361","min","189.599","µmol/L","Humid","21.106","deg","81872","µV","27.820","°C","1016.000","hPa","35.3","pmil","0","53.237","deg","23.954","°C","100.000","%a.s.","21.023","deg","23.635","°C","1019.000","hPa","0.861","-0.02617","0.00035","0","0","13.56","Humid","28.00","0","54.00","364480.34","SABD0000000001","AAV1.0.0.11","1.1.2.0","PSt7-10","170328-007","9/30/2017 19:06:43","0000-00","0","no battery","V"
"09/09/2020","09:30:57","2","default","115855972","OXY_CH2","5.377","min","189.680","µmol/L","Humid","21.108","deg","81872","µV","27.800","°C","1016.000","hPa","35.3","pmil","0","53.237","deg","23.954","°C","100.000","%a.s.","21.023","deg","23.635","°C","1019.000","hPa","0.861","-0.02617","0.00035","0","0","13.56","Humid","28.00","0","54.00","364493.05","SABD0000000001","AAV1.0.0.11","1.1.2.0","PSt7-10","170328-007","9/30/2017 19:06:43","0000-00","0","no battery","V"
"09/09/2020","09:30:58","2","default","115855972","OXY_CH2","5.394","min","189.706","µmol/L","Humid","21.105","deg","81876","µV","27.804","°C","1016.000","hPa","35.3","pmil","0","53.237","deg","23.954","°C","100.000","%a.s.","21.023","deg","23.635","°C","1019.000","hPa","0.861","-0.02617","0.00035","0","0","13.56","Humid","28.00","0","54.00","364487.76","SABD0000000001","AAV1.0.0.11","1.1.2.0","PSt7-10","170328-007","9/30/2017 19:06:43","0000-00","0","no battery","V"
"09/09/2020","09:30:59","2","default","115855972","OXY_CH2","5.410","min","189.644","µmol/L","Humid","21.106","deg","81877","µV","27.812","°C","1016.000","hPa","35.3","pmil","0","53.237","deg","23.954","°C","100.000","%a.s.","21.023","deg","23.635","°C","1019.000","hPa","0.861","-0.02617","0.00035","0","0","13.56","Humid","28.00","0","54.00","364474.20","SABD0000000001","AAV1.0.0.11","1.1.2.0","PSt7-10","170328-007","9/30/2017 19:06:43","0000-00","0","no battery","V"
"09/09/2020","09:31:00","2","default","115855972","OXY_CH2","5.428","min","189.644","µmol/L","Humid","21.105","deg","81868","µV","27.815","°C","1016.000","hPa","35.3","pmil","0","53.237","deg","23.954","°C","100.000","%a.s.","21.023","deg","23.635","°C","1019.000","hPa","0.861","-0.02617","0.00035","0","0","13.56","Humid","28.00","0","54.00","364479.99","SABD0000000001","AAV1.0.0.11","1.1.2.0","PSt7-10","170328-007","9/30/2017 19:06:43","0000-00","0","no battery","V"
"09/09/2020","09:31:01","2","default","115855972","OXY_CH2","5.444","min","189.645","µmol/L","Humid","21.104","deg","81873","µV","27.818","°C","1016.000","hPa","35.3","pmil","0","53.237","deg","23.954","°C","100.000","%a.s.","21.023","deg","23.635","°C","1019.000","hPa","0.861","-0.02617","0.00035","0","0","13.56","Humid","28.00","0","54.00","364473.11","SABD0000000001","AAV1.0.0.11","1.1.2.0","PSt7-10","170328-007","9/30/2017 19:06:43","0000-00","0","no battery","V"
"09/09/2020","09:31:02","2","default","115855972","OXY_CH2","5.461","min","189.683","µmol/L","Humid","21.106","deg","81865","µV","27.806","°C","1016.000","hPa","35.3","pmil","0","53.237","deg","23.954","°C","100.000","%a.s.","21.023","deg","23.635","°C","1019.000","hPa","0.861","-0.02617","0.00035","0","0","13.56","Humid","28.00","0","54.00","364473.34","SABD0000000001","AAV1.0.0.11","1.1.2.0","PSt7-10","170328-007","9/30/2017 19:06:43","0000-00","0","no battery","V"
"09/09/2020","09:31:03","2","default","115855972","OXY_CH2","5.478","min","189.633","µmol/L","Humid","21.109","deg","81864","µV","27.805","°C","1016.000","hPa","35.3","pmil","0","53.237","deg","23.954","°C","100.000","%a.s.","21.023","deg","23.635","°C","1019.000","hPa","0.861","-0.02617","0.00035","0","0","13.56","Humid","28.00","0","54.00","364472.43","SABD0000000001","AAV1.0.0.11","1.1.2.0","PSt7-10","170328-007","9/30/2017 19:06:43","0000-00","0","no battery","V"
"09/09/2020","09:31:04","2","default","115855972","OXY_CH2","5.494","min","189.655","µmol/L","Humid","21.107","deg","81866","µV","27.808","°C","1016.000","hPa","35.3","pmil","0","53.237","deg","23.954","°C","100.000","%a.s.","21.023","deg","23.635","°C","1019.000","hPa","0.861","-0.02617","0.00035","0","0","13.56","Humid","28.00","0","54.00","364467.91","SABD0000000001","AAV1.0.0.11","1.1.2.0","PSt7-10","170328-007","9/30/2017 19:06:43","0000-00","0","no battery","V"
"09/09/2020","09:31:05","2","default","115855972","OXY_CH2","5.511","min","189.668","µmol/L","Humid","21.106","deg","81868","µV","27.808","°C","1016.000","hPa","35.3","pmil","0","53.237","deg","23.954","°C","100.000","%a.s.","21.023","deg","23.635","°C","1019.000","hPa","0.861","-0.02617","0.00035","0","0","13.56","Humid","28.00","0","54.00","364471.79","SABD0000000001","AAV1.0.0.11","1.1.2.0","PSt7-10","170328-007","9/30/2017 19:06:43","0000-00","0","no battery","V"
"09/09/2020","09:31:06","2","default","115855972","OXY_CH2","5.527","min","189.621","µmol/L","Humid","21.108","deg","81862","µV","27.810","°C","1016.000","hPa","35.3","pmil","0","53.237","deg","23.954","°C","100.000","%a.s.","21.023","deg","23.635","°C","1019.000","hPa","0.861","-0.02617","0.00035","0","0","13.56","Humid","28.00","0","54.00","364461.61","SABD0000000001","AAV1.0.0.11","1.1.2.0","PSt7-10","170328-007","9/30/2017 19:06:43","0000-00","0","no battery","V"
"09/09/2020","09:31:07","2","default","115855972","OXY_CH2","5.544","min","189.683","µmol/L","Humid","21.107","deg","81871","µV","27.803","°C","1016.000","hPa","35.3","pmil","0","53.237","deg","23.954","°C","100.000","%a.s.","21.023","deg","23.635","°C","1019.000","hPa","0.861","-0.02617","0.00035","0","0","13.56","Humid","28.00","0","54.00","364461.93","SABD0000000001","AAV1.0.0.11","1.1.2.0","PSt7-10","170328-007","9/30/2017 19:06:43","0000-00","0","no battery","V"
"09/09/2020","09:31:08","2","default","115855972","OXY_CH2","5.561","min","189.632","µmol/L","Humid","21.107","deg","81861","µV","27.811","°C","1016.000","hPa","35.3","pmil","0","53.237","deg","23.954","°C","100.000","%a.s.","21.023","deg","23.635","°C","1019.000","hPa","0.861","-0.02617","0.00035","0","0","13.56","Humid","28.00","0","54.00","364462.66","SABD0000000001","AAV1.0.0.11","1.1.2.0","PSt7-10","170328-007","9/30/2017 19:06:43","0000-00","0","no battery","V"
"09/09/2020","09:31:09","2","default","115855972","OXY_CH2","5.577","min","189.503","µmol/L","Humid","21.108","deg","81866","µV","27.831","°C","1016.000","hPa","35.3","pmil","0","53.237","deg","23.954","°C","100.000","%a.s.","21.023","deg","23.635","°C","1019.000","hPa","0.861","-0.02617","0.00035","0","0","13.56","Humid","28.00","0","54.00","364464.44","SABD0000000001","AAV1.0.0.11","1.1.2.0","PSt7-10","170328-007","9/30/2017 19:06:43","0000-00","0","no battery","V"
"09/09/2020","09:31:10","2","default","115855972","OXY_CH2","5.594","min","189.621","µmol/L","Humid","21.104","deg","81862","µV","27.822","°C","1016.000","hPa","35.3","pmil","0","53.237","deg","23.954","°C","100.000","%a.s.","21.023","deg","23.635","°C","1019.000","hPa","0.861","-0.02617","0.00035","0","0","13.56","Humid","28.00","0","54.00","364464.50","SABD0000000001","AAV1.0.0.11","1.1.2.0","PSt7-10","170328-007","9/30/2017 19:06:43","0000-00","0","no battery","V"
"09/09/2020","09:31:11","2","default","115855972","OXY_CH2","5.611","min","189.524","µmol/L","Humid","21.110","deg","81862","µV","27.821","°C","1016.000","hPa","35.3","pmil","0","53.237","deg","23.954","°C","100.000","%a.s.","21.023","deg","23.635","°C","1019.000","hPa","0.861","-0.02617","0.00035","0","0","13.56","Humid","28.00","0","54.00","364464.66","SABD0000000001","AAV1.0.0.11","1.1.2.0","PSt7-10","170328-007","9/30/2017 19:06:43","0000-00","0","no battery","V"
"09/09/2020","09:31:12","2","default","115855972","OXY_CH2","5.627","min","189.539","µmol/L","Humid","21.105","deg","81858","µV","27.834","°C","1016.000","hPa","35.3","pmil","0","53.237","deg","23.954","°C","100.000","%a.s.","21.023","deg","23.635","°C","1019.000","hPa","0.861","-0.02617","0.00035","0","0","13.56","Humid","28.00","0","54.00","364445.59","SABD0000000001","AAV1.0.0.11","1.1.2.0","PSt7-10","170328-007","9/30/2017 19:06:43","0000-00","0","no battery","V"
"09/09/2020","09:31:13","2","default","115855972","OXY_CH2","5.644","min","189.511","µmol/L","Humid","21.112","deg","81864","µV","27.818","°C","1016.000","hPa","35.3","pmil","0","53.237","deg","23.954","°C","100.000","%a.s.","21.023","deg","23.635","°C","1019.000","hPa","0.861","-0.02617","0.00035","0","0","13.56","Humid","28.00","0","54.00","364444.36","SABD0000000001","AAV1.0.0.11","1.1.2.0","PSt7-10","170328-007","9/30/2017 19:06:43","0000-00","0","no battery","V"
"09/09/2020","09:31:14","2","default","115855972","OXY_CH2","5.661","min","189.667","µmol/L","Humid","21.105","deg","81859","µV","27.811","°C","1016.000","hPa","35.3","pmil","0","53.237","deg","23.954","°C","100.000","%a.s.","21.023","deg","23.635","°C","1019.000","hPa","0.861","-0.02617","0.00035","0","0","13.56","Humid","28.00","0","54.00","364457.36","SABD0000000001","AAV1.0.0.11","1.1.2.0","PSt7-10","170328-007","9/30/2017 19:06:43","0000-00","0","no battery","V"
"09/09/2020","09:31:15","2","default","115855972","OXY_CH2","5.677","min","189.559","µmol/L","Humid","21.110","deg","81854","µV","27.815","°C","1016.000","hPa","35.3","pmil","0","53.237","deg","23.954","°C","100.000","%a.s.","21.023","deg","23.635","°C","1019.000","hPa","0.861","-0.02617","0.00035","0","0","13.56","Humid","28.00","0","54.00","364452.84","SABD0000000001","AAV1.0.0.11","1.1.2.0","PSt7-10","170328-007","9/30/2017 19:06:43","0000-00","0","no battery","V"
"09/09/2020","09:31:16","2","default","115855972","OXY_CH2","5.694","min","189.540","µmol/L","Humid","21.107","deg","81859","µV","27.827","°C","1016.000","hPa","35.3","pmil","0","53.237","deg","23.954","°C","100.000","%a.s.","21.023","deg","23.635","°C","1019.000","hPa","0.861","-0.02617","0.00035","0","0","13.56","Humid","28.00","0","54.00","364444.17","SABD0000000001","AAV1.0.0.11","1.1.2.0","PSt7-10","170328-007","9/30/2017 19:06:43","0000-00","0","no battery","V"
"09/09/2020","09:31:17","2","default","115855972","OXY_CH2","5.710","min","189.471","µmol/L","Humid","21.111","deg","81859","µV","27.827","°C","1016.000","hPa","35.3","pmil","0","53.237","deg","23.954","°C","100.000","%a.s.","21.023","deg","23.635","°C","1019.000","hPa","0.861","-0.02617","0.00035","0","0","13.56","Humid","28.00","0","54.00","364442.81","SABD0000000001","AAV1.0.0.11","1.1.2.0","PSt7-10","170328-007","9/30/2017 19:06:43","0000-00","0","no battery","V"
"09/09/2020","09:31:18","2","default","115855972","OXY_CH2","5.727","min","189.613","µmol/L","Humid","21.107","deg","81855","µV","27.815","°C","1016.000","hPa","35.3","pmil","0","53.237","deg","23.954","°C","100.000","%a.s.","21.023","deg","23.635","°C","1019.000","hPa","0.861","-0.02617","0.00035","0","0","13.56","Humid","28.00","0","54.00","364440.05","SABD0000000001","AAV1.0.0.11","1.1.2.0","PSt7-10","170328-007","9/30/2017 19:06:43","0000-00","0","no battery","V"
"09/09/2020","09:31:19","2","default","115855972","OXY_CH2","5.744","min","189.511","µmol/L","Humid","21.106","deg","81854","µV","27.835","°C","1016.000","hPa","35.3","pmil","0","53.237","deg","23.954","°C","100.000","%a.s.","21.023","deg","23.635","°C","1019.000","hPa","0.861","-0.02617","0.00035","0","0","13.56","Humid","28.00","0","54.00","364447.53","SABD0000000001","AAV1.0.0.11","1.1.2.0","PSt7-10","170328-007","9/30/2017 19:06:43","0000-00","0","no battery","V"
"09/09/2020","09:31:20","2","default","115855972","OXY_CH2","5.760","min","189.598","µmol/L","Humid","21.105","deg","81853","µV","27.823","°C","1016.000","hPa","35.3","pmil","0","53.237","deg","23.954","°C","100.000","%a.s.","21.023","deg","23.635","°C","1019.000","hPa","0.861","-0.02617","0.00035","0","0","13.56","Humid","28.00","0","54.00","364432.65","SABD0000000001","AAV1.0.0.11","1.1.2.0","PSt7-10","170328-007","9/30/2017 19:06:43","0000-00","0","no battery","V"
"09/09/2020","09:31:21","2","default","115855972","OXY_CH2","5.777","min","189.564","µmol/L","Humid","21.110","deg","81853","µV","27.814","°C","1016.000","hPa","35.3","pmil","0","53.237","deg","23.954","°C","100.000","%a.s.","21.023","deg","23.635","°C","1019.000","hPa","0.861","-0.02617","0.00035","0","0","13.56","Humid","28.00","0","54.00","364423.36","SABD0000000001","AAV1.0.0.11","1.1.2.0","PSt7-10","170328-007","9/30/2017 19:06:43","0000-00","0","no battery","V"
"09/09/2020","09:31:22","2","default","115855972","OXY_CH2","5.794","min","189.678","µmol/L","Humid","21.104","deg","81851","µV","27.812","°C","1016.000","hPa","35.3","pmil","0","53.237","deg","23.954","°C","100.000","%a.s.","21.023","deg","23.635","°C","1019.000","hPa","0.861","-0.02617","0.00035","0","0","13.56","Humid","28.00","0","54.00","364427.10","SABD0000000001","AAV1.0.0.11","1.1.2.0","PSt7-10","170328-007","9/30/2017 19:06:43","0000-00","0","no battery","V"
"09/09/2020","09:31:23","2","default","115855972","OXY_CH2","5.810","min","189.556","µmol/L","Humid","21.105","deg","81851","µV","27.830","°C","1016.000","hPa","35.3","pmil","0","53.237","deg","23.954","°C","100.000","%a.s.","21.023","deg","23.635","°C","1019.000","hPa","0.861","-0.02617","0.00035","0","0","13.56","Humid","28.00","0","54.00","364411.11","SABD0000000001","AAV1.0.0.11","1.1.2.0","PSt7-10","170328-007","9/30/2017 19:06:43","0000-00","0","no battery","V"
"09/09/2020","09:31:24","2","default","115855972","OXY_CH2","5.827","min","189.559","µmol/L","Humid","21.108","deg","81853","µV","27.821","°C","1016.000","hPa","35.3","pmil","0","53.237","deg","23.954","°C","100.000","%a.s.","21.023","deg","23.635","°C","1019.000","hPa","0.861","-0.02617","0.00035","0","0","13.56","Humid","28.00","0","54.00","364428.05","SABD0000000001","AAV1.0.0.11","1.1.2.0","PSt7-10","170328-007","9/30/2017 19:06:43","0000-00","0","no battery","V"
"09/09/2020","09:31:25","2","default","115855972","OXY_CH2","5.844","min","189.605","µmol/L","Humid","21.107","deg","81850","µV","27.816","°C","1016.000","hPa","35.3","pmil","0","53.237","deg","23.954","°C","100.000","%a.s.","21.023","deg","23.635","°C","1019.000","hPa","0.861","-0.02617","0.00035","0","0","13.56","Humid","28.00","0","54.00","364435.75","SABD0000000001","AAV1.0.0.11","1.1.2.0","PSt7-10","170328-007","9/30/2017 19:06:43","0000-00","0","no battery","V"
"09/09/2020","09:31:26","2","default","115855972","OXY_CH2","5.861","min","189.525","µmol/L","Humid","21.104","deg","81854","µV","27.839","°C","1016.000","hPa","35.3","pmil","0","53.237","deg","23.954","°C","100.000","%a.s.","21.023","deg","23.635","°C","1019.000","hPa","0.861","-0.02617","0.00035","0","0","13.56","Humid","28.00","0","54.00","364428.35","SABD0000000001","AAV1.0.0.11","1.1.2.0","PSt7-10","170328-007","9/30/2017 19:06:43","0000-00","0","no battery","V"
"09/09/2020","09:31:27","2","default","115855972","OXY_CH2","5.878","min","189.498","µmol/L","Humid","21.104","deg","81851","µV","27.843","°C","1016.000","hPa","35.3","pmil","0","53.237","deg","23.954","°C","100.000","%a.s.","21.023","deg","23.635","°C","1019.000","hPa","0.861","-0.02617","0.00035","0","0","13.56","Humid","28.00","0","54.00","364422.95","SABD0000000001","AAV1.0.0.11","1.1.2.0","PSt7-10","170328-007","9/30/2017 19:06:43","0000-00","0","no battery","V"
"09/09/2020","09:31:28","2","default","115855972","OXY_CH2","5.894","min","189.475","µmol/L","Humid","21.105","deg","81843","µV","27.845","°C","1016.000","hPa","35.3","pmil","0","53.237","deg","23.954","°C","100.000","%a.s.","21.023","deg","23.635","°C","1019.000","hPa","0.861","-0.02617","0.00035","0","0","13.56","Humid","28.00","0","54.00","364430.51","SABD0000000001","AAV1.0.0.11","1.1.2.0","PSt7-10","170328-007","9/30/2017 19:06:43","0000-00","0","no battery","V"
"09/09/2020","09:31:29","2","default","115855972","OXY_CH2","5.911","min","189.527","µmol/L","Humid","21.105","deg","81847","µV","27.835","°C","1016.000","hPa","35.3","pmil","0","53.237","deg","23.954","°C","100.000","%a.s.","21.023","deg","23.635","°C","1019.000","hPa","0.861","-0.02617","0.00035","0","0","13.56","Humid","28.00","0","54.00","364425.33","SABD0000000001","AAV1.0.0.11","1.1.2.0","PSt7-10","170328-007","9/30/2017 19:06:43","0000-00","0","no battery","V"
"09/09/2020","09:31:30","2","default","115855972","OXY_CH2","5.928","min","189.511","µmol/L","Humid","21.108","deg","81847","µV","27.829","°C","1016.000","hPa","35.3","pmil","0","53.237","deg","23.954","°C","100.000","%a.s.","21.023","deg","23.635","°C","1019.000","hPa","0.861","-0.02617","0.00035","0","0","13.56","Humid","28.00","0","54.00","364416.11","SABD0000000001","AAV1.0.0.11","1.1.2.0","PSt7-10","170328-007","9/30/2017 19:06:43","0000-00","0","no battery","V"
"09/09/2020","09:31:31","2","default","115855972","OXY_CH2","5.944","min","189.654","µmol/L","Humid","21.101","deg","81842","µV","27.825","°C","1016.000","hPa","35.3","pmil","0","53.237","deg","23.954","°C","100.000","%a.s.","21.023","deg","23.635","°C","1019.000","hPa","0.861","-0.02617","0.00035","0","0","13.56","Humid","28.00","0","54.00","364413.64","SABD0000000001","AAV1.0.0.11","1.1.2.0","PSt7-10","170328-007","9/30/2017 19:06:43","0000-00","0","no battery","V"
"09/09/2020","09:31:32","2","default","115855972","OXY_CH2","5.961","min","189.442","µmol/L","Humid","21.107","deg","81844","µV","27.844","°C","1016.000","hPa","35.3","pmil","0","53.237","deg","23.954","°C","100.000","%a.s.","21.023","deg","23.635","°C","1019.000","hPa","0.861","-0.02617","0.00035","0","0","13.56","Humid","28.00","0","54.00","364399.79","SABD0000000001","AAV1.0.0.11","1.1.2.0","PSt7-10","170328-007","9/30/2017 19:06:43","0000-00","0","no battery","V"
"09/09/2020","09:31:33","2","default","115855972","OXY_CH2","5.978","min","189.445","µmol/L","Humid","21.109","deg","81851","µV","27.838","°C","1016.000","hPa","35.3","pmil","0","53.237","deg","23.954","°C","100.000","%a.s.","21.023","deg","23.635","°C","1019.000","hPa","0.861","-0.02617","0.00035","0","0","13.56","Humid","28.00","0","54.00","364417.68","SABD0000000001","AAV1.0.0.11","1.1.2.0","PSt7-10","170328-007","9/30/2017 19:06:43","0000-00","0","no battery","V"
"09/09/2020","09:31:34","2","default","115855972","OXY_CH2","5.994","min","189.498","µmol/L","Humid","21.106","deg","81839","µV","27.838","°C","1016.000","hPa","35.3","pmil","0","53.237","deg","23.954","°C","100.000","%a.s.","21.023","deg","23.635","°C","1019.000","hPa","0.861","-0.02617","0.00035","0","0","13.56","Humid","28.00","0","54.00","364398.99","SABD0000000001","AAV1.0.0.11","1.1.2.0","PSt7-10","170328-007","9/30/2017 19:06:43","0000-00","0","no battery","V"
"09/09/2020","09:31:35","2","default","115855972","OXY_CH2","6.011","min","189.518","µmol/L","Humid","21.105","deg","81842","µV","27.837","°C","1016.000","hPa","35.3","pmil","0","53.237","deg","23.954","°C","100.000","%a.s.","21.023","deg","23.635","°C","1019.000","hPa","0.861","-0.02617","0.00035","0","0","13.56","Humid","28.00","0","54.00","364397.80","SABD0000000001","AAV1.0.0.11","1.1.2.0","PSt7-10","170328-007","9/30/2017 19:06:43","0000-00","0","no battery","V"
"09/09/2020","09:31:36","2","default","115855972","OXY_CH2","6.028","min","189.589","µmol/L","Humid","21.104","deg","81845","µV","27.828","°C","1016.000","hPa","35.3","pmil","0","53.237","deg","23.954","°C","100.000","%a.s.","21.023","deg","23.635","°C","1019.000","hPa","0.861","-0.02617","0.00035","0","0","13.56","Humid","28.00","0","54.00","364403.87","SABD0000000001","AAV1.0.0.11","1.1.2.0","PSt7-10","170328-007","9/30/2017 19:06:43","0000-00","0","no battery","V"
"09/09/2020","09:31:37","2","default","115855972","OXY_CH2","6.044","min","189.461","µmol/L","Humid","21.105","deg","81843","µV","27.847","°C","1016.000","hPa","35.3","pmil","0","53.237","deg","23.954","°C","100.000","%a.s.","21.023","deg","23.635","°C","1019.000","hPa","0.861","-0.02617","0.00035","0","0","13.56","Humid","28.00","0","54.00","364404.47","SABD0000000001","AAV1.0.0.11","1.1.2.0","PSt7-10","170328-007","9/30/2017 19:06:43","0000-00","0","no battery","V"
"09/09/2020","09:31:38","2","default","115855972","OXY_CH2","6.061","min","189.497","µmol/L","Humid","21.108","deg","81840","µV","27.832","°C","1016.000","hPa","35.3","pmil","0","53.237","deg","23.954","°C","100.000","%a.s.","21.023","deg","23.635","°C","1019.000","hPa","0.861","-0.02617","0.00035","0","0","13.56","Humid","28.00","0","54.00","364399.30","SABD0000000001","AAV1.0.0.11","1.1.2.0","PSt7-10","170328-007","9/30/2017 19:06:43","0000-00","0","no battery","V"
"09/09/2020","09:31:39","2","default","115855972","OXY_CH2","6.078","min","189.563","µmol/L","Humid","21.105","deg","81842","µV","27.829","°C","1016.000","hPa","35.3","pmil","0","53.237","deg","23.954","°C","100.000","%a.s.","21.023","deg","23.635","°C","1019.000","hPa","0.861","-0.02617","0.00035","0","0","13.56","Humid","28.00","0","54.00","364390.02","SABD0000000001","AAV1.0.0.11","1.1.2.0","PSt7-10","170328-007","9/30/2017 19:06:43","0000-00","0","no battery","V"
"09/09/2020","09:31:40","2","default","115855972","OXY_CH2","6.094","min","189.566","µmol/L","Humid","21.102","deg","81846","µV","27.838","°C","1016.000","hPa","35.3","pmil","0","53.237","deg","23.954","°C","100.000","%a.s.","21.023","deg","23.635","°C","1019.000","hPa","0.861","-0.02617","0.00035","0","0","13.56","Humid","28.00","0","54.00","364385.44","SABD0000000001","AAV1.0.0.11","1.1.2.0","PSt7-10","170328-007","9/30/2017 19:06:43","0000-00","0","no battery","V"
"09/09/2020","09:31:41","2","default","115855972","OXY_CH2","6.110","min","189.616","µmol/L","Humid","21.102","deg","81838","µV","27.829","°C","1016.000","hPa","35.3","pmil","0","53.237","deg","23.954","°C","100.000","%a.s.","21.023","deg","23.635","°C","1019.000","hPa","0.861","-0.02617","0.00035","0","0","13.56","Humid","28.00","0","54.00","364388.71","SABD0000000001","AAV1.0.0.11","1.1.2.0","PSt7-10","170328-007","9/30/2017 19:06:43","0000-00","0","no battery","V"
"09/09/2020","09:31:42","2","default","115855972","OXY_CH2","6.127","min","189.467","µmol/L","Humid","21.106","deg","81832","µV","27.843","°C","1016.000","hPa","35.3","pmil","0","53.237","deg","23.954","°C","100.000","%a.s.","21.023","deg","23.635","°C","1019.000","hPa","0.861","-0.02617","0.00035","0","0","13.56","Humid","28.00","0","54.00","364393.98","SABD0000000001","AAV1.0.0.11","1.1.2.0","PSt7-10","170328-007","9/30/2017 19:06:43","0000-00","0","no battery","V"
"09/09/2020","09:31:43","2","default","115855972","OXY_CH2","6.144","min","189.526","µmol/L","Humid","21.105","deg","81839","µV","27.836","°C","1016.000","hPa","35.3","pmil","0","53.237","deg","23.954","°C","100.000","%a.s.","21.023","deg","23.635","°C","1019.000","hPa","0.861","-0.02617","0.00035","0","0","13.56","Humid","28.00","0","54.00","364401.78","SABD0000000001","AAV1.0.0.11","1.1.2.0","PSt7-10","170328-007","9/30/2017 19:06:43","0000-00","0","no battery","V"
"09/09/2020","09:31:44","2","default","115855972","OXY_CH2","6.160","min","189.492","µmol/L","Humid","21.105","deg","81838","µV","27.842","°C","1016.000","hPa","35.3","pmil","0","53.237","deg","23.954","°C","100.000","%a.s.","21.023","deg","23.635","°C","1019.000","hPa","0.861","-0.02617","0.00035","0","0","13.56","Humid","28.00","0","54.00","364393.41","SABD0000000001","AAV1.0.0.11","1.1.2.0","PSt7-10","170328-007","9/30/2017 19:06:43","0000-00","0","no battery","V"
"09/09/2020","09:31:45","2","default","115855972","OXY_CH2","6.177","min","189.570","µmol/L","Humid","21.101","deg","81830","µV","27.840","°C","1016.000","hPa","35.3","pmil","0","53.237","deg","23.954","°C","100.000","%a.s.","21.023","deg","23.635","°C","1019.000","hPa","0.861","-0.02617","0.00035","0","0","13.56","Humid","28.00","0","54.00","364381.64","SABD0000000001","AAV1.0.0.11","1.1.2.0","PSt7-10","170328-007","9/30/2017 19:06:43","0000-00","0","no battery","V"
"09/09/2020","09:31:46","2","default","115855972","OXY_CH2","6.194","min","189.430","µmol/L","Humid","21.103","deg","81831","µV","27.858","°C","1016.000","hPa","35.3","pmil","0","53.237","deg","23.954","°C","100.000","%a.s.","21.023","deg","23.635","°C","1019.000","hPa","0.861","-0.02617","0.00035","0","0","13.56","Humid","28.00","0","54.00","364377.82","SABD0000000001","AAV1.0.0.11","1.1.2.0","PSt7-10","170328-007","9/30/2017 19:06:43","0000-00","0","no battery","V"
"09/09/2020","09:31:47","2","default","115855972","OXY_CH2","6.210","min","189.426","µmol/L","Humid","21.104","deg","81832","µV","27.856","°C","1016.000","hPa","35.3","pmil","0","53.237","deg","23.954","°C","100.000","%a.s.","21.023","deg","23.635","°C","1019.000","hPa","0.861","-0.02617","0.00035","0","0","13.56","Humid","28.00","0","54.00","364373.40","SABD0000000001","AAV1.0.0.11","1.1.2.0","PSt7-10","170328-007","9/30/2017 19:06:43","0000-00","0","no battery","V"
"09/09/2020","09:31:48","2","default","115855972","OXY_CH2","6.227","min","189.407","µmol/L","Humid","21.106","deg","81825","µV","27.853","°C","1016.000","hPa","35.3","pmil","0","53.237","deg","23.954","°C","100.000","%a.s.","21.023","deg","23.635","°C","1019.000","hPa","0.861","-0.02617","0.00035","0","0","13.56","Humid","28.00","0","54.00","364365.08","SABD0000000001","AAV1.0.0.11","1.1.2.0","PSt7-10","170328-007","9/30/2017 19:06:43","0000-00","0","no battery","V"
"09/09/2020","09:31:49","2","default","115855972","OXY_CH2","6.244","min","189.421","µmol/L","Humid","21.105","deg","81829","µV","27.854","°C","1016.000","hPa","35.3","pmil","0","53.237","deg","23.954","°C","100.000","%a.s.","21.023","deg","23.635","°C","1019.000","hPa","0.861","-0.02617","0.00035","0","0","13.56","Humid","28.00","0","54.00","364363.42","SABD0000000001","AAV1.0.0.11","1.1.2.0","PSt7-10","170328-007","9/30/2017 19:06:43","0000-00","0","no battery","V"
"09/09/2020","09:31:50","2","default","115855972","OXY_CH2","6.261","min","189.380","µmol/L","Humid","21.105","deg","81827","µV","27.861","°C","1016.000","hPa","35.3","pmil","0","53.237","deg","23.954","°C","100.000","%a.s.","21.023","deg","23.635","°C","1019.000","hPa","0.861","-0.02617","0.00035","0","0","13.56","Humid","28.00","0","54.00","364357.19","SABD0000000001","AAV1.0.0.11","1.1.2.0","PSt7-10","170328-007","9/30/2017 19:06:43","0000-00","0","no battery","V"
"09/09/2020","09:31:51","2","default","115855972","OXY_CH2","6.278","min","189.403","µmol/L","Humid","21.106","deg","81831","µV","27.854","°C","1016.000","hPa","35.3","pmil","0","53.237","deg","23.954","°C","100.000","%a.s.","21.023","deg","23.635","°C","1019.000","hPa","0.861","-0.02617","0.00035","0","0","13.56","Humid","28.00","0","54.00","364350.83","SABD0000000001","AAV1.0.0.11","1.1.2.0","PSt7-10","170328-007","9/30/2017 19:06:43","0000-00","0","no battery","V"
"09/09/2020","09:31:52","2","default","115855972","OXY_CH2","6.294","min","189.464","µmol/L","Humid","21.103","deg","81824","µV","27.852","°C","1016.000","hPa","35.3","pmil","0","53.237","deg","23.954","°C","100.000","%a.s.","21.023","deg","23.635","°C","1019.000","hPa","0.861","-0.02617","0.00035","0","0","13.56","Humid","28.00","0","54.00","364346.58","SABD0000000001","AAV1.0.0.11","1.1.2.0","PSt7-10","170328-007","9/30/2017 19:06:43","0000-00","0","no battery","V"
"09/09/2020","09:31:53","2","default","115855972","OXY_CH2","6.311","min","189.445","µmol/L","Humid","21.105","deg","81828","µV","27.850","°C","1016.000","hPa","35.3","pmil","0","53.237","deg","23.954","°C","100.000","%a.s.","21.023","deg","23.635","°C","1019.000","hPa","0.861","-0.02617","0.00035","0","0","13.56","Humid","28.00","0","54.00","364356.45","SABD0000000001","AAV1.0.0.11","1.1.2.0","PSt7-10","170328-007","9/30/2017 19:06:43","0000-00","0","no battery","V"
"09/09/2020","09:31:54","2","default","115855972","OXY_CH2","6.328","min","189.381","µmol/L","Humid","21.107","deg","81822","µV","27.855","°C","1016.000","hPa","35.3","pmil","0","53.237","deg","23.954","°C","100.000","%a.s.","21.023","deg","23.635","°C","1019.000","hPa","0.861","-0.02617","0.00035","0","0","13.56","Humid","28.00","0","54.00","364356.74","SABD0000000001","AAV1.0.0.11","1.1.2.0","PSt7-10","170328-007","9/30/2017 19:06:43","0000-00","0","no battery","V"
"09/09/2020","09:31:55","2","default","115855972","OXY_CH2","6.344","min","189.373","µmol/L","Humid","21.104","deg","81823","µV","27.865","°C","1016.000","hPa","35.3","pmil","0","53.237","deg","23.954","°C","100.000","%a.s.","21.023","deg","23.635","°C","1019.000","hPa","0.861","-0.02617","0.00035","0","0","13.56","Humid","28.00","0","54.00","364341.26","SABD0000000001","AAV1.0.0.11","1.1.2.0","PSt7-10","170328-007","9/30/2017 19:06:43","0000-00","0","no battery","V"
"09/09/2020","09:31:56","2","default","115855972","OXY_CH2","6.361","min","189.372","µmol/L","Humid","21.107","deg","81822","µV","27.856","°C","1016.000","hPa","35.3","pmil","0","53.237","deg","23.954","°C","100.000","%a.s.","21.023","deg","23.635","°C","1019.000","hPa","0.861","-0.02617","0.00035","0","0","13.56","Humid","28.00","0","54.00","364352.78","SABD0000000001","AAV1.0.0.11","1.1.2.0","PSt7-10","170328-007","9/30/2017 19:06:43","0000-00","0","no battery","V"
"09/09/2020","09:31:57","2","default","115855972","OXY_CH2","6.378","min","189.404","µmol/L","Humid","21.105","deg","81827","µV","27.857","°C","1016.000","hPa","35.3","pmil","0","53.237","deg","23.954","°C","100.000","%a.s.","21.023","deg","23.635","°C","1019.000","hPa","0.861","-0.02617","0.00035","0","0","13.56","Humid","28.00","0","54.00","364347.72","SABD0000000001","AAV1.0.0.11","1.1.2.0","PSt7-10","170328-007","9/30/2017 19:06:43","0000-00","0","no battery","V"
"09/09/2020","09:31:58","2","default","115855972","OXY_CH2","6.394","min","189.426","µmol/L","Humid","21.105","deg","81830","µV","27.853","°C","1016.000","hPa","35.3","pmil","0","53.237","deg","23.954","°C","100.000","%a.s.","21.023","deg","23.635","°C","1019.000","hPa","0.861","-0.02617","0.00035","0","0","13.56","Humid","28.00","0","54.00","364367.30","SABD0000000001","AAV1.0.0.11","1.1.2.0","PSt7-10","170328-007","9/30/2017 19:06:43","0000-00","0","no battery","V"
"09/09/2020","09:31:59","2","default","115855972","OXY_CH2","6.410","min","189.419","µmol/L","Humid","21.104","deg","81822","µV","27.857","°C","1016.000","hPa","35.3","pmil","0","53.237","deg","23.954","°C","100.000","%a.s.","21.023","deg","23.635","°C","1019.000","hPa","0.861","-0.02617","0.00035","0","0","13.56","Humid","28.00","0","54.00","364347.15","SABD0000000001","AAV1.0.0.11","1.1.2.0","PSt7-10","170328-007","9/30/2017 19:06:43","0000-00","0","no battery","V"
"09/09/2020","09:32:00","2","default","115855972","OXY_CH2","6.427","min","189.332","µmol/L","Humid","21.109","deg","81821","µV","27.857","°C","1016.000","hPa","35.3","pmil","0","53.237","deg","23.954","°C","100.000","%a.s.","21.023","deg","23.635","°C","1019.000","hPa","0.861","-0.02617","0.00035","0","0","13.56","Humid","28.00","0","54.00","364347.33","SABD0000000001","AAV1.0.0.11","1.1.2.0","PSt7-10","170328-007","9/30/2017 19:06:43","0000-00","0","no battery","V"
"09/09/2020","09:32:01","2","default","115855972","OXY_CH2","6.444","min","189.387","µmol/L","Humid","21.105","deg","81822","µV","27.860","°C","1016.000","hPa","35.3","pmil","0","53.237","deg","23.954","°C","100.000","%a.s.","21.023","deg","23.635","°C","1019.000","hPa","0.861","-0.02617","0.00035","0","0","13.56","Humid","28.00","0","54.00","364351.10","SABD0000000001","AAV1.0.0.11","1.1.2.0","PSt7-10","170328-007","9/30/2017 19:06:43","0000-00","0","no battery","V"
"09/09/2020","09:32:02","2","default","115855972","OXY_CH2","6.461","min","189.355","µmol/L","Humid","21.107","deg","81822","µV","27.859","°C","1016.000","hPa","35.3","pmil","0","53.237","deg","23.954","°C","100.000","%a.s.","21.023","deg","23.635","°C","1019.000","hPa","0.861","-0.02617","0.00035","0","0","13.56","Humid","28.00","0","54.00","364347.56","SABD0000000001","AAV1.0.0.11","1.1.2.0","PSt7-10","170328-007","9/30/2017 19:06:43","0000-00","0","no battery","V"
"09/09/2020","09:32:03","2","default","115855972","OXY_CH2","6.477","min","189.480","µmol/L","Humid","21.103","deg","81831","µV","27.850","°C","1016.000","hPa","35.3","pmil","0","53.237","deg","23.954","°C","100.000","%a.s.","21.023","deg","23.635","°C","1019.000","hPa","0.861","-0.02617","0.00035","0","0","13.56","Humid","28.00","0","54.00","364344.59","SABD0000000001","AAV1.0.0.11","1.1.2.0","PSt7-10","170328-007","9/30/2017 19:06:43","0000-00","0","no battery","V"
"09/09/2020","09:32:04","2","default","115855972","OXY_CH2","6.494","min","189.439","µmol/L","Humid","21.107","deg","81818","µV","27.845","°C","1016.000","hPa","35.3","pmil","0","53.237","deg","23.954","°C","100.000","%a.s.","21.023","deg","23.635","°C","1019.000","hPa","0.861","-0.02617","0.00035","0","0","13.56","Humid","28.00","0","54.00","364355.42","SABD0000000001","AAV1.0.0.11","1.1.2.0","PSt7-10","170328-007","9/30/2017 19:06:43","0000-00","0","no battery","V"
"09/09/2020","09:32:05","2","default","115855972","OXY_CH2","6.511","min","189.331","µmol/L","Humid","21.106","deg","81820","µV","27.867","°C","1016.000","hPa","35.3","pmil","0","53.237","deg","23.954","°C","100.000","%a.s.","21.023","deg","23.635","°C","1019.000","hPa","0.861","-0.02617","0.00035","0","0","13.56","Humid","28.00","0","54.00","364342.93","SABD0000000001","AAV1.0.0.11","1.1.2.0","PSt7-10","170328-007","9/30/2017 19:06:43","0000-00","0","no battery","V"
"09/09/2020","09:32:06","2","default","115855972","OXY_CH2","6.527","min","189.234","µmol/L","Humid","21.109","deg","81822","µV","27.875","°C","1016.000","hPa","35.3","pmil","0","53.237","deg","23.954","°C","100.000","%a.s.","21.023","deg","23.635","°C","1019.000","hPa","0.861","-0.02617","0.00035","0","0","13.56","Humid","28.00","0","54.00","364356.13","SABD0000000001","AAV1.0.0.11","1.1.2.0","PSt7-10","170328-007","9/30/2017 19:06:43","0000-00","0","no battery","V"
"09/09/2020","09:32:07","2","default","115855972","OXY_CH2","6.544","min","189.468","µmol/L","Humid","21.101","deg","81809","µV","27.858","°C","1016.000","hPa","35.3","pmil","0","53.237","deg","23.954","°C","100.000","%a.s.","21.023","deg","23.635","°C","1019.000","hPa","0.861","-0.02617","0.00035","0","0","13.56","Humid","28.00","0","54.00","364340.59","SABD0000000001","AAV1.0.0.11","1.1.2.0","PSt7-10","170328-007","9/30/2017 19:06:43","0000-00","0","no battery","V"
"09/09/2020","09:32:08","2","default","115855972","OXY_CH2","6.561","min","189.346","µmol/L","Humid","21.103","deg","81819","µV","27.873","°C","1016.000","hPa","35.3","pmil","0","53.237","deg","23.954","°C","100.000","%a.s.","21.023","deg","23.635","°C","1019.000","hPa","0.861","-0.02617","0.00035","0","0","13.56","Humid","28.00","0","54.00","364347.64","SABD0000000001","AAV1.0.0.11","1.1.2.0","PSt7-10","170328-007","9/30/2017 19:06:43","0000-00","0","no battery","V"
"09/09/2020","09:32:09","2","default","115855972","OXY_CH2","6.577","min","189.328","µmol/L","Humid","21.103","deg","81816","µV","27.876","°C","1016.000","hPa","35.3","pmil","0","53.237","deg","23.954","°C","100.000","%a.s.","21.023","deg","23.635","°C","1019.000","hPa","0.861","-0.02617","0.00035","0","0","13.56","Humid","28.00","0","54.00","364361.86","SABD0000000001","AAV1.0.0.11","1.1.2.0","PSt7-10","170328-007","9/30/2017 19:06:43","0000-00","0","no battery","V"
"09/09/2020","09:32:10","2","default","115855972","OXY_CH2","6.594","min","189.371","µmol/L","Humid","21.102","deg","81823","µV","27.871","°C","1016.000","hPa","35.3","pmil","0","53.237","deg","23.954","°C","100.000","%a.s.","21.023","deg","23.635","°C","1019.000","hPa","0.861","-0.02617","0.00035","0","0","13.56","Humid","28.00","0","54.00","364347.11","SABD0000000001","AAV1.0.0.11","1.1.2.0","PSt7-10","170328-007","9/30/2017 19:06:43","0000-00","0","no battery","V"
"09/09/2020","09:32:11","2","default","115855972","OXY_CH2","6.611","min","189.443","µmol/L","Humid","21.100","deg","81818","µV","27.865","°C","1016.000","hPa","35.3","pmil","0","53.237","deg","23.954","°C","100.000","%a.s.","21.023","deg","23.635","°C","1019.000","hPa","0.861","-0.02617","0.00035","0","0","13.56","Humid","28.00","0","54.00","364343.07","SABD0000000001","AAV1.0.0.11","1.1.2.0","PSt7-10","170328-007","9/30/2017 19:06:43","0000-00","0","no battery","V"
"09/09/2020","09:32:12","2","default","115855972","OXY_CH2","6.628","min","189.349","µmol/L","Humid","21.106","deg","81811","µV","27.863","°C","1016.000","hPa","35.3","pmil","0","53.237","deg","23.954","°C","100.000","%a.s.","21.023","deg","23.635","°C","1019.000","hPa","0.861","-0.02617","0.00035","0","0","13.56","Humid","28.00","0","54.00","364327.36","SABD0000000001","AAV1.0.0.11","1.1.2.0","PSt7-10","170328-007","9/30/2017 19:06:43","0000-00","0","no battery","V"
"09/09/2020","09:32:13","2","default","115855972","OXY_CH2","6.644","min","189.417","µmol/L","Humid","21.104","deg","81815","µV","27.858","°C","1016.000","hPa","35.3","pmil","0","53.237","deg","23.954","°C","100.000","%a.s.","21.023","deg","23.635","°C","1019.000","hPa","0.861","-0.02617","0.00035","0","0","13.56","Humid","28.00","0","54.00","364334.13","SABD0000000001","AAV1.0.0.11","1.1.2.0","PSt7-10","170328-007","9/30/2017 19:06:43","0000-00","0","no battery","V"
"09/09/2020","09:32:14","2","default","115855972","OXY_CH2","6.660","min","189.314","µmol/L","Humid","21.102","deg","81816","µV","27.881","°C","1016.000","hPa","35.3","pmil","0","53.237","deg","23.954","°C","100.000","%a.s.","21.023","deg","23.635","°C","1019.000","hPa","0.861","-0.02617","0.00035","0","0","13.56","Humid","28.00","0","54.00","364331.85","SABD0000000001","AAV1.0.0.11","1.1.2.0","PSt7-10","170328-007","9/30/2017 19:06:43","0000-00","0","no battery","V"
"09/09/2020","09:32:15","2","default","115855972","OXY_CH2","6.678","min","189.394","µmol/L","Humid","21.102","deg","81818","µV","27.867","°C","1016.000","hPa","35.3","pmil","0","53.237","deg","23.954","°C","100.000","%a.s.","21.023","deg","23.635","°C","1019.000","hPa","0.861","-0.02617","0.00035","0","0","13.56","Humid","28.00","0","54.00","364338.76","SABD0000000001","AAV1.0.0.11","1.1.2.0","PSt7-10","170328-007","9/30/2017 19:06:43","0000-00","0","no battery","V"
"09/09/2020","09:32:16","2","default","115855972","OXY_CH2","6.694","min","189.378","µmol/L","Humid","21.103","deg","81808","µV","27.867","°C","1016.000","hPa","35.3","pmil","0","53.237","deg","23.954","°C","100.000","%a.s.","21.023","deg","23.635","°C","1019.000","hPa","0.861","-0.02617","0.00035","0","0","13.56","Humid","28.00","0","54.00","364320.36","SABD0000000001","AAV1.0.0.11","1.1.2.0","PSt7-10","170328-007","9/30/2017 19:06:43","0000-00","0","no battery","V"
"09/09/2020","09:32:17","2","default","115855972","OXY_CH2","6.711","min","189.387","µmol/L","Humid","21.105","deg","81805","µV","27.860","°C","1016.000","hPa","35.3","pmil","0","53.237","deg","23.954","°C","100.000","%a.s.","21.023","deg","23.635","°C","1019.000","hPa","0.861","-0.02617","0.00035","0","0","13.56","Humid","28.00","0","54.00","364316.05","SABD0000000001","AAV1.0.0.11","1.1.2.0","PSt7-10","170328-007","9/30/2017 19:06:43","0000-00","0","no battery","V"
"09/09/2020","09:32:18","2","default","115855972","OXY_CH2","6.727","min","189.391","µmol/L","Humid","21.103","deg","81808","µV","27.865","°C","1016.000","hPa","35.3","pmil","0","53.237","deg","23.954","°C","100.000","%a.s.","21.023","deg","23.635","°C","1019.000","hPa","0.861","-0.02617","0.00035","0","0","13.56","Humid","28.00","0","54.00","364335.79","SABD0000000001","AAV1.0.0.11","1.1.2.0","PSt7-10","170328-007","9/30/2017 19:06:43","0000-00","0","no battery","V"
"09/09/2020","09:32:19","2","default","115855972","OXY_CH2","6.744","min","189.313","µmol/L","Humid","21.104","deg","81808","µV","27.876","°C","1016.000","hPa","35.3","pmil","0","53.237","deg","23.954","°C","100.000","%a.s.","21.023","deg","23.635","°C","1019.000","hPa","0.861","-0.02617","0.00035","0","0","13.56","Humid","28.00","0","54.00","364334.83","SABD0000000001","AAV1.0.0.11","1.1.2.0","PSt7-10","170328-007","9/30/2017 19:06:43","0000-00","0","no battery","V"
"09/09/2020","09:32:20","2","default","115855972","OXY_CH2","6.761","min","189.466","µmol/L","Humid","21.102","deg","81810","µV","27.855","°C","1016.000","hPa","35.3","pmil","0","53.237","deg","23.954","°C","100.000","%a.s.","21.023","deg","23.635","°C","1019.000","hPa","0.861","-0.02617","0.00035","0","0","13.56","Humid","28.00","0","54.00","364318.83","SABD0000000001","AAV1.0.0.11","1.1.2.0","PSt7-10","170328-007","9/30/2017 19:06:43","0000-00","0","no battery","V"
"09/09/2020","09:32:21","2","default","115855972","OXY_CH2","6.777","min","189.325","µmol/L","Humid","21.104","deg","81811","µV","27.874","°C","1016.000","hPa","35.3","pmil","0","53.237","deg","23.954","°C","100.000","%a.s.","21.023","deg","23.635","°C","1019.000","hPa","0.861","-0.02617","0.00035","0","0","13.56","Humid","28.00","0","54.00","364317.90","SABD0000000001","AAV1.0.0.11","1.1.2.0","PSt7-10","170328-007","9/30/2017 19:06:43","0000-00","0","no battery","V"
"09/09/2020","09:32:22","2","default","115855972","OXY_CH2","6.794","min","189.314","µmol/L","Humid","21.106","deg","81805","µV","27.870","°C","1016.000","hPa","35.3","pmil","0","53.237","deg","23.954","°C","100.000","%a.s.","21.023","deg","23.635","°C","1019.000","hPa","0.861","-0.02617","0.00035","0","0","13.56","Humid","28.00","0","54.00","364313.52","SABD0000000001","AAV1.0.0.11","1.1.2.0","PSt7-10","170328-007","9/30/2017 19:06:43","0000-00","0","no battery","V"
"09/09/2020","09:32:23","2","default","115855972","OXY_CH2","6.811","min","189.228","µmol/L","Humid","21.105","deg","81806","µV","27.887","°C","1016.000","hPa","35.3","pmil","0","53.237","deg","23.954","°C","100.000","%a.s.","21.023","deg","23.635","°C","1019.000","hPa","0.861","-0.02617","0.00035","0","0","13.56","Humid","28.00","0","54.00","364315.88","SABD0000000001","AAV1.0.0.11","1.1.2.0","PSt7-10","170328-007","9/30/2017 19:06:43","0000-00","0","no battery","V"
"09/09/2020","09:32:24","2","default","115855972","OXY_CH2","6.827","min","189.205","µmol/L","Humid","21.105","deg","81803","µV","27.891","°C","1016.000","hPa","35.3","pmil","0","53.237","deg","23.954","°C","100.000","%a.s.","21.023","deg","23.635","°C","1019.000","hPa","0.861","-0.02617","0.00035","0","0","13.56","Humid","28.00","0","54.00","364316.69","SABD0000000001","AAV1.0.0.11","1.1.2.0","PSt7-10","170328-007","9/30/2017 19:06:43","0000-00","0","no battery","V"
"09/09/2020","09:32:25","2","default","115855972","OXY_CH2","6.844","min","189.166","µmol/L","Humid","21.107","deg","81802","µV","27.892","°C","1016.000","hPa","35.3","pmil","0","53.237","deg","23.954","°C","100.000","%a.s.","21.023","deg","23.635","°C","1019.000","hPa","0.861","-0.02617","0.00035","0","0","13.56","Humid","28.00","0","54.00","364322.07","SABD0000000001","AAV1.0.0.11","1.1.2.0","PSt7-10","170328-007","9/30/2017 19:06:43","0000-00","0","no battery","V"
"09/09/2020","09:32:26","2","default","115855972","OXY_CH2","6.861","min","189.262","µmol/L","Humid","21.106","deg","81804","µV","27.879","°C","1016.000","hPa","35.3","pmil","0","53.237","deg","23.954","°C","100.000","%a.s.","21.023","deg","23.635","°C","1019.000","hPa","0.861","-0.02617","0.00035","0","0","13.56","Humid","28.00","0","54.00","364307.92","SABD0000000001","AAV1.0.0.11","1.1.2.0","PSt7-10","170328-007","9/30/2017 19:06:43","0000-00","0","no battery","V"
"09/09/2020","09:32:27","2","default","115855972","OXY_CH2","6.878","min","189.227","µmol/L","Humid","21.102","deg","81803","µV","27.896","°C","1016.000","hPa","35.3","pmil","0","53.237","deg","23.954","°C","100.000","%a.s.","21.023","deg","23.635","°C","1019.000","hPa","0.861","-0.02617","0.00035","0","0","13.56","Humid","28.00","0","54.00","364314.16","SABD0000000001","AAV1.0.0.11","1.1.2.0","PSt7-10","170328-007","9/30/2017 19:06:43","0000-00","0","no battery","V"
"09/09/2020","09:32:28","2","default","115855972","OXY_CH2","6.894","min","189.175","µmol/L","Humid","21.107","deg","81808","µV","27.891","°C","1016.000","hPa","35.3","pmil","0","53.237","deg","23.954","°C","100.000","%a.s.","21.023","deg","23.635","°C","1019.000","hPa","0.861","-0.02617","0.00035","0","0","13.56","Humid","28.00","0","54.00","364304.72","SABD0000000001","AAV1.0.0.11","1.1.2.0","PSt7-10","170328-007","9/30/2017 19:06:43","0000-00","0","no battery","V"
"09/09/2020","09:32:29","2","default","115855972","OXY_CH2","6.910","min","189.240","µmol/L","Humid","21.104","deg","81807","µV","27.888","°C","1016.000","hPa","35.3","pmil","0","53.237","deg","23.954","°C","100.000","%a.s.","21.023","deg","23.635","°C","1019.000","hPa","0.861","-0.02617","0.00035","0","0","13.56","Humid","28.00","0","54.00","364305.15","SABD0000000001","AAV1.0.0.11","1.1.2.0","PSt7-10","170328-007","9/30/2017 19:06:43","0000-00","0","no battery","V"
"09/09/2020","09:32:30","2","default","115855972","OXY_CH2","6.927","min","189.296","µmol/L","Humid","21.104","deg","81812","µV","27.879","°C","1016.000","hPa","35.3","pmil","0","53.237","deg","23.954","°C","100.000","%a.s.","21.023","deg","23.635","°C","1019.000","hPa","0.861","-0.02617","0.00035","0","0","13.56","Humid","28.00","0","54.00","364306.20","SABD0000000001","AAV1.0.0.11","1.1.2.0","PSt7-10","170328-007","9/30/2017 19:06:43","0000-00","0","no battery","V"
"09/09/2020","09:32:31","2","default","115855972","OXY_CH2","6.944","min","189.297","µmol/L","Humid","21.102","deg","81802","µV","27.884","°C","1016.000","hPa","35.3","pmil","0","53.237","deg","23.954","°C","100.000","%a.s.","21.023","deg","23.635","°C","1019.000","hPa","0.861","-0.02617","0.00035","0","0","13.56","Humid","28.00","0","54.00","364292.41","SABD0000000001","AAV1.0.0.11","1.1.2.0","PSt7-10","170328-007","9/30/2017 19:06:43","0000-00","0","no battery","V"
"09/09/2020","09:32:32","2","default","115855972","OXY_CH2","6.961","min","189.311","µmol/L","Humid","21.099","deg","81803","µV","27.891","°C","1016.000","hPa","35.3","pmil","0","53.237","deg","23.954","°C","100.000","%a.s.","21.023","deg","23.635","°C","1019.000","hPa","0.861","-0.02617","0.00035","0","0","13.56","Humid","28.00","0","54.00","364296.08","SABD0000000001","AAV1.0.0.11","1.1.2.0","PSt7-10","170328-007","9/30/2017 19:06:43","0000-00","0","no battery","V"
"09/09/2020","09:32:33","2","default","115855972","OXY_CH2","6.978","min","189.281","µmol/L","Humid","21.102","deg","81805","µV","27.887","°C","1016.000","hPa","35.3","pmil","0","53.237","deg","23.954","°C","100.000","%a.s.","21.023","deg","23.635","°C","1019.000","hPa","0.861","-0.02617","0.00035","0","0","13.56","Humid","28.00","0","54.00","364309.92","SABD0000000001","AAV1.0.0.11","1.1.2.0","PSt7-10","170328-007","9/30/2017 19:06:43","0000-00","0","no battery","V"
"09/09/2020","09:32:34","2","default","115855972","OXY_CH2","6.994","min","189.152","µmol/L","Humid","21.104","deg","81797","µV","27.903","°C","1016.000","hPa","35.3","pmil","0","53.237","deg","23.954","°C","100.000","%a.s.","21.023","deg","23.635","°C","1019.000","hPa","0.861","-0.02617","0.00035","0","0","13.56","Humid","28.00","0","54.00","364286.85","SABD0000000001","AAV1.0.0.11","1.1.2.0","PSt7-10","170328-007","9/30/2017 19:06:43","0000-00","0","no battery","V"
"09/09/2020","09:32:35","2","default","115855972","OXY_CH2","7.011","min","189.170","µmol/L","Humid","21.103","deg","81805","µV","27.903","°C","1016.000","hPa","35.3","pmil","0","53.237","deg","23.954","°C","100.000","%a.s.","21.023","deg","23.635","°C","1019.000","hPa","0.861","-0.02617","0.00035","0","0","13.56","Humid","28.00","0","54.00","364290.13","SABD0000000001","AAV1.0.0.11","1.1.2.0","PSt7-10","170328-007","9/30/2017 19:06:43","0000-00","0","no battery","V"
"09/09/2020","09:32:36","2","default","115855972","OXY_CH2","7.027","min","189.213","µmol/L","Humid","21.106","deg","81799","µV","27.887","°C","1016.000","hPa","35.3","pmil","0","53.237","deg","23.954","°C","100.000","%a.s.","21.023","deg","23.635","°C","1019.000","hPa","0.861","-0.02617","0.00035","0","0","13.56","Humid","28.00","0","54.00","364286.42","SABD0000000001","AAV1.0.0.11","1.1.2.0","PSt7-10","170328-007","9/30/2017 19:06:43","0000-00","0","no battery","V"
"09/09/2020","09:32:37","2","default","115855972","OXY_CH2","7.044","min","189.255","µmol/L","Humid","21.102","deg","81805","µV","27.892","°C","1016.000","hPa","35.3","pmil","0","53.237","deg","23.954","°C","100.000","%a.s.","21.023","deg","23.635","°C","1019.000","hPa","0.861","-0.02617","0.00035","0","0","13.56","Humid","28.00","0","54.00","364290.73","SABD0000000001","AAV1.0.0.11","1.1.2.0","PSt7-10","170328-007","9/30/2017 19:06:43","0000-00","0","no battery","V"
"09/09/2020","09:32:38","2","default","115855972","OXY_CH2","7.062","min","189.153","µmol/L","Humid","21.105","deg","81794","µV","27.900","°C","1016.000","hPa","35.3","pmil","0","53.237","deg","23.954","°C","100.000","%a.s.","21.023","deg","23.635","°C","1019.000","hPa","0.861","-0.02617","0.00035","0","0","13.56","Humid","28.00","0","54.00","364285.69","SABD0000000001","AAV1.0.0.11","1.1.2.0","PSt7-10","170328-007","9/30/2017 19:06:43","0000-00","0","no battery","V"
"09/09/2020","09:32:39","2","default","115855972","OXY_CH2","7.078","min","189.289","µmol/L","Humid","21.101","deg","81799","µV","27.889","°C","1016.000","hPa","35.3","pmil","0","53.237","deg","23.954","°C","100.000","%a.s.","21.023","deg","23.635","°C","1019.000","hPa","0.861","-0.02617","0.00035","0","0","13.56","Humid","28.00","0","54.00","364281.56","SABD0000000001","AAV1.0.0.11","1.1.2.0","PSt7-10","170328-007","9/30/2017 19:06:43","0000-00","0","no battery","V"
"09/09/2020","09:32:40","2","default","115855972","OXY_CH2","7.094","min","189.268","µmol/L","Humid","21.103","deg","81798","µV","27.886","°C","1016.000","hPa","35.3","pmil","0","53.237","deg","23.954","°C","100.000","%a.s.","21.023","deg","23.635","°C","1019.000","hPa","0.861","-0.02617","0.00035","0","0","13.56","Humid","28.00","0","54.00","364279.26","SABD0000000001","AAV1.0.0.11","1.1.2.0","PSt7-10","170328-007","9/30/2017 19:06:43","0000-00","0","no battery","V"
"09/09/2020","09:32:41","2","default","115855972","OXY_CH2","7.111","min","189.296","µmol/L","Humid","21.103","deg","81795","µV","27.881","°C","1016.000","hPa","35.3","pmil","0","53.237","deg","23.954","°C","100.000","%a.s.","21.023","deg","23.635","°C","1019.000","hPa","0.861","-0.02617","0.00035","0","0","13.56","Humid","28.00","0","54.00","364278.09","SABD0000000001","AAV1.0.0.11","1.1.2.0","PSt7-10","170328-007","9/30/2017 19:06:43","0000-00","0","no battery","V"
"09/09/2020","09:32:42","2","default","115855972","OXY_CH2","7.128","min","189.229","µmol/L","Humid","21.108","deg","81790","µV","27.878","°C","1016.000","hPa","35.3","pmil","0","53.237","deg","23.954","°C","100.000","%a.s.","21.023","deg","23.635","°C","1019.000","hPa","0.861","-0.02617","0.00035","0","0","13.56","Humid","28.00","0","54.00","364273.29","SABD0000000001","AAV1.0.0.11","1.1.2.0","PSt7-10","170328-007","9/30/2017 19:06:43","0000-00","0","no battery","V"
"09/09/2020","09:32:43","2","default","115855972","OXY_CH2","7.144","min","189.181","µmol/L","Humid","21.103","deg","81798","µV","27.901","°C","1016.000","hPa","35.3","pmil","0","53.237","deg","23.954","°C","100.000","%a.s.","21.023","deg","23.635","°C","1019.000","hPa","0.861","-0.02617","0.00035","0","0","13.56","Humid","28.00","0","54.00","364276.95","SABD0000000001","AAV1.0.0.11","1.1.2.0","PSt7-10","170328-007","9/30/2017 19:06:43","0000-00","0","no battery","V"
"09/09/2020","09:32:44","2","default","115855972","OXY_CH2","7.161","min","189.295","µmol/L","Humid","21.096","deg","81795","µV","27.902","°C","1016.000","hPa","35.3","pmil","0","53.237","deg","23.954","°C","100.000","%a.s.","21.023","deg","23.635","°C","1019.000","hPa","0.861","-0.02617","0.00035","0","0","13.56","Humid","28.00","0","54.00","364274.85","SABD0000000001","AAV1.0.0.11","1.1.2.0","PSt7-10","170328-007","9/30/2017 19:06:43","0000-00","0","no battery","V"
"09/09/2020","09:32:45","2","default","115855972","OXY_CH2","7.178","min","189.207","µmol/L","Humid","21.104","deg","81795","µV","27.894","°C","1016.000","hPa","35.3","pmil","0","53.237","deg","23.954","°C","100.000","%a.s.","21.023","deg","23.635","°C","1019.000","hPa","0.861","-0.02617","0.00035","0","0","13.56","Humid","28.00","0","54.00","364262.69","SABD0000000001","AAV1.0.0.11","1.1.2.0","PSt7-10","170328-007","9/30/2017 19:06:43","0000-00","0","no battery","V"
"09/09/2020","09:32:46","2","default","115855972","OXY_CH2","7.194","min","189.105","µmol/L","Humid","21.107","deg","81792","µV","27.903","°C","1016.000","hPa","35.3","pmil","0","53.237","deg","23.954","°C","100.000","%a.s.","21.023","deg","23.635","°C","1019.000","hPa","0.861","-0.02617","0.00035","0","0","13.56","Humid","28.00","0","54.00","364271.07","SABD0000000001","AAV1.0.0.11","1.1.2.0","PSt7-10","170328-007","9/30/2017 19:06:43","0000-00","0","no battery","V"
"09/09/2020","09:32:47","2","default","115855972","OXY_CH2","7.211","min","189.272","µmol/L","Humid","21.102","deg","81797","µV","27.889","°C","1016.000","hPa","35.3","pmil","0","53.237","deg","23.954","°C","100.000","%a.s.","21.023","deg","23.635","°C","1019.000","hPa","0.861","-0.02617","0.00035","0","0","13.56","Humid","28.00","0","54.00","364263.58","SABD0000000001","AAV1.0.0.11","1.1.2.0","PSt7-10","170328-007","9/30/2017 19:06:43","0000-00","0","no battery","V"
"09/09/2020","09:32:48","2","default","115855972","OXY_CH2","7.228","min","189.241","µmol/L","Humid","21.098","deg","81791","µV","27.906","°C","1016.000","hPa","35.3","pmil","0","53.237","deg","23.954","°C","100.000","%a.s.","21.023","deg","23.635","°C","1019.000","hPa","0.861","-0.02617","0.00035","0","0","13.56","Humid","28.00","0","54.00","364272.34","SABD0000000001","AAV1.0.0.11","1.1.2.0","PSt7-10","170328-007","9/30/2017 19:06:43","0000-00","0","no battery","V"
"09/09/2020","09:32:49","2","default","115855972","OXY_CH2","7.244","min","189.259","µmol/L","Humid","21.099","deg","81791","µV","27.900","°C","1016.000","hPa","35.3","pmil","0","53.237","deg","23.954","°C","100.000","%a.s.","21.023","deg","23.635","°C","1019.000","hPa","0.861","-0.02617","0.00035","0","0","13.56","Humid","28.00","0","54.00","364253.19","SABD0000000001","AAV1.0.0.11","1.1.2.0","PSt7-10","170328-007","9/30/2017 19:06:43","0000-00","0","no battery","V"
"09/09/2020","09:32:50","2","default","115855972","OXY_CH2","7.261","min","189.221","µmol/L","Humid","21.101","deg","81795","µV","27.900","°C","1016.000","hPa","35.3","pmil","0","53.237","deg","23.954","°C","100.000","%a.s.","21.023","deg","23.635","°C","1019.000","hPa","0.861","-0.02617","0.00035","0","0","13.56","Humid","28.00","0","54.00","364265.96","SABD0000000001","AAV1.0.0.11","1.1.2.0","PSt7-10","170328-007","9/30/2017 19:06:43","0000-00","0","no battery","V"
"09/09/2020","09:32:51","2","default","115855972","OXY_CH2","7.277","min","189.185","µmol/L","Humid","21.104","deg","81789","µV","27.898","°C","1016.000","hPa","35.3","pmil","0","53.237","deg","23.954","°C","100.000","%a.s.","21.023","deg","23.635","°C","1019.000","hPa","0.861","-0.02617","0.00035","0","0","13.56","Humid","28.00","0","54.00","364230.33","SABD0000000001","AAV1.0.0.11","1.1.2.0","PSt7-10","170328-007","9/30/2017 19:06:43","0000-00","0","no battery","V"
"09/09/2020","09:32:52","2","default","115855972","OXY_CH2","7.294","min","189.198","µmol/L","Humid","21.103","deg","81788","µV","27.898","°C","1016.000","hPa","35.3","pmil","0","53.237","deg","23.954","°C","100.000","%a.s.","21.023","deg","23.635","°C","1019.000","hPa","0.861","-0.02617","0.00035","0","0","13.56","Humid","28.00","0","54.00","364250.69","SABD0000000001","AAV1.0.0.11","1.1.2.0","PSt7-10","170328-007","9/30/2017 19:06:43","0000-00","0","no battery","V"
"09/09/2020","09:32:53","2","default","115855972","OXY_CH2","7.311","min","189.146","µmol/L","Humid","21.103","deg","81794","µV","27.908","°C","1016.000","hPa","35.3","pmil","0","53.237","deg","23.954","°C","100.000","%a.s.","21.023","deg","23.635","°C","1019.000","hPa","0.861","-0.02617","0.00035","0","0","13.56","Humid","28.00","0","54.00","364240.70","SABD0000000001","AAV1.0.0.11","1.1.2.0","PSt7-10","170328-007","9/30/2017 19:06:43","0000-00","0","no battery","V"
"09/09/2020","09:32:54","2","default","115855972","OXY_CH2","7.327","min","189.076","µmol/L","Humid","21.104","deg","81795","µV","27.917","°C","1016.000","hPa","35.3","pmil","0","53.237","deg","23.954","°C","100.000","%a.s.","21.023","deg","23.635","°C","1019.000","hPa","0.861","-0.02617","0.00035","0","0","13.56","Humid","28.00","0","54.00","364255.23","SABD0000000001","AAV1.0.0.11","1.1.2.0","PSt7-10","170328-007","9/30/2017 19:06:43","0000-00","0","no battery","V"
"09/09/2020","09:32:55","2","default","115855972","OXY_CH2","7.344","min","189.203","µmol/L","Humid","21.102","deg","81789","µV","27.901","°C","1016.000","hPa","35.3","pmil","0","53.237","deg","23.954","°C","100.000","%a.s.","21.023","deg","23.635","°C","1019.000","hPa","0.861","-0.02617","0.00035","0","0","13.56","Humid","28.00","0","54.00","364243.64","SABD0000000001","AAV1.0.0.11","1.1.2.0","PSt7-10","170328-007","9/30/2017 19:06:43","0000-00","0","no battery","V"
"09/09/2020","09:32:56","2","default","115855972","OXY_CH2","7.360","min","189.179","µmol/L","Humid","21.101","deg","81787","µV","27.908","°C","1016.000","hPa","35.3","pmil","0","53.237","deg","23.954","°C","100.000","%a.s.","21.023","deg","23.635","°C","1019.000","hPa","0.861","-0.02617","0.00035","0","0","13.56","Humid","28.00","0","54.00","364238.48","SABD0000000001","AAV1.0.0.11","1.1.2.0","PSt7-10","170328-007","9/30/2017 19:06:43","0000-00","0","no battery","V"
"09/09/2020","09:32:57","2","default","115855972","OXY_CH2","7.378","min","189.165","µmol/L","Humid","21.104","deg","81783","µV","27.901","°C","1016.000","hPa","35.3","pmil","0","53.237","deg","23.954","°C","100.000","%a.s.","21.023","deg","23.635","°C","1019.000","hPa","0.861","-0.02617","0.00035","0","0","13.56","Humid","28.00","0","54.00","364222.51","SABD0000000001","AAV1.0.0.11","1.1.2.0","PSt7-10","170328-007","9/30/2017 19:06:43","0000-00","0","no battery","V"
"09/09/2020","09:32:58","2","default","115855972","OXY_CH2","7.394","min","189.138","µmol/L","Humid","21.106","deg","81789","µV","27.900","°C","1016.000","hPa","35.3","pmil","0","53.237","deg","23.954","°C","100.000","%a.s.","21.023","deg","23.635","°C","1019.000","hPa","0.861","-0.02617","0.00035","0","0","13.56","Humid","28.00","0","54.00","364236.86","SABD0000000001","AAV1.0.0.11","1.1.2.0","PSt7-10","170328-007","9/30/2017 19:06:43","0000-00","0","no battery","V"
"09/09/2020","09:32:59","2","default","115855972","OXY_CH2","7.411","min","189.238","µmol/L","Humid","21.100","deg","81784","µV","27.900","°C","1016.000","hPa","35.3","pmil","0","53.237","deg","23.954","°C","100.000","%a.s.","21.023","deg","23.635","°C","1019.000","hPa","0.861","-0.02617","0.00035","0","0","13.56","Humid","28.00","0","54.00","364228.80","SABD0000000001","AAV1.0.0.11","1.1.2.0","PSt7-10","170328-007","9/30/2017 19:06:43","0000-00","0","no battery","V"
"09/09/2020","09:33:00","2","default","115855972","OXY_CH2","7.428","min","189.138","µmol/L","Humid","21.101","deg","81785","µV","27.915","°C","1016.000","hPa","35.3","pmil","0","53.237","deg","23.954","°C","100.000","%a.s.","21.023","deg","23.635","°C","1019.000","hPa","0.861","-0.02617","0.00035","0","0","13.56","Humid","28.00","0","54.00","364229.07","SABD0000000001","AAV1.0.0.11","1.1.2.0","PSt7-10","170328-007","9/30/2017 19:06:43","0000-00","0","no battery","V"
"09/09/2020","09:33:01","2","default","115855972","OXY_CH2","7.444","min","189.128","µmol/L","Humid","21.105","deg","81785","µV","27.905","°C","1016.000","hPa","35.3","pmil","0","53.237","deg","23.954","°C","100.000","%a.s.","21.023","deg","23.635","°C","1019.000","hPa","0.861","-0.02617","0.00035","0","0","13.56","Humid","28.00","0","54.00","364219.17","SABD0000000001","AAV1.0.0.11","1.1.2.0","PSt7-10","170328-007","9/30/2017 19:06:43","0000-00","0","no battery","V"
"09/09/2020","09:33:02","2","default","115855972","OXY_CH2","7.461","min","189.062","µmol/L","Humid","21.103","deg","81780","µV","27.922","°C","1016.000","hPa","35.3","pmil","0","53.237","deg","23.954","°C","100.000","%a.s.","21.023","deg","23.635","°C","1019.000","hPa","0.861","-0.02617","0.00035","0","0","13.56","Humid","28.00","0","54.00","364227.81","SABD0000000001","AAV1.0.0.11","1.1.2.0","PSt7-10","170328-007","9/30/2017 19:06:43","0000-00","0","no battery","V"
"09/09/2020","09:33:03","2","default","115855972","OXY_CH2","7.477","min","189.114","µmol/L","Humid","21.102","deg","81784","µV","27.916","°C","1016.000","hPa","35.3","pmil","0","53.237","deg","23.954","°C","100.000","%a.s.","21.023","deg","23.635","°C","1019.000","hPa","0.861","-0.02617","0.00035","0","0","13.56","Humid","28.00","0","54.00","364229.88","SABD0000000001","AAV1.0.0.11","1.1.2.0","PSt7-10","170328-007","9/30/2017 19:06:43","0000-00","0","no battery","V"
"09/09/2020","09:33:04","2","default","115855972","OXY_CH2","7.494","min","188.985","µmol/L","Humid","21.105","deg","81787","µV","27.929","°C","1016.000","hPa","35.3","pmil","0","53.237","deg","23.954","°C","100.000","%a.s.","21.023","deg","23.635","°C","1019.000","hPa","0.861","-0.02617","0.00035","0","0","13.56","Humid","28.00","0","54.00","364230.12","SABD0000000001","AAV1.0.0.11","1.1.2.0","PSt7-10","170328-007","9/30/2017 19:06:43","0000-00","0","no battery","V"
"09/09/2020","09:33:05","2","default","115855972","OXY_CH2","7.510","min","189.152","µmol/L","Humid","21.100","deg","81779","µV","27.915","°C","1016.000","hPa","35.3","pmil","0","53.237","deg","23.954","°C","100.000","%a.s.","21.023","deg","23.635","°C","1019.000","hPa","0.861","-0.02617","0.00035","0","0","13.56","Humid","28.00","0","54.00","364219.77","SABD0000000001","AAV1.0.0.11","1.1.2.0","PSt7-10","170328-007","9/30/2017 19:06:43","0000-00","0","no battery","V"
"09/09/2020","09:33:06","2","default","115855972","OXY_CH2","7.527","min","189.115","µmol/L","Humid","21.102","deg","81781","µV","27.916","°C","1016.000","hPa","35.3","pmil","0","53.237","deg","23.954","°C","100.000","%a.s.","21.023","deg","23.635","°C","1019.000","hPa","0.861","-0.02617","0.00035","0","0","13.56","Humid","28.00","0","54.00","364213.43","SABD0000000001","AAV1.0.0.11","1.1.2.0","PSt7-10","170328-007","9/30/2017 19:06:43","0000-00","0","no battery","V"
"09/09/2020","09:33:07","2","default","115855972","OXY_CH2","7.544","min","189.010","µmol/L","Humid","21.106","deg","81787","µV","27.922","°C","1016.000","hPa","35.3","pmil","0","53.237","deg","23.954","°C","100.000","%a.s.","21.023","deg","23.635","°C","1019.000","hPa","0.861","-0.02617","0.00035","0","0","13.56","Humid","28.00","0","54.00","364207.42","SABD0000000001","AAV1.0.0.11","1.1.2.0","PSt7-10","170328-007","9/30/2017 19:06:43","0000-00","0","no battery","V"
"09/09/2020","09:33:08","2","default","115855972","OXY_CH2","7.560","min","189.162","µmol/L","Humid","21.103","deg","81781","µV","27.905","°C","1016.000","hPa","35.3","pmil","0","53.237","deg","23.954","°C","100.000","%a.s.","21.023","deg","23.635","°C","1019.000","hPa","0.861","-0.02617","0.00035","0","0","13.56","Humid","28.00","0","54.00","364212.79","SABD0000000001","AAV1.0.0.11","1.1.2.0","PSt7-10","170328-007","9/30/2017 19:06:43","0000-00","0","no battery","V"
"09/09/2020","09:33:09","2","default","115855972","OXY_CH2","7.577","min","189.298","µmol/L","Humid","21.096","deg","81773","µV","27.902","°C","1016.000","hPa","35.3","pmil","0","53.237","deg","23.954","°C","100.000","%a.s.","21.023","deg","23.635","°C","1019.000","hPa","0.861","-0.02617","0.00035","0","0","13.56","Humid","28.00","0","54.00","364207.75","SABD0000000001","AAV1.0.0.11","1.1.2.0","PSt7-10","170328-007","9/30/2017 19:06:43","0000-00","0","no battery","V"
"09/09/2020","09:33:10","2","default","115855972","OXY_CH2","7.594","min","189.076","µmol/L","Humid","21.104","deg","81780","µV","27.917","°C","1016.000","hPa","35.3","pmil","0","53.237","deg","23.954","°C","100.000","%a.s.","21.023","deg","23.635","°C","1019.000","hPa","0.861","-0.02617","0.00035","0","0","13.56","Humid","28.00","0","54.00","364221.76","SABD0000000001","AAV1.0.0.11","1.1.2.0","PSt7-10","170328-007","9/30/2017 19:06:43","0000-00","0","no battery","V"
"09/09/2020","09:33:11","2","default","115855972","OXY_CH2","7.610","min","189.041","µmol/L","Humid","21.103","deg","81779","µV","27.926","°C","1016.000","hPa","35.3","pmil","0","53.237","deg","23.954","°C","100.000","%a.s.","21.023","deg","23.635","°C","1019.000","hPa","0.861","-0.02617","0.00035","0","0","13.56","Humid","28.00","0","54.00","364219.62","SABD0000000001","AAV1.0.0.11","1.1.2.0","PSt7-10","170328-007","9/30/2017 19:06:43","0000-00","0","no battery","V"
"09/09/2020","09:33:12","2","default","115855972","OXY_CH2","7.627","min","189.082","µmol/L","Humid","21.104","deg","81779","µV","27.916","°C","1016.000","hPa","35.3","pmil","0","53.237","deg","23.954","°C","100.000","%a.s.","21.023","deg","23.635","°C","1019.000","hPa","0.861","-0.02617","0.00035","0","0","13.56","Humid","28.00","0","54.00","364212.67","SABD0000000001","AAV1.0.0.11","1.1.2.0","PSt7-10","170328-007","9/30/2017 19:06:43","0000-00","0","no battery","V"
"09/09/2020","09:33:13","2","default","115855972","OXY_CH2","7.644","min","189.122","µmol/L","Humid","21.102","deg","81778","µV","27.915","°C","1016.000","hPa","35.3","pmil","0","53.237","deg","23.954","°C","100.000","%a.s.","21.023","deg","23.635","°C","1019.000","hPa","0.861","-0.02617","0.00035","0","0","13.56","Humid","28.00","0","54.00","364211.15","SABD0000000001","AAV1.0.0.11","1.1.2.0","PSt7-10","170328-007","9/30/2017 19:06:43","0000-00","0","no battery","V"
"09/09/2020","09:33:14","2","default","115855972","OXY_CH2","7.660","min","189.166","µmol/L","Humid","21.100","deg","81773","µV","27.913","°C","1016.000","hPa","35.3","pmil","0","53.237","deg","23.954","°C","100.000","%a.s.","21.023","deg","23.635","°C","1019.000","hPa","0.861","-0.02617","0.00035","0","0","13.56","Humid","28.00","0","54.00","364215.18","SABD0000000001","AAV1.0.0.11","1.1.2.0","PSt7-10","170328-007","9/30/2017 19:06:43","0000-00","0","no battery","V"
"09/09/2020","09:33:15","2","default","115855972","OXY_CH2","7.678","min","189.064","µmol/L","Humid","21.101","deg","81776","µV","27.928","°C","1016.000","hPa","35.3","pmil","0","53.237","deg","23.954","°C","100.000","%a.s.","21.023","deg","23.635","°C","1019.000","hPa","0.861","-0.02617","0.00035","0","0","13.56","Humid","28.00","0","54.00","364203.62","SABD0000000001","AAV1.0.0.11","1.1.2.0","PSt7-10","170328-007","9/30/2017 19:06:43","0000-00","0","no battery","V"
"09/09/2020","09:33:16","2","default","115855972","OXY_CH2","7.694","min","189.094","µmol/L","Humid","21.101","deg","81776","µV","27.922","°C","1016.000","hPa","35.3","pmil","0","53.237","deg","23.954","°C","100.000","%a.s.","21.023","deg","23.635","°C","1019.000","hPa","0.861","-0.02617","0.00035","0","0","13.56","Humid","28.00","0","54.00","364204.85","SABD0000000001","AAV1.0.0.11","1.1.2.0","PSt7-10","170328-007","9/30/2017 19:06:43","0000-00","0","no battery","V"
"09/09/2020","09:33:17","2","default","115855972","OXY_CH2","7.711","min","189.092","µmol/L","Humid","21.099","deg","81775","µV","27.929","°C","1016.000","hPa","35.3","pmil","0","53.237","deg","23.954","°C","100.000","%a.s.","21.023","deg","23.635","°C","1019.000","hPa","0.861","-0.02617","0.00035","0","0","13.56","Humid","28.00","0","54.00","364206.34","SABD0000000001","AAV1.0.0.11","1.1.2.0","PSt7-10","170328-007","9/30/2017 19:06:43","0000-00","0","no battery","V"
"09/09/2020","09:33:18","2","default","115855972","OXY_CH2","7.728","min","189.103","µmol/L","Humid","21.102","deg","81776","µV","27.918","°C","1016.000","hPa","35.3","pmil","0","53.237","deg","23.954","°C","100.000","%a.s.","21.023","deg","23.635","°C","1019.000","hPa","0.861","-0.02617","0.00035","0","0","13.56","Humid","28.00","0","54.00","364198.21","SABD0000000001","AAV1.0.0.11","1.1.2.0","PSt7-10","170328-007","9/30/2017 19:06:43","0000-00","0","no battery","V"
"09/09/2020","09:33:19","2","default","115855972","OXY_CH2","7.744","min","189.033","µmol/L","Humid","21.105","deg","81773","µV","27.921","°C","1016.000","hPa","35.3","pmil","0","53.237","deg","23.954","°C","100.000","%a.s.","21.023","deg","23.635","°C","1019.000","hPa","0.861","-0.02617","0.00035","0","0","13.56","Humid","28.00","0","54.00","364180.68","SABD0000000001","AAV1.0.0.11","1.1.2.0","PSt7-10","170328-007","9/30/2017 19:06:43","0000-00","0","no battery","V"
"09/09/2020","09:33:20","2","default","115855972","OXY_CH2","7.761","min","189.162","µmol/L","Humid","21.098","deg","81776","µV","27.920","°C","1016.000","hPa","35.3","pmil","0","53.237","deg","23.954","°C","100.000","%a.s.","21.023","deg","23.635","°C","1019.000","hPa","0.861","-0.02617","0.00035","0","0","13.56","Humid","28.00","0","54.00","364193.51","SABD0000000001","AAV1.0.0.11","1.1.2.0","PSt7-10","170328-007","9/30/2017 19:06:43","0000-00","0","no battery","V"
"09/09/2020","09:33:21","2","default","115855972","OXY_CH2","7.778","min","188.974","µmol/L","Humid","21.103","deg","81771","µV","27.937","°C","1016.000","hPa","35.3","pmil","0","53.237","deg","23.954","°C","100.000","%a.s.","21.023","deg","23.635","°C","1019.000","hPa","0.861","-0.02617","0.00035","0","0","13.56","Humid","28.00","0","54.00","364200.74","SABD0000000001","AAV1.0.0.11","1.1.2.0","PSt7-10","170328-007","9/30/2017 19:06:43","0000-00","0","no battery","V"
"09/09/2020","09:33:22","2","default","115855972","OXY_CH2","7.794","min","188.974","µmol/L","Humid","21.100","deg","81772","µV","27.946","°C","1016.000","hPa","35.3","pmil","0","53.237","deg","23.954","°C","100.000","%a.s.","21.023","deg","23.635","°C","1019.000","hPa","0.861","-0.02617","0.00035","0","0","13.56","Humid","28.00","0","54.00","364203.34","SABD0000000001","AAV1.0.0.11","1.1.2.0","PSt7-10","170328-007","9/30/2017 19:06:43","0000-00","0","no battery","V"
"09/09/2020","09:33:23","2","default","115855972","OXY_CH2","7.811","min","188.978","µmol/L","Humid","21.104","deg","81771","µV","27.934","°C","1016.000","hPa","35.3","pmil","0","53.237","deg","23.954","°C","100.000","%a.s.","21.023","deg","23.635","°C","1019.000","hPa","0.861","-0.02617","0.00035","0","0","13.56","Humid","28.00","0","54.00","364197.22","SABD0000000001","AAV1.0.0.11","1.1.2.0","PSt7-10","170328-007","9/30/2017 19:06:43","0000-00","0","no battery","V"
"09/09/2020","09:33:24","2","default","115855972","OXY_CH2","7.827","min","189.126","µmol/L","Humid","21.097","deg","81771","µV","27.929","°C","1016.000","hPa","35.3","pmil","0","53.237","deg","23.954","°C","100.000","%a.s.","21.023","deg","23.635","°C","1019.000","hPa","0.861","-0.02617","0.00035","0","0","13.56","Humid","28.00","0","54.00","364189.66","SABD0000000001","AAV1.0.0.11","1.1.2.0","PSt7-10","170328-007","9/30/2017 19:06:43","0000-00","0","no battery","V"
"09/09/2020","09:33:25","2","default","115855972","OXY_CH2","7.844","min","189.003","µmol/L","Humid","21.102","deg","81771","µV","27.935","°C","1016.000","hPa","35.3","pmil","0","53.237","deg","23.954","°C","100.000","%a.s.","21.023","deg","23.635","°C","1019.000","hPa","0.861","-0.02617","0.00035","0","0","13.56","Humid","28.00","0","54.00","364193.50","SABD0000000001","AAV1.0.0.11","1.1.2.0","PSt7-10","170328-007","9/30/2017 19:06:43","0000-00","0","no battery","V"
"09/09/2020","09:33:26","2","default","115855972","OXY_CH2","7.861","min","189.006","µmol/L","Humid","21.102","deg","81767","µV","27.935","°C","1016.000","hPa","35.3","pmil","0","53.237","deg","23.954","°C","100.000","%a.s.","21.023","deg","23.635","°C","1019.000","hPa","0.861","-0.02617","0.00035","0","0","13.56","Humid","28.00","0","54.00","364190.20","SABD0000000001","AAV1.0.0.11","1.1.2.0","PSt7-10","170328-007","9/30/2017 19:06:43","0000-00","0","no battery","V"
"09/09/2020","09:33:27","2","default","115855972","OXY_CH2","7.878","min","188.915","µmol/L","Humid","21.106","deg","81768","µV","27.939","°C","1016.000","hPa","35.3","pmil","0","53.237","deg","23.954","°C","100.000","%a.s.","21.023","deg","23.635","°C","1019.000","hPa","0.861","-0.02617","0.00035","0","0","13.56","Humid","28.00","0","54.00","364182.35","SABD0000000001","AAV1.0.0.11","1.1.2.0","PSt7-10","170328-007","9/30/2017 19:06:43","0000-00","0","no battery","V"
"09/09/2020","09:33:28","2","default","115855972","OXY_CH2","7.894","min","189.080","µmol/L","Humid","21.100","deg","81772","µV","27.928","°C","1016.000","hPa","35.3","pmil","0","53.237","deg","23.954","°C","100.000","%a.s.","21.023","deg","23.635","°C","1019.000","hPa","0.861","-0.02617","0.00035","0","0","13.56","Humid","28.00","0","54.00","364177.78","SABD0000000001","AAV1.0.0.11","1.1.2.0","PSt7-10","170328-007","9/30/2017 19:06:43","0000-00","0","no battery","V"
"09/09/2020","09:33:29","2","default","115855972","OXY_CH2","7.911","min","188.950","µmol/L","Humid","21.105","deg","81763","µV","27.936","°C","1016.000","hPa","35.3","pmil","0","53.237","deg","23.954","°C","100.000","%a.s.","21.023","deg","23.635","°C","1019.000","hPa","0.861","-0.02617","0.00035","0","0","13.56","Humid","28.00","0","54.00","364182.14","SABD0000000001","AAV1.0.0.11","1.1.2.0","PSt7-10","170328-007","9/30/2017 19:06:43","0000-00","0","no battery","V"
"09/09/2020","09:33:30","2","default","115855972","OXY_CH2","7.927","min","189.023","µmol/L","Humid","21.101","deg","81764","µV","27.935","°C","1016.000","hPa","35.3","pmil","0","53.237","deg","23.954","°C","100.000","%a.s.","21.023","deg","23.635","°C","1019.000","hPa","0.861","-0.02617","0.00035","0","0","13.56","Humid","28.00","0","54.00","364178.54","SABD0000000001","AAV1.0.0.11","1.1.2.0","PSt7-10","170328-007","9/30/2017 19:06:43","0000-00","0","no battery","V"
"09/09/2020","09:33:31","2","default","115855972","OXY_CH2","7.944","min","188.932","µmol/L","Humid","21.104","deg","81769","µV","27.942","°C","1016.000","hPa","35.3","pmil","0","53.237","deg","23.954","°C","100.000","%a.s.","21.023","deg","23.635","°C","1019.000","hPa","0.861","-0.02617","0.00035","0","0","13.56","Humid","28.00","0","54.00","364182.78","SABD0000000001","AAV1.0.0.11","1.1.2.0","PSt7-10","170328-007","9/30/2017 19:06:43","0000-00","0","no battery","V"
"09/09/2020","09:33:32","2","default","115855972","OXY_CH2","7.960","min","189.091","µmol/L","Humid","21.095","deg","81767","µV","27.941","°C","1016.000","hPa","35.3","pmil","0","53.237","deg","23.954","°C","100.000","%a.s.","21.023","deg","23.635","°C","1019.000","hPa","0.861","-0.02617","0.00035","0","0","13.56","Humid","28.00","0","54.00","364179.88","SABD0000000001","AAV1.0.0.11","1.1.2.0","PSt7-10","170328-007","9/30/2017 19:06:43","0000-00","0","no battery","V"
"09/09/2020","09:33:33","2","default","115855972","OXY_CH2","7.977","min","189.026","µmol/L","Humid","21.101","deg","81763","µV","27.934","°C","1016.000","hPa","35.3","pmil","0","53.237","deg","23.954","°C","100.000","%a.s.","21.023","deg","23.635","°C","1019.000","hPa","0.861","-0.02617","0.00035","0","0","13.56","Humid","28.00","0","54.00","364174.32","SABD0000000001","AAV1.0.0.11","1.1.2.0","PSt7-10","170328-007","9/30/2017 19:06:43","0000-00","0","no battery","V"
"09/09/2020","09:33:34","2","default","115855972","OXY_CH2","7.994","min","189.126","µmol/L","Humid","21.099","deg","81763","µV","27.923","°C","1016.000","hPa","35.3","pmil","0","53.237","deg","23.954","°C","100.000","%a.s.","21.023","deg","23.635","°C","1019.000","hPa","0.861","-0.02617","0.00035","0","0","13.56","Humid","28.00","0","54.00","364174.66","SABD0000000001","AAV1.0.0.11","1.1.2.0","PSt7-10","170328-007","9/30/2017 19:06:43","0000-00","0","no battery","V"
"09/09/2020","09:33:35","2","default","115855972","OXY_CH2","8.011","min","189.069","µmol/L","Humid","21.100","deg","81765","µV","27.930","°C","1016.000","hPa","35.3","pmil","0","53.237","deg","23.954","°C","100.000","%a.s.","21.023","deg","23.635","°C","1019.000","hPa","0.861","-0.02617","0.00035","0","0","13.56","Humid","28.00","0","54.00","364163.62","SABD0000000001","AAV1.0.0.11","1.1.2.0","PSt7-10","170328-007","9/30/2017 19:06:43","0000-00","0","no battery","V"
"09/09/2020","09:33:36","2","default","115855972","OXY_CH2","8.028","min","189.081","µmol/L","Humid","21.099","deg","81764","µV","27.931","°C","1016.000","hPa","35.3","pmil","0","53.237","deg","23.954","°C","100.000","%a.s.","21.023","deg","23.635","°C","1019.000","hPa","0.861","-0.02617","0.00035","0","0","13.56","Humid","28.00","0","54.00","364161.12","SABD0000000001","AAV1.0.0.11","1.1.2.0","PSt7-10","170328-007","9/30/2017 19:06:43","0000-00","0","no battery","V"
"09/09/2020","09:33:37","2","default","115855972","OXY_CH2","8.044","min","189.144","µmol/L","Humid","21.097","deg","81762","µV","27.926","°C","1016.000","hPa","35.3","pmil","0","53.237","deg","23.954","°C","100.000","%a.s.","21.023","deg","23.635","°C","1019.000","hPa","0.861","-0.02617","0.00035","0","0","13.56","Humid","28.00","0","54.00","364171.59","SABD0000000001","AAV1.0.0.11","1.1.2.0","PSt7-10","170328-007","9/30/2017 19:06:43","0000-00","0","no battery","V"
"09/09/2020","09:33:38","2","default","115855972","OXY_CH2","8.061","min","189.077","µmol/L","Humid","21.099","deg","81763","µV","27.931","°C","1016.000","hPa","35.3","pmil","0","53.237","deg","23.954","°C","100.000","%a.s.","21.023","deg","23.635","°C","1019.000","hPa","0.861","-0.02617","0.00035","0","0","13.56","Humid","28.00","0","54.00","364160.99","SABD0000000001","AAV1.0.0.11","1.1.2.0","PSt7-10","170328-007","9/30/2017 19:06:43","0000-00","0","no battery","V"
"09/09/2020","09:33:39","2","default","115855972","OXY_CH2","8.077","min","189.142","µmol/L","Humid","21.099","deg","81760","µV","27.920","°C","1016.000","hPa","35.3","pmil","0","53.237","deg","23.954","°C","100.000","%a.s.","21.023","deg","23.635","°C","1019.000","hPa","0.861","-0.02617","0.00035","0","0","13.56","Humid","28.00","0","54.00","364156.73","SABD0000000001","AAV1.0.0.11","1.1.2.0","PSt7-10","170328-007","9/30/2017 19:06:43","0000-00","0","no battery","V"
"09/09/2020","09:33:40","2","default","115855972","OXY_CH2","8.094","min","188.931","µmol/L","Humid","21.103","deg","81761","µV","27.945","°C","1016.000","hPa","35.3","pmil","0","53.237","deg","23.954","°C","100.000","%a.s.","21.023","deg","23.635","°C","1019.000","hPa","0.861","-0.02617","0.00035","0","0","13.56","Humid","28.00","0","54.00","364157.79","SABD0000000001","AAV1.0.0.11","1.1.2.0","PSt7-10","170328-007","9/30/2017 19:06:43","0000-00","0","no battery","V"
"09/09/2020","09:33:41","2","default","115855972","OXY_CH2","8.111","min","188.817","µmol/L","Humid","21.104","deg","81754","µV","27.962","°C","1016.000","hPa","35.3","pmil","0","53.237","deg","23.954","°C","100.000","%a.s.","21.023","deg","23.635","°C","1019.000","hPa","0.861","-0.02617","0.00035","0","0","13.56","Humid","28.00","0","54.00","364158.40","SABD0000000001","AAV1.0.0.11","1.1.2.0","PSt7-10","170328-007","9/30/2017 19:06:43","0000-00","0","no battery","V"
"09/09/2020","09:33:42","2","default","115855972","OXY_CH2","8.127","min","188.837","µmol/L","Humid","21.104","deg","81758","µV","27.958","°C","1016.000","hPa","35.3","pmil","0","53.237","deg","23.954","°C","100.000","%a.s.","21.023","deg","23.635","°C","1019.000","hPa","0.861","-0.02617","0.00035","0","0","13.56","Humid","28.00","0","54.00","364139.69","SABD0000000001","AAV1.0.0.11","1.1.2.0","PSt7-10","170328-007","9/30/2017 19:06:43","0000-00","0","no battery","V"
"09/09/2020","09:33:43","2","default","115855972","OXY_CH2","8.144","min","188.936","µmol/L","Humid","21.105","deg","81755","µV","27.938","°C","1016.000","hPa","35.3","pmil","0","53.237","deg","23.954","°C","100.000","%a.s.","21.023","deg","23.635","°C","1019.000","hPa","0.861","-0.02617","0.00035","0","0","13.56","Humid","28.00","0","54.00","364159.02","SABD0000000001","AAV1.0.0.11","1.1.2.0","PSt7-10","170328-007","9/30/2017 19:06:43","0000-00","0","no battery","V"
"09/09/2020","09:33:44","2","default","115855972","OXY_CH2","8.161","min","188.972","µmol/L","Humid","21.101","deg","81754","µV","27.944","°C","1016.000","hPa","35.3","pmil","0","53.237","deg","23.954","°C","100.000","%a.s.","21.023","deg","23.635","°C","1019.000","hPa","0.861","-0.02617","0.00035","0","0","13.56","Humid","28.00","0","54.00","364150.15","SABD0000000001","AAV1.0.0.11","1.1.2.0","PSt7-10","170328-007","9/30/2017 19:06:43","0000-00","0","no battery","V"
"09/09/2020","09:33:45","2","default","115855972","OXY_CH2","8.178","min","188.904","µmol/L","Humid","21.104","deg","81762","µV","27.947","°C","1016.000","hPa","35.3","pmil","0","53.237","deg","23.954","°C","100.000","%a.s.","21.023","deg","23.635","°C","1019.000","hPa","0.861","-0.02617","0.00035","0","0","13.56","Humid","28.00","0","54.00","364151.91","SABD0000000001","AAV1.0.0.11","1.1.2.0","PSt7-10","170328-007","9/30/2017 19:06:43","0000-00","0","no battery","V"
"09/09/2020","09:33:46","2","default","115855972","OXY_CH2","8.194","min","188.923","µmol/L","Humid","21.102","deg","81759","µV","27.949","°C","1016.000","hPa","35.3","pmil","0","53.237","deg","23.954","°C","100.000","%a.s.","21.023","deg","23.635","°C","1019.000","hPa","0.861","-0.02617","0.00035","0","0","13.56","Humid","28.00","0","54.00","364157.02","SABD0000000001","AAV1.0.0.11","1.1.2.0","PSt7-10","170328-007","9/30/2017 19:06:43","0000-00","0","no battery","V"
"09/09/2020","09:33:47","2","default","115855972","OXY_CH2","8.210","min","188.904","µmol/L","Humid","21.103","deg","81761","µV","27.949","°C","1016.000","hPa","35.3","pmil","0","53.237","deg","23.954","°C","100.000","%a.s.","21.023","deg","23.635","°C","1019.000","hPa","0.861","-0.02617","0.00035","0","0","13.56","Humid","28.00","0","54.00","364147.31","SABD0000000001","AAV1.0.0.11","1.1.2.0","PSt7-10","170328-007","9/30/2017 19:06:43","0000-00","0","no battery","V"
"09/09/2020","09:33:48","2","default","115855972","OXY_CH2","8.227","min","188.839","µmol/L","Humid","21.107","deg","81758","µV","27.949","°C","1016.000","hPa","35.3","pmil","0","53.237","deg","23.954","°C","100.000","%a.s.","21.023","deg","23.635","°C","1019.000","hPa","0.861","-0.02617","0.00035","0","0","13.56","Humid","28.00","0","54.00","364151.97","SABD0000000001","AAV1.0.0.11","1.1.2.0","PSt7-10","170328-007","9/30/2017 19:06:43","0000-00","0","no battery","V"
"09/09/2020","09:33:49","2","default","115855972","OXY_CH2","8.244","min","188.996","µmol/L","Humid","21.098","deg","81758","µV","27.948","°C","1016.000","hPa","35.3","pmil","0","53.237","deg","23.954","°C","100.000","%a.s.","21.023","deg","23.635","°C","1019.000","hPa","0.861","-0.02617","0.00035","0","0","13.56","Humid","28.00","0","54.00","364146.63","SABD0000000001","AAV1.0.0.11","1.1.2.0","PSt7-10","170328-007","9/30/2017 19:06:43","0000-00","0","no battery","V"
"09/09/2020","09:33:50","2","default","115855972","OXY_CH2","8.261","min","188.884","µmol/L","Humid","21.102","deg","81760","µV","27.956","°C","1016.000","hPa","35.3","pmil","0","53.237","deg","23.954","°C","100.000","%a.s.","21.023","deg","23.635","°C","1019.000","hPa","0.861","-0.02617","0.00035","0","0","13.56","Humid","28.00","0","54.00","364145.98","SABD0000000001","AAV1.0.0.11","1.1.2.0","PSt7-10","170328-007","9/30/2017 19:06:43","0000-00","0","no battery","V"
"09/09/2020","09:33:51","2","default","115855972","OXY_CH2","8.277","min","188.922","µmol/L","Humid","21.099","deg","81757","µV","27.958","°C","1016.000","hPa","35.3","pmil","0","53.237","deg","23.954","°C","100.000","%a.s.","21.023","deg","23.635","°C","1019.000","hPa","0.861","-0.02617","0.00035","0","0","13.56","Humid","28.00","0","54.00","364140.45","SABD0000000001","AAV1.0.0.11","1.1.2.0","PSt7-10","170328-007","9/30/2017 19:06:43","0000-00","0","no battery","V"
"09/09/2020","09:33:52","2","default","115855972","OXY_CH2","8.294","min","188.928","µmol/L","Humid","21.101","deg","81752","µV","27.951","°C","1016.000","hPa","35.3","pmil","0","53.237","deg","23.954","°C","100.000","%a.s.","21.023","deg","23.635","°C","1019.000","hPa","0.861","-0.02617","0.00035","0","0","13.56","Humid","28.00","0","54.00","364145.06","SABD0000000001","AAV1.0.0.11","1.1.2.0","PSt7-10","170328-007","9/30/2017 19:06:43","0000-00","0","no battery","V"
"09/09/2020","09:33:53","2","default","115855972","OXY_CH2","8.311","min","189.016","µmol/L","Humid","21.099","deg","81755","µV","27.942","°C","1016.000","hPa","35.3","pmil","0","53.237","deg","23.954","°C","100.000","%a.s.","21.023","deg","23.635","°C","1019.000","hPa","0.861","-0.02617","0.00035","0","0","13.56","Humid","28.00","0","54.00","364137.61","SABD0000000001","AAV1.0.0.11","1.1.2.0","PSt7-10","170328-007","9/30/2017 19:06:43","0000-00","0","no battery","V"
"09/09/2020","09:33:54","2","default","115855972","OXY_CH2","8.327","min","189.064","µmol/L","Humid","21.096","deg","81756","µV","27.942","°C","1016.000","hPa","35.3","pmil","0","53.237","deg","23.954","°C","100.000","%a.s.","21.023","deg","23.635","°C","1019.000","hPa","0.861","-0.02617","0.00035","0","0","13.56","Humid","28.00","0","54.00","364144.18","SABD0000000001","AAV1.0.0.11","1.1.2.0","PSt7-10","170328-007","9/30/2017 19:06:43","0000-00","0","no battery","V"
"09/09/2020","09:33:55","2","default","115855972","OXY_CH2","8.344","min","188.862","µmol/L","Humid","21.102","deg","81753","µV","27.960","°C","1016.000","hPa","35.3","pmil","0","53.237","deg","23.954","°C","100.000","%a.s.","21.023","deg","23.635","°C","1019.000","hPa","0.861","-0.02617","0.00035","0","0","13.56","Humid","28.00","0","54.00","364147.92","SABD0000000001","AAV1.0.0.11","1.1.2.0","PSt7-10","170328-007","9/30/2017 19:06:43","0000-00","0","no battery","V"
"09/09/2020","09:33:56","2","default","115855972","OXY_CH2","8.361","min","188.851","µmol/L","Humid","21.103","deg","81757","µV","27.959","°C","1016.000","hPa","35.3","pmil","0","53.237","deg","23.954","°C","100.000","%a.s.","21.023","deg","23.635","°C","1019.000","hPa","0.861","-0.02617","0.00035","0","0","13.56","Humid","28.00","0","54.00","364150.34","SABD0000000001","AAV1.0.0.11","1.1.2.0","PSt7-10","170328-007","9/30/2017 19:06:43","0000-00","0","no battery","V"
"09/09/2020","09:33:57","2","default","115855972","OXY_CH2","8.377","min","188.954","µmol/L","Humid","21.100","deg","81748","µV","27.950","°C","1016.000","hPa","35.3","pmil","0","53.237","deg","23.954","°C","100.000","%a.s.","21.023","deg","23.635","°C","1019.000","hPa","0.861","-0.02617","0.00035","0","0","13.56","Humid","28.00","0","54.00","364150.23","SABD0000000001","AAV1.0.0.11","1.1.2.0","PSt7-10","170328-007","9/30/2017 19:06:43","0000-00","0","no battery","V"
"09/09/2020","09:33:58","2","default","115855972","OXY_CH2","8.394","min","188.880","µmol/L","Humid","21.104","deg","81758","µV","27.951","°C","1016.000","hPa","35.3","pmil","0","53.237","deg","23.954","°C","100.000","%a.s.","21.023","deg","23.635","°C","1019.000","hPa","0.861","-0.02617","0.00035","0","0","13.56","Humid","28.00","0","54.00","364151.03","SABD0000000001","AAV1.0.0.11","1.1.2.0","PSt7-10","170328-007","9/30/2017 19:06:43","0000-00","0","no battery","V"
"09/09/2020","09:33:59","2","default","115855972","OXY_CH2","8.410","min","188.848","µmol/L","Humid","21.103","deg","81751","µV","27.959","°C","1016.000","hPa","35.3","pmil","0","53.237","deg","23.954","°C","100.000","%a.s.","21.023","deg","23.635","°C","1019.000","hPa","0.861","-0.02617","0.00035","0","0","13.56","Humid","28.00","0","54.00","364129.90","SABD0000000001","AAV1.0.0.11","1.1.2.0","PSt7-10","170328-007","9/30/2017 19:06:43","0000-00","0","no battery","V"
"09/09/2020","09:34:00","2","default","115855972","OXY_CH2","8.427","min","188.827","µmol/L","Humid","21.100","deg","81754","µV","27.972","°C","1016.000","hPa","35.3","pmil","0","53.237","deg","23.954","°C","100.000","%a.s.","21.023","deg","23.635","°C","1019.000","hPa","0.861","-0.02617","0.00035","0","0","13.56","Humid","28.00","0","54.00","364148.39","SABD0000000001","AAV1.0.0.11","1.1.2.0","PSt7-10","170328-007","9/30/2017 19:06:43","0000-00","0","no battery","V"
"09/09/2020","09:34:01","2","default","115855972","OXY_CH2","8.444","min","188.872","µmol/L","Humid","21.099","deg","81748","µV","27.967","°C","1016.000","hPa","35.3","pmil","0","53.237","deg","23.954","°C","100.000","%a.s.","21.023","deg","23.635","°C","1019.000","hPa","0.861","-0.02617","0.00035","0","0","13.56","Humid","28.00","0","54.00","364120.08","SABD0000000001","AAV1.0.0.11","1.1.2.0","PSt7-10","170328-007","9/30/2017 19:06:43","0000-00","0","no battery","V"
"09/09/2020","09:34:02","2","default","115855972","OXY_CH2","8.461","min","188.801","µmol/L","Humid","21.107","deg","81745","µV","27.955","°C","1016.000","hPa","35.3","pmil","0","53.237","deg","23.954","°C","100.000","%a.s.","21.023","deg","23.635","°C","1019.000","hPa","0.861","-0.02617","0.00035","0","0","13.56","Humid","28.00","0","54.00","364129.43","SABD0000000001","AAV1.0.0.11","1.1.2.0","PSt7-10","170328-007","9/30/2017 19:06:43","0000-00","0","no battery","V"
"09/09/2020","09:34:03","2","default","115855972","OXY_CH2","8.477","min","188.820","µmol/L","Humid","21.103","deg","81749","µV","27.964","°C","1016.000","hPa","35.3","pmil","0","53.237","deg","23.954","°C","100.000","%a.s.","21.023","deg","23.635","°C","1019.000","hPa","0.861","-0.02617","0.00035","0","0","13.56","Humid","28.00","0","54.00","364124.98","SABD0000000001","AAV1.0.0.11","1.1.2.0","PSt7-10","170328-007","9/30/2017 19:06:43","0000-00","0","no battery","V"
"09/09/2020","09:34:04","2","default","115855972","OXY_CH2","8.494","min","188.856","µmol/L","Humid","21.099","deg","81757","µV","27.970","°C","1016.000","hPa","35.3","pmil","0","53.237","deg","23.954","°C","100.000","%a.s.","21.023","deg","23.635","°C","1019.000","hPa","0.861","-0.02617","0.00035","0","0","13.56","Humid","28.00","0","54.00","364141.37","SABD0000000001","AAV1.0.0.11","1.1.2.0","PSt7-10","170328-007","9/30/2017 19:06:43","0000-00","0","no battery","V"
"09/09/2020","09:34:05","2","default","115855972","OXY_CH2","8.511","min","188.812","µmol/L","Humid","21.100","deg","81749","µV","27.974","°C","1016.000","hPa","35.3","pmil","0","53.237","deg","23.954","°C","100.000","%a.s.","21.023","deg","23.635","°C","1019.000","hPa","0.861","-0.02617","0.00035","0","0","13.56","Humid","28.00","0","54.00","364130.95","SABD0000000001","AAV1.0.0.11","1.1.2.0","PSt7-10","170328-007","9/30/2017 19:06:43","0000-00","0","no battery","V"
"09/09/2020","09:34:06","2","default","115855972","OXY_CH2","8.527","min","188.745","µmol/L","Humid","21.108","deg","81747","µV","27.962","°C","1016.000","hPa","35.3","pmil","0","53.237","deg","23.954","°C","100.000","%a.s.","21.023","deg","23.635","°C","1019.000","hPa","0.861","-0.02617","0.00035","0","0","13.56","Humid","28.00","0","54.00","364130.66","SABD0000000001","AAV1.0.0.11","1.1.2.0","PSt7-10","170328-007","9/30/2017 19:06:43","0000-00","0","no battery","V"
"09/09/2020","09:34:07","2","default","115855972","OXY_CH2","8.544","min","188.851","µmol/L","Humid","21.099","deg","81753","µV","27.970","°C","1016.000","hPa","35.3","pmil","0","53.237","deg","23.954","°C","100.000","%a.s.","21.023","deg","23.635","°C","1019.000","hPa","0.861","-0.02617","0.00035","0","0","13.56","Humid","28.00","0","54.00","364116.61","SABD0000000001","AAV1.0.0.11","1.1.2.0","PSt7-10","170328-007","9/30/2017 19:06:43","0000-00","0","no battery","V"
"09/09/2020","09:34:08","2","default","115855972","OXY_CH2","8.561","min","188.842","µmol/L","Humid","21.099","deg","81754","µV","27.972","°C","1016.000","hPa","35.3","pmil","0","53.237","deg","23.954","°C","100.000","%a.s.","21.023","deg","23.635","°C","1019.000","hPa","0.861","-0.02617","0.00035","0","0","13.56","Humid","28.00","0","54.00","364140.33","SABD0000000001","AAV1.0.0.11","1.1.2.0","PSt7-10","170328-007","9/30/2017 19:06:43","0000-00","0","no battery","V"
"09/09/2020","09:34:09","2","default","115855972","OXY_CH2","8.577","min","188.940","µmol/L","Humid","21.097","deg","81754","µV","27.961","°C","1016.000","hPa","35.3","pmil","0","53.237","deg","23.954","°C","100.000","%a.s.","21.023","deg","23.635","°C","1019.000","hPa","0.861","-0.02617","0.00035","0","0","13.56","Humid","28.00","0","54.00","364132.60","SABD0000000001","AAV1.0.0.11","1.1.2.0","PSt7-10","170328-007","9/30/2017 19:06:43","0000-00","0","no battery","V"
"09/09/2020","09:34:10","2","default","115855972","OXY_CH2","8.594","min","188.930","µmol/L","Humid","21.097","deg","81761","µV","27.963","°C","1016.000","hPa","35.3","pmil","0","53.237","deg","23.954","°C","100.000","%a.s.","21.023","deg","23.635","°C","1019.000","hPa","0.861","-0.02617","0.00035","0","0","13.56","Humid","28.00","0","54.00","364127.28","SABD0000000001","AAV1.0.0.11","1.1.2.0","PSt7-10","170328-007","9/30/2017 19:06:43","0000-00","0","no battery","V"
"09/09/2020","09:34:11","2","default","115855972","OXY_CH2","8.610","min","188.820","µmol/L","Humid","21.103","deg","81747","µV","27.964","°C","1016.000","hPa","35.3","pmil","0","53.237","deg","23.954","°C","100.000","%a.s.","21.023","deg","23.635","°C","1019.000","hPa","0.861","-0.02617","0.00035","0","0","13.56","Humid","28.00","0","54.00","364128.15","SABD0000000001","AAV1.0.0.11","1.1.2.0","PSt7-10","170328-007","9/30/2017 19:06:43","0000-00","0","no battery","V"
"09/09/2020","09:34:12","2","default","115855972","OXY_CH2","8.627","min","188.866","µmol/L","Humid","21.101","deg","81747","µV","27.962","°C","1016.000","hPa","35.3","pmil","0","53.237","deg","23.954","°C","100.000","%a.s.","21.023","deg","23.635","°C","1019.000","hPa","0.861","-0.02617","0.00035","0","0","13.56","Humid","28.00","0","54.00","364120.31","SABD0000000001","AAV1.0.0.11","1.1.2.0","PSt7-10","170328-007","9/30/2017 19:06:43","0000-00","0","no battery","V"
"09/09/2020","09:34:13","2","default","115855972","OXY_CH2","8.644","min","188.844","µmol/L","Humid","21.101","deg","81745","µV","27.966","°C","1016.000","hPa","35.3","pmil","0","53.237","deg","23.954","°C","100.000","%a.s.","21.023","deg","23.635","°C","1019.000","hPa","0.861","-0.02617","0.00035","0","0","13.56","Humid","28.00","0","54.00","364124.46","SABD0000000001","AAV1.0.0.11","1.1.2.0","PSt7-10","170328-007","9/30/2017 19:06:43","0000-00","0","no battery","V"
"09/09/2020","09:34:14","2","default","115855972","OXY_CH2","8.660","min","188.793","µmol/L","Humid","21.098","deg","81740","µV","27.984","°C","1016.000","hPa","35.3","pmil","0","53.237","deg","23.954","°C","100.000","%a.s.","21.023","deg","23.635","°C","1019.000","hPa","0.861","-0.02617","0.00035","0","0","13.56","Humid","28.00","0","54.00","364128.21","SABD0000000001","AAV1.0.0.11","1.1.2.0","PSt7-10","170328-007","9/30/2017 19:06:43","0000-00","0","no battery","V"
"09/09/2020","09:34:15","2","default","115855972","OXY_CH2","8.677","min","188.939","µmol/L","Humid","21.097","deg","81741","µV","27.961","°C","1016.000","hPa","35.3","pmil","0","53.237","deg","23.954","°C","100.000","%a.s.","21.023","deg","23.635","°C","1019.000","hPa","0.861","-0.02617","0.00035","0","0","13.56","Humid","28.00","0","54.00","364108.81","SABD0000000001","AAV1.0.0.11","1.1.2.0","PSt7-10","170328-007","9/30/2017 19:06:43","0000-00","0","no battery","V"
"09/09/2020","09:34:16","2","default","115855972","OXY_CH2","8.695","min","188.857","µmol/L","Humid","21.102","deg","81752","µV","27.961","°C","1016.000","hPa","35.3","pmil","0","53.237","deg","23.954","°C","100.000","%a.s.","21.023","deg","23.635","°C","1019.000","hPa","0.861","-0.02617","0.00035","0","0","13.56","Humid","28.00","0","54.00","364137.85","SABD0000000001","AAV1.0.0.11","1.1.2.0","PSt7-10","170328-007","9/30/2017 19:06:43","0000-00","0","no battery","V"
"09/09/2020","09:34:17","2","default","115855972","OXY_CH2","8.711","min","188.756","µmol/L","Humid","21.105","deg","81745","µV","27.969","°C","1016.000","hPa","35.3","pmil","0","53.237","deg","23.954","°C","100.000","%a.s.","21.023","deg","23.635","°C","1019.000","hPa","0.861","-0.02617","0.00035","0","0","13.56","Humid","28.00","0","54.00","364125.00","SABD0000000001","AAV1.0.0.11","1.1.2.0","PSt7-10","170328-007","9/30/2017 19:06:43","0000-00","0","no battery","V"
"09/09/2020","09:34:18","2","default","115855972","OXY_CH2","8.727","min","188.685","µmol/L","Humid","21.103","deg","81746","µV","27.987","°C","1016.000","hPa","35.3","pmil","0","53.237","deg","23.954","°C","100.000","%a.s.","21.023","deg","23.635","°C","1019.000","hPa","0.861","-0.02617","0.00035","0","0","13.56","Humid","28.00","0","54.00","364120.59","SABD0000000001","AAV1.0.0.11","1.1.2.0","PSt7-10","170328-007","9/30/2017 19:06:43","0000-00","0","no battery","V"
"09/09/2020","09:34:19","2","default","115855972","OXY_CH2","8.744","min","188.788","µmol/L","Humid","21.101","deg","81748","µV","27.976","°C","1016.000","hPa","35.3","pmil","0","53.237","deg","23.954","°C","100.000","%a.s.","21.023","deg","23.635","°C","1019.000","hPa","0.861","-0.02617","0.00035","0","0","13.56","Humid","28.00","0","54.00","364125.48","SABD0000000001","AAV1.0.0.11","1.1.2.0","PSt7-10","170328-007","9/30/2017 19:06:43","0000-00","0","no battery","V"
"09/09/2020","09:34:20","2","default","115855972","OXY_CH2","8.761","min","188.811","µmol/L","Humid","21.099","deg","81747","µV","27.977","°C","1016.000","hPa","35.3","pmil","0","53.237","deg","23.954","°C","100.000","%a.s.","21.023","deg","23.635","°C","1019.000","hPa","0.861","-0.02617","0.00035","0","0","13.56","Humid","28.00","0","54.00","364126.56","SABD0000000001","AAV1.0.0.11","1.1.2.0","PSt7-10","170328-007","9/30/2017 19:06:43","0000-00","0","no battery","V"
"09/09/2020","09:34:21","2","default","115855972","OXY_CH2","8.777","min","188.796","µmol/L","Humid","21.102","deg","81747","µV","27.971","°C","1016.000","hPa","35.3","pmil","0","53.237","deg","23.954","°C","100.000","%a.s.","21.023","deg","23.635","°C","1019.000","hPa","0.861","-0.02617","0.00035","0","0","13.56","Humid","28.00","0","54.00","364111.26","SABD0000000001","AAV1.0.0.11","1.1.2.0","PSt7-10","170328-007","9/30/2017 19:06:43","0000-00","0","no battery","V"
"09/09/2020","09:34:22","2","default","115855972","OXY_CH2","8.794","min","188.919","µmol/L","Humid","21.096","deg","81741","µV","27.968","°C","1016.000","hPa","35.3","pmil","0","53.237","deg","23.954","°C","100.000","%a.s.","21.023","deg","23.635","°C","1019.000","hPa","0.861","-0.02617","0.00035","0","0","13.56","Humid","28.00","0","54.00","364130.27","SABD0000000001","AAV1.0.0.11","1.1.2.0","PSt7-10","170328-007","9/30/2017 19:06:43","0000-00","0","no battery","V"
"09/09/2020","09:34:23","2","default","115855972","OXY_CH2","8.811","min","188.745","µmol/L","Humid","21.101","deg","81745","µV","27.983","°C","1016.000","hPa","35.3","pmil","0","53.237","deg","23.954","°C","100.000","%a.s.","21.023","deg","23.635","°C","1019.000","hPa","0.861","-0.02617","0.00035","0","0","13.56","Humid","28.00","0","54.00","364124.68","SABD0000000001","AAV1.0.0.11","1.1.2.0","PSt7-10","170328-007","9/30/2017 19:06:43","0000-00","0","no battery","V"
"09/09/2020","09:34:24","2","default","115855972","OXY_CH2","8.827","min","188.826","µmol/L","Humid","21.100","deg","81744","µV","27.972","°C","1016.000","hPa","35.3","pmil","0","53.237","deg","23.954","°C","100.000","%a.s.","21.023","deg","23.635","°C","1019.000","hPa","0.861","-0.02617","0.00035","0","0","13.56","Humid","28.00","0","54.00","364124.92","SABD0000000001","AAV1.0.0.11","1.1.2.0","PSt7-10","170328-007","9/30/2017 19:06:43","0000-00","0","no battery","V"
"09/09/2020","09:34:25","2","default","115855972","OXY_CH2","8.844","min","188.719","µmol/L","Humid","21.101","deg","81744","µV","27.988","°C","1016.000","hPa","35.3","pmil","0","53.237","deg","23.954","°C","100.000","%a.s.","21.023","deg","23.635","°C","1019.000","hPa","0.861","-0.02617","0.00035","0","0","13.56","Humid","28.00","0","54.00","364120.14","SABD0000000001","AAV1.0.0.11","1.1.2.0","PSt7-10","170328-007","9/30/2017 19:06:43","0000-00","0","no battery","V"
"09/09/2020","09:34:26","2","default","115855972","OXY_CH2","8.861","min","188.777","µmol/L","Humid","21.100","deg","81743","µV","27.980","°C","1016.000","hPa","35.3","pmil","0","53.237","deg","23.954","°C","100.000","%a.s.","21.023","deg","23.635","°C","1019.000","hPa","0.861","-0.02617","0.00035","0","0","13.56","Humid","28.00","0","54.00","364114.75","SABD0000000001","AAV1.0.0.11","1.1.2.0","PSt7-10","170328-007","9/30/2017 19:06:43","0000-00","0","no battery","V"
"09/09/2020","09:34:27","2","default","115855972","OXY_CH2","8.877","min","188.793","µmol/L","Humid","21.100","deg","81742","µV","27.978","°C","1016.000","hPa","35.3","pmil","0","53.237","deg","23.954","°C","100.000","%a.s.","21.023","deg","23.635","°C","1019.000","hPa","0.861","-0.02617","0.00035","0","0","13.56","Humid","28.00","0","54.00","364113.59","SABD0000000001","AAV1.0.0.11","1.1.2.0","PSt7-10","170328-007","9/30/2017 19:06:43","0000-00","0","no battery","V"
"09/09/2020","09:34:28","2","default","115855972","OXY_CH2","8.894","min","188.774","µmol/L","Humid","21.099","deg","81736","µV","27.984","°C","1016.000","hPa","35.3","pmil","0","53.237","deg","23.954","°C","100.000","%a.s.","21.023","deg","23.635","°C","1019.000","hPa","0.861","-0.02617","0.00035","0","0","13.56","Humid","28.00","0","54.00","364112.00","SABD0000000001","AAV1.0.0.11","1.1.2.0","PSt7-10","170328-007","9/30/2017 19:06:43","0000-00","0","no battery","V"
"09/09/2020","09:34:29","2","default","115855972","OXY_CH2","8.911","min","188.650","µmol/L","Humid","21.104","deg","81743","µV","27.991","°C","1016.000","hPa","35.3","pmil","0","53.237","deg","23.954","°C","100.000","%a.s.","21.023","deg","23.635","°C","1019.000","hPa","0.861","-0.02617","0.00035","0","0","13.56","Humid","28.00","0","54.00","364108.98","SABD0000000001","AAV1.0.0.11","1.1.2.0","PSt7-10","170328-007","9/30/2017 19:06:43","0000-00","0","no battery","V"
"09/09/2020","09:34:30","2","default","115855972","OXY_CH2","8.927","min","188.805","µmol/L","Humid","21.096","deg","81743","µV","27.987","°C","1016.000","hPa","35.3","pmil","0","53.237","deg","23.954","°C","100.000","%a.s.","21.023","deg","23.635","°C","1019.000","hPa","0.861","-0.02617","0.00035","0","0","13.56","Humid","28.00","0","54.00","364102.20","SABD0000000001","AAV1.0.0.11","1.1.2.0","PSt7-10","170328-007","9/30/2017 19:06:43","0000-00","0","no battery","V"
"09/09/2020","09:34:31","2","default","115855972","OXY_CH2","8.944","min","188.762","µmol/L","Humid","21.101","deg","81744","µV","27.980","°C","1016.000","hPa","35.3","pmil","0","53.237","deg","23.954","°C","100.000","%a.s.","21.023","deg","23.635","°C","1019.000","hPa","0.861","-0.02617","0.00035","0","0","13.56","Humid","28.00","0","54.00","364113.65","SABD0000000001","AAV1.0.0.11","1.1.2.0","PSt7-10","170328-007","9/30/2017 19:06:43","0000-00","0","no battery","V"
"09/09/2020","09:34:32","2","default","115855972","OXY_CH2","8.961","min","188.680","µmol/L","Humid","21.103","deg","81742","µV","27.988","°C","1016.000","hPa","35.3","pmil","0","53.237","deg","23.954","°C","100.000","%a.s.","21.023","deg","23.635","°C","1019.000","hPa","0.861","-0.02617","0.00035","0","0","13.56","Humid","28.00","0","54.00","364115.63","SABD0000000001","AAV1.0.0.11","1.1.2.0","PSt7-10","170328-007","9/30/2017 19:06:43","0000-00","0","no battery","V"
"09/09/2020","09:34:33","2","default","115855972","OXY_CH2","8.978","min","188.689","µmol/L","Humid","21.103","deg","81734","µV","27.987","°C","1016.000","hPa","35.3","pmil","0","53.237","deg","23.954","°C","100.000","%a.s.","21.023","deg","23.635","°C","1019.000","hPa","0.861","-0.02617","0.00035","0","0","13.56","Humid","28.00","0","54.00","364100.71","SABD0000000001","AAV1.0.0.11","1.1.2.0","PSt7-10","170328-007","9/30/2017 19:06:43","0000-00","0","no battery","V"
"09/09/2020","09:34:34","2","default","115855972","OXY_CH2","8.994","min","188.670","µmol/L","Humid","21.103","deg","81735","µV","27.990","°C","1016.000","hPa","35.3","pmil","0","53.237","deg","23.954","°C","100.000","%a.s.","21.023","deg","23.635","°C","1019.000","hPa","0.861","-0.02617","0.00035","0","0","13.56","Humid","28.00","0","54.00","364109.65","SABD0000000001","AAV1.0.0.11","1.1.2.0","PSt7-10","170328-007","9/30/2017 19:06:43","0000-00","0","no battery","V"
"09/09/2020","09:34:35","2","default","115855972","OXY_CH2","9.010","min","188.782","µmol/L","Humid","21.101","deg","81736","µV","27.977","°C","1016.000","hPa","35.3","pmil","0","53.237","deg","23.954","°C","100.000","%a.s.","21.023","deg","23.635","°C","1019.000","hPa","0.861","-0.02617","0.00035","0","0","13.56","Humid","28.00","0","54.00","364094.79","SABD0000000001","AAV1.0.0.11","1.1.2.0","PSt7-10","170328-007","9/30/2017 19:06:43","0000-00","0","no battery","V"
"09/09/2020","09:34:36","2","default","115855972","OXY_CH2","9.027","min","188.798","µmol/L","Humid","21.100","deg","81736","µV","27.977","°C","1016.000","hPa","35.3","pmil","0","53.237","deg","23.954","°C","100.000","%a.s.","21.023","deg","23.635","°C","1019.000","hPa","0.861","-0.02617","0.00035","0","0","13.56","Humid","28.00","0","54.00","364105.00","SABD0000000001","AAV1.0.0.11","1.1.2.0","PSt7-10","170328-007","9/30/2017 19:06:43","0000-00","0","no battery","V"
"09/09/2020","09:34:37","2","default","115855972","OXY_CH2","9.044","min","188.689","µmol/L","Humid","21.102","deg","81741","µV","27.990","°C","1016.000","hPa","35.3","pmil","0","53.237","deg","23.954","°C","100.000","%a.s.","21.023","deg","23.635","°C","1019.000","hPa","0.861","-0.02617","0.00035","0","0","13.56","Humid","28.00","0","54.00","364106.77","SABD0000000001","AAV1.0.0.11","1.1.2.0","PSt7-10","170328-007","9/30/2017 19:06:43","0000-00","0","no battery","V"
"09/09/2020","09:34:38","2","default","115855972","OXY_CH2","9.060","min","188.627","µmol/L","Humid","21.103","deg","81741","µV","27.997","°C","1016.000","hPa","35.3","pmil","0","53.237","deg","23.954","°C","100.000","%a.s.","21.023","deg","23.635","°C","1019.000","hPa","0.861","-0.02617","0.00035","0","0","13.56","Humid","28.00","0","54.00","364085.96","SABD0000000001","AAV1.0.0.11","1.1.2.0","PSt7-10","170328-007","9/30/2017 19:06:43","0000-00","0","no battery","V"
"09/09/2020","09:34:39","2","default","115855972","OXY_CH2","9.077","min","188.562","µmol/L","Humid","21.103","deg","81734","µV","28.009","°C","1016.000","hPa","35.3","pmil","0","53.237","deg","23.954","°C","100.000","%a.s.","21.023","deg","23.635","°C","1019.000","hPa","0.861","-0.02617","0.00035","0","0","13.56","Humid","28.00","0","54.00","364088.86","SABD0000000001","AAV1.0.0.11","1.1.2.0","PSt7-10","170328-007","9/30/2017 19:06:43","0000-00","0","no battery","V"
"09/09/2020","09:34:40","2","default","115855972","OXY_CH2","9.094","min","188.716","µmol/L","Humid","21.100","deg","81733","µV","27.991","°C","1016.000","hPa","35.3","pmil","0","53.237","deg","23.954","°C","100.000","%a.s.","21.023","deg","23.635","°C","1019.000","hPa","0.861","-0.02617","0.00035","0","0","13.56","Humid","28.00","0","54.00","364091.86","SABD0000000001","AAV1.0.0.11","1.1.2.0","PSt7-10","170328-007","9/30/2017 19:06:43","0000-00","0","no battery","V"
"09/09/2020","09:34:41","2","default","115855972","OXY_CH2","9.110","min","188.670","µmol/L","Humid","21.100","deg","81738","µV","27.999","°C","1016.000","hPa","35.3","pmil","0","53.237","deg","23.954","°C","100.000","%a.s.","21.023","deg","23.635","°C","1019.000","hPa","0.861","-0.02617","0.00035","0","0","13.56","Humid","28.00","0","54.00","364091.82","SABD0000000001","AAV1.0.0.11","1.1.2.0","PSt7-10","170328-007","9/30/2017 19:06:43","0000-00","0","no battery","V"
"09/09/2020","09:34:42","2","default","115855972","OXY_CH2","9.127","min","188.674","µmol/L","Humid","21.102","deg","81740","µV","27.992","°C","1016.000","hPa","35.3","pmil","0","53.237","deg","23.954","°C","100.000","%a.s.","21.023","deg","23.635","°C","1019.000","hPa","0.861","-0.02617","0.00035","0","0","13.56","Humid","28.00","0","54.00","364088.47","SABD0000000001","AAV1.0.0.11","1.1.2.0","PSt7-10","170328-007","9/30/2017 19:06:43","0000-00","0","no battery","V"
"09/09/2020","09:34:43","2","default","115855972","OXY_CH2","9.144","min","188.654","µmol/L","Humid","21.101","deg","81735","µV","27.999","°C","1016.000","hPa","35.3","pmil","0","53.237","deg","23.954","°C","100.000","%a.s.","21.023","deg","23.635","°C","1019.000","hPa","0.861","-0.02617","0.00035","0","0","13.56","Humid","28.00","0","54.00","364099.93","SABD0000000001","AAV1.0.0.11","1.1.2.0","PSt7-10","170328-007","9/30/2017 19:06:43","0000-00","0","no battery","V"
"09/09/2020","09:34:44","2","default","115855972","OXY_CH2","9.161","min","188.687","µmol/L","Humid","21.101","deg","81732","µV","27.993","°C","1016.000","hPa","35.3","pmil","0","53.237","deg","23.954","°C","100.000","%a.s.","21.023","deg","23.635","°C","1019.000","hPa","0.861","-0.02617","0.00035","0","0","13.56","Humid","28.00","0","54.00","364086.23","SABD0000000001","AAV1.0.0.11","1.1.2.0","PSt7-10","170328-007","9/30/2017 19:06:43","0000-00","0","no battery","V"
"09/09/2020","09:34:45","2","default","115855972","OXY_CH2","9.177","min","188.705","µmol/L","Humid","21.099","deg","81738","µV","27.996","°C","1016.000","hPa","35.3","pmil","0","53.237","deg","23.954","°C","100.000","%a.s.","21.023","deg","23.635","°C","1019.000","hPa","0.861","-0.02617","0.00035","0","0","13.56","Humid","28.00","0","54.00","364094.97","SABD0000000001","AAV1.0.0.11","1.1.2.0","PSt7-10","170328-007","9/30/2017 19:06:43","0000-00","0","no battery","V"
"09/09/2020","09:34:46","2","default","115855972","OXY_CH2","9.194","min","188.671","µmol/L","Humid","21.101","deg","81733","µV","27.996","°C","1016.000","hPa","35.3","pmil","0","53.237","deg","23.954","°C","100.000","%a.s.","21.023","deg","23.635","°C","1019.000","hPa","0.861","-0.02617","0.00035","0","0","13.56","Humid","28.00","0","54.00","364093.12","SABD0000000001","AAV1.0.0.11","1.1.2.0","PSt7-10","170328-007","9/30/2017 19:06:43","0000-00","0","no battery","V"
"09/09/2020","09:34:47","2","default","115855972","OXY_CH2","9.210","min","188.656","µmol/L","Humid","21.099","deg","81728","µV","28.004","°C","1016.000","hPa","35.3","pmil","0","53.237","deg","23.954","°C","100.000","%a.s.","21.023","deg","23.635","°C","1019.000","hPa","0.861","-0.02617","0.00035","0","0","13.56","Humid","28.00","0","54.00","364084.73","SABD0000000001","AAV1.0.0.11","1.1.2.0","PSt7-10","170328-007","9/30/2017 19:06:43","0000-00","0","no battery","V"
"09/09/2020","09:34:48","2","default","115855972","OXY_CH2","9.227","min","188.660","µmol/L","Humid","21.102","deg","81735","µV","27.995","°C","1016.000","hPa","35.3","pmil","0","53.237","deg","23.954","°C","100.000","%a.s.","21.023","deg","23.635","°C","1019.000","hPa","0.861","-0.02617","0.00035","0","0","13.56","Humid","28.00","0","54.00","364077.82","SABD0000000001","AAV1.0.0.11","1.1.2.0","PSt7-10","170328-007","9/30/2017 19:06:43","0000-00","0","no battery","V"
"09/09/2020","09:34:49","2","default","115855972","OXY_CH2","9.244","min","188.647","µmol/L","Humid","21.100","deg","81728","µV","28.003","°C","1016.000","hPa","35.3","pmil","0","53.237","deg","23.954","°C","100.000","%a.s.","21.023","deg","23.635","°C","1019.000","hPa","0.861","-0.02617","0.00035","0","0","13.56","Humid","28.00","0","54.00","364074.50","SABD0000000001","AAV1.0.0.11","1.1.2.0","PSt7-10","170328-007","9/30/2017 19:06:43","0000-00","0","no battery","V"
"09/09/2020","09:34:50","2","default","115855972","OXY_CH2","9.260","min","188.693","µmol/L","Humid","21.098","deg","81733","µV","28.001","°C","1016.000","hPa","35.3","pmil","0","53.237","deg","23.954","°C","100.000","%a.s.","21.023","deg","23.635","°C","1019.000","hPa","0.861","-0.02617","0.00035","0","0","13.56","Humid","28.00","0","54.00","364060.89","SABD0000000001","AAV1.0.0.11","1.1.2.0","PSt7-10","170328-007","9/30/2017 19:06:43","0000-00","0","no battery","V"
"09/09/2020","09:34:51","2","default","115855972","OXY_CH2","9.278","min","188.653","µmol/L","Humid","21.100","deg","81733","µV","28.002","°C","1016.000","hPa","35.3","pmil","0","53.237","deg","23.954","°C","100.000","%a.s.","21.023","deg","23.635","°C","1019.000","hPa","0.861","-0.02617","0.00035","0","0","13.56","Humid","28.00","0","54.00","364068.01","SABD0000000001","AAV1.0.0.11","1.1.2.0","PSt7-10","170328-007","9/30/2017 19:06:43","0000-00","0","no battery","V"
"09/09/2020","09:34:52","2","default","115855972","OXY_CH2","9.294","min","188.704","µmol/L","Humid","21.099","deg","81724","µV","27.996","°C","1016.000","hPa","35.3","pmil","0","53.237","deg","23.954","°C","100.000","%a.s.","21.023","deg","23.635","°C","1019.000","hPa","0.861","-0.02617","0.00035","0","0","13.56","Humid","28.00","0","54.00","364047.17","SABD0000000001","AAV1.0.0.11","1.1.2.0","PSt7-10","170328-007","9/30/2017 19:06:43","0000-00","0","no battery","V"
"09/09/2020","09:34:53","2","default","115855972","OXY_CH2","9.311","min","188.648","µmol/L","Humid","21.097","deg","81732","µV","28.012","°C","1016.000","hPa","35.3","pmil","0","53.237","deg","23.954","°C","100.000","%a.s.","21.023","deg","23.635","°C","1019.000","hPa","0.861","-0.02617","0.00035","0","0","13.56","Humid","28.00","0","54.00","364059.00","SABD0000000001","AAV1.0.0.11","1.1.2.0","PSt7-10","170328-007","9/30/2017 19:06:43","0000-00","0","no battery","V"
"09/09/2020","09:34:54","2","default","115855972","OXY_CH2","9.328","min","188.634","µmol/L","Humid","21.103","deg","81735","µV","27.996","°C","1016.000","hPa","35.3","pmil","0","53.237","deg","23.954","°C","100.000","%a.s.","21.023","deg","23.635","°C","1019.000","hPa","0.861","-0.02617","0.00035","0","0","13.56","Humid","28.00","0","54.00","364069.54","SABD0000000001","AAV1.0.0.11","1.1.2.0","PSt7-10","170328-007","9/30/2017 19:06:43","0000-00","0","no battery","V"
"09/09/2020","09:34:55","2","default","115855972","OXY_CH2","9.344","min","188.778","µmol/L","Humid","21.097","deg","81729","µV","27.989","°C","1016.000","hPa","35.3","pmil","0","53.237","deg","23.954","°C","100.000","%a.s.","21.023","deg","23.635","°C","1019.000","hPa","0.861","-0.02617","0.00035","0","0","13.56","Humid","28.00","0","54.00","364053.02","SABD0000000001","AAV1.0.0.11","1.1.2.0","PSt7-10","170328-007","9/30/2017 19:06:43","0000-00","0","no battery","V"
"09/09/2020","09:34:56","2","default","115855972","OXY_CH2","9.361","min","188.647","µmol/L","Humid","21.099","deg","81733","µV","28.006","°C","1016.000","hPa","35.3","pmil","0","53.237","deg","23.954","°C","100.000","%a.s.","21.023","deg","23.635","°C","1019.000","hPa","0.861","-0.02617","0.00035","0","0","13.56","Humid","28.00","0","54.00","364052.73","SABD0000000001","AAV1.0.0.11","1.1.2.0","PSt7-10","170328-007","9/30/2017 19:06:43","0000-00","0","no battery","V"
"09/09/2020","09:34:57","2","default","115855972","OXY_CH2","9.378","min","188.536","µmol/L","Humid","21.103","deg","81727","µV","28.013","°C","1016.000","hPa","35.3","pmil","0","53.237","deg","23.954","°C","100.000","%a.s.","21.023","deg","23.635","°C","1019.000","hPa","0.861","-0.02617","0.00035","0","0","13.56","Humid","28.00","0","54.00","364041.87","SABD0000000001","AAV1.0.0.11","1.1.2.0","PSt7-10","170328-007","9/30/2017 19:06:43","0000-00","0","no battery","V"
"09/09/2020","09:34:58","2","default","115855972","OXY_CH2","9.394","min","188.669","µmol/L","Humid","21.096","deg","81725","µV","28.011","°C","1016.000","hPa","35.3","pmil","0","53.237","deg","23.954","°C","100.000","%a.s.","21.023","deg","23.635","°C","1019.000","hPa","0.861","-0.02617","0.00035","0","0","13.56","Humid","28.00","0","54.00","364042.43","SABD0000000001","AAV1.0.0.11","1.1.2.0","PSt7-10","170328-007","9/30/2017 19:06:43","0000-00","0","no battery","V"
"09/09/2020","09:34:59","2","default","115855972","OXY_CH2","9.411","min","188.462","µmol/L","Humid","21.101","deg","81733","µV","28.032","°C","1016.000","hPa","35.3","pmil","0","53.237","deg","23.954","°C","100.000","%a.s.","21.023","deg","23.635","°C","1019.000","hPa","0.861","-0.02617","0.00035","0","0","13.56","Humid","28.00","0","54.00","364039.05","SABD0000000001","AAV1.0.0.11","1.1.2.0","PSt7-10","170328-007","9/30/2017 19:06:43","0000-00","0","no battery","V"
"09/09/2020","09:35:00","2","default","115855972","OXY_CH2","9.427","min","188.491","µmol/L","Humid","21.103","deg","81726","µV","28.021","°C","1016.000","hPa","35.3","pmil","0","53.237","deg","23.954","°C","100.000","%a.s.","21.023","deg","23.635","°C","1019.000","hPa","0.861","-0.02617","0.00035","0","0","13.56","Humid","28.00","0","54.00","364032.79","SABD0000000001","AAV1.0.0.11","1.1.2.0","PSt7-10","170328-007","9/30/2017 19:06:43","0000-00","0","no battery","V"
"09/09/2020","09:35:01","2","default","115855972","OXY_CH2","9.444","min","188.536","µmol/L","Humid","21.103","deg","81722","µV","28.013","°C","1016.000","hPa","35.3","pmil","0","53.237","deg","23.954","°C","100.000","%a.s.","21.023","deg","23.635","°C","1019.000","hPa","0.861","-0.02617","0.00035","0","0","13.56","Humid","28.00","0","54.00","364033.51","SABD0000000001","AAV1.0.0.11","1.1.2.0","PSt7-10","170328-007","9/30/2017 19:06:43","0000-00","0","no battery","V"
"09/09/2020","09:35:02","2","default","115855972","OXY_CH2","9.461","min","188.584","µmol/L","Humid","21.099","deg","81717","µV","28.017","°C","1016.000","hPa","35.3","pmil","0","53.237","deg","23.954","°C","100.000","%a.s.","21.023","deg","23.635","°C","1019.000","hPa","0.861","-0.02617","0.00035","0","0","13.56","Humid","28.00","0","54.00","364032.97","SABD0000000001","AAV1.0.0.11","1.1.2.0","PSt7-10","170328-007","9/30/2017 19:06:43","0000-00","0","no battery","V"
"09/09/2020","09:35:03","2","default","115855972","OXY_CH2","9.477","min","188.579","µmol/L","Humid","21.098","deg","81716","µV","28.021","°C","1016.000","hPa","35.3","pmil","0","53.237","deg","23.954","°C","100.000","%a.s.","21.023","deg","23.635","°C","1019.000","hPa","0.861","-0.02617","0.00035","0","0","13.56","Humid","28.00","0","54.00","364023.24","SABD0000000001","AAV1.0.0.11","1.1.2.0","PSt7-10","170328-007","9/30/2017 19:06:43","0000-00","0","no battery","V"
"09/09/2020","09:35:04","2","default","115855972","OXY_CH2","9.494","min","188.591","µmol/L","Humid","21.100","deg","81724","µV","28.013","°C","1016.000","hPa","35.3","pmil","0","53.237","deg","23.954","°C","100.000","%a.s.","21.023","deg","23.635","°C","1019.000","hPa","0.861","-0.02617","0.00035","0","0","13.56","Humid","28.00","0","54.00","364025.14","SABD0000000001","AAV1.0.0.11","1.1.2.0","PSt7-10","170328-007","9/30/2017 19:06:43","0000-00","0","no battery","V"
"09/09/2020","09:35:05","2","default","115855972","OXY_CH2","9.511","min","188.582","µmol/L","Humid","21.098","deg","81731","µV","28.020","°C","1016.000","hPa","35.3","pmil","0","53.237","deg","23.954","°C","100.000","%a.s.","21.023","deg","23.635","°C","1019.000","hPa","0.861","-0.02617","0.00035","0","0","13.56","Humid","28.00","0","54.00","364051.62","SABD0000000001","AAV1.0.0.11","1.1.2.0","PSt7-10","170328-007","9/30/2017 19:06:43","0000-00","0","no battery","V"
"09/09/2020","09:35:06","2","default","115855972","OXY_CH2","9.527","min","188.596","µmol/L","Humid","21.097","deg","81721","µV","28.021","°C","1016.000","hPa","35.3","pmil","0","53.237","deg","23.954","°C","100.000","%a.s.","21.023","deg","23.635","°C","1019.000","hPa","0.861","-0.02617","0.00035","0","0","13.56","Humid","28.00","0","54.00","364042.63","SABD0000000001","AAV1.0.0.11","1.1.2.0","PSt7-10","170328-007","9/30/2017 19:06:43","0000-00","0","no battery","V"
"09/09/2020","09:35:07","2","default","115855972","OXY_CH2","9.544","min","188.592","µmol/L","Humid","21.098","deg","81720","µV","28.018","°C","1016.000","hPa","35.3","pmil","0","53.237","deg","23.954","°C","100.000","%a.s.","21.023","deg","23.635","°C","1019.000","hPa","0.861","-0.02617","0.00035","0","0","13.56","Humid","28.00","0","54.00","364029.03","SABD0000000001","AAV1.0.0.11","1.1.2.0","PSt7-10","170328-007","9/30/2017 19:06:43","0000-00","0","no battery","V"
"09/09/2020","09:35:08","2","default","115855972","OXY_CH2","9.561","min","188.631","µmol/L","Humid","21.098","deg","81727","µV","28.012","°C","1016.000","hPa","35.3","pmil","0","53.237","deg","23.954","°C","100.000","%a.s.","21.023","deg","23.635","°C","1019.000","hPa","0.861","-0.02617","0.00035","0","0","13.56","Humid","28.00","0","54.00","364041.22","SABD0000000001","AAV1.0.0.11","1.1.2.0","PSt7-10","170328-007","9/30/2017 19:06:43","0000-00","0","no battery","V"
"09/09/2020","09:35:09","2","default","115855972","OXY_CH2","9.578","min","188.519","µmol/L","Humid","21.101","deg","81718","µV","28.022","°C","1016.000","hPa","35.3","pmil","0","53.237","deg","23.954","°C","100.000","%a.s.","21.023","deg","23.635","°C","1019.000","hPa","0.861","-0.02617","0.00035","0","0","13.56","Humid","28.00","0","54.00","364026.62","SABD0000000001","AAV1.0.0.11","1.1.2.0","PSt7-10","170328-007","9/30/2017 19:06:43","0000-00","0","no battery","V"
"09/09/2020","09:35:10","2","default","115855972","OXY_CH2","9.594","min","188.552","µmol/L","Humid","21.104","deg","81723","µV","28.008","°C","1016.000","hPa","35.3","pmil","0","53.237","deg","23.954","°C","100.000","%a.s.","21.023","deg","23.635","°C","1019.000","hPa","0.861","-0.02617","0.00035","0","0","13.56","Humid","28.00","0","54.00","364031.62","SABD0000000001","AAV1.0.0.11","1.1.2.0","PSt7-10","170328-007","9/30/2017 19:06:43","0000-00","0","no battery","V"
"09/09/2020","09:35:11","2","default","115855972","OXY_CH2","9.611","min","188.453","µmol/L","Humid","21.104","deg","81720","µV","28.025","°C","1016.000","hPa","35.3","pmil","0","53.237","deg","23.954","°C","100.000","%a.s.","21.023","deg","23.635","°C","1019.000","hPa","0.861","-0.02617","0.00035","0","0","13.56","Humid","28.00","0","54.00","364020.89","SABD0000000001","AAV1.0.0.11","1.1.2.0","PSt7-10","170328-007","9/30/2017 19:06:43","0000-00","0","no battery","V"
"09/09/2020","09:35:12","2","default","115855972","OXY_CH2","9.627","min","188.545","µmol/L","Humid","21.100","deg","81727","µV","28.021","°C","1016.000","hPa","35.3","pmil","0","53.237","deg","23.954","°C","100.000","%a.s.","21.023","deg","23.635","°C","1019.000","hPa","0.861","-0.02617","0.00035","0","0","13.56","Humid","28.00","0","54.00","364032.07","SABD0000000001","AAV1.0.0.11","1.1.2.0","PSt7-10","170328-007","9/30/2017 19:06:43","0000-00","0","no battery","V"
"09/09/2020","09:35:13","2","default","115855972","OXY_CH2","9.644","min","188.507","µmol/L","Humid","21.101","deg","81725","µV","28.024","°C","1016.000","hPa","35.3","pmil","0","53.237","deg","23.954","°C","100.000","%a.s.","21.023","deg","23.635","°C","1019.000","hPa","0.861","-0.02617","0.00035","0","0","13.56","Humid","28.00","0","54.00","364015.93","SABD0000000001","AAV1.0.0.11","1.1.2.0","PSt7-10","170328-007","9/30/2017 19:06:43","0000-00","0","no battery","V"
"09/09/2020","09:35:14","2","default","115855972","OXY_CH2","9.661","min","188.726","µmol/L","Humid","21.097","deg","81714","µV","27.998","°C","1016.000","hPa","35.3","pmil","0","53.237","deg","23.954","°C","100.000","%a.s.","21.023","deg","23.635","°C","1019.000","hPa","0.861","-0.02617","0.00035","0","0","13.56","Humid","28.00","0","54.00","364019.84","SABD0000000001","AAV1.0.0.11","1.1.2.0","PSt7-10","170328-007","9/30/2017 19:06:43","0000-00","0","no battery","V"
"09/09/2020","09:35:15","2","default","115855972","OXY_CH2","9.677","min","188.485","µmol/L","Humid","21.100","deg","81722","µV","28.031","°C","1016.000","hPa","35.3","pmil","0","53.237","deg","23.954","°C","100.000","%a.s.","21.023","deg","23.635","°C","1019.000","hPa","0.861","-0.02617","0.00035","0","0","13.56","Humid","28.00","0","54.00","364021.87","SABD0000000001","AAV1.0.0.11","1.1.2.0","PSt7-10","170328-007","9/30/2017 19:06:43","0000-00","0","no battery","V"
"09/09/2020","09:35:16","2","default","115855972","OXY_CH2","9.694","min","188.540","µmol/L","Humid","21.099","deg","81719","µV","28.024","°C","1016.000","hPa","35.3","pmil","0","53.237","deg","23.954","°C","100.000","%a.s.","21.023","deg","23.635","°C","1019.000","hPa","0.861","-0.02617","0.00035","0","0","13.56","Humid","28.00","0","54.00","364018.70","SABD0000000001","AAV1.0.0.11","1.1.2.0","PSt7-10","170328-007","9/30/2017 19:06:43","0000-00","0","no battery","V"
"09/09/2020","09:35:17","2","default","115855972","OXY_CH2","9.710","min","188.513","µmol/L","Humid","21.101","deg","81716","µV","28.023","°C","1016.000","hPa","35.3","pmil","0","53.237","deg","23.954","°C","100.000","%a.s.","21.023","deg","23.635","°C","1019.000","hPa","0.861","-0.02617","0.00035","0","0","13.56","Humid","28.00","0","54.00","364011.83","SABD0000000001","AAV1.0.0.11","1.1.2.0","PSt7-10","170328-007","9/30/2017 19:06:43","0000-00","0","no battery","V"
"09/09/2020","09:35:18","2","default","115855972","OXY_CH2","9.727","min","188.496","µmol/L","Humid","21.103","deg","81718","µV","28.020","°C","1016.000","hPa","35.3","pmil","0","53.237","deg","23.954","°C","100.000","%a.s.","21.023","deg","23.635","°C","1019.000","hPa","0.861","-0.02617","0.00035","0","0","13.56","Humid","28.00","0","54.00","364004.04","SABD0000000001","AAV1.0.0.11","1.1.2.0","PSt7-10","170328-007","9/30/2017 19:06:43","0000-00","0","no battery","V"
"09/09/2020","09:35:19","2","default","115855972","OXY_CH2","9.744","min","188.511","µmol/L","Humid","21.099","deg","81719","µV","28.030","°C","1016.000","hPa","35.3","pmil","0","53.237","deg","23.954","°C","100.000","%a.s.","21.023","deg","23.635","°C","1019.000","hPa","0.861","-0.02617","0.00035","0","0","13.56","Humid","28.00","0","54.00","364010.03","SABD0000000001","AAV1.0.0.11","1.1.2.0","PSt7-10","170328-007","9/30/2017 19:06:43","0000-00","0","no battery","V"
"09/09/2020","09:35:20","2","default","115855972","OXY_CH2","9.760","min","188.490","µmol/L","Humid","21.102","deg","81719","µV","28.024","°C","1016.000","hPa","35.3","pmil","0","53.237","deg","23.954","°C","100.000","%a.s.","21.023","deg","23.635","°C","1019.000","hPa","0.861","-0.02617","0.00035","0","0","13.56","Humid","28.00","0","54.00","363993.97","SABD0000000001","AAV1.0.0.11","1.1.2.0","PSt7-10","170328-007","9/30/2017 19:06:43","0000-00","0","no battery","V"
"09/09/2020","09:35:21","2","default","115855972","OXY_CH2","9.777","min","188.408","µmol/L","Humid","21.099","deg","81718","µV","28.047","°C","1016.000","hPa","35.3","pmil","0","53.237","deg","23.954","°C","100.000","%a.s.","21.023","deg","23.635","°C","1019.000","hPa","0.861","-0.02617","0.00035","0","0","13.56","Humid","28.00","0","54.00","363991.39","SABD0000000001","AAV1.0.0.11","1.1.2.0","PSt7-10","170328-007","9/30/2017 19:06:43","0000-00","0","no battery","V"
"09/09/2020","09:35:22","2","default","115855972","OXY_CH2","9.794","min","188.450","µmol/L","Humid","21.102","deg","81713","µV","28.031","°C","1016.000","hPa","35.3","pmil","0","53.237","deg","23.954","°C","100.000","%a.s.","21.023","deg","23.635","°C","1019.000","hPa","0.861","-0.02617","0.00035","0","0","13.56","Humid","28.00","0","54.00","364009.04","SABD0000000001","AAV1.0.0.11","1.1.2.0","PSt7-10","170328-007","9/30/2017 19:06:43","0000-00","0","no battery","V"
"09/09/2020","09:35:23","2","default","115855972","OXY_CH2","9.811","min","188.517","µmol/L","Humid","21.100","deg","81717","µV","28.026","°C","1016.000","hPa","35.3","pmil","0","53.237","deg","23.954","°C","100.000","%a.s.","21.023","deg","23.635","°C","1019.000","hPa","0.861","-0.02617","0.00035","0","0","13.56","Humid","28.00","0","54.00","364005.43","SABD0000000001","AAV1.0.0.11","1.1.2.0","PSt7-10","170328-007","9/30/2017 19:06:43","0000-00","0","no battery","V"
"09/09/2020","09:35:24","2","default","115855972","OXY_CH2","9.827","min","188.496","µmol/L","Humid","21.100","deg","81714","µV","28.029","°C","1016.000","hPa","35.3","pmil","0","53.237","deg","23.954","°C","100.000","%a.s.","21.023","deg","23.635","°C","1019.000","hPa","0.861","-0.02617","0.00035","0","0","13.56","Humid","28.00","0","54.00","364002.75","SABD0000000001","AAV1.0.0.11","1.1.2.0","PSt7-10","170328-007","9/30/2017 19:06:43","0000-00","0","no battery","V"
"09/09/2020","09:35:25","2","default","115855972","OXY_CH2","9.844","min","188.521","µmol/L","Humid","21.100","deg","81715","µV","28.025","°C","1016.000","hPa","35.3","pmil","0","53.237","deg","23.954","°C","100.000","%a.s.","21.023","deg","23.635","°C","1019.000","hPa","0.861","-0.02617","0.00035","0","0","13.56","Humid","28.00","0","54.00","363994.00","SABD0000000001","AAV1.0.0.11","1.1.2.0","PSt7-10","170328-007","9/30/2017 19:06:43","0000-00","0","no battery","V"
"09/09/2020","09:35:26","2","default","115855972","OXY_CH2","9.860","min","188.450","µmol/L","Humid","21.100","deg","81708","µV","28.037","°C","1016.000","hPa","35.3","pmil","0","53.237","deg","23.954","°C","100.000","%a.s.","21.023","deg","23.635","°C","1019.000","hPa","0.861","-0.02617","0.00035","0","0","13.56","Humid","28.00","0","54.00","363996.23","SABD0000000001","AAV1.0.0.11","1.1.2.0","PSt7-10","170328-007","9/30/2017 19:06:43","0000-00","0","no battery","V"
"09/09/2020","09:35:27","2","default","115855972","OXY_CH2","9.877","min","188.557","µmol/L","Humid","21.096","deg","81724","µV","28.030","°C","1016.000","hPa","35.3","pmil","0","53.237","deg","23.954","°C","100.000","%a.s.","21.023","deg","23.635","°C","1019.000","hPa","0.861","-0.02617","0.00035","0","0","13.56","Humid","28.00","0","54.00","364004.29","SABD0000000001","AAV1.0.0.11","1.1.2.0","PSt7-10","170328-007","9/30/2017 19:06:43","0000-00","0","no battery","V"
"09/09/2020","09:35:28","2","default","115855972","OXY_CH2","9.894","min","188.412","µmol/L","Humid","21.104","deg","81716","µV","28.032","°C","1016.000","hPa","35.3","pmil","0","53.237","deg","23.954","°C","100.000","%a.s.","21.023","deg","23.635","°C","1019.000","hPa","0.861","-0.02617","0.00035","0","0","13.56","Humid","28.00","0","54.00","363994.39","SABD0000000001","AAV1.0.0.11","1.1.2.0","PSt7-10","170328-007","9/30/2017 19:06:43","0000-00","0","no battery","V"
"09/09/2020","09:35:29","2","default","115855972","OXY_CH2","9.910","min","188.540","µmol/L","Humid","21.097","deg","81705","µV","28.030","°C","1016.000","hPa","35.3","pmil","0","53.237","deg","23.954","°C","100.000","%a.s.","21.023","deg","23.635","°C","1019.000","hPa","0.861","-0.02617","0.00035","0","0","13.56","Humid","28.00","0","54.00","363995.49","SABD0000000001","AAV1.0.0.11","1.1.2.0","PSt7-10","170328-007","9/30/2017 19:06:43","0000-00","0","no battery","V"
"09/09/2020","09:35:30","2","default","115855972","OXY_CH2","9.927","min","188.396","µmol/L","Humid","21.103","deg","81711","µV","28.038","°C","1016.000","hPa","35.3","pmil","0","53.237","deg","23.954","°C","100.000","%a.s.","21.023","deg","23.635","°C","1019.000","hPa","0.861","-0.02617","0.00035","0","0","13.56","Humid","28.00","0","54.00","363982.39","SABD0000000001","AAV1.0.0.11","1.1.2.0","PSt7-10","170328-007","9/30/2017 19:06:43","0000-00","0","no battery","V"
"09/09/2020","09:35:31","2","default","115855972","OXY_CH2","9.944","min","188.565","µmol/L","Humid","21.097","deg","81711","µV","28.026","°C","1016.000","hPa","35.3","pmil","0","53.237","deg","23.954","°C","100.000","%a.s.","21.023","deg","23.635","°C","1019.000","hPa","0.861","-0.02617","0.00035","0","0","13.56","Humid","28.00","0","54.00","363993.27","SABD0000000001","AAV1.0.0.11","1.1.2.0","PSt7-10","170328-007","9/30/2017 19:06:43","0000-00","0","no battery","V"
"09/09/2020","09:35:32","2","default","115855972","OXY_CH2","9.960","min","188.605","µmol/L","Humid","21.096","deg","81709","µV","28.022","°C","1016.000","hPa","35.3","pmil","0","53.237","deg","23.954","°C","100.000","%a.s.","21.023","deg","23.635","°C","1019.000","hPa","0.861","-0.02617","0.00035","0","0","13.56","Humid","28.00","0","54.00","363963.91","SABD0000000001","AAV1.0.0.11","1.1.2.0","PSt7-10","170328-007","9/30/2017 19:06:43","0000-00","0","no battery","V"
"09/09/2020","09:35:33","2","default","115855972","OXY_CH2","9.977","min","188.525","µmol/L","Humid","21.100","deg","81709","µV","28.024","°C","1016.000","hPa","35.3","pmil","0","53.237","deg","23.954","°C","100.000","%a.s.","21.023","deg","23.635","°C","1019.000","hPa","0.861","-0.02617","0.00035","0","0","13.56","Humid","28.00","0","54.00","363971.99","SABD0000000001","AAV1.0.0.11","1.1.2.0","PSt7-10","170328-007","9/30/2017 19:06:43","0000-00","0","no battery","V"
"09/09/2020","09:35:34","2","default","115855972","OXY_CH2","9.994","min","188.507","µmol/L","Humid","21.101","deg","81709","µV","28.024","°C","1016.000","hPa","35.3","pmil","0","53.237","deg","23.954","°C","100.000","%a.s.","21.023","deg","23.635","°C","1019.000","hPa","0.861","-0.02617","0.00035","0","0","13.56","Humid","28.00","0","54.00","363980.40","SABD0000000001","AAV1.0.0.11","1.1.2.0","PSt7-10","170328-007","9/30/2017 19:06:43","0000-00","0","no battery","V"
"09/09/2020","09:35:35","2","default","115855972","OXY_CH2","10.011","min","188.432","µmol/L","Humid","21.097","deg","81704","µV","28.049","°C","1016.000","hPa","35.3","pmil","0","53.237","deg","23.954","°C","100.000","%a.s.","21.023","deg","23.635","°C","1019.000","hPa","0.861","-0.02617","0.00035","0","0","13.56","Humid","28.00","0","54.00","363972.70","SABD0000000001","AAV1.0.0.11","1.1.2.0","PSt7-10","170328-007","9/30/2017 19:06:43","0000-00","0","no battery","V"
"09/09/2020","09:35:36","2","default","115855972","OXY_CH2","10.027","min","188.409","µmol/L","Humid","21.100","deg","81712","µV","28.044","°C","1016.000","hPa","35.3","pmil","0","53.237","deg","23.954","°C","100.000","%a.s.","21.023","deg","23.635","°C","1019.000","hPa","0.861","-0.02617","0.00035","0","0","13.56","Humid","28.00","0","54.00","363964.16","SABD0000000001","AAV1.0.0.11","1.1.2.0","PSt7-10","170328-007","9/30/2017 19:06:43","0000-00","0","no battery","V"
"09/09/2020","09:35:37","2","default","115855972","OXY_CH2","10.044","min","188.464","µmol/L","Humid","21.100","deg","81712","µV","28.035","°C","1016.000","hPa","35.3","pmil","0","53.237","deg","23.954","°C","100.000","%a.s.","21.023","deg","23.635","°C","1019.000","hPa","0.861","-0.02617","0.00035","0","0","13.56","Humid","28.00","0","54.00","363987.57","SABD0000000001","AAV1.0.0.11","1.1.2.0","PSt7-10","170328-007","9/30/2017 19:06:43","0000-00","0","no battery","V"
"09/09/2020","09:35:38","2","default","115855972","OXY_CH2","10.061","min","188.349","µmol/L","Humid","21.103","deg","81718","µV","28.046","°C","1016.000","hPa","35.3","pmil","0","53.237","deg","23.954","°C","100.000","%a.s.","21.023","deg","23.635","°C","1019.000","hPa","0.861","-0.02617","0.00035","0","0","13.56","Humid","28.00","0","54.00","363979.63","SABD0000000001","AAV1.0.0.11","1.1.2.0","PSt7-10","170328-007","9/30/2017 19:06:43","0000-00","0","no battery","V"
"09/09/2020","09:35:39","2","default","115855972","OXY_CH2","10.077","min","188.385","µmol/L","Humid","21.102","deg","81709","µV","28.043","°C","1016.000","hPa","35.3","pmil","0","53.237","deg","23.954","°C","100.000","%a.s.","21.023","deg","23.635","°C","1019.000","hPa","0.861","-0.02617","0.00035","0","0","13.56","Humid","28.00","0","54.00","363970.99","SABD0000000001","AAV1.0.0.11","1.1.2.0","PSt7-10","170328-007","9/30/2017 19:06:43","0000-00","0","no battery","V"
"09/09/2020","09:35:40","2","default","115855972","OXY_CH2","10.094","min","188.469","µmol/L","Humid","21.097","deg","81706","µV","28.043","°C","1016.000","hPa","35.3","pmil","0","53.237","deg","23.954","°C","100.000","%a.s.","21.023","deg","23.635","°C","1019.000","hPa","0.861","-0.02617","0.00035","0","0","13.56","Humid","28.00","0","54.00","363978.80","SABD0000000001","AAV1.0.0.11","1.1.2.0","PSt7-10","170328-007","9/30/2017 19:06:43","0000-00","0","no battery","V"
"09/09/2020","09:35:41","2","default","115855972","OXY_CH2","10.110","min","188.557","µmol/L","Humid","21.092","deg","81708","µV","28.042","°C","1016.000","hPa","35.3","pmil","0","53.237","deg","23.954","°C","100.000","%a.s.","21.023","deg","23.635","°C","1019.000","hPa","0.861","-0.02617","0.00035","0","0","13.56","Humid","28.00","0","54.00","363968.20","SABD0000000001","AAV1.0.0.11","1.1.2.0","PSt7-10","170328-007","9/30/2017 19:06:43","0000-00","0","no battery","V"
"09/09/2020","09:35:42","2","default","115855972","OXY_CH2","10.127","min","188.407","µmol/L","Humid","21.098","deg","81706","µV","28.051","°C","1016.000","hPa","35.3","pmil","0","53.237","deg","23.954","°C","100.000","%a.s.","21.023","deg","23.635","°C","1019.000","hPa","0.861","-0.02617","0.00035","0","0","13.56","Humid","28.00","0","54.00","363979.31","SABD0000000001","AAV1.0.0.11","1.1.2.0","PSt7-10","170328-007","9/30/2017 19:06:43","0000-00","0","no battery","V"
"09/09/2020","09:35:43","2","default","115855972","OXY_CH2","10.144","min","188.321","µmol/L","Humid","21.103","deg","81714","µV","28.051","°C","1016.000","hPa","35.3","pmil","0","53.237","deg","23.954","°C","100.000","%a.s.","21.023","deg","23.635","°C","1019.000","hPa","0.861","-0.02617","0.00035","0","0","13.56","Humid","28.00","0","54.00","363962.27","SABD0000000001","AAV1.0.0.11","1.1.2.0","PSt7-10","170328-007","9/30/2017 19:06:43","0000-00","0","no battery","V"
"09/09/2020","09:35:44","2","default","115855972","OXY_CH2","10.161","min","188.442","µmol/L","Humid","21.096","deg","81709","µV","28.050","°C","1016.000","hPa","35.3","pmil","0","53.237","deg","23.954","°C","100.000","%a.s.","21.023","deg","23.635","°C","1019.000","hPa","0.861","-0.02617","0.00035","0","0","13.56","Humid","28.00","0","54.00","363979.12","SABD0000000001","AAV1.0.0.11","1.1.2.0","PSt7-10","170328-007","9/30/2017 19:06:43","0000-00","0","no battery","V"
"09/09/2020","09:35:45","2","default","115855972","OXY_CH2","10.177","min","188.353","µmol/L","Humid","21.103","deg","81700","µV","28.045","°C","1016.000","hPa","35.3","pmil","0","53.237","deg","23.954","°C","100.000","%a.s.","21.023","deg","23.635","°C","1019.000","hPa","0.861","-0.02617","0.00035","0","0","13.56","Humid","28.00","0","54.00","363940.57","SABD0000000001","AAV1.0.0.11","1.1.2.0","PSt7-10","170328-007","9/30/2017 19:06:43","0000-00","0","no battery","V"
"09/09/2020","09:35:46","2","default","115855972","OXY_CH2","10.194","min","188.448","µmol/L","Humid","21.098","deg","81705","µV","28.043","°C","1016.000","hPa","35.3","pmil","0","53.237","deg","23.954","°C","100.000","%a.s.","21.023","deg","23.635","°C","1019.000","hPa","0.861","-0.02617","0.00035","0","0","13.56","Humid","28.00","0","54.00","363957.85","SABD0000000001","AAV1.0.0.11","1.1.2.0","PSt7-10","170328-007","9/30/2017 19:06:43","0000-00","0","no battery","V"
"09/09/2020","09:35:47","2","default","115855972","OXY_CH2","10.211","min","188.459","µmol/L","Humid","21.098","deg","81718","µV","28.042","°C","1016.000","hPa","35.3","pmil","0","53.237","deg","23.954","°C","100.000","%a.s.","21.023","deg","23.635","°C","1019.000","hPa","0.861","-0.02617","0.00035","0","0","13.56","Humid","28.00","0","54.00","363967.20","SABD0000000001","AAV1.0.0.11","1.1.2.0","PSt7-10","170328-007","9/30/2017 19:06:43","0000-00","0","no battery","V"
"09/09/2020","09:35:48","2","default","115855972","OXY_CH2","10.228","min","188.380","µmol/L","Humid","21.100","deg","81708","µV","28.049","°C","1016.000","hPa","35.3","pmil","0","53.237","deg","23.954","°C","100.000","%a.s.","21.023","deg","23.635","°C","1019.000","hPa","0.861","-0.02617","0.00035","0","0","13.56","Humid","28.00","0","54.00","363957.03","SABD0000000001","AAV1.0.0.11","1.1.2.0","PSt7-10","170328-007","9/30/2017 19:06:43","0000-00","0","no battery","V"
"09/09/2020","09:35:49","2","default","115855972","OXY_CH2","10.244","min","188.413","µmol/L","Humid","21.101","deg","81704","µV","28.041","°C","1016.000","hPa","35.3","pmil","0","53.237","deg","23.954","°C","100.000","%a.s.","21.023","deg","23.635","°C","1019.000","hPa","0.861","-0.02617","0.00035","0","0","13.56","Humid","28.00","0","54.00","363937.79","SABD0000000001","AAV1.0.0.11","1.1.2.0","PSt7-10","170328-007","9/30/2017 19:06:43","0000-00","0","no battery","V"
"09/09/2020","09:35:50","2","default","115855972","OXY_CH2","10.261","min","188.326","µmol/L","Humid","21.104","deg","81705","µV","28.047","°C","1016.000","hPa","35.3","pmil","0","53.237","deg","23.954","°C","100.000","%a.s.","21.023","deg","23.635","°C","1019.000","hPa","0.861","-0.02617","0.00035","0","0","13.56","Humid","28.00","0","54.00","363933.79","SABD0000000001","AAV1.0.0.11","1.1.2.0","PSt7-10","170328-007","9/30/2017 19:06:43","0000-00","0","no battery","V"
"09/09/2020","09:35:51","2","default","115855972","OXY_CH2","10.277","min","188.399","µmol/L","Humid","21.101","deg","81704","µV","28.043","°C","1016.000","hPa","35.3","pmil","0","53.237","deg","23.954","°C","100.000","%a.s.","21.023","deg","23.635","°C","1019.000","hPa","0.861","-0.02617","0.00035","0","0","13.56","Humid","28.00","0","54.00","363960.42","SABD0000000001","AAV1.0.0.11","1.1.2.0","PSt7-10","170328-007","9/30/2017 19:06:43","0000-00","0","no battery","V"
"09/09/2020","09:35:52","2","default","115855972","OXY_CH2","10.294","min","188.408","µmol/L","Humid","21.100","deg","81706","µV","28.044","°C","1016.000","hPa","35.3","pmil","0","53.237","deg","23.954","°C","100.000","%a.s.","21.023","deg","23.635","°C","1019.000","hPa","0.861","-0.02617","0.00035","0","0","13.56","Humid","28.00","0","54.00","363959.54","SABD0000000001","AAV1.0.0.11","1.1.2.0","PSt7-10","170328-007","9/30/2017 19:06:43","0000-00","0","no battery","V"
"09/09/2020","09:35:53","2","default","115855972","OXY_CH2","10.311","min","188.220","µmol/L","Humid","21.101","deg","81700","µV","28.074","°C","1016.000","hPa","35.3","pmil","0","53.237","deg","23.954","°C","100.000","%a.s.","21.023","deg","23.635","°C","1019.000","hPa","0.861","-0.02617","0.00035","0","0","13.56","Humid","28.00","0","54.00","363958.34","SABD0000000001","AAV1.0.0.11","1.1.2.0","PSt7-10","170328-007","9/30/2017 19:06:43","0000-00","0","no battery","V"
"09/09/2020","09:35:54","2","default","115855972","OXY_CH2","10.327","min","188.384","µmol/L","Humid","21.099","deg","81702","µV","28.052","°C","1016.000","hPa","35.3","pmil","0","53.237","deg","23.954","°C","100.000","%a.s.","21.023","deg","23.635","°C","1019.000","hPa","0.861","-0.02617","0.00035","0","0","13.56","Humid","28.00","0","54.00","363945.48","SABD0000000001","AAV1.0.0.11","1.1.2.0","PSt7-10","170328-007","9/30/2017 19:06:43","0000-00","0","no battery","V"
"09/09/2020","09:35:55","2","default","115855972","OXY_CH2","10.344","min","188.376","µmol/L","Humid","21.100","deg","81699","µV","28.050","°C","1016.000","hPa","35.3","pmil","0","53.237","deg","23.954","°C","100.000","%a.s.","21.023","deg","23.635","°C","1019.000","hPa","0.861","-0.02617","0.00035","0","0","13.56","Humid","28.00","0","54.00","363936.19","SABD0000000001","AAV1.0.0.11","1.1.2.0","PSt7-10","170328-007","9/30/2017 19:06:43","0000-00","0","no battery","V"
"09/09/2020","09:35:56","2","default","115855972","OXY_CH2","10.361","min","188.389","µmol/L","Humid","21.098","deg","81702","µV","28.054","°C","1016.000","hPa","35.3","pmil","0","53.237","deg","23.954","°C","100.000","%a.s.","21.023","deg","23.635","°C","1019.000","hPa","0.861","-0.02617","0.00035","0","0","13.56","Humid","28.00","0","54.00","363945.97","SABD0000000001","AAV1.0.0.11","1.1.2.0","PSt7-10","170328-007","9/30/2017 19:06:43","0000-00","0","no battery","V"
"09/09/2020","09:35:57","2","default","115855972","OXY_CH2","10.378","min","188.241","µmol/L","Humid","21.106","deg","81705","µV","28.056","°C","1016.000","hPa","35.3","pmil","0","53.237","deg","23.954","°C","100.000","%a.s.","21.023","deg","23.635","°C","1019.000","hPa","0.861","-0.02617","0.00035","0","0","13.56","Humid","28.00","0","54.00","363946.86","SABD0000000001","AAV1.0.0.11","1.1.2.0","PSt7-10","170328-007","9/30/2017 19:06:43","0000-00","0","no battery","V"
"09/09/2020","09:35:58","2","default","115855972","OXY_CH2","10.394","min","188.334","µmol/L","Humid","21.098","deg","81699","µV","28.063","°C","1016.000","hPa","35.3","pmil","0","53.237","deg","23.954","°C","100.000","%a.s.","21.023","deg","23.635","°C","1019.000","hPa","0.861","-0.02617","0.00035","0","0","13.56","Humid","28.00","0","54.00","363942.29","SABD0000000001","AAV1.0.0.11","1.1.2.0","PSt7-10","170328-007","9/30/2017 19:06:43","0000-00","0","no battery","V"
"09/09/2020","09:35:59","2","default","115855972","OXY_CH2","10.411","min","188.386","µmol/L","Humid","21.098","deg","81704","µV","28.054","°C","1016.000","hPa","35.3","pmil","0","53.237","deg","23.954","°C","100.000","%a.s.","21.023","deg","23.635","°C","1019.000","hPa","0.861","-0.02617","0.00035","0","0","13.56","Humid","28.00","0","54.00","363940.23","SABD0000000001","AAV1.0.0.11","1.1.2.0","PSt7-10","170328-007","9/30/2017 19:06:43","0000-00","0","no battery","V"
"09/09/2020","09:36:00","2","default","115855972","OXY_CH2","10.427","min","188.270","µmol/L","Humid","21.105","deg","81703","µV","28.054","°C","1016.000","hPa","35.3","pmil","0","53.237","deg","23.954","°C","100.000","%a.s.","21.023","deg","23.635","°C","1019.000","hPa","0.861","-0.02617","0.00035","0","0","13.56","Humid","28.00","0","54.00","363937.17","SABD0000000001","AAV1.0.0.11","1.1.2.0","PSt7-10","170328-007","9/30/2017 19:06:43","0000-00","0","no battery","V"
"09/09/2020","09:36:01","2","default","115855972","OXY_CH2","10.444","min","188.272","µmol/L","Humid","21.104","deg","81702","µV","28.056","°C","1016.000","hPa","35.3","pmil","0","53.237","deg","23.954","°C","100.000","%a.s.","21.023","deg","23.635","°C","1019.000","hPa","0.861","-0.02617","0.00035","0","0","13.56","Humid","28.00","0","54.00","363943.13","SABD0000000001","AAV1.0.0.11","1.1.2.0","PSt7-10","170328-007","9/30/2017 19:06:43","0000-00","0","no battery","V"
"09/09/2020","09:36:02","2","default","115855972","OXY_CH2","10.461","min","188.341","µmol/L","Humid","21.102","deg","81702","µV","28.050","°C","1016.000","hPa","35.3","pmil","0","53.237","deg","23.954","°C","100.000","%a.s.","21.023","deg","23.635","°C","1019.000","hPa","0.861","-0.02617","0.00035","0","0","13.56","Humid","28.00","0","54.00","363942.13","SABD0000000001","AAV1.0.0.11","1.1.2.0","PSt7-10","170328-007","9/30/2017 19:06:43","0000-00","0","no battery","V"
"09/09/2020","09:36:03","2","default","115855972","OXY_CH2","10.478","min","188.225","µmol/L","Humid","21.103","deg","81694","µV","28.067","°C","1016.000","hPa","35.3","pmil","0","53.237","deg","23.954","°C","100.000","%a.s.","21.023","deg","23.635","°C","1019.000","hPa","0.861","-0.02617","0.00035","0","0","13.56","Humid","28.00","0","54.00","363941.51","SABD0000000001","AAV1.0.0.11","1.1.2.0","PSt7-10","170328-007","9/30/2017 19:06:43","0000-00","0","no battery","V"
"09/09/2020","09:36:04","2","default","115855972","OXY_CH2","10.494","min","188.240","µmol/L","Humid","21.100","deg","81700","µV","28.074","°C","1016.000","hPa","35.3","pmil","0","53.237","deg","23.954","°C","100.000","%a.s.","21.023","deg","23.635","°C","1019.000","hPa","0.861","-0.02617","0.00035","0","0","13.56","Humid","28.00","0","54.00","363943.15","SABD0000000001","AAV1.0.0.11","1.1.2.0","PSt7-10","170328-007","9/30/2017 19:06:43","0000-00","0","no battery","V"
"09/09/2020","09:36:05","2","default","115855972","OXY_CH2","10.511","min","188.227","µmol/L","Humid","21.104","deg","81704","µV","28.064","°C","1016.000","hPa","35.3","pmil","0","53.237","deg","23.954","°C","100.000","%a.s.","21.023","deg","23.635","°C","1019.000","hPa","0.861","-0.02617","0.00035","0","0","13.56","Humid","28.00","0","54.00","363936.10","SABD0000000001","AAV1.0.0.11","1.1.2.0","PSt7-10","170328-007","9/30/2017 19:06:43","0000-00","0","no battery","V"
"09/09/2020","09:36:06","2","default","115855972","OXY_CH2","10.528","min","188.238","µmol/L","Humid","21.103","deg","81696","µV","28.065","°C","1016.000","hPa","35.3","pmil","0","53.237","deg","23.954","°C","100.000","%a.s.","21.023","deg","23.635","°C","1019.000","hPa","0.861","-0.02617","0.00035","0","0","13.56","Humid","28.00","0","54.00","363934.14","SABD0000000001","AAV1.0.0.11","1.1.2.0","PSt7-10","170328-007","9/30/2017 19:06:43","0000-00","0","no battery","V"
"09/09/2020","09:36:07","2","default","115855972","OXY_CH2","10.544","min","188.365","µmol/L","Humid","21.098","deg","81699","µV","28.058","°C","1016.000","hPa","35.3","pmil","0","53.237","deg","23.954","°C","100.000","%a.s.","21.023","deg","23.635","°C","1019.000","hPa","0.861","-0.02617","0.00035","0","0","13.56","Humid","28.00","0","54.00","363920.97","SABD0000000001","AAV1.0.0.11","1.1.2.0","PSt7-10","170328-007","9/30/2017 19:06:43","0000-00","0","no battery","V"
"09/09/2020","09:36:08","2","default","115855972","OXY_CH2","10.561","min","188.392","µmol/L","Humid","21.098","deg","81703","µV","28.053","°C","1016.000","hPa","35.3","pmil","0","53.237","deg","23.954","°C","100.000","%a.s.","21.023","deg","23.635","°C","1019.000","hPa","0.861","-0.02617","0.00035","0","0","13.56","Humid","28.00","0","54.00","363923.68","SABD0000000001","AAV1.0.0.11","1.1.2.0","PSt7-10","170328-007","9/30/2017 19:06:43","0000-00","0","no battery","V"
"09/09/2020","09:36:09","2","default","115855972","OXY_CH2","10.577","min","188.278","µmol/L","Humid","21.096","deg","81698","µV","28.079","°C","1016.000","hPa","35.3","pmil","0","53.237","deg","23.954","°C","100.000","%a.s.","21.023","deg","23.635","°C","1019.000","hPa","0.861","-0.02617","0.00035","0","0","13.56","Humid","28.00","0","54.00","363933.99","SABD0000000001","AAV1.0.0.11","1.1.2.0","PSt7-10","170328-007","9/30/2017 19:06:43","0000-00","0","no battery","V"
"09/09/2020","09:36:10","2","default","115855972","OXY_CH2","10.594","min","188.509","µmol/L","Humid","21.095","deg","81692","µV","28.042","°C","1016.000","hPa","35.3","pmil","0","53.237","deg","23.954","°C","100.000","%a.s.","21.023","deg","23.635","°C","1019.000","hPa","0.861","-0.02617","0.00035","0","0","13.56","Humid","28.00","0","54.00","363915.38","SABD0000000001","AAV1.0.0.11","1.1.2.0","PSt7-10","170328-007","9/30/2017 19:06:43","0000-00","0","no battery","V"
"09/09/2020","09:36:11","2","default","115855972","OXY_CH2","10.610","min","188.369","µmol/L","Humid","21.102","deg","81695","µV","28.045","°C","1016.000","hPa","35.3","pmil","0","53.237","deg","23.954","°C","100.000","%a.s.","21.023","deg","23.635","°C","1019.000","hPa","0.861","-0.02617","0.00035","0","0","13.56","Humid","28.00","0","54.00","363915.95","SABD0000000001","AAV1.0.0.11","1.1.2.0","PSt7-10","170328-007","9/30/2017 19:06:43","0000-00","0","no battery","V"
"09/09/2020","09:36:12","2","default","115855972","OXY_CH2","10.627","min","188.255","µmol/L","Humid","21.102","deg","81697","µV","28.065","°C","1016.000","hPa","35.3","pmil","0","53.237","deg","23.954","°C","100.000","%a.s.","21.023","deg","23.635","°C","1019.000","hPa","0.861","-0.02617","0.00035","0","0","13.56","Humid","28.00","0","54.00","363928.94","SABD0000000001","AAV1.0.0.11","1.1.2.0","PSt7-10","170328-007","9/30/2017 19:06:43","0000-00","0","no battery","V"
"09/09/2020","09:36:13","2","default","115855972","OXY_CH2","10.644","min","188.274","µmol/L","Humid","21.100","deg","81698","µV","28.068","°C","1016.000","hPa","35.3","pmil","0","53.237","deg","23.954","°C","100.000","%a.s.","21.023","deg","23.635","°C","1019.000","hPa","0.861","-0.02617","0.00035","0","0","13.56","Humid","28.00","0","54.00","363920.29","SABD0000000001","AAV1.0.0.11","1.1.2.0","PSt7-10","170328-007","9/30/2017 19:06:43","0000-00","0","no battery","V"
"09/09/2020","09:36:14","2","default","115855972","OXY_CH2","10.661","min","188.299","µmol/L","Humid","21.100","deg","81697","µV","28.063","°C","1016.000","hPa","35.3","pmil","0","53.237","deg","23.954","°C","100.000","%a.s.","21.023","deg","23.635","°C","1019.000","hPa","0.861","-0.02617","0.00035","0","0","13.56","Humid","28.00","0","54.00","363926.71","SABD0000000001","AAV1.0.0.11","1.1.2.0","PSt7-10","170328-007","9/30/2017 19:06:43","0000-00","0","no battery","V"
"09/09/2020","09:36:15","2","default","115855972","OXY_CH2","10.678","min","188.290","µmol/L","Humid","21.098","deg","81698","µV","28.071","°C","1016.000","hPa","35.3","pmil","0","53.237","deg","23.954","°C","100.000","%a.s.","21.023","deg","23.635","°C","1019.000","hPa","0.861","-0.02617","0.00035","0","0","13.56","Humid","28.00","0","54.00","363922.71","SABD0000000001","AAV1.0.0.11","1.1.2.0","PSt7-10","170328-007","9/30/2017 19:06:43","0000-00","0","no battery","V"
"09/09/2020","09:36:16","2","default","115855972","OXY_CH2","10.694","min","188.238","µmol/L","Humid","21.102","deg","81695","µV","28.068","°C","1016.000","hPa","35.3","pmil","0","53.237","deg","23.954","°C","100.000","%a.s.","21.023","deg","23.635","°C","1019.000","hPa","0.861","-0.02617","0.00035","0","0","13.56","Humid","28.00","0","54.00","363915.24","SABD0000000001","AAV1.0.0.11","1.1.2.0","PSt7-10","170328-007","9/30/2017 19:06:43","0000-00","0","no battery","V"
"09/09/2020","09:36:17","2","default","115855972","OXY_CH2","10.711","min","188.210","µmol/L","Humid","21.101","deg","81696","µV","28.076","°C","1016.000","hPa","35.3","pmil","0","53.237","deg","23.954","°C","100.000","%a.s.","21.023","deg","23.635","°C","1019.000","hPa","0.861","-0.02617","0.00035","0","0","13.56","Humid","28.00","0","54.00","363907.21","SABD0000000001","AAV1.0.0.11","1.1.2.0","PSt7-10","170328-007","9/30/2017 19:06:43","0000-00","0","no battery","V"
"09/09/2020","09:36:18","2","default","115855972","OXY_CH2","10.728","min","188.252","µmol/L","Humid","21.096","deg","81697","µV","28.083","°C","1016.000","hPa","35.3","pmil","0","53.237","deg","23.954","°C","100.000","%a.s.","21.023","deg","23.635","°C","1019.000","hPa","0.861","-0.02617","0.00035","0","0","13.56","Humid","28.00","0","54.00","363907.80","SABD0000000001","AAV1.0.0.11","1.1.2.0","PSt7-10","170328-007","9/30/2017 19:06:43","0000-00","0","no battery","V"
"09/09/2020","09:36:19","2","default","115855972","OXY_CH2","10.744","min","188.151","µmol/L","Humid","21.101","deg","81692","µV","28.086","°C","1016.000","hPa","35.3","pmil","0","53.237","deg","23.954","°C","100.000","%a.s.","21.023","deg","23.635","°C","1019.000","hPa","0.861","-0.02617","0.00035","0","0","13.56","Humid","28.00","0","54.00","363899.73","SABD0000000001","AAV1.0.0.11","1.1.2.0","PSt7-10","170328-007","9/30/2017 19:06:43","0000-00","0","no battery","V"
"09/09/2020","09:36:20","2","default","115855972","OXY_CH2","10.761","min","188.261","µmol/L","Humid","21.099","deg","81693","µV","28.073","°C","1016.000","hPa","35.3","pmil","0","53.237","deg","23.954","°C","100.000","%a.s.","21.023","deg","23.635","°C","1019.000","hPa","0.861","-0.02617","0.00035","0","0","13.56","Humid","28.00","0","54.00","363917.18","SABD0000000001","AAV1.0.0.11","1.1.2.0","PSt7-10","170328-007","9/30/2017 19:06:43","0000-00","0","no battery","V"
"09/09/2020","09:36:21","2","default","115855972","OXY_CH2","10.777","min","188.318","µmol/L","Humid","21.097","deg","81687","µV","28.069","°C","1016.000","hPa","35.3","pmil","0","53.237","deg","23.954","°C","100.000","%a.s.","21.023","deg","23.635","°C","1019.000","hPa","0.861","-0.02617","0.00035","0","0","13.56","Humid","28.00","0","54.00","363896.45","SABD0000000001","AAV1.0.0.11","1.1.2.0","PSt7-10","170328-007","9/30/2017 19:06:43","0000-00","0","no battery","V"
"09/09/2020","09:36:22","2","default","115855972","OXY_CH2","10.794","min","188.207","µmol/L","Humid","21.099","deg","81698","µV","28.082","°C","1016.000","hPa","35.3","pmil","0","53.237","deg","23.954","°C","100.000","%a.s.","21.023","deg","23.635","°C","1019.000","hPa","0.861","-0.02617","0.00035","0","0","13.56","Humid","28.00","0","54.00","363905.23","SABD0000000001","AAV1.0.0.11","1.1.2.0","PSt7-10","170328-007","9/30/2017 19:06:43","0000-00","0","no battery","V"
"09/09/2020","09:36:23","2","default","115855972","OXY_CH2","10.811","min","188.218","µmol/L","Humid","21.097","deg","81694","µV","28.086","°C","1016.000","hPa","35.3","pmil","0","53.237","deg","23.954","°C","100.000","%a.s.","21.023","deg","23.635","°C","1019.000","hPa","0.861","-0.02617","0.00035","0","0","13.56","Humid","28.00","0","54.00","363902.38","SABD0000000001","AAV1.0.0.11","1.1.2.0","PSt7-10","170328-007","9/30/2017 19:06:43","0000-00","0","no battery","V"
"09/09/2020","09:36:24","2","default","115855972","OXY_CH2","10.828","min","188.289","µmol/L","Humid","21.100","deg","81694","µV","28.065","°C","1016.000","hPa","35.3","pmil","0","53.237","deg","23.954","°C","100.000","%a.s.","21.023","deg","23.635","°C","1019.000","hPa","0.861","-0.02617","0.00035","0","0","13.56","Humid","28.00","0","54.00","363898.56","SABD0000000001","AAV1.0.0.11","1.1.2.0","PSt7-10","170328-007","9/30/2017 19:06:43","0000-00","0","no battery","V"
"09/09/2020","09:36:25","2","default","115855972","OXY_CH2","10.844","min","188.315","µmol/L","Humid","21.096","deg","81685","µV","28.072","°C","1016.000","hPa","35.3","pmil","0","53.237","deg","23.954","°C","100.000","%a.s.","21.023","deg","23.635","°C","1019.000","hPa","0.861","-0.02617","0.00035","0","0","13.56","Humid","28.00","0","54.00","363884.91","SABD0000000001","AAV1.0.0.11","1.1.2.0","PSt7-10","170328-007","9/30/2017 19:06:43","0000-00","0","no battery","V"
"09/09/2020","09:36:26","2","default","115855972","OXY_CH2","10.861","min","188.171","µmol/L","Humid","21.101","deg","81688","µV","28.083","°C","1016.000","hPa","35.3","pmil","0","53.237","deg","23.954","°C","100.000","%a.s.","21.023","deg","23.635","°C","1019.000","hPa","0.861","-0.02617","0.00035","0","0","13.56","Humid","28.00","0","54.00","363895.14","SABD0000000001","AAV1.0.0.11","1.1.2.0","PSt7-10","170328-007","9/30/2017 19:06:43","0000-00","0","no battery","V"
"09/09/2020","09:36:27","2","default","115855972","OXY_CH2","10.877","min","188.247","µmol/L","Humid","21.100","deg","81690","µV","28.073","°C","1016.000","hPa","35.3","pmil","0","53.237","deg","23.954","°C","100.000","%a.s.","21.023","deg","23.635","°C","1019.000","hPa","0.861","-0.02617","0.00035","0","0","13.56","Humid","28.00","0","54.00","363901.77","SABD0000000001","AAV1.0.0.11","1.1.2.0","PSt7-10","170328-007","9/30/2017 19:06:43","0000-00","0","no battery","V"
"09/09/2020","09:36:28","2","default","115855972","OXY_CH2","10.894","min","188.237","µmol/L","Humid","21.098","deg","81692","µV","28.080","°C","1016.000","hPa","35.3","pmil","0","53.237","deg","23.954","°C","100.000","%a.s.","21.023","deg","23.635","°C","1019.000","hPa","0.861","-0.02617","0.00035","0","0","13.56","Humid","28.00","0","54.00","363914.10","SABD0000000001","AAV1.0.0.11","1.1.2.0","PSt7-10","170328-007","9/30/2017 19:06:43","0000-00","0","no battery","V"
"09/09/2020","09:36:29","2","default","115855972","OXY_CH2","10.911","min","188.300","µmol/L","Humid","21.096","deg","81695","µV","28.075","°C","1016.000","hPa","35.3","pmil","0","53.237","deg","23.954","°C","100.000","%a.s.","21.023","deg","23.635","°C","1019.000","hPa","0.861","-0.02617","0.00035","0","0","13.56","Humid","28.00","0","54.00","363893.28","SABD0000000001","AAV1.0.0.11","1.1.2.0","PSt7-10","170328-007","9/30/2017 19:06:43","0000-00","0","no battery","V"
"09/09/2020","09:36:30","2","default","115855972","OXY_CH2","10.927","min","188.229","µmol/L","Humid","21.100","deg","81688","µV","28.075","°C","1016.000","hPa","35.3","pmil","0","53.237","deg","23.954","°C","100.000","%a.s.","21.023","deg","23.635","°C","1019.000","hPa","0.861","-0.02617","0.00035","0","0","13.56","Humid","28.00","0","54.00","363889.92","SABD0000000001","AAV1.0.0.11","1.1.2.0","PSt7-10","170328-007","9/30/2017 19:06:43","0000-00","0","no battery","V"
"09/09/2020","09:36:31","2","default","115855972","OXY_CH2","10.944","min","188.137","µmol/L","Humid","21.104","deg","81690","µV","28.080","°C","1016.000","hPa","35.3","pmil","0","53.237","deg","23.954","°C","100.000","%a.s.","21.023","deg","23.635","°C","1019.000","hPa","0.861","-0.02617","0.00035","0","0","13.56","Humid","28.00","0","54.00","363886.99","SABD0000000001","AAV1.0.0.11","1.1.2.0","PSt7-10","170328-007","9/30/2017 19:06:43","0000-00","0","no battery","V"
"09/09/2020","09:36:32","2","default","115855972","OXY_CH2","10.960","min","188.107","µmol/L","Humid","21.098","deg","81693","µV","28.103","°C","1016.000","hPa","35.3","pmil","0","53.237","deg","23.954","°C","100.000","%a.s.","21.023","deg","23.635","°C","1019.000","hPa","0.861","-0.02617","0.00035","0","0","13.56","Humid","28.00","0","54.00","363893.56","SABD0000000001","AAV1.0.0.11","1.1.2.0","PSt7-10","170328-007","9/30/2017 19:06:43","0000-00","0","no battery","V"
"09/09/2020","09:36:33","2","default","115855972","OXY_CH2","10.977","min","188.070","µmol/L","Humid","21.101","deg","81683","µV","28.100","°C","1016.000","hPa","35.3","pmil","0","53.237","deg","23.954","°C","100.000","%a.s.","21.023","deg","23.635","°C","1019.000","hPa","0.861","-0.02617","0.00035","0","0","13.56","Humid","28.00","0","54.00","363878.13","SABD0000000001","AAV1.0.0.11","1.1.2.0","PSt7-10","170328-007","9/30/2017 19:06:43","0000-00","0","no battery","V"
"09/09/2020","09:36:34","2","default","115855972","OXY_CH2","10.994","min","188.128","µmol/L","Humid","21.101","deg","81690","µV","28.090","°C","1016.000","hPa","35.3","pmil","0","53.237","deg","23.954","°C","100.000","%a.s.","21.023","deg","23.635","°C","1019.000","hPa","0.861","-0.02617","0.00035","0","0","13.56","Humid","28.00","0","54.00","363892.05","SABD0000000001","AAV1.0.0.11","1.1.2.0","PSt7-10","170328-007","9/30/2017 19:06:43","0000-00","0","no battery","V"
"09/09/2020","09:36:35","2","default","115855972","OXY_CH2","11.011","min","188.093","µmol/L","Humid","21.102","deg","81692","µV","28.093","°C","1016.000","hPa","35.3","pmil","0","53.237","deg","23.954","°C","100.000","%a.s.","21.023","deg","23.635","°C","1019.000","hPa","0.861","-0.02617","0.00035","0","0","13.56","Humid","28.00","0","54.00","363872.49","SABD0000000001","AAV1.0.0.11","1.1.2.0","PSt7-10","170328-007","9/30/2017 19:06:43","0000-00","0","no battery","V"
"09/09/2020","09:36:36","2","default","115855972","OXY_CH2","11.027","min","188.205","µmol/L","Humid","21.097","deg","81678","µV","28.088","°C","1016.000","hPa","35.3","pmil","0","53.237","deg","23.954","°C","100.000","%a.s.","21.023","deg","23.635","°C","1019.000","hPa","0.861","-0.02617","0.00035","0","0","13.56","Humid","28.00","0","54.00","363856.52","SABD0000000001","AAV1.0.0.11","1.1.2.0","PSt7-10","170328-007","9/30/2017 19:06:43","0000-00","0","no battery","V"
"09/09/2020","09:36:37","2","default","115855972","OXY_CH2","11.044","min","188.116","µmol/L","Humid","21.100","deg","81685","µV","28.095","°C","1016.000","hPa","35.3","pmil","0","53.237","deg","23.954","°C","100.000","%a.s.","21.023","deg","23.635","°C","1019.000","hPa","0.861","-0.02617","0.00035","0","0","13.56","Humid","28.00","0","54.00","363867.67","SABD0000000001","AAV1.0.0.11","1.1.2.0","PSt7-10","170328-007","9/30/2017 19:06:43","0000-00","0","no battery","V"
"09/09/2020","09:36:38","2","default","115855972","OXY_CH2","11.061","min","188.159","µmol/L","Humid","21.097","deg","81679","µV","28.097","°C","1016.000","hPa","35.3","pmil","0","53.237","deg","23.954","°C","100.000","%a.s.","21.023","deg","23.635","°C","1019.000","hPa","0.861","-0.02617","0.00035","0","0","13.56","Humid","28.00","0","54.00","363869.16","SABD0000000001","AAV1.0.0.11","1.1.2.0","PSt7-10","170328-007","9/30/2017 19:06:43","0000-00","0","no battery","V"
"09/09/2020","09:36:39","2","default","115855972","OXY_CH2","11.077","min","188.145","µmol/L","Humid","21.103","deg","81689","µV","28.081","°C","1016.000","hPa","35.3","pmil","0","53.237","deg","23.954","°C","100.000","%a.s.","21.023","deg","23.635","°C","1019.000","hPa","0.861","-0.02617","0.00035","0","0","13.56","Humid","28.00","0","54.00","363869.71","SABD0000000001","AAV1.0.0.11","1.1.2.0","PSt7-10","170328-007","9/30/2017 19:06:43","0000-00","0","no battery","V"
"09/09/2020","09:36:40","2","default","115855972","OXY_CH2","11.094","min","188.139","µmol/L","Humid","21.099","deg","81686","µV","28.094","°C","1016.000","hPa","35.3","pmil","0","53.237","deg","23.954","°C","100.000","%a.s.","21.023","deg","23.635","°C","1019.000","hPa","0.861","-0.02617","0.00035","0","0","13.56","Humid","28.00","0","54.00","363860.07","SABD0000000001","AAV1.0.0.11","1.1.2.0","PSt7-10","170328-007","9/30/2017 19:06:43","0000-00","0","no battery","V"
"09/09/2020","09:36:41","2","default","115855972","OXY_CH2","11.111","min","188.079","µmol/L","Humid","21.100","deg","81686","µV","28.102","°C","1016.000","hPa","35.3","pmil","0","53.237","deg","23.954","°C","100.000","%a.s.","21.023","deg","23.635","°C","1019.000","hPa","0.861","-0.02617","0.00035","0","0","13.56","Humid","28.00","0","54.00","363870.08","SABD0000000001","AAV1.0.0.11","1.1.2.0","PSt7-10","170328-007","9/30/2017 19:06:43","0000-00","0","no battery","V"
"09/09/2020","09:36:42","2","default","115855972","OXY_CH2","11.127","min","188.099","µmol/L","Humid","21.101","deg","81685","µV","28.095","°C","1016.000","hPa","35.3","pmil","0","53.237","deg","23.954","°C","100.000","%a.s.","21.023","deg","23.635","°C","1019.000","hPa","0.861","-0.02617","0.00035","0","0","13.56","Humid","28.00","0","54.00","363871.39","SABD0000000001","AAV1.0.0.11","1.1.2.0","PSt7-10","170328-007","9/30/2017 19:06:43","0000-00","0","no battery","V"
"09/09/2020","09:36:43","2","default","115855972","OXY_CH2","11.144","min","188.031","µmol/L","Humid","21.100","deg","81685","µV","28.110","°C","1016.000","hPa","35.3","pmil","0","53.237","deg","23.954","°C","100.000","%a.s.","21.023","deg","23.635","°C","1019.000","hPa","0.861","-0.02617","0.00035","0","0","13.56","Humid","28.00","0","54.00","363877.92","SABD0000000001","AAV1.0.0.11","1.1.2.0","PSt7-10","170328-007","9/30/2017 19:06:43","0000-00","0","no battery","V"
"09/09/2020","09:36:44","2","default","115855972","OXY_CH2","11.160","min","188.057","µmol/L","Humid","21.102","deg","81681","µV","28.100","°C","1016.000","hPa","35.3","pmil","0","53.237","deg","23.954","°C","100.000","%a.s.","21.023","deg","23.635","°C","1019.000","hPa","0.861","-0.02617","0.00035","0","0","13.56","Humid","28.00","0","54.00","363852.67","SABD0000000001","AAV1.0.0.11","1.1.2.0","PSt7-10","170328-007","9/30/2017 19:06:43","0000-00","0","no battery","V"
"09/09/2020","09:36:45","2","default","115855972","OXY_CH2","11.177","min","188.042","µmol/L","Humid","21.104","deg","81682","µV","28.096","°C","1016.000","hPa","35.3","pmil","0","53.237","deg","23.954","°C","100.000","%a.s.","21.023","deg","23.635","°C","1019.000","hPa","0.861","-0.02617","0.00035","0","0","13.56","Humid","28.00","0","54.00","363857.75","SABD0000000001","AAV1.0.0.11","1.1.2.0","PSt7-10","170328-007","9/30/2017 19:06:43","0000-00","0","no battery","V"
"09/09/2020","09:36:46","2","default","115855972","OXY_CH2","11.194","min","188.195","µmol/L","Humid","21.097","deg","81682","µV","28.090","°C","1016.000","hPa","35.3","pmil","0","53.237","deg","23.954","°C","100.000","%a.s.","21.023","deg","23.635","°C","1019.000","hPa","0.861","-0.02617","0.00035","0","0","13.56","Humid","28.00","0","54.00","363861.19","SABD0000000001","AAV1.0.0.11","1.1.2.0","PSt7-10","170328-007","9/30/2017 19:06:43","0000-00","0","no battery","V"
"09/09/2020","09:36:47","2","default","115855972","OXY_CH2","11.211","min","188.205","µmol/L","Humid","21.098","deg","81681","µV","28.086","°C","1016.000","hPa","35.3","pmil","0","53.237","deg","23.954","°C","100.000","%a.s.","21.023","deg","23.635","°C","1019.000","hPa","0.861","-0.02617","0.00035","0","0","13.56","Humid","28.00","0","54.00","363849.41","SABD0000000001","AAV1.0.0.11","1.1.2.0","PSt7-10","170328-007","9/30/2017 19:06:43","0000-00","0","no battery","V"
"09/09/2020","09:36:48","2","default","115855972","OXY_CH2","11.227","min","188.203","µmol/L","Humid","21.095","deg","81686","µV","28.095","°C","1016.000","hPa","35.3","pmil","0","53.237","deg","23.954","°C","100.000","%a.s.","21.023","deg","23.635","°C","1019.000","hPa","0.861","-0.02617","0.00035","0","0","13.56","Humid","28.00","0","54.00","363874.95","SABD0000000001","AAV1.0.0.11","1.1.2.0","PSt7-10","170328-007","9/30/2017 19:06:43","0000-00","0","no battery","V"
"09/09/2020","09:36:49","2","default","115855972","OXY_CH2","11.244","min","188.118","µmol/L","Humid","21.100","deg","81684","µV","28.095","°C","1016.000","hPa","35.3","pmil","0","53.237","deg","23.954","°C","100.000","%a.s.","21.023","deg","23.635","°C","1019.000","hPa","0.861","-0.02617","0.00035","0","0","13.56","Humid","28.00","0","54.00","363869.60","SABD0000000001","AAV1.0.0.11","1.1.2.0","PSt7-10","170328-007","9/30/2017 19:06:43","0000-00","0","no battery","V"
"09/09/2020","09:36:50","2","default","115855972","OXY_CH2","11.261","min","187.946","µmol/L","Humid","21.103","deg","81683","µV","28.116","°C","1016.000","hPa","35.3","pmil","0","53.237","deg","23.954","°C","100.000","%a.s.","21.023","deg","23.635","°C","1019.000","hPa","0.861","-0.02617","0.00035","0","0","13.56","Humid","28.00","0","54.00","363859.28","SABD0000000001","AAV1.0.0.11","1.1.2.0","PSt7-10","170328-007","9/30/2017 19:06:43","0000-00","0","no battery","V"
"09/09/2020","09:36:51","2","default","115855972","OXY_CH2","11.278","min","188.025","µmol/L","Humid","21.103","deg","81678","µV","28.102","°C","1016.000","hPa","35.3","pmil","0","53.237","deg","23.954","°C","100.000","%a.s.","21.023","deg","23.635","°C","1019.000","hPa","0.861","-0.02617","0.00035","0","0","13.56","Humid","28.00","0","54.00","363859.20","SABD0000000001","AAV1.0.0.11","1.1.2.0","PSt7-10","170328-007","9/30/2017 19:06:43","0000-00","0","no battery","V"
"09/09/2020","09:36:52","2","default","115855972","OXY_CH2","11.294","min","188.087","µmol/L","Humid","21.098","deg","81682","µV","28.106","°C","1016.000","hPa","35.3","pmil","0","53.237","deg","23.954","°C","100.000","%a.s.","21.023","deg","23.635","°C","1019.000","hPa","0.861","-0.02617","0.00035","0","0","13.56","Humid","28.00","0","54.00","363854.58","SABD0000000001","AAV1.0.0.11","1.1.2.0","PSt7-10","170328-007","9/30/2017 19:06:43","0000-00","0","no battery","V"
"09/09/2020","09:36:53","2","default","115855972","OXY_CH2","11.310","min","188.016","µmol/L","Humid","21.102","deg","81679","µV","28.107","°C","1016.000","hPa","35.3","pmil","0","53.237","deg","23.954","°C","100.000","%a.s.","21.023","deg","23.635","°C","1019.000","hPa","0.861","-0.02617","0.00035","0","0","13.56","Humid","28.00","0","54.00","363866.26","SABD0000000001","AAV1.0.0.11","1.1.2.0","PSt7-10","170328-007","9/30/2017 19:06:43","0000-00","0","no battery","V"
"09/09/2020","09:36:54","2","default","115855972","OXY_CH2","11.327","min","188.087","µmol/L","Humid","21.097","deg","81677","µV","28.109","°C","1016.000","hPa","35.3","pmil","0","53.237","deg","23.954","°C","100.000","%a.s.","21.023","deg","23.635","°C","1019.000","hPa","0.861","-0.02617","0.00035","0","0","13.56","Humid","28.00","0","54.00","363858.83","SABD0000000001","AAV1.0.0.11","1.1.2.0","PSt7-10","170328-007","9/30/2017 19:06:43","0000-00","0","no battery","V"
"09/09/2020","09:36:55","2","default","115855972","OXY_CH2","11.344","min","188.156","µmol/L","Humid","21.096","deg","81672","µV","28.100","°C","1016.000","hPa","35.3","pmil","0","53.237","deg","23.954","°C","100.000","%a.s.","21.023","deg","23.635","°C","1019.000","hPa","0.861","-0.02617","0.00035","0","0","13.56","Humid","28.00","0","54.00","363854.17","SABD0000000001","AAV1.0.0.11","1.1.2.0","PSt7-10","170328-007","9/30/2017 19:06:43","0000-00","0","no battery","V"
"09/09/2020","09:36:56","2","default","115855972","OXY_CH2","11.361","min","188.016","µmol/L","Humid","21.098","deg","81681","µV","28.118","°C","1016.000","hPa","35.3","pmil","0","53.237","deg","23.954","°C","100.000","%a.s.","21.023","deg","23.635","°C","1019.000","hPa","0.861","-0.02617","0.00035","0","0","13.56","Humid","28.00","0","54.00","363862.45","SABD0000000001","AAV1.0.0.11","1.1.2.0","PSt7-10","170328-007","9/30/2017 19:06:43","0000-00","0","no battery","V"
"09/09/2020","09:36:57","2","default","115855972","OXY_CH2","11.377","min","188.176","µmol/L","Humid","21.096","deg","81680","µV","28.097","°C","1016.000","hPa","35.3","pmil","0","53.237","deg","23.954","°C","100.000","%a.s.","21.023","deg","23.635","°C","1019.000","hPa","0.861","-0.02617","0.00035","0","0","13.56","Humid","28.00","0","54.00","363842.06","SABD0000000001","AAV1.0.0.11","1.1.2.0","PSt7-10","170328-007","9/30/2017 19:06:43","0000-00","0","no battery","V"
"09/09/2020","09:36:58","2","default","115855972","OXY_CH2","11.394","min","188.078","µmol/L","Humid","21.101","deg","81673","µV","28.099","°C","1016.000","hPa","35.3","pmil","0","53.237","deg","23.954","°C","100.000","%a.s.","21.023","deg","23.635","°C","1019.000","hPa","0.861","-0.02617","0.00035","0","0","13.56","Humid","28.00","0","54.00","363852.05","SABD0000000001","AAV1.0.0.11","1.1.2.0","PSt7-10","170328-007","9/30/2017 19:06:43","0000-00","0","no battery","V"
"09/09/2020","09:36:59","2","default","115855972","OXY_CH2","11.411","min","188.173","µmol/L","Humid","21.098","deg","81674","µV","28.091","°C","1016.000","hPa","35.3","pmil","0","53.237","deg","23.954","°C","100.000","%a.s.","21.023","deg","23.635","°C","1019.000","hPa","0.861","-0.02617","0.00035","0","0","13.56","Humid","28.00","0","54.00","363848.98","SABD0000000001","AAV1.0.0.11","1.1.2.0","PSt7-10","170328-007","9/30/2017 19:06:43","0000-00","0","no battery","V"
"09/09/2020","09:45:57","2","default","115855972","OXY_CH2","20.377","min","185.886","µmol/L","Humid","21.090","deg","81693","µV","28.513","°C","1016.000","hPa","35.3","pmil","0","53.237","deg","23.954","°C","100.000","%a.s.","21.023","deg","23.635","°C","1019.000","hPa","0.861","-0.02617","0.00035","0","0","13.56","Humid","28.00","0","54.00","364191.83","SABD0000000001","AAV1.0.0.11","1.1.2.0","PSt7-10","170328-007","9/30/2017 19:06:43","0000-00","0","no battery","V"
"09/09/2020","09:45:58","2","default","115855972","OXY_CH2","20.394","min","185.873","µmol/L","Humid","21.093","deg","81675","µV","28.507","°C","1016.000","hPa","35.3","pmil","0","53.237","deg","23.954","°C","100.000","%a.s.","21.023","deg","23.635","°C","1019.000","hPa","0.861","-0.02617","0.00035","0","0","13.56","Humid","28.00","0","54.00","364152.88","SABD0000000001","AAV1.0.0.11","1.1.2.0","PSt7-10","170328-007","9/30/2017 19:06:43","0000-00","0","no battery","V"
"09/09/2020","09:45:59","2","default","115855972","OXY_CH2","20.410","min","185.763","µmol/L","Humid","21.096","deg","81666","µV","28.517","°C","1016.000","hPa","35.3","pmil","0","53.237","deg","23.954","°C","100.000","%a.s.","21.023","deg","23.635","°C","1019.000","hPa","0.861","-0.02617","0.00035","0","0","13.56","Humid","28.00","0","54.00","364128.15","SABD0000000001","AAV1.0.0.11","1.1.2.0","PSt7-10","170328-007","9/30/2017 19:06:43","0000-00","0","no battery","V"
"09/09/2020","09:46:00","2","default","115855972","OXY_CH2","20.427","min","185.819","µmol/L","Humid","21.092","deg","81666","µV","28.519","°C","1016.000","hPa","35.3","pmil","0","53.237","deg","23.954","°C","100.000","%a.s.","21.023","deg","23.635","°C","1019.000","hPa","0.861","-0.02617","0.00035","0","0","13.56","Humid","28.00","0","54.00","364107.20","SABD0000000001","AAV1.0.0.11","1.1.2.0","PSt7-10","170328-007","9/30/2017 19:06:43","0000-00","0","no battery","V"
"09/09/2020","09:46:01","2","default","115855972","OXY_CH2","20.444","min","185.864","µmol/L","Humid","21.097","deg","81660","µV","28.497","°C","1016.000","hPa","35.3","pmil","0","53.237","deg","23.954","°C","100.000","%a.s.","21.023","deg","23.635","°C","1019.000","hPa","0.861","-0.02617","0.00035","0","0","13.56","Humid","28.00","0","54.00","364091.22","SABD0000000001","AAV1.0.0.11","1.1.2.0","PSt7-10","170328-007","9/30/2017 19:06:43","0000-00","0","no battery","V"
"09/09/2020","09:46:02","2","default","115855972","OXY_CH2","20.461","min","185.880","µmol/L","Humid","21.099","deg","81659","µV","28.488","°C","1016.000","hPa","35.3","pmil","0","53.237","deg","23.954","°C","100.000","%a.s.","21.023","deg","23.635","°C","1019.000","hPa","0.861","-0.02617","0.00035","0","0","13.56","Humid","28.00","0","54.00","364093.93","SABD0000000001","AAV1.0.0.11","1.1.2.0","PSt7-10","170328-007","9/30/2017 19:06:43","0000-00","0","no battery","V"
"09/09/2020","09:46:03","2","default","115855972","OXY_CH2","20.477","min","185.764","µmol/L","Humid","21.093","deg","81650","µV","28.526","°C","1016.000","hPa","35.3","pmil","0","53.237","deg","23.954","°C","100.000","%a.s.","21.023","deg","23.635","°C","1019.000","hPa","0.861","-0.02617","0.00035","0","0","13.56","Humid","28.00","0","54.00","364070.86","SABD0000000001","AAV1.0.0.11","1.1.2.0","PSt7-10","170328-007","9/30/2017 19:06:43","0000-00","0","no battery","V"
"09/09/2020","09:46:04","2","default","115855972","OXY_CH2","20.494","min","185.700","µmol/L","Humid","21.096","deg","81638","µV","28.528","°C","1016.000","hPa","35.3","pmil","0","53.237","deg","23.954","°C","100.000","%a.s.","21.023","deg","23.635","°C","1019.000","hPa","0.861","-0.02617","0.00035","0","0","13.56","Humid","28.00","0","54.00","364060.38","SABD0000000001","AAV1.0.0.11","1.1.2.0","PSt7-10","170328-007","9/30/2017 19:06:43","0000-00","0","no battery","V"
"09/09/2020","09:46:05","2","default","115855972","OXY_CH2","20.510","min","185.743","µmol/L","Humid","21.097","deg","81644","µV","28.518","°C","1016.000","hPa","35.3","pmil","0","53.237","deg","23.954","°C","100.000","%a.s.","21.023","deg","23.635","°C","1019.000","hPa","0.861","-0.02617","0.00035","0","0","13.56","Humid","28.00","0","54.00","364052.46","SABD0000000001","AAV1.0.0.11","1.1.2.0","PSt7-10","170328-007","9/30/2017 19:06:43","0000-00","0","no battery","V"
"09/09/2020","09:46:06","2","default","115855972","OXY_CH2","20.529","min","185.671","µmol/L","Humid","21.097","deg","81647","µV","28.530","°C","1016.000","hPa","35.3","pmil","0","53.237","deg","23.954","°C","100.000","%a.s.","21.023","deg","23.635","°C","1019.000","hPa","0.861","-0.02617","0.00035","0","0","13.56","Humid","28.00","0","54.00","364045.04","SABD0000000001","AAV1.0.0.11","1.1.2.0","PSt7-10","170328-007","9/30/2017 19:06:43","0000-00","0","no battery","V"
"09/09/2020","09:46:07","2","default","115855972","OXY_CH2","20.544","min","185.667","µmol/L","Humid","21.098","deg","81631","µV","28.528","°C","1016.000","hPa","35.3","pmil","0","53.237","deg","23.954","°C","100.000","%a.s.","21.023","deg","23.635","°C","1019.000","hPa","0.861","-0.02617","0.00035","0","0","13.56","Humid","28.00","0","54.00","364046.59","SABD0000000001","AAV1.0.0.11","1.1.2.0","PSt7-10","170328-007","9/30/2017 19:06:43","0000-00","0","no battery","V"
"09/09/2020","09:46:08","2","default","115855972","OXY_CH2","20.561","min","185.750","µmol/L","Humid","21.095","deg","81632","µV","28.522","°C","1016.000","hPa","35.3","pmil","0","53.237","deg","23.954","°C","100.000","%a.s.","21.023","deg","23.635","°C","1019.000","hPa","0.861","-0.02617","0.00035","0","0","13.56","Humid","28.00","0","54.00","364027.96","SABD0000000001","AAV1.0.0.11","1.1.2.0","PSt7-10","170328-007","9/30/2017 19:06:43","0000-00","0","no battery","V"
"09/09/2020","09:46:09","2","default","115855972","OXY_CH2","20.578","min","185.722","µmol/L","Humid","21.097","deg","81641","µV","28.521","°C","1016.000","hPa","35.3","pmil","0","53.237","deg","23.954","°C","100.000","%a.s.","21.023","deg","23.635","°C","1019.000","hPa","0.861","-0.02617","0.00035","0","0","13.56","Humid","28.00","0","54.00","364035.98","SABD0000000001","AAV1.0.0.11","1.1.2.0","PSt7-10","170328-007","9/30/2017 19:06:43","0000-00","0","no battery","V"
"09/09/2020","09:46:10","2","default","115855972","OXY_CH2","20.594","min","185.707","µmol/L","Humid","21.095","deg","81626","µV","28.530","°C","1016.000","hPa","35.3","pmil","0","53.237","deg","23.954","°C","100.000","%a.s.","21.023","deg","23.635","°C","1019.000","hPa","0.861","-0.02617","0.00035","0","0","13.56","Humid","28.00","0","54.00","364018.08","SABD0000000001","AAV1.0.0.11","1.1.2.0","PSt7-10","170328-007","9/30/2017 19:06:43","0000-00","0","no battery","V"
"09/09/2020","09:46:11","2","default","115855972","OXY_CH2","20.611","min","185.742","µmol/L","Humid","21.101","deg","81635","µV","28.506","°C","1016.000","hPa","35.3","pmil","0","53.237","deg","23.954","°C","100.000","%a.s.","21.023","deg","23.635","°C","1019.000","hPa","0.861","-0.02617","0.00035","0","0","13.56","Humid","28.00","0","54.00","364034.13","SABD0000000001","AAV1.0.0.11","1.1.2.0","PSt7-10","170328-007","9/30/2017 19:06:43","0000-00","0","no battery","V"
"09/09/2020","09:46:12","2","default","115855972","OXY_CH2","20.628","min","185.683","µmol/L","Humid","21.099","deg","81630","µV","28.522","°C","1016.000","hPa","35.3","pmil","0","53.237","deg","23.954","°C","100.000","%a.s.","21.023","deg","23.635","°C","1019.000","hPa","0.861","-0.02617","0.00035","0","0","13.56","Humid","28.00","0","54.00","364018.26","SABD0000000001","AAV1.0.0.11","1.1.2.0","PSt7-10","170328-007","9/30/2017 19:06:43","0000-00","0","no battery","V"
"09/09/2020","09:46:13","2","default","115855972","OXY_CH2","20.644","min","185.779","µmol/L","Humid","21.096","deg","81619","µV","28.515","°C","1016.000","hPa","35.3","pmil","0","53.237","deg","23.954","°C","100.000","%a.s.","21.023","deg","23.635","°C","1019.000","hPa","0.861","-0.02617","0.00035","0","0","13.56","Humid","28.00","0","54.00","364005.10","SABD0000000001","AAV1.0.0.11","1.1.2.0","PSt7-10","170328-007","9/30/2017 19:06:43","0000-00","0","no battery","V"
"09/09/2020","09:46:14","2","default","115855972","OXY_CH2","20.661","min","185.664","µmol/L","Humid","21.098","deg","81625","µV","28.529","°C","1016.000","hPa","35.3","pmil","0","53.237","deg","23.954","°C","100.000","%a.s.","21.023","deg","23.635","°C","1019.000","hPa","0.861","-0.02617","0.00035","0","0","13.56","Humid","28.00","0","54.00","364008.10","SABD0000000001","AAV1.0.0.11","1.1.2.0","PSt7-10","170328-007","9/30/2017 19:06:43","0000-00","0","no battery","V"
"09/09/2020","09:46:15","2","default","115855972","OXY_CH2","20.678","min","185.681","µmol/L","Humid","21.098","deg","81620","µV","28.526","°C","1016.000","hPa","35.3","pmil","0","53.237","deg","23.954","°C","100.000","%a.s.","21.023","deg","23.635","°C","1019.000","hPa","0.861","-0.02617","0.00035","0","0","13.56","Humid","28.00","0","54.00","364000.89","SABD0000000001","AAV1.0.0.11","1.1.2.0","PSt7-10","170328-007","9/30/2017 19:06:43","0000-00","0","no battery","V"
"09/09/2020","09:46:16","2","default","115855972","OXY_CH2","20.694","min","185.671","µmol/L","Humid","21.099","deg","81618","µV","28.525","°C","1016.000","hPa","35.3","pmil","0","53.237","deg","23.954","°C","100.000","%a.s.","21.023","deg","23.635","°C","1019.000","hPa","0.861","-0.02617","0.00035","0","0","13.56","Humid","28.00","0","54.00","364009.16","SABD0000000001","AAV1.0.0.11","1.1.2.0","PSt7-10","170328-007","9/30/2017 19:06:43","0000-00","0","no battery","V"
"09/09/2020","09:46:17","2","default","115855972","OXY_CH2","20.710","min","185.618","µmol/L","Humid","21.100","deg","81621","µV","28.531","°C","1016.000","hPa","35.3","pmil","0","53.237","deg","23.954","°C","100.000","%a.s.","21.023","deg","23.635","°C","1019.000","hPa","0.861","-0.02617","0.00035","0","0","13.56","Humid","28.00","0","54.00","364003.84","SABD0000000001","AAV1.0.0.11","1.1.2.0","PSt7-10","170328-007","9/30/2017 19:06:43","0000-00","0","no battery","V"
"09/09/2020","09:46:18","2","default","115855972","OXY_CH2","20.727","min","185.563","µmol/L","Humid","21.099","deg","81614","µV","28.543","°C","1016.000","hPa","35.3","pmil","0","53.237","deg","23.954","°C","100.000","%a.s.","21.023","deg","23.635","°C","1019.000","hPa","0.861","-0.02617","0.00035","0","0","13.56","Humid","28.00","0","54.00","363997.13","SABD0000000001","AAV1.0.0.11","1.1.2.0","PSt7-10","170328-007","9/30/2017 19:06:43","0000-00","0","no battery","V"
"09/09/2020","09:46:19","2","default","115855972","OXY_CH2","20.744","min","185.570","µmol/L","Humid","21.100","deg","81617","µV","28.539","°C","1016.000","hPa","35.3","pmil","0","53.237","deg","23.954","°C","100.000","%a.s.","21.023","deg","23.635","°C","1019.000","hPa","0.861","-0.02617","0.00035","0","0","13.56","Humid","28.00","0","54.00","363998.36","SABD0000000001","AAV1.0.0.11","1.1.2.0","PSt7-10","170328-007","9/30/2017 19:06:43","0000-00","0","no battery","V"
"09/09/2020","09:46:20","2","default","115855972","OXY_CH2","20.761","min","185.664","µmol/L","Humid","21.102","deg","81615","µV","28.517","°C","1016.000","hPa","35.3","pmil","0","53.237","deg","23.954","°C","100.000","%a.s.","21.023","deg","23.635","°C","1019.000","hPa","0.861","-0.02617","0.00035","0","0","13.56","Humid","28.00","0","54.00","363987.24","SABD0000000001","AAV1.0.0.11","1.1.2.0","PSt7-10","170328-007","9/30/2017 19:06:43","0000-00","0","no battery","V"
"09/09/2020","09:46:21","2","default","115855972","OXY_CH2","20.777","min","185.612","µmol/L","Humid","21.100","deg","81608","µV","28.532","°C","1016.000","hPa","35.3","pmil","0","53.237","deg","23.954","°C","100.000","%a.s.","21.023","deg","23.635","°C","1019.000","hPa","0.861","-0.02617","0.00035","0","0","13.56","Humid","28.00","0","54.00","363992.13","SABD0000000001","AAV1.0.0.11","1.1.2.0","PSt7-10","170328-007","9/30/2017 19:06:43","0000-00","0","no battery","V"
"09/09/2020","09:46:22","2","default","115855972","OXY_CH2","20.794","min","185.446","µmol/L","Humid","21.104","deg","81607","µV","28.549","°C","1016.000","hPa","35.3","pmil","0","53.237","deg","23.954","°C","100.000","%a.s.","21.023","deg","23.635","°C","1019.000","hPa","0.861","-0.02617","0.00035","0","0","13.56","Humid","28.00","0","54.00","363988.46","SABD0000000001","AAV1.0.0.11","1.1.2.0","PSt7-10","170328-007","9/30/2017 19:06:43","0000-00","0","no battery","V"
"09/09/2020","09:46:23","2","default","115855972","OXY_CH2","20.811","min","185.475","µmol/L","Humid","21.101","deg","81609","µV","28.553","°C","1016.000","hPa","35.3","pmil","0","53.237","deg","23.954","°C","100.000","%a.s.","21.023","deg","23.635","°C","1019.000","hPa","0.861","-0.02617","0.00035","0","0","13.56","Humid","28.00","0","54.00","363986.30","SABD0000000001","AAV1.0.0.11","1.1.2.0","PSt7-10","170328-007","9/30/2017 19:06:43","0000-00","0","no battery","V"
"09/09/2020","09:46:24","2","default","115855972","OXY_CH2","20.827","min","185.552","µmol/L","Humid","21.100","deg","81613","µV","28.542","°C","1016.000","hPa","35.3","pmil","0","53.237","deg","23.954","°C","100.000","%a.s.","21.023","deg","23.635","°C","1019.000","hPa","0.861","-0.02617","0.00035","0","0","13.56","Humid","28.00","0","54.00","363976.76","SABD0000000001","AAV1.0.0.11","1.1.2.0","PSt7-10","170328-007","9/30/2017 19:06:43","0000-00","0","no battery","V"
"09/09/2020","09:46:25","2","default","115855972","OXY_CH2","20.844","min","185.701","µmol/L","Humid","21.097","deg","81605","µV","28.525","°C","1016.000","hPa","35.3","pmil","0","53.237","deg","23.954","°C","100.000","%a.s.","21.023","deg","23.635","°C","1019.000","hPa","0.861","-0.02617","0.00035","0","0","13.56","Humid","28.00","0","54.00","363969.42","SABD0000000001","AAV1.0.0.11","1.1.2.0","PSt7-10","170328-007","9/30/2017 19:06:43","0000-00","0","no battery","V"
"09/09/2020","09:46:26","2","default","115855972","OXY_CH2","20.860","min","185.550","µmol/L","Humid","21.102","deg","81607","µV","28.537","°C","1016.000","hPa","35.3","pmil","0","53.237","deg","23.954","°C","100.000","%a.s.","21.023","deg","23.635","°C","1019.000","hPa","0.861","-0.02617","0.00035","0","0","13.56","Humid","28.00","0","54.00","363976.34","SABD0000000001","AAV1.0.0.11","1.1.2.0","PSt7-10","170328-007","9/30/2017 19:06:43","0000-00","0","no battery","V"
"09/09/2020","09:46:27","2","default","115855972","OXY_CH2","20.877","min","185.522","µmol/L","Humid","21.102","deg","81615","µV","28.542","°C","1016.000","hPa","35.3","pmil","0","53.237","deg","23.954","°C","100.000","%a.s.","21.023","deg","23.635","°C","1019.000","hPa","0.861","-0.02617","0.00035","0","0","13.56","Humid","28.00","0","54.00","363970.56","SABD0000000001","AAV1.0.0.11","1.1.2.0","PSt7-10","170328-007","9/30/2017 19:06:43","0000-00","0","no battery","V"
"09/09/2020","09:46:28","2","default","115855972","OXY_CH2","20.894","min","185.552","µmol/L","Humid","21.104","deg","81604","µV","28.531","°C","1016.000","hPa","35.3","pmil","0","53.237","deg","23.954","°C","100.000","%a.s.","21.023","deg","23.635","°C","1019.000","hPa","0.861","-0.02617","0.00035","0","0","13.56","Humid","28.00","0","54.00","363963.19","SABD0000000001","AAV1.0.0.11","1.1.2.0","PSt7-10","170328-007","9/30/2017 19:06:43","0000-00","0","no battery","V"
"09/09/2020","09:46:29","2","default","115855972","OXY_CH2","20.910","min","185.618","µmol/L","Humid","21.098","deg","81594","µV","28.537","°C","1016.000","hPa","35.3","pmil","0","53.237","deg","23.954","°C","100.000","%a.s.","21.023","deg","23.635","°C","1019.000","hPa","0.861","-0.02617","0.00035","0","0","13.56","Humid","28.00","0","54.00","363950.87","SABD0000000001","AAV1.0.0.11","1.1.2.0","PSt7-10","170328-007","9/30/2017 19:06:43","0000-00","0","no battery","V"
"09/09/2020","09:46:30","2","default","115855972","OXY_CH2","20.927","min","185.547","µmol/L","Humid","21.101","deg","81597","µV","28.540","°C","1016.000","hPa","35.3","pmil","0","53.237","deg","23.954","°C","100.000","%a.s.","21.023","deg","23.635","°C","1019.000","hPa","0.861","-0.02617","0.00035","0","0","13.56","Humid","28.00","0","54.00","363950.10","SABD0000000001","AAV1.0.0.11","1.1.2.0","PSt7-10","170328-007","9/30/2017 19:06:43","0000-00","0","no battery","V"
"09/09/2020","09:46:31","2","default","115855972","OXY_CH2","20.944","min","185.534","µmol/L","Humid","21.101","deg","81601","µV","28.543","°C","1016.000","hPa","35.3","pmil","0","53.237","deg","23.954","°C","100.000","%a.s.","21.023","deg","23.635","°C","1019.000","hPa","0.861","-0.02617","0.00035","0","0","13.56","Humid","28.00","0","54.00","363961.29","SABD0000000001","AAV1.0.0.11","1.1.2.0","PSt7-10","170328-007","9/30/2017 19:06:43","0000-00","0","no battery","V"
"09/09/2020","09:46:32","2","default","115855972","OXY_CH2","20.960","min","185.502","µmol/L","Humid","21.104","deg","81592","µV","28.540","°C","1016.000","hPa","35.3","pmil","0","53.237","deg","23.954","°C","100.000","%a.s.","21.023","deg","23.635","°C","1019.000","hPa","0.861","-0.02617","0.00035","0","0","13.56","Humid","28.00","0","54.00","363929.24","SABD0000000001","AAV1.0.0.11","1.1.2.0","PSt7-10","170328-007","9/30/2017 19:06:43","0000-00","0","no battery","V"
"09/09/2020","09:46:33","2","default","115855972","OXY_CH2","20.977","min","185.601","µmol/L","Humid","21.097","deg","81598","µV","28.543","°C","1016.000","hPa","35.3","pmil","0","53.237","deg","23.954","°C","100.000","%a.s.","21.023","deg","23.635","°C","1019.000","hPa","0.861","-0.02617","0.00035","0","0","13.56","Humid","28.00","0","54.00","363941.53","SABD0000000001","AAV1.0.0.11","1.1.2.0","PSt7-10","170328-007","9/30/2017 19:06:43","0000-00","0","no battery","V"
"09/09/2020","09:46:34","2","default","115855972","OXY_CH2","20.994","min","185.508","µmol/L","Humid","21.101","deg","81595","µV","28.547","°C","1016.000","hPa","35.3","pmil","0","53.237","deg","23.954","°C","100.000","%a.s.","21.023","deg","23.635","°C","1019.000","hPa","0.861","-0.02617","0.00035","0","0","13.56","Humid","28.00","0","54.00","363940.47","SABD0000000001","AAV1.0.0.11","1.1.2.0","PSt7-10","170328-007","9/30/2017 19:06:43","0000-00","0","no battery","V"
"09/09/2020","09:46:35","2","default","115855972","OXY_CH2","21.011","min","185.481","µmol/L","Humid","21.104","deg","81595","µV","28.543","°C","1016.000","hPa","35.3","pmil","0","53.237","deg","23.954","°C","100.000","%a.s.","21.023","deg","23.635","°C","1019.000","hPa","0.861","-0.02617","0.00035","0","0","13.56","Humid","28.00","0","54.00","363948.02","SABD0000000001","AAV1.0.0.11","1.1.2.0","PSt7-10","170328-007","9/30/2017 19:06:43","0000-00","0","no battery","V"
"09/09/2020","09:46:36","2","default","115855972","OXY_CH2","21.027","min","185.532","µmol/L","Humid","21.099","deg","81586","µV","28.549","°C","1016.000","hPa","35.3","pmil","0","53.237","deg","23.954","°C","100.000","%a.s.","21.023","deg","23.635","°C","1019.000","hPa","0.861","-0.02617","0.00035","0","0","13.56","Humid","28.00","0","54.00","363934.10","SABD0000000001","AAV1.0.0.11","1.1.2.0","PSt7-10","170328-007","9/30/2017 19:06:43","0000-00","0","no battery","V"
"09/09/2020","09:46:37","2","default","115855972","OXY_CH2","21.044","min","185.605","µmol/L","Humid","21.099","deg","81588","µV","28.536","°C","1016.000","hPa","35.3","pmil","0","53.237","deg","23.954","°C","100.000","%a.s.","21.023","deg","23.635","°C","1019.000","hPa","0.861","-0.02617","0.00035","0","0","13.56","Humid","28.00","0","54.00","363921.40","SABD0000000001","AAV1.0.0.11","1.1.2.0","PSt7-10","170328-007","9/30/2017 19:06:43","0000-00","0","no battery","V"
"09/09/2020","09:46:38","2","default","115855972","OXY_CH2","21.061","min","185.495","µmol/L","Humid","21.103","deg","81590","µV","28.544","°C","1016.000","hPa","35.3","pmil","0","53.237","deg","23.954","°C","100.000","%a.s.","21.023","deg","23.635","°C","1019.000","hPa","0.861","-0.02617","0.00035","0","0","13.56","Humid","28.00","0","54.00","363916.89","SABD0000000001","AAV1.0.0.11","1.1.2.0","PSt7-10","170328-007","9/30/2017 19:06:43","0000-00","0","no battery","V"
"09/09/2020","09:46:39","2","default","115855972","OXY_CH2","21.077","min","185.537","µmol/L","Humid","21.100","deg","81584","µV","28.545","°C","1016.000","hPa","35.3","pmil","0","53.237","deg","23.954","°C","100.000","%a.s.","21.023","deg","23.635","°C","1019.000","hPa","0.861","-0.02617","0.00035","0","0","13.56","Humid","28.00","0","54.00","363924.22","SABD0000000001","AAV1.0.0.11","1.1.2.0","PSt7-10","170328-007","9/30/2017 19:06:43","0000-00","0","no battery","V"
"09/09/2020","09:46:40","2","default","115855972","OXY_CH2","21.094","min","185.320","µmol/L","Humid","21.107","deg","81586","µV","28.563","°C","1016.000","hPa","35.3","pmil","0","53.237","deg","23.954","°C","100.000","%a.s.","21.023","deg","23.635","°C","1019.000","hPa","0.861","-0.02617","0.00035","0","0","13.56","Humid","28.00","0","54.00","363908.26","SABD0000000001","AAV1.0.0.11","1.1.2.0","PSt7-10","170328-007","9/30/2017 19:06:43","0000-00","0","no battery","V"
"09/09/2020","09:46:41","2","default","115855972","OXY_CH2","21.111","min","185.455","µmol/L","Humid","21.099","deg","81585","µV","28.562","°C","1016.000","hPa","35.3","pmil","0","53.237","deg","23.954","°C","100.000","%a.s.","21.023","deg","23.635","°C","1019.000","hPa","0.861","-0.02617","0.00035","0","0","13.56","Humid","28.00","0","54.00","363907.04","SABD0000000001","AAV1.0.0.11","1.1.2.0","PSt7-10","170328-007","9/30/2017 19:06:43","0000-00","0","no battery","V"
"09/09/2020","09:46:42","2","default","115855972","OXY_CH2","21.128","min","185.433","µmol/L","Humid","21.104","deg","81582","µV","28.551","°C","1016.000","hPa","35.3","pmil","0","53.237","deg","23.954","°C","100.000","%a.s.","21.023","deg","23.635","°C","1019.000","hPa","0.861","-0.02617","0.00035","0","0","13.56","Humid","28.00","0","54.00","363893.37","SABD0000000001","AAV1.0.0.11","1.1.2.0","PSt7-10","170328-007","9/30/2017 19:06:43","0000-00","0","no battery","V"
"09/09/2020","09:46:43","2","default","115855972","OXY_CH2","21.144","min","185.477","µmol/L","Humid","21.104","deg","81575","µV","28.544","°C","1016.000","hPa","35.3","pmil","0","53.237","deg","23.954","°C","100.000","%a.s.","21.023","deg","23.635","°C","1019.000","hPa","0.861","-0.02617","0.00035","0","0","13.56","Humid","28.00","0","54.00","363890.44","SABD0000000001","AAV1.0.0.11","1.1.2.0","PSt7-10","170328-007","9/30/2017 19:06:43","0000-00","0","no battery","V"
"09/09/2020","09:46:44","2","default","115855972","OXY_CH2","21.161","min","185.463","µmol/L","Humid","21.099","deg","81580","µV","28.561","°C","1016.000","hPa","35.3","pmil","0","53.237","deg","23.954","°C","100.000","%a.s.","21.023","deg","23.635","°C","1019.000","hPa","0.861","-0.02617","0.00035","0","0","13.56","Humid","28.00","0","54.00","363904.89","SABD0000000001","AAV1.0.0.11","1.1.2.0","PSt7-10","170328-007","9/30/2017 19:06:43","0000-00","0","no battery","V"
"09/09/2020","09:46:45","2","default","115855972","OXY_CH2","21.178","min","185.470","µmol/L","Humid","21.101","deg","81579","µV","28.554","°C","1016.000","hPa","35.3","pmil","0","53.237","deg","23.954","°C","100.000","%a.s.","21.023","deg","23.635","°C","1019.000","hPa","0.861","-0.02617","0.00035","0","0","13.56","Humid","28.00","0","54.00","363893.17","SABD0000000001","AAV1.0.0.11","1.1.2.0","PSt7-10","170328-007","9/30/2017 19:06:43","0000-00","0","no battery","V"
"09/09/2020","09:46:46","2","default","115855972","OXY_CH2","21.194","min","185.472","µmol/L","Humid","21.103","deg","81579","µV","28.548","°C","1016.000","hPa","35.3","pmil","0","53.237","deg","23.954","°C","100.000","%a.s.","21.023","deg","23.635","°C","1019.000","hPa","0.861","-0.02617","0.00035","0","0","13.56","Humid","28.00","0","54.00","363890.47","SABD0000000001","AAV1.0.0.11","1.1.2.0","PSt7-10","170328-007","9/30/2017 19:06:43","0000-00","0","no battery","V"
"09/09/2020","09:46:47","2","default","115855972","OXY_CH2","21.211","min","185.497","µmol/L","Humid","21.102","deg","81575","µV","28.546","°C","1016.000","hPa","35.3","pmil","0","53.237","deg","23.954","°C","100.000","%a.s.","21.023","deg","23.635","°C","1019.000","hPa","0.861","-0.02617","0.00035","0","0","13.56","Humid","28.00","0","54.00","363879.03","SABD0000000001","AAV1.0.0.11","1.1.2.0","PSt7-10","170328-007","9/30/2017 19:06:43","0000-00","0","no battery","V"
"09/09/2020","09:46:48","2","default","115855972","OXY_CH2","21.228","min","185.482","µmol/L","Humid","21.102","deg","81577","µV","28.549","°C","1016.000","hPa","35.3","pmil","0","53.237","deg","23.954","°C","100.000","%a.s.","21.023","deg","23.635","°C","1019.000","hPa","0.861","-0.02617","0.00035","0","0","13.56","Humid","28.00","0","54.00","363878.65","SABD0000000001","AAV1.0.0.11","1.1.2.0","PSt7-10","170328-007","9/30/2017 19:06:43","0000-00","0","no battery","V"
"09/09/2020","09:46:49","2","default","115855972","OXY_CH2","21.244","min","185.551","µmol/L","Humid","21.098","deg","81570","µV","28.549","°C","1016.000","hPa","35.3","pmil","0","53.237","deg","23.954","°C","100.000","%a.s.","21.023","deg","23.635","°C","1019.000","hPa","0.861","-0.02617","0.00035","0","0","13.56","Humid","28.00","0","54.00","363873.71","SABD0000000001","AAV1.0.0.11","1.1.2.0","PSt7-10","170328-007","9/30/2017 19:06:43","0000-00","0","no battery","V"
"09/09/2020","09:46:50","2","default","115855972","OXY_CH2","21.261","min","185.348","µmol/L","Humid","21.105","deg","81569","µV","28.564","°C","1016.000","hPa","35.3","pmil","0","53.237","deg","23.954","°C","100.000","%a.s.","21.023","deg","23.635","°C","1019.000","hPa","0.861","-0.02617","0.00035","0","0","13.56","Humid","28.00","0","54.00","363864.47","SABD0000000001","AAV1.0.0.11","1.1.2.0","PSt7-10","170328-007","9/30/2017 19:06:43","0000-00","0","no battery","V"
"09/09/2020","09:46:51","2","default","115855972","OXY_CH2","21.278","min","185.501","µmol/L","Humid","21.104","deg","81571","µV","28.540","°C","1016.000","hPa","35.3","pmil","0","53.237","deg","23.954","°C","100.000","%a.s.","21.023","deg","23.635","°C","1019.000","hPa","0.861","-0.02617","0.00035","0","0","13.56","Humid","28.00","0","54.00","363861.05","SABD0000000001","AAV1.0.0.11","1.1.2.0","PSt7-10","170328-007","9/30/2017 19:06:43","0000-00","0","no battery","V"
"09/09/2020","09:46:52","2","default","115855972","OXY_CH2","21.294","min","185.428","µmol/L","Humid","21.105","deg","81570","µV","28.550","°C","1016.000","hPa","35.3","pmil","0","53.237","deg","23.954","°C","100.000","%a.s.","21.023","deg","23.635","°C","1019.000","hPa","0.861","-0.02617","0.00035","0","0","13.56","Humid","28.00","0","54.00","363872.41","SABD0000000001","AAV1.0.0.11","1.1.2.0","PSt7-10","170328-007","9/30/2017 19:06:43","0000-00","0","no battery","V"
"09/09/2020","09:46:53","2","default","115855972","OXY_CH2","21.311","min","185.534","µmol/L","Humid","21.102","deg","81569","µV","28.540","°C","1016.000","hPa","35.3","pmil","0","53.237","deg","23.954","°C","100.000","%a.s.","21.023","deg","23.635","°C","1019.000","hPa","0.861","-0.02617","0.00035","0","0","13.56","Humid","28.00","0","54.00","363853.56","SABD0000000001","AAV1.0.0.11","1.1.2.0","PSt7-10","170328-007","9/30/2017 19:06:43","0000-00","0","no battery","V"
"09/09/2020","09:46:54","2","default","115855972","OXY_CH2","21.327","min","185.511","µmol/L","Humid","21.100","deg","81563","µV","28.550","°C","1016.000","hPa","35.3","pmil","0","53.237","deg","23.954","°C","100.000","%a.s.","21.023","deg","23.635","°C","1019.000","hPa","0.861","-0.02617","0.00035","0","0","13.56","Humid","28.00","0","54.00","363850.79","SABD0000000001","AAV1.0.0.11","1.1.2.0","PSt7-10","170328-007","9/30/2017 19:06:43","0000-00","0","no battery","V"
"09/09/2020","09:46:55","2","default","115855972","OXY_CH2","21.344","min","185.478","µmol/L","Humid","21.098","deg","81563","µV","28.561","°C","1016.000","hPa","35.3","pmil","0","53.237","deg","23.954","°C","100.000","%a.s.","21.023","deg","23.635","°C","1019.000","hPa","0.861","-0.02617","0.00035","0","0","13.56","Humid","28.00","0","54.00","363862.50","SABD0000000001","AAV1.0.0.11","1.1.2.0","PSt7-10","170328-007","9/30/2017 19:06:43","0000-00","0","no battery","V"
"09/09/2020","09:46:56","2","default","115855972","OXY_CH2","21.360","min","185.433","µmol/L","Humid","21.104","deg","81562","µV","28.552","°C","1016.000","hPa","35.3","pmil","0","53.237","deg","23.954","°C","100.000","%a.s.","21.023","deg","23.635","°C","1019.000","hPa","0.861","-0.02617","0.00035","0","0","13.56","Humid","28.00","0","54.00","363852.96","SABD0000000001","AAV1.0.0.11","1.1.2.0","PSt7-10","170328-007","9/30/2017 19:06:43","0000-00","0","no battery","V"
"09/09/2020","09:46:57","2","default","115855972","OXY_CH2","21.377","min","185.610","µmol/L","Humid","21.103","deg","81566","µV","28.523","°C","1016.000","hPa","35.3","pmil","0","53.237","deg","23.954","°C","100.000","%a.s.","21.023","deg","23.635","°C","1019.000","hPa","0.861","-0.02617","0.00035","0","0","13.56","Humid","28.00","0","54.00","363861.73","SABD0000000001","AAV1.0.0.11","1.1.2.0","PSt7-10","170328-007","9/30/2017 19:06:43","0000-00","0","no battery","V"
"09/09/2020","09:46:58","2","default","115855972","OXY_CH2","21.394","min","185.596","µmol/L","Humid","21.102","deg","81564","µV","28.529","°C","1016.000","hPa","35.3","pmil","0","53.237","deg","23.954","°C","100.000","%a.s.","21.023","deg","23.635","°C","1019.000","hPa","0.861","-0.02617","0.00035","0","0","13.56","Humid","28.00","0","54.00","363862.71","SABD0000000001","AAV1.0.0.11","1.1.2.0","PSt7-10","170328-007","9/30/2017 19:06:43","0000-00","0","no battery","V"
"09/09/2020","09:46:59","2","default","115855972","OXY_CH2","21.410","min","185.428","µmol/L","Humid","21.105","deg","81561","µV","28.549","°C","1016.000","hPa","35.3","pmil","0","53.237","deg","23.954","°C","100.000","%a.s.","21.023","deg","23.635","°C","1019.000","hPa","0.861","-0.02617","0.00035","0","0","13.56","Humid","28.00","0","54.00","363852.82","SABD0000000001","AAV1.0.0.11","1.1.2.0","PSt7-10","170328-007","9/30/2017 19:06:43","0000-00","0","no battery","V"
"09/09/2020","09:47:00","2","default","115855972","OXY_CH2","21.427","min","185.326","µmol/L","Humid","21.105","deg","81567","µV","28.567","°C","1016.000","hPa","35.3","pmil","0","53.237","deg","23.954","°C","100.000","%a.s.","21.023","deg","23.635","°C","1019.000","hPa","0.861","-0.02617","0.00035","0","0","13.56","Humid","28.00","0","54.00","363853.90","SABD0000000001","AAV1.0.0.11","1.1.2.0","PSt7-10","170328-007","9/30/2017 19:06:43","0000-00","0","no battery","V"
"09/09/2020","09:47:01","2","default","115855972","OXY_CH2","21.444","min","185.302","µmol/L","Humid","21.102","deg","81556","µV","28.580","°C","1016.000","hPa","35.3","pmil","0","53.237","deg","23.954","°C","100.000","%a.s.","21.023","deg","23.635","°C","1019.000","hPa","0.861","-0.02617","0.00035","0","0","13.56","Humid","28.00","0","54.00","363844.13","SABD0000000001","AAV1.0.0.11","1.1.2.0","PSt7-10","170328-007","9/30/2017 19:06:43","0000-00","0","no battery","V"
"09/09/2020","09:47:02","2","default","115855972","OXY_CH2","21.460","min","185.386","µmol/L","Humid","21.102","deg","81561","µV","28.566","°C","1016.000","hPa","35.3","pmil","0","53.237","deg","23.954","°C","100.000","%a.s.","21.023","deg","23.635","°C","1019.000","hPa","0.861","-0.02617","0.00035","0","0","13.56","Humid","28.00","0","54.00","363848.88","SABD0000000001","AAV1.0.0.11","1.1.2.0","PSt7-10","170328-007","9/30/2017 19:06:43","0000-00","0","no battery","V"
"09/09/2020","09:47:03","2","default","115855972","OXY_CH2","21.477","min","185.260","µmol/L","Humid","21.107","deg","81563","µV","28.573","°C","1016.000","hPa","35.3","pmil","0","53.237","deg","23.954","°C","100.000","%a.s.","21.023","deg","23.635","°C","1019.000","hPa","0.861","-0.02617","0.00035","0","0","13.56","Humid","28.00","0","54.00","363835.92","SABD0000000001","AAV1.0.0.11","1.1.2.0","PSt7-10","170328-007","9/30/2017 19:06:43","0000-00","0","no battery","V"
"09/09/2020","09:47:04","2","default","115855972","OXY_CH2","21.494","min","185.265","µmol/L","Humid","21.105","deg","81559","µV","28.578","°C","1016.000","hPa","35.3","pmil","0","53.237","deg","23.954","°C","100.000","%a.s.","21.023","deg","23.635","°C","1019.000","hPa","0.861","-0.02617","0.00035","0","0","13.56","Humid","28.00","0","54.00","363830.76","SABD0000000001","AAV1.0.0.11","1.1.2.0","PSt7-10","170328-007","9/30/2017 19:06:43","0000-00","0","no battery","V"
"09/09/2020","09:47:05","2","default","115855972","OXY_CH2","21.510","min","185.403","µmol/L","Humid","21.100","deg","81557","µV","28.569","°C","1016.000","hPa","35.3","pmil","0","53.237","deg","23.954","°C","100.000","%a.s.","21.023","deg","23.635","°C","1019.000","hPa","0.861","-0.02617","0.00035","0","0","13.56","Humid","28.00","0","54.00","363830.57","SABD0000000001","AAV1.0.0.11","1.1.2.0","PSt7-10","170328-007","9/30/2017 19:06:43","0000-00","0","no battery","V"
"09/09/2020","09:47:06","2","default","115855972","OXY_CH2","21.527","min","185.358","µmol/L","Humid","21.104","deg","81554","µV","28.565","°C","1016.000","hPa","35.3","pmil","0","53.237","deg","23.954","°C","100.000","%a.s.","21.023","deg","23.635","°C","1019.000","hPa","0.861","-0.02617","0.00035","0","0","13.56","Humid","28.00","0","54.00","363822.86","SABD0000000001","AAV1.0.0.11","1.1.2.0","PSt7-10","170328-007","9/30/2017 19:06:43","0000-00","0","no battery","V"
"09/09/2020","09:47:07","2","default","115855972","OXY_CH2","21.544","min","185.411","µmol/L","Humid","21.102","deg","81557","µV","28.561","°C","1016.000","hPa","35.3","pmil","0","53.237","deg","23.954","°C","100.000","%a.s.","21.023","deg","23.635","°C","1019.000","hPa","0.861","-0.02617","0.00035","0","0","13.56","Humid","28.00","0","54.00","363825.13","SABD0000000001","AAV1.0.0.11","1.1.2.0","PSt7-10","170328-007","9/30/2017 19:06:43","0000-00","0","no battery","V"
"09/09/2020","09:47:08","2","default","115855972","OXY_CH2","21.560","min","185.466","µmol/L","Humid","21.100","deg","81555","µV","28.558","°C","1016.000","hPa","35.3","pmil","0","53.237","deg","23.954","°C","100.000","%a.s.","21.023","deg","23.635","°C","1019.000","hPa","0.861","-0.02617","0.00035","0","0","13.56","Humid","28.00","0","54.00","363830.27","SABD0000000001","AAV1.0.0.11","1.1.2.0","PSt7-10","170328-007","9/30/2017 19:06:43","0000-00","0","no battery","V"
"09/09/2020","09:47:09","2","default","115855972","OXY_CH2","21.577","min","185.372","µmol/L","Humid","21.103","deg","81556","µV","28.565","°C","1016.000","hPa","35.3","pmil","0","53.237","deg","23.954","°C","100.000","%a.s.","21.023","deg","23.635","°C","1019.000","hPa","0.861","-0.02617","0.00035","0","0","13.56","Humid","28.00","0","54.00","363819.69","SABD0000000001","AAV1.0.0.11","1.1.2.0","PSt7-10","170328-007","9/30/2017 19:06:43","0000-00","0","no battery","V"
"09/09/2020","09:47:10","2","default","115855972","OXY_CH2","21.594","min","185.464","µmol/L","Humid","21.099","deg","81551","µV","28.561","°C","1016.000","hPa","35.3","pmil","0","53.237","deg","23.954","°C","100.000","%a.s.","21.023","deg","23.635","°C","1019.000","hPa","0.861","-0.02617","0.00035","0","0","13.56","Humid","28.00","0","54.00","363826.34","SABD0000000001","AAV1.0.0.11","1.1.2.0","PSt7-10","170328-007","9/30/2017 19:06:43","0000-00","0","no battery","V"
"09/09/2020","09:47:11","2","default","115855972","OXY_CH2","21.611","min","185.350","µmol/L","Humid","21.102","deg","81554","µV","28.572","°C","1016.000","hPa","35.3","pmil","0","53.237","deg","23.954","°C","100.000","%a.s.","21.023","deg","23.635","°C","1019.000","hPa","0.861","-0.02617","0.00035","0","0","13.56","Humid","28.00","0","54.00","363821.65","SABD0000000001","AAV1.0.0.11","1.1.2.0","PSt7-10","170328-007","9/30/2017 19:06:43","0000-00","0","no battery","V"
"09/09/2020","09:47:12","2","default","115855972","OXY_CH2","21.627","min","185.289","µmol/L","Humid","21.106","deg","81559","µV","28.571","°C","1016.000","hPa","35.3","pmil","0","53.237","deg","23.954","°C","100.000","%a.s.","21.023","deg","23.635","°C","1019.000","hPa","0.861","-0.02617","0.00035","0","0","13.56","Humid","28.00","0","54.00","363830.72","SABD0000000001","AAV1.0.0.11","1.1.2.0","PSt7-10","170328-007","9/30/2017 19:06:43","0000-00","0","no battery","V"
"09/09/2020","09:47:13","2","default","115855972","OXY_CH2","21.644","min","185.349","µmol/L","Humid","21.102","deg","81545","µV","28.572","°C","1016.000","hPa","35.3","pmil","0","53.237","deg","23.954","°C","100.000","%a.s.","21.023","deg","23.635","°C","1019.000","hPa","0.861","-0.02617","0.00035","0","0","13.56","Humid","28.00","0","54.00","363806.75","SABD0000000001","AAV1.0.0.11","1.1.2.0","PSt7-10","170328-007","9/30/2017 19:06:43","0000-00","0","no battery","V"
"09/09/2020","09:47:14","2","default","115855972","OXY_CH2","21.661","min","185.369","µmol/L","Humid","21.102","deg","81551","µV","28.569","°C","1016.000","hPa","35.3","pmil","0","53.237","deg","23.954","°C","100.000","%a.s.","21.023","deg","23.635","°C","1019.000","hPa","0.861","-0.02617","0.00035","0","0","13.56","Humid","28.00","0","54.00","363812.50","SABD0000000001","AAV1.0.0.11","1.1.2.0","PSt7-10","170328-007","9/30/2017 19:06:43","0000-00","0","no battery","V"
"09/09/2020","09:47:15","2","default","115855972","OXY_CH2","21.678","min","185.362","µmol/L","Humid","21.103","deg","81556","µV","28.567","°C","1016.000","hPa","35.3","pmil","0","53.237","deg","23.954","°C","100.000","%a.s.","21.023","deg","23.635","°C","1019.000","hPa","0.861","-0.02617","0.00035","0","0","13.56","Humid","28.00","0","54.00","363808.12","SABD0000000001","AAV1.0.0.11","1.1.2.0","PSt7-10","170328-007","9/30/2017 19:06:43","0000-00","0","no battery","V"
"09/09/2020","09:47:16","2","default","115855972","OXY_CH2","21.694","min","185.346","µmol/L","Humid","21.104","deg","81542","µV","28.567","°C","1016.000","hPa","35.3","pmil","0","53.237","deg","23.954","°C","100.000","%a.s.","21.023","deg","23.635","°C","1019.000","hPa","0.861","-0.02617","0.00035","0","0","13.56","Humid","28.00","0","54.00","363802.56","SABD0000000001","AAV1.0.0.11","1.1.2.0","PSt7-10","170328-007","9/30/2017 19:06:43","0000-00","0","no battery","V"
"09/09/2020","09:47:17","2","default","115855972","OXY_CH2","21.711","min","185.385","µmol/L","Humid","21.102","deg","81535","µV","28.566","°C","1016.000","hPa","35.3","pmil","0","53.237","deg","23.954","°C","100.000","%a.s.","21.023","deg","23.635","°C","1019.000","hPa","0.861","-0.02617","0.00035","0","0","13.56","Humid","28.00","0","54.00","363794.30","SABD0000000001","AAV1.0.0.11","1.1.2.0","PSt7-10","170328-007","9/30/2017 19:06:43","0000-00","0","no battery","V"
"09/09/2020","09:47:18","2","default","115855972","OXY_CH2","21.728","min","185.420","µmol/L","Humid","21.099","deg","81546","µV","28.569","°C","1016.000","hPa","35.3","pmil","0","53.237","deg","23.954","°C","100.000","%a.s.","21.023","deg","23.635","°C","1019.000","hPa","0.861","-0.02617","0.00035","0","0","13.56","Humid","28.00","0","54.00","363798.06","SABD0000000001","AAV1.0.0.11","1.1.2.0","PSt7-10","170328-007","9/30/2017 19:06:43","0000-00","0","no battery","V"
"09/09/2020","09:47:19","2","default","115855972","OXY_CH2","21.744","min","185.265","µmol/L","Humid","21.102","deg","81539","µV","28.587","°C","1016.000","hPa","35.3","pmil","0","53.237","deg","23.954","°C","100.000","%a.s.","21.023","deg","23.635","°C","1019.000","hPa","0.861","-0.02617","0.00035","0","0","13.56","Humid","28.00","0","54.00","363773.95","SABD0000000001","AAV1.0.0.11","1.1.2.0","PSt7-10","170328-007","9/30/2017 19:06:43","0000-00","0","no battery","V"
"09/09/2020","09:47:20","2","default","115855972","OXY_CH2","21.761","min","185.241","µmol/L","Humid","21.105","deg","81543","µV","28.582","°C","1016.000","hPa","35.3","pmil","0","53.237","deg","23.954","°C","100.000","%a.s.","21.023","deg","23.635","°C","1019.000","hPa","0.861","-0.02617","0.00035","0","0","13.56","Humid","28.00","0","54.00","363782.19","SABD0000000001","AAV1.0.0.11","1.1.2.0","PSt7-10","170328-007","9/30/2017 19:06:43","0000-00","0","no battery","V"
"09/09/2020","09:47:21","2","default","115855972","OXY_CH2","21.778","min","185.135","µmol/L","Humid","21.106","deg","81538","µV","28.598","°C","1016.000","hPa","35.3","pmil","0","53.237","deg","23.954","°C","100.000","%a.s.","21.023","deg","23.635","°C","1019.000","hPa","0.861","-0.02617","0.00035","0","0","13.56","Humid","28.00","0","54.00","363789.79","SABD0000000001","AAV1.0.0.11","1.1.2.0","PSt7-10","170328-007","9/30/2017 19:06:43","0000-00","0","no battery","V"
"09/09/2020","09:47:22","2","default","115855972","OXY_CH2","21.794","min","185.313","µmol/L","Humid","21.100","deg","81544","µV","28.584","°C","1016.000","hPa","35.3","pmil","0","53.237","deg","23.954","°C","100.000","%a.s.","21.023","deg","23.635","°C","1019.000","hPa","0.861","-0.02617","0.00035","0","0","13.56","Humid","28.00","0","54.00","363776.01","SABD0000000001","AAV1.0.0.11","1.1.2.0","PSt7-10","170328-007","9/30/2017 19:06:43","0000-00","0","no battery","V"
"09/09/2020","09:47:23","2","default","115855972","OXY_CH2","21.810","min","185.283","µmol/L","Humid","21.102","deg","81540","µV","28.584","°C","1016.000","hPa","35.3","pmil","0","53.237","deg","23.954","°C","100.000","%a.s.","21.023","deg","23.635","°C","1019.000","hPa","0.861","-0.02617","0.00035","0","0","13.56","Humid","28.00","0","54.00","363780.54","SABD0000000001","AAV1.0.0.11","1.1.2.0","PSt7-10","170328-007","9/30/2017 19:06:43","0000-00","0","no battery","V"
"09/09/2020","09:47:24","2","default","115855972","OXY_CH2","21.827","min","185.370","µmol/L","Humid","21.100","deg","81532","µV","28.574","°C","1016.000","hPa","35.3","pmil","0","53.237","deg","23.954","°C","100.000","%a.s.","21.023","deg","23.635","°C","1019.000","hPa","0.861","-0.02617","0.00035","0","0","13.56","Humid","28.00","0","54.00","363770.93","SABD0000000001","AAV1.0.0.11","1.1.2.0","PSt7-10","170328-007","9/30/2017 19:06:43","0000-00","0","no battery","V"
"09/09/2020","09:47:25","2","default","115855972","OXY_CH2","21.844","min","185.359","µmol/L","Humid","21.101","deg","81530","µV","28.573","°C","1016.000","hPa","35.3","pmil","0","53.237","deg","23.954","°C","100.000","%a.s.","21.023","deg","23.635","°C","1019.000","hPa","0.861","-0.02617","0.00035","0","0","13.56","Humid","28.00","0","54.00","363768.72","SABD0000000001","AAV1.0.0.11","1.1.2.0","PSt7-10","170328-007","9/30/2017 19:06:43","0000-00","0","no battery","V"
"09/09/2020","09:47:26","2","default","115855972","OXY_CH2","21.861","min","185.355","µmol/L","Humid","21.100","deg","81531","µV","28.577","°C","1016.000","hPa","35.3","pmil","0","53.237","deg","23.954","°C","100.000","%a.s.","21.023","deg","23.635","°C","1019.000","hPa","0.861","-0.02617","0.00035","0","0","13.56","Humid","28.00","0","54.00","363753.40","SABD0000000001","AAV1.0.0.11","1.1.2.0","PSt7-10","170328-007","9/30/2017 19:06:43","0000-00","0","no battery","V"
"09/09/2020","09:47:27","2","default","115855972","OXY_CH2","21.877","min","185.279","µmol/L","Humid","21.104","deg","81531","µV","28.579","°C","1016.000","hPa","35.3","pmil","0","53.237","deg","23.954","°C","100.000","%a.s.","21.023","deg","23.635","°C","1019.000","hPa","0.861","-0.02617","0.00035","0","0","13.56","Humid","28.00","0","54.00","363755.05","SABD0000000001","AAV1.0.0.11","1.1.2.0","PSt7-10","170328-007","9/30/2017 19:06:43","0000-00","0","no battery","V"
"09/09/2020","09:47:28","2","default","115855972","OXY_CH2","21.894","min","185.308","µmol/L","Humid","21.102","deg","81534","µV","28.579","°C","1016.000","hPa","35.3","pmil","0","53.237","deg","23.954","°C","100.000","%a.s.","21.023","deg","23.635","°C","1019.000","hPa","0.861","-0.02617","0.00035","0","0","13.56","Humid","28.00","0","54.00","363747.23","SABD0000000001","AAV1.0.0.11","1.1.2.0","PSt7-10","170328-007","9/30/2017 19:06:43","0000-00","0","no battery","V"
"09/09/2020","09:47:29","2","default","115855972","OXY_CH2","21.911","min","185.226","µmol/L","Humid","21.103","deg","81533","µV","28.591","°C","1016.000","hPa","35.3","pmil","0","53.237","deg","23.954","°C","100.000","%a.s.","21.023","deg","23.635","°C","1019.000","hPa","0.861","-0.02617","0.00035","0","0","13.56","Humid","28.00","0","54.00","363760.92","SABD0000000001","AAV1.0.0.11","1.1.2.0","PSt7-10","170328-007","9/30/2017 19:06:43","0000-00","0","no battery","V"
"09/09/2020","09:47:30","2","default","115855972","OXY_CH2","21.927","min","185.292","µmol/L","Humid","21.103","deg","81532","µV","28.579","°C","1016.000","hPa","35.3","pmil","0","53.237","deg","23.954","°C","100.000","%a.s.","21.023","deg","23.635","°C","1019.000","hPa","0.861","-0.02617","0.00035","0","0","13.56","Humid","28.00","0","54.00","363766.47","SABD0000000001","AAV1.0.0.11","1.1.2.0","PSt7-10","170328-007","9/30/2017 19:06:43","0000-00","0","no battery","V"
"09/09/2020","09:47:31","2","default","115855972","OXY_CH2","21.944","min","185.274","µmol/L","Humid","21.106","deg","81530","µV","28.573","°C","1016.000","hPa","35.3","pmil","0","53.237","deg","23.954","°C","100.000","%a.s.","21.023","deg","23.635","°C","1019.000","hPa","0.861","-0.02617","0.00035","0","0","13.56","Humid","28.00","0","54.00","363747.16","SABD0000000001","AAV1.0.0.11","1.1.2.0","PSt7-10","170328-007","9/30/2017 19:06:43","0000-00","0","no battery","V"
"09/09/2020","09:47:32","2","default","115855972","OXY_CH2","21.960","min","185.331","µmol/L","Humid","21.102","deg","81530","µV","28.575","°C","1016.000","hPa","35.3","pmil","0","53.237","deg","23.954","°C","100.000","%a.s.","21.023","deg","23.635","°C","1019.000","hPa","0.861","-0.02617","0.00035","0","0","13.56","Humid","28.00","0","54.00","363766.15","SABD0000000001","AAV1.0.0.11","1.1.2.0","PSt7-10","170328-007","9/30/2017 19:06:43","0000-00","0","no battery","V"
"09/09/2020","09:47:33","2","default","115855972","OXY_CH2","21.977","min","185.274","µmol/L","Humid","21.104","deg","81537","µV","28.579","°C","1016.000","hPa","35.3","pmil","0","53.237","deg","23.954","°C","100.000","%a.s.","21.023","deg","23.635","°C","1019.000","hPa","0.861","-0.02617","0.00035","0","0","13.56","Humid","28.00","0","54.00","363756.62","SABD0000000001","AAV1.0.0.11","1.1.2.0","PSt7-10","170328-007","9/30/2017 19:06:43","0000-00","0","no battery","V"
"09/09/2020","09:47:34","2","default","115855972","OXY_CH2","21.994","min","185.352","µmol/L","Humid","21.099","deg","81528","µV","28.580","°C","1016.000","hPa","35.3","pmil","0","53.237","deg","23.954","°C","100.000","%a.s.","21.023","deg","23.635","°C","1019.000","hPa","0.861","-0.02617","0.00035","0","0","13.56","Humid","28.00","0","54.00","363754.42","SABD0000000001","AAV1.0.0.11","1.1.2.0","PSt7-10","170328-007","9/30/2017 19:06:43","0000-00","0","no battery","V"
"09/09/2020","09:47:35","2","default","115855972","OXY_CH2","22.010","min","185.324","µmol/L","Humid","21.101","deg","81523","µV","28.579","°C","1016.000","hPa","35.3","pmil","0","53.237","deg","23.954","°C","100.000","%a.s.","21.023","deg","23.635","°C","1019.000","hPa","0.861","-0.02617","0.00035","0","0","13.56","Humid","28.00","0","54.00","363743.17","SABD0000000001","AAV1.0.0.11","1.1.2.0","PSt7-10","170328-007","9/30/2017 19:06:43","0000-00","0","no battery","V"
"09/09/2020","09:47:36","2","default","115855972","OXY_CH2","22.027","min","185.245","µmol/L","Humid","21.103","deg","81530","µV","28.587","°C","1016.000","hPa","35.3","pmil","0","53.237","deg","23.954","°C","100.000","%a.s.","21.023","deg","23.635","°C","1019.000","hPa","0.861","-0.02617","0.00035","0","0","13.56","Humid","28.00","0","54.00","363754.70","SABD0000000001","AAV1.0.0.11","1.1.2.0","PSt7-10","170328-007","9/30/2017 19:06:43","0000-00","0","no battery","V"
"09/09/2020","09:47:37","2","default","115855972","OXY_CH2","22.044","min","185.232","µmol/L","Humid","21.104","deg","81522","µV","28.587","°C","1016.000","hPa","35.3","pmil","0","53.237","deg","23.954","°C","100.000","%a.s.","21.023","deg","23.635","°C","1019.000","hPa","0.861","-0.02617","0.00035","0","0","13.56","Humid","28.00","0","54.00","363738.57","SABD0000000001","AAV1.0.0.11","1.1.2.0","PSt7-10","170328-007","9/30/2017 19:06:43","0000-00","0","no battery","V"
"09/09/2020","09:47:38","2","default","115855972","OXY_CH2","22.061","min","185.286","µmol/L","Humid","21.097","deg","81523","µV","28.598","°C","1016.000","hPa","35.3","pmil","0","53.237","deg","23.954","°C","100.000","%a.s.","21.023","deg","23.635","°C","1019.000","hPa","0.861","-0.02617","0.00035","0","0","13.56","Humid","28.00","0","54.00","363751.51","SABD0000000001","AAV1.0.0.11","1.1.2.0","PSt7-10","170328-007","9/30/2017 19:06:43","0000-00","0","no battery","V"
"09/09/2020","09:47:39","2","default","115855972","OXY_CH2","22.077","min","185.145","µmol/L","Humid","21.106","deg","81518","µV","28.596","°C","1016.000","hPa","35.3","pmil","0","53.237","deg","23.954","°C","100.000","%a.s.","21.023","deg","23.635","°C","1019.000","hPa","0.861","-0.02617","0.00035","0","0","13.56","Humid","28.00","0","54.00","363732.60","SABD0000000001","AAV1.0.0.11","1.1.2.0","PSt7-10","170328-007","9/30/2017 19:06:43","0000-00","0","no battery","V"
"09/09/2020","09:47:40","2","default","115855972","OXY_CH2","22.094","min","185.281","µmol/L","Humid","21.103","deg","81521","µV","28.581","°C","1016.000","hPa","35.3","pmil","0","53.237","deg","23.954","°C","100.000","%a.s.","21.023","deg","23.635","°C","1019.000","hPa","0.861","-0.02617","0.00035","0","0","13.56","Humid","28.00","0","54.00","363728.21","SABD0000000001","AAV1.0.0.11","1.1.2.0","PSt7-10","170328-007","9/30/2017 19:06:43","0000-00","0","no battery","V"
"09/09/2020","09:47:41","2","default","115855972","OXY_CH2","22.111","min","185.205","µmol/L","Humid","21.104","deg","81515","µV","28.591","°C","1016.000","hPa","35.3","pmil","0","53.237","deg","23.954","°C","100.000","%a.s.","21.023","deg","23.635","°C","1019.000","hPa","0.861","-0.02617","0.00035","0","0","13.56","Humid","28.00","0","54.00","363735.12","SABD0000000001","AAV1.0.0.11","1.1.2.0","PSt7-10","170328-007","9/30/2017 19:06:43","0000-00","0","no battery","V"
"09/09/2020","09:47:42","2","default","115855972","OXY_CH2","22.128","min","185.210","µmol/L","Humid","21.104","deg","81520","µV","28.591","°C","1016.000","hPa","35.3","pmil","0","53.237","deg","23.954","°C","100.000","%a.s.","21.023","deg","23.635","°C","1019.000","hPa","0.861","-0.02617","0.00035","0","0","13.56","Humid","28.00","0","54.00","363729.12","SABD0000000001","AAV1.0.0.11","1.1.2.0","PSt7-10","170328-007","9/30/2017 19:06:43","0000-00","0","no battery","V"
"09/09/2020","09:47:43","2","default","115855972","OXY_CH2","22.144","min","185.248","µmol/L","Humid","21.104","deg","81515","µV","28.584","°C","1016.000","hPa","35.3","pmil","0","53.237","deg","23.954","°C","100.000","%a.s.","21.023","deg","23.635","°C","1019.000","hPa","0.861","-0.02617","0.00035","0","0","13.56","Humid","28.00","0","54.00","363729.87","SABD0000000001","AAV1.0.0.11","1.1.2.0","PSt7-10","170328-007","9/30/2017 19:06:43","0000-00","0","no battery","V"
"09/09/2020","09:47:44","2","default","115855972","OXY_CH2","22.161","min","185.193","µmol/L","Humid","21.104","deg","81517","µV","28.594","°C","1016.000","hPa","35.3","pmil","0","53.237","deg","23.954","°C","100.000","%a.s.","21.023","deg","23.635","°C","1019.000","hPa","0.861","-0.02617","0.00035","0","0","13.56","Humid","28.00","0","54.00","363733.94","SABD0000000001","AAV1.0.0.11","1.1.2.0","PSt7-10","170328-007","9/30/2017 19:06:43","0000-00","0","no battery","V"
"09/09/2020","09:47:45","2","default","115855972","OXY_CH2","22.177","min","185.170","µmol/L","Humid","21.106","deg","81517","µV","28.592","°C","1016.000","hPa","35.3","pmil","0","53.237","deg","23.954","°C","100.000","%a.s.","21.023","deg","23.635","°C","1019.000","hPa","0.861","-0.02617","0.00035","0","0","13.56","Humid","28.00","0","54.00","363708.09","SABD0000000001","AAV1.0.0.11","1.1.2.0","PSt7-10","170328-007","9/30/2017 19:06:43","0000-00","0","no battery","V"
"09/09/2020","09:47:46","2","default","115855972","OXY_CH2","22.194","min","185.171","µmol/L","Humid","21.103","deg","81518","µV","28.600","°C","1016.000","hPa","35.3","pmil","0","53.237","deg","23.954","°C","100.000","%a.s.","21.023","deg","23.635","°C","1019.000","hPa","0.861","-0.02617","0.00035","0","0","13.56","Humid","28.00","0","54.00","363724.56","SABD0000000001","AAV1.0.0.11","1.1.2.0","PSt7-10","170328-007","9/30/2017 19:06:43","0000-00","0","no battery","V"
"09/09/2020","09:47:47","2","default","115855972","OXY_CH2","22.211","min","185.160","µmol/L","Humid","21.107","deg","81519","µV","28.591","°C","1016.000","hPa","35.3","pmil","0","53.237","deg","23.954","°C","100.000","%a.s.","21.023","deg","23.635","°C","1019.000","hPa","0.861","-0.02617","0.00035","0","0","13.56","Humid","28.00","0","54.00","363719.23","SABD0000000001","AAV1.0.0.11","1.1.2.0","PSt7-10","170328-007","9/30/2017 19:06:43","0000-00","0","no battery","V"
"09/09/2020","09:47:48","2","default","115855972","OXY_CH2","22.227","min","185.113","µmol/L","Humid","21.108","deg","81512","µV","28.596","°C","1016.000","hPa","35.3","pmil","0","53.237","deg","23.954","°C","100.000","%a.s.","21.023","deg","23.635","°C","1019.000","hPa","0.861","-0.02617","0.00035","0","0","13.56","Humid","28.00","0","54.00","363717.58","SABD0000000001","AAV1.0.0.11","1.1.2.0","PSt7-10","170328-007","9/30/2017 19:06:43","0000-00","0","no battery","V"
"09/09/2020","09:47:49","2","default","115855972","OXY_CH2","22.244","min","185.233","µmol/L","Humid","21.101","deg","81519","µV","28.595","°C","1016.000","hPa","35.3","pmil","0","53.237","deg","23.954","°C","100.000","%a.s.","21.023","deg","23.635","°C","1019.000","hPa","0.861","-0.02617","0.00035","0","0","13.56","Humid","28.00","0","54.00","363724.41","SABD0000000001","AAV1.0.0.11","1.1.2.0","PSt7-10","170328-007","9/30/2017 19:06:43","0000-00","0","no battery","V"
"09/09/2020","09:47:50","2","default","115855972","OXY_CH2","22.261","min","185.259","µmol/L","Humid","21.100","deg","81518","µV","28.594","°C","1016.000","hPa","35.3","pmil","0","53.237","deg","23.954","°C","100.000","%a.s.","21.023","deg","23.635","°C","1019.000","hPa","0.861","-0.02617","0.00035","0","0","13.56","Humid","28.00","0","54.00","363719.37","SABD0000000001","AAV1.0.0.11","1.1.2.0","PSt7-10","170328-007","9/30/2017 19:06:43","0000-00","0","no battery","V"
"09/09/2020","09:47:51","2","default","115855972","OXY_CH2","22.277","min","185.133","µmol/L","Humid","21.107","deg","81513","µV","28.595","°C","1016.000","hPa","35.3","pmil","0","53.237","deg","23.954","°C","100.000","%a.s.","21.023","deg","23.635","°C","1019.000","hPa","0.861","-0.02617","0.00035","0","0","13.56","Humid","28.00","0","54.00","363720.17","SABD0000000001","AAV1.0.0.11","1.1.2.0","PSt7-10","170328-007","9/30/2017 19:06:43","0000-00","0","no battery","V"
"09/09/2020","09:47:52","2","default","115855972","OXY_CH2","22.294","min","185.174","µmol/L","Humid","21.104","deg","81511","µV","28.597","°C","1016.000","hPa","35.3","pmil","0","53.237","deg","23.954","°C","100.000","%a.s.","21.023","deg","23.635","°C","1019.000","hPa","0.861","-0.02617","0.00035","0","0","13.56","Humid","28.00","0","54.00","363713.56","SABD0000000001","AAV1.0.0.11","1.1.2.0","PSt7-10","170328-007","9/30/2017 19:06:43","0000-00","0","no battery","V"
"09/09/2020","09:47:53","2","default","115855972","OXY_CH2","22.310","min","185.211","µmol/L","Humid","21.102","deg","81513","µV","28.596","°C","1016.000","hPa","35.3","pmil","0","53.237","deg","23.954","°C","100.000","%a.s.","21.023","deg","23.635","°C","1019.000","hPa","0.861","-0.02617","0.00035","0","0","13.56","Humid","28.00","0","54.00","363693.26","SABD0000000001","AAV1.0.0.11","1.1.2.0","PSt7-10","170328-007","9/30/2017 19:06:43","0000-00","0","no battery","V"
"09/09/2020","09:47:54","2","default","115855972","OXY_CH2","22.327","min","185.164","µmol/L","Humid","21.106","deg","81514","µV","28.593","°C","1016.000","hPa","35.3","pmil","0","53.237","deg","23.954","°C","100.000","%a.s.","21.023","deg","23.635","°C","1019.000","hPa","0.861","-0.02617","0.00035","0","0","13.56","Humid","28.00","0","54.00","363714.55","SABD0000000001","AAV1.0.0.11","1.1.2.0","PSt7-10","170328-007","9/30/2017 19:06:43","0000-00","0","no battery","V"
"09/09/2020","09:47:55","2","default","115855972","OXY_CH2","22.344","min","185.272","µmol/L","Humid","21.102","deg","81508","µV","28.586","°C","1016.000","hPa","35.3","pmil","0","53.237","deg","23.954","°C","100.000","%a.s.","21.023","deg","23.635","°C","1019.000","hPa","0.861","-0.02617","0.00035","0","0","13.56","Humid","28.00","0","54.00","363695.35","SABD0000000001","AAV1.0.0.11","1.1.2.0","PSt7-10","170328-007","9/30/2017 19:06:43","0000-00","0","no battery","V"
"09/09/2020","09:47:56","2","default","115855972","OXY_CH2","22.361","min","185.234","µmol/L","Humid","21.102","deg","81512","µV","28.592","°C","1016.000","hPa","35.3","pmil","0","53.237","deg","23.954","°C","100.000","%a.s.","21.023","deg","23.635","°C","1019.000","hPa","0.861","-0.02617","0.00035","0","0","13.56","Humid","28.00","0","54.00","363697.83","SABD0000000001","AAV1.0.0.11","1.1.2.0","PSt7-10","170328-007","9/30/2017 19:06:43","0000-00","0","no battery","V"
"09/09/2020","09:47:57","2","default","115855972","OXY_CH2","22.378","min","185.105","µmol/L","Humid","21.103","deg","81502","µV","28.612","°C","1016.000","hPa","35.3","pmil","0","53.237","deg","23.954","°C","100.000","%a.s.","21.023","deg","23.635","°C","1019.000","hPa","0.861","-0.02617","0.00035","0","0","13.56","Humid","28.00","0","54.00","363691.62","SABD0000000001","AAV1.0.0.11","1.1.2.0","PSt7-10","170328-007","9/30/2017 19:06:43","0000-00","0","no battery","V"
"09/09/2020","09:47:58","2","default","115855972","OXY_CH2","22.394","min","185.074","µmol/L","Humid","21.102","deg","81513","µV","28.620","°C","1016.000","hPa","35.3","pmil","0","53.237","deg","23.954","°C","100.000","%a.s.","21.023","deg","23.635","°C","1019.000","hPa","0.861","-0.02617","0.00035","0","0","13.56","Humid","28.00","0","54.00","363694.65","SABD0000000001","AAV1.0.0.11","1.1.2.0","PSt7-10","170328-007","9/30/2017 19:06:43","0000-00","0","no battery","V"
"09/09/2020","09:47:59","2","default","115855972","OXY_CH2","22.411","min","185.116","µmol/L","Humid","21.101","deg","81511","µV","28.616","°C","1016.000","hPa","35.3","pmil","0","53.237","deg","23.954","°C","100.000","%a.s.","21.023","deg","23.635","°C","1019.000","hPa","0.861","-0.02617","0.00035","0","0","13.56","Humid","28.00","0","54.00","363706.28","SABD0000000001","AAV1.0.0.11","1.1.2.0","PSt7-10","170328-007","9/30/2017 19:06:43","0000-00","0","no battery","V"
"09/09/2020","09:48:00","2","default","115855972","OXY_CH2","22.427","min","185.109","µmol/L","Humid","21.106","deg","81506","µV","28.602","°C","1016.000","hPa","35.3","pmil","0","53.237","deg","23.954","°C","100.000","%a.s.","21.023","deg","23.635","°C","1019.000","hPa","0.861","-0.02617","0.00035","0","0","13.56","Humid","28.00","0","54.00","363694.73","SABD0000000001","AAV1.0.0.11","1.1.2.0","PSt7-10","170328-007","9/30/2017 19:06:43","0000-00","0","no battery","V"
"09/09/2020","09:48:01","2","default","115855972","OXY_CH2","22.444","min","185.077","µmol/L","Humid","21.104","deg","81509","µV","28.614","°C","1016.000","hPa","35.3","pmil","0","53.237","deg","23.954","°C","100.000","%a.s.","21.023","deg","23.635","°C","1019.000","hPa","0.861","-0.02617","0.00035","0","0","13.56","Humid","28.00","0","54.00","363703.58","SABD0000000001","AAV1.0.0.11","1.1.2.0","PSt7-10","170328-007","9/30/2017 19:06:43","0000-00","0","no battery","V"
"09/09/2020","09:48:02","2","default","115855972","OXY_CH2","22.461","min","185.071","µmol/L","Humid","21.106","deg","81508","µV","28.609","°C","1016.000","hPa","35.3","pmil","0","53.237","deg","23.954","°C","100.000","%a.s.","21.023","deg","23.635","°C","1019.000","hPa","0.861","-0.02617","0.00035","0","0","13.56","Humid","28.00","0","54.00","363712.92","SABD0000000001","AAV1.0.0.11","1.1.2.0","PSt7-10","170328-007","9/30/2017 19:06:43","0000-00","0","no battery","V"
"09/09/2020","09:48:03","2","default","115855972","OXY_CH2","22.477","min","185.060","µmol/L","Humid","21.104","deg","81501","µV","28.617","°C","1016.000","hPa","35.3","pmil","0","53.237","deg","23.954","°C","100.000","%a.s.","21.023","deg","23.635","°C","1019.000","hPa","0.861","-0.02617","0.00035","0","0","13.56","Humid","28.00","0","54.00","363688.58","SABD0000000001","AAV1.0.0.11","1.1.2.0","PSt7-10","170328-007","9/30/2017 19:06:43","0000-00","0","no battery","V"
"09/09/2020","09:48:04","2","default","115855972","OXY_CH2","22.494","min","185.173","µmol/L","Humid","21.100","deg","81502","µV","28.609","°C","1016.000","hPa","35.3","pmil","0","53.237","deg","23.954","°C","100.000","%a.s.","21.023","deg","23.635","°C","1019.000","hPa","0.861","-0.02617","0.00035","0","0","13.56","Humid","28.00","0","54.00","363688.90","SABD0000000001","AAV1.0.0.11","1.1.2.0","PSt7-10","170328-007","9/30/2017 19:06:43","0000-00","0","no battery","V"
"09/09/2020","09:48:05","2","default","115855972","OXY_CH2","22.511","min","185.124","µmol/L","Humid","21.101","deg","81501","µV","28.614","°C","1016.000","hPa","35.3","pmil","0","53.237","deg","23.954","°C","100.000","%a.s.","21.023","deg","23.635","°C","1019.000","hPa","0.861","-0.02617","0.00035","0","0","13.56","Humid","28.00","0","54.00","363697.79","SABD0000000001","AAV1.0.0.11","1.1.2.0","PSt7-10","170328-007","9/30/2017 19:06:43","0000-00","0","no battery","V"
"09/09/2020","09:48:06","2","default","115855972","OXY_CH2","22.528","min","185.158","µmol/L","Humid","21.101","deg","81504","µV","28.609","°C","1016.000","hPa","35.3","pmil","0","53.237","deg","23.954","°C","100.000","%a.s.","21.023","deg","23.635","°C","1019.000","hPa","0.861","-0.02617","0.00035","0","0","13.56","Humid","28.00","0","54.00","363691.37","SABD0000000001","AAV1.0.0.11","1.1.2.0","PSt7-10","170328-007","9/30/2017 19:06:43","0000-00","0","no battery","V"
"09/09/2020","09:48:07","2","default","115855972","OXY_CH2","22.544","min","185.207","µmol/L","Humid","21.100","deg","81503","µV","28.603","°C","1016.000","hPa","35.3","pmil","0","53.237","deg","23.954","°C","100.000","%a.s.","21.023","deg","23.635","°C","1019.000","hPa","0.861","-0.02617","0.00035","0","0","13.56","Humid","28.00","0","54.00","363679.97","SABD0000000001","AAV1.0.0.11","1.1.2.0","PSt7-10","170328-007","9/30/2017 19:06:43","0000-00","0","no battery","V"
"09/09/2020","09:48:08","2","default","115855972","OXY_CH2","22.561","min","184.962","µmol/L","Humid","21.107","deg","81498","µV","28.625","°C","1016.000","hPa","35.3","pmil","0","53.237","deg","23.954","°C","100.000","%a.s.","21.023","deg","23.635","°C","1019.000","hPa","0.861","-0.02617","0.00035","0","0","13.56","Humid","28.00","0","54.00","363671.73","SABD0000000001","AAV1.0.0.11","1.1.2.0","PSt7-10","170328-007","9/30/2017 19:06:43","0000-00","0","no battery","V"
"09/09/2020","09:48:09","2","default","115855972","OXY_CH2","22.578","min","185.140","µmol/L","Humid","21.102","deg","81494","µV","28.609","°C","1016.000","hPa","35.3","pmil","0","53.237","deg","23.954","°C","100.000","%a.s.","21.023","deg","23.635","°C","1019.000","hPa","0.861","-0.02617","0.00035","0","0","13.56","Humid","28.00","0","54.00","363681.96","SABD0000000001","AAV1.0.0.11","1.1.2.0","PSt7-10","170328-007","9/30/2017 19:06:43","0000-00","0","no battery","V"
"09/09/2020","09:48:10","2","default","115855972","OXY_CH2","22.594","min","185.105","µmol/L","Humid","21.103","deg","81498","µV","28.612","°C","1016.000","hPa","35.3","pmil","0","53.237","deg","23.954","°C","100.000","%a.s.","21.023","deg","23.635","°C","1019.000","hPa","0.861","-0.02617","0.00035","0","0","13.56","Humid","28.00","0","54.00","363678.32","SABD0000000001","AAV1.0.0.11","1.1.2.0","PSt7-10","170328-007","9/30/2017 19:06:43","0000-00","0","no battery","V"
"09/09/2020","09:48:11","2","default","115855972","OXY_CH2","22.611","min","185.006","µmol/L","Humid","21.108","deg","81503","µV","28.615","°C","1016.000","hPa","35.3","pmil","0","53.237","deg","23.954","°C","100.000","%a.s.","21.023","deg","23.635","°C","1019.000","hPa","0.861","-0.02617","0.00035","0","0","13.56","Humid","28.00","0","54.00","363678.79","SABD0000000001","AAV1.0.0.11","1.1.2.0","PSt7-10","170328-007","9/30/2017 19:06:43","0000-00","0","no battery","V"
"09/09/2020","09:48:12","2","default","115855972","OXY_CH2","22.627","min","185.185","µmol/L","Humid","21.102","deg","81497","µV","28.601","°C","1016.000","hPa","35.3","pmil","0","53.237","deg","23.954","°C","100.000","%a.s.","21.023","deg","23.635","°C","1019.000","hPa","0.861","-0.02617","0.00035","0","0","13.56","Humid","28.00","0","54.00","363675.78","SABD0000000001","AAV1.0.0.11","1.1.2.0","PSt7-10","170328-007","9/30/2017 19:06:43","0000-00","0","no battery","V"
"09/09/2020","09:48:13","2","default","115855972","OXY_CH2","22.644","min","185.179","µmol/L","Humid","21.101","deg","81503","µV","28.605","°C","1016.000","hPa","35.3","pmil","0","53.237","deg","23.954","°C","100.000","%a.s.","21.023","deg","23.635","°C","1019.000","hPa","0.861","-0.02617","0.00035","0","0","13.56","Humid","28.00","0","54.00","363664.65","SABD0000000001","AAV1.0.0.11","1.1.2.0","PSt7-10","170328-007","9/30/2017 19:06:43","0000-00","0","no battery","V"
"09/09/2020","09:48:14","2","default","115855972","OXY_CH2","22.661","min","185.127","µmol/L","Humid","21.105","deg","81496","µV","28.602","°C","1016.000","hPa","35.3","pmil","0","53.237","deg","23.954","°C","100.000","%a.s.","21.023","deg","23.635","°C","1019.000","hPa","0.861","-0.02617","0.00035","0","0","13.56","Humid","28.00","0","54.00","363666.74","SABD0000000001","AAV1.0.0.11","1.1.2.0","PSt7-10","170328-007","9/30/2017 19:06:43","0000-00","0","no battery","V"
"09/09/2020","09:48:15","2","default","115855972","OXY_CH2","22.677","min","185.136","µmol/L","Humid","21.100","deg","81499","µV","28.615","°C","1016.000","hPa","35.3","pmil","0","53.237","deg","23.954","°C","100.000","%a.s.","21.023","deg","23.635","°C","1019.000","hPa","0.861","-0.02617","0.00035","0","0","13.56","Humid","28.00","0","54.00","363660.64","SABD0000000001","AAV1.0.0.11","1.1.2.0","PSt7-10","170328-007","9/30/2017 19:06:43","0000-00","0","no battery","V"
"09/09/2020","09:48:16","2","default","115855972","OXY_CH2","22.694","min","185.031","µmol/L","Humid","21.104","deg","81495","µV","28.622","°C","1016.000","hPa","35.3","pmil","0","53.237","deg","23.954","°C","100.000","%a.s.","21.023","deg","23.635","°C","1019.000","hPa","0.861","-0.02617","0.00035","0","0","13.56","Humid","28.00","0","54.00","363668.07","SABD0000000001","AAV1.0.0.11","1.1.2.0","PSt7-10","170328-007","9/30/2017 19:06:43","0000-00","0","no battery","V"
"09/09/2020","09:48:17","2","default","115855972","OXY_CH2","22.711","min","184.999","µmol/L","Humid","21.106","deg","81497","µV","28.622","°C","1016.000","hPa","35.3","pmil","0","53.237","deg","23.954","°C","100.000","%a.s.","21.023","deg","23.635","°C","1019.000","hPa","0.861","-0.02617","0.00035","0","0","13.56","Humid","28.00","0","54.00","363674.97","SABD0000000001","AAV1.0.0.11","1.1.2.0","PSt7-10","170328-007","9/30/2017 19:06:43","0000-00","0","no battery","V"
"09/09/2020","09:48:18","2","default","115855972","OXY_CH2","22.727","min","185.059","µmol/L","Humid","21.103","deg","81492","µV","28.620","°C","1016.000","hPa","35.3","pmil","0","53.237","deg","23.954","°C","100.000","%a.s.","21.023","deg","23.635","°C","1019.000","hPa","0.861","-0.02617","0.00035","0","0","13.56","Humid","28.00","0","54.00","363644.86","SABD0000000001","AAV1.0.0.11","1.1.2.0","PSt7-10","170328-007","9/30/2017 19:06:43","0000-00","0","no battery","V"
"09/09/2020","09:48:19","2","default","115855972","OXY_CH2","22.744","min","185.048","µmol/L","Humid","21.105","deg","81493","µV","28.616","°C","1016.000","hPa","35.3","pmil","0","53.237","deg","23.954","°C","100.000","%a.s.","21.023","deg","23.635","°C","1019.000","hPa","0.861","-0.02617","0.00035","0","0","13.56","Humid","28.00","0","54.00","363655.71","SABD0000000001","AAV1.0.0.11","1.1.2.0","PSt7-10","170328-007","9/30/2017 19:06:43","0000-00","0","no battery","V"
"09/09/2020","09:48:20","2","default","115855972","OXY_CH2","22.760","min","185.015","µmol/L","Humid","21.105","deg","81494","µV","28.622","°C","1016.000","hPa","35.3","pmil","0","53.237","deg","23.954","°C","100.000","%a.s.","21.023","deg","23.635","°C","1019.000","hPa","0.861","-0.02617","0.00035","0","0","13.56","Humid","28.00","0","54.00","363654.26","SABD0000000001","AAV1.0.0.11","1.1.2.0","PSt7-10","170328-007","9/30/2017 19:06:43","0000-00","0","no battery","V"
"09/09/2020","09:48:21","2","default","115855972","OXY_CH2","22.777","min","185.180","µmol/L","Humid","21.098","deg","81494","µV","28.613","°C","1016.000","hPa","35.3","pmil","0","53.237","deg","23.954","°C","100.000","%a.s.","21.023","deg","23.635","°C","1019.000","hPa","0.861","-0.02617","0.00035","0","0","13.56","Humid","28.00","0","54.00","363658.55","SABD0000000001","AAV1.0.0.11","1.1.2.0","PSt7-10","170328-007","9/30/2017 19:06:43","0000-00","0","no battery","V"
"09/09/2020","09:48:22","2","default","115855972","OXY_CH2","22.794","min","185.076","µmol/L","Humid","21.102","deg","81487","µV","28.620","°C","1016.000","hPa","35.3","pmil","0","53.237","deg","23.954","°C","100.000","%a.s.","21.023","deg","23.635","°C","1019.000","hPa","0.861","-0.02617","0.00035","0","0","13.56","Humid","28.00","0","54.00","363652.68","SABD0000000001","AAV1.0.0.11","1.1.2.0","PSt7-10","170328-007","9/30/2017 19:06:43","0000-00","0","no battery","V"
"09/09/2020","09:48:23","2","default","115855972","OXY_CH2","22.811","min","185.096","µmol/L","Humid","21.103","deg","81485","µV","28.613","°C","1016.000","hPa","35.3","pmil","0","53.237","deg","23.954","°C","100.000","%a.s.","21.023","deg","23.635","°C","1019.000","hPa","0.861","-0.02617","0.00035","0","0","13.56","Humid","28.00","0","54.00","363654.75","SABD0000000001","AAV1.0.0.11","1.1.2.0","PSt7-10","170328-007","9/30/2017 19:06:43","0000-00","0","no battery","V"
"09/09/2020","09:48:24","2","default","115855972","OXY_CH2","22.827","min","185.100","µmol/L","Humid","21.102","deg","81483","µV","28.616","°C","1016.000","hPa","35.3","pmil","0","53.237","deg","23.954","°C","100.000","%a.s.","21.023","deg","23.635","°C","1019.000","hPa","0.861","-0.02617","0.00035","0","0","13.56","Humid","28.00","0","54.00","363647.07","SABD0000000001","AAV1.0.0.11","1.1.2.0","PSt7-10","170328-007","9/30/2017 19:06:43","0000-00","0","no battery","V"
"09/09/2020","09:48:25","2","default","115855972","OXY_CH2","22.844","min","185.073","µmol/L","Humid","21.101","deg","81488","µV","28.623","°C","1016.000","hPa","35.3","pmil","0","53.237","deg","23.954","°C","100.000","%a.s.","21.023","deg","23.635","°C","1019.000","hPa","0.861","-0.02617","0.00035","0","0","13.56","Humid","28.00","0","54.00","363657.47","SABD0000000001","AAV1.0.0.11","1.1.2.0","PSt7-10","170328-007","9/30/2017 19:06:43","0000-00","0","no battery","V"
"09/09/2020","09:48:26","2","default","115855972","OXY_CH2","22.861","min","185.084","µmol/L","Humid","21.100","deg","81482","µV","28.625","°C","1016.000","hPa","35.3","pmil","0","53.237","deg","23.954","°C","100.000","%a.s.","21.023","deg","23.635","°C","1019.000","hPa","0.861","-0.02617","0.00035","0","0","13.56","Humid","28.00","0","54.00","363647.88","SABD0000000001","AAV1.0.0.11","1.1.2.0","PSt7-10","170328-007","9/30/2017 19:06:43","0000-00","0","no battery","V"
"09/09/2020","09:48:27","2","default","115855972","OXY_CH2","22.877","min","185.035","µmol/L","Humid","21.105","deg","81486","µV","28.618","°C","1016.000","hPa","35.3","pmil","0","53.237","deg","23.954","°C","100.000","%a.s.","21.023","deg","23.635","°C","1019.000","hPa","0.861","-0.02617","0.00035","0","0","13.56","Humid","28.00","0","54.00","363644.95","SABD0000000001","AAV1.0.0.11","1.1.2.0","PSt7-10","170328-007","9/30/2017 19:06:43","0000-00","0","no battery","V"
"09/09/2020","09:48:28","2","default","115855972","OXY_CH2","22.894","min","185.177","µmol/L","Humid","21.100","deg","81484","µV","28.608","°C","1016.000","hPa","35.3","pmil","0","53.237","deg","23.954","°C","100.000","%a.s.","21.023","deg","23.635","°C","1019.000","hPa","0.861","-0.02617","0.00035","0","0","13.56","Humid","28.00","0","54.00","363627.82","SABD0000000001","AAV1.0.0.11","1.1.2.0","PSt7-10","170328-007","9/30/2017 19:06:43","0000-00","0","no battery","V"
"09/09/2020","09:48:29","2","default","115855972","OXY_CH2","22.911","min","185.123","µmol/L","Humid","21.101","deg","81486","µV","28.615","°C","1016.000","hPa","35.3","pmil","0","53.237","deg","23.954","°C","100.000","%a.s.","21.023","deg","23.635","°C","1019.000","hPa","0.861","-0.02617","0.00035","0","0","13.56","Humid","28.00","0","54.00","363633.93","SABD0000000001","AAV1.0.0.11","1.1.2.0","PSt7-10","170328-007","9/30/2017 19:06:43","0000-00","0","no battery","V"
"09/09/2020","09:48:30","2","default","115855972","OXY_CH2","22.928","min","185.062","µmol/L","Humid","21.103","deg","81488","µV","28.619","°C","1016.000","hPa","35.3","pmil","0","53.237","deg","23.954","°C","100.000","%a.s.","21.023","deg","23.635","°C","1019.000","hPa","0.861","-0.02617","0.00035","0","0","13.56","Humid","28.00","0","54.00","363633.93","SABD0000000001","AAV1.0.0.11","1.1.2.0","PSt7-10","170328-007","9/30/2017 19:06:43","0000-00","0","no battery","V"
"09/09/2020","09:48:31","2","default","115855972","OXY_CH2","22.944","min","185.014","µmol/L","Humid","21.102","deg","81482","µV","28.631","°C","1016.000","hPa","35.3","pmil","0","53.237","deg","23.954","°C","100.000","%a.s.","21.023","deg","23.635","°C","1019.000","hPa","0.861","-0.02617","0.00035","0","0","13.56","Humid","28.00","0","54.00","363631.40","SABD0000000001","AAV1.0.0.11","1.1.2.0","PSt7-10","170328-007","9/30/2017 19:06:43","0000-00","0","no battery","V"
"09/09/2020","09:48:32","2","default","115855972","OXY_CH2","22.961","min","185.143","µmol/L","Humid","21.101","deg","81483","µV","28.611","°C","1016.000","hPa","35.3","pmil","0","53.237","deg","23.954","°C","100.000","%a.s.","21.023","deg","23.635","°C","1019.000","hPa","0.861","-0.02617","0.00035","0","0","13.56","Humid","28.00","0","54.00","363622.46","SABD0000000001","AAV1.0.0.11","1.1.2.0","PSt7-10","170328-007","9/30/2017 19:06:43","0000-00","0","no battery","V"
"09/09/2020","09:48:33","2","default","115855972","OXY_CH2","22.977","min","185.146","µmol/L","Humid","21.103","deg","81485","µV","28.605","°C","1016.000","hPa","35.3","pmil","0","53.237","deg","23.954","°C","100.000","%a.s.","21.023","deg","23.635","°C","1019.000","hPa","0.861","-0.02617","0.00035","0","0","13.56","Humid","28.00","0","54.00","363627.05","SABD0000000001","AAV1.0.0.11","1.1.2.0","PSt7-10","170328-007","9/30/2017 19:06:43","0000-00","0","no battery","V"
"09/09/2020","09:48:34","2","default","115855972","OXY_CH2","22.994","min","185.048","µmol/L","Humid","21.104","deg","81478","µV","28.619","°C","1016.000","hPa","35.3","pmil","0","53.237","deg","23.954","°C","100.000","%a.s.","21.023","deg","23.635","°C","1019.000","hPa","0.861","-0.02617","0.00035","0","0","13.56","Humid","28.00","0","54.00","363618.95","SABD0000000001","AAV1.0.0.11","1.1.2.0","PSt7-10","170328-007","9/30/2017 19:06:43","0000-00","0","no battery","V"
"09/09/2020","09:48:35","2","default","115855972","OXY_CH2","23.011","min","184.881","µmol/L","Humid","21.107","deg","81480","µV","28.640","°C","1016.000","hPa","35.3","pmil","0","53.237","deg","23.954","°C","100.000","%a.s.","21.023","deg","23.635","°C","1019.000","hPa","0.861","-0.02617","0.00035","0","0","13.56","Humid","28.00","0","54.00","363635.11","SABD0000000001","AAV1.0.0.11","1.1.2.0","PSt7-10","170328-007","9/30/2017 19:06:43","0000-00","0","no battery","V"
"09/09/2020","09:48:36","2","default","115855972","OXY_CH2","23.028","min","184.922","µmol/L","Humid","21.103","deg","81479","µV","28.644","°C","1016.000","hPa","35.3","pmil","0","53.237","deg","23.954","°C","100.000","%a.s.","21.023","deg","23.635","°C","1019.000","hPa","0.861","-0.02617","0.00035","0","0","13.56","Humid","28.00","0","54.00","363610.85","SABD0000000001","AAV1.0.0.11","1.1.2.0","PSt7-10","170328-007","9/30/2017 19:06:43","0000-00","0","no battery","V"
"09/09/2020","09:48:37","2","default","115855972","OXY_CH2","23.044","min","185.068","µmol/L","Humid","21.096","deg","81474","µV","28.639","°C","1016.000","hPa","35.3","pmil","0","53.237","deg","23.954","°C","100.000","%a.s.","21.023","deg","23.635","°C","1019.000","hPa","0.861","-0.02617","0.00035","0","0","13.56","Humid","28.00","0","54.00","363615.53","SABD0000000001","AAV1.0.0.11","1.1.2.0","PSt7-10","170328-007","9/30/2017 19:06:43","0000-00","0","no battery","V"
"09/09/2020","09:48:38","2","default","115855972","OXY_CH2","23.061","min","184.964","µmol/L","Humid","21.104","deg","81485","µV","28.634","°C","1016.000","hPa","35.3","pmil","0","53.237","deg","23.954","°C","100.000","%a.s.","21.023","deg","23.635","°C","1019.000","hPa","0.861","-0.02617","0.00035","0","0","13.56","Humid","28.00","0","54.00","363616.38","SABD0000000001","AAV1.0.0.11","1.1.2.0","PSt7-10","170328-007","9/30/2017 19:06:43","0000-00","0","no battery","V"
"09/09/2020","09:48:39","2","default","115855972","OXY_CH2","23.078","min","185.023","µmol/L","Humid","21.102","deg","81479","µV","28.629","°C","1016.000","hPa","35.3","pmil","0","53.237","deg","23.954","°C","100.000","%a.s.","21.023","deg","23.635","°C","1019.000","hPa","0.861","-0.02617","0.00035","0","0","13.56","Humid","28.00","0","54.00","363617.16","SABD0000000001","AAV1.0.0.11","1.1.2.0","PSt7-10","170328-007","9/30/2017 19:06:43","0000-00","0","no battery","V"
"09/09/2020","09:48:40","2","default","115855972","OXY_CH2","23.094","min","184.957","µmol/L","Humid","21.103","deg","81478","µV","28.638","°C","1016.000","hPa","35.3","pmil","0","53.237","deg","23.954","°C","100.000","%a.s.","21.023","deg","23.635","°C","1019.000","hPa","0.861","-0.02617","0.00035","0","0","13.56","Humid","28.00","0","54.00","363602.92","SABD0000000001","AAV1.0.0.11","1.1.2.0","PSt7-10","170328-007","9/30/2017 19:06:43","0000-00","0","no battery","V"
"09/09/2020","09:48:41","2","default","115855972","OXY_CH2","23.111","min","184.959","µmol/L","Humid","21.099","deg","81484","µV","28.649","°C","1016.000","hPa","35.3","pmil","0","53.237","deg","23.954","°C","100.000","%a.s.","21.023","deg","23.635","°C","1019.000","hPa","0.861","-0.02617","0.00035","0","0","13.56","Humid","28.00","0","54.00","363619.58","SABD0000000001","AAV1.0.0.11","1.1.2.0","PSt7-10","170328-007","9/30/2017 19:06:43","0000-00","0","no battery","V"
"09/09/2020","09:48:42","2","default","115855972","OXY_CH2","23.127","min","184.987","µmol/L","Humid","21.102","deg","81474","µV","28.636","°C","1016.000","hPa","35.3","pmil","0","53.237","deg","23.954","°C","100.000","%a.s.","21.023","deg","23.635","°C","1019.000","hPa","0.861","-0.02617","0.00035","0","0","13.56","Humid","28.00","0","54.00","363614.13","SABD0000000001","AAV1.0.0.11","1.1.2.0","PSt7-10","170328-007","9/30/2017 19:06:43","0000-00","0","no battery","V"
"09/09/2020","09:48:43","2","default","115855972","OXY_CH2","23.144","min","184.977","µmol/L","Humid","21.103","deg","81474","µV","28.634","°C","1016.000","hPa","35.3","pmil","0","53.237","deg","23.954","°C","100.000","%a.s.","21.023","deg","23.635","°C","1019.000","hPa","0.861","-0.02617","0.00035","0","0","13.56","Humid","28.00","0","54.00","363610.63","SABD0000000001","AAV1.0.0.11","1.1.2.0","PSt7-10","170328-007","9/30/2017 19:06:43","0000-00","0","no battery","V"
"09/09/2020","09:48:44","2","default","115855972","OXY_CH2","23.160","min","185.054","µmol/L","Humid","21.099","deg","81477","µV","28.633","°C","1016.000","hPa","35.3","pmil","0","53.237","deg","23.954","°C","100.000","%a.s.","21.023","deg","23.635","°C","1019.000","hPa","0.861","-0.02617","0.00035","0","0","13.56","Humid","28.00","0","54.00","363606.55","SABD0000000001","AAV1.0.0.11","1.1.2.0","PSt7-10","170328-007","9/30/2017 19:06:43","0000-00","0","no battery","V"
"09/09/2020","09:48:45","2","default","115855972","OXY_CH2","23.177","min","185.010","µmol/L","Humid","21.101","deg","81473","µV","28.635","°C","1016.000","hPa","35.3","pmil","0","53.237","deg","23.954","°C","100.000","%a.s.","21.023","deg","23.635","°C","1019.000","hPa","0.861","-0.02617","0.00035","0","0","13.56","Humid","28.00","0","54.00","363609.42","SABD0000000001","AAV1.0.0.11","1.1.2.0","PSt7-10","170328-007","9/30/2017 19:06:43","0000-00","0","no battery","V"
"09/09/2020","09:48:46","2","default","115855972","OXY_CH2","23.194","min","184.961","µmol/L","Humid","21.103","deg","81470","µV","28.637","°C","1016.000","hPa","35.3","pmil","0","53.237","deg","23.954","°C","100.000","%a.s.","21.023","deg","23.635","°C","1019.000","hPa","0.861","-0.02617","0.00035","0","0","13.56","Humid","28.00","0","54.00","363612.51","SABD0000000001","AAV1.0.0.11","1.1.2.0","PSt7-10","170328-007","9/30/2017 19:06:43","0000-00","0","no battery","V"
"09/09/2020","09:48:47","2","default","115855972","OXY_CH2","23.211","min","185.001","µmol/L","Humid","21.101","deg","81472","µV","28.636","°C","1016.000","hPa","35.3","pmil","0","53.237","deg","23.954","°C","100.000","%a.s.","21.023","deg","23.635","°C","1019.000","hPa","0.861","-0.02617","0.00035","0","0","13.56","Humid","28.00","0","54.00","363605.77","SABD0000000001","AAV1.0.0.11","1.1.2.0","PSt7-10","170328-007","9/30/2017 19:06:43","0000-00","0","no battery","V"
"09/09/2020","09:48:48","2","default","115855972","OXY_CH2","23.228","min","185.061","µmol/L","Humid","21.099","deg","81471","µV","28.631","°C","1016.000","hPa","35.3","pmil","0","53.237","deg","23.954","°C","100.000","%a.s.","21.023","deg","23.635","°C","1019.000","hPa","0.861","-0.02617","0.00035","0","0","13.56","Humid","28.00","0","54.00","363590.91","SABD0000000001","AAV1.0.0.11","1.1.2.0","PSt7-10","170328-007","9/30/2017 19:06:43","0000-00","0","no battery","V"
"09/09/2020","09:48:49","2","default","115855972","OXY_CH2","23.244","min","184.988","µmol/L","Humid","21.103","deg","81473","µV","28.632","°C","1016.000","hPa","35.3","pmil","0","53.237","deg","23.954","°C","100.000","%a.s.","21.023","deg","23.635","°C","1019.000","hPa","0.861","-0.02617","0.00035","0","0","13.56","Humid","28.00","0","54.00","363611.58","SABD0000000001","AAV1.0.0.11","1.1.2.0","PSt7-10","170328-007","9/30/2017 19:06:43","0000-00","0","no battery","V"
"09/09/2020","09:48:50","2","default","115855972","OXY_CH2","23.261","min","185.042","µmol/L","Humid","21.102","deg","81471","µV","28.626","°C","1016.000","hPa","35.3","pmil","0","53.237","deg","23.954","°C","100.000","%a.s.","21.023","deg","23.635","°C","1019.000","hPa","0.861","-0.02617","0.00035","0","0","13.56","Humid","28.00","0","54.00","363615.49","SABD0000000001","AAV1.0.0.11","1.1.2.0","PSt7-10","170328-007","9/30/2017 19:06:43","0000-00","0","no battery","V"
"09/09/2020","09:48:51","2","default","115855972","OXY_CH2","23.277","min","184.994","µmol/L","Humid","21.102","deg","81479","µV","28.634","°C","1016.000","hPa","35.3","pmil","0","53.237","deg","23.954","°C","100.000","%a.s.","21.023","deg","23.635","°C","1019.000","hPa","0.861","-0.02617","0.00035","0","0","13.56","Humid","28.00","0","54.00","363601.72","SABD0000000001","AAV1.0.0.11","1.1.2.0","PSt7-10","170328-007","9/30/2017 19:06:43","0000-00","0","no battery","V"
"09/09/2020","09:48:52","2","default","115855972","OXY_CH2","23.294","min","185.014","µmol/L","Humid","21.102","deg","81473","µV","28.631","°C","1016.000","hPa","35.3","pmil","0","53.237","deg","23.954","°C","100.000","%a.s.","21.023","deg","23.635","°C","1019.000","hPa","0.861","-0.02617","0.00035","0","0","13.56","Humid","28.00","0","54.00","363582.20","SABD0000000001","AAV1.0.0.11","1.1.2.0","PSt7-10","170328-007","9/30/2017 19:06:43","0000-00","0","no battery","V"
"09/09/2020","09:48:53","2","default","115855972","OXY_CH2","23.310","min","185.055","µmol/L","Humid","21.100","deg","81468","µV","28.629","°C","1016.000","hPa","35.3","pmil","0","53.237","deg","23.954","°C","100.000","%a.s.","21.023","deg","23.635","°C","1019.000","hPa","0.861","-0.02617","0.00035","0","0","13.56","Humid","28.00","0","54.00","363596.79","SABD0000000001","AAV1.0.0.11","1.1.2.0","PSt7-10","170328-007","9/30/2017 19:06:43","0000-00","0","no battery","V"
"09/09/2020","09:48:54","2","default","115855972","OXY_CH2","23.327","min","184.856","µmol/L","Humid","21.105","deg","81468","µV","28.650","°C","1016.000","hPa","35.3","pmil","0","53.237","deg","23.954","°C","100.000","%a.s.","21.023","deg","23.635","°C","1019.000","hPa","0.861","-0.02617","0.00035","0","0","13.56","Humid","28.00","0","54.00","363600.40","SABD0000000001","AAV1.0.0.11","1.1.2.0","PSt7-10","170328-007","9/30/2017 19:06:43","0000-00","0","no battery","V"
"09/09/2020","09:48:55","2","default","115855972","OXY_CH2","23.344","min","184.903","µmol/L","Humid","21.105","deg","81469","µV","28.641","°C","1016.000","hPa","35.3","pmil","0","53.237","deg","23.954","°C","100.000","%a.s.","21.023","deg","23.635","°C","1019.000","hPa","0.861","-0.02617","0.00035","0","0","13.56","Humid","28.00","0","54.00","363582.03","SABD0000000001","AAV1.0.0.11","1.1.2.0","PSt7-10","170328-007","9/30/2017 19:06:43","0000-00","0","no battery","V"
"09/09/2020","09:48:56","2","default","115855972","OXY_CH2","23.361","min","184.994","µmol/L","Humid","21.102","deg","81472","µV","28.634","°C","1016.000","hPa","35.3","pmil","0","53.237","deg","23.954","°C","100.000","%a.s.","21.023","deg","23.635","°C","1019.000","hPa","0.861","-0.02617","0.00035","0","0","13.56","Humid","28.00","0","54.00","363596.66","SABD0000000001","AAV1.0.0.11","1.1.2.0","PSt7-10","170328-007","9/30/2017 19:06:43","0000-00","0","no battery","V"
"09/09/2020","09:48:57","2","default","115855972","OXY_CH2","23.377","min","184.886","µmol/L","Humid","21.102","deg","81470","µV","28.653","°C","1016.000","hPa","35.3","pmil","0","53.237","deg","23.954","°C","100.000","%a.s.","21.023","deg","23.635","°C","1019.000","hPa","0.861","-0.02617","0.00035","0","0","13.56","Humid","28.00","0","54.00","363585.30","SABD0000000001","AAV1.0.0.11","1.1.2.0","PSt7-10","170328-007","9/30/2017 19:06:43","0000-00","0","no battery","V"
"09/09/2020","09:48:58","2","default","115855972","OXY_CH2","23.394","min","184.937","µmol/L","Humid","21.101","deg","81462","µV","28.647","°C","1016.000","hPa","35.3","pmil","0","53.237","deg","23.954","°C","100.000","%a.s.","21.023","deg","23.635","°C","1019.000","hPa","0.861","-0.02617","0.00035","0","0","13.56","Humid","28.00","0","54.00","363560.35","SABD0000000001","AAV1.0.0.11","1.1.2.0","PSt7-10","170328-007","9/30/2017 19:06:43","0000-00","0","no battery","V"
"09/09/2020","09:48:59","2","default","115855972","OXY_CH2","23.411","min","184.837","µmol/L","Humid","21.104","deg","81470","µV","28.656","°C","1016.000","hPa","35.3","pmil","0","53.237","deg","23.954","°C","100.000","%a.s.","21.023","deg","23.635","°C","1019.000","hPa","0.861","-0.02617","0.00035","0","0","13.56","Humid","28.00","0","54.00","363581.60","SABD0000000001","AAV1.0.0.11","1.1.2.0","PSt7-10","170328-007","9/30/2017 19:06:43","0000-00","0","no battery","V"
"09/09/2020","09:49:00","2","default","115855972","OXY_CH2","23.427","min","184.868","µmol/L","Humid","21.104","deg","81461","µV","28.651","°C","1016.000","hPa","35.3","pmil","0","53.237","deg","23.954","°C","100.000","%a.s.","21.023","deg","23.635","°C","1019.000","hPa","0.861","-0.02617","0.00035","0","0","13.56","Humid","28.00","0","54.00","363570.13","SABD0000000001","AAV1.0.0.11","1.1.2.0","PSt7-10","170328-007","9/30/2017 19:06:43","0000-00","0","no battery","V"
"09/09/2020","09:49:01","2","default","115855972","OXY_CH2","23.444","min","184.886","µmol/L","Humid","21.102","deg","81464","µV","28.653","°C","1016.000","hPa","35.3","pmil","0","53.237","deg","23.954","°C","100.000","%a.s.","21.023","deg","23.635","°C","1019.000","hPa","0.861","-0.02617","0.00035","0","0","13.56","Humid","28.00","0","54.00","363555.58","SABD0000000001","AAV1.0.0.11","1.1.2.0","PSt7-10","170328-007","9/30/2017 19:06:43","0000-00","0","no battery","V"
"09/09/2020","09:49:02","2","default","115855972","OXY_CH2","23.460","min","184.906","µmol/L","Humid","21.102","deg","81462","µV","28.650","°C","1016.000","hPa","35.3","pmil","0","53.237","deg","23.954","°C","100.000","%a.s.","21.023","deg","23.635","°C","1019.000","hPa","0.861","-0.02617","0.00035","0","0","13.56","Humid","28.00","0","54.00","363576.73","SABD0000000001","AAV1.0.0.11","1.1.2.0","PSt7-10","170328-007","9/30/2017 19:06:43","0000-00","0","no battery","V"
"09/09/2020","09:49:03","2","default","115855972","OXY_CH2","23.477","min","185.056","µmol/L","Humid","21.096","deg","81461","µV","28.641","°C","1016.000","hPa","35.3","pmil","0","53.237","deg","23.954","°C","100.000","%a.s.","21.023","deg","23.635","°C","1019.000","hPa","0.861","-0.02617","0.00035","0","0","13.56","Humid","28.00","0","54.00","363566.65","SABD0000000001","AAV1.0.0.11","1.1.2.0","PSt7-10","170328-007","9/30/2017 19:06:43","0000-00","0","no battery","V"
"09/09/2020","09:49:04","2","default","115855972","OXY_CH2","23.494","min","184.840","µmol/L","Humid","21.105","deg","81456","µV","28.653","°C","1016.000","hPa","35.3","pmil","0","53.237","deg","23.954","°C","100.000","%a.s.","21.023","deg","23.635","°C","1019.000","hPa","0.861","-0.02617","0.00035","0","0","13.56","Humid","28.00","0","54.00","363557.50","SABD0000000001","AAV1.0.0.11","1.1.2.0","PSt7-10","170328-007","9/30/2017 19:06:43","0000-00","0","no battery","V"
"09/09/2020","09:49:05","2","default","115855972","OXY_CH2","23.511","min","184.866","µmol/L","Humid","21.105","deg","81460","µV","28.648","°C","1016.000","hPa","35.3","pmil","0","53.237","deg","23.954","°C","100.000","%a.s.","21.023","deg","23.635","°C","1019.000","hPa","0.861","-0.02617","0.00035","0","0","13.56","Humid","28.00","0","54.00","363565.41","SABD0000000001","AAV1.0.0.11","1.1.2.0","PSt7-10","170328-007","9/30/2017 19:06:43","0000-00","0","no battery","V"
"09/09/2020","09:49:06","2","default","115855972","OXY_CH2","23.527","min","184.877","µmol/L","Humid","21.103","deg","81458","µV","28.652","°C","1016.000","hPa","35.3","pmil","0","53.237","deg","23.954","°C","100.000","%a.s.","21.023","deg","23.635","°C","1019.000","hPa","0.861","-0.02617","0.00035","0","0","13.56","Humid","28.00","0","54.00","363570.82","SABD0000000001","AAV1.0.0.11","1.1.2.0","PSt7-10","170328-007","9/30/2017 19:06:43","0000-00","0","no battery","V"
"09/09/2020","09:49:07","2","default","115855972","OXY_CH2","23.544","min","184.869","µmol/L","Humid","21.103","deg","81456","µV","28.653","°C","1016.000","hPa","35.3","pmil","0","53.237","deg","23.954","°C","100.000","%a.s.","21.023","deg","23.635","°C","1019.000","hPa","0.861","-0.02617","0.00035","0","0","13.56","Humid","28.00","0","54.00","363554.01","SABD0000000001","AAV1.0.0.11","1.1.2.0","PSt7-10","170328-007","9/30/2017 19:06:43","0000-00","0","no battery","V"
"09/09/2020","09:49:08","2","default","115855972","OXY_CH2","23.561","min","184.860","µmol/L","Humid","21.106","deg","81453","µV","28.646","°C","1016.000","hPa","35.3","pmil","0","53.237","deg","23.954","°C","100.000","%a.s.","21.023","deg","23.635","°C","1019.000","hPa","0.861","-0.02617","0.00035","0","0","13.56","Humid","28.00","0","54.00","363553.68","SABD0000000001","AAV1.0.0.11","1.1.2.0","PSt7-10","170328-007","9/30/2017 19:06:43","0000-00","0","no battery","V"
"09/09/2020","09:49:09","2","default","115855972","OXY_CH2","23.578","min","184.978","µmol/L","Humid","21.101","deg","81457","µV","28.640","°C","1016.000","hPa","35.3","pmil","0","53.237","deg","23.954","°C","100.000","%a.s.","21.023","deg","23.635","°C","1019.000","hPa","0.861","-0.02617","0.00035","0","0","13.56","Humid","28.00","0","54.00","363552.82","SABD0000000001","AAV1.0.0.11","1.1.2.0","PSt7-10","170328-007","9/30/2017 19:06:43","0000-00","0","no battery","V"
"09/09/2020","09:49:10","2","default","115855972","OXY_CH2","23.594","min","185.005","µmol/L","Humid","21.101","deg","81452","µV","28.635","°C","1016.000","hPa","35.3","pmil","0","53.237","deg","23.954","°C","100.000","%a.s.","21.023","deg","23.635","°C","1019.000","hPa","0.861","-0.02617","0.00035","0","0","13.56","Humid","28.00","0","54.00","363560.09","SABD0000000001","AAV1.0.0.11","1.1.2.0","PSt7-10","170328-007","9/30/2017 19:06:43","0000-00","0","no battery","V"
"09/09/2020","09:49:11","2","default","115855972","OXY_CH2","23.611","min","184.965","µmol/L","Humid","21.103","deg","81463","µV","28.636","°C","1016.000","hPa","35.3","pmil","0","53.237","deg","23.954","°C","100.000","%a.s.","21.023","deg","23.635","°C","1019.000","hPa","0.861","-0.02617","0.00035","0","0","13.56","Humid","28.00","0","54.00","363551.59","SABD0000000001","AAV1.0.0.11","1.1.2.0","PSt7-10","170328-007","9/30/2017 19:06:43","0000-00","0","no battery","V"
"09/09/2020","09:49:12","2","default","115855972","OXY_CH2","23.627","min","184.971","µmol/L","Humid","21.102","deg","81459","µV","28.638","°C","1016.000","hPa","35.3","pmil","0","53.237","deg","23.954","°C","100.000","%a.s.","21.023","deg","23.635","°C","1019.000","hPa","0.861","-0.02617","0.00035","0","0","13.56","Humid","28.00","0","54.00","363557.24","SABD0000000001","AAV1.0.0.11","1.1.2.0","PSt7-10","170328-007","9/30/2017 19:06:43","0000-00","0","no battery","V"
"09/09/2020","09:49:13","2","default","115855972","OXY_CH2","23.644","min","184.703","µmol/L","Humid","21.106","deg","81446","µV","28.674","°C","1016.000","hPa","35.3","pmil","0","53.237","deg","23.954","°C","100.000","%a.s.","21.023","deg","23.635","°C","1019.000","hPa","0.861","-0.02617","0.00035","0","0","13.56","Humid","28.00","0","54.00","363557.38","SABD0000000001","AAV1.0.0.11","1.1.2.0","PSt7-10","170328-007","9/30/2017 19:06:43","0000-00","0","no battery","V"
"09/09/2020","09:49:14","2","default","115855972","OXY_CH2","23.660","min","184.815","µmol/L","Humid","21.104","deg","81452","µV","28.660","°C","1016.000","hPa","35.3","pmil","0","53.237","deg","23.954","°C","100.000","%a.s.","21.023","deg","23.635","°C","1019.000","hPa","0.861","-0.02617","0.00035","0","0","13.56","Humid","28.00","0","54.00","363547.99","SABD0000000001","AAV1.0.0.11","1.1.2.0","PSt7-10","170328-007","9/30/2017 19:06:43","0000-00","0","no battery","V"
"09/09/2020","09:49:15","2","default","115855972","OXY_CH2","23.677","min","184.845","µmol/L","Humid","21.105","deg","81447","µV","28.652","°C","1016.000","hPa","35.3","pmil","0","53.237","deg","23.954","°C","100.000","%a.s.","21.023","deg","23.635","°C","1019.000","hPa","0.861","-0.02617","0.00035","0","0","13.56","Humid","28.00","0","54.00","363535.14","SABD0000000001","AAV1.0.0.11","1.1.2.0","PSt7-10","170328-007","9/30/2017 19:06:43","0000-00","0","no battery","V"
"09/09/2020","09:49:16","2","default","115855972","OXY_CH2","23.694","min","184.788","µmol/L","Humid","21.103","deg","81454","µV","28.667","°C","1016.000","hPa","35.3","pmil","0","53.237","deg","23.954","°C","100.000","%a.s.","21.023","deg","23.635","°C","1019.000","hPa","0.861","-0.02617","0.00035","0","0","13.56","Humid","28.00","0","54.00","363537.54","SABD0000000001","AAV1.0.0.11","1.1.2.0","PSt7-10","170328-007","9/30/2017 19:06:43","0000-00","0","no battery","V"
"09/09/2020","09:49:17","2","default","115855972","OXY_CH2","23.710","min","184.899","µmol/L","Humid","21.098","deg","81446","µV","28.663","°C","1016.000","hPa","35.3","pmil","0","53.237","deg","23.954","°C","100.000","%a.s.","21.023","deg","23.635","°C","1019.000","hPa","0.861","-0.02617","0.00035","0","0","13.56","Humid","28.00","0","54.00","363551.71","SABD0000000001","AAV1.0.0.11","1.1.2.0","PSt7-10","170328-007","9/30/2017 19:06:43","0000-00","0","no battery","V"
"09/09/2020","09:49:18","2","default","115855972","OXY_CH2","23.727","min","184.827","µmol/L","Humid","21.102","deg","81449","µV","28.664","°C","1016.000","hPa","35.3","pmil","0","53.237","deg","23.954","°C","100.000","%a.s.","21.023","deg","23.635","°C","1019.000","hPa","0.861","-0.02617","0.00035","0","0","13.56","Humid","28.00","0","54.00","363546.01","SABD0000000001","AAV1.0.0.11","1.1.2.0","PSt7-10","170328-007","9/30/2017 19:06:43","0000-00","0","no battery","V"
"09/09/2020","09:49:19","2","default","115855972","OXY_CH2","23.744","min","184.669","µmol/L","Humid","21.109","deg","81452","µV","28.671","°C","1016.000","hPa","35.3","pmil","0","53.237","deg","23.954","°C","100.000","%a.s.","21.023","deg","23.635","°C","1019.000","hPa","0.861","-0.02617","0.00035","0","0","13.56","Humid","28.00","0","54.00","363539.33","SABD0000000001","AAV1.0.0.11","1.1.2.0","PSt7-10","170328-007","9/30/2017 19:06:43","0000-00","0","no battery","V"
"09/09/2020","09:49:20","2","default","115855972","OXY_CH2","23.760","min","184.856","µmol/L","Humid","21.103","deg","81454","µV","28.656","°C","1016.000","hPa","35.3","pmil","0","53.237","deg","23.954","°C","100.000","%a.s.","21.023","deg","23.635","°C","1019.000","hPa","0.861","-0.02617","0.00035","0","0","13.56","Humid","28.00","0","54.00","363522.24","SABD0000000001","AAV1.0.0.11","1.1.2.0","PSt7-10","170328-007","9/30/2017 19:06:43","0000-00","0","no battery","V"
"09/09/2020","09:49:21","2","default","115855972","OXY_CH2","23.777","min","184.942","µmol/L","Humid","21.099","deg","81454","µV","28.652","°C","1016.000","hPa","35.3","pmil","0","53.237","deg","23.954","°C","100.000","%a.s.","21.023","deg","23.635","°C","1019.000","hPa","0.861","-0.02617","0.00035","0","0","13.56","Humid","28.00","0","54.00","363531.46","SABD0000000001","AAV1.0.0.11","1.1.2.0","PSt7-10","170328-007","9/30/2017 19:06:43","0000-00","0","no battery","V"
"09/09/2020","09:49:22","2","default","115855972","OXY_CH2","23.794","min","184.783","µmol/L","Humid","21.101","deg","81443","µV","28.674","°C","1016.000","hPa","35.3","pmil","0","53.237","deg","23.954","°C","100.000","%a.s.","21.023","deg","23.635","°C","1019.000","hPa","0.861","-0.02617","0.00035","0","0","13.56","Humid","28.00","0","54.00","363524.43","SABD0000000001","AAV1.0.0.11","1.1.2.0","PSt7-10","170328-007","9/30/2017 19:06:43","0000-00","0","no battery","V"
"09/09/2020","09:49:23","2","default","115855972","OXY_CH2","23.810","min","184.762","µmol/L","Humid","21.102","deg","81445","µV","28.675","°C","1016.000","hPa","35.3","pmil","0","53.237","deg","23.954","°C","100.000","%a.s.","21.023","deg","23.635","°C","1019.000","hPa","0.861","-0.02617","0.00035","0","0","13.56","Humid","28.00","0","54.00","363535.23","SABD0000000001","AAV1.0.0.11","1.1.2.0","PSt7-10","170328-007","9/30/2017 19:06:43","0000-00","0","no battery","V"
"09/09/2020","09:49:24","2","default","115855972","OXY_CH2","23.828","min","184.780","µmol/L","Humid","21.103","deg","81454","µV","28.669","°C","1016.000","hPa","35.3","pmil","0","53.237","deg","23.954","°C","100.000","%a.s.","21.023","deg","23.635","°C","1019.000","hPa","0.861","-0.02617","0.00035","0","0","13.56","Humid","28.00","0","54.00","363543.97","SABD0000000001","AAV1.0.0.11","1.1.2.0","PSt7-10","170328-007","9/30/2017 19:06:43","0000-00","0","no battery","V"
"09/09/2020","09:49:25","2","default","115855972","OXY_CH2","23.844","min","184.782","µmol/L","Humid","21.102","deg","81444","µV","28.671","°C","1016.000","hPa","35.3","pmil","0","53.237","deg","23.954","°C","100.000","%a.s.","21.023","deg","23.635","°C","1019.000","hPa","0.861","-0.02617","0.00035","0","0","13.56","Humid","28.00","0","54.00","363528.35","SABD0000000001","AAV1.0.0.11","1.1.2.0","PSt7-10","170328-007","9/30/2017 19:06:43","0000-00","0","no battery","V"
"09/09/2020","09:49:26","2","default","115855972","OXY_CH2","23.861","min","184.807","µmol/L","Humid","21.101","deg","81447","µV","28.670","°C","1016.000","hPa","35.3","pmil","0","53.237","deg","23.954","°C","100.000","%a.s.","21.023","deg","23.635","°C","1019.000","hPa","0.861","-0.02617","0.00035","0","0","13.56","Humid","28.00","0","54.00","363530.61","SABD0000000001","AAV1.0.0.11","1.1.2.0","PSt7-10","170328-007","9/30/2017 19:06:43","0000-00","0","no battery","V"
"09/09/2020","09:49:27","2","default","115855972","OXY_CH2","23.878","min","184.852","µmol/L","Humid","21.100","deg","81444","µV","28.665","°C","1016.000","hPa","35.3","pmil","0","53.237","deg","23.954","°C","100.000","%a.s.","21.023","deg","23.635","°C","1019.000","hPa","0.861","-0.02617","0.00035","0","0","13.56","Humid","28.00","0","54.00","363525.62","SABD0000000001","AAV1.0.0.11","1.1.2.0","PSt7-10","170328-007","9/30/2017 19:06:43","0000-00","0","no battery","V"
"09/09/2020","09:49:28","2","default","115855972","OXY_CH2","23.894","min","184.856","µmol/L","Humid","21.100","deg","81448","µV","28.664","°C","1016.000","hPa","35.3","pmil","0","53.237","deg","23.954","°C","100.000","%a.s.","21.023","deg","23.635","°C","1019.000","hPa","0.861","-0.02617","0.00035","0","0","13.56","Humid","28.00","0","54.00","363529.06","SABD0000000001","AAV1.0.0.11","1.1.2.0","PSt7-10","170328-007","9/30/2017 19:06:43","0000-00","0","no battery","V"
"09/09/2020","09:49:29","2","default","115855972","OXY_CH2","23.911","min","184.879","µmol/L","Humid","21.098","deg","81451","µV","28.666","°C","1016.000","hPa","35.3","pmil","0","53.237","deg","23.954","°C","100.000","%a.s.","21.023","deg","23.635","°C","1019.000","hPa","0.861","-0.02617","0.00035","0","0","13.56","Humid","28.00","0","54.00","363526.69","SABD0000000001","AAV1.0.0.11","1.1.2.0","PSt7-10","170328-007","9/30/2017 19:06:43","0000-00","0","no battery","V"
"09/09/2020","09:49:30","2","default","115855972","OXY_CH2","23.928","min","184.846","µmol/L","Humid","21.107","deg","81444","µV","28.646","°C","1016.000","hPa","35.3","pmil","0","53.237","deg","23.954","°C","100.000","%a.s.","21.023","deg","23.635","°C","1019.000","hPa","0.861","-0.02617","0.00035","0","0","13.56","Humid","28.00","0","54.00","363525.90","SABD0000000001","AAV1.0.0.11","1.1.2.0","PSt7-10","170328-007","9/30/2017 19:06:43","0000-00","0","no battery","V"
"09/09/2020","09:49:31","2","default","115855972","OXY_CH2","23.944","min","184.824","µmol/L","Humid","21.104","deg","81445","µV","28.658","°C","1016.000","hPa","35.3","pmil","0","53.237","deg","23.954","°C","100.000","%a.s.","21.023","deg","23.635","°C","1019.000","hPa","0.861","-0.02617","0.00035","0","0","13.56","Humid","28.00","0","54.00","363519.52","SABD0000000001","AAV1.0.0.11","1.1.2.0","PSt7-10","170328-007","9/30/2017 19:06:43","0000-00","0","no battery","V"
"09/09/2020","09:49:32","2","default","115855972","OXY_CH2","23.961","min","184.773","µmol/L","Humid","21.104","deg","81448","µV","28.667","°C","1016.000","hPa","35.3","pmil","0","53.237","deg","23.954","°C","100.000","%a.s.","21.023","deg","23.635","°C","1019.000","hPa","0.861","-0.02617","0.00035","0","0","13.56","Humid","28.00","0","54.00","363519.37","SABD0000000001","AAV1.0.0.11","1.1.2.0","PSt7-10","170328-007","9/30/2017 19:06:43","0000-00","0","no battery","V"
"09/09/2020","09:49:33","2","default","115855972","OXY_CH2","23.977","min","184.784","µmol/L","Humid","21.099","deg","81450","µV","28.680","°C","1016.000","hPa","35.3","pmil","0","53.237","deg","23.954","°C","100.000","%a.s.","21.023","deg","23.635","°C","1019.000","hPa","0.861","-0.02617","0.00035","0","0","13.56","Humid","28.00","0","54.00","363518.28","SABD0000000001","AAV1.0.0.11","1.1.2.0","PSt7-10","170328-007","9/30/2017 19:06:43","0000-00","0","no battery","V"
"09/09/2020","09:49:34","2","default","115855972","OXY_CH2","23.994","min","184.817","µmol/L","Humid","21.100","deg","81444","µV","28.671","°C","1016.000","hPa","35.3","pmil","0","53.237","deg","23.954","°C","100.000","%a.s.","21.023","deg","23.635","°C","1019.000","hPa","0.861","-0.02617","0.00035","0","0","13.56","Humid","28.00","0","54.00","363511.00","SABD0000000001","AAV1.0.0.11","1.1.2.0","PSt7-10","170328-007","9/30/2017 19:06:43","0000-00","0","no battery","V"
"09/09/2020","09:49:35","2","default","115855972","OXY_CH2","24.010","min","184.763","µmol/L","Humid","21.104","deg","81445","µV","28.669","°C","1016.000","hPa","35.3","pmil","0","53.237","deg","23.954","°C","100.000","%a.s.","21.023","deg","23.635","°C","1019.000","hPa","0.861","-0.02617","0.00035","0","0","13.56","Humid","28.00","0","54.00","363510.41","SABD0000000001","AAV1.0.0.11","1.1.2.0","PSt7-10","170328-007","9/30/2017 19:06:43","0000-00","0","no battery","V"
"09/09/2020","09:49:36","2","default","115855972","OXY_CH2","24.027","min","184.734","µmol/L","Humid","21.104","deg","81445","µV","28.674","°C","1016.000","hPa","35.3","pmil","0","53.237","deg","23.954","°C","100.000","%a.s.","21.023","deg","23.635","°C","1019.000","hPa","0.861","-0.02617","0.00035","0","0","13.56","Humid","28.00","0","54.00","363519.56","SABD0000000001","AAV1.0.0.11","1.1.2.0","PSt7-10","170328-007","9/30/2017 19:06:43","0000-00","0","no battery","V"
"09/09/2020","09:49:37","2","default","115855972","OXY_CH2","24.044","min","184.641","µmol/L","Humid","21.105","deg","81443","µV","28.687","°C","1016.000","hPa","35.3","pmil","0","53.237","deg","23.954","°C","100.000","%a.s.","21.023","deg","23.635","°C","1019.000","hPa","0.861","-0.02617","0.00035","0","0","13.56","Humid","28.00","0","54.00","363506.36","SABD0000000001","AAV1.0.0.11","1.1.2.0","PSt7-10","170328-007","9/30/2017 19:06:43","0000-00","0","no battery","V"
"09/09/2020","09:49:38","2","default","115855972","OXY_CH2","24.061","min","184.798","µmol/L","Humid","21.100","deg","81444","µV","28.675","°C","1016.000","hPa","35.3","pmil","0","53.237","deg","23.954","°C","100.000","%a.s.","21.023","deg","23.635","°C","1019.000","hPa","0.861","-0.02617","0.00035","0","0","13.56","Humid","28.00","0","54.00","363508.29","SABD0000000001","AAV1.0.0.11","1.1.2.0","PSt7-10","170328-007","9/30/2017 19:06:43","0000-00","0","no battery","V"
"09/09/2020","09:49:39","2","default","115855972","OXY_CH2","24.078","min","184.804","µmol/L","Humid","21.102","deg","81436","µV","28.668","°C","1016.000","hPa","35.3","pmil","0","53.237","deg","23.954","°C","100.000","%a.s.","21.023","deg","23.635","°C","1019.000","hPa","0.861","-0.02617","0.00035","0","0","13.56","Humid","28.00","0","54.00","363512.99","SABD0000000001","AAV1.0.0.11","1.1.2.0","PSt7-10","170328-007","9/30/2017 19:06:43","0000-00","0","no battery","V"
"09/09/2020","09:49:40","2","default","115855972","OXY_CH2","24.094","min","184.924","µmol/L","Humid","21.097","deg","81441","µV","28.661","°C","1016.000","hPa","35.3","pmil","0","53.237","deg","23.954","°C","100.000","%a.s.","21.023","deg","23.635","°C","1019.000","hPa","0.861","-0.02617","0.00035","0","0","13.56","Humid","28.00","0","54.00","363500.08","SABD0000000001","AAV1.0.0.11","1.1.2.0","PSt7-10","170328-007","9/30/2017 19:06:43","0000-00","0","no battery","V"
"09/09/2020","09:49:41","2","default","115855972","OXY_CH2","24.111","min","184.813","µmol/L","Humid","21.100","deg","81439","µV","28.672","°C","1016.000","hPa","35.3","pmil","0","53.237","deg","23.954","°C","100.000","%a.s.","21.023","deg","23.635","°C","1019.000","hPa","0.861","-0.02617","0.00035","0","0","13.56","Humid","28.00","0","54.00","363513.43","SABD0000000001","AAV1.0.0.11","1.1.2.0","PSt7-10","170328-007","9/30/2017 19:06:43","0000-00","0","no battery","V"
"09/09/2020","09:49:42","2","default","115855972","OXY_CH2","24.127","min","184.758","µmol/L","Humid","21.103","deg","81445","µV","28.673","°C","1016.000","hPa","35.3","pmil","0","53.237","deg","23.954","°C","100.000","%a.s.","21.023","deg","23.635","°C","1019.000","hPa","0.861","-0.02617","0.00035","0","0","13.56","Humid","28.00","0","54.00","363505.86","SABD0000000001","AAV1.0.0.11","1.1.2.0","PSt7-10","170328-007","9/30/2017 19:06:43","0000-00","0","no battery","V"
"09/09/2020","09:49:43","2","default","115855972","OXY_CH2","24.144","min","184.874","µmol/L","Humid","21.098","deg","81435","µV","28.667","°C","1016.000","hPa","35.3","pmil","0","53.237","deg","23.954","°C","100.000","%a.s.","21.023","deg","23.635","°C","1019.000","hPa","0.861","-0.02617","0.00035","0","0","13.56","Humid","28.00","0","54.00","363506.82","SABD0000000001","AAV1.0.0.11","1.1.2.0","PSt7-10","170328-007","9/30/2017 19:06:43","0000-00","0","no battery","V"
"09/09/2020","09:49:44","2","default","115855972","OXY_CH2","24.161","min","184.735","µmol/L","Humid","21.101","deg","81438","µV","28.683","°C","1016.000","hPa","35.3","pmil","0","53.237","deg","23.954","°C","100.000","%a.s.","21.023","deg","23.635","°C","1019.000","hPa","0.861","-0.02617","0.00035","0","0","13.56","Humid","28.00","0","54.00","363498.09","SABD0000000001","AAV1.0.0.11","1.1.2.0","PSt7-10","170328-007","9/30/2017 19:06:43","0000-00","0","no battery","V"
"09/09/2020","09:49:45","2","default","115855972","OXY_CH2","24.177","min","184.677","µmol/L","Humid","21.106","deg","81441","µV","28.678","°C","1016.000","hPa","35.3","pmil","0","53.237","deg","23.954","°C","100.000","%a.s.","21.023","deg","23.635","°C","1019.000","hPa","0.861","-0.02617","0.00035","0","0","13.56","Humid","28.00","0","54.00","363497.98","SABD0000000001","AAV1.0.0.11","1.1.2.0","PSt7-10","170328-007","9/30/2017 19:06:43","0000-00","0","no battery","V"
"09/09/2020","09:49:46","2","default","115855972","OXY_CH2","24.194","min","184.756","µmol/L","Humid","21.101","deg","81443","µV","28.679","°C","1016.000","hPa","35.3","pmil","0","53.237","deg","23.954","°C","100.000","%a.s.","21.023","deg","23.635","°C","1019.000","hPa","0.861","-0.02617","0.00035","0","0","13.56","Humid","28.00","0","54.00","363501.63","SABD0000000001","AAV1.0.0.11","1.1.2.0","PSt7-10","170328-007","9/30/2017 19:06:43","0000-00","0","no battery","V"
"09/09/2020","09:49:47","2","default","115855972","OXY_CH2","24.211","min","184.876","µmol/L","Humid","21.097","deg","81434","µV","28.670","°C","1016.000","hPa","35.3","pmil","0","53.237","deg","23.954","°C","100.000","%a.s.","21.023","deg","23.635","°C","1019.000","hPa","0.861","-0.02617","0.00035","0","0","13.56","Humid","28.00","0","54.00","363489.02","SABD0000000001","AAV1.0.0.11","1.1.2.0","PSt7-10","170328-007","9/30/2017 19:06:43","0000-00","0","no battery","V"
"09/09/2020","09:49:48","2","default","115855972","OXY_CH2","24.228","min","184.767","µmol/L","Humid","21.101","deg","81438","µV","28.677","°C","1016.000","hPa","35.3","pmil","0","53.237","deg","23.954","°C","100.000","%a.s.","21.023","deg","23.635","°C","1019.000","hPa","0.861","-0.02617","0.00035","0","0","13.56","Humid","28.00","0","54.00","363486.02","SABD0000000001","AAV1.0.0.11","1.1.2.0","PSt7-10","170328-007","9/30/2017 19:06:43","0000-00","0","no battery","V"
"09/09/2020","09:49:49","2","default","115855972","OXY_CH2","24.244","min","184.706","µmol/L","Humid","21.103","deg","81436","µV","28.682","°C","1016.000","hPa","35.3","pmil","0","53.237","deg","23.954","°C","100.000","%a.s.","21.023","deg","23.635","°C","1019.000","hPa","0.861","-0.02617","0.00035","0","0","13.56","Humid","28.00","0","54.00","363480.26","SABD0000000001","AAV1.0.0.11","1.1.2.0","PSt7-10","170328-007","9/30/2017 19:06:43","0000-00","0","no battery","V"
"09/09/2020","09:49:50","2","default","115855972","OXY_CH2","24.261","min","184.826","µmol/L","Humid","21.101","deg","81437","µV","28.667","°C","1016.000","hPa","35.3","pmil","0","53.237","deg","23.954","°C","100.000","%a.s.","21.023","deg","23.635","°C","1019.000","hPa","0.861","-0.02617","0.00035","0","0","13.56","Humid","28.00","0","54.00","363490.19","SABD0000000001","AAV1.0.0.11","1.1.2.0","PSt7-10","170328-007","9/30/2017 19:06:43","0000-00","0","no battery","V"
"09/09/2020","09:49:51","2","default","115855972","OXY_CH2","24.278","min","184.757","µmol/L","Humid","21.100","deg","81433","µV","28.682","°C","1016.000","hPa","35.3","pmil","0","53.237","deg","23.954","°C","100.000","%a.s.","21.023","deg","23.635","°C","1019.000","hPa","0.861","-0.02617","0.00035","0","0","13.56","Humid","28.00","0","54.00","363490.58","SABD0000000001","AAV1.0.0.11","1.1.2.0","PSt7-10","170328-007","9/30/2017 19:06:43","0000-00","0","no battery","V"
"09/09/2020","09:49:52","2","default","115855972","OXY_CH2","24.294","min","184.710","µmol/L","Humid","21.101","deg","81431","µV","28.687","°C","1016.000","hPa","35.3","pmil","0","53.237","deg","23.954","°C","100.000","%a.s.","21.023","deg","23.635","°C","1019.000","hPa","0.861","-0.02617","0.00035","0","0","13.56","Humid","28.00","0","54.00","363466.09","SABD0000000001","AAV1.0.0.11","1.1.2.0","PSt7-10","170328-007","9/30/2017 19:06:43","0000-00","0","no battery","V"
"09/09/2020","09:49:53","2","default","115855972","OXY_CH2","24.311","min","184.643","µmol/L","Humid","21.104","deg","81436","µV","28.690","°C","1016.000","hPa","35.3","pmil","0","53.237","deg","23.954","°C","100.000","%a.s.","21.023","deg","23.635","°C","1019.000","hPa","0.861","-0.02617","0.00035","0","0","13.56","Humid","28.00","0","54.00","363467.33","SABD0000000001","AAV1.0.0.11","1.1.2.0","PSt7-10","170328-007","9/30/2017 19:06:43","0000-00","0","no battery","V"
"09/09/2020","09:49:54","2","default","115855972","OXY_CH2","24.328","min","184.756","µmol/L","Humid","21.101","deg","81431","µV","28.679","°C","1016.000","hPa","35.3","pmil","0","53.237","deg","23.954","°C","100.000","%a.s.","21.023","deg","23.635","°C","1019.000","hPa","0.861","-0.02617","0.00035","0","0","13.56","Humid","28.00","0","54.00","363469.08","SABD0000000001","AAV1.0.0.11","1.1.2.0","PSt7-10","170328-007","9/30/2017 19:06:43","0000-00","0","no battery","V"
"09/09/2020","09:49:55","2","default","115855972","OXY_CH2","24.344","min","184.700","µmol/L","Humid","21.101","deg","81428","µV","28.689","°C","1016.000","hPa","35.3","pmil","0","53.237","deg","23.954","°C","100.000","%a.s.","21.023","deg","23.635","°C","1019.000","hPa","0.861","-0.02617","0.00035","0","0","13.56","Humid","28.00","0","54.00","363463.62","SABD0000000001","AAV1.0.0.11","1.1.2.0","PSt7-10","170328-007","9/30/2017 19:06:43","0000-00","0","no battery","V"
"09/09/2020","09:49:56","2","default","115855972","OXY_CH2","24.361","min","184.686","µmol/L","Humid","21.100","deg","81428","µV","28.694","°C","1016.000","hPa","35.3","pmil","0","53.237","deg","23.954","°C","100.000","%a.s.","21.023","deg","23.635","°C","1019.000","hPa","0.861","-0.02617","0.00035","0","0","13.56","Humid","28.00","0","54.00","363473.98","SABD0000000001","AAV1.0.0.11","1.1.2.0","PSt7-10","170328-007","9/30/2017 19:06:43","0000-00","0","no battery","V"
"09/09/2020","09:49:57","2","default","115855972","OXY_CH2","24.378","min","184.726","µmol/L","Humid","21.100","deg","81429","µV","28.687","°C","1016.000","hPa","35.3","pmil","0","53.237","deg","23.954","°C","100.000","%a.s.","21.023","deg","23.635","°C","1019.000","hPa","0.861","-0.02617","0.00035","0","0","13.56","Humid","28.00","0","54.00","363461.23","SABD0000000001","AAV1.0.0.11","1.1.2.0","PSt7-10","170328-007","9/30/2017 19:06:43","0000-00","0","no battery","V"
"09/09/2020","09:49:58","2","default","115855972","OXY_CH2","24.394","min","184.615","µmol/L","Humid","21.104","deg","81426","µV","28.695","°C","1016.000","hPa","35.3","pmil","0","53.237","deg","23.954","°C","100.000","%a.s.","21.023","deg","23.635","°C","1019.000","hPa","0.861","-0.02617","0.00035","0","0","13.56","Humid","28.00","0","54.00","363462.56","SABD0000000001","AAV1.0.0.11","1.1.2.0","PSt7-10","170328-007","9/30/2017 19:06:43","0000-00","0","no battery","V"
"09/09/2020","09:49:59","2","default","115855972","OXY_CH2","24.411","min","184.872","µmol/L","Humid","21.096","deg","81432","µV","28.673","°C","1016.000","hPa","35.3","pmil","0","53.237","deg","23.954","°C","100.000","%a.s.","21.023","deg","23.635","°C","1019.000","hPa","0.861","-0.02617","0.00035","0","0","13.56","Humid","28.00","0","54.00","363462.93","SABD0000000001","AAV1.0.0.11","1.1.2.0","PSt7-10","170328-007","9/30/2017 19:06:43","0000-00","0","no battery","V"
"09/09/2020","09:50:00","2","default","115855972","OXY_CH2","24.427","min","184.696","µmol/L","Humid","21.102","deg","81427","µV","28.687","°C","1016.000","hPa","35.3","pmil","0","53.237","deg","23.954","°C","100.000","%a.s.","21.023","deg","23.635","°C","1019.000","hPa","0.861","-0.02617","0.00035","0","0","13.56","Humid","28.00","0","54.00","363463.94","SABD0000000001","AAV1.0.0.11","1.1.2.0","PSt7-10","170328-007","9/30/2017 19:06:43","0000-00","0","no battery","V"
"09/09/2020","09:50:01","2","default","115855972","OXY_CH2","24.444","min","184.640","µmol/L","Humid","21.104","deg","81428","µV","28.691","°C","1016.000","hPa","35.3","pmil","0","53.237","deg","23.954","°C","100.000","%a.s.","21.023","deg","23.635","°C","1019.000","hPa","0.861","-0.02617","0.00035","0","0","13.56","Humid","28.00","0","54.00","363463.37","SABD0000000001","AAV1.0.0.11","1.1.2.0","PSt7-10","170328-007","9/30/2017 19:06:43","0000-00","0","no battery","V"
"09/09/2020","09:50:02","2","default","115855972","OXY_CH2","24.461","min","184.699","µmol/L","Humid","21.101","deg","81429","µV","28.689","°C","1016.000","hPa","35.3","pmil","0","53.237","deg","23.954","°C","100.000","%a.s.","21.023","deg","23.635","°C","1019.000","hPa","0.861","-0.02617","0.00035","0","0","13.56","Humid","28.00","0","54.00","363470.88","SABD0000000001","AAV1.0.0.11","1.1.2.0","PSt7-10","170328-007","9/30/2017 19:06:43","0000-00","0","no battery","V"
"09/09/2020","09:50:03","2","default","115855972","OXY_CH2","24.477","min","184.732","µmol/L","Humid","21.100","deg","81430","µV","28.686","°C","1016.000","hPa","35.3","pmil","0","53.237","deg","23.954","°C","100.000","%a.s.","21.023","deg","23.635","°C","1019.000","hPa","0.861","-0.02617","0.00035","0","0","13.56","Humid","28.00","0","54.00","363465.24","SABD0000000001","AAV1.0.0.11","1.1.2.0","PSt7-10","170328-007","9/30/2017 19:06:43","0000-00","0","no battery","V"
"09/09/2020","09:50:04","2","default","115855972","OXY_CH2","24.494","min","184.778","µmol/L","Humid","21.097","deg","81424","µV","28.687","°C","1016.000","hPa","35.3","pmil","0","53.237","deg","23.954","°C","100.000","%a.s.","21.023","deg","23.635","°C","1019.000","hPa","0.861","-0.02617","0.00035","0","0","13.56","Humid","28.00","0","54.00","363467.67","SABD0000000001","AAV1.0.0.11","1.1.2.0","PSt7-10","170328-007","9/30/2017 19:06:43","0000-00","0","no battery","V"
"09/09/2020","09:50:05","2","default","115855972","OXY_CH2","24.511","min","184.654","µmol/L","Humid","21.103","deg","81432","µV","28.691","°C","1016.000","hPa","35.3","pmil","0","53.237","deg","23.954","°C","100.000","%a.s.","21.023","deg","23.635","°C","1019.000","hPa","0.861","-0.02617","0.00035","0","0","13.56","Humid","28.00","0","54.00","363466.31","SABD0000000001","AAV1.0.0.11","1.1.2.0","PSt7-10","170328-007","9/30/2017 19:06:43","0000-00","0","no battery","V"
"09/09/2020","09:50:06","2","default","115855972","OXY_CH2","24.527","min","184.693","µmol/L","Humid","21.099","deg","81434","µV","28.696","°C","1016.000","hPa","35.3","pmil","0","53.237","deg","23.954","°C","100.000","%a.s.","21.023","deg","23.635","°C","1019.000","hPa","0.861","-0.02617","0.00035","0","0","13.56","Humid","28.00","0","54.00","363457.21","SABD0000000001","AAV1.0.0.11","1.1.2.0","PSt7-10","170328-007","9/30/2017 19:06:43","0000-00","0","no battery","V"
"09/09/2020","09:50:07","2","default","115855972","OXY_CH2","24.544","min","184.730","µmol/L","Humid","21.101","deg","81429","µV","28.684","°C","1016.000","hPa","35.3","pmil","0","53.237","deg","23.954","°C","100.000","%a.s.","21.023","deg","23.635","°C","1019.000","hPa","0.861","-0.02617","0.00035","0","0","13.56","Humid","28.00","0","54.00","363461.45","SABD0000000001","AAV1.0.0.11","1.1.2.0","PSt7-10","170328-007","9/30/2017 19:06:43","0000-00","0","no battery","V"
"09/09/2020","09:50:08","2","default","115855972","OXY_CH2","24.561","min","184.753","µmol/L","Humid","21.104","deg","81427","µV","28.671","°C","1016.000","hPa","35.3","pmil","0","53.237","deg","23.954","°C","100.000","%a.s.","21.023","deg","23.635","°C","1019.000","hPa","0.861","-0.02617","0.00035","0","0","13.56","Humid","28.00","0","54.00","363455.08","SABD0000000001","AAV1.0.0.11","1.1.2.0","PSt7-10","170328-007","9/30/2017 19:06:43","0000-00","0","no battery","V"
"09/09/2020","09:50:09","2","default","115855972","OXY_CH2","24.577","min","184.821","µmol/L","Humid","21.100","deg","81431","µV","28.671","°C","1016.000","hPa","35.3","pmil","0","53.237","deg","23.954","°C","100.000","%a.s.","21.023","deg","23.635","°C","1019.000","hPa","0.861","-0.02617","0.00035","0","0","13.56","Humid","28.00","0","54.00","363447.91","SABD0000000001","AAV1.0.0.11","1.1.2.0","PSt7-10","170328-007","9/30/2017 19:06:43","0000-00","0","no battery","V"
"09/09/2020","09:50:10","2","default","115855972","OXY_CH2","24.594","min","184.683","µmol/L","Humid","21.102","deg","81424","µV","28.689","°C","1016.000","hPa","35.3","pmil","0","53.237","deg","23.954","°C","100.000","%a.s.","21.023","deg","23.635","°C","1019.000","hPa","0.861","-0.02617","0.00035","0","0","13.56","Humid","28.00","0","54.00","363438.75","SABD0000000001","AAV1.0.0.11","1.1.2.0","PSt7-10","170328-007","9/30/2017 19:06:43","0000-00","0","no battery","V"
"09/09/2020","09:50:11","2","default","115855972","OXY_CH2","24.611","min","184.548","µmol/L","Humid","21.105","deg","81428","µV","28.704","°C","1016.000","hPa","35.3","pmil","0","53.237","deg","23.954","°C","100.000","%a.s.","21.023","deg","23.635","°C","1019.000","hPa","0.861","-0.02617","0.00035","0","0","13.56","Humid","28.00","0","54.00","363454.33","SABD0000000001","AAV1.0.0.11","1.1.2.0","PSt7-10","170328-007","9/30/2017 19:06:43","0000-00","0","no battery","V"
"09/09/2020","09:50:12","2","default","115855972","OXY_CH2","24.627","min","184.610","µmol/L","Humid","21.104","deg","81422","µV","28.696","°C","1016.000","hPa","35.3","pmil","0","53.237","deg","23.954","°C","100.000","%a.s.","21.023","deg","23.635","°C","1019.000","hPa","0.861","-0.02617","0.00035","0","0","13.56","Humid","28.00","0","54.00","363445.24","SABD0000000001","AAV1.0.0.11","1.1.2.0","PSt7-10","170328-007","9/30/2017 19:06:43","0000-00","0","no battery","V"
"09/09/2020","09:50:13","2","default","115855972","OXY_CH2","24.644","min","184.603","µmol/L","Humid","21.107","deg","81423","µV","28.688","°C","1016.000","hPa","35.3","pmil","0","53.237","deg","23.954","°C","100.000","%a.s.","21.023","deg","23.635","°C","1019.000","hPa","0.861","-0.02617","0.00035","0","0","13.56","Humid","28.00","0","54.00","363459.57","SABD0000000001","AAV1.0.0.11","1.1.2.0","PSt7-10","170328-007","9/30/2017 19:06:43","0000-00","0","no battery","V"
"09/09/2020","09:50:14","2","default","115855972","OXY_CH2","24.661","min","184.598","µmol/L","Humid","21.106","deg","81418","µV","28.692","°C","1016.000","hPa","35.3","pmil","0","53.237","deg","23.954","°C","100.000","%a.s.","21.023","deg","23.635","°C","1019.000","hPa","0.861","-0.02617","0.00035","0","0","13.56","Humid","28.00","0","54.00","363452.25","SABD0000000001","AAV1.0.0.11","1.1.2.0","PSt7-10","170328-007","9/30/2017 19:06:43","0000-00","0","no battery","V"
"09/09/2020","09:50:15","2","default","115855972","OXY_CH2","24.677","min","184.574","µmol/L","Humid","21.104","deg","81426","µV","28.702","°C","1016.000","hPa","35.3","pmil","0","53.237","deg","23.954","°C","100.000","%a.s.","21.023","deg","23.635","°C","1019.000","hPa","0.861","-0.02617","0.00035","0","0","13.56","Humid","28.00","0","54.00","363450.46","SABD0000000001","AAV1.0.0.11","1.1.2.0","PSt7-10","170328-007","9/30/2017 19:06:43","0000-00","0","no battery","V"
"09/09/2020","09:50:16","2","default","115855972","OXY_CH2","24.694","min","184.650","µmol/L","Humid","21.099","deg","81419","µV","28.703","°C","1016.000","hPa","35.3","pmil","0","53.237","deg","23.954","°C","100.000","%a.s.","21.023","deg","23.635","°C","1019.000","hPa","0.861","-0.02617","0.00035","0","0","13.56","Humid","28.00","0","54.00","363452.42","SABD0000000001","AAV1.0.0.11","1.1.2.0","PSt7-10","170328-007","9/30/2017 19:06:43","0000-00","0","no battery","V"
"09/09/2020","09:50:17","2","default","115855972","OXY_CH2","24.711","min","184.648","µmol/L","Humid","21.101","deg","81422","µV","28.698","°C","1016.000","hPa","35.3","pmil","0","53.237","deg","23.954","°C","100.000","%a.s.","21.023","deg","23.635","°C","1019.000","hPa","0.861","-0.02617","0.00035","0","0","13.56","Humid","28.00","0","54.00","363442.50","SABD0000000001","AAV1.0.0.11","1.1.2.0","PSt7-10","170328-007","9/30/2017 19:06:43","0000-00","0","no battery","V"
"09/09/2020","09:50:18","2","default","115855972","OXY_CH2","24.728","min","184.509","µmol/L","Humid","21.107","deg","81422","µV","28.705","°C","1016.000","hPa","35.3","pmil","0","53.237","deg","23.954","°C","100.000","%a.s.","21.023","deg","23.635","°C","1019.000","hPa","0.861","-0.02617","0.00035","0","0","13.56","Humid","28.00","0","54.00","363442.15","SABD0000000001","AAV1.0.0.11","1.1.2.0","PSt7-10","170328-007","9/30/2017 19:06:43","0000-00","0","no battery","V"
"09/09/2020","09:50:19","2","default","115855972","OXY_CH2","24.744","min","184.587","µmol/L","Humid","21.103","deg","81413","µV","28.703","°C","1016.000","hPa","35.3","pmil","0","53.237","deg","23.954","°C","100.000","%a.s.","21.023","deg","23.635","°C","1019.000","hPa","0.861","-0.02617","0.00035","0","0","13.56","Humid","28.00","0","54.00","363451.48","SABD0000000001","AAV1.0.0.11","1.1.2.0","PSt7-10","170328-007","9/30/2017 19:06:43","0000-00","0","no battery","V"
"09/09/2020","09:50:20","2","default","115855972","OXY_CH2","24.761","min","184.575","µmol/L","Humid","21.105","deg","81414","µV","28.699","°C","1016.000","hPa","35.3","pmil","0","53.237","deg","23.954","°C","100.000","%a.s.","21.023","deg","23.635","°C","1019.000","hPa","0.861","-0.02617","0.00035","0","0","13.56","Humid","28.00","0","54.00","363449.03","SABD0000000001","AAV1.0.0.11","1.1.2.0","PSt7-10","170328-007","9/30/2017 19:06:43","0000-00","0","no battery","V"
"09/09/2020","09:50:21","2","default","115855972","OXY_CH2","24.778","min","184.597","µmol/L","Humid","21.102","deg","81422","µV","28.704","°C","1016.000","hPa","35.3","pmil","0","53.237","deg","23.954","°C","100.000","%a.s.","21.023","deg","23.635","°C","1019.000","hPa","0.861","-0.02617","0.00035","0","0","13.56","Humid","28.00","0","54.00","363442.01","SABD0000000001","AAV1.0.0.11","1.1.2.0","PSt7-10","170328-007","9/30/2017 19:06:43","0000-00","0","no battery","V"
"09/09/2020","09:50:22","2","default","115855972","OXY_CH2","24.794","min","184.577","µmol/L","Humid","21.102","deg","81418","µV","28.708","°C","1016.000","hPa","35.3","pmil","0","53.237","deg","23.954","°C","100.000","%a.s.","21.023","deg","23.635","°C","1019.000","hPa","0.861","-0.02617","0.00035","0","0","13.56","Humid","28.00","0","54.00","363424.33","SABD0000000001","AAV1.0.0.11","1.1.2.0","PSt7-10","170328-007","9/30/2017 19:06:43","0000-00","0","no battery","V"
"09/09/2020","09:50:23","2","default","115855972","OXY_CH2","24.811","min","184.562","µmol/L","Humid","21.102","deg","81416","µV","28.710","°C","1016.000","hPa","35.3","pmil","0","53.237","deg","23.954","°C","100.000","%a.s.","21.023","deg","23.635","°C","1019.000","hPa","0.861","-0.02617","0.00035","0","0","13.56","Humid","28.00","0","54.00","363434.05","SABD0000000001","AAV1.0.0.11","1.1.2.0","PSt7-10","170328-007","9/30/2017 19:06:43","0000-00","0","no battery","V"
"09/09/2020","09:50:24","2","default","115855972","OXY_CH2","24.827","min","184.621","µmol/L","Humid","21.101","deg","81410","µV","28.703","°C","1016.000","hPa","35.3","pmil","0","53.237","deg","23.954","°C","100.000","%a.s.","21.023","deg","23.635","°C","1019.000","hPa","0.861","-0.02617","0.00035","0","0","13.56","Humid","28.00","0","54.00","363434.96","SABD0000000001","AAV1.0.0.11","1.1.2.0","PSt7-10","170328-007","9/30/2017 19:06:43","0000-00","0","no battery","V"
"09/09/2020","09:50:25","2","default","115855972","OXY_CH2","24.844","min","184.651","µmol/L","Humid","21.098","deg","81414","µV","28.706","°C","1016.000","hPa","35.3","pmil","0","53.237","deg","23.954","°C","100.000","%a.s.","21.023","deg","23.635","°C","1019.000","hPa","0.861","-0.02617","0.00035","0","0","13.56","Humid","28.00","0","54.00","363419.07","SABD0000000001","AAV1.0.0.11","1.1.2.0","PSt7-10","170328-007","9/30/2017 19:06:43","0000-00","0","no battery","V"
"09/09/2020","09:50:26","2","default","115855972","OXY_CH2","24.861","min","184.571","µmol/L","Humid","21.102","deg","81423","µV","28.708","°C","1016.000","hPa","35.3","pmil","0","53.237","deg","23.954","°C","100.000","%a.s.","21.023","deg","23.635","°C","1019.000","hPa","0.861","-0.02617","0.00035","0","0","13.56","Humid","28.00","0","54.00","363436.45","SABD0000000001","AAV1.0.0.11","1.1.2.0","PSt7-10","170328-007","9/30/2017 19:06:43","0000-00","0","no battery","V"
"09/09/2020","09:50:27","2","default","115855972","OXY_CH2","24.878","min","184.692","µmol/L","Humid","21.102","deg","81418","µV","28.687","°C","1016.000","hPa","35.3","pmil","0","53.237","deg","23.954","°C","100.000","%a.s.","21.023","deg","23.635","°C","1019.000","hPa","0.861","-0.02617","0.00035","0","0","13.56","Humid","28.00","0","54.00","363431.93","SABD0000000001","AAV1.0.0.11","1.1.2.0","PSt7-10","170328-007","9/30/2017 19:06:43","0000-00","0","no battery","V"
"09/09/2020","09:50:28","2","default","115855972","OXY_CH2","24.894","min","184.624","µmol/L","Humid","21.099","deg","81417","µV","28.708","°C","1016.000","hPa","35.3","pmil","0","53.237","deg","23.954","°C","100.000","%a.s.","21.023","deg","23.635","°C","1019.000","hPa","0.861","-0.02617","0.00035","0","0","13.56","Humid","28.00","0","54.00","363428.83","SABD0000000001","AAV1.0.0.11","1.1.2.0","PSt7-10","170328-007","9/30/2017 19:06:43","0000-00","0","no battery","V"
"09/09/2020","09:50:29","2","default","115855972","OXY_CH2","24.911","min","184.414","µmol/L","Humid","21.107","deg","81414","µV","28.721","°C","1016.000","hPa","35.3","pmil","0","53.237","deg","23.954","°C","100.000","%a.s.","21.023","deg","23.635","°C","1019.000","hPa","0.861","-0.02617","0.00035","0","0","13.56","Humid","28.00","0","54.00","363415.51","SABD0000000001","AAV1.0.0.11","1.1.2.0","PSt7-10","170328-007","9/30/2017 19:06:43","0000-00","0","no battery","V"
"09/09/2020","09:50:30","2","default","115855972","OXY_CH2","24.928","min","184.489","µmol/L","Humid","21.104","deg","81424","µV","28.717","°C","1016.000","hPa","35.3","pmil","0","53.237","deg","23.954","°C","100.000","%a.s.","21.023","deg","23.635","°C","1019.000","hPa","0.861","-0.02617","0.00035","0","0","13.56","Humid","28.00","0","54.00","363421.82","SABD0000000001","AAV1.0.0.11","1.1.2.0","PSt7-10","170328-007","9/30/2017 19:06:43","0000-00","0","no battery","V"
"09/09/2020","09:50:31","2","default","115855972","OXY_CH2","24.944","min","184.510","µmol/L","Humid","21.103","deg","81413","µV","28.716","°C","1016.000","hPa","35.3","pmil","0","53.237","deg","23.954","°C","100.000","%a.s.","21.023","deg","23.635","°C","1019.000","hPa","0.861","-0.02617","0.00035","0","0","13.56","Humid","28.00","0","54.00","363412.00","SABD0000000001","AAV1.0.0.11","1.1.2.0","PSt7-10","170328-007","9/30/2017 19:06:43","0000-00","0","no battery","V"
"09/09/2020","09:50:32","2","default","115855972","OXY_CH2","24.961","min","184.532","µmol/L","Humid","21.103","deg","81420","µV","28.712","°C","1016.000","hPa","35.3","pmil","0","53.237","deg","23.954","°C","100.000","%a.s.","21.023","deg","23.635","°C","1019.000","hPa","0.861","-0.02617","0.00035","0","0","13.56","Humid","28.00","0","54.00","363426.15","SABD0000000001","AAV1.0.0.11","1.1.2.0","PSt7-10","170328-007","9/30/2017 19:06:43","0000-00","0","no battery","V"
"09/09/2020","09:50:33","2","default","115855972","OXY_CH2","24.978","min","184.558","µmol/L","Humid","21.102","deg","81417","µV","28.711","°C","1016.000","hPa","35.3","pmil","0","53.237","deg","23.954","°C","100.000","%a.s.","21.023","deg","23.635","°C","1019.000","hPa","0.861","-0.02617","0.00035","0","0","13.56","Humid","28.00","0","54.00","363427.76","SABD0000000001","AAV1.0.0.11","1.1.2.0","PSt7-10","170328-007","9/30/2017 19:06:43","0000-00","0","no battery","V"
"09/09/2020","09:50:34","2","default","115855972","OXY_CH2","24.994","min","184.522","µmol/L","Humid","21.103","deg","81417","µV","28.714","°C","1016.000","hPa","35.3","pmil","0","53.237","deg","23.954","°C","100.000","%a.s.","21.023","deg","23.635","°C","1019.000","hPa","0.861","-0.02617","0.00035","0","0","13.56","Humid","28.00","0","54.00","363421.44","SABD0000000001","AAV1.0.0.11","1.1.2.0","PSt7-10","170328-007","9/30/2017 19:06:43","0000-00","0","no battery","V"
"09/09/2020","09:50:35","2","default","115855972","OXY_CH2","25.010","min","184.536","µmol/L","Humid","21.099","deg","81417","µV","28.724","°C","1016.000","hPa","35.3","pmil","0","53.237","deg","23.954","°C","100.000","%a.s.","21.023","deg","23.635","°C","1019.000","hPa","0.861","-0.02617","0.00035","0","0","13.56","Humid","28.00","0","54.00","363417.69","SABD0000000001","AAV1.0.0.11","1.1.2.0","PSt7-10","170328-007","9/30/2017 19:06:43","0000-00","0","no battery","V"
"09/09/2020","09:50:36","2","default","115855972","OXY_CH2","25.027","min","184.427","µmol/L","Humid","21.105","deg","81408","µV","28.725","°C","1016.000","hPa","35.3","pmil","0","53.237","deg","23.954","°C","100.000","%a.s.","21.023","deg","23.635","°C","1019.000","hPa","0.861","-0.02617","0.00035","0","0","13.56","Humid","28.00","0","54.00","363414.05","SABD0000000001","AAV1.0.0.11","1.1.2.0","PSt7-10","170328-007","9/30/2017 19:06:43","0000-00","0","no battery","V"
"09/09/2020","09:50:37","2","default","115855972","OXY_CH2","25.044","min","184.597","µmol/L","Humid","21.102","deg","81410","µV","28.704","°C","1016.000","hPa","35.3","pmil","0","53.237","deg","23.954","°C","100.000","%a.s.","21.023","deg","23.635","°C","1019.000","hPa","0.861","-0.02617","0.00035","0","0","13.56","Humid","28.00","0","54.00","363411.07","SABD0000000001","AAV1.0.0.11","1.1.2.0","PSt7-10","170328-007","9/30/2017 19:06:43","0000-00","0","no battery","V"
"09/09/2020","09:50:38","2","default","115855972","OXY_CH2","25.060","min","184.704","µmol/L","Humid","21.096","deg","81411","µV","28.703","°C","1016.000","hPa","35.3","pmil","0","53.237","deg","23.954","°C","100.000","%a.s.","21.023","deg","23.635","°C","1019.000","hPa","0.861","-0.02617","0.00035","0","0","13.56","Humid","28.00","0","54.00","363397.63","SABD0000000001","AAV1.0.0.11","1.1.2.0","PSt7-10","170328-007","9/30/2017 19:06:43","0000-00","0","no battery","V"
"09/09/2020","09:50:39","2","default","115855972","OXY_CH2","25.077","min","184.545","µmol/L","Humid","21.102","deg","81410","µV","28.713","°C","1016.000","hPa","35.3","pmil","0","53.237","deg","23.954","°C","100.000","%a.s.","21.023","deg","23.635","°C","1019.000","hPa","0.861","-0.02617","0.00035","0","0","13.56","Humid","28.00","0","54.00","363398.17","SABD0000000001","AAV1.0.0.11","1.1.2.0","PSt7-10","170328-007","9/30/2017 19:06:43","0000-00","0","no battery","V"
"09/09/2020","09:50:40","2","default","115855972","OXY_CH2","25.094","min","184.568","µmol/L","Humid","21.099","deg","81413","µV","28.718","°C","1016.000","hPa","35.3","pmil","0","53.237","deg","23.954","°C","100.000","%a.s.","21.023","deg","23.635","°C","1019.000","hPa","0.861","-0.02617","0.00035","0","0","13.56","Humid","28.00","0","54.00","363394.43","SABD0000000001","AAV1.0.0.11","1.1.2.0","PSt7-10","170328-007","9/30/2017 19:06:43","0000-00","0","no battery","V"
"09/09/2020","09:50:41","2","default","115855972","OXY_CH2","25.110","min","184.602","µmol/L","Humid","21.099","deg","81410","µV","28.712","°C","1016.000","hPa","35.3","pmil","0","53.237","deg","23.954","°C","100.000","%a.s.","21.023","deg","23.635","°C","1019.000","hPa","0.861","-0.02617","0.00035","0","0","13.56","Humid","28.00","0","54.00","363405.27","SABD0000000001","AAV1.0.0.11","1.1.2.0","PSt7-10","170328-007","9/30/2017 19:06:43","0000-00","0","no battery","V"
"09/09/2020","09:50:42","2","default","115855972","OXY_CH2","25.127","min","184.505","µmol/L","Humid","21.104","deg","81407","µV","28.714","°C","1016.000","hPa","35.3","pmil","0","53.237","deg","23.954","°C","100.000","%a.s.","21.023","deg","23.635","°C","1019.000","hPa","0.861","-0.02617","0.00035","0","0","13.56","Humid","28.00","0","54.00","363404.11","SABD0000000001","AAV1.0.0.11","1.1.2.0","PSt7-10","170328-007","9/30/2017 19:06:43","0000-00","0","no battery","V"
"09/09/2020","09:50:43","2","default","115855972","OXY_CH2","25.144","min","184.520","µmol/L","Humid","21.103","deg","81403","µV","28.715","°C","1016.000","hPa","35.3","pmil","0","53.237","deg","23.954","°C","100.000","%a.s.","21.023","deg","23.635","°C","1019.000","hPa","0.861","-0.02617","0.00035","0","0","13.56","Humid","28.00","0","54.00","363399.55","SABD0000000001","AAV1.0.0.11","1.1.2.0","PSt7-10","170328-007","9/30/2017 19:06:43","0000-00","0","no battery","V"
"09/09/2020","09:50:44","2","default","115855972","OXY_CH2","25.161","min","184.539","µmol/L","Humid","21.100","deg","81403","µV","28.720","°C","1016.000","hPa","35.3","pmil","0","53.237","deg","23.954","°C","100.000","%a.s.","21.023","deg","23.635","°C","1019.000","hPa","0.861","-0.02617","0.00035","0","0","13.56","Humid","28.00","0","54.00","363406.09","SABD0000000001","AAV1.0.0.11","1.1.2.0","PSt7-10","170328-007","9/30/2017 19:06:43","0000-00","0","no battery","V"
"09/09/2020","09:50:45","2","default","115855972","OXY_CH2","25.178","min","184.463","µmol/L","Humid","21.104","deg","81412","µV","28.722","°C","1016.000","hPa","35.3","pmil","0","53.237","deg","23.954","°C","100.000","%a.s.","21.023","deg","23.635","°C","1019.000","hPa","0.861","-0.02617","0.00035","0","0","13.56","Humid","28.00","0","54.00","363398.14","SABD0000000001","AAV1.0.0.11","1.1.2.0","PSt7-10","170328-007","9/30/2017 19:06:43","0000-00","0","no battery","V"
"09/09/2020","09:50:46","2","default","115855972","OXY_CH2","25.194","min","184.570","µmol/L","Humid","21.099","deg","81410","µV","28.718","°C","1016.000","hPa","35.3","pmil","0","53.237","deg","23.954","°C","100.000","%a.s.","21.023","deg","23.635","°C","1019.000","hPa","0.861","-0.02617","0.00035","0","0","13.56","Humid","28.00","0","54.00","363398.04","SABD0000000001","AAV1.0.0.11","1.1.2.0","PSt7-10","170328-007","9/30/2017 19:06:43","0000-00","0","no battery","V"
"09/09/2020","09:50:47","2","default","115855972","OXY_CH2","25.210","min","184.471","µmol/L","Humid","21.106","deg","81411","µV","28.714","°C","1016.000","hPa","35.3","pmil","0","53.237","deg","23.954","°C","100.000","%a.s.","21.023","deg","23.635","°C","1019.000","hPa","0.861","-0.02617","0.00035","0","0","13.56","Humid","28.00","0","54.00","363393.03","SABD0000000001","AAV1.0.0.11","1.1.2.0","PSt7-10","170328-007","9/30/2017 19:06:43","0000-00","0","no battery","V"
"09/09/2020","09:50:48","2","default","115855972","OXY_CH2","25.227","min","184.628","µmol/L","Humid","21.100","deg","81412","µV","28.704","°C","1016.000","hPa","35.3","pmil","0","53.237","deg","23.954","°C","100.000","%a.s.","21.023","deg","23.635","°C","1019.000","hPa","0.861","-0.02617","0.00035","0","0","13.56","Humid","28.00","0","54.00","363393.55","SABD0000000001","AAV1.0.0.11","1.1.2.0","PSt7-10","170328-007","9/30/2017 19:06:43","0000-00","0","no battery","V"
"09/09/2020","09:50:49","2","default","115855972","OXY_CH2","25.244","min","184.423","µmol/L","Humid","21.102","deg","81406","µV","28.734","°C","1016.000","hPa","35.3","pmil","0","53.237","deg","23.954","°C","100.000","%a.s.","21.023","deg","23.635","°C","1019.000","hPa","0.861","-0.02617","0.00035","0","0","13.56","Humid","28.00","0","54.00","363380.31","SABD0000000001","AAV1.0.0.11","1.1.2.0","PSt7-10","170328-007","9/30/2017 19:06:43","0000-00","0","no battery","V"
"09/09/2020","09:50:50","2","default","115855972","OXY_CH2","25.260","min","184.497","µmol/L","Humid","21.098","deg","81406","µV","28.733","°C","1016.000","hPa","35.3","pmil","0","53.237","deg","23.954","°C","100.000","%a.s.","21.023","deg","23.635","°C","1019.000","hPa","0.861","-0.02617","0.00035","0","0","13.56","Humid","28.00","0","54.00","363397.80","SABD0000000001","AAV1.0.0.11","1.1.2.0","PSt7-10","170328-007","9/30/2017 19:06:43","0000-00","0","no battery","V"
"09/09/2020","09:50:51","2","default","115855972","OXY_CH2","25.277","min","184.421","µmol/L","Humid","21.101","deg","81409","µV","28.738","°C","1016.000","hPa","35.3","pmil","0","53.237","deg","23.954","°C","100.000","%a.s.","21.023","deg","23.635","°C","1019.000","hPa","0.861","-0.02617","0.00035","0","0","13.56","Humid","28.00","0","54.00","363380.41","SABD0000000001","AAV1.0.0.11","1.1.2.0","PSt7-10","170328-007","9/30/2017 19:06:43","0000-00","0","no battery","V"
"09/09/2020","09:50:52","2","default","115855972","OXY_CH2","25.294","min","184.421","µmol/L","Humid","21.105","deg","81406","µV","28.726","°C","1016.000","hPa","35.3","pmil","0","53.237","deg","23.954","°C","100.000","%a.s.","21.023","deg","23.635","°C","1019.000","hPa","0.861","-0.02617","0.00035","0","0","13.56","Humid","28.00","0","54.00","363392.53","SABD0000000001","AAV1.0.0.11","1.1.2.0","PSt7-10","170328-007","9/30/2017 19:06:43","0000-00","0","no battery","V"
"09/09/2020","09:50:53","2","default","115855972","OXY_CH2","25.311","min","184.591","µmol/L","Humid","21.095","deg","81409","µV","28.726","°C","1016.000","hPa","35.3","pmil","0","53.237","deg","23.954","°C","100.000","%a.s.","21.023","deg","23.635","°C","1019.000","hPa","0.861","-0.02617","0.00035","0","0","13.56","Humid","28.00","0","54.00","363385.55","SABD0000000001","AAV1.0.0.11","1.1.2.0","PSt7-10","170328-007","9/30/2017 19:06:43","0000-00","0","no battery","V"
"09/09/2020","09:50:54","2","default","115855972","OXY_CH2","25.327","min","184.444","µmol/L","Humid","21.099","deg","81404","µV","28.740","°C","1016.000","hPa","35.3","pmil","0","53.237","deg","23.954","°C","100.000","%a.s.","21.023","deg","23.635","°C","1019.000","hPa","0.861","-0.02617","0.00035","0","0","13.56","Humid","28.00","0","54.00","363383.63","SABD0000000001","AAV1.0.0.11","1.1.2.0","PSt7-10","170328-007","9/30/2017 19:06:43","0000-00","0","no battery","V"
"09/09/2020","09:50:55","2","default","115855972","OXY_CH2","25.344","min","184.506","µmol/L","Humid","21.100","deg","81408","µV","28.726","°C","1016.000","hPa","35.3","pmil","0","53.237","deg","23.954","°C","100.000","%a.s.","21.023","deg","23.635","°C","1019.000","hPa","0.861","-0.02617","0.00035","0","0","13.56","Humid","28.00","0","54.00","363381.67","SABD0000000001","AAV1.0.0.11","1.1.2.0","PSt7-10","170328-007","9/30/2017 19:06:43","0000-00","0","no battery","V"
"09/09/2020","09:50:56","2","default","115855972","OXY_CH2","25.360","min","184.423","µmol/L","Humid","21.107","deg","81402","µV","28.720","°C","1016.000","hPa","35.3","pmil","0","53.237","deg","23.954","°C","100.000","%a.s.","21.023","deg","23.635","°C","1019.000","hPa","0.861","-0.02617","0.00035","0","0","13.56","Humid","28.00","0","54.00","363377.39","SABD0000000001","AAV1.0.0.11","1.1.2.0","PSt7-10","170328-007","9/30/2017 19:06:43","0000-00","0","no battery","V"
"09/09/2020","09:50:57","2","default","115855972","OXY_CH2","25.377","min","184.486","µmol/L","Humid","21.098","deg","81401","µV","28.735","°C","1016.000","hPa","35.3","pmil","0","53.237","deg","23.954","°C","100.000","%a.s.","21.023","deg","23.635","°C","1019.000","hPa","0.861","-0.02617","0.00035","0","0","13.56","Humid","28.00","0","54.00","363379.07","SABD0000000001","AAV1.0.0.11","1.1.2.0","PSt7-10","170328-007","9/30/2017 19:06:43","0000-00","0","no battery","V"
"09/09/2020","09:50:58","2","default","115855972","OXY_CH2","25.394","min","184.368","µmol/L","Humid","21.105","deg","81403","µV","28.735","°C","1016.000","hPa","35.3","pmil","0","53.237","deg","23.954","°C","100.000","%a.s.","21.023","deg","23.635","°C","1019.000","hPa","0.861","-0.02617","0.00035","0","0","13.56","Humid","28.00","0","54.00","363385.66","SABD0000000001","AAV1.0.0.11","1.1.2.0","PSt7-10","170328-007","9/30/2017 19:06:43","0000-00","0","no battery","V"
"09/09/2020","09:50:59","2","default","115855972","OXY_CH2","25.410","min","184.544","µmol/L","Humid","21.098","deg","81411","µV","28.725","°C","1016.000","hPa","35.3","pmil","0","53.237","deg","23.954","°C","100.000","%a.s.","21.023","deg","23.635","°C","1019.000","hPa","0.861","-0.02617","0.00035","0","0","13.56","Humid","28.00","0","54.00","363376.68","SABD0000000001","AAV1.0.0.11","1.1.2.0","PSt7-10","170328-007","9/30/2017 19:06:43","0000-00","0","no battery","V"
"09/09/2020","09:51:00","2","default","115855972","OXY_CH2","25.427","min","184.430","µmol/L","Humid","21.104","deg","81406","µV","28.727","°C","1016.000","hPa","35.3","pmil","0","53.237","deg","23.954","°C","100.000","%a.s.","21.023","deg","23.635","°C","1019.000","hPa","0.861","-0.02617","0.00035","0","0","13.56","Humid","28.00","0","54.00","363370.14","SABD0000000001","AAV1.0.0.11","1.1.2.0","PSt7-10","170328-007","9/30/2017 19:06:43","0000-00","0","no battery","V"
"09/09/2020","09:51:01","2","default","115855972","OXY_CH2","25.444","min","184.510","µmol/L","Humid","21.101","deg","81402","µV","28.722","°C","1016.000","hPa","35.3","pmil","0","53.237","deg","23.954","°C","100.000","%a.s.","21.023","deg","23.635","°C","1019.000","hPa","0.861","-0.02617","0.00035","0","0","13.56","Humid","28.00","0","54.00","363392.17","SABD0000000001","AAV1.0.0.11","1.1.2.0","PSt7-10","170328-007","9/30/2017 19:06:43","0000-00","0","no battery","V"
"09/09/2020","09:51:02","2","default","115855972","OXY_CH2","25.461","min","184.450","µmol/L","Humid","21.101","deg","81401","µV","28.733","°C","1016.000","hPa","35.3","pmil","0","53.237","deg","23.954","°C","100.000","%a.s.","21.023","deg","23.635","°C","1019.000","hPa","0.861","-0.02617","0.00035","0","0","13.56","Humid","28.00","0","54.00","363373.57","SABD0000000001","AAV1.0.0.11","1.1.2.0","PSt7-10","170328-007","9/30/2017 19:06:43","0000-00","0","no battery","V"
"09/09/2020","09:51:03","2","default","115855972","OXY_CH2","25.477","min","184.462","µmol/L","Humid","21.100","deg","81392","µV","28.734","°C","1016.000","hPa","35.3","pmil","0","53.237","deg","23.954","°C","100.000","%a.s.","21.023","deg","23.635","°C","1019.000","hPa","0.861","-0.02617","0.00035","0","0","13.56","Humid","28.00","0","54.00","363382.08","SABD0000000001","AAV1.0.0.11","1.1.2.0","PSt7-10","170328-007","9/30/2017 19:06:43","0000-00","0","no battery","V"
"09/09/2020","09:51:04","2","default","115855972","OXY_CH2","25.494","min","184.426","µmol/L","Humid","21.103","deg","81398","µV","28.731","°C","1016.000","hPa","35.3","pmil","0","53.237","deg","23.954","°C","100.000","%a.s.","21.023","deg","23.635","°C","1019.000","hPa","0.861","-0.02617","0.00035","0","0","13.56","Humid","28.00","0","54.00","363361.60","SABD0000000001","AAV1.0.0.11","1.1.2.0","PSt7-10","170328-007","9/30/2017 19:06:43","0000-00","0","no battery","V"
"09/09/2020","09:51:05","2","default","115855972","OXY_CH2","25.510","min","184.532","µmol/L","Humid","21.100","deg","81397","µV","28.721","°C","1016.000","hPa","35.3","pmil","0","53.237","deg","23.954","°C","100.000","%a.s.","21.023","deg","23.635","°C","1019.000","hPa","0.861","-0.02617","0.00035","0","0","13.56","Humid","28.00","0","54.00","363368.75","SABD0000000001","AAV1.0.0.11","1.1.2.0","PSt7-10","170328-007","9/30/2017 19:06:43","0000-00","0","no battery","V"
"09/09/2020","09:51:06","2","default","115855972","OXY_CH2","25.527","min","184.471","µmol/L","Humid","21.099","deg","81400","µV","28.735","°C","1016.000","hPa","35.3","pmil","0","53.237","deg","23.954","°C","100.000","%a.s.","21.023","deg","23.635","°C","1019.000","hPa","0.861","-0.02617","0.00035","0","0","13.56","Humid","28.00","0","54.00","363362.54","SABD0000000001","AAV1.0.0.11","1.1.2.0","PSt7-10","170328-007","9/30/2017 19:06:43","0000-00","0","no battery","V"
"09/09/2020","09:51:07","2","default","115855972","OXY_CH2","25.544","min","184.377","µmol/L","Humid","21.102","deg","81403","µV","28.743","°C","1016.000","hPa","35.3","pmil","0","53.237","deg","23.954","°C","100.000","%a.s.","21.023","deg","23.635","°C","1019.000","hPa","0.861","-0.02617","0.00035","0","0","13.56","Humid","28.00","0","54.00","363384.37","SABD0000000001","AAV1.0.0.11","1.1.2.0","PSt7-10","170328-007","9/30/2017 19:06:43","0000-00","0","no battery","V"
"09/09/2020","09:51:08","2","default","115855972","OXY_CH2","25.561","min","184.423","µmol/L","Humid","21.101","deg","81394","µV","28.738","°C","1016.000","hPa","35.3","pmil","0","53.237","deg","23.954","°C","100.000","%a.s.","21.023","deg","23.635","°C","1019.000","hPa","0.861","-0.02617","0.00035","0","0","13.56","Humid","28.00","0","54.00","363377.56","SABD0000000001","AAV1.0.0.11","1.1.2.0","PSt7-10","170328-007","9/30/2017 19:06:43","0000-00","0","no battery","V"
"09/09/2020","09:51:09","2","default","115855972","OXY_CH2","25.577","min","184.434","µmol/L","Humid","21.100","deg","81405","µV","28.738","°C","1016.000","hPa","35.3","pmil","0","53.237","deg","23.954","°C","100.000","%a.s.","21.023","deg","23.635","°C","1019.000","hPa","0.861","-0.02617","0.00035","0","0","13.56","Humid","28.00","0","54.00","363378.74","SABD0000000001","AAV1.0.0.11","1.1.2.0","PSt7-10","170328-007","9/30/2017 19:06:43","0000-00","0","no battery","V"
"09/09/2020","09:51:10","2","default","115855972","OXY_CH2","25.594","min","184.385","µmol/L","Humid","21.102","deg","81399","µV","28.741","°C","1016.000","hPa","35.3","pmil","0","53.237","deg","23.954","°C","100.000","%a.s.","21.023","deg","23.635","°C","1019.000","hPa","0.861","-0.02617","0.00035","0","0","13.56","Humid","28.00","0","54.00","363373.97","SABD0000000001","AAV1.0.0.11","1.1.2.0","PSt7-10","170328-007","9/30/2017 19:06:43","0000-00","0","no battery","V"
"09/09/2020","09:51:11","2","default","115855972","OXY_CH2","25.611","min","184.410","µmol/L","Humid","21.100","deg","81402","µV","28.743","°C","1016.000","hPa","35.3","pmil","0","53.237","deg","23.954","°C","100.000","%a.s.","21.023","deg","23.635","°C","1019.000","hPa","0.861","-0.02617","0.00035","0","0","13.56","Humid","28.00","0","54.00","363369.77","SABD0000000001","AAV1.0.0.11","1.1.2.0","PSt7-10","170328-007","9/30/2017 19:06:43","0000-00","0","no battery","V"
"09/09/2020","09:51:12","2","default","115855972","OXY_CH2","25.627","min","184.404","µmol/L","Humid","21.101","deg","81396","µV","28.741","°C","1016.000","hPa","35.3","pmil","0","53.237","deg","23.954","°C","100.000","%a.s.","21.023","deg","23.635","°C","1019.000","hPa","0.861","-0.02617","0.00035","0","0","13.56","Humid","28.00","0","54.00","363364.68","SABD0000000001","AAV1.0.0.11","1.1.2.0","PSt7-10","170328-007","9/30/2017 19:06:43","0000-00","0","no battery","V"
"09/09/2020","09:51:13","2","default","115855972","OXY_CH2","25.644","min","184.466","µmol/L","Humid","21.101","deg","81400","µV","28.730","°C","1016.000","hPa","35.3","pmil","0","53.237","deg","23.954","°C","100.000","%a.s.","21.023","deg","23.635","°C","1019.000","hPa","0.861","-0.02617","0.00035","0","0","13.56","Humid","28.00","0","54.00","363364.36","SABD0000000001","AAV1.0.0.11","1.1.2.0","PSt7-10","170328-007","9/30/2017 19:06:43","0000-00","0","no battery","V"
"09/09/2020","09:51:14","2","default","115855972","OXY_CH2","25.661","min","184.446","µmol/L","Humid","21.101","deg","81398","µV","28.733","°C","1016.000","hPa","35.3","pmil","0","53.237","deg","23.954","°C","100.000","%a.s.","21.023","deg","23.635","°C","1019.000","hPa","0.861","-0.02617","0.00035","0","0","13.56","Humid","28.00","0","54.00","363363.84","SABD0000000001","AAV1.0.0.11","1.1.2.0","PSt7-10","170328-007","9/30/2017 19:06:43","0000-00","0","no battery","V"
"09/09/2020","09:51:15","2","default","115855972","OXY_CH2","25.677","min","184.467","µmol/L","Humid","21.100","deg","81406","µV","28.733","°C","1016.000","hPa","35.3","pmil","0","53.237","deg","23.954","°C","100.000","%a.s.","21.023","deg","23.635","°C","1019.000","hPa","0.861","-0.02617","0.00035","0","0","13.56","Humid","28.00","0","54.00","363363.59","SABD0000000001","AAV1.0.0.11","1.1.2.0","PSt7-10","170328-007","9/30/2017 19:06:43","0000-00","0","no battery","V"
"09/09/2020","09:51:16","2","default","115855972","OXY_CH2","25.694","min","184.351","µmol/L","Humid","21.102","deg","81403","µV","28.747","°C","1016.000","hPa","35.3","pmil","0","53.237","deg","23.954","°C","100.000","%a.s.","21.023","deg","23.635","°C","1019.000","hPa","0.861","-0.02617","0.00035","0","0","13.56","Humid","28.00","0","54.00","363359.76","SABD0000000001","AAV1.0.0.11","1.1.2.0","PSt7-10","170328-007","9/30/2017 19:06:43","0000-00","0","no battery","V"
"09/09/2020","09:51:17","2","default","115855972","OXY_CH2","25.711","min","184.357","µmol/L","Humid","21.104","deg","81398","µV","28.740","°C","1016.000","hPa","35.3","pmil","0","53.237","deg","23.954","°C","100.000","%a.s.","21.023","deg","23.635","°C","1019.000","hPa","0.861","-0.02617","0.00035","0","0","13.56","Humid","28.00","0","54.00","363372.08","SABD0000000001","AAV1.0.0.11","1.1.2.0","PSt7-10","170328-007","9/30/2017 19:06:43","0000-00","0","no battery","V"
"09/09/2020","09:51:18","2","default","115855972","OXY_CH2","25.728","min","184.425","µmol/L","Humid","21.099","deg","81398","µV","28.743","°C","1016.000","hPa","35.3","pmil","0","53.237","deg","23.954","°C","100.000","%a.s.","21.023","deg","23.635","°C","1019.000","hPa","0.861","-0.02617","0.00035","0","0","13.56","Humid","28.00","0","54.00","363364.07","SABD0000000001","AAV1.0.0.11","1.1.2.0","PSt7-10","170328-007","9/30/2017 19:06:43","0000-00","0","no battery","V"
"09/09/2020","09:51:19","2","default","115855972","OXY_CH2","25.744","min","184.483","µmol/L","Humid","21.100","deg","81406","µV","28.730","°C","1016.000","hPa","35.3","pmil","0","53.237","deg","23.954","°C","100.000","%a.s.","21.023","deg","23.635","°C","1019.000","hPa","0.861","-0.02617","0.00035","0","0","13.56","Humid","28.00","0","54.00","363350.76","SABD0000000001","AAV1.0.0.11","1.1.2.0","PSt7-10","170328-007","9/30/2017 19:06:43","0000-00","0","no battery","V"
"09/09/2020","09:51:20","2","default","115855972","OXY_CH2","25.761","min","184.360","µmol/L","Humid","21.103","deg","81392","µV","28.743","°C","1016.000","hPa","35.3","pmil","0","53.237","deg","23.954","°C","100.000","%a.s.","21.023","deg","23.635","°C","1019.000","hPa","0.861","-0.02617","0.00035","0","0","13.56","Humid","28.00","0","54.00","363349.75","SABD0000000001","AAV1.0.0.11","1.1.2.0","PSt7-10","170328-007","9/30/2017 19:06:43","0000-00","0","no battery","V"
"09/09/2020","09:51:21","2","default","115855972","OXY_CH2","25.778","min","184.410","µmol/L","Humid","21.100","deg","81402","µV","28.743","°C","1016.000","hPa","35.3","pmil","0","53.237","deg","23.954","°C","100.000","%a.s.","21.023","deg","23.635","°C","1019.000","hPa","0.861","-0.02617","0.00035","0","0","13.56","Humid","28.00","0","54.00","363352.04","SABD0000000001","AAV1.0.0.11","1.1.2.0","PSt7-10","170328-007","9/30/2017 19:06:43","0000-00","0","no battery","V"
"09/09/2020","09:51:22","2","default","115855972","OXY_CH2","25.794","min","184.423","µmol/L","Humid","21.101","deg","81399","µV","28.737","°C","1016.000","hPa","35.3","pmil","0","53.237","deg","23.954","°C","100.000","%a.s.","21.023","deg","23.635","°C","1019.000","hPa","0.861","-0.02617","0.00035","0","0","13.56","Humid","28.00","0","54.00","363343.22","SABD0000000001","AAV1.0.0.11","1.1.2.0","PSt7-10","170328-007","9/30/2017 19:06:43","0000-00","0","no battery","V"
"09/09/2020","09:51:23","2","default","115855972","OXY_CH2","25.811","min","184.442","µmol/L","Humid","21.099","deg","81399","µV","28.740","°C","1016.000","hPa","35.3","pmil","0","53.237","deg","23.954","°C","100.000","%a.s.","21.023","deg","23.635","°C","1019.000","hPa","0.861","-0.02617","0.00035","0","0","13.56","Humid","28.00","0","54.00","363345.36","SABD0000000001","AAV1.0.0.11","1.1.2.0","PSt7-10","170328-007","9/30/2017 19:06:43","0000-00","0","no battery","V"
"09/09/2020","09:51:24","2","default","115855972","OXY_CH2","25.827","min","184.526","µmol/L","Humid","21.097","deg","81407","µV","28.731","°C","1016.000","hPa","35.3","pmil","0","53.237","deg","23.954","°C","100.000","%a.s.","21.023","deg","23.635","°C","1019.000","hPa","0.861","-0.02617","0.00035","0","0","13.56","Humid","28.00","0","54.00","363352.25","SABD0000000001","AAV1.0.0.11","1.1.2.0","PSt7-10","170328-007","9/30/2017 19:06:43","0000-00","0","no battery","V"
"09/09/2020","09:51:25","2","default","115855972","OXY_CH2","25.844","min","184.437","µmol/L","Humid","21.100","deg","81394","µV","28.738","°C","1016.000","hPa","35.3","pmil","0","53.237","deg","23.954","°C","100.000","%a.s.","21.023","deg","23.635","°C","1019.000","hPa","0.861","-0.02617","0.00035","0","0","13.56","Humid","28.00","0","54.00","363357.56","SABD0000000001","AAV1.0.0.11","1.1.2.0","PSt7-10","170328-007","9/30/2017 19:06:43","0000-00","0","no battery","V"
"09/09/2020","09:51:26","2","default","115855972","OXY_CH2","25.861","min","184.247","µmol/L","Humid","21.104","deg","81393","µV","28.760","°C","1016.000","hPa","35.3","pmil","0","53.237","deg","23.954","°C","100.000","%a.s.","21.023","deg","23.635","°C","1019.000","hPa","0.861","-0.02617","0.00035","0","0","13.56","Humid","28.00","0","54.00","363353.18","SABD0000000001","AAV1.0.0.11","1.1.2.0","PSt7-10","170328-007","9/30/2017 19:06:43","0000-00","0","no battery","V"
"09/09/2020","09:51:27","2","default","115855972","OXY_CH2","25.877","min","184.343","µmol/L","Humid","21.099","deg","81398","µV","28.757","°C","1016.000","hPa","35.3","pmil","0","53.237","deg","23.954","°C","100.000","%a.s.","21.023","deg","23.635","°C","1019.000","hPa","0.861","-0.02617","0.00035","0","0","13.56","Humid","28.00","0","54.00","363344.03","SABD0000000001","AAV1.0.0.11","1.1.2.0","PSt7-10","170328-007","9/30/2017 19:06:43","0000-00","0","no battery","V"
"09/09/2020","09:51:28","2","default","115855972","OXY_CH2","25.894","min","184.352","µmol/L","Humid","21.099","deg","81398","µV","28.756","°C","1016.000","hPa","35.3","pmil","0","53.237","deg","23.954","°C","100.000","%a.s.","21.023","deg","23.635","°C","1019.000","hPa","0.861","-0.02617","0.00035","0","0","13.56","Humid","28.00","0","54.00","363333.94","SABD0000000001","AAV1.0.0.11","1.1.2.0","PSt7-10","170328-007","9/30/2017 19:06:43","0000-00","0","no battery","V"
"09/09/2020","09:51:29","2","default","115855972","OXY_CH2","25.911","min","184.323","µmol/L","Humid","21.103","deg","81405","µV","28.749","°C","1016.000","hPa","35.3","pmil","0","53.237","deg","23.954","°C","100.000","%a.s.","21.023","deg","23.635","°C","1019.000","hPa","0.861","-0.02617","0.00035","0","0","13.56","Humid","28.00","0","54.00","363359.60","SABD0000000001","AAV1.0.0.11","1.1.2.0","PSt7-10","170328-007","9/30/2017 19:06:43","0000-00","0","no battery","V"
"09/09/2020","09:51:30","2","default","115855972","OXY_CH2","25.927","min","184.344","µmol/L","Humid","21.103","deg","81393","µV","28.745","°C","1016.000","hPa","35.3","pmil","0","53.237","deg","23.954","°C","100.000","%a.s.","21.023","deg","23.635","°C","1019.000","hPa","0.861","-0.02617","0.00035","0","0","13.56","Humid","28.00","0","54.00","363340.39","SABD0000000001","AAV1.0.0.11","1.1.2.0","PSt7-10","170328-007","9/30/2017 19:06:43","0000-00","0","no battery","V"
"09/09/2020","09:51:31","2","default","115855972","OXY_CH2","25.944","min","184.315","µmol/L","Humid","21.100","deg","81399","µV","28.759","°C","1016.000","hPa","35.3","pmil","0","53.237","deg","23.954","°C","100.000","%a.s.","21.023","deg","23.635","°C","1019.000","hPa","0.861","-0.02617","0.00035","0","0","13.56","Humid","28.00","0","54.00","363338.04","SABD0000000001","AAV1.0.0.11","1.1.2.0","PSt7-10","170328-007","9/30/2017 19:06:43","0000-00","0","no battery","V"
"09/09/2020","09:51:32","2","default","115855972","OXY_CH2","25.960","min","184.281","µmol/L","Humid","21.103","deg","81394","µV","28.757","°C","1016.000","hPa","35.3","pmil","0","53.237","deg","23.954","°C","100.000","%a.s.","21.023","deg","23.635","°C","1019.000","hPa","0.861","-0.02617","0.00035","0","0","13.56","Humid","28.00","0","54.00","363335.77","SABD0000000001","AAV1.0.0.11","1.1.2.0","PSt7-10","170328-007","9/30/2017 19:06:43","0000-00","0","no battery","V"
"09/09/2020","09:51:33","2","default","115855972","OXY_CH2","25.977","min","184.232","µmol/L","Humid","21.108","deg","81399","µV","28.751","°C","1016.000","hPa","35.3","pmil","0","53.237","deg","23.954","°C","100.000","%a.s.","21.023","deg","23.635","°C","1019.000","hPa","0.861","-0.02617","0.00035","0","0","13.56","Humid","28.00","0","54.00","363335.60","SABD0000000001","AAV1.0.0.11","1.1.2.0","PSt7-10","170328-007","9/30/2017 19:06:43","0000-00","0","no battery","V"
"09/09/2020","09:51:34","2","default","115855972","OXY_CH2","25.994","min","184.375","µmol/L","Humid","21.102","deg","81395","µV","28.743","°C","1016.000","hPa","35.3","pmil","0","53.237","deg","23.954","°C","100.000","%a.s.","21.023","deg","23.635","°C","1019.000","hPa","0.861","-0.02617","0.00035","0","0","13.56","Humid","28.00","0","54.00","363322.69","SABD0000000001","AAV1.0.0.11","1.1.2.0","PSt7-10","170328-007","9/30/2017 19:06:43","0000-00","0","no battery","V"
"09/09/2020","09:51:35","2","default","115855972","OXY_CH2","26.010","min","184.431","µmol/L","Humid","21.100","deg","81396","µV","28.739","°C","1016.000","hPa","35.3","pmil","0","53.237","deg","23.954","°C","100.000","%a.s.","21.023","deg","23.635","°C","1019.000","hPa","0.861","-0.02617","0.00035","0","0","13.56","Humid","28.00","0","54.00","363336.87","SABD0000000001","AAV1.0.0.11","1.1.2.0","PSt7-10","170328-007","9/30/2017 19:06:43","0000-00","0","no battery","V"
"09/09/2020","09:51:36","2","default","115855972","OXY_CH2","26.027","min","184.216","µmol/L","Humid","21.105","deg","81396","µV","28.762","°C","1016.000","hPa","35.3","pmil","0","53.237","deg","23.954","°C","100.000","%a.s.","21.023","deg","23.635","°C","1019.000","hPa","0.861","-0.02617","0.00035","0","0","13.56","Humid","28.00","0","54.00","363337.60","SABD0000000001","AAV1.0.0.11","1.1.2.0","PSt7-10","170328-007","9/30/2017 19:06:43","0000-00","0","no battery","V"
"09/09/2020","09:51:37","2","default","115855972","OXY_CH2","26.044","min","184.257","µmol/L","Humid","21.100","deg","81395","µV","28.770","°C","1016.000","hPa","35.3","pmil","0","53.237","deg","23.954","°C","100.000","%a.s.","21.023","deg","23.635","°C","1019.000","hPa","0.861","-0.02617","0.00035","0","0","13.56","Humid","28.00","0","54.00","363337.11","SABD0000000001","AAV1.0.0.11","1.1.2.0","PSt7-10","170328-007","9/30/2017 19:06:43","0000-00","0","no battery","V"
"09/09/2020","09:51:38","2","default","115855972","OXY_CH2","26.060","min","184.173","µmol/L","Humid","21.105","deg","81395","µV","28.770","°C","1016.000","hPa","35.3","pmil","0","53.237","deg","23.954","°C","100.000","%a.s.","21.023","deg","23.635","°C","1019.000","hPa","0.861","-0.02617","0.00035","0","0","13.56","Humid","28.00","0","54.00","363318.75","SABD0000000001","AAV1.0.0.11","1.1.2.0","PSt7-10","170328-007","9/30/2017 19:06:43","0000-00","0","no battery","V"
"09/09/2020","09:51:39","2","default","115855972","OXY_CH2","26.077","min","184.402","µmol/L","Humid","21.097","deg","81387","µV","28.753","°C","1016.000","hPa","35.3","pmil","0","53.237","deg","23.954","°C","100.000","%a.s.","21.023","deg","23.635","°C","1019.000","hPa","0.861","-0.02617","0.00035","0","0","13.56","Humid","28.00","0","54.00","363330.24","SABD0000000001","AAV1.0.0.11","1.1.2.0","PSt7-10","170328-007","9/30/2017 19:06:43","0000-00","0","no battery","V"
"09/09/2020","09:51:40","2","default","115855972","OXY_CH2","26.094","min","184.403","µmol/L","Humid","21.099","deg","81385","µV","28.747","°C","1016.000","hPa","35.3","pmil","0","53.237","deg","23.954","°C","100.000","%a.s.","21.023","deg","23.635","°C","1019.000","hPa","0.861","-0.02617","0.00035","0","0","13.56","Humid","28.00","0","54.00","363314.93","SABD0000000001","AAV1.0.0.11","1.1.2.0","PSt7-10","170328-007","9/30/2017 19:06:43","0000-00","0","no battery","V"
"09/09/2020","09:51:41","2","default","115855972","OXY_CH2","26.111","min","184.376","µmol/L","Humid","21.098","deg","81387","µV","28.755","°C","1016.000","hPa","35.3","pmil","0","53.237","deg","23.954","°C","100.000","%a.s.","21.023","deg","23.635","°C","1019.000","hPa","0.861","-0.02617","0.00035","0","0","13.56","Humid","28.00","0","54.00","363325.46","SABD0000000001","AAV1.0.0.11","1.1.2.0","PSt7-10","170328-007","9/30/2017 19:06:43","0000-00","0","no battery","V"
"09/09/2020","09:51:42","2","default","115855972","OXY_CH2","26.127","min","184.325","µmol/L","Humid","21.102","deg","81391","µV","28.752","°C","1016.000","hPa","35.3","pmil","0","53.237","deg","23.954","°C","100.000","%a.s.","21.023","deg","23.635","°C","1019.000","hPa","0.861","-0.02617","0.00035","0","0","13.56","Humid","28.00","0","54.00","363320.43","SABD0000000001","AAV1.0.0.11","1.1.2.0","PSt7-10","170328-007","9/30/2017 19:06:43","0000-00","0","no battery","V"
"09/09/2020","09:51:43","2","default","115855972","OXY_CH2","26.144","min","184.373","µmol/L","Humid","21.101","deg","81391","µV","28.746","°C","1016.000","hPa","35.3","pmil","0","53.237","deg","23.954","°C","100.000","%a.s.","21.023","deg","23.635","°C","1019.000","hPa","0.861","-0.02617","0.00035","0","0","13.56","Humid","28.00","0","54.00","363316.99","SABD0000000001","AAV1.0.0.11","1.1.2.0","PSt7-10","170328-007","9/30/2017 19:06:43","0000-00","0","no battery","V"
"09/09/2020","09:51:44","2","default","115855972","OXY_CH2","26.161","min","184.371","µmol/L","Humid","21.099","deg","81393","µV","28.752","°C","1016.000","hPa","35.3","pmil","0","53.237","deg","23.954","°C","100.000","%a.s.","21.023","deg","23.635","°C","1019.000","hPa","0.861","-0.02617","0.00035","0","0","13.56","Humid","28.00","0","54.00","363305.21","SABD0000000001","AAV1.0.0.11","1.1.2.0","PSt7-10","170328-007","9/30/2017 19:06:43","0000-00","0","no battery","V"
"09/09/2020","09:51:45","2","default","115855972","OXY_CH2","26.177","min","184.429","µmol/L","Humid","21.095","deg","81391","µV","28.754","°C","1016.000","hPa","35.3","pmil","0","53.237","deg","23.954","°C","100.000","%a.s.","21.023","deg","23.635","°C","1019.000","hPa","0.861","-0.02617","0.00035","0","0","13.56","Humid","28.00","0","54.00","363308.87","SABD0000000001","AAV1.0.0.11","1.1.2.0","PSt7-10","170328-007","9/30/2017 19:06:43","0000-00","0","no battery","V"
"09/09/2020","09:51:46","2","default","115855972","OXY_CH2","26.194","min","184.200","µmol/L","Humid","21.101","deg","81392","µV","28.777","°C","1016.000","hPa","35.3","pmil","0","53.237","deg","23.954","°C","100.000","%a.s.","21.023","deg","23.635","°C","1019.000","hPa","0.861","-0.02617","0.00035","0","0","13.56","Humid","28.00","0","54.00","363310.72","SABD0000000001","AAV1.0.0.11","1.1.2.0","PSt7-10","170328-007","9/30/2017 19:06:43","0000-00","0","no battery","V"
"09/09/2020","09:51:47","2","default","115855972","OXY_CH2","26.211","min","184.300","µmol/L","Humid","21.096","deg","81388","µV","28.774","°C","1016.000","hPa","35.3","pmil","0","53.237","deg","23.954","°C","100.000","%a.s.","21.023","deg","23.635","°C","1019.000","hPa","0.861","-0.02617","0.00035","0","0","13.56","Humid","28.00","0","54.00","363305.92","SABD0000000001","AAV1.0.0.11","1.1.2.0","PSt7-10","170328-007","9/30/2017 19:06:43","0000-00","0","no battery","V"
"09/09/2020","09:51:48","2","default","115855972","OXY_CH2","26.228","min","184.340","µmol/L","Humid","21.101","deg","81391","µV","28.752","°C","1016.000","hPa","35.3","pmil","0","53.237","deg","23.954","°C","100.000","%a.s.","21.023","deg","23.635","°C","1019.000","hPa","0.861","-0.02617","0.00035","0","0","13.56","Humid","28.00","0","54.00","363317.05","SABD0000000001","AAV1.0.0.11","1.1.2.0","PSt7-10","170328-007","9/30/2017 19:06:43","0000-00","0","no battery","V"
"09/09/2020","09:51:49","2","default","115855972","OXY_CH2","26.244","min","184.294","µmol/L","Humid","21.102","deg","81395","µV","28.757","°C","1016.000","hPa","35.3","pmil","0","53.237","deg","23.954","°C","100.000","%a.s.","21.023","deg","23.635","°C","1019.000","hPa","0.861","-0.02617","0.00035","0","0","13.56","Humid","28.00","0","54.00","363318.51","SABD0000000001","AAV1.0.0.11","1.1.2.0","PSt7-10","170328-007","9/30/2017 19:06:43","0000-00","0","no battery","V"
"09/09/2020","09:51:50","2","default","115855972","OXY_CH2","26.261","min","184.232","µmol/L","Humid","21.102","deg","81388","µV","28.768","°C","1016.000","hPa","35.3","pmil","0","53.237","deg","23.954","°C","100.000","%a.s.","21.023","deg","23.635","°C","1019.000","hPa","0.861","-0.02617","0.00035","0","0","13.56","Humid","28.00","0","54.00","363311.26","SABD0000000001","AAV1.0.0.11","1.1.2.0","PSt7-10","170328-007","9/30/2017 19:06:43","0000-00","0","no battery","V"
"09/09/2020","09:51:51","2","default","115855972","OXY_CH2","26.277","min","184.221","µmol/L","Humid","21.100","deg","81392","µV","28.776","°C","1016.000","hPa","35.3","pmil","0","53.237","deg","23.954","°C","100.000","%a.s.","21.023","deg","23.635","°C","1019.000","hPa","0.861","-0.02617","0.00035","0","0","13.56","Humid","28.00","0","54.00","363291.81","SABD0000000001","AAV1.0.0.11","1.1.2.0","PSt7-10","170328-007","9/30/2017 19:06:43","0000-00","0","no battery","V"
"09/09/2020","09:51:52","2","default","115855972","OXY_CH2","26.294","min","184.199","µmol/L","Humid","21.101","deg","81395","µV","28.777","°C","1016.000","hPa","35.3","pmil","0","53.237","deg","23.954","°C","100.000","%a.s.","21.023","deg","23.635","°C","1019.000","hPa","0.861","-0.02617","0.00035","0","0","13.56","Humid","28.00","0","54.00","363308.53","SABD0000000001","AAV1.0.0.11","1.1.2.0","PSt7-10","170328-007","9/30/2017 19:06:43","0000-00","0","no battery","V"
"09/09/2020","09:51:53","2","default","115855972","OXY_CH2","26.311","min","184.235","µmol/L","Humid","21.104","deg","81381","µV","28.762","°C","1016.000","hPa","35.3","pmil","0","53.237","deg","23.954","°C","100.000","%a.s.","21.023","deg","23.635","°C","1019.000","hPa","0.861","-0.02617","0.00035","0","0","13.56","Humid","28.00","0","54.00","363309.74","SABD0000000001","AAV1.0.0.11","1.1.2.0","PSt7-10","170328-007","9/30/2017 19:06:43","0000-00","0","no battery","V"
"09/09/2020","09:51:54","2","default","115855972","OXY_CH2","26.328","min","184.251","µmol/L","Humid","21.102","deg","81390","µV","28.765","°C","1016.000","hPa","35.3","pmil","0","53.237","deg","23.954","°C","100.000","%a.s.","21.023","deg","23.635","°C","1019.000","hPa","0.861","-0.02617","0.00035","0","0","13.56","Humid","28.00","0","54.00","363304.75","SABD0000000001","AAV1.0.0.11","1.1.2.0","PSt7-10","170328-007","9/30/2017 19:06:43","0000-00","0","no battery","V"
"09/09/2020","09:51:55","2","default","115855972","OXY_CH2","26.344","min","184.277","µmol/L","Humid","21.102","deg","81390","µV","28.760","°C","1016.000","hPa","35.3","pmil","0","53.237","deg","23.954","°C","100.000","%a.s.","21.023","deg","23.635","°C","1019.000","hPa","0.861","-0.02617","0.00035","0","0","13.56","Humid","28.00","0","54.00","363294.73","SABD0000000001","AAV1.0.0.11","1.1.2.0","PSt7-10","170328-007","9/30/2017 19:06:43","0000-00","0","no battery","V"
"09/09/2020","09:51:56","2","default","115855972","OXY_CH2","26.361","min","184.262","µmol/L","Humid","21.102","deg","81389","µV","28.763","°C","1016.000","hPa","35.3","pmil","0","53.237","deg","23.954","°C","100.000","%a.s.","21.023","deg","23.635","°C","1019.000","hPa","0.861","-0.02617","0.00035","0","0","13.56","Humid","28.00","0","54.00","363293.18","SABD0000000001","AAV1.0.0.11","1.1.2.0","PSt7-10","170328-007","9/30/2017 19:06:43","0000-00","0","no battery","V"
"09/09/2020","09:51:57","2","default","115855972","OXY_CH2","26.377","min","184.269","µmol/L","Humid","21.100","deg","81388","µV","28.767","°C","1016.000","hPa","35.3","pmil","0","53.237","deg","23.954","°C","100.000","%a.s.","21.023","deg","23.635","°C","1019.000","hPa","0.861","-0.02617","0.00035","0","0","13.56","Humid","28.00","0","54.00","363295.26","SABD0000000001","AAV1.0.0.11","1.1.2.0","PSt7-10","170328-007","9/30/2017 19:06:43","0000-00","0","no battery","V"
"09/09/2020","09:51:58","2","default","115855972","OXY_CH2","26.394","min","184.351","µmol/L","Humid","21.097","deg","81386","µV","28.762","°C","1016.000","hPa","35.3","pmil","0","53.237","deg","23.954","°C","100.000","%a.s.","21.023","deg","23.635","°C","1019.000","hPa","0.861","-0.02617","0.00035","0","0","13.56","Humid","28.00","0","54.00","363297.81","SABD0000000001","AAV1.0.0.11","1.1.2.0","PSt7-10","170328-007","9/30/2017 19:06:43","0000-00","0","no battery","V"
"09/09/2020","09:51:59","2","default","115855972","OXY_CH2","26.411","min","184.293","µmol/L","Humid","21.099","deg","81385","µV","28.766","°C","1016.000","hPa","35.3","pmil","0","53.237","deg","23.954","°C","100.000","%a.s.","21.023","deg","23.635","°C","1019.000","hPa","0.861","-0.02617","0.00035","0","0","13.56","Humid","28.00","0","54.00","363295.31","SABD0000000001","AAV1.0.0.11","1.1.2.0","PSt7-10","170328-007","9/30/2017 19:06:43","0000-00","0","no battery","V"
"09/09/2020","09:52:00","2","default","115855972","OXY_CH2","26.428","min","184.286","µmol/L","Humid","21.102","deg","81383","µV","28.759","°C","1016.000","hPa","35.3","pmil","0","53.237","deg","23.954","°C","100.000","%a.s.","21.023","deg","23.635","°C","1019.000","hPa","0.861","-0.02617","0.00035","0","0","13.56","Humid","28.00","0","54.00","363294.38","SABD0000000001","AAV1.0.0.11","1.1.2.0","PSt7-10","170328-007","9/30/2017 19:06:43","0000-00","0","no battery","V"
"09/09/2020","09:52:01","2","default","115855972","OXY_CH2","26.444","min","184.373","µmol/L","Humid","21.100","deg","81380","µV","28.749","°C","1016.000","hPa","35.3","pmil","0","53.237","deg","23.954","°C","100.000","%a.s.","21.023","deg","23.635","°C","1019.000","hPa","0.861","-0.02617","0.00035","0","0","13.56","Humid","28.00","0","54.00","363284.04","SABD0000000001","AAV1.0.0.11","1.1.2.0","PSt7-10","170328-007","9/30/2017 19:06:43","0000-00","0","no battery","V"
"09/09/2020","09:52:02","2","default","115855972","OXY_CH2","26.461","min","184.139","µmol/L","Humid","21.104","deg","81383","µV","28.778","°C","1016.000","hPa","35.3","pmil","0","53.237","deg","23.954","°C","100.000","%a.s.","21.023","deg","23.635","°C","1019.000","hPa","0.861","-0.02617","0.00035","0","0","13.56","Humid","28.00","0","54.00","363274.38","SABD0000000001","AAV1.0.0.11","1.1.2.0","PSt7-10","170328-007","9/30/2017 19:06:43","0000-00","0","no battery","V"
"09/09/2020","09:52:03","2","default","115855972","OXY_CH2","26.477","min","184.193","µmol/L","Humid","21.102","deg","81385","µV","28.775","°C","1016.000","hPa","35.3","pmil","0","53.237","deg","23.954","°C","100.000","%a.s.","21.023","deg","23.635","°C","1019.000","hPa","0.861","-0.02617","0.00035","0","0","13.56","Humid","28.00","0","54.00","363288.07","SABD0000000001","AAV1.0.0.11","1.1.2.0","PSt7-10","170328-007","9/30/2017 19:06:43","0000-00","0","no battery","V"
"09/09/2020","09:52:04","2","default","115855972","OXY_CH2","26.494","min","184.134","µmol/L","Humid","21.103","deg","81389","µV","28.782","°C","1016.000","hPa","35.3","pmil","0","53.237","deg","23.954","°C","100.000","%a.s.","21.023","deg","23.635","°C","1019.000","hPa","0.861","-0.02617","0.00035","0","0","13.56","Humid","28.00","0","54.00","363285.13","SABD0000000001","AAV1.0.0.11","1.1.2.0","PSt7-10","170328-007","9/30/2017 19:06:43","0000-00","0","no battery","V"
"09/09/2020","09:52:05","2","default","115855972","OXY_CH2","26.511","min","184.171","µmol/L","Humid","21.102","deg","81383","µV","28.779","°C","1016.000","hPa","35.3","pmil","0","53.237","deg","23.954","°C","100.000","%a.s.","21.023","deg","23.635","°C","1019.000","hPa","0.861","-0.02617","0.00035","0","0","13.56","Humid","28.00","0","54.00","363282.88","SABD0000000001","AAV1.0.0.11","1.1.2.0","PSt7-10","170328-007","9/30/2017 19:06:43","0000-00","0","no battery","V"
"09/09/2020","09:52:06","2","default","115855972","OXY_CH2","26.527","min","184.175","µmol/L","Humid","21.102","deg","81386","µV","28.778","°C","1016.000","hPa","35.3","pmil","0","53.237","deg","23.954","°C","100.000","%a.s.","21.023","deg","23.635","°C","1019.000","hPa","0.861","-0.02617","0.00035","0","0","13.56","Humid","28.00","0","54.00","363282.51","SABD0000000001","AAV1.0.0.11","1.1.2.0","PSt7-10","170328-007","9/30/2017 19:06:43","0000-00","0","no battery","V"
"09/09/2020","09:52:07","2","default","115855972","OXY_CH2","26.544","min","184.126","µmol/L","Humid","21.103","deg","81379","µV","28.784","°C","1016.000","hPa","35.3","pmil","0","53.237","deg","23.954","°C","100.000","%a.s.","21.023","deg","23.635","°C","1019.000","hPa","0.861","-0.02617","0.00035","0","0","13.56","Humid","28.00","0","54.00","363277.79","SABD0000000001","AAV1.0.0.11","1.1.2.0","PSt7-10","170328-007","9/30/2017 19:06:43","0000-00","0","no battery","V"
"09/09/2020","09:52:08","2","default","115855972","OXY_CH2","26.561","min","184.232","µmol/L","Humid","21.100","deg","81386","µV","28.774","°C","1016.000","hPa","35.3","pmil","0","53.237","deg","23.954","°C","100.000","%a.s.","21.023","deg","23.635","°C","1019.000","hPa","0.861","-0.02617","0.00035","0","0","13.56","Humid","28.00","0","54.00","363283.63","SABD0000000001","AAV1.0.0.11","1.1.2.0","PSt7-10","170328-007","9/30/2017 19:06:43","0000-00","0","no battery","V"
"09/09/2020","09:52:09","2","default","115855972","OXY_CH2","26.577","min","184.264","µmol/L","Humid","21.100","deg","81374","µV","28.768","°C","1016.000","hPa","35.3","pmil","0","53.237","deg","23.954","°C","100.000","%a.s.","21.023","deg","23.635","°C","1019.000","hPa","0.861","-0.02617","0.00035","0","0","13.56","Humid","28.00","0","54.00","363273.27","SABD0000000001","AAV1.0.0.11","1.1.2.0","PSt7-10","170328-007","9/30/2017 19:06:43","0000-00","0","no battery","V"
"09/09/2020","09:52:10","2","default","115855972","OXY_CH2","26.594","min","184.160","µmol/L","Humid","21.098","deg","81379","µV","28.792","°C","1016.000","hPa","35.3","pmil","0","53.237","deg","23.954","°C","100.000","%a.s.","21.023","deg","23.635","°C","1019.000","hPa","0.861","-0.02617","0.00035","0","0","13.56","Humid","28.00","0","54.00","363277.22","SABD0000000001","AAV1.0.0.11","1.1.2.0","PSt7-10","170328-007","9/30/2017 19:06:43","0000-00","0","no battery","V"
"09/09/2020","09:52:11","2","default","115855972","OXY_CH2","26.610","min","184.210","µmol/L","Humid","21.097","deg","81384","µV","28.786","°C","1016.000","hPa","35.3","pmil","0","53.237","deg","23.954","°C","100.000","%a.s.","21.023","deg","23.635","°C","1019.000","hPa","0.861","-0.02617","0.00035","0","0","13.56","Humid","28.00","0","54.00","363289.93","SABD0000000001","AAV1.0.0.11","1.1.2.0","PSt7-10","170328-007","9/30/2017 19:06:43","0000-00","0","no battery","V"
"09/09/2020","09:52:12","2","default","115855972","OXY_CH2","26.627","min","184.206","µmol/L","Humid","21.101","deg","81385","µV","28.776","°C","1016.000","hPa","35.3","pmil","0","53.237","deg","23.954","°C","100.000","%a.s.","21.023","deg","23.635","°C","1019.000","hPa","0.861","-0.02617","0.00035","0","0","13.56","Humid","28.00","0","54.00","363272.17","SABD0000000001","AAV1.0.0.11","1.1.2.0","PSt7-10","170328-007","9/30/2017 19:06:43","0000-00","0","no battery","V"
"09/09/2020","09:52:13","2","default","115855972","OXY_CH2","26.644","min","184.180","µmol/L","Humid","21.102","deg","81375","µV","28.777","°C","1016.000","hPa","35.3","pmil","0","53.237","deg","23.954","°C","100.000","%a.s.","21.023","deg","23.635","°C","1019.000","hPa","0.861","-0.02617","0.00035","0","0","13.56","Humid","28.00","0","54.00","363272.90","SABD0000000001","AAV1.0.0.11","1.1.2.0","PSt7-10","170328-007","9/30/2017 19:06:43","0000-00","0","no battery","V"
"09/09/2020","09:52:14","2","default","115855972","OXY_CH2","26.660","min","184.163","µmol/L","Humid","21.102","deg","81381","µV","28.780","°C","1016.000","hPa","35.3","pmil","0","53.237","deg","23.954","°C","100.000","%a.s.","21.023","deg","23.635","°C","1019.000","hPa","0.861","-0.02617","0.00035","0","0","13.56","Humid","28.00","0","54.00","363266.85","SABD0000000001","AAV1.0.0.11","1.1.2.0","PSt7-10","170328-007","9/30/2017 19:06:43","0000-00","0","no battery","V"
"09/09/2020","09:52:15","2","default","115855972","OXY_CH2","26.677","min","184.123","µmol/L","Humid","21.105","deg","81380","µV","28.778","°C","1016.000","hPa","35.3","pmil","0","53.237","deg","23.954","°C","100.000","%a.s.","21.023","deg","23.635","°C","1019.000","hPa","0.861","-0.02617","0.00035","0","0","13.56","Humid","28.00","0","54.00","363267.68","SABD0000000001","AAV1.0.0.11","1.1.2.0","PSt7-10","170328-007","9/30/2017 19:06:43","0000-00","0","no battery","V"
"09/09/2020","09:52:16","2","default","115855972","OXY_CH2","26.694","min","184.156","µmol/L","Humid","21.102","deg","81378","µV","28.781","°C","1016.000","hPa","35.3","pmil","0","53.237","deg","23.954","°C","100.000","%a.s.","21.023","deg","23.635","°C","1019.000","hPa","0.861","-0.02617","0.00035","0","0","13.56","Humid","28.00","0","54.00","363266.74","SABD0000000001","AAV1.0.0.11","1.1.2.0","PSt7-10","170328-007","9/30/2017 19:06:43","0000-00","0","no battery","V"
"09/09/2020","09:52:17","2","default","115855972","OXY_CH2","26.711","min","184.063","µmol/L","Humid","21.104","deg","81378","µV","28.792","°C","1016.000","hPa","35.3","pmil","0","53.237","deg","23.954","°C","100.000","%a.s.","21.023","deg","23.635","°C","1019.000","hPa","0.861","-0.02617","0.00035","0","0","13.56","Humid","28.00","0","54.00","363281.04","SABD0000000001","AAV1.0.0.11","1.1.2.0","PSt7-10","170328-007","9/30/2017 19:06:43","0000-00","0","no battery","V"
"09/09/2020","09:52:18","2","default","115855972","OXY_CH2","26.728","min","184.195","µmol/L","Humid","21.099","deg","81382","µV","28.783","°C","1016.000","hPa","35.3","pmil","0","53.237","deg","23.954","°C","100.000","%a.s.","21.023","deg","23.635","°C","1019.000","hPa","0.861","-0.02617","0.00035","0","0","13.56","Humid","28.00","0","54.00","363293.83","SABD0000000001","AAV1.0.0.11","1.1.2.0","PSt7-10","170328-007","9/30/2017 19:06:43","0000-00","0","no battery","V"
"09/09/2020","09:52:19","2","default","115855972","OXY_CH2","26.744","min","184.186","µmol/L","Humid","21.104","deg","81378","µV","28.770","°C","1016.000","hPa","35.3","pmil","0","53.237","deg","23.954","°C","100.000","%a.s.","21.023","deg","23.635","°C","1019.000","hPa","0.861","-0.02617","0.00035","0","0","13.56","Humid","28.00","0","54.00","363262.71","SABD0000000001","AAV1.0.0.11","1.1.2.0","PSt7-10","170328-007","9/30/2017 19:06:43","0000-00","0","no battery","V"
"09/09/2020","09:52:20","2","default","115855972","OXY_CH2","26.761","min","184.188","µmol/L","Humid","21.100","deg","81380","µV","28.782","°C","1016.000","hPa","35.3","pmil","0","53.237","deg","23.954","°C","100.000","%a.s.","21.023","deg","23.635","°C","1019.000","hPa","0.861","-0.02617","0.00035","0","0","13.56","Humid","28.00","0","54.00","363275.90","SABD0000000001","AAV1.0.0.11","1.1.2.0","PSt7-10","170328-007","9/30/2017 19:06:43","0000-00","0","no battery","V"
"09/09/2020","09:52:21","2","default","115855972","OXY_CH2","26.777","min","184.269","µmol/L","Humid","21.098","deg","81379","µV","28.773","°C","1016.000","hPa","35.3","pmil","0","53.237","deg","23.954","°C","100.000","%a.s.","21.023","deg","23.635","°C","1019.000","hPa","0.861","-0.02617","0.00035","0","0","13.56","Humid","28.00","0","54.00","363281.03","SABD0000000001","AAV1.0.0.11","1.1.2.0","PSt7-10","170328-007","9/30/2017 19:06:43","0000-00","0","no battery","V"
"09/09/2020","09:52:22","2","default","115855972","OXY_CH2","26.794","min","184.180","µmol/L","Humid","21.100","deg","81384","µV","28.783","°C","1016.000","hPa","35.3","pmil","0","53.237","deg","23.954","°C","100.000","%a.s.","21.023","deg","23.635","°C","1019.000","hPa","0.861","-0.02617","0.00035","0","0","13.56","Humid","28.00","0","54.00","363276.71","SABD0000000001","AAV1.0.0.11","1.1.2.0","PSt7-10","170328-007","9/30/2017 19:06:43","0000-00","0","no battery","V"
"09/09/2020","09:52:23","2","default","115855972","OXY_CH2","26.810","min","184.174","µmol/L","Humid","21.103","deg","81379","µV","28.775","°C","1016.000","hPa","35.3","pmil","0","53.237","deg","23.954","°C","100.000","%a.s.","21.023","deg","23.635","°C","1019.000","hPa","0.861","-0.02617","0.00035","0","0","13.56","Humid","28.00","0","54.00","363264.36","SABD0000000001","AAV1.0.0.11","1.1.2.0","PSt7-10","170328-007","9/30/2017 19:06:43","0000-00","0","no battery","V"
"09/09/2020","09:52:24","2","default","115855972","OXY_CH2","26.827","min","184.097","µmol/L","Humid","21.104","deg","81383","µV","28.786","°C","1016.000","hPa","35.3","pmil","0","53.237","deg","23.954","°C","100.000","%a.s.","21.023","deg","23.635","°C","1019.000","hPa","0.861","-0.02617","0.00035","0","0","13.56","Humid","28.00","0","54.00","363274.89","SABD0000000001","AAV1.0.0.11","1.1.2.0","PSt7-10","170328-007","9/30/2017 19:06:43","0000-00","0","no battery","V"
"09/09/2020","09:52:25","2","default","115855972","OXY_CH2","26.844","min","184.012","µmol/L","Humid","21.101","deg","81378","µV","28.810","°C","1016.000","hPa","35.3","pmil","0","53.237","deg","23.954","°C","100.000","%a.s.","21.023","deg","23.635","°C","1019.000","hPa","0.861","-0.02617","0.00035","0","0","13.56","Humid","28.00","0","54.00","363270.67","SABD0000000001","AAV1.0.0.11","1.1.2.0","PSt7-10","170328-007","9/30/2017 19:06:43","0000-00","0","no battery","V"
"09/09/2020","09:52:26","2","default","115855972","OXY_CH2","26.861","min","184.088","µmol/L","Humid","21.102","deg","81382","µV","28.793","°C","1016.000","hPa","35.3","pmil","0","53.237","deg","23.954","°C","100.000","%a.s.","21.023","deg","23.635","°C","1019.000","hPa","0.861","-0.02617","0.00035","0","0","13.56","Humid","28.00","0","54.00","363265.65","SABD0000000001","AAV1.0.0.11","1.1.2.0","PSt7-10","170328-007","9/30/2017 19:06:43","0000-00","0","no battery","V"
"09/09/2020","09:52:27","2","default","115855972","OXY_CH2","26.878","min","184.108","µmol/L","Humid","21.101","deg","81383","µV","28.793","°C","1016.000","hPa","35.3","pmil","0","53.237","deg","23.954","°C","100.000","%a.s.","21.023","deg","23.635","°C","1019.000","hPa","0.861","-0.02617","0.00035","0","0","13.56","Humid","28.00","0","54.00","363267.58","SABD0000000001","AAV1.0.0.11","1.1.2.0","PSt7-10","170328-007","9/30/2017 19:06:43","0000-00","0","no battery","V"
"09/09/2020","09:52:28","2","default","115855972","OXY_CH2","26.894","min","184.083","µmol/L","Humid","21.101","deg","81376","µV","28.797","°C","1016.000","hPa","35.3","pmil","0","53.237","deg","23.954","°C","100.000","%a.s.","21.023","deg","23.635","°C","1019.000","hPa","0.861","-0.02617","0.00035","0","0","13.56","Humid","28.00","0","54.00","363249.56","SABD0000000001","AAV1.0.0.11","1.1.2.0","PSt7-10","170328-007","9/30/2017 19:06:43","0000-00","0","no battery","V"
"09/09/2020","09:52:29","2","default","115855972","OXY_CH2","26.911","min","184.138","µmol/L","Humid","21.098","deg","81378","µV","28.796","°C","1016.000","hPa","35.3","pmil","0","53.237","deg","23.954","°C","100.000","%a.s.","21.023","deg","23.635","°C","1019.000","hPa","0.861","-0.02617","0.00035","0","0","13.56","Humid","28.00","0","54.00","363264.12","SABD0000000001","AAV1.0.0.11","1.1.2.0","PSt7-10","170328-007","9/30/2017 19:06:43","0000-00","0","no battery","V"
"09/09/2020","09:52:30","2","default","115855972","OXY_CH2","26.927","min","184.097","µmol/L","Humid","21.103","deg","81378","µV","28.789","°C","1016.000","hPa","35.3","pmil","0","53.237","deg","23.954","°C","100.000","%a.s.","21.023","deg","23.635","°C","1019.000","hPa","0.861","-0.02617","0.00035","0","0","13.56","Humid","28.00","0","54.00","363264.96","SABD0000000001","AAV1.0.0.11","1.1.2.0","PSt7-10","170328-007","9/30/2017 19:06:43","0000-00","0","no battery","V"
"09/09/2020","09:52:31","2","default","115855972","OXY_CH2","26.944","min","184.112","µmol/L","Humid","21.103","deg","81373","µV","28.786","°C","1016.000","hPa","35.3","pmil","0","53.237","deg","23.954","°C","100.000","%a.s.","21.023","deg","23.635","°C","1019.000","hPa","0.861","-0.02617","0.00035","0","0","13.56","Humid","28.00","0","54.00","363261.95","SABD0000000001","AAV1.0.0.11","1.1.2.0","PSt7-10","170328-007","9/30/2017 19:06:43","0000-00","0","no battery","V"
"09/09/2020","09:52:32","2","default","115855972","OXY_CH2","26.961","min","184.097","µmol/L","Humid","21.100","deg","81384","µV","28.798","°C","1016.000","hPa","35.3","pmil","0","53.237","deg","23.954","°C","100.000","%a.s.","21.023","deg","23.635","°C","1019.000","hPa","0.861","-0.02617","0.00035","0","0","13.56","Humid","28.00","0","54.00","363267.55","SABD0000000001","AAV1.0.0.11","1.1.2.0","PSt7-10","170328-007","9/30/2017 19:06:43","0000-00","0","no battery","V"
"09/09/2020","09:52:33","2","default","115855972","OXY_CH2","26.977","min","184.027","µmol/L","Humid","21.101","deg","81379","µV","28.807","°C","1016.000","hPa","35.3","pmil","0","53.237","deg","23.954","°C","100.000","%a.s.","21.023","deg","23.635","°C","1019.000","hPa","0.861","-0.02617","0.00035","0","0","13.56","Humid","28.00","0","54.00","363257.52","SABD0000000001","AAV1.0.0.11","1.1.2.0","PSt7-10","170328-007","9/30/2017 19:06:43","0000-00","0","no battery","V"
"09/09/2020","09:52:34","2","default","115855972","OXY_CH2","26.994","min","184.162","µmol/L","Humid","21.095","deg","81372","µV","28.801","°C","1016.000","hPa","35.3","pmil","0","53.237","deg","23.954","°C","100.000","%a.s.","21.023","deg","23.635","°C","1019.000","hPa","0.861","-0.02617","0.00035","0","0","13.56","Humid","28.00","0","54.00","363258.43","SABD0000000001","AAV1.0.0.11","1.1.2.0","PSt7-10","170328-007","9/30/2017 19:06:43","0000-00","0","no battery","V"
"09/09/2020","09:52:35","2","default","115855972","OXY_CH2","27.011","min","184.111","µmol/L","Humid","21.099","deg","81382","µV","28.798","°C","1016.000","hPa","35.3","pmil","0","53.237","deg","23.954","°C","100.000","%a.s.","21.023","deg","23.635","°C","1019.000","hPa","0.861","-0.02617","0.00035","0","0","13.56","Humid","28.00","0","54.00","363253.14","SABD0000000001","AAV1.0.0.11","1.1.2.0","PSt7-10","170328-007","9/30/2017 19:06:43","0000-00","0","no battery","V"
"09/09/2020","09:52:36","2","default","115855972","OXY_CH2","27.027","min","184.192","µmol/L","Humid","21.097","deg","81376","µV","28.790","°C","1016.000","hPa","35.3","pmil","0","53.237","deg","23.954","°C","100.000","%a.s.","21.023","deg","23.635","°C","1019.000","hPa","0.861","-0.02617","0.00035","0","0","13.56","Humid","28.00","0","54.00","363244.97","SABD0000000001","AAV1.0.0.11","1.1.2.0","PSt7-10","170328-007","9/30/2017 19:06:43","0000-00","0","no battery","V"
"09/09/2020","09:52:37","2","default","115855972","OXY_CH2","27.044","min","184.120","µmol/L","Humid","21.100","deg","81376","µV","28.794","°C","1016.000","hPa","35.3","pmil","0","53.237","deg","23.954","°C","100.000","%a.s.","21.023","deg","23.635","°C","1019.000","hPa","0.861","-0.02617","0.00035","0","0","13.56","Humid","28.00","0","54.00","363262.49","SABD0000000001","AAV1.0.0.11","1.1.2.0","PSt7-10","170328-007","9/30/2017 19:06:43","0000-00","0","no battery","V"
"09/09/2020","09:52:38","2","default","115855972","OXY_CH2","27.060","min","184.067","µmol/L","Humid","21.103","deg","81384","µV","28.794","°C","1016.000","hPa","35.3","pmil","0","53.237","deg","23.954","°C","100.000","%a.s.","21.023","deg","23.635","°C","1019.000","hPa","0.861","-0.02617","0.00035","0","0","13.56","Humid","28.00","0","54.00","363243.66","SABD0000000001","AAV1.0.0.11","1.1.2.0","PSt7-10","170328-007","9/30/2017 19:06:43","0000-00","0","no battery","V"
"09/09/2020","09:52:39","2","default","115855972","OXY_CH2","27.078","min","184.085","µmol/L","Humid","21.102","deg","81381","µV","28.794","°C","1016.000","hPa","35.3","pmil","0","53.237","deg","23.954","°C","100.000","%a.s.","21.023","deg","23.635","°C","1019.000","hPa","0.861","-0.02617","0.00035","0","0","13.56","Humid","28.00","0","54.00","363257.57","SABD0000000001","AAV1.0.0.11","1.1.2.0","PSt7-10","170328-007","9/30/2017 19:06:43","0000-00","0","no battery","V"
"09/09/2020","09:52:40","2","default","115855972","OXY_CH2","27.094","min","184.165","µmol/L","Humid","21.098","deg","81376","µV","28.792","°C","1016.000","hPa","35.3","pmil","0","53.237","deg","23.954","°C","100.000","%a.s.","21.023","deg","23.635","°C","1019.000","hPa","0.861","-0.02617","0.00035","0","0","13.56","Humid","28.00","0","54.00","363242.45","SABD0000000001","AAV1.0.0.11","1.1.2.0","PSt7-10","170328-007","9/30/2017 19:06:43","0000-00","0","no battery","V"
"09/09/2020","09:52:41","2","default","115855972","OXY_CH2","27.111","min","184.061","µmol/L","Humid","21.102","deg","81379","µV","28.798","°C","1016.000","hPa","35.3","pmil","0","53.237","deg","23.954","°C","100.000","%a.s.","21.023","deg","23.635","°C","1019.000","hPa","0.861","-0.02617","0.00035","0","0","13.56","Humid","28.00","0","54.00","363253.40","SABD0000000001","AAV1.0.0.11","1.1.2.0","PSt7-10","170328-007","9/30/2017 19:06:43","0000-00","0","no battery","V"
"09/09/2020","09:52:42","2","default","115855972","OXY_CH2","27.128","min","184.031","µmol/L","Humid","21.101","deg","81379","µV","28.806","°C","1016.000","hPa","35.3","pmil","0","53.237","deg","23.954","°C","100.000","%a.s.","21.023","deg","23.635","°C","1019.000","hPa","0.861","-0.02617","0.00035","0","0","13.56","Humid","28.00","0","54.00","363242.17","SABD0000000001","AAV1.0.0.11","1.1.2.0","PSt7-10","170328-007","9/30/2017 19:06:43","0000-00","0","no battery","V"
"09/09/2020","09:52:43","2","default","115855972","OXY_CH2","27.144","min","183.997","µmol/L","Humid","21.099","deg","81381","µV","28.818","°C","1016.000","hPa","35.3","pmil","0","53.237","deg","23.954","°C","100.000","%a.s.","21.023","deg","23.635","°C","1019.000","hPa","0.861","-0.02617","0.00035","0","0","13.56","Humid","28.00","0","54.00","363241.32","SABD0000000001","AAV1.0.0.11","1.1.2.0","PSt7-10","170328-007","9/30/2017 19:06:43","0000-00","0","no battery","V"
"09/09/2020","09:52:44","2","default","115855972","OXY_CH2","27.161","min","183.971","µmol/L","Humid","21.102","deg","81380","µV","28.814","°C","1016.000","hPa","35.3","pmil","0","53.237","deg","23.954","°C","100.000","%a.s.","21.023","deg","23.635","°C","1019.000","hPa","0.861","-0.02617","0.00035","0","0","13.56","Humid","28.00","0","54.00","363251.59","SABD0000000001","AAV1.0.0.11","1.1.2.0","PSt7-10","170328-007","9/30/2017 19:06:43","0000-00","0","no battery","V"
"09/09/2020","09:52:45","2","default","115855972","OXY_CH2","27.178","min","184.002","µmol/L","Humid","21.101","deg","81372","µV","28.811","°C","1016.000","hPa","35.3","pmil","0","53.237","deg","23.954","°C","100.000","%a.s.","21.023","deg","23.635","°C","1019.000","hPa","0.861","-0.02617","0.00035","0","0","13.56","Humid","28.00","0","54.00","363259.58","SABD0000000001","AAV1.0.0.11","1.1.2.0","PSt7-10","170328-007","9/30/2017 19:06:43","0000-00","0","no battery","V"
"09/09/2020","09:52:46","2","default","115855972","OXY_CH2","27.194","min","184.036","µmol/L","Humid","21.104","deg","81374","µV","28.797","°C","1016.000","hPa","35.3","pmil","0","53.237","deg","23.954","°C","100.000","%a.s.","21.023","deg","23.635","°C","1019.000","hPa","0.861","-0.02617","0.00035","0","0","13.56","Humid","28.00","0","54.00","363253.07","SABD0000000001","AAV1.0.0.11","1.1.2.0","PSt7-10","170328-007","9/30/2017 19:06:43","0000-00","0","no battery","V"
"09/09/2020","09:52:47","2","default","115855972","OXY_CH2","27.210","min","183.997","µmol/L","Humid","21.100","deg","81379","µV","28.815","°C","1016.000","hPa","35.3","pmil","0","53.237","deg","23.954","°C","100.000","%a.s.","21.023","deg","23.635","°C","1019.000","hPa","0.861","-0.02617","0.00035","0","0","13.56","Humid","28.00","0","54.00","363249.82","SABD0000000001","AAV1.0.0.11","1.1.2.0","PSt7-10","170328-007","9/30/2017 19:06:43","0000-00","0","no battery","V"
"09/09/2020","09:52:48","2","default","115855972","OXY_CH2","27.227","min","184.119","µmol/L","Humid","21.100","deg","81376","µV","28.794","°C","1016.000","hPa","35.3","pmil","0","53.237","deg","23.954","°C","100.000","%a.s.","21.023","deg","23.635","°C","1019.000","hPa","0.861","-0.02617","0.00035","0","0","13.56","Humid","28.00","0","54.00","363250.01","SABD0000000001","AAV1.0.0.11","1.1.2.0","PSt7-10","170328-007","9/30/2017 19:06:43","0000-00","0","no battery","V"
"09/09/2020","09:52:49","2","default","115855972","OXY_CH2","27.244","min","184.006","µmol/L","Humid","21.101","deg","81365","µV","28.811","°C","1016.000","hPa","35.3","pmil","0","53.237","deg","23.954","°C","100.000","%a.s.","21.023","deg","23.635","°C","1019.000","hPa","0.861","-0.02617","0.00035","0","0","13.56","Humid","28.00","0","54.00","363238.80","SABD0000000001","AAV1.0.0.11","1.1.2.0","PSt7-10","170328-007","9/30/2017 19:06:43","0000-00","0","no battery","V"
"09/09/2020","09:52:50","2","default","115855972","OXY_CH2","27.260","min","184.076","µmol/L","Humid","21.102","deg","81366","µV","28.795","°C","1016.000","hPa","35.3","pmil","0","53.237","deg","23.954","°C","100.000","%a.s.","21.023","deg","23.635","°C","1019.000","hPa","0.861","-0.02617","0.00035","0","0","13.56","Humid","28.00","0","54.00","363245.41","SABD0000000001","AAV1.0.0.11","1.1.2.0","PSt7-10","170328-007","9/30/2017 19:06:43","0000-00","0","no battery","V"
"09/09/2020","09:52:51","2","default","115855972","OXY_CH2","27.277","min","184.057","µmol/L","Humid","21.103","deg","81366","µV","28.796","°C","1016.000","hPa","35.3","pmil","0","53.237","deg","23.954","°C","100.000","%a.s.","21.023","deg","23.635","°C","1019.000","hPa","0.861","-0.02617","0.00035","0","0","13.56","Humid","28.00","0","54.00","363224.86","SABD0000000001","AAV1.0.0.11","1.1.2.0","PSt7-10","170328-007","9/30/2017 19:06:43","0000-00","0","no battery","V"
"09/09/2020","09:52:52","2","default","115855972","OXY_CH2","27.294","min","183.954","µmol/L","Humid","21.101","deg","81369","µV","28.820","°C","1016.000","hPa","35.3","pmil","0","53.237","deg","23.954","°C","100.000","%a.s.","21.023","deg","23.635","°C","1019.000","hPa","0.861","-0.02617","0.00035","0","0","13.56","Humid","28.00","0","54.00","363251.43","SABD0000000001","AAV1.0.0.11","1.1.2.0","PSt7-10","170328-007","9/30/2017 19:06:43","0000-00","0","no battery","V"
"09/09/2020","09:52:53","2","default","115855972","OXY_CH2","27.311","min","184.122","µmol/L","Humid","21.094","deg","81373","µV","28.811","°C","1016.000","hPa","35.3","pmil","0","53.237","deg","23.954","°C","100.000","%a.s.","21.023","deg","23.635","°C","1019.000","hPa","0.861","-0.02617","0.00035","0","0","13.56","Humid","28.00","0","54.00","363224.53","SABD0000000001","AAV1.0.0.11","1.1.2.0","PSt7-10","170328-007","9/30/2017 19:06:43","0000-00","0","no battery","V"
"09/09/2020","09:52:54","2","default","115855972","OXY_CH2","27.328","min","184.039","µmol/L","Humid","21.101","deg","81367","µV","28.805","°C","1016.000","hPa","35.3","pmil","0","53.237","deg","23.954","°C","100.000","%a.s.","21.023","deg","23.635","°C","1019.000","hPa","0.861","-0.02617","0.00035","0","0","13.56","Humid","28.00","0","54.00","363230.93","SABD0000000001","AAV1.0.0.11","1.1.2.0","PSt7-10","170328-007","9/30/2017 19:06:43","0000-00","0","no battery","V"
"09/09/2020","09:52:55","2","default","115855972","OXY_CH2","27.344","min","184.069","µmol/L","Humid","21.099","deg","81367","µV","28.806","°C","1016.000","hPa","35.3","pmil","0","53.237","deg","23.954","°C","100.000","%a.s.","21.023","deg","23.635","°C","1019.000","hPa","0.861","-0.02617","0.00035","0","0","13.56","Humid","28.00","0","54.00","363223.78","SABD0000000001","AAV1.0.0.11","1.1.2.0","PSt7-10","170328-007","9/30/2017 19:06:43","0000-00","0","no battery","V"
"09/09/2020","09:52:56","2","default","115855972","OXY_CH2","27.361","min","183.995","µmol/L","Humid","21.102","deg","81371","µV","28.810","°C","1016.000","hPa","35.3","pmil","0","53.237","deg","23.954","°C","100.000","%a.s.","21.023","deg","23.635","°C","1019.000","hPa","0.861","-0.02617","0.00035","0","0","13.56","Humid","28.00","0","54.00","363236.85","SABD0000000001","AAV1.0.0.11","1.1.2.0","PSt7-10","170328-007","9/30/2017 19:06:43","0000-00","0","no battery","V"
"09/09/2020","09:52:57","2","default","115855972","OXY_CH2","27.378","min","184.102","µmol/L","Humid","21.101","deg","81376","µV","28.794","°C","1016.000","hPa","35.3","pmil","0","53.237","deg","23.954","°C","100.000","%a.s.","21.023","deg","23.635","°C","1019.000","hPa","0.861","-0.02617","0.00035","0","0","13.56","Humid","28.00","0","54.00","363243.47","SABD0000000001","AAV1.0.0.11","1.1.2.0","PSt7-10","170328-007","9/30/2017 19:06:43","0000-00","0","no battery","V"
"09/09/2020","09:52:58","2","default","115855972","OXY_CH2","27.394","min","184.030","µmol/L","Humid","21.100","deg","81374","µV","28.809","°C","1016.000","hPa","35.3","pmil","0","53.237","deg","23.954","°C","100.000","%a.s.","21.023","deg","23.635","°C","1019.000","hPa","0.861","-0.02617","0.00035","0","0","13.56","Humid","28.00","0","54.00","363212.62","SABD0000000001","AAV1.0.0.11","1.1.2.0","PSt7-10","170328-007","9/30/2017 19:06:43","0000-00","0","no battery","V"
"09/09/2020","09:52:59","2","default","115855972","OXY_CH2","27.411","min","184.081","µmol/L","Humid","21.100","deg","81373","µV","28.801","°C","1016.000","hPa","35.3","pmil","0","53.237","deg","23.954","°C","100.000","%a.s.","21.023","deg","23.635","°C","1019.000","hPa","0.861","-0.02617","0.00035","0","0","13.56","Humid","28.00","0","54.00","363245.03","SABD0000000001","AAV1.0.0.11","1.1.2.0","PSt7-10","170328-007","9/30/2017 19:06:43","0000-00","0","no battery","V"
"09/09/2020","09:53:00","2","default","115855972","OXY_CH2","27.428","min","184.033","µmol/L","Humid","21.101","deg","81368","µV","28.806","°C","1016.000","hPa","35.3","pmil","0","53.237","deg","23.954","°C","100.000","%a.s.","21.023","deg","23.635","°C","1019.000","hPa","0.861","-0.02617","0.00035","0","0","13.56","Humid","28.00","0","54.00","363224.75","SABD0000000001","AAV1.0.0.11","1.1.2.0","PSt7-10","170328-007","9/30/2017 19:06:43","0000-00","0","no battery","V"
"09/09/2020","09:53:01","2","default","115855972","OXY_CH2","27.444","min","184.014","µmol/L","Humid","21.098","deg","81368","µV","28.818","°C","1016.000","hPa","35.3","pmil","0","53.237","deg","23.954","°C","100.000","%a.s.","21.023","deg","23.635","°C","1019.000","hPa","0.861","-0.02617","0.00035","0","0","13.56","Humid","28.00","0","54.00","363216.97","SABD0000000001","AAV1.0.0.11","1.1.2.0","PSt7-10","170328-007","9/30/2017 19:06:43","0000-00","0","no battery","V"
"09/09/2020","09:53:02","2","default","115855972","OXY_CH2","27.461","min","183.958","µmol/L","Humid","21.103","deg","81373","µV","28.813","°C","1016.000","hPa","35.3","pmil","0","53.237","deg","23.954","°C","100.000","%a.s.","21.023","deg","23.635","°C","1019.000","hPa","0.861","-0.02617","0.00035","0","0","13.56","Humid","28.00","0","54.00","363228.72","SABD0000000001","AAV1.0.0.11","1.1.2.0","PSt7-10","170328-007","9/30/2017 19:06:43","0000-00","0","no battery","V"
"09/09/2020","09:53:03","2","default","115855972","OXY_CH2","27.478","min","183.886","µmol/L","Humid","21.101","deg","81365","µV","28.832","°C","1016.000","hPa","35.3","pmil","0","53.237","deg","23.954","°C","100.000","%a.s.","21.023","deg","23.635","°C","1019.000","hPa","0.861","-0.02617","0.00035","0","0","13.56","Humid","28.00","0","54.00","363216.33","SABD0000000001","AAV1.0.0.11","1.1.2.0","PSt7-10","170328-007","9/30/2017 19:06:43","0000-00","0","no battery","V"
"09/09/2020","09:53:04","2","default","115855972","OXY_CH2","27.494","min","183.941","µmol/L","Humid","21.100","deg","81368","µV","28.825","°C","1016.000","hPa","35.3","pmil","0","53.237","deg","23.954","°C","100.000","%a.s.","21.023","deg","23.635","°C","1019.000","hPa","0.861","-0.02617","0.00035","0","0","13.56","Humid","28.00","0","54.00","363213.29","SABD0000000001","AAV1.0.0.11","1.1.2.0","PSt7-10","170328-007","9/30/2017 19:06:43","0000-00","0","no battery","V"
"09/09/2020","09:53:05","2","default","115855972","OXY_CH2","27.511","min","183.927","µmol/L","Humid","21.101","deg","81370","µV","28.825","°C","1016.000","hPa","35.3","pmil","0","53.237","deg","23.954","°C","100.000","%a.s.","21.023","deg","23.635","°C","1019.000","hPa","0.861","-0.02617","0.00035","0","0","13.56","Humid","28.00","0","54.00","363221.28","SABD0000000001","AAV1.0.0.11","1.1.2.0","PSt7-10","170328-007","9/30/2017 19:06:43","0000-00","0","no battery","V"
"09/09/2020","09:53:06","2","default","115855972","OXY_CH2","27.528","min","184.016","µmol/L","Humid","21.098","deg","81372","µV","28.818","°C","1016.000","hPa","35.3","pmil","0","53.237","deg","23.954","°C","100.000","%a.s.","21.023","deg","23.635","°C","1019.000","hPa","0.861","-0.02617","0.00035","0","0","13.56","Humid","28.00","0","54.00","363219.30","SABD0000000001","AAV1.0.0.11","1.1.2.0","PSt7-10","170328-007","9/30/2017 19:06:43","0000-00","0","no battery","V"
"09/09/2020","09:53:07","2","default","115855972","OXY_CH2","27.544","min","183.963","µmol/L","Humid","21.100","deg","81371","µV","28.821","°C","1016.000","hPa","35.3","pmil","0","53.237","deg","23.954","°C","100.000","%a.s.","21.023","deg","23.635","°C","1019.000","hPa","0.861","-0.02617","0.00035","0","0","13.56","Humid","28.00","0","54.00","363210.91","SABD0000000001","AAV1.0.0.11","1.1.2.0","PSt7-10","170328-007","9/30/2017 19:06:43","0000-00","0","no battery","V"
"09/09/2020","09:53:08","2","default","115855972","OXY_CH2","27.561","min","183.906","µmol/L","Humid","21.101","deg","81370","µV","28.828","°C","1016.000","hPa","35.3","pmil","0","53.237","deg","23.954","°C","100.000","%a.s.","21.023","deg","23.635","°C","1019.000","hPa","0.861","-0.02617","0.00035","0","0","13.56","Humid","28.00","0","54.00","363217.02","SABD0000000001","AAV1.0.0.11","1.1.2.0","PSt7-10","170328-007","9/30/2017 19:06:43","0000-00","0","no battery","V"
"09/09/2020","09:53:09","2","default","115855972","OXY_CH2","27.577","min","183.899","µmol/L","Humid","21.108","deg","81363","µV","28.809","°C","1016.000","hPa","35.3","pmil","0","53.237","deg","23.954","°C","100.000","%a.s.","21.023","deg","23.635","°C","1019.000","hPa","0.861","-0.02617","0.00035","0","0","13.56","Humid","28.00","0","54.00","363202.30","SABD0000000001","AAV1.0.0.11","1.1.2.0","PSt7-10","170328-007","9/30/2017 19:06:43","0000-00","0","no battery","V"
"09/09/2020","09:53:10","2","default","115855972","OXY_CH2","27.594","min","183.946","µmol/L","Humid","21.103","deg","81371","µV","28.815","°C","1016.000","hPa","35.3","pmil","0","53.237","deg","23.954","°C","100.000","%a.s.","21.023","deg","23.635","°C","1019.000","hPa","0.861","-0.02617","0.00035","0","0","13.56","Humid","28.00","0","54.00","363221.86","SABD0000000001","AAV1.0.0.11","1.1.2.0","PSt7-10","170328-007","9/30/2017 19:06:43","0000-00","0","no battery","V"
"09/09/2020","09:53:11","2","default","115855972","OXY_CH2","27.611","min","183.942","µmol/L","Humid","21.101","deg","81376","µV","28.822","°C","1016.000","hPa","35.3","pmil","0","53.237","deg","23.954","°C","100.000","%a.s.","21.023","deg","23.635","°C","1019.000","hPa","0.861","-0.02617","0.00035","0","0","13.56","Humid","28.00","0","54.00","363212.01","SABD0000000001","AAV1.0.0.11","1.1.2.0","PSt7-10","170328-007","9/30/2017 19:06:43","0000-00","0","no battery","V"
"09/09/2020","09:53:12","2","default","115855972","OXY_CH2","27.627","min","183.926","µmol/L","Humid","21.102","deg","81370","µV","28.822","°C","1016.000","hPa","35.3","pmil","0","53.237","deg","23.954","°C","100.000","%a.s.","21.023","deg","23.635","°C","1019.000","hPa","0.861","-0.02617","0.00035","0","0","13.56","Humid","28.00","0","54.00","363210.30","SABD0000000001","AAV1.0.0.11","1.1.2.0","PSt7-10","170328-007","9/30/2017 19:06:43","0000-00","0","no battery","V"
"09/09/2020","09:53:13","2","default","115855972","OXY_CH2","27.644","min","183.850","µmol/L","Humid","21.105","deg","81371","µV","28.826","°C","1016.000","hPa","35.3","pmil","0","53.237","deg","23.954","°C","100.000","%a.s.","21.023","deg","23.635","°C","1019.000","hPa","0.861","-0.02617","0.00035","0","0","13.56","Humid","28.00","0","54.00","363215.48","SABD0000000001","AAV1.0.0.11","1.1.2.0","PSt7-10","170328-007","9/30/2017 19:06:43","0000-00","0","no battery","V"
"09/09/2020","09:53:14","2","default","115855972","OXY_CH2","27.661","min","183.897","µmol/L","Humid","21.103","deg","81365","µV","28.824","°C","1016.000","hPa","35.3","pmil","0","53.237","deg","23.954","°C","100.000","%a.s.","21.023","deg","23.635","°C","1019.000","hPa","0.861","-0.02617","0.00035","0","0","13.56","Humid","28.00","0","54.00","363221.05","SABD0000000001","AAV1.0.0.11","1.1.2.0","PSt7-10","170328-007","9/30/2017 19:06:43","0000-00","0","no battery","V"
"09/09/2020","09:53:15","2","default","115855972","OXY_CH2","27.678","min","183.980","µmol/L","Humid","21.101","deg","81370","µV","28.815","°C","1016.000","hPa","35.3","pmil","0","53.237","deg","23.954","°C","100.000","%a.s.","21.023","deg","23.635","°C","1019.000","hPa","0.861","-0.02617","0.00035","0","0","13.56","Humid","28.00","0","54.00","363217.43","SABD0000000001","AAV1.0.0.11","1.1.2.0","PSt7-10","170328-007","9/30/2017 19:06:43","0000-00","0","no battery","V"
"09/09/2020","09:53:16","2","default","115855972","OXY_CH2","27.694","min","184.024","µmol/L","Humid","21.098","deg","81371","µV","28.816","°C","1016.000","hPa","35.3","pmil","0","53.237","deg","23.954","°C","100.000","%a.s.","21.023","deg","23.635","°C","1019.000","hPa","0.861","-0.02617","0.00035","0","0","13.56","Humid","28.00","0","54.00","363207.75","SABD0000000001","AAV1.0.0.11","1.1.2.0","PSt7-10","170328-007","9/30/2017 19:06:43","0000-00","0","no battery","V"
"09/09/2020","09:53:17","2","default","115855972","OXY_CH2","27.711","min","183.910","µmol/L","Humid","21.102","deg","81365","µV","28.825","°C","1016.000","hPa","35.3","pmil","0","53.237","deg","23.954","°C","100.000","%a.s.","21.023","deg","23.635","°C","1019.000","hPa","0.861","-0.02617","0.00035","0","0","13.56","Humid","28.00","0","54.00","363209.24","SABD0000000001","AAV1.0.0.11","1.1.2.0","PSt7-10","170328-007","9/30/2017 19:06:43","0000-00","0","no battery","V"
"09/09/2020","09:53:18","2","default","115855972","OXY_CH2","27.727","min","184.047","µmol/L","Humid","21.099","deg","81373","µV","28.809","°C","1016.000","hPa","35.3","pmil","0","53.237","deg","23.954","°C","100.000","%a.s.","21.023","deg","23.635","°C","1019.000","hPa","0.861","-0.02617","0.00035","0","0","13.56","Humid","28.00","0","54.00","363214.28","SABD0000000001","AAV1.0.0.11","1.1.2.0","PSt7-10","170328-007","9/30/2017 19:06:43","0000-00","0","no battery","V"
"09/09/2020","09:53:19","2","default","115855972","OXY_CH2","27.744","min","184.043","µmol/L","Humid","21.102","deg","81370","µV","28.801","°C","1016.000","hPa","35.3","pmil","0","53.237","deg","23.954","°C","100.000","%a.s.","21.023","deg","23.635","°C","1019.000","hPa","0.861","-0.02617","0.00035","0","0","13.56","Humid","28.00","0","54.00","363212.02","SABD0000000001","AAV1.0.0.11","1.1.2.0","PSt7-10","170328-007","9/30/2017 19:06:43","0000-00","0","no battery","V"
"09/09/2020","09:53:20","2","default","115855972","OXY_CH2","27.760","min","183.886","µmol/L","Humid","21.106","deg","81371","µV","28.817","°C","1016.000","hPa","35.3","pmil","0","53.237","deg","23.954","°C","100.000","%a.s.","21.023","deg","23.635","°C","1019.000","hPa","0.861","-0.02617","0.00035","0","0","13.56","Humid","28.00","0","54.00","363201.63","SABD0000000001","AAV1.0.0.11","1.1.2.0","PSt7-10","170328-007","9/30/2017 19:06:43","0000-00","0","no battery","V"
"09/09/2020","09:53:21","2","default","115855972","OXY_CH2","27.777","min","183.895","µmol/L","Humid","21.099","deg","81371","µV","28.836","°C","1016.000","hPa","35.3","pmil","0","53.237","deg","23.954","°C","100.000","%a.s.","21.023","deg","23.635","°C","1019.000","hPa","0.861","-0.02617","0.00035","0","0","13.56","Humid","28.00","0","54.00","363202.82","SABD0000000001","AAV1.0.0.11","1.1.2.0","PSt7-10","170328-007","9/30/2017 19:06:43","0000-00","0","no battery","V"
"09/09/2020","09:53:22","2","default","115855972","OXY_CH2","27.794","min","183.821","µmol/L","Humid","21.101","deg","81368","µV","28.843","°C","1016.000","hPa","35.3","pmil","0","53.237","deg","23.954","°C","100.000","%a.s.","21.023","deg","23.635","°C","1019.000","hPa","0.861","-0.02617","0.00035","0","0","13.56","Humid","28.00","0","54.00","363212.01","SABD0000000001","AAV1.0.0.11","1.1.2.0","PSt7-10","170328-007","9/30/2017 19:06:43","0000-00","0","no battery","V"
"09/09/2020","09:53:23","2","default","115855972","OXY_CH2","27.811","min","183.875","µmol/L","Humid","21.103","deg","81367","µV","28.828","°C","1016.000","hPa","35.3","pmil","0","53.237","deg","23.954","°C","100.000","%a.s.","21.023","deg","23.635","°C","1019.000","hPa","0.861","-0.02617","0.00035","0","0","13.56","Humid","28.00","0","54.00","363204.92","SABD0000000001","AAV1.0.0.11","1.1.2.0","PSt7-10","170328-007","9/30/2017 19:06:43","0000-00","0","no battery","V"
"09/09/2020","09:53:24","2","default","115855972","OXY_CH2","27.827","min","183.950","µmol/L","Humid","21.099","deg","81373","µV","28.826","°C","1016.000","hPa","35.3","pmil","0","53.237","deg","23.954","°C","100.000","%a.s.","21.023","deg","23.635","°C","1019.000","hPa","0.861","-0.02617","0.00035","0","0","13.56","Humid","28.00","0","54.00","363204.14","SABD0000000001","AAV1.0.0.11","1.1.2.0","PSt7-10","170328-007","9/30/2017 19:06:43","0000-00","0","no battery","V"
"09/09/2020","09:53:25","2","default","115855972","OXY_CH2","27.844","min","183.854","µmol/L","Humid","21.101","deg","81363","µV","28.837","°C","1016.000","hPa","35.3","pmil","0","53.237","deg","23.954","°C","100.000","%a.s.","21.023","deg","23.635","°C","1019.000","hPa","0.861","-0.02617","0.00035","0","0","13.56","Humid","28.00","0","54.00","363206.53","SABD0000000001","AAV1.0.0.11","1.1.2.0","PSt7-10","170328-007","9/30/2017 19:06:43","0000-00","0","no battery","V"
"09/09/2020","09:53:26","2","default","115855972","OXY_CH2","27.861","min","183.804","µmol/L","Humid","21.102","deg","81359","µV","28.843","°C","1016.000","hPa","35.3","pmil","0","53.237","deg","23.954","°C","100.000","%a.s.","21.023","deg","23.635","°C","1019.000","hPa","0.861","-0.02617","0.00035","0","0","13.56","Humid","28.00","0","54.00","363195.35","SABD0000000001","AAV1.0.0.11","1.1.2.0","PSt7-10","170328-007","9/30/2017 19:06:43","0000-00","0","no battery","V"
"09/09/2020","09:53:27","2","default","115855972","OXY_CH2","27.877","min","183.832","µmol/L","Humid","21.100","deg","81365","µV","28.844","°C","1016.000","hPa","35.3","pmil","0","53.237","deg","23.954","°C","100.000","%a.s.","21.023","deg","23.635","°C","1019.000","hPa","0.861","-0.02617","0.00035","0","0","13.56","Humid","28.00","0","54.00","363192.60","SABD0000000001","AAV1.0.0.11","1.1.2.0","PSt7-10","170328-007","9/30/2017 19:06:43","0000-00","0","no battery","V"
"09/09/2020","09:53:28","2","default","115855972","OXY_CH2","27.894","min","183.814","µmol/L","Humid","21.105","deg","81368","µV","28.833","°C","1016.000","hPa","35.3","pmil","0","53.237","deg","23.954","°C","100.000","%a.s.","21.023","deg","23.635","°C","1019.000","hPa","0.861","-0.02617","0.00035","0","0","13.56","Humid","28.00","0","54.00","363184.02","SABD0000000001","AAV1.0.0.11","1.1.2.0","PSt7-10","170328-007","9/30/2017 19:06:43","0000-00","0","no battery","V"
"09/09/2020","09:53:29","2","default","115855972","OXY_CH2","27.911","min","183.908","µmol/L","Humid","21.101","deg","81370","µV","28.828","°C","1016.000","hPa","35.3","pmil","0","53.237","deg","23.954","°C","100.000","%a.s.","21.023","deg","23.635","°C","1019.000","hPa","0.861","-0.02617","0.00035","0","0","13.56","Humid","28.00","0","54.00","363183.91","SABD0000000001","AAV1.0.0.11","1.1.2.0","PSt7-10","170328-007","9/30/2017 19:06:43","0000-00","0","no battery","V"
"09/09/2020","09:53:30","2","default","115855972","OXY_CH2","27.927","min","183.847","µmol/L","Humid","21.103","deg","81366","µV","28.833","°C","1016.000","hPa","35.3","pmil","0","53.237","deg","23.954","°C","100.000","%a.s.","21.023","deg","23.635","°C","1019.000","hPa","0.861","-0.02617","0.00035","0","0","13.56","Humid","28.00","0","54.00","363183.76","SABD0000000001","AAV1.0.0.11","1.1.2.0","PSt7-10","170328-007","9/30/2017 19:06:43","0000-00","0","no battery","V"
"09/09/2020","09:53:31","2","default","115855972","OXY_CH2","27.944","min","183.797","µmol/L","Humid","21.101","deg","81361","µV","28.847","°C","1016.000","hPa","35.3","pmil","0","53.237","deg","23.954","°C","100.000","%a.s.","21.023","deg","23.635","°C","1019.000","hPa","0.861","-0.02617","0.00035","0","0","13.56","Humid","28.00","0","54.00","363181.00","SABD0000000001","AAV1.0.0.11","1.1.2.0","PSt7-10","170328-007","9/30/2017 19:06:43","0000-00","0","no battery","V"
"09/09/2020","09:53:32","2","default","115855972","OXY_CH2","27.961","min","183.778","µmol/L","Humid","21.103","deg","81370","µV","28.845","°C","1016.000","hPa","35.3","pmil","0","53.237","deg","23.954","°C","100.000","%a.s.","21.023","deg","23.635","°C","1019.000","hPa","0.861","-0.02617","0.00035","0","0","13.56","Humid","28.00","0","54.00","363194.09","SABD0000000001","AAV1.0.0.11","1.1.2.0","PSt7-10","170328-007","9/30/2017 19:06:43","0000-00","0","no battery","V"
"09/09/2020","09:53:33","2","default","115855972","OXY_CH2","27.977","min","183.932","µmol/L","Humid","21.098","deg","81363","µV","28.832","°C","1016.000","hPa","35.3","pmil","0","53.237","deg","23.954","°C","100.000","%a.s.","21.023","deg","23.635","°C","1019.000","hPa","0.861","-0.02617","0.00035","0","0","13.56","Humid","28.00","0","54.00","363179.67","SABD0000000001","AAV1.0.0.11","1.1.2.0","PSt7-10","170328-007","9/30/2017 19:06:43","0000-00","0","no battery","V"
"09/09/2020","09:53:34","2","default","115855972","OXY_CH2","27.994","min","183.851","µmol/L","Humid","21.101","deg","81370","µV","28.838","°C","1016.000","hPa","35.3","pmil","0","53.237","deg","23.954","°C","100.000","%a.s.","21.023","deg","23.635","°C","1019.000","hPa","0.861","-0.02617","0.00035","0","0","13.56","Humid","28.00","0","54.00","363187.54","SABD0000000001","AAV1.0.0.11","1.1.2.0","PSt7-10","170328-007","9/30/2017 19:06:43","0000-00","0","no battery","V"
"09/09/2020","09:53:35","2","default","115855972","OXY_CH2","28.011","min","183.884","µmol/L","Humid","21.103","deg","81362","µV","28.826","°C","1016.000","hPa","35.3","pmil","0","53.237","deg","23.954","°C","100.000","%a.s.","21.023","deg","23.635","°C","1019.000","hPa","0.861","-0.02617","0.00035","0","0","13.56","Humid","28.00","0","54.00","363185.35","SABD0000000001","AAV1.0.0.11","1.1.2.0","PSt7-10","170328-007","9/30/2017 19:06:43","0000-00","0","no battery","V"
"09/09/2020","09:53:36","2","default","115855972","OXY_CH2","28.027","min","183.977","µmol/L","Humid","21.099","deg","81362","µV","28.822","°C","1016.000","hPa","35.3","pmil","0","53.237","deg","23.954","°C","100.000","%a.s.","21.023","deg","23.635","°C","1019.000","hPa","0.861","-0.02617","0.00035","0","0","13.56","Humid","28.00","0","54.00","363177.67","SABD0000000001","AAV1.0.0.11","1.1.2.0","PSt7-10","170328-007","9/30/2017 19:06:43","0000-00","0","no battery","V"
"09/09/2020","09:53:37","2","default","115855972","OXY_CH2","28.044","min","183.933","µmol/L","Humid","21.096","deg","81364","µV","28.838","°C","1016.000","hPa","35.3","pmil","0","53.237","deg","23.954","°C","100.000","%a.s.","21.023","deg","23.635","°C","1019.000","hPa","0.861","-0.02617","0.00035","0","0","13.56","Humid","28.00","0","54.00","363183.14","SABD0000000001","AAV1.0.0.11","1.1.2.0","PSt7-10","170328-007","9/30/2017 19:06:43","0000-00","0","no battery","V"
"09/09/2020","09:53:38","2","default","115855972","OXY_CH2","28.060","min","183.970","µmol/L","Humid","21.098","deg","81357","µV","28.826","°C","1016.000","hPa","35.3","pmil","0","53.237","deg","23.954","°C","100.000","%a.s.","21.023","deg","23.635","°C","1019.000","hPa","0.861","-0.02617","0.00035","0","0","13.56","Humid","28.00","0","54.00","363175.29","SABD0000000001","AAV1.0.0.11","1.1.2.0","PSt7-10","170328-007","9/30/2017 19:06:43","0000-00","0","no battery","V"
"09/09/2020","09:53:39","2","default","115855972","OXY_CH2","28.077","min","183.813","µmol/L","Humid","21.100","deg","81359","µV","28.847","°C","1016.000","hPa","35.3","pmil","0","53.237","deg","23.954","°C","100.000","%a.s.","21.023","deg","23.635","°C","1019.000","hPa","0.861","-0.02617","0.00035","0","0","13.56","Humid","28.00","0","54.00","363171.05","SABD0000000001","AAV1.0.0.11","1.1.2.0","PSt7-10","170328-007","9/30/2017 19:06:43","0000-00","0","no battery","V"
"09/09/2020","09:53:40","2","default","115855972","OXY_CH2","28.094","min","183.813","µmol/L","Humid","21.102","deg","81361","µV","28.842","°C","1016.000","hPa","35.3","pmil","0","53.237","deg","23.954","°C","100.000","%a.s.","21.023","deg","23.635","°C","1019.000","hPa","0.861","-0.02617","0.00035","0","0","13.56","Humid","28.00","0","54.00","363167.43","SABD0000000001","AAV1.0.0.11","1.1.2.0","PSt7-10","170328-007","9/30/2017 19:06:43","0000-00","0","no battery","V"
"09/09/2020","09:53:41","2","default","115855972","OXY_CH2","28.111","min","183.792","µmol/L","Humid","21.103","deg","81359","µV","28.842","°C","1016.000","hPa","35.3","pmil","0","53.237","deg","23.954","°C","100.000","%a.s.","21.023","deg","23.635","°C","1019.000","hPa","0.861","-0.02617","0.00035","0","0","13.56","Humid","28.00","0","54.00","363165.77","SABD0000000001","AAV1.0.0.11","1.1.2.0","PSt7-10","170328-007","9/30/2017 19:06:43","0000-00","0","no battery","V"
"09/09/2020","09:53:42","2","default","115855972","OXY_CH2","28.127","min","183.849","µmol/L","Humid","21.098","deg","81362","µV","28.847","°C","1016.000","hPa","35.3","pmil","0","53.237","deg","23.954","°C","100.000","%a.s.","21.023","deg","23.635","°C","1019.000","hPa","0.861","-0.02617","0.00035","0","0","13.56","Humid","28.00","0","54.00","363157.82","SABD0000000001","AAV1.0.0.11","1.1.2.0","PSt7-10","170328-007","9/30/2017 19:06:43","0000-00","0","no battery","V"
"09/09/2020","09:53:43","2","default","115855972","OXY_CH2","28.144","min","183.947","µmol/L","Humid","21.096","deg","81363","µV","28.836","°C","1016.000","hPa","35.3","pmil","0","53.237","deg","23.954","°C","100.000","%a.s.","21.023","deg","23.635","°C","1019.000","hPa","0.861","-0.02617","0.00035","0","0","13.56","Humid","28.00","0","54.00","363171.44","SABD0000000001","AAV1.0.0.11","1.1.2.0","PSt7-10","170328-007","9/30/2017 19:06:43","0000-00","0","no battery","V"
"09/09/2020","09:53:44","2","default","115855972","OXY_CH2","28.161","min","183.767","µmol/L","Humid","21.104","deg","81360","µV","28.844","°C","1016.000","hPa","35.3","pmil","0","53.237","deg","23.954","°C","100.000","%a.s.","21.023","deg","23.635","°C","1019.000","hPa","0.861","-0.02617","0.00035","0","0","13.56","Humid","28.00","0","54.00","363172.49","SABD0000000001","AAV1.0.0.11","1.1.2.0","PSt7-10","170328-007","9/30/2017 19:06:43","0000-00","0","no battery","V"
"09/09/2020","09:53:45","2","default","115855972","OXY_CH2","28.177","min","183.834","µmol/L","Humid","21.099","deg","81356","µV","28.847","°C","1016.000","hPa","35.3","pmil","0","53.237","deg","23.954","°C","100.000","%a.s.","21.023","deg","23.635","°C","1019.000","hPa","0.861","-0.02617","0.00035","0","0","13.56","Humid","28.00","0","54.00","363166.64","SABD0000000001","AAV1.0.0.11","1.1.2.0","PSt7-10","170328-007","9/30/2017 19:06:43","0000-00","0","no battery","V"
"09/09/2020","09:53:46","2","default","115855972","OXY_CH2","28.194","min","183.830","µmol/L","Humid","21.098","deg","81359","µV","28.850","°C","1016.000","hPa","35.3","pmil","0","53.237","deg","23.954","°C","100.000","%a.s.","21.023","deg","23.635","°C","1019.000","hPa","0.861","-0.02617","0.00035","0","0","13.56","Humid","28.00","0","54.00","363159.38","SABD0000000001","AAV1.0.0.11","1.1.2.0","PSt7-10","170328-007","9/30/2017 19:06:43","0000-00","0","no battery","V"
"09/09/2020","09:53:47","2","default","115855972","OXY_CH2","28.211","min","183.789","µmol/L","Humid","21.099","deg","81367","µV","28.855","°C","1016.000","hPa","35.3","pmil","0","53.237","deg","23.954","°C","100.000","%a.s.","21.023","deg","23.635","°C","1019.000","hPa","0.861","-0.02617","0.00035","0","0","13.56","Humid","28.00","0","54.00","363165.35","SABD0000000001","AAV1.0.0.11","1.1.2.0","PSt7-10","170328-007","9/30/2017 19:06:43","0000-00","0","no battery","V"
"09/09/2020","09:53:48","2","default","115855972","OXY_CH2","28.227","min","183.851","µmol/L","Humid","21.100","deg","81361","µV","28.841","°C","1016.000","hPa","35.3","pmil","0","53.237","deg","23.954","°C","100.000","%a.s.","21.023","deg","23.635","°C","1019.000","hPa","0.861","-0.02617","0.00035","0","0","13.56","Humid","28.00","0","54.00","363157.30","SABD0000000001","AAV1.0.0.11","1.1.2.0","PSt7-10","170328-007","9/30/2017 19:06:43","0000-00","0","no battery","V"
"09/09/2020","09:53:49","2","default","115855972","OXY_CH2","28.244","min","183.789","µmol/L","Humid","21.101","deg","81354","µV","28.849","°C","1016.000","hPa","35.3","pmil","0","53.237","deg","23.954","°C","100.000","%a.s.","21.023","deg","23.635","°C","1019.000","hPa","0.861","-0.02617","0.00035","0","0","13.56","Humid","28.00","0","54.00","363149.75","SABD0000000001","AAV1.0.0.11","1.1.2.0","PSt7-10","170328-007","9/30/2017 19:06:43","0000-00","0","no battery","V"
"09/09/2020","09:53:50","2","default","115855972","OXY_CH2","28.261","min","183.772","µmol/L","Humid","21.101","deg","81353","µV","28.852","°C","1016.000","hPa","35.3","pmil","0","53.237","deg","23.954","°C","100.000","%a.s.","21.023","deg","23.635","°C","1019.000","hPa","0.861","-0.02617","0.00035","0","0","13.56","Humid","28.00","0","54.00","363154.15","SABD0000000001","AAV1.0.0.11","1.1.2.0","PSt7-10","170328-007","9/30/2017 19:06:43","0000-00","0","no battery","V"
"09/09/2020","09:53:51","2","default","115855972","OXY_CH2","28.277","min","183.836","µmol/L","Humid","21.100","deg","81362","µV","28.843","°C","1016.000","hPa","35.3","pmil","0","53.237","deg","23.954","°C","100.000","%a.s.","21.023","deg","23.635","°C","1019.000","hPa","0.861","-0.02617","0.00035","0","0","13.56","Humid","28.00","0","54.00","363149.47","SABD0000000001","AAV1.0.0.11","1.1.2.0","PSt7-10","170328-007","9/30/2017 19:06:43","0000-00","0","no battery","V"
"09/09/2020","09:53:52","2","default","115855972","OXY_CH2","28.294","min","183.831","µmol/L","Humid","21.102","deg","81359","µV","28.839","°C","1016.000","hPa","35.3","pmil","0","53.237","deg","23.954","°C","100.000","%a.s.","21.023","deg","23.635","°C","1019.000","hPa","0.861","-0.02617","0.00035","0","0","13.56","Humid","28.00","0","54.00","363169.76","SABD0000000001","AAV1.0.0.11","1.1.2.0","PSt7-10","170328-007","9/30/2017 19:06:43","0000-00","0","no battery","V"
"09/09/2020","09:53:53","2","default","115855972","OXY_CH2","28.310","min","183.774","µmol/L","Humid","21.102","deg","81357","µV","28.848","°C","1016.000","hPa","35.3","pmil","0","53.237","deg","23.954","°C","100.000","%a.s.","21.023","deg","23.635","°C","1019.000","hPa","0.861","-0.02617","0.00035","0","0","13.56","Humid","28.00","0","54.00","363161.17","SABD0000000001","AAV1.0.0.11","1.1.2.0","PSt7-10","170328-007","9/30/2017 19:06:43","0000-00","0","no battery","V"
"09/09/2020","09:53:54","2","default","115855972","OXY_CH2","28.327","min","183.883","µmol/L","Humid","21.100","deg","81358","µV","28.835","°C","1016.000","hPa","35.3","pmil","0","53.237","deg","23.954","°C","100.000","%a.s.","21.023","deg","23.635","°C","1019.000","hPa","0.861","-0.02617","0.00035","0","0","13.56","Humid","28.00","0","54.00","363144.57","SABD0000000001","AAV1.0.0.11","1.1.2.0","PSt7-10","170328-007","9/30/2017 19:06:43","0000-00","0","no battery","V"
"09/09/2020","09:53:55","2","default","115855972","OXY_CH2","28.344","min","183.909","µmol/L","Humid","21.096","deg","81358","µV","28.842","°C","1016.000","hPa","35.3","pmil","0","53.237","deg","23.954","°C","100.000","%a.s.","21.023","deg","23.635","°C","1019.000","hPa","0.861","-0.02617","0.00035","0","0","13.56","Humid","28.00","0","54.00","363149.47","SABD0000000001","AAV1.0.0.11","1.1.2.0","PSt7-10","170328-007","9/30/2017 19:06:43","0000-00","0","no battery","V"
"09/09/2020","09:53:56","2","default","115855972","OXY_CH2","28.361","min","183.901","µmol/L","Humid","21.097","deg","81359","µV","28.841","°C","1016.000","hPa","35.3","pmil","0","53.237","deg","23.954","°C","100.000","%a.s.","21.023","deg","23.635","°C","1019.000","hPa","0.861","-0.02617","0.00035","0","0","13.56","Humid","28.00","0","54.00","363169.99","SABD0000000001","AAV1.0.0.11","1.1.2.0","PSt7-10","170328-007","9/30/2017 19:06:43","0000-00","0","no battery","V"
"09/09/2020","09:53:57","2","default","115855972","OXY_CH2","28.377","min","183.843","µmol/L","Humid","21.100","deg","81353","µV","28.842","°C","1016.000","hPa","35.3","pmil","0","53.237","deg","23.954","°C","100.000","%a.s.","21.023","deg","23.635","°C","1019.000","hPa","0.861","-0.02617","0.00035","0","0","13.56","Humid","28.00","0","54.00","363159.98","SABD0000000001","AAV1.0.0.11","1.1.2.0","PSt7-10","170328-007","9/30/2017 19:06:43","0000-00","0","no battery","V"
"09/09/2020","09:53:58","2","default","115855972","OXY_CH2","28.394","min","183.839","µmol/L","Humid","21.100","deg","81359","µV","28.843","°C","1016.000","hPa","35.3","pmil","0","53.237","deg","23.954","°C","100.000","%a.s.","21.023","deg","23.635","°C","1019.000","hPa","0.861","-0.02617","0.00035","0","0","13.56","Humid","28.00","0","54.00","363159.54","SABD0000000001","AAV1.0.0.11","1.1.2.0","PSt7-10","170328-007","9/30/2017 19:06:43","0000-00","0","no battery","V"
"09/09/2020","09:53:59","2","default","115855972","OXY_CH2","28.411","min","183.791","µmol/L","Humid","21.098","deg","81355","µV","28.857","°C","1016.000","hPa","35.3","pmil","0","53.237","deg","23.954","°C","100.000","%a.s.","21.023","deg","23.635","°C","1019.000","hPa","0.861","-0.02617","0.00035","0","0","13.56","Humid","28.00","0","54.00","363154.74","SABD0000000001","AAV1.0.0.11","1.1.2.0","PSt7-10","170328-007","9/30/2017 19:06:43","0000-00","0","no battery","V"
"09/09/2020","09:54:00","2","default","115855972","OXY_CH2","28.428","min","183.707","µmol/L","Humid","21.098","deg","81362","µV","28.872","°C","1016.000","hPa","35.3","pmil","0","53.237","deg","23.954","°C","100.000","%a.s.","21.023","deg","23.635","°C","1019.000","hPa","0.861","-0.02617","0.00035","0","0","13.56","Humid","28.00","0","54.00","363168.56","SABD0000000001","AAV1.0.0.11","1.1.2.0","PSt7-10","170328-007","9/30/2017 19:06:43","0000-00","0","no battery","V"
"09/09/2020","09:54:01","2","default","115855972","OXY_CH2","28.444","min","183.820","µmol/L","Humid","21.099","deg","81355","µV","28.849","°C","1016.000","hPa","35.3","pmil","0","53.237","deg","23.954","°C","100.000","%a.s.","21.023","deg","23.635","°C","1019.000","hPa","0.861","-0.02617","0.00035","0","0","13.56","Humid","28.00","0","54.00","363155.84","SABD0000000001","AAV1.0.0.11","1.1.2.0","PSt7-10","170328-007","9/30/2017 19:06:43","0000-00","0","no battery","V"
"09/09/2020","09:54:02","2","default","115855972","OXY_CH2","28.461","min","183.792","µmol/L","Humid","21.097","deg","81361","µV","28.860","°C","1016.000","hPa","35.3","pmil","0","53.237","deg","23.954","°C","100.000","%a.s.","21.023","deg","23.635","°C","1019.000","hPa","0.861","-0.02617","0.00035","0","0","13.56","Humid","28.00","0","54.00","363140.39","SABD0000000001","AAV1.0.0.11","1.1.2.0","PSt7-10","170328-007","9/30/2017 19:06:43","0000-00","0","no battery","V"
"09/09/2020","09:54:03","2","default","115855972","OXY_CH2","28.478","min","183.734","µmol/L","Humid","21.098","deg","81352","µV","28.867","°C","1016.000","hPa","35.3","pmil","0","53.237","deg","23.954","°C","100.000","%a.s.","21.023","deg","23.635","°C","1019.000","hPa","0.861","-0.02617","0.00035","0","0","13.56","Humid","28.00","0","54.00","363156.74","SABD0000000001","AAV1.0.0.11","1.1.2.0","PSt7-10","170328-007","9/30/2017 19:06:43","0000-00","0","no battery","V"
"09/09/2020","09:54:04","2","default","115855972","OXY_CH2","28.494","min","183.593","µmol/L","Humid","21.106","deg","81350","µV","28.869","°C","1016.000","hPa","35.3","pmil","0","53.237","deg","23.954","°C","100.000","%a.s.","21.023","deg","23.635","°C","1019.000","hPa","0.861","-0.02617","0.00035","0","0","13.56","Humid","28.00","0","54.00","363127.02","SABD0000000001","AAV1.0.0.11","1.1.2.0","PSt7-10","170328-007","9/30/2017 19:06:43","0000-00","0","no battery","V"
"09/09/2020","09:54:05","2","default","115855972","OXY_CH2","28.511","min","183.743","µmol/L","Humid","21.100","deg","81352","µV","28.860","°C","1016.000","hPa","35.3","pmil","0","53.237","deg","23.954","°C","100.000","%a.s.","21.023","deg","23.635","°C","1019.000","hPa","0.861","-0.02617","0.00035","0","0","13.56","Humid","28.00","0","54.00","363144.87","SABD0000000001","AAV1.0.0.11","1.1.2.0","PSt7-10","170328-007","9/30/2017 19:06:43","0000-00","0","no battery","V"
"09/09/2020","09:54:06","2","default","115855972","OXY_CH2","28.528","min","183.846","µmol/L","Humid","21.098","deg","81357","µV","28.848","°C","1016.000","hPa","35.3","pmil","0","53.237","deg","23.954","°C","100.000","%a.s.","21.023","deg","23.635","°C","1019.000","hPa","0.861","-0.02617","0.00035","0","0","13.56","Humid","28.00","0","54.00","363142.70","SABD0000000001","AAV1.0.0.11","1.1.2.0","PSt7-10","170328-007","9/30/2017 19:06:43","0000-00","0","no battery","V"
"09/09/2020","09:54:07","2","default","115855972","OXY_CH2","28.544","min","183.716","µmol/L","Humid","21.098","deg","81347","µV","28.870","°C","1016.000","hPa","35.3","pmil","0","53.237","deg","23.954","°C","100.000","%a.s.","21.023","deg","23.635","°C","1019.000","hPa","0.861","-0.02617","0.00035","0","0","13.56","Humid","28.00","0","54.00","363136.47","SABD0000000001","AAV1.0.0.11","1.1.2.0","PSt7-10","170328-007","9/30/2017 19:06:43","0000-00","0","no battery","V"
"09/09/2020","09:54:08","2","default","115855972","OXY_CH2","28.560","min","183.797","µmol/L","Humid","21.097","deg","81357","µV","28.859","°C","1016.000","hPa","35.3","pmil","0","53.237","deg","23.954","°C","100.000","%a.s.","21.023","deg","23.635","°C","1019.000","hPa","0.861","-0.02617","0.00035","0","0","13.56","Humid","28.00","0","54.00","363142.31","SABD0000000001","AAV1.0.0.11","1.1.2.0","PSt7-10","170328-007","9/30/2017 19:06:43","0000-00","0","no battery","V"
"09/09/2020","09:54:09","2","default","115855972","OXY_CH2","28.577","min","183.715","µmol/L","Humid","21.101","deg","81357","µV","28.862","°C","1016.000","hPa","35.3","pmil","0","53.237","deg","23.954","°C","100.000","%a.s.","21.023","deg","23.635","°C","1019.000","hPa","0.861","-0.02617","0.00035","0","0","13.56","Humid","28.00","0","54.00","363139.56","SABD0000000001","AAV1.0.0.11","1.1.2.0","PSt7-10","170328-007","9/30/2017 19:06:43","0000-00","0","no battery","V"
"09/09/2020","09:54:10","2","default","115855972","OXY_CH2","28.594","min","183.841","µmol/L","Humid","21.094","deg","81354","µV","28.860","°C","1016.000","hPa","35.3","pmil","0","53.237","deg","23.954","°C","100.000","%a.s.","21.023","deg","23.635","°C","1019.000","hPa","0.861","-0.02617","0.00035","0","0","13.56","Humid","28.00","0","54.00","363131.47","SABD0000000001","AAV1.0.0.11","1.1.2.0","PSt7-10","170328-007","9/30/2017 19:06:43","0000-00","0","no battery","V"
"09/09/2020","09:54:11","2","default","115855972","OXY_CH2","28.611","min","183.828","µmol/L","Humid","21.096","deg","81353","µV","28.857","°C","1016.000","hPa","35.3","pmil","0","53.237","deg","23.954","°C","100.000","%a.s.","21.023","deg","23.635","°C","1019.000","hPa","0.861","-0.02617","0.00035","0","0","13.56","Humid","28.00","0","54.00","363136.37","SABD0000000001","AAV1.0.0.11","1.1.2.0","PSt7-10","170328-007","9/30/2017 19:06:43","0000-00","0","no battery","V"
"09/09/2020","09:54:12","2","default","115855972","OXY_CH2","28.627","min","183.766","µmol/L","Humid","21.100","deg","81353","µV","28.856","°C","1016.000","hPa","35.3","pmil","0","53.237","deg","23.954","°C","100.000","%a.s.","21.023","deg","23.635","°C","1019.000","hPa","0.861","-0.02617","0.00035","0","0","13.56","Humid","28.00","0","54.00","363137.64","SABD0000000001","AAV1.0.0.11","1.1.2.0","PSt7-10","170328-007","9/30/2017 19:06:43","0000-00","0","no battery","V"
"09/09/2020","09:54:13","2","default","115855972","OXY_CH2","28.644","min","183.798","µmol/L","Humid","21.098","deg","81355","µV","28.856","°C","1016.000","hPa","35.3","pmil","0","53.237","deg","23.954","°C","100.000","%a.s.","21.023","deg","23.635","°C","1019.000","hPa","0.861","-0.02617","0.00035","0","0","13.56","Humid","28.00","0","54.00","363153.05","SABD0000000001","AAV1.0.0.11","1.1.2.0","PSt7-10","170328-007","9/30/2017 19:06:43","0000-00","0","no battery","V"
"09/09/2020","09:54:14","2","default","115855972","OXY_CH2","28.660","min","183.767","µmol/L","Humid","21.099","deg","81349","µV","28.858","°C","1016.000","hPa","35.3","pmil","0","53.237","deg","23.954","°C","100.000","%a.s.","21.023","deg","23.635","°C","1019.000","hPa","0.861","-0.02617","0.00035","0","0","13.56","Humid","28.00","0","54.00","363130.05","SABD0000000001","AAV1.0.0.11","1.1.2.0","PSt7-10","170328-007","9/30/2017 19:06:43","0000-00","0","no battery","V"
"09/09/2020","09:54:15","2","default","115855972","OXY_CH2","28.677","min","183.708","µmol/L","Humid","21.102","deg","81351","µV","28.860","°C","1016.000","hPa","35.3","pmil","0","53.237","deg","23.954","°C","100.000","%a.s.","21.023","deg","23.635","°C","1019.000","hPa","0.861","-0.02617","0.00035","0","0","13.56","Humid","28.00","0","54.00","363142.96","SABD0000000001","AAV1.0.0.11","1.1.2.0","PSt7-10","170328-007","9/30/2017 19:06:43","0000-00","0","no battery","V"
"09/09/2020","09:54:16","2","default","115855972","OXY_CH2","28.694","min","183.773","µmol/L","Humid","21.102","deg","81354","µV","28.849","°C","1016.000","hPa","35.3","pmil","0","53.237","deg","23.954","°C","100.000","%a.s.","21.023","deg","23.635","°C","1019.000","hPa","0.861","-0.02617","0.00035","0","0","13.56","Humid","28.00","0","54.00","363133.13","SABD0000000001","AAV1.0.0.11","1.1.2.0","PSt7-10","170328-007","9/30/2017 19:06:43","0000-00","0","no battery","V"
"09/09/2020","09:54:17","2","default","115855972","OXY_CH2","28.710","min","183.687","µmol/L","Humid","21.103","deg","81352","µV","28.861","°C","1016.000","hPa","35.3","pmil","0","53.237","deg","23.954","°C","100.000","%a.s.","21.023","deg","23.635","°C","1019.000","hPa","0.861","-0.02617","0.00035","0","0","13.56","Humid","28.00","0","54.00","363125.60","SABD0000000001","AAV1.0.0.11","1.1.2.0","PSt7-10","170328-007","9/30/2017 19:06:43","0000-00","0","no battery","V"
"09/09/2020","09:54:18","2","default","115855972","OXY_CH2","28.727","min","183.617","µmol/L","Humid","21.099","deg","81354","µV","28.885","°C","1016.000","hPa","35.3","pmil","0","53.237","deg","23.954","°C","100.000","%a.s.","21.023","deg","23.635","°C","1019.000","hPa","0.861","-0.02617","0.00035","0","0","13.56","Humid","28.00","0","54.00","363134.54","SABD0000000001","AAV1.0.0.11","1.1.2.0","PSt7-10","170328-007","9/30/2017 19:06:43","0000-00","0","no battery","V"
"09/09/2020","09:54:19","2","default","115855972","OXY_CH2","28.744","min","183.644","µmol/L","Humid","21.100","deg","81350","µV","28.877","°C","1016.000","hPa","35.3","pmil","0","53.237","deg","23.954","°C","100.000","%a.s.","21.023","deg","23.635","°C","1019.000","hPa","0.861","-0.02617","0.00035","0","0","13.56","Humid","28.00","0","54.00","363122.50","SABD0000000001","AAV1.0.0.11","1.1.2.0","PSt7-10","170328-007","9/30/2017 19:06:43","0000-00","0","no battery","V"
"09/09/2020","09:54:20","2","default","115855972","OXY_CH2","28.761","min","183.716","µmol/L","Humid","21.096","deg","81358","µV","28.876","°C","1016.000","hPa","35.3","pmil","0","53.237","deg","23.954","°C","100.000","%a.s.","21.023","deg","23.635","°C","1019.000","hPa","0.861","-0.02617","0.00035","0","0","13.56","Humid","28.00","0","54.00","363146.74","SABD0000000001","AAV1.0.0.11","1.1.2.0","PSt7-10","170328-007","9/30/2017 19:06:43","0000-00","0","no battery","V"
"09/09/2020","09:54:21","2","default","115855972","OXY_CH2","28.777","min","183.660","µmol/L","Humid","21.102","deg","81356","µV","28.869","°C","1016.000","hPa","35.3","pmil","0","53.237","deg","23.954","°C","100.000","%a.s.","21.023","deg","23.635","°C","1019.000","hPa","0.861","-0.02617","0.00035","0","0","13.56","Humid","28.00","0","54.00","363129.87","SABD0000000001","AAV1.0.0.11","1.1.2.0","PSt7-10","170328-007","9/30/2017 19:06:43","0000-00","0","no battery","V"
"09/09/2020","09:54:22","2","default","115855972","OXY_CH2","28.794","min","183.702","µmol/L","Humid","21.097","deg","81350","µV","28.876","°C","1016.000","hPa","35.3","pmil","0","53.237","deg","23.954","°C","100.000","%a.s.","21.023","deg","23.635","°C","1019.000","hPa","0.861","-0.02617","0.00035","0","0","13.56","Humid","28.00","0","54.00","363125.62","SABD0000000001","AAV1.0.0.11","1.1.2.0","PSt7-10","170328-007","9/30/2017 19:06:43","0000-00","0","no battery","V"
"09/09/2020","09:54:23","2","default","115855972","OXY_CH2","28.811","min","183.620","µmol/L","Humid","21.104","deg","81346","µV","28.870","°C","1016.000","hPa","35.3","pmil","0","53.237","deg","23.954","°C","100.000","%a.s.","21.023","deg","23.635","°C","1019.000","hPa","0.861","-0.02617","0.00035","0","0","13.56","Humid","28.00","0","54.00","363121.68","SABD0000000001","AAV1.0.0.11","1.1.2.0","PSt7-10","170328-007","9/30/2017 19:06:43","0000-00","0","no battery","V"
"09/09/2020","09:54:24","2","default","115855972","OXY_CH2","28.827","min","183.646","µmol/L","Humid","21.104","deg","81349","µV","28.865","°C","1016.000","hPa","35.3","pmil","0","53.237","deg","23.954","°C","100.000","%a.s.","21.023","deg","23.635","°C","1019.000","hPa","0.861","-0.02617","0.00035","0","0","13.56","Humid","28.00","0","54.00","363123.35","SABD0000000001","AAV1.0.0.11","1.1.2.0","PSt7-10","170328-007","9/30/2017 19:06:43","0000-00","0","no battery","V"
"09/09/2020","09:54:25","2","default","115855972","OXY_CH2","28.844","min","183.749","µmol/L","Humid","21.101","deg","81354","µV","28.856","°C","1016.000","hPa","35.3","pmil","0","53.237","deg","23.954","°C","100.000","%a.s.","21.023","deg","23.635","°C","1019.000","hPa","0.861","-0.02617","0.00035","0","0","13.56","Humid","28.00","0","54.00","363118.02","SABD0000000001","AAV1.0.0.11","1.1.2.0","PSt7-10","170328-007","9/30/2017 19:06:43","0000-00","0","no battery","V"
"09/09/2020","09:54:26","2","default","115855972","OXY_CH2","28.861","min","183.765","µmol/L","Humid","21.100","deg","81355","µV","28.856","°C","1016.000","hPa","35.3","pmil","0","53.237","deg","23.954","°C","100.000","%a.s.","21.023","deg","23.635","°C","1019.000","hPa","0.861","-0.02617","0.00035","0","0","13.56","Humid","28.00","0","54.00","363129.04","SABD0000000001","AAV1.0.0.11","1.1.2.0","PSt7-10","170328-007","9/30/2017 19:06:43","0000-00","0","no battery","V"
"09/09/2020","09:54:27","2","default","115855972","OXY_CH2","28.878","min","183.631","µmol/L","Humid","21.104","deg","81351","µV","28.868","°C","1016.000","hPa","35.3","pmil","0","53.237","deg","23.954","°C","100.000","%a.s.","21.023","deg","23.635","°C","1019.000","hPa","0.861","-0.02617","0.00035","0","0","13.56","Humid","28.00","0","54.00","363118.78","SABD0000000001","AAV1.0.0.11","1.1.2.0","PSt7-10","170328-007","9/30/2017 19:06:43","0000-00","0","no battery","V"
"09/09/2020","09:54:28","2","default","115855972","OXY_CH2","28.894","min","183.553","µmol/L","Humid","21.100","deg","81353","µV","28.893","°C","1016.000","hPa","35.3","pmil","0","53.237","deg","23.954","°C","100.000","%a.s.","21.023","deg","23.635","°C","1019.000","hPa","0.861","-0.02617","0.00035","0","0","13.56","Humid","28.00","0","54.00","363120.06","SABD0000000001","AAV1.0.0.11","1.1.2.0","PSt7-10","170328-007","9/30/2017 19:06:43","0000-00","0","no battery","V"
"09/09/2020","09:54:29","2","default","115855972","OXY_CH2","28.911","min","183.630","µmol/L","Humid","21.099","deg","81358","µV","28.883","°C","1016.000","hPa","35.3","pmil","0","53.237","deg","23.954","°C","100.000","%a.s.","21.023","deg","23.635","°C","1019.000","hPa","0.861","-0.02617","0.00035","0","0","13.56","Humid","28.00","0","54.00","363111.26","SABD0000000001","AAV1.0.0.11","1.1.2.0","PSt7-10","170328-007","9/30/2017 19:06:43","0000-00","0","no battery","V"
"09/09/2020","09:54:30","2","default","115855972","OXY_CH2","28.927","min","183.736","µmol/L","Humid","21.099","deg","81354","µV","28.864","°C","1016.000","hPa","35.3","pmil","0","53.237","deg","23.954","°C","100.000","%a.s.","21.023","deg","23.635","°C","1019.000","hPa","0.861","-0.02617","0.00035","0","0","13.56","Humid","28.00","0","54.00","363119.35","SABD0000000001","AAV1.0.0.11","1.1.2.0","PSt7-10","170328-007","9/30/2017 19:06:43","0000-00","0","no battery","V"
"09/09/2020","09:54:31","2","default","115855972","OXY_CH2","28.944","min","183.682","µmol/L","Humid","21.099","deg","81355","µV","28.874","°C","1016.000","hPa","35.3","pmil","0","53.237","deg","23.954","°C","100.000","%a.s.","21.023","deg","23.635","°C","1019.000","hPa","0.861","-0.02617","0.00035","0","0","13.56","Humid","28.00","0","54.00","363136.35","SABD0000000001","AAV1.0.0.11","1.1.2.0","PSt7-10","170328-007","9/30/2017 19:06:43","0000-00","0","no battery","V"
"09/09/2020","09:54:32","2","default","115855972","OXY_CH2","28.961","min","183.749","µmol/L","Humid","21.098","deg","81354","µV","28.865","°C","1016.000","hPa","35.3","pmil","0","53.237","deg","23.954","°C","100.000","%a.s.","21.023","deg","23.635","°C","1019.000","hPa","0.861","-0.02617","0.00035","0","0","13.56","Humid","28.00","0","54.00","363125.02","SABD0000000001","AAV1.0.0.11","1.1.2.0","PSt7-10","170328-007","9/30/2017 19:06:43","0000-00","0","no battery","V"
"09/09/2020","09:54:33","2","default","115855972","OXY_CH2","28.977","min","183.668","µmol/L","Humid","21.102","deg","81347","µV","28.867","°C","1016.000","hPa","35.3","pmil","0","53.237","deg","23.954","°C","100.000","%a.s.","21.023","deg","23.635","°C","1019.000","hPa","0.861","-0.02617","0.00035","0","0","13.56","Humid","28.00","0","54.00","363105.08","SABD0000000001","AAV1.0.0.11","1.1.2.0","PSt7-10","170328-007","9/30/2017 19:06:43","0000-00","0","no battery","V"
"09/09/2020","09:54:34","2","default","115855972","OXY_CH2","28.994","min","183.775","µmol/L","Humid","21.097","deg","81347","µV","28.863","°C","1016.000","hPa","35.3","pmil","0","53.237","deg","23.954","°C","100.000","%a.s.","21.023","deg","23.635","°C","1019.000","hPa","0.861","-0.02617","0.00035","0","0","13.56","Humid","28.00","0","54.00","363107.04","SABD0000000001","AAV1.0.0.11","1.1.2.0","PSt7-10","170328-007","9/30/2017 19:06:43","0000-00","0","no battery","V"
"09/09/2020","09:54:35","2","default","115855972","OXY_CH2","29.011","min","183.845","µmol/L","Humid","21.093","deg","81345","µV","28.862","°C","1016.000","hPa","35.3","pmil","0","53.237","deg","23.954","°C","100.000","%a.s.","21.023","deg","23.635","°C","1019.000","hPa","0.861","-0.02617","0.00035","0","0","13.56","Humid","28.00","0","54.00","363098.17","SABD0000000001","AAV1.0.0.11","1.1.2.0","PSt7-10","170328-007","9/30/2017 19:06:43","0000-00","0","no battery","V"
"09/09/2020","09:54:36","2","default","115855972","OXY_CH2","29.027","min","183.629","µmol/L","Humid","21.099","deg","81351","µV","28.883","°C","1016.000","hPa","35.3","pmil","0","53.237","deg","23.954","°C","100.000","%a.s.","21.023","deg","23.635","°C","1019.000","hPa","0.861","-0.02617","0.00035","0","0","13.56","Humid","28.00","0","54.00","363108.69","SABD0000000001","AAV1.0.0.11","1.1.2.0","PSt7-10","170328-007","9/30/2017 19:06:43","0000-00","0","no battery","V"
"09/09/2020","09:54:37","2","default","115855972","OXY_CH2","29.044","min","183.582","µmol/L","Humid","21.100","deg","81346","µV","28.888","°C","1016.000","hPa","35.3","pmil","0","53.237","deg","23.954","°C","100.000","%a.s.","21.023","deg","23.635","°C","1019.000","hPa","0.861","-0.02617","0.00035","0","0","13.56","Humid","28.00","0","54.00","363100.37","SABD0000000001","AAV1.0.0.11","1.1.2.0","PSt7-10","170328-007","9/30/2017 19:06:43","0000-00","0","no battery","V"
"09/09/2020","09:54:38","2","default","115855972","OXY_CH2","29.060","min","183.638","µmol/L","Humid","21.099","deg","81344","µV","28.881","°C","1016.000","hPa","35.3","pmil","0","53.237","deg","23.954","°C","100.000","%a.s.","21.023","deg","23.635","°C","1019.000","hPa","0.861","-0.02617","0.00035","0","0","13.56","Humid","28.00","0","54.00","363103.53","SABD0000000001","AAV1.0.0.11","1.1.2.0","PSt7-10","170328-007","9/30/2017 19:06:43","0000-00","0","no battery","V"
"09/09/2020","09:54:39","2","default","115855972","OXY_CH2","29.077","min","183.666","µmol/L","Humid","21.098","deg","81348","µV","28.879","°C","1016.000","hPa","35.3","pmil","0","53.237","deg","23.954","°C","100.000","%a.s.","21.023","deg","23.635","°C","1019.000","hPa","0.861","-0.02617","0.00035","0","0","13.56","Humid","28.00","0","54.00","363110.90","SABD0000000001","AAV1.0.0.11","1.1.2.0","PSt7-10","170328-007","9/30/2017 19:06:43","0000-00","0","no battery","V"
"09/09/2020","09:54:40","2","default","115855972","OXY_CH2","29.094","min","183.622","µmol/L","Humid","21.100","deg","81341","µV","28.881","°C","1016.000","hPa","35.3","pmil","0","53.237","deg","23.954","°C","100.000","%a.s.","21.023","deg","23.635","°C","1019.000","hPa","0.861","-0.02617","0.00035","0","0","13.56","Humid","28.00","0","54.00","363104.36","SABD0000000001","AAV1.0.0.11","1.1.2.0","PSt7-10","170328-007","9/30/2017 19:06:43","0000-00","0","no battery","V"
"09/09/2020","09:54:41","2","default","115855972","OXY_CH2","29.111","min","183.600","µmol/L","Humid","21.100","deg","81345","µV","28.885","°C","1016.000","hPa","35.3","pmil","0","53.237","deg","23.954","°C","100.000","%a.s.","21.023","deg","23.635","°C","1019.000","hPa","0.861","-0.02617","0.00035","0","0","13.56","Humid","28.00","0","54.00","363086.03","SABD0000000001","AAV1.0.0.11","1.1.2.0","PSt7-10","170328-007","9/30/2017 19:06:43","0000-00","0","no battery","V"
"09/09/2020","09:54:42","2","default","115855972","OXY_CH2","29.127","min","183.654","µmol/L","Humid","21.098","deg","81347","µV","28.881","°C","1016.000","hPa","35.3","pmil","0","53.237","deg","23.954","°C","100.000","%a.s.","21.023","deg","23.635","°C","1019.000","hPa","0.861","-0.02617","0.00035","0","0","13.56","Humid","28.00","0","54.00","363104.24","SABD0000000001","AAV1.0.0.11","1.1.2.0","PSt7-10","170328-007","9/30/2017 19:06:43","0000-00","0","no battery","V"
"09/09/2020","09:54:43","2","default","115855972","OXY_CH2","29.144","min","183.618","µmol/L","Humid","21.101","deg","81353","µV","28.879","°C","1016.000","hPa","35.3","pmil","0","53.237","deg","23.954","°C","100.000","%a.s.","21.023","deg","23.635","°C","1019.000","hPa","0.861","-0.02617","0.00035","0","0","13.56","Humid","28.00","0","54.00","363101.35","SABD0000000001","AAV1.0.0.11","1.1.2.0","PSt7-10","170328-007","9/30/2017 19:06:43","0000-00","0","no battery","V"
"09/09/2020","09:54:44","2","default","115855972","OXY_CH2","29.160","min","183.611","µmol/L","Humid","21.101","deg","81347","µV","28.880","°C","1016.000","hPa","35.3","pmil","0","53.237","deg","23.954","°C","100.000","%a.s.","21.023","deg","23.635","°C","1019.000","hPa","0.861","-0.02617","0.00035","0","0","13.56","Humid","28.00","0","54.00","363088.26","SABD0000000001","AAV1.0.0.11","1.1.2.0","PSt7-10","170328-007","9/30/2017 19:06:43","0000-00","0","no battery","V"
"09/09/2020","09:54:45","2","default","115855972","OXY_CH2","29.178","min","183.476","µmol/L","Humid","21.105","deg","81346","µV","28.892","°C","1016.000","hPa","35.3","pmil","0","53.237","deg","23.954","°C","100.000","%a.s.","21.023","deg","23.635","°C","1019.000","hPa","0.861","-0.02617","0.00035","0","0","13.56","Humid","28.00","0","54.00","363100.96","SABD0000000001","AAV1.0.0.11","1.1.2.0","PSt7-10","170328-007","9/30/2017 19:06:43","0000-00","0","no battery","V"
"09/09/2020","09:54:46","2","default","115855972","OXY_CH2","29.194","min","183.661","µmol/L","Humid","21.098","deg","81346","µV","28.880","°C","1016.000","hPa","35.3","pmil","0","53.237","deg","23.954","°C","100.000","%a.s.","21.023","deg","23.635","°C","1019.000","hPa","0.861","-0.02617","0.00035","0","0","13.56","Humid","28.00","0","54.00","363100.96","SABD0000000001","AAV1.0.0.11","1.1.2.0","PSt7-10","170328-007","9/30/2017 19:06:43","0000-00","0","no battery","V"
"09/09/2020","09:54:47","2","default","115855972","OXY_CH2","29.211","min","183.582","µmol/L","Humid","21.101","deg","81349","µV","28.885","°C","1016.000","hPa","35.3","pmil","0","53.237","deg","23.954","°C","100.000","%a.s.","21.023","deg","23.635","°C","1019.000","hPa","0.861","-0.02617","0.00035","0","0","13.56","Humid","28.00","0","54.00","363105.27","SABD0000000001","AAV1.0.0.11","1.1.2.0","PSt7-10","170328-007","9/30/2017 19:06:43","0000-00","0","no battery","V"
"09/09/2020","09:54:48","2","default","115855972","OXY_CH2","29.227","min","183.541","µmol/L","Humid","21.104","deg","81353","µV","28.884","°C","1016.000","hPa","35.3","pmil","0","53.237","deg","23.954","°C","100.000","%a.s.","21.023","deg","23.635","°C","1019.000","hPa","0.861","-0.02617","0.00035","0","0","13.56","Humid","28.00","0","54.00","363106.41","SABD0000000001","AAV1.0.0.11","1.1.2.0","PSt7-10","170328-007","9/30/2017 19:06:43","0000-00","0","no battery","V"
"09/09/2020","09:54:49","2","default","115855972","OXY_CH2","29.244","min","183.598","µmol/L","Humid","21.100","deg","81350","µV","28.885","°C","1016.000","hPa","35.3","pmil","0","53.237","deg","23.954","°C","100.000","%a.s.","21.023","deg","23.635","°C","1019.000","hPa","0.861","-0.02617","0.00035","0","0","13.56","Humid","28.00","0","54.00","363099.73","SABD0000000001","AAV1.0.0.11","1.1.2.0","PSt7-10","170328-007","9/30/2017 19:06:43","0000-00","0","no battery","V"
"09/09/2020","09:54:50","2","default","115855972","OXY_CH2","29.261","min","183.600","µmol/L","Humid","21.101","deg","81346","µV","28.882","°C","1016.000","hPa","35.3","pmil","0","53.237","deg","23.954","°C","100.000","%a.s.","21.023","deg","23.635","°C","1019.000","hPa","0.861","-0.02617","0.00035","0","0","13.56","Humid","28.00","0","54.00","363090.75","SABD0000000001","AAV1.0.0.11","1.1.2.0","PSt7-10","170328-007","9/30/2017 19:06:43","0000-00","0","no battery","V"
"09/09/2020","09:54:51","2","default","115855972","OXY_CH2","29.278","min","183.652","µmol/L","Humid","21.101","deg","81343","µV","28.873","°C","1016.000","hPa","35.3","pmil","0","53.237","deg","23.954","°C","100.000","%a.s.","21.023","deg","23.635","°C","1019.000","hPa","0.861","-0.02617","0.00035","0","0","13.56","Humid","28.00","0","54.00","363092.59","SABD0000000001","AAV1.0.0.11","1.1.2.0","PSt7-10","170328-007","9/30/2017 19:06:43","0000-00","0","no battery","V"
"09/09/2020","09:54:52","2","default","115855972","OXY_CH2","29.294","min","183.590","µmol/L","Humid","21.102","deg","81344","µV","28.881","°C","1016.000","hPa","35.3","pmil","0","53.237","deg","23.954","°C","100.000","%a.s.","21.023","deg","23.635","°C","1019.000","hPa","0.861","-0.02617","0.00035","0","0","13.56","Humid","28.00","0","54.00","363094.74","SABD0000000001","AAV1.0.0.11","1.1.2.0","PSt7-10","170328-007","9/30/2017 19:06:43","0000-00","0","no battery","V"
"09/09/2020","09:54:53","2","default","115855972","OXY_CH2","29.311","min","183.659","µmol/L","Humid","21.099","deg","81350","µV","28.877","°C","1016.000","hPa","35.3","pmil","0","53.237","deg","23.954","°C","100.000","%a.s.","21.023","deg","23.635","°C","1019.000","hPa","0.861","-0.02617","0.00035","0","0","13.56","Humid","28.00","0","54.00","363101.23","SABD0000000001","AAV1.0.0.11","1.1.2.0","PSt7-10","170328-007","9/30/2017 19:06:43","0000-00","0","no battery","V"
"09/09/2020","09:54:54","2","default","115855972","OXY_CH2","29.328","min","183.649","µmol/L","Humid","21.099","deg","81347","µV","28.879","°C","1016.000","hPa","35.3","pmil","0","53.237","deg","23.954","°C","100.000","%a.s.","21.023","deg","23.635","°C","1019.000","hPa","0.861","-0.02617","0.00035","0","0","13.56","Humid","28.00","0","54.00","363077.58","SABD0000000001","AAV1.0.0.11","1.1.2.0","PSt7-10","170328-007","9/30/2017 19:06:43","0000-00","0","no battery","V"
"09/09/2020","09:54:55","2","default","115855972","OXY_CH2","29.344","min","183.547","µmol/L","Humid","21.102","deg","81347","µV","28.888","°C","1016.000","hPa","35.3","pmil","0","53.237","deg","23.954","°C","100.000","%a.s.","21.023","deg","23.635","°C","1019.000","hPa","0.861","-0.02617","0.00035","0","0","13.56","Humid","28.00","0","54.00","363085.44","SABD0000000001","AAV1.0.0.11","1.1.2.0","PSt7-10","170328-007","9/30/2017 19:06:43","0000-00","0","no battery","V"
"09/09/2020","09:54:56","2","default","115855972","OXY_CH2","29.361","min","183.467","µmol/L","Humid","21.098","deg","81348","µV","28.914","°C","1016.000","hPa","35.3","pmil","0","53.237","deg","23.954","°C","100.000","%a.s.","21.023","deg","23.635","°C","1019.000","hPa","0.861","-0.02617","0.00035","0","0","13.56","Humid","28.00","0","54.00","363095.70","SABD0000000001","AAV1.0.0.11","1.1.2.0","PSt7-10","170328-007","9/30/2017 19:06:43","0000-00","0","no battery","V"
"09/09/2020","09:54:57","2","default","115855972","OXY_CH2","29.378","min","183.422","µmol/L","Humid","21.103","deg","81348","µV","28.907","°C","1016.000","hPa","35.3","pmil","0","53.237","deg","23.954","°C","100.000","%a.s.","21.023","deg","23.635","°C","1019.000","hPa","0.861","-0.02617","0.00035","0","0","13.56","Humid","28.00","0","54.00","363083.16","SABD0000000001","AAV1.0.0.11","1.1.2.0","PSt7-10","170328-007","9/30/2017 19:06:43","0000-00","0","no battery","V"
"09/09/2020","09:54:58","2","default","115855972","OXY_CH2","29.394","min","183.547","µmol/L","Humid","21.101","deg","81340","µV","28.891","°C","1016.000","hPa","35.3","pmil","0","53.237","deg","23.954","°C","100.000","%a.s.","21.023","deg","23.635","°C","1019.000","hPa","0.861","-0.02617","0.00035","0","0","13.56","Humid","28.00","0","54.00","363079.09","SABD0000000001","AAV1.0.0.11","1.1.2.0","PSt7-10","170328-007","9/30/2017 19:06:43","0000-00","0","no battery","V"
"09/09/2020","09:54:59","2","default","115855972","OXY_CH2","29.411","min","183.493","µmol/L","Humid","21.100","deg","81347","µV","28.904","°C","1016.000","hPa","35.3","pmil","0","53.237","deg","23.954","°C","100.000","%a.s.","21.023","deg","23.635","°C","1019.000","hPa","0.861","-0.02617","0.00035","0","0","13.56","Humid","28.00","0","54.00","363080.11","SABD0000000001","AAV1.0.0.11","1.1.2.0","PSt7-10","170328-007","9/30/2017 19:06:43","0000-00","0","no battery","V"
"09/09/2020","09:55:00","2","default","115855972","OXY_CH2","29.428","min","183.521","µmol/L","Humid","21.098","deg","81346","µV","28.905","°C","1016.000","hPa","35.3","pmil","0","53.237","deg","23.954","°C","100.000","%a.s.","21.023","deg","23.635","°C","1019.000","hPa","0.861","-0.02617","0.00035","0","0","13.56","Humid","28.00","0","54.00","363086.72","SABD0000000001","AAV1.0.0.11","1.1.2.0","PSt7-10","170328-007","9/30/2017 19:06:43","0000-00","0","no battery","V"
"09/09/2020","09:55:01","2","default","115855972","OXY_CH2","29.444","min","183.592","µmol/L","Humid","21.098","deg","81343","µV","28.892","°C","1016.000","hPa","35.3","pmil","0","53.237","deg","23.954","°C","100.000","%a.s.","21.023","deg","23.635","°C","1019.000","hPa","0.861","-0.02617","0.00035","0","0","13.56","Humid","28.00","0","54.00","363055.74","SABD0000000001","AAV1.0.0.11","1.1.2.0","PSt7-10","170328-007","9/30/2017 19:06:43","0000-00","0","no battery","V"
"09/09/2020","09:55:02","2","default","115855972","OXY_CH2","29.461","min","183.456","µmol/L","Humid","21.097","deg","81344","µV","28.919","°C","1016.000","hPa","35.3","pmil","0","53.237","deg","23.954","°C","100.000","%a.s.","21.023","deg","23.635","°C","1019.000","hPa","0.861","-0.02617","0.00035","0","0","13.56","Humid","28.00","0","54.00","363071.36","SABD0000000001","AAV1.0.0.11","1.1.2.0","PSt7-10","170328-007","9/30/2017 19:06:43","0000-00","0","no battery","V"
"09/09/2020","09:55:03","2","default","115855972","OXY_CH2","29.477","min","183.623","µmol/L","Humid","21.094","deg","81337","µV","28.899","°C","1016.000","hPa","35.3","pmil","0","53.237","deg","23.954","°C","100.000","%a.s.","21.023","deg","23.635","°C","1019.000","hPa","0.861","-0.02617","0.00035","0","0","13.56","Humid","28.00","0","54.00","363069.64","SABD0000000001","AAV1.0.0.11","1.1.2.0","PSt7-10","170328-007","9/30/2017 19:06:43","0000-00","0","no battery","V"
"09/09/2020","09:55:04","2","default","115855972","OXY_CH2","29.494","min","183.522","µmol/L","Humid","21.099","deg","81341","µV","28.902","°C","1016.000","hPa","35.3","pmil","0","53.237","deg","23.954","°C","100.000","%a.s.","21.023","deg","23.635","°C","1019.000","hPa","0.861","-0.02617","0.00035","0","0","13.56","Humid","28.00","0","54.00","363064.60","SABD0000000001","AAV1.0.0.11","1.1.2.0","PSt7-10","170328-007","9/30/2017 19:06:43","0000-00","0","no battery","V"
"09/09/2020","09:55:05","2","default","115855972","OXY_CH2","29.511","min","183.490","µmol/L","Humid","21.099","deg","81342","µV","28.907","°C","1016.000","hPa","35.3","pmil","0","53.237","deg","23.954","°C","100.000","%a.s.","21.023","deg","23.635","°C","1019.000","hPa","0.861","-0.02617","0.00035","0","0","13.56","Humid","28.00","0","54.00","363067.81","SABD0000000001","AAV1.0.0.11","1.1.2.0","PSt7-10","170328-007","9/30/2017 19:06:43","0000-00","0","no battery","V"
"09/09/2020","09:55:06","2","default","115855972","OXY_CH2","29.528","min","183.570","µmol/L","Humid","21.098","deg","81336","µV","28.896","°C","1016.000","hPa","35.3","pmil","0","53.237","deg","23.954","°C","100.000","%a.s.","21.023","deg","23.635","°C","1019.000","hPa","0.861","-0.02617","0.00035","0","0","13.56","Humid","28.00","0","54.00","363069.52","SABD0000000001","AAV1.0.0.11","1.1.2.0","PSt7-10","170328-007","9/30/2017 19:06:43","0000-00","0","no battery","V"
"09/09/2020","09:55:07","2","default","115855972","OXY_CH2","29.544","min","183.510","µmol/L","Humid","21.099","deg","81347","µV","28.904","°C","1016.000","hPa","35.3","pmil","0","53.237","deg","23.954","°C","100.000","%a.s.","21.023","deg","23.635","°C","1019.000","hPa","0.861","-0.02617","0.00035","0","0","13.56","Humid","28.00","0","54.00","363060.92","SABD0000000001","AAV1.0.0.11","1.1.2.0","PSt7-10","170328-007","9/30/2017 19:06:43","0000-00","0","no battery","V"
"09/09/2020","09:55:08","2","default","115855972","OXY_CH2","29.561","min","183.601","µmol/L","Humid","21.100","deg","81337","µV","28.885","°C","1016.000","hPa","35.3","pmil","0","53.237","deg","23.954","°C","100.000","%a.s.","21.023","deg","23.635","°C","1019.000","hPa","0.861","-0.02617","0.00035","0","0","13.56","Humid","28.00","0","54.00","363079.30","SABD0000000001","AAV1.0.0.11","1.1.2.0","PSt7-10","170328-007","9/30/2017 19:06:43","0000-00","0","no battery","V"
"09/09/2020","09:55:09","2","default","115855972","OXY_CH2","29.577","min","183.485","µmol/L","Humid","21.100","deg","81336","µV","28.905","°C","1016.000","hPa","35.3","pmil","0","53.237","deg","23.954","°C","100.000","%a.s.","21.023","deg","23.635","°C","1019.000","hPa","0.861","-0.02617","0.00035","0","0","13.56","Humid","28.00","0","54.00","363063.91","SABD0000000001","AAV1.0.0.11","1.1.2.0","PSt7-10","170328-007","9/30/2017 19:06:43","0000-00","0","no battery","V"
"09/09/2020","09:55:10","2","default","115855972","OXY_CH2","29.594","min","183.566","µmol/L","Humid","21.100","deg","81347","µV","28.891","°C","1016.000","hPa","35.3","pmil","0","53.237","deg","23.954","°C","100.000","%a.s.","21.023","deg","23.635","°C","1019.000","hPa","0.861","-0.02617","0.00035","0","0","13.56","Humid","28.00","0","54.00","363083.66","SABD0000000001","AAV1.0.0.11","1.1.2.0","PSt7-10","170328-007","9/30/2017 19:06:43","0000-00","0","no battery","V"
"09/09/2020","09:55:11","2","default","115855972","OXY_CH2","29.611","min","183.586","µmol/L","Humid","21.099","deg","81345","µV","28.890","°C","1016.000","hPa","35.3","pmil","0","53.237","deg","23.954","°C","100.000","%a.s.","21.023","deg","23.635","°C","1019.000","hPa","0.861","-0.02617","0.00035","0","0","13.56","Humid","28.00","0","54.00","363061.77","SABD0000000001","AAV1.0.0.11","1.1.2.0","PSt7-10","170328-007","9/30/2017 19:06:43","0000-00","0","no battery","V"
"09/09/2020","09:55:12","2","default","115855972","OXY_CH2","29.628","min","183.541","µmol/L","Humid","21.098","deg","81335","µV","28.901","°C","1016.000","hPa","35.3","pmil","0","53.237","deg","23.954","°C","100.000","%a.s.","21.023","deg","23.635","°C","1019.000","hPa","0.861","-0.02617","0.00035","0","0","13.56","Humid","28.00","0","54.00","363069.58","SABD0000000001","AAV1.0.0.11","1.1.2.0","PSt7-10","170328-007","9/30/2017 19:06:43","0000-00","0","no battery","V"
"09/09/2020","09:55:13","2","default","115855972","OXY_CH2","29.644","min","183.614","µmol/L","Humid","21.094","deg","81337","µV","28.900","°C","1016.000","hPa","35.3","pmil","0","53.237","deg","23.954","°C","100.000","%a.s.","21.023","deg","23.635","°C","1019.000","hPa","0.861","-0.02617","0.00035","0","0","13.56","Humid","28.00","0","54.00","363050.67","SABD0000000001","AAV1.0.0.11","1.1.2.0","PSt7-10","170328-007","9/30/2017 19:06:43","0000-00","0","no battery","V"
"09/09/2020","09:55:14","2","default","115855972","OXY_CH2","29.661","min","183.547","µmol/L","Humid","21.098","deg","81338","µV","28.900","°C","1016.000","hPa","35.3","pmil","0","53.237","deg","23.954","°C","100.000","%a.s.","21.023","deg","23.635","°C","1019.000","hPa","0.861","-0.02617","0.00035","0","0","13.56","Humid","28.00","0","54.00","363053.01","SABD0000000001","AAV1.0.0.11","1.1.2.0","PSt7-10","170328-007","9/30/2017 19:06:43","0000-00","0","no battery","V"
"09/09/2020","09:55:15","2","default","115855972","OXY_CH2","29.677","min","183.372","µmol/L","Humid","21.103","deg","81339","µV","28.916","°C","1016.000","hPa","35.3","pmil","0","53.237","deg","23.954","°C","100.000","%a.s.","21.023","deg","23.635","°C","1019.000","hPa","0.861","-0.02617","0.00035","0","0","13.56","Humid","28.00","0","54.00","363073.19","SABD0000000001","AAV1.0.0.11","1.1.2.0","PSt7-10","170328-007","9/30/2017 19:06:43","0000-00","0","no battery","V"
"09/09/2020","09:55:16","2","default","115855972","OXY_CH2","29.694","min","183.441","µmol/L","Humid","21.100","deg","81341","µV","28.913","°C","1016.000","hPa","35.3","pmil","0","53.237","deg","23.954","°C","100.000","%a.s.","21.023","deg","23.635","°C","1019.000","hPa","0.861","-0.02617","0.00035","0","0","13.56","Humid","28.00","0","54.00","363054.76","SABD0000000001","AAV1.0.0.11","1.1.2.0","PSt7-10","170328-007","9/30/2017 19:06:43","0000-00","0","no battery","V"
"09/09/2020","09:55:17","2","default","115855972","OXY_CH2","29.710","min","183.485","µmol/L","Humid","21.099","deg","81337","µV","28.908","°C","1016.000","hPa","35.3","pmil","0","53.237","deg","23.954","°C","100.000","%a.s.","21.023","deg","23.635","°C","1019.000","hPa","0.861","-0.02617","0.00035","0","0","13.56","Humid","28.00","0","54.00","363050.81","SABD0000000001","AAV1.0.0.11","1.1.2.0","PSt7-10","170328-007","9/30/2017 19:06:43","0000-00","0","no battery","V"
"09/09/2020","09:55:18","2","default","115855972","OXY_CH2","29.727","min","183.510","µmol/L","Humid","21.097","deg","81344","µV","28.910","°C","1016.000","hPa","35.3","pmil","0","53.237","deg","23.954","°C","100.000","%a.s.","21.023","deg","23.635","°C","1019.000","hPa","0.861","-0.02617","0.00035","0","0","13.56","Humid","28.00","0","54.00","363052.41","SABD0000000001","AAV1.0.0.11","1.1.2.0","PSt7-10","170328-007","9/30/2017 19:06:43","0000-00","0","no battery","V"
"09/09/2020","09:55:19","2","default","115855972","OXY_CH2","29.744","min","183.499","µmol/L","Humid","21.101","deg","81337","µV","28.900","°C","1016.000","hPa","35.3","pmil","0","53.237","deg","23.954","°C","100.000","%a.s.","21.023","deg","23.635","°C","1019.000","hPa","0.861","-0.02617","0.00035","0","0","13.56","Humid","28.00","0","54.00","363054.42","SABD0000000001","AAV1.0.0.11","1.1.2.0","PSt7-10","170328-007","9/30/2017 19:06:43","0000-00","0","no battery","V"
"09/09/2020","09:55:20","2","default","115855972","OXY_CH2","29.761","min","183.511","µmol/L","Humid","21.098","deg","81341","µV","28.907","°C","1016.000","hPa","35.3","pmil","0","53.237","deg","23.954","°C","100.000","%a.s.","21.023","deg","23.635","°C","1019.000","hPa","0.861","-0.02617","0.00035","0","0","13.56","Humid","28.00","0","54.00","363053.12","SABD0000000001","AAV1.0.0.11","1.1.2.0","PSt7-10","170328-007","9/30/2017 19:06:43","0000-00","0","no battery","V"
"09/09/2020","09:55:21","2","default","115855972","OXY_CH2","29.778","min","183.576","µmol/L","Humid","21.098","deg","81338","µV","28.895","°C","1016.000","hPa","35.3","pmil","0","53.237","deg","23.954","°C","100.000","%a.s.","21.023","deg","23.635","°C","1019.000","hPa","0.861","-0.02617","0.00035","0","0","13.56","Humid","28.00","0","54.00","363061.73","SABD0000000001","AAV1.0.0.11","1.1.2.0","PSt7-10","170328-007","9/30/2017 19:06:43","0000-00","0","no battery","V"
"09/09/2020","09:55:22","2","default","115855972","OXY_CH2","29.794","min","183.530","µmol/L","Humid","21.102","deg","81341","µV","28.892","°C","1016.000","hPa","35.3","pmil","0","53.237","deg","23.954","°C","100.000","%a.s.","21.023","deg","23.635","°C","1019.000","hPa","0.861","-0.02617","0.00035","0","0","13.56","Humid","28.00","0","54.00","363055.79","SABD0000000001","AAV1.0.0.11","1.1.2.0","PSt7-10","170328-007","9/30/2017 19:06:43","0000-00","0","no battery","V"
"09/09/2020","09:55:23","2","default","115855972","OXY_CH2","29.810","min","183.619","µmol/L","Humid","21.097","deg","81340","µV","28.890","°C","1016.000","hPa","35.3","pmil","0","53.237","deg","23.954","°C","100.000","%a.s.","21.023","deg","23.635","°C","1019.000","hPa","0.861","-0.02617","0.00035","0","0","13.56","Humid","28.00","0","54.00","363048.13","SABD0000000001","AAV1.0.0.11","1.1.2.0","PSt7-10","170328-007","9/30/2017 19:06:43","0000-00","0","no battery","V"
"09/09/2020","09:55:24","2","default","115855972","OXY_CH2","29.827","min","183.483","µmol/L","Humid","21.100","deg","81334","µV","28.906","°C","1016.000","hPa","35.3","pmil","0","53.237","deg","23.954","°C","100.000","%a.s.","21.023","deg","23.635","°C","1019.000","hPa","0.861","-0.02617","0.00035","0","0","13.56","Humid","28.00","0","54.00","363052.14","SABD0000000001","AAV1.0.0.11","1.1.2.0","PSt7-10","170328-007","9/30/2017 19:06:43","0000-00","0","no battery","V"
"09/09/2020","09:55:25","2","default","115855972","OXY_CH2","29.844","min","183.454","µmol/L","Humid","21.098","deg","81336","µV","28.917","°C","1016.000","hPa","35.3","pmil","0","53.237","deg","23.954","°C","100.000","%a.s.","21.023","deg","23.635","°C","1019.000","hPa","0.861","-0.02617","0.00035","0","0","13.56","Humid","28.00","0","54.00","363042.84","SABD0000000001","AAV1.0.0.11","1.1.2.0","PSt7-10","170328-007","9/30/2017 19:06:43","0000-00","0","no battery","V"
"09/09/2020","09:57:12","2","default","115855972","OXY_CH2","31.631","min","183.279","µmol/L","Humid","21.087","deg","81517","µV","28.979","°C","1016.000","hPa","35.3","pmil","0","53.237","deg","23.954","°C","100.000","%a.s.","21.023","deg","23.635","°C","1019.000","hPa","0.861","-0.02617","0.00035","0","0","13.56","Humid","28.00","0","54.00","363370.35","SABD0000000001","AAV1.0.0.11","1.1.2.0","PSt7-10","170328-007","9/30/2017 19:06:43","0000-00","0","no battery","V"
"09/09/2020","09:57:13","2","default","115855972","OXY_CH2","31.644","min","183.211","µmol/L","Humid","21.087","deg","81494","µV","28.991","°C","1016.000","hPa","35.3","pmil","0","53.237","deg","23.954","°C","100.000","%a.s.","21.023","deg","23.635","°C","1019.000","hPa","0.861","-0.02617","0.00035","0","0","13.56","Humid","28.00","0","54.00","363314.01","SABD0000000001","AAV1.0.0.11","1.1.2.0","PSt7-10","170328-007","9/30/2017 19:06:43","0000-00","0","no battery","V"
"09/09/2020","09:57:14","2","default","115855972","OXY_CH2","31.660","min","183.190","µmol/L","Humid","21.089","deg","81487","µV","28.989","°C","1016.000","hPa","35.3","pmil","0","53.237","deg","23.954","°C","100.000","%a.s.","21.023","deg","23.635","°C","1019.000","hPa","0.861","-0.02617","0.00035","0","0","13.56","Humid","28.00","0","54.00","363278.40","SABD0000000001","AAV1.0.0.11","1.1.2.0","PSt7-10","170328-007","9/30/2017 19:06:43","0000-00","0","no battery","V"
"09/09/2020","09:57:15","2","default","115855972","OXY_CH2","31.677","min","183.185","µmol/L","Humid","21.091","deg","81485","µV","28.984","°C","1016.000","hPa","35.3","pmil","0","53.237","deg","23.954","°C","100.000","%a.s.","21.023","deg","23.635","°C","1019.000","hPa","0.861","-0.02617","0.00035","0","0","13.56","Humid","28.00","0","54.00","363269.99","SABD0000000001","AAV1.0.0.11","1.1.2.0","PSt7-10","170328-007","9/30/2017 19:06:43","0000-00","0","no battery","V"
"09/09/2020","09:57:16","2","default","115855972","OXY_CH2","31.694","min","183.256","µmol/L","Humid","21.090","deg","81479","µV","28.975","°C","1016.000","hPa","35.3","pmil","0","53.237","deg","23.954","°C","100.000","%a.s.","21.023","deg","23.635","°C","1019.000","hPa","0.861","-0.02617","0.00035","0","0","13.56","Humid","28.00","0","54.00","363261.98","SABD0000000001","AAV1.0.0.11","1.1.2.0","PSt7-10","170328-007","9/30/2017 19:06:43","0000-00","0","no battery","V"
"09/09/2020","09:57:17","2","default","115855972","OXY_CH2","31.712","min","183.151","µmol/L","Humid","21.091","deg","81470","µV","28.990","°C","1016.000","hPa","35.3","pmil","0","53.237","deg","23.954","°C","100.000","%a.s.","21.023","deg","23.635","°C","1019.000","hPa","0.861","-0.02617","0.00035","0","0","13.56","Humid","28.00","0","54.00","363242.44","SABD0000000001","AAV1.0.0.11","1.1.2.0","PSt7-10","170328-007","9/30/2017 19:06:43","0000-00","0","no battery","V"
"09/09/2020","09:57:18","2","default","115855972","OXY_CH2","31.727","min","183.226","µmol/L","Humid","21.087","deg","81470","µV","28.989","°C","1016.000","hPa","35.3","pmil","0","53.237","deg","23.954","°C","100.000","%a.s.","21.023","deg","23.635","°C","1019.000","hPa","0.861","-0.02617","0.00035","0","0","13.56","Humid","28.00","0","54.00","363239.42","SABD0000000001","AAV1.0.0.11","1.1.2.0","PSt7-10","170328-007","9/30/2017 19:06:43","0000-00","0","no battery","V"
"09/09/2020","09:57:19","2","default","115855972","OXY_CH2","31.744","min","183.150","µmol/L","Humid","21.094","deg","81464","µV","28.982","°C","1016.000","hPa","35.3","pmil","0","53.237","deg","23.954","°C","100.000","%a.s.","21.023","deg","23.635","°C","1019.000","hPa","0.861","-0.02617","0.00035","0","0","13.56","Humid","28.00","0","54.00","363247.21","SABD0000000001","AAV1.0.0.11","1.1.2.0","PSt7-10","170328-007","9/30/2017 19:06:43","0000-00","0","no battery","V"
"09/09/2020","09:57:20","2","default","115855972","OXY_CH2","31.761","min","183.099","µmol/L","Humid","21.095","deg","81467","µV","28.988","°C","1016.000","hPa","35.3","pmil","0","53.237","deg","23.954","°C","100.000","%a.s.","21.023","deg","23.635","°C","1019.000","hPa","0.861","-0.02617","0.00035","0","0","13.56","Humid","28.00","0","54.00","363231.01","SABD0000000001","AAV1.0.0.11","1.1.2.0","PSt7-10","170328-007","9/30/2017 19:06:43","0000-00","0","no battery","V"
"09/09/2020","09:57:21","2","default","115855972","OXY_CH2","31.777","min","183.206","µmol/L","Humid","21.090","deg","81461","µV","28.983","°C","1016.000","hPa","35.3","pmil","0","53.237","deg","23.954","°C","100.000","%a.s.","21.023","deg","23.635","°C","1019.000","hPa","0.861","-0.02617","0.00035","0","0","13.56","Humid","28.00","0","54.00","363206.22","SABD0000000001","AAV1.0.0.11","1.1.2.0","PSt7-10","170328-007","9/30/2017 19:06:43","0000-00","0","no battery","V"
"09/09/2020","09:57:22","2","default","115855972","OXY_CH2","31.794","min","183.168","µmol/L","Humid","21.094","deg","81463","µV","28.979","°C","1016.000","hPa","35.3","pmil","0","53.237","deg","23.954","°C","100.000","%a.s.","21.023","deg","23.635","°C","1019.000","hPa","0.861","-0.02617","0.00035","0","0","13.56","Humid","28.00","0","54.00","363211.23","SABD0000000001","AAV1.0.0.11","1.1.2.0","PSt7-10","170328-007","9/30/2017 19:06:43","0000-00","0","no battery","V"
"09/09/2020","09:57:23","2","default","115855972","OXY_CH2","31.810","min","183.186","µmol/L","Humid","21.090","deg","81456","µV","28.987","°C","1016.000","hPa","35.3","pmil","0","53.237","deg","23.954","°C","100.000","%a.s.","21.023","deg","23.635","°C","1019.000","hPa","0.861","-0.02617","0.00035","0","0","13.56","Humid","28.00","0","54.00","363206.42","SABD0000000001","AAV1.0.0.11","1.1.2.0","PSt7-10","170328-007","9/30/2017 19:06:43","0000-00","0","no battery","V"
"09/09/2020","09:57:24","2","default","115855972","OXY_CH2","31.828","min","183.114","µmol/L","Humid","21.092","deg","81455","µV","28.994","°C","1016.000","hPa","35.3","pmil","0","53.237","deg","23.954","°C","100.000","%a.s.","21.023","deg","23.635","°C","1019.000","hPa","0.861","-0.02617","0.00035","0","0","13.56","Humid","28.00","0","54.00","363217.76","SABD0000000001","AAV1.0.0.11","1.1.2.0","PSt7-10","170328-007","9/30/2017 19:06:43","0000-00","0","no battery","V"
"09/09/2020","09:57:25","2","default","115855972","OXY_CH2","31.844","min","183.109","µmol/L","Humid","21.094","deg","81455","µV","28.989","°C","1016.000","hPa","35.3","pmil","0","53.237","deg","23.954","°C","100.000","%a.s.","21.023","deg","23.635","°C","1019.000","hPa","0.861","-0.02617","0.00035","0","0","13.56","Humid","28.00","0","54.00","363194.92","SABD0000000001","AAV1.0.0.11","1.1.2.0","PSt7-10","170328-007","9/30/2017 19:06:43","0000-00","0","no battery","V"
"09/09/2020","09:57:26","2","default","115855972","OXY_CH2","31.860","min","183.249","µmol/L","Humid","21.089","deg","81446","µV","28.979","°C","1016.000","hPa","35.3","pmil","0","53.237","deg","23.954","°C","100.000","%a.s.","21.023","deg","23.635","°C","1019.000","hPa","0.861","-0.02617","0.00035","0","0","13.56","Humid","28.00","0","54.00","363186.38","SABD0000000001","AAV1.0.0.11","1.1.2.0","PSt7-10","170328-007","9/30/2017 19:06:43","0000-00","0","no battery","V"
"09/09/2020","09:57:27","2","default","115855972","OXY_CH2","31.877","min","183.193","µmol/L","Humid","21.090","deg","81453","µV","28.986","°C","1016.000","hPa","35.3","pmil","0","53.237","deg","23.954","°C","100.000","%a.s.","21.023","deg","23.635","°C","1019.000","hPa","0.861","-0.02617","0.00035","0","0","13.56","Humid","28.00","0","54.00","363199.58","SABD0000000001","AAV1.0.0.11","1.1.2.0","PSt7-10","170328-007","9/30/2017 19:06:43","0000-00","0","no battery","V"
"09/09/2020","09:57:28","2","default","115855972","OXY_CH2","31.894","min","183.192","µmol/L","Humid","21.089","deg","81454","µV","28.989","°C","1016.000","hPa","35.3","pmil","0","53.237","deg","23.954","°C","100.000","%a.s.","21.023","deg","23.635","°C","1019.000","hPa","0.861","-0.02617","0.00035","0","0","13.56","Humid","28.00","0","54.00","363200.64","SABD0000000001","AAV1.0.0.11","1.1.2.0","PSt7-10","170328-007","9/30/2017 19:06:43","0000-00","0","no battery","V"
"09/09/2020","09:57:29","2","default","115855972","OXY_CH2","31.911","min","182.993","µmol/L","Humid","21.093","deg","81454","µV","29.012","°C","1016.000","hPa","35.3","pmil","0","53.237","deg","23.954","°C","100.000","%a.s.","21.023","deg","23.635","°C","1019.000","hPa","0.861","-0.02617","0.00035","0","0","13.56","Humid","28.00","0","54.00","363194.18","SABD0000000001","AAV1.0.0.11","1.1.2.0","PSt7-10","170328-007","9/30/2017 19:06:43","0000-00","0","no battery","V"
"09/09/2020","09:57:30","2","default","115855972","OXY_CH2","31.928","min","183.091","µmol/L","Humid","21.091","deg","81449","µV","29.001","°C","1016.000","hPa","35.3","pmil","0","53.237","deg","23.954","°C","100.000","%a.s.","21.023","deg","23.635","°C","1019.000","hPa","0.861","-0.02617","0.00035","0","0","13.56","Humid","28.00","0","54.00","363185.21","SABD0000000001","AAV1.0.0.11","1.1.2.0","PSt7-10","170328-007","9/30/2017 19:06:43","0000-00","0","no battery","V"
"09/09/2020","09:57:31","2","default","115855972","OXY_CH2","31.945","min","183.060","µmol/L","Humid","21.093","deg","81451","µV","29.000","°C","1016.000","hPa","35.3","pmil","0","53.237","deg","23.954","°C","100.000","%a.s.","21.023","deg","23.635","°C","1019.000","hPa","0.861","-0.02617","0.00035","0","0","13.56","Humid","28.00","0","54.00","363194.68","SABD0000000001","AAV1.0.0.11","1.1.2.0","PSt7-10","170328-007","9/30/2017 19:06:43","0000-00","0","no battery","V"
"09/09/2020","09:57:32","2","default","115855972","OXY_CH2","31.960","min","182.973","µmol/L","Humid","21.095","deg","81438","µV","29.010","°C","1016.000","hPa","35.3","pmil","0","53.237","deg","23.954","°C","100.000","%a.s.","21.023","deg","23.635","°C","1019.000","hPa","0.861","-0.02617","0.00035","0","0","13.56","Humid","28.00","0","54.00","363193.45","SABD0000000001","AAV1.0.0.11","1.1.2.0","PSt7-10","170328-007","9/30/2017 19:06:43","0000-00","0","no battery","V"
"09/09/2020","09:57:33","2","default","115855972","OXY_CH2","31.978","min","183.030","µmol/L","Humid","21.091","deg","81452","µV","29.012","°C","1016.000","hPa","35.3","pmil","0","53.237","deg","23.954","°C","100.000","%a.s.","21.023","deg","23.635","°C","1019.000","hPa","0.861","-0.02617","0.00035","0","0","13.56","Humid","28.00","0","54.00","363181.89","SABD0000000001","AAV1.0.0.11","1.1.2.0","PSt7-10","170328-007","9/30/2017 19:06:43","0000-00","0","no battery","V"
"09/09/2020","09:57:34","2","default","115855972","OXY_CH2","31.994","min","183.151","µmol/L","Humid","21.091","deg","81447","µV","28.990","°C","1016.000","hPa","35.3","pmil","0","53.237","deg","23.954","°C","100.000","%a.s.","21.023","deg","23.635","°C","1019.000","hPa","0.861","-0.02617","0.00035","0","0","13.56","Humid","28.00","0","54.00","363176.67","SABD0000000001","AAV1.0.0.11","1.1.2.0","PSt7-10","170328-007","9/30/2017 19:06:43","0000-00","0","no battery","V"
"09/09/2020","09:57:35","2","default","115855972","OXY_CH2","32.011","min","183.131","µmol/L","Humid","21.092","deg","81442","µV","28.991","°C","1016.000","hPa","35.3","pmil","0","53.237","deg","23.954","°C","100.000","%a.s.","21.023","deg","23.635","°C","1019.000","hPa","0.861","-0.02617","0.00035","0","0","13.56","Humid","28.00","0","54.00","363186.99","SABD0000000001","AAV1.0.0.11","1.1.2.0","PSt7-10","170328-007","9/30/2017 19:06:43","0000-00","0","no battery","V"
"09/09/2020","09:57:36","2","default","115855972","OXY_CH2","32.028","min","183.073","µmol/L","Humid","21.095","deg","81443","µV","28.992","°C","1016.000","hPa","35.3","pmil","0","53.237","deg","23.954","°C","100.000","%a.s.","21.023","deg","23.635","°C","1019.000","hPa","0.861","-0.02617","0.00035","0","0","13.56","Humid","28.00","0","54.00","363168.36","SABD0000000001","AAV1.0.0.11","1.1.2.0","PSt7-10","170328-007","9/30/2017 19:06:43","0000-00","0","no battery","V"
"09/09/2020","09:57:37","2","default","115855972","OXY_CH2","32.044","min","183.119","µmol/L","Humid","21.093","deg","81438","µV","28.990","°C","1016.000","hPa","35.3","pmil","0","53.237","deg","23.954","°C","100.000","%a.s.","21.023","deg","23.635","°C","1019.000","hPa","0.861","-0.02617","0.00035","0","0","13.56","Humid","28.00","0","54.00","363177.19","SABD0000000001","AAV1.0.0.11","1.1.2.0","PSt7-10","170328-007","9/30/2017 19:06:43","0000-00","0","no battery","V"
"09/09/2020","09:57:38","2","default","115855972","OXY_CH2","32.061","min","183.104","µmol/L","Humid","21.089","deg","81437","µV","29.004","°C","1016.000","hPa","35.3","pmil","0","53.237","deg","23.954","°C","100.000","%a.s.","21.023","deg","23.635","°C","1019.000","hPa","0.861","-0.02617","0.00035","0","0","13.56","Humid","28.00","0","54.00","363180.06","SABD0000000001","AAV1.0.0.11","1.1.2.0","PSt7-10","170328-007","9/30/2017 19:06:43","0000-00","0","no battery","V"
"09/09/2020","09:57:39","2","default","115855972","OXY_CH2","32.078","min","183.041","µmol/L","Humid","21.095","deg","81436","µV","28.998","°C","1016.000","hPa","35.3","pmil","0","53.237","deg","23.954","°C","100.000","%a.s.","21.023","deg","23.635","°C","1019.000","hPa","0.861","-0.02617","0.00035","0","0","13.56","Humid","28.00","0","54.00","363163.50","SABD0000000001","AAV1.0.0.11","1.1.2.0","PSt7-10","170328-007","9/30/2017 19:06:43","0000-00","0","no battery","V"
"09/09/2020","09:57:40","2","default","115855972","OXY_CH2","32.094","min","183.087","µmol/L","Humid","21.093","deg","81426","µV","28.996","°C","1016.000","hPa","35.3","pmil","0","53.237","deg","23.954","°C","100.000","%a.s.","21.023","deg","23.635","°C","1019.000","hPa","0.861","-0.02617","0.00035","0","0","13.56","Humid","28.00","0","54.00","363163.57","SABD0000000001","AAV1.0.0.11","1.1.2.0","PSt7-10","170328-007","9/30/2017 19:06:43","0000-00","0","no battery","V"
"09/09/2020","09:57:41","2","default","115855972","OXY_CH2","32.111","min","183.131","µmol/L","Humid","21.094","deg","81435","µV","28.985","°C","1016.000","hPa","35.3","pmil","0","53.237","deg","23.954","°C","100.000","%a.s.","21.023","deg","23.635","°C","1019.000","hPa","0.861","-0.02617","0.00035","0","0","13.56","Humid","28.00","0","54.00","363159.18","SABD0000000001","AAV1.0.0.11","1.1.2.0","PSt7-10","170328-007","9/30/2017 19:06:43","0000-00","0","no battery","V"
"09/09/2020","09:57:42","2","default","115855972","OXY_CH2","32.127","min","183.215","µmol/L","Humid","21.089","deg","81423","µV","28.985","°C","1016.000","hPa","35.3","pmil","0","53.237","deg","23.954","°C","100.000","%a.s.","21.023","deg","23.635","°C","1019.000","hPa","0.861","-0.02617","0.00035","0","0","13.56","Humid","28.00","0","54.00","363156.57","SABD0000000001","AAV1.0.0.11","1.1.2.0","PSt7-10","170328-007","9/30/2017 19:06:43","0000-00","0","no battery","V"
"09/09/2020","09:57:43","2","default","115855972","OXY_CH2","32.144","min","183.090","µmol/L","Humid","21.088","deg","81431","µV","29.010","°C","1016.000","hPa","35.3","pmil","0","53.237","deg","23.954","°C","100.000","%a.s.","21.023","deg","23.635","°C","1019.000","hPa","0.861","-0.02617","0.00035","0","0","13.56","Humid","28.00","0","54.00","363145.77","SABD0000000001","AAV1.0.0.11","1.1.2.0","PSt7-10","170328-007","9/30/2017 19:06:43","0000-00","0","no battery","V"
"09/09/2020","09:57:44","2","default","115855972","OXY_CH2","32.160","min","183.180","µmol/L","Humid","21.088","deg","81424","µV","28.994","°C","1016.000","hPa","35.3","pmil","0","53.237","deg","23.954","°C","100.000","%a.s.","21.023","deg","23.635","°C","1019.000","hPa","0.861","-0.02617","0.00035","0","0","13.56","Humid","28.00","0","54.00","363141.30","SABD0000000001","AAV1.0.0.11","1.1.2.0","PSt7-10","170328-007","9/30/2017 19:06:43","0000-00","0","no battery","V"
"09/09/2020","09:57:45","2","default","115855972","OXY_CH2","32.178","min","183.076","µmol/L","Humid","21.092","deg","81428","µV","29.000","°C","1016.000","hPa","35.3","pmil","0","53.237","deg","23.954","°C","100.000","%a.s.","21.023","deg","23.635","°C","1019.000","hPa","0.861","-0.02617","0.00035","0","0","13.56","Humid","28.00","0","54.00","363156.38","SABD0000000001","AAV1.0.0.11","1.1.2.0","PSt7-10","170328-007","9/30/2017 19:06:43","0000-00","0","no battery","V"
"09/09/2020","09:57:46","2","default","115855972","OXY_CH2","32.194","min","183.200","µmol/L","Humid","21.088","deg","81424","µV","28.990","°C","1016.000","hPa","35.3","pmil","0","53.237","deg","23.954","°C","100.000","%a.s.","21.023","deg","23.635","°C","1019.000","hPa","0.861","-0.02617","0.00035","0","0","13.56","Humid","28.00","0","54.00","363142.96","SABD0000000001","AAV1.0.0.11","1.1.2.0","PSt7-10","170328-007","9/30/2017 19:06:43","0000-00","0","no battery","V"
"09/09/2020","09:57:47","2","default","115855972","OXY_CH2","32.210","min","183.022","µmol/L","Humid","21.092","deg","81421","µV","29.010","°C","1016.000","hPa","35.3","pmil","0","53.237","deg","23.954","°C","100.000","%a.s.","21.023","deg","23.635","°C","1019.000","hPa","0.861","-0.02617","0.00035","0","0","13.56","Humid","28.00","0","54.00","363127.95","SABD0000000001","AAV1.0.0.11","1.1.2.0","PSt7-10","170328-007","9/30/2017 19:06:43","0000-00","0","no battery","V"
"09/09/2020","09:57:48","2","default","115855972","OXY_CH2","32.227","min","182.927","µmol/L","Humid","21.097","deg","81418","µV","29.012","°C","1016.000","hPa","35.3","pmil","0","53.237","deg","23.954","°C","100.000","%a.s.","21.023","deg","23.635","°C","1019.000","hPa","0.861","-0.02617","0.00035","0","0","13.56","Humid","28.00","0","54.00","363123.93","SABD0000000001","AAV1.0.0.11","1.1.2.0","PSt7-10","170328-007","9/30/2017 19:06:43","0000-00","0","no battery","V"
"09/09/2020","09:57:49","2","default","115855972","OXY_CH2","32.244","min","182.862","µmol/L","Humid","21.098","deg","81420","µV","29.021","°C","1016.000","hPa","35.3","pmil","0","53.237","deg","23.954","°C","100.000","%a.s.","21.023","deg","23.635","°C","1019.000","hPa","0.861","-0.02617","0.00035","0","0","13.56","Humid","28.00","0","54.00","363128.59","SABD0000000001","AAV1.0.0.11","1.1.2.0","PSt7-10","170328-007","9/30/2017 19:06:43","0000-00","0","no battery","V"
"09/09/2020","09:57:50","2","default","115855972","OXY_CH2","32.261","min","183.080","µmol/L","Humid","21.091","deg","81428","µV","29.003","°C","1016.000","hPa","35.3","pmil","0","53.237","deg","23.954","°C","100.000","%a.s.","21.023","deg","23.635","°C","1019.000","hPa","0.861","-0.02617","0.00035","0","0","13.56","Humid","28.00","0","54.00","363140.20","SABD0000000001","AAV1.0.0.11","1.1.2.0","PSt7-10","170328-007","9/30/2017 19:06:43","0000-00","0","no battery","V"
"09/09/2020","09:57:51","2","default","115855972","OXY_CH2","32.278","min","183.028","µmol/L","Humid","21.093","deg","81419","µV","29.006","°C","1016.000","hPa","35.3","pmil","0","53.237","deg","23.954","°C","100.000","%a.s.","21.023","deg","23.635","°C","1019.000","hPa","0.861","-0.02617","0.00035","0","0","13.56","Humid","28.00","0","54.00","363117.75","SABD0000000001","AAV1.0.0.11","1.1.2.0","PSt7-10","170328-007","9/30/2017 19:06:43","0000-00","0","no battery","V"
"09/09/2020","09:57:52","2","default","115855972","OXY_CH2","32.294","min","183.054","µmol/L","Humid","21.090","deg","81416","µV","29.010","°C","1016.000","hPa","35.3","pmil","0","53.237","deg","23.954","°C","100.000","%a.s.","21.023","deg","23.635","°C","1019.000","hPa","0.861","-0.02617","0.00035","0","0","13.56","Humid","28.00","0","54.00","363113.21","SABD0000000001","AAV1.0.0.11","1.1.2.0","PSt7-10","170328-007","9/30/2017 19:06:43","0000-00","0","no battery","V"
"09/09/2020","09:57:53","2","default","115855972","OXY_CH2","32.311","min","182.978","µmol/L","Humid","21.095","deg","81420","µV","29.009","°C","1016.000","hPa","35.3","pmil","0","53.237","deg","23.954","°C","100.000","%a.s.","21.023","deg","23.635","°C","1019.000","hPa","0.861","-0.02617","0.00035","0","0","13.56","Humid","28.00","0","54.00","363121.61","SABD0000000001","AAV1.0.0.11","1.1.2.0","PSt7-10","170328-007","9/30/2017 19:06:43","0000-00","0","no battery","V"
"09/09/2020","09:57:54","2","default","115855972","OXY_CH2","32.327","min","182.958","µmol/L","Humid","21.096","deg","81413","µV","29.010","°C","1016.000","hPa","35.3","pmil","0","53.237","deg","23.954","°C","100.000","%a.s.","21.023","deg","23.635","°C","1019.000","hPa","0.861","-0.02617","0.00035","0","0","13.56","Humid","28.00","0","54.00","363106.58","SABD0000000001","AAV1.0.0.11","1.1.2.0","PSt7-10","170328-007","9/30/2017 19:06:43","0000-00","0","no battery","V"
"09/09/2020","09:57:55","2","default","115855972","OXY_CH2","32.344","min","182.981","µmol/L","Humid","21.096","deg","81414","µV","29.006","°C","1016.000","hPa","35.3","pmil","0","53.237","deg","23.954","°C","100.000","%a.s.","21.023","deg","23.635","°C","1019.000","hPa","0.861","-0.02617","0.00035","0","0","13.56","Humid","28.00","0","54.00","363117.35","SABD0000000001","AAV1.0.0.11","1.1.2.0","PSt7-10","170328-007","9/30/2017 19:06:43","0000-00","0","no battery","V"
"09/09/2020","09:57:56","2","default","115855972","OXY_CH2","32.361","min","183.024","µmol/L","Humid","21.091","deg","81411","µV","29.013","°C","1016.000","hPa","35.3","pmil","0","53.237","deg","23.954","°C","100.000","%a.s.","21.023","deg","23.635","°C","1019.000","hPa","0.861","-0.02617","0.00035","0","0","13.56","Humid","28.00","0","54.00","363116.77","SABD0000000001","AAV1.0.0.11","1.1.2.0","PSt7-10","170328-007","9/30/2017 19:06:43","0000-00","0","no battery","V"
"09/09/2020","09:57:57","2","default","115855972","OXY_CH2","32.377","min","183.114","µmol/L","Humid","21.086","deg","81413","µV","29.011","°C","1016.000","hPa","35.3","pmil","0","53.237","deg","23.954","°C","100.000","%a.s.","21.023","deg","23.635","°C","1019.000","hPa","0.861","-0.02617","0.00035","0","0","13.56","Humid","28.00","0","54.00","363109.08","SABD0000000001","AAV1.0.0.11","1.1.2.0","PSt7-10","170328-007","9/30/2017 19:06:43","0000-00","0","no battery","V"
"09/09/2020","09:57:58","2","default","115855972","OXY_CH2","32.394","min","183.122","µmol/L","Humid","21.089","deg","81402","µV","29.001","°C","1016.000","hPa","35.3","pmil","0","53.237","deg","23.954","°C","100.000","%a.s.","21.023","deg","23.635","°C","1019.000","hPa","0.861","-0.02617","0.00035","0","0","13.56","Humid","28.00","0","54.00","363092.81","SABD0000000001","AAV1.0.0.11","1.1.2.0","PSt7-10","170328-007","9/30/2017 19:06:43","0000-00","0","no battery","V"
"09/09/2020","09:57:59","2","default","115855972","OXY_CH2","32.411","min","183.076","µmol/L","Humid","21.091","deg","81407","µV","29.003","°C","1016.000","hPa","35.3","pmil","0","53.237","deg","23.954","°C","100.000","%a.s.","21.023","deg","23.635","°C","1019.000","hPa","0.861","-0.02617","0.00035","0","0","13.56","Humid","28.00","0","54.00","363105.11","SABD0000000001","AAV1.0.0.11","1.1.2.0","PSt7-10","170328-007","9/30/2017 19:06:43","0000-00","0","no battery","V"
"09/09/2020","09:58:00","2","default","115855972","OXY_CH2","32.428","min","183.046","µmol/L","Humid","21.090","deg","81402","µV","29.012","°C","1016.000","hPa","35.3","pmil","0","53.237","deg","23.954","°C","100.000","%a.s.","21.023","deg","23.635","°C","1019.000","hPa","0.861","-0.02617","0.00035","0","0","13.56","Humid","28.00","0","54.00","363098.51","SABD0000000001","AAV1.0.0.11","1.1.2.0","PSt7-10","170328-007","9/30/2017 19:06:43","0000-00","0","no battery","V"
"09/09/2020","09:58:01","2","default","115855972","OXY_CH2","32.445","min","183.100","µmol/L","Humid","21.089","deg","81409","µV","29.005","°C","1016.000","hPa","35.3","pmil","0","53.237","deg","23.954","°C","100.000","%a.s.","21.023","deg","23.635","°C","1019.000","hPa","0.861","-0.02617","0.00035","0","0","13.56","Humid","28.00","0","54.00","363096.94","SABD0000000001","AAV1.0.0.11","1.1.2.0","PSt7-10","170328-007","9/30/2017 19:06:43","0000-00","0","no battery","V"
"09/09/2020","09:58:02","2","default","115855972","OXY_CH2","32.461","min","183.040","µmol/L","Humid","21.088","deg","81412","µV","29.018","°C","1016.000","hPa","35.3","pmil","0","53.237","deg","23.954","°C","100.000","%a.s.","21.023","deg","23.635","°C","1019.000","hPa","0.861","-0.02617","0.00035","0","0","13.56","Humid","28.00","0","54.00","363090.24","SABD0000000001","AAV1.0.0.11","1.1.2.0","PSt7-10","170328-007","9/30/2017 19:06:43","0000-00","0","no battery","V"
"09/09/2020","09:58:03","2","default","115855972","OXY_CH2","32.477","min","183.130","µmol/L","Humid","21.087","deg","81411","µV","29.006","°C","1016.000","hPa","35.3","pmil","0","53.237","deg","23.954","°C","100.000","%a.s.","21.023","deg","23.635","°C","1019.000","hPa","0.861","-0.02617","0.00035","0","0","13.56","Humid","28.00","0","54.00","363099.60","SABD0000000001","AAV1.0.0.11","1.1.2.0","PSt7-10","170328-007","9/30/2017 19:06:43","0000-00","0","no battery","V"
"09/09/2020","09:58:04","2","default","115855972","OXY_CH2","32.494","min","183.059","µmol/L","Humid","21.094","deg","81400","µV","28.998","°C","1016.000","hPa","35.3","pmil","0","53.237","deg","23.954","°C","100.000","%a.s.","21.023","deg","23.635","°C","1019.000","hPa","0.861","-0.02617","0.00035","0","0","13.56","Humid","28.00","0","54.00","363093.36","SABD0000000001","AAV1.0.0.11","1.1.2.0","PSt7-10","170328-007","9/30/2017 19:06:43","0000-00","0","no battery","V"
"09/09/2020","09:58:05","2","default","115855972","OXY_CH2","32.511","min","183.113","µmol/L","Humid","21.090","deg","81396","µV","29.000","°C","1016.000","hPa","35.3","pmil","0","53.237","deg","23.954","°C","100.000","%a.s.","21.023","deg","23.635","°C","1019.000","hPa","0.861","-0.02617","0.00035","0","0","13.56","Humid","28.00","0","54.00","363088.64","SABD0000000001","AAV1.0.0.11","1.1.2.0","PSt7-10","170328-007","9/30/2017 19:06:43","0000-00","0","no battery","V"
"09/09/2020","09:58:06","2","default","115855972","OXY_CH2","32.527","min","182.942","µmol/L","Humid","21.093","deg","81402","µV","29.021","°C","1016.000","hPa","35.3","pmil","0","53.237","deg","23.954","°C","100.000","%a.s.","21.023","deg","23.635","°C","1019.000","hPa","0.861","-0.02617","0.00035","0","0","13.56","Humid","28.00","0","54.00","363079.77","SABD0000000001","AAV1.0.0.11","1.1.2.0","PSt7-10","170328-007","9/30/2017 19:06:43","0000-00","0","no battery","V"
"09/09/2020","09:58:07","2","default","115855972","OXY_CH2","32.544","min","182.982","µmol/L","Humid","21.091","deg","81393","µV","29.020","°C","1016.000","hPa","35.3","pmil","0","53.237","deg","23.954","°C","100.000","%a.s.","21.023","deg","23.635","°C","1019.000","hPa","0.861","-0.02617","0.00035","0","0","13.56","Humid","28.00","0","54.00","363090.04","SABD0000000001","AAV1.0.0.11","1.1.2.0","PSt7-10","170328-007","9/30/2017 19:06:43","0000-00","0","no battery","V"
"09/09/2020","09:58:08","2","default","115855972","OXY_CH2","32.561","min","182.929","µmol/L","Humid","21.094","deg","81401","µV","29.021","°C","1016.000","hPa","35.3","pmil","0","53.237","deg","23.954","°C","100.000","%a.s.","21.023","deg","23.635","°C","1019.000","hPa","0.861","-0.02617","0.00035","0","0","13.56","Humid","28.00","0","54.00","363087.27","SABD0000000001","AAV1.0.0.11","1.1.2.0","PSt7-10","170328-007","9/30/2017 19:06:43","0000-00","0","no battery","V"
"09/09/2020","09:58:09","2","default","115855972","OXY_CH2","32.577","min","182.939","µmol/L","Humid","21.093","deg","81395","µV","29.022","°C","1016.000","hPa","35.3","pmil","0","53.237","deg","23.954","°C","100.000","%a.s.","21.023","deg","23.635","°C","1019.000","hPa","0.861","-0.02617","0.00035","0","0","13.56","Humid","28.00","0","54.00","363066.95","SABD0000000001","AAV1.0.0.11","1.1.2.0","PSt7-10","170328-007","9/30/2017 19:06:43","0000-00","0","no battery","V"
"09/09/2020","09:58:10","2","default","115855972","OXY_CH2","32.594","min","182.885","µmol/L","Humid","21.094","deg","81388","µV","29.028","°C","1016.000","hPa","35.3","pmil","0","53.237","deg","23.954","°C","100.000","%a.s.","21.023","deg","23.635","°C","1019.000","hPa","0.861","-0.02617","0.00035","0","0","13.56","Humid","28.00","0","54.00","363077.48","SABD0000000001","AAV1.0.0.11","1.1.2.0","PSt7-10","170328-007","9/30/2017 19:06:43","0000-00","0","no battery","V"
"09/09/2020","09:58:11","2","default","115855972","OXY_CH2","32.611","min","183.001","µmol/L","Humid","21.089","deg","81401","µV","29.023","°C","1016.000","hPa","35.3","pmil","0","53.237","deg","23.954","°C","100.000","%a.s.","21.023","deg","23.635","°C","1019.000","hPa","0.861","-0.02617","0.00035","0","0","13.56","Humid","28.00","0","54.00","363081.36","SABD0000000001","AAV1.0.0.11","1.1.2.0","PSt7-10","170328-007","9/30/2017 19:06:43","0000-00","0","no battery","V"
"09/09/2020","09:58:12","2","default","115855972","OXY_CH2","32.627","min","183.069","µmol/L","Humid","21.088","deg","81389","µV","29.013","°C","1016.000","hPa","35.3","pmil","0","53.237","deg","23.954","°C","100.000","%a.s.","21.023","deg","23.635","°C","1019.000","hPa","0.861","-0.02617","0.00035","0","0","13.56","Humid","28.00","0","54.00","363081.67","SABD0000000001","AAV1.0.0.11","1.1.2.0","PSt7-10","170328-007","9/30/2017 19:06:43","0000-00","0","no battery","V"
"09/09/2020","09:58:13","2","default","115855972","OXY_CH2","32.644","min","183.034","µmol/L","Humid","21.091","deg","81395","µV","29.011","°C","1016.000","hPa","35.3","pmil","0","53.237","deg","23.954","°C","100.000","%a.s.","21.023","deg","23.635","°C","1019.000","hPa","0.861","-0.02617","0.00035","0","0","13.56","Humid","28.00","0","54.00","363079.35","SABD0000000001","AAV1.0.0.11","1.1.2.0","PSt7-10","170328-007","9/30/2017 19:06:43","0000-00","0","no battery","V"
"09/09/2020","09:58:14","2","default","115855972","OXY_CH2","32.661","min","182.920","µmol/L","Humid","21.096","deg","81389","µV","29.016","°C","1016.000","hPa","35.3","pmil","0","53.237","deg","23.954","°C","100.000","%a.s.","21.023","deg","23.635","°C","1019.000","hPa","0.861","-0.02617","0.00035","0","0","13.56","Humid","28.00","0","54.00","363081.86","SABD0000000001","AAV1.0.0.11","1.1.2.0","PSt7-10","170328-007","9/30/2017 19:06:43","0000-00","0","no battery","V"
"09/09/2020","09:58:15","2","default","115855972","OXY_CH2","32.677","min","183.092","µmol/L","Humid","21.088","deg","81386","µV","29.009","°C","1016.000","hPa","35.3","pmil","0","53.237","deg","23.954","°C","100.000","%a.s.","21.023","deg","23.635","°C","1019.000","hPa","0.861","-0.02617","0.00035","0","0","13.56","Humid","28.00","0","54.00","363080.07","SABD0000000001","AAV1.0.0.11","1.1.2.0","PSt7-10","170328-007","9/30/2017 19:06:43","0000-00","0","no battery","V"
"09/09/2020","09:58:16","2","default","115855972","OXY_CH2","32.694","min","183.050","µmol/L","Humid","21.089","deg","81389","µV","29.014","°C","1016.000","hPa","35.3","pmil","0","53.237","deg","23.954","°C","100.000","%a.s.","21.023","deg","23.635","°C","1019.000","hPa","0.861","-0.02617","0.00035","0","0","13.56","Humid","28.00","0","54.00","363062.76","SABD0000000001","AAV1.0.0.11","1.1.2.0","PSt7-10","170328-007","9/30/2017 19:06:43","0000-00","0","no battery","V"
"09/09/2020","09:58:17","2","default","115855972","OXY_CH2","32.711","min","182.879","µmol/L","Humid","21.095","deg","81387","µV","29.027","°C","1016.000","hPa","35.3","pmil","0","53.237","deg","23.954","°C","100.000","%a.s.","21.023","deg","23.635","°C","1019.000","hPa","0.861","-0.02617","0.00035","0","0","13.56","Humid","28.00","0","54.00","363076.14","SABD0000000001","AAV1.0.0.11","1.1.2.0","PSt7-10","170328-007","9/30/2017 19:06:43","0000-00","0","no battery","V"
"09/09/2020","09:58:18","2","default","115855972","OXY_CH2","32.727","min","182.966","µmol/L","Humid","21.089","deg","81382","µV","29.029","°C","1016.000","hPa","35.3","pmil","0","53.237","deg","23.954","°C","100.000","%a.s.","21.023","deg","23.635","°C","1019.000","hPa","0.861","-0.02617","0.00035","0","0","13.56","Humid","28.00","0","54.00","363059.09","SABD0000000001","AAV1.0.0.11","1.1.2.0","PSt7-10","170328-007","9/30/2017 19:06:43","0000-00","0","no battery","V"
"09/09/2020","09:58:19","2","default","115855972","OXY_CH2","32.744","min","182.982","µmol/L","Humid","21.090","deg","81384","µV","29.023","°C","1016.000","hPa","35.3","pmil","0","53.237","deg","23.954","°C","100.000","%a.s.","21.023","deg","23.635","°C","1019.000","hPa","0.861","-0.02617","0.00035","0","0","13.56","Humid","28.00","0","54.00","363057.74","SABD0000000001","AAV1.0.0.11","1.1.2.0","PSt7-10","170328-007","9/30/2017 19:06:43","0000-00","0","no battery","V"
"09/09/2020","09:58:20","2","default","115855972","OXY_CH2","32.761","min","182.891","µmol/L","Humid","21.095","deg","81392","µV","29.024","°C","1016.000","hPa","35.3","pmil","0","53.237","deg","23.954","°C","100.000","%a.s.","21.023","deg","23.635","°C","1019.000","hPa","0.861","-0.02617","0.00035","0","0","13.56","Humid","28.00","0","54.00","363069.12","SABD0000000001","AAV1.0.0.11","1.1.2.0","PSt7-10","170328-007","9/30/2017 19:06:43","0000-00","0","no battery","V"
"09/09/2020","09:58:21","2","default","115855972","OXY_CH2","32.778","min","182.929","µmol/L","Humid","21.090","deg","81384","µV","29.032","°C","1016.000","hPa","35.3","pmil","0","53.237","deg","23.954","°C","100.000","%a.s.","21.023","deg","23.635","°C","1019.000","hPa","0.861","-0.02617","0.00035","0","0","13.56","Humid","28.00","0","54.00","363045.94","SABD0000000001","AAV1.0.0.11","1.1.2.0","PSt7-10","170328-007","9/30/2017 19:06:43","0000-00","0","no battery","V"
"09/09/2020","09:58:22","2","default","115855972","OXY_CH2","32.794","min","182.962","µmol/L","Humid","21.090","deg","81380","µV","29.026","°C","1016.000","hPa","35.3","pmil","0","53.237","deg","23.954","°C","100.000","%a.s.","21.023","deg","23.635","°C","1019.000","hPa","0.861","-0.02617","0.00035","0","0","13.56","Humid","28.00","0","54.00","363053.44","SABD0000000001","AAV1.0.0.11","1.1.2.0","PSt7-10","170328-007","9/30/2017 19:06:43","0000-00","0","no battery","V"
"09/09/2020","09:58:23","2","default","115855972","OXY_CH2","32.811","min","183.130","µmol/L","Humid","21.087","deg","81376","µV","29.006","°C","1016.000","hPa","35.3","pmil","0","53.237","deg","23.954","°C","100.000","%a.s.","21.023","deg","23.635","°C","1019.000","hPa","0.861","-0.02617","0.00035","0","0","13.56","Humid","28.00","0","54.00","363035.78","SABD0000000001","AAV1.0.0.11","1.1.2.0","PSt7-10","170328-007","9/30/2017 19:06:43","0000-00","0","no battery","V"
"09/09/2020","09:58:24","2","default","115855972","OXY_CH2","32.828","min","182.978","µmol/L","Humid","21.090","deg","81379","µV","29.024","°C","1016.000","hPa","35.3","pmil","0","53.237","deg","23.954","°C","100.000","%a.s.","21.023","deg","23.635","°C","1019.000","hPa","0.861","-0.02617","0.00035","0","0","13.56","Humid","28.00","0","54.00","363056.03","SABD0000000001","AAV1.0.0.11","1.1.2.0","PSt7-10","170328-007","9/30/2017 19:06:43","0000-00","0","no battery","V"
"09/09/2020","09:58:25","2","default","115855972","OXY_CH2","32.844","min","182.868","µmol/L","Humid","21.093","deg","81370","µV","29.034","°C","1016.000","hPa","35.3","pmil","0","53.237","deg","23.954","°C","100.000","%a.s.","21.023","deg","23.635","°C","1019.000","hPa","0.861","-0.02617","0.00035","0","0","13.56","Humid","28.00","0","54.00","363047.57","SABD0000000001","AAV1.0.0.11","1.1.2.0","PSt7-10","170328-007","9/30/2017 19:06:43","0000-00","0","no battery","V"
"09/09/2020","09:58:26","2","default","115855972","OXY_CH2","32.861","min","182.948","µmol/L","Humid","21.087","deg","81376","µV","29.038","°C","1016.000","hPa","35.3","pmil","0","53.237","deg","23.954","°C","100.000","%a.s.","21.023","deg","23.635","°C","1019.000","hPa","0.861","-0.02617","0.00035","0","0","13.56","Humid","28.00","0","54.00","363047.54","SABD0000000001","AAV1.0.0.11","1.1.2.0","PSt7-10","170328-007","9/30/2017 19:06:43","0000-00","0","no battery","V"
"09/09/2020","09:58:27","2","default","115855972","OXY_CH2","32.878","min","182.912","µmol/L","Humid","21.089","deg","81372","µV","29.038","°C","1016.000","hPa","35.3","pmil","0","53.237","deg","23.954","°C","100.000","%a.s.","21.023","deg","23.635","°C","1019.000","hPa","0.861","-0.02617","0.00035","0","0","13.56","Humid","28.00","0","54.00","363043.98","SABD0000000001","AAV1.0.0.11","1.1.2.0","PSt7-10","170328-007","9/30/2017 19:06:43","0000-00","0","no battery","V"
"09/09/2020","09:58:28","2","default","115855972","OXY_CH2","32.894","min","182.985","µmol/L","Humid","21.086","deg","81373","µV","29.034","°C","1016.000","hPa","35.3","pmil","0","53.237","deg","23.954","°C","100.000","%a.s.","21.023","deg","23.635","°C","1019.000","hPa","0.861","-0.02617","0.00035","0","0","13.56","Humid","28.00","0","54.00","363041.54","SABD0000000001","AAV1.0.0.11","1.1.2.0","PSt7-10","170328-007","9/30/2017 19:06:43","0000-00","0","no battery","V"
"09/09/2020","09:58:29","2","default","115855972","OXY_CH2","32.911","min","182.835","µmol/L","Humid","21.092","deg","81363","µV","29.043","°C","1016.000","hPa","35.3","pmil","0","53.237","deg","23.954","°C","100.000","%a.s.","21.023","deg","23.635","°C","1019.000","hPa","0.861","-0.02617","0.00035","0","0","13.56","Humid","28.00","0","54.00","363030.07","SABD0000000001","AAV1.0.0.11","1.1.2.0","PSt7-10","170328-007","9/30/2017 19:06:43","0000-00","0","no battery","V"
"09/09/2020","09:58:30","2","default","115855972","OXY_CH2","32.928","min","182.949","µmol/L","Humid","21.090","deg","81370","µV","29.029","°C","1016.000","hPa","35.3","pmil","0","53.237","deg","23.954","°C","100.000","%a.s.","21.023","deg","23.635","°C","1019.000","hPa","0.861","-0.02617","0.00035","0","0","13.56","Humid","28.00","0","54.00","363042.15","SABD0000000001","AAV1.0.0.11","1.1.2.0","PSt7-10","170328-007","9/30/2017 19:06:43","0000-00","0","no battery","V"
"09/09/2020","09:58:31","2","default","115855972","OXY_CH2","32.944","min","182.892","µmol/L","Humid","21.093","deg","81377","µV","29.030","°C","1016.000","hPa","35.3","pmil","0","53.237","deg","23.954","°C","100.000","%a.s.","21.023","deg","23.635","°C","1019.000","hPa","0.861","-0.02617","0.00035","0","0","13.56","Humid","28.00","0","54.00","363024.03","SABD0000000001","AAV1.0.0.11","1.1.2.0","PSt7-10","170328-007","9/30/2017 19:06:43","0000-00","0","no battery","V"
"09/09/2020","09:58:32","2","default","115855972","OXY_CH2","32.961","min","182.956","µmol/L","Humid","21.086","deg","81373","µV","29.039","°C","1016.000","hPa","35.3","pmil","0","53.237","deg","23.954","°C","100.000","%a.s.","21.023","deg","23.635","°C","1019.000","hPa","0.861","-0.02617","0.00035","0","0","13.56","Humid","28.00","0","54.00","363044.13","SABD0000000001","AAV1.0.0.11","1.1.2.0","PSt7-10","170328-007","9/30/2017 19:06:43","0000-00","0","no battery","V"
"09/09/2020","09:58:33","2","default","115855972","OXY_CH2","32.978","min","182.987","µmol/L","Humid","21.087","deg","81372","µV","29.031","°C","1016.000","hPa","35.3","pmil","0","53.237","deg","23.954","°C","100.000","%a.s.","21.023","deg","23.635","°C","1019.000","hPa","0.861","-0.02617","0.00035","0","0","13.56","Humid","28.00","0","54.00","363024.82","SABD0000000001","AAV1.0.0.11","1.1.2.0","PSt7-10","170328-007","9/30/2017 19:06:43","0000-00","0","no battery","V"
"09/09/2020","09:58:34","2","default","115855972","OXY_CH2","32.994","min","182.999","µmol/L","Humid","21.089","deg","81372","µV","29.023","°C","1016.000","hPa","35.3","pmil","0","53.237","deg","23.954","°C","100.000","%a.s.","21.023","deg","23.635","°C","1019.000","hPa","0.861","-0.02617","0.00035","0","0","13.56","Humid","28.00","0","54.00","363026.49","SABD0000000001","AAV1.0.0.11","1.1.2.0","PSt7-10","170328-007","9/30/2017 19:06:43","0000-00","0","no battery","V"
"09/09/2020","09:58:35","2","default","115855972","OXY_CH2","33.011","min","182.967","µmol/L","Humid","21.088","deg","81373","µV","29.031","°C","1016.000","hPa","35.3","pmil","0","53.237","deg","23.954","°C","100.000","%a.s.","21.023","deg","23.635","°C","1019.000","hPa","0.861","-0.02617","0.00035","0","0","13.56","Humid","28.00","0","54.00","363029.13","SABD0000000001","AAV1.0.0.11","1.1.2.0","PSt7-10","170328-007","9/30/2017 19:06:43","0000-00","0","no battery","V"
"09/09/2020","09:58:36","2","default","115855972","OXY_CH2","33.027","min","183.003","µmol/L","Humid","21.088","deg","81365","µV","29.025","°C","1016.000","hPa","35.3","pmil","0","53.237","deg","23.954","°C","100.000","%a.s.","21.023","deg","23.635","°C","1019.000","hPa","0.861","-0.02617","0.00035","0","0","13.56","Humid","28.00","0","54.00","363026.74","SABD0000000001","AAV1.0.0.11","1.1.2.0","PSt7-10","170328-007","9/30/2017 19:06:43","0000-00","0","no battery","V"
"09/09/2020","09:58:37","2","default","115855972","OXY_CH2","33.044","min","182.968","µmol/L","Humid","21.088","deg","81368","µV","29.031","°C","1016.000","hPa","35.3","pmil","0","53.237","deg","23.954","°C","100.000","%a.s.","21.023","deg","23.635","°C","1019.000","hPa","0.861","-0.02617","0.00035","0","0","13.56","Humid","28.00","0","54.00","363023.76","SABD0000000001","AAV1.0.0.11","1.1.2.0","PSt7-10","170328-007","9/30/2017 19:06:43","0000-00","0","no battery","V"
"09/09/2020","09:58:38","2","default","115855972","OXY_CH2","33.061","min","182.932","µmol/L","Humid","21.091","deg","81362","µV","29.029","°C","1016.000","hPa","35.3","pmil","0","53.237","deg","23.954","°C","100.000","%a.s.","21.023","deg","23.635","°C","1019.000","hPa","0.861","-0.02617","0.00035","0","0","13.56","Humid","28.00","0","54.00","363019.82","SABD0000000001","AAV1.0.0.11","1.1.2.0","PSt7-10","170328-007","9/30/2017 19:06:43","0000-00","0","no battery","V"
"09/09/2020","09:58:39","2","default","115855972","OXY_CH2","33.077","min","182.929","µmol/L","Humid","21.091","deg","81361","µV","29.029","°C","1016.000","hPa","35.3","pmil","0","53.237","deg","23.954","°C","100.000","%a.s.","21.023","deg","23.635","°C","1019.000","hPa","0.861","-0.02617","0.00035","0","0","13.56","Humid","28.00","0","54.00","363003.80","SABD0000000001","AAV1.0.0.11","1.1.2.0","PSt7-10","170328-007","9/30/2017 19:06:43","0000-00","0","no battery","V"
"09/09/2020","09:58:40","2","default","115855972","OXY_CH2","33.094","min","183.023","µmol/L","Humid","21.090","deg","81361","µV","29.016","°C","1016.000","hPa","35.3","pmil","0","53.237","deg","23.954","°C","100.000","%a.s.","21.023","deg","23.635","°C","1019.000","hPa","0.861","-0.02617","0.00035","0","0","13.56","Humid","28.00","0","54.00","363015.02","SABD0000000001","AAV1.0.0.11","1.1.2.0","PSt7-10","170328-007","9/30/2017 19:06:43","0000-00","0","no battery","V"
"09/09/2020","09:58:41","2","default","115855972","OXY_CH2","33.110","min","182.881","µmol/L","Humid","21.091","deg","81360","µV","29.038","°C","1016.000","hPa","35.3","pmil","0","53.237","deg","23.954","°C","100.000","%a.s.","21.023","deg","23.635","°C","1019.000","hPa","0.861","-0.02617","0.00035","0","0","13.56","Humid","28.00","0","54.00","363013.73","SABD0000000001","AAV1.0.0.11","1.1.2.0","PSt7-10","170328-007","9/30/2017 19:06:43","0000-00","0","no battery","V"
"09/09/2020","09:58:42","2","default","115855972","OXY_CH2","33.127","min","182.931","µmol/L","Humid","21.089","deg","81357","µV","29.035","°C","1016.000","hPa","35.3","pmil","0","53.237","deg","23.954","°C","100.000","%a.s.","21.023","deg","23.635","°C","1019.000","hPa","0.861","-0.02617","0.00035","0","0","13.56","Humid","28.00","0","54.00","363006.68","SABD0000000001","AAV1.0.0.11","1.1.2.0","PSt7-10","170328-007","9/30/2017 19:06:43","0000-00","0","no battery","V"
"09/09/2020","09:58:43","2","default","115855972","OXY_CH2","33.144","min","182.995","µmol/L","Humid","21.089","deg","81361","µV","29.023","°C","1016.000","hPa","35.3","pmil","0","53.237","deg","23.954","°C","100.000","%a.s.","21.023","deg","23.635","°C","1019.000","hPa","0.861","-0.02617","0.00035","0","0","13.56","Humid","28.00","0","54.00","363006.69","SABD0000000001","AAV1.0.0.11","1.1.2.0","PSt7-10","170328-007","9/30/2017 19:06:43","0000-00","0","no battery","V"
"09/09/2020","09:58:44","2","default","115855972","OXY_CH2","33.160","min","182.971","µmol/L","Humid","21.088","deg","81357","µV","29.031","°C","1016.000","hPa","35.3","pmil","0","53.237","deg","23.954","°C","100.000","%a.s.","21.023","deg","23.635","°C","1019.000","hPa","0.861","-0.02617","0.00035","0","0","13.56","Humid","28.00","0","54.00","363006.98","SABD0000000001","AAV1.0.0.11","1.1.2.0","PSt7-10","170328-007","9/30/2017 19:06:43","0000-00","0","no battery","V"
"09/09/2020","09:58:45","2","default","115855972","OXY_CH2","33.177","min","182.977","µmol/L","Humid","21.085","deg","81356","µV","29.038","°C","1016.000","hPa","35.3","pmil","0","53.237","deg","23.954","°C","100.000","%a.s.","21.023","deg","23.635","°C","1019.000","hPa","0.861","-0.02617","0.00035","0","0","13.56","Humid","28.00","0","54.00","362999.68","SABD0000000001","AAV1.0.0.11","1.1.2.0","PSt7-10","170328-007","9/30/2017 19:06:43","0000-00","0","no battery","V"
"09/09/2020","09:58:46","2","default","115855972","OXY_CH2","33.194","min","182.891","µmol/L","Humid","21.085","deg","81358","µV","29.054","°C","1016.000","hPa","35.3","pmil","0","53.237","deg","23.954","°C","100.000","%a.s.","21.023","deg","23.635","°C","1019.000","hPa","0.861","-0.02617","0.00035","0","0","13.56","Humid","28.00","0","54.00","362995.92","SABD0000000001","AAV1.0.0.11","1.1.2.0","PSt7-10","170328-007","9/30/2017 19:06:43","0000-00","0","no battery","V"
"09/09/2020","09:58:47","2","default","115855972","OXY_CH2","33.211","min","182.859","µmol/L","Humid","21.088","deg","81358","µV","29.050","°C","1016.000","hPa","35.3","pmil","0","53.237","deg","23.954","°C","100.000","%a.s.","21.023","deg","23.635","°C","1019.000","hPa","0.861","-0.02617","0.00035","0","0","13.56","Humid","28.00","0","54.00","363000.74","SABD0000000001","AAV1.0.0.11","1.1.2.0","PSt7-10","170328-007","9/30/2017 19:06:43","0000-00","0","no battery","V"
"09/09/2020","09:58:48","2","default","115855972","OXY_CH2","33.227","min","182.769","µmol/L","Humid","21.092","deg","81357","µV","29.055","°C","1016.000","hPa","35.3","pmil","0","53.237","deg","23.954","°C","100.000","%a.s.","21.023","deg","23.635","°C","1019.000","hPa","0.861","-0.02617","0.00035","0","0","13.56","Humid","28.00","0","54.00","362999.12","SABD0000000001","AAV1.0.0.11","1.1.2.0","PSt7-10","170328-007","9/30/2017 19:06:43","0000-00","0","no battery","V"
"09/09/2020","09:58:49","2","default","115855972","OXY_CH2","33.244","min","182.898","µmol/L","Humid","21.087","deg","81359","µV","29.046","°C","1016.000","hPa","35.3","pmil","0","53.237","deg","23.954","°C","100.000","%a.s.","21.023","deg","23.635","°C","1019.000","hPa","0.861","-0.02617","0.00035","0","0","13.56","Humid","28.00","0","54.00","363006.30","SABD0000000001","AAV1.0.0.11","1.1.2.0","PSt7-10","170328-007","9/30/2017 19:06:43","0000-00","0","no battery","V"
"09/09/2020","09:58:50","2","default","115855972","OXY_CH2","33.260","min","182.919","µmol/L","Humid","21.085","deg","81354","µV","29.049","°C","1016.000","hPa","35.3","pmil","0","53.237","deg","23.954","°C","100.000","%a.s.","21.023","deg","23.635","°C","1019.000","hPa","0.861","-0.02617","0.00035","0","0","13.56","Humid","28.00","0","54.00","362979.80","SABD0000000001","AAV1.0.0.11","1.1.2.0","PSt7-10","170328-007","9/30/2017 19:06:43","0000-00","0","no battery","V"
"09/09/2020","09:58:51","2","default","115855972","OXY_CH2","33.277","min","182.889","µmol/L","Humid","21.088","deg","81347","µV","29.045","°C","1016.000","hPa","35.3","pmil","0","53.237","deg","23.954","°C","100.000","%a.s.","21.023","deg","23.635","°C","1019.000","hPa","0.861","-0.02617","0.00035","0","0","13.56","Humid","28.00","0","54.00","362995.25","SABD0000000001","AAV1.0.0.11","1.1.2.0","PSt7-10","170328-007","9/30/2017 19:06:43","0000-00","0","no battery","V"
"09/09/2020","09:58:52","2","default","115855972","OXY_CH2","33.294","min","182.946","µmol/L","Humid","21.087","deg","81352","µV","29.038","°C","1016.000","hPa","35.3","pmil","0","53.237","deg","23.954","°C","100.000","%a.s.","21.023","deg","23.635","°C","1019.000","hPa","0.861","-0.02617","0.00035","0","0","13.56","Humid","28.00","0","54.00","362984.38","SABD0000000001","AAV1.0.0.11","1.1.2.0","PSt7-10","170328-007","9/30/2017 19:06:43","0000-00","0","no battery","V"
"09/09/2020","09:58:53","2","default","115855972","OXY_CH2","33.311","min","182.900","µmol/L","Humid","21.086","deg","81353","µV","29.049","°C","1016.000","hPa","35.3","pmil","0","53.237","deg","23.954","°C","100.000","%a.s.","21.023","deg","23.635","°C","1019.000","hPa","0.861","-0.02617","0.00035","0","0","13.56","Humid","28.00","0","54.00","362993.73","SABD0000000001","AAV1.0.0.11","1.1.2.0","PSt7-10","170328-007","9/30/2017 19:06:43","0000-00","0","no battery","V"
"09/09/2020","09:58:54","2","default","115855972","OXY_CH2","33.327","min","182.805","µmol/L","Humid","21.091","deg","81353","µV","29.051","°C","1016.000","hPa","35.3","pmil","0","53.237","deg","23.954","°C","100.000","%a.s.","21.023","deg","23.635","°C","1019.000","hPa","0.861","-0.02617","0.00035","0","0","13.56","Humid","28.00","0","54.00","362997.73","SABD0000000001","AAV1.0.0.11","1.1.2.0","PSt7-10","170328-007","9/30/2017 19:06:43","0000-00","0","no battery","V"
"09/09/2020","09:58:55","2","default","115855972","OXY_CH2","33.344","min","182.906","µmol/L","Humid","21.084","deg","81352","µV","29.054","°C","1016.000","hPa","35.3","pmil","0","53.237","deg","23.954","°C","100.000","%a.s.","21.023","deg","23.635","°C","1019.000","hPa","0.861","-0.02617","0.00035","0","0","13.56","Humid","28.00","0","54.00","362992.24","SABD0000000001","AAV1.0.0.11","1.1.2.0","PSt7-10","170328-007","9/30/2017 19:06:43","0000-00","0","no battery","V"
"09/09/2020","09:58:56","2","default","115855972","OXY_CH2","33.361","min","182.973","µmol/L","Humid","21.087","deg","81345","µV","29.033","°C","1016.000","hPa","35.3","pmil","0","53.237","deg","23.954","°C","100.000","%a.s.","21.023","deg","23.635","°C","1019.000","hPa","0.861","-0.02617","0.00035","0","0","13.56","Humid","28.00","0","54.00","362997.49","SABD0000000001","AAV1.0.0.11","1.1.2.0","PSt7-10","170328-007","9/30/2017 19:06:43","0000-00","0","no battery","V"
"09/09/2020","09:58:57","2","default","115855972","OXY_CH2","33.378","min","182.915","µmol/L","Humid","21.087","deg","81350","µV","29.043","°C","1016.000","hPa","35.3","pmil","0","53.237","deg","23.954","°C","100.000","%a.s.","21.023","deg","23.635","°C","1019.000","hPa","0.861","-0.02617","0.00035","0","0","13.56","Humid","28.00","0","54.00","362989.83","SABD0000000001","AAV1.0.0.11","1.1.2.0","PSt7-10","170328-007","9/30/2017 19:06:43","0000-00","0","no battery","V"
"09/09/2020","09:58:58","2","default","115855972","OXY_CH2","33.394","min","182.972","µmol/L","Humid","21.082","deg","81349","µV","29.048","°C","1016.000","hPa","35.3","pmil","0","53.237","deg","23.954","°C","100.000","%a.s.","21.023","deg","23.635","°C","1019.000","hPa","0.861","-0.02617","0.00035","0","0","13.56","Humid","28.00","0","54.00","362992.18","SABD0000000001","AAV1.0.0.11","1.1.2.0","PSt7-10","170328-007","9/30/2017 19:06:43","0000-00","0","no battery","V"
"09/09/2020","09:58:59","2","default","115855972","OXY_CH2","33.411","min","182.885","µmol/L","Humid","21.086","deg","81347","µV","29.052","°C","1016.000","hPa","35.3","pmil","0","53.237","deg","23.954","°C","100.000","%a.s.","21.023","deg","23.635","°C","1019.000","hPa","0.861","-0.02617","0.00035","0","0","13.56","Humid","28.00","0","54.00","362988.43","SABD0000000001","AAV1.0.0.11","1.1.2.0","PSt7-10","170328-007","9/30/2017 19:06:43","0000-00","0","no battery","V"
"09/09/2020","09:59:00","2","default","115855972","OXY_CH2","33.427","min","182.907","µmol/L","Humid","21.086","deg","81339","µV","29.048","°C","1016.000","hPa","35.3","pmil","0","53.237","deg","23.954","°C","100.000","%a.s.","21.023","deg","23.635","°C","1019.000","hPa","0.861","-0.02617","0.00035","0","0","13.56","Humid","28.00","0","54.00","362993.44","SABD0000000001","AAV1.0.0.11","1.1.2.0","PSt7-10","170328-007","9/30/2017 19:06:43","0000-00","0","no battery","V"
"09/09/2020","09:59:01","2","default","115855972","OXY_CH2","33.444","min","182.958","µmol/L","Humid","21.083","deg","81354","µV","29.048","°C","1016.000","hPa","35.3","pmil","0","53.237","deg","23.954","°C","100.000","%a.s.","21.023","deg","23.635","°C","1019.000","hPa","0.861","-0.02617","0.00035","0","0","13.56","Humid","28.00","0","54.00","362993.91","SABD0000000001","AAV1.0.0.11","1.1.2.0","PSt7-10","170328-007","9/30/2017 19:06:43","0000-00","0","no battery","V"
"09/09/2020","09:59:02","2","default","115855972","OXY_CH2","33.461","min","182.948","µmol/L","Humid","21.085","deg","81345","µV","29.043","°C","1016.000","hPa","35.3","pmil","0","53.237","deg","23.954","°C","100.000","%a.s.","21.023","deg","23.635","°C","1019.000","hPa","0.861","-0.02617","0.00035","0","0","13.56","Humid","28.00","0","54.00","362983.54","SABD0000000001","AAV1.0.0.11","1.1.2.0","PSt7-10","170328-007","9/30/2017 19:06:43","0000-00","0","no battery","V"
"09/09/2020","09:59:03","2","default","115855972","OXY_CH2","33.477","min","182.890","µmol/L","Humid","21.085","deg","81346","µV","29.054","°C","1016.000","hPa","35.3","pmil","0","53.237","deg","23.954","°C","100.000","%a.s.","21.023","deg","23.635","°C","1019.000","hPa","0.861","-0.02617","0.00035","0","0","13.56","Humid","28.00","0","54.00","362979.57","SABD0000000001","AAV1.0.0.11","1.1.2.0","PSt7-10","170328-007","9/30/2017 19:06:43","0000-00","0","no battery","V"
"09/09/2020","09:59:04","2","default","115855972","OXY_CH2","33.494","min","182.800","µmol/L","Humid","21.088","deg","81341","µV","29.061","°C","1016.000","hPa","35.3","pmil","0","53.237","deg","23.954","°C","100.000","%a.s.","21.023","deg","23.635","°C","1019.000","hPa","0.861","-0.02617","0.00035","0","0","13.56","Humid","28.00","0","54.00","362970.93","SABD0000000001","AAV1.0.0.11","1.1.2.0","PSt7-10","170328-007","9/30/2017 19:06:43","0000-00","0","no battery","V"
"09/09/2020","09:59:05","2","default","115855972","OXY_CH2","33.511","min","182.884","µmol/L","Humid","21.087","deg","81344","µV","29.049","°C","1016.000","hPa","35.3","pmil","0","53.237","deg","23.954","°C","100.000","%a.s.","21.023","deg","23.635","°C","1019.000","hPa","0.861","-0.02617","0.00035","0","0","13.56","Humid","28.00","0","54.00","362984.65","SABD0000000001","AAV1.0.0.11","1.1.2.0","PSt7-10","170328-007","9/30/2017 19:06:43","0000-00","0","no battery","V"
"09/09/2020","09:59:06","2","default","115855972","OXY_CH2","33.527","min","182.871","µmol/L","Humid","21.086","deg","81340","µV","29.054","°C","1016.000","hPa","35.3","pmil","0","53.237","deg","23.954","°C","100.000","%a.s.","21.023","deg","23.635","°C","1019.000","hPa","0.861","-0.02617","0.00035","0","0","13.56","Humid","28.00","0","54.00","362972.45","SABD0000000001","AAV1.0.0.11","1.1.2.0","PSt7-10","170328-007","9/30/2017 19:06:43","0000-00","0","no battery","V"
"09/09/2020","09:59:07","2","default","115855972","OXY_CH2","33.544","min","182.794","µmol/L","Humid","21.088","deg","81337","µV","29.062","°C","1016.000","hPa","35.3","pmil","0","53.237","deg","23.954","°C","100.000","%a.s.","21.023","deg","23.635","°C","1019.000","hPa","0.861","-0.02617","0.00035","0","0","13.56","Humid","28.00","0","54.00","362961.58","SABD0000000001","AAV1.0.0.11","1.1.2.0","PSt7-10","170328-007","9/30/2017 19:06:43","0000-00","0","no battery","V"
"09/09/2020","09:59:08","2","default","115855972","OXY_CH2","33.560","min","182.806","µmol/L","Humid","21.088","deg","81337","µV","29.060","°C","1016.000","hPa","35.3","pmil","0","53.237","deg","23.954","°C","100.000","%a.s.","21.023","deg","23.635","°C","1019.000","hPa","0.861","-0.02617","0.00035","0","0","13.56","Humid","28.00","0","54.00","362967.18","SABD0000000001","AAV1.0.0.11","1.1.2.0","PSt7-10","170328-007","9/30/2017 19:06:43","0000-00","0","no battery","V"
"09/09/2020","09:59:09","2","default","115855972","OXY_CH2","33.577","min","182.909","µmol/L","Humid","21.084","deg","81336","µV","29.053","°C","1016.000","hPa","35.3","pmil","0","53.237","deg","23.954","°C","100.000","%a.s.","21.023","deg","23.635","°C","1019.000","hPa","0.861","-0.02617","0.00035","0","0","13.56","Humid","28.00","0","54.00","362968.35","SABD0000000001","AAV1.0.0.11","1.1.2.0","PSt7-10","170328-007","9/30/2017 19:06:43","0000-00","0","no battery","V"
"09/09/2020","09:59:10","2","default","115855972","OXY_CH2","33.594","min","182.948","µmol/L","Humid","21.085","deg","81340","µV","29.043","°C","1016.000","hPa","35.3","pmil","0","53.237","deg","23.954","°C","100.000","%a.s.","21.023","deg","23.635","°C","1019.000","hPa","0.861","-0.02617","0.00035","0","0","13.56","Humid","28.00","0","54.00","362953.31","SABD0000000001","AAV1.0.0.11","1.1.2.0","PSt7-10","170328-007","9/30/2017 19:06:43","0000-00","0","no battery","V"
"09/09/2020","09:59:11","2","default","115855972","OXY_CH2","33.611","min","182.885","µmol/L","Humid","21.085","deg","81330","µV","29.055","°C","1016.000","hPa","35.3","pmil","0","53.237","deg","23.954","°C","100.000","%a.s.","21.023","deg","23.635","°C","1019.000","hPa","0.861","-0.02617","0.00035","0","0","13.56","Humid","28.00","0","54.00","362954.76","SABD0000000001","AAV1.0.0.11","1.1.2.0","PSt7-10","170328-007","9/30/2017 19:06:43","0000-00","0","no battery","V"
"09/09/2020","09:59:12","2","default","115855972","OXY_CH2","33.627","min","182.911","µmol/L","Humid","21.085","deg","81329","µV","29.050","°C","1016.000","hPa","35.3","pmil","0","53.237","deg","23.954","°C","100.000","%a.s.","21.023","deg","23.635","°C","1019.000","hPa","0.861","-0.02617","0.00035","0","0","13.56","Humid","28.00","0","54.00","362946.78","SABD0000000001","AAV1.0.0.11","1.1.2.0","PSt7-10","170328-007","9/30/2017 19:06:43","0000-00","0","no battery","V"
"09/09/2020","09:59:13","2","default","115855972","OXY_CH2","33.644","min","182.864","µmol/L","Humid","21.084","deg","81331","µV","29.061","°C","1016.000","hPa","35.3","pmil","0","53.237","deg","23.954","°C","100.000","%a.s.","21.023","deg","23.635","°C","1019.000","hPa","0.861","-0.02617","0.00035","0","0","13.56","Humid","28.00","0","54.00","362965.39","SABD0000000001","AAV1.0.0.11","1.1.2.0","PSt7-10","170328-007","9/30/2017 19:06:43","0000-00","0","no battery","V"
"09/09/2020","09:59:14","2","default","115855972","OXY_CH2","33.661","min","182.784","µmol/L","Humid","21.084","deg","81334","µV","29.075","°C","1016.000","hPa","35.3","pmil","0","53.237","deg","23.954","°C","100.000","%a.s.","21.023","deg","23.635","°C","1019.000","hPa","0.861","-0.02617","0.00035","0","0","13.56","Humid","28.00","0","54.00","362947.63","SABD0000000001","AAV1.0.0.11","1.1.2.0","PSt7-10","170328-007","9/30/2017 19:06:43","0000-00","0","no battery","V"
"09/09/2020","09:59:15","2","default","115855972","OXY_CH2","33.677","min","182.877","µmol/L","Humid","21.083","deg","81323","µV","29.062","°C","1016.000","hPa","35.3","pmil","0","53.237","deg","23.954","°C","100.000","%a.s.","21.023","deg","23.635","°C","1019.000","hPa","0.861","-0.02617","0.00035","0","0","13.56","Humid","28.00","0","54.00","362936.72","SABD0000000001","AAV1.0.0.11","1.1.2.0","PSt7-10","170328-007","9/30/2017 19:06:43","0000-00","0","no battery","V"
"09/09/2020","09:59:16","2","default","115855972","OXY_CH2","33.694","min","182.884","µmol/L","Humid","21.084","deg","81336","µV","29.058","°C","1016.000","hPa","35.3","pmil","0","53.237","deg","23.954","°C","100.000","%a.s.","21.023","deg","23.635","°C","1019.000","hPa","0.861","-0.02617","0.00035","0","0","13.56","Humid","28.00","0","54.00","362952.46","SABD0000000001","AAV1.0.0.11","1.1.2.0","PSt7-10","170328-007","9/30/2017 19:06:43","0000-00","0","no battery","V"
"09/09/2020","09:59:17","2","default","115855972","OXY_CH2","33.711","min","182.954","µmol/L","Humid","21.083","deg","81326","µV","29.048","°C","1016.000","hPa","35.3","pmil","0","53.237","deg","23.954","°C","100.000","%a.s.","21.023","deg","23.635","°C","1019.000","hPa","0.861","-0.02617","0.00035","0","0","13.56","Humid","28.00","0","54.00","362943.72","SABD0000000001","AAV1.0.0.11","1.1.2.0","PSt7-10","170328-007","9/30/2017 19:06:43","0000-00","0","no battery","V"
"09/09/2020","09:59:18","2","default","115855972","OXY_CH2","33.727","min","182.908","µmol/L","Humid","21.081","deg","81329","µV","29.062","°C","1016.000","hPa","35.3","pmil","0","53.237","deg","23.954","°C","100.000","%a.s.","21.023","deg","23.635","°C","1019.000","hPa","0.861","-0.02617","0.00035","0","0","13.56","Humid","28.00","0","54.00","362937.23","SABD0000000001","AAV1.0.0.11","1.1.2.0","PSt7-10","170328-007","9/30/2017 19:06:43","0000-00","0","no battery","V"
"09/09/2020","09:59:19","2","default","115855972","OXY_CH2","33.744","min","182.805","µmol/L","Humid","21.086","deg","81323","µV","29.066","°C","1016.000","hPa","35.3","pmil","0","53.237","deg","23.954","°C","100.000","%a.s.","21.023","deg","23.635","°C","1019.000","hPa","0.861","-0.02617","0.00035","0","0","13.56","Humid","28.00","0","54.00","362941.48","SABD0000000001","AAV1.0.0.11","1.1.2.0","PSt7-10","170328-007","9/30/2017 19:06:43","0000-00","0","no battery","V"
"09/09/2020","09:59:20","2","default","115855972","OXY_CH2","33.760","min","182.885","µmol/L","Humid","21.088","deg","81329","µV","29.046","°C","1016.000","hPa","35.3","pmil","0","53.237","deg","23.954","°C","100.000","%a.s.","21.023","deg","23.635","°C","1019.000","hPa","0.861","-0.02617","0.00035","0","0","13.56","Humid","28.00","0","54.00","362946.36","SABD0000000001","AAV1.0.0.11","1.1.2.0","PSt7-10","170328-007","9/30/2017 19:06:43","0000-00","0","no battery","V"
"09/09/2020","09:59:21","2","default","115855972","OXY_CH2","33.777","min","182.874","µmol/L","Humid","21.085","deg","81330","µV","29.056","°C","1016.000","hPa","35.3","pmil","0","53.237","deg","23.954","°C","100.000","%a.s.","21.023","deg","23.635","°C","1019.000","hPa","0.861","-0.02617","0.00035","0","0","13.56","Humid","28.00","0","54.00","362944.24","SABD0000000001","AAV1.0.0.11","1.1.2.0","PSt7-10","170328-007","9/30/2017 19:06:43","0000-00","0","no battery","V"
"09/09/2020","09:59:22","2","default","115855972","OXY_CH2","33.794","min","182.724","µmol/L","Humid","21.087","deg","81329","µV","29.077","°C","1016.000","hPa","35.3","pmil","0","53.237","deg","23.954","°C","100.000","%a.s.","21.023","deg","23.635","°C","1019.000","hPa","0.861","-0.02617","0.00035","0","0","13.56","Humid","28.00","0","54.00","362941.28","SABD0000000001","AAV1.0.0.11","1.1.2.0","PSt7-10","170328-007","9/30/2017 19:06:43","0000-00","0","no battery","V"
"09/09/2020","09:59:23","2","default","115855972","OXY_CH2","33.811","min","182.718","µmol/L","Humid","21.087","deg","81328","µV","29.078","°C","1016.000","hPa","35.3","pmil","0","53.237","deg","23.954","°C","100.000","%a.s.","21.023","deg","23.635","°C","1019.000","hPa","0.861","-0.02617","0.00035","0","0","13.56","Humid","28.00","0","54.00","362938.12","SABD0000000001","AAV1.0.0.11","1.1.2.0","PSt7-10","170328-007","9/30/2017 19:06:43","0000-00","0","no battery","V"
"09/09/2020","09:59:24","2","default","115855972","OXY_CH2","33.827","min","182.812","µmol/L","Humid","21.084","deg","81329","µV","29.070","°C","1016.000","hPa","35.3","pmil","0","53.237","deg","23.954","°C","100.000","%a.s.","21.023","deg","23.635","°C","1019.000","hPa","0.861","-0.02617","0.00035","0","0","13.56","Humid","28.00","0","54.00","362947.31","SABD0000000001","AAV1.0.0.11","1.1.2.0","PSt7-10","170328-007","9/30/2017 19:06:43","0000-00","0","no battery","V"
"09/09/2020","09:59:25","2","default","115855972","OXY_CH2","33.844","min","182.833","µmol/L","Humid","21.085","deg","81324","µV","29.064","°C","1016.000","hPa","35.3","pmil","0","53.237","deg","23.954","°C","100.000","%a.s.","21.023","deg","23.635","°C","1019.000","hPa","0.861","-0.02617","0.00035","0","0","13.56","Humid","28.00","0","54.00","362939.23","SABD0000000001","AAV1.0.0.11","1.1.2.0","PSt7-10","170328-007","9/30/2017 19:06:43","0000-00","0","no battery","V"
"09/09/2020","09:59:26","2","default","115855972","OXY_CH2","33.860","min","182.818","µmol/L","Humid","21.086","deg","81320","µV","29.063","°C","1016.000","hPa","35.3","pmil","0","53.237","deg","23.954","°C","100.000","%a.s.","21.023","deg","23.635","°C","1019.000","hPa","0.861","-0.02617","0.00035","0","0","13.56","Humid","28.00","0","54.00","362934.18","SABD0000000001","AAV1.0.0.11","1.1.2.0","PSt7-10","170328-007","9/30/2017 19:06:43","0000-00","0","no battery","V"
"09/09/2020","09:59:27","2","default","115855972","OXY_CH2","33.877","min","182.840","µmol/L","Humid","21.084","deg","81319","µV","29.065","°C","1016.000","hPa","35.3","pmil","0","53.237","deg","23.954","°C","100.000","%a.s.","21.023","deg","23.635","°C","1019.000","hPa","0.861","-0.02617","0.00035","0","0","13.56","Humid","28.00","0","54.00","362924.98","SABD0000000001","AAV1.0.0.11","1.1.2.0","PSt7-10","170328-007","9/30/2017 19:06:43","0000-00","0","no battery","V"
"09/09/2020","09:59:28","2","default","115855972","OXY_CH2","33.894","min","182.828","µmol/L","Humid","21.083","deg","81314","µV","29.070","°C","1016.000","hPa","35.3","pmil","0","53.237","deg","23.954","°C","100.000","%a.s.","21.023","deg","23.635","°C","1019.000","hPa","0.861","-0.02617","0.00035","0","0","13.56","Humid","28.00","0","54.00","362923.63","SABD0000000001","AAV1.0.0.11","1.1.2.0","PSt7-10","170328-007","9/30/2017 19:06:43","0000-00","0","no battery","V"
"09/09/2020","09:59:29","2","default","115855972","OXY_CH2","33.911","min","182.793","µmol/L","Humid","21.085","deg","81320","µV","29.071","°C","1016.000","hPa","35.3","pmil","0","53.237","deg","23.954","°C","100.000","%a.s.","21.023","deg","23.635","°C","1019.000","hPa","0.861","-0.02617","0.00035","0","0","13.56","Humid","28.00","0","54.00","362935.28","SABD0000000001","AAV1.0.0.11","1.1.2.0","PSt7-10","170328-007","9/30/2017 19:06:43","0000-00","0","no battery","V"
"09/09/2020","09:59:30","2","default","115855972","OXY_CH2","33.927","min","182.734","µmol/L","Humid","21.086","deg","81321","µV","29.078","°C","1016.000","hPa","35.3","pmil","0","53.237","deg","23.954","°C","100.000","%a.s.","21.023","deg","23.635","°C","1019.000","hPa","0.861","-0.02617","0.00035","0","0","13.56","Humid","28.00","0","54.00","362929.49","SABD0000000001","AAV1.0.0.11","1.1.2.0","PSt7-10","170328-007","9/30/2017 19:06:43","0000-00","0","no battery","V"
"09/09/2020","09:59:31","2","default","115855972","OXY_CH2","33.944","min","182.840","µmol/L","Humid","21.082","deg","81319","µV","29.071","°C","1016.000","hPa","35.3","pmil","0","53.237","deg","23.954","°C","100.000","%a.s.","21.023","deg","23.635","°C","1019.000","hPa","0.861","-0.02617","0.00035","0","0","13.56","Humid","28.00","0","54.00","362937.65","SABD0000000001","AAV1.0.0.11","1.1.2.0","PSt7-10","170328-007","9/30/2017 19:06:43","0000-00","0","no battery","V"
"09/09/2020","09:59:32","2","default","115855972","OXY_CH2","33.961","min","182.801","µmol/L","Humid","21.083","deg","81320","µV","29.075","°C","1016.000","hPa","35.3","pmil","0","53.237","deg","23.954","°C","100.000","%a.s.","21.023","deg","23.635","°C","1019.000","hPa","0.861","-0.02617","0.00035","0","0","13.56","Humid","28.00","0","54.00","362926.11","SABD0000000001","AAV1.0.0.11","1.1.2.0","PSt7-10","170328-007","9/30/2017 19:06:43","0000-00","0","no battery","V"
"09/09/2020","09:59:33","2","default","115855972","OXY_CH2","33.977","min","182.735","µmol/L","Humid","21.086","deg","81315","µV","29.078","°C","1016.000","hPa","35.3","pmil","0","53.237","deg","23.954","°C","100.000","%a.s.","21.023","deg","23.635","°C","1019.000","hPa","0.861","-0.02617","0.00035","0","0","13.56","Humid","28.00","0","54.00","362915.62","SABD0000000001","AAV1.0.0.11","1.1.2.0","PSt7-10","170328-007","9/30/2017 19:06:43","0000-00","0","no battery","V"
"09/09/2020","09:59:34","2","default","115855972","OXY_CH2","33.994","min","182.835","µmol/L","Humid","21.081","deg","81311","µV","29.075","°C","1016.000","hPa","35.3","pmil","0","53.237","deg","23.954","°C","100.000","%a.s.","21.023","deg","23.635","°C","1019.000","hPa","0.861","-0.02617","0.00035","0","0","13.56","Humid","28.00","0","54.00","362933.38","SABD0000000001","AAV1.0.0.11","1.1.2.0","PSt7-10","170328-007","9/30/2017 19:06:43","0000-00","0","no battery","V"
"09/09/2020","09:59:35","2","default","115855972","OXY_CH2","34.011","min","182.900","µmol/L","Humid","21.082","deg","81317","µV","29.061","°C","1016.000","hPa","35.3","pmil","0","53.237","deg","23.954","°C","100.000","%a.s.","21.023","deg","23.635","°C","1019.000","hPa","0.861","-0.02617","0.00035","0","0","13.56","Humid","28.00","0","54.00","362936.59","SABD0000000001","AAV1.0.0.11","1.1.2.0","PSt7-10","170328-007","9/30/2017 19:06:43","0000-00","0","no battery","V"
"09/09/2020","09:59:36","2","default","115855972","OXY_CH2","34.027","min","182.721","µmol/L","Humid","21.087","deg","81310","µV","29.078","°C","1016.000","hPa","35.3","pmil","0","53.237","deg","23.954","°C","100.000","%a.s.","21.023","deg","23.635","°C","1019.000","hPa","0.861","-0.02617","0.00035","0","0","13.56","Humid","28.00","0","54.00","362921.49","SABD0000000001","AAV1.0.0.11","1.1.2.0","PSt7-10","170328-007","9/30/2017 19:06:43","0000-00","0","no battery","V"
"09/09/2020","09:59:37","2","default","115855972","OXY_CH2","34.044","min","182.903","µmol/L","Humid","21.081","deg","81317","µV","29.063","°C","1016.000","hPa","35.3","pmil","0","53.237","deg","23.954","°C","100.000","%a.s.","21.023","deg","23.635","°C","1019.000","hPa","0.861","-0.02617","0.00035","0","0","13.56","Humid","28.00","0","54.00","362921.31","SABD0000000001","AAV1.0.0.11","1.1.2.0","PSt7-10","170328-007","9/30/2017 19:06:43","0000-00","0","no battery","V"
"09/09/2020","09:59:38","2","default","115855972","OXY_CH2","34.061","min","182.927","µmol/L","Humid","21.080","deg","81313","µV","29.062","°C","1016.000","hPa","35.3","pmil","0","53.237","deg","23.954","°C","100.000","%a.s.","21.023","deg","23.635","°C","1019.000","hPa","0.861","-0.02617","0.00035","0","0","13.56","Humid","28.00","0","54.00","362925.03","SABD0000000001","AAV1.0.0.11","1.1.2.0","PSt7-10","170328-007","9/30/2017 19:06:43","0000-00","0","no battery","V"
"09/09/2020","09:59:39","2","default","115855972","OXY_CH2","34.078","min","182.832","µmol/L","Humid","21.083","deg","81311","µV","29.070","°C","1016.000","hPa","35.3","pmil","0","53.237","deg","23.954","°C","100.000","%a.s.","21.023","deg","23.635","°C","1019.000","hPa","0.861","-0.02617","0.00035","0","0","13.56","Humid","28.00","0","54.00","362914.36","SABD0000000001","AAV1.0.0.11","1.1.2.0","PSt7-10","170328-007","9/30/2017 19:06:43","0000-00","0","no battery","V"
"09/09/2020","09:59:40","2","default","115855972","OXY_CH2","34.094","min","182.923","µmol/L","Humid","21.078","deg","81304","µV","29.068","°C","1016.000","hPa","35.3","pmil","0","53.237","deg","23.954","°C","100.000","%a.s.","21.023","deg","23.635","°C","1019.000","hPa","0.861","-0.02617","0.00035","0","0","13.56","Humid","28.00","0","54.00","362927.99","SABD0000000001","AAV1.0.0.11","1.1.2.0","PSt7-10","170328-007","9/30/2017 19:06:43","0000-00","0","no battery","V"
"09/09/2020","09:59:41","2","default","115855972","OXY_CH2","34.111","min","182.802","µmol/L","Humid","21.077","deg","81307","µV","29.092","°C","1016.000","hPa","35.3","pmil","0","53.237","deg","23.954","°C","100.000","%a.s.","21.023","deg","23.635","°C","1019.000","hPa","0.861","-0.02617","0.00035","0","0","13.56","Humid","28.00","0","54.00","362919.01","SABD0000000001","AAV1.0.0.11","1.1.2.0","PSt7-10","170328-007","9/30/2017 19:06:43","0000-00","0","no battery","V"
"09/09/2020","09:59:42","2","default","115855972","OXY_CH2","34.127","min","182.826","µmol/L","Humid","21.079","deg","81308","µV","29.082","°C","1016.000","hPa","35.3","pmil","0","53.237","deg","23.954","°C","100.000","%a.s.","21.023","deg","23.635","°C","1019.000","hPa","0.861","-0.02617","0.00035","0","0","13.56","Humid","28.00","0","54.00","362907.21","SABD0000000001","AAV1.0.0.11","1.1.2.0","PSt7-10","170328-007","9/30/2017 19:06:43","0000-00","0","no battery","V"
"09/09/2020","09:59:43","2","default","115855972","OXY_CH2","34.144","min","182.716","µmol/L","Humid","21.085","deg","81312","µV","29.084","°C","1016.000","hPa","35.3","pmil","0","53.237","deg","23.954","°C","100.000","%a.s.","21.023","deg","23.635","°C","1019.000","hPa","0.861","-0.02617","0.00035","0","0","13.56","Humid","28.00","0","54.00","362913.12","SABD0000000001","AAV1.0.0.11","1.1.2.0","PSt7-10","170328-007","9/30/2017 19:06:43","0000-00","0","no battery","V"
"09/09/2020","09:59:44","2","default","115855972","OXY_CH2","34.161","min","182.795","µmol/L","Humid","21.083","deg","81303","µV","29.076","°C","1016.000","hPa","35.3","pmil","0","53.237","deg","23.954","°C","100.000","%a.s.","21.023","deg","23.635","°C","1019.000","hPa","0.861","-0.02617","0.00035","0","0","13.56","Humid","28.00","0","54.00","362904.98","SABD0000000001","AAV1.0.0.11","1.1.2.0","PSt7-10","170328-007","9/30/2017 19:06:43","0000-00","0","no battery","V"
"09/09/2020","09:59:45","2","default","115855972","OXY_CH2","34.177","min","182.853","µmol/L","Humid","21.080","deg","81305","µV","29.075","°C","1016.000","hPa","35.3","pmil","0","53.237","deg","23.954","°C","100.000","%a.s.","21.023","deg","23.635","°C","1019.000","hPa","0.861","-0.02617","0.00035","0","0","13.56","Humid","28.00","0","54.00","362911.37","SABD0000000001","AAV1.0.0.11","1.1.2.0","PSt7-10","170328-007","9/30/2017 19:06:43","0000-00","0","no battery","V"
"09/09/2020","09:59:46","2","default","115855972","OXY_CH2","34.194","min","182.766","µmol/L","Humid","21.083","deg","81302","µV","29.081","°C","1016.000","hPa","35.3","pmil","0","53.237","deg","23.954","°C","100.000","%a.s.","21.023","deg","23.635","°C","1019.000","hPa","0.861","-0.02617","0.00035","0","0","13.56","Humid","28.00","0","54.00","362902.06","SABD0000000001","AAV1.0.0.11","1.1.2.0","PSt7-10","170328-007","9/30/2017 19:06:43","0000-00","0","no battery","V"
"09/09/2020","09:59:47","2","default","115855972","OXY_CH2","34.210","min","182.808","µmol/L","Humid","21.083","deg","81300","µV","29.074","°C","1016.000","hPa","35.3","pmil","0","53.237","deg","23.954","°C","100.000","%a.s.","21.023","deg","23.635","°C","1019.000","hPa","0.861","-0.02617","0.00035","0","0","13.56","Humid","28.00","0","54.00","362910.21","SABD0000000001","AAV1.0.0.11","1.1.2.0","PSt7-10","170328-007","9/30/2017 19:06:43","0000-00","0","no battery","V"
"09/09/2020","09:59:48","2","default","115855972","OXY_CH2","34.227","min","182.811","µmol/L","Humid","21.084","deg","81305","µV","29.070","°C","1016.000","hPa","35.3","pmil","0","53.237","deg","23.954","°C","100.000","%a.s.","21.023","deg","23.635","°C","1019.000","hPa","0.861","-0.02617","0.00035","0","0","13.56","Humid","28.00","0","54.00","362908.56","SABD0000000001","AAV1.0.0.11","1.1.2.0","PSt7-10","170328-007","9/30/2017 19:06:43","0000-00","0","no battery","V"
"09/09/2020","09:59:49","2","default","115855972","OXY_CH2","34.244","min","182.857","µmol/L","Humid","21.078","deg","81304","µV","29.080","°C","1016.000","hPa","35.3","pmil","0","53.237","deg","23.954","°C","100.000","%a.s.","21.023","deg","23.635","°C","1019.000","hPa","0.861","-0.02617","0.00035","0","0","13.56","Humid","28.00","0","54.00","362896.92","SABD0000000001","AAV1.0.0.11","1.1.2.0","PSt7-10","170328-007","9/30/2017 19:06:43","0000-00","0","no battery","V"
"09/09/2020","09:59:50","2","default","115855972","OXY_CH2","34.261","min","182.777","µmol/L","Humid","21.081","deg","81295","µV","29.085","°C","1016.000","hPa","35.3","pmil","0","53.237","deg","23.954","°C","100.000","%a.s.","21.023","deg","23.635","°C","1019.000","hPa","0.861","-0.02617","0.00035","0","0","13.56","Humid","28.00","0","54.00","362909.95","SABD0000000001","AAV1.0.0.11","1.1.2.0","PSt7-10","170328-007","9/30/2017 19:06:43","0000-00","0","no battery","V"
"09/09/2020","09:59:51","2","default","115855972","OXY_CH2","34.277","min","182.777","µmol/L","Humid","21.081","deg","81300","µV","29.085","°C","1016.000","hPa","35.3","pmil","0","53.237","deg","23.954","°C","100.000","%a.s.","21.023","deg","23.635","°C","1019.000","hPa","0.861","-0.02617","0.00035","0","0","13.56","Humid","28.00","0","54.00","362896.13","SABD0000000001","AAV1.0.0.11","1.1.2.0","PSt7-10","170328-007","9/30/2017 19:06:43","0000-00","0","no battery","V"
"09/09/2020","09:59:52","2","default","115855972","OXY_CH2","34.294","min","182.793","µmol/L","Humid","21.081","deg","81297","µV","29.082","°C","1016.000","hPa","35.3","pmil","0","53.237","deg","23.954","°C","100.000","%a.s.","21.023","deg","23.635","°C","1019.000","hPa","0.861","-0.02617","0.00035","0","0","13.56","Humid","28.00","0","54.00","362894.31","SABD0000000001","AAV1.0.0.11","1.1.2.0","PSt7-10","170328-007","9/30/2017 19:06:43","0000-00","0","no battery","V"
"09/09/2020","09:59:53","2","default","115855972","OXY_CH2","34.311","min","182.851","µmol/L","Humid","21.079","deg","81302","µV","29.078","°C","1016.000","hPa","35.3","pmil","0","53.237","deg","23.954","°C","100.000","%a.s.","21.023","deg","23.635","°C","1019.000","hPa","0.861","-0.02617","0.00035","0","0","13.56","Humid","28.00","0","54.00","362906.77","SABD0000000001","AAV1.0.0.11","1.1.2.0","PSt7-10","170328-007","9/30/2017 19:06:43","0000-00","0","no battery","V"
"09/09/2020","09:59:54","2","default","115855972","OXY_CH2","34.327","min","182.816","µmol/L","Humid","21.081","deg","81296","µV","29.078","°C","1016.000","hPa","35.3","pmil","0","53.237","deg","23.954","°C","100.000","%a.s.","21.023","deg","23.635","°C","1019.000","hPa","0.861","-0.02617","0.00035","0","0","13.56","Humid","28.00","0","54.00","362891.54","SABD0000000001","AAV1.0.0.11","1.1.2.0","PSt7-10","170328-007","9/30/2017 19:06:43","0000-00","0","no battery","V"
"09/09/2020","09:59:55","2","default","115855972","OXY_CH2","34.344","min","182.783","µmol/L","Humid","21.079","deg","81300","µV","29.090","°C","1016.000","hPa","35.3","pmil","0","53.237","deg","23.954","°C","100.000","%a.s.","21.023","deg","23.635","°C","1019.000","hPa","0.861","-0.02617","0.00035","0","0","13.56","Humid","28.00","0","54.00","362884.91","SABD0000000001","AAV1.0.0.11","1.1.2.0","PSt7-10","170328-007","9/30/2017 19:06:43","0000-00","0","no battery","V"
"09/09/2020","09:59:56","2","default","115855972","OXY_CH2","34.361","min","182.698","µmol/L","Humid","21.081","deg","81296","µV","29.099","°C","1016.000","hPa","35.3","pmil","0","53.237","deg","23.954","°C","100.000","%a.s.","21.023","deg","23.635","°C","1019.000","hPa","0.861","-0.02617","0.00035","0","0","13.56","Humid","28.00","0","54.00","362890.73","SABD0000000001","AAV1.0.0.11","1.1.2.0","PSt7-10","170328-007","9/30/2017 19:06:43","0000-00","0","no battery","V"
"09/09/2020","09:59:57","2","default","115855972","OXY_CH2","34.377","min","182.745","µmol/L","Humid","21.078","deg","81295","µV","29.100","°C","1016.000","hPa","35.3","pmil","0","53.237","deg","23.954","°C","100.000","%a.s.","21.023","deg","23.635","°C","1019.000","hPa","0.861","-0.02617","0.00035","0","0","13.56","Humid","28.00","0","54.00","362888.37","SABD0000000001","AAV1.0.0.11","1.1.2.0","PSt7-10","170328-007","9/30/2017 19:06:43","0000-00","0","no battery","V"
"09/09/2020","09:59:58","2","default","115855972","OXY_CH2","34.394","min","182.714","µmol/L","Humid","21.085","deg","81290","µV","29.085","°C","1016.000","hPa","35.3","pmil","0","53.237","deg","23.954","°C","100.000","%a.s.","21.023","deg","23.635","°C","1019.000","hPa","0.861","-0.02617","0.00035","0","0","13.56","Humid","28.00","0","54.00","362888.12","SABD0000000001","AAV1.0.0.11","1.1.2.0","PSt7-10","170328-007","9/30/2017 19:06:43","0000-00","0","no battery","V"
"09/09/2020","09:59:59","2","default","115855972","OXY_CH2","34.411","min","182.915","µmol/L","Humid","21.078","deg","81285","µV","29.070","°C","1016.000","hPa","35.3","pmil","0","53.237","deg","23.954","°C","100.000","%a.s.","21.023","deg","23.635","°C","1019.000","hPa","0.861","-0.02617","0.00035","0","0","13.56","Humid","28.00","0","54.00","362883.20","SABD0000000001","AAV1.0.0.11","1.1.2.0","PSt7-10","170328-007","9/30/2017 19:06:43","0000-00","0","no battery","V"
"09/09/2020","10:00:00","2","default","115855972","OXY_CH2","34.427","min","182.717","µmol/L","Humid","21.080","deg","81288","µV","29.099","°C","1016.000","hPa","35.3","pmil","0","53.237","deg","23.954","°C","100.000","%a.s.","21.023","deg","23.635","°C","1019.000","hPa","0.861","-0.02617","0.00035","0","0","13.56","Humid","28.00","0","54.00","362897.38","SABD0000000001","AAV1.0.0.11","1.1.2.0","PSt7-10","170328-007","9/30/2017 19:06:43","0000-00","0","no battery","V"
"09/09/2020","10:00:01","2","default","115855972","OXY_CH2","34.444","min","182.720","µmol/L","Humid","21.080","deg","81294","µV","29.098","°C","1016.000","hPa","35.3","pmil","0","53.237","deg","23.954","°C","100.000","%a.s.","21.023","deg","23.635","°C","1019.000","hPa","0.861","-0.02617","0.00035","0","0","13.56","Humid","28.00","0","54.00","362875.52","SABD0000000001","AAV1.0.0.11","1.1.2.0","PSt7-10","170328-007","9/30/2017 19:06:43","0000-00","0","no battery","V"
"09/09/2020","10:00:02","2","default","115855972","OXY_CH2","34.461","min","182.784","µmol/L","Humid","21.079","deg","81294","µV","29.090","°C","1016.000","hPa","35.3","pmil","0","53.237","deg","23.954","°C","100.000","%a.s.","21.023","deg","23.635","°C","1019.000","hPa","0.861","-0.02617","0.00035","0","0","13.56","Humid","28.00","0","54.00","362887.82","SABD0000000001","AAV1.0.0.11","1.1.2.0","PSt7-10","170328-007","9/30/2017 19:06:43","0000-00","0","no battery","V"
"09/09/2020","10:00:03","2","default","115855972","OXY_CH2","34.477","min","182.794","µmol/L","Humid","21.077","deg","81296","µV","29.094","°C","1016.000","hPa","35.3","pmil","0","53.237","deg","23.954","°C","100.000","%a.s.","21.023","deg","23.635","°C","1019.000","hPa","0.861","-0.02617","0.00035","0","0","13.56","Humid","28.00","0","54.00","362887.92","SABD0000000001","AAV1.0.0.11","1.1.2.0","PSt7-10","170328-007","9/30/2017 19:06:43","0000-00","0","no battery","V"
"09/09/2020","10:00:04","2","default","115855972","OXY_CH2","34.494","min","182.781","µmol/L","Humid","21.076","deg","81297","µV","29.099","°C","1016.000","hPa","35.3","pmil","0","53.237","deg","23.954","°C","100.000","%a.s.","21.023","deg","23.635","°C","1019.000","hPa","0.861","-0.02617","0.00035","0","0","13.56","Humid","28.00","0","54.00","362892.72","SABD0000000001","AAV1.0.0.11","1.1.2.0","PSt7-10","170328-007","9/30/2017 19:06:43","0000-00","0","no battery","V"
"09/09/2020","10:00:05","2","default","115855972","OXY_CH2","34.511","min","182.810","µmol/L","Humid","21.076","deg","81291","µV","29.094","°C","1016.000","hPa","35.3","pmil","0","53.237","deg","23.954","°C","100.000","%a.s.","21.023","deg","23.635","°C","1019.000","hPa","0.861","-0.02617","0.00035","0","0","13.56","Humid","28.00","0","54.00","362886.84","SABD0000000001","AAV1.0.0.11","1.1.2.0","PSt7-10","170328-007","9/30/2017 19:06:43","0000-00","0","no battery","V"
"09/09/2020","10:00:06","2","default","115855972","OXY_CH2","34.528","min","182.737","µmol/L","Humid","21.077","deg","81291","µV","29.104","°C","1016.000","hPa","35.3","pmil","0","53.237","deg","23.954","°C","100.000","%a.s.","21.023","deg","23.635","°C","1019.000","hPa","0.861","-0.02617","0.00035","0","0","13.56","Humid","28.00","0","54.00","362881.96","SABD0000000001","AAV1.0.0.11","1.1.2.0","PSt7-10","170328-007","9/30/2017 19:06:43","0000-00","0","no battery","V"
"09/09/2020","10:00:07","2","default","115855972","OXY_CH2","34.544","min","182.694","µmol/L","Humid","21.080","deg","81289","µV","29.103","°C","1016.000","hPa","35.3","pmil","0","53.237","deg","23.954","°C","100.000","%a.s.","21.023","deg","23.635","°C","1019.000","hPa","0.861","-0.02617","0.00035","0","0","13.56","Humid","28.00","0","54.00","362879.78","SABD0000000001","AAV1.0.0.11","1.1.2.0","PSt7-10","170328-007","9/30/2017 19:06:43","0000-00","0","no battery","V"
"09/09/2020","10:00:08","2","default","115855972","OXY_CH2","34.561","min","182.787","µmol/L","Humid","21.077","deg","81289","µV","29.095","°C","1016.000","hPa","35.3","pmil","0","53.237","deg","23.954","°C","100.000","%a.s.","21.023","deg","23.635","°C","1019.000","hPa","0.861","-0.02617","0.00035","0","0","13.56","Humid","28.00","0","54.00","362882.43","SABD0000000001","AAV1.0.0.11","1.1.2.0","PSt7-10","170328-007","9/30/2017 19:06:43","0000-00","0","no battery","V"
"09/09/2020","10:00:09","2","default","115855972","OXY_CH2","34.577","min","182.793","µmol/L","Humid","21.081","deg","81288","µV","29.082","°C","1016.000","hPa","35.3","pmil","0","53.237","deg","23.954","°C","100.000","%a.s.","21.023","deg","23.635","°C","1019.000","hPa","0.861","-0.02617","0.00035","0","0","13.56","Humid","28.00","0","54.00","362864.38","SABD0000000001","AAV1.0.0.11","1.1.2.0","PSt7-10","170328-007","9/30/2017 19:06:43","0000-00","0","no battery","V"
"09/09/2020","10:00:10","2","default","115855972","OXY_CH2","34.594","min","182.681","µmol/L","Humid","21.081","deg","81291","µV","29.102","°C","1016.000","hPa","35.3","pmil","0","53.237","deg","23.954","°C","100.000","%a.s.","21.023","deg","23.635","°C","1019.000","hPa","0.861","-0.02617","0.00035","0","0","13.56","Humid","28.00","0","54.00","362889.72","SABD0000000001","AAV1.0.0.11","1.1.2.0","PSt7-10","170328-007","9/30/2017 19:06:43","0000-00","0","no battery","V"
"09/09/2020","10:00:11","2","default","115855972","OXY_CH2","34.611","min","182.802","µmol/L","Humid","21.076","deg","81287","µV","29.095","°C","1016.000","hPa","35.3","pmil","0","53.237","deg","23.954","°C","100.000","%a.s.","21.023","deg","23.635","°C","1019.000","hPa","0.861","-0.02617","0.00035","0","0","13.56","Humid","28.00","0","54.00","362871.36","SABD0000000001","AAV1.0.0.11","1.1.2.0","PSt7-10","170328-007","9/30/2017 19:06:43","0000-00","0","no battery","V"
"09/09/2020","10:00:12","2","default","115855972","OXY_CH2","34.627","min","182.734","µmol/L","Humid","21.079","deg","81280","µV","29.099","°C","1016.000","hPa","35.3","pmil","0","53.237","deg","23.954","°C","100.000","%a.s.","21.023","deg","23.635","°C","1019.000","hPa","0.861","-0.02617","0.00035","0","0","13.56","Humid","28.00","0","54.00","362871.51","SABD0000000001","AAV1.0.0.11","1.1.2.0","PSt7-10","170328-007","9/30/2017 19:06:43","0000-00","0","no battery","V"
"09/09/2020","10:00:13","2","default","115855972","OXY_CH2","34.644","min","182.678","µmol/L","Humid","21.080","deg","81274","µV","29.106","°C","1016.000","hPa","35.3","pmil","0","53.237","deg","23.954","°C","100.000","%a.s.","21.023","deg","23.635","°C","1019.000","hPa","0.861","-0.02617","0.00035","0","0","13.56","Humid","28.00","0","54.00","362858.72","SABD0000000001","AAV1.0.0.11","1.1.2.0","PSt7-10","170328-007","9/30/2017 19:06:43","0000-00","0","no battery","V"
"09/09/2020","10:00:14","2","default","115855972","OXY_CH2","34.661","min","182.702","µmol/L","Humid","21.082","deg","81273","µV","29.096","°C","1016.000","hPa","35.3","pmil","0","53.237","deg","23.954","°C","100.000","%a.s.","21.023","deg","23.635","°C","1019.000","hPa","0.861","-0.02617","0.00035","0","0","13.56","Humid","28.00","0","54.00","362869.37","SABD0000000001","AAV1.0.0.11","1.1.2.0","PSt7-10","170328-007","9/30/2017 19:06:43","0000-00","0","no battery","V"
"09/09/2020","10:00:15","2","default","115855972","OXY_CH2","34.677","min","182.686","µmol/L","Humid","21.083","deg","81281","µV","29.095","°C","1016.000","hPa","35.3","pmil","0","53.237","deg","23.954","°C","100.000","%a.s.","21.023","deg","23.635","°C","1019.000","hPa","0.861","-0.02617","0.00035","0","0","13.56","Humid","28.00","0","54.00","362857.89","SABD0000000001","AAV1.0.0.11","1.1.2.0","PSt7-10","170328-007","9/30/2017 19:06:43","0000-00","0","no battery","V"
"09/09/2020","10:00:16","2","default","115855972","OXY_CH2","34.694","min","182.782","µmol/L","Humid","21.075","deg","81279","µV","29.102","°C","1016.000","hPa","35.3","pmil","0","53.237","deg","23.954","°C","100.000","%a.s.","21.023","deg","23.635","°C","1019.000","hPa","0.861","-0.02617","0.00035","0","0","13.56","Humid","28.00","0","54.00","362855.01","SABD0000000001","AAV1.0.0.11","1.1.2.0","PSt7-10","170328-007","9/30/2017 19:06:43","0000-00","0","no battery","V"
"09/09/2020","10:00:17","2","default","115855972","OXY_CH2","34.711","min","182.735","µmol/L","Humid","21.081","deg","81281","µV","29.093","°C","1016.000","hPa","35.3","pmil","0","53.237","deg","23.954","°C","100.000","%a.s.","21.023","deg","23.635","°C","1019.000","hPa","0.861","-0.02617","0.00035","0","0","13.56","Humid","28.00","0","54.00","362859.69","SABD0000000001","AAV1.0.0.11","1.1.2.0","PSt7-10","170328-007","9/30/2017 19:06:43","0000-00","0","no battery","V"
"09/09/2020","10:00:18","2","default","115855972","OXY_CH2","34.727","min","182.777","µmol/L","Humid","21.078","deg","81281","µV","29.094","°C","1016.000","hPa","35.3","pmil","0","53.237","deg","23.954","°C","100.000","%a.s.","21.023","deg","23.635","°C","1019.000","hPa","0.861","-0.02617","0.00035","0","0","13.56","Humid","28.00","0","54.00","362852.83","SABD0000000001","AAV1.0.0.11","1.1.2.0","PSt7-10","170328-007","9/30/2017 19:06:43","0000-00","0","no battery","V"
"09/09/2020","10:00:19","2","default","115855972","OXY_CH2","34.744","min","182.758","µmol/L","Humid","21.077","deg","81272","µV","29.100","°C","1016.000","hPa","35.3","pmil","0","53.237","deg","23.954","°C","100.000","%a.s.","21.023","deg","23.635","°C","1019.000","hPa","0.861","-0.02617","0.00035","0","0","13.56","Humid","28.00","0","54.00","362843.59","SABD0000000001","AAV1.0.0.11","1.1.2.0","PSt7-10","170328-007","9/30/2017 19:06:43","0000-00","0","no battery","V"
"09/09/2020","10:00:20","2","default","115855972","OXY_CH2","34.760","min","182.652","µmol/L","Humid","21.078","deg","81275","µV","29.116","°C","1016.000","hPa","35.3","pmil","0","53.237","deg","23.954","°C","100.000","%a.s.","21.023","deg","23.635","°C","1019.000","hPa","0.861","-0.02617","0.00035","0","0","13.56","Humid","28.00","0","54.00","362848.55","SABD0000000001","AAV1.0.0.11","1.1.2.0","PSt7-10","170328-007","9/30/2017 19:06:43","0000-00","0","no battery","V"
"09/09/2020","10:00:21","2","default","115855972","OXY_CH2","34.777","min","182.714","µmol/L","Humid","21.075","deg","81273","µV","29.114","°C","1016.000","hPa","35.3","pmil","0","53.237","deg","23.954","°C","100.000","%a.s.","21.023","deg","23.635","°C","1019.000","hPa","0.861","-0.02617","0.00035","0","0","13.56","Humid","28.00","0","54.00","362864.56","SABD0000000001","AAV1.0.0.11","1.1.2.0","PSt7-10","170328-007","9/30/2017 19:06:43","0000-00","0","no battery","V"
"09/09/2020","10:00:22","2","default","115855972","OXY_CH2","34.794","min","182.724","µmol/L","Humid","21.077","deg","81276","µV","29.106","°C","1016.000","hPa","35.3","pmil","0","53.237","deg","23.954","°C","100.000","%a.s.","21.023","deg","23.635","°C","1019.000","hPa","0.861","-0.02617","0.00035","0","0","13.56","Humid","28.00","0","54.00","362843.56","SABD0000000001","AAV1.0.0.11","1.1.2.0","PSt7-10","170328-007","9/30/2017 19:06:43","0000-00","0","no battery","V"
"09/09/2020","10:00:23","2","default","115855972","OXY_CH2","34.811","min","182.833","µmol/L","Humid","21.074","deg","81278","µV","29.096","°C","1016.000","hPa","35.3","pmil","0","53.237","deg","23.954","°C","100.000","%a.s.","21.023","deg","23.635","°C","1019.000","hPa","0.861","-0.02617","0.00035","0","0","13.56","Humid","28.00","0","54.00","362852.15","SABD0000000001","AAV1.0.0.11","1.1.2.0","PSt7-10","170328-007","9/30/2017 19:06:43","0000-00","0","no battery","V"
"09/09/2020","10:00:24","2","default","115855972","OXY_CH2","34.827","min","182.839","µmol/L","Humid","21.072","deg","81273","µV","29.100","°C","1016.000","hPa","35.3","pmil","0","53.237","deg","23.954","°C","100.000","%a.s.","21.023","deg","23.635","°C","1019.000","hPa","0.861","-0.02617","0.00035","0","0","13.56","Humid","28.00","0","54.00","362856.02","SABD0000000001","AAV1.0.0.11","1.1.2.0","PSt7-10","170328-007","9/30/2017 19:06:43","0000-00","0","no battery","V"
"09/09/2020","10:00:25","2","default","115855972","OXY_CH2","34.844","min","182.807","µmol/L","Humid","21.074","deg","81267","µV","29.100","°C","1016.000","hPa","35.3","pmil","0","53.237","deg","23.954","°C","100.000","%a.s.","21.023","deg","23.635","°C","1019.000","hPa","0.861","-0.02617","0.00035","0","0","13.56","Humid","28.00","0","54.00","362846.61","SABD0000000001","AAV1.0.0.11","1.1.2.0","PSt7-10","170328-007","9/30/2017 19:06:43","0000-00","0","no battery","V"
"09/09/2020","10:00:26","2","default","115855972","OXY_CH2","34.861","min","182.827","µmol/L","Humid","21.071","deg","81269","µV","29.106","°C","1016.000","hPa","35.3","pmil","0","53.237","deg","23.954","°C","100.000","%a.s.","21.023","deg","23.635","°C","1019.000","hPa","0.861","-0.02617","0.00035","0","0","13.56","Humid","28.00","0","54.00","362851.54","SABD0000000001","AAV1.0.0.11","1.1.2.0","PSt7-10","170328-007","9/30/2017 19:06:43","0000-00","0","no battery","V"
"09/09/2020","10:00:27","2","default","115855972","OXY_CH2","34.878","min","182.833","µmol/L","Humid","21.076","deg","81271","µV","29.090","°C","1016.000","hPa","35.3","pmil","0","53.237","deg","23.954","°C","100.000","%a.s.","21.023","deg","23.635","°C","1019.000","hPa","0.861","-0.02617","0.00035","0","0","13.56","Humid","28.00","0","54.00","362833.65","SABD0000000001","AAV1.0.0.11","1.1.2.0","PSt7-10","170328-007","9/30/2017 19:06:43","0000-00","0","no battery","V"
"09/09/2020","10:00:28","2","default","115855972","OXY_CH2","34.894","min","182.584","µmol/L","Humid","21.079","deg","81269","µV","29.125","°C","1016.000","hPa","35.3","pmil","0","53.237","deg","23.954","°C","100.000","%a.s.","21.023","deg","23.635","°C","1019.000","hPa","0.861","-0.02617","0.00035","0","0","13.56","Humid","28.00","0","54.00","362854.44","SABD0000000001","AAV1.0.0.11","1.1.2.0","PSt7-10","170328-007","9/30/2017 19:06:43","0000-00","0","no battery","V"
"09/09/2020","10:00:29","2","default","115855972","OXY_CH2","34.911","min","182.722","µmol/L","Humid","21.077","deg","81269","µV","29.107","°C","1016.000","hPa","35.3","pmil","0","53.237","deg","23.954","°C","100.000","%a.s.","21.023","deg","23.635","°C","1019.000","hPa","0.861","-0.02617","0.00035","0","0","13.56","Humid","28.00","0","54.00","362842.44","SABD0000000001","AAV1.0.0.11","1.1.2.0","PSt7-10","170328-007","9/30/2017 19:06:43","0000-00","0","no battery","V"
"09/09/2020","10:00:30","2","default","115855972","OXY_CH2","34.927","min","182.673","µmol/L","Humid","21.079","deg","81273","µV","29.109","°C","1016.000","hPa","35.3","pmil","0","53.237","deg","23.954","°C","100.000","%a.s.","21.023","deg","23.635","°C","1019.000","hPa","0.861","-0.02617","0.00035","0","0","13.56","Humid","28.00","0","54.00","362841.87","SABD0000000001","AAV1.0.0.11","1.1.2.0","PSt7-10","170328-007","9/30/2017 19:06:43","0000-00","0","no battery","V"
"09/09/2020","10:00:31","2","default","115855972","OXY_CH2","34.944","min","182.687","µmol/L","Humid","21.078","deg","81269","µV","29.110","°C","1016.000","hPa","35.3","pmil","0","53.237","deg","23.954","°C","100.000","%a.s.","21.023","deg","23.635","°C","1019.000","hPa","0.861","-0.02617","0.00035","0","0","13.56","Humid","28.00","0","54.00","362838.56","SABD0000000001","AAV1.0.0.11","1.1.2.0","PSt7-10","170328-007","9/30/2017 19:06:43","0000-00","0","no battery","V"
"09/09/2020","10:00:32","2","default","115855972","OXY_CH2","34.960","min","182.680","µmol/L","Humid","21.077","deg","81267","µV","29.114","°C","1016.000","hPa","35.3","pmil","0","53.237","deg","23.954","°C","100.000","%a.s.","21.023","deg","23.635","°C","1019.000","hPa","0.861","-0.02617","0.00035","0","0","13.56","Humid","28.00","0","54.00","362847.54","SABD0000000001","AAV1.0.0.11","1.1.2.0","PSt7-10","170328-007","9/30/2017 19:06:43","0000-00","0","no battery","V"
"09/09/2020","10:00:33","2","default","115855972","OXY_CH2","34.977","min","182.738","µmol/L","Humid","21.076","deg","81264","µV","29.107","°C","1016.000","hPa","35.3","pmil","0","53.237","deg","23.954","°C","100.000","%a.s.","21.023","deg","23.635","°C","1019.000","hPa","0.861","-0.02617","0.00035","0","0","13.56","Humid","28.00","0","54.00","362840.15","SABD0000000001","AAV1.0.0.11","1.1.2.0","PSt7-10","170328-007","9/30/2017 19:06:43","0000-00","0","no battery","V"
"09/09/2020","10:00:34","2","default","115855972","OXY_CH2","34.994","min","182.776","µmol/L","Humid","21.072","deg","81267","µV","29.112","°C","1016.000","hPa","35.3","pmil","0","53.237","deg","23.954","°C","100.000","%a.s.","21.023","deg","23.635","°C","1019.000","hPa","0.861","-0.02617","0.00035","0","0","13.56","Humid","28.00","0","54.00","362828.25","SABD0000000001","AAV1.0.0.11","1.1.2.0","PSt7-10","170328-007","9/30/2017 19:06:43","0000-00","0","no battery","V"
"09/09/2020","10:00:35","2","default","115855972","OXY_CH2","35.011","min","182.834","µmol/L","Humid","21.073","deg","81270","µV","29.098","°C","1016.000","hPa","35.3","pmil","0","53.237","deg","23.954","°C","100.000","%a.s.","21.023","deg","23.635","°C","1019.000","hPa","0.861","-0.02617","0.00035","0","0","13.56","Humid","28.00","0","54.00","362840.76","SABD0000000001","AAV1.0.0.11","1.1.2.0","PSt7-10","170328-007","9/30/2017 19:06:43","0000-00","0","no battery","V"
"09/09/2020","10:00:36","2","default","115855972","OXY_CH2","35.027","min","182.761","µmol/L","Humid","21.074","deg","81261","µV","29.109","°C","1016.000","hPa","35.3","pmil","0","53.237","deg","23.954","°C","100.000","%a.s.","21.023","deg","23.635","°C","1019.000","hPa","0.861","-0.02617","0.00035","0","0","13.56","Humid","28.00","0","54.00","362841.30","SABD0000000001","AAV1.0.0.11","1.1.2.0","PSt7-10","170328-007","9/30/2017 19:06:43","0000-00","0","no battery","V"
"09/09/2020","10:00:37","2","default","115855972","OXY_CH2","35.044","min","182.853","µmol/L","Humid","21.070","deg","81271","µV","29.104","°C","1016.000","hPa","35.3","pmil","0","53.237","deg","23.954","°C","100.000","%a.s.","21.023","deg","23.635","°C","1019.000","hPa","0.861","-0.02617","0.00035","0","0","13.56","Humid","28.00","0","54.00","362837.14","SABD0000000001","AAV1.0.0.11","1.1.2.0","PSt7-10","170328-007","9/30/2017 19:06:43","0000-00","0","no battery","V"
"09/09/2020","10:00:38","2","default","115855972","OXY_CH2","35.061","min","182.629","µmol/L","Humid","21.075","deg","81268","µV","29.129","°C","1016.000","hPa","35.3","pmil","0","53.237","deg","23.954","°C","100.000","%a.s.","21.023","deg","23.635","°C","1019.000","hPa","0.861","-0.02617","0.00035","0","0","13.56","Humid","28.00","0","54.00","362844.00","SABD0000000001","AAV1.0.0.11","1.1.2.0","PSt7-10","170328-007","9/30/2017 19:06:43","0000-00","0","no battery","V"
"09/09/2020","10:00:39","2","default","115855972","OXY_CH2","35.077","min","182.670","µmol/L","Humid","21.075","deg","81260","µV","29.122","°C","1016.000","hPa","35.3","pmil","0","53.237","deg","23.954","°C","100.000","%a.s.","21.023","deg","23.635","°C","1019.000","hPa","0.861","-0.02617","0.00035","0","0","13.56","Humid","28.00","0","54.00","362835.27","SABD0000000001","AAV1.0.0.11","1.1.2.0","PSt7-10","170328-007","9/30/2017 19:06:43","0000-00","0","no battery","V"
"09/09/2020","10:00:40","2","default","115855972","OXY_CH2","35.094","min","182.699","µmol/L","Humid","21.073","deg","81262","µV","29.122","°C","1016.000","hPa","35.3","pmil","0","53.237","deg","23.954","°C","100.000","%a.s.","21.023","deg","23.635","°C","1019.000","hPa","0.861","-0.02617","0.00035","0","0","13.56","Humid","28.00","0","54.00","362838.12","SABD0000000001","AAV1.0.0.11","1.1.2.0","PSt7-10","170328-007","9/30/2017 19:06:43","0000-00","0","no battery","V"
"09/09/2020","10:00:41","2","default","115855972","OXY_CH2","35.111","min","182.623","µmol/L","Humid","21.077","deg","81258","µV","29.124","°C","1016.000","hPa","35.3","pmil","0","53.237","deg","23.954","°C","100.000","%a.s.","21.023","deg","23.635","°C","1019.000","hPa","0.861","-0.02617","0.00035","0","0","13.56","Humid","28.00","0","54.00","362831.03","SABD0000000001","AAV1.0.0.11","1.1.2.0","PSt7-10","170328-007","9/30/2017 19:06:43","0000-00","0","no battery","V"
"09/09/2020","10:00:42","2","default","115855972","OXY_CH2","35.127","min","182.729","µmol/L","Humid","21.073","deg","81267","µV","29.117","°C","1016.000","hPa","35.3","pmil","0","53.237","deg","23.954","°C","100.000","%a.s.","21.023","deg","23.635","°C","1019.000","hPa","0.861","-0.02617","0.00035","0","0","13.56","Humid","28.00","0","54.00","362829.43","SABD0000000001","AAV1.0.0.11","1.1.2.0","PSt7-10","170328-007","9/30/2017 19:06:43","0000-00","0","no battery","V"
"09/09/2020","10:00:43","2","default","115855972","OXY_CH2","35.144","min","182.739","µmol/L","Humid","21.074","deg","81258","µV","29.112","°C","1016.000","hPa","35.3","pmil","0","53.237","deg","23.954","°C","100.000","%a.s.","21.023","deg","23.635","°C","1019.000","hPa","0.861","-0.02617","0.00035","0","0","13.56","Humid","28.00","0","54.00","362807.77","SABD0000000001","AAV1.0.0.11","1.1.2.0","PSt7-10","170328-007","9/30/2017 19:06:43","0000-00","0","no battery","V"
"09/09/2020","10:00:44","2","default","115855972","OXY_CH2","35.160","min","182.693","µmol/L","Humid","21.074","deg","81256","µV","29.120","°C","1016.000","hPa","35.3","pmil","0","53.237","deg","23.954","°C","100.000","%a.s.","21.023","deg","23.635","°C","1019.000","hPa","0.861","-0.02617","0.00035","0","0","13.56","Humid","28.00","0","54.00","362812.13","SABD0000000001","AAV1.0.0.11","1.1.2.0","PSt7-10","170328-007","9/30/2017 19:06:43","0000-00","0","no battery","V"
"09/09/2020","10:00:45","2","default","115855972","OXY_CH2","35.177","min","182.639","µmol/L","Humid","21.078","deg","81257","µV","29.118","°C","1016.000","hPa","35.3","pmil","0","53.237","deg","23.954","°C","100.000","%a.s.","21.023","deg","23.635","°C","1019.000","hPa","0.861","-0.02617","0.00035","0","0","13.56","Humid","28.00","0","54.00","362823.58","SABD0000000001","AAV1.0.0.11","1.1.2.0","PSt7-10","170328-007","9/30/2017 19:06:43","0000-00","0","no battery","V"
"09/09/2020","10:00:46","2","default","115855972","OXY_CH2","35.194","min","182.798","µmol/L","Humid","21.072","deg","81253","µV","29.108","°C","1016.000","hPa","35.3","pmil","0","53.237","deg","23.954","°C","100.000","%a.s.","21.023","deg","23.635","°C","1019.000","hPa","0.861","-0.02617","0.00035","0","0","13.56","Humid","28.00","0","54.00","362826.34","SABD0000000001","AAV1.0.0.11","1.1.2.0","PSt7-10","170328-007","9/30/2017 19:06:43","0000-00","0","no battery","V"
"09/09/2020","10:00:47","2","default","115855972","OXY_CH2","35.211","min","182.738","µmol/L","Humid","21.075","deg","81260","µV","29.110","°C","1016.000","hPa","35.3","pmil","0","53.237","deg","23.954","°C","100.000","%a.s.","21.023","deg","23.635","°C","1019.000","hPa","0.861","-0.02617","0.00035","0","0","13.56","Humid","28.00","0","54.00","362822.39","SABD0000000001","AAV1.0.0.11","1.1.2.0","PSt7-10","170328-007","9/30/2017 19:06:43","0000-00","0","no battery","V"
"09/09/2020","10:00:48","2","default","115855972","OXY_CH2","35.228","min","182.717","µmol/L","Humid","21.072","deg","81250","µV","29.122","°C","1016.000","hPa","35.3","pmil","0","53.237","deg","23.954","°C","100.000","%a.s.","21.023","deg","23.635","°C","1019.000","hPa","0.861","-0.02617","0.00035","0","0","13.56","Humid","28.00","0","54.00","362830.95","SABD0000000001","AAV1.0.0.11","1.1.2.0","PSt7-10","170328-007","9/30/2017 19:06:43","0000-00","0","no battery","V"
"09/09/2020","10:00:49","2","default","115855972","OXY_CH2","35.244","min","182.661","µmol/L","Humid","21.075","deg","81254","µV","29.123","°C","1016.000","hPa","35.3","pmil","0","53.237","deg","23.954","°C","100.000","%a.s.","21.023","deg","23.635","°C","1019.000","hPa","0.861","-0.02617","0.00035","0","0","13.56","Humid","28.00","0","54.00","362818.32","SABD0000000001","AAV1.0.0.11","1.1.2.0","PSt7-10","170328-007","9/30/2017 19:06:43","0000-00","0","no battery","V"
"09/09/2020","10:00:50","2","default","115855972","OXY_CH2","35.260","min","182.668","µmol/L","Humid","21.074","deg","81247","µV","29.125","°C","1016.000","hPa","35.3","pmil","0","53.237","deg","23.954","°C","100.000","%a.s.","21.023","deg","23.635","°C","1019.000","hPa","0.861","-0.02617","0.00035","0","0","13.56","Humid","28.00","0","54.00","362811.45","SABD0000000001","AAV1.0.0.11","1.1.2.0","PSt7-10","170328-007","9/30/2017 19:06:43","0000-00","0","no battery","V"
"09/09/2020","10:00:51","2","default","115855972","OXY_CH2","35.277","min","182.766","µmol/L","Humid","21.071","deg","81256","µV","29.116","°C","1016.000","hPa","35.3","pmil","0","53.237","deg","23.954","°C","100.000","%a.s.","21.023","deg","23.635","°C","1019.000","hPa","0.861","-0.02617","0.00035","0","0","13.56","Humid","28.00","0","54.00","362802.94","SABD0000000001","AAV1.0.0.11","1.1.2.0","PSt7-10","170328-007","9/30/2017 19:06:43","0000-00","0","no battery","V"
"09/09/2020","10:00:52","2","default","115855972","OXY_CH2","35.294","min","182.784","µmol/L","Humid","21.070","deg","81253","µV","29.116","°C","1016.000","hPa","35.3","pmil","0","53.237","deg","23.954","°C","100.000","%a.s.","21.023","deg","23.635","°C","1019.000","hPa","0.861","-0.02617","0.00035","0","0","13.56","Humid","28.00","0","54.00","362821.67","SABD0000000001","AAV1.0.0.11","1.1.2.0","PSt7-10","170328-007","9/30/2017 19:06:43","0000-00","0","no battery","V"
"09/09/2020","10:00:53","2","default","115855972","OXY_CH2","35.311","min","182.733","µmol/L","Humid","21.074","deg","81247","µV","29.113","°C","1016.000","hPa","35.3","pmil","0","53.237","deg","23.954","°C","100.000","%a.s.","21.023","deg","23.635","°C","1019.000","hPa","0.861","-0.02617","0.00035","0","0","13.56","Humid","28.00","0","54.00","362832.94","SABD0000000001","AAV1.0.0.11","1.1.2.0","PSt7-10","170328-007","9/30/2017 19:06:43","0000-00","0","no battery","V"
"09/09/2020","10:00:54","2","default","115855972","OXY_CH2","35.327","min","182.646","µmol/L","Humid","21.074","deg","81253","µV","29.129","°C","1016.000","hPa","35.3","pmil","0","53.237","deg","23.954","°C","100.000","%a.s.","21.023","deg","23.635","°C","1019.000","hPa","0.861","-0.02617","0.00035","0","0","13.56","Humid","28.00","0","54.00","362826.01","SABD0000000001","AAV1.0.0.11","1.1.2.0","PSt7-10","170328-007","9/30/2017 19:06:43","0000-00","0","no battery","V"
"09/09/2020","10:00:55","2","default","115855972","OXY_CH2","35.344","min","182.764","µmol/L","Humid","21.072","deg","81242","µV","29.114","°C","1016.000","hPa","35.3","pmil","0","53.237","deg","23.954","°C","100.000","%a.s.","21.023","deg","23.635","°C","1019.000","hPa","0.861","-0.02617","0.00035","0","0","13.56","Humid","28.00","0","54.00","362812.23","SABD0000000001","AAV1.0.0.11","1.1.2.0","PSt7-10","170328-007","9/30/2017 19:06:43","0000-00","0","no battery","V"
"09/09/2020","10:00:56","2","default","115855972","OXY_CH2","35.361","min","182.773","µmol/L","Humid","21.073","deg","81251","µV","29.109","°C","1016.000","hPa","35.3","pmil","0","53.237","deg","23.954","°C","100.000","%a.s.","21.023","deg","23.635","°C","1019.000","hPa","0.861","-0.02617","0.00035","0","0","13.56","Humid","28.00","0","54.00","362813.48","SABD0000000001","AAV1.0.0.11","1.1.2.0","PSt7-10","170328-007","9/30/2017 19:06:43","0000-00","0","no battery","V"
"09/09/2020","10:00:57","2","default","115855972","OXY_CH2","35.378","min","182.695","µmol/L","Humid","21.070","deg","81242","µV","29.132","°C","1016.000","hPa","35.3","pmil","0","53.237","deg","23.954","°C","100.000","%a.s.","21.023","deg","23.635","°C","1019.000","hPa","0.861","-0.02617","0.00035","0","0","13.56","Humid","28.00","0","54.00","362803.45","SABD0000000001","AAV1.0.0.11","1.1.2.0","PSt7-10","170328-007","9/30/2017 19:06:43","0000-00","0","no battery","V"
"09/09/2020","10:00:58","2","default","115855972","OXY_CH2","35.394","min","182.592","µmol/L","Humid","21.076","deg","81249","µV","29.132","°C","1016.000","hPa","35.3","pmil","0","53.237","deg","23.954","°C","100.000","%a.s.","21.023","deg","23.635","°C","1019.000","hPa","0.861","-0.02617","0.00035","0","0","13.56","Humid","28.00","0","54.00","362799.64","SABD0000000001","AAV1.0.0.11","1.1.2.0","PSt7-10","170328-007","9/30/2017 19:06:43","0000-00","0","no battery","V"
"09/09/2020","10:00:59","2","default","115855972","OXY_CH2","35.410","min","182.600","µmol/L","Humid","21.071","deg","81250","µV","29.146","°C","1016.000","hPa","35.3","pmil","0","53.237","deg","23.954","°C","100.000","%a.s.","21.023","deg","23.635","°C","1019.000","hPa","0.861","-0.02617","0.00035","0","0","13.56","Humid","28.00","0","54.00","362821.36","SABD0000000001","AAV1.0.0.11","1.1.2.0","PSt7-10","170328-007","9/30/2017 19:06:43","0000-00","0","no battery","V"
"09/09/2020","10:01:00","2","default","115855972","OXY_CH2","35.427","min","182.805","µmol/L","Humid","21.069","deg","81250","µV","29.115","°C","1016.000","hPa","35.3","pmil","0","53.237","deg","23.954","°C","100.000","%a.s.","21.023","deg","23.635","°C","1019.000","hPa","0.861","-0.02617","0.00035","0","0","13.56","Humid","28.00","0","54.00","362826.81","SABD0000000001","AAV1.0.0.11","1.1.2.0","PSt7-10","170328-007","9/30/2017 19:06:43","0000-00","0","no battery","V"
"09/09/2020","10:01:01","2","default","115855972","OXY_CH2","35.444","min","182.733","µmol/L","Humid","21.070","deg","81242","µV","29.125","°C","1016.000","hPa","35.3","pmil","0","53.237","deg","23.954","°C","100.000","%a.s.","21.023","deg","23.635","°C","1019.000","hPa","0.861","-0.02617","0.00035","0","0","13.56","Humid","28.00","0","54.00","362813.99","SABD0000000001","AAV1.0.0.11","1.1.2.0","PSt7-10","170328-007","9/30/2017 19:06:43","0000-00","0","no battery","V"
"09/09/2020","10:01:02","2","default","115855972","OXY_CH2","35.460","min","182.653","µmol/L","Humid","21.072","deg","81239","µV","29.133","°C","1016.000","hPa","35.3","pmil","0","53.237","deg","23.954","°C","100.000","%a.s.","21.023","deg","23.635","°C","1019.000","hPa","0.861","-0.02617","0.00035","0","0","13.56","Humid","28.00","0","54.00","362791.34","SABD0000000001","AAV1.0.0.11","1.1.2.0","PSt7-10","170328-007","9/30/2017 19:06:43","0000-00","0","no battery","V"
"09/09/2020","10:01:03","2","default","115855972","OXY_CH2","35.477","min","182.567","µmol/L","Humid","21.072","deg","81241","µV","29.148","°C","1016.000","hPa","35.3","pmil","0","53.237","deg","23.954","°C","100.000","%a.s.","21.023","deg","23.635","°C","1019.000","hPa","0.861","-0.02617","0.00035","0","0","13.56","Humid","28.00","0","54.00","362809.01","SABD0000000001","AAV1.0.0.11","1.1.2.0","PSt7-10","170328-007","9/30/2017 19:06:43","0000-00","0","no battery","V"
"09/09/2020","10:01:04","2","default","115855972","OXY_CH2","35.494","min","182.677","µmol/L","Humid","21.067","deg","81244","µV","29.144","°C","1016.000","hPa","35.3","pmil","0","53.237","deg","23.954","°C","100.000","%a.s.","21.023","deg","23.635","°C","1019.000","hPa","0.861","-0.02617","0.00035","0","0","13.56","Humid","28.00","0","54.00","362808.68","SABD0000000001","AAV1.0.0.11","1.1.2.0","PSt7-10","170328-007","9/30/2017 19:06:43","0000-00","0","no battery","V"
"09/09/2020","10:01:05","2","default","115855972","OXY_CH2","35.510","min","182.750","µmol/L","Humid","21.069","deg","81238","µV","29.125","°C","1016.000","hPa","35.3","pmil","0","53.237","deg","23.954","°C","100.000","%a.s.","21.023","deg","23.635","°C","1019.000","hPa","0.861","-0.02617","0.00035","0","0","13.56","Humid","28.00","0","54.00","362806.83","SABD0000000001","AAV1.0.0.11","1.1.2.0","PSt7-10","170328-007","9/30/2017 19:06:43","0000-00","0","no battery","V"
"09/09/2020","10:01:06","2","default","115855972","OXY_CH2","35.527","min","182.657","µmol/L","Humid","21.072","deg","81242","µV","29.133","°C","1016.000","hPa","35.3","pmil","0","53.237","deg","23.954","°C","100.000","%a.s.","21.023","deg","23.635","°C","1019.000","hPa","0.861","-0.02617","0.00035","0","0","13.56","Humid","28.00","0","54.00","362812.90","SABD0000000001","AAV1.0.0.11","1.1.2.0","PSt7-10","170328-007","9/30/2017 19:06:43","0000-00","0","no battery","V"
"09/09/2020","10:01:07","2","default","115855972","OXY_CH2","35.544","min","182.684","µmol/L","Humid","21.069","deg","81243","µV","29.136","°C","1016.000","hPa","35.3","pmil","0","53.237","deg","23.954","°C","100.000","%a.s.","21.023","deg","23.635","°C","1019.000","hPa","0.861","-0.02617","0.00035","0","0","13.56","Humid","28.00","0","54.00","362806.19","SABD0000000001","AAV1.0.0.11","1.1.2.0","PSt7-10","170328-007","9/30/2017 19:06:43","0000-00","0","no battery","V"
"09/09/2020","10:01:08","2","default","115855972","OXY_CH2","35.561","min","182.617","µmol/L","Humid","21.075","deg","81242","µV","29.131","°C","1016.000","hPa","35.3","pmil","0","53.237","deg","23.954","°C","100.000","%a.s.","21.023","deg","23.635","°C","1019.000","hPa","0.861","-0.02617","0.00035","0","0","13.56","Humid","28.00","0","54.00","362805.11","SABD0000000001","AAV1.0.0.11","1.1.2.0","PSt7-10","170328-007","9/30/2017 19:06:43","0000-00","0","no battery","V"
"09/09/2020","10:01:09","2","default","115855972","OXY_CH2","35.577","min","182.638","µmol/L","Humid","21.074","deg","81236","µV","29.130","°C","1016.000","hPa","35.3","pmil","0","53.237","deg","23.954","°C","100.000","%a.s.","21.023","deg","23.635","°C","1019.000","hPa","0.861","-0.02617","0.00035","0","0","13.56","Humid","28.00","0","54.00","362798.67","SABD0000000001","AAV1.0.0.11","1.1.2.0","PSt7-10","170328-007","9/30/2017 19:06:43","0000-00","0","no battery","V"
"09/09/2020","10:01:10","2","default","115855972","OXY_CH2","35.594","min","182.591","µmol/L","Humid","21.078","deg","81242","µV","29.127","°C","1016.000","hPa","35.3","pmil","0","53.237","deg","23.954","°C","100.000","%a.s.","21.023","deg","23.635","°C","1019.000","hPa","0.861","-0.02617","0.00035","0","0","13.56","Humid","28.00","0","54.00","362806.32","SABD0000000001","AAV1.0.0.11","1.1.2.0","PSt7-10","170328-007","9/30/2017 19:06:43","0000-00","0","no battery","V"
"09/09/2020","10:01:11","2","default","115855972","OXY_CH2","35.611","min","182.733","µmol/L","Humid","21.069","deg","81236","µV","29.128","°C","1016.000","hPa","35.3","pmil","0","53.237","deg","23.954","°C","100.000","%a.s.","21.023","deg","23.635","°C","1019.000","hPa","0.861","-0.02617","0.00035","0","0","13.56","Humid","28.00","0","54.00","362789.41","SABD0000000001","AAV1.0.0.11","1.1.2.0","PSt7-10","170328-007","9/30/2017 19:06:43","0000-00","0","no battery","V"
"09/09/2020","10:01:12","2","default","115855972","OXY_CH2","35.627","min","182.755","µmol/L","Humid","21.067","deg","81235","µV","29.130","°C","1016.000","hPa","35.3","pmil","0","53.237","deg","23.954","°C","100.000","%a.s.","21.023","deg","23.635","°C","1019.000","hPa","0.861","-0.02617","0.00035","0","0","13.56","Humid","28.00","0","54.00","362791.85","SABD0000000001","AAV1.0.0.11","1.1.2.0","PSt7-10","170328-007","9/30/2017 19:06:43","0000-00","0","no battery","V"
"09/09/2020","10:01:13","2","default","115855972","OXY_CH2","35.644","min","182.764","µmol/L","Humid","21.069","deg","81232","µV","29.122","°C","1016.000","hPa","35.3","pmil","0","53.237","deg","23.954","°C","100.000","%a.s.","21.023","deg","23.635","°C","1019.000","hPa","0.861","-0.02617","0.00035","0","0","13.56","Humid","28.00","0","54.00","362799.10","SABD0000000001","AAV1.0.0.11","1.1.2.0","PSt7-10","170328-007","9/30/2017 19:06:43","0000-00","0","no battery","V"
"09/09/2020","10:01:14","2","default","115855972","OXY_CH2","35.661","min","182.773","µmol/L","Humid","21.070","deg","81229","µV","29.118","°C","1016.000","hPa","35.3","pmil","0","53.237","deg","23.954","°C","100.000","%a.s.","21.023","deg","23.635","°C","1019.000","hPa","0.861","-0.02617","0.00035","0","0","13.56","Humid","28.00","0","54.00","362791.45","SABD0000000001","AAV1.0.0.11","1.1.2.0","PSt7-10","170328-007","9/30/2017 19:06:43","0000-00","0","no battery","V"
"09/09/2020","10:01:15","2","default","115855972","OXY_CH2","35.677","min","182.694","µmol/L","Humid","21.073","deg","81231","µV","29.123","°C","1016.000","hPa","35.3","pmil","0","53.237","deg","23.954","°C","100.000","%a.s.","21.023","deg","23.635","°C","1019.000","hPa","0.861","-0.02617","0.00035","0","0","13.56","Humid","28.00","0","54.00","362791.79","SABD0000000001","AAV1.0.0.11","1.1.2.0","PSt7-10","170328-007","9/30/2017 19:06:43","0000-00","0","no battery","V"
"09/09/2020","10:01:16","2","default","115855972","OXY_CH2","35.694","min","182.673","µmol/L","Humid","21.072","deg","81232","µV","29.130","°C","1016.000","hPa","35.3","pmil","0","53.237","deg","23.954","°C","100.000","%a.s.","21.023","deg","23.635","°C","1019.000","hPa","0.861","-0.02617","0.00035","0","0","13.56","Humid","28.00","0","54.00","362800.74","SABD0000000001","AAV1.0.0.11","1.1.2.0","PSt7-10","170328-007","9/30/2017 19:06:43","0000-00","0","no battery","V"
"09/09/2020","10:01:17","2","default","115855972","OXY_CH2","35.711","min","182.729","µmol/L","Humid","21.064","deg","81235","µV","29.143","°C","1016.000","hPa","35.3","pmil","0","53.237","deg","23.954","°C","100.000","%a.s.","21.023","deg","23.635","°C","1019.000","hPa","0.861","-0.02617","0.00035","0","0","13.56","Humid","28.00","0","54.00","362790.43","SABD0000000001","AAV1.0.0.11","1.1.2.0","PSt7-10","170328-007","9/30/2017 19:06:43","0000-00","0","no battery","V"
"09/09/2020","10:01:18","2","default","115855972","OXY_CH2","35.728","min","182.617","µmol/L","Humid","21.067","deg","81234","µV","29.154","°C","1016.000","hPa","35.3","pmil","0","53.237","deg","23.954","°C","100.000","%a.s.","21.023","deg","23.635","°C","1019.000","hPa","0.861","-0.02617","0.00035","0","0","13.56","Humid","28.00","0","54.00","362794.02","SABD0000000001","AAV1.0.0.11","1.1.2.0","PSt7-10","170328-007","9/30/2017 19:06:43","0000-00","0","no battery","V"
"09/09/2020","10:01:19","2","default","115855972","OXY_CH2","35.744","min","182.633","µmol/L","Humid","21.071","deg","81237","µV","29.140","°C","1016.000","hPa","35.3","pmil","0","53.237","deg","23.954","°C","100.000","%a.s.","21.023","deg","23.635","°C","1019.000","hPa","0.861","-0.02617","0.00035","0","0","13.56","Humid","28.00","0","54.00","362776.06","SABD0000000001","AAV1.0.0.11","1.1.2.0","PSt7-10","170328-007","9/30/2017 19:06:43","0000-00","0","no battery","V"
"09/09/2020","10:01:20","2","default","115855972","OXY_CH2","35.760","min","182.622","µmol/L","Humid","21.070","deg","81230","µV","29.145","°C","1016.000","hPa","35.3","pmil","0","53.237","deg","23.954","°C","100.000","%a.s.","21.023","deg","23.635","°C","1019.000","hPa","0.861","-0.02617","0.00035","0","0","13.56","Humid","28.00","0","54.00","362780.56","SABD0000000001","AAV1.0.0.11","1.1.2.0","PSt7-10","170328-007","9/30/2017 19:06:43","0000-00","0","no battery","V"
"09/09/2020","10:01:21","2","default","115855972","OXY_CH2","35.777","min","182.635","µmol/L","Humid","21.070","deg","81233","µV","29.142","°C","1016.000","hPa","35.3","pmil","0","53.237","deg","23.954","°C","100.000","%a.s.","21.023","deg","23.635","°C","1019.000","hPa","0.861","-0.02617","0.00035","0","0","13.56","Humid","28.00","0","54.00","362778.77","SABD0000000001","AAV1.0.0.11","1.1.2.0","PSt7-10","170328-007","9/30/2017 19:06:43","0000-00","0","no battery","V"
"09/09/2020","10:01:22","2","default","115855972","OXY_CH2","35.794","min","182.582","µmol/L","Humid","21.069","deg","81231","µV","29.154","°C","1016.000","hPa","35.3","pmil","0","53.237","deg","23.954","°C","100.000","%a.s.","21.023","deg","23.635","°C","1019.000","hPa","0.861","-0.02617","0.00035","0","0","13.56","Humid","28.00","0","54.00","362788.24","SABD0000000001","AAV1.0.0.11","1.1.2.0","PSt7-10","170328-007","9/30/2017 19:06:43","0000-00","0","no battery","V"
"09/09/2020","10:01:23","2","default","115855972","OXY_CH2","35.811","min","182.668","µmol/L","Humid","21.070","deg","81223","µV","29.136","°C","1016.000","hPa","35.3","pmil","0","53.237","deg","23.954","°C","100.000","%a.s.","21.023","deg","23.635","°C","1019.000","hPa","0.861","-0.02617","0.00035","0","0","13.56","Humid","28.00","0","54.00","362788.30","SABD0000000001","AAV1.0.0.11","1.1.2.0","PSt7-10","170328-007","9/30/2017 19:06:43","0000-00","0","no battery","V"
"09/09/2020","10:01:24","2","default","115855972","OXY_CH2","35.827","min","182.537","µmol/L","Humid","21.072","deg","81226","µV","29.154","°C","1016.000","hPa","35.3","pmil","0","53.237","deg","23.954","°C","100.000","%a.s.","21.023","deg","23.635","°C","1019.000","hPa","0.861","-0.02617","0.00035","0","0","13.56","Humid","28.00","0","54.00","362788.43","SABD0000000001","AAV1.0.0.11","1.1.2.0","PSt7-10","170328-007","9/30/2017 19:06:43","0000-00","0","no battery","V"
"09/09/2020","10:01:25","2","default","115855972","OXY_CH2","35.844","min","182.747","µmol/L","Humid","21.066","deg","81228","µV","29.134","°C","1016.000","hPa","35.3","pmil","0","53.237","deg","23.954","°C","100.000","%a.s.","21.023","deg","23.635","°C","1019.000","hPa","0.861","-0.02617","0.00035","0","0","13.56","Humid","28.00","0","54.00","362772.96","SABD0000000001","AAV1.0.0.11","1.1.2.0","PSt7-10","170328-007","9/30/2017 19:06:43","0000-00","0","no battery","V"
"09/09/2020","10:01:26","2","default","115855972","OXY_CH2","35.860","min","182.665","µmol/L","Humid","21.069","deg","81224","µV","29.140","°C","1016.000","hPa","35.3","pmil","0","53.237","deg","23.954","°C","100.000","%a.s.","21.023","deg","23.635","°C","1019.000","hPa","0.861","-0.02617","0.00035","0","0","13.56","Humid","28.00","0","54.00","362768.57","SABD0000000001","AAV1.0.0.11","1.1.2.0","PSt7-10","170328-007","9/30/2017 19:06:43","0000-00","0","no battery","V"
"09/09/2020","10:01:27","2","default","115855972","OXY_CH2","35.877","min","182.571","µmol/L","Humid","21.072","deg","81231","µV","29.148","°C","1016.000","hPa","35.3","pmil","0","53.237","deg","23.954","°C","100.000","%a.s.","21.023","deg","23.635","°C","1019.000","hPa","0.861","-0.02617","0.00035","0","0","13.56","Humid","28.00","0","54.00","362775.13","SABD0000000001","AAV1.0.0.11","1.1.2.0","PSt7-10","170328-007","9/30/2017 19:06:43","0000-00","0","no battery","V"
"09/09/2020","10:01:28","2","default","115855972","OXY_CH2","35.894","min","182.696","µmol/L","Humid","21.067","deg","81231","µV","29.140","°C","1016.000","hPa","35.3","pmil","0","53.237","deg","23.954","°C","100.000","%a.s.","21.023","deg","23.635","°C","1019.000","hPa","0.861","-0.02617","0.00035","0","0","13.56","Humid","28.00","0","54.00","362767.44","SABD0000000001","AAV1.0.0.11","1.1.2.0","PSt7-10","170328-007","9/30/2017 19:06:43","0000-00","0","no battery","V"
"09/09/2020","10:01:29","2","default","115855972","OXY_CH2","35.910","min","182.672","µmol/L","Humid","21.066","deg","81226","µV","29.147","°C","1016.000","hPa","35.3","pmil","0","53.237","deg","23.954","°C","100.000","%a.s.","21.023","deg","23.635","°C","1019.000","hPa","0.861","-0.02617","0.00035","0","0","13.56","Humid","28.00","0","54.00","362765.74","SABD0000000001","AAV1.0.0.11","1.1.2.0","PSt7-10","170328-007","9/30/2017 19:06:43","0000-00","0","no battery","V"
"09/09/2020","10:01:30","2","default","115855972","OXY_CH2","35.927","min","182.659","µmol/L","Humid","21.066","deg","81225","µV","29.150","°C","1016.000","hPa","35.3","pmil","0","53.237","deg","23.954","°C","100.000","%a.s.","21.023","deg","23.635","°C","1019.000","hPa","0.861","-0.02617","0.00035","0","0","13.56","Humid","28.00","0","54.00","362766.51","SABD0000000001","AAV1.0.0.11","1.1.2.0","PSt7-10","170328-007","9/30/2017 19:06:43","0000-00","0","no battery","V"
"09/09/2020","10:01:31","2","default","115855972","OXY_CH2","35.944","min","182.692","µmol/L","Humid","21.069","deg","81231","µV","29.135","°C","1016.000","hPa","35.3","pmil","0","53.237","deg","23.954","°C","100.000","%a.s.","21.023","deg","23.635","°C","1019.000","hPa","0.861","-0.02617","0.00035","0","0","13.56","Humid","28.00","0","54.00","362770.80","SABD0000000001","AAV1.0.0.11","1.1.2.0","PSt7-10","170328-007","9/30/2017 19:06:43","0000-00","0","no battery","V"
"09/09/2020","10:01:32","2","default","115855972","OXY_CH2","35.960","min","182.717","µmol/L","Humid","21.068","deg","81216","µV","29.134","°C","1016.000","hPa","35.3","pmil","0","53.237","deg","23.954","°C","100.000","%a.s.","21.023","deg","23.635","°C","1019.000","hPa","0.861","-0.02617","0.00035","0","0","13.56","Humid","28.00","0","54.00","362771.64","SABD0000000001","AAV1.0.0.11","1.1.2.0","PSt7-10","170328-007","9/30/2017 19:06:43","0000-00","0","no battery","V"
"09/09/2020","10:01:33","2","default","115855972","OXY_CH2","35.977","min","182.704","µmol/L","Humid","21.067","deg","81219","µV","29.139","°C","1016.000","hPa","35.3","pmil","0","53.237","deg","23.954","°C","100.000","%a.s.","21.023","deg","23.635","°C","1019.000","hPa","0.861","-0.02617","0.00035","0","0","13.56","Humid","28.00","0","54.00","362756.12","SABD0000000001","AAV1.0.0.11","1.1.2.0","PSt7-10","170328-007","9/30/2017 19:06:43","0000-00","0","no battery","V"
"09/09/2020","10:01:34","2","default","115855972","OXY_CH2","35.994","min","182.697","µmol/L","Humid","21.069","deg","81215","µV","29.134","°C","1016.000","hPa","35.3","pmil","0","53.237","deg","23.954","°C","100.000","%a.s.","21.023","deg","23.635","°C","1019.000","hPa","0.861","-0.02617","0.00035","0","0","13.56","Humid","28.00","0","54.00","362759.02","SABD0000000001","AAV1.0.0.11","1.1.2.0","PSt7-10","170328-007","9/30/2017 19:06:43","0000-00","0","no battery","V"
"09/09/2020","10:01:35","2","default","115855972","OXY_CH2","36.010","min","182.553","µmol/L","Humid","21.069","deg","81213","µV","29.160","°C","1016.000","hPa","35.3","pmil","0","53.237","deg","23.954","°C","100.000","%a.s.","21.023","deg","23.635","°C","1019.000","hPa","0.861","-0.02617","0.00035","0","0","13.56","Humid","28.00","0","54.00","362758.50","SABD0000000001","AAV1.0.0.11","1.1.2.0","PSt7-10","170328-007","9/30/2017 19:06:43","0000-00","0","no battery","V"
"09/09/2020","10:01:36","2","default","115855972","OXY_CH2","36.027","min","182.580","µmol/L","Humid","21.068","deg","81219","µV","29.158","°C","1016.000","hPa","35.3","pmil","0","53.237","deg","23.954","°C","100.000","%a.s.","21.023","deg","23.635","°C","1019.000","hPa","0.861","-0.02617","0.00035","0","0","13.56","Humid","28.00","0","54.00","362769.01","SABD0000000001","AAV1.0.0.11","1.1.2.0","PSt7-10","170328-007","9/30/2017 19:06:43","0000-00","0","no battery","V"
"09/09/2020","10:01:37","2","default","115855972","OXY_CH2","36.044","min","182.585","µmol/L","Humid","21.065","deg","81218","µV","29.166","°C","1016.000","hPa","35.3","pmil","0","53.237","deg","23.954","°C","100.000","%a.s.","21.023","deg","23.635","°C","1019.000","hPa","0.861","-0.02617","0.00035","0","0","13.56","Humid","28.00","0","54.00","362763.50","SABD0000000001","AAV1.0.0.11","1.1.2.0","PSt7-10","170328-007","9/30/2017 19:06:43","0000-00","0","no battery","V"
"09/09/2020","10:01:38","2","default","115855972","OXY_CH2","36.061","min","182.609","µmol/L","Humid","21.065","deg","81215","µV","29.161","°C","1016.000","hPa","35.3","pmil","0","53.237","deg","23.954","°C","100.000","%a.s.","21.023","deg","23.635","°C","1019.000","hPa","0.861","-0.02617","0.00035","0","0","13.56","Humid","28.00","0","54.00","362739.56","SABD0000000001","AAV1.0.0.11","1.1.2.0","PSt7-10","170328-007","9/30/2017 19:06:43","0000-00","0","no battery","V"
"09/09/2020","10:01:39","2","default","115855972","OXY_CH2","36.077","min","182.607","µmol/L","Humid","21.064","deg","81212","µV","29.165","°C","1016.000","hPa","35.3","pmil","0","53.237","deg","23.954","°C","100.000","%a.s.","21.023","deg","23.635","°C","1019.000","hPa","0.861","-0.02617","0.00035","0","0","13.56","Humid","28.00","0","54.00","362751.41","SABD0000000001","AAV1.0.0.11","1.1.2.0","PSt7-10","170328-007","9/30/2017 19:06:43","0000-00","0","no battery","V"
"09/09/2020","10:01:40","2","default","115855972","OXY_CH2","36.094","min","182.637","µmol/L","Humid","21.066","deg","81217","µV","29.153","°C","1016.000","hPa","35.3","pmil","0","53.237","deg","23.954","°C","100.000","%a.s.","21.023","deg","23.635","°C","1019.000","hPa","0.861","-0.02617","0.00035","0","0","13.56","Humid","28.00","0","54.00","362755.00","SABD0000000001","AAV1.0.0.11","1.1.2.0","PSt7-10","170328-007","9/30/2017 19:06:43","0000-00","0","no battery","V"
"09/09/2020","10:01:41","2","default","115855972","OXY_CH2","36.111","min","182.716","µmol/L","Humid","21.064","deg","81212","µV","29.145","°C","1016.000","hPa","35.3","pmil","0","53.237","deg","23.954","°C","100.000","%a.s.","21.023","deg","23.635","°C","1019.000","hPa","0.861","-0.02617","0.00035","0","0","13.56","Humid","28.00","0","54.00","362748.61","SABD0000000001","AAV1.0.0.11","1.1.2.0","PSt7-10","170328-007","9/30/2017 19:06:43","0000-00","0","no battery","V"
"09/09/2020","10:01:42","2","default","115855972","OXY_CH2","36.127","min","182.620","µmol/L","Humid","21.066","deg","81216","µV","29.157","°C","1016.000","hPa","35.3","pmil","0","53.237","deg","23.954","°C","100.000","%a.s.","21.023","deg","23.635","°C","1019.000","hPa","0.861","-0.02617","0.00035","0","0","13.56","Humid","28.00","0","54.00","362761.42","SABD0000000001","AAV1.0.0.11","1.1.2.0","PSt7-10","170328-007","9/30/2017 19:06:43","0000-00","0","no battery","V"
"09/09/2020","10:01:43","2","default","115855972","OXY_CH2","36.144","min","182.604","µmol/L","Humid","21.066","deg","81211","µV","29.159","°C","1016.000","hPa","35.3","pmil","0","53.237","deg","23.954","°C","100.000","%a.s.","21.023","deg","23.635","°C","1019.000","hPa","0.861","-0.02617","0.00035","0","0","13.56","Humid","28.00","0","54.00","362758.53","SABD0000000001","AAV1.0.0.11","1.1.2.0","PSt7-10","170328-007","9/30/2017 19:06:43","0000-00","0","no battery","V"
"09/09/2020","10:01:44","2","default","115855972","OXY_CH2","36.161","min","182.645","µmol/L","Humid","21.065","deg","81213","µV","29.155","°C","1016.000","hPa","35.3","pmil","0","53.237","deg","23.954","°C","100.000","%a.s.","21.023","deg","23.635","°C","1019.000","hPa","0.861","-0.02617","0.00035","0","0","13.56","Humid","28.00","0","54.00","362759.01","SABD0000000001","AAV1.0.0.11","1.1.2.0","PSt7-10","170328-007","9/30/2017 19:06:43","0000-00","0","no battery","V"
"09/09/2020","10:01:45","2","default","115855972","OXY_CH2","36.178","min","182.629","µmol/L","Humid","21.064","deg","81209","µV","29.161","°C","1016.000","hPa","35.3","pmil","0","53.237","deg","23.954","°C","100.000","%a.s.","21.023","deg","23.635","°C","1019.000","hPa","0.861","-0.02617","0.00035","0","0","13.56","Humid","28.00","0","54.00","362772.56","SABD0000000001","AAV1.0.0.11","1.1.2.0","PSt7-10","170328-007","9/30/2017 19:06:43","0000-00","0","no battery","V"
"09/09/2020","10:01:46","2","default","115855972","OXY_CH2","36.194","min","182.614","µmol/L","Humid","21.064","deg","81209","µV","29.163","°C","1016.000","hPa","35.3","pmil","0","53.237","deg","23.954","°C","100.000","%a.s.","21.023","deg","23.635","°C","1019.000","hPa","0.861","-0.02617","0.00035","0","0","13.56","Humid","28.00","0","54.00","362754.61","SABD0000000001","AAV1.0.0.11","1.1.2.0","PSt7-10","170328-007","9/30/2017 19:06:43","0000-00","0","no battery","V"
"09/09/2020","10:01:47","2","default","115855972","OXY_CH2","36.211","min","182.526","µmol/L","Humid","21.067","deg","81208","µV","29.170","°C","1016.000","hPa","35.3","pmil","0","53.237","deg","23.954","°C","100.000","%a.s.","21.023","deg","23.635","°C","1019.000","hPa","0.861","-0.02617","0.00035","0","0","13.56","Humid","28.00","0","54.00","362757.42","SABD0000000001","AAV1.0.0.11","1.1.2.0","PSt7-10","170328-007","9/30/2017 19:06:43","0000-00","0","no battery","V"
"09/09/2020","10:01:48","2","default","115855972","OXY_CH2","36.228","min","182.601","µmol/L","Humid","21.068","deg","81210","µV","29.154","°C","1016.000","hPa","35.3","pmil","0","53.237","deg","23.954","°C","100.000","%a.s.","21.023","deg","23.635","°C","1019.000","hPa","0.861","-0.02617","0.00035","0","0","13.56","Humid","28.00","0","54.00","362762.92","SABD0000000001","AAV1.0.0.11","1.1.2.0","PSt7-10","170328-007","9/30/2017 19:06:43","0000-00","0","no battery","V"
"09/09/2020","10:01:49","2","default","115855972","OXY_CH2","36.244","min","182.670","µmol/L","Humid","21.062","deg","81209","µV","29.159","°C","1016.000","hPa","35.3","pmil","0","53.237","deg","23.954","°C","100.000","%a.s.","21.023","deg","23.635","°C","1019.000","hPa","0.861","-0.02617","0.00035","0","0","13.56","Humid","28.00","0","54.00","362757.38","SABD0000000001","AAV1.0.0.11","1.1.2.0","PSt7-10","170328-007","9/30/2017 19:06:43","0000-00","0","no battery","V"
"09/09/2020","10:01:50","2","default","115855972","OXY_CH2","36.261","min","182.613","µmol/L","Humid","21.064","deg","81199","µV","29.164","°C","1016.000","hPa","35.3","pmil","0","53.237","deg","23.954","°C","100.000","%a.s.","21.023","deg","23.635","°C","1019.000","hPa","0.861","-0.02617","0.00035","0","0","13.56","Humid","28.00","0","54.00","362748.60","SABD0000000001","AAV1.0.0.11","1.1.2.0","PSt7-10","170328-007","9/30/2017 19:06:43","0000-00","0","no battery","V"
"09/09/2020","10:01:51","2","default","115855972","OXY_CH2","36.277","min","182.622","µmol/L","Humid","21.064","deg","81207","µV","29.162","°C","1016.000","hPa","35.3","pmil","0","53.237","deg","23.954","°C","100.000","%a.s.","21.023","deg","23.635","°C","1019.000","hPa","0.861","-0.02617","0.00035","0","0","13.56","Humid","28.00","0","54.00","362756.99","SABD0000000001","AAV1.0.0.11","1.1.2.0","PSt7-10","170328-007","9/30/2017 19:06:43","0000-00","0","no battery","V"
"09/09/2020","10:01:52","2","default","115855972","OXY_CH2","36.294","min","182.740","µmol/L","Humid","21.063","deg","81210","µV","29.144","°C","1016.000","hPa","35.3","pmil","0","53.237","deg","23.954","°C","100.000","%a.s.","21.023","deg","23.635","°C","1019.000","hPa","0.861","-0.02617","0.00035","0","0","13.56","Humid","28.00","0","54.00","362765.60","SABD0000000001","AAV1.0.0.11","1.1.2.0","PSt7-10","170328-007","9/30/2017 19:06:43","0000-00","0","no battery","V"
"09/09/2020","10:01:53","2","default","115855972","OXY_CH2","36.311","min","182.677","µmol/L","Humid","21.065","deg","81212","µV","29.149","°C","1016.000","hPa","35.3","pmil","0","53.237","deg","23.954","°C","100.000","%a.s.","21.023","deg","23.635","°C","1019.000","hPa","0.861","-0.02617","0.00035","0","0","13.56","Humid","28.00","0","54.00","362743.51","SABD0000000001","AAV1.0.0.11","1.1.2.0","PSt7-10","170328-007","9/30/2017 19:06:43","0000-00","0","no battery","V"
"09/09/2020","10:01:54","2","default","115855972","OXY_CH2","36.327","min","182.658","µmol/L","Humid","21.066","deg","81205","µV","29.150","°C","1016.000","hPa","35.3","pmil","0","53.237","deg","23.954","°C","100.000","%a.s.","21.023","deg","23.635","°C","1019.000","hPa","0.861","-0.02617","0.00035","0","0","13.56","Humid","28.00","0","54.00","362753.86","SABD0000000001","AAV1.0.0.11","1.1.2.0","PSt7-10","170328-007","9/30/2017 19:06:43","0000-00","0","no battery","V"
"09/09/2020","10:01:55","2","default","115855972","OXY_CH2","36.344","min","182.590","µmol/L","Humid","21.062","deg","81202","µV","29.173","°C","1016.000","hPa","35.3","pmil","0","53.237","deg","23.954","°C","100.000","%a.s.","21.023","deg","23.635","°C","1019.000","hPa","0.861","-0.02617","0.00035","0","0","13.56","Humid","28.00","0","54.00","362747.41","SABD0000000001","AAV1.0.0.11","1.1.2.0","PSt7-10","170328-007","9/30/2017 19:06:43","0000-00","0","no battery","V"
"09/09/2020","10:01:56","2","default","115855972","OXY_CH2","36.361","min","182.551","µmol/L","Humid","21.058","deg","81202","µV","29.192","°C","1016.000","hPa","35.3","pmil","0","53.237","deg","23.954","°C","100.000","%a.s.","21.023","deg","23.635","°C","1019.000","hPa","0.861","-0.02617","0.00035","0","0","13.56","Humid","28.00","0","54.00","362730.47","SABD0000000001","AAV1.0.0.11","1.1.2.0","PSt7-10","170328-007","9/30/2017 19:06:43","0000-00","0","no battery","V"
"09/09/2020","10:01:57","2","default","115855972","OXY_CH2","36.378","min","182.598","µmol/L","Humid","21.064","deg","81203","µV","29.166","°C","1016.000","hPa","35.3","pmil","0","53.237","deg","23.954","°C","100.000","%a.s.","21.023","deg","23.635","°C","1019.000","hPa","0.861","-0.02617","0.00035","0","0","13.56","Humid","28.00","0","54.00","362746.42","SABD0000000001","AAV1.0.0.11","1.1.2.0","PSt7-10","170328-007","9/30/2017 19:06:43","0000-00","0","no battery","V"
"09/09/2020","10:01:58","2","default","115855972","OXY_CH2","36.394","min","182.573","µmol/L","Humid","21.060","deg","81198","µV","29.182","°C","1016.000","hPa","35.3","pmil","0","53.237","deg","23.954","°C","100.000","%a.s.","21.023","deg","23.635","°C","1019.000","hPa","0.861","-0.02617","0.00035","0","0","13.56","Humid","28.00","0","54.00","362747.88","SABD0000000001","AAV1.0.0.11","1.1.2.0","PSt7-10","170328-007","9/30/2017 19:06:43","0000-00","0","no battery","V"
"09/09/2020","10:01:59","2","default","115855972","OXY_CH2","36.411","min","182.665","µmol/L","Humid","21.064","deg","81202","µV","29.154","°C","1016.000","hPa","35.3","pmil","0","53.237","deg","23.954","°C","100.000","%a.s.","21.023","deg","23.635","°C","1019.000","hPa","0.861","-0.02617","0.00035","0","0","13.56","Humid","28.00","0","54.00","362741.55","SABD0000000001","AAV1.0.0.11","1.1.2.0","PSt7-10","170328-007","9/30/2017 19:06:43","0000-00","0","no battery","V"
"09/09/2020","10:02:00","2","default","115855972","OXY_CH2","36.427","min","182.554","µmol/L","Humid","21.068","deg","81204","µV","29.162","°C","1016.000","hPa","35.3","pmil","0","53.237","deg","23.954","°C","100.000","%a.s.","21.023","deg","23.635","°C","1019.000","hPa","0.861","-0.02617","0.00035","0","0","13.56","Humid","28.00","0","54.00","362747.07","SABD0000000001","AAV1.0.0.11","1.1.2.0","PSt7-10","170328-007","9/30/2017 19:06:43","0000-00","0","no battery","V"
"09/09/2020","10:02:01","2","default","115855972","OXY_CH2","36.444","min","182.554","µmol/L","Humid","21.063","deg","81201","µV","29.177","°C","1016.000","hPa","35.3","pmil","0","53.237","deg","23.954","°C","100.000","%a.s.","21.023","deg","23.635","°C","1019.000","hPa","0.861","-0.02617","0.00035","0","0","13.56","Humid","28.00","0","54.00","362743.27","SABD0000000001","AAV1.0.0.11","1.1.2.0","PSt7-10","170328-007","9/30/2017 19:06:43","0000-00","0","no battery","V"
"09/09/2020","10:02:02","2","default","115855972","OXY_CH2","36.461","min","182.628","µmol/L","Humid","21.064","deg","81202","µV","29.161","°C","1016.000","hPa","35.3","pmil","0","53.237","deg","23.954","°C","100.000","%a.s.","21.023","deg","23.635","°C","1019.000","hPa","0.861","-0.02617","0.00035","0","0","13.56","Humid","28.00","0","54.00","362735.02","SABD0000000001","AAV1.0.0.11","1.1.2.0","PSt7-10","170328-007","9/30/2017 19:06:43","0000-00","0","no battery","V"
"09/09/2020","10:02:03","2","default","115855972","OXY_CH2","36.478","min","182.720","µmol/L","Humid","21.060","deg","81201","µV","29.156","°C","1016.000","hPa","35.3","pmil","0","53.237","deg","23.954","°C","100.000","%a.s.","21.023","deg","23.635","°C","1019.000","hPa","0.861","-0.02617","0.00035","0","0","13.56","Humid","28.00","0","54.00","362746.00","SABD0000000001","AAV1.0.0.11","1.1.2.0","PSt7-10","170328-007","9/30/2017 19:06:43","0000-00","0","no battery","V"
"09/09/2020","10:02:04","2","default","115855972","OXY_CH2","36.494","min","182.618","µmol/L","Humid","21.059","deg","81201","µV","29.177","°C","1016.000","hPa","35.3","pmil","0","53.237","deg","23.954","°C","100.000","%a.s.","21.023","deg","23.635","°C","1019.000","hPa","0.861","-0.02617","0.00035","0","0","13.56","Humid","28.00","0","54.00","362735.33","SABD0000000001","AAV1.0.0.11","1.1.2.0","PSt7-10","170328-007","9/30/2017 19:06:43","0000-00","0","no battery","V"
"09/09/2020","10:02:05","2","default","115855972","OXY_CH2","36.510","min","182.483","µmol/L","Humid","21.065","deg","81200","µV","29.184","°C","1016.000","hPa","35.3","pmil","0","53.237","deg","23.954","°C","100.000","%a.s.","21.023","deg","23.635","°C","1019.000","hPa","0.861","-0.02617","0.00035","0","0","13.56","Humid","28.00","0","54.00","362722.33","SABD0000000001","AAV1.0.0.11","1.1.2.0","PSt7-10","170328-007","9/30/2017 19:06:43","0000-00","0","no battery","V"
"09/09/2020","10:02:06","2","default","115855972","OXY_CH2","36.527","min","182.453","µmol/L","Humid","21.066","deg","81193","µV","29.186","°C","1016.000","hPa","35.3","pmil","0","53.237","deg","23.954","°C","100.000","%a.s.","21.023","deg","23.635","°C","1019.000","hPa","0.861","-0.02617","0.00035","0","0","13.56","Humid","28.00","0","54.00","362722.09","SABD0000000001","AAV1.0.0.11","1.1.2.0","PSt7-10","170328-007","9/30/2017 19:06:43","0000-00","0","no battery","V"
"09/09/2020","10:02:07","2","default","115855972","OXY_CH2","36.544","min","182.770","µmol/L","Humid","21.058","deg","81199","µV","29.153","°C","1016.000","hPa","35.3","pmil","0","53.237","deg","23.954","°C","100.000","%a.s.","21.023","deg","23.635","°C","1019.000","hPa","0.861","-0.02617","0.00035","0","0","13.56","Humid","28.00","0","54.00","362737.62","SABD0000000001","AAV1.0.0.11","1.1.2.0","PSt7-10","170328-007","9/30/2017 19:06:43","0000-00","0","no battery","V"
"09/09/2020","10:02:08","2","default","115855972","OXY_CH2","36.560","min","182.528","µmol/L","Humid","21.066","deg","81187","µV","29.173","°C","1016.000","hPa","35.3","pmil","0","53.237","deg","23.954","°C","100.000","%a.s.","21.023","deg","23.635","°C","1019.000","hPa","0.861","-0.02617","0.00035","0","0","13.56","Humid","28.00","0","54.00","362733.19","SABD0000000001","AAV1.0.0.11","1.1.2.0","PSt7-10","170328-007","9/30/2017 19:06:43","0000-00","0","no battery","V"
"09/09/2020","10:02:09","2","default","115855972","OXY_CH2","36.577","min","182.598","µmol/L","Humid","21.063","deg","81198","µV","29.169","°C","1016.000","hPa","35.3","pmil","0","53.237","deg","23.954","°C","100.000","%a.s.","21.023","deg","23.635","°C","1019.000","hPa","0.861","-0.02617","0.00035","0","0","13.56","Humid","28.00","0","54.00","362736.16","SABD0000000001","AAV1.0.0.11","1.1.2.0","PSt7-10","170328-007","9/30/2017 19:06:43","0000-00","0","no battery","V"
"09/09/2020","10:02:10","2","default","115855972","OXY_CH2","36.594","min","182.563","µmol/L","Humid","21.063","deg","81199","µV","29.175","°C","1016.000","hPa","35.3","pmil","0","53.237","deg","23.954","°C","100.000","%a.s.","21.023","deg","23.635","°C","1019.000","hPa","0.861","-0.02617","0.00035","0","0","13.56","Humid","28.00","0","54.00","362736.31","SABD0000000001","AAV1.0.0.11","1.1.2.0","PSt7-10","170328-007","9/30/2017 19:06:43","0000-00","0","no battery","V"
"09/09/2020","10:02:11","2","default","115855972","OXY_CH2","36.610","min","182.526","µmol/L","Humid","21.063","deg","81195","µV","29.182","°C","1016.000","hPa","35.3","pmil","0","53.237","deg","23.954","°C","100.000","%a.s.","21.023","deg","23.635","°C","1019.000","hPa","0.861","-0.02617","0.00035","0","0","13.56","Humid","28.00","0","54.00","362733.34","SABD0000000001","AAV1.0.0.11","1.1.2.0","PSt7-10","170328-007","9/30/2017 19:06:43","0000-00","0","no battery","V"
"09/09/2020","10:02:12","2","default","115855972","OXY_CH2","36.627","min","182.530","µmol/L","Humid","21.064","deg","81194","µV","29.178","°C","1016.000","hPa","35.3","pmil","0","53.237","deg","23.954","°C","100.000","%a.s.","21.023","deg","23.635","°C","1019.000","hPa","0.861","-0.02617","0.00035","0","0","13.56","Humid","28.00","0","54.00","362715.72","SABD0000000001","AAV1.0.0.11","1.1.2.0","PSt7-10","170328-007","9/30/2017 19:06:43","0000-00","0","no battery","V"
"09/09/2020","10:02:13","2","default","115855972","OXY_CH2","36.644","min","182.587","µmol/L","Humid","21.062","deg","81194","µV","29.174","°C","1016.000","hPa","35.3","pmil","0","53.237","deg","23.954","°C","100.000","%a.s.","21.023","deg","23.635","°C","1019.000","hPa","0.861","-0.02617","0.00035","0","0","13.56","Humid","28.00","0","54.00","362731.57","SABD0000000001","AAV1.0.0.11","1.1.2.0","PSt7-10","170328-007","9/30/2017 19:06:43","0000-00","0","no battery","V"
"09/09/2020","10:02:14","2","default","115855972","OXY_CH2","36.661","min","182.533","µmol/L","Humid","21.061","deg","81192","µV","29.186","°C","1016.000","hPa","35.3","pmil","0","53.237","deg","23.954","°C","100.000","%a.s.","21.023","deg","23.635","°C","1019.000","hPa","0.861","-0.02617","0.00035","0","0","13.56","Humid","28.00","0","54.00","362733.39","SABD0000000001","AAV1.0.0.11","1.1.2.0","PSt7-10","170328-007","9/30/2017 19:06:43","0000-00","0","no battery","V"
"09/09/2020","10:02:15","2","default","115855972","OXY_CH2","36.678","min","182.525","µmol/L","Humid","21.063","deg","81191","µV","29.182","°C","1016.000","hPa","35.3","pmil","0","53.237","deg","23.954","°C","100.000","%a.s.","21.023","deg","23.635","°C","1019.000","hPa","0.861","-0.02617","0.00035","0","0","13.56","Humid","28.00","0","54.00","362732.82","SABD0000000001","AAV1.0.0.11","1.1.2.0","PSt7-10","170328-007","9/30/2017 19:06:43","0000-00","0","no battery","V"
"09/09/2020","10:02:16","2","default","115855972","OXY_CH2","36.694","min","182.485","µmol/L","Humid","21.065","deg","81191","µV","29.183","°C","1016.000","hPa","35.3","pmil","0","53.237","deg","23.954","°C","100.000","%a.s.","21.023","deg","23.635","°C","1019.000","hPa","0.861","-0.02617","0.00035","0","0","13.56","Humid","28.00","0","54.00","362731.44","SABD0000000001","AAV1.0.0.11","1.1.2.0","PSt7-10","170328-007","9/30/2017 19:06:43","0000-00","0","no battery","V"
"09/09/2020","10:02:17","2","default","115855972","OXY_CH2","36.711","min","182.651","µmol/L","Humid","21.059","deg","81191","µV","29.171","°C","1016.000","hPa","35.3","pmil","0","53.237","deg","23.954","°C","100.000","%a.s.","21.023","deg","23.635","°C","1019.000","hPa","0.861","-0.02617","0.00035","0","0","13.56","Humid","28.00","0","54.00","362728.62","SABD0000000001","AAV1.0.0.11","1.1.2.0","PSt7-10","170328-007","9/30/2017 19:06:43","0000-00","0","no battery","V"
"09/09/2020","10:02:18","2","default","115855972","OXY_CH2","36.727","min","182.536","µmol/L","Humid","21.061","deg","81188","µV","29.186","°C","1016.000","hPa","35.3","pmil","0","53.237","deg","23.954","°C","100.000","%a.s.","21.023","deg","23.635","°C","1019.000","hPa","0.861","-0.02617","0.00035","0","0","13.56","Humid","28.00","0","54.00","362720.91","SABD0000000001","AAV1.0.0.11","1.1.2.0","PSt7-10","170328-007","9/30/2017 19:06:43","0000-00","0","no battery","V"
"09/09/2020","10:02:19","2","default","115855972","OXY_CH2","36.744","min","182.456","µmol/L","Humid","21.064","deg","81185","µV","29.191","°C","1016.000","hPa","35.3","pmil","0","53.237","deg","23.954","°C","100.000","%a.s.","21.023","deg","23.635","°C","1019.000","hPa","0.861","-0.02617","0.00035","0","0","13.56","Humid","28.00","0","54.00","362712.97","SABD0000000001","AAV1.0.0.11","1.1.2.0","PSt7-10","170328-007","9/30/2017 19:06:43","0000-00","0","no battery","V"
"09/09/2020","10:02:20","2","default","115855972","OXY_CH2","36.761","min","182.500","µmol/L","Humid","21.064","deg","81199","µV","29.183","°C","1016.000","hPa","35.3","pmil","0","53.237","deg","23.954","°C","100.000","%a.s.","21.023","deg","23.635","°C","1019.000","hPa","0.861","-0.02617","0.00035","0","0","13.56","Humid","28.00","0","54.00","362728.58","SABD0000000001","AAV1.0.0.11","1.1.2.0","PSt7-10","170328-007","9/30/2017 19:06:43","0000-00","0","no battery","V"
"09/09/2020","10:02:21","2","default","115855972","OXY_CH2","36.777","min","182.711","µmol/L","Humid","21.057","deg","81189","µV","29.167","°C","1016.000","hPa","35.3","pmil","0","53.237","deg","23.954","°C","100.000","%a.s.","21.023","deg","23.635","°C","1019.000","hPa","0.861","-0.02617","0.00035","0","0","13.56","Humid","28.00","0","54.00","362718.64","SABD0000000001","AAV1.0.0.11","1.1.2.0","PSt7-10","170328-007","9/30/2017 19:06:43","0000-00","0","no battery","V"
"09/09/2020","10:02:22","2","default","115855972","OXY_CH2","36.794","min","182.593","µmol/L","Humid","21.061","deg","81185","µV","29.176","°C","1016.000","hPa","35.3","pmil","0","53.237","deg","23.954","°C","100.000","%a.s.","21.023","deg","23.635","°C","1019.000","hPa","0.861","-0.02617","0.00035","0","0","13.56","Humid","28.00","0","54.00","362719.68","SABD0000000001","AAV1.0.0.11","1.1.2.0","PSt7-10","170328-007","9/30/2017 19:06:43","0000-00","0","no battery","V"
"09/09/2020","10:02:23","2","default","115855972","OXY_CH2","36.810","min","182.589","µmol/L","Humid","21.055","deg","81179","µV","29.194","°C","1016.000","hPa","35.3","pmil","0","53.237","deg","23.954","°C","100.000","%a.s.","21.023","deg","23.635","°C","1019.000","hPa","0.861","-0.02617","0.00035","0","0","13.56","Humid","28.00","0","54.00","362701.86","SABD0000000001","AAV1.0.0.11","1.1.2.0","PSt7-10","170328-007","9/30/2017 19:06:43","0000-00","0","no battery","V"
"09/09/2020","10:02:24","2","default","115855972","OXY_CH2","36.827","min","182.518","µmol/L","Humid","21.062","deg","81185","µV","29.186","°C","1016.000","hPa","35.3","pmil","0","53.237","deg","23.954","°C","100.000","%a.s.","21.023","deg","23.635","°C","1019.000","hPa","0.861","-0.02617","0.00035","0","0","13.56","Humid","28.00","0","54.00","362706.17","SABD0000000001","AAV1.0.0.11","1.1.2.0","PSt7-10","170328-007","9/30/2017 19:06:43","0000-00","0","no battery","V"
"09/09/2020","10:02:25","2","default","115855972","OXY_CH2","36.844","min","182.666","µmol/L","Humid","21.056","deg","81185","µV","29.178","°C","1016.000","hPa","35.3","pmil","0","53.237","deg","23.954","°C","100.000","%a.s.","21.023","deg","23.635","°C","1019.000","hPa","0.861","-0.02617","0.00035","0","0","13.56","Humid","28.00","0","54.00","362704.08","SABD0000000001","AAV1.0.0.11","1.1.2.0","PSt7-10","170328-007","9/30/2017 19:06:43","0000-00","0","no battery","V"
"09/09/2020","10:02:26","2","default","115855972","OXY_CH2","36.861","min","182.601","µmol/L","Humid","21.058","deg","81184","µV","29.183","°C","1016.000","hPa","35.3","pmil","0","53.237","deg","23.954","°C","100.000","%a.s.","21.023","deg","23.635","°C","1019.000","hPa","0.861","-0.02617","0.00035","0","0","13.56","Humid","28.00","0","54.00","362702.09","SABD0000000001","AAV1.0.0.11","1.1.2.0","PSt7-10","170328-007","9/30/2017 19:06:43","0000-00","0","no battery","V"
"09/09/2020","10:02:27","2","default","115855972","OXY_CH2","36.877","min","182.575","µmol/L","Humid","21.063","deg","81187","µV","29.173","°C","1016.000","hPa","35.3","pmil","0","53.237","deg","23.954","°C","100.000","%a.s.","21.023","deg","23.635","°C","1019.000","hPa","0.861","-0.02617","0.00035","0","0","13.56","Humid","28.00","0","54.00","362714.53","SABD0000000001","AAV1.0.0.11","1.1.2.0","PSt7-10","170328-007","9/30/2017 19:06:43","0000-00","0","no battery","V"
"09/09/2020","10:02:28","2","default","115855972","OXY_CH2","36.894","min","182.572","µmol/L","Humid","21.061","deg","81177","µV","29.180","°C","1016.000","hPa","35.3","pmil","0","53.237","deg","23.954","°C","100.000","%a.s.","21.023","deg","23.635","°C","1019.000","hPa","0.861","-0.02617","0.00035","0","0","13.56","Humid","28.00","0","54.00","362705.51","SABD0000000001","AAV1.0.0.11","1.1.2.0","PSt7-10","170328-007","9/30/2017 19:06:43","0000-00","0","no battery","V"
"09/09/2020","10:02:29","2","default","115855972","OXY_CH2","36.910","min","182.591","µmol/L","Humid","21.057","deg","81181","µV","29.188","°C","1016.000","hPa","35.3","pmil","0","53.237","deg","23.954","°C","100.000","%a.s.","21.023","deg","23.635","°C","1019.000","hPa","0.861","-0.02617","0.00035","0","0","13.56","Humid","28.00","0","54.00","362695.72","SABD0000000001","AAV1.0.0.11","1.1.2.0","PSt7-10","170328-007","9/30/2017 19:06:43","0000-00","0","no battery","V"
"09/09/2020","10:02:30","2","default","115855972","OXY_CH2","36.927","min","182.611","µmol/L","Humid","21.058","deg","81180","µV","29.181","°C","1016.000","hPa","35.3","pmil","0","53.237","deg","23.954","°C","100.000","%a.s.","21.023","deg","23.635","°C","1019.000","hPa","0.861","-0.02617","0.00035","0","0","13.56","Humid","28.00","0","54.00","362698.90","SABD0000000001","AAV1.0.0.11","1.1.2.0","PSt7-10","170328-007","9/30/2017 19:06:43","0000-00","0","no battery","V"
"09/09/2020","10:02:31","2","default","115855972","OXY_CH2","36.944","min","182.645","µmol/L","Humid","21.060","deg","81181","µV","29.170","°C","1016.000","hPa","35.3","pmil","0","53.237","deg","23.954","°C","100.000","%a.s.","21.023","deg","23.635","°C","1019.000","hPa","0.861","-0.02617","0.00035","0","0","13.56","Humid","28.00","0","54.00","362713.52","SABD0000000001","AAV1.0.0.11","1.1.2.0","PSt7-10","170328-007","9/30/2017 19:06:43","0000-00","0","no battery","V"
"09/09/2020","10:02:32","2","default","115855972","OXY_CH2","36.961","min","182.595","µmol/L","Humid","21.058","deg","81176","µV","29.184","°C","1016.000","hPa","35.3","pmil","0","53.237","deg","23.954","°C","100.000","%a.s.","21.023","deg","23.635","°C","1019.000","hPa","0.861","-0.02617","0.00035","0","0","13.56","Humid","28.00","0","54.00","362701.63","SABD0000000001","AAV1.0.0.11","1.1.2.0","PSt7-10","170328-007","9/30/2017 19:06:43","0000-00","0","no battery","V"
"09/09/2020","10:02:33","2","default","115855972","OXY_CH2","36.977","min","182.548","µmol/L","Humid","21.060","deg","81176","µV","29.187","°C","1016.000","hPa","35.3","pmil","0","53.237","deg","23.954","°C","100.000","%a.s.","21.023","deg","23.635","°C","1019.000","hPa","0.861","-0.02617","0.00035","0","0","13.56","Humid","28.00","0","54.00","362705.42","SABD0000000001","AAV1.0.0.11","1.1.2.0","PSt7-10","170328-007","9/30/2017 19:06:43","0000-00","0","no battery","V"
"09/09/2020","10:02:34","2","default","115855972","OXY_CH2","36.994","min","182.512","µmol/L","Humid","21.062","deg","81178","µV","29.187","°C","1016.000","hPa","35.3","pmil","0","53.237","deg","23.954","°C","100.000","%a.s.","21.023","deg","23.635","°C","1019.000","hPa","0.861","-0.02617","0.00035","0","0","13.56","Humid","28.00","0","54.00","362710.00","SABD0000000001","AAV1.0.0.11","1.1.2.0","PSt7-10","170328-007","9/30/2017 19:06:43","0000-00","0","no battery","V"
"09/09/2020","10:02:35","2","default","115855972","OXY_CH2","37.011","min","182.590","µmol/L","Humid","21.060","deg","81174","µV","29.179","°C","1016.000","hPa","35.3","pmil","0","53.237","deg","23.954","°C","100.000","%a.s.","21.023","deg","23.635","°C","1019.000","hPa","0.861","-0.02617","0.00035","0","0","13.56","Humid","28.00","0","54.00","362715.19","SABD0000000001","AAV1.0.0.11","1.1.2.0","PSt7-10","170328-007","9/30/2017 19:06:43","0000-00","0","no battery","V"
"09/09/2020","10:02:36","2","default","115855972","OXY_CH2","37.028","min","182.573","µmol/L","Humid","21.059","deg","81176","µV","29.185","°C","1016.000","hPa","35.3","pmil","0","53.237","deg","23.954","°C","100.000","%a.s.","21.023","deg","23.635","°C","1019.000","hPa","0.861","-0.02617","0.00035","0","0","13.56","Humid","28.00","0","54.00","362705.89","SABD0000000001","AAV1.0.0.11","1.1.2.0","PSt7-10","170328-007","9/30/2017 19:06:43","0000-00","0","no battery","V"
"09/09/2020","10:02:37","2","default","115855972","OXY_CH2","37.044","min","182.608","µmol/L","Humid","21.054","deg","81174","µV","29.193","°C","1016.000","hPa","35.3","pmil","0","53.237","deg","23.954","°C","100.000","%a.s.","21.023","deg","23.635","°C","1019.000","hPa","0.861","-0.02617","0.00035","0","0","13.56","Humid","28.00","0","54.00","362689.87","SABD0000000001","AAV1.0.0.11","1.1.2.0","PSt7-10","170328-007","9/30/2017 19:06:43","0000-00","0","no battery","V"
"09/09/2020","10:02:38","2","default","115855972","OXY_CH2","37.061","min","182.606","µmol/L","Humid","21.055","deg","81176","µV","29.191","°C","1016.000","hPa","35.3","pmil","0","53.237","deg","23.954","°C","100.000","%a.s.","21.023","deg","23.635","°C","1019.000","hPa","0.861","-0.02617","0.00035","0","0","13.56","Humid","28.00","0","54.00","362712.32","SABD0000000001","AAV1.0.0.11","1.1.2.0","PSt7-10","170328-007","9/30/2017 19:06:43","0000-00","0","no battery","V"
"09/09/2020","10:02:39","2","default","115855972","OXY_CH2","37.078","min","182.523","µmol/L","Humid","21.058","deg","81179","µV","29.197","°C","1016.000","hPa","35.3","pmil","0","53.237","deg","23.954","°C","100.000","%a.s.","21.023","deg","23.635","°C","1019.000","hPa","0.861","-0.02617","0.00035","0","0","13.56","Humid","28.00","0","54.00","362701.66","SABD0000000001","AAV1.0.0.11","1.1.2.0","PSt7-10","170328-007","9/30/2017 19:06:43","0000-00","0","no battery","V"
"09/09/2020","10:02:40","2","default","115855972","OXY_CH2","37.094","min","182.632","µmol/L","Humid","21.054","deg","81168","µV","29.189","°C","1016.000","hPa","35.3","pmil","0","53.237","deg","23.954","°C","100.000","%a.s.","21.023","deg","23.635","°C","1019.000","hPa","0.861","-0.02617","0.00035","0","0","13.56","Humid","28.00","0","54.00","362702.43","SABD0000000001","AAV1.0.0.11","1.1.2.0","PSt7-10","170328-007","9/30/2017 19:06:43","0000-00","0","no battery","V"
"09/09/2020","10:02:41","2","default","115855972","OXY_CH2","37.111","min","182.505","µmol/L","Humid","21.061","deg","81160","µV","29.191","°C","1016.000","hPa","35.3","pmil","0","53.237","deg","23.954","°C","100.000","%a.s.","21.023","deg","23.635","°C","1019.000","hPa","0.861","-0.02617","0.00035","0","0","13.56","Humid","28.00","0","54.00","362682.76","SABD0000000001","AAV1.0.0.11","1.1.2.0","PSt7-10","170328-007","9/30/2017 19:06:43","0000-00","0","no battery","V"
"09/09/2020","10:02:42","2","default","115855972","OXY_CH2","37.127","min","182.538","µmol/L","Humid","21.057","deg","81170","µV","29.197","°C","1016.000","hPa","35.3","pmil","0","53.237","deg","23.954","°C","100.000","%a.s.","21.023","deg","23.635","°C","1019.000","hPa","0.861","-0.02617","0.00035","0","0","13.56","Humid","28.00","0","54.00","362682.80","SABD0000000001","AAV1.0.0.11","1.1.2.0","PSt7-10","170328-007","9/30/2017 19:06:43","0000-00","0","no battery","V"
"09/09/2020","10:02:43","2","default","115855972","OXY_CH2","37.144","min","182.374","µmol/L","Humid","21.063","deg","81173","µV","29.209","°C","1016.000","hPa","35.3","pmil","0","53.237","deg","23.954","°C","100.000","%a.s.","21.023","deg","23.635","°C","1019.000","hPa","0.861","-0.02617","0.00035","0","0","13.56","Humid","28.00","0","54.00","362688.79","SABD0000000001","AAV1.0.0.11","1.1.2.0","PSt7-10","170328-007","9/30/2017 19:06:43","0000-00","0","no battery","V"
"09/09/2020","10:02:44","2","default","115855972","OXY_CH2","37.160","min","182.484","µmol/L","Humid","21.059","deg","81169","µV","29.201","°C","1016.000","hPa","35.3","pmil","0","53.237","deg","23.954","°C","100.000","%a.s.","21.023","deg","23.635","°C","1019.000","hPa","0.861","-0.02617","0.00035","0","0","13.56","Humid","28.00","0","54.00","362687.79","SABD0000000001","AAV1.0.0.11","1.1.2.0","PSt7-10","170328-007","9/30/2017 19:06:43","0000-00","0","no battery","V"
"09/09/2020","10:02:45","2","default","115855972","OXY_CH2","37.178","min","182.538","µmol/L","Humid","21.059","deg","81169","µV","29.191","°C","1016.000","hPa","35.3","pmil","0","53.237","deg","23.954","°C","100.000","%a.s.","21.023","deg","23.635","°C","1019.000","hPa","0.861","-0.02617","0.00035","0","0","13.56","Humid","28.00","0","54.00","362688.09","SABD0000000001","AAV1.0.0.11","1.1.2.0","PSt7-10","170328-007","9/30/2017 19:06:43","0000-00","0","no battery","V"
"09/09/2020","10:02:46","2","default","115855972","OXY_CH2","37.194","min","182.540","µmol/L","Humid","21.055","deg","81176","µV","29.203","°C","1016.000","hPa","35.3","pmil","0","53.237","deg","23.954","°C","100.000","%a.s.","21.023","deg","23.635","°C","1019.000","hPa","0.861","-0.02617","0.00035","0","0","13.56","Humid","28.00","0","54.00","362694.87","SABD0000000001","AAV1.0.0.11","1.1.2.0","PSt7-10","170328-007","9/30/2017 19:06:43","0000-00","0","no battery","V"
"09/09/2020","10:02:47","2","default","115855972","OXY_CH2","37.211","min","182.544","µmol/L","Humid","21.059","deg","81165","µV","29.190","°C","1016.000","hPa","35.3","pmil","0","53.237","deg","23.954","°C","100.000","%a.s.","21.023","deg","23.635","°C","1019.000","hPa","0.861","-0.02617","0.00035","0","0","13.56","Humid","28.00","0","54.00","362668.57","SABD0000000001","AAV1.0.0.11","1.1.2.0","PSt7-10","170328-007","9/30/2017 19:06:43","0000-00","0","no battery","V"
"09/09/2020","10:02:48","2","default","115855972","OXY_CH2","37.227","min","182.610","µmol/L","Humid","21.054","deg","81160","µV","29.193","°C","1016.000","hPa","35.3","pmil","0","53.237","deg","23.954","°C","100.000","%a.s.","21.023","deg","23.635","°C","1019.000","hPa","0.861","-0.02617","0.00035","0","0","13.56","Humid","28.00","0","54.00","362677.78","SABD0000000001","AAV1.0.0.11","1.1.2.0","PSt7-10","170328-007","9/30/2017 19:06:43","0000-00","0","no battery","V"
"09/09/2020","10:02:49","2","default","115855972","OXY_CH2","37.244","min","182.573","µmol/L","Humid","21.054","deg","81164","µV","29.200","°C","1016.000","hPa","35.3","pmil","0","53.237","deg","23.954","°C","100.000","%a.s.","21.023","deg","23.635","°C","1019.000","hPa","0.861","-0.02617","0.00035","0","0","13.56","Humid","28.00","0","54.00","362674.63","SABD0000000001","AAV1.0.0.11","1.1.2.0","PSt7-10","170328-007","9/30/2017 19:06:43","0000-00","0","no battery","V"
"09/09/2020","10:02:50","2","default","115855972","OXY_CH2","37.260","min","182.544","µmol/L","Humid","21.057","deg","81163","µV","29.196","°C","1016.000","hPa","35.3","pmil","0","53.237","deg","23.954","°C","100.000","%a.s.","21.023","deg","23.635","°C","1019.000","hPa","0.861","-0.02617","0.00035","0","0","13.56","Humid","28.00","0","54.00","362682.05","SABD0000000001","AAV1.0.0.11","1.1.2.0","PSt7-10","170328-007","9/30/2017 19:06:43","0000-00","0","no battery","V"
"09/09/2020","10:02:51","2","default","115855972","OXY_CH2","37.278","min","182.526","µmol/L","Humid","21.058","deg","81166","µV","29.196","°C","1016.000","hPa","35.3","pmil","0","53.237","deg","23.954","°C","100.000","%a.s.","21.023","deg","23.635","°C","1019.000","hPa","0.861","-0.02617","0.00035","0","0","13.56","Humid","28.00","0","54.00","362673.69","SABD0000000001","AAV1.0.0.11","1.1.2.0","PSt7-10","170328-007","9/30/2017 19:06:43","0000-00","0","no battery","V"
"09/09/2020","10:02:52","2","default","115855972","OXY_CH2","37.294","min","182.504","µmol/L","Humid","21.058","deg","81167","µV","29.200","°C","1016.000","hPa","35.3","pmil","0","53.237","deg","23.954","°C","100.000","%a.s.","21.023","deg","23.635","°C","1019.000","hPa","0.861","-0.02617","0.00035","0","0","13.56","Humid","28.00","0","54.00","362679.85","SABD0000000001","AAV1.0.0.11","1.1.2.0","PSt7-10","170328-007","9/30/2017 19:06:43","0000-00","0","no battery","V"
"09/09/2020","10:02:53","2","default","115855972","OXY_CH2","37.310","min","182.497","µmol/L","Humid","21.054","deg","81162","µV","29.213","°C","1016.000","hPa","35.3","pmil","0","53.237","deg","23.954","°C","100.000","%a.s.","21.023","deg","23.635","°C","1019.000","hPa","0.861","-0.02617","0.00035","0","0","13.56","Humid","28.00","0","54.00","362683.57","SABD0000000001","AAV1.0.0.11","1.1.2.0","PSt7-10","170328-007","9/30/2017 19:06:43","0000-00","0","no battery","V"
"09/09/2020","10:02:54","2","default","115855972","OXY_CH2","37.327","min","182.519","µmol/L","Humid","21.057","deg","81162","µV","29.201","°C","1016.000","hPa","35.3","pmil","0","53.237","deg","23.954","°C","100.000","%a.s.","21.023","deg","23.635","°C","1019.000","hPa","0.861","-0.02617","0.00035","0","0","13.56","Humid","28.00","0","54.00","362682.46","SABD0000000001","AAV1.0.0.11","1.1.2.0","PSt7-10","170328-007","9/30/2017 19:06:43","0000-00","0","no battery","V"
"09/09/2020","10:02:55","2","default","115855972","OXY_CH2","37.344","min","182.487","µmol/L","Humid","21.060","deg","81160","µV","29.197","°C","1016.000","hPa","35.3","pmil","0","53.237","deg","23.954","°C","100.000","%a.s.","21.023","deg","23.635","°C","1019.000","hPa","0.861","-0.02617","0.00035","0","0","13.56","Humid","28.00","0","54.00","362665.30","SABD0000000001","AAV1.0.0.11","1.1.2.0","PSt7-10","170328-007","9/30/2017 19:06:43","0000-00","0","no battery","V"
"09/09/2020","10:02:56","2","default","115855972","OXY_CH2","37.361","min","182.473","µmol/L","Humid","21.056","deg","81163","µV","29.211","°C","1016.000","hPa","35.3","pmil","0","53.237","deg","23.954","°C","100.000","%a.s.","21.023","deg","23.635","°C","1019.000","hPa","0.861","-0.02617","0.00035","0","0","13.56","Humid","28.00","0","54.00","362697.23","SABD0000000001","AAV1.0.0.11","1.1.2.0","PSt7-10","170328-007","9/30/2017 19:06:43","0000-00","0","no battery","V"
"09/09/2020","10:02:57","2","default","115855972","OXY_CH2","37.378","min","182.429","µmol/L","Humid","21.061","deg","81166","µV","29.205","°C","1016.000","hPa","35.3","pmil","0","53.237","deg","23.954","°C","100.000","%a.s.","21.023","deg","23.635","°C","1019.000","hPa","0.861","-0.02617","0.00035","0","0","13.56","Humid","28.00","0","54.00","362692.69","SABD0000000001","AAV1.0.0.11","1.1.2.0","PSt7-10","170328-007","9/30/2017 19:06:43","0000-00","0","no battery","V"
"09/09/2020","10:02:58","2","default","115855972","OXY_CH2","37.394","min","182.660","µmol/L","Humid","21.052","deg","81158","µV","29.190","°C","1016.000","hPa","35.3","pmil","0","53.237","deg","23.954","°C","100.000","%a.s.","21.023","deg","23.635","°C","1019.000","hPa","0.861","-0.02617","0.00035","0","0","13.56","Humid","28.00","0","54.00","362687.09","SABD0000000001","AAV1.0.0.11","1.1.2.0","PSt7-10","170328-007","9/30/2017 19:06:43","0000-00","0","no battery","V"
"09/09/2020","10:02:59","2","default","115855972","OXY_CH2","37.410","min","182.500","µmol/L","Humid","21.055","deg","81158","µV","29.210","°C","1016.000","hPa","35.3","pmil","0","53.237","deg","23.954","°C","100.000","%a.s.","21.023","deg","23.635","°C","1019.000","hPa","0.861","-0.02617","0.00035","0","0","13.56","Humid","28.00","0","54.00","362663.74","SABD0000000001","AAV1.0.0.11","1.1.2.0","PSt7-10","170328-007","9/30/2017 19:06:43","0000-00","0","no battery","V"
"09/09/2020","10:03:00","2","default","115855972","OXY_CH2","37.428","min","182.490","µmol/L","Humid","21.056","deg","81161","µV","29.208","°C","1016.000","hPa","35.3","pmil","0","53.237","deg","23.954","°C","100.000","%a.s.","21.023","deg","23.635","°C","1019.000","hPa","0.861","-0.02617","0.00035","0","0","13.56","Humid","28.00","0","54.00","362670.19","SABD0000000001","AAV1.0.0.11","1.1.2.0","PSt7-10","170328-007","9/30/2017 19:06:43","0000-00","0","no battery","V"
"09/09/2020","10:03:01","2","default","115855972","OXY_CH2","37.444","min","182.482","µmol/L","Humid","21.057","deg","81157","µV","29.207","°C","1016.000","hPa","35.3","pmil","0","53.237","deg","23.954","°C","100.000","%a.s.","21.023","deg","23.635","°C","1019.000","hPa","0.861","-0.02617","0.00035","0","0","13.56","Humid","28.00","0","54.00","362671.95","SABD0000000001","AAV1.0.0.11","1.1.2.0","PSt7-10","170328-007","9/30/2017 19:06:43","0000-00","0","no battery","V"
"09/09/2020","10:03:02","2","default","115855972","OXY_CH2","37.460","min","182.451","µmol/L","Humid","21.058","deg","81156","µV","29.209","°C","1016.000","hPa","35.3","pmil","0","53.237","deg","23.954","°C","100.000","%a.s.","21.023","deg","23.635","°C","1019.000","hPa","0.861","-0.02617","0.00035","0","0","13.56","Humid","28.00","0","54.00","362660.31","SABD0000000001","AAV1.0.0.11","1.1.2.0","PSt7-10","170328-007","9/30/2017 19:06:43","0000-00","0","no battery","V"
"09/09/2020","10:03:03","2","default","115855972","OXY_CH2","37.477","min","182.558","µmol/L","Humid","21.052","deg","81161","µV","29.208","°C","1016.000","hPa","35.3","pmil","0","53.237","deg","23.954","°C","100.000","%a.s.","21.023","deg","23.635","°C","1019.000","hPa","0.861","-0.02617","0.00035","0","0","13.56","Humid","28.00","0","54.00","362676.07","SABD0000000001","AAV1.0.0.11","1.1.2.0","PSt7-10","170328-007","9/30/2017 19:06:43","0000-00","0","no battery","V"
"09/09/2020","10:03:04","2","default","115855972","OXY_CH2","37.494","min","182.513","µmol/L","Humid","21.057","deg","81162","µV","29.202","°C","1016.000","hPa","35.3","pmil","0","53.237","deg","23.954","°C","100.000","%a.s.","21.023","deg","23.635","°C","1019.000","hPa","0.861","-0.02617","0.00035","0","0","13.56","Humid","28.00","0","54.00","362667.58","SABD0000000001","AAV1.0.0.11","1.1.2.0","PSt7-10","170328-007","9/30/2017 19:06:43","0000-00","0","no battery","V"
"09/09/2020","10:03:05","2","default","115855972","OXY_CH2","37.511","min","182.535","µmol/L","Humid","21.056","deg","81156","µV","29.201","°C","1016.000","hPa","35.3","pmil","0","53.237","deg","23.954","°C","100.000","%a.s.","21.023","deg","23.635","°C","1019.000","hPa","0.861","-0.02617","0.00035","0","0","13.56","Humid","28.00","0","54.00","362668.67","SABD0000000001","AAV1.0.0.11","1.1.2.0","PSt7-10","170328-007","9/30/2017 19:06:43","0000-00","0","no battery","V"
"09/09/2020","10:03:06","2","default","115855972","OXY_CH2","37.528","min","182.633","µmol/L","Humid","21.051","deg","81159","µV","29.198","°C","1016.000","hPa","35.3","pmil","0","53.237","deg","23.954","°C","100.000","%a.s.","21.023","deg","23.635","°C","1019.000","hPa","0.861","-0.02617","0.00035","0","0","13.56","Humid","28.00","0","54.00","362671.41","SABD0000000001","AAV1.0.0.11","1.1.2.0","PSt7-10","170328-007","9/30/2017 19:06:43","0000-00","0","no battery","V"
"09/09/2020","10:03:07","2","default","115855972","OXY_CH2","37.544","min","182.574","µmol/L","Humid","21.053","deg","81157","µV","29.202","°C","1016.000","hPa","35.3","pmil","0","53.237","deg","23.954","°C","100.000","%a.s.","21.023","deg","23.635","°C","1019.000","hPa","0.861","-0.02617","0.00035","0","0","13.56","Humid","28.00","0","54.00","362665.08","SABD0000000001","AAV1.0.0.11","1.1.2.0","PSt7-10","170328-007","9/30/2017 19:06:43","0000-00","0","no battery","V"
"09/09/2020","10:03:08","2","default","115855972","OXY_CH2","37.561","min","182.617","µmol/L","Humid","21.055","deg","81161","µV","29.189","°C","1016.000","hPa","35.3","pmil","0","53.237","deg","23.954","°C","100.000","%a.s.","21.023","deg","23.635","°C","1019.000","hPa","0.861","-0.02617","0.00035","0","0","13.56","Humid","28.00","0","54.00","362660.37","SABD0000000001","AAV1.0.0.11","1.1.2.0","PSt7-10","170328-007","9/30/2017 19:06:43","0000-00","0","no battery","V"
"09/09/2020","10:03:09","2","default","115855972","OXY_CH2","37.577","min","182.571","µmol/L","Humid","21.054","deg","81156","µV","29.200","°C","1016.000","hPa","35.3","pmil","0","53.237","deg","23.954","°C","100.000","%a.s.","21.023","deg","23.635","°C","1019.000","hPa","0.861","-0.02617","0.00035","0","0","13.56","Humid","28.00","0","54.00","362660.19","SABD0000000001","AAV1.0.0.11","1.1.2.0","PSt7-10","170328-007","9/30/2017 19:06:43","0000-00","0","no battery","V"
"09/09/2020","10:03:10","2","default","115855972","OXY_CH2","37.594","min","182.511","µmol/L","Humid","21.053","deg","81159","µV","29.214","°C","1016.000","hPa","35.3","pmil","0","53.237","deg","23.954","°C","100.000","%a.s.","21.023","deg","23.635","°C","1019.000","hPa","0.861","-0.02617","0.00035","0","0","13.56","Humid","28.00","0","54.00","362664.88","SABD0000000001","AAV1.0.0.11","1.1.2.0","PSt7-10","170328-007","9/30/2017 19:06:43","0000-00","0","no battery","V"
"09/09/2020","10:03:11","2","default","115855972","OXY_CH2","37.610","min","182.503","µmol/L","Humid","21.056","deg","81151","µV","29.206","°C","1016.000","hPa","35.3","pmil","0","53.237","deg","23.954","°C","100.000","%a.s.","21.023","deg","23.635","°C","1019.000","hPa","0.861","-0.02617","0.00035","0","0","13.56","Humid","28.00","0","54.00","362651.44","SABD0000000001","AAV1.0.0.11","1.1.2.0","PSt7-10","170328-007","9/30/2017 19:06:43","0000-00","0","no battery","V"
"09/09/2020","10:03:12","2","default","115855972","OXY_CH2","37.627","min","182.540","µmol/L","Humid","21.054","deg","81151","µV","29.206","°C","1016.000","hPa","35.3","pmil","0","53.237","deg","23.954","°C","100.000","%a.s.","21.023","deg","23.635","°C","1019.000","hPa","0.861","-0.02617","0.00035","0","0","13.56","Humid","28.00","0","54.00","362652.94","SABD0000000001","AAV1.0.0.11","1.1.2.0","PSt7-10","170328-007","9/30/2017 19:06:43","0000-00","0","no battery","V"
"09/09/2020","10:03:13","2","default","115855972","OXY_CH2","37.644","min","182.516","µmol/L","Humid","21.054","deg","81148","µV","29.210","°C","1016.000","hPa","35.3","pmil","0","53.237","deg","23.954","°C","100.000","%a.s.","21.023","deg","23.635","°C","1019.000","hPa","0.861","-0.02617","0.00035","0","0","13.56","Humid","28.00","0","54.00","362658.93","SABD0000000001","AAV1.0.0.11","1.1.2.0","PSt7-10","170328-007","9/30/2017 19:06:43","0000-00","0","no battery","V"
"09/09/2020","10:03:14","2","default","115855972","OXY_CH2","37.661","min","182.490","µmol/L","Humid","21.054","deg","81155","µV","29.214","°C","1016.000","hPa","35.3","pmil","0","53.237","deg","23.954","°C","100.000","%a.s.","21.023","deg","23.635","°C","1019.000","hPa","0.861","-0.02617","0.00035","0","0","13.56","Humid","28.00","0","54.00","362657.86","SABD0000000001","AAV1.0.0.11","1.1.2.0","PSt7-10","170328-007","9/30/2017 19:06:43","0000-00","0","no battery","V"
"09/09/2020","10:03:15","2","default","115855972","OXY_CH2","37.678","min","182.562","µmol/L","Humid","21.048","deg","81155","µV","29.219","°C","1016.000","hPa","35.3","pmil","0","53.237","deg","23.954","°C","100.000","%a.s.","21.023","deg","23.635","°C","1019.000","hPa","0.861","-0.02617","0.00035","0","0","13.56","Humid","28.00","0","54.00","362657.15","SABD0000000001","AAV1.0.0.11","1.1.2.0","PSt7-10","170328-007","9/30/2017 19:06:43","0000-00","0","no battery","V"
"09/09/2020","10:03:16","2","default","115855972","OXY_CH2","37.694","min","182.553","µmol/L","Humid","21.051","deg","81143","µV","29.212","°C","1016.000","hPa","35.3","pmil","0","53.237","deg","23.954","°C","100.000","%a.s.","21.023","deg","23.635","°C","1019.000","hPa","0.861","-0.02617","0.00035","0","0","13.56","Humid","28.00","0","54.00","362659.70","SABD0000000001","AAV1.0.0.11","1.1.2.0","PSt7-10","170328-007","9/30/2017 19:06:43","0000-00","0","no battery","V"
"09/09/2020","10:03:17","2","default","115855972","OXY_CH2","37.711","min","182.588","µmol/L","Humid","21.047","deg","81147","µV","29.217","°C","1016.000","hPa","35.3","pmil","0","53.237","deg","23.954","°C","100.000","%a.s.","21.023","deg","23.635","°C","1019.000","hPa","0.861","-0.02617","0.00035","0","0","13.56","Humid","28.00","0","54.00","362653.85","SABD0000000001","AAV1.0.0.11","1.1.2.0","PSt7-10","170328-007","9/30/2017 19:06:43","0000-00","0","no battery","V"
"09/09/2020","10:03:18","2","default","115855972","OXY_CH2","37.727","min","182.524","µmol/L","Humid","21.049","deg","81144","µV","29.223","°C","1016.000","hPa","35.3","pmil","0","53.237","deg","23.954","°C","100.000","%a.s.","21.023","deg","23.635","°C","1019.000","hPa","0.861","-0.02617","0.00035","0","0","13.56","Humid","28.00","0","54.00","362651.44","SABD0000000001","AAV1.0.0.11","1.1.2.0","PSt7-10","170328-007","9/30/2017 19:06:43","0000-00","0","no battery","V"
"09/09/2020","10:03:19","2","default","115855972","OXY_CH2","37.744","min","182.534","µmol/L","Humid","21.057","deg","81141","µV","29.198","°C","1016.000","hPa","35.3","pmil","0","53.237","deg","23.954","°C","100.000","%a.s.","21.023","deg","23.635","°C","1019.000","hPa","0.861","-0.02617","0.00035","0","0","13.56","Humid","28.00","0","54.00","362654.02","SABD0000000001","AAV1.0.0.11","1.1.2.0","PSt7-10","170328-007","9/30/2017 19:06:43","0000-00","0","no battery","V"
"09/09/2020","10:03:20","2","default","115855972","OXY_CH2","37.761","min","182.471","µmol/L","Humid","21.052","deg","81147","µV","29.223","°C","1016.000","hPa","35.3","pmil","0","53.237","deg","23.954","°C","100.000","%a.s.","21.023","deg","23.635","°C","1019.000","hPa","0.861","-0.02617","0.00035","0","0","13.56","Humid","28.00","0","54.00","362658.89","SABD0000000001","AAV1.0.0.11","1.1.2.0","PSt7-10","170328-007","9/30/2017 19:06:43","0000-00","0","no battery","V"
"09/09/2020","10:03:21","2","default","115855972","OXY_CH2","37.777","min","182.511","µmol/L","Humid","21.051","deg","81145","µV","29.219","°C","1016.000","hPa","35.3","pmil","0","53.237","deg","23.954","°C","100.000","%a.s.","21.023","deg","23.635","°C","1019.000","hPa","0.861","-0.02617","0.00035","0","0","13.56","Humid","28.00","0","54.00","362646.74","SABD0000000001","AAV1.0.0.11","1.1.2.0","PSt7-10","170328-007","9/30/2017 19:06:43","0000-00","0","no battery","V"
"09/09/2020","10:03:22","2","default","115855972","OXY_CH2","37.794","min","182.385","µmol/L","Humid","21.057","deg","81147","µV","29.224","°C","1016.000","hPa","35.3","pmil","0","53.237","deg","23.954","°C","100.000","%a.s.","21.023","deg","23.635","°C","1019.000","hPa","0.861","-0.02617","0.00035","0","0","13.56","Humid","28.00","0","54.00","362643.14","SABD0000000001","AAV1.0.0.11","1.1.2.0","PSt7-10","170328-007","9/30/2017 19:06:43","0000-00","0","no battery","V"
"09/09/2020","10:03:23","2","default","115855972","OXY_CH2","37.810","min","182.531","µmol/L","Humid","21.051","deg","81145","µV","29.216","°C","1016.000","hPa","35.3","pmil","0","53.237","deg","23.954","°C","100.000","%a.s.","21.023","deg","23.635","°C","1019.000","hPa","0.861","-0.02617","0.00035","0","0","13.56","Humid","28.00","0","54.00","362657.10","SABD0000000001","AAV1.0.0.11","1.1.2.0","PSt7-10","170328-007","9/30/2017 19:06:43","0000-00","0","no battery","V"
"09/09/2020","10:03:24","2","default","115855972","OXY_CH2","37.827","min","182.518","µmol/L","Humid","21.052","deg","81146","µV","29.215","°C","1016.000","hPa","35.3","pmil","0","53.237","deg","23.954","°C","100.000","%a.s.","21.023","deg","23.635","°C","1019.000","hPa","0.861","-0.02617","0.00035","0","0","13.56","Humid","28.00","0","54.00","362659.62","SABD0000000001","AAV1.0.0.11","1.1.2.0","PSt7-10","170328-007","9/30/2017 19:06:43","0000-00","0","no battery","V"
"09/09/2020","10:03:25","2","default","115855972","OXY_CH2","37.844","min","182.497","µmol/L","Humid","21.052","deg","81145","µV","29.219","°C","1016.000","hPa","35.3","pmil","0","53.237","deg","23.954","°C","100.000","%a.s.","21.023","deg","23.635","°C","1019.000","hPa","0.861","-0.02617","0.00035","0","0","13.56","Humid","28.00","0","54.00","362644.19","SABD0000000001","AAV1.0.0.11","1.1.2.0","PSt7-10","170328-007","9/30/2017 19:06:43","0000-00","0","no battery","V"
"09/09/2020","10:03:26","2","default","115855972","OXY_CH2","37.860","min","182.490","µmol/L","Humid","21.052","deg","81132","µV","29.220","°C","1016.000","hPa","35.3","pmil","0","53.237","deg","23.954","°C","100.000","%a.s.","21.023","deg","23.635","°C","1019.000","hPa","0.861","-0.02617","0.00035","0","0","13.56","Humid","28.00","0","54.00","362638.61","SABD0000000001","AAV1.0.0.11","1.1.2.0","PSt7-10","170328-007","9/30/2017 19:06:43","0000-00","0","no battery","V"
"09/09/2020","10:03:27","2","default","115855972","OXY_CH2","37.877","min","182.548","µmol/L","Humid","21.050","deg","81137","µV","29.216","°C","1016.000","hPa","35.3","pmil","0","53.237","deg","23.954","°C","100.000","%a.s.","21.023","deg","23.635","°C","1019.000","hPa","0.861","-0.02617","0.00035","0","0","13.56","Humid","28.00","0","54.00","362648.05","SABD0000000001","AAV1.0.0.11","1.1.2.0","PSt7-10","170328-007","9/30/2017 19:06:43","0000-00","0","no battery","V"
"09/09/2020","10:03:28","2","default","115855972","OXY_CH2","37.894","min","182.424","µmol/L","Humid","21.053","deg","81144","µV","29.229","°C","1016.000","hPa","35.3","pmil","0","53.237","deg","23.954","°C","100.000","%a.s.","21.023","deg","23.635","°C","1019.000","hPa","0.861","-0.02617","0.00035","0","0","13.56","Humid","28.00","0","54.00","362645.92","SABD0000000001","AAV1.0.0.11","1.1.2.0","PSt7-10","170328-007","9/30/2017 19:06:43","0000-00","0","no battery","V"
"09/09/2020","10:03:29","2","default","115855972","OXY_CH2","37.910","min","182.473","µmol/L","Humid","21.051","deg","81137","µV","29.226","°C","1016.000","hPa","35.3","pmil","0","53.237","deg","23.954","°C","100.000","%a.s.","21.023","deg","23.635","°C","1019.000","hPa","0.861","-0.02617","0.00035","0","0","13.56","Humid","28.00","0","54.00","362641.57","SABD0000000001","AAV1.0.0.11","1.1.2.0","PSt7-10","170328-007","9/30/2017 19:06:43","0000-00","0","no battery","V"
"09/09/2020","10:03:30","2","default","115855972","OXY_CH2","37.927","min","182.503","µmol/L","Humid","21.049","deg","81141","µV","29.227","°C","1016.000","hPa","35.3","pmil","0","53.237","deg","23.954","°C","100.000","%a.s.","21.023","deg","23.635","°C","1019.000","hPa","0.861","-0.02617","0.00035","0","0","13.56","Humid","28.00","0","54.00","362647.94","SABD0000000001","AAV1.0.0.11","1.1.2.0","PSt7-10","170328-007","9/30/2017 19:06:43","0000-00","0","no battery","V"
"09/09/2020","10:03:31","2","default","115855972","OXY_CH2","37.944","min","182.508","µmol/L","Humid","21.050","deg","81136","µV","29.223","°C","1016.000","hPa","35.3","pmil","0","53.237","deg","23.954","°C","100.000","%a.s.","21.023","deg","23.635","°C","1019.000","hPa","0.861","-0.02617","0.00035","0","0","13.56","Humid","28.00","0","54.00","362642.48","SABD0000000001","AAV1.0.0.11","1.1.2.0","PSt7-10","170328-007","9/30/2017 19:06:43","0000-00","0","no battery","V"
"09/09/2020","10:03:32","2","default","115855972","OXY_CH2","37.961","min","182.488","µmol/L","Humid","21.051","deg","81136","µV","29.223","°C","1016.000","hPa","35.3","pmil","0","53.237","deg","23.954","°C","100.000","%a.s.","21.023","deg","23.635","°C","1019.000","hPa","0.861","-0.02617","0.00035","0","0","13.56","Humid","28.00","0","54.00","362652.61","SABD0000000001","AAV1.0.0.11","1.1.2.0","PSt7-10","170328-007","9/30/2017 19:06:43","0000-00","0","no battery","V"
"09/09/2020","10:03:33","2","default","115855972","OXY_CH2","37.977","min","182.485","µmol/L","Humid","21.052","deg","81139","µV","29.221","°C","1016.000","hPa","35.3","pmil","0","53.237","deg","23.954","°C","100.000","%a.s.","21.023","deg","23.635","°C","1019.000","hPa","0.861","-0.02617","0.00035","0","0","13.56","Humid","28.00","0","54.00","362637.58","SABD0000000001","AAV1.0.0.11","1.1.2.0","PSt7-10","170328-007","9/30/2017 19:06:43","0000-00","0","no battery","V"
"09/09/2020","10:03:34","2","default","115855972","OXY_CH2","37.994","min","182.385","µmol/L","Humid","21.058","deg","81139","µV","29.221","°C","1016.000","hPa","35.3","pmil","0","53.237","deg","23.954","°C","100.000","%a.s.","21.023","deg","23.635","°C","1019.000","hPa","0.861","-0.02617","0.00035","0","0","13.56","Humid","28.00","0","54.00","362639.37","SABD0000000001","AAV1.0.0.11","1.1.2.0","PSt7-10","170328-007","9/30/2017 19:06:43","0000-00","0","no battery","V"
"09/09/2020","10:03:35","2","default","115855972","OXY_CH2","38.010","min","182.539","µmol/L","Humid","21.049","deg","81137","µV","29.220","°C","1016.000","hPa","35.3","pmil","0","53.237","deg","23.954","°C","100.000","%a.s.","21.023","deg","23.635","°C","1019.000","hPa","0.861","-0.02617","0.00035","0","0","13.56","Humid","28.00","0","54.00","362639.16","SABD0000000001","AAV1.0.0.11","1.1.2.0","PSt7-10","170328-007","9/30/2017 19:06:43","0000-00","0","no battery","V"
"09/09/2020","10:03:36","2","default","115855972","OXY_CH2","38.027","min","182.401","µmol/L","Humid","21.056","deg","81137","µV","29.224","°C","1016.000","hPa","35.3","pmil","0","53.237","deg","23.954","°C","100.000","%a.s.","21.023","deg","23.635","°C","1019.000","hPa","0.861","-0.02617","0.00035","0","0","13.56","Humid","28.00","0","54.00","362649.53","SABD0000000001","AAV1.0.0.11","1.1.2.0","PSt7-10","170328-007","9/30/2017 19:06:43","0000-00","0","no battery","V"
"09/09/2020","10:03:37","2","default","115855972","OXY_CH2","38.044","min","182.418","µmol/L","Humid","21.051","deg","81137","µV","29.236","°C","1016.000","hPa","35.3","pmil","0","53.237","deg","23.954","°C","100.000","%a.s.","21.023","deg","23.635","°C","1019.000","hPa","0.861","-0.02617","0.00035","0","0","13.56","Humid","28.00","0","54.00","362650.79","SABD0000000001","AAV1.0.0.11","1.1.2.0","PSt7-10","170328-007","9/30/2017 19:06:43","0000-00","0","no battery","V"
"09/09/2020","10:03:38","2","default","115855972","OXY_CH2","38.061","min","182.467","µmol/L","Humid","21.052","deg","81138","µV","29.224","°C","1016.000","hPa","35.3","pmil","0","53.237","deg","23.954","°C","100.000","%a.s.","21.023","deg","23.635","°C","1019.000","hPa","0.861","-0.02617","0.00035","0","0","13.56","Humid","28.00","0","54.00","362640.75","SABD0000000001","AAV1.0.0.11","1.1.2.0","PSt7-10","170328-007","9/30/2017 19:06:43","0000-00","0","no battery","V"
"09/09/2020","10:03:39","2","default","115855972","OXY_CH2","38.078","min","182.462","µmol/L","Humid","21.050","deg","81141","µV","29.231","°C","1016.000","hPa","35.3","pmil","0","53.237","deg","23.954","°C","100.000","%a.s.","21.023","deg","23.635","°C","1019.000","hPa","0.861","-0.02617","0.00035","0","0","13.56","Humid","28.00","0","54.00","362637.35","SABD0000000001","AAV1.0.0.11","1.1.2.0","PSt7-10","170328-007","9/30/2017 19:06:43","0000-00","0","no battery","V"
"09/09/2020","10:03:40","2","default","115855972","OXY_CH2","38.094","min","182.446","µmol/L","Humid","21.051","deg","81135","µV","29.231","°C","1016.000","hPa","35.3","pmil","0","53.237","deg","23.954","°C","100.000","%a.s.","21.023","deg","23.635","°C","1019.000","hPa","0.861","-0.02617","0.00035","0","0","13.56","Humid","28.00","0","54.00","362652.25","SABD0000000001","AAV1.0.0.11","1.1.2.0","PSt7-10","170328-007","9/30/2017 19:06:43","0000-00","0","no battery","V"
"09/09/2020","10:03:41","2","default","115855972","OXY_CH2","38.111","min","182.523","µmol/L","Humid","21.048","deg","81126","µV","29.226","°C","1016.000","hPa","35.3","pmil","0","53.237","deg","23.954","°C","100.000","%a.s.","21.023","deg","23.635","°C","1019.000","hPa","0.861","-0.02617","0.00035","0","0","13.56","Humid","28.00","0","54.00","362633.19","SABD0000000001","AAV1.0.0.11","1.1.2.0","PSt7-10","170328-007","9/30/2017 19:06:43","0000-00","0","no battery","V"
"09/09/2020","10:03:42","2","default","115855972","OXY_CH2","38.127","min","182.473","µmol/L","Humid","21.050","deg","81135","µV","29.229","°C","1016.000","hPa","35.3","pmil","0","53.237","deg","23.954","°C","100.000","%a.s.","21.023","deg","23.635","°C","1019.000","hPa","0.861","-0.02617","0.00035","0","0","13.56","Humid","28.00","0","54.00","362629.48","SABD0000000001","AAV1.0.0.11","1.1.2.0","PSt7-10","170328-007","9/30/2017 19:06:43","0000-00","0","no battery","V"
"09/09/2020","10:03:43","2","default","115855972","OXY_CH2","38.144","min","182.490","µmol/L","Humid","21.048","deg","81133","µV","29.232","°C","1016.000","hPa","35.3","pmil","0","53.237","deg","23.954","°C","100.000","%a.s.","21.023","deg","23.635","°C","1019.000","hPa","0.861","-0.02617","0.00035","0","0","13.56","Humid","28.00","0","54.00","362637.00","SABD0000000001","AAV1.0.0.11","1.1.2.0","PSt7-10","170328-007","9/30/2017 19:06:43","0000-00","0","no battery","V"
"09/09/2020","10:03:44","2","default","115855972","OXY_CH2","38.160","min","182.472","µmol/L","Humid","21.049","deg","81131","µV","29.232","°C","1016.000","hPa","35.3","pmil","0","53.237","deg","23.954","°C","100.000","%a.s.","21.023","deg","23.635","°C","1019.000","hPa","0.861","-0.02617","0.00035","0","0","13.56","Humid","28.00","0","54.00","362629.76","SABD0000000001","AAV1.0.0.11","1.1.2.0","PSt7-10","170328-007","9/30/2017 19:06:43","0000-00","0","no battery","V"
"09/09/2020","10:03:45","2","default","115855972","OXY_CH2","38.177","min","182.413","µmol/L","Humid","21.053","deg","81131","µV","29.231","°C","1016.000","hPa","35.3","pmil","0","53.237","deg","23.954","°C","100.000","%a.s.","21.023","deg","23.635","°C","1019.000","hPa","0.861","-0.02617","0.00035","0","0","13.56","Humid","28.00","0","54.00","362617.85","SABD0000000001","AAV1.0.0.11","1.1.2.0","PSt7-10","170328-007","9/30/2017 19:06:43","0000-00","0","no battery","V"
"09/09/2020","10:03:46","2","default","115855972","OXY_CH2","38.194","min","182.461","µmol/L","Humid","21.048","deg","81130","µV","29.237","°C","1016.000","hPa","35.3","pmil","0","53.237","deg","23.954","°C","100.000","%a.s.","21.023","deg","23.635","°C","1019.000","hPa","0.861","-0.02617","0.00035","0","0","13.56","Humid","28.00","0","54.00","362619.25","SABD0000000001","AAV1.0.0.11","1.1.2.0","PSt7-10","170328-007","9/30/2017 19:06:43","0000-00","0","no battery","V"
"09/09/2020","10:03:47","2","default","115855972","OXY_CH2","38.210","min","182.463","µmol/L","Humid","21.052","deg","81131","µV","29.225","°C","1016.000","hPa","35.3","pmil","0","53.237","deg","23.954","°C","100.000","%a.s.","21.023","deg","23.635","°C","1019.000","hPa","0.861","-0.02617","0.00035","0","0","13.56","Humid","28.00","0","54.00","362634.71","SABD0000000001","AAV1.0.0.11","1.1.2.0","PSt7-10","170328-007","9/30/2017 19:06:43","0000-00","0","no battery","V"
"09/09/2020","10:03:48","2","default","115855972","OXY_CH2","38.227","min","182.621","µmol/L","Humid","21.050","deg","81132","µV","29.203","°C","1016.000","hPa","35.3","pmil","0","53.237","deg","23.954","°C","100.000","%a.s.","21.023","deg","23.635","°C","1019.000","hPa","0.861","-0.02617","0.00035","0","0","13.56","Humid","28.00","0","54.00","362627.66","SABD0000000001","AAV1.0.0.11","1.1.2.0","PSt7-10","170328-007","9/30/2017 19:06:43","0000-00","0","no battery","V"
"09/09/2020","10:03:49","2","default","115855972","OXY_CH2","38.244","min","182.490","µmol/L","Humid","21.048","deg","81128","µV","29.232","°C","1016.000","hPa","35.3","pmil","0","53.237","deg","23.954","°C","100.000","%a.s.","21.023","deg","23.635","°C","1019.000","hPa","0.861","-0.02617","0.00035","0","0","13.56","Humid","28.00","0","54.00","362629.71","SABD0000000001","AAV1.0.0.11","1.1.2.0","PSt7-10","170328-007","9/30/2017 19:06:43","0000-00","0","no battery","V"
"09/09/2020","10:03:50","2","default","115855972","OXY_CH2","38.261","min","182.381","µmol/L","Humid","21.050","deg","81125","µV","29.245","°C","1016.000","hPa","35.3","pmil","0","53.237","deg","23.954","°C","100.000","%a.s.","21.023","deg","23.635","°C","1019.000","hPa","0.861","-0.02617","0.00035","0","0","13.56","Humid","28.00","0","54.00","362611.75","SABD0000000001","AAV1.0.0.11","1.1.2.0","PSt7-10","170328-007","9/30/2017 19:06:43","0000-00","0","no battery","V"
"09/09/2020","10:03:51","2","default","115855972","OXY_CH2","38.277","min","182.418","µmol/L","Humid","21.051","deg","81125","µV","29.236","°C","1016.000","hPa","35.3","pmil","0","53.237","deg","23.954","°C","100.000","%a.s.","21.023","deg","23.635","°C","1019.000","hPa","0.861","-0.02617","0.00035","0","0","13.56","Humid","28.00","0","54.00","362619.71","SABD0000000001","AAV1.0.0.11","1.1.2.0","PSt7-10","170328-007","9/30/2017 19:06:43","0000-00","0","no battery","V"
"09/09/2020","10:03:52","2","default","115855972","OXY_CH2","38.294","min","182.496","µmol/L","Humid","21.049","deg","81127","µV","29.228","°C","1016.000","hPa","35.3","pmil","0","53.237","deg","23.954","°C","100.000","%a.s.","21.023","deg","23.635","°C","1019.000","hPa","0.861","-0.02617","0.00035","0","0","13.56","Humid","28.00","0","54.00","362614.85","SABD0000000001","AAV1.0.0.11","1.1.2.0","PSt7-10","170328-007","9/30/2017 19:06:43","0000-00","0","no battery","V"
"09/09/2020","10:03:53","2","default","115855972","OXY_CH2","38.310","min","182.403","µmol/L","Humid","21.050","deg","81123","µV","29.241","°C","1016.000","hPa","35.3","pmil","0","53.237","deg","23.954","°C","100.000","%a.s.","21.023","deg","23.635","°C","1019.000","hPa","0.861","-0.02617","0.00035","0","0","13.56","Humid","28.00","0","54.00","362617.47","SABD0000000001","AAV1.0.0.11","1.1.2.0","PSt7-10","170328-007","9/30/2017 19:06:43","0000-00","0","no battery","V"
"09/09/2020","10:03:54","2","default","115855972","OXY_CH2","38.328","min","182.396","µmol/L","Humid","21.050","deg","81129","µV","29.242","°C","1016.000","hPa","35.3","pmil","0","53.237","deg","23.954","°C","100.000","%a.s.","21.023","deg","23.635","°C","1019.000","hPa","0.861","-0.02617","0.00035","0","0","13.56","Humid","28.00","0","54.00","362616.34","SABD0000000001","AAV1.0.0.11","1.1.2.0","PSt7-10","170328-007","9/30/2017 19:06:43","0000-00","0","no battery","V"
"09/09/2020","10:03:55","2","default","115855972","OXY_CH2","38.344","min","182.459","µmol/L","Humid","21.047","deg","81125","µV","29.240","°C","1016.000","hPa","35.3","pmil","0","53.237","deg","23.954","°C","100.000","%a.s.","21.023","deg","23.635","°C","1019.000","hPa","0.861","-0.02617","0.00035","0","0","13.56","Humid","28.00","0","54.00","362619.28","SABD0000000001","AAV1.0.0.11","1.1.2.0","PSt7-10","170328-007","9/30/2017 19:06:43","0000-00","0","no battery","V"
"09/09/2020","10:03:56","2","default","115855972","OXY_CH2","38.361","min","182.521","µmol/L","Humid","21.046","deg","81130","µV","29.232","°C","1016.000","hPa","35.3","pmil","0","53.237","deg","23.954","°C","100.000","%a.s.","21.023","deg","23.635","°C","1019.000","hPa","0.861","-0.02617","0.00035","0","0","13.56","Humid","28.00","0","54.00","362617.92","SABD0000000001","AAV1.0.0.11","1.1.2.0","PSt7-10","170328-007","9/30/2017 19:06:43","0000-00","0","no battery","V"
"09/09/2020","10:03:57","2","default","115855972","OXY_CH2","38.377","min","182.521","µmol/L","Humid","21.046","deg","81127","µV","29.232","°C","1016.000","hPa","35.3","pmil","0","53.237","deg","23.954","°C","100.000","%a.s.","21.023","deg","23.635","°C","1019.000","hPa","0.861","-0.02617","0.00035","0","0","13.56","Humid","28.00","0","54.00","362612.55","SABD0000000001","AAV1.0.0.11","1.1.2.0","PSt7-10","170328-007","9/30/2017 19:06:43","0000-00","0","no battery","V"
"09/09/2020","10:03:58","2","default","115855972","OXY_CH2","38.394","min","182.423","µmol/L","Humid","21.052","deg","81124","µV","29.232","°C","1016.000","hPa","35.3","pmil","0","53.237","deg","23.954","°C","100.000","%a.s.","21.023","deg","23.635","°C","1019.000","hPa","0.861","-0.02617","0.00035","0","0","13.56","Humid","28.00","0","54.00","362620.60","SABD0000000001","AAV1.0.0.11","1.1.2.0","PSt7-10","170328-007","9/30/2017 19:06:43","0000-00","0","no battery","V"
"09/09/2020","10:03:59","2","default","115855972","OXY_CH2","38.411","min","182.555","µmol/L","Humid","21.044","deg","81123","µV","29.232","°C","1016.000","hPa","35.3","pmil","0","53.237","deg","23.954","°C","100.000","%a.s.","21.023","deg","23.635","°C","1019.000","hPa","0.861","-0.02617","0.00035","0","0","13.56","Humid","28.00","0","54.00","362608.97","SABD0000000001","AAV1.0.0.11","1.1.2.0","PSt7-10","170328-007","9/30/2017 19:06:43","0000-00","0","no battery","V"
"09/09/2020","10:04:00","2","default","115855972","OXY_CH2","38.427","min","182.344","µmol/L","Humid","21.051","deg","81123","µV","29.249","°C","1016.000","hPa","35.3","pmil","0","53.237","deg","23.954","°C","100.000","%a.s.","21.023","deg","23.635","°C","1019.000","hPa","0.861","-0.02617","0.00035","0","0","13.56","Humid","28.00","0","54.00","362603.87","SABD0000000001","AAV1.0.0.11","1.1.2.0","PSt7-10","170328-007","9/30/2017 19:06:43","0000-00","0","no battery","V"
"09/09/2020","10:04:01","2","default","115855972","OXY_CH2","38.444","min","182.403","µmol/L","Humid","21.050","deg","81118","µV","29.241","°C","1016.000","hPa","35.3","pmil","0","53.237","deg","23.954","°C","100.000","%a.s.","21.023","deg","23.635","°C","1019.000","hPa","0.861","-0.02617","0.00035","0","0","13.56","Humid","28.00","0","54.00","362619.75","SABD0000000001","AAV1.0.0.11","1.1.2.0","PSt7-10","170328-007","9/30/2017 19:06:43","0000-00","0","no battery","V"
"09/09/2020","10:04:02","2","default","115855972","OXY_CH2","38.461","min","182.432","µmol/L","Humid","21.052","deg","81122","µV","29.230","°C","1016.000","hPa","35.3","pmil","0","53.237","deg","23.954","°C","100.000","%a.s.","21.023","deg","23.635","°C","1019.000","hPa","0.861","-0.02617","0.00035","0","0","13.56","Humid","28.00","0","54.00","362616.71","SABD0000000001","AAV1.0.0.11","1.1.2.0","PSt7-10","170328-007","9/30/2017 19:06:43","0000-00","0","no battery","V"
"09/09/2020","10:04:03","2","default","115855972","OXY_CH2","38.477","min","182.508","µmol/L","Humid","21.047","deg","81118","µV","29.232","°C","1016.000","hPa","35.3","pmil","0","53.237","deg","23.954","°C","100.000","%a.s.","21.023","deg","23.635","°C","1019.000","hPa","0.861","-0.02617","0.00035","0","0","13.56","Humid","28.00","0","54.00","362608.42","SABD0000000001","AAV1.0.0.11","1.1.2.0","PSt7-10","170328-007","9/30/2017 19:06:43","0000-00","0","no battery","V"
"09/09/2020","10:04:04","2","default","115855972","OXY_CH2","38.494","min","182.405","µmol/L","Humid","21.050","deg","81112","µV","29.241","°C","1016.000","hPa","35.3","pmil","0","53.237","deg","23.954","°C","100.000","%a.s.","21.023","deg","23.635","°C","1019.000","hPa","0.861","-0.02617","0.00035","0","0","13.56","Humid","28.00","0","54.00","362604.42","SABD0000000001","AAV1.0.0.11","1.1.2.0","PSt7-10","170328-007","9/30/2017 19:06:43","0000-00","0","no battery","V"
"09/09/2020","10:04:05","2","default","115855972","OXY_CH2","38.511","min","182.388","µmol/L","Humid","21.050","deg","81124","µV","29.244","°C","1016.000","hPa","35.3","pmil","0","53.237","deg","23.954","°C","100.000","%a.s.","21.023","deg","23.635","°C","1019.000","hPa","0.861","-0.02617","0.00035","0","0","13.56","Humid","28.00","0","54.00","362605.20","SABD0000000001","AAV1.0.0.11","1.1.2.0","PSt7-10","170328-007","9/30/2017 19:06:43","0000-00","0","no battery","V"
"09/09/2020","10:04:06","2","default","115855972","OXY_CH2","38.527","min","182.538","µmol/L","Humid","21.046","deg","81117","µV","29.229","°C","1016.000","hPa","35.3","pmil","0","53.237","deg","23.954","°C","100.000","%a.s.","21.023","deg","23.635","°C","1019.000","hPa","0.861","-0.02617","0.00035","0","0","13.56","Humid","28.00","0","54.00","362588.89","SABD0000000001","AAV1.0.0.11","1.1.2.0","PSt7-10","170328-007","9/30/2017 19:06:43","0000-00","0","no battery","V"
"09/09/2020","10:04:07","2","default","115855972","OXY_CH2","38.544","min","182.390","µmol/L","Humid","21.047","deg","81116","µV","29.252","°C","1016.000","hPa","35.3","pmil","0","53.237","deg","23.954","°C","100.000","%a.s.","21.023","deg","23.635","°C","1019.000","hPa","0.861","-0.02617","0.00035","0","0","13.56","Humid","28.00","0","54.00","362611.84","SABD0000000001","AAV1.0.0.11","1.1.2.0","PSt7-10","170328-007","9/30/2017 19:06:43","0000-00","0","no battery","V"
"09/09/2020","10:04:08","2","default","115855972","OXY_CH2","38.561","min","182.324","µmol/L","Humid","21.050","deg","81108","µV","29.255","°C","1016.000","hPa","35.3","pmil","0","53.237","deg","23.954","°C","100.000","%a.s.","21.023","deg","23.635","°C","1019.000","hPa","0.861","-0.02617","0.00035","0","0","13.56","Humid","28.00","0","54.00","362597.86","SABD0000000001","AAV1.0.0.11","1.1.2.0","PSt7-10","170328-007","9/30/2017 19:06:43","0000-00","0","no battery","V"
"09/09/2020","10:04:09","2","default","115855972","OXY_CH2","38.577","min","182.322","µmol/L","Humid","21.049","deg","81119","µV","29.258","°C","1016.000","hPa","35.3","pmil","0","53.237","deg","23.954","°C","100.000","%a.s.","21.023","deg","23.635","°C","1019.000","hPa","0.861","-0.02617","0.00035","0","0","13.56","Humid","28.00","0","54.00","362611.07","SABD0000000001","AAV1.0.0.11","1.1.2.0","PSt7-10","170328-007","9/30/2017 19:06:43","0000-00","0","no battery","V"
"09/09/2020","10:04:10","2","default","115855972","OXY_CH2","38.594","min","182.384","µmol/L","Humid","21.042","deg","81106","µV","29.268","°C","1016.000","hPa","35.3","pmil","0","53.237","deg","23.954","°C","100.000","%a.s.","21.023","deg","23.635","°C","1019.000","hPa","0.861","-0.02617","0.00035","0","0","13.56","Humid","28.00","0","54.00","362592.34","SABD0000000001","AAV1.0.0.11","1.1.2.0","PSt7-10","170328-007","9/30/2017 19:06:43","0000-00","0","no battery","V"
"09/09/2020","10:04:11","2","default","115855972","OXY_CH2","38.611","min","182.394","µmol/L","Humid","21.045","deg","81124","µV","29.257","°C","1016.000","hPa","35.3","pmil","0","53.237","deg","23.954","°C","100.000","%a.s.","21.023","deg","23.635","°C","1019.000","hPa","0.861","-0.02617","0.00035","0","0","13.56","Humid","28.00","0","54.00","362594.88","SABD0000000001","AAV1.0.0.11","1.1.2.0","PSt7-10","170328-007","9/30/2017 19:06:43","0000-00","0","no battery","V"
"09/09/2020","10:04:12","2","default","115855972","OXY_CH2","38.628","min","182.375","µmol/L","Humid","21.048","deg","81112","µV","29.252","°C","1016.000","hPa","35.3","pmil","0","53.237","deg","23.954","°C","100.000","%a.s.","21.023","deg","23.635","°C","1019.000","hPa","0.861","-0.02617","0.00035","0","0","13.56","Humid","28.00","0","54.00","362610.29","SABD0000000001","AAV1.0.0.11","1.1.2.0","PSt7-10","170328-007","9/30/2017 19:06:43","0000-00","0","no battery","V"
"09/09/2020","10:04:13","2","default","115855972","OXY_CH2","38.644","min","182.472","µmol/L","Humid","21.045","deg","81114","µV","29.244","°C","1016.000","hPa","35.3","pmil","0","53.237","deg","23.954","°C","100.000","%a.s.","21.023","deg","23.635","°C","1019.000","hPa","0.861","-0.02617","0.00035","0","0","13.56","Humid","28.00","0","54.00","362611.77","SABD0000000001","AAV1.0.0.11","1.1.2.0","PSt7-10","170328-007","9/30/2017 19:06:43","0000-00","0","no battery","V"
"09/09/2020","10:04:14","2","default","115855972","OXY_CH2","38.661","min","182.461","µmol/L","Humid","21.043","deg","81113","µV","29.251","°C","1016.000","hPa","35.3","pmil","0","53.237","deg","23.954","°C","100.000","%a.s.","21.023","deg","23.635","°C","1019.000","hPa","0.861","-0.02617","0.00035","0","0","13.56","Humid","28.00","0","54.00","362601.15","SABD0000000001","AAV1.0.0.11","1.1.2.0","PSt7-10","170328-007","9/30/2017 19:06:43","0000-00","0","no battery","V"
"09/09/2020","10:04:15","2","default","115855972","OXY_CH2","38.677","min","182.435","µmol/L","Humid","21.045","deg","81109","µV","29.250","°C","1016.000","hPa","35.3","pmil","0","53.237","deg","23.954","°C","100.000","%a.s.","21.023","deg","23.635","°C","1019.000","hPa","0.861","-0.02617","0.00035","0","0","13.56","Humid","28.00","0","54.00","362595.32","SABD0000000001","AAV1.0.0.11","1.1.2.0","PSt7-10","170328-007","9/30/2017 19:06:43","0000-00","0","no battery","V"
"09/09/2020","10:04:16","2","default","115855972","OXY_CH2","38.694","min","182.364","µmol/L","Humid","21.047","deg","81109","µV","29.257","°C","1016.000","hPa","35.3","pmil","0","53.237","deg","23.954","°C","100.000","%a.s.","21.023","deg","23.635","°C","1019.000","hPa","0.861","-0.02617","0.00035","0","0","13.56","Humid","28.00","0","54.00","362599.69","SABD0000000001","AAV1.0.0.11","1.1.2.0","PSt7-10","170328-007","9/30/2017 19:06:43","0000-00","0","no battery","V"
"09/09/2020","10:04:17","2","default","115855972","OXY_CH2","38.711","min","182.378","µmol/L","Humid","21.048","deg","81109","µV","29.251","°C","1016.000","hPa","35.3","pmil","0","53.237","deg","23.954","°C","100.000","%a.s.","21.023","deg","23.635","°C","1019.000","hPa","0.861","-0.02617","0.00035","0","0","13.56","Humid","28.00","0","54.00","362603.61","SABD0000000001","AAV1.0.0.11","1.1.2.0","PSt7-10","170328-007","9/30/2017 19:06:43","0000-00","0","no battery","V"
"09/09/2020","10:04:18","2","default","115855972","OXY_CH2","38.727","min","182.286","µmol/L","Humid","21.049","deg","81107","µV","29.265","°C","1016.000","hPa","35.3","pmil","0","53.237","deg","23.954","°C","100.000","%a.s.","21.023","deg","23.635","°C","1019.000","hPa","0.861","-0.02617","0.00035","0","0","13.56","Humid","28.00","0","54.00","362591.97","SABD0000000001","AAV1.0.0.11","1.1.2.0","PSt7-10","170328-007","9/30/2017 19:06:43","0000-00","0","no battery","V"
"09/09/2020","10:04:19","2","default","115855972","OXY_CH2","38.744","min","182.361","µmol/L","Humid","21.050","deg","81109","µV","29.249","°C","1016.000","hPa","35.3","pmil","0","53.237","deg","23.954","°C","100.000","%a.s.","21.023","deg","23.635","°C","1019.000","hPa","0.861","-0.02617","0.00035","0","0","13.56","Humid","28.00","0","54.00","362583.81","SABD0000000001","AAV1.0.0.11","1.1.2.0","PSt7-10","170328-007","9/30/2017 19:06:43","0000-00","0","no battery","V"
"09/09/2020","10:04:20","2","default","115855972","OXY_CH2","38.760","min","182.453","µmol/L","Humid","21.044","deg","81102","µV","29.250","°C","1016.000","hPa","35.3","pmil","0","53.237","deg","23.954","°C","100.000","%a.s.","21.023","deg","23.635","°C","1019.000","hPa","0.861","-0.02617","0.00035","0","0","13.56","Humid","28.00","0","54.00","362588.15","SABD0000000001","AAV1.0.0.11","1.1.2.0","PSt7-10","170328-007","9/30/2017 19:06:43","0000-00","0","no battery","V"
"09/09/2020","10:04:21","2","default","115855972","OXY_CH2","38.777","min","182.332","µmol/L","Humid","21.049","deg","81107","µV","29.257","°C","1016.000","hPa","35.3","pmil","0","53.237","deg","23.954","°C","100.000","%a.s.","21.023","deg","23.635","°C","1019.000","hPa","0.861","-0.02617","0.00035","0","0","13.56","Humid","28.00","0","54.00","362574.00","SABD0000000001","AAV1.0.0.11","1.1.2.0","PSt7-10","170328-007","9/30/2017 19:06:43","0000-00","0","no battery","V"
"09/09/2020","10:04:22","2","default","115855972","OXY_CH2","38.794","min","182.443","µmol/L","Humid","21.044","deg","81106","µV","29.252","°C","1016.000","hPa","35.3","pmil","0","53.237","deg","23.954","°C","100.000","%a.s.","21.023","deg","23.635","°C","1019.000","hPa","0.861","-0.02617","0.00035","0","0","13.56","Humid","28.00","0","54.00","362575.08","SABD0000000001","AAV1.0.0.11","1.1.2.0","PSt7-10","170328-007","9/30/2017 19:06:43","0000-00","0","no battery","V"
"09/09/2020","10:04:23","2","default","115855972","OXY_CH2","38.810","min","182.396","µmol/L","Humid","21.045","deg","81107","µV","29.257","°C","1016.000","hPa","35.3","pmil","0","53.237","deg","23.954","°C","100.000","%a.s.","21.023","deg","23.635","°C","1019.000","hPa","0.861","-0.02617","0.00035","0","0","13.56","Humid","28.00","0","54.00","362586.46","SABD0000000001","AAV1.0.0.11","1.1.2.0","PSt7-10","170328-007","9/30/2017 19:06:43","0000-00","0","no battery","V"
"09/09/2020","10:04:24","2","default","115855972","OXY_CH2","38.827","min","182.497","µmol/L","Humid","21.045","deg","81104","µV","29.239","°C","1016.000","hPa","35.3","pmil","0","53.237","deg","23.954","°C","100.000","%a.s.","21.023","deg","23.635","°C","1019.000","hPa","0.861","-0.02617","0.00035","0","0","13.56","Humid","28.00","0","54.00","362572.71","SABD0000000001","AAV1.0.0.11","1.1.2.0","PSt7-10","170328-007","9/30/2017 19:06:43","0000-00","0","no battery","V"
"09/09/2020","10:04:25","2","default","115855972","OXY_CH2","38.844","min","182.476","µmol/L","Humid","21.046","deg","81108","µV","29.240","°C","1016.000","hPa","35.3","pmil","0","53.237","deg","23.954","°C","100.000","%a.s.","21.023","deg","23.635","°C","1019.000","hPa","0.861","-0.02617","0.00035","0","0","13.56","Humid","28.00","0","54.00","362575.66","SABD0000000001","AAV1.0.0.11","1.1.2.0","PSt7-10","170328-007","9/30/2017 19:06:43","0000-00","0","no battery","V"
"09/09/2020","10:04:26","2","default","115855972","OXY_CH2","38.860","min","182.471","µmol/L","Humid","21.042","deg","81099","µV","29.253","°C","1016.000","hPa","35.3","pmil","0","53.237","deg","23.954","°C","100.000","%a.s.","21.023","deg","23.635","°C","1019.000","hPa","0.861","-0.02617","0.00035","0","0","13.56","Humid","28.00","0","54.00","362589.52","SABD0000000001","AAV1.0.0.11","1.1.2.0","PSt7-10","170328-007","9/30/2017 19:06:43","0000-00","0","no battery","V"
"09/09/2020","10:04:27","2","default","115855972","OXY_CH2","38.877","min","182.306","µmol/L","Humid","21.045","deg","81103","µV","29.273","°C","1016.000","hPa","35.3","pmil","0","53.237","deg","23.954","°C","100.000","%a.s.","21.023","deg","23.635","°C","1019.000","hPa","0.861","-0.02617","0.00035","0","0","13.56","Humid","28.00","0","54.00","362584.95","SABD0000000001","AAV1.0.0.11","1.1.2.0","PSt7-10","170328-007","9/30/2017 19:06:43","0000-00","0","no battery","V"
"09/09/2020","10:04:28","2","default","115855972","OXY_CH2","38.894","min","182.444","µmol/L","Humid","21.040","deg","81105","µV","29.263","°C","1016.000","hPa","35.3","pmil","0","53.237","deg","23.954","°C","100.000","%a.s.","21.023","deg","23.635","°C","1019.000","hPa","0.861","-0.02617","0.00035","0","0","13.56","Humid","28.00","0","54.00","362573.43","SABD0000000001","AAV1.0.0.11","1.1.2.0","PSt7-10","170328-007","9/30/2017 19:06:43","0000-00","0","no battery","V"
"09/09/2020","10:04:29","2","default","115855972","OXY_CH2","38.910","min","182.396","µmol/L","Humid","21.043","deg","81100","µV","29.263","°C","1016.000","hPa","35.3","pmil","0","53.237","deg","23.954","°C","100.000","%a.s.","21.023","deg","23.635","°C","1019.000","hPa","0.861","-0.02617","0.00035","0","0","13.56","Humid","28.00","0","54.00","362578.09","SABD0000000001","AAV1.0.0.11","1.1.2.0","PSt7-10","170328-007","9/30/2017 19:06:43","0000-00","0","no battery","V"
"09/09/2020","10:04:30","2","default","115855972","OXY_CH2","38.927","min","182.365","µmol/L","Humid","21.044","deg","81103","µV","29.265","°C","1016.000","hPa","35.3","pmil","0","53.237","deg","23.954","°C","100.000","%a.s.","21.023","deg","23.635","°C","1019.000","hPa","0.861","-0.02617","0.00035","0","0","13.56","Humid","28.00","0","54.00","362580.43","SABD0000000001","AAV1.0.0.11","1.1.2.0","PSt7-10","170328-007","9/30/2017 19:06:43","0000-00","0","no battery","V"
"09/09/2020","10:04:31","2","default","115855972","OXY_CH2","38.944","min","182.291","µmol/L","Humid","21.046","deg","81103","µV","29.273","°C","1016.000","hPa","35.3","pmil","0","53.237","deg","23.954","°C","100.000","%a.s.","21.023","deg","23.635","°C","1019.000","hPa","0.861","-0.02617","0.00035","0","0","13.56","Humid","28.00","0","54.00","362565.34","SABD0000000001","AAV1.0.0.11","1.1.2.0","PSt7-10","170328-007","9/30/2017 19:06:43","0000-00","0","no battery","V"
"09/09/2020","10:04:32","2","default","115855972","OXY_CH2","38.961","min","182.320","µmol/L","Humid","21.045","deg","81100","µV","29.270","°C","1016.000","hPa","35.3","pmil","0","53.237","deg","23.954","°C","100.000","%a.s.","21.023","deg","23.635","°C","1019.000","hPa","0.861","-0.02617","0.00035","0","0","13.56","Humid","28.00","0","54.00","362567.33","SABD0000000001","AAV1.0.0.11","1.1.2.0","PSt7-10","170328-007","9/30/2017 19:06:43","0000-00","0","no battery","V"
"09/09/2020","10:04:33","2","default","115855972","OXY_CH2","38.978","min","182.372","µmol/L","Humid","21.042","deg","81103","µV","29.270","°C","1016.000","hPa","35.3","pmil","0","53.237","deg","23.954","°C","100.000","%a.s.","21.023","deg","23.635","°C","1019.000","hPa","0.861","-0.02617","0.00035","0","0","13.56","Humid","28.00","0","54.00","362574.09","SABD0000000001","AAV1.0.0.11","1.1.2.0","PSt7-10","170328-007","9/30/2017 19:06:43","0000-00","0","no battery","V"
"09/09/2020","10:04:34","2","default","115855972","OXY_CH2","38.994","min","182.431","µmol/L","Humid","21.041","deg","81091","µV","29.262","°C","1016.000","hPa","35.3","pmil","0","53.237","deg","23.954","°C","100.000","%a.s.","21.023","deg","23.635","°C","1019.000","hPa","0.861","-0.02617","0.00035","0","0","13.56","Humid","28.00","0","54.00","362577.94","SABD0000000001","AAV1.0.0.11","1.1.2.0","PSt7-10","170328-007","9/30/2017 19:06:43","0000-00","0","no battery","V"
"09/09/2020","10:04:35","2","default","115855972","OXY_CH2","39.011","min","182.386","µmol/L","Humid","21.042","deg","81093","µV","29.268","°C","1016.000","hPa","35.3","pmil","0","53.237","deg","23.954","°C","100.000","%a.s.","21.023","deg","23.635","°C","1019.000","hPa","0.861","-0.02617","0.00035","0","0","13.56","Humid","28.00","0","54.00","362553.65","SABD0000000001","AAV1.0.0.11","1.1.2.0","PSt7-10","170328-007","9/30/2017 19:06:43","0000-00","0","no battery","V"
"09/09/2020","10:04:36","2","default","115855972","OXY_CH2","39.027","min","182.383","µmol/L","Humid","21.043","deg","81096","µV","29.265","°C","1016.000","hPa","35.3","pmil","0","53.237","deg","23.954","°C","100.000","%a.s.","21.023","deg","23.635","°C","1019.000","hPa","0.861","-0.02617","0.00035","0","0","13.56","Humid","28.00","0","54.00","362574.89","SABD0000000001","AAV1.0.0.11","1.1.2.0","PSt7-10","170328-007","9/30/2017 19:06:43","0000-00","0","no battery","V"
"09/09/2020","10:04:37","2","default","115855972","OXY_CH2","39.044","min","182.367","µmol/L","Humid","21.043","deg","81097","µV","29.268","°C","1016.000","hPa","35.3","pmil","0","53.237","deg","23.954","°C","100.000","%a.s.","21.023","deg","23.635","°C","1019.000","hPa","0.861","-0.02617","0.00035","0","0","13.56","Humid","28.00","0","54.00","362572.77","SABD0000000001","AAV1.0.0.11","1.1.2.0","PSt7-10","170328-007","9/30/2017 19:06:43","0000-00","0","no battery","V"
"09/09/2020","10:04:38","2","default","115855972","OXY_CH2","39.061","min","182.392","µmol/L","Humid","21.040","deg","81089","µV","29.272","°C","1016.000","hPa","35.3","pmil","0","53.237","deg","23.954","°C","100.000","%a.s.","21.023","deg","23.635","°C","1019.000","hPa","0.861","-0.02617","0.00035","0","0","13.56","Humid","28.00","0","54.00","362578.15","SABD0000000001","AAV1.0.0.11","1.1.2.0","PSt7-10","170328-007","9/30/2017 19:06:43","0000-00","0","no battery","V"
"09/09/2020","10:04:39","2","default","115855972","OXY_CH2","39.078","min","182.362","µmol/L","Humid","21.043","deg","81101","µV","29.269","°C","1016.000","hPa","35.3","pmil","0","53.237","deg","23.954","°C","100.000","%a.s.","21.023","deg","23.635","°C","1019.000","hPa","0.861","-0.02617","0.00035","0","0","13.56","Humid","28.00","0","54.00","362569.66","SABD0000000001","AAV1.0.0.11","1.1.2.0","PSt7-10","170328-007","9/30/2017 19:06:43","0000-00","0","no battery","V"
"09/09/2020","10:04:40","2","default","115855972","OXY_CH2","39.094","min","182.374","µmol/L","Humid","21.043","deg","81089","µV","29.267","°C","1016.000","hPa","35.3","pmil","0","53.237","deg","23.954","°C","100.000","%a.s.","21.023","deg","23.635","°C","1019.000","hPa","0.861","-0.02617","0.00035","0","0","13.56","Humid","28.00","0","54.00","362561.58","SABD0000000001","AAV1.0.0.11","1.1.2.0","PSt7-10","170328-007","9/30/2017 19:06:43","0000-00","0","no battery","V"
"09/09/2020","10:04:41","2","default","115855972","OXY_CH2","39.111","min","182.341","µmol/L","Humid","21.043","deg","81094","µV","29.272","°C","1016.000","hPa","35.3","pmil","0","53.237","deg","23.954","°C","100.000","%a.s.","21.023","deg","23.635","°C","1019.000","hPa","0.861","-0.02617","0.00035","0","0","13.56","Humid","28.00","0","54.00","362578.45","SABD0000000001","AAV1.0.0.11","1.1.2.0","PSt7-10","170328-007","9/30/2017 19:06:43","0000-00","0","no battery","V"
"09/09/2020","10:04:42","2","default","115855972","OXY_CH2","39.128","min","182.414","µmol/L","Humid","21.041","deg","81087","µV","29.266","°C","1016.000","hPa","35.3","pmil","0","53.237","deg","23.954","°C","100.000","%a.s.","21.023","deg","23.635","°C","1019.000","hPa","0.861","-0.02617","0.00035","0","0","13.56","Humid","28.00","0","54.00","362583.65","SABD0000000001","AAV1.0.0.11","1.1.2.0","PSt7-10","170328-007","9/30/2017 19:06:43","0000-00","0","no battery","V"
"09/09/2020","10:04:43","2","default","115855972","OXY_CH2","39.144","min","182.400","µmol/L","Humid","21.041","deg","81092","µV","29.268","°C","1016.000","hPa","35.3","pmil","0","53.237","deg","23.954","°C","100.000","%a.s.","21.023","deg","23.635","°C","1019.000","hPa","0.861","-0.02617","0.00035","0","0","13.56","Humid","28.00","0","54.00","362564.88","SABD0000000001","AAV1.0.0.11","1.1.2.0","PSt7-10","170328-007","9/30/2017 19:06:43","0000-00","0","no battery","V"
"09/09/2020","10:04:44","2","default","115855972","OXY_CH2","39.160","min","182.467","µmol/L","Humid","21.038","deg","81087","µV","29.265","°C","1016.000","hPa","35.3","pmil","0","53.237","deg","23.954","°C","100.000","%a.s.","21.023","deg","23.635","°C","1019.000","hPa","0.861","-0.02617","0.00035","0","0","13.56","Humid","28.00","0","54.00","362570.69","SABD0000000001","AAV1.0.0.11","1.1.2.0","PSt7-10","170328-007","9/30/2017 19:06:43","0000-00","0","no battery","V"
"09/09/2020","10:04:45","2","default","115855972","OXY_CH2","39.177","min","182.380","µmol/L","Humid","21.043","deg","81081","µV","29.266","°C","1016.000","hPa","35.3","pmil","0","53.237","deg","23.954","°C","100.000","%a.s.","21.023","deg","23.635","°C","1019.000","hPa","0.861","-0.02617","0.00035","0","0","13.56","Humid","28.00","0","54.00","362560.94","SABD0000000001","AAV1.0.0.11","1.1.2.0","PSt7-10","170328-007","9/30/2017 19:06:43","0000-00","0","no battery","V"
"09/09/2020","10:04:46","2","default","115855972","OXY_CH2","39.194","min","182.278","µmol/L","Humid","21.042","deg","81090","µV","29.286","°C","1016.000","hPa","35.3","pmil","0","53.237","deg","23.954","°C","100.000","%a.s.","21.023","deg","23.635","°C","1019.000","hPa","0.861","-0.02617","0.00035","0","0","13.56","Humid","28.00","0","54.00","362567.45","SABD0000000001","AAV1.0.0.11","1.1.2.0","PSt7-10","170328-007","9/30/2017 19:06:43","0000-00","0","no battery","V"
"09/09/2020","10:04:47","2","default","115855972","OXY_CH2","39.210","min","182.259","µmol/L","Humid","21.042","deg","81084","µV","29.290","°C","1016.000","hPa","35.3","pmil","0","53.237","deg","23.954","°C","100.000","%a.s.","21.023","deg","23.635","°C","1019.000","hPa","0.861","-0.02617","0.00035","0","0","13.56","Humid","28.00","0","54.00","362566.61","SABD0000000001","AAV1.0.0.11","1.1.2.0","PSt7-10","170328-007","9/30/2017 19:06:43","0000-00","0","no battery","V"
"09/09/2020","10:04:48","2","default","115855972","OXY_CH2","39.227","min","182.348","µmol/L","Humid","21.038","deg","81088","µV","29.286","°C","1016.000","hPa","35.3","pmil","0","53.237","deg","23.954","°C","100.000","%a.s.","21.023","deg","23.635","°C","1019.000","hPa","0.861","-0.02617","0.00035","0","0","13.56","Humid","28.00","0","54.00","362564.63","SABD0000000001","AAV1.0.0.11","1.1.2.0","PSt7-10","170328-007","9/30/2017 19:06:43","0000-00","0","no battery","V"
"09/09/2020","10:04:49","2","default","115855972","OXY_CH2","39.244","min","182.343","µmol/L","Humid","21.041","deg","81090","µV","29.278","°C","1016.000","hPa","35.3","pmil","0","53.237","deg","23.954","°C","100.000","%a.s.","21.023","deg","23.635","°C","1019.000","hPa","0.861","-0.02617","0.00035","0","0","13.56","Humid","28.00","0","54.00","362558.93","SABD0000000001","AAV1.0.0.11","1.1.2.0","PSt7-10","170328-007","9/30/2017 19:06:43","0000-00","0","no battery","V"
"09/09/2020","10:04:50","2","default","115855972","OXY_CH2","39.260","min","182.422","µmol/L","Humid","21.037","deg","81087","µV","29.276","°C","1016.000","hPa","35.3","pmil","0","53.237","deg","23.954","°C","100.000","%a.s.","21.023","deg","23.635","°C","1019.000","hPa","0.861","-0.02617","0.00035","0","0","13.56","Humid","28.00","0","54.00","362559.52","SABD0000000001","AAV1.0.0.11","1.1.2.0","PSt7-10","170328-007","9/30/2017 19:06:43","0000-00","0","no battery","V"
"09/09/2020","10:04:51","2","default","115855972","OXY_CH2","39.277","min","182.312","µmol/L","Humid","21.044","deg","81081","µV","29.275","°C","1016.000","hPa","35.3","pmil","0","53.237","deg","23.954","°C","100.000","%a.s.","21.023","deg","23.635","°C","1019.000","hPa","0.861","-0.02617","0.00035","0","0","13.56","Humid","28.00","0","54.00","362576.35","SABD0000000001","AAV1.0.0.11","1.1.2.0","PSt7-10","170328-007","9/30/2017 19:06:43","0000-00","0","no battery","V"
"09/09/2020","10:04:52","2","default","115855972","OXY_CH2","39.294","min","182.337","µmol/L","Humid","21.044","deg","81086","µV","29.270","°C","1016.000","hPa","35.3","pmil","0","53.237","deg","23.954","°C","100.000","%a.s.","21.023","deg","23.635","°C","1019.000","hPa","0.861","-0.02617","0.00035","0","0","13.56","Humid","28.00","0","54.00","362570.83","SABD0000000001","AAV1.0.0.11","1.1.2.0","PSt7-10","170328-007","9/30/2017 19:06:43","0000-00","0","no battery","V"
"09/09/2020","10:04:53","2","default","115855972","OXY_CH2","39.310","min","182.371","µmol/L","Humid","21.041","deg","81080","µV","29.273","°C","1016.000","hPa","35.3","pmil","0","53.237","deg","23.954","°C","100.000","%a.s.","21.023","deg","23.635","°C","1019.000","hPa","0.861","-0.02617","0.00035","0","0","13.56","Humid","28.00","0","54.00","362564.48","SABD0000000001","AAV1.0.0.11","1.1.2.0","PSt7-10","170328-007","9/30/2017 19:06:43","0000-00","0","no battery","V"
"09/09/2020","10:04:54","2","default","115855972","OXY_CH2","39.327","min","182.359","µmol/L","Humid","21.040","deg","81078","µV","29.278","°C","1016.000","hPa","35.3","pmil","0","53.237","deg","23.954","°C","100.000","%a.s.","21.023","deg","23.635","°C","1019.000","hPa","0.861","-0.02617","0.00035","0","0","13.56","Humid","28.00","0","54.00","362561.24","SABD0000000001","AAV1.0.0.11","1.1.2.0","PSt7-10","170328-007","9/30/2017 19:06:43","0000-00","0","no battery","V"
"09/09/2020","10:04:55","2","default","115855972","OXY_CH2","39.344","min","182.307","µmol/L","Humid","21.040","deg","81082","µV","29.287","°C","1016.000","hPa","35.3","pmil","0","53.237","deg","23.954","°C","100.000","%a.s.","21.023","deg","23.635","°C","1019.000","hPa","0.861","-0.02617","0.00035","0","0","13.56","Humid","28.00","0","54.00","362563.51","SABD0000000001","AAV1.0.0.11","1.1.2.0","PSt7-10","170328-007","9/30/2017 19:06:43","0000-00","0","no battery","V"
"09/09/2020","10:04:56","2","default","115855972","OXY_CH2","39.361","min","182.302","µmol/L","Humid","21.038","deg","81085","µV","29.294","°C","1016.000","hPa","35.3","pmil","0","53.237","deg","23.954","°C","100.000","%a.s.","21.023","deg","23.635","°C","1019.000","hPa","0.861","-0.02617","0.00035","0","0","13.56","Humid","28.00","0","54.00","362564.97","SABD0000000001","AAV1.0.0.11","1.1.2.0","PSt7-10","170328-007","9/30/2017 19:06:43","0000-00","0","no battery","V"
"09/09/2020","10:04:57","2","default","115855972","OXY_CH2","39.377","min","182.407","µmol/L","Humid","21.035","deg","81083","µV","29.284","°C","1016.000","hPa","35.3","pmil","0","53.237","deg","23.954","°C","100.000","%a.s.","21.023","deg","23.635","°C","1019.000","hPa","0.861","-0.02617","0.00035","0","0","13.56","Humid","28.00","0","54.00","362564.70","SABD0000000001","AAV1.0.0.11","1.1.2.0","PSt7-10","170328-007","9/30/2017 19:06:43","0000-00","0","no battery","V"
"09/09/2020","10:04:58","2","default","115855972","OXY_CH2","39.394","min","182.436","µmol/L","Humid","21.040","deg","81081","µV","29.265","°C","1016.000","hPa","35.3","pmil","0","53.237","deg","23.954","°C","100.000","%a.s.","21.023","deg","23.635","°C","1019.000","hPa","0.861","-0.02617","0.00035","0","0","13.56","Humid","28.00","0","54.00","362555.91","SABD0000000001","AAV1.0.0.11","1.1.2.0","PSt7-10","170328-007","9/30/2017 19:06:43","0000-00","0","no battery","V"
"09/09/2020","10:04:59","2","default","115855972","OXY_CH2","39.411","min","182.466","µmol/L","Humid","21.039","deg","81076","µV","29.262","°C","1016.000","hPa","35.3","pmil","0","53.237","deg","23.954","°C","100.000","%a.s.","21.023","deg","23.635","°C","1019.000","hPa","0.861","-0.02617","0.00035","0","0","13.56","Humid","28.00","0","54.00","362550.96","SABD0000000001","AAV1.0.0.11","1.1.2.0","PSt7-10","170328-007","9/30/2017 19:06:43","0000-00","0","no battery","V"
"09/09/2020","10:05:00","2","default","115855972","OXY_CH2","39.427","min","182.293","µmol/L","Humid","21.044","deg","81067","µV","29.278","°C","1016.000","hPa","35.3","pmil","0","53.237","deg","23.954","°C","100.000","%a.s.","21.023","deg","23.635","°C","1019.000","hPa","0.861","-0.02617","0.00035","0","0","13.56","Humid","28.00","0","54.00","362544.46","SABD0000000001","AAV1.0.0.11","1.1.2.0","PSt7-10","170328-007","9/30/2017 19:06:43","0000-00","0","no battery","V"
"09/09/2020","10:05:01","2","default","115855972","OXY_CH2","39.444","min","182.489","µmol/L","Humid","21.033","deg","81074","µV","29.276","°C","1016.000","hPa","35.3","pmil","0","53.237","deg","23.954","°C","100.000","%a.s.","21.023","deg","23.635","°C","1019.000","hPa","0.861","-0.02617","0.00035","0","0","13.56","Humid","28.00","0","54.00","362541.28","SABD0000000001","AAV1.0.0.11","1.1.2.0","PSt7-10","170328-007","9/30/2017 19:06:43","0000-00","0","no battery","V"
"09/09/2020","10:05:02","2","default","115855972","OXY_CH2","39.461","min","182.410","µmol/L","Humid","21.039","deg","81071","µV","29.272","°C","1016.000","hPa","35.3","pmil","0","53.237","deg","23.954","°C","100.000","%a.s.","21.023","deg","23.635","°C","1019.000","hPa","0.861","-0.02617","0.00035","0","0","13.56","Humid","28.00","0","54.00","362566.24","SABD0000000001","AAV1.0.0.11","1.1.2.0","PSt7-10","170328-007","9/30/2017 19:06:43","0000-00","0","no battery","V"
"09/09/2020","10:05:03","2","default","115855972","OXY_CH2","39.477","min","182.292","µmol/L","Humid","21.041","deg","81071","µV","29.287","°C","1016.000","hPa","35.3","pmil","0","53.237","deg","23.954","°C","100.000","%a.s.","21.023","deg","23.635","°C","1019.000","hPa","0.861","-0.02617","0.00035","0","0","13.56","Humid","28.00","0","54.00","362542.63","SABD0000000001","AAV1.0.0.11","1.1.2.0","PSt7-10","170328-007","9/30/2017 19:06:43","0000-00","0","no battery","V"
"09/09/2020","10:05:04","2","default","115855972","OXY_CH2","39.494","min","182.304","µmol/L","Humid","21.039","deg","81071","µV","29.291","°C","1016.000","hPa","35.3","pmil","0","53.237","deg","23.954","°C","100.000","%a.s.","21.023","deg","23.635","°C","1019.000","hPa","0.861","-0.02617","0.00035","0","0","13.56","Humid","28.00","0","54.00","362566.84","SABD0000000001","AAV1.0.0.11","1.1.2.0","PSt7-10","170328-007","9/30/2017 19:06:43","0000-00","0","no battery","V"
"09/09/2020","10:05:05","2","default","115855972","OXY_CH2","39.510","min","182.322","µmol/L","Humid","21.038","deg","81072","µV","29.290","°C","1016.000","hPa","35.3","pmil","0","53.237","deg","23.954","°C","100.000","%a.s.","21.023","deg","23.635","°C","1019.000","hPa","0.861","-0.02617","0.00035","0","0","13.56","Humid","28.00","0","54.00","362553.07","SABD0000000001","AAV1.0.0.11","1.1.2.0","PSt7-10","170328-007","9/30/2017 19:06:43","0000-00","0","no battery","V"
"09/09/2020","10:05:06","2","default","115855972","OXY_CH2","39.527","min","182.268","µmol/L","Humid","21.041","deg","81077","µV","29.291","°C","1016.000","hPa","35.3","pmil","0","53.237","deg","23.954","°C","100.000","%a.s.","21.023","deg","23.635","°C","1019.000","hPa","0.861","-0.02617","0.00035","0","0","13.56","Humid","28.00","0","54.00","362551.28","SABD0000000001","AAV1.0.0.11","1.1.2.0","PSt7-10","170328-007","9/30/2017 19:06:43","0000-00","0","no battery","V"
"09/09/2020","10:05:07","2","default","115855972","OXY_CH2","39.544","min","182.307","µmol/L","Humid","21.037","deg","81067","µV","29.296","°C","1016.000","hPa","35.3","pmil","0","53.237","deg","23.954","°C","100.000","%a.s.","21.023","deg","23.635","°C","1019.000","hPa","0.861","-0.02617","0.00035","0","0","13.56","Humid","28.00","0","54.00","362542.32","SABD0000000001","AAV1.0.0.11","1.1.2.0","PSt7-10","170328-007","9/30/2017 19:06:43","0000-00","0","no battery","V"
"09/09/2020","10:05:08","2","default","115855972","OXY_CH2","39.560","min","182.286","µmol/L","Humid","21.038","deg","81076","µV","29.297","°C","1016.000","hPa","35.3","pmil","0","53.237","deg","23.954","°C","100.000","%a.s.","21.023","deg","23.635","°C","1019.000","hPa","0.861","-0.02617","0.00035","0","0","13.56","Humid","28.00","0","54.00","362564.67","SABD0000000001","AAV1.0.0.11","1.1.2.0","PSt7-10","170328-007","9/30/2017 19:06:43","0000-00","0","no battery","V"
"09/09/2020","10:05:09","2","default","115855972","OXY_CH2","39.577","min","182.315","µmol/L","Humid","21.037","deg","81074","µV","29.295","°C","1016.000","hPa","35.3","pmil","0","53.237","deg","23.954","°C","100.000","%a.s.","21.023","deg","23.635","°C","1019.000","hPa","0.861","-0.02617","0.00035","0","0","13.56","Humid","28.00","0","54.00","362542.84","SABD0000000001","AAV1.0.0.11","1.1.2.0","PSt7-10","170328-007","9/30/2017 19:06:43","0000-00","0","no battery","V"
"09/09/2020","10:05:10","2","default","115855972","OXY_CH2","39.594","min","182.367","µmol/L","Humid","21.034","deg","81069","µV","29.294","°C","1016.000","hPa","35.3","pmil","0","53.237","deg","23.954","°C","100.000","%a.s.","21.023","deg","23.635","°C","1019.000","hPa","0.861","-0.02617","0.00035","0","0","13.56","Humid","28.00","0","54.00","362550.59","SABD0000000001","AAV1.0.0.11","1.1.2.0","PSt7-10","170328-007","9/30/2017 19:06:43","0000-00","0","no battery","V"
"09/09/2020","10:05:11","2","default","115855972","OXY_CH2","39.610","min","182.271","µmol/L","Humid","21.040","deg","81069","µV","29.294","°C","1016.000","hPa","35.3","pmil","0","53.237","deg","23.954","°C","100.000","%a.s.","21.023","deg","23.635","°C","1019.000","hPa","0.861","-0.02617","0.00035","0","0","13.56","Humid","28.00","0","54.00","362552.62","SABD0000000001","AAV1.0.0.11","1.1.2.0","PSt7-10","170328-007","9/30/2017 19:06:43","0000-00","0","no battery","V"
"09/09/2020","10:05:12","2","default","115855972","OXY_CH2","39.627","min","182.326","µmol/L","Humid","21.037","deg","81074","µV","29.293","°C","1016.000","hPa","35.3","pmil","0","53.237","deg","23.954","°C","100.000","%a.s.","21.023","deg","23.635","°C","1019.000","hPa","0.861","-0.02617","0.00035","0","0","13.56","Humid","28.00","0","54.00","362560.36","SABD0000000001","AAV1.0.0.11","1.1.2.0","PSt7-10","170328-007","9/30/2017 19:06:43","0000-00","0","no battery","V"
"09/09/2020","10:05:13","2","default","115855972","OXY_CH2","39.644","min","182.337","µmol/L","Humid","21.039","deg","81075","µV","29.285","°C","1016.000","hPa","35.3","pmil","0","53.237","deg","23.954","°C","100.000","%a.s.","21.023","deg","23.635","°C","1019.000","hPa","0.861","-0.02617","0.00035","0","0","13.56","Humid","28.00","0","54.00","362552.96","SABD0000000001","AAV1.0.0.11","1.1.2.0","PSt7-10","170328-007","9/30/2017 19:06:43","0000-00","0","no battery","V"
"09/09/2020","10:05:14","2","default","115855972","OXY_CH2","39.661","min","182.356","µmol/L","Humid","21.034","deg","81073","µV","29.296","°C","1016.000","hPa","35.3","pmil","0","53.237","deg","23.954","°C","100.000","%a.s.","21.023","deg","23.635","°C","1019.000","hPa","0.861","-0.02617","0.00035","0","0","13.56","Humid","28.00","0","54.00","362545.50","SABD0000000001","AAV1.0.0.11","1.1.2.0","PSt7-10","170328-007","9/30/2017 19:06:43","0000-00","0","no battery","V"
"09/09/2020","10:05:15","2","default","115855972","OXY_CH2","39.678","min","182.315","µmol/L","Humid","21.039","deg","81073","µV","29.289","°C","1016.000","hPa","35.3","pmil","0","53.237","deg","23.954","°C","100.000","%a.s.","21.023","deg","23.635","°C","1019.000","hPa","0.861","-0.02617","0.00035","0","0","13.56","Humid","28.00","0","54.00","362553.19","SABD0000000001","AAV1.0.0.11","1.1.2.0","PSt7-10","170328-007","9/30/2017 19:06:43","0000-00","0","no battery","V"
"09/09/2020","10:05:16","2","default","115855972","OXY_CH2","39.694","min","182.335","µmol/L","Humid","21.039","deg","81070","µV","29.285","°C","1016.000","hPa","35.3","pmil","0","53.237","deg","23.954","°C","100.000","%a.s.","21.023","deg","23.635","°C","1019.000","hPa","0.861","-0.02617","0.00035","0","0","13.56","Humid","28.00","0","54.00","362543.44","SABD0000000001","AAV1.0.0.11","1.1.2.0","PSt7-10","170328-007","9/30/2017 19:06:43","0000-00","0","no battery","V"
"09/09/2020","10:05:17","2","default","115855972","OXY_CH2","39.711","min","182.287","µmol/L","Humid","21.040","deg","81072","µV","29.291","°C","1016.000","hPa","35.3","pmil","0","53.237","deg","23.954","°C","100.000","%a.s.","21.023","deg","23.635","°C","1019.000","hPa","0.861","-0.02617","0.00035","0","0","13.56","Humid","28.00","0","54.00","362544.08","SABD0000000001","AAV1.0.0.11","1.1.2.0","PSt7-10","170328-007","9/30/2017 19:06:43","0000-00","0","no battery","V"
"09/09/2020","10:05:18","2","default","115855972","OXY_CH2","39.727","min","182.323","µmol/L","Humid","21.036","deg","81076","µV","29.296","°C","1016.000","hPa","35.3","pmil","0","53.237","deg","23.954","°C","100.000","%a.s.","21.023","deg","23.635","°C","1019.000","hPa","0.861","-0.02617","0.00035","0","0","13.56","Humid","28.00","0","54.00","362552.45","SABD0000000001","AAV1.0.0.11","1.1.2.0","PSt7-10","170328-007","9/30/2017 19:06:43","0000-00","0","no battery","V"
"09/09/2020","10:05:19","2","default","115855972","OXY_CH2","39.744","min","182.381","µmol/L","Humid","21.035","deg","81070","µV","29.289","°C","1016.000","hPa","35.3","pmil","0","53.237","deg","23.954","°C","100.000","%a.s.","21.023","deg","23.635","°C","1019.000","hPa","0.861","-0.02617","0.00035","0","0","13.56","Humid","28.00","0","54.00","362545.41","SABD0000000001","AAV1.0.0.11","1.1.2.0","PSt7-10","170328-007","9/30/2017 19:06:43","0000-00","0","no battery","V"
"09/09/2020","10:05:20","2","default","115855972","OXY_CH2","39.761","min","182.355","µmol/L","Humid","21.039","deg","81072","µV","29.282","°C","1016.000","hPa","35.3","pmil","0","53.237","deg","23.954","°C","100.000","%a.s.","21.023","deg","23.635","°C","1019.000","hPa","0.861","-0.02617","0.00035","0","0","13.56","Humid","28.00","0","54.00","362532.14","SABD0000000001","AAV1.0.0.11","1.1.2.0","PSt7-10","170328-007","9/30/2017 19:06:43","0000-00","0","no battery","V"
"09/09/2020","10:05:21","2","default","115855972","OXY_CH2","39.777","min","182.300","µmol/L","Humid","21.042","deg","81069","µV","29.283","°C","1016.000","hPa","35.3","pmil","0","53.237","deg","23.954","°C","100.000","%a.s.","21.023","deg","23.635","°C","1019.000","hPa","0.861","-0.02617","0.00035","0","0","13.56","Humid","28.00","0","54.00","362541.18","SABD0000000001","AAV1.0.0.11","1.1.2.0","PSt7-10","170328-007","9/30/2017 19:06:43","0000-00","0","no battery","V"
"09/09/2020","10:05:22","2","default","115855972","OXY_CH2","39.794","min","182.328","µmol/L","Humid","21.037","deg","81069","µV","29.292","°C","1016.000","hPa","35.3","pmil","0","53.237","deg","23.954","°C","100.000","%a.s.","21.023","deg","23.635","°C","1019.000","hPa","0.861","-0.02617","0.00035","0","0","13.56","Humid","28.00","0","54.00","362538.80","SABD0000000001","AAV1.0.0.11","1.1.2.0","PSt7-10","170328-007","9/30/2017 19:06:43","0000-00","0","no battery","V"
"09/09/2020","10:05:23","2","default","115855972","OXY_CH2","39.810","min","182.391","µmol/L","Humid","21.034","deg","81066","µV","29.290","°C","1016.000","hPa","35.3","pmil","0","53.237","deg","23.954","°C","100.000","%a.s.","21.023","deg","23.635","°C","1019.000","hPa","0.861","-0.02617","0.00035","0","0","13.56","Humid","28.00","0","54.00","362539.64","SABD0000000001","AAV1.0.0.11","1.1.2.0","PSt7-10","170328-007","9/30/2017 19:06:43","0000-00","0","no battery","V"
"09/09/2020","10:05:24","2","default","115855972","OXY_CH2","39.827","min","182.239","µmol/L","Humid","21.037","deg","81066","µV","29.308","°C","1016.000","hPa","35.3","pmil","0","53.237","deg","23.954","°C","100.000","%a.s.","21.023","deg","23.635","°C","1019.000","hPa","0.861","-0.02617","0.00035","0","0","13.56","Humid","28.00","0","54.00","362558.47","SABD0000000001","AAV1.0.0.11","1.1.2.0","PSt7-10","170328-007","9/30/2017 19:06:43","0000-00","0","no battery","V"
"09/09/2020","10:05:25","2","default","115855972","OXY_CH2","39.844","min","182.241","µmol/L","Humid","21.038","deg","81072","µV","29.305","°C","1016.000","hPa","35.3","pmil","0","53.237","deg","23.954","°C","100.000","%a.s.","21.023","deg","23.635","°C","1019.000","hPa","0.861","-0.02617","0.00035","0","0","13.56","Humid","28.00","0","54.00","362544.07","SABD0000000001","AAV1.0.0.11","1.1.2.0","PSt7-10","170328-007","9/30/2017 19:06:43","0000-00","0","no battery","V"
"09/09/2020","10:05:26","2","default","115855972","OXY_CH2","39.861","min","182.269","µmol/L","Humid","21.038","deg","81068","µV","29.300","°C","1016.000","hPa","35.3","pmil","0","53.237","deg","23.954","°C","100.000","%a.s.","21.023","deg","23.635","°C","1019.000","hPa","0.861","-0.02617","0.00035","0","0","13.56","Humid","28.00","0","54.00","362542.78","SABD0000000001","AAV1.0.0.11","1.1.2.0","PSt7-10","170328-007","9/30/2017 19:06:43","0000-00","0","no battery","V"
"09/09/2020","10:05:27","2","default","115855972","OXY_CH2","39.877","min","182.286","µmol/L","Humid","21.037","deg","81066","µV","29.300","°C","1016.000","hPa","35.3","pmil","0","53.237","deg","23.954","°C","100.000","%a.s.","21.023","deg","23.635","°C","1019.000","hPa","0.861","-0.02617","0.00035","0","0","13.56","Humid","28.00","0","54.00","362536.74","SABD0000000001","AAV1.0.0.11","1.1.2.0","PSt7-10","170328-007","9/30/2017 19:06:43","0000-00","0","no battery","V"
"09/09/2020","10:05:28","2","default","115855972","OXY_CH2","39.894","min","182.317","µmol/L","Humid","21.037","deg","81066","µV","29.294","°C","1016.000","hPa","35.3","pmil","0","53.237","deg","23.954","°C","100.000","%a.s.","21.023","deg","23.635","°C","1019.000","hPa","0.861","-0.02617","0.00035","0","0","13.56","Humid","28.00","0","54.00","362532.08","SABD0000000001","AAV1.0.0.11","1.1.2.0","PSt7-10","170328-007","9/30/2017 19:06:43","0000-00","0","no battery","V"
"09/09/2020","10:05:29","2","default","115855972","OXY_CH2","39.911","min","182.325","µmol/L","Humid","21.033","deg","81063","µV","29.304","°C","1016.000","hPa","35.3","pmil","0","53.237","deg","23.954","°C","100.000","%a.s.","21.023","deg","23.635","°C","1019.000","hPa","0.861","-0.02617","0.00035","0","0","13.56","Humid","28.00","0","54.00","362530.63","SABD0000000001","AAV1.0.0.11","1.1.2.0","PSt7-10","170328-007","9/30/2017 19:06:43","0000-00","0","no battery","V"
"09/09/2020","10:05:30","2","default","115855972","OXY_CH2","39.927","min","182.328","µmol/L","Humid","21.033","deg","81060","µV","29.304","°C","1016.000","hPa","35.3","pmil","0","53.237","deg","23.954","°C","100.000","%a.s.","21.023","deg","23.635","°C","1019.000","hPa","0.861","-0.02617","0.00035","0","0","13.56","Humid","28.00","0","54.00","362543.16","SABD0000000001","AAV1.0.0.11","1.1.2.0","PSt7-10","170328-007","9/30/2017 19:06:43","0000-00","0","no battery","V"
"09/09/2020","10:05:31","2","default","115855972","OXY_CH2","39.944","min","182.416","µmol/L","Humid","21.030","deg","81060","µV","29.297","°C","1016.000","hPa","35.3","pmil","0","53.237","deg","23.954","°C","100.000","%a.s.","21.023","deg","23.635","°C","1019.000","hPa","0.861","-0.02617","0.00035","0","0","13.56","Humid","28.00","0","54.00","362532.49","SABD0000000001","AAV1.0.0.11","1.1.2.0","PSt7-10","170328-007","9/30/2017 19:06:43","0000-00","0","no battery","V"
"09/09/2020","10:05:32","2","default","115855972","OXY_CH2","39.960","min","182.334","µmol/L","Humid","21.035","deg","81054","µV","29.297","°C","1016.000","hPa","35.3","pmil","0","53.237","deg","23.954","°C","100.000","%a.s.","21.023","deg","23.635","°C","1019.000","hPa","0.861","-0.02617","0.00035","0","0","13.56","Humid","28.00","0","54.00","362535.12","SABD0000000001","AAV1.0.0.11","1.1.2.0","PSt7-10","170328-007","9/30/2017 19:06:43","0000-00","0","no battery","V"
"09/09/2020","10:05:33","2","default","115855972","OXY_CH2","39.977","min","182.282","µmol/L","Humid","21.038","deg","81055","µV","29.297","°C","1016.000","hPa","35.3","pmil","0","53.237","deg","23.954","°C","100.000","%a.s.","21.023","deg","23.635","°C","1019.000","hPa","0.861","-0.02617","0.00035","0","0","13.56","Humid","28.00","0","54.00","362538.89","SABD0000000001","AAV1.0.0.11","1.1.2.0","PSt7-10","170328-007","9/30/2017 19:06:43","0000-00","0","no battery","V"
"09/09/2020","10:05:34","2","default","115855972","OXY_CH2","39.994","min","182.294","µmol/L","Humid","21.033","deg","81061","µV","29.310","°C","1016.000","hPa","35.3","pmil","0","53.237","deg","23.954","°C","100.000","%a.s.","21.023","deg","23.635","°C","1019.000","hPa","0.861","-0.02617","0.00035","0","0","13.56","Humid","28.00","0","54.00","362524.33","SABD0000000001","AAV1.0.0.11","1.1.2.0","PSt7-10","170328-007","9/30/2017 19:06:43","0000-00","0","no battery","V"
"09/09/2020","10:05:35","2","default","115855972","OXY_CH2","40.011","min","182.320","µmol/L","Humid","21.032","deg","81058","µV","29.308","°C","1016.000","hPa","35.3","pmil","0","53.237","deg","23.954","°C","100.000","%a.s.","21.023","deg","23.635","°C","1019.000","hPa","0.861","-0.02617","0.00035","0","0","13.56","Humid","28.00","0","54.00","362547.06","SABD0000000001","AAV1.0.0.11","1.1.2.0","PSt7-10","170328-007","9/30/2017 19:06:43","0000-00","0","no battery","V"
"09/09/2020","10:05:36","2","default","115855972","OXY_CH2","40.027","min","182.328","µmol/L","Humid","21.035","deg","81062","µV","29.298","°C","1016.000","hPa","35.3","pmil","0","53.237","deg","23.954","°C","100.000","%a.s.","21.023","deg","23.635","°C","1019.000","hPa","0.861","-0.02617","0.00035","0","0","13.56","Humid","28.00","0","54.00","362531.19","SABD0000000001","AAV1.0.0.11","1.1.2.0","PSt7-10","170328-007","9/30/2017 19:06:43","0000-00","0","no battery","V"
"09/09/2020","10:05:37","2","default","115855972","OXY_CH2","40.044","min","182.298","µmol/L","Humid","21.035","deg","81056","µV","29.303","°C","1016.000","hPa","35.3","pmil","0","53.237","deg","23.954","°C","100.000","%a.s.","21.023","deg","23.635","°C","1019.000","hPa","0.861","-0.02617","0.00035","0","0","13.56","Humid","28.00","0","54.00","362528.31","SABD0000000001","AAV1.0.0.11","1.1.2.0","PSt7-10","170328-007","9/30/2017 19:06:43","0000-00","0","no battery","V"
"09/09/2020","10:05:38","2","default","115855972","OXY_CH2","40.061","min","182.345","µmol/L","Humid","21.034","deg","81058","µV","29.298","°C","1016.000","hPa","35.3","pmil","0","53.237","deg","23.954","°C","100.000","%a.s.","21.023","deg","23.635","°C","1019.000","hPa","0.861","-0.02617","0.00035","0","0","13.56","Humid","28.00","0","54.00","362544.33","SABD0000000001","AAV1.0.0.11","1.1.2.0","PSt7-10","170328-007","9/30/2017 19:06:43","0000-00","0","no battery","V"
"09/09/2020","10:05:39","2","default","115855972","OXY_CH2","40.077","min","182.327","µmol/L","Humid","21.033","deg","81063","µV","29.304","°C","1016.000","hPa","35.3","pmil","0","53.237","deg","23.954","°C","100.000","%a.s.","21.023","deg","23.635","°C","1019.000","hPa","0.861","-0.02617","0.00035","0","0","13.56","Humid","28.00","0","54.00","362532.12","SABD0000000001","AAV1.0.0.11","1.1.2.0","PSt7-10","170328-007","9/30/2017 19:06:43","0000-00","0","no battery","V"
"09/09/2020","10:05:40","2","default","115855972","OXY_CH2","40.094","min","182.323","µmol/L","Humid","21.034","deg","81056","µV","29.302","°C","1016.000","hPa","35.3","pmil","0","53.237","deg","23.954","°C","100.000","%a.s.","21.023","deg","23.635","°C","1019.000","hPa","0.861","-0.02617","0.00035","0","0","13.56","Humid","28.00","0","54.00","362524.74","SABD0000000001","AAV1.0.0.11","1.1.2.0","PSt7-10","170328-007","9/30/2017 19:06:43","0000-00","0","no battery","V"
"09/09/2020","10:05:41","2","default","115855972","OXY_CH2","40.111","min","182.326","µmol/L","Humid","21.035","deg","81056","µV","29.298","°C","1016.000","hPa","35.3","pmil","0","53.237","deg","23.954","°C","100.000","%a.s.","21.023","deg","23.635","°C","1019.000","hPa","0.861","-0.02617","0.00035","0","0","13.56","Humid","28.00","0","54.00","362527.80","SABD0000000001","AAV1.0.0.11","1.1.2.0","PSt7-10","170328-007","9/30/2017 19:06:43","0000-00","0","no battery","V"
"09/09/2020","10:05:42","2","default","115855972","OXY_CH2","40.127","min","182.319","µmol/L","Humid","21.032","deg","81054","µV","29.308","°C","1016.000","hPa","35.3","pmil","0","53.237","deg","23.954","°C","100.000","%a.s.","21.023","deg","23.635","°C","1019.000","hPa","0.861","-0.02617","0.00035","0","0","13.56","Humid","28.00","0","54.00","362530.36","SABD0000000001","AAV1.0.0.11","1.1.2.0","PSt7-10","170328-007","9/30/2017 19:06:43","0000-00","0","no battery","V"
"09/09/2020","10:05:43","2","default","115855972","OXY_CH2","40.144","min","182.315","µmol/L","Humid","21.032","deg","81056","µV","29.309","°C","1016.000","hPa","35.3","pmil","0","53.237","deg","23.954","°C","100.000","%a.s.","21.023","deg","23.635","°C","1019.000","hPa","0.861","-0.02617","0.00035","0","0","13.56","Humid","28.00","0","54.00","362518.89","SABD0000000001","AAV1.0.0.11","1.1.2.0","PSt7-10","170328-007","9/30/2017 19:06:43","0000-00","0","no battery","V"
"09/09/2020","10:05:44","2","default","115855972","OXY_CH2","40.161","min","182.321","µmol/L","Humid","21.034","deg","81056","µV","29.302","°C","1016.000","hPa","35.3","pmil","0","53.237","deg","23.954","°C","100.000","%a.s.","21.023","deg","23.635","°C","1019.000","hPa","0.861","-0.02617","0.00035","0","0","13.56","Humid","28.00","0","54.00","362529.10","SABD0000000001","AAV1.0.0.11","1.1.2.0","PSt7-10","170328-007","9/30/2017 19:06:43","0000-00","0","no battery","V"
"09/09/2020","10:05:45","2","default","115855972","OXY_CH2","40.177","min","182.310","µmol/L","Humid","21.032","deg","81049","µV","29.310","°C","1016.000","hPa","35.3","pmil","0","53.237","deg","23.954","°C","100.000","%a.s.","21.023","deg","23.635","°C","1019.000","hPa","0.861","-0.02617","0.00035","0","0","13.56","Humid","28.00","0","54.00","362527.69","SABD0000000001","AAV1.0.0.11","1.1.2.0","PSt7-10","170328-007","9/30/2017 19:06:43","0000-00","0","no battery","V"
"09/09/2020","10:05:46","2","default","115855972","OXY_CH2","40.194","min","182.240","µmol/L","Humid","21.033","deg","81055","µV","29.319","°C","1016.000","hPa","35.3","pmil","0","53.237","deg","23.954","°C","100.000","%a.s.","21.023","deg","23.635","°C","1019.000","hPa","0.861","-0.02617","0.00035","0","0","13.56","Humid","28.00","0","54.00","362525.78","SABD0000000001","AAV1.0.0.11","1.1.2.0","PSt7-10","170328-007","9/30/2017 19:06:43","0000-00","0","no battery","V"
"09/09/2020","10:05:47","2","default","115855972","OXY_CH2","40.210","min","182.233","µmol/L","Humid","21.035","deg","81050","µV","29.315","°C","1016.000","hPa","35.3","pmil","0","53.237","deg","23.954","°C","100.000","%a.s.","21.023","deg","23.635","°C","1019.000","hPa","0.861","-0.02617","0.00035","0","0","13.56","Humid","28.00","0","54.00","362515.28","SABD0000000001","AAV1.0.0.11","1.1.2.0","PSt7-10","170328-007","9/30/2017 19:06:43","0000-00","0","no battery","V"
"09/09/2020","10:05:48","2","default","115855972","OXY_CH2","40.227","min","182.236","µmol/L","Humid","21.035","deg","81050","µV","29.314","°C","1016.000","hPa","35.3","pmil","0","53.237","deg","23.954","°C","100.000","%a.s.","21.023","deg","23.635","°C","1019.000","hPa","0.861","-0.02617","0.00035","0","0","13.56","Humid","28.00","0","54.00","362522.48","SABD0000000001","AAV1.0.0.11","1.1.2.0","PSt7-10","170328-007","9/30/2017 19:06:43","0000-00","0","no battery","V"
"09/09/2020","10:05:49","2","default","115855972","OXY_CH2","40.244","min","182.303","µmol/L","Humid","21.033","deg","81050","µV","29.308","°C","1016.000","hPa","35.3","pmil","0","53.237","deg","23.954","°C","100.000","%a.s.","21.023","deg","23.635","°C","1019.000","hPa","0.861","-0.02617","0.00035","0","0","13.56","Humid","28.00","0","54.00","362529.58","SABD0000000001","AAV1.0.0.11","1.1.2.0","PSt7-10","170328-007","9/30/2017 19:06:43","0000-00","0","no battery","V"
"09/09/2020","10:05:50","2","default","115855972","OXY_CH2","40.260","min","182.303","µmol/L","Humid","21.033","deg","81056","µV","29.308","°C","1016.000","hPa","35.3","pmil","0","53.237","deg","23.954","°C","100.000","%a.s.","21.023","deg","23.635","°C","1019.000","hPa","0.861","-0.02617","0.00035","0","0","13.56","Humid","28.00","0","54.00","362521.03","SABD0000000001","AAV1.0.0.11","1.1.2.0","PSt7-10","170328-007","9/30/2017 19:06:43","0000-00","0","no battery","V"
"09/09/2020","10:05:51","2","default","115855972","OXY_CH2","40.277","min","182.325","µmol/L","Humid","21.033","deg","81051","µV","29.304","°C","1016.000","hPa","35.3","pmil","0","53.237","deg","23.954","°C","100.000","%a.s.","21.023","deg","23.635","°C","1019.000","hPa","0.861","-0.02617","0.00035","0","0","13.56","Humid","28.00","0","54.00","362515.96","SABD0000000001","AAV1.0.0.11","1.1.2.0","PSt7-10","170328-007","9/30/2017 19:06:43","0000-00","0","no battery","V"
"09/09/2020","10:05:52","2","default","115855972","OXY_CH2","40.294","min","182.249","µmol/L","Humid","21.033","deg","81057","µV","29.318","°C","1016.000","hPa","35.3","pmil","0","53.237","deg","23.954","°C","100.000","%a.s.","21.023","deg","23.635","°C","1019.000","hPa","0.861","-0.02617","0.00035","0","0","13.56","Humid","28.00","0","54.00","362523.44","SABD0000000001","AAV1.0.0.11","1.1.2.0","PSt7-10","170328-007","9/30/2017 19:06:43","0000-00","0","no battery","V"
"09/09/2020","10:05:53","2","default","115855972","OXY_CH2","40.310","min","182.262","µmol/L","Humid","21.034","deg","81072","µV","29.313","°C","1016.000","hPa","35.3","pmil","0","53.237","deg","23.954","°C","100.000","%a.s.","21.023","deg","23.635","°C","1019.000","hPa","0.861","-0.02617","0.00035","0","0","13.56","Humid","28.00","0","54.00","362528.77","SABD0000000001","AAV1.0.0.11","1.1.2.0","PSt7-10","170328-007","9/30/2017 19:06:43","0000-00","0","no battery","V"
"09/09/2020","10:05:54","2","default","115855972","OXY_CH2","40.327","min","182.416","µmol/L","Humid","21.029","deg","81154","µV","29.300","°C","1016.000","hPa","35.3","pmil","0","53.237","deg","23.954","°C","100.000","%a.s.","21.023","deg","23.635","°C","1019.000","hPa","0.861","-0.02617","0.00035","0","0","13.56","Humid","28.00","0","54.00","362525.75","SABD0000000001","AAV1.0.0.11","1.1.2.0","PSt7-10","170328-007","9/30/2017 19:06:43","0000-00","0","no battery","V"
"09/09/2020","10:05:55","2","default","115855972","OXY_CH2","40.344","min","182.335","µmol/L","Humid","21.034","deg","81149","µV","29.300","°C","1016.000","hPa","35.3","pmil","0","53.237","deg","23.954","°C","100.000","%a.s.","21.023","deg","23.635","°C","1019.000","hPa","0.861","-0.02617","0.00035","0","0","13.56","Humid","28.00","0","54.00","362513.06","SABD0000000001","AAV1.0.0.11","1.1.2.0","PSt7-10","170328-007","9/30/2017 19:06:43","0000-00","0","no battery","V"
"09/09/2020","10:05:56","2","default","115855972","OXY_CH2","40.361","min","182.216","µmol/L","Humid","21.032","deg","81153","µV","29.326","°C","1016.000","hPa","35.3","pmil","0","53.237","deg","23.954","°C","100.000","%a.s.","21.023","deg","23.635","°C","1019.000","hPa","0.861","-0.02617","0.00035","0","0","13.56","Humid","28.00","0","54.00","362527.24","SABD0000000001","AAV1.0.0.11","1.1.2.0","PSt7-10","170328-007","9/30/2017 19:06:43","0000-00","0","no battery","V"
"09/09/2020","10:05:57","2","default","115855972","OXY_CH2","40.378","min","182.141","µmol/L","Humid","21.035","deg","81148","µV","29.331","°C","1016.000","hPa","35.3","pmil","0","53.237","deg","23.954","°C","100.000","%a.s.","21.023","deg","23.635","°C","1019.000","hPa","0.861","-0.02617","0.00035","0","0","13.56","Humid","28.00","0","54.00","362519.19","SABD0000000001","AAV1.0.0.11","1.1.2.0","PSt7-10","170328-007","9/30/2017 19:06:43","0000-00","0","no battery","V"
"09/09/2020","10:05:58","2","default","115855972","OXY_CH2","40.394","min","182.286","µmol/L","Humid","21.031","deg","81146","µV","29.317","°C","1016.000","hPa","35.3","pmil","0","53.237","deg","23.954","°C","100.000","%a.s.","21.023","deg","23.635","°C","1019.000","hPa","0.861","-0.02617","0.00035","0","0","13.56","Humid","28.00","0","54.00","362509.90","SABD0000000001","AAV1.0.0.11","1.1.2.0","PSt7-10","170328-007","9/30/2017 19:06:43","0000-00","0","no battery","V"
"09/09/2020","10:05:59","2","default","115855972","OXY_CH2","40.411","min","182.465","µmol/L","Humid","21.030","deg","81152","µV","29.289","°C","1016.000","hPa","35.3","pmil","0","53.237","deg","23.954","°C","100.000","%a.s.","21.023","deg","23.635","°C","1019.000","hPa","0.861","-0.02617","0.00035","0","0","13.56","Humid","28.00","0","54.00","362529.25","SABD0000000001","AAV1.0.0.11","1.1.2.0","PSt7-10","170328-007","9/30/2017 19:06:43","0000-00","0","no battery","V"
"09/09/2020","10:06:00","2","default","115855972","OXY_CH2","40.427","min","182.367","µmol/L","Humid","21.030","deg","81153","µV","29.306","°C","1016.000","hPa","35.3","pmil","0","53.237","deg","23.954","°C","100.000","%a.s.","21.023","deg","23.635","°C","1019.000","hPa","0.861","-0.02617","0.00035","0","0","13.56","Humid","28.00","0","54.00","362514.44","SABD0000000001","AAV1.0.0.11","1.1.2.0","PSt7-10","170328-007","9/30/2017 19:06:43","0000-00","0","no battery","V"
"09/09/2020","10:06:01","2","default","115855972","OXY_CH2","40.444","min","182.259","µmol/L","Humid","21.037","deg","81153","µV","29.304","°C","1016.000","hPa","35.3","pmil","0","53.237","deg","23.954","°C","100.000","%a.s.","21.023","deg","23.635","°C","1019.000","hPa","0.861","-0.02617","0.00035","0","0","13.56","Humid","28.00","0","54.00","362520.30","SABD0000000001","AAV1.0.0.11","1.1.2.0","PSt7-10","170328-007","9/30/2017 19:06:43","0000-00","0","no battery","V"
"09/09/2020","10:06:02","2","default","115855972","OXY_CH2","40.461","min","182.216","µmol/L","Humid","21.030","deg","81151","µV","29.332","°C","1016.000","hPa","35.3","pmil","0","53.237","deg","23.954","°C","100.000","%a.s.","21.023","deg","23.635","°C","1019.000","hPa","0.861","-0.02617","0.00035","0","0","13.56","Humid","28.00","0","54.00","362518.37","SABD0000000001","AAV1.0.0.11","1.1.2.0","PSt7-10","170328-007","9/30/2017 19:06:43","0000-00","0","no battery","V"
"09/09/2020","10:06:03","2","default","115855972","OXY_CH2","40.477","min","182.242","µmol/L","Humid","21.028","deg","81153","µV","29.334","°C","1016.000","hPa","35.3","pmil","0","53.237","deg","23.954","°C","100.000","%a.s.","21.023","deg","23.635","°C","1019.000","hPa","0.861","-0.02617","0.00035","0","0","13.56","Humid","28.00","0","54.00","362509.47","SABD0000000001","AAV1.0.0.11","1.1.2.0","PSt7-10","170328-007","9/30/2017 19:06:43","0000-00","0","no battery","V"
"09/09/2020","10:06:04","2","default","115855972","OXY_CH2","40.494","min","182.230","µmol/L","Humid","21.032","deg","81150","µV","29.324","°C","1016.000","hPa","35.3","pmil","0","53.237","deg","23.954","°C","100.000","%a.s.","21.023","deg","23.635","°C","1019.000","hPa","0.861","-0.02617","0.00035","0","0","13.56","Humid","28.00","0","54.00","362521.33","SABD0000000001","AAV1.0.0.11","1.1.2.0","PSt7-10","170328-007","9/30/2017 19:06:43","0000-00","0","no battery","V"
"09/09/2020","10:06:05","2","default","115855972","OXY_CH2","40.511","min","182.193","µmol/L","Humid","21.032","deg","81156","µV","29.330","°C","1016.000","hPa","35.3","pmil","0","53.237","deg","23.954","°C","100.000","%a.s.","21.023","deg","23.635","°C","1019.000","hPa","0.861","-0.02617","0.00035","0","0","13.56","Humid","28.00","0","54.00","362511.82","SABD0000000001","AAV1.0.0.11","1.1.2.0","PSt7-10","170328-007","9/30/2017 19:06:43","0000-00","0","no battery","V"
"09/09/2020","10:06:06","2","default","115855972","OXY_CH2","40.527","min","182.233","µmol/L","Humid","21.030","deg","81155","µV","29.329","°C","1016.000","hPa","35.3","pmil","0","53.237","deg","23.954","°C","100.000","%a.s.","21.023","deg","23.635","°C","1019.000","hPa","0.861","-0.02617","0.00035","0","0","13.56","Humid","28.00","0","54.00","362520.61","SABD0000000001","AAV1.0.0.11","1.1.2.0","PSt7-10","170328-007","9/30/2017 19:06:43","0000-00","0","no battery","V"
"09/09/2020","10:06:07","2","default","115855972","OXY_CH2","40.544","min","182.221","µmol/L","Humid","21.028","deg","81152","µV","29.337","°C","1016.000","hPa","35.3","pmil","0","53.237","deg","23.954","°C","100.000","%a.s.","21.023","deg","23.635","°C","1019.000","hPa","0.861","-0.02617","0.00035","0","0","13.56","Humid","28.00","0","54.00","362506.24","SABD0000000001","AAV1.0.0.11","1.1.2.0","PSt7-10","170328-007","9/30/2017 19:06:43","0000-00","0","no battery","V"
"09/09/2020","10:06:08","2","default","115855972","OXY_CH2","40.560","min","182.225","µmol/L","Humid","21.033","deg","81150","µV","29.322","°C","1016.000","hPa","35.3","pmil","0","53.237","deg","23.954","°C","100.000","%a.s.","21.023","deg","23.635","°C","1019.000","hPa","0.861","-0.02617","0.00035","0","0","13.56","Humid","28.00","0","54.00","362514.96","SABD0000000001","AAV1.0.0.11","1.1.2.0","PSt7-10","170328-007","9/30/2017 19:06:43","0000-00","0","no battery","V"
"09/09/2020","10:06:09","2","default","115855972","OXY_CH2","40.578","min","182.219","µmol/L","Humid","21.032","deg","81153","µV","29.326","°C","1016.000","hPa","35.3","pmil","0","53.237","deg","23.954","°C","100.000","%a.s.","21.023","deg","23.635","°C","1019.000","hPa","0.861","-0.02617","0.00035","0","0","13.56","Humid","28.00","0","54.00","362517.97","SABD0000000001","AAV1.0.0.11","1.1.2.0","PSt7-10","170328-007","9/30/2017 19:06:43","0000-00","0","no battery","V"
"09/09/2020","10:06:10","2","default","115855972","OXY_CH2","40.594","min","182.284","µmol/L","Humid","21.029","deg","81152","µV","29.323","°C","1016.000","hPa","35.3","pmil","0","53.237","deg","23.954","°C","100.000","%a.s.","21.023","deg","23.635","°C","1019.000","hPa","0.861","-0.02617","0.00035","0","0","13.56","Humid","28.00","0","54.00","362519.69","SABD0000000001","AAV1.0.0.11","1.1.2.0","PSt7-10","170328-007","9/30/2017 19:06:43","0000-00","0","no battery","V"
"09/09/2020","10:06:11","2","default","115855972","OXY_CH2","40.611","min","182.265","µmol/L","Humid","21.029","deg","81153","µV","29.326","°C","1016.000","hPa","35.3","pmil","0","53.237","deg","23.954","°C","100.000","%a.s.","21.023","deg","23.635","°C","1019.000","hPa","0.861","-0.02617","0.00035","0","0","13.56","Humid","28.00","0","54.00","362510.66","SABD0000000001","AAV1.0.0.11","1.1.2.0","PSt7-10","170328-007","9/30/2017 19:06:43","0000-00","0","no battery","V"
"09/09/2020","10:06:12","2","default","115855972","OXY_CH2","40.628","min","182.203","µmol/L","Humid","21.031","deg","81147","µV","29.332","°C","1016.000","hPa","35.3","pmil","0","53.237","deg","23.954","°C","100.000","%a.s.","21.023","deg","23.635","°C","1019.000","hPa","0.861","-0.02617","0.00035","0","0","13.56","Humid","28.00","0","54.00","362507.13","SABD0000000001","AAV1.0.0.11","1.1.2.0","PSt7-10","170328-007","9/30/2017 19:06:43","0000-00","0","no battery","V"
"09/09/2020","10:06:13","2","default","115855972","OXY_CH2","40.644","min","182.273","µmol/L","Humid","21.033","deg","81145","µV","29.314","°C","1016.000","hPa","35.3","pmil","0","53.237","deg","23.954","°C","100.000","%a.s.","21.023","deg","23.635","°C","1019.000","hPa","0.861","-0.02617","0.00035","0","0","13.56","Humid","28.00","0","54.00","362508.51","SABD0000000001","AAV1.0.0.11","1.1.2.0","PSt7-10","170328-007","9/30/2017 19:06:43","0000-00","0","no battery","V"
"09/09/2020","10:06:14","2","default","115855972","OXY_CH2","40.661","min","182.216","µmol/L","Humid","21.030","deg","81146","µV","29.332","°C","1016.000","hPa","35.3","pmil","0","53.237","deg","23.954","°C","100.000","%a.s.","21.023","deg","23.635","°C","1019.000","hPa","0.861","-0.02617","0.00035","0","0","13.56","Humid","28.00","0","54.00","362521.72","SABD0000000001","AAV1.0.0.11","1.1.2.0","PSt7-10","170328-007","9/30/2017 19:06:43","0000-00","0","no battery","V"
"09/09/2020","10:06:15","2","default","115855972","OXY_CH2","40.677","min","182.203","µmol/L","Humid","21.030","deg","81142","µV","29.335","°C","1016.000","hPa","35.3","pmil","0","53.237","deg","23.954","°C","100.000","%a.s.","21.023","deg","23.635","°C","1019.000","hPa","0.861","-0.02617","0.00035","0","0","13.56","Humid","28.00","0","54.00","362523.95","SABD0000000001","AAV1.0.0.11","1.1.2.0","PSt7-10","170328-007","9/30/2017 19:06:43","0000-00","0","no battery","V"
"09/09/2020","10:06:16","2","default","115855972","OXY_CH2","40.694","min","182.226","µmol/L","Humid","21.033","deg","81157","µV","29.322","°C","1016.000","hPa","35.3","pmil","0","53.237","deg","23.954","°C","100.000","%a.s.","21.023","deg","23.635","°C","1019.000","hPa","0.861","-0.02617","0.00035","0","0","13.56","Humid","28.00","0","54.00","362498.12","SABD0000000001","AAV1.0.0.11","1.1.2.0","PSt7-10","170328-007","9/30/2017 19:06:43","0000-00","0","no battery","V"
"09/09/2020","10:06:17","2","default","115855972","OXY_CH2","40.710","min","182.256","µmol/L","Humid","21.030","deg","81147","µV","29.325","°C","1016.000","hPa","35.3","pmil","0","53.237","deg","23.954","°C","100.000","%a.s.","21.023","deg","23.635","°C","1019.000","hPa","0.861","-0.02617","0.00035","0","0","13.56","Humid","28.00","0","54.00","362503.09","SABD0000000001","AAV1.0.0.11","1.1.2.0","PSt7-10","170328-007","9/30/2017 19:06:43","0000-00","0","no battery","V"
"09/09/2020","10:06:18","2","default","115855972","OXY_CH2","40.728","min","182.230","µmol/L","Humid","21.030","deg","81149","µV","29.330","°C","1016.000","hPa","35.3","pmil","0","53.237","deg","23.954","°C","100.000","%a.s.","21.023","deg","23.635","°C","1019.000","hPa","0.861","-0.02617","0.00035","0","0","13.56","Humid","28.00","0","54.00","362508.16","SABD0000000001","AAV1.0.0.11","1.1.2.0","PSt7-10","170328-007","9/30/2017 19:06:43","0000-00","0","no battery","V"
"09/09/2020","10:06:19","2","default","115855972","OXY_CH2","40.744","min","182.339","µmol/L","Humid","21.027","deg","81145","µV","29.319","°C","1016.000","hPa","35.3","pmil","0","53.237","deg","23.954","°C","100.000","%a.s.","21.023","deg","23.635","°C","1019.000","hPa","0.861","-0.02617","0.00035","0","0","13.56","Humid","28.00","0","54.00","362508.28","SABD0000000001","AAV1.0.0.11","1.1.2.0","PSt7-10","170328-007","9/30/2017 19:06:43","0000-00","0","no battery","V"
"09/09/2020","10:06:20","2","default","115855972","OXY_CH2","40.761","min","182.322","µmol/L","Humid","21.031","deg","81143","µV","29.311","°C","1016.000","hPa","35.3","pmil","0","53.237","deg","23.954","°C","100.000","%a.s.","21.023","deg","23.635","°C","1019.000","hPa","0.861","-0.02617","0.00035","0","0","13.56","Humid","28.00","0","54.00","362514.68","SABD0000000001","AAV1.0.0.11","1.1.2.0","PSt7-10","170328-007","9/30/2017 19:06:43","0000-00","0","no battery","V"
"09/09/2020","10:06:21","2","default","115855972","OXY_CH2","40.778","min","182.225","µmol/L","Humid","21.027","deg","81140","µV","29.339","°C","1016.000","hPa","35.3","pmil","0","53.237","deg","23.954","°C","100.000","%a.s.","21.023","deg","23.635","°C","1019.000","hPa","0.861","-0.02617","0.00035","0","0","13.56","Humid","28.00","0","54.00","362509.23","SABD0000000001","AAV1.0.0.11","1.1.2.0","PSt7-10","170328-007","9/30/2017 19:06:43","0000-00","0","no battery","V"
"09/09/2020","10:06:22","2","default","115855972","OXY_CH2","40.794","min","182.187","µmol/L","Humid","21.027","deg","81142","µV","29.346","°C","1016.000","hPa","35.3","pmil","0","53.237","deg","23.954","°C","100.000","%a.s.","21.023","deg","23.635","°C","1019.000","hPa","0.861","-0.02617","0.00035","0","0","13.56","Humid","28.00","0","54.00","362493.32","SABD0000000001","AAV1.0.0.11","1.1.2.0","PSt7-10","170328-007","9/30/2017 19:06:43","0000-00","0","no battery","V"
"09/09/2020","10:06:23","2","default","115855972","OXY_CH2","40.811","min","182.210","µmol/L","Humid","21.027","deg","81140","µV","29.342","°C","1016.000","hPa","35.3","pmil","0","53.237","deg","23.954","°C","100.000","%a.s.","21.023","deg","23.635","°C","1019.000","hPa","0.861","-0.02617","0.00035","0","0","13.56","Humid","28.00","0","54.00","362507.43","SABD0000000001","AAV1.0.0.11","1.1.2.0","PSt7-10","170328-007","9/30/2017 19:06:43","0000-00","0","no battery","V"
"09/09/2020","10:06:24","2","default","115855972","OXY_CH2","40.827","min","182.169","µmol/L","Humid","21.030","deg","81137","µV","29.341","°C","1016.000","hPa","35.3","pmil","0","53.237","deg","23.954","°C","100.000","%a.s.","21.023","deg","23.635","°C","1019.000","hPa","0.861","-0.02617","0.00035","0","0","13.56","Humid","28.00","0","54.00","362510.97","SABD0000000001","AAV1.0.0.11","1.1.2.0","PSt7-10","170328-007","9/30/2017 19:06:43","0000-00","0","no battery","V"
"09/09/2020","10:06:25","2","default","115855972","OXY_CH2","40.844","min","182.238","µmol/L","Humid","21.031","deg","81144","µV","29.325","°C","1016.000","hPa","35.3","pmil","0","53.237","deg","23.954","°C","100.000","%a.s.","21.023","deg","23.635","°C","1019.000","hPa","0.861","-0.02617","0.00035","0","0","13.56","Humid","28.00","0","54.00","362508.56","SABD0000000001","AAV1.0.0.11","1.1.2.0","PSt7-10","170328-007","9/30/2017 19:06:43","0000-00","0","no battery","V"
"09/09/2020","10:06:26","2","default","115855972","OXY_CH2","40.861","min","182.233","µmol/L","Humid","21.029","deg","81145","µV","29.332","°C","1016.000","hPa","35.3","pmil","0","53.237","deg","23.954","°C","100.000","%a.s.","21.023","deg","23.635","°C","1019.000","hPa","0.861","-0.02617","0.00035","0","0","13.56","Humid","28.00","0","54.00","362511.28","SABD0000000001","AAV1.0.0.11","1.1.2.0","PSt7-10","170328-007","9/30/2017 19:06:43","0000-00","0","no battery","V"
"09/09/2020","10:06:27","2","default","115855972","OXY_CH2","40.877","min","182.173","µmol/L","Humid","21.028","deg","81149","µV","29.346","°C","1016.000","hPa","35.3","pmil","0","53.237","deg","23.954","°C","100.000","%a.s.","21.023","deg","23.635","°C","1019.000","hPa","0.861","-0.02617","0.00035","0","0","13.56","Humid","28.00","0","54.00","362504.56","SABD0000000001","AAV1.0.0.11","1.1.2.0","PSt7-10","170328-007","9/30/2017 19:06:43","0000-00","0","no battery","V"
"09/09/2020","10:06:28","2","default","115855972","OXY_CH2","40.894","min","182.238","µmol/L","Humid","21.029","deg","81137","µV","29.331","°C","1016.000","hPa","35.3","pmil","0","53.237","deg","23.954","°C","100.000","%a.s.","21.023","deg","23.635","°C","1019.000","hPa","0.861","-0.02617","0.00035","0","0","13.56","Humid","28.00","0","54.00","362509.88","SABD0000000001","AAV1.0.0.11","1.1.2.0","PSt7-10","170328-007","9/30/2017 19:06:43","0000-00","0","no battery","V"
"09/09/2020","10:06:29","2","default","115855972","OXY_CH2","40.911","min","182.156","µmol/L","Humid","21.034","deg","81143","µV","29.331","°C","1016.000","hPa","35.3","pmil","0","53.237","deg","23.954","°C","100.000","%a.s.","21.023","deg","23.635","°C","1019.000","hPa","0.861","-0.02617","0.00035","0","0","13.56","Humid","28.00","0","54.00","362505.76","SABD0000000001","AAV1.0.0.11","1.1.2.0","PSt7-10","170328-007","9/30/2017 19:06:43","0000-00","0","no battery","V"
"09/09/2020","10:06:30","2","default","115855972","OXY_CH2","40.927","min","182.180","µmol/L","Humid","21.029","deg","81143","µV","29.341","°C","1016.000","hPa","35.3","pmil","0","53.237","deg","23.954","°C","100.000","%a.s.","21.023","deg","23.635","°C","1019.000","hPa","0.861","-0.02617","0.00035","0","0","13.56","Humid","28.00","0","54.00","362505.92","SABD0000000001","AAV1.0.0.11","1.1.2.0","PSt7-10","170328-007","9/30/2017 19:06:43","0000-00","0","no battery","V"
"09/09/2020","10:06:31","2","default","115855972","OXY_CH2","40.944","min","182.208","µmol/L","Humid","21.025","deg","81132","µV","29.348","°C","1016.000","hPa","35.3","pmil","0","53.237","deg","23.954","°C","100.000","%a.s.","21.023","deg","23.635","°C","1019.000","hPa","0.861","-0.02617","0.00035","0","0","13.56","Humid","28.00","0","54.00","362495.54","SABD0000000001","AAV1.0.0.11","1.1.2.0","PSt7-10","170328-007","9/30/2017 19:06:43","0000-00","0","no battery","V"
"09/09/2020","10:06:32","2","default","115855972","OXY_CH2","40.960","min","182.104","µmol/L","Humid","21.032","deg","81135","µV","29.346","°C","1016.000","hPa","35.3","pmil","0","53.237","deg","23.954","°C","100.000","%a.s.","21.023","deg","23.635","°C","1019.000","hPa","0.861","-0.02617","0.00035","0","0","13.56","Humid","28.00","0","54.00","362495.58","SABD0000000001","AAV1.0.0.11","1.1.2.0","PSt7-10","170328-007","9/30/2017 19:06:43","0000-00","0","no battery","V"
"09/09/2020","10:06:33","2","default","115855972","OXY_CH2","40.978","min","182.320","µmol/L","Humid","21.025","deg","81141","µV","29.329","°C","1016.000","hPa","35.3","pmil","0","53.237","deg","23.954","°C","100.000","%a.s.","21.023","deg","23.635","°C","1019.000","hPa","0.861","-0.02617","0.00035","0","0","13.56","Humid","28.00","0","54.00","362482.96","SABD0000000001","AAV1.0.0.11","1.1.2.0","PSt7-10","170328-007","9/30/2017 19:06:43","0000-00","0","no battery","V"
"09/09/2020","10:06:34","2","default","115855972","OXY_CH2","40.994","min","182.299","µmol/L","Humid","21.030","deg","81129","µV","29.318","°C","1016.000","hPa","35.3","pmil","0","53.237","deg","23.954","°C","100.000","%a.s.","21.023","deg","23.635","°C","1019.000","hPa","0.861","-0.02617","0.00035","0","0","13.56","Humid","28.00","0","54.00","362480.42","SABD0000000001","AAV1.0.0.11","1.1.2.0","PSt7-10","170328-007","9/30/2017 19:06:43","0000-00","0","no battery","V"
"09/09/2020","10:06:35","2","default","115855972","OXY_CH2","41.011","min","182.244","µmol/L","Humid","21.027","deg","81137","µV","29.336","°C","1016.000","hPa","35.3","pmil","0","53.237","deg","23.954","°C","100.000","%a.s.","21.023","deg","23.635","°C","1019.000","hPa","0.861","-0.02617","0.00035","0","0","13.56","Humid","28.00","0","54.00","362503.96","SABD0000000001","AAV1.0.0.11","1.1.2.0","PSt7-10","170328-007","9/30/2017 19:06:43","0000-00","0","no battery","V"
"09/09/2020","10:06:36","2","default","115855972","OXY_CH2","41.028","min","182.264","µmol/L","Humid","21.024","deg","81135","µV","29.341","°C","1016.000","hPa","35.3","pmil","0","53.237","deg","23.954","°C","100.000","%a.s.","21.023","deg","23.635","°C","1019.000","hPa","0.861","-0.02617","0.00035","0","0","13.56","Humid","28.00","0","54.00","362499.24","SABD0000000001","AAV1.0.0.11","1.1.2.0","PSt7-10","170328-007","9/30/2017 19:06:43","0000-00","0","no battery","V"
"09/09/2020","10:06:37","2","default","115855972","OXY_CH2","41.044","min","182.274","µmol/L","Humid","21.027","deg","81135","µV","29.331","°C","1016.000","hPa","35.3","pmil","0","53.237","deg","23.954","°C","100.000","%a.s.","21.023","deg","23.635","°C","1019.000","hPa","0.861","-0.02617","0.00035","0","0","13.56","Humid","28.00","0","54.00","362485.81","SABD0000000001","AAV1.0.0.11","1.1.2.0","PSt7-10","170328-007","9/30/2017 19:06:43","0000-00","0","no battery","V"
"09/09/2020","10:06:38","2","default","115855972","OXY_CH2","41.061","min","182.219","µmol/L","Humid","21.027","deg","81138","µV","29.340","°C","1016.000","hPa","35.3","pmil","0","53.237","deg","23.954","°C","100.000","%a.s.","21.023","deg","23.635","°C","1019.000","hPa","0.861","-0.02617","0.00035","0","0","13.56","Humid","28.00","0","54.00","362490.01","SABD0000000001","AAV1.0.0.11","1.1.2.0","PSt7-10","170328-007","9/30/2017 19:06:43","0000-00","0","no battery","V"
"09/09/2020","10:06:39","2","default","115855972","OXY_CH2","41.077","min","182.091","µmol/L","Humid","21.029","deg","81138","µV","29.357","°C","1016.000","hPa","35.3","pmil","0","53.237","deg","23.954","°C","100.000","%a.s.","21.023","deg","23.635","°C","1019.000","hPa","0.861","-0.02617","0.00035","0","0","13.56","Humid","28.00","0","54.00","362501.15","SABD0000000001","AAV1.0.0.11","1.1.2.0","PSt7-10","170328-007","9/30/2017 19:06:43","0000-00","0","no battery","V"
"09/09/2020","10:06:40","2","default","115855972","OXY_CH2","41.094","min","182.166","µmol/L","Humid","21.023","deg","81134","µV","29.361","°C","1016.000","hPa","35.3","pmil","0","53.237","deg","23.954","°C","100.000","%a.s.","21.023","deg","23.635","°C","1019.000","hPa","0.861","-0.02617","0.00035","0","0","13.56","Humid","28.00","0","54.00","362499.73","SABD0000000001","AAV1.0.0.11","1.1.2.0","PSt7-10","170328-007","9/30/2017 19:06:43","0000-00","0","no battery","V"
"09/09/2020","10:06:41","2","default","115855972","OXY_CH2","41.110","min","182.255","µmol/L","Humid","21.027","deg","81138","µV","29.334","°C","1016.000","hPa","35.3","pmil","0","53.237","deg","23.954","°C","100.000","%a.s.","21.023","deg","23.635","°C","1019.000","hPa","0.861","-0.02617","0.00035","0","0","13.56","Humid","28.00","0","54.00","362500.43","SABD0000000001","AAV1.0.0.11","1.1.2.0","PSt7-10","170328-007","9/30/2017 19:06:43","0000-00","0","no battery","V"
"09/09/2020","10:06:42","2","default","115855972","OXY_CH2","41.127","min","182.134","µmol/L","Humid","21.026","deg","81133","µV","29.358","°C","1016.000","hPa","35.3","pmil","0","53.237","deg","23.954","°C","100.000","%a.s.","21.023","deg","23.635","°C","1019.000","hPa","0.861","-0.02617","0.00035","0","0","13.56","Humid","28.00","0","54.00","362483.13","SABD0000000001","AAV1.0.0.11","1.1.2.0","PSt7-10","170328-007","9/30/2017 19:06:43","0000-00","0","no battery","V"
"09/09/2020","10:06:43","2","default","115855972","OXY_CH2","41.144","min","182.129","µmol/L","Humid","21.028","deg","81135","µV","29.353","°C","1016.000","hPa","35.3","pmil","0","53.237","deg","23.954","°C","100.000","%a.s.","21.023","deg","23.635","°C","1019.000","hPa","0.861","-0.02617","0.00035","0","0","13.56","Humid","28.00","0","54.00","362484.05","SABD0000000001","AAV1.0.0.11","1.1.2.0","PSt7-10","170328-007","9/30/2017 19:06:43","0000-00","0","no battery","V"
"09/09/2020","10:06:44","2","default","115855972","OXY_CH2","41.161","min","182.256","µmol/L","Humid","21.023","deg","81134","µV","29.345","°C","1016.000","hPa","35.3","pmil","0","53.237","deg","23.954","°C","100.000","%a.s.","21.023","deg","23.635","°C","1019.000","hPa","0.861","-0.02617","0.00035","0","0","13.56","Humid","28.00","0","54.00","362499.79","SABD0000000001","AAV1.0.0.11","1.1.2.0","PSt7-10","170328-007","9/30/2017 19:06:43","0000-00","0","no battery","V"
"09/09/2020","10:06:45","2","default","115855972","OXY_CH2","41.177","min","182.192","µmol/L","Humid","21.024","deg","81133","µV","29.354","°C","1016.000","hPa","35.3","pmil","0","53.237","deg","23.954","°C","100.000","%a.s.","21.023","deg","23.635","°C","1019.000","hPa","0.861","-0.02617","0.00035","0","0","13.56","Humid","28.00","0","54.00","362475.25","SABD0000000001","AAV1.0.0.11","1.1.2.0","PSt7-10","170328-007","9/30/2017 19:06:43","0000-00","0","no battery","V"
"09/09/2020","10:06:46","2","default","115855972","OXY_CH2","41.194","min","182.265","µmol/L","Humid","21.020","deg","81129","µV","29.353","°C","1016.000","hPa","35.3","pmil","0","53.237","deg","23.954","°C","100.000","%a.s.","21.023","deg","23.635","°C","1019.000","hPa","0.861","-0.02617","0.00035","0","0","13.56","Humid","28.00","0","54.00","362481.07","SABD0000000001","AAV1.0.0.11","1.1.2.0","PSt7-10","170328-007","9/30/2017 19:06:43","0000-00","0","no battery","V"
"09/09/2020","10:06:47","2","default","115855972","OXY_CH2","41.211","min","182.225","µmol/L","Humid","21.025","deg","81129","µV","29.345","°C","1016.000","hPa","35.3","pmil","0","53.237","deg","23.954","°C","100.000","%a.s.","21.023","deg","23.635","°C","1019.000","hPa","0.861","-0.02617","0.00035","0","0","13.56","Humid","28.00","0","54.00","362481.50","SABD0000000001","AAV1.0.0.11","1.1.2.0","PSt7-10","170328-007","9/30/2017 19:06:43","0000-00","0","no battery","V"
"09/09/2020","10:06:48","2","default","115855972","OXY_CH2","41.228","min","182.263","µmol/L","Humid","21.027","deg","81129","µV","29.333","°C","1016.000","hPa","35.3","pmil","0","53.237","deg","23.954","°C","100.000","%a.s.","21.023","deg","23.635","°C","1019.000","hPa","0.861","-0.02617","0.00035","0","0","13.56","Humid","28.00","0","54.00","362488.11","SABD0000000001","AAV1.0.0.11","1.1.2.0","PSt7-10","170328-007","9/30/2017 19:06:43","0000-00","0","no battery","V"
"09/09/2020","10:06:49","2","default","115855972","OXY_CH2","41.244","min","182.274","µmol/L","Humid","21.023","deg","81131","µV","29.342","°C","1016.000","hPa","35.3","pmil","0","53.237","deg","23.954","°C","100.000","%a.s.","21.023","deg","23.635","°C","1019.000","hPa","0.861","-0.02617","0.00035","0","0","13.56","Humid","28.00","0","54.00","362483.05","SABD0000000001","AAV1.0.0.11","1.1.2.0","PSt7-10","170328-007","9/30/2017 19:06:43","0000-00","0","no battery","V"
"09/09/2020","10:06:50","2","default","115855972","OXY_CH2","41.261","min","182.241","µmol/L","Humid","21.024","deg","81133","µV","29.345","°C","1016.000","hPa","35.3","pmil","0","53.237","deg","23.954","°C","100.000","%a.s.","21.023","deg","23.635","°C","1019.000","hPa","0.861","-0.02617","0.00035","0","0","13.56","Humid","28.00","0","54.00","362487.41","SABD0000000001","AAV1.0.0.11","1.1.2.0","PSt7-10","170328-007","9/30/2017 19:06:43","0000-00","0","no battery","V"
"09/09/2020","10:06:51","2","default","115855972","OXY_CH2","41.277","min","182.127","µmol/L","Humid","21.030","deg","81128","µV","29.348","°C","1016.000","hPa","35.3","pmil","0","53.237","deg","23.954","°C","100.000","%a.s.","21.023","deg","23.635","°C","1019.000","hPa","0.861","-0.02617","0.00035","0","0","13.56","Humid","28.00","0","54.00","362478.40","SABD0000000001","AAV1.0.0.11","1.1.2.0","PSt7-10","170328-007","9/30/2017 19:06:43","0000-00","0","no battery","V"
"09/09/2020","10:06:52","2","default","115855972","OXY_CH2","41.294","min","182.220","µmol/L","Humid","21.023","deg","81124","µV","29.352","°C","1016.000","hPa","35.3","pmil","0","53.237","deg","23.954","°C","100.000","%a.s.","21.023","deg","23.635","°C","1019.000","hPa","0.861","-0.02617","0.00035","0","0","13.56","Humid","28.00","0","54.00","362489.97","SABD0000000001","AAV1.0.0.11","1.1.2.0","PSt7-10","170328-007","9/30/2017 19:06:43","0000-00","0","no battery","V"
"09/09/2020","10:06:53","2","default","115855972","OXY_CH2","41.311","min","182.274","µmol/L","Humid","21.023","deg","81117","µV","29.342","°C","1016.000","hPa","35.3","pmil","0","53.237","deg","23.954","°C","100.000","%a.s.","21.023","deg","23.635","°C","1019.000","hPa","0.861","-0.02617","0.00035","0","0","13.56","Humid","28.00","0","54.00","362478.45","SABD0000000001","AAV1.0.0.11","1.1.2.0","PSt7-10","170328-007","9/30/2017 19:06:43","0000-00","0","no battery","V"
"09/09/2020","10:06:54","2","default","115855972","OXY_CH2","41.327","min","182.251","µmol/L","Humid","21.025","deg","81132","µV","29.341","°C","1016.000","hPa","35.3","pmil","0","53.237","deg","23.954","°C","100.000","%a.s.","21.023","deg","23.635","°C","1019.000","hPa","0.861","-0.02617","0.00035","0","0","13.56","Humid","28.00","0","54.00","362485.44","SABD0000000001","AAV1.0.0.11","1.1.2.0","PSt7-10","170328-007","9/30/2017 19:06:43","0000-00","0","no battery","V"
"09/09/2020","10:06:55","2","default","115855972","OXY_CH2","41.344","min","182.200","µmol/L","Humid","21.021","deg","81134","µV","29.361","°C","1016.000","hPa","35.3","pmil","0","53.237","deg","23.954","°C","100.000","%a.s.","21.023","deg","23.635","°C","1019.000","hPa","0.861","-0.02617","0.00035","0","0","13.56","Humid","28.00","0","54.00","362495.38","SABD0000000001","AAV1.0.0.11","1.1.2.0","PSt7-10","170328-007","9/30/2017 19:06:43","0000-00","0","no battery","V"
"09/09/2020","10:06:56","2","default","115855972","OXY_CH2","41.361","min","182.298","µmol/L","Humid","21.021","deg","81121","µV","29.344","°C","1016.000","hPa","35.3","pmil","0","53.237","deg","23.954","°C","100.000","%a.s.","21.023","deg","23.635","°C","1019.000","hPa","0.861","-0.02617","0.00035","0","0","13.56","Humid","28.00","0","54.00","362469.90","SABD0000000001","AAV1.0.0.11","1.1.2.0","PSt7-10","170328-007","9/30/2017 19:06:43","0000-00","0","no battery","V"
"09/09/2020","10:06:57","2","default","115855972","OXY_CH2","41.377","min","182.283","µmol/L","Humid","21.019","deg","81119","µV","29.352","°C","1016.000","hPa","35.3","pmil","0","53.237","deg","23.954","°C","100.000","%a.s.","21.023","deg","23.635","°C","1019.000","hPa","0.861","-0.02617","0.00035","0","0","13.56","Humid","28.00","0","54.00","362487.55","SABD0000000001","AAV1.0.0.11","1.1.2.0","PSt7-10","170328-007","9/30/2017 19:06:43","0000-00","0","no battery","V"
"09/09/2020","10:06:58","2","default","115855972","OXY_CH2","41.394","min","182.297","µmol/L","Humid","21.023","deg","81125","µV","29.338","°C","1016.000","hPa","35.3","pmil","0","53.237","deg","23.954","°C","100.000","%a.s.","21.023","deg","23.635","°C","1019.000","hPa","0.861","-0.02617","0.00035","0","0","13.56","Humid","28.00","0","54.00","362476.97","SABD0000000001","AAV1.0.0.11","1.1.2.0","PSt7-10","170328-007","9/30/2017 19:06:43","0000-00","0","no battery","V"
"09/09/2020","10:06:59","2","default","115855972","OXY_CH2","41.411","min","182.111","µmol/L","Humid","21.026","deg","81121","µV","29.362","°C","1016.000","hPa","35.3","pmil","0","53.237","deg","23.954","°C","100.000","%a.s.","21.023","deg","23.635","°C","1019.000","hPa","0.861","-0.02617","0.00035","0","0","13.56","Humid","28.00","0","54.00","362494.85","SABD0000000001","AAV1.0.0.11","1.1.2.0","PSt7-10","170328-007","9/30/2017 19:06:43","0000-00","0","no battery","V"
"09/09/2020","10:07:00","2","default","115855972","OXY_CH2","41.428","min","182.067","µmol/L","Humid","21.025","deg","81122","µV","29.373","°C","1016.000","hPa","35.3","pmil","0","53.237","deg","23.954","°C","100.000","%a.s.","21.023","deg","23.635","°C","1019.000","hPa","0.861","-0.02617","0.00035","0","0","13.56","Humid","28.00","0","54.00","362486.21","SABD0000000001","AAV1.0.0.11","1.1.2.0","PSt7-10","170328-007","9/30/2017 19:06:43","0000-00","0","no battery","V"
"09/09/2020","10:07:01","2","default","115855972","OXY_CH2","41.444","min","182.204","µmol/L","Humid","21.026","deg","81119","µV","29.346","°C","1016.000","hPa","35.3","pmil","0","53.237","deg","23.954","°C","100.000","%a.s.","21.023","deg","23.635","°C","1019.000","hPa","0.861","-0.02617","0.00035","0","0","13.56","Humid","28.00","0","54.00","362482.36","SABD0000000001","AAV1.0.0.11","1.1.2.0","PSt7-10","170328-007","9/30/2017 19:06:43","0000-00","0","no battery","V"
"09/09/2020","10:07:02","2","default","115855972","OXY_CH2","41.461","min","182.366","µmol/L","Humid","21.019","deg","81127","µV","29.338","°C","1016.000","hPa","35.3","pmil","0","53.237","deg","23.954","°C","100.000","%a.s.","21.023","deg","23.635","°C","1019.000","hPa","0.861","-0.02617","0.00035","0","0","13.56","Humid","28.00","0","54.00","362486.03","SABD0000000001","AAV1.0.0.11","1.1.2.0","PSt7-10","170328-007","9/30/2017 19:06:43","0000-00","0","no battery","V"
"09/09/2020","10:07:03","2","default","115855972","OXY_CH2","41.477","min","182.189","µmol/L","Humid","21.022","deg","81113","µV","29.360","°C","1016.000","hPa","35.3","pmil","0","53.237","deg","23.954","°C","100.000","%a.s.","21.023","deg","23.635","°C","1019.000","hPa","0.861","-0.02617","0.00035","0","0","13.56","Humid","28.00","0","54.00","362473.56","SABD0000000001","AAV1.0.0.11","1.1.2.0","PSt7-10","170328-007","9/30/2017 19:06:43","0000-00","0","no battery","V"
"09/09/2020","10:07:04","2","default","115855972","OXY_CH2","41.494","min","182.129","µmol/L","Humid","21.024","deg","81125","µV","29.365","°C","1016.000","hPa","35.3","pmil","0","53.237","deg","23.954","°C","100.000","%a.s.","21.023","deg","23.635","°C","1019.000","hPa","0.861","-0.02617","0.00035","0","0","13.56","Humid","28.00","0","54.00","362472.04","SABD0000000001","AAV1.0.0.11","1.1.2.0","PSt7-10","170328-007","9/30/2017 19:06:43","0000-00","0","no battery","V"
"09/09/2020","10:07:05","2","default","115855972","OXY_CH2","41.510","min","182.289","µmol/L","Humid","21.016","deg","81116","µV","29.360","°C","1016.000","hPa","35.3","pmil","0","53.237","deg","23.954","°C","100.000","%a.s.","21.023","deg","23.635","°C","1019.000","hPa","0.861","-0.02617","0.00035","0","0","13.56","Humid","28.00","0","54.00","362462.20","SABD0000000001","AAV1.0.0.11","1.1.2.0","PSt7-10","170328-007","9/30/2017 19:06:43","0000-00","0","no battery","V"
"09/09/2020","10:07:06","2","default","115855972","OXY_CH2","41.527","min","182.279","µmol/L","Humid","21.021","deg","81121","µV","29.347","°C","1016.000","hPa","35.3","pmil","0","53.237","deg","23.954","°C","100.000","%a.s.","21.023","deg","23.635","°C","1019.000","hPa","0.861","-0.02617","0.00035","0","0","13.56","Humid","28.00","0","54.00","362470.74","SABD0000000001","AAV1.0.0.11","1.1.2.0","PSt7-10","170328-007","9/30/2017 19:06:43","0000-00","0","no battery","V"
"09/09/2020","10:07:07","2","default","115855972","OXY_CH2","41.544","min","182.321","µmol/L","Humid","21.017","deg","81118","µV","29.351","°C","1016.000","hPa","35.3","pmil","0","53.237","deg","23.954","°C","100.000","%a.s.","21.023","deg","23.635","°C","1019.000","hPa","0.861","-0.02617","0.00035","0","0","13.56","Humid","28.00","0","54.00","362472.43","SABD0000000001","AAV1.0.0.11","1.1.2.0","PSt7-10","170328-007","9/30/2017 19:06:43","0000-00","0","no battery","V"
"09/09/2020","10:09:07","2","default","115855972","OXY_CH2","43.550","min","182.208","µmol/L","Humid","20.999","deg","81246","µV","29.424","°C","1016.000","hPa","35.3","pmil","0","53.237","deg","23.954","°C","100.000","%a.s.","21.023","deg","23.635","°C","1019.000","hPa","0.861","-0.02617","0.00035","0","0","13.56","Humid","28.00","0","54.00","362804.34","SABD0000000001","AAV1.0.0.11","1.1.2.0","PSt7-10","170328-007","9/30/2017 19:06:43","0000-00","0","no battery","V"
"09/09/2020","10:09:08","2","default","115855972","OXY_CH2","43.560","min","182.278","µmol/L","Humid","20.996","deg","81228","µV","29.420","°C","1016.000","hPa","35.3","pmil","0","53.237","deg","23.954","°C","100.000","%a.s.","21.023","deg","23.635","°C","1019.000","hPa","0.861","-0.02617","0.00035","0","0","13.56","Humid","28.00","0","54.00","362750.52","SABD0000000001","AAV1.0.0.11","1.1.2.0","PSt7-10","170328-007","9/30/2017 19:06:43","0000-00","0","no battery","V"
"09/09/2020","10:09:09","2","default","115855972","OXY_CH2","43.577","min","182.143","µmol/L","Humid","21.000","deg","81221","µV","29.432","°C","1016.000","hPa","35.3","pmil","0","53.237","deg","23.954","°C","100.000","%a.s.","21.023","deg","23.635","°C","1019.000","hPa","0.861","-0.02617","0.00035","0","0","13.56","Humid","28.00","0","54.00","362719.38","SABD0000000001","AAV1.0.0.11","1.1.2.0","PSt7-10","170328-007","9/30/2017 19:06:43","0000-00","0","no battery","V"
"09/09/2020","10:09:10","2","default","115855972","OXY_CH2","43.594","min","182.183","µmol/L","Humid","21.001","deg","81210","µV","29.422","°C","1016.000","hPa","35.3","pmil","0","53.237","deg","23.954","°C","100.000","%a.s.","21.023","deg","23.635","°C","1019.000","hPa","0.861","-0.02617","0.00035","0","0","13.56","Humid","28.00","0","54.00","362711.05","SABD0000000001","AAV1.0.0.11","1.1.2.0","PSt7-10","170328-007","9/30/2017 19:06:43","0000-00","0","no battery","V"
"09/09/2020","10:09:11","2","default","115855972","OXY_CH2","43.611","min","182.247","µmol/L","Humid","20.997","deg","81205","µV","29.423","°C","1016.000","hPa","35.3","pmil","0","53.237","deg","23.954","°C","100.000","%a.s.","21.023","deg","23.635","°C","1019.000","hPa","0.861","-0.02617","0.00035","0","0","13.56","Humid","28.00","0","54.00","362699.97","SABD0000000001","AAV1.0.0.11","1.1.2.0","PSt7-10","170328-007","9/30/2017 19:06:43","0000-00","0","no battery","V"
"09/09/2020","10:09:12","2","default","115855972","OXY_CH2","43.628","min","182.160","µmol/L","Humid","20.999","deg","81192","µV","29.432","°C","1016.000","hPa","35.3","pmil","0","53.237","deg","23.954","°C","100.000","%a.s.","21.023","deg","23.635","°C","1019.000","hPa","0.861","-0.02617","0.00035","0","0","13.56","Humid","28.00","0","54.00","362689.76","SABD0000000001","AAV1.0.0.11","1.1.2.0","PSt7-10","170328-007","9/30/2017 19:06:43","0000-00","0","no battery","V"
"09/09/2020","10:09:13","2","default","115855972","OXY_CH2","43.644","min","182.122","µmol/L","Humid","21.000","deg","81195","µV","29.436","°C","1016.000","hPa","35.3","pmil","0","53.237","deg","23.954","°C","100.000","%a.s.","21.023","deg","23.635","°C","1019.000","hPa","0.861","-0.02617","0.00035","0","0","13.56","Humid","28.00","0","54.00","362679.72","SABD0000000001","AAV1.0.0.11","1.1.2.0","PSt7-10","170328-007","9/30/2017 19:06:43","0000-00","0","no battery","V"
"09/09/2020","10:09:14","2","default","115855972","OXY_CH2","43.660","min","182.143","µmol/L","Humid","20.997","deg","81201","µV","29.441","°C","1016.000","hPa","35.3","pmil","0","53.237","deg","23.954","°C","100.000","%a.s.","21.023","deg","23.635","°C","1019.000","hPa","0.861","-0.02617","0.00035","0","0","13.56","Humid","28.00","0","54.00","362676.29","SABD0000000001","AAV1.0.0.11","1.1.2.0","PSt7-10","170328-007","9/30/2017 19:06:43","0000-00","0","no battery","V"
"09/09/2020","10:09:15","2","default","115855972","OXY_CH2","43.678","min","182.190","µmol/L","Humid","20.999","deg","81196","µV","29.427","°C","1016.000","hPa","35.3","pmil","0","53.237","deg","23.954","°C","100.000","%a.s.","21.023","deg","23.635","°C","1019.000","hPa","0.861","-0.02617","0.00035","0","0","13.56","Humid","28.00","0","54.00","362671.86","SABD0000000001","AAV1.0.0.11","1.1.2.0","PSt7-10","170328-007","9/30/2017 19:06:43","0000-00","0","no battery","V"
"09/09/2020","10:09:16","2","default","115855972","OXY_CH2","43.694","min","182.134","µmol/L","Humid","21.000","deg","81191","µV","29.434","°C","1016.000","hPa","35.3","pmil","0","53.237","deg","23.954","°C","100.000","%a.s.","21.023","deg","23.635","°C","1019.000","hPa","0.861","-0.02617","0.00035","0","0","13.56","Humid","28.00","0","54.00","362669.23","SABD0000000001","AAV1.0.0.11","1.1.2.0","PSt7-10","170328-007","9/30/2017 19:06:43","0000-00","0","no battery","V"
"09/09/2020","10:09:17","2","default","115855972","OXY_CH2","43.711","min","182.158","µmol/L","Humid","21.000","deg","81198","µV","29.430","°C","1016.000","hPa","35.3","pmil","0","53.237","deg","23.954","°C","100.000","%a.s.","21.023","deg","23.635","°C","1019.000","hPa","0.861","-0.02617","0.00035","0","0","13.56","Humid","28.00","0","54.00","362666.09","SABD0000000001","AAV1.0.0.11","1.1.2.0","PSt7-10","170328-007","9/30/2017 19:06:43","0000-00","0","no battery","V"
"09/09/2020","10:09:18","2","default","115855972","OXY_CH2","43.727","min","182.080","µmol/L","Humid","21.001","deg","81184","µV","29.440","°C","1016.000","hPa","35.3","pmil","0","53.237","deg","23.954","°C","100.000","%a.s.","21.023","deg","23.635","°C","1019.000","hPa","0.861","-0.02617","0.00035","0","0","13.56","Humid","28.00","0","54.00","362665.39","SABD0000000001","AAV1.0.0.11","1.1.2.0","PSt7-10","170328-007","9/30/2017 19:06:43","0000-00","0","no battery","V"
"09/09/2020","10:09:19","2","default","115855972","OXY_CH2","43.744","min","182.095","µmol/L","Humid","21.003","deg","81192","µV","29.432","°C","1016.000","hPa","35.3","pmil","0","53.237","deg","23.954","°C","100.000","%a.s.","21.023","deg","23.635","°C","1019.000","hPa","0.861","-0.02617","0.00035","0","0","13.56","Humid","28.00","0","54.00","362662.39","SABD0000000001","AAV1.0.0.11","1.1.2.0","PSt7-10","170328-007","9/30/2017 19:06:43","0000-00","0","no battery","V"
"09/09/2020","10:09:20","2","default","115855972","OXY_CH2","43.761","min","182.132","µmol/L","Humid","21.000","deg","81181","µV","29.434","°C","1016.000","hPa","35.3","pmil","0","53.237","deg","23.954","°C","100.000","%a.s.","21.023","deg","23.635","°C","1019.000","hPa","0.861","-0.02617","0.00035","0","0","13.56","Humid","28.00","0","54.00","362644.44","SABD0000000001","AAV1.0.0.11","1.1.2.0","PSt7-10","170328-007","9/30/2017 19:06:43","0000-00","0","no battery","V"
"09/09/2020","10:09:21","2","default","115855972","OXY_CH2","43.777","min","182.078","µmol/L","Humid","21.000","deg","81181","µV","29.444","°C","1016.000","hPa","35.3","pmil","0","53.237","deg","23.954","°C","100.000","%a.s.","21.023","deg","23.635","°C","1019.000","hPa","0.861","-0.02617","0.00035","0","0","13.56","Humid","28.00","0","54.00","362653.45","SABD0000000001","AAV1.0.0.11","1.1.2.0","PSt7-10","170328-007","9/30/2017 19:06:43","0000-00","0","no battery","V"
"09/09/2020","10:09:22","2","default","115855972","OXY_CH2","43.794","min","182.171","µmol/L","Humid","20.996","deg","81182","µV","29.439","°C","1016.000","hPa","35.3","pmil","0","53.237","deg","23.954","°C","100.000","%a.s.","21.023","deg","23.635","°C","1019.000","hPa","0.861","-0.02617","0.00035","0","0","13.56","Humid","28.00","0","54.00","362643.13","SABD0000000001","AAV1.0.0.11","1.1.2.0","PSt7-10","170328-007","9/30/2017 19:06:43","0000-00","0","no battery","V"
"09/09/2020","10:09:23","2","default","115855972","OXY_CH2","43.811","min","182.169","µmol/L","Humid","20.998","deg","81186","µV","29.433","°C","1016.000","hPa","35.3","pmil","0","53.237","deg","23.954","°C","100.000","%a.s.","21.023","deg","23.635","°C","1019.000","hPa","0.861","-0.02617","0.00035","0","0","13.56","Humid","28.00","0","54.00","362643.19","SABD0000000001","AAV1.0.0.11","1.1.2.0","PSt7-10","170328-007","9/30/2017 19:06:43","0000-00","0","no battery","V"
"09/09/2020","10:09:24","2","default","115855972","OXY_CH2","43.827","min","182.166","µmol/L","Humid","20.997","deg","81182","µV","29.437","°C","1016.000","hPa","35.3","pmil","0","53.237","deg","23.954","°C","100.000","%a.s.","21.023","deg","23.635","°C","1019.000","hPa","0.861","-0.02617","0.00035","0","0","13.56","Humid","28.00","0","54.00","362641.31","SABD0000000001","AAV1.0.0.11","1.1.2.0","PSt7-10","170328-007","9/30/2017 19:06:43","0000-00","0","no battery","V"
"09/09/2020","10:09:25","2","default","115855972","OXY_CH2","43.844","min","182.083","µmol/L","Humid","21.004","deg","81178","µV","29.431","°C","1016.000","hPa","35.3","pmil","0","53.237","deg","23.954","°C","100.000","%a.s.","21.023","deg","23.635","°C","1019.000","hPa","0.861","-0.02617","0.00035","0","0","13.56","Humid","28.00","0","54.00","362633.47","SABD0000000001","AAV1.0.0.11","1.1.2.0","PSt7-10","170328-007","9/30/2017 19:06:43","0000-00","0","no battery","V"
"09/09/2020","10:09:26","2","default","115855972","OXY_CH2","43.861","min","182.092","µmol/L","Humid","21.002","deg","81174","µV","29.435","°C","1016.000","hPa","35.3","pmil","0","53.237","deg","23.954","°C","100.000","%a.s.","21.023","deg","23.635","°C","1019.000","hPa","0.861","-0.02617","0.00035","0","0","13.56","Humid","28.00","0","54.00","362644.25","SABD0000000001","AAV1.0.0.11","1.1.2.0","PSt7-10","170328-007","9/30/2017 19:06:43","0000-00","0","no battery","V"
"09/09/2020","10:09:27","2","default","115855972","OXY_CH2","43.877","min","182.130","µmol/L","Humid","21.002","deg","81169","µV","29.429","°C","1016.000","hPa","35.3","pmil","0","53.237","deg","23.954","°C","100.000","%a.s.","21.023","deg","23.635","°C","1019.000","hPa","0.861","-0.02617","0.00035","0","0","13.56","Humid","28.00","0","54.00","362630.61","SABD0000000001","AAV1.0.0.11","1.1.2.0","PSt7-10","170328-007","9/30/2017 19:06:43","0000-00","0","no battery","V"
"09/09/2020","10:09:28","2","default","115855972","OXY_CH2","43.894","min","182.092","µmol/L","Humid","21.004","deg","81172","µV","29.430","°C","1016.000","hPa","35.3","pmil","0","53.237","deg","23.954","°C","100.000","%a.s.","21.023","deg","23.635","°C","1019.000","hPa","0.861","-0.02617","0.00035","0","0","13.56","Humid","28.00","0","54.00","362630.02","SABD0000000001","AAV1.0.0.11","1.1.2.0","PSt7-10","170328-007","9/30/2017 19:06:43","0000-00","0","no battery","V"
"09/09/2020","10:09:29","2","default","115855972","OXY_CH2","43.910","min","182.113","µmol/L","Humid","21.001","deg","81167","µV","29.434","°C","1016.000","hPa","35.3","pmil","0","53.237","deg","23.954","°C","100.000","%a.s.","21.023","deg","23.635","°C","1019.000","hPa","0.861","-0.02617","0.00035","0","0","13.56","Humid","28.00","0","54.00","362628.09","SABD0000000001","AAV1.0.0.11","1.1.2.0","PSt7-10","170328-007","9/30/2017 19:06:43","0000-00","0","no battery","V"
"09/09/2020","10:09:30","2","default","115855972","OXY_CH2","43.927","min","182.228","µmol/L","Humid","20.997","deg","81170","µV","29.426","°C","1016.000","hPa","35.3","pmil","0","53.237","deg","23.954","°C","100.000","%a.s.","21.023","deg","23.635","°C","1019.000","hPa","0.861","-0.02617","0.00035","0","0","13.56","Humid","28.00","0","54.00","362615.97","SABD0000000001","AAV1.0.0.11","1.1.2.0","PSt7-10","170328-007","9/30/2017 19:06:43","0000-00","0","no battery","V"
"09/09/2020","10:09:31","2","default","115855972","OXY_CH2","43.944","min","182.040","µmol/L","Humid","21.000","deg","81164","µV","29.450","°C","1016.000","hPa","35.3","pmil","0","53.237","deg","23.954","°C","100.000","%a.s.","21.023","deg","23.635","°C","1019.000","hPa","0.861","-0.02617","0.00035","0","0","13.56","Humid","28.00","0","54.00","362632.41","SABD0000000001","AAV1.0.0.11","1.1.2.0","PSt7-10","170328-007","9/30/2017 19:06:43","0000-00","0","no battery","V"
"09/09/2020","10:09:32","2","default","115855972","OXY_CH2","43.960","min","182.076","µmol/L","Humid","20.994","deg","81162","µV","29.461","°C","1016.000","hPa","35.3","pmil","0","53.237","deg","23.954","°C","100.000","%a.s.","21.023","deg","23.635","°C","1019.000","hPa","0.861","-0.02617","0.00035","0","0","13.56","Humid","28.00","0","54.00","362630.29","SABD0000000001","AAV1.0.0.11","1.1.2.0","PSt7-10","170328-007","9/30/2017 19:06:43","0000-00","0","no battery","V"
"09/09/2020","10:09:33","2","default","115855972","OXY_CH2","43.977","min","182.029","µmol/L","Humid","20.999","deg","81163","µV","29.455","°C","1016.000","hPa","35.3","pmil","0","53.237","deg","23.954","°C","100.000","%a.s.","21.023","deg","23.635","°C","1019.000","hPa","0.861","-0.02617","0.00035","0","0","13.56","Humid","28.00","0","54.00","362607.46","SABD0000000001","AAV1.0.0.11","1.1.2.0","PSt7-10","170328-007","9/30/2017 19:06:43","0000-00","0","no battery","V"
"09/09/2020","10:09:34","2","default","115855972","OXY_CH2","43.994","min","182.065","µmol/L","Humid","20.998","deg","81161","µV","29.452","°C","1016.000","hPa","35.3","pmil","0","53.237","deg","23.954","°C","100.000","%a.s.","21.023","deg","23.635","°C","1019.000","hPa","0.861","-0.02617","0.00035","0","0","13.56","Humid","28.00","0","54.00","362621.45","SABD0000000001","AAV1.0.0.11","1.1.2.0","PSt7-10","170328-007","9/30/2017 19:06:43","0000-00","0","no battery","V"
"09/09/2020","10:09:35","2","default","115855972","OXY_CH2","44.010","min","182.162","µmol/L","Humid","20.998","deg","81166","µV","29.435","°C","1016.000","hPa","35.3","pmil","0","53.237","deg","23.954","°C","100.000","%a.s.","21.023","deg","23.635","°C","1019.000","hPa","0.861","-0.02617","0.00035","0","0","13.56","Humid","28.00","0","54.00","362613.25","SABD0000000001","AAV1.0.0.11","1.1.2.0","PSt7-10","170328-007","9/30/2017 19:06:43","0000-00","0","no battery","V"
"09/09/2020","10:09:36","2","default","115855972","OXY_CH2","44.027","min","182.074","µmol/L","Humid","20.999","deg","81154","µV","29.447","°C","1016.000","hPa","35.3","pmil","0","53.237","deg","23.954","°C","100.000","%a.s.","21.023","deg","23.635","°C","1019.000","hPa","0.861","-0.02617","0.00035","0","0","13.56","Humid","28.00","0","54.00","362602.67","SABD0000000001","AAV1.0.0.11","1.1.2.0","PSt7-10","170328-007","9/30/2017 19:06:43","0000-00","0","no battery","V"
"09/09/2020","10:09:37","2","default","115855972","OXY_CH2","44.044","min","182.041","µmol/L","Humid","20.999","deg","81158","µV","29.453","°C","1016.000","hPa","35.3","pmil","0","53.237","deg","23.954","°C","100.000","%a.s.","21.023","deg","23.635","°C","1019.000","hPa","0.861","-0.02617","0.00035","0","0","13.56","Humid","28.00","0","54.00","362599.52","SABD0000000001","AAV1.0.0.11","1.1.2.0","PSt7-10","170328-007","9/30/2017 19:06:43","0000-00","0","no battery","V"
"09/09/2020","10:09:38","2","default","115855972","OXY_CH2","44.060","min","182.138","µmol/L","Humid","20.996","deg","81152","µV","29.445","°C","1016.000","hPa","35.3","pmil","0","53.237","deg","23.954","°C","100.000","%a.s.","21.023","deg","23.635","°C","1019.000","hPa","0.861","-0.02617","0.00035","0","0","13.56","Humid","28.00","0","54.00","362599.78","SABD0000000001","AAV1.0.0.11","1.1.2.0","PSt7-10","170328-007","9/30/2017 19:06:43","0000-00","0","no battery","V"
"09/09/2020","10:09:39","2","default","115855972","OXY_CH2","44.078","min","182.085","µmol/L","Humid","20.998","deg","81151","µV","29.448","°C","1016.000","hPa","35.3","pmil","0","53.237","deg","23.954","°C","100.000","%a.s.","21.023","deg","23.635","°C","1019.000","hPa","0.861","-0.02617","0.00035","0","0","13.56","Humid","28.00","0","54.00","362611.09","SABD0000000001","AAV1.0.0.11","1.1.2.0","PSt7-10","170328-007","9/30/2017 19:06:43","0000-00","0","no battery","V"
"09/09/2020","10:09:40","2","default","115855972","OXY_CH2","44.094","min","182.048","µmol/L","Humid","21.002","deg","81151","µV","29.443","°C","1016.000","hPa","35.3","pmil","0","53.237","deg","23.954","°C","100.000","%a.s.","21.023","deg","23.635","°C","1019.000","hPa","0.861","-0.02617","0.00035","0","0","13.56","Humid","28.00","0","54.00","362605.32","SABD0000000001","AAV1.0.0.11","1.1.2.0","PSt7-10","170328-007","9/30/2017 19:06:43","0000-00","0","no battery","V"
"09/09/2020","10:09:41","2","default","115855972","OXY_CH2","44.110","min","182.012","µmol/L","Humid","21.003","deg","81147","µV","29.446","°C","1016.000","hPa","35.3","pmil","0","53.237","deg","23.954","°C","100.000","%a.s.","21.023","deg","23.635","°C","1019.000","hPa","0.861","-0.02617","0.00035","0","0","13.56","Humid","28.00","0","54.00","362602.48","SABD0000000001","AAV1.0.0.11","1.1.2.0","PSt7-10","170328-007","9/30/2017 19:06:43","0000-00","0","no battery","V"
"09/09/2020","10:09:42","2","default","115855972","OXY_CH2","44.127","min","182.078","µmol/L","Humid","20.999","deg","81152","µV","29.446","°C","1016.000","hPa","35.3","pmil","0","53.237","deg","23.954","°C","100.000","%a.s.","21.023","deg","23.635","°C","1019.000","hPa","0.861","-0.02617","0.00035","0","0","13.56","Humid","28.00","0","54.00","362607.91","SABD0000000001","AAV1.0.0.11","1.1.2.0","PSt7-10","170328-007","9/30/2017 19:06:43","0000-00","0","no battery","V"
"09/09/2020","10:09:43","2","default","115855972","OXY_CH2","44.144","min","182.039","µmol/L","Humid","20.998","deg","81149","µV","29.456","°C","1016.000","hPa","35.3","pmil","0","53.237","deg","23.954","°C","100.000","%a.s.","21.023","deg","23.635","°C","1019.000","hPa","0.861","-0.02617","0.00035","0","0","13.56","Humid","28.00","0","54.00","362588.54","SABD0000000001","AAV1.0.0.11","1.1.2.0","PSt7-10","170328-007","9/30/2017 19:06:43","0000-00","0","no battery","V"
"09/09/2020","10:09:44","2","default","115855972","OXY_CH2","44.161","min","182.096","µmol/L","Humid","21.000","deg","81149","µV","29.440","°C","1016.000","hPa","35.3","pmil","0","53.237","deg","23.954","°C","100.000","%a.s.","21.023","deg","23.635","°C","1019.000","hPa","0.861","-0.02617","0.00035","0","0","13.56","Humid","28.00","0","54.00","362572.57","SABD0000000001","AAV1.0.0.11","1.1.2.0","PSt7-10","170328-007","9/30/2017 19:06:43","0000-00","0","no battery","V"
"09/09/2020","10:09:45","2","default","115855972","OXY_CH2","44.177","min","182.189","µmol/L","Humid","20.993","deg","81149","µV","29.444","°C","1016.000","hPa","35.3","pmil","0","53.237","deg","23.954","°C","100.000","%a.s.","21.023","deg","23.635","°C","1019.000","hPa","0.861","-0.02617","0.00035","0","0","13.56","Humid","28.00","0","54.00","362581.68","SABD0000000001","AAV1.0.0.11","1.1.2.0","PSt7-10","170328-007","9/30/2017 19:06:43","0000-00","0","no battery","V"
"09/09/2020","10:09:46","2","default","115855972","OXY_CH2","44.194","min","182.101","µmol/L","Humid","20.997","deg","81139","µV","29.448","°C","1016.000","hPa","35.3","pmil","0","53.237","deg","23.954","°C","100.000","%a.s.","21.023","deg","23.635","°C","1019.000","hPa","0.861","-0.02617","0.00035","0","0","13.56","Humid","28.00","0","54.00","362571.52","SABD0000000001","AAV1.0.0.11","1.1.2.0","PSt7-10","170328-007","9/30/2017 19:06:43","0000-00","0","no battery","V"
"09/09/2020","10:09:47","2","default","115855972","OXY_CH2","44.210","min","182.101","µmol/L","Humid","20.997","deg","81147","µV","29.448","°C","1016.000","hPa","35.3","pmil","0","53.237","deg","23.954","°C","100.000","%a.s.","21.023","deg","23.635","°C","1019.000","hPa","0.861","-0.02617","0.00035","0","0","13.56","Humid","28.00","0","54.00","362575.00","SABD0000000001","AAV1.0.0.11","1.1.2.0","PSt7-10","170328-007","9/30/2017 19:06:43","0000-00","0","no battery","V"
"09/09/2020","10:09:48","2","default","115855972","OXY_CH2","44.227","min","182.123","µmol/L","Humid","20.997","deg","81134","µV","29.444","°C","1016.000","hPa","35.3","pmil","0","53.237","deg","23.954","°C","100.000","%a.s.","21.023","deg","23.635","°C","1019.000","hPa","0.861","-0.02617","0.00035","0","0","13.56","Humid","28.00","0","54.00","362575.60","SABD0000000001","AAV1.0.0.11","1.1.2.0","PSt7-10","170328-007","9/30/2017 19:06:43","0000-00","0","no battery","V"
"09/09/2020","10:09:49","2","default","115855972","OXY_CH2","44.244","min","182.219","µmol/L","Humid","20.996","deg","81147","µV","29.430","°C","1016.000","hPa","35.3","pmil","0","53.237","deg","23.954","°C","100.000","%a.s.","21.023","deg","23.635","°C","1019.000","hPa","0.861","-0.02617","0.00035","0","0","13.56","Humid","28.00","0","54.00","362571.70","SABD0000000001","AAV1.0.0.11","1.1.2.0","PSt7-10","170328-007","9/30/2017 19:06:43","0000-00","0","no battery","V"
"09/09/2020","10:09:50","2","default","115855972","OXY_CH2","44.260","min","182.080","µmol/L","Humid","21.002","deg","81139","µV","29.437","°C","1016.000","hPa","35.3","pmil","0","53.237","deg","23.954","°C","100.000","%a.s.","21.023","deg","23.635","°C","1019.000","hPa","0.861","-0.02617","0.00035","0","0","13.56","Humid","28.00","0","54.00","362566.87","SABD0000000001","AAV1.0.0.11","1.1.2.0","PSt7-10","170328-007","9/30/2017 19:06:43","0000-00","0","no battery","V"
"09/09/2020","10:09:51","2","default","115855972","OXY_CH2","44.277","min","182.019","µmol/L","Humid","20.998","deg","81139","µV","29.460","°C","1016.000","hPa","35.3","pmil","0","53.237","deg","23.954","°C","100.000","%a.s.","21.023","deg","23.635","°C","1019.000","hPa","0.861","-0.02617","0.00035","0","0","13.56","Humid","28.00","0","54.00","362570.68","SABD0000000001","AAV1.0.0.11","1.1.2.0","PSt7-10","170328-007","9/30/2017 19:06:43","0000-00","0","no battery","V"
"09/09/2020","10:09:52","2","default","115855972","OXY_CH2","44.294","min","182.040","µmol/L","Humid","20.998","deg","81135","µV","29.456","°C","1016.000","hPa","35.3","pmil","0","53.237","deg","23.954","°C","100.000","%a.s.","21.023","deg","23.635","°C","1019.000","hPa","0.861","-0.02617","0.00035","0","0","13.56","Humid","28.00","0","54.00","362567.50","SABD0000000001","AAV1.0.0.11","1.1.2.0","PSt7-10","170328-007","9/30/2017 19:06:43","0000-00","0","no battery","V"
"09/09/2020","10:09:53","2","default","115855972","OXY_CH2","44.311","min","182.023","µmol/L","Humid","21.003","deg","81140","µV","29.445","°C","1016.000","hPa","35.3","pmil","0","53.237","deg","23.954","°C","100.000","%a.s.","21.023","deg","23.635","°C","1019.000","hPa","0.861","-0.02617","0.00035","0","0","13.56","Humid","28.00","0","54.00","362572.90","SABD0000000001","AAV1.0.0.11","1.1.2.0","PSt7-10","170328-007","9/30/2017 19:06:43","0000-00","0","no battery","V"
"09/09/2020","10:09:54","2","default","115855972","OXY_CH2","44.327","min","182.007","µmol/L","Humid","20.999","deg","81132","µV","29.459","°C","1016.000","hPa","35.3","pmil","0","53.237","deg","23.954","°C","100.000","%a.s.","21.023","deg","23.635","°C","1019.000","hPa","0.861","-0.02617","0.00035","0","0","13.56","Humid","28.00","0","54.00","362558.86","SABD0000000001","AAV1.0.0.11","1.1.2.0","PSt7-10","170328-007","9/30/2017 19:06:43","0000-00","0","no battery","V"
"09/09/2020","10:09:55","2","default","115855972","OXY_CH2","44.344","min","182.081","µmol/L","Humid","20.999","deg","81131","µV","29.446","°C","1016.000","hPa","35.3","pmil","0","53.237","deg","23.954","°C","100.000","%a.s.","21.023","deg","23.635","°C","1019.000","hPa","0.861","-0.02617","0.00035","0","0","13.56","Humid","28.00","0","54.00","362548.19","SABD0000000001","AAV1.0.0.11","1.1.2.0","PSt7-10","170328-007","9/30/2017 19:06:43","0000-00","0","no battery","V"
"09/09/2020","10:09:56","2","default","115855972","OXY_CH2","44.361","min","182.165","µmol/L","Humid","20.994","deg","81129","µV","29.446","°C","1016.000","hPa","35.3","pmil","0","53.237","deg","23.954","°C","100.000","%a.s.","21.023","deg","23.635","°C","1019.000","hPa","0.861","-0.02617","0.00035","0","0","13.56","Humid","28.00","0","54.00","362563.40","SABD0000000001","AAV1.0.0.11","1.1.2.0","PSt7-10","170328-007","9/30/2017 19:06:43","0000-00","0","no battery","V"
"09/09/2020","10:09:57","2","default","115855972","OXY_CH2","44.377","min","182.076","µmol/L","Humid","20.995","deg","81124","µV","29.458","°C","1016.000","hPa","35.3","pmil","0","53.237","deg","23.954","°C","100.000","%a.s.","21.023","deg","23.635","°C","1019.000","hPa","0.861","-0.02617","0.00035","0","0","13.56","Humid","28.00","0","54.00","362562.31","SABD0000000001","AAV1.0.0.11","1.1.2.0","PSt7-10","170328-007","9/30/2017 19:06:43","0000-00","0","no battery","V"
"09/09/2020","10:09:58","2","default","115855972","OXY_CH2","44.394","min","182.144","µmol/L","Humid","20.991","deg","81132","µV","29.458","°C","1016.000","hPa","35.3","pmil","0","53.237","deg","23.954","°C","100.000","%a.s.","21.023","deg","23.635","°C","1019.000","hPa","0.861","-0.02617","0.00035","0","0","13.56","Humid","28.00","0","54.00","362545.70","SABD0000000001","AAV1.0.0.11","1.1.2.0","PSt7-10","170328-007","9/30/2017 19:06:43","0000-00","0","no battery","V"
"09/09/2020","10:09:59","2","default","115855972","OXY_CH2","44.410","min","182.040","µmol/L","Humid","20.994","deg","81122","µV","29.468","°C","1016.000","hPa","35.3","pmil","0","53.237","deg","23.954","°C","100.000","%a.s.","21.023","deg","23.635","°C","1019.000","hPa","0.861","-0.02617","0.00035","0","0","13.56","Humid","28.00","0","54.00","362538.23","SABD0000000001","AAV1.0.0.11","1.1.2.0","PSt7-10","170328-007","9/30/2017 19:06:43","0000-00","0","no battery","V"
"09/09/2020","10:10:00","2","default","115855972","OXY_CH2","44.427","min","182.049","µmol/L","Humid","20.995","deg","81119","µV","29.463","°C","1016.000","hPa","35.3","pmil","0","53.237","deg","23.954","°C","100.000","%a.s.","21.023","deg","23.635","°C","1019.000","hPa","0.861","-0.02617","0.00035","0","0","13.56","Humid","28.00","0","54.00","362547.36","SABD0000000001","AAV1.0.0.11","1.1.2.0","PSt7-10","170328-007","9/30/2017 19:06:43","0000-00","0","no battery","V"
"09/09/2020","10:10:01","2","default","115855972","OXY_CH2","44.444","min","182.085","µmol/L","Humid","20.991","deg","81120","µV","29.468","°C","1016.000","hPa","35.3","pmil","0","53.237","deg","23.954","°C","100.000","%a.s.","21.023","deg","23.635","°C","1019.000","hPa","0.861","-0.02617","0.00035","0","0","13.56","Humid","28.00","0","54.00","362544.67","SABD0000000001","AAV1.0.0.11","1.1.2.0","PSt7-10","170328-007","9/30/2017 19:06:43","0000-00","0","no battery","V"
"09/09/2020","10:10:02","2","default","115855972","OXY_CH2","44.461","min","182.055","µmol/L","Humid","20.999","deg","81117","µV","29.450","°C","1016.000","hPa","35.3","pmil","0","53.237","deg","23.954","°C","100.000","%a.s.","21.023","deg","23.635","°C","1019.000","hPa","0.861","-0.02617","0.00035","0","0","13.56","Humid","28.00","0","54.00","362538.07","SABD0000000001","AAV1.0.0.11","1.1.2.0","PSt7-10","170328-007","9/30/2017 19:06:43","0000-00","0","no battery","V"
"09/09/2020","10:10:03","2","default","115855972","OXY_CH2","44.477","min","182.041","µmol/L","Humid","20.998","deg","81117","µV","29.456","°C","1016.000","hPa","35.3","pmil","0","53.237","deg","23.954","°C","100.000","%a.s.","21.023","deg","23.635","°C","1019.000","hPa","0.861","-0.02617","0.00035","0","0","13.56","Humid","28.00","0","54.00","362537.45","SABD0000000001","AAV1.0.0.11","1.1.2.0","PSt7-10","170328-007","9/30/2017 19:06:43","0000-00","0","no battery","V"
"09/09/2020","10:10:04","2","default","115855972","OXY_CH2","44.494","min","182.075","µmol/L","Humid","20.997","deg","81115","µV","29.453","°C","1016.000","hPa","35.3","pmil","0","53.237","deg","23.954","°C","100.000","%a.s.","21.023","deg","23.635","°C","1019.000","hPa","0.861","-0.02617","0.00035","0","0","13.56","Humid","28.00","0","54.00","362528.93","SABD0000000001","AAV1.0.0.11","1.1.2.0","PSt7-10","170328-007","9/30/2017 19:06:43","0000-00","0","no battery","V"
"09/09/2020","10:10:05","2","default","115855972","OXY_CH2","44.510","min","182.122","µmol/L","Humid","20.993","deg","81116","µV","29.456","°C","1016.000","hPa","35.3","pmil","0","53.237","deg","23.954","°C","100.000","%a.s.","21.023","deg","23.635","°C","1019.000","hPa","0.861","-0.02617","0.00035","0","0","13.56","Humid","28.00","0","54.00","362516.06","SABD0000000001","AAV1.0.0.11","1.1.2.0","PSt7-10","170328-007","9/30/2017 19:06:43","0000-00","0","no battery","V"
"09/09/2020","10:10:06","2","default","115855972","OXY_CH2","44.527","min","182.050","µmol/L","Humid","20.999","deg","81117","µV","29.451","°C","1016.000","hPa","35.3","pmil","0","53.237","deg","23.954","°C","100.000","%a.s.","21.023","deg","23.635","°C","1019.000","hPa","0.861","-0.02617","0.00035","0","0","13.56","Humid","28.00","0","54.00","362527.44","SABD0000000001","AAV1.0.0.11","1.1.2.0","PSt7-10","170328-007","9/30/2017 19:06:43","0000-00","0","no battery","V"
"09/09/2020","10:10:07","2","default","115855972","OXY_CH2","44.544","min","182.205","µmol/L","Humid","20.991","deg","81109","µV","29.447","°C","1016.000","hPa","35.3","pmil","0","53.237","deg","23.954","°C","100.000","%a.s.","21.023","deg","23.635","°C","1019.000","hPa","0.861","-0.02617","0.00035","0","0","13.56","Humid","28.00","0","54.00","362532.00","SABD0000000001","AAV1.0.0.11","1.1.2.0","PSt7-10","170328-007","9/30/2017 19:06:43","0000-00","0","no battery","V"
"09/09/2020","10:10:08","2","default","115855972","OXY_CH2","44.560","min","182.073","µmol/L","Humid","20.996","deg","81113","µV","29.456","°C","1016.000","hPa","35.3","pmil","0","53.237","deg","23.954","°C","100.000","%a.s.","21.023","deg","23.635","°C","1019.000","hPa","0.861","-0.02617","0.00035","0","0","13.56","Humid","28.00","0","54.00","362521.87","SABD0000000001","AAV1.0.0.11","1.1.2.0","PSt7-10","170328-007","9/30/2017 19:06:43","0000-00","0","no battery","V"
"09/09/2020","10:10:09","2","default","115855972","OXY_CH2","44.577","min","182.039","µmol/L","Humid","20.993","deg","81107","µV","29.471","°C","1016.000","hPa","35.3","pmil","0","53.237","deg","23.954","°C","100.000","%a.s.","21.023","deg","23.635","°C","1019.000","hPa","0.861","-0.02617","0.00035","0","0","13.56","Humid","28.00","0","54.00","362516.05","SABD0000000001","AAV1.0.0.11","1.1.2.0","PSt7-10","170328-007","9/30/2017 19:06:43","0000-00","0","no battery","V"
"09/09/2020","10:10:10","2","default","115855972","OXY_CH2","44.594","min","181.995","µmol/L","Humid","20.994","deg","81114","µV","29.475","°C","1016.000","hPa","35.3","pmil","0","53.237","deg","23.954","°C","100.000","%a.s.","21.023","deg","23.635","°C","1019.000","hPa","0.861","-0.02617","0.00035","0","0","13.56","Humid","28.00","0","54.00","362525.57","SABD0000000001","AAV1.0.0.11","1.1.2.0","PSt7-10","170328-007","9/30/2017 19:06:43","0000-00","0","no battery","V"
"09/09/2020","10:10:11","2","default","115855972","OXY_CH2","44.610","min","182.015","µmol/L","Humid","20.995","deg","81105","µV","29.469","°C","1016.000","hPa","35.3","pmil","0","53.237","deg","23.954","°C","100.000","%a.s.","21.023","deg","23.635","°C","1019.000","hPa","0.861","-0.02617","0.00035","0","0","13.56","Humid","28.00","0","54.00","362520.43","SABD0000000001","AAV1.0.0.11","1.1.2.0","PSt7-10","170328-007","9/30/2017 19:06:43","0000-00","0","no battery","V"
"09/09/2020","10:10:12","2","default","115855972","OXY_CH2","44.627","min","182.096","µmol/L","Humid","20.991","deg","81109","µV","29.466","°C","1016.000","hPa","35.3","pmil","0","53.237","deg","23.954","°C","100.000","%a.s.","21.023","deg","23.635","°C","1019.000","hPa","0.861","-0.02617","0.00035","0","0","13.56","Humid","28.00","0","54.00","362515.42","SABD0000000001","AAV1.0.0.11","1.1.2.0","PSt7-10","170328-007","9/30/2017 19:06:43","0000-00","0","no battery","V"
"09/09/2020","10:10:13","2","default","115855972","OXY_CH2","44.644","min","181.958","µmol/L","Humid","20.999","deg","81105","µV","29.468","°C","1016.000","hPa","35.3","pmil","0","53.237","deg","23.954","°C","100.000","%a.s.","21.023","deg","23.635","°C","1019.000","hPa","0.861","-0.02617","0.00035","0","0","13.56","Humid","28.00","0","54.00","362517.74","SABD0000000001","AAV1.0.0.11","1.1.2.0","PSt7-10","170328-007","9/30/2017 19:06:43","0000-00","0","no battery","V"
"09/09/2020","10:10:14","2","default","115855972","OXY_CH2","44.660","min","182.048","µmol/L","Humid","20.996","deg","81103","µV","29.460","°C","1016.000","hPa","35.3","pmil","0","53.237","deg","23.954","°C","100.000","%a.s.","21.023","deg","23.635","°C","1019.000","hPa","0.861","-0.02617","0.00035","0","0","13.56","Humid","28.00","0","54.00","362496.75","SABD0000000001","AAV1.0.0.11","1.1.2.0","PSt7-10","170328-007","9/30/2017 19:06:43","0000-00","0","no battery","V"
"09/09/2020","10:10:15","2","default","115855972","OXY_CH2","44.677","min","182.050","µmol/L","Humid","20.995","deg","81097","µV","29.463","°C","1016.000","hPa","35.3","pmil","0","53.237","deg","23.954","°C","100.000","%a.s.","21.023","deg","23.635","°C","1019.000","hPa","0.861","-0.02617","0.00035","0","0","13.56","Humid","28.00","0","54.00","362497.31","SABD0000000001","AAV1.0.0.11","1.1.2.0","PSt7-10","170328-007","9/30/2017 19:06:43","0000-00","0","no battery","V"
"09/09/2020","10:10:16","2","default","115855972","OXY_CH2","44.694","min","182.187","µmol/L","Humid","20.988","deg","81100","µV","29.459","°C","1016.000","hPa","35.3","pmil","0","53.237","deg","23.954","°C","100.000","%a.s.","21.023","deg","23.635","°C","1019.000","hPa","0.861","-0.02617","0.00035","0","0","13.56","Humid","28.00","0","54.00","362502.04","SABD0000000001","AAV1.0.0.11","1.1.2.0","PSt7-10","170328-007","9/30/2017 19:06:43","0000-00","0","no battery","V"
"09/09/2020","10:10:17","2","default","115855972","OXY_CH2","44.710","min","182.054","µmol/L","Humid","20.993","deg","81095","µV","29.468","°C","1016.000","hPa","35.3","pmil","0","53.237","deg","23.954","°C","100.000","%a.s.","21.023","deg","23.635","°C","1019.000","hPa","0.861","-0.02617","0.00035","0","0","13.56","Humid","28.00","0","54.00","362495.02","SABD0000000001","AAV1.0.0.11","1.1.2.0","PSt7-10","170328-007","9/30/2017 19:06:43","0000-00","0","no battery","V"
"09/09/2020","10:10:18","2","default","115855972","OXY_CH2","44.727","min","182.151","µmol/L","Humid","20.990","deg","81097","µV","29.460","°C","1016.000","hPa","35.3","pmil","0","53.237","deg","23.954","°C","100.000","%a.s.","21.023","deg","23.635","°C","1019.000","hPa","0.861","-0.02617","0.00035","0","0","13.56","Humid","28.00","0","54.00","362499.23","SABD0000000001","AAV1.0.0.11","1.1.2.0","PSt7-10","170328-007","9/30/2017 19:06:43","0000-00","0","no battery","V"
"09/09/2020","10:10:19","2","default","115855972","OXY_CH2","44.744","min","182.227","µmol/L","Humid","20.989","deg","81091","µV","29.449","°C","1016.000","hPa","35.3","pmil","0","53.237","deg","23.954","°C","100.000","%a.s.","21.023","deg","23.635","°C","1019.000","hPa","0.861","-0.02617","0.00035","0","0","13.56","Humid","28.00","0","54.00","362497.47","SABD0000000001","AAV1.0.0.11","1.1.2.0","PSt7-10","170328-007","9/30/2017 19:06:43","0000-00","0","no battery","V"
"09/09/2020","10:10:20","2","default","115855972","OXY_CH2","44.761","min","181.946","µmol/L","Humid","20.994","deg","81092","µV","29.484","°C","1016.000","hPa","35.3","pmil","0","53.237","deg","23.954","°C","100.000","%a.s.","21.023","deg","23.635","°C","1019.000","hPa","0.861","-0.02617","0.00035","0","0","13.56","Humid","28.00","0","54.00","362479.66","SABD0000000001","AAV1.0.0.11","1.1.2.0","PSt7-10","170328-007","9/30/2017 19:06:43","0000-00","0","no battery","V"
"09/09/2020","10:10:21","2","default","115855972","OXY_CH2","44.778","min","182.155","µmol/L","Humid","20.987","deg","81090","µV","29.468","°C","1016.000","hPa","35.3","pmil","0","53.237","deg","23.954","°C","100.000","%a.s.","21.023","deg","23.635","°C","1019.000","hPa","0.861","-0.02617","0.00035","0","0","13.56","Humid","28.00","0","54.00","362480.74","SABD0000000001","AAV1.0.0.11","1.1.2.0","PSt7-10","170328-007","9/30/2017 19:06:43","0000-00","0","no battery","V"
"09/09/2020","10:10:22","2","default","115855972","OXY_CH2","44.794","min","182.001","µmol/L","Humid","20.997","deg","81094","µV","29.466","°C","1016.000","hPa","35.3","pmil","0","53.237","deg","23.954","°C","100.000","%a.s.","21.023","deg","23.635","°C","1019.000","hPa","0.861","-0.02617","0.00035","0","0","13.56","Humid","28.00","0","54.00","362480.94","SABD0000000001","AAV1.0.0.11","1.1.2.0","PSt7-10","170328-007","9/30/2017 19:06:43","0000-00","0","no battery","V"
"09/09/2020","10:10:23","2","default","115855972","OXY_CH2","44.811","min","182.046","µmol/L","Humid","20.994","deg","81097","µV","29.467","°C","1016.000","hPa","35.3","pmil","0","53.237","deg","23.954","°C","100.000","%a.s.","21.023","deg","23.635","°C","1019.000","hPa","0.861","-0.02617","0.00035","0","0","13.56","Humid","28.00","0","54.00","362483.77","SABD0000000001","AAV1.0.0.11","1.1.2.0","PSt7-10","170328-007","9/30/2017 19:06:43","0000-00","0","no battery","V"
"09/09/2020","10:10:24","2","default","115855972","OXY_CH2","44.828","min","182.040","µmol/L","Humid","20.994","deg","81094","µV","29.468","°C","1016.000","hPa","35.3","pmil","0","53.237","deg","23.954","°C","100.000","%a.s.","21.023","deg","23.635","°C","1019.000","hPa","0.861","-0.02617","0.00035","0","0","13.56","Humid","28.00","0","54.00","362493.03","SABD0000000001","AAV1.0.0.11","1.1.2.0","PSt7-10","170328-007","9/30/2017 19:06:43","0000-00","0","no battery","V"
"09/09/2020","10:10:25","2","default","115855972","OXY_CH2","44.844","min","182.101","µmol/L","Humid","20.992","deg","81089","µV","29.463","°C","1016.000","hPa","35.3","pmil","0","53.237","deg","23.954","°C","100.000","%a.s.","21.023","deg","23.635","°C","1019.000","hPa","0.861","-0.02617","0.00035","0","0","13.56","Humid","28.00","0","54.00","362493.97","SABD0000000001","AAV1.0.0.11","1.1.2.0","PSt7-10","170328-007","9/30/2017 19:06:43","0000-00","0","no battery","V"
"09/09/2020","10:10:26","2","default","115855972","OXY_CH2","44.860","min","182.157","µmol/L","Humid","20.989","deg","81083","µV","29.461","°C","1016.000","hPa","35.3","pmil","0","53.237","deg","23.954","°C","100.000","%a.s.","21.023","deg","23.635","°C","1019.000","hPa","0.861","-0.02617","0.00035","0","0","13.56","Humid","28.00","0","54.00","362466.02","SABD0000000001","AAV1.0.0.11","1.1.2.0","PSt7-10","170328-007","9/30/2017 19:06:43","0000-00","0","no battery","V"
"09/09/2020","10:10:27","2","default","115855972","OXY_CH2","44.877","min","182.126","µmol/L","Humid","20.988","deg","81088","µV","29.470","°C","1016.000","hPa","35.3","pmil","0","53.237","deg","23.954","°C","100.000","%a.s.","21.023","deg","23.635","°C","1019.000","hPa","0.861","-0.02617","0.00035","0","0","13.56","Humid","28.00","0","54.00","362493.77","SABD0000000001","AAV1.0.0.11","1.1.2.0","PSt7-10","170328-007","9/30/2017 19:06:43","0000-00","0","no battery","V"
"09/09/2020","10:10:28","2","default","115855972","OXY_CH2","44.894","min","181.954","µmol/L","Humid","20.993","deg","81084","µV","29.486","°C","1016.000","hPa","35.3","pmil","0","53.237","deg","23.954","°C","100.000","%a.s.","21.023","deg","23.635","°C","1019.000","hPa","0.861","-0.02617","0.00035","0","0","13.56","Humid","28.00","0","54.00","362480.53","SABD0000000001","AAV1.0.0.11","1.1.2.0","PSt7-10","170328-007","9/30/2017 19:06:43","0000-00","0","no battery","V"
"09/09/2020","10:10:29","2","default","115855972","OXY_CH2","44.911","min","181.923","µmol/L","Humid","20.994","deg","81081","µV","29.488","°C","1016.000","hPa","35.3","pmil","0","53.237","deg","23.954","°C","100.000","%a.s.","21.023","deg","23.635","°C","1019.000","hPa","0.861","-0.02617","0.00035","0","0","13.56","Humid","28.00","0","54.00","362462.54","SABD0000000001","AAV1.0.0.11","1.1.2.0","PSt7-10","170328-007","9/30/2017 19:06:43","0000-00","0","no battery","V"
"09/09/2020","10:10:30","2","default","115855972","OXY_CH2","44.928","min","181.959","µmol/L","Humid","20.990","deg","81076","µV","29.493","°C","1016.000","hPa","35.3","pmil","0","53.237","deg","23.954","°C","100.000","%a.s.","21.023","deg","23.635","°C","1019.000","hPa","0.861","-0.02617","0.00035","0","0","13.56","Humid","28.00","0","54.00","362471.41","SABD0000000001","AAV1.0.0.11","1.1.2.0","PSt7-10","170328-007","9/30/2017 19:06:43","0000-00","0","no battery","V"
"09/09/2020","10:10:31","2","default","115855972","OXY_CH2","44.944","min","182.060","µmol/L","Humid","20.988","deg","81079","µV","29.482","°C","1016.000","hPa","35.3","pmil","0","53.237","deg","23.954","°C","100.000","%a.s.","21.023","deg","23.635","°C","1019.000","hPa","0.861","-0.02617","0.00035","0","0","13.56","Humid","28.00","0","54.00","362464.74","SABD0000000001","AAV1.0.0.11","1.1.2.0","PSt7-10","170328-007","9/30/2017 19:06:43","0000-00","0","no battery","V"
"09/09/2020","10:10:32","2","default","115855972","OXY_CH2","44.961","min","182.020","µmol/L","Humid","20.990","deg","81088","µV","29.483","°C","1016.000","hPa","35.3","pmil","0","53.237","deg","23.954","°C","100.000","%a.s.","21.023","deg","23.635","°C","1019.000","hPa","0.861","-0.02617","0.00035","0","0","13.56","Humid","28.00","0","54.00","362478.65","SABD0000000001","AAV1.0.0.11","1.1.2.0","PSt7-10","170328-007","9/30/2017 19:06:43","0000-00","0","no battery","V"
"09/09/2020","10:10:33","2","default","115855972","OXY_CH2","44.978","min","181.958","µmol/L","Humid","20.993","deg","81077","µV","29.485","°C","1016.000","hPa","35.3","pmil","0","53.237","deg","23.954","°C","100.000","%a.s.","21.023","deg","23.635","°C","1019.000","hPa","0.861","-0.02617","0.00035","0","0","13.56","Humid","28.00","0","54.00","362455.41","SABD0000000001","AAV1.0.0.11","1.1.2.0","PSt7-10","170328-007","9/30/2017 19:06:43","0000-00","0","no battery","V"
"09/09/2020","10:10:34","2","default","115855972","OXY_CH2","44.994","min","182.044","µmol/L","Humid","20.990","deg","81072","µV","29.479","°C","1016.000","hPa","35.3","pmil","0","53.237","deg","23.954","°C","100.000","%a.s.","21.023","deg","23.635","°C","1019.000","hPa","0.861","-0.02617","0.00035","0","0","13.56","Humid","28.00","0","54.00","362453.50","SABD0000000001","AAV1.0.0.11","1.1.2.0","PSt7-10","170328-007","9/30/2017 19:06:43","0000-00","0","no battery","V"
"09/09/2020","10:10:35","2","default","115855972","OXY_CH2","45.011","min","182.038","µmol/L","Humid","20.990","deg","81076","µV","29.479","°C","1016.000","hPa","35.3","pmil","0","53.237","deg","23.954","°C","100.000","%a.s.","21.023","deg","23.635","°C","1019.000","hPa","0.861","-0.02617","0.00035","0","0","13.56","Humid","28.00","0","54.00","362463.53","SABD0000000001","AAV1.0.0.11","1.1.2.0","PSt7-10","170328-007","9/30/2017 19:06:43","0000-00","0","no battery","V"
"09/09/2020","10:10:36","2","default","115855972","OXY_CH2","45.028","min","182.079","µmol/L","Humid","20.990","deg","81074","µV","29.472","°C","1016.000","hPa","35.3","pmil","0","53.237","deg","23.954","°C","100.000","%a.s.","21.023","deg","23.635","°C","1019.000","hPa","0.861","-0.02617","0.00035","0","0","13.56","Humid","28.00","0","54.00","362456.36","SABD0000000001","AAV1.0.0.11","1.1.2.0","PSt7-10","170328-007","9/30/2017 19:06:43","0000-00","0","no battery","V"
"09/09/2020","10:10:37","2","default","115855972","OXY_CH2","45.044","min","182.021","µmol/L","Humid","20.989","deg","81068","µV","29.485","°C","1016.000","hPa","35.3","pmil","0","53.237","deg","23.954","°C","100.000","%a.s.","21.023","deg","23.635","°C","1019.000","hPa","0.861","-0.02617","0.00035","0","0","13.56","Humid","28.00","0","54.00","362445.41","SABD0000000001","AAV1.0.0.11","1.1.2.0","PSt7-10","170328-007","9/30/2017 19:06:43","0000-00","0","no battery","V"
"09/09/2020","10:10:38","2","default","115855972","OXY_CH2","45.061","min","181.965","µmol/L","Humid","20.994","deg","81076","µV","29.481","°C","1016.000","hPa","35.3","pmil","0","53.237","deg","23.954","°C","100.000","%a.s.","21.023","deg","23.635","°C","1019.000","hPa","0.861","-0.02617","0.00035","0","0","13.56","Humid","28.00","0","54.00","362433.30","SABD0000000001","AAV1.0.0.11","1.1.2.0","PSt7-10","170328-007","9/30/2017 19:06:43","0000-00","0","no battery","V"
"09/09/2020","10:10:39","2","default","115855972","OXY_CH2","45.077","min","182.101","µmol/L","Humid","20.987","deg","81072","µV","29.477","°C","1016.000","hPa","35.3","pmil","0","53.237","deg","23.954","°C","100.000","%a.s.","21.023","deg","23.635","°C","1019.000","hPa","0.861","-0.02617","0.00035","0","0","13.56","Humid","28.00","0","54.00","362447.82","SABD0000000001","AAV1.0.0.11","1.1.2.0","PSt7-10","170328-007","9/30/2017 19:06:43","0000-00","0","no battery","V"
"09/09/2020","10:10:40","2","default","115855972","OXY_CH2","45.094","min","182.081","µmol/L","Humid","20.989","deg","81074","µV","29.475","°C","1016.000","hPa","35.3","pmil","0","53.237","deg","23.954","°C","100.000","%a.s.","21.023","deg","23.635","°C","1019.000","hPa","0.861","-0.02617","0.00035","0","0","13.56","Humid","28.00","0","54.00","362442.74","SABD0000000001","AAV1.0.0.11","1.1.2.0","PSt7-10","170328-007","9/30/2017 19:06:43","0000-00","0","no battery","V"
"09/09/2020","10:10:41","2","default","115855972","OXY_CH2","45.111","min","182.077","µmol/L","Humid","20.989","deg","81066","µV","29.476","°C","1016.000","hPa","35.3","pmil","0","53.237","deg","23.954","°C","100.000","%a.s.","21.023","deg","23.635","°C","1019.000","hPa","0.861","-0.02617","0.00035","0","0","13.56","Humid","28.00","0","54.00","362456.78","SABD0000000001","AAV1.0.0.11","1.1.2.0","PSt7-10","170328-007","9/30/2017 19:06:43","0000-00","0","no battery","V"
"09/09/2020","10:10:42","2","default","115855972","OXY_CH2","45.127","min","182.082","µmol/L","Humid","20.988","deg","81060","µV","29.478","°C","1016.000","hPa","35.3","pmil","0","53.237","deg","23.954","°C","100.000","%a.s.","21.023","deg","23.635","°C","1019.000","hPa","0.861","-0.02617","0.00035","0","0","13.56","Humid","28.00","0","54.00","362440.33","SABD0000000001","AAV1.0.0.11","1.1.2.0","PSt7-10","170328-007","9/30/2017 19:06:43","0000-00","0","no battery","V"
"09/09/2020","10:10:43","2","default","115855972","OXY_CH2","45.144","min","182.056","µmol/L","Humid","20.989","deg","81067","µV","29.479","°C","1016.000","hPa","35.3","pmil","0","53.237","deg","23.954","°C","100.000","%a.s.","21.023","deg","23.635","°C","1019.000","hPa","0.861","-0.02617","0.00035","0","0","13.56","Humid","28.00","0","54.00","362443.39","SABD0000000001","AAV1.0.0.11","1.1.2.0","PSt7-10","170328-007","9/30/2017 19:06:43","0000-00","0","no battery","V"
"09/09/2020","10:10:44","2","default","115855972","OXY_CH2","45.161","min","182.036","µmol/L","Humid","20.990","deg","81066","µV","29.480","°C","1016.000","hPa","35.3","pmil","0","53.237","deg","23.954","°C","100.000","%a.s.","21.023","deg","23.635","°C","1019.000","hPa","0.861","-0.02617","0.00035","0","0","13.56","Humid","28.00","0","54.00","362445.70","SABD0000000001","AAV1.0.0.11","1.1.2.0","PSt7-10","170328-007","9/30/2017 19:06:43","0000-00","0","no battery","V"
"09/09/2020","10:10:45","2","default","115855972","OXY_CH2","45.177","min","182.174","µmol/L","Humid","20.989","deg","81058","µV","29.458","°C","1016.000","hPa","35.3","pmil","0","53.237","deg","23.954","°C","100.000","%a.s.","21.023","deg","23.635","°C","1019.000","hPa","0.861","-0.02617","0.00035","0","0","13.56","Humid","28.00","0","54.00","362436.87","SABD0000000001","AAV1.0.0.11","1.1.2.0","PSt7-10","170328-007","9/30/2017 19:06:43","0000-00","0","no battery","V"
"09/09/2020","10:10:46","2","default","115855972","OXY_CH2","45.194","min","182.183","µmol/L","Humid","20.990","deg","81062","µV","29.454","°C","1016.000","hPa","35.3","pmil","0","53.237","deg","23.954","°C","100.000","%a.s.","21.023","deg","23.635","°C","1019.000","hPa","0.861","-0.02617","0.00035","0","0","13.56","Humid","28.00","0","54.00","362455.46","SABD0000000001","AAV1.0.0.11","1.1.2.0","PSt7-10","170328-007","9/30/2017 19:06:43","0000-00","0","no battery","V"
"09/09/2020","10:10:47","2","default","115855972","OXY_CH2","45.211","min","182.076","µmol/L","Humid","20.989","deg","81061","µV","29.476","°C","1016.000","hPa","35.3","pmil","0","53.237","deg","23.954","°C","100.000","%a.s.","21.023","deg","23.635","°C","1019.000","hPa","0.861","-0.02617","0.00035","0","0","13.56","Humid","28.00","0","54.00","362446.37","SABD0000000001","AAV1.0.0.11","1.1.2.0","PSt7-10","170328-007","9/30/2017 19:06:43","0000-00","0","no battery","V"
"09/09/2020","10:10:48","2","default","115855972","OXY_CH2","45.227","min","182.027","µmol/L","Humid","20.985","deg","81063","µV","29.496","°C","1016.000","hPa","35.3","pmil","0","53.237","deg","23.954","°C","100.000","%a.s.","21.023","deg","23.635","°C","1019.000","hPa","0.861","-0.02617","0.00035","0","0","13.56","Humid","28.00","0","54.00","362440.27","SABD0000000001","AAV1.0.0.11","1.1.2.0","PSt7-10","170328-007","9/30/2017 19:06:43","0000-00","0","no battery","V"
"09/09/2020","10:10:49","2","default","115855972","OXY_CH2","45.244","min","181.990","µmol/L","Humid","20.990","deg","81063","µV","29.488","°C","1016.000","hPa","35.3","pmil","0","53.237","deg","23.954","°C","100.000","%a.s.","21.023","deg","23.635","°C","1019.000","hPa","0.861","-0.02617","0.00035","0","0","13.56","Humid","28.00","0","54.00","362443.99","SABD0000000001","AAV1.0.0.11","1.1.2.0","PSt7-10","170328-007","9/30/2017 19:06:43","0000-00","0","no battery","V"
"09/09/2020","10:10:50","2","default","115855972","OXY_CH2","45.261","min","182.002","µmol/L","Humid","20.989","deg","81060","µV","29.489","°C","1016.000","hPa","35.3","pmil","0","53.237","deg","23.954","°C","100.000","%a.s.","21.023","deg","23.635","°C","1019.000","hPa","0.861","-0.02617","0.00035","0","0","13.56","Humid","28.00","0","54.00","362418.24","SABD0000000001","AAV1.0.0.11","1.1.2.0","PSt7-10","170328-007","9/30/2017 19:06:43","0000-00","0","no battery","V"
"09/09/2020","10:10:51","2","default","115855972","OXY_CH2","45.277","min","182.144","µmol/L","Humid","20.982","deg","81060","µV","29.484","°C","1016.000","hPa","35.3","pmil","0","53.237","deg","23.954","°C","100.000","%a.s.","21.023","deg","23.635","°C","1019.000","hPa","0.861","-0.02617","0.00035","0","0","13.56","Humid","28.00","0","54.00","362432.55","SABD0000000001","AAV1.0.0.11","1.1.2.0","PSt7-10","170328-007","9/30/2017 19:06:43","0000-00","0","no battery","V"
"09/09/2020","10:10:52","2","default","115855972","OXY_CH2","45.294","min","182.070","µmol/L","Humid","20.984","deg","81058","µV","29.491","°C","1016.000","hPa","35.3","pmil","0","53.237","deg","23.954","°C","100.000","%a.s.","21.023","deg","23.635","°C","1019.000","hPa","0.861","-0.02617","0.00035","0","0","13.56","Humid","28.00","0","54.00","362441.59","SABD0000000001","AAV1.0.0.11","1.1.2.0","PSt7-10","170328-007","9/30/2017 19:06:43","0000-00","0","no battery","V"
"09/09/2020","10:10:53","2","default","115855972","OXY_CH2","45.311","min","182.088","µmol/L","Humid","20.988","deg","81058","µV","29.477","°C","1016.000","hPa","35.3","pmil","0","53.237","deg","23.954","°C","100.000","%a.s.","21.023","deg","23.635","°C","1019.000","hPa","0.861","-0.02617","0.00035","0","0","13.56","Humid","28.00","0","54.00","362452.21","SABD0000000001","AAV1.0.0.11","1.1.2.0","PSt7-10","170328-007","9/30/2017 19:06:43","0000-00","0","no battery","V"
"09/09/2020","10:10:54","2","default","115855972","OXY_CH2","45.327","min","182.101","µmol/L","Humid","20.983","deg","81058","µV","29.489","°C","1016.000","hPa","35.3","pmil","0","53.237","deg","23.954","°C","100.000","%a.s.","21.023","deg","23.635","°C","1019.000","hPa","0.861","-0.02617","0.00035","0","0","13.56","Humid","28.00","0","54.00","362434.50","SABD0000000001","AAV1.0.0.11","1.1.2.0","PSt7-10","170328-007","9/30/2017 19:06:43","0000-00","0","no battery","V"
"09/09/2020","10:10:55","2","default","115855972","OXY_CH2","45.344","min","182.022","µmol/L","Humid","20.987","deg","81048","µV","29.491","°C","1016.000","hPa","35.3","pmil","0","53.237","deg","23.954","°C","100.000","%a.s.","21.023","deg","23.635","°C","1019.000","hPa","0.861","-0.02617","0.00035","0","0","13.56","Humid","28.00","0","54.00","362433.01","SABD0000000001","AAV1.0.0.11","1.1.2.0","PSt7-10","170328-007","9/30/2017 19:06:43","0000-00","0","no battery","V"
"09/09/2020","10:10:56","2","default","115855972","OXY_CH2","45.361","min","182.118","µmol/L","Humid","20.982","deg","81050","µV","29.489","°C","1016.000","hPa","35.3","pmil","0","53.237","deg","23.954","°C","100.000","%a.s.","21.023","deg","23.635","°C","1019.000","hPa","0.861","-0.02617","0.00035","0","0","13.56","Humid","28.00","0","54.00","362440.33","SABD0000000001","AAV1.0.0.11","1.1.2.0","PSt7-10","170328-007","9/30/2017 19:06:43","0000-00","0","no battery","V"
"09/09/2020","10:10:57","2","default","115855972","OXY_CH2","45.377","min","182.034","µmol/L","Humid","20.989","deg","81059","µV","29.483","°C","1016.000","hPa","35.3","pmil","0","53.237","deg","23.954","°C","100.000","%a.s.","21.023","deg","23.635","°C","1019.000","hPa","0.861","-0.02617","0.00035","0","0","13.56","Humid","28.00","0","54.00","362433.00","SABD0000000001","AAV1.0.0.11","1.1.2.0","PSt7-10","170328-007","9/30/2017 19:06:43","0000-00","0","no battery","V"
"09/09/2020","10:10:58","2","default","115855972","OXY_CH2","45.394","min","182.076","µmol/L","Humid","20.983","deg","81052","µV","29.493","°C","1016.000","hPa","35.3","pmil","0","53.237","deg","23.954","°C","100.000","%a.s.","21.023","deg","23.635","°C","1019.000","hPa","0.861","-0.02617","0.00035","0","0","13.56","Humid","28.00","0","54.00","362425.99","SABD0000000001","AAV1.0.0.11","1.1.2.0","PSt7-10","170328-007","9/30/2017 19:06:43","0000-00","0","no battery","V"
"09/09/2020","10:10:59","2","default","115855972","OXY_CH2","45.410","min","181.932","µmol/L","Humid","20.990","deg","81048","µV","29.498","°C","1016.000","hPa","35.3","pmil","0","53.237","deg","23.954","°C","100.000","%a.s.","21.023","deg","23.635","°C","1019.000","hPa","0.861","-0.02617","0.00035","0","0","13.56","Humid","28.00","0","54.00","362418.15","SABD0000000001","AAV1.0.0.11","1.1.2.0","PSt7-10","170328-007","9/30/2017 19:06:43","0000-00","0","no battery","V"
"09/09/2020","10:11:00","2","default","115855972","OXY_CH2","45.427","min","182.119","µmol/L","Humid","20.984","deg","81048","µV","29.483","°C","1016.000","hPa","35.3","pmil","0","53.237","deg","23.954","°C","100.000","%a.s.","21.023","deg","23.635","°C","1019.000","hPa","0.861","-0.02617","0.00035","0","0","13.56","Humid","28.00","0","54.00","362439.34","SABD0000000001","AAV1.0.0.11","1.1.2.0","PSt7-10","170328-007","9/30/2017 19:06:43","0000-00","0","no battery","V"
"09/09/2020","10:11:01","2","default","115855972","OXY_CH2","45.444","min","182.071","µmol/L","Humid","20.985","deg","81048","µV","29.488","°C","1016.000","hPa","35.3","pmil","0","53.237","deg","23.954","°C","100.000","%a.s.","21.023","deg","23.635","°C","1019.000","hPa","0.861","-0.02617","0.00035","0","0","13.56","Humid","28.00","0","54.00","362424.26","SABD0000000001","AAV1.0.0.11","1.1.2.0","PSt7-10","170328-007","9/30/2017 19:06:43","0000-00","0","no battery","V"
"09/09/2020","10:11:02","2","default","115855972","OXY_CH2","45.460","min","182.083","µmol/L","Humid","20.987","deg","81046","µV","29.480","°C","1016.000","hPa","35.3","pmil","0","53.237","deg","23.954","°C","100.000","%a.s.","21.023","deg","23.635","°C","1019.000","hPa","0.861","-0.02617","0.00035","0","0","13.56","Humid","28.00","0","54.00","362409.03","SABD0000000001","AAV1.0.0.11","1.1.2.0","PSt7-10","170328-007","9/30/2017 19:06:43","0000-00","0","no battery","V"
"09/09/2020","10:11:03","2","default","115855972","OXY_CH2","45.477","min","182.080","µmol/L","Humid","20.985","deg","81040","µV","29.487","°C","1016.000","hPa","35.3","pmil","0","53.237","deg","23.954","°C","100.000","%a.s.","21.023","deg","23.635","°C","1019.000","hPa","0.861","-0.02617","0.00035","0","0","13.56","Humid","28.00","0","54.00","362423.90","SABD0000000001","AAV1.0.0.11","1.1.2.0","PSt7-10","170328-007","9/30/2017 19:06:43","0000-00","0","no battery","V"
"09/09/2020","10:11:04","2","default","115855972","OXY_CH2","45.494","min","181.959","µmol/L","Humid","20.990","deg","81050","µV","29.493","°C","1016.000","hPa","35.3","pmil","0","53.237","deg","23.954","°C","100.000","%a.s.","21.023","deg","23.635","°C","1019.000","hPa","0.861","-0.02617","0.00035","0","0","13.56","Humid","28.00","0","54.00","362422.87","SABD0000000001","AAV1.0.0.11","1.1.2.0","PSt7-10","170328-007","9/30/2017 19:06:43","0000-00","0","no battery","V"
"09/09/2020","10:11:05","2","default","115855972","OXY_CH2","45.511","min","182.118","µmol/L","Humid","20.985","deg","81039","µV","29.480","°C","1016.000","hPa","35.3","pmil","0","53.237","deg","23.954","°C","100.000","%a.s.","21.023","deg","23.635","°C","1019.000","hPa","0.861","-0.02617","0.00035","0","0","13.56","Humid","28.00","0","54.00","362416.20","SABD0000000001","AAV1.0.0.11","1.1.2.0","PSt7-10","170328-007","9/30/2017 19:06:43","0000-00","0","no battery","V"
"09/09/2020","10:11:06","2","default","115855972","OXY_CH2","45.527","min","182.061","µmol/L","Humid","20.985","deg","81046","µV","29.490","°C","1016.000","hPa","35.3","pmil","0","53.237","deg","23.954","°C","100.000","%a.s.","21.023","deg","23.635","°C","1019.000","hPa","0.861","-0.02617","0.00035","0","0","13.56","Humid","28.00","0","54.00","362409.69","SABD0000000001","AAV1.0.0.11","1.1.2.0","PSt7-10","170328-007","9/30/2017 19:06:43","0000-00","0","no battery","V"
"09/09/2020","10:11:07","2","default","115855972","OXY_CH2","45.544","min","181.897","µmol/L","Humid","20.986","deg","81036","µV","29.516","°C","1016.000","hPa","35.3","pmil","0","53.237","deg","23.954","°C","100.000","%a.s.","21.023","deg","23.635","°C","1019.000","hPa","0.861","-0.02617","0.00035","0","0","13.56","Humid","28.00","0","54.00","362412.55","SABD0000000001","AAV1.0.0.11","1.1.2.0","PSt7-10","170328-007","9/30/2017 19:06:43","0000-00","0","no battery","V"
"09/09/2020","10:11:08","2","default","115855972","OXY_CH2","45.560","min","182.070","µmol/L","Humid","20.985","deg","81037","µV","29.488","°C","1016.000","hPa","35.3","pmil","0","53.237","deg","23.954","°C","100.000","%a.s.","21.023","deg","23.635","°C","1019.000","hPa","0.861","-0.02617","0.00035","0","0","13.56","Humid","28.00","0","54.00","362406.38","SABD0000000001","AAV1.0.0.11","1.1.2.0","PSt7-10","170328-007","9/30/2017 19:06:43","0000-00","0","no battery","V"
"09/09/2020","10:11:09","2","default","115855972","OXY_CH2","45.577","min","182.043","µmol/L","Humid","20.984","deg","81036","µV","29.496","°C","1016.000","hPa","35.3","pmil","0","53.237","deg","23.954","°C","100.000","%a.s.","21.023","deg","23.635","°C","1019.000","hPa","0.861","-0.02617","0.00035","0","0","13.56","Humid","28.00","0","54.00","362411.65","SABD0000000001","AAV1.0.0.11","1.1.2.0","PSt7-10","170328-007","9/30/2017 19:06:43","0000-00","0","no battery","V"
"09/09/2020","10:11:10","2","default","115855972","OXY_CH2","45.594","min","182.087","µmol/L","Humid","20.983","deg","81038","µV","29.491","°C","1016.000","hPa","35.3","pmil","0","53.237","deg","23.954","°C","100.000","%a.s.","21.023","deg","23.635","°C","1019.000","hPa","0.861","-0.02617","0.00035","0","0","13.56","Humid","28.00","0","54.00","362410.36","SABD0000000001","AAV1.0.0.11","1.1.2.0","PSt7-10","170328-007","9/30/2017 19:06:43","0000-00","0","no battery","V"
"09/09/2020","10:11:11","2","default","115855972","OXY_CH2","45.610","min","181.972","µmol/L","Humid","20.987","deg","81035","µV","29.500","°C","1016.000","hPa","35.3","pmil","0","53.237","deg","23.954","°C","100.000","%a.s.","21.023","deg","23.635","°C","1019.000","hPa","0.861","-0.02617","0.00035","0","0","13.56","Humid","28.00","0","54.00","362413.12","SABD0000000001","AAV1.0.0.11","1.1.2.0","PSt7-10","170328-007","9/30/2017 19:06:43","0000-00","0","no battery","V"
"09/09/2020","10:11:12","2","default","115855972","OXY_CH2","45.627","min","182.021","µmol/L","Humid","20.984","deg","81028","µV","29.500","°C","1016.000","hPa","35.3","pmil","0","53.237","deg","23.954","°C","100.000","%a.s.","21.023","deg","23.635","°C","1019.000","hPa","0.861","-0.02617","0.00035","0","0","13.56","Humid","28.00","0","54.00","362410.63","SABD0000000001","AAV1.0.0.11","1.1.2.0","PSt7-10","170328-007","9/30/2017 19:06:43","0000-00","0","no battery","V"
"09/09/2020","10:11:13","2","default","115855972","OXY_CH2","45.644","min","182.046","µmol/L","Humid","20.986","deg","81036","µV","29.490","°C","1016.000","hPa","35.3","pmil","0","53.237","deg","23.954","°C","100.000","%a.s.","21.023","deg","23.635","°C","1019.000","hPa","0.861","-0.02617","0.00035","0","0","13.56","Humid","28.00","0","54.00","362415.24","SABD0000000001","AAV1.0.0.11","1.1.2.0","PSt7-10","170328-007","9/30/2017 19:06:43","0000-00","0","no battery","V"
"09/09/2020","10:11:14","2","default","115855972","OXY_CH2","45.661","min","182.147","µmol/L","Humid","20.981","deg","81029","µV","29.486","°C","1016.000","hPa","35.3","pmil","0","53.237","deg","23.954","°C","100.000","%a.s.","21.023","deg","23.635","°C","1019.000","hPa","0.861","-0.02617","0.00035","0","0","13.56","Humid","28.00","0","54.00","362392.21","SABD0000000001","AAV1.0.0.11","1.1.2.0","PSt7-10","170328-007","9/30/2017 19:06:43","0000-00","0","no battery","V"
"09/09/2020","10:11:15","2","default","115855972","OXY_CH2","45.678","min","182.197","µmol/L","Humid","20.979","deg","81028","µV","29.483","°C","1016.000","hPa","35.3","pmil","0","53.237","deg","23.954","°C","100.000","%a.s.","21.023","deg","23.635","°C","1019.000","hPa","0.861","-0.02617","0.00035","0","0","13.56","Humid","28.00","0","54.00","362407.44","SABD0000000001","AAV1.0.0.11","1.1.2.0","PSt7-10","170328-007","9/30/2017 19:06:43","0000-00","0","no battery","V"
"09/09/2020","10:11:16","2","default","115855972","OXY_CH2","45.694","min","181.985","µmol/L","Humid","20.984","deg","81028","µV","29.506","°C","1016.000","hPa","35.3","pmil","0","53.237","deg","23.954","°C","100.000","%a.s.","21.023","deg","23.635","°C","1019.000","hPa","0.861","-0.02617","0.00035","0","0","13.56","Humid","28.00","0","54.00","362395.14","SABD0000000001","AAV1.0.0.11","1.1.2.0","PSt7-10","170328-007","9/30/2017 19:06:43","0000-00","0","no battery","V"
"09/09/2020","10:11:17","2","default","115855972","OXY_CH2","45.711","min","181.992","µmol/L","Humid","20.986","deg","81032","µV","29.499","°C","1016.000","hPa","35.3","pmil","0","53.237","deg","23.954","°C","100.000","%a.s.","21.023","deg","23.635","°C","1019.000","hPa","0.861","-0.02617","0.00035","0","0","13.56","Humid","28.00","0","54.00","362404.70","SABD0000000001","AAV1.0.0.11","1.1.2.0","PSt7-10","170328-007","9/30/2017 19:06:43","0000-00","0","no battery","V"
"09/09/2020","10:11:18","2","default","115855972","OXY_CH2","45.728","min","182.027","µmol/L","Humid","20.982","deg","81034","µV","29.505","°C","1016.000","hPa","35.3","pmil","0","53.237","deg","23.954","°C","100.000","%a.s.","21.023","deg","23.635","°C","1019.000","hPa","0.861","-0.02617","0.00035","0","0","13.56","Humid","28.00","0","54.00","362399.72","SABD0000000001","AAV1.0.0.11","1.1.2.0","PSt7-10","170328-007","9/30/2017 19:06:43","0000-00","0","no battery","V"
"09/09/2020","10:11:19","2","default","115855972","OXY_CH2","45.744","min","181.962","µmol/L","Humid","20.986","deg","81028","µV","29.504","°C","1016.000","hPa","35.3","pmil","0","53.237","deg","23.954","°C","100.000","%a.s.","21.023","deg","23.635","°C","1019.000","hPa","0.861","-0.02617","0.00035","0","0","13.56","Humid","28.00","0","54.00","362406.27","SABD0000000001","AAV1.0.0.11","1.1.2.0","PSt7-10","170328-007","9/30/2017 19:06:43","0000-00","0","no battery","V"
"09/09/2020","10:11:20","2","default","115855972","OXY_CH2","45.760","min","182.040","µmol/L","Humid","20.982","deg","81030","µV","29.502","°C","1016.000","hPa","35.3","pmil","0","53.237","deg","23.954","°C","100.000","%a.s.","21.023","deg","23.635","°C","1019.000","hPa","0.861","-0.02617","0.00035","0","0","13.56","Humid","28.00","0","54.00","362404.88","SABD0000000001","AAV1.0.0.11","1.1.2.0","PSt7-10","170328-007","9/30/2017 19:06:43","0000-00","0","no battery","V"
"09/09/2020","10:11:21","2","default","115855972","OXY_CH2","45.778","min","182.032","µmol/L","Humid","20.983","deg","81023","µV","29.501","°C","1016.000","hPa","35.3","pmil","0","53.237","deg","23.954","°C","100.000","%a.s.","21.023","deg","23.635","°C","1019.000","hPa","0.861","-0.02617","0.00035","0","0","13.56","Humid","28.00","0","54.00","362392.44","SABD0000000001","AAV1.0.0.11","1.1.2.0","PSt7-10","170328-007","9/30/2017 19:06:43","0000-00","0","no battery","V"
"09/09/2020","10:11:22","2","default","115855972","OXY_CH2","45.794","min","181.989","µmol/L","Humid","20.986","deg","81027","µV","29.500","°C","1016.000","hPa","35.3","pmil","0","53.237","deg","23.954","°C","100.000","%a.s.","21.023","deg","23.635","°C","1019.000","hPa","0.861","-0.02617","0.00035","0","0","13.56","Humid","28.00","0","54.00","362393.89","SABD0000000001","AAV1.0.0.11","1.1.2.0","PSt7-10","170328-007","9/30/2017 19:06:43","0000-00","0","no battery","V"
"09/09/2020","10:11:23","2","default","115855972","OXY_CH2","45.810","min","182.215","µmol/L","Humid","20.978","deg","81025","µV","29.483","°C","1016.000","hPa","35.3","pmil","0","53.237","deg","23.954","°C","100.000","%a.s.","21.023","deg","23.635","°C","1019.000","hPa","0.861","-0.02617","0.00035","0","0","13.56","Humid","28.00","0","54.00","362400.37","SABD0000000001","AAV1.0.0.11","1.1.2.0","PSt7-10","170328-007","9/30/2017 19:06:43","0000-00","0","no battery","V"
"09/09/2020","10:11:24","2","default","115855972","OXY_CH2","45.827","min","182.133","µmol/L","Humid","20.980","deg","81025","µV","29.492","°C","1016.000","hPa","35.3","pmil","0","53.237","deg","23.954","°C","100.000","%a.s.","21.023","deg","23.635","°C","1019.000","hPa","0.861","-0.02617","0.00035","0","0","13.56","Humid","28.00","0","54.00","362389.15","SABD0000000001","AAV1.0.0.11","1.1.2.0","PSt7-10","170328-007","9/30/2017 19:06:43","0000-00","0","no battery","V"
"09/09/2020","10:11:25","2","default","115855972","OXY_CH2","45.844","min","181.919","µmol/L","Humid","20.983","deg","81030","µV","29.521","°C","1016.000","hPa","35.3","pmil","0","53.237","deg","23.954","°C","100.000","%a.s.","21.023","deg","23.635","°C","1019.000","hPa","0.861","-0.02617","0.00035","0","0","13.56","Humid","28.00","0","54.00","362384.97","SABD0000000001","AAV1.0.0.11","1.1.2.0","PSt7-10","170328-007","9/30/2017 19:06:43","0000-00","0","no battery","V"
"09/09/2020","10:11:26","2","default","115855972","OXY_CH2","45.860","min","182.008","µmol/L","Humid","20.979","deg","81015","µV","29.517","°C","1016.000","hPa","35.3","pmil","0","53.237","deg","23.954","°C","100.000","%a.s.","21.023","deg","23.635","°C","1019.000","hPa","0.861","-0.02617","0.00035","0","0","13.56","Humid","28.00","0","54.00","362385.09","SABD0000000001","AAV1.0.0.11","1.1.2.0","PSt7-10","170328-007","9/30/2017 19:06:43","0000-00","0","no battery","V"
"09/09/2020","10:11:27","2","default","115855972","OXY_CH2","45.878","min","181.976","µmol/L","Humid","20.983","deg","81019","µV","29.511","°C","1016.000","hPa","35.3","pmil","0","53.237","deg","23.954","°C","100.000","%a.s.","21.023","deg","23.635","°C","1019.000","hPa","0.861","-0.02617","0.00035","0","0","13.56","Humid","28.00","0","54.00","362391.89","SABD0000000001","AAV1.0.0.11","1.1.2.0","PSt7-10","170328-007","9/30/2017 19:06:43","0000-00","0","no battery","V"
"09/09/2020","10:11:28","2","default","115855972","OXY_CH2","45.894","min","182.012","µmol/L","Humid","20.984","deg","81021","µV","29.501","°C","1016.000","hPa","35.3","pmil","0","53.237","deg","23.954","°C","100.000","%a.s.","21.023","deg","23.635","°C","1019.000","hPa","0.861","-0.02617","0.00035","0","0","13.56","Humid","28.00","0","54.00","362394.86","SABD0000000001","AAV1.0.0.11","1.1.2.0","PSt7-10","170328-007","9/30/2017 19:06:43","0000-00","0","no battery","V"
"09/09/2020","10:11:29","2","default","115855972","OXY_CH2","45.910","min","181.968","µmol/L","Humid","20.984","deg","81019","µV","29.509","°C","1016.000","hPa","35.3","pmil","0","53.237","deg","23.954","°C","100.000","%a.s.","21.023","deg","23.635","°C","1019.000","hPa","0.861","-0.02617","0.00035","0","0","13.56","Humid","28.00","0","54.00","362392.03","SABD0000000001","AAV1.0.0.11","1.1.2.0","PSt7-10","170328-007","9/30/2017 19:06:43","0000-00","0","no battery","V"
"09/09/2020","10:11:30","2","default","115855972","OXY_CH2","45.927","min","182.179","µmol/L","Humid","20.977","deg","81014","µV","29.492","°C","1016.000","hPa","35.3","pmil","0","53.237","deg","23.954","°C","100.000","%a.s.","21.023","deg","23.635","°C","1019.000","hPa","0.861","-0.02617","0.00035","0","0","13.56","Humid","28.00","0","54.00","362374.62","SABD0000000001","AAV1.0.0.11","1.1.2.0","PSt7-10","170328-007","9/30/2017 19:06:43","0000-00","0","no battery","V"
"09/09/2020","10:11:31","2","default","115855972","OXY_CH2","45.944","min","182.054","µmol/L","Humid","20.984","deg","81007","µV","29.494","°C","1016.000","hPa","35.3","pmil","0","53.237","deg","23.954","°C","100.000","%a.s.","21.023","deg","23.635","°C","1019.000","hPa","0.861","-0.02617","0.00035","0","0","13.56","Humid","28.00","0","54.00","362394.48","SABD0000000001","AAV1.0.0.11","1.1.2.0","PSt7-10","170328-007","9/30/2017 19:06:43","0000-00","0","no battery","V"
"09/09/2020","10:11:32","2","default","115855972","OXY_CH2","45.961","min","181.986","µmol/L","Humid","20.985","deg","81013","µV","29.503","°C","1016.000","hPa","35.3","pmil","0","53.237","deg","23.954","°C","100.000","%a.s.","21.023","deg","23.635","°C","1019.000","hPa","0.861","-0.02617","0.00035","0","0","13.56","Humid","28.00","0","54.00","362397.77","SABD0000000001","AAV1.0.0.11","1.1.2.0","PSt7-10","170328-007","9/30/2017 19:06:43","0000-00","0","no battery","V"
"09/09/2020","10:11:33","2","default","115855972","OXY_CH2","45.978","min","182.092","µmol/L","Humid","20.979","deg","81015","µV","29.502","°C","1016.000","hPa","35.3","pmil","0","53.237","deg","23.954","°C","100.000","%a.s.","21.023","deg","23.635","°C","1019.000","hPa","0.861","-0.02617","0.00035","0","0","13.56","Humid","28.00","0","54.00","362382.72","SABD0000000001","AAV1.0.0.11","1.1.2.0","PSt7-10","170328-007","9/30/2017 19:06:43","0000-00","0","no battery","V"
"09/09/2020","10:11:34","2","default","115855972","OXY_CH2","45.994","min","181.923","µmol/L","Humid","20.984","deg","81014","µV","29.517","°C","1016.000","hPa","35.3","pmil","0","53.237","deg","23.954","°C","100.000","%a.s.","21.023","deg","23.635","°C","1019.000","hPa","0.861","-0.02617","0.00035","0","0","13.56","Humid","28.00","0","54.00","362382.55","SABD0000000001","AAV1.0.0.11","1.1.2.0","PSt7-10","170328-007","9/30/2017 19:06:43","0000-00","0","no battery","V"
"09/09/2020","10:11:35","2","default","115855972","OXY_CH2","46.011","min","182.059","µmol/L","Humid","20.979","deg","81010","µV","29.508","°C","1016.000","hPa","35.3","pmil","0","53.237","deg","23.954","°C","100.000","%a.s.","21.023","deg","23.635","°C","1019.000","hPa","0.861","-0.02617","0.00035","0","0","13.56","Humid","28.00","0","54.00","362389.96","SABD0000000001","AAV1.0.0.11","1.1.2.0","PSt7-10","170328-007","9/30/2017 19:06:43","0000-00","0","no battery","V"
"09/09/2020","10:11:36","2","default","115855972","OXY_CH2","46.027","min","181.958","µmol/L","Humid","20.983","deg","81013","µV","29.514","°C","1016.000","hPa","35.3","pmil","0","53.237","deg","23.954","°C","100.000","%a.s.","21.023","deg","23.635","°C","1019.000","hPa","0.861","-0.02617","0.00035","0","0","13.56","Humid","28.00","0","54.00","362390.92","SABD0000000001","AAV1.0.0.11","1.1.2.0","PSt7-10","170328-007","9/30/2017 19:06:43","0000-00","0","no battery","V"
"09/09/2020","10:11:37","2","default","115855972","OXY_CH2","46.044","min","182.010","µmol/L","Humid","20.979","deg","81005","µV","29.516","°C","1016.000","hPa","35.3","pmil","0","53.237","deg","23.954","°C","100.000","%a.s.","21.023","deg","23.635","°C","1019.000","hPa","0.861","-0.02617","0.00035","0","0","13.56","Humid","28.00","0","54.00","362379.05","SABD0000000001","AAV1.0.0.11","1.1.2.0","PSt7-10","170328-007","9/30/2017 19:06:43","0000-00","0","no battery","V"
"09/09/2020","10:11:38","2","default","115855972","OXY_CH2","46.060","min","182.019","µmol/L","Humid","20.982","deg","81008","µV","29.506","°C","1016.000","hPa","35.3","pmil","0","53.237","deg","23.954","°C","100.000","%a.s.","21.023","deg","23.635","°C","1019.000","hPa","0.861","-0.02617","0.00035","0","0","13.56","Humid","28.00","0","54.00","362377.36","SABD0000000001","AAV1.0.0.11","1.1.2.0","PSt7-10","170328-007","9/30/2017 19:06:43","0000-00","0","no battery","V"
"09/09/2020","10:11:39","2","default","115855972","OXY_CH2","46.077","min","182.071","µmol/L","Humid","20.977","deg","81009","µV","29.511","°C","1016.000","hPa","35.3","pmil","0","53.237","deg","23.954","°C","100.000","%a.s.","21.023","deg","23.635","°C","1019.000","hPa","0.861","-0.02617","0.00035","0","0","13.56","Humid","28.00","0","54.00","362369.82","SABD0000000001","AAV1.0.0.11","1.1.2.0","PSt7-10","170328-007","9/30/2017 19:06:43","0000-00","0","no battery","V"
"09/09/2020","10:11:40","2","default","115855972","OXY_CH2","46.094","min","182.018","µmol/L","Humid","20.978","deg","81010","µV","29.518","°C","1016.000","hPa","35.3","pmil","0","53.237","deg","23.954","°C","100.000","%a.s.","21.023","deg","23.635","°C","1019.000","hPa","0.861","-0.02617","0.00035","0","0","13.56","Humid","28.00","0","54.00","362387.16","SABD0000000001","AAV1.0.0.11","1.1.2.0","PSt7-10","170328-007","9/30/2017 19:06:43","0000-00","0","no battery","V"
"09/09/2020","10:11:41","2","default","115855972","OXY_CH2","46.110","min","182.003","µmol/L","Humid","20.984","deg","81012","µV","29.503","°C","1016.000","hPa","35.3","pmil","0","53.237","deg","23.954","°C","100.000","%a.s.","21.023","deg","23.635","°C","1019.000","hPa","0.861","-0.02617","0.00035","0","0","13.56","Humid","28.00","0","54.00","362386.51","SABD0000000001","AAV1.0.0.11","1.1.2.0","PSt7-10","170328-007","9/30/2017 19:06:43","0000-00","0","no battery","V"
"09/09/2020","10:11:42","2","default","115855972","OXY_CH2","46.127","min","182.148","µmol/L","Humid","20.978","deg","81018","µV","29.495","°C","1016.000","hPa","35.3","pmil","0","53.237","deg","23.954","°C","100.000","%a.s.","21.023","deg","23.635","°C","1019.000","hPa","0.861","-0.02617","0.00035","0","0","13.56","Humid","28.00","0","54.00","362385.43","SABD0000000001","AAV1.0.0.11","1.1.2.0","PSt7-10","170328-007","9/30/2017 19:06:43","0000-00","0","no battery","V"
"09/09/2020","10:11:43","2","default","115855972","OXY_CH2","46.144","min","182.120","µmol/L","Humid","20.979","deg","81006","µV","29.497","°C","1016.000","hPa","35.3","pmil","0","53.237","deg","23.954","°C","100.000","%a.s.","21.023","deg","23.635","°C","1019.000","hPa","0.861","-0.02617","0.00035","0","0","13.56","Humid","28.00","0","54.00","362383.26","SABD0000000001","AAV1.0.0.11","1.1.2.0","PSt7-10","170328-007","9/30/2017 19:06:43","0000-00","0","no battery","V"
"09/09/2020","10:11:44","2","default","115855972","OXY_CH2","46.160","min","182.128","µmol/L","Humid","20.978","deg","81007","µV","29.498","°C","1016.000","hPa","35.3","pmil","0","53.237","deg","23.954","°C","100.000","%a.s.","21.023","deg","23.635","°C","1019.000","hPa","0.861","-0.02617","0.00035","0","0","13.56","Humid","28.00","0","54.00","362372.81","SABD0000000001","AAV1.0.0.11","1.1.2.0","PSt7-10","170328-007","9/30/2017 19:06:43","0000-00","0","no battery","V"
"09/09/2020","10:11:45","2","default","115855972","OXY_CH2","46.177","min","181.916","µmol/L","Humid","20.981","deg","81001","µV","29.527","°C","1016.000","hPa","35.3","pmil","0","53.237","deg","23.954","°C","100.000","%a.s.","21.023","deg","23.635","°C","1019.000","hPa","0.861","-0.02617","0.00035","0","0","13.56","Humid","28.00","0","54.00","362374.40","SABD0000000001","AAV1.0.0.11","1.1.2.0","PSt7-10","170328-007","9/30/2017 19:06:43","0000-00","0","no battery","V"
"09/09/2020","10:11:46","2","default","115855972","OXY_CH2","46.194","min","182.029","µmol/L","Humid","20.978","deg","81009","µV","29.516","°C","1016.000","hPa","35.3","pmil","0","53.237","deg","23.954","°C","100.000","%a.s.","21.023","deg","23.635","°C","1019.000","hPa","0.861","-0.02617","0.00035","0","0","13.56","Humid","28.00","0","54.00","362390.38","SABD0000000001","AAV1.0.0.11","1.1.2.0","PSt7-10","170328-007","9/30/2017 19:06:43","0000-00","0","no battery","V"
"09/09/2020","10:11:47","2","default","115855972","OXY_CH2","46.210","min","182.033","µmol/L","Humid","20.979","deg","81004","µV","29.512","°C","1016.000","hPa","35.3","pmil","0","53.237","deg","23.954","°C","100.000","%a.s.","21.023","deg","23.635","°C","1019.000","hPa","0.861","-0.02617","0.00035","0","0","13.56","Humid","28.00","0","54.00","362382.17","SABD0000000001","AAV1.0.0.11","1.1.2.0","PSt7-10","170328-007","9/30/2017 19:06:43","0000-00","0","no battery","V"
"09/09/2020","10:11:48","2","default","115855972","OXY_CH2","46.227","min","182.033","µmol/L","Humid","20.978","deg","81006","µV","29.515","°C","1016.000","hPa","35.3","pmil","0","53.237","deg","23.954","°C","100.000","%a.s.","21.023","deg","23.635","°C","1019.000","hPa","0.861","-0.02617","0.00035","0","0","13.56","Humid","28.00","0","54.00","362377.04","SABD0000000001","AAV1.0.0.11","1.1.2.0","PSt7-10","170328-007","9/30/2017 19:06:43","0000-00","0","no battery","V"
"09/09/2020","10:11:49","2","default","115855972","OXY_CH2","46.244","min","182.004","µmol/L","Humid","20.978","deg","80999","µV","29.520","°C","1016.000","hPa","35.3","pmil","0","53.237","deg","23.954","°C","100.000","%a.s.","21.023","deg","23.635","°C","1019.000","hPa","0.861","-0.02617","0.00035","0","0","13.56","Humid","28.00","0","54.00","362375.04","SABD0000000001","AAV1.0.0.11","1.1.2.0","PSt7-10","170328-007","9/30/2017 19:06:43","0000-00","0","no battery","V"
"09/09/2020","10:11:50","2","default","115855972","OXY_CH2","46.260","min","182.005","µmol/L","Humid","20.980","deg","80997","µV","29.514","°C","1016.000","hPa","35.3","pmil","0","53.237","deg","23.954","°C","100.000","%a.s.","21.023","deg","23.635","°C","1019.000","hPa","0.861","-0.02617","0.00035","0","0","13.56","Humid","28.00","0","54.00","362369.09","SABD0000000001","AAV1.0.0.11","1.1.2.0","PSt7-10","170328-007","9/30/2017 19:06:43","0000-00","0","no battery","V"
"09/09/2020","10:11:51","2","default","115855972","OXY_CH2","46.277","min","182.059","µmol/L","Humid","20.979","deg","80992","µV","29.508","°C","1016.000","hPa","35.3","pmil","0","53.237","deg","23.954","°C","100.000","%a.s.","21.023","deg","23.635","°C","1019.000","hPa","0.861","-0.02617","0.00035","0","0","13.56","Humid","28.00","0","54.00","362360.98","SABD0000000001","AAV1.0.0.11","1.1.2.0","PSt7-10","170328-007","9/30/2017 19:06:43","0000-00","0","no battery","V"
"09/09/2020","10:11:52","2","default","115855972","OXY_CH2","46.294","min","182.016","µmol/L","Humid","20.977","deg","80992","µV","29.521","°C","1016.000","hPa","35.3","pmil","0","53.237","deg","23.954","°C","100.000","%a.s.","21.023","deg","23.635","°C","1019.000","hPa","0.861","-0.02617","0.00035","0","0","13.56","Humid","28.00","0","54.00","362364.48","SABD0000000001","AAV1.0.0.11","1.1.2.0","PSt7-10","170328-007","9/30/2017 19:06:43","0000-00","0","no battery","V"
"09/09/2020","10:11:53","2","default","115855972","OXY_CH2","46.310","min","181.988","µmol/L","Humid","20.978","deg","80996","µV","29.523","°C","1016.000","hPa","35.3","pmil","0","53.237","deg","23.954","°C","100.000","%a.s.","21.023","deg","23.635","°C","1019.000","hPa","0.861","-0.02617","0.00035","0","0","13.56","Humid","28.00","0","54.00","362356.50","SABD0000000001","AAV1.0.0.11","1.1.2.0","PSt7-10","170328-007","9/30/2017 19:06:43","0000-00","0","no battery","V"
"09/09/2020","10:11:54","2","default","115855972","OXY_CH2","46.327","min","181.975","µmol/L","Humid","20.980","deg","80991","µV","29.519","°C","1016.000","hPa","35.3","pmil","0","53.237","deg","23.954","°C","100.000","%a.s.","21.023","deg","23.635","°C","1019.000","hPa","0.861","-0.02617","0.00035","0","0","13.56","Humid","28.00","0","54.00","362357.71","SABD0000000001","AAV1.0.0.11","1.1.2.0","PSt7-10","170328-007","9/30/2017 19:06:43","0000-00","0","no battery","V"
"09/09/2020","10:11:55","2","default","115855972","OXY_CH2","46.344","min","181.942","µmol/L","Humid","20.978","deg","80990","µV","29.531","°C","1016.000","hPa","35.3","pmil","0","53.237","deg","23.954","°C","100.000","%a.s.","21.023","deg","23.635","°C","1019.000","hPa","0.861","-0.02617","0.00035","0","0","13.56","Humid","28.00","0","54.00","362361.79","SABD0000000001","AAV1.0.0.11","1.1.2.0","PSt7-10","170328-007","9/30/2017 19:06:43","0000-00","0","no battery","V"
"09/09/2020","10:11:56","2","default","115855972","OXY_CH2","46.360","min","182.118","µmol/L","Humid","20.974","deg","80996","µV","29.512","°C","1016.000","hPa","35.3","pmil","0","53.237","deg","23.954","°C","100.000","%a.s.","21.023","deg","23.635","°C","1019.000","hPa","0.861","-0.02617","0.00035","0","0","13.56","Humid","28.00","0","54.00","362356.70","SABD0000000001","AAV1.0.0.11","1.1.2.0","PSt7-10","170328-007","9/30/2017 19:06:43","0000-00","0","no battery","V"
"09/09/2020","10:11:57","2","default","115855972","OXY_CH2","46.377","min","181.990","µmol/L","Humid","20.979","deg","80992","µV","29.520","°C","1016.000","hPa","35.3","pmil","0","53.237","deg","23.954","°C","100.000","%a.s.","21.023","deg","23.635","°C","1019.000","hPa","0.861","-0.02617","0.00035","0","0","13.56","Humid","28.00","0","54.00","362348.21","SABD0000000001","AAV1.0.0.11","1.1.2.0","PSt7-10","170328-007","9/30/2017 19:06:43","0000-00","0","no battery","V"
"09/09/2020","10:11:58","2","default","115855972","OXY_CH2","46.394","min","182.015","µmol/L","Humid","20.976","deg","80985","µV","29.524","°C","1016.000","hPa","35.3","pmil","0","53.237","deg","23.954","°C","100.000","%a.s.","21.023","deg","23.635","°C","1019.000","hPa","0.861","-0.02617","0.00035","0","0","13.56","Humid","28.00","0","54.00","362363.07","SABD0000000001","AAV1.0.0.11","1.1.2.0","PSt7-10","170328-007","9/30/2017 19:06:43","0000-00","0","no battery","V"
"09/09/2020","10:11:59","2","default","115855972","OXY_CH2","46.411","min","181.999","µmol/L","Humid","20.976","deg","80992","µV","29.527","°C","1016.000","hPa","35.3","pmil","0","53.237","deg","23.954","°C","100.000","%a.s.","21.023","deg","23.635","°C","1019.000","hPa","0.861","-0.02617","0.00035","0","0","13.56","Humid","28.00","0","54.00","362350.32","SABD0000000001","AAV1.0.0.11","1.1.2.0","PSt7-10","170328-007","9/30/2017 19:06:43","0000-00","0","no battery","V"
"09/09/2020","10:12:00","2","default","115855972","OXY_CH2","46.427","min","182.014","µmol/L","Humid","20.980","deg","80997","µV","29.513","°C","1016.000","hPa","35.3","pmil","0","53.237","deg","23.954","°C","100.000","%a.s.","21.023","deg","23.635","°C","1019.000","hPa","0.861","-0.02617","0.00035","0","0","13.56","Humid","28.00","0","54.00","362351.93","SABD0000000001","AAV1.0.0.11","1.1.2.0","PSt7-10","170328-007","9/30/2017 19:06:43","0000-00","0","no battery","V"
"09/09/2020","10:12:01","2","default","115855972","OXY_CH2","46.444","min","182.140","µmol/L","Humid","20.975","deg","80995","µV","29.505","°C","1016.000","hPa","35.3","pmil","0","53.237","deg","23.954","°C","100.000","%a.s.","21.023","deg","23.635","°C","1019.000","hPa","0.861","-0.02617","0.00035","0","0","13.56","Humid","28.00","0","54.00","362341.97","SABD0000000001","AAV1.0.0.11","1.1.2.0","PSt7-10","170328-007","9/30/2017 19:06:43","0000-00","0","no battery","V"
"09/09/2020","10:12:02","2","default","115855972","OXY_CH2","46.461","min","182.132","µmol/L","Humid","20.976","deg","80996","µV","29.504","°C","1016.000","hPa","35.3","pmil","0","53.237","deg","23.954","°C","100.000","%a.s.","21.023","deg","23.635","°C","1019.000","hPa","0.861","-0.02617","0.00035","0","0","13.56","Humid","28.00","0","54.00","362363.52","SABD0000000001","AAV1.0.0.11","1.1.2.0","PSt7-10","170328-007","9/30/2017 19:06:43","0000-00","0","no battery","V"
"09/09/2020","10:12:03","2","default","115855972","OXY_CH2","46.477","min","181.978","µmol/L","Humid","20.976","deg","80987","µV","29.531","°C","1016.000","hPa","35.3","pmil","0","53.237","deg","23.954","°C","100.000","%a.s.","21.023","deg","23.635","°C","1019.000","hPa","0.861","-0.02617","0.00035","0","0","13.56","Humid","28.00","0","54.00","362337.98","SABD0000000001","AAV1.0.0.11","1.1.2.0","PSt7-10","170328-007","9/30/2017 19:06:43","0000-00","0","no battery","V"
"09/09/2020","10:12:04","2","default","115855972","OXY_CH2","46.494","min","182.036","µmol/L","Humid","20.973","deg","80983","µV","29.529","°C","1016.000","hPa","35.3","pmil","0","53.237","deg","23.954","°C","100.000","%a.s.","21.023","deg","23.635","°C","1019.000","hPa","0.861","-0.02617","0.00035","0","0","13.56","Humid","28.00","0","54.00","362349.39","SABD0000000001","AAV1.0.0.11","1.1.2.0","PSt7-10","170328-007","9/30/2017 19:06:43","0000-00","0","no battery","V"
"09/09/2020","10:12:05","2","default","115855972","OXY_CH2","46.511","min","181.964","µmol/L","Humid","20.975","deg","80989","µV","29.536","°C","1016.000","hPa","35.3","pmil","0","53.237","deg","23.954","°C","100.000","%a.s.","21.023","deg","23.635","°C","1019.000","hPa","0.861","-0.02617","0.00035","0","0","13.56","Humid","28.00","0","54.00","362341.90","SABD0000000001","AAV1.0.0.11","1.1.2.0","PSt7-10","170328-007","9/30/2017 19:06:43","0000-00","0","no battery","V"
"09/09/2020","10:12:06","2","default","115855972","OXY_CH2","46.528","min","182.027","µmol/L","Humid","20.973","deg","80985","µV","29.531","°C","1016.000","hPa","35.3","pmil","0","53.237","deg","23.954","°C","100.000","%a.s.","21.023","deg","23.635","°C","1019.000","hPa","0.861","-0.02617","0.00035","0","0","13.56","Humid","28.00","0","54.00","362341.12","SABD0000000001","AAV1.0.0.11","1.1.2.0","PSt7-10","170328-007","9/30/2017 19:06:43","0000-00","0","no battery","V"
"09/09/2020","10:12:07","2","default","115855972","OXY_CH2","46.544","min","182.010","µmol/L","Humid","20.975","deg","80982","µV","29.528","°C","1016.000","hPa","35.3","pmil","0","53.237","deg","23.954","°C","100.000","%a.s.","21.023","deg","23.635","°C","1019.000","hPa","0.861","-0.02617","0.00035","0","0","13.56","Humid","28.00","0","54.00","362338.85","SABD0000000001","AAV1.0.0.11","1.1.2.0","PSt7-10","170328-007","9/30/2017 19:06:43","0000-00","0","no battery","V"
"09/09/2020","10:12:08","2","default","115855972","OXY_CH2","46.561","min","182.031","µmol/L","Humid","20.976","deg","80976","µV","29.521","°C","1016.000","hPa","35.3","pmil","0","53.237","deg","23.954","°C","100.000","%a.s.","21.023","deg","23.635","°C","1019.000","hPa","0.861","-0.02617","0.00035","0","0","13.56","Humid","28.00","0","54.00","362336.66","SABD0000000001","AAV1.0.0.11","1.1.2.0","PSt7-10","170328-007","9/30/2017 19:06:43","0000-00","0","no battery","V"
"09/09/2020","10:12:09","2","default","115855972","OXY_CH2","46.577","min","181.995","µmol/L","Humid","20.977","deg","80978","µV","29.525","°C","1016.000","hPa","35.3","pmil","0","53.237","deg","23.954","°C","100.000","%a.s.","21.023","deg","23.635","°C","1019.000","hPa","0.861","-0.02617","0.00035","0","0","13.56","Humid","28.00","0","54.00","362341.74","SABD0000000001","AAV1.0.0.11","1.1.2.0","PSt7-10","170328-007","9/30/2017 19:06:43","0000-00","0","no battery","V"
"09/09/2020","10:12:10","2","default","115855972","OXY_CH2","46.594","min","182.061","µmol/L","Humid","20.973","deg","80983","µV","29.525","°C","1016.000","hPa","35.3","pmil","0","53.237","deg","23.954","°C","100.000","%a.s.","21.023","deg","23.635","°C","1019.000","hPa","0.861","-0.02617","0.00035","0","0","13.56","Humid","28.00","0","54.00","362354.24","SABD0000000001","AAV1.0.0.11","1.1.2.0","PSt7-10","170328-007","9/30/2017 19:06:43","0000-00","0","no battery","V"
"09/09/2020","10:12:11","2","default","115855972","OXY_CH2","46.611","min","182.155","µmol/L","Humid","20.968","deg","80979","µV","29.523","°C","1016.000","hPa","35.3","pmil","0","53.237","deg","23.954","°C","100.000","%a.s.","21.023","deg","23.635","°C","1019.000","hPa","0.861","-0.02617","0.00035","0","0","13.56","Humid","28.00","0","54.00","362348.92","SABD0000000001","AAV1.0.0.11","1.1.2.0","PSt7-10","170328-007","9/30/2017 19:06:43","0000-00","0","no battery","V"
"09/09/2020","10:12:12","2","default","115855972","OXY_CH2","46.628","min","182.027","µmol/L","Humid","20.976","deg","80979","µV","29.522","°C","1016.000","hPa","35.3","pmil","0","53.237","deg","23.954","°C","100.000","%a.s.","21.023","deg","23.635","°C","1019.000","hPa","0.861","-0.02617","0.00035","0","0","13.56","Humid","28.00","0","54.00","362330.31","SABD0000000001","AAV1.0.0.11","1.1.2.0","PSt7-10","170328-007","9/30/2017 19:06:43","0000-00","0","no battery","V"
"09/09/2020","10:12:13","2","default","115855972","OXY_CH2","46.644","min","181.964","µmol/L","Humid","20.977","deg","80970","µV","29.530","°C","1016.000","hPa","35.3","pmil","0","53.237","deg","23.954","°C","100.000","%a.s.","21.023","deg","23.635","°C","1019.000","hPa","0.861","-0.02617","0.00035","0","0","13.56","Humid","28.00","0","54.00","362328.45","SABD0000000001","AAV1.0.0.11","1.1.2.0","PSt7-10","170328-007","9/30/2017 19:06:43","0000-00","0","no battery","V"
"09/09/2020","10:12:14","2","default","115855972","OXY_CH2","46.661","min","182.005","µmol/L","Humid","20.973","deg","80975","µV","29.535","°C","1016.000","hPa","35.3","pmil","0","53.237","deg","23.954","°C","100.000","%a.s.","21.023","deg","23.635","°C","1019.000","hPa","0.861","-0.02617","0.00035","0","0","13.56","Humid","28.00","0","54.00","362340.36","SABD0000000001","AAV1.0.0.11","1.1.2.0","PSt7-10","170328-007","9/30/2017 19:06:43","0000-00","0","no battery","V"
"09/09/2020","10:12:15","2","default","115855972","OXY_CH2","46.678","min","182.071","µmol/L","Humid","20.972","deg","80982","µV","29.526","°C","1016.000","hPa","35.3","pmil","0","53.237","deg","23.954","°C","100.000","%a.s.","21.023","deg","23.635","°C","1019.000","hPa","0.861","-0.02617","0.00035","0","0","13.56","Humid","28.00","0","54.00","362335.10","SABD0000000001","AAV1.0.0.11","1.1.2.0","PSt7-10","170328-007","9/30/2017 19:06:43","0000-00","0","no battery","V"
"09/09/2020","10:12:16","2","default","115855972","OXY_CH2","46.694","min","182.006","µmol/L","Humid","20.974","deg","80978","µV","29.532","°C","1016.000","hPa","35.3","pmil","0","53.237","deg","23.954","°C","100.000","%a.s.","21.023","deg","23.635","°C","1019.000","hPa","0.861","-0.02617","0.00035","0","0","13.56","Humid","28.00","0","54.00","362327.89","SABD0000000001","AAV1.0.0.11","1.1.2.0","PSt7-10","170328-007","9/30/2017 19:06:43","0000-00","0","no battery","V"
"09/09/2020","10:12:17","2","default","115855972","OXY_CH2","46.710","min","181.946","µmol/L","Humid","20.978","deg","80978","µV","29.530","°C","1016.000","hPa","35.3","pmil","0","53.237","deg","23.954","°C","100.000","%a.s.","21.023","deg","23.635","°C","1019.000","hPa","0.861","-0.02617","0.00035","0","0","13.56","Humid","28.00","0","54.00","362339.04","SABD0000000001","AAV1.0.0.11","1.1.2.0","PSt7-10","170328-007","9/30/2017 19:06:43","0000-00","0","no battery","V"
"09/09/2020","10:12:18","2","default","115855972","OXY_CH2","46.727","min","182.030","µmol/L","Humid","20.976","deg","80970","µV","29.522","°C","1016.000","hPa","35.3","pmil","0","53.237","deg","23.954","°C","100.000","%a.s.","21.023","deg","23.635","°C","1019.000","hPa","0.861","-0.02617","0.00035","0","0","13.56","Humid","28.00","0","54.00","362323.92","SABD0000000001","AAV1.0.0.11","1.1.2.0","PSt7-10","170328-007","9/30/2017 19:06:43","0000-00","0","no battery","V"
"09/09/2020","10:12:19","2","default","115855972","OXY_CH2","46.744","min","181.971","µmol/L","Humid","20.974","deg","80966","µV","29.538","°C","1016.000","hPa","35.3","pmil","0","53.237","deg","23.954","°C","100.000","%a.s.","21.023","deg","23.635","°C","1019.000","hPa","0.861","-0.02617","0.00035","0","0","13.56","Humid","28.00","0","54.00","362330.10","SABD0000000001","AAV1.0.0.11","1.1.2.0","PSt7-10","170328-007","9/30/2017 19:06:43","0000-00","0","no battery","V"
"09/09/2020","10:12:20","2","default","115855972","OXY_CH2","46.760","min","182.097","µmol/L","Humid","20.974","deg","80972","µV","29.516","°C","1016.000","hPa","35.3","pmil","0","53.237","deg","23.954","°C","100.000","%a.s.","21.023","deg","23.635","°C","1019.000","hPa","0.861","-0.02617","0.00035","0","0","13.56","Humid","28.00","0","54.00","362324.50","SABD0000000001","AAV1.0.0.11","1.1.2.0","PSt7-10","170328-007","9/30/2017 19:06:43","0000-00","0","no battery","V"
"09/09/2020","10:12:21","2","default","115855972","OXY_CH2","46.777","min","182.001","µmol/L","Humid","20.976","deg","80964","µV","29.527","°C","1016.000","hPa","35.3","pmil","0","53.237","deg","23.954","°C","100.000","%a.s.","21.023","deg","23.635","°C","1019.000","hPa","0.861","-0.02617","0.00035","0","0","13.56","Humid","28.00","0","54.00","362328.38","SABD0000000001","AAV1.0.0.11","1.1.2.0","PSt7-10","170328-007","9/30/2017 19:06:43","0000-00","0","no battery","V"
"09/09/2020","10:12:22","2","default","115855972","OXY_CH2","46.794","min","182.092","µmol/L","Humid","20.972","deg","80973","µV","29.522","°C","1016.000","hPa","35.3","pmil","0","53.237","deg","23.954","°C","100.000","%a.s.","21.023","deg","23.635","°C","1019.000","hPa","0.861","-0.02617","0.00035","0","0","13.56","Humid","28.00","0","54.00","362308.99","SABD0000000001","AAV1.0.0.11","1.1.2.0","PSt7-10","170328-007","9/30/2017 19:06:43","0000-00","0","no battery","V"
"09/09/2020","10:12:23","2","default","115855972","OXY_CH2","46.810","min","181.970","µmol/L","Humid","20.973","deg","80967","µV","29.541","°C","1016.000","hPa","35.3","pmil","0","53.237","deg","23.954","°C","100.000","%a.s.","21.023","deg","23.635","°C","1019.000","hPa","0.861","-0.02617","0.00035","0","0","13.56","Humid","28.00","0","54.00","362330.98","SABD0000000001","AAV1.0.0.11","1.1.2.0","PSt7-10","170328-007","9/30/2017 19:06:43","0000-00","0","no battery","V"
"09/09/2020","10:12:24","2","default","115855972","OXY_CH2","46.827","min","181.810","µmol/L","Humid","20.975","deg","80971","µV","29.563","°C","1016.000","hPa","35.3","pmil","0","53.237","deg","23.954","°C","100.000","%a.s.","21.023","deg","23.635","°C","1019.000","hPa","0.861","-0.02617","0.00035","0","0","13.56","Humid","28.00","0","54.00","362322.64","SABD0000000001","AAV1.0.0.11","1.1.2.0","PSt7-10","170328-007","9/30/2017 19:06:43","0000-00","0","no battery","V"
"09/09/2020","10:12:25","2","default","115855972","OXY_CH2","46.844","min","182.098","µmol/L","Humid","20.969","deg","80968","µV","29.530","°C","1016.000","hPa","35.3","pmil","0","53.237","deg","23.954","°C","100.000","%a.s.","21.023","deg","23.635","°C","1019.000","hPa","0.861","-0.02617","0.00035","0","0","13.56","Humid","28.00","0","54.00","362322.41","SABD0000000001","AAV1.0.0.11","1.1.2.0","PSt7-10","170328-007","9/30/2017 19:06:43","0000-00","0","no battery","V"
"09/09/2020","10:12:26","2","default","115855972","OXY_CH2","46.861","min","182.042","µmol/L","Humid","20.970","deg","80969","µV","29.537","°C","1016.000","hPa","35.3","pmil","0","53.237","deg","23.954","°C","100.000","%a.s.","21.023","deg","23.635","°C","1019.000","hPa","0.861","-0.02617","0.00035","0","0","13.56","Humid","28.00","0","54.00","362321.15","SABD0000000001","AAV1.0.0.11","1.1.2.0","PSt7-10","170328-007","9/30/2017 19:06:43","0000-00","0","no battery","V"
"09/09/2020","10:12:27","2","default","115855972","OXY_CH2","46.877","min","181.971","µmol/L","Humid","20.973","deg","80966","µV","29.541","°C","1016.000","hPa","35.3","pmil","0","53.237","deg","23.954","°C","100.000","%a.s.","21.023","deg","23.635","°C","1019.000","hPa","0.861","-0.02617","0.00035","0","0","13.56","Humid","28.00","0","54.00","362316.53","SABD0000000001","AAV1.0.0.11","1.1.2.0","PSt7-10","170328-007","9/30/2017 19:06:43","0000-00","0","no battery","V"
"09/09/2020","10:12:28","2","default","115855972","OXY_CH2","46.894","min","182.110","µmol/L","Humid","20.968","deg","80967","µV","29.531","°C","1016.000","hPa","35.3","pmil","0","53.237","deg","23.954","°C","100.000","%a.s.","21.023","deg","23.635","°C","1019.000","hPa","0.861","-0.02617","0.00035","0","0","13.56","Humid","28.00","0","54.00","362321.17","SABD0000000001","AAV1.0.0.11","1.1.2.0","PSt7-10","170328-007","9/30/2017 19:06:43","0000-00","0","no battery","V"
"09/09/2020","10:12:29","2","default","115855972","OXY_CH2","46.910","min","182.011","µmol/L","Humid","20.968","deg","80962","µV","29.548","°C","1016.000","hPa","35.3","pmil","0","53.237","deg","23.954","°C","100.000","%a.s.","21.023","deg","23.635","°C","1019.000","hPa","0.861","-0.02617","0.00035","0","0","13.56","Humid","28.00","0","54.00","362311.90","SABD0000000001","AAV1.0.0.11","1.1.2.0","PSt7-10","170328-007","9/30/2017 19:06:43","0000-00","0","no battery","V"
"09/09/2020","10:12:30","2","default","115855972","OXY_CH2","46.927","min","181.993","µmol/L","Humid","20.972","deg","80966","µV","29.540","°C","1016.000","hPa","35.3","pmil","0","53.237","deg","23.954","°C","100.000","%a.s.","21.023","deg","23.635","°C","1019.000","hPa","0.861","-0.02617","0.00035","0","0","13.56","Humid","28.00","0","54.00","362310.50","SABD0000000001","AAV1.0.0.11","1.1.2.0","PSt7-10","170328-007","9/30/2017 19:06:43","0000-00","0","no battery","V"
"09/09/2020","10:12:31","2","default","115855972","OXY_CH2","46.944","min","181.919","µmol/L","Humid","20.977","deg","80961","µV","29.538","°C","1016.000","hPa","35.3","pmil","0","53.237","deg","23.954","°C","100.000","%a.s.","21.023","deg","23.635","°C","1019.000","hPa","0.861","-0.02617","0.00035","0","0","13.56","Humid","28.00","0","54.00","362312.04","SABD0000000001","AAV1.0.0.11","1.1.2.0","PSt7-10","170328-007","9/30/2017 19:06:43","0000-00","0","no battery","V"
"09/09/2020","10:12:32","2","default","115855972","OXY_CH2","46.961","min","182.035","µmol/L","Humid","20.975","deg","80966","µV","29.523","°C","1016.000","hPa","35.3","pmil","0","53.237","deg","23.954","°C","100.000","%a.s.","21.023","deg","23.635","°C","1019.000","hPa","0.861","-0.02617","0.00035","0","0","13.56","Humid","28.00","0","54.00","362319.59","SABD0000000001","AAV1.0.0.11","1.1.2.0","PSt7-10","170328-007","9/30/2017 19:06:43","0000-00","0","no battery","V"
"09/09/2020","10:12:33","2","default","115855972","OXY_CH2","46.977","min","182.057","µmol/L","Humid","20.972","deg","80962","µV","29.528","°C","1016.000","hPa","35.3","pmil","0","53.237","deg","23.954","°C","100.000","%a.s.","21.023","deg","23.635","°C","1019.000","hPa","0.861","-0.02617","0.00035","0","0","13.56","Humid","28.00","0","54.00","362307.69","SABD0000000001","AAV1.0.0.11","1.1.2.0","PSt7-10","170328-007","9/30/2017 19:06:43","0000-00","0","no battery","V"
"09/09/2020","10:12:34","2","default","115855972","OXY_CH2","46.994","min","182.018","µmol/L","Humid","20.969","deg","80966","µV","29.544","°C","1016.000","hPa","35.3","pmil","0","53.237","deg","23.954","°C","100.000","%a.s.","21.023","deg","23.635","°C","1019.000","hPa","0.861","-0.02617","0.00035","0","0","13.56","Humid","28.00","0","54.00","362312.31","SABD0000000001","AAV1.0.0.11","1.1.2.0","PSt7-10","170328-007","9/30/2017 19:06:43","0000-00","0","no battery","V"
"09/09/2020","10:12:35","2","default","115855972","OXY_CH2","47.011","min","182.020","µmol/L","Humid","20.973","deg","80970","µV","29.532","°C","1016.000","hPa","35.3","pmil","0","53.237","deg","23.954","°C","100.000","%a.s.","21.023","deg","23.635","°C","1019.000","hPa","0.861","-0.02617","0.00035","0","0","13.56","Humid","28.00","0","54.00","362312.68","SABD0000000001","AAV1.0.0.11","1.1.2.0","PSt7-10","170328-007","9/30/2017 19:06:43","0000-00","0","no battery","V"
"09/09/2020","10:12:36","2","default","115855972","OXY_CH2","47.027","min","182.021","µmol/L","Humid","20.973","deg","80958","µV","29.532","°C","1016.000","hPa","35.3","pmil","0","53.237","deg","23.954","°C","100.000","%a.s.","21.023","deg","23.635","°C","1019.000","hPa","0.861","-0.02617","0.00035","0","0","13.56","Humid","28.00","0","54.00","362306.68","SABD0000000001","AAV1.0.0.11","1.1.2.0","PSt7-10","170328-007","9/30/2017 19:06:43","0000-00","0","no battery","V"
"09/09/2020","10:12:37","2","default","115855972","OXY_CH2","47.044","min","181.938","µmol/L","Humid","20.974","deg","80960","µV","29.543","°C","1016.000","hPa","35.3","pmil","0","53.237","deg","23.954","°C","100.000","%a.s.","21.023","deg","23.635","°C","1019.000","hPa","0.861","-0.02617","0.00035","0","0","13.56","Humid","28.00","0","54.00","362319.03","SABD0000000001","AAV1.0.0.11","1.1.2.0","PSt7-10","170328-007","9/30/2017 19:06:43","0000-00","0","no battery","V"
"09/09/2020","10:12:38","2","default","115855972","OXY_CH2","47.061","min","182.015","µmol/L","Humid","20.970","deg","80960","µV","29.542","°C","1016.000","hPa","35.3","pmil","0","53.237","deg","23.954","°C","100.000","%a.s.","21.023","deg","23.635","°C","1019.000","hPa","0.861","-0.02617","0.00035","0","0","13.56","Humid","28.00","0","54.00","362307.28","SABD0000000001","AAV1.0.0.11","1.1.2.0","PSt7-10","170328-007","9/30/2017 19:06:43","0000-00","0","no battery","V"
"09/09/2020","10:12:39","2","default","115855972","OXY_CH2","47.078","min","182.034","µmol/L","Humid","20.972","deg","80959","µV","29.532","°C","1016.000","hPa","35.3","pmil","0","53.237","deg","23.954","°C","100.000","%a.s.","21.023","deg","23.635","°C","1019.000","hPa","0.861","-0.02617","0.00035","0","0","13.56","Humid","28.00","0","54.00","362301.10","SABD0000000001","AAV1.0.0.11","1.1.2.0","PSt7-10","170328-007","9/30/2017 19:06:43","0000-00","0","no battery","V"
"09/09/2020","10:12:40","2","default","115855972","OXY_CH2","47.094","min","182.043","µmol/L","Humid","20.971","deg","80951","µV","29.534","°C","1016.000","hPa","35.3","pmil","0","53.237","deg","23.954","°C","100.000","%a.s.","21.023","deg","23.635","°C","1019.000","hPa","0.861","-0.02617","0.00035","0","0","13.56","Humid","28.00","0","54.00","362299.41","SABD0000000001","AAV1.0.0.11","1.1.2.0","PSt7-10","170328-007","9/30/2017 19:06:43","0000-00","0","no battery","V"
"09/09/2020","10:12:41","2","default","115855972","OXY_CH2","47.111","min","182.069","µmol/L","Humid","20.967","deg","80956","µV","29.541","°C","1016.000","hPa","35.3","pmil","0","53.237","deg","23.954","°C","100.000","%a.s.","21.023","deg","23.635","°C","1019.000","hPa","0.861","-0.02617","0.00035","0","0","13.56","Humid","28.00","0","54.00","362290.74","SABD0000000001","AAV1.0.0.11","1.1.2.0","PSt7-10","170328-007","9/30/2017 19:06:43","0000-00","0","no battery","V"
"09/09/2020","10:12:42","2","default","115855972","OXY_CH2","47.128","min","181.891","µmol/L","Humid","20.970","deg","80955","µV","29.563","°C","1016.000","hPa","35.3","pmil","0","53.237","deg","23.954","°C","100.000","%a.s.","21.023","deg","23.635","°C","1019.000","hPa","0.861","-0.02617","0.00035","0","0","13.56","Humid","28.00","0","54.00","362289.97","SABD0000000001","AAV1.0.0.11","1.1.2.0","PSt7-10","170328-007","9/30/2017 19:06:43","0000-00","0","no battery","V"
"09/09/2020","10:12:43","2","default","115855972","OXY_CH2","47.144","min","182.037","µmol/L","Humid","20.974","deg","80960","µV","29.526","°C","1016.000","hPa","35.3","pmil","0","53.237","deg","23.954","°C","100.000","%a.s.","21.023","deg","23.635","°C","1019.000","hPa","0.861","-0.02617","0.00035","0","0","13.56","Humid","28.00","0","54.00","362295.95","SABD0000000001","AAV1.0.0.11","1.1.2.0","PSt7-10","170328-007","9/30/2017 19:06:43","0000-00","0","no battery","V"
"09/09/2020","10:12:44","2","default","115855972","OXY_CH2","47.161","min","182.051","µmol/L","Humid","20.970","deg","80953","µV","29.535","°C","1016.000","hPa","35.3","pmil","0","53.237","deg","23.954","°C","100.000","%a.s.","21.023","deg","23.635","°C","1019.000","hPa","0.861","-0.02617","0.00035","0","0","13.56","Humid","28.00","0","54.00","362293.41","SABD0000000001","AAV1.0.0.11","1.1.2.0","PSt7-10","170328-007","9/30/2017 19:06:43","0000-00","0","no battery","V"
"09/09/2020","10:12:45","2","default","115855972","OXY_CH2","47.177","min","182.015","µmol/L","Humid","20.970","deg","80952","µV","29.542","°C","1016.000","hPa","35.3","pmil","0","53.237","deg","23.954","°C","100.000","%a.s.","21.023","deg","23.635","°C","1019.000","hPa","0.861","-0.02617","0.00035","0","0","13.56","Humid","28.00","0","54.00","362293.98","SABD0000000001","AAV1.0.0.11","1.1.2.0","PSt7-10","170328-007","9/30/2017 19:06:43","0000-00","0","no battery","V"
"09/09/2020","10:12:46","2","default","115855972","OXY_CH2","47.194","min","181.988","µmol/L","Humid","20.969","deg","80949","µV","29.549","°C","1016.000","hPa","35.3","pmil","0","53.237","deg","23.954","°C","100.000","%a.s.","21.023","deg","23.635","°C","1019.000","hPa","0.861","-0.02617","0.00035","0","0","13.56","Humid","28.00","0","54.00","362297.31","SABD0000000001","AAV1.0.0.11","1.1.2.0","PSt7-10","170328-007","9/30/2017 19:06:43","0000-00","0","no battery","V"
"09/09/2020","10:12:47","2","default","115855972","OXY_CH2","47.211","min","182.024","µmol/L","Humid","20.970","deg","80956","µV","29.540","°C","1016.000","hPa","35.3","pmil","0","53.237","deg","23.954","°C","100.000","%a.s.","21.023","deg","23.635","°C","1019.000","hPa","0.861","-0.02617","0.00035","0","0","13.56","Humid","28.00","0","54.00","362303.96","SABD0000000001","AAV1.0.0.11","1.1.2.0","PSt7-10","170328-007","9/30/2017 19:06:43","0000-00","0","no battery","V"
"09/09/2020","10:12:48","2","default","115855972","OXY_CH2","47.227","min","182.045","µmol/L","Humid","20.970","deg","80955","µV","29.536","°C","1016.000","hPa","35.3","pmil","0","53.237","deg","23.954","°C","100.000","%a.s.","21.023","deg","23.635","°C","1019.000","hPa","0.861","-0.02617","0.00035","0","0","13.56","Humid","28.00","0","54.00","362292.83","SABD0000000001","AAV1.0.0.11","1.1.2.0","PSt7-10","170328-007","9/30/2017 19:06:43","0000-00","0","no battery","V"
"09/09/2020","10:12:49","2","default","115855972","OXY_CH2","47.244","min","181.981","µmol/L","Humid","20.971","deg","80949","µV","29.545","°C","1016.000","hPa","35.3","pmil","0","53.237","deg","23.954","°C","100.000","%a.s.","21.023","deg","23.635","°C","1019.000","hPa","0.861","-0.02617","0.00035","0","0","13.56","Humid","28.00","0","54.00","362298.50","SABD0000000001","AAV1.0.0.11","1.1.2.0","PSt7-10","170328-007","9/30/2017 19:06:43","0000-00","0","no battery","V"
"09/09/2020","10:12:50","2","default","115855972","OXY_CH2","47.261","min","182.052","µmol/L","Humid","20.969","deg","80948","µV","29.538","°C","1016.000","hPa","35.3","pmil","0","53.237","deg","23.954","°C","100.000","%a.s.","21.023","deg","23.635","°C","1019.000","hPa","0.861","-0.02617","0.00035","0","0","13.56","Humid","28.00","0","54.00","362306.07","SABD0000000001","AAV1.0.0.11","1.1.2.0","PSt7-10","170328-007","9/30/2017 19:06:43","0000-00","0","no battery","V"
"09/09/2020","10:12:51","2","default","115855972","OXY_CH2","47.277","min","181.891","µmol/L","Humid","20.975","deg","80943","µV","29.549","°C","1016.000","hPa","35.3","pmil","0","53.237","deg","23.954","°C","100.000","%a.s.","21.023","deg","23.635","°C","1019.000","hPa","0.861","-0.02617","0.00035","0","0","13.56","Humid","28.00","0","54.00","362285.31","SABD0000000001","AAV1.0.0.11","1.1.2.0","PSt7-10","170328-007","9/30/2017 19:06:43","0000-00","0","no battery","V"
"09/09/2020","10:12:52","2","default","115855972","OXY_CH2","47.294","min","182.011","µmol/L","Humid","20.969","deg","80951","µV","29.545","°C","1016.000","hPa","35.3","pmil","0","53.237","deg","23.954","°C","100.000","%a.s.","21.023","deg","23.635","°C","1019.000","hPa","0.861","-0.02617","0.00035","0","0","13.56","Humid","28.00","0","54.00","362282.94","SABD0000000001","AAV1.0.0.11","1.1.2.0","PSt7-10","170328-007","9/30/2017 19:06:43","0000-00","0","no battery","V"
"09/09/2020","10:12:53","2","default","115855972","OXY_CH2","47.311","min","182.101","µmol/L","Humid","20.968","deg","80946","µV","29.532","°C","1016.000","hPa","35.3","pmil","0","53.237","deg","23.954","°C","100.000","%a.s.","21.023","deg","23.635","°C","1019.000","hPa","0.861","-0.02617","0.00035","0","0","13.56","Humid","28.00","0","54.00","362289.47","SABD0000000001","AAV1.0.0.11","1.1.2.0","PSt7-10","170328-007","9/30/2017 19:06:43","0000-00","0","no battery","V"
"09/09/2020","10:12:54","2","default","115855972","OXY_CH2","47.327","min","182.047","µmol/L","Humid","20.968","deg","80938","µV","29.542","°C","1016.000","hPa","35.3","pmil","0","53.237","deg","23.954","°C","100.000","%a.s.","21.023","deg","23.635","°C","1019.000","hPa","0.861","-0.02617","0.00035","0","0","13.56","Humid","28.00","0","54.00","362276.23","SABD0000000001","AAV1.0.0.11","1.1.2.0","PSt7-10","170328-007","9/30/2017 19:06:43","0000-00","0","no battery","V"
"09/09/2020","10:12:55","2","default","115855972","OXY_CH2","47.344","min","182.022","µmol/L","Humid","20.968","deg","80935","µV","29.546","°C","1016.000","hPa","35.3","pmil","0","53.237","deg","23.954","°C","100.000","%a.s.","21.023","deg","23.635","°C","1019.000","hPa","0.861","-0.02617","0.00035","0","0","13.56","Humid","28.00","0","54.00","362291.78","SABD0000000001","AAV1.0.0.11","1.1.2.0","PSt7-10","170328-007","9/30/2017 19:06:43","0000-00","0","no battery","V"
"09/09/2020","10:12:56","2","default","115855972","OXY_CH2","47.361","min","181.954","µmol/L","Humid","20.970","deg","80944","µV","29.552","°C","1016.000","hPa","35.3","pmil","0","53.237","deg","23.954","°C","100.000","%a.s.","21.023","deg","23.635","°C","1019.000","hPa","0.861","-0.02617","0.00035","0","0","13.56","Humid","28.00","0","54.00","362280.61","SABD0000000001","AAV1.0.0.11","1.1.2.0","PSt7-10","170328-007","9/30/2017 19:06:43","0000-00","0","no battery","V"
"09/09/2020","10:12:57","2","default","115855972","OXY_CH2","47.377","min","182.009","µmol/L","Humid","20.971","deg","80942","µV","29.540","°C","1016.000","hPa","35.3","pmil","0","53.237","deg","23.954","°C","100.000","%a.s.","21.023","deg","23.635","°C","1019.000","hPa","0.861","-0.02617","0.00035","0","0","13.56","Humid","28.00","0","54.00","362289.30","SABD0000000001","AAV1.0.0.11","1.1.2.0","PSt7-10","170328-007","9/30/2017 19:06:43","0000-00","0","no battery","V"
"09/09/2020","10:12:58","2","default","115855972","OXY_CH2","47.394","min","182.018","µmol/L","Humid","20.970","deg","80940","µV","29.541","°C","1016.000","hPa","35.3","pmil","0","53.237","deg","23.954","°C","100.000","%a.s.","21.023","deg","23.635","°C","1019.000","hPa","0.861","-0.02617","0.00035","0","0","13.56","Humid","28.00","0","54.00","362284.32","SABD0000000001","AAV1.0.0.11","1.1.2.0","PSt7-10","170328-007","9/30/2017 19:06:43","0000-00","0","no battery","V"
"09/09/2020","10:12:59","2","default","115855972","OXY_CH2","47.411","min","182.045","µmol/L","Humid","20.969","deg","80936","µV","29.539","°C","1016.000","hPa","35.3","pmil","0","53.237","deg","23.954","°C","100.000","%a.s.","21.023","deg","23.635","°C","1019.000","hPa","0.861","-0.02617","0.00035","0","0","13.56","Humid","28.00","0","54.00","362284.37","SABD0000000001","AAV1.0.0.11","1.1.2.0","PSt7-10","170328-007","9/30/2017 19:06:43","0000-00","0","no battery","V"
"09/09/2020","10:13:00","2","default","115855972","OXY_CH2","47.427","min","181.947","µmol/L","Humid","20.971","deg","80942","µV","29.551","°C","1016.000","hPa","35.3","pmil","0","53.237","deg","23.954","°C","100.000","%a.s.","21.023","deg","23.635","°C","1019.000","hPa","0.861","-0.02617","0.00035","0","0","13.56","Humid","28.00","0","54.00","362278.10","SABD0000000001","AAV1.0.0.11","1.1.2.0","PSt7-10","170328-007","9/30/2017 19:06:43","0000-00","0","no battery","V"
"09/09/2020","10:13:01","2","default","115855972","OXY_CH2","47.444","min","182.019","µmol/L","Humid","20.966","deg","80936","µV","29.552","°C","1016.000","hPa","35.3","pmil","0","53.237","deg","23.954","°C","100.000","%a.s.","21.023","deg","23.635","°C","1019.000","hPa","0.861","-0.02617","0.00035","0","0","13.56","Humid","28.00","0","54.00","362285.73","SABD0000000001","AAV1.0.0.11","1.1.2.0","PSt7-10","170328-007","9/30/2017 19:06:43","0000-00","0","no battery","V"
"09/09/2020","10:13:02","2","default","115855972","OXY_CH2","47.461","min","181.887","µmol/L","Humid","20.968","deg","80937","µV","29.570","°C","1016.000","hPa","35.3","pmil","0","53.237","deg","23.954","°C","100.000","%a.s.","21.023","deg","23.635","°C","1019.000","hPa","0.861","-0.02617","0.00035","0","0","13.56","Humid","28.00","0","54.00","362285.99","SABD0000000001","AAV1.0.0.11","1.1.2.0","PSt7-10","170328-007","9/30/2017 19:06:43","0000-00","0","no battery","V"
"09/09/2020","10:13:03","2","default","115855972","OXY_CH2","47.478","min","181.990","µmol/L","Humid","20.968","deg","80935","µV","29.552","°C","1016.000","hPa","35.3","pmil","0","53.237","deg","23.954","°C","100.000","%a.s.","21.023","deg","23.635","°C","1019.000","hPa","0.861","-0.02617","0.00035","0","0","13.56","Humid","28.00","0","54.00","362278.68","SABD0000000001","AAV1.0.0.11","1.1.2.0","PSt7-10","170328-007","9/30/2017 19:06:43","0000-00","0","no battery","V"
"09/09/2020","10:13:04","2","default","115855972","OXY_CH2","47.494","min","182.008","µmol/L","Humid","20.967","deg","80938","µV","29.551","°C","1016.000","hPa","35.3","pmil","0","53.237","deg","23.954","°C","100.000","%a.s.","21.023","deg","23.635","°C","1019.000","hPa","0.861","-0.02617","0.00035","0","0","13.56","Humid","28.00","0","54.00","362279.00","SABD0000000001","AAV1.0.0.11","1.1.2.0","PSt7-10","170328-007","9/30/2017 19:06:43","0000-00","0","no battery","V"
"09/09/2020","10:13:05","2","default","115855972","OXY_CH2","47.511","min","182.036","µmol/L","Humid","20.963","deg","80932","µV","29.558","°C","1016.000","hPa","35.3","pmil","0","53.237","deg","23.954","°C","100.000","%a.s.","21.023","deg","23.635","°C","1019.000","hPa","0.861","-0.02617","0.00035","0","0","13.56","Humid","28.00","0","54.00","362268.19","SABD0000000001","AAV1.0.0.11","1.1.2.0","PSt7-10","170328-007","9/30/2017 19:06:43","0000-00","0","no battery","V"
"09/09/2020","10:13:06","2","default","115855972","OXY_CH2","47.528","min","182.000","µmol/L","Humid","20.966","deg","80935","µV","29.556","°C","1016.000","hPa","35.3","pmil","0","53.237","deg","23.954","°C","100.000","%a.s.","21.023","deg","23.635","°C","1019.000","hPa","0.861","-0.02617","0.00035","0","0","13.56","Humid","28.00","0","54.00","362274.04","SABD0000000001","AAV1.0.0.11","1.1.2.0","PSt7-10","170328-007","9/30/2017 19:06:43","0000-00","0","no battery","V"
"09/09/2020","10:13:07","2","default","115855972","OXY_CH2","47.544","min","182.012","µmol/L","Humid","20.965","deg","80928","µV","29.556","°C","1016.000","hPa","35.3","pmil","0","53.237","deg","23.954","°C","100.000","%a.s.","21.023","deg","23.635","°C","1019.000","hPa","0.861","-0.02617","0.00035","0","0","13.56","Humid","28.00","0","54.00","362271.50","SABD0000000001","AAV1.0.0.11","1.1.2.0","PSt7-10","170328-007","9/30/2017 19:06:43","0000-00","0","no battery","V"
"09/09/2020","10:13:08","2","default","115855972","OXY_CH2","47.560","min","182.113","µmol/L","Humid","20.963","deg","80935","µV","29.545","°C","1016.000","hPa","35.3","pmil","0","53.237","deg","23.954","°C","100.000","%a.s.","21.023","deg","23.635","°C","1019.000","hPa","0.861","-0.02617","0.00035","0","0","13.56","Humid","28.00","0","54.00","362276.86","SABD0000000001","AAV1.0.0.11","1.1.2.0","PSt7-10","170328-007","9/30/2017 19:06:43","0000-00","0","no battery","V"
"09/09/2020","10:13:09","2","default","115855972","OXY_CH2","47.577","min","182.017","µmol/L","Humid","20.967","deg","80935","µV","29.550","°C","1016.000","hPa","35.3","pmil","0","53.237","deg","23.954","°C","100.000","%a.s.","21.023","deg","23.635","°C","1019.000","hPa","0.861","-0.02617","0.00035","0","0","13.56","Humid","28.00","0","54.00","362277.61","SABD0000000001","AAV1.0.0.11","1.1.2.0","PSt7-10","170328-007","9/30/2017 19:06:43","0000-00","0","no battery","V"
"09/09/2020","10:13:10","2","default","115855972","OXY_CH2","47.594","min","182.084","µmol/L","Humid","20.966","deg","80932","µV","29.541","°C","1016.000","hPa","35.3","pmil","0","53.237","deg","23.954","°C","100.000","%a.s.","21.023","deg","23.635","°C","1019.000","hPa","0.861","-0.02617","0.00035","0","0","13.56","Humid","28.00","0","54.00","362277.65","SABD0000000001","AAV1.0.0.11","1.1.2.0","PSt7-10","170328-007","9/30/2017 19:06:43","0000-00","0","no battery","V"
"09/09/2020","10:13:11","2","default","115855972","OXY_CH2","47.611","min","181.968","µmol/L","Humid","20.969","deg","80923","µV","29.553","°C","1016.000","hPa","35.3","pmil","0","53.237","deg","23.954","°C","100.000","%a.s.","21.023","deg","23.635","°C","1019.000","hPa","0.861","-0.02617","0.00035","0","0","13.56","Humid","28.00","0","54.00","362263.82","SABD0000000001","AAV1.0.0.11","1.1.2.0","PSt7-10","170328-007","9/30/2017 19:06:43","0000-00","0","no battery","V"
"09/09/2020","10:13:12","2","default","115855972","OXY_CH2","47.628","min","182.036","µmol/L","Humid","20.966","deg","80925","µV","29.549","°C","1016.000","hPa","35.3","pmil","0","53.237","deg","23.954","°C","100.000","%a.s.","21.023","deg","23.635","°C","1019.000","hPa","0.861","-0.02617","0.00035","0","0","13.56","Humid","28.00","0","54.00","362266.22","SABD0000000001","AAV1.0.0.11","1.1.2.0","PSt7-10","170328-007","9/30/2017 19:06:43","0000-00","0","no battery","V"
"09/09/2020","10:13:13","2","default","115855972","OXY_CH2","47.644","min","181.974","µmol/L","Humid","20.966","deg","80928","µV","29.560","°C","1016.000","hPa","35.3","pmil","0","53.237","deg","23.954","°C","100.000","%a.s.","21.023","deg","23.635","°C","1019.000","hPa","0.861","-0.02617","0.00035","0","0","13.56","Humid","28.00","0","54.00","362263.24","SABD0000000001","AAV1.0.0.11","1.1.2.0","PSt7-10","170328-007","9/30/2017 19:06:43","0000-00","0","no battery","V"
"09/09/2020","10:13:14","2","default","115855972","OXY_CH2","47.661","min","181.969","µmol/L","Humid","20.968","deg","80926","µV","29.555","°C","1016.000","hPa","35.3","pmil","0","53.237","deg","23.954","°C","100.000","%a.s.","21.023","deg","23.635","°C","1019.000","hPa","0.861","-0.02617","0.00035","0","0","13.56","Humid","28.00","0","54.00","362268.81","SABD0000000001","AAV1.0.0.11","1.1.2.0","PSt7-10","170328-007","9/30/2017 19:06:43","0000-00","0","no battery","V"
"09/09/2020","10:13:15","2","default","115855972","OXY_CH2","47.678","min","182.015","µmol/L","Humid","20.962","deg","80928","µV","29.565","°C","1016.000","hPa","35.3","pmil","0","53.237","deg","23.954","°C","100.000","%a.s.","21.023","deg","23.635","°C","1019.000","hPa","0.861","-0.02617","0.00035","0","0","13.56","Humid","28.00","0","54.00","362265.98","SABD0000000001","AAV1.0.0.11","1.1.2.0","PSt7-10","170328-007","9/30/2017 19:06:43","0000-00","0","no battery","V"
"09/09/2020","10:13:16","2","default","115855972","OXY_CH2","47.694","min","182.016","µmol/L","Humid","20.965","deg","80921","µV","29.556","°C","1016.000","hPa","35.3","pmil","0","53.237","deg","23.954","°C","100.000","%a.s.","21.023","deg","23.635","°C","1019.000","hPa","0.861","-0.02617","0.00035","0","0","13.56","Humid","28.00","0","54.00","362249.71","SABD0000000001","AAV1.0.0.11","1.1.2.0","PSt7-10","170328-007","9/30/2017 19:06:43","0000-00","0","no battery","V"
"09/09/2020","10:13:17","2","default","115855972","OXY_CH2","47.711","min","181.973","µmol/L","Humid","20.968","deg","80928","µV","29.555","°C","1016.000","hPa","35.3","pmil","0","53.237","deg","23.954","°C","100.000","%a.s.","21.023","deg","23.635","°C","1019.000","hPa","0.861","-0.02617","0.00035","0","0","13.56","Humid","28.00","0","54.00","362258.71","SABD0000000001","AAV1.0.0.11","1.1.2.0","PSt7-10","170328-007","9/30/2017 19:06:43","0000-00","0","no battery","V"
"09/09/2020","10:13:18","2","default","115855972","OXY_CH2","47.728","min","182.011","µmol/L","Humid","20.970","deg","80924","µV","29.542","°C","1016.000","hPa","35.3","pmil","0","53.237","deg","23.954","°C","100.000","%a.s.","21.023","deg","23.635","°C","1019.000","hPa","0.861","-0.02617","0.00035","0","0","13.56","Humid","28.00","0","54.00","362254.35","SABD0000000001","AAV1.0.0.11","1.1.2.0","PSt7-10","170328-007","9/30/2017 19:06:43","0000-00","0","no battery","V"
"09/09/2020","10:13:19","2","default","115855972","OXY_CH2","47.744","min","182.055","µmol/L","Humid","20.965","deg","80923","µV","29.549","°C","1016.000","hPa","35.3","pmil","0","53.237","deg","23.954","°C","100.000","%a.s.","21.023","deg","23.635","°C","1019.000","hPa","0.861","-0.02617","0.00035","0","0","13.56","Humid","28.00","0","54.00","362265.07","SABD0000000001","AAV1.0.0.11","1.1.2.0","PSt7-10","170328-007","9/30/2017 19:06:43","0000-00","0","no battery","V"
"09/09/2020","10:13:20","2","default","115855972","OXY_CH2","47.761","min","181.964","µmol/L","Humid","20.962","deg","80918","µV","29.574","°C","1016.000","hPa","35.3","pmil","0","53.237","deg","23.954","°C","100.000","%a.s.","21.023","deg","23.635","°C","1019.000","hPa","0.861","-0.02617","0.00035","0","0","13.56","Humid","28.00","0","54.00","362255.31","SABD0000000001","AAV1.0.0.11","1.1.2.0","PSt7-10","170328-007","9/30/2017 19:06:43","0000-00","0","no battery","V"
"09/09/2020","10:13:21","2","default","115855972","OXY_CH2","47.778","min","181.973","µmol/L","Humid","20.963","deg","80923","µV","29.569","°C","1016.000","hPa","35.3","pmil","0","53.237","deg","23.954","°C","100.000","%a.s.","21.023","deg","23.635","°C","1019.000","hPa","0.861","-0.02617","0.00035","0","0","13.56","Humid","28.00","0","54.00","362244.75","SABD0000000001","AAV1.0.0.11","1.1.2.0","PSt7-10","170328-007","9/30/2017 19:06:43","0000-00","0","no battery","V"
"09/09/2020","10:13:22","2","default","115855972","OXY_CH2","47.794","min","181.968","µmol/L","Humid","20.966","deg","80927","µV","29.561","°C","1016.000","hPa","35.3","pmil","0","53.237","deg","23.954","°C","100.000","%a.s.","21.023","deg","23.635","°C","1019.000","hPa","0.861","-0.02617","0.00035","0","0","13.56","Humid","28.00","0","54.00","362258.77","SABD0000000001","AAV1.0.0.11","1.1.2.0","PSt7-10","170328-007","9/30/2017 19:06:43","0000-00","0","no battery","V"
"09/09/2020","10:13:23","2","default","115855972","OXY_CH2","47.811","min","182.026","µmol/L","Humid","20.963","deg","80920","µV","29.560","°C","1016.000","hPa","35.3","pmil","0","53.237","deg","23.954","°C","100.000","%a.s.","21.023","deg","23.635","°C","1019.000","hPa","0.861","-0.02617","0.00035","0","0","13.56","Humid","28.00","0","54.00","362253.89","SABD0000000001","AAV1.0.0.11","1.1.2.0","PSt7-10","170328-007","9/30/2017 19:06:43","0000-00","0","no battery","V"
"09/09/2020","10:13:24","2","default","115855972","OXY_CH2","47.828","min","181.960","µmol/L","Humid","20.963","deg","80920","µV","29.571","°C","1016.000","hPa","35.3","pmil","0","53.237","deg","23.954","°C","100.000","%a.s.","21.023","deg","23.635","°C","1019.000","hPa","0.861","-0.02617","0.00035","0","0","13.56","Humid","28.00","0","54.00","362256.97","SABD0000000001","AAV1.0.0.11","1.1.2.0","PSt7-10","170328-007","9/30/2017 19:06:43","0000-00","0","no battery","V"
"09/09/2020","10:13:25","2","default","115855972","OXY_CH2","47.844","min","182.113","µmol/L","Humid","20.959","deg","80925","µV","29.556","°C","1016.000","hPa","35.3","pmil","0","53.237","deg","23.954","°C","100.000","%a.s.","21.023","deg","23.635","°C","1019.000","hPa","0.861","-0.02617","0.00035","0","0","13.56","Humid","28.00","0","54.00","362266.36","SABD0000000001","AAV1.0.0.11","1.1.2.0","PSt7-10","170328-007","9/30/2017 19:06:43","0000-00","0","no battery","V"
"09/09/2020","10:13:26","2","default","115855972","OXY_CH2","47.861","min","182.029","µmol/L","Humid","20.964","deg","80919","µV","29.556","°C","1016.000","hPa","35.3","pmil","0","53.237","deg","23.954","°C","100.000","%a.s.","21.023","deg","23.635","°C","1019.000","hPa","0.861","-0.02617","0.00035","0","0","13.56","Humid","28.00","0","54.00","362261.02","SABD0000000001","AAV1.0.0.11","1.1.2.0","PSt7-10","170328-007","9/30/2017 19:06:43","0000-00","0","no battery","V"
"09/09/2020","10:13:27","2","default","115855972","OXY_CH2","47.877","min","182.047","µmol/L","Humid","20.961","deg","80913","µV","29.562","°C","1016.000","hPa","35.3","pmil","0","53.237","deg","23.954","°C","100.000","%a.s.","21.023","deg","23.635","°C","1019.000","hPa","0.861","-0.02617","0.00035","0","0","13.56","Humid","28.00","0","54.00","362251.30","SABD0000000001","AAV1.0.0.11","1.1.2.0","PSt7-10","170328-007","9/30/2017 19:06:43","0000-00","0","no battery","V"
"09/09/2020","10:13:28","2","default","115855972","OXY_CH2","47.894","min","181.987","µmol/L","Humid","20.962","deg","80914","µV","29.570","°C","1016.000","hPa","35.3","pmil","0","53.237","deg","23.954","°C","100.000","%a.s.","21.023","deg","23.635","°C","1019.000","hPa","0.861","-0.02617","0.00035","0","0","13.56","Humid","28.00","0","54.00","362252.21","SABD0000000001","AAV1.0.0.11","1.1.2.0","PSt7-10","170328-007","9/30/2017 19:06:43","0000-00","0","no battery","V"
"09/09/2020","10:13:29","2","default","115855972","OXY_CH2","47.911","min","181.974","µmol/L","Humid","20.963","deg","80914","µV","29.569","°C","1016.000","hPa","35.3","pmil","0","53.237","deg","23.954","°C","100.000","%a.s.","21.023","deg","23.635","°C","1019.000","hPa","0.861","-0.02617","0.00035","0","0","13.56","Humid","28.00","0","54.00","362250.84","SABD0000000001","AAV1.0.0.11","1.1.2.0","PSt7-10","170328-007","9/30/2017 19:06:43","0000-00","0","no battery","V"
"09/09/2020","10:13:30","2","default","115855972","OXY_CH2","47.927","min","182.015","µmol/L","Humid","20.966","deg","80909","µV","29.553","°C","1016.000","hPa","35.3","pmil","0","53.237","deg","23.954","°C","100.000","%a.s.","21.023","deg","23.635","°C","1019.000","hPa","0.861","-0.02617","0.00035","0","0","13.56","Humid","28.00","0","54.00","362231.16","SABD0000000001","AAV1.0.0.11","1.1.2.0","PSt7-10","170328-007","9/30/2017 19:06:43","0000-00","0","no battery","V"
"09/09/2020","10:13:31","2","default","115855972","OXY_CH2","47.944","min","181.986","µmol/L","Humid","20.961","deg","80903","µV","29.573","°C","1016.000","hPa","35.3","pmil","0","53.237","deg","23.954","°C","100.000","%a.s.","21.023","deg","23.635","°C","1019.000","hPa","0.861","-0.02617","0.00035","0","0","13.56","Humid","28.00","0","54.00","362252.56","SABD0000000001","AAV1.0.0.11","1.1.2.0","PSt7-10","170328-007","9/30/2017 19:06:43","0000-00","0","no battery","V"
"09/09/2020","10:13:32","2","default","115855972","OXY_CH2","47.961","min","181.898","µmol/L","Humid","20.966","deg","80908","µV","29.574","°C","1016.000","hPa","35.3","pmil","0","53.237","deg","23.954","°C","100.000","%a.s.","21.023","deg","23.635","°C","1019.000","hPa","0.861","-0.02617","0.00035","0","0","13.56","Humid","28.00","0","54.00","362243.83","SABD0000000001","AAV1.0.0.11","1.1.2.0","PSt7-10","170328-007","9/30/2017 19:06:43","0000-00","0","no battery","V"
"09/09/2020","10:13:33","2","default","115855972","OXY_CH2","47.977","min","182.041","µmol/L","Humid","20.962","deg","80904","µV","29.560","°C","1016.000","hPa","35.3","pmil","0","53.237","deg","23.954","°C","100.000","%a.s.","21.023","deg","23.635","°C","1019.000","hPa","0.861","-0.02617","0.00035","0","0","13.56","Humid","28.00","0","54.00","362246.27","SABD0000000001","AAV1.0.0.11","1.1.2.0","PSt7-10","170328-007","9/30/2017 19:06:43","0000-00","0","no battery","V"
"09/09/2020","10:13:34","2","default","115855972","OXY_CH2","47.994","min","182.050","µmol/L","Humid","20.961","deg","80914","µV","29.561","°C","1016.000","hPa","35.3","pmil","0","53.237","deg","23.954","°C","100.000","%a.s.","21.023","deg","23.635","°C","1019.000","hPa","0.861","-0.02617","0.00035","0","0","13.56","Humid","28.00","0","54.00","362244.78","SABD0000000001","AAV1.0.0.11","1.1.2.0","PSt7-10","170328-007","9/30/2017 19:06:43","0000-00","0","no battery","V"
"09/09/2020","10:13:35","2","default","115855972","OXY_CH2","48.010","min","181.984","µmol/L","Humid","20.967","deg","80905","µV","29.556","°C","1016.000","hPa","35.3","pmil","0","53.237","deg","23.954","°C","100.000","%a.s.","21.023","deg","23.635","°C","1019.000","hPa","0.861","-0.02617","0.00035","0","0","13.56","Humid","28.00","0","54.00","362225.85","SABD0000000001","AAV1.0.0.11","1.1.2.0","PSt7-10","170328-007","9/30/2017 19:06:43","0000-00","0","no battery","V"
"09/09/2020","10:13:36","2","default","115855972","OXY_CH2","48.027","min","182.114","µmol/L","Humid","20.963","deg","80905","µV","29.544","°C","1016.000","hPa","35.3","pmil","0","53.237","deg","23.954","°C","100.000","%a.s.","21.023","deg","23.635","°C","1019.000","hPa","0.861","-0.02617","0.00035","0","0","13.56","Humid","28.00","0","54.00","362235.29","SABD0000000001","AAV1.0.0.11","1.1.2.0","PSt7-10","170328-007","9/30/2017 19:06:43","0000-00","0","no battery","V"
"09/09/2020","10:13:37","2","default","115855972","OXY_CH2","48.044","min","182.098","µmol/L","Humid","20.961","deg","80905","µV","29.553","°C","1016.000","hPa","35.3","pmil","0","53.237","deg","23.954","°C","100.000","%a.s.","21.023","deg","23.635","°C","1019.000","hPa","0.861","-0.02617","0.00035","0","0","13.56","Humid","28.00","0","54.00","362228.68","SABD0000000001","AAV1.0.0.11","1.1.2.0","PSt7-10","170328-007","9/30/2017 19:06:43","0000-00","0","no battery","V"
"09/09/2020","10:13:38","2","default","115855972","OXY_CH2","48.060","min","182.027","µmol/L","Humid","20.960","deg","80901","µV","29.568","°C","1016.000","hPa","35.3","pmil","0","53.237","deg","23.954","°C","100.000","%a.s.","21.023","deg","23.635","°C","1019.000","hPa","0.861","-0.02617","0.00035","0","0","13.56","Humid","28.00","0","54.00","362230.75","SABD0000000001","AAV1.0.0.11","1.1.2.0","PSt7-10","170328-007","9/30/2017 19:06:43","0000-00","0","no battery","V"
"09/09/2020","10:13:39","2","default","115855972","OXY_CH2","48.077","min","181.905","µmol/L","Humid","20.963","deg","80906","µV","29.581","°C","1016.000","hPa","35.3","pmil","0","53.237","deg","23.954","°C","100.000","%a.s.","21.023","deg","23.635","°C","1019.000","hPa","0.861","-0.02617","0.00035","0","0","13.56","Humid","28.00","0","54.00","362237.57","SABD0000000001","AAV1.0.0.11","1.1.2.0","PSt7-10","170328-007","9/30/2017 19:06:43","0000-00","0","no battery","V"
"09/09/2020","10:13:40","2","default","115855972","OXY_CH2","48.094","min","181.965","µmol/L","Humid","20.958","deg","80906","µV","29.585","°C","1016.000","hPa","35.3","pmil","0","53.237","deg","23.954","°C","100.000","%a.s.","21.023","deg","23.635","°C","1019.000","hPa","0.861","-0.02617","0.00035","0","0","13.56","Humid","28.00","0","54.00","362227.50","SABD0000000001","AAV1.0.0.11","1.1.2.0","PSt7-10","170328-007","9/30/2017 19:06:43","0000-00","0","no battery","V"
"09/09/2020","10:13:41","2","default","115855972","OXY_CH2","48.110","min","182.001","µmol/L","Humid","20.962","deg","80907","µV","29.567","°C","1016.000","hPa","35.3","pmil","0","53.237","deg","23.954","°C","100.000","%a.s.","21.023","deg","23.635","°C","1019.000","hPa","0.861","-0.02617","0.00035","0","0","13.56","Humid","28.00","0","54.00","362231.74","SABD0000000001","AAV1.0.0.11","1.1.2.0","PSt7-10","170328-007","9/30/2017 19:06:43","0000-00","0","no battery","V"
"09/09/2020","10:13:42","2","default","115855972","OXY_CH2","48.127","min","182.078","µmol/L","Humid","20.959","deg","80899","µV","29.562","°C","1016.000","hPa","35.3","pmil","0","53.237","deg","23.954","°C","100.000","%a.s.","21.023","deg","23.635","°C","1019.000","hPa","0.861","-0.02617","0.00035","0","0","13.56","Humid","28.00","0","54.00","362241.02","SABD0000000001","AAV1.0.0.11","1.1.2.0","PSt7-10","170328-007","9/30/2017 19:06:43","0000-00","0","no battery","V"
"09/09/2020","10:13:43","2","default","115855972","OXY_CH2","48.144","min","182.015","µmol/L","Humid","20.960","deg","80904","µV","29.570","°C","1016.000","hPa","35.3","pmil","0","53.237","deg","23.954","°C","100.000","%a.s.","21.023","deg","23.635","°C","1019.000","hPa","0.861","-0.02617","0.00035","0","0","13.56","Humid","28.00","0","54.00","362238.40","SABD0000000001","AAV1.0.0.11","1.1.2.0","PSt7-10","170328-007","9/30/2017 19:06:43","0000-00","0","no battery","V"
"09/09/2020","10:13:44","2","default","115855972","OXY_CH2","48.160","min","181.976","µmol/L","Humid","20.962","deg","80905","µV","29.572","°C","1016.000","hPa","35.3","pmil","0","53.237","deg","23.954","°C","100.000","%a.s.","21.023","deg","23.635","°C","1019.000","hPa","0.861","-0.02617","0.00035","0","0","13.56","Humid","28.00","0","54.00","362226.12","SABD0000000001","AAV1.0.0.11","1.1.2.0","PSt7-10","170328-007","9/30/2017 19:06:43","0000-00","0","no battery","V"
"09/09/2020","10:13:45","2","default","115855972","OXY_CH2","48.178","min","181.953","µmol/L","Humid","20.962","deg","80897","µV","29.576","°C","1016.000","hPa","35.3","pmil","0","53.237","deg","23.954","°C","100.000","%a.s.","21.023","deg","23.635","°C","1019.000","hPa","0.861","-0.02617","0.00035","0","0","13.56","Humid","28.00","0","54.00","362227.20","SABD0000000001","AAV1.0.0.11","1.1.2.0","PSt7-10","170328-007","9/30/2017 19:06:43","0000-00","0","no battery","V"
"09/09/2020","10:13:46","2","default","115855972","OXY_CH2","48.194","min","182.094","µmol/L","Humid","20.959","deg","80899","µV","29.559","°C","1016.000","hPa","35.3","pmil","0","53.237","deg","23.954","°C","100.000","%a.s.","21.023","deg","23.635","°C","1019.000","hPa","0.861","-0.02617","0.00035","0","0","13.56","Humid","28.00","0","54.00","362217.82","SABD0000000001","AAV1.0.0.11","1.1.2.0","PSt7-10","170328-007","9/30/2017 19:06:43","0000-00","0","no battery","V"
"09/09/2020","10:13:47","2","default","115855972","OXY_CH2","48.211","min","182.057","µmol/L","Humid","20.958","deg","80907","µV","29.569","°C","1016.000","hPa","35.3","pmil","0","53.237","deg","23.954","°C","100.000","%a.s.","21.023","deg","23.635","°C","1019.000","hPa","0.861","-0.02617","0.00035","0","0","13.56","Humid","28.00","0","54.00","362238.29","SABD0000000001","AAV1.0.0.11","1.1.2.0","PSt7-10","170328-007","9/30/2017 19:06:43","0000-00","0","no battery","V"
"09/09/2020","10:13:48","2","default","115855972","OXY_CH2","48.228","min","182.031","µmol/L","Humid","20.957","deg","80901","µV","29.576","°C","1016.000","hPa","35.3","pmil","0","53.237","deg","23.954","°C","100.000","%a.s.","21.023","deg","23.635","°C","1019.000","hPa","0.861","-0.02617","0.00035","0","0","13.56","Humid","28.00","0","54.00","362239.51","SABD0000000001","AAV1.0.0.11","1.1.2.0","PSt7-10","170328-007","9/30/2017 19:06:43","0000-00","0","no battery","V"
"09/09/2020","10:13:49","2","default","115855972","OXY_CH2","48.244","min","181.964","µmol/L","Humid","20.960","deg","80893","µV","29.579","°C","1016.000","hPa","35.3","pmil","0","53.237","deg","23.954","°C","100.000","%a.s.","21.023","deg","23.635","°C","1019.000","hPa","0.861","-0.02617","0.00035","0","0","13.56","Humid","28.00","0","54.00","362239.17","SABD0000000001","AAV1.0.0.11","1.1.2.0","PSt7-10","170328-007","9/30/2017 19:06:43","0000-00","0","no battery","V"
"09/09/2020","10:13:50","2","default","115855972","OXY_CH2","48.260","min","182.043","µmol/L","Humid","20.957","deg","80891","µV","29.574","°C","1016.000","hPa","35.3","pmil","0","53.237","deg","23.954","°C","100.000","%a.s.","21.023","deg","23.635","°C","1019.000","hPa","0.861","-0.02617","0.00035","0","0","13.56","Humid","28.00","0","54.00","362229.36","SABD0000000001","AAV1.0.0.11","1.1.2.0","PSt7-10","170328-007","9/30/2017 19:06:43","0000-00","0","no battery","V"
"09/09/2020","10:13:51","2","default","115855972","OXY_CH2","48.277","min","181.940","µmol/L","Humid","20.961","deg","80892","µV","29.581","°C","1016.000","hPa","35.3","pmil","0","53.237","deg","23.954","°C","100.000","%a.s.","21.023","deg","23.635","°C","1019.000","hPa","0.861","-0.02617","0.00035","0","0","13.56","Humid","28.00","0","54.00","362223.41","SABD0000000001","AAV1.0.0.11","1.1.2.0","PSt7-10","170328-007","9/30/2017 19:06:43","0000-00","0","no battery","V"
"09/09/2020","10:13:52","2","default","115855972","OXY_CH2","48.294","min","182.026","µmol/L","Humid","20.959","deg","80890","µV","29.571","°C","1016.000","hPa","35.3","pmil","0","53.237","deg","23.954","°C","100.000","%a.s.","21.023","deg","23.635","°C","1019.000","hPa","0.861","-0.02617","0.00035","0","0","13.56","Humid","28.00","0","54.00","362215.67","SABD0000000001","AAV1.0.0.11","1.1.2.0","PSt7-10","170328-007","9/30/2017 19:06:43","0000-00","0","no battery","V"
"09/09/2020","10:13:53","2","default","115855972","OXY_CH2","48.311","min","182.133","µmol/L","Humid","20.958","deg","80901","µV","29.556","°C","1016.000","hPa","35.3","pmil","0","53.237","deg","23.954","°C","100.000","%a.s.","21.023","deg","23.635","°C","1019.000","hPa","0.861","-0.02617","0.00035","0","0","13.56","Humid","28.00","0","54.00","362225.90","SABD0000000001","AAV1.0.0.11","1.1.2.0","PSt7-10","170328-007","9/30/2017 19:06:43","0000-00","0","no battery","V"
"09/09/2020","10:13:54","2","default","115855972","OXY_CH2","48.327","min","182.026","µmol/L","Humid","20.961","deg","80894","µV","29.566","°C","1016.000","hPa","35.3","pmil","0","53.237","deg","23.954","°C","100.000","%a.s.","21.023","deg","23.635","°C","1019.000","hPa","0.861","-0.02617","0.00035","0","0","13.56","Humid","28.00","0","54.00","362222.28","SABD0000000001","AAV1.0.0.11","1.1.2.0","PSt7-10","170328-007","9/30/2017 19:06:43","0000-00","0","no battery","V"
"09/09/2020","10:13:55","2","default","115855972","OXY_CH2","48.344","min","182.118","µmol/L","Humid","20.959","deg","80892","µV","29.555","°C","1016.000","hPa","35.3","pmil","0","53.237","deg","23.954","°C","100.000","%a.s.","21.023","deg","23.635","°C","1019.000","hPa","0.861","-0.02617","0.00035","0","0","13.56","Humid","28.00","0","54.00","362236.55","SABD0000000001","AAV1.0.0.11","1.1.2.0","PSt7-10","170328-007","9/30/2017 19:06:43","0000-00","0","no battery","V"
"09/09/2020","10:13:56","2","default","115855972","OXY_CH2","48.360","min","182.020","µmol/L","Humid","20.963","deg","80893","µV","29.561","°C","1016.000","hPa","35.3","pmil","0","53.237","deg","23.954","°C","100.000","%a.s.","21.023","deg","23.635","°C","1019.000","hPa","0.861","-0.02617","0.00035","0","0","13.56","Humid","28.00","0","54.00","362218.51","SABD0000000001","AAV1.0.0.11","1.1.2.0","PSt7-10","170328-007","9/30/2017 19:06:43","0000-00","0","no battery","V"
"09/09/2020","10:13:57","2","default","115855972","OXY_CH2","48.377","min","182.126","µmol/L","Humid","20.958","deg","80891","µV","29.557","°C","1016.000","hPa","35.3","pmil","0","53.237","deg","23.954","°C","100.000","%a.s.","21.023","deg","23.635","°C","1019.000","hPa","0.861","-0.02617","0.00035","0","0","13.56","Humid","28.00","0","54.00","362228.50","SABD0000000001","AAV1.0.0.11","1.1.2.0","PSt7-10","170328-007","9/30/2017 19:06:43","0000-00","0","no battery","V"
"09/09/2020","10:13:58","2","default","115855972","OXY_CH2","48.394","min","181.961","µmol/L","Humid","20.961","deg","80888","µV","29.577","°C","1016.000","hPa","35.3","pmil","0","53.237","deg","23.954","°C","100.000","%a.s.","21.023","deg","23.635","°C","1019.000","hPa","0.861","-0.02617","0.00035","0","0","13.56","Humid","28.00","0","54.00","362225.62","SABD0000000001","AAV1.0.0.11","1.1.2.0","PSt7-10","170328-007","9/30/2017 19:06:43","0000-00","0","no battery","V"
"09/09/2020","10:13:59","2","default","115855972","OXY_CH2","48.411","min","181.998","µmol/L","Humid","20.961","deg","80892","µV","29.571","°C","1016.000","hPa","35.3","pmil","0","53.237","deg","23.954","°C","100.000","%a.s.","21.023","deg","23.635","°C","1019.000","hPa","0.861","-0.02617","0.00035","0","0","13.56","Humid","28.00","0","54.00","362223.71","SABD0000000001","AAV1.0.0.11","1.1.2.0","PSt7-10","170328-007","9/30/2017 19:06:43","0000-00","0","no battery","V"
"09/09/2020","10:14:00","2","default","115855972","OXY_CH2","48.427","min","182.059","µmol/L","Humid","20.958","deg","80891","µV","29.569","°C","1016.000","hPa","35.3","pmil","0","53.237","deg","23.954","°C","100.000","%a.s.","21.023","deg","23.635","°C","1019.000","hPa","0.861","-0.02617","0.00035","0","0","13.56","Humid","28.00","0","54.00","362233.83","SABD0000000001","AAV1.0.0.11","1.1.2.0","PSt7-10","170328-007","9/30/2017 19:06:43","0000-00","0","no battery","V"
"09/09/2020","10:14:01","2","default","115855972","OXY_CH2","48.444","min","181.968","µmol/L","Humid","20.959","deg","80883","µV","29.582","°C","1016.000","hPa","35.3","pmil","0","53.237","deg","23.954","°C","100.000","%a.s.","21.023","deg","23.635","°C","1019.000","hPa","0.861","-0.02617","0.00035","0","0","13.56","Humid","28.00","0","54.00","362223.09","SABD0000000001","AAV1.0.0.11","1.1.2.0","PSt7-10","170328-007","9/30/2017 19:06:43","0000-00","0","no battery","V"
"09/09/2020","10:14:02","2","default","115855972","OXY_CH2","48.461","min","181.899","µmol/L","Humid","20.963","deg","80898","µV","29.582","°C","1016.000","hPa","35.3","pmil","0","53.237","deg","23.954","°C","100.000","%a.s.","21.023","deg","23.635","°C","1019.000","hPa","0.861","-0.02617","0.00035","0","0","13.56","Humid","28.00","0","54.00","362224.86","SABD0000000001","AAV1.0.0.11","1.1.2.0","PSt7-10","170328-007","9/30/2017 19:06:43","0000-00","0","no battery","V"
"09/09/2020","10:14:03","2","default","115855972","OXY_CH2","48.478","min","181.970","µmol/L","Humid","20.959","deg","80890","µV","29.581","°C","1016.000","hPa","35.3","pmil","0","53.237","deg","23.954","°C","100.000","%a.s.","21.023","deg","23.635","°C","1019.000","hPa","0.861","-0.02617","0.00035","0","0","13.56","Humid","28.00","0","54.00","362215.62","SABD0000000001","AAV1.0.0.11","1.1.2.0","PSt7-10","170328-007","9/30/2017 19:06:43","0000-00","0","no battery","V"
"09/09/2020","10:14:04","2","default","115855972","OXY_CH2","48.494","min","181.935","µmol/L","Humid","20.959","deg","80886","µV","29.587","°C","1016.000","hPa","35.3","pmil","0","53.237","deg","23.954","°C","100.000","%a.s.","21.023","deg","23.635","°C","1019.000","hPa","0.861","-0.02617","0.00035","0","0","13.56","Humid","28.00","0","54.00","362214.95","SABD0000000001","AAV1.0.0.11","1.1.2.0","PSt7-10","170328-007","9/30/2017 19:06:43","0000-00","0","no battery","V"
"09/09/2020","10:14:05","2","default","115855972","OXY_CH2","48.511","min","182.009","µmol/L","Humid","20.960","deg","80891","µV","29.572","°C","1016.000","hPa","35.3","pmil","0","53.237","deg","23.954","°C","100.000","%a.s.","21.023","deg","23.635","°C","1019.000","hPa","0.861","-0.02617","0.00035","0","0","13.56","Humid","28.00","0","54.00","362224.72","SABD0000000001","AAV1.0.0.11","1.1.2.0","PSt7-10","170328-007","9/30/2017 19:06:43","0000-00","0","no battery","V"
"09/09/2020","10:14:06","2","default","115855972","OXY_CH2","48.528","min","181.965","µmol/L","Humid","20.961","deg","80879","µV","29.576","°C","1016.000","hPa","35.3","pmil","0","53.237","deg","23.954","°C","100.000","%a.s.","21.023","deg","23.635","°C","1019.000","hPa","0.861","-0.02617","0.00035","0","0","13.56","Humid","28.00","0","54.00","362211.91","SABD0000000001","AAV1.0.0.11","1.1.2.0","PSt7-10","170328-007","9/30/2017 19:06:43","0000-00","0","no battery","V"
"09/09/2020","10:14:07","2","default","115855972","OXY_CH2","48.544","min","181.954","µmol/L","Humid","20.958","deg","80885","µV","29.587","°C","1016.000","hPa","35.3","pmil","0","53.237","deg","23.954","°C","100.000","%a.s.","21.023","deg","23.635","°C","1019.000","hPa","0.861","-0.02617","0.00035","0","0","13.56","Humid","28.00","0","54.00","362215.72","SABD0000000001","AAV1.0.0.11","1.1.2.0","PSt7-10","170328-007","9/30/2017 19:06:43","0000-00","0","no battery","V"
"09/09/2020","10:14:08","2","default","115855972","OXY_CH2","48.561","min","182.024","µmol/L","Humid","20.955","deg","80882","µV","29.583","°C","1016.000","hPa","35.3","pmil","0","53.237","deg","23.954","°C","100.000","%a.s.","21.023","deg","23.635","°C","1019.000","hPa","0.861","-0.02617","0.00035","0","0","13.56","Humid","28.00","0","54.00","362201.18","SABD0000000001","AAV1.0.0.11","1.1.2.0","PSt7-10","170328-007","9/30/2017 19:06:43","0000-00","0","no battery","V"
"09/09/2020","10:14:09","2","default","115855972","OXY_CH2","48.577","min","182.034","µmol/L","Humid","20.957","deg","80887","µV","29.576","°C","1016.000","hPa","35.3","pmil","0","53.237","deg","23.954","°C","100.000","%a.s.","21.023","deg","23.635","°C","1019.000","hPa","0.861","-0.02617","0.00035","0","0","13.56","Humid","28.00","0","54.00","362218.72","SABD0000000001","AAV1.0.0.11","1.1.2.0","PSt7-10","170328-007","9/30/2017 19:06:43","0000-00","0","no battery","V"
"09/09/2020","10:14:10","2","default","115855972","OXY_CH2","48.594","min","182.101","µmol/L","Humid","20.955","deg","80885","µV","29.570","°C","1016.000","hPa","35.3","pmil","0","53.237","deg","23.954","°C","100.000","%a.s.","21.023","deg","23.635","°C","1019.000","hPa","0.861","-0.02617","0.00035","0","0","13.56","Humid","28.00","0","54.00","362219.16","SABD0000000001","AAV1.0.0.11","1.1.2.0","PSt7-10","170328-007","9/30/2017 19:06:43","0000-00","0","no battery","V"
"09/09/2020","10:14:11","2","default","115855972","OXY_CH2","48.610","min","182.076","µmol/L","Humid","20.956","deg","80886","µV","29.571","°C","1016.000","hPa","35.3","pmil","0","53.237","deg","23.954","°C","100.000","%a.s.","21.023","deg","23.635","°C","1019.000","hPa","0.861","-0.02617","0.00035","0","0","13.56","Humid","28.00","0","54.00","362222.89","SABD0000000001","AAV1.0.0.11","1.1.2.0","PSt7-10","170328-007","9/30/2017 19:06:43","0000-00","0","no battery","V"
"09/09/2020","10:14:12","2","default","115855972","OXY_CH2","48.627","min","182.107","µmol/L","Humid","20.954","deg","80883","µV","29.572","°C","1016.000","hPa","35.3","pmil","0","53.237","deg","23.954","°C","100.000","%a.s.","21.023","deg","23.635","°C","1019.000","hPa","0.861","-0.02617","0.00035","0","0","13.56","Humid","28.00","0","54.00","362215.71","SABD0000000001","AAV1.0.0.11","1.1.2.0","PSt7-10","170328-007","9/30/2017 19:06:43","0000-00","0","no battery","V"
"09/09/2020","10:14:13","2","default","115855972","OXY_CH2","48.644","min","181.911","µmol/L","Humid","20.962","deg","80884","µV","29.583","°C","1016.000","hPa","35.3","pmil","0","53.237","deg","23.954","°C","100.000","%a.s.","21.023","deg","23.635","°C","1019.000","hPa","0.861","-0.02617","0.00035","0","0","13.56","Humid","28.00","0","54.00","362209.32","SABD0000000001","AAV1.0.0.11","1.1.2.0","PSt7-10","170328-007","9/30/2017 19:06:43","0000-00","0","no battery","V"
"09/09/2020","10:14:14","2","default","115855972","OXY_CH2","48.661","min","182.007","µmol/L","Humid","20.956","deg","80880","µV","29.583","°C","1016.000","hPa","35.3","pmil","0","53.237","deg","23.954","°C","100.000","%a.s.","21.023","deg","23.635","°C","1019.000","hPa","0.861","-0.02617","0.00035","0","0","13.56","Humid","28.00","0","54.00","362220.08","SABD0000000001","AAV1.0.0.11","1.1.2.0","PSt7-10","170328-007","9/30/2017 19:06:43","0000-00","0","no battery","V"
"09/09/2020","10:14:15","2","default","115855972","OXY_CH2","48.678","min","182.036","µmol/L","Humid","20.956","deg","80879","µV","29.578","°C","1016.000","hPa","35.3","pmil","0","53.237","deg","23.954","°C","100.000","%a.s.","21.023","deg","23.635","°C","1019.000","hPa","0.861","-0.02617","0.00035","0","0","13.56","Humid","28.00","0","54.00","362204.99","SABD0000000001","AAV1.0.0.11","1.1.2.0","PSt7-10","170328-007","9/30/2017 19:06:43","0000-00","0","no battery","V"
"09/09/2020","10:14:16","2","default","115855972","OXY_CH2","48.694","min","181.994","µmol/L","Humid","20.958","deg","80877","µV","29.580","°C","1016.000","hPa","35.3","pmil","0","53.237","deg","23.954","°C","100.000","%a.s.","21.023","deg","23.635","°C","1019.000","hPa","0.861","-0.02617","0.00035","0","0","13.56","Humid","28.00","0","54.00","362203.19","SABD0000000001","AAV1.0.0.11","1.1.2.0","PSt7-10","170328-007","9/30/2017 19:06:43","0000-00","0","no battery","V"
"09/09/2020","10:14:17","2","default","115855972","OXY_CH2","48.711","min","181.938","µmol/L","Humid","20.957","deg","80877","µV","29.593","°C","1016.000","hPa","35.3","pmil","0","53.237","deg","23.954","°C","100.000","%a.s.","21.023","deg","23.635","°C","1019.000","hPa","0.861","-0.02617","0.00035","0","0","13.56","Humid","28.00","0","54.00","362209.10","SABD0000000001","AAV1.0.0.11","1.1.2.0","PSt7-10","170328-007","9/30/2017 19:06:43","0000-00","0","no battery","V"
"09/09/2020","10:14:18","2","default","115855972","OXY_CH2","48.728","min","182.049","µmol/L","Humid","20.951","deg","80880","µV","29.591","°C","1016.000","hPa","35.3","pmil","0","53.237","deg","23.954","°C","100.000","%a.s.","21.023","deg","23.635","°C","1019.000","hPa","0.861","-0.02617","0.00035","0","0","13.56","Humid","28.00","0","54.00","362194.19","SABD0000000001","AAV1.0.0.11","1.1.2.0","PSt7-10","170328-007","9/30/2017 19:06:43","0000-00","0","no battery","V"
"09/09/2020","10:14:19","2","default","115855972","OXY_CH2","48.744","min","181.885","µmol/L","Humid","20.961","deg","80876","µV","29.590","°C","1016.000","hPa","35.3","pmil","0","53.237","deg","23.954","°C","100.000","%a.s.","21.023","deg","23.635","°C","1019.000","hPa","0.861","-0.02617","0.00035","0","0","13.56","Humid","28.00","0","54.00","362207.50","SABD0000000001","AAV1.0.0.11","1.1.2.0","PSt7-10","170328-007","9/30/2017 19:06:43","0000-00","0","no battery","V"
"09/09/2020","10:14:20","2","default","115855972","OXY_CH2","48.761","min","181.925","µmol/L","Humid","20.956","deg","80866","µV","29.598","°C","1016.000","hPa","35.3","pmil","0","53.237","deg","23.954","°C","100.000","%a.s.","21.023","deg","23.635","°C","1019.000","hPa","0.861","-0.02617","0.00035","0","0","13.56","Humid","28.00","0","54.00","362215.28","SABD0000000001","AAV1.0.0.11","1.1.2.0","PSt7-10","170328-007","9/30/2017 19:06:43","0000-00","0","no battery","V"
"09/09/2020","10:14:21","2","default","115855972","OXY_CH2","48.778","min","182.008","µmol/L","Humid","20.958","deg","80878","µV","29.577","°C","1016.000","hPa","35.3","pmil","0","53.237","deg","23.954","°C","100.000","%a.s.","21.023","deg","23.635","°C","1019.000","hPa","0.861","-0.02617","0.00035","0","0","13.56","Humid","28.00","0","54.00","362200.87","SABD0000000001","AAV1.0.0.11","1.1.2.0","PSt7-10","170328-007","9/30/2017 19:06:43","0000-00","0","no battery","V"
"09/09/2020","10:14:22","2","default","115855972","OXY_CH2","48.794","min","181.932","µmol/L","Humid","20.957","deg","80871","µV","29.594","°C","1016.000","hPa","35.3","pmil","0","53.237","deg","23.954","°C","100.000","%a.s.","21.023","deg","23.635","°C","1019.000","hPa","0.861","-0.02617","0.00035","0","0","13.56","Humid","28.00","0","54.00","362189.43","SABD0000000001","AAV1.0.0.11","1.1.2.0","PSt7-10","170328-007","9/30/2017 19:06:43","0000-00","0","no battery","V"
"09/09/2020","10:14:23","2","default","115855972","OXY_CH2","48.811","min","182.040","µmol/L","Humid","20.954","deg","80874","µV","29.584","°C","1016.000","hPa","35.3","pmil","0","53.237","deg","23.954","°C","100.000","%a.s.","21.023","deg","23.635","°C","1019.000","hPa","0.861","-0.02617","0.00035","0","0","13.56","Humid","28.00","0","54.00","362204.83","SABD0000000001","AAV1.0.0.11","1.1.2.0","PSt7-10","170328-007","9/30/2017 19:06:43","0000-00","0","no battery","V"
"09/09/2020","10:14:24","2","default","115855972","OXY_CH2","48.827","min","182.100","µmol/L","Humid","20.952","deg","80870","µV","29.579","°C","1016.000","hPa","35.3","pmil","0","53.237","deg","23.954","°C","100.000","%a.s.","21.023","deg","23.635","°C","1019.000","hPa","0.861","-0.02617","0.00035","0","0","13.56","Humid","28.00","0","54.00","362192.73","SABD0000000001","AAV1.0.0.11","1.1.2.0","PSt7-10","170328-007","9/30/2017 19:06:43","0000-00","0","no battery","V"
"09/09/2020","10:14:25","2","default","115855972","OXY_CH2","48.844","min","182.030","µmol/L","Humid","20.956","deg","80870","µV","29.579","°C","1016.000","hPa","35.3","pmil","0","53.237","deg","23.954","°C","100.000","%a.s.","21.023","deg","23.635","°C","1019.000","hPa","0.861","-0.02617","0.00035","0","0","13.56","Humid","28.00","0","54.00","362211.16","SABD0000000001","AAV1.0.0.11","1.1.2.0","PSt7-10","170328-007","9/30/2017 19:06:43","0000-00","0","no battery","V"
"09/09/2020","10:14:26","2","default","115855972","OXY_CH2","48.861","min","182.018","µmol/L","Humid","20.954","deg","80864","µV","29.587","°C","1016.000","hPa","35.3","pmil","0","53.237","deg","23.954","°C","100.000","%a.s.","21.023","deg","23.635","°C","1019.000","hPa","0.861","-0.02617","0.00035","0","0","13.56","Humid","28.00","0","54.00","362182.20","SABD0000000001","AAV1.0.0.11","1.1.2.0","PSt7-10","170328-007","9/30/2017 19:06:43","0000-00","0","no battery","V"
"09/09/2020","10:14:27","2","default","115855972","OXY_CH2","48.877","min","182.075","µmol/L","Humid","20.953","deg","80872","µV","29.580","°C","1016.000","hPa","35.3","pmil","0","53.237","deg","23.954","°C","100.000","%a.s.","21.023","deg","23.635","°C","1019.000","hPa","0.861","-0.02617","0.00035","0","0","13.56","Humid","28.00","0","54.00","362184.86","SABD0000000001","AAV1.0.0.11","1.1.2.0","PSt7-10","170328-007","9/30/2017 19:06:43","0000-00","0","no battery","V"
"09/09/2020","10:14:28","2","default","115855972","OXY_CH2","48.894","min","181.948","µmol/L","Humid","20.952","deg","80866","µV","29.605","°C","1016.000","hPa","35.3","pmil","0","53.237","deg","23.954","°C","100.000","%a.s.","21.023","deg","23.635","°C","1019.000","hPa","0.861","-0.02617","0.00035","0","0","13.56","Humid","28.00","0","54.00","362197.00","SABD0000000001","AAV1.0.0.11","1.1.2.0","PSt7-10","170328-007","9/30/2017 19:06:43","0000-00","0","no battery","V"
"09/09/2020","10:14:29","2","default","115855972","OXY_CH2","48.910","min","181.988","µmol/L","Humid","20.956","deg","80862","µV","29.587","°C","1016.000","hPa","35.3","pmil","0","53.237","deg","23.954","°C","100.000","%a.s.","21.023","deg","23.635","°C","1019.000","hPa","0.861","-0.02617","0.00035","0","0","13.56","Humid","28.00","0","54.00","362185.87","SABD0000000001","AAV1.0.0.11","1.1.2.0","PSt7-10","170328-007","9/30/2017 19:06:43","0000-00","0","no battery","V"
"09/09/2020","10:14:30","2","default","115855972","OXY_CH2","48.927","min","181.992","µmol/L","Humid","20.955","deg","80861","µV","29.589","°C","1016.000","hPa","35.3","pmil","0","53.237","deg","23.954","°C","100.000","%a.s.","21.023","deg","23.635","°C","1019.000","hPa","0.861","-0.02617","0.00035","0","0","13.56","Humid","28.00","0","54.00","362173.97","SABD0000000001","AAV1.0.0.11","1.1.2.0","PSt7-10","170328-007","9/30/2017 19:06:43","0000-00","0","no battery","V"
"09/09/2020","10:14:31","2","default","115855972","OXY_CH2","48.944","min","182.018","µmol/L","Humid","20.954","deg","80868","µV","29.587","°C","1016.000","hPa","35.3","pmil","0","53.237","deg","23.954","°C","100.000","%a.s.","21.023","deg","23.635","°C","1019.000","hPa","0.861","-0.02617","0.00035","0","0","13.56","Humid","28.00","0","54.00","362198.50","SABD0000000001","AAV1.0.0.11","1.1.2.0","PSt7-10","170328-007","9/30/2017 19:06:43","0000-00","0","no battery","V"
"09/09/2020","10:14:32","2","default","115855972","OXY_CH2","48.961","min","182.182","µmol/L","Humid","20.949","deg","80865","µV","29.573","°C","1016.000","hPa","35.3","pmil","0","53.237","deg","23.954","°C","100.000","%a.s.","21.023","deg","23.635","°C","1019.000","hPa","0.861","-0.02617","0.00035","0","0","13.56","Humid","28.00","0","54.00","362196.53","SABD0000000001","AAV1.0.0.11","1.1.2.0","PSt7-10","170328-007","9/30/2017 19:06:43","0000-00","0","no battery","V"
"09/09/2020","10:14:33","2","default","115855972","OXY_CH2","48.977","min","182.011","µmol/L","Humid","20.957","deg","80870","µV","29.580","°C","1016.000","hPa","35.3","pmil","0","53.237","deg","23.954","°C","100.000","%a.s.","21.023","deg","23.635","°C","1019.000","hPa","0.861","-0.02617","0.00035","0","0","13.56","Humid","28.00","0","54.00","362193.57","SABD0000000001","AAV1.0.0.11","1.1.2.0","PSt7-10","170328-007","9/30/2017 19:06:43","0000-00","0","no battery","V"
"09/09/2020","10:14:34","2","default","115855972","OXY_CH2","48.994","min","182.051","µmol/L","Humid","20.952","deg","80865","µV","29.587","°C","1016.000","hPa","35.3","pmil","0","53.237","deg","23.954","°C","100.000","%a.s.","21.023","deg","23.635","°C","1019.000","hPa","0.861","-0.02617","0.00035","0","0","13.56","Humid","28.00","0","54.00","362190.87","SABD0000000001","AAV1.0.0.11","1.1.2.0","PSt7-10","170328-007","9/30/2017 19:06:43","0000-00","0","no battery","V"
"09/09/2020","10:14:35","2","default","115855972","OXY_CH2","49.011","min","181.934","µmol/L","Humid","20.951","deg","80865","µV","29.611","°C","1016.000","hPa","35.3","pmil","0","53.237","deg","23.954","°C","100.000","%a.s.","21.023","deg","23.635","°C","1019.000","hPa","0.861","-0.02617","0.00035","0","0","13.56","Humid","28.00","0","54.00","362201.29","SABD0000000001","AAV1.0.0.11","1.1.2.0","PSt7-10","170328-007","9/30/2017 19:06:43","0000-00","0","no battery","V"
"09/09/2020","10:14:36","2","default","115855972","OXY_CH2","49.027","min","181.865","µmol/L","Humid","20.953","deg","80862","µV","29.617","°C","1016.000","hPa","35.3","pmil","0","53.237","deg","23.954","°C","100.000","%a.s.","21.023","deg","23.635","°C","1019.000","hPa","0.861","-0.02617","0.00035","0","0","13.56","Humid","28.00","0","54.00","362193.44","SABD0000000001","AAV1.0.0.11","1.1.2.0","PSt7-10","170328-007","9/30/2017 19:06:43","0000-00","0","no battery","V"
"09/09/2020","10:14:37","2","default","115855972","OXY_CH2","49.044","min","181.992","µmol/L","Humid","20.957","deg","80861","µV","29.583","°C","1016.000","hPa","35.3","pmil","0","53.237","deg","23.954","°C","100.000","%a.s.","21.023","deg","23.635","°C","1019.000","hPa","0.861","-0.02617","0.00035","0","0","13.56","Humid","28.00","0","54.00","362184.14","SABD0000000001","AAV1.0.0.11","1.1.2.0","PSt7-10","170328-007","9/30/2017 19:06:43","0000-00","0","no battery","V"
"09/09/2020","10:14:38","2","default","115855972","OXY_CH2","49.061","min","182.030","µmol/L","Humid","20.951","deg","80861","µV","29.594","°C","1016.000","hPa","35.3","pmil","0","53.237","deg","23.954","°C","100.000","%a.s.","21.023","deg","23.635","°C","1019.000","hPa","0.861","-0.02617","0.00035","0","0","13.56","Humid","28.00","0","54.00","362182.73","SABD0000000001","AAV1.0.0.11","1.1.2.0","PSt7-10","170328-007","9/30/2017 19:06:43","0000-00","0","no battery","V"
"09/09/2020","10:14:39","2","default","115855972","OXY_CH2","49.077","min","181.984","µmol/L","Humid","20.954","deg","80859","µV","29.593","°C","1016.000","hPa","35.3","pmil","0","53.237","deg","23.954","°C","100.000","%a.s.","21.023","deg","23.635","°C","1019.000","hPa","0.861","-0.02617","0.00035","0","0","13.56","Humid","28.00","0","54.00","362184.51","SABD0000000001","AAV1.0.0.11","1.1.2.0","PSt7-10","170328-007","9/30/2017 19:06:43","0000-00","0","no battery","V"
"09/09/2020","10:14:40","2","default","115855972","OXY_CH2","49.094","min","181.931","µmol/L","Humid","20.954","deg","80855","µV","29.602","°C","1016.000","hPa","35.3","pmil","0","53.237","deg","23.954","°C","100.000","%a.s.","21.023","deg","23.635","°C","1019.000","hPa","0.861","-0.02617","0.00035","0","0","13.56","Humid","28.00","0","54.00","362172.78","SABD0000000001","AAV1.0.0.11","1.1.2.0","PSt7-10","170328-007","9/30/2017 19:06:43","0000-00","0","no battery","V"
"09/09/2020","10:14:41","2","default","115855972","OXY_CH2","49.110","min","182.017","µmol/L","Humid","20.953","deg","80861","µV","29.590","°C","1016.000","hPa","35.3","pmil","0","53.237","deg","23.954","°C","100.000","%a.s.","21.023","deg","23.635","°C","1019.000","hPa","0.861","-0.02617","0.00035","0","0","13.56","Humid","28.00","0","54.00","362168.15","SABD0000000001","AAV1.0.0.11","1.1.2.0","PSt7-10","170328-007","9/30/2017 19:06:43","0000-00","0","no battery","V"
"09/09/2020","10:14:42","2","default","115855972","OXY_CH2","49.127","min","182.036","µmol/L","Humid","20.953","deg","80859","µV","29.587","°C","1016.000","hPa","35.3","pmil","0","53.237","deg","23.954","°C","100.000","%a.s.","21.023","deg","23.635","°C","1019.000","hPa","0.861","-0.02617","0.00035","0","0","13.56","Humid","28.00","0","54.00","362181.68","SABD0000000001","AAV1.0.0.11","1.1.2.0","PSt7-10","170328-007","9/30/2017 19:06:43","0000-00","0","no battery","V"
"09/09/2020","10:14:43","2","default","115855972","OXY_CH2","49.144","min","182.020","µmol/L","Humid","20.951","deg","80859","µV","29.596","°C","1016.000","hPa","35.3","pmil","0","53.237","deg","23.954","°C","100.000","%a.s.","21.023","deg","23.635","°C","1019.000","hPa","0.861","-0.02617","0.00035","0","0","13.56","Humid","28.00","0","54.00","362191.40","SABD0000000001","AAV1.0.0.11","1.1.2.0","PSt7-10","170328-007","9/30/2017 19:06:43","0000-00","0","no battery","V"
"09/09/2020","10:14:44","2","default","115855972","OXY_CH2","49.160","min","181.859","µmol/L","Humid","20.957","deg","80851","µV","29.607","°C","1016.000","hPa","35.3","pmil","0","53.237","deg","23.954","°C","100.000","%a.s.","21.023","deg","23.635","°C","1019.000","hPa","0.861","-0.02617","0.00035","0","0","13.56","Humid","28.00","0","54.00","362179.82","SABD0000000001","AAV1.0.0.11","1.1.2.0","PSt7-10","170328-007","9/30/2017 19:06:43","0000-00","0","no battery","V"
"09/09/2020","10:14:45","2","default","115855972","OXY_CH2","49.178","min","182.008","µmol/L","Humid","20.952","deg","80854","µV","29.595","°C","1016.000","hPa","35.3","pmil","0","53.237","deg","23.954","°C","100.000","%a.s.","21.023","deg","23.635","°C","1019.000","hPa","0.861","-0.02617","0.00035","0","0","13.56","Humid","28.00","0","54.00","362184.79","SABD0000000001","AAV1.0.0.11","1.1.2.0","PSt7-10","170328-007","9/30/2017 19:06:43","0000-00","0","no battery","V"
"09/09/2020","10:14:46","2","default","115855972","OXY_CH2","49.194","min","181.995","µmol/L","Humid","20.954","deg","80859","µV","29.591","°C","1016.000","hPa","35.3","pmil","0","53.237","deg","23.954","°C","100.000","%a.s.","21.023","deg","23.635","°C","1019.000","hPa","0.861","-0.02617","0.00035","0","0","13.56","Humid","28.00","0","54.00","362184.02","SABD0000000001","AAV1.0.0.11","1.1.2.0","PSt7-10","170328-007","9/30/2017 19:06:43","0000-00","0","no battery","V"
"09/09/2020","10:14:47","2","default","115855972","OXY_CH2","49.211","min","182.029","µmol/L","Humid","20.952","deg","80863","µV","29.591","°C","1016.000","hPa","35.3","pmil","0","53.237","deg","23.954","°C","100.000","%a.s.","21.023","deg","23.635","°C","1019.000","hPa","0.861","-0.02617","0.00035","0","0","13.56","Humid","28.00","0","54.00","362175.37","SABD0000000001","AAV1.0.0.11","1.1.2.0","PSt7-10","170328-007","9/30/2017 19:06:43","0000-00","0","no battery","V"
"09/09/2020","10:14:48","2","default","115855972","OXY_CH2","49.227","min","181.958","µmol/L","Humid","20.957","deg","80853","µV","29.589","°C","1016.000","hPa","35.3","pmil","0","53.237","deg","23.954","°C","100.000","%a.s.","21.023","deg","23.635","°C","1019.000","hPa","0.861","-0.02617","0.00035","0","0","13.56","Humid","28.00","0","54.00","362165.63","SABD0000000001","AAV1.0.0.11","1.1.2.0","PSt7-10","170328-007","9/30/2017 19:06:43","0000-00","0","no battery","V"
"09/09/2020","10:14:49","2","default","115855972","OXY_CH2","49.244","min","182.051","µmol/L","Humid","20.949","deg","80847","µV","29.596","°C","1016.000","hPa","35.3","pmil","0","53.237","deg","23.954","°C","100.000","%a.s.","21.023","deg","23.635","°C","1019.000","hPa","0.861","-0.02617","0.00035","0","0","13.56","Humid","28.00","0","54.00","362173.32","SABD0000000001","AAV1.0.0.11","1.1.2.0","PSt7-10","170328-007","9/30/2017 19:06:43","0000-00","0","no battery","V"
"09/09/2020","10:14:50","2","default","115855972","OXY_CH2","49.261","min","182.048","µmol/L","Humid","20.952","deg","80850","µV","29.588","°C","1016.000","hPa","35.3","pmil","0","53.237","deg","23.954","°C","100.000","%a.s.","21.023","deg","23.635","°C","1019.000","hPa","0.861","-0.02617","0.00035","0","0","13.56","Humid","28.00","0","54.00","362171.39","SABD0000000001","AAV1.0.0.11","1.1.2.0","PSt7-10","170328-007","9/30/2017 19:06:43","0000-00","0","no battery","V"
"09/09/2020","10:14:51","2","default","115855972","OXY_CH2","49.277","min","182.003","µmol/L","Humid","20.953","deg","80849","µV","29.593","°C","1016.000","hPa","35.3","pmil","0","53.237","deg","23.954","°C","100.000","%a.s.","21.023","deg","23.635","°C","1019.000","hPa","0.861","-0.02617","0.00035","0","0","13.56","Humid","28.00","0","54.00","362172.65","SABD0000000001","AAV1.0.0.11","1.1.2.0","PSt7-10","170328-007","9/30/2017 19:06:43","0000-00","0","no battery","V"
"09/09/2020","10:14:52","2","default","115855972","OXY_CH2","49.294","min","182.045","µmol/L","Humid","20.953","deg","80848","µV","29.585","°C","1016.000","hPa","35.3","pmil","0","53.237","deg","23.954","°C","100.000","%a.s.","21.023","deg","23.635","°C","1019.000","hPa","0.861","-0.02617","0.00035","0","0","13.56","Humid","28.00","0","54.00","362166.56","SABD0000000001","AAV1.0.0.11","1.1.2.0","PSt7-10","170328-007","9/30/2017 19:06:43","0000-00","0","no battery","V"
"09/09/2020","10:14:53","2","default","115855972","OXY_CH2","49.311","min","182.009","µmol/L","Humid","20.955","deg","80847","µV","29.586","°C","1016.000","hPa","35.3","pmil","0","53.237","deg","23.954","°C","100.000","%a.s.","21.023","deg","23.635","°C","1019.000","hPa","0.861","-0.02617","0.00035","0","0","13.56","Humid","28.00","0","54.00","362154.14","SABD0000000001","AAV1.0.0.11","1.1.2.0","PSt7-10","170328-007","9/30/2017 19:06:43","0000-00","0","no battery","V"
"09/09/2020","10:14:54","2","default","115855972","OXY_CH2","49.327","min","181.917","µmol/L","Humid","20.957","deg","80844","µV","29.596","°C","1016.000","hPa","35.3","pmil","0","53.237","deg","23.954","°C","100.000","%a.s.","21.023","deg","23.635","°C","1019.000","hPa","0.861","-0.02617","0.00035","0","0","13.56","Humid","28.00","0","54.00","362157.75","SABD0000000001","AAV1.0.0.11","1.1.2.0","PSt7-10","170328-007","9/30/2017 19:06:43","0000-00","0","no battery","V"
"09/09/2020","10:14:55","2","default","115855972","OXY_CH2","49.344","min","181.884","µmol/L","Humid","20.950","deg","80846","µV","29.622","°C","1016.000","hPa","35.3","pmil","0","53.237","deg","23.954","°C","100.000","%a.s.","21.023","deg","23.635","°C","1019.000","hPa","0.861","-0.02617","0.00035","0","0","13.56","Humid","28.00","0","54.00","362159.98","SABD0000000001","AAV1.0.0.11","1.1.2.0","PSt7-10","170328-007","9/30/2017 19:06:43","0000-00","0","no battery","V"
"09/09/2020","10:14:56","2","default","115855972","OXY_CH2","49.361","min","181.866","µmol/L","Humid","20.955","deg","80848","µV","29.611","°C","1016.000","hPa","35.3","pmil","0","53.237","deg","23.954","°C","100.000","%a.s.","21.023","deg","23.635","°C","1019.000","hPa","0.861","-0.02617","0.00035","0","0","13.56","Humid","28.00","0","54.00","362182.70","SABD0000000001","AAV1.0.0.11","1.1.2.0","PSt7-10","170328-007","9/30/2017 19:06:43","0000-00","0","no battery","V"
"09/09/2020","10:14:57","2","default","115855972","OXY_CH2","49.377","min","181.990","µmol/L","Humid","20.949","deg","80845","µV","29.607","°C","1016.000","hPa","35.3","pmil","0","53.237","deg","23.954","°C","100.000","%a.s.","21.023","deg","23.635","°C","1019.000","hPa","0.861","-0.02617","0.00035","0","0","13.56","Humid","28.00","0","54.00","362165.13","SABD0000000001","AAV1.0.0.11","1.1.2.0","PSt7-10","170328-007","9/30/2017 19:06:43","0000-00","0","no battery","V"
"09/09/2020","10:14:58","2","default","115855972","OXY_CH2","49.394","min","181.923","µmol/L","Humid","20.950","deg","80843","µV","29.616","°C","1016.000","hPa","35.3","pmil","0","53.237","deg","23.954","°C","100.000","%a.s.","21.023","deg","23.635","°C","1019.000","hPa","0.861","-0.02617","0.00035","0","0","13.56","Humid","28.00","0","54.00","362160.48","SABD0000000001","AAV1.0.0.11","1.1.2.0","PSt7-10","170328-007","9/30/2017 19:06:43","0000-00","0","no battery","V"
"09/09/2020","10:14:59","2","default","115855972","OXY_CH2","49.411","min","181.977","µmol/L","Humid","20.947","deg","80846","µV","29.615","°C","1016.000","hPa","35.3","pmil","0","53.237","deg","23.954","°C","100.000","%a.s.","21.023","deg","23.635","°C","1019.000","hPa","0.861","-0.02617","0.00035","0","0","13.56","Humid","28.00","0","54.00","362165.29","SABD0000000001","AAV1.0.0.11","1.1.2.0","PSt7-10","170328-007","9/30/2017 19:06:43","0000-00","0","no battery","V"
"09/09/2020","10:15:00","2","default","115855972","OXY_CH2","49.428","min","181.951","µmol/L","Humid","20.951","deg","80846","µV","29.608","°C","1016.000","hPa","35.3","pmil","0","53.237","deg","23.954","°C","100.000","%a.s.","21.023","deg","23.635","°C","1019.000","hPa","0.861","-0.02617","0.00035","0","0","13.56","Humid","28.00","0","54.00","362174.68","SABD0000000001","AAV1.0.0.11","1.1.2.0","PSt7-10","170328-007","9/30/2017 19:06:43","0000-00","0","no battery","V"
"09/09/2020","10:15:01","2","default","115855972","OXY_CH2","49.444","min","182.013","µmol/L","Humid","20.946","deg","80847","µV","29.611","°C","1016.000","hPa","35.3","pmil","0","53.237","deg","23.954","°C","100.000","%a.s.","21.023","deg","23.635","°C","1019.000","hPa","0.861","-0.02617","0.00035","0","0","13.56","Humid","28.00","0","54.00","362162.63","SABD0000000001","AAV1.0.0.11","1.1.2.0","PSt7-10","170328-007","9/30/2017 19:06:43","0000-00","0","no battery","V"
"09/09/2020","10:15:02","2","default","115855972","OXY_CH2","49.461","min","181.958","µmol/L","Humid","20.952","deg","80840","µV","29.604","°C","1016.000","hPa","35.3","pmil","0","53.237","deg","23.954","°C","100.000","%a.s.","21.023","deg","23.635","°C","1019.000","hPa","0.861","-0.02617","0.00035","0","0","13.56","Humid","28.00","0","54.00","362153.69","SABD0000000001","AAV1.0.0.11","1.1.2.0","PSt7-10","170328-007","9/30/2017 19:06:43","0000-00","0","no battery","V"
"09/09/2020","10:15:03","2","default","115855972","OXY_CH2","49.477","min","182.027","µmol/L","Humid","20.951","deg","80843","µV","29.594","°C","1016.000","hPa","35.3","pmil","0","53.237","deg","23.954","°C","100.000","%a.s.","21.023","deg","23.635","°C","1019.000","hPa","0.861","-0.02617","0.00035","0","0","13.56","Humid","28.00","0","54.00","362156.05","SABD0000000001","AAV1.0.0.11","1.1.2.0","PSt7-10","170328-007","9/30/2017 19:06:43","0000-00","0","no battery","V"
"09/09/2020","10:15:04","2","default","115855972","OXY_CH2","49.494","min","181.936","µmol/L","Humid","20.954","deg","80847","µV","29.602","°C","1016.000","hPa","35.3","pmil","0","53.237","deg","23.954","°C","100.000","%a.s.","21.023","deg","23.635","°C","1019.000","hPa","0.861","-0.02617","0.00035","0","0","13.56","Humid","28.00","0","54.00","362156.25","SABD0000000001","AAV1.0.0.11","1.1.2.0","PSt7-10","170328-007","9/30/2017 19:06:43","0000-00","0","no battery","V"
"09/09/2020","10:15:05","2","default","115855972","OXY_CH2","49.511","min","181.990","µmol/L","Humid","20.949","deg","80847","µV","29.607","°C","1016.000","hPa","35.3","pmil","0","53.237","deg","23.954","°C","100.000","%a.s.","21.023","deg","23.635","°C","1019.000","hPa","0.861","-0.02617","0.00035","0","0","13.56","Humid","28.00","0","54.00","362162.36","SABD0000000001","AAV1.0.0.11","1.1.2.0","PSt7-10","170328-007","9/30/2017 19:06:43","0000-00","0","no battery","V"
"09/09/2020","10:15:06","2","default","115855972","OXY_CH2","49.528","min","181.989","µmol/L","Humid","20.949","deg","80843","µV","29.607","°C","1016.000","hPa","35.3","pmil","0","53.237","deg","23.954","°C","100.000","%a.s.","21.023","deg","23.635","°C","1019.000","hPa","0.861","-0.02617","0.00035","0","0","13.56","Humid","28.00","0","54.00","362170.23","SABD0000000001","AAV1.0.0.11","1.1.2.0","PSt7-10","170328-007","9/30/2017 19:06:43","0000-00","0","no battery","V"
"09/09/2020","10:15:07","2","default","115855972","OXY_CH2","49.544","min","182.063","µmol/L","Humid","20.950","deg","80847","µV","29.591","°C","1016.000","hPa","35.3","pmil","0","53.237","deg","23.954","°C","100.000","%a.s.","21.023","deg","23.635","°C","1019.000","hPa","0.861","-0.02617","0.00035","0","0","13.56","Humid","28.00","0","54.00","362163.92","SABD0000000001","AAV1.0.0.11","1.1.2.0","PSt7-10","170328-007","9/30/2017 19:06:43","0000-00","0","no battery","V"
"09/09/2020","10:15:08","2","default","115855972","OXY_CH2","49.561","min","181.999","µmol/L","Humid","20.950","deg","80851","µV","29.602","°C","1016.000","hPa","35.3","pmil","0","53.237","deg","23.954","°C","100.000","%a.s.","21.023","deg","23.635","°C","1019.000","hPa","0.861","-0.02617","0.00035","0","0","13.56","Humid","28.00","0","54.00","362161.63","SABD0000000001","AAV1.0.0.11","1.1.2.0","PSt7-10","170328-007","9/30/2017 19:06:43","0000-00","0","no battery","V"
"09/09/2020","10:15:09","2","default","115855972","OXY_CH2","49.578","min","182.015","µmol/L","Humid","20.949","deg","80834","µV","29.602","°C","1016.000","hPa","35.3","pmil","0","53.237","deg","23.954","°C","100.000","%a.s.","21.023","deg","23.635","°C","1019.000","hPa","0.861","-0.02617","0.00035","0","0","13.56","Humid","28.00","0","54.00","362150.31","SABD0000000001","AAV1.0.0.11","1.1.2.0","PSt7-10","170328-007","9/30/2017 19:06:43","0000-00","0","no battery","V"
"09/09/2020","10:15:10","2","default","115855972","OXY_CH2","49.594","min","182.140","µmol/L","Humid","20.942","deg","80834","µV","29.601","°C","1016.000","hPa","35.3","pmil","0","53.237","deg","23.954","°C","100.000","%a.s.","21.023","deg","23.635","°C","1019.000","hPa","0.861","-0.02617","0.00035","0","0","13.56","Humid","28.00","0","54.00","362143.96","SABD0000000001","AAV1.0.0.11","1.1.2.0","PSt7-10","170328-007","9/30/2017 19:06:43","0000-00","0","no battery","V"
"09/09/2020","10:15:11","2","default","115855972","OXY_CH2","49.611","min","182.075","µmol/L","Humid","20.946","deg","80841","µV","29.601","°C","1016.000","hPa","35.3","pmil","0","53.237","deg","23.954","°C","100.000","%a.s.","21.023","deg","23.635","°C","1019.000","hPa","0.861","-0.02617","0.00035","0","0","13.56","Humid","28.00","0","54.00","362151.49","SABD0000000001","AAV1.0.0.11","1.1.2.0","PSt7-10","170328-007","9/30/2017 19:06:43","0000-00","0","no battery","V"
"09/09/2020","10:15:12","2","default","115855972","OXY_CH2","49.627","min","182.098","µmol/L","Humid","20.947","deg","80839","µV","29.594","°C","1016.000","hPa","35.3","pmil","0","53.237","deg","23.954","°C","100.000","%a.s.","21.023","deg","23.635","°C","1019.000","hPa","0.861","-0.02617","0.00035","0","0","13.56","Humid","28.00","0","54.00","362165.42","SABD0000000001","AAV1.0.0.11","1.1.2.0","PSt7-10","170328-007","9/30/2017 19:06:43","0000-00","0","no battery","V"
"09/09/2020","10:15:13","2","default","115855972","OXY_CH2","49.644","min","181.914","µmol/L","Humid","20.952","deg","80840","µV","29.611","°C","1016.000","hPa","35.3","pmil","0","53.237","deg","23.954","°C","100.000","%a.s.","21.023","deg","23.635","°C","1019.000","hPa","0.861","-0.02617","0.00035","0","0","13.56","Humid","28.00","0","54.00","362166.25","SABD0000000001","AAV1.0.0.11","1.1.2.0","PSt7-10","170328-007","9/30/2017 19:06:43","0000-00","0","no battery","V"
"09/09/2020","10:15:14","2","default","115855972","OXY_CH2","49.660","min","181.959","µmol/L","Humid","20.950","deg","80836","µV","29.609","°C","1016.000","hPa","35.3","pmil","0","53.237","deg","23.954","°C","100.000","%a.s.","21.023","deg","23.635","°C","1019.000","hPa","0.861","-0.02617","0.00035","0","0","13.56","Humid","28.00","0","54.00","362146.02","SABD0000000001","AAV1.0.0.11","1.1.2.0","PSt7-10","170328-007","9/30/2017 19:06:43","0000-00","0","no battery","V"
"09/09/2020","10:15:15","2","default","115855972","OXY_CH2","49.678","min","181.973","µmol/L","Humid","20.948","deg","80835","µV","29.613","°C","1016.000","hPa","35.3","pmil","0","53.237","deg","23.954","°C","100.000","%a.s.","21.023","deg","23.635","°C","1019.000","hPa","0.861","-0.02617","0.00035","0","0","13.56","Humid","28.00","0","54.00","362159.38","SABD0000000001","AAV1.0.0.11","1.1.2.0","PSt7-10","170328-007","9/30/2017 19:06:43","0000-00","0","no battery","V"
"09/09/2020","10:15:16","2","default","115855972","OXY_CH2","49.694","min","181.894","µmol/L","Humid","20.952","deg","80830","µV","29.615","°C","1016.000","hPa","35.3","pmil","0","53.237","deg","23.954","°C","100.000","%a.s.","21.023","deg","23.635","°C","1019.000","hPa","0.861","-0.02617","0.00035","0","0","13.56","Humid","28.00","0","54.00","362146.59","SABD0000000001","AAV1.0.0.11","1.1.2.0","PSt7-10","170328-007","9/30/2017 19:06:43","0000-00","0","no battery","V"
"09/09/2020","10:15:17","2","default","115855972","OXY_CH2","49.711","min","181.964","µmol/L","Humid","20.948","deg","80837","µV","29.614","°C","1016.000","hPa","35.3","pmil","0","53.237","deg","23.954","°C","100.000","%a.s.","21.023","deg","23.635","°C","1019.000","hPa","0.861","-0.02617","0.00035","0","0","13.56","Humid","28.00","0","54.00","362140.96","SABD0000000001","AAV1.0.0.11","1.1.2.0","PSt7-10","170328-007","9/30/2017 19:06:43","0000-00","0","no battery","V"
"09/09/2020","10:15:18","2","default","115855972","OXY_CH2","49.728","min","181.990","µmol/L","Humid","20.947","deg","80838","µV","29.612","°C","1016.000","hPa","35.3","pmil","0","53.237","deg","23.954","°C","100.000","%a.s.","21.023","deg","23.635","°C","1019.000","hPa","0.861","-0.02617","0.00035","0","0","13.56","Humid","28.00","0","54.00","362144.34","SABD0000000001","AAV1.0.0.11","1.1.2.0","PSt7-10","170328-007","9/30/2017 19:06:43","0000-00","0","no battery","V"
"09/09/2020","10:15:19","2","default","115855972","OXY_CH2","49.744","min","181.980","µmol/L","Humid","20.951","deg","80840","µV","29.603","°C","1016.000","hPa","35.3","pmil","0","53.237","deg","23.954","°C","100.000","%a.s.","21.023","deg","23.635","°C","1019.000","hPa","0.861","-0.02617","0.00035","0","0","13.56","Humid","28.00","0","54.00","362156.97","SABD0000000001","AAV1.0.0.11","1.1.2.0","PSt7-10","170328-007","9/30/2017 19:06:43","0000-00","0","no battery","V"
"09/09/2020","10:15:20","2","default","115855972","OXY_CH2","49.760","min","181.976","µmol/L","Humid","20.947","deg","80829","µV","29.615","°C","1016.000","hPa","35.3","pmil","0","53.237","deg","23.954","°C","100.000","%a.s.","21.023","deg","23.635","°C","1019.000","hPa","0.861","-0.02617","0.00035","0","0","13.56","Humid","28.00","0","54.00","362148.18","SABD0000000001","AAV1.0.0.11","1.1.2.0","PSt7-10","170328-007","9/30/2017 19:06:43","0000-00","0","no battery","V"
"09/09/2020","10:15:21","2","default","115855972","OXY_CH2","49.777","min","181.986","µmol/L","Humid","20.944","deg","80833","µV","29.622","°C","1016.000","hPa","35.3","pmil","0","53.237","deg","23.954","°C","100.000","%a.s.","21.023","deg","23.635","°C","1019.000","hPa","0.861","-0.02617","0.00035","0","0","13.56","Humid","28.00","0","54.00","362152.08","SABD0000000001","AAV1.0.0.11","1.1.2.0","PSt7-10","170328-007","9/30/2017 19:06:43","0000-00","0","no battery","V"
"09/09/2020","10:15:22","2","default","115855972","OXY_CH2","49.794","min","182.130","µmol/L","Humid","20.944","deg","80827","µV","29.597","°C","1016.000","hPa","35.3","pmil","0","53.237","deg","23.954","°C","100.000","%a.s.","21.023","deg","23.635","°C","1019.000","hPa","0.861","-0.02617","0.00035","0","0","13.56","Humid","28.00","0","54.00","362148.61","SABD0000000001","AAV1.0.0.11","1.1.2.0","PSt7-10","170328-007","9/30/2017 19:06:43","0000-00","0","no battery","V"
"09/09/2020","10:15:23","2","default","115855972","OXY_CH2","49.811","min","182.017","µmol/L","Humid","20.946","deg","80824","µV","29.611","°C","1016.000","hPa","35.3","pmil","0","53.237","deg","23.954","°C","100.000","%a.s.","21.023","deg","23.635","°C","1019.000","hPa","0.861","-0.02617","0.00035","0","0","13.56","Humid","28.00","0","54.00","362140.79","SABD0000000001","AAV1.0.0.11","1.1.2.0","PSt7-10","170328-007","9/30/2017 19:06:43","0000-00","0","no battery","V"
"09/09/2020","10:15:24","2","default","115855972","OXY_CH2","49.827","min","182.009","µmol/L","Humid","20.947","deg","80828","µV","29.609","°C","1016.000","hPa","35.3","pmil","0","53.237","deg","23.954","°C","100.000","%a.s.","21.023","deg","23.635","°C","1019.000","hPa","0.861","-0.02617","0.00035","0","0","13.56","Humid","28.00","0","54.00","362148.20","SABD0000000001","AAV1.0.0.11","1.1.2.0","PSt7-10","170328-007","9/30/2017 19:06:43","0000-00","0","no battery","V"
"09/09/2020","10:15:25","2","default","115855972","OXY_CH2","49.844","min","181.882","µmol/L","Humid","20.952","deg","80824","µV","29.617","°C","1016.000","hPa","35.3","pmil","0","53.237","deg","23.954","°C","100.000","%a.s.","21.023","deg","23.635","°C","1019.000","hPa","0.861","-0.02617","0.00035","0","0","13.56","Humid","28.00","0","54.00","362145.72","SABD0000000001","AAV1.0.0.11","1.1.2.0","PSt7-10","170328-007","9/30/2017 19:06:43","0000-00","0","no battery","V"
"09/09/2020","10:15:26","2","default","115855972","OXY_CH2","49.860","min","181.936","µmol/L","Humid","20.950","deg","80823","µV","29.613","°C","1016.000","hPa","35.3","pmil","0","53.237","deg","23.954","°C","100.000","%a.s.","21.023","deg","23.635","°C","1019.000","hPa","0.861","-0.02617","0.00035","0","0","13.56","Humid","28.00","0","54.00","362139.05","SABD0000000001","AAV1.0.0.11","1.1.2.0","PSt7-10","170328-007","9/30/2017 19:06:43","0000-00","0","no battery","V"
"09/09/2020","10:15:27","2","default","115855972","OXY_CH2","49.877","min","182.003","µmol/L","Humid","20.947","deg","80829","µV","29.610","°C","1016.000","hPa","35.3","pmil","0","53.237","deg","23.954","°C","100.000","%a.s.","21.023","deg","23.635","°C","1019.000","hPa","0.861","-0.02617","0.00035","0","0","13.56","Humid","28.00","0","54.00","362139.21","SABD0000000001","AAV1.0.0.11","1.1.2.0","PSt7-10","170328-007","9/30/2017 19:06:43","0000-00","0","no battery","V"
"09/09/2020","10:15:28","2","default","115855972","OXY_CH2","49.894","min","182.020","µmol/L","Humid","20.949","deg","80819","µV","29.601","°C","1016.000","hPa","35.3","pmil","0","53.237","deg","23.954","°C","100.000","%a.s.","21.023","deg","23.635","°C","1019.000","hPa","0.861","-0.02617","0.00035","0","0","13.56","Humid","28.00","0","54.00","362140.83","SABD0000000001","AAV1.0.0.11","1.1.2.0","PSt7-10","170328-007","9/30/2017 19:06:43","0000-00","0","no battery","V"
"09/09/2020","10:15:29","2","default","115855972","OXY_CH2","49.910","min","182.026","µmol/L","Humid","20.947","deg","80825","µV","29.606","°C","1016.000","hPa","35.3","pmil","0","53.237","deg","23.954","°C","100.000","%a.s.","21.023","deg","23.635","°C","1019.000","hPa","0.861","-0.02617","0.00035","0","0","13.56","Humid","28.00","0","54.00","362144.58","SABD0000000001","AAV1.0.0.11","1.1.2.0","PSt7-10","170328-007","9/30/2017 19:06:43","0000-00","0","no battery","V"
"09/09/2020","10:15:30","2","default","115855972","OXY_CH2","49.927","min","182.049","µmol/L","Humid","20.944","deg","80826","µV","29.611","°C","1016.000","hPa","35.3","pmil","0","53.237","deg","23.954","°C","100.000","%a.s.","21.023","deg","23.635","°C","1019.000","hPa","0.861","-0.02617","0.00035","0","0","13.56","Humid","28.00","0","54.00","362138.66","SABD0000000001","AAV1.0.0.11","1.1.2.0","PSt7-10","170328-007","9/30/2017 19:06:43","0000-00","0","no battery","V"
"09/09/2020","10:15:31","2","default","115855972","OXY_CH2","49.944","min","182.105","µmol/L","Humid","20.945","deg","80827","µV","29.598","°C","1016.000","hPa","35.3","pmil","0","53.237","deg","23.954","°C","100.000","%a.s.","21.023","deg","23.635","°C","1019.000","hPa","0.861","-0.02617","0.00035","0","0","13.56","Humid","28.00","0","54.00","362116.06","SABD0000000001","AAV1.0.0.11","1.1.2.0","PSt7-10","170328-007","9/30/2017 19:06:43","0000-00","0","no battery","V"
"09/09/2020","10:15:32","2","default","115855972","OXY_CH2","49.961","min","182.121","µmol/L","Humid","20.946","deg","80824","µV","29.592","°C","1016.000","hPa","35.3","pmil","0","53.237","deg","23.954","°C","100.000","%a.s.","21.023","deg","23.635","°C","1019.000","hPa","0.861","-0.02617","0.00035","0","0","13.56","Humid","28.00","0","54.00","362125.41","SABD0000000001","AAV1.0.0.11","1.1.2.0","PSt7-10","170328-007","9/30/2017 19:06:43","0000-00","0","no battery","V"
"09/09/2020","10:15:33","2","default","115855972","OXY_CH2","49.977","min","181.945","µmol/L","Humid","20.945","deg","80825","µV","29.626","°C","1016.000","hPa","35.3","pmil","0","53.237","deg","23.954","°C","100.000","%a.s.","21.023","deg","23.635","°C","1019.000","hPa","0.861","-0.02617","0.00035","0","0","13.56","Humid","28.00","0","54.00","362137.77","SABD0000000001","AAV1.0.0.11","1.1.2.0","PSt7-10","170328-007","9/30/2017 19:06:43","0000-00","0","no battery","V"
"09/09/2020","10:15:34","2","default","115855972","OXY_CH2","49.994","min","181.973","µmol/L","Humid","20.944","deg","80818","µV","29.624","°C","1016.000","hPa","35.3","pmil","0","53.237","deg","23.954","°C","100.000","%a.s.","21.023","deg","23.635","°C","1019.000","hPa","0.861","-0.02617","0.00035","0","0","13.56","Humid","28.00","0","54.00","362140.38","SABD0000000001","AAV1.0.0.11","1.1.2.0","PSt7-10","170328-007","9/30/2017 19:06:43","0000-00","0","no battery","V"
"09/09/2020","10:15:35","2","default","115855972","OXY_CH2","50.011","min","182.008","µmol/L","Humid","20.943","deg","80818","µV","29.621","°C","1016.000","hPa","35.3","pmil","0","53.237","deg","23.954","°C","100.000","%a.s.","21.023","deg","23.635","°C","1019.000","hPa","0.861","-0.02617","0.00035","0","0","13.56","Humid","28.00","0","54.00","362122.97","SABD0000000001","AAV1.0.0.11","1.1.2.0","PSt7-10","170328-007","9/30/2017 19:06:43","0000-00","0","no battery","V"
"09/09/2020","10:15:36","2","default","115855972","OXY_CH2","50.027","min","181.959","µmol/L","Humid","20.944","deg","80817","µV","29.627","°C","1016.000","hPa","35.3","pmil","0","53.237","deg","23.954","°C","100.000","%a.s.","21.023","deg","23.635","°C","1019.000","hPa","0.861","-0.02617","0.00035","0","0","13.56","Humid","28.00","0","54.00","362121.94","SABD0000000001","AAV1.0.0.11","1.1.2.0","PSt7-10","170328-007","9/30/2017 19:06:43","0000-00","0","no battery","V"
"09/09/2020","10:15:37","2","default","115855972","OXY_CH2","50.044","min","182.045","µmol/L","Humid","20.941","deg","80817","µV","29.620","°C","1016.000","hPa","35.3","pmil","0","53.237","deg","23.954","°C","100.000","%a.s.","21.023","deg","23.635","°C","1019.000","hPa","0.861","-0.02617","0.00035","0","0","13.56","Humid","28.00","0","54.00","362121.60","SABD0000000001","AAV1.0.0.11","1.1.2.0","PSt7-10","170328-007","9/30/2017 19:06:43","0000-00","0","no battery","V"
"09/09/2020","10:15:38","2","default","115855972","OXY_CH2","50.061","min","181.960","µmol/L","Humid","20.947","deg","80812","µV","29.618","°C","1016.000","hPa","35.3","pmil","0","53.237","deg","23.954","°C","100.000","%a.s.","21.023","deg","23.635","°C","1019.000","hPa","0.861","-0.02617","0.00035","0","0","13.56","Humid","28.00","0","54.00","362141.51","SABD0000000001","AAV1.0.0.11","1.1.2.0","PSt7-10","170328-007","9/30/2017 19:06:43","0000-00","0","no battery","V"
"09/09/2020","10:15:39","2","default","115855972","OXY_CH2","50.077","min","181.926","µmol/L","Humid","20.948","deg","80819","µV","29.621","°C","1016.000","hPa","35.3","pmil","0","53.237","deg","23.954","°C","100.000","%a.s.","21.023","deg","23.635","°C","1019.000","hPa","0.861","-0.02617","0.00035","0","0","13.56","Humid","28.00","0","54.00","362127.86","SABD0000000001","AAV1.0.0.11","1.1.2.0","PSt7-10","170328-007","9/30/2017 19:06:43","0000-00","0","no battery","V"
"09/09/2020","10:15:40","2","default","115855972","OXY_CH2","50.094","min","182.020","µmol/L","Humid","20.944","deg","80816","µV","29.616","°C","1016.000","hPa","35.3","pmil","0","53.237","deg","23.954","°C","100.000","%a.s.","21.023","deg","23.635","°C","1019.000","hPa","0.861","-0.02617","0.00035","0","0","13.56","Humid","28.00","0","54.00","362128.48","SABD0000000001","AAV1.0.0.11","1.1.2.0","PSt7-10","170328-007","9/30/2017 19:06:43","0000-00","0","no battery","V"
"09/09/2020","10:15:41","2","default","115855972","OXY_CH2","50.110","min","182.039","µmol/L","Humid","20.944","deg","80812","µV","29.613","°C","1016.000","hPa","35.3","pmil","0","53.237","deg","23.954","°C","100.000","%a.s.","21.023","deg","23.635","°C","1019.000","hPa","0.861","-0.02617","0.00035","0","0","13.56","Humid","28.00","0","54.00","362112.67","SABD0000000001","AAV1.0.0.11","1.1.2.0","PSt7-10","170328-007","9/30/2017 19:06:43","0000-00","0","no battery","V"
"09/09/2020","10:15:42","2","default","115855972","OXY_CH2","50.127","min","182.059","µmol/L","Humid","20.944","deg","80808","µV","29.609","°C","1016.000","hPa","35.3","pmil","0","53.237","deg","23.954","°C","100.000","%a.s.","21.023","deg","23.635","°C","1019.000","hPa","0.861","-0.02617","0.00035","0","0","13.56","Humid","28.00","0","54.00","362113.27","SABD0000000001","AAV1.0.0.11","1.1.2.0","PSt7-10","170328-007","9/30/2017 19:06:43","0000-00","0","no battery","V"
"09/09/2020","10:15:43","2","default","115855972","OXY_CH2","50.144","min","182.103","µmol/L","Humid","20.941","deg","80820","µV","29.610","°C","1016.000","hPa","35.3","pmil","0","53.237","deg","23.954","°C","100.000","%a.s.","21.023","deg","23.635","°C","1019.000","hPa","0.861","-0.02617","0.00035","0","0","13.56","Humid","28.00","0","54.00","362127.03","SABD0000000001","AAV1.0.0.11","1.1.2.0","PSt7-10","170328-007","9/30/2017 19:06:43","0000-00","0","no battery","V"
"09/09/2020","10:15:44","2","default","115855972","OXY_CH2","50.160","min","182.021","µmol/L","Humid","20.943","deg","80816","µV","29.619","°C","1016.000","hPa","35.3","pmil","0","53.237","deg","23.954","°C","100.000","%a.s.","21.023","deg","23.635","°C","1019.000","hPa","0.861","-0.02617","0.00035","0","0","13.56","Humid","28.00","0","54.00","362132.18","SABD0000000001","AAV1.0.0.11","1.1.2.0","PSt7-10","170328-007","9/30/2017 19:06:43","0000-00","0","no battery","V"
"09/09/2020","10:15:45","2","default","115855972","OXY_CH2","50.177","min","182.079","µmol/L","Humid","20.941","deg","80812","µV","29.614","°C","1016.000","hPa","35.3","pmil","0","53.237","deg","23.954","°C","100.000","%a.s.","21.023","deg","23.635","°C","1019.000","hPa","0.861","-0.02617","0.00035","0","0","13.56","Humid","28.00","0","54.00","362127.14","SABD0000000001","AAV1.0.0.11","1.1.2.0","PSt7-10","170328-007","9/30/2017 19:06:43","0000-00","0","no battery","V"
"09/09/2020","10:15:46","2","default","115855972","OXY_CH2","50.194","min","182.008","µmol/L","Humid","20.944","deg","80808","µV","29.618","°C","1016.000","hPa","35.3","pmil","0","53.237","deg","23.954","°C","100.000","%a.s.","21.023","deg","23.635","°C","1019.000","hPa","0.861","-0.02617","0.00035","0","0","13.56","Humid","28.00","0","54.00","362121.16","SABD0000000001","AAV1.0.0.11","1.1.2.0","PSt7-10","170328-007","9/30/2017 19:06:43","0000-00","0","no battery","V"
"09/09/2020","10:15:47","2","default","115855972","OXY_CH2","50.211","min","181.980","µmol/L","Humid","20.945","deg","80816","µV","29.620","°C","1016.000","hPa","35.3","pmil","0","53.237","deg","23.954","°C","100.000","%a.s.","21.023","deg","23.635","°C","1019.000","hPa","0.861","-0.02617","0.00035","0","0","13.56","Humid","28.00","0","54.00","362125.00","SABD0000000001","AAV1.0.0.11","1.1.2.0","PSt7-10","170328-007","9/30/2017 19:06:43","0000-00","0","no battery","V"
"09/09/2020","10:15:48","2","default","115855972","OXY_CH2","50.227","min","181.945","µmol/L","Humid","20.946","deg","80815","µV","29.623","°C","1016.000","hPa","35.3","pmil","0","53.237","deg","23.954","°C","100.000","%a.s.","21.023","deg","23.635","°C","1019.000","hPa","0.861","-0.02617","0.00035","0","0","13.56","Humid","28.00","0","54.00","362127.23","SABD0000000001","AAV1.0.0.11","1.1.2.0","PSt7-10","170328-007","9/30/2017 19:06:43","0000-00","0","no battery","V"
"09/09/2020","10:15:49","2","default","115855972","OXY_CH2","50.244","min","182.040","µmol/L","Humid","20.944","deg","80820","µV","29.612","°C","1016.000","hPa","35.3","pmil","0","53.237","deg","23.954","°C","100.000","%a.s.","21.023","deg","23.635","°C","1019.000","hPa","0.861","-0.02617","0.00035","0","0","13.56","Humid","28.00","0","54.00","362118.91","SABD0000000001","AAV1.0.0.11","1.1.2.0","PSt7-10","170328-007","9/30/2017 19:06:43","0000-00","0","no battery","V"
"09/09/2020","10:15:50","2","default","115855972","OXY_CH2","50.261","min","182.133","µmol/L","Humid","20.938","deg","80809","µV","29.613","°C","1016.000","hPa","35.3","pmil","0","53.237","deg","23.954","°C","100.000","%a.s.","21.023","deg","23.635","°C","1019.000","hPa","0.861","-0.02617","0.00035","0","0","13.56","Humid","28.00","0","54.00","362123.21","SABD0000000001","AAV1.0.0.11","1.1.2.0","PSt7-10","170328-007","9/30/2017 19:06:43","0000-00","0","no battery","V"
"09/09/2020","10:15:51","2","default","115855972","OXY_CH2","50.277","min","182.092","µmol/L","Humid","20.940","deg","80812","µV","29.615","°C","1016.000","hPa","35.3","pmil","0","53.237","deg","23.954","°C","100.000","%a.s.","21.023","deg","23.635","°C","1019.000","hPa","0.861","-0.02617","0.00035","0","0","13.56","Humid","28.00","0","54.00","362119.62","SABD0000000001","AAV1.0.0.11","1.1.2.0","PSt7-10","170328-007","9/30/2017 19:06:43","0000-00","0","no battery","V"
"09/09/2020","10:15:52","2","default","115855972","OXY_CH2","50.294","min","181.942","µmol/L","Humid","20.945","deg","80811","µV","29.627","°C","1016.000","hPa","35.3","pmil","0","53.237","deg","23.954","°C","100.000","%a.s.","21.023","deg","23.635","°C","1019.000","hPa","0.861","-0.02617","0.00035","0","0","13.56","Humid","28.00","0","54.00","362128.37","SABD0000000001","AAV1.0.0.11","1.1.2.0","PSt7-10","170328-007","9/30/2017 19:06:43","0000-00","0","no battery","V"
"09/09/2020","10:15:53","2","default","115855972","OXY_CH2","50.311","min","181.939","µmol/L","Humid","20.946","deg","80813","µV","29.624","°C","1016.000","hPa","35.3","pmil","0","53.237","deg","23.954","°C","100.000","%a.s.","21.023","deg","23.635","°C","1019.000","hPa","0.861","-0.02617","0.00035","0","0","13.56","Humid","28.00","0","54.00","362112.42","SABD0000000001","AAV1.0.0.11","1.1.2.0","PSt7-10","170328-007","9/30/2017 19:06:43","0000-00","0","no battery","V"
"09/09/2020","10:15:54","2","default","115855972","OXY_CH2","50.328","min","181.936","µmol/L","Humid","20.943","deg","80808","µV","29.634","°C","1016.000","hPa","35.3","pmil","0","53.237","deg","23.954","°C","100.000","%a.s.","21.023","deg","23.635","°C","1019.000","hPa","0.861","-0.02617","0.00035","0","0","13.56","Humid","28.00","0","54.00","362110.26","SABD0000000001","AAV1.0.0.11","1.1.2.0","PSt7-10","170328-007","9/30/2017 19:06:43","0000-00","0","no battery","V"
"09/09/2020","10:15:55","2","default","115855972","OXY_CH2","50.344","min","181.978","µmol/L","Humid","20.942","deg","80809","µV","29.629","°C","1016.000","hPa","35.3","pmil","0","53.237","deg","23.954","°C","100.000","%a.s.","21.023","deg","23.635","°C","1019.000","hPa","0.861","-0.02617","0.00035","0","0","13.56","Humid","28.00","0","54.00","362099.75","SABD0000000001","AAV1.0.0.11","1.1.2.0","PSt7-10","170328-007","9/30/2017 19:06:43","0000-00","0","no battery","V"
"09/09/2020","10:15:56","2","default","115855972","OXY_CH2","50.361","min","181.891","µmol/L","Humid","20.944","deg","80808","µV","29.639","°C","1016.000","hPa","35.3","pmil","0","53.237","deg","23.954","°C","100.000","%a.s.","21.023","deg","23.635","°C","1019.000","hPa","0.861","-0.02617","0.00035","0","0","13.56","Humid","28.00","0","54.00","362113.87","SABD0000000001","AAV1.0.0.11","1.1.2.0","PSt7-10","170328-007","9/30/2017 19:06:43","0000-00","0","no battery","V"
"09/09/2020","10:15:57","2","default","115855972","OXY_CH2","50.378","min","182.012","µmol/L","Humid","20.941","deg","80813","µV","29.626","°C","1016.000","hPa","35.3","pmil","0","53.237","deg","23.954","°C","100.000","%a.s.","21.023","deg","23.635","°C","1019.000","hPa","0.861","-0.02617","0.00035","0","0","13.56","Humid","28.00","0","54.00","362116.74","SABD0000000001","AAV1.0.0.11","1.1.2.0","PSt7-10","170328-007","9/30/2017 19:06:43","0000-00","0","no battery","V"
"09/09/2020","10:15:58","2","default","115855972","OXY_CH2","50.394","min","181.814","µmol/L","Humid","20.947","deg","80809","µV","29.643","°C","1016.000","hPa","35.3","pmil","0","53.237","deg","23.954","°C","100.000","%a.s.","21.023","deg","23.635","°C","1019.000","hPa","0.861","-0.02617","0.00035","0","0","13.56","Humid","28.00","0","54.00","362119.15","SABD0000000001","AAV1.0.0.11","1.1.2.0","PSt7-10","170328-007","9/30/2017 19:06:43","0000-00","0","no battery","V"
"09/09/2020","10:15:59","2","default","115855972","OXY_CH2","50.411","min","182.011","µmol/L","Humid","20.941","deg","80810","µV","29.626","°C","1016.000","hPa","35.3","pmil","0","53.237","deg","23.954","°C","100.000","%a.s.","21.023","deg","23.635","°C","1019.000","hPa","0.861","-0.02617","0.00035","0","0","13.56","Humid","28.00","0","54.00","362109.06","SABD0000000001","AAV1.0.0.11","1.1.2.0","PSt7-10","170328-007","9/30/2017 19:06:43","0000-00","0","no battery","V"
"09/09/2020","10:16:00","2","default","115855972","OXY_CH2","50.428","min","182.051","µmol/L","Humid","20.938","deg","80810","µV","29.628","°C","1016.000","hPa","35.3","pmil","0","53.237","deg","23.954","°C","100.000","%a.s.","21.023","deg","23.635","°C","1019.000","hPa","0.861","-0.02617","0.00035","0","0","13.56","Humid","28.00","0","54.00","362101.78","SABD0000000001","AAV1.0.0.11","1.1.2.0","PSt7-10","170328-007","9/30/2017 19:06:43","0000-00","0","no battery","V"
"09/09/2020","10:16:01","2","default","115855972","OXY_CH2","50.444","min","182.014","µmol/L","Humid","20.941","deg","80805","µV","29.626","°C","1016.000","hPa","35.3","pmil","0","53.237","deg","23.954","°C","100.000","%a.s.","21.023","deg","23.635","°C","1019.000","hPa","0.861","-0.02617","0.00035","0","0","13.56","Humid","28.00","0","54.00","362105.26","SABD0000000001","AAV1.0.0.11","1.1.2.0","PSt7-10","170328-007","9/30/2017 19:06:43","0000-00","0","no battery","V"
"09/09/2020","10:16:02","2","default","115855972","OXY_CH2","50.461","min","181.960","µmol/L","Humid","20.943","deg","80803","µV","29.629","°C","1016.000","hPa","35.3","pmil","0","53.237","deg","23.954","°C","100.000","%a.s.","21.023","deg","23.635","°C","1019.000","hPa","0.861","-0.02617","0.00035","0","0","13.56","Humid","28.00","0","54.00","362121.93","SABD0000000001","AAV1.0.0.11","1.1.2.0","PSt7-10","170328-007","9/30/2017 19:06:43","0000-00","0","no battery","V"
"09/09/2020","10:16:03","2","default","115855972","OXY_CH2","50.478","min","181.910","µmol/L","Humid","20.943","deg","80802","µV","29.638","°C","1016.000","hPa","35.3","pmil","0","53.237","deg","23.954","°C","100.000","%a.s.","21.023","deg","23.635","°C","1019.000","hPa","0.861","-0.02617","0.00035","0","0","13.56","Humid","28.00","0","54.00","362109.92","SABD0000000001","AAV1.0.0.11","1.1.2.0","PSt7-10","170328-007","9/30/2017 19:06:43","0000-00","0","no battery","V"
"09/09/2020","10:16:04","2","default","115855972","OXY_CH2","50.494","min","182.062","µmol/L","Humid","20.935","deg","80799","µV","29.635","°C","1016.000","hPa","35.3","pmil","0","53.237","deg","23.954","°C","100.000","%a.s.","21.023","deg","23.635","°C","1019.000","hPa","0.861","-0.02617","0.00035","0","0","13.56","Humid","28.00","0","54.00","362092.15","SABD0000000001","AAV1.0.0.11","1.1.2.0","PSt7-10","170328-007","9/30/2017 19:06:43","0000-00","0","no battery","V"
"09/09/2020","10:16:05","2","default","115855972","OXY_CH2","50.511","min","182.013","µmol/L","Humid","20.940","deg","80795","µV","29.629","°C","1016.000","hPa","35.3","pmil","0","53.237","deg","23.954","°C","100.000","%a.s.","21.023","deg","23.635","°C","1019.000","hPa","0.861","-0.02617","0.00035","0","0","13.56","Humid","28.00","0","54.00","362091.91","SABD0000000001","AAV1.0.0.11","1.1.2.0","PSt7-10","170328-007","9/30/2017 19:06:43","0000-00","0","no battery","V"
"09/09/2020","10:16:06","2","default","115855972","OXY_CH2","50.527","min","182.017","µmol/L","Humid","20.941","deg","80803","µV","29.625","°C","1016.000","hPa","35.3","pmil","0","53.237","deg","23.954","°C","100.000","%a.s.","21.023","deg","23.635","°C","1019.000","hPa","0.861","-0.02617","0.00035","0","0","13.56","Humid","28.00","0","54.00","362096.28","SABD0000000001","AAV1.0.0.11","1.1.2.0","PSt7-10","170328-007","9/30/2017 19:06:43","0000-00","0","no battery","V"
"09/09/2020","10:16:07","2","default","115855972","OXY_CH2","50.544","min","182.039","µmol/L","Humid","20.939","deg","80801","µV","29.627","°C","1016.000","hPa","35.3","pmil","0","53.237","deg","23.954","°C","100.000","%a.s.","21.023","deg","23.635","°C","1019.000","hPa","0.861","-0.02617","0.00035","0","0","13.56","Humid","28.00","0","54.00","362107.20","SABD0000000001","AAV1.0.0.11","1.1.2.0","PSt7-10","170328-007","9/30/2017 19:06:43","0000-00","0","no battery","V"
"09/09/2020","10:16:08","2","default","115855972","OXY_CH2","50.560","min","182.038","µmol/L","Humid","20.939","deg","80795","µV","29.627","°C","1016.000","hPa","35.3","pmil","0","53.237","deg","23.954","°C","100.000","%a.s.","21.023","deg","23.635","°C","1019.000","hPa","0.861","-0.02617","0.00035","0","0","13.56","Humid","28.00","0","54.00","362110.90","SABD0000000001","AAV1.0.0.11","1.1.2.0","PSt7-10","170328-007","9/30/2017 19:06:43","0000-00","0","no battery","V"
"09/09/2020","10:16:09","2","default","115855972","OXY_CH2","50.577","min","182.015","µmol/L","Humid","20.940","deg","80798","µV","29.628","°C","1016.000","hPa","35.3","pmil","0","53.237","deg","23.954","°C","100.000","%a.s.","21.023","deg","23.635","°C","1019.000","hPa","0.861","-0.02617","0.00035","0","0","13.56","Humid","28.00","0","54.00","362106.69","SABD0000000001","AAV1.0.0.11","1.1.2.0","PSt7-10","170328-007","9/30/2017 19:06:43","0000-00","0","no battery","V"
"09/09/2020","10:16:10","2","default","115855972","OXY_CH2","50.594","min","181.898","µmol/L","Humid","20.942","deg","80800","µV","29.643","°C","1016.000","hPa","35.3","pmil","0","53.237","deg","23.954","°C","100.000","%a.s.","21.023","deg","23.635","°C","1019.000","hPa","0.861","-0.02617","0.00035","0","0","13.56","Humid","28.00","0","54.00","362090.65","SABD0000000001","AAV1.0.0.11","1.1.2.0","PSt7-10","170328-007","9/30/2017 19:06:43","0000-00","0","no battery","V"
"09/09/2020","10:16:11","2","default","115855972","OXY_CH2","50.610","min","181.984","µmol/L","Humid","20.938","deg","80799","µV","29.640","°C","1016.000","hPa","35.3","pmil","0","53.237","deg","23.954","°C","100.000","%a.s.","21.023","deg","23.635","°C","1019.000","hPa","0.861","-0.02617","0.00035","0","0","13.56","Humid","28.00","0","54.00","362101.76","SABD0000000001","AAV1.0.0.11","1.1.2.0","PSt7-10","170328-007","9/30/2017 19:06:43","0000-00","0","no battery","V"
"09/09/2020","10:16:12","2","default","115855972","OXY_CH2","50.628","min","181.886","µmol/L","Humid","20.945","deg","80797","µV","29.636","°C","1016.000","hPa","35.3","pmil","0","53.237","deg","23.954","°C","100.000","%a.s.","21.023","deg","23.635","°C","1019.000","hPa","0.861","-0.02617","0.00035","0","0","13.56","Humid","28.00","0","54.00","362110.09","SABD0000000001","AAV1.0.0.11","1.1.2.0","PSt7-10","170328-007","9/30/2017 19:06:43","0000-00","0","no battery","V"
"09/09/2020","10:16:13","2","default","115855972","OXY_CH2","50.644","min","182.000","µmol/L","Humid","20.939","deg","80800","µV","29.634","°C","1016.000","hPa","35.3","pmil","0","53.237","deg","23.954","°C","100.000","%a.s.","21.023","deg","23.635","°C","1019.000","hPa","0.861","-0.02617","0.00035","0","0","13.56","Humid","28.00","0","54.00","362100.07","SABD0000000001","AAV1.0.0.11","1.1.2.0","PSt7-10","170328-007","9/30/2017 19:06:43","0000-00","0","no battery","V"
"09/09/2020","10:16:14","2","default","115855972","OXY_CH2","50.661","min","181.969","µmol/L","Humid","20.940","deg","80796","µV","29.636","°C","1016.000","hPa","35.3","pmil","0","53.237","deg","23.954","°C","100.000","%a.s.","21.023","deg","23.635","°C","1019.000","hPa","0.861","-0.02617","0.00035","0","0","13.56","Humid","28.00","0","54.00","362101.91","SABD0000000001","AAV1.0.0.11","1.1.2.0","PSt7-10","170328-007","9/30/2017 19:06:43","0000-00","0","no battery","V"
"09/09/2020","10:16:15","2","default","115855972","OXY_CH2","50.677","min","182.049","µmol/L","Humid","20.938","deg","80787","µV","29.628","°C","1016.000","hPa","35.3","pmil","0","53.237","deg","23.954","°C","100.000","%a.s.","21.023","deg","23.635","°C","1019.000","hPa","0.861","-0.02617","0.00035","0","0","13.56","Humid","28.00","0","54.00","362107.57","SABD0000000001","AAV1.0.0.11","1.1.2.0","PSt7-10","170328-007","9/30/2017 19:06:43","0000-00","0","no battery","V"
"09/09/2020","10:16:16","2","default","115855972","OXY_CH2","50.694","min","182.022","µmol/L","Humid","20.938","deg","80795","µV","29.633","°C","1016.000","hPa","35.3","pmil","0","53.237","deg","23.954","°C","100.000","%a.s.","21.023","deg","23.635","°C","1019.000","hPa","0.861","-0.02617","0.00035","0","0","13.56","Humid","28.00","0","54.00","362080.43","SABD0000000001","AAV1.0.0.11","1.1.2.0","PSt7-10","170328-007","9/30/2017 19:06:43","0000-00","0","no battery","V"
"09/09/2020","10:16:17","2","default","115855972","OXY_CH2","50.710","min","182.035","µmol/L","Humid","20.937","deg","80787","µV","29.633","°C","1016.000","hPa","35.3","pmil","0","53.237","deg","23.954","°C","100.000","%a.s.","21.023","deg","23.635","°C","1019.000","hPa","0.861","-0.02617","0.00035","0","0","13.56","Humid","28.00","0","54.00","362090.15","SABD0000000001","AAV1.0.0.11","1.1.2.0","PSt7-10","170328-007","9/30/2017 19:06:43","0000-00","0","no battery","V"
"09/09/2020","10:16:18","2","default","115855972","OXY_CH2","50.727","min","181.947","µmol/L","Humid","20.943","deg","80796","µV","29.632","°C","1016.000","hPa","35.3","pmil","0","53.237","deg","23.954","°C","100.000","%a.s.","21.023","deg","23.635","°C","1019.000","hPa","0.861","-0.02617","0.00035","0","0","13.56","Humid","28.00","0","54.00","362091.05","SABD0000000001","AAV1.0.0.11","1.1.2.0","PSt7-10","170328-007","9/30/2017 19:06:43","0000-00","0","no battery","V"
"09/09/2020","10:16:19","2","default","115855972","OXY_CH2","50.744","min","182.066","µmol/L","Humid","20.936","deg","80790","µV","29.631","°C","1016.000","hPa","35.3","pmil","0","53.237","deg","23.954","°C","100.000","%a.s.","21.023","deg","23.635","°C","1019.000","hPa","0.861","-0.02617","0.00035","0","0","13.56","Humid","28.00","0","54.00","362083.90","SABD0000000001","AAV1.0.0.11","1.1.2.0","PSt7-10","170328-007","9/30/2017 19:06:43","0000-00","0","no battery","V"
"09/09/2020","10:16:20","2","default","115855972","OXY_CH2","50.760","min","181.926","µmol/L","Humid","20.936","deg","80791","µV","29.656","°C","1016.000","hPa","35.3","pmil","0","53.237","deg","23.954","°C","100.000","%a.s.","21.023","deg","23.635","°C","1019.000","hPa","0.861","-0.02617","0.00035","0","0","13.56","Humid","28.00","0","54.00","362098.82","SABD0000000001","AAV1.0.0.11","1.1.2.0","PSt7-10","170328-007","9/30/2017 19:06:43","0000-00","0","no battery","V"
"09/09/2020","10:16:21","2","default","115855972","OXY_CH2","50.777","min","181.917","µmol/L","Humid","20.939","deg","80787","µV","29.648","°C","1016.000","hPa","35.3","pmil","0","53.237","deg","23.954","°C","100.000","%a.s.","21.023","deg","23.635","°C","1019.000","hPa","0.861","-0.02617","0.00035","0","0","13.56","Humid","28.00","0","54.00","362084.46","SABD0000000001","AAV1.0.0.11","1.1.2.0","PSt7-10","170328-007","9/30/2017 19:06:43","0000-00","0","no battery","V"
"09/09/2020","10:16:22","2","default","115855972","OXY_CH2","50.794","min","182.049","µmol/L","Humid","20.937","deg","80791","µV","29.631","°C","1016.000","hPa","35.3","pmil","0","53.237","deg","23.954","°C","100.000","%a.s.","21.023","deg","23.635","°C","1019.000","hPa","0.861","-0.02617","0.00035","0","0","13.56","Humid","28.00","0","54.00","362078.65","SABD0000000001","AAV1.0.0.11","1.1.2.0","PSt7-10","170328-007","9/30/2017 19:06:43","0000-00","0","no battery","V"
"09/09/2020","10:16:23","2","default","115855972","OXY_CH2","50.810","min","182.021","µmol/L","Humid","20.939","deg","80786","µV","29.630","°C","1016.000","hPa","35.3","pmil","0","53.237","deg","23.954","°C","100.000","%a.s.","21.023","deg","23.635","°C","1019.000","hPa","0.861","-0.02617","0.00035","0","0","13.56","Humid","28.00","0","54.00","362075.86","SABD0000000001","AAV1.0.0.11","1.1.2.0","PSt7-10","170328-007","9/30/2017 19:06:43","0000-00","0","no battery","V"
"09/09/2020","10:16:24","2","default","115855972","OXY_CH2","50.828","min","181.981","µmol/L","Humid","20.938","deg","80792","µV","29.640","°C","1016.000","hPa","35.3","pmil","0","53.237","deg","23.954","°C","100.000","%a.s.","21.023","deg","23.635","°C","1019.000","hPa","0.861","-0.02617","0.00035","0","0","13.56","Humid","28.00","0","54.00","362080.09","SABD0000000001","AAV1.0.0.11","1.1.2.0","PSt7-10","170328-007","9/30/2017 19:06:43","0000-00","0","no battery","V"
"09/09/2020","10:16:25","2","default","115855972","OXY_CH2","50.844","min","182.010","µmol/L","Humid","20.941","deg","80791","µV","29.626","°C","1016.000","hPa","35.3","pmil","0","53.237","deg","23.954","°C","100.000","%a.s.","21.023","deg","23.635","°C","1019.000","hPa","0.861","-0.02617","0.00035","0","0","13.56","Humid","28.00","0","54.00","362102.85","SABD0000000001","AAV1.0.0.11","1.1.2.0","PSt7-10","170328-007","9/30/2017 19:06:43","0000-00","0","no battery","V"
"09/09/2020","10:16:26","2","default","115855972","OXY_CH2","50.861","min","182.122","µmol/L","Humid","20.935","deg","80794","µV","29.624","°C","1016.000","hPa","35.3","pmil","0","53.237","deg","23.954","°C","100.000","%a.s.","21.023","deg","23.635","°C","1019.000","hPa","0.861","-0.02617","0.00035","0","0","13.56","Humid","28.00","0","54.00","362097.56","SABD0000000001","AAV1.0.0.11","1.1.2.0","PSt7-10","170328-007","9/30/2017 19:06:43","0000-00","0","no battery","V"
"09/09/2020","10:16:27","2","default","115855972","OXY_CH2","50.877","min","182.096","µmol/L","Humid","20.936","deg","80783","µV","29.626","°C","1016.000","hPa","35.3","pmil","0","53.237","deg","23.954","°C","100.000","%a.s.","21.023","deg","23.635","°C","1019.000","hPa","0.861","-0.02617","0.00035","0","0","13.56","Humid","28.00","0","54.00","362099.82","SABD0000000001","AAV1.0.0.11","1.1.2.0","PSt7-10","170328-007","9/30/2017 19:06:43","0000-00","0","no battery","V"
"09/09/2020","10:16:28","2","default","115855972","OXY_CH2","50.894","min","182.128","µmol/L","Humid","20.937","deg","80783","µV","29.617","°C","1016.000","hPa","35.3","pmil","0","53.237","deg","23.954","°C","100.000","%a.s.","21.023","deg","23.635","°C","1019.000","hPa","0.861","-0.02617","0.00035","0","0","13.56","Humid","28.00","0","54.00","362088.84","SABD0000000001","AAV1.0.0.11","1.1.2.0","PSt7-10","170328-007","9/30/2017 19:06:43","0000-00","0","no battery","V"
"09/09/2020","10:16:29","2","default","115855972","OXY_CH2","50.911","min","182.117","µmol/L","Humid","20.935","deg","80783","µV","29.625","°C","1016.000","hPa","35.3","pmil","0","53.237","deg","23.954","°C","100.000","%a.s.","21.023","deg","23.635","°C","1019.000","hPa","0.861","-0.02617","0.00035","0","0","13.56","Humid","28.00","0","54.00","362086.50","SABD0000000001","AAV1.0.0.11","1.1.2.0","PSt7-10","170328-007","9/30/2017 19:06:43","0000-00","0","no battery","V"
"09/09/2020","10:16:30","2","default","115855972","OXY_CH2","50.927","min","181.949","µmol/L","Humid","20.938","deg","80781","µV","29.646","°C","1016.000","hPa","35.3","pmil","0","53.237","deg","23.954","°C","100.000","%a.s.","21.023","deg","23.635","°C","1019.000","hPa","0.861","-0.02617","0.00035","0","0","13.56","Humid","28.00","0","54.00","362084.06","SABD0000000001","AAV1.0.0.11","1.1.2.0","PSt7-10","170328-007","9/30/2017 19:06:43","0000-00","0","no battery","V"
"09/09/2020","10:16:31","2","default","115855972","OXY_CH2","50.944","min","181.992","µmol/L","Humid","20.939","deg","80778","µV","29.635","°C","1016.000","hPa","35.3","pmil","0","53.237","deg","23.954","°C","100.000","%a.s.","21.023","deg","23.635","°C","1019.000","hPa","0.861","-0.02617","0.00035","0","0","13.56","Humid","28.00","0","54.00","362094.54","SABD0000000001","AAV1.0.0.11","1.1.2.0","PSt7-10","170328-007","9/30/2017 19:06:43","0000-00","0","no battery","V"
"09/09/2020","10:16:32","2","default","115855972","OXY_CH2","50.960","min","181.995","µmol/L","Humid","20.940","deg","80783","µV","29.632","°C","1016.000","hPa","35.3","pmil","0","53.237","deg","23.954","°C","100.000","%a.s.","21.023","deg","23.635","°C","1019.000","hPa","0.861","-0.02617","0.00035","0","0","13.56","Humid","28.00","0","54.00","362078.67","SABD0000000001","AAV1.0.0.11","1.1.2.0","PSt7-10","170328-007","9/30/2017 19:06:43","0000-00","0","no battery","V"
"09/09/2020","10:16:33","2","default","115855972","OXY_CH2","50.978","min","181.972","µmol/L","Humid","20.937","deg","80787","µV","29.645","°C","1016.000","hPa","35.3","pmil","0","53.237","deg","23.954","°C","100.000","%a.s.","21.023","deg","23.635","°C","1019.000","hPa","0.861","-0.02617","0.00035","0","0","13.56","Humid","28.00","0","54.00","362084.54","SABD0000000001","AAV1.0.0.11","1.1.2.0","PSt7-10","170328-007","9/30/2017 19:06:43","0000-00","0","no battery","V"
"09/09/2020","10:16:34","2","default","115855972","OXY_CH2","50.994","min","181.905","µmol/L","Humid","20.941","deg","80778","µV","29.645","°C","1016.000","hPa","35.3","pmil","0","53.237","deg","23.954","°C","100.000","%a.s.","21.023","deg","23.635","°C","1019.000","hPa","0.861","-0.02617","0.00035","0","0","13.56","Humid","28.00","0","54.00","362080.09","SABD0000000001","AAV1.0.0.11","1.1.2.0","PSt7-10","170328-007","9/30/2017 19:06:43","0000-00","0","no battery","V"
"09/09/2020","10:16:35","2","default","115855972","OXY_CH2","51.010","min","182.032","µmol/L","Humid","20.933","deg","80780","µV","29.646","°C","1016.000","hPa","35.3","pmil","0","53.237","deg","23.954","°C","100.000","%a.s.","21.023","deg","23.635","°C","1019.000","hPa","0.861","-0.02617","0.00035","0","0","13.56","Humid","28.00","0","54.00","362086.93","SABD0000000001","AAV1.0.0.11","1.1.2.0","PSt7-10","170328-007","9/30/2017 19:06:43","0000-00","0","no battery","V"
"09/09/2020","10:16:36","2","default","115855972","OXY_CH2","51.027","min","182.163","µmol/L","Humid","20.932","deg","80776","µV","29.626","°C","1016.000","hPa","35.3","pmil","0","53.237","deg","23.954","°C","100.000","%a.s.","21.023","deg","23.635","°C","1019.000","hPa","0.861","-0.02617","0.00035","0","0","13.56","Humid","28.00","0","54.00","362086.41","SABD0000000001","AAV1.0.0.11","1.1.2.0","PSt7-10","170328-007","9/30/2017 19:06:43","0000-00","0","no battery","V"
"09/09/2020","10:16:37","2","default","115855972","OXY_CH2","51.044","min","181.876","µmol/L","Humid","20.941","deg","80781","µV","29.650","°C","1016.000","hPa","35.3","pmil","0","53.237","deg","23.954","°C","100.000","%a.s.","21.023","deg","23.635","°C","1019.000","hPa","0.861","-0.02617","0.00035","0","0","13.56","Humid","28.00","0","54.00","362096.92","SABD0000000001","AAV1.0.0.11","1.1.2.0","PSt7-10","170328-007","9/30/2017 19:06:43","0000-00","0","no battery","V"
"09/09/2020","10:16:38","2","default","115855972","OXY_CH2","51.061","min","182.002","µmol/L","Humid","20.935","deg","80777","µV","29.645","°C","1016.000","hPa","35.3","pmil","0","53.237","deg","23.954","°C","100.000","%a.s.","21.023","deg","23.635","°C","1019.000","hPa","0.861","-0.02617","0.00035","0","0","13.56","Humid","28.00","0","54.00","362083.44","SABD0000000001","AAV1.0.0.11","1.1.2.0","PSt7-10","170328-007","9/30/2017 19:06:43","0000-00","0","no battery","V"
"09/09/2020","10:16:39","2","default","115855972","OXY_CH2","51.078","min","182.012","µmol/L","Humid","20.932","deg","80772","µV","29.652","°C","1016.000","hPa","35.3","pmil","0","53.237","deg","23.954","°C","100.000","%a.s.","21.023","deg","23.635","°C","1019.000","hPa","0.861","-0.02617","0.00035","0","0","13.56","Humid","28.00","0","54.00","362084.46","SABD0000000001","AAV1.0.0.11","1.1.2.0","PSt7-10","170328-007","9/30/2017 19:06:43","0000-00","0","no battery","V"
"09/09/2020","10:16:40","2","default","115855972","OXY_CH2","51.094","min","181.953","µmol/L","Humid","20.937","deg","80776","µV","29.648","°C","1016.000","hPa","35.3","pmil","0","53.237","deg","23.954","°C","100.000","%a.s.","21.023","deg","23.635","°C","1019.000","hPa","0.861","-0.02617","0.00035","0","0","13.56","Humid","28.00","0","54.00","362085.97","SABD0000000001","AAV1.0.0.11","1.1.2.0","PSt7-10","170328-007","9/30/2017 19:06:43","0000-00","0","no battery","V"
"09/09/2020","10:16:41","2","default","115855972","OXY_CH2","51.110","min","182.039","µmol/L","Humid","20.936","deg","80774","µV","29.636","°C","1016.000","hPa","35.3","pmil","0","53.237","deg","23.954","°C","100.000","%a.s.","21.023","deg","23.635","°C","1019.000","hPa","0.861","-0.02617","0.00035","0","0","13.56","Humid","28.00","0","54.00","362076.16","SABD0000000001","AAV1.0.0.11","1.1.2.0","PSt7-10","170328-007","9/30/2017 19:06:43","0000-00","0","no battery","V"
"09/09/2020","10:16:42","2","default","115855972","OXY_CH2","51.127","min","182.013","µmol/L","Humid","20.937","deg","80769","µV","29.637","°C","1016.000","hPa","35.3","pmil","0","53.237","deg","23.954","°C","100.000","%a.s.","21.023","deg","23.635","°C","1019.000","hPa","0.861","-0.02617","0.00035","0","0","13.56","Humid","28.00","0","54.00","362085.24","SABD0000000001","AAV1.0.0.11","1.1.2.0","PSt7-10","170328-007","9/30/2017 19:06:43","0000-00","0","no battery","V"
"09/09/2020","10:16:43","2","default","115855972","OXY_CH2","51.144","min","182.036","µmol/L","Humid","20.935","deg","80774","µV","29.639","°C","1016.000","hPa","35.3","pmil","0","53.237","deg","23.954","°C","100.000","%a.s.","21.023","deg","23.635","°C","1019.000","hPa","0.861","-0.02617","0.00035","0","0","13.56","Humid","28.00","0","54.00","362076.14","SABD0000000001","AAV1.0.0.11","1.1.2.0","PSt7-10","170328-007","9/30/2017 19:06:43","0000-00","0","no battery","V"
"09/09/2020","10:16:44","2","default","115855972","OXY_CH2","51.160","min","181.982","µmol/L","Humid","20.936","deg","80771","µV","29.646","°C","1016.000","hPa","35.3","pmil","0","53.237","deg","23.954","°C","100.000","%a.s.","21.023","deg","23.635","°C","1019.000","hPa","0.861","-0.02617","0.00035","0","0","13.56","Humid","28.00","0","54.00","362069.22","SABD0000000001","AAV1.0.0.11","1.1.2.0","PSt7-10","170328-007","9/30/2017 19:06:43","0000-00","0","no battery","V"
"09/09/2020","10:16:45","2","default","115855972","OXY_CH2","51.177","min","181.919","µmol/L","Humid","20.939","deg","80773","µV","29.648","°C","1016.000","hPa","35.3","pmil","0","53.237","deg","23.954","°C","100.000","%a.s.","21.023","deg","23.635","°C","1019.000","hPa","0.861","-0.02617","0.00035","0","0","13.56","Humid","28.00","0","54.00","362075.73","SABD0000000001","AAV1.0.0.11","1.1.2.0","PSt7-10","170328-007","9/30/2017 19:06:43","0000-00","0","no battery","V"
"09/09/2020","10:16:46","2","default","115855972","OXY_CH2","51.194","min","181.976","µmol/L","Humid","20.934","deg","80776","µV","29.653","°C","1016.000","hPa","35.3","pmil","0","53.237","deg","23.954","°C","100.000","%a.s.","21.023","deg","23.635","°C","1019.000","hPa","0.861","-0.02617","0.00035","0","0","13.56","Humid","28.00","0","54.00","362074.41","SABD0000000001","AAV1.0.0.11","1.1.2.0","PSt7-10","170328-007","9/30/2017 19:06:43","0000-00","0","no battery","V"
"09/09/2020","10:16:47","2","default","115855972","OXY_CH2","51.211","min","182.093","µmol/L","Humid","20.936","deg","80771","µV","29.626","°C","1016.000","hPa","35.3","pmil","0","53.237","deg","23.954","°C","100.000","%a.s.","21.023","deg","23.635","°C","1019.000","hPa","0.861","-0.02617","0.00035","0","0","13.56","Humid","28.00","0","54.00","362073.15","SABD0000000001","AAV1.0.0.11","1.1.2.0","PSt7-10","170328-007","9/30/2017 19:06:43","0000-00","0","no battery","V"
"09/09/2020","10:16:48","2","default","115855972","OXY_CH2","51.228","min","182.104","µmol/L","Humid","20.934","deg","80771","µV","29.630","°C","1016.000","hPa","35.3","pmil","0","53.237","deg","23.954","°C","100.000","%a.s.","21.023","deg","23.635","°C","1019.000","hPa","0.861","-0.02617","0.00035","0","0","13.56","Humid","28.00","0","54.00","362074.11","SABD0000000001","AAV1.0.0.11","1.1.2.0","PSt7-10","170328-007","9/30/2017 19:06:43","0000-00","0","no battery","V"
"09/09/2020","10:16:49","2","default","115855972","OXY_CH2","51.244","min","181.940","µmol/L","Humid","20.936","deg","80764","µV","29.653","°C","1016.000","hPa","35.3","pmil","0","53.237","deg","23.954","°C","100.000","%a.s.","21.023","deg","23.635","°C","1019.000","hPa","0.861","-0.02617","0.00035","0","0","13.56","Humid","28.00","0","54.00","362072.03","SABD0000000001","AAV1.0.0.11","1.1.2.0","PSt7-10","170328-007","9/30/2017 19:06:43","0000-00","0","no battery","V"
"09/09/2020","10:16:50","2","default","115855972","OXY_CH2","51.261","min","181.980","µmol/L","Humid","20.934","deg","80770","µV","29.652","°C","1016.000","hPa","35.3","pmil","0","53.237","deg","23.954","°C","100.000","%a.s.","21.023","deg","23.635","°C","1019.000","hPa","0.861","-0.02617","0.00035","0","0","13.56","Humid","28.00","0","54.00","362065.84","SABD0000000001","AAV1.0.0.11","1.1.2.0","PSt7-10","170328-007","9/30/2017 19:06:43","0000-00","0","no battery","V"
"09/09/2020","10:16:51","2","default","115855972","OXY_CH2","51.278","min","181.987","µmol/L","Humid","20.931","deg","80774","µV","29.659","°C","1016.000","hPa","35.3","pmil","0","53.237","deg","23.954","°C","100.000","%a.s.","21.023","deg","23.635","°C","1019.000","hPa","0.861","-0.02617","0.00035","0","0","13.56","Humid","28.00","0","54.00","362063.88","SABD0000000001","AAV1.0.0.11","1.1.2.0","PSt7-10","170328-007","9/30/2017 19:06:43","0000-00","0","no battery","V"
"09/09/2020","10:16:52","2","default","115855972","OXY_CH2","51.294","min","182.132","µmol/L","Humid","20.929","deg","80768","µV","29.640","°C","1016.000","hPa","35.3","pmil","0","53.237","deg","23.954","°C","100.000","%a.s.","21.023","deg","23.635","°C","1019.000","hPa","0.861","-0.02617","0.00035","0","0","13.56","Humid","28.00","0","54.00","362067.84","SABD0000000001","AAV1.0.0.11","1.1.2.0","PSt7-10","170328-007","9/30/2017 19:06:43","0000-00","0","no battery","V"
"09/09/2020","10:16:53","2","default","115855972","OXY_CH2","51.311","min","182.064","µmol/L","Humid","20.929","deg","80764","µV","29.652","°C","1016.000","hPa","35.3","pmil","0","53.237","deg","23.954","°C","100.000","%a.s.","21.023","deg","23.635","°C","1019.000","hPa","0.861","-0.02617","0.00035","0","0","13.56","Humid","28.00","0","54.00","362066.06","SABD0000000001","AAV1.0.0.11","1.1.2.0","PSt7-10","170328-007","9/30/2017 19:06:43","0000-00","0","no battery","V"
"09/09/2020","10:16:54","2","default","115855972","OXY_CH2","51.328","min","181.908","µmol/L","Humid","20.937","deg","80764","µV","29.656","°C","1016.000","hPa","35.3","pmil","0","53.237","deg","23.954","°C","100.000","%a.s.","21.023","deg","23.635","°C","1019.000","hPa","0.861","-0.02617","0.00035","0","0","13.56","Humid","28.00","0","54.00","362068.37","SABD0000000001","AAV1.0.0.11","1.1.2.0","PSt7-10","170328-007","9/30/2017 19:06:43","0000-00","0","no battery","V"
"09/09/2020","10:16:55","2","default","115855972","OXY_CH2","51.344","min","182.005","µmol/L","Humid","20.933","deg","80766","µV","29.650","°C","1016.000","hPa","35.3","pmil","0","53.237","deg","23.954","°C","100.000","%a.s.","21.023","deg","23.635","°C","1019.000","hPa","0.861","-0.02617","0.00035","0","0","13.56","Humid","28.00","0","54.00","362060.31","SABD0000000001","AAV1.0.0.11","1.1.2.0","PSt7-10","170328-007","9/30/2017 19:06:43","0000-00","0","no battery","V"
"09/09/2020","10:16:56","2","default","115855972","OXY_CH2","51.361","min","181.985","µmol/L","Humid","20.935","deg","80763","µV","29.648","°C","1016.000","hPa","35.3","pmil","0","53.237","deg","23.954","°C","100.000","%a.s.","21.023","deg","23.635","°C","1019.000","hPa","0.861","-0.02617","0.00035","0","0","13.56","Humid","28.00","0","54.00","362058.90","SABD0000000001","AAV1.0.0.11","1.1.2.0","PSt7-10","170328-007","9/30/2017 19:06:43","0000-00","0","no battery","V"
"09/09/2020","10:16:57","2","default","115855972","OXY_CH2","51.378","min","182.061","µmol/L","Humid","20.935","deg","80765","µV","29.635","°C","1016.000","hPa","35.3","pmil","0","53.237","deg","23.954","°C","100.000","%a.s.","21.023","deg","23.635","°C","1019.000","hPa","0.861","-0.02617","0.00035","0","0","13.56","Humid","28.00","0","54.00","362060.69","SABD0000000001","AAV1.0.0.11","1.1.2.0","PSt7-10","170328-007","9/30/2017 19:06:43","0000-00","0","no battery","V"
"09/09/2020","10:16:58","2","default","115855972","OXY_CH2","51.394","min","182.048","µmol/L","Humid","20.933","deg","80764","µV","29.643","°C","1016.000","hPa","35.3","pmil","0","53.237","deg","23.954","°C","100.000","%a.s.","21.023","deg","23.635","°C","1019.000","hPa","0.861","-0.02617","0.00035","0","0","13.56","Humid","28.00","0","54.00","362069.16","SABD0000000001","AAV1.0.0.11","1.1.2.0","PSt7-10","170328-007","9/30/2017 19:06:43","0000-00","0","no battery","V"
"09/09/2020","10:16:59","2","default","115855972","OXY_CH2","51.411","min","181.940","µmol/L","Humid","20.935","deg","80760","µV","29.656","°C","1016.000","hPa","35.3","pmil","0","53.237","deg","23.954","°C","100.000","%a.s.","21.023","deg","23.635","°C","1019.000","hPa","0.861","-0.02617","0.00035","0","0","13.56","Humid","28.00","0","54.00","362061.40","SABD0000000001","AAV1.0.0.11","1.1.2.0","PSt7-10","170328-007","9/30/2017 19:06:43","0000-00","0","no battery","V"
"09/09/2020","10:17:00","2","default","115855972","OXY_CH2","51.427","min","182.018","µmol/L","Humid","20.934","deg","80765","µV","29.645","°C","1016.000","hPa","35.3","pmil","0","53.237","deg","23.954","°C","100.000","%a.s.","21.023","deg","23.635","°C","1019.000","hPa","0.861","-0.02617","0.00035","0","0","13.56","Humid","28.00","0","54.00","362059.89","SABD0000000001","AAV1.0.0.11","1.1.2.0","PSt7-10","170328-007","9/30/2017 19:06:43","0000-00","0","no battery","V"
"09/09/2020","10:17:01","2","default","115855972","OXY_CH2","51.444","min","182.067","µmol/L","Humid","20.934","deg","80762","µV","29.637","°C","1016.000","hPa","35.3","pmil","0","53.237","deg","23.954","°C","100.000","%a.s.","21.023","deg","23.635","°C","1019.000","hPa","0.861","-0.02617","0.00035","0","0","13.56","Humid","28.00","0","54.00","362067.41","SABD0000000001","AAV1.0.0.11","1.1.2.0","PSt7-10","170328-007","9/30/2017 19:06:43","0000-00","0","no battery","V"
"09/09/2020","10:17:02","2","default","115855972","OXY_CH2","51.461","min","182.033","µmol/L","Humid","20.933","deg","80765","µV","29.646","°C","1016.000","hPa","35.3","pmil","0","53.237","deg","23.954","°C","100.000","%a.s.","21.023","deg","23.635","°C","1019.000","hPa","0.861","-0.02617","0.00035","0","0","13.56","Humid","28.00","0","54.00","362058.01","SABD0000000001","AAV1.0.0.11","1.1.2.0","PSt7-10","170328-007","9/30/2017 19:06:43","0000-00","0","no battery","V"
"09/09/2020","10:17:03","2","default","115855972","OXY_CH2","51.477","min","182.021","µmol/L","Humid","20.935","deg","80764","µV","29.642","°C","1016.000","hPa","35.3","pmil","0","53.237","deg","23.954","°C","100.000","%a.s.","21.023","deg","23.635","°C","1019.000","hPa","0.861","-0.02617","0.00035","0","0","13.56","Humid","28.00","0","54.00","362052.21","SABD0000000001","AAV1.0.0.11","1.1.2.0","PSt7-10","170328-007","9/30/2017 19:06:43","0000-00","0","no battery","V"
"09/09/2020","10:17:04","2","default","115855972","OXY_CH2","51.494","min","182.052","µmol/L","Humid","20.931","deg","80762","µV","29.648","°C","1016.000","hPa","35.3","pmil","0","53.237","deg","23.954","°C","100.000","%a.s.","21.023","deg","23.635","°C","1019.000","hPa","0.861","-0.02617","0.00035","0","0","13.56","Humid","28.00","0","54.00","362052.65","SABD0000000001","AAV1.0.0.11","1.1.2.0","PSt7-10","170328-007","9/30/2017 19:06:43","0000-00","0","no battery","V"
"09/09/2020","10:17:05","2","default","115855972","OXY_CH2","51.511","min","181.987","µmol/L","Humid","20.936","deg","80755","µV","29.645","°C","1016.000","hPa","35.3","pmil","0","53.237","deg","23.954","°C","100.000","%a.s.","21.023","deg","23.635","°C","1019.000","hPa","0.861","-0.02617","0.00035","0","0","13.56","Humid","28.00","0","54.00","362050.91","SABD0000000001","AAV1.0.0.11","1.1.2.0","PSt7-10","170328-007","9/30/2017 19:06:43","0000-00","0","no battery","V"
"09/09/2020","10:17:06","2","default","115855972","OXY_CH2","51.527","min","182.078","µmol/L","Humid","20.932","deg","80756","µV","29.641","°C","1016.000","hPa","35.3","pmil","0","53.237","deg","23.954","°C","100.000","%a.s.","21.023","deg","23.635","°C","1019.000","hPa","0.861","-0.02617","0.00035","0","0","13.56","Humid","28.00","0","54.00","362057.75","SABD0000000001","AAV1.0.0.11","1.1.2.0","PSt7-10","170328-007","9/30/2017 19:06:43","0000-00","0","no battery","V"
"09/09/2020","10:17:07","2","default","115855972","OXY_CH2","51.544","min","182.062","µmol/L","Humid","20.932","deg","80752","µV","29.643","°C","1016.000","hPa","35.3","pmil","0","53.237","deg","23.954","°C","100.000","%a.s.","21.023","deg","23.635","°C","1019.000","hPa","0.861","-0.02617","0.00035","0","0","13.56","Humid","28.00","0","54.00","362057.04","SABD0000000001","AAV1.0.0.11","1.1.2.0","PSt7-10","170328-007","9/30/2017 19:06:43","0000-00","0","no battery","V"
"09/09/2020","10:17:08","2","default","115855972","OXY_CH2","51.560","min","182.063","µmol/L","Humid","20.930","deg","80755","µV","29.649","°C","1016.000","hPa","35.3","pmil","0","53.237","deg","23.954","°C","100.000","%a.s.","21.023","deg","23.635","°C","1019.000","hPa","0.861","-0.02617","0.00035","0","0","13.56","Humid","28.00","0","54.00","362064.53","SABD0000000001","AAV1.0.0.11","1.1.2.0","PSt7-10","170328-007","9/30/2017 19:06:43","0000-00","0","no battery","V"
"09/09/2020","10:17:09","2","default","115855972","OXY_CH2","51.577","min","181.987","µmol/L","Humid","20.932","deg","80749","µV","29.656","°C","1016.000","hPa","35.3","pmil","0","53.237","deg","23.954","°C","100.000","%a.s.","21.023","deg","23.635","°C","1019.000","hPa","0.861","-0.02617","0.00035","0","0","13.56","Humid","28.00","0","54.00","362042.73","SABD0000000001","AAV1.0.0.11","1.1.2.0","PSt7-10","170328-007","9/30/2017 19:06:43","0000-00","0","no battery","V"
"09/09/2020","10:17:10","2","default","115855972","OXY_CH2","51.594","min","182.015","µmol/L","Humid","20.932","deg","80757","µV","29.651","°C","1016.000","hPa","35.3","pmil","0","53.237","deg","23.954","°C","100.000","%a.s.","21.023","deg","23.635","°C","1019.000","hPa","0.861","-0.02617","0.00035","0","0","13.56","Humid","28.00","0","54.00","362055.01","SABD0000000001","AAV1.0.0.11","1.1.2.0","PSt7-10","170328-007","9/30/2017 19:06:43","0000-00","0","no battery","V"
"09/09/2020","10:17:11","2","default","115855972","OXY_CH2","51.610","min","182.041","µmol/L","Humid","20.931","deg","80755","µV","29.650","°C","1016.000","hPa","35.3","pmil","0","53.237","deg","23.954","°C","100.000","%a.s.","21.023","deg","23.635","°C","1019.000","hPa","0.861","-0.02617","0.00035","0","0","13.56","Humid","28.00","0","54.00","362061.35","SABD0000000001","AAV1.0.0.11","1.1.2.0","PSt7-10","170328-007","9/30/2017 19:06:43","0000-00","0","no battery","V"
"09/09/2020","10:17:12","2","default","115855972","OXY_CH2","51.628","min","182.023","µmol/L","Humid","20.932","deg","80750","µV","29.650","°C","1016.000","hPa","35.3","pmil","0","53.237","deg","23.954","°C","100.000","%a.s.","21.023","deg","23.635","°C","1019.000","hPa","0.861","-0.02617","0.00035","0","0","13.56","Humid","28.00","0","54.00","362050.29","SABD0000000001","AAV1.0.0.11","1.1.2.0","PSt7-10","170328-007","9/30/2017 19:06:43","0000-00","0","no battery","V"
"09/09/2020","10:17:13","2","default","115855972","OXY_CH2","51.644","min","181.922","µmol/L","Humid","20.937","deg","80754","µV","29.653","°C","1016.000","hPa","35.3","pmil","0","53.237","deg","23.954","°C","100.000","%a.s.","21.023","deg","23.635","°C","1019.000","hPa","0.861","-0.02617","0.00035","0","0","13.56","Humid","28.00","0","54.00","362046.64","SABD0000000001","AAV1.0.0.11","1.1.2.0","PSt7-10","170328-007","9/30/2017 19:06:43","0000-00","0","no battery","V"
"09/09/2020","10:17:14","2","default","115855972","OXY_CH2","51.660","min","182.080","µmol/L","Humid","20.927","deg","80750","µV","29.655","°C","1016.000","hPa","35.3","pmil","0","53.237","deg","23.954","°C","100.000","%a.s.","21.023","deg","23.635","°C","1019.000","hPa","0.861","-0.02617","0.00035","0","0","13.56","Humid","28.00","0","54.00","362048.49","SABD0000000001","AAV1.0.0.11","1.1.2.0","PSt7-10","170328-007","9/30/2017 19:06:43","0000-00","0","no battery","V"
"09/09/2020","10:17:15","2","default","115855972","OXY_CH2","51.677","min","182.103","µmol/L","Humid","20.929","deg","80749","µV","29.645","°C","1016.000","hPa","35.3","pmil","0","53.237","deg","23.954","°C","100.000","%a.s.","21.023","deg","23.635","°C","1019.000","hPa","0.861","-0.02617","0.00035","0","0","13.56","Humid","28.00","0","54.00","362050.80","SABD0000000001","AAV1.0.0.11","1.1.2.0","PSt7-10","170328-007","9/30/2017 19:06:43","0000-00","0","no battery","V"
"09/09/2020","10:17:16","2","default","115855972","OXY_CH2","51.694","min","182.047","µmol/L","Humid","20.932","deg","80751","µV","29.646","°C","1016.000","hPa","35.3","pmil","0","53.237","deg","23.954","°C","100.000","%a.s.","21.023","deg","23.635","°C","1019.000","hPa","0.861","-0.02617","0.00035","0","0","13.56","Humid","28.00","0","54.00","362034.80","SABD0000000001","AAV1.0.0.11","1.1.2.0","PSt7-10","170328-007","9/30/2017 19:06:43","0000-00","0","no battery","V"
"09/09/2020","10:17:17","2","default","115855972","OXY_CH2","51.711","min","182.034","µmol/L","Humid","20.931","deg","80753","µV","29.651","°C","1016.000","hPa","35.3","pmil","0","53.237","deg","23.954","°C","100.000","%a.s.","21.023","deg","23.635","°C","1019.000","hPa","0.861","-0.02617","0.00035","0","0","13.56","Humid","28.00","0","54.00","362050.66","SABD0000000001","AAV1.0.0.11","1.1.2.0","PSt7-10","170328-007","9/30/2017 19:06:43","0000-00","0","no battery","V"
"09/09/2020","10:17:18","2","default","115855972","OXY_CH2","51.727","min","181.902","µmol/L","Humid","20.938","deg","80751","µV","29.654","°C","1016.000","hPa","35.3","pmil","0","53.237","deg","23.954","°C","100.000","%a.s.","21.023","deg","23.635","°C","1019.000","hPa","0.861","-0.02617","0.00035","0","0","13.56","Humid","28.00","0","54.00","362050.07","SABD0000000001","AAV1.0.0.11","1.1.2.0","PSt7-10","170328-007","9/30/2017 19:06:43","0000-00","0","no battery","V"
"09/09/2020","10:17:19","2","default","115855972","OXY_CH2","51.744","min","182.004","µmol/L","Humid","20.934","deg","80749","µV","29.648","°C","1016.000","hPa","35.3","pmil","0","53.237","deg","23.954","°C","100.000","%a.s.","21.023","deg","23.635","°C","1019.000","hPa","0.861","-0.02617","0.00035","0","0","13.56","Humid","28.00","0","54.00","362046.09","SABD0000000001","AAV1.0.0.11","1.1.2.0","PSt7-10","170328-007","9/30/2017 19:06:43","0000-00","0","no battery","V"
"09/09/2020","10:17:20","2","default","115855972","OXY_CH2","51.760","min","181.976","µmol/L","Humid","20.936","deg","80746","µV","29.647","°C","1016.000","hPa","35.3","pmil","0","53.237","deg","23.954","°C","100.000","%a.s.","21.023","deg","23.635","°C","1019.000","hPa","0.861","-0.02617","0.00035","0","0","13.56","Humid","28.00","0","54.00","362029.71","SABD0000000001","AAV1.0.0.11","1.1.2.0","PSt7-10","170328-007","9/30/2017 19:06:43","0000-00","0","no battery","V"
"09/09/2020","10:17:21","2","default","115855972","OXY_CH2","51.777","min","181.982","µmol/L","Humid","20.931","deg","80744","µV","29.660","°C","1016.000","hPa","35.3","pmil","0","53.237","deg","23.954","°C","100.000","%a.s.","21.023","deg","23.635","°C","1019.000","hPa","0.861","-0.02617","0.00035","0","0","13.56","Humid","28.00","0","54.00","362033.48","SABD0000000001","AAV1.0.0.11","1.1.2.0","PSt7-10","170328-007","9/30/2017 19:06:43","0000-00","0","no battery","V"
"09/09/2020","10:17:22","2","default","115855972","OXY_CH2","51.794","min","182.100","µmol/L","Humid","20.927","deg","80751","µV","29.651","°C","1016.000","hPa","35.3","pmil","0","53.237","deg","23.954","°C","100.000","%a.s.","21.023","deg","23.635","°C","1019.000","hPa","0.861","-0.02617","0.00035","0","0","13.56","Humid","28.00","0","54.00","362051.73","SABD0000000001","AAV1.0.0.11","1.1.2.0","PSt7-10","170328-007","9/30/2017 19:06:43","0000-00","0","no battery","V"
"09/09/2020","10:17:23","2","default","115855972","OXY_CH2","51.810","min","181.986","µmol/L","Humid","20.933","deg","80751","µV","29.654","°C","1016.000","hPa","35.3","pmil","0","53.237","deg","23.954","°C","100.000","%a.s.","21.023","deg","23.635","°C","1019.000","hPa","0.861","-0.02617","0.00035","0","0","13.56","Humid","28.00","0","54.00","362045.96","SABD0000000001","AAV1.0.0.11","1.1.2.0","PSt7-10","170328-007","9/30/2017 19:06:43","0000-00","0","no battery","V"
"09/09/2020","10:17:24","2","default","115855972","OXY_CH2","51.827","min","182.056","µmol/L","Humid","20.928","deg","80750","µV","29.656","°C","1016.000","hPa","35.3","pmil","0","53.237","deg","23.954","°C","100.000","%a.s.","21.023","deg","23.635","°C","1019.000","hPa","0.861","-0.02617","0.00035","0","0","13.56","Humid","28.00","0","54.00","362044.22","SABD0000000001","AAV1.0.0.11","1.1.2.0","PSt7-10","170328-007","9/30/2017 19:06:43","0000-00","0","no battery","V"
"09/09/2020","10:17:25","2","default","115855972","OXY_CH2","51.844","min","181.994","µmol/L","Humid","20.933","deg","80741","µV","29.652","°C","1016.000","hPa","35.3","pmil","0","53.237","deg","23.954","°C","100.000","%a.s.","21.023","deg","23.635","°C","1019.000","hPa","0.861","-0.02617","0.00035","0","0","13.56","Humid","28.00","0","54.00","362037.92","SABD0000000001","AAV1.0.0.11","1.1.2.0","PSt7-10","170328-007","9/30/2017 19:06:43","0000-00","0","no battery","V"
"09/09/2020","10:17:26","2","default","115855972","OXY_CH2","51.860","min","182.077","µmol/L","Humid","20.928","deg","80741","µV","29.652","°C","1016.000","hPa","35.3","pmil","0","53.237","deg","23.954","°C","100.000","%a.s.","21.023","deg","23.635","°C","1019.000","hPa","0.861","-0.02617","0.00035","0","0","13.56","Humid","28.00","0","54.00","362038.88","SABD0000000001","AAV1.0.0.11","1.1.2.0","PSt7-10","170328-007","9/30/2017 19:06:43","0000-00","0","no battery","V"
"09/09/2020","10:17:27","2","default","115855972","OXY_CH2","51.878","min","181.985","µmol/L","Humid","20.928","deg","80746","µV","29.668","°C","1016.000","hPa","35.3","pmil","0","53.237","deg","23.954","°C","100.000","%a.s.","21.023","deg","23.635","°C","1019.000","hPa","0.861","-0.02617","0.00035","0","0","13.56","Humid","28.00","0","54.00","362046.81","SABD0000000001","AAV1.0.0.11","1.1.2.0","PSt7-10","170328-007","9/30/2017 19:06:43","0000-00","0","no battery","V"
"09/09/2020","10:17:28","2","default","115855972","OXY_CH2","51.895","min","181.983","µmol/L","Humid","20.930","deg","80748","µV","29.663","°C","1016.000","hPa","35.3","pmil","0","53.237","deg","23.954","°C","100.000","%a.s.","21.023","deg","23.635","°C","1019.000","hPa","0.861","-0.02617","0.00035","0","0","13.56","Humid","28.00","0","54.00","362040.95","SABD0000000001","AAV1.0.0.11","1.1.2.0","PSt7-10","170328-007","9/30/2017 19:06:43","0000-00","0","no battery","V"
"09/09/2020","10:17:29","2","default","115855972","OXY_CH2","51.910","min","181.988","µmol/L","Humid","20.930","deg","80738","µV","29.662","°C","1016.000","hPa","35.3","pmil","0","53.237","deg","23.954","°C","100.000","%a.s.","21.023","deg","23.635","°C","1019.000","hPa","0.861","-0.02617","0.00035","0","0","13.56","Humid","28.00","0","54.00","362041.39","SABD0000000001","AAV1.0.0.11","1.1.2.0","PSt7-10","170328-007","9/30/2017 19:06:43","0000-00","0","no battery","V"
"09/09/2020","10:17:30","2","default","115855972","OXY_CH2","51.927","min","182.113","µmol/L","Humid","20.925","deg","80741","µV","29.655","°C","1016.000","hPa","35.3","pmil","0","53.237","deg","23.954","°C","100.000","%a.s.","21.023","deg","23.635","°C","1019.000","hPa","0.861","-0.02617","0.00035","0","0","13.56","Humid","28.00","0","54.00","362020.74","SABD0000000001","AAV1.0.0.11","1.1.2.0","PSt7-10","170328-007","9/30/2017 19:06:43","0000-00","0","no battery","V"
"09/09/2020","10:17:31","2","default","115855972","OXY_CH2","51.944","min","181.979","µmol/L","Humid","20.928","deg","80740","µV","29.669","°C","1016.000","hPa","35.3","pmil","0","53.237","deg","23.954","°C","100.000","%a.s.","21.023","deg","23.635","°C","1019.000","hPa","0.861","-0.02617","0.00035","0","0","13.56","Humid","28.00","0","54.00","362037.00","SABD0000000001","AAV1.0.0.11","1.1.2.0","PSt7-10","170328-007","9/30/2017 19:06:43","0000-00","0","no battery","V"
"09/09/2020","10:17:32","2","default","115855972","OXY_CH2","51.960","min","181.888","µmol/L","Humid","20.931","deg","80737","µV","29.677","°C","1016.000","hPa","35.3","pmil","0","53.237","deg","23.954","°C","100.000","%a.s.","21.023","deg","23.635","°C","1019.000","hPa","0.861","-0.02617","0.00035","0","0","13.56","Humid","28.00","0","54.00","362014.66","SABD0000000001","AAV1.0.0.11","1.1.2.0","PSt7-10","170328-007","9/30/2017 19:06:43","0000-00","0","no battery","V"
"09/09/2020","10:17:33","2","default","115855972","OXY_CH2","51.977","min","182.085","µmol/L","Humid","20.927","deg","80739","µV","29.654","°C","1016.000","hPa","35.3","pmil","0","53.237","deg","23.954","°C","100.000","%a.s.","21.023","deg","23.635","°C","1019.000","hPa","0.861","-0.02617","0.00035","0","0","13.56","Humid","28.00","0","54.00","362025.82","SABD0000000001","AAV1.0.0.11","1.1.2.0","PSt7-10","170328-007","9/30/2017 19:06:43","0000-00","0","no battery","V"
"09/09/2020","10:17:34","2","default","115855972","OXY_CH2","51.994","min","181.963","µmol/L","Humid","20.933","deg","80740","µV","29.658","°C","1016.000","hPa","35.3","pmil","0","53.237","deg","23.954","°C","100.000","%a.s.","21.023","deg","23.635","°C","1019.000","hPa","0.861","-0.02617","0.00035","0","0","13.56","Humid","28.00","0","54.00","362028.81","SABD0000000001","AAV1.0.0.11","1.1.2.0","PSt7-10","170328-007","9/30/2017 19:06:43","0000-00","0","no battery","V"
"09/09/2020","10:17:35","2","default","115855972","OXY_CH2","52.011","min","182.057","µmol/L","Humid","20.928","deg","80742","µV","29.656","°C","1016.000","hPa","35.3","pmil","0","53.237","deg","23.954","°C","100.000","%a.s.","21.023","deg","23.635","°C","1019.000","hPa","0.861","-0.02617","0.00035","0","0","13.56","Humid","28.00","0","54.00","362027.41","SABD0000000001","AAV1.0.0.11","1.1.2.0","PSt7-10","170328-007","9/30/2017 19:06:43","0000-00","0","no battery","V"
"09/09/2020","10:17:36","2","default","115855972","OXY_CH2","52.027","min","182.041","µmol/L","Humid","20.926","deg","80734","µV","29.664","°C","1016.000","hPa","35.3","pmil","0","53.237","deg","23.954","°C","100.000","%a.s.","21.023","deg","23.635","°C","1019.000","hPa","0.861","-0.02617","0.00035","0","0","13.56","Humid","28.00","0","54.00","362016.94","SABD0000000001","AAV1.0.0.11","1.1.2.0","PSt7-10","170328-007","9/30/2017 19:06:43","0000-00","0","no battery","V"
"09/09/2020","10:17:37","2","default","115855972","OXY_CH2","52.044","min","181.919","µmol/L","Humid","20.931","deg","80738","µV","29.671","°C","1016.000","hPa","35.3","pmil","0","53.237","deg","23.954","°C","100.000","%a.s.","21.023","deg","23.635","°C","1019.000","hPa","0.861","-0.02617","0.00035","0","0","13.56","Humid","28.00","0","54.00","362038.50","SABD0000000001","AAV1.0.0.11","1.1.2.0","PSt7-10","170328-007","9/30/2017 19:06:43","0000-00","0","no battery","V"
"09/09/2020","10:17:38","2","default","115855972","OXY_CH2","52.060","min","181.998","µmol/L","Humid","20.927","deg","80731","µV","29.669","°C","1016.000","hPa","35.3","pmil","0","53.237","deg","23.954","°C","100.000","%a.s.","21.023","deg","23.635","°C","1019.000","hPa","0.861","-0.02617","0.00035","0","0","13.56","Humid","28.00","0","54.00","362015.70","SABD0000000001","AAV1.0.0.11","1.1.2.0","PSt7-10","170328-007","9/30/2017 19:06:43","0000-00","0","no battery","V"
"09/09/2020","10:17:39","2","default","115855972","OXY_CH2","52.077","min","181.972","µmol/L","Humid","20.930","deg","80737","µV","29.665","°C","1016.000","hPa","35.3","pmil","0","53.237","deg","23.954","°C","100.000","%a.s.","21.023","deg","23.635","°C","1019.000","hPa","0.861","-0.02617","0.00035","0","0","13.56","Humid","28.00","0","54.00","362031.79","SABD0000000001","AAV1.0.0.11","1.1.2.0","PSt7-10","170328-007","9/30/2017 19:06:43","0000-00","0","no battery","V"
"09/09/2020","10:17:40","2","default","115855972","OXY_CH2","52.094","min","182.089","µmol/L","Humid","20.929","deg","80732","µV","29.647","°C","1016.000","hPa","35.3","pmil","0","53.237","deg","23.954","°C","100.000","%a.s.","21.023","deg","23.635","°C","1019.000","hPa","0.861","-0.02617","0.00035","0","0","13.56","Humid","28.00","0","54.00","362025.29","SABD0000000001","AAV1.0.0.11","1.1.2.0","PSt7-10","170328-007","9/30/2017 19:06:43","0000-00","0","no battery","V"
"09/09/2020","10:17:41","2","default","115855972","OXY_CH2","52.110","min","182.118","µmol/L","Humid","20.929","deg","80729","µV","29.642","°C","1016.000","hPa","35.3","pmil","0","53.237","deg","23.954","°C","100.000","%a.s.","21.023","deg","23.635","°C","1019.000","hPa","0.861","-0.02617","0.00035","0","0","13.56","Humid","28.00","0","54.00","362021.53","SABD0000000001","AAV1.0.0.11","1.1.2.0","PSt7-10","170328-007","9/30/2017 19:06:43","0000-00","0","no battery","V"
"09/09/2020","10:17:42","2","default","115855972","OXY_CH2","52.127","min","181.975","µmol/L","Humid","20.929","deg","80734","µV","29.667","°C","1016.000","hPa","35.3","pmil","0","53.237","deg","23.954","°C","100.000","%a.s.","21.023","deg","23.635","°C","1019.000","hPa","0.861","-0.02617","0.00035","0","0","13.56","Humid","28.00","0","54.00","362033.85","SABD0000000001","AAV1.0.0.11","1.1.2.0","PSt7-10","170328-007","9/30/2017 19:06:43","0000-00","0","no battery","V"
"09/09/2020","10:17:43","2","default","115855972","OXY_CH2","52.144","min","182.096","µmol/L","Humid","20.923","deg","80727","µV","29.663","°C","1016.000","hPa","35.3","pmil","0","53.237","deg","23.954","°C","100.000","%a.s.","21.023","deg","23.635","°C","1019.000","hPa","0.861","-0.02617","0.00035","0","0","13.56","Humid","28.00","0","54.00","362019.63","SABD0000000001","AAV1.0.0.11","1.1.2.0","PSt7-10","170328-007","9/30/2017 19:06:43","0000-00","0","no battery","V"
"09/09/2020","10:17:44","2","default","115855972","OXY_CH2","52.161","min","182.107","µmol/L","Humid","20.922","deg","80738","µV","29.664","°C","1016.000","hPa","35.3","pmil","0","53.237","deg","23.954","°C","100.000","%a.s.","21.023","deg","23.635","°C","1019.000","hPa","0.861","-0.02617","0.00035","0","0","13.56","Humid","28.00","0","54.00","362030.13","SABD0000000001","AAV1.0.0.11","1.1.2.0","PSt7-10","170328-007","9/30/2017 19:06:43","0000-00","0","no battery","V"
"09/09/2020","10:17:45","2","default","115855972","OXY_CH2","52.178","min","182.014","µmol/L","Humid","20.930","deg","80730","µV","29.657","°C","1016.000","hPa","35.3","pmil","0","53.237","deg","23.954","°C","100.000","%a.s.","21.023","deg","23.635","°C","1019.000","hPa","0.861","-0.02617","0.00035","0","0","13.56","Humid","28.00","0","54.00","362018.93","SABD0000000001","AAV1.0.0.11","1.1.2.0","PSt7-10","170328-007","9/30/2017 19:06:43","0000-00","0","no battery","V"
"09/09/2020","10:17:46","2","default","115855972","OXY_CH2","52.194","min","181.990","µmol/L","Humid","20.930","deg","80725","µV","29.662","°C","1016.000","hPa","35.3","pmil","0","53.237","deg","23.954","°C","100.000","%a.s.","21.023","deg","23.635","°C","1019.000","hPa","0.861","-0.02617","0.00035","0","0","13.56","Humid","28.00","0","54.00","362020.01","SABD0000000001","AAV1.0.0.11","1.1.2.0","PSt7-10","170328-007","9/30/2017 19:06:43","0000-00","0","no battery","V"
"09/09/2020","10:17:47","2","default","115855972","OXY_CH2","52.211","min","181.992","µmol/L","Humid","20.928","deg","80730","µV","29.667","°C","1016.000","hPa","35.3","pmil","0","53.237","deg","23.954","°C","100.000","%a.s.","21.023","deg","23.635","°C","1019.000","hPa","0.861","-0.02617","0.00035","0","0","13.56","Humid","28.00","0","54.00","362033.35","SABD0000000001","AAV1.0.0.11","1.1.2.0","PSt7-10","170328-007","9/30/2017 19:06:43","0000-00","0","no battery","V"
"09/09/2020","10:17:48","2","default","115855972","OXY_CH2","52.228","min","181.960","µmol/L","Humid","20.925","deg","80722","µV","29.681","°C","1016.000","hPa","35.3","pmil","0","53.237","deg","23.954","°C","100.000","%a.s.","21.023","deg","23.635","°C","1019.000","hPa","0.861","-0.02617","0.00035","0","0","13.56","Humid","28.00","0","54.00","362006.35","SABD0000000001","AAV1.0.0.11","1.1.2.0","PSt7-10","170328-007","9/30/2017 19:06:43","0000-00","0","no battery","V"
"09/09/2020","10:17:49","2","default","115855972","OXY_CH2","52.244","min","181.991","µmol/L","Humid","20.928","deg","80735","µV","29.667","°C","1016.000","hPa","35.3","pmil","0","53.237","deg","23.954","°C","100.000","%a.s.","21.023","deg","23.635","°C","1019.000","hPa","0.861","-0.02617","0.00035","0","0","13.56","Humid","28.00","0","54.00","362031.78","SABD0000000001","AAV1.0.0.11","1.1.2.0","PSt7-10","170328-007","9/30/2017 19:06:43","0000-00","0","no battery","V"
"09/09/2020","10:17:50","2","default","115855972","OXY_CH2","52.260","min","182.082","µmol/L","Humid","20.923","deg","80727","µV","29.666","°C","1016.000","hPa","35.3","pmil","0","53.237","deg","23.954","°C","100.000","%a.s.","21.023","deg","23.635","°C","1019.000","hPa","0.861","-0.02617","0.00035","0","0","13.56","Humid","28.00","0","54.00","362020.22","SABD0000000001","AAV1.0.0.11","1.1.2.0","PSt7-10","170328-007","9/30/2017 19:06:43","0000-00","0","no battery","V"
"09/09/2020","10:17:51","2","default","115855972","OXY_CH2","52.278","min","181.902","µmol/L","Humid","20.926","deg","80739","µV","29.689","°C","1016.000","hPa","35.3","pmil","0","53.237","deg","23.954","°C","100.000","%a.s.","21.023","deg","23.635","°C","1019.000","hPa","0.861","-0.02617","0.00035","0","0","13.56","Humid","28.00","0","54.00","362032.87","SABD0000000001","AAV1.0.0.11","1.1.2.0","PSt7-10","170328-007","9/30/2017 19:06:43","0000-00","0","no battery","V"
"09/09/2020","10:17:52","2","default","115855972","OXY_CH2","52.294","min","181.906","µmol/L","Humid","20.927","deg","80731","µV","29.685","°C","1016.000","hPa","35.3","pmil","0","53.237","deg","23.954","°C","100.000","%a.s.","21.023","deg","23.635","°C","1019.000","hPa","0.861","-0.02617","0.00035","0","0","13.56","Humid","28.00","0","54.00","362031.21","SABD0000000001","AAV1.0.0.11","1.1.2.0","PSt7-10","170328-007","9/30/2017 19:06:43","0000-00","0","no battery","V"
"09/09/2020","10:17:53","2","default","115855972","OXY_CH2","52.311","min","181.902","µmol/L","Humid","20.930","deg","80728","µV","29.677","°C","1016.000","hPa","35.3","pmil","0","53.237","deg","23.954","°C","100.000","%a.s.","21.023","deg","23.635","°C","1019.000","hPa","0.861","-0.02617","0.00035","0","0","13.56","Humid","28.00","0","54.00","362009.85","SABD0000000001","AAV1.0.0.11","1.1.2.0","PSt7-10","170328-007","9/30/2017 19:06:43","0000-00","0","no battery","V"
"09/09/2020","10:17:54","2","default","115855972","OXY_CH2","52.328","min","182.045","µmol/L","Humid","20.922","deg","80728","µV","29.675","°C","1016.000","hPa","35.3","pmil","0","53.237","deg","23.954","°C","100.000","%a.s.","21.023","deg","23.635","°C","1019.000","hPa","0.861","-0.02617","0.00035","0","0","13.56","Humid","28.00","0","54.00","362013.65","SABD0000000001","AAV1.0.0.11","1.1.2.0","PSt7-10","170328-007","9/30/2017 19:06:43","0000-00","0","no battery","V"
"09/09/2020","10:17:55","2","default","115855972","OXY_CH2","52.344","min","181.992","µmol/L","Humid","20.925","deg","80725","µV","29.676","°C","1016.000","hPa","35.3","pmil","0","53.237","deg","23.954","°C","100.000","%a.s.","21.023","deg","23.635","°C","1019.000","hPa","0.861","-0.02617","0.00035","0","0","13.56","Humid","28.00","0","54.00","362011.66","SABD0000000001","AAV1.0.0.11","1.1.2.0","PSt7-10","170328-007","9/30/2017 19:06:43","0000-00","0","no battery","V"
"09/09/2020","10:17:56","2","default","115855972","OXY_CH2","52.360","min","182.045","µmol/L","Humid","20.926","deg","80722","µV","29.664","°C","1016.000","hPa","35.3","pmil","0","53.237","deg","23.954","°C","100.000","%a.s.","21.023","deg","23.635","°C","1019.000","hPa","0.861","-0.02617","0.00035","0","0","13.56","Humid","28.00","0","54.00","362007.03","SABD0000000001","AAV1.0.0.11","1.1.2.0","PSt7-10","170328-007","9/30/2017 19:06:43","0000-00","0","no battery","V"
"09/09/2020","10:17:57","2","default","115855972","OXY_CH2","52.378","min","181.938","µmol/L","Humid","20.930","deg","80724","µV","29.671","°C","1016.000","hPa","35.3","pmil","0","53.237","deg","23.954","°C","100.000","%a.s.","21.023","deg","23.635","°C","1019.000","hPa","0.861","-0.02617","0.00035","0","0","13.56","Humid","28.00","0","54.00","362001.29","SABD0000000001","AAV1.0.0.11","1.1.2.0","PSt7-10","170328-007","9/30/2017 19:06:43","0000-00","0","no battery","V"
"09/09/2020","10:17:58","2","default","115855972","OXY_CH2","52.394","min","182.038","µmol/L","Humid","20.925","deg","80721","µV","29.668","°C","1016.000","hPa","35.3","pmil","0","53.237","deg","23.954","°C","100.000","%a.s.","21.023","deg","23.635","°C","1019.000","hPa","0.861","-0.02617","0.00035","0","0","13.56","Humid","28.00","0","54.00","362012.11","SABD0000000001","AAV1.0.0.11","1.1.2.0","PSt7-10","170328-007","9/30/2017 19:06:43","0000-00","0","no battery","V"
"09/09/2020","10:17:59","2","default","115855972","OXY_CH2","52.410","min","181.956","µmol/L","Humid","20.928","deg","80723","µV","29.673","°C","1016.000","hPa","35.3","pmil","0","53.237","deg","23.954","°C","100.000","%a.s.","21.023","deg","23.635","°C","1019.000","hPa","0.861","-0.02617","0.00035","0","0","13.56","Humid","28.00","0","54.00","362008.57","SABD0000000001","AAV1.0.0.11","1.1.2.0","PSt7-10","170328-007","9/30/2017 19:06:43","0000-00","0","no battery","V"
"09/09/2020","10:18:00","2","default","115855972","OXY_CH2","52.427","min","181.990","µmol/L","Humid","20.929","deg","80722","µV","29.665","°C","1016.000","hPa","35.3","pmil","0","53.237","deg","23.954","°C","100.000","%a.s.","21.023","deg","23.635","°C","1019.000","hPa","0.861","-0.02617","0.00035","0","0","13.56","Humid","28.00","0","54.00","362002.55","SABD0000000001","AAV1.0.0.11","1.1.2.0","PSt7-10","170328-007","9/30/2017 19:06:43","0000-00","0","no battery","V"
"09/09/2020","10:18:01","2","default","115855972","OXY_CH2","52.444","min","182.041","µmol/L","Humid","20.926","deg","80716","µV","29.664","°C","1016.000","hPa","35.3","pmil","0","53.237","deg","23.954","°C","100.000","%a.s.","21.023","deg","23.635","°C","1019.000","hPa","0.861","-0.02617","0.00035","0","0","13.56","Humid","28.00","0","54.00","362014.62","SABD0000000001","AAV1.0.0.11","1.1.2.0","PSt7-10","170328-007","9/30/2017 19:06:43","0000-00","0","no battery","V"
"09/09/2020","10:18:02","2","default","115855972","OXY_CH2","52.460","min","182.136","µmol/L","Humid","20.922","deg","80719","µV","29.659","°C","1016.000","hPa","35.3","pmil","0","53.237","deg","23.954","°C","100.000","%a.s.","21.023","deg","23.635","°C","1019.000","hPa","0.861","-0.02617","0.00035","0","0","13.56","Humid","28.00","0","54.00","362014.40","SABD0000000001","AAV1.0.0.11","1.1.2.0","PSt7-10","170328-007","9/30/2017 19:06:43","0000-00","0","no battery","V"
"09/09/2020","10:18:03","2","default","115855972","OXY_CH2","52.477","min","182.048","µmol/L","Humid","20.925","deg","80718","µV","29.666","°C","1016.000","hPa","35.3","pmil","0","53.237","deg","23.954","°C","100.000","%a.s.","21.023","deg","23.635","°C","1019.000","hPa","0.861","-0.02617","0.00035","0","0","13.56","Humid","28.00","0","54.00","362012.92","SABD0000000001","AAV1.0.0.11","1.1.2.0","PSt7-10","170328-007","9/30/2017 19:06:43","0000-00","0","no battery","V"
"09/09/2020","10:18:04","2","default","115855972","OXY_CH2","52.494","min","182.128","µmol/L","Humid","20.926","deg","80715","µV","29.649","°C","1016.000","hPa","35.3","pmil","0","53.237","deg","23.954","°C","100.000","%a.s.","21.023","deg","23.635","°C","1019.000","hPa","0.861","-0.02617","0.00035","0","0","13.56","Humid","28.00","0","54.00","361998.09","SABD0000000001","AAV1.0.0.11","1.1.2.0","PSt7-10","170328-007","9/30/2017 19:06:43","0000-00","0","no battery","V"
"09/09/2020","10:18:05","2","default","115855972","OXY_CH2","52.511","min","182.022","µmol/L","Humid","20.923","deg","80717","µV","29.676","°C","1016.000","hPa","35.3","pmil","0","53.237","deg","23.954","°C","100.000","%a.s.","21.023","deg","23.635","°C","1019.000","hPa","0.861","-0.02617","0.00035","0","0","13.56","Humid","28.00","0","54.00","362020.68","SABD0000000001","AAV1.0.0.11","1.1.2.0","PSt7-10","170328-007","9/30/2017 19:06:43","0000-00","0","no battery","V"
"09/09/2020","10:18:06","2","default","115855972","OXY_CH2","52.527","min","181.920","µmol/L","Humid","20.927","deg","80724","µV","29.683","°C","1016.000","hPa","35.3","pmil","0","53.237","deg","23.954","°C","100.000","%a.s.","21.023","deg","23.635","°C","1019.000","hPa","0.861","-0.02617","0.00035","0","0","13.56","Humid","28.00","0","54.00","362025.70","SABD0000000001","AAV1.0.0.11","1.1.2.0","PSt7-10","170328-007","9/30/2017 19:06:43","0000-00","0","no battery","V"
"09/09/2020","10:18:07","2","default","115855972","OXY_CH2","52.544","min","181.956","µmol/L","Humid","20.921","deg","80726","µV","29.694","°C","1016.000","hPa","35.3","pmil","0","53.237","deg","23.954","°C","100.000","%a.s.","21.023","deg","23.635","°C","1019.000","hPa","0.861","-0.02617","0.00035","0","0","13.56","Humid","28.00","0","54.00","362013.04","SABD0000000001","AAV1.0.0.11","1.1.2.0","PSt7-10","170328-007","9/30/2017 19:06:43","0000-00","0","no battery","V"
"09/09/2020","10:18:08","2","default","115855972","OXY_CH2","52.560","min","182.049","µmol/L","Humid","20.922","deg","80710","µV","29.674","°C","1016.000","hPa","35.3","pmil","0","53.237","deg","23.954","°C","100.000","%a.s.","21.023","deg","23.635","°C","1019.000","hPa","0.861","-0.02617","0.00035","0","0","13.56","Humid","28.00","0","54.00","361999.48","SABD0000000001","AAV1.0.0.11","1.1.2.0","PSt7-10","170328-007","9/30/2017 19:06:43","0000-00","0","no battery","V"
"09/09/2020","10:18:09","2","default","115855972","OXY_CH2","52.577","min","182.059","µmol/L","Humid","20.921","deg","80716","µV","29.676","°C","1016.000","hPa","35.3","pmil","0","53.237","deg","23.954","°C","100.000","%a.s.","21.023","deg","23.635","°C","1019.000","hPa","0.861","-0.02617","0.00035","0","0","13.56","Humid","28.00","0","54.00","362019.36","SABD0000000001","AAV1.0.0.11","1.1.2.0","PSt7-10","170328-007","9/30/2017 19:06:43","0000-00","0","no battery","V"
"09/09/2020","10:18:10","2","default","115855972","OXY_CH2","52.594","min","182.010","µmol/L","Humid","20.923","deg","80716","µV","29.678","°C","1016.000","hPa","35.3","pmil","0","53.237","deg","23.954","°C","100.000","%a.s.","21.023","deg","23.635","°C","1019.000","hPa","0.861","-0.02617","0.00035","0","0","13.56","Humid","28.00","0","54.00","362012.83","SABD0000000001","AAV1.0.0.11","1.1.2.0","PSt7-10","170328-007","9/30/2017 19:06:43","0000-00","0","no battery","V"
"09/09/2020","10:18:11","2","default","115855972","OXY_CH2","52.610","min","181.976","µmol/L","Humid","20.924","deg","80713","µV","29.681","°C","1016.000","hPa","35.3","pmil","0","53.237","deg","23.954","°C","100.000","%a.s.","21.023","deg","23.635","°C","1019.000","hPa","0.861","-0.02617","0.00035","0","0","13.56","Humid","28.00","0","54.00","362013.85","SABD0000000001","AAV1.0.0.11","1.1.2.0","PSt7-10","170328-007","9/30/2017 19:06:43","0000-00","0","no battery","V"
"09/09/2020","10:18:12","2","default","115855972","OXY_CH2","52.627","min","182.074","µmol/L","Humid","20.923","deg","80719","µV","29.667","°C","1016.000","hPa","35.3","pmil","0","53.237","deg","23.954","°C","100.000","%a.s.","21.023","deg","23.635","°C","1019.000","hPa","0.861","-0.02617","0.00035","0","0","13.56","Humid","28.00","0","54.00","362015.57","SABD0000000001","AAV1.0.0.11","1.1.2.0","PSt7-10","170328-007","9/30/2017 19:06:43","0000-00","0","no battery","V"
"09/09/2020","10:18:13","2","default","115855972","OXY_CH2","52.644","min","181.931","µmol/L","Humid","20.929","deg","80716","µV","29.675","°C","1016.000","hPa","35.3","pmil","0","53.237","deg","23.954","°C","100.000","%a.s.","21.023","deg","23.635","°C","1019.000","hPa","0.861","-0.02617","0.00035","0","0","13.56","Humid","28.00","0","54.00","361997.04","SABD0000000001","AAV1.0.0.11","1.1.2.0","PSt7-10","170328-007","9/30/2017 19:06:43","0000-00","0","no battery","V"
"09/09/2020","10:18:14","2","default","115855972","OXY_CH2","52.660","min","182.028","µmol/L","Humid","20.924","deg","80714","µV","29.672","°C","1016.000","hPa","35.3","pmil","0","53.237","deg","23.954","°C","100.000","%a.s.","21.023","deg","23.635","°C","1019.000","hPa","0.861","-0.02617","0.00035","0","0","13.56","Humid","28.00","0","54.00","362004.08","SABD0000000001","AAV1.0.0.11","1.1.2.0","PSt7-10","170328-007","9/30/2017 19:06:43","0000-00","0","no battery","V"
"09/09/2020","10:18:15","2","default","115855972","OXY_CH2","52.677","min","182.028","µmol/L","Humid","20.923","deg","80708","µV","29.675","°C","1016.000","hPa","35.3","pmil","0","53.237","deg","23.954","°C","100.000","%a.s.","21.023","deg","23.635","°C","1019.000","hPa","0.861","-0.02617","0.00035","0","0","13.56","Humid","28.00","0","54.00","361991.52","SABD0000000001","AAV1.0.0.11","1.1.2.0","PSt7-10","170328-007","9/30/2017 19:06:43","0000-00","0","no battery","V"
"09/09/2020","10:18:16","2","default","115855972","OXY_CH2","52.694","min","181.970","µmol/L","Humid","20.923","deg","80720","µV","29.685","°C","1016.000","hPa","35.3","pmil","0","53.237","deg","23.954","°C","100.000","%a.s.","21.023","deg","23.635","°C","1019.000","hPa","0.861","-0.02617","0.00035","0","0","13.56","Humid","28.00","0","54.00","361999.93","SABD0000000001","AAV1.0.0.11","1.1.2.0","PSt7-10","170328-007","9/30/2017 19:06:43","0000-00","0","no battery","V"
"09/09/2020","10:18:17","2","default","115855972","OXY_CH2","52.711","min","182.086","µmol/L","Humid","20.922","deg","80713","µV","29.668","°C","1016.000","hPa","35.3","pmil","0","53.237","deg","23.954","°C","100.000","%a.s.","21.023","deg","23.635","°C","1019.000","hPa","0.861","-0.02617","0.00035","0","0","13.56","Humid","28.00","0","54.00","362016.70","SABD0000000001","AAV1.0.0.11","1.1.2.0","PSt7-10","170328-007","9/30/2017 19:06:43","0000-00","0","no battery","V"
"09/09/2020","10:18:18","2","default","115855972","OXY_CH2","52.727","min","182.100","µmol/L","Humid","20.923","deg","80706","µV","29.663","°C","1016.000","hPa","35.3","pmil","0","53.237","deg","23.954","°C","100.000","%a.s.","21.023","deg","23.635","°C","1019.000","hPa","0.861","-0.02617","0.00035","0","0","13.56","Humid","28.00","0","54.00","362001.04","SABD0000000001","AAV1.0.0.11","1.1.2.0","PSt7-10","170328-007","9/30/2017 19:06:43","0000-00","0","no battery","V"
"09/09/2020","10:18:19","2","default","115855972","OXY_CH2","52.744","min","182.135","µmol/L","Humid","20.919","deg","80716","µV","29.668","°C","1016.000","hPa","35.3","pmil","0","53.237","deg","23.954","°C","100.000","%a.s.","21.023","deg","23.635","°C","1019.000","hPa","0.861","-0.02617","0.00035","0","0","13.56","Humid","28.00","0","54.00","362007.13","SABD0000000001","AAV1.0.0.11","1.1.2.0","PSt7-10","170328-007","9/30/2017 19:06:43","0000-00","0","no battery","V"
"09/09/2020","10:18:20","2","default","115855972","OXY_CH2","52.761","min","182.051","µmol/L","Humid","20.923","deg","80711","µV","29.671","°C","1016.000","hPa","35.3","pmil","0","53.237","deg","23.954","°C","100.000","%a.s.","21.023","deg","23.635","°C","1019.000","hPa","0.861","-0.02617","0.00035","0","0","13.56","Humid","28.00","0","54.00","362004.50","SABD0000000001","AAV1.0.0.11","1.1.2.0","PSt7-10","170328-007","9/30/2017 19:06:43","0000-00","0","no battery","V"
"09/09/2020","10:18:21","2","default","115855972","OXY_CH2","52.777","min","182.003","µmol/L","Humid","20.924","deg","80715","µV","29.677","°C","1016.000","hPa","35.3","pmil","0","53.237","deg","23.954","°C","100.000","%a.s.","21.023","deg","23.635","°C","1019.000","hPa","0.861","-0.02617","0.00035","0","0","13.56","Humid","28.00","0","54.00","362007.02","SABD0000000001","AAV1.0.0.11","1.1.2.0","PSt7-10","170328-007","9/30/2017 19:06:43","0000-00","0","no battery","V"
"09/09/2020","10:18:22","2","default","115855972","OXY_CH2","52.794","min","182.061","µmol/L","Humid","20.923","deg","80715","µV","29.669","°C","1016.000","hPa","35.3","pmil","0","53.237","deg","23.954","°C","100.000","%a.s.","21.023","deg","23.635","°C","1019.000","hPa","0.861","-0.02617","0.00035","0","0","13.56","Humid","28.00","0","54.00","361987.92","SABD0000000001","AAV1.0.0.11","1.1.2.0","PSt7-10","170328-007","9/30/2017 19:06:43","0000-00","0","no battery","V"
"09/09/2020","10:18:23","2","default","115855972","OXY_CH2","52.811","min","182.134","µmol/L","Humid","20.922","deg","80708","µV","29.660","°C","1016.000","hPa","35.3","pmil","0","53.237","deg","23.954","°C","100.000","%a.s.","21.023","deg","23.635","°C","1019.000","hPa","0.861","-0.02617","0.00035","0","0","13.56","Humid","28.00","0","54.00","361984.64","SABD0000000001","AAV1.0.0.11","1.1.2.0","PSt7-10","170328-007","9/30/2017 19:06:43","0000-00","0","no battery","V"
"09/09/2020","10:18:24","2","default","115855972","OXY_CH2","52.828","min","182.023","µmol/L","Humid","20.922","deg","80703","µV","29.679","°C","1016.000","hPa","35.3","pmil","0","53.237","deg","23.954","°C","100.000","%a.s.","21.023","deg","23.635","°C","1019.000","hPa","0.861","-0.02617","0.00035","0","0","13.56","Humid","28.00","0","54.00","361995.22","SABD0000000001","AAV1.0.0.11","1.1.2.0","PSt7-10","170328-007","9/30/2017 19:06:43","0000-00","0","no battery","V"
"09/09/2020","10:18:25","2","default","115855972","OXY_CH2","52.844","min","182.085","µmol/L","Humid","20.917","deg","80700","µV","29.683","°C","1016.000","hPa","35.3","pmil","0","53.237","deg","23.954","°C","100.000","%a.s.","21.023","deg","23.635","°C","1019.000","hPa","0.861","-0.02617","0.00035","0","0","13.56","Humid","28.00","0","54.00","361991.83","SABD0000000001","AAV1.0.0.11","1.1.2.0","PSt7-10","170328-007","9/30/2017 19:06:43","0000-00","0","no battery","V"
"09/09/2020","10:18:26","2","default","115855972","OXY_CH2","52.860","min","181.987","µmol/L","Humid","20.922","deg","80709","µV","29.685","°C","1016.000","hPa","35.3","pmil","0","53.237","deg","23.954","°C","100.000","%a.s.","21.023","deg","23.635","°C","1019.000","hPa","0.861","-0.02617","0.00035","0","0","13.56","Humid","28.00","0","54.00","361996.08","SABD0000000001","AAV1.0.0.11","1.1.2.0","PSt7-10","170328-007","9/30/2017 19:06:43","0000-00","0","no battery","V"
"09/09/2020","10:18:27","2","default","115855972","OXY_CH2","52.877","min","182.004","µmol/L","Humid","20.921","deg","80711","µV","29.685","°C","1016.000","hPa","35.3","pmil","0","53.237","deg","23.954","°C","100.000","%a.s.","21.023","deg","23.635","°C","1019.000","hPa","0.861","-0.02617","0.00035","0","0","13.56","Humid","28.00","0","54.00","362003.18","SABD0000000001","AAV1.0.0.11","1.1.2.0","PSt7-10","170328-007","9/30/2017 19:06:43","0000-00","0","no battery","V"
"09/09/2020","10:18:28","2","default","115855972","OXY_CH2","52.894","min","182.114","µmol/L","Humid","20.914","deg","80705","µV","29.686","°C","1016.000","hPa","35.3","pmil","0","53.237","deg","23.954","°C","100.000","%a.s.","21.023","deg","23.635","°C","1019.000","hPa","0.861","-0.02617","0.00035","0","0","13.56","Humid","28.00","0","54.00","361995.63","SABD0000000001","AAV1.0.0.11","1.1.2.0","PSt7-10","170328-007","9/30/2017 19:06:43","0000-00","0","no battery","V"
"09/09/2020","10:18:29","2","default","115855972","OXY_CH2","52.911","min","182.052","µmol/L","Humid","20.920","deg","80707","µV","29.680","°C","1016.000","hPa","35.3","pmil","0","53.237","deg","23.954","°C","100.000","%a.s.","21.023","deg","23.635","°C","1019.000","hPa","0.861","-0.02617","0.00035","0","0","13.56","Humid","28.00","0","54.00","361995.85","SABD0000000001","AAV1.0.0.11","1.1.2.0","PSt7-10","170328-007","9/30/2017 19:06:43","0000-00","0","no battery","V"
"09/09/2020","10:18:30","2","default","115855972","OXY_CH2","52.927","min","181.939","µmol/L","Humid","20.925","deg","80706","µV","29.685","°C","1016.000","hPa","35.3","pmil","0","53.237","deg","23.954","°C","100.000","%a.s.","21.023","deg","23.635","°C","1019.000","hPa","0.861","-0.02617","0.00035","0","0","13.56","Humid","28.00","0","54.00","361992.11","SABD0000000001","AAV1.0.0.11","1.1.2.0","PSt7-10","170328-007","9/30/2017 19:06:43","0000-00","0","no battery","V"
"09/09/2020","10:18:31","2","default","115855972","OXY_CH2","52.944","min","181.979","µmol/L","Humid","20.924","deg","80704","µV","29.681","°C","1016.000","hPa","35.3","pmil","0","53.237","deg","23.954","°C","100.000","%a.s.","21.023","deg","23.635","°C","1019.000","hPa","0.861","-0.02617","0.00035","0","0","13.56","Humid","28.00","0","54.00","361989.72","SABD0000000001","AAV1.0.0.11","1.1.2.0","PSt7-10","170328-007","9/30/2017 19:06:43","0000-00","0","no battery","V"
"09/09/2020","10:18:32","2","default","115855972","OXY_CH2","52.960","min","182.048","µmol/L","Humid","20.919","deg","80700","µV","29.683","°C","1016.000","hPa","35.3","pmil","0","53.237","deg","23.954","°C","100.000","%a.s.","21.023","deg","23.635","°C","1019.000","hPa","0.861","-0.02617","0.00035","0","0","13.56","Humid","28.00","0","54.00","361983.45","SABD0000000001","AAV1.0.0.11","1.1.2.0","PSt7-10","170328-007","9/30/2017 19:06:43","0000-00","0","no battery","V"
"09/09/2020","10:18:33","2","default","115855972","OXY_CH2","52.977","min","182.004","µmol/L","Humid","20.925","deg","80704","µV","29.674","°C","1016.000","hPa","35.3","pmil","0","53.237","deg","23.954","°C","100.000","%a.s.","21.023","deg","23.635","°C","1019.000","hPa","0.861","-0.02617","0.00035","0","0","13.56","Humid","28.00","0","54.00","361982.42","SABD0000000001","AAV1.0.0.11","1.1.2.0","PSt7-10","170328-007","9/30/2017 19:06:43","0000-00","0","no battery","V"
"09/09/2020","10:18:34","2","default","115855972","OXY_CH2","52.994","min","182.048","µmol/L","Humid","20.917","deg","80701","µV","29.689","°C","1016.000","hPa","35.3","pmil","0","53.237","deg","23.954","°C","100.000","%a.s.","21.023","deg","23.635","°C","1019.000","hPa","0.861","-0.02617","0.00035","0","0","13.56","Humid","28.00","0","54.00","361996.21","SABD0000000001","AAV1.0.0.11","1.1.2.0","PSt7-10","170328-007","9/30/2017 19:06:43","0000-00","0","no battery","V"
"09/09/2020","10:18:35","2","default","115855972","OXY_CH2","53.010","min","182.019","µmol/L","Humid","20.921","deg","80706","µV","29.683","°C","1016.000","hPa","35.3","pmil","0","53.237","deg","23.954","°C","100.000","%a.s.","21.023","deg","23.635","°C","1019.000","hPa","0.861","-0.02617","0.00035","0","0","13.56","Humid","28.00","0","54.00","361997.85","SABD0000000001","AAV1.0.0.11","1.1.2.0","PSt7-10","170328-007","9/30/2017 19:06:43","0000-00","0","no battery","V"
"09/09/2020","10:18:36","2","default","115855972","OXY_CH2","53.028","min","182.003","µmol/L","Humid","20.922","deg","80703","µV","29.683","°C","1016.000","hPa","35.3","pmil","0","53.237","deg","23.954","°C","100.000","%a.s.","21.023","deg","23.635","°C","1019.000","hPa","0.861","-0.02617","0.00035","0","0","13.56","Humid","28.00","0","54.00","361998.47","SABD0000000001","AAV1.0.0.11","1.1.2.0","PSt7-10","170328-007","9/30/2017 19:06:43","0000-00","0","no battery","V"
"09/09/2020","10:18:37","2","default","115855972","OXY_CH2","53.044","min","182.112","µmol/L","Humid","20.916","deg","80701","µV","29.681","°C","1016.000","hPa","35.3","pmil","0","53.237","deg","23.954","°C","100.000","%a.s.","21.023","deg","23.635","°C","1019.000","hPa","0.861","-0.02617","0.00035","0","0","13.56","Humid","28.00","0","54.00","361984.30","SABD0000000001","AAV1.0.0.11","1.1.2.0","PSt7-10","170328-007","9/30/2017 19:06:43","0000-00","0","no battery","V"
"09/09/2020","10:18:38","2","default","115855972","OXY_CH2","53.061","min","182.030","µmol/L","Humid","20.920","deg","80696","µV","29.684","°C","1016.000","hPa","35.3","pmil","0","53.237","deg","23.954","°C","100.000","%a.s.","21.023","deg","23.635","°C","1019.000","hPa","0.861","-0.02617","0.00035","0","0","13.56","Humid","28.00","0","54.00","361975.64","SABD0000000001","AAV1.0.0.11","1.1.2.0","PSt7-10","170328-007","9/30/2017 19:06:43","0000-00","0","no battery","V"
"09/09/2020","10:18:39","2","default","115855972","OXY_CH2","53.077","min","182.030","µmol/L","Humid","20.921","deg","80695","µV","29.681","°C","1016.000","hPa","35.3","pmil","0","53.237","deg","23.954","°C","100.000","%a.s.","21.023","deg","23.635","°C","1019.000","hPa","0.861","-0.02617","0.00035","0","0","13.56","Humid","28.00","0","54.00","361981.57","SABD0000000001","AAV1.0.0.11","1.1.2.0","PSt7-10","170328-007","9/30/2017 19:06:43","0000-00","0","no battery","V"
"09/09/2020","10:18:40","2","default","115855972","OXY_CH2","53.094","min","182.075","µmol/L","Humid","20.919","deg","80698","µV","29.679","°C","1016.000","hPa","35.3","pmil","0","53.237","deg","23.954","°C","100.000","%a.s.","21.023","deg","23.635","°C","1019.000","hPa","0.861","-0.02617","0.00035","0","0","13.56","Humid","28.00","0","54.00","362002.38","SABD0000000001","AAV1.0.0.11","1.1.2.0","PSt7-10","170328-007","9/30/2017 19:06:43","0000-00","0","no battery","V"
"09/09/2020","10:18:41","2","default","115855972","OXY_CH2","53.111","min","182.068","µmol/L","Humid","20.921","deg","80688","µV","29.674","°C","1016.000","hPa","35.3","pmil","0","53.237","deg","23.954","°C","100.000","%a.s.","21.023","deg","23.635","°C","1019.000","hPa","0.861","-0.02617","0.00035","0","0","13.56","Humid","28.00","0","54.00","361978.59","SABD0000000001","AAV1.0.0.11","1.1.2.0","PSt7-10","170328-007","9/30/2017 19:06:43","0000-00","0","no battery","V"
"09/09/2020","10:18:42","2","default","115855972","OXY_CH2","53.127","min","182.073","µmol/L","Humid","20.920","deg","80688","µV","29.676","°C","1016.000","hPa","35.3","pmil","0","53.237","deg","23.954","°C","100.000","%a.s.","21.023","deg","23.635","°C","1019.000","hPa","0.861","-0.02617","0.00035","0","0","13.56","Humid","28.00","0","54.00","361974.72","SABD0000000001","AAV1.0.0.11","1.1.2.0","PSt7-10","170328-007","9/30/2017 19:06:43","0000-00","0","no battery","V"
"09/09/2020","10:18:43","2","default","115855972","OXY_CH2","53.144","min","181.979","µmol/L","Humid","20.920","deg","80697","µV","29.692","°C","1016.000","hPa","35.3","pmil","0","53.237","deg","23.954","°C","100.000","%a.s.","21.023","deg","23.635","°C","1019.000","hPa","0.861","-0.02617","0.00035","0","0","13.56","Humid","28.00","0","54.00","361986.09","SABD0000000001","AAV1.0.0.11","1.1.2.0","PSt7-10","170328-007","9/30/2017 19:06:43","0000-00","0","no battery","V"
"09/09/2020","10:18:44","2","default","115855972","OXY_CH2","53.160","min","181.976","µmol/L","Humid","20.920","deg","80691","µV","29.693","°C","1016.000","hPa","35.3","pmil","0","53.237","deg","23.954","°C","100.000","%a.s.","21.023","deg","23.635","°C","1019.000","hPa","0.861","-0.02617","0.00035","0","0","13.56","Humid","28.00","0","54.00","361978.91","SABD0000000001","AAV1.0.0.11","1.1.2.0","PSt7-10","170328-007","9/30/2017 19:06:43","0000-00","0","no battery","V"
"09/09/2020","10:18:45","2","default","115855972","OXY_CH2","53.177","min","181.972","µmol/L","Humid","20.922","deg","80691","µV","29.688","°C","1016.000","hPa","35.3","pmil","0","53.237","deg","23.954","°C","100.000","%a.s.","21.023","deg","23.635","°C","1019.000","hPa","0.861","-0.02617","0.00035","0","0","13.56","Humid","28.00","0","54.00","361972.07","SABD0000000001","AAV1.0.0.11","1.1.2.0","PSt7-10","170328-007","9/30/2017 19:06:43","0000-00","0","no battery","V"
"09/09/2020","10:18:46","2","default","115855972","OXY_CH2","53.194","min","181.952","µmol/L","Humid","20.920","deg","80694","µV","29.697","°C","1016.000","hPa","35.3","pmil","0","53.237","deg","23.954","°C","100.000","%a.s.","21.023","deg","23.635","°C","1019.000","hPa","0.861","-0.02617","0.00035","0","0","13.56","Humid","28.00","0","54.00","361976.56","SABD0000000001","AAV1.0.0.11","1.1.2.0","PSt7-10","170328-007","9/30/2017 19:06:43","0000-00","0","no battery","V"
"09/09/2020","10:18:47","2","default","115855972","OXY_CH2","53.210","min","181.994","µmol/L","Humid","20.919","deg","80697","µV","29.693","°C","1016.000","hPa","35.3","pmil","0","53.237","deg","23.954","°C","100.000","%a.s.","21.023","deg","23.635","°C","1019.000","hPa","0.861","-0.02617","0.00035","0","0","13.56","Humid","28.00","0","54.00","361977.72","SABD0000000001","AAV1.0.0.11","1.1.2.0","PSt7-10","170328-007","9/30/2017 19:06:43","0000-00","0","no battery","V"
"09/09/2020","10:18:48","2","default","115855972","OXY_CH2","53.227","min","181.920","µmol/L","Humid","20.924","deg","80686","µV","29.691","°C","1016.000","hPa","35.3","pmil","0","53.237","deg","23.954","°C","100.000","%a.s.","21.023","deg","23.635","°C","1019.000","hPa","0.861","-0.02617","0.00035","0","0","13.56","Humid","28.00","0","54.00","361968.60","SABD0000000001","AAV1.0.0.11","1.1.2.0","PSt7-10","170328-007","9/30/2017 19:06:43","0000-00","0","no battery","V"
"09/09/2020","10:18:49","2","default","115855972","OXY_CH2","53.244","min","182.144","µmol/L","Humid","20.911","deg","80689","µV","29.690","°C","1016.000","hPa","35.3","pmil","0","53.237","deg","23.954","°C","100.000","%a.s.","21.023","deg","23.635","°C","1019.000","hPa","0.861","-0.02617","0.00035","0","0","13.56","Humid","28.00","0","54.00","361975.84","SABD0000000001","AAV1.0.0.11","1.1.2.0","PSt7-10","170328-007","9/30/2017 19:06:43","0000-00","0","no battery","V"
"09/09/2020","10:18:50","2","default","115855972","OXY_CH2","53.261","min","182.024","µmol/L","Humid","20.918","deg","80693","µV","29.690","°C","1016.000","hPa","35.3","pmil","0","53.237","deg","23.954","°C","100.000","%a.s.","21.023","deg","23.635","°C","1019.000","hPa","0.861","-0.02617","0.00035","0","0","13.56","Humid","28.00","0","54.00","361979.46","SABD0000000001","AAV1.0.0.11","1.1.2.0","PSt7-10","170328-007","9/30/2017 19:06:43","0000-00","0","no battery","V"
"09/09/2020","10:18:51","2","default","115855972","OXY_CH2","53.277","min","182.090","µmol/L","Humid","20.916","deg","80690","µV","29.685","°C","1016.000","hPa","35.3","pmil","0","53.237","deg","23.954","°C","100.000","%a.s.","21.023","deg","23.635","°C","1019.000","hPa","0.861","-0.02617","0.00035","0","0","13.56","Humid","28.00","0","54.00","361970.78","SABD0000000001","AAV1.0.0.11","1.1.2.0","PSt7-10","170328-007","9/30/2017 19:06:43","0000-00","0","no battery","V"
"09/09/2020","10:18:52","2","default","115855972","OXY_CH2","53.294","min","182.078","µmol/L","Humid","20.918","deg","80696","µV","29.681","°C","1016.000","hPa","35.3","pmil","0","53.237","deg","23.954","°C","100.000","%a.s.","21.023","deg","23.635","°C","1019.000","hPa","0.861","-0.02617","0.00035","0","0","13.56","Humid","28.00","0","54.00","361964.47","SABD0000000001","AAV1.0.0.11","1.1.2.0","PSt7-10","170328-007","9/30/2017 19:06:43","0000-00","0","no battery","V"
"09/09/2020","10:18:53","2","default","115855972","OXY_CH2","53.311","min","181.996","µmol/L","Humid","20.920","deg","80693","µV","29.690","°C","1016.000","hPa","35.3","pmil","0","53.237","deg","23.954","°C","100.000","%a.s.","21.023","deg","23.635","°C","1019.000","hPa","0.861","-0.02617","0.00035","0","0","13.56","Humid","28.00","0","54.00","361972.94","SABD0000000001","AAV1.0.0.11","1.1.2.0","PSt7-10","170328-007","9/30/2017 19:06:43","0000-00","0","no battery","V"
"09/09/2020","10:18:54","2","default","115855972","OXY_CH2","53.327","min","182.054","µmol/L","Humid","20.915","deg","80687","µV","29.694","°C","1016.000","hPa","35.3","pmil","0","53.237","deg","23.954","°C","100.000","%a.s.","21.023","deg","23.635","°C","1019.000","hPa","0.861","-0.02617","0.00035","0","0","13.56","Humid","28.00","0","54.00","361964.03","SABD0000000001","AAV1.0.0.11","1.1.2.0","PSt7-10","170328-007","9/30/2017 19:06:43","0000-00","0","no battery","V"
"09/09/2020","10:18:55","2","default","115855972","OXY_CH2","53.344","min","181.989","µmol/L","Humid","20.921","deg","80689","µV","29.688","°C","1016.000","hPa","35.3","pmil","0","53.237","deg","23.954","°C","100.000","%a.s.","21.023","deg","23.635","°C","1019.000","hPa","0.861","-0.02617","0.00035","0","0","13.56","Humid","28.00","0","54.00","361977.12","SABD0000000001","AAV1.0.0.11","1.1.2.0","PSt7-10","170328-007","9/30/2017 19:06:43","0000-00","0","no battery","V"
"09/09/2020","10:18:56","2","default","115855972","OXY_CH2","53.360","min","181.946","µmol/L","Humid","20.924","deg","80685","µV","29.687","°C","1016.000","hPa","35.3","pmil","0","53.237","deg","23.954","°C","100.000","%a.s.","21.023","deg","23.635","°C","1019.000","hPa","0.861","-0.02617","0.00035","0","0","13.56","Humid","28.00","0","54.00","361958.53","SABD0000000001","AAV1.0.0.11","1.1.2.0","PSt7-10","170328-007","9/30/2017 19:06:43","0000-00","0","no battery","V"
"09/09/2020","10:18:57","2","default","115855972","OXY_CH2","53.377","min","182.062","µmol/L","Humid","20.918","deg","80677","µV","29.684","°C","1016.000","hPa","35.3","pmil","0","53.237","deg","23.954","°C","100.000","%a.s.","21.023","deg","23.635","°C","1019.000","hPa","0.861","-0.02617","0.00035","0","0","13.56","Humid","28.00","0","54.00","361963.67","SABD0000000001","AAV1.0.0.11","1.1.2.0","PSt7-10","170328-007","9/30/2017 19:06:43","0000-00","0","no battery","V"
"09/09/2020","10:18:58","2","default","115855972","OXY_CH2","53.394","min","182.016","µmol/L","Humid","20.919","deg","80683","µV","29.689","°C","1016.000","hPa","35.3","pmil","0","53.237","deg","23.954","°C","100.000","%a.s.","21.023","deg","23.635","°C","1019.000","hPa","0.861","-0.02617","0.00035","0","0","13.56","Humid","28.00","0","54.00","361964.13","SABD0000000001","AAV1.0.0.11","1.1.2.0","PSt7-10","170328-007","9/30/2017 19:06:43","0000-00","0","no battery","V"
"09/09/2020","10:18:59","2","default","115855972","OXY_CH2","53.411","min","182.033","µmol/L","Humid","20.918","deg","80693","µV","29.689","°C","1016.000","hPa","35.3","pmil","0","53.237","deg","23.954","°C","100.000","%a.s.","21.023","deg","23.635","°C","1019.000","hPa","0.861","-0.02617","0.00035","0","0","13.56","Humid","28.00","0","54.00","361966.39","SABD0000000001","AAV1.0.0.11","1.1.2.0","PSt7-10","170328-007","9/30/2017 19:06:43","0000-00","0","no battery","V"
"09/09/2020","10:19:00","2","default","115855972","OXY_CH2","53.427","min","182.032","µmol/L","Humid","20.917","deg","80683","µV","29.692","°C","1016.000","hPa","35.3","pmil","0","53.237","deg","23.954","°C","100.000","%a.s.","21.023","deg","23.635","°C","1019.000","hPa","0.861","-0.02617","0.00035","0","0","13.56","Humid","28.00","0","54.00","361967.60","SABD0000000001","AAV1.0.0.11","1.1.2.0","PSt7-10","170328-007","9/30/2017 19:06:43","0000-00","0","no battery","V"
"09/09/2020","10:19:01","2","default","115855972","OXY_CH2","53.444","min","182.064","µmol/L","Humid","20.921","deg","80681","µV","29.675","°C","1016.000","hPa","35.3","pmil","0","53.237","deg","23.954","°C","100.000","%a.s.","21.023","deg","23.635","°C","1019.000","hPa","0.861","-0.02617","0.00035","0","0","13.56","Humid","28.00","0","54.00","361972.08","SABD0000000001","AAV1.0.0.11","1.1.2.0","PSt7-10","170328-007","9/30/2017 19:06:43","0000-00","0","no battery","V"
"09/09/2020","10:19:02","2","default","115855972","OXY_CH2","53.460","min","181.966","µmol/L","Humid","20.918","deg","80686","µV","29.701","°C","1016.000","hPa","35.3","pmil","0","53.237","deg","23.954","°C","100.000","%a.s.","21.023","deg","23.635","°C","1019.000","hPa","0.861","-0.02617","0.00035","0","0","13.56","Humid","28.00","0","54.00","361968.05","SABD0000000001","AAV1.0.0.11","1.1.2.0","PSt7-10","170328-007","9/30/2017 19:06:43","0000-00","0","no battery","V"
"09/09/2020","10:19:03","2","default","115855972","OXY_CH2","53.477","min","182.029","µmol/L","Humid","20.917","deg","80684","µV","29.692","°C","1016.000","hPa","35.3","pmil","0","53.237","deg","23.954","°C","100.000","%a.s.","21.023","deg","23.635","°C","1019.000","hPa","0.861","-0.02617","0.00035","0","0","13.56","Humid","28.00","0","54.00","361962.94","SABD0000000001","AAV1.0.0.11","1.1.2.0","PSt7-10","170328-007","9/30/2017 19:06:43","0000-00","0","no battery","V"
"09/09/2020","10:19:04","2","default","115855972","OXY_CH2","53.494","min","181.919","µmol/L","Humid","20.920","deg","80679","µV","29.703","°C","1016.000","hPa","35.3","pmil","0","53.237","deg","23.954","°C","100.000","%a.s.","21.023","deg","23.635","°C","1019.000","hPa","0.861","-0.02617","0.00035","0","0","13.56","Humid","28.00","0","54.00","361969.00","SABD0000000001","AAV1.0.0.11","1.1.2.0","PSt7-10","170328-007","9/30/2017 19:06:43","0000-00","0","no battery","V"
"09/09/2020","10:19:05","2","default","115855972","OXY_CH2","53.510","min","182.034","µmol/L","Humid","20.912","deg","80682","µV","29.706","°C","1016.000","hPa","35.3","pmil","0","53.237","deg","23.954","°C","100.000","%a.s.","21.023","deg","23.635","°C","1019.000","hPa","0.861","-0.02617","0.00035","0","0","13.56","Humid","28.00","0","54.00","361964.62","SABD0000000001","AAV1.0.0.11","1.1.2.0","PSt7-10","170328-007","9/30/2017 19:06:43","0000-00","0","no battery","V"
"09/09/2020","10:19:06","2","default","115855972","OXY_CH2","53.527","min","182.013","µmol/L","Humid","20.916","deg","80686","µV","29.698","°C","1016.000","hPa","35.3","pmil","0","53.237","deg","23.954","°C","100.000","%a.s.","21.023","deg","23.635","°C","1019.000","hPa","0.861","-0.02617","0.00035","0","0","13.56","Humid","28.00","0","54.00","361953.10","SABD0000000001","AAV1.0.0.11","1.1.2.0","PSt7-10","170328-007","9/30/2017 19:06:43","0000-00","0","no battery","V"
"09/09/2020","10:19:07","2","default","115855972","OXY_CH2","53.544","min","182.044","µmol/L","Humid","20.914","deg","80675","µV","29.698","°C","1016.000","hPa","35.3","pmil","0","53.237","deg","23.954","°C","100.000","%a.s.","21.023","deg","23.635","°C","1019.000","hPa","0.861","-0.02617","0.00035","0","0","13.56","Humid","28.00","0","54.00","361961.18","SABD0000000001","AAV1.0.0.11","1.1.2.0","PSt7-10","170328-007","9/30/2017 19:06:43","0000-00","0","no battery","V"
"09/09/2020","10:19:08","2","default","115855972","OXY_CH2","53.560","min","181.979","µmol/L","Humid","20.920","deg","80680","µV","29.692","°C","1016.000","hPa","35.3","pmil","0","53.237","deg","23.954","°C","100.000","%a.s.","21.023","deg","23.635","°C","1019.000","hPa","0.861","-0.02617","0.00035","0","0","13.56","Humid","28.00","0","54.00","361960.98","SABD0000000001","AAV1.0.0.11","1.1.2.0","PSt7-10","170328-007","9/30/2017 19:06:43","0000-00","0","no battery","V"
"09/09/2020","10:19:09","2","default","115855972","OXY_CH2","53.577","min","182.076","µmol/L","Humid","20.917","deg","80679","µV","29.684","°C","1016.000","hPa","35.3","pmil","0","53.237","deg","23.954","°C","100.000","%a.s.","21.023","deg","23.635","°C","1019.000","hPa","0.861","-0.02617","0.00035","0","0","13.56","Humid","28.00","0","54.00","361957.05","SABD0000000001","AAV1.0.0.11","1.1.2.0","PSt7-10","170328-007","9/30/2017 19:06:43","0000-00","0","no battery","V"
"09/09/2020","10:19:10","2","default","115855972","OXY_CH2","53.594","min","182.052","µmol/L","Humid","20.913","deg","80680","µV","29.700","°C","1016.000","hPa","35.3","pmil","0","53.237","deg","23.954","°C","100.000","%a.s.","21.023","deg","23.635","°C","1019.000","hPa","0.861","-0.02617","0.00035","0","0","13.56","Humid","28.00","0","54.00","361970.92","SABD0000000001","AAV1.0.0.11","1.1.2.0","PSt7-10","170328-007","9/30/2017 19:06:43","0000-00","0","no battery","V"
"09/09/2020","10:19:11","2","default","115855972","OXY_CH2","53.610","min","181.998","µmol/L","Humid","20.915","deg","80682","µV","29.704","°C","1016.000","hPa","35.3","pmil","0","53.237","deg","23.954","°C","100.000","%a.s.","21.023","deg","23.635","°C","1019.000","hPa","0.861","-0.02617","0.00035","0","0","13.56","Humid","28.00","0","54.00","361964.27","SABD0000000001","AAV1.0.0.11","1.1.2.0","PSt7-10","170328-007","9/30/2017 19:06:43","0000-00","0","no battery","V"
"09/09/2020","10:19:12","2","default","115855972","OXY_CH2","53.627","min","181.949","µmol/L","Humid","20.919","deg","80676","µV","29.701","°C","1016.000","hPa","35.3","pmil","0","53.237","deg","23.954","°C","100.000","%a.s.","21.023","deg","23.635","°C","1019.000","hPa","0.861","-0.02617","0.00035","0","0","13.56","Humid","28.00","0","54.00","361948.24","SABD0000000001","AAV1.0.0.11","1.1.2.0","PSt7-10","170328-007","9/30/2017 19:06:43","0000-00","0","no battery","V"
"09/09/2020","10:19:13","2","default","115855972","OXY_CH2","53.644","min","181.900","µmol/L","Humid","20.920","deg","80677","µV","29.706","°C","1016.000","hPa","35.3","pmil","0","53.237","deg","23.954","°C","100.000","%a.s.","21.023","deg","23.635","°C","1019.000","hPa","0.861","-0.02617","0.00035","0","0","13.56","Humid","28.00","0","54.00","361957.99","SABD0000000001","AAV1.0.0.11","1.1.2.0","PSt7-10","170328-007","9/30/2017 19:06:43","0000-00","0","no battery","V"
"09/09/2020","10:19:14","2","default","115855972","OXY_CH2","53.661","min","182.034","µmol/L","Humid","20.917","deg","80675","µV","29.691","°C","1016.000","hPa","35.3","pmil","0","53.237","deg","23.954","°C","100.000","%a.s.","21.023","deg","23.635","°C","1019.000","hPa","0.861","-0.02617","0.00035","0","0","13.56","Humid","28.00","0","54.00","361962.85","SABD0000000001","AAV1.0.0.11","1.1.2.0","PSt7-10","170328-007","9/30/2017 19:06:43","0000-00","0","no battery","V"
"09/09/2020","10:19:15","2","default","115855972","OXY_CH2","53.678","min","182.022","µmol/L","Humid","20.917","deg","80674","µV","29.694","°C","1016.000","hPa","35.3","pmil","0","53.237","deg","23.954","°C","100.000","%a.s.","21.023","deg","23.635","°C","1019.000","hPa","0.861","-0.02617","0.00035","0","0","13.56","Humid","28.00","0","54.00","361971.91","SABD0000000001","AAV1.0.0.11","1.1.2.0","PSt7-10","170328-007","9/30/2017 19:06:43","0000-00","0","no battery","V"
"09/09/2020","10:19:16","2","default","115855972","OXY_CH2","53.694","min","182.032","µmol/L","Humid","20.917","deg","80677","µV","29.692","°C","1016.000","hPa","35.3","pmil","0","53.237","deg","23.954","°C","100.000","%a.s.","21.023","deg","23.635","°C","1019.000","hPa","0.861","-0.02617","0.00035","0","0","13.56","Humid","28.00","0","54.00","361968.93","SABD0000000001","AAV1.0.0.11","1.1.2.0","PSt7-10","170328-007","9/30/2017 19:06:43","0000-00","0","no battery","V"
"09/09/2020","10:19:17","2","default","115855972","OXY_CH2","53.711","min","182.003","µmol/L","Humid","20.917","deg","80670","µV","29.697","°C","1016.000","hPa","35.3","pmil","0","53.237","deg","23.954","°C","100.000","%a.s.","21.023","deg","23.635","°C","1019.000","hPa","0.861","-0.02617","0.00035","0","0","13.56","Humid","28.00","0","54.00","361970.60","SABD0000000001","AAV1.0.0.11","1.1.2.0","PSt7-10","170328-007","9/30/2017 19:06:43","0000-00","0","no battery","V"
"09/09/2020","10:19:18","2","default","115855972","OXY_CH2","53.727","min","182.068","µmol/L","Humid","20.914","deg","80674","µV","29.694","°C","1016.000","hPa","35.3","pmil","0","53.237","deg","23.954","°C","100.000","%a.s.","21.023","deg","23.635","°C","1019.000","hPa","0.861","-0.02617","0.00035","0","0","13.56","Humid","28.00","0","54.00","361963.17","SABD0000000001","AAV1.0.0.11","1.1.2.0","PSt7-10","170328-007","9/30/2017 19:06:43","0000-00","0","no battery","V"
"09/09/2020","10:19:19","2","default","115855972","OXY_CH2","53.744","min","182.144","µmol/L","Humid","20.915","deg","80670","µV","29.678","°C","1016.000","hPa","35.3","pmil","0","53.237","deg","23.954","°C","100.000","%a.s.","21.023","deg","23.635","°C","1019.000","hPa","0.861","-0.02617","0.00035","0","0","13.56","Humid","28.00","0","54.00","361954.44","SABD0000000001","AAV1.0.0.11","1.1.2.0","PSt7-10","170328-007","9/30/2017 19:06:43","0000-00","0","no battery","V"
"09/09/2020","10:19:20","2","default","115855972","OXY_CH2","53.761","min","182.089","µmol/L","Humid","20.916","deg","80668","µV","29.685","°C","1016.000","hPa","35.3","pmil","0","53.237","deg","23.954","°C","100.000","%a.s.","21.023","deg","23.635","°C","1019.000","hPa","0.861","-0.02617","0.00035","0","0","13.56","Humid","28.00","0","54.00","361956.65","SABD0000000001","AAV1.0.0.11","1.1.2.0","PSt7-10","170328-007","9/30/2017 19:06:43","0000-00","0","no battery","V"
"09/09/2020","10:19:21","2","default","115855972","OXY_CH2","53.778","min","181.986","µmol/L","Humid","20.915","deg","80675","µV","29.706","°C","1016.000","hPa","35.3","pmil","0","53.237","deg","23.954","°C","100.000","%a.s.","21.023","deg","23.635","°C","1019.000","hPa","0.861","-0.02617","0.00035","0","0","13.56","Humid","28.00","0","54.00","361954.98","SABD0000000001","AAV1.0.0.11","1.1.2.0","PSt7-10","170328-007","9/30/2017 19:06:43","0000-00","0","no battery","V"
"09/09/2020","10:19:22","2","default","115855972","OXY_CH2","53.794","min","181.967","µmol/L","Humid","20.914","deg","80667","µV","29.712","°C","1016.000","hPa","35.3","pmil","0","53.237","deg","23.954","°C","100.000","%a.s.","21.023","deg","23.635","°C","1019.000","hPa","0.861","-0.02617","0.00035","0","0","13.56","Humid","28.00","0","54.00","361944.86","SABD0000000001","AAV1.0.0.11","1.1.2.0","PSt7-10","170328-007","9/30/2017 19:06:43","0000-00","0","no battery","V"
"09/09/2020","10:19:23","2","default","115855972","OXY_CH2","53.811","min","181.996","µmol/L","Humid","20.913","deg","80669","µV","29.710","°C","1016.000","hPa","35.3","pmil","0","53.237","deg","23.954","°C","100.000","%a.s.","21.023","deg","23.635","°C","1019.000","hPa","0.861","-0.02617","0.00035","0","0","13.56","Humid","28.00","0","54.00","361950.93","SABD0000000001","AAV1.0.0.11","1.1.2.0","PSt7-10","170328-007","9/30/2017 19:06:43","0000-00","0","no battery","V"
"09/09/2020","10:21:04","2","default","115855972","OXY_CH2","55.486","min","182.232","µmol/L","Humid","20.894","deg","80801","µV","29.723","°C","1016.000","hPa","35.3","pmil","0","53.237","deg","23.954","°C","100.000","%a.s.","21.023","deg","23.635","°C","1019.000","hPa","0.861","-0.02617","0.00035","0","0","13.56","Humid","28.00","0","54.00","362293.83","SABD0000000001","AAV1.0.0.11","1.1.2.0","PSt7-10","170328-007","9/30/2017 19:06:43","0000-00","0","no battery","V"
"09/09/2020","10:21:05","2","default","115855972","OXY_CH2","55.511","min","182.188","µmol/L","Humid","20.894","deg","80790","µV","29.731","°C","1016.000","hPa","35.3","pmil","0","53.237","deg","23.954","°C","100.000","%a.s.","21.023","deg","23.635","°C","1019.000","hPa","0.861","-0.02617","0.00035","0","0","13.56","Humid","28.00","0","54.00","362243.45","SABD0000000001","AAV1.0.0.11","1.1.2.0","PSt7-10","170328-007","9/30/2017 19:06:43","0000-00","0","no battery","V"
"09/09/2020","10:21:06","2","default","115855972","OXY_CH2","55.528","min","182.099","µmol/L","Humid","20.896","deg","80778","µV","29.741","°C","1016.000","hPa","35.3","pmil","0","53.237","deg","23.954","°C","100.000","%a.s.","21.023","deg","23.635","°C","1019.000","hPa","0.861","-0.02617","0.00035","0","0","13.56","Humid","28.00","0","54.00","362213.63","SABD0000000001","AAV1.0.0.11","1.1.2.0","PSt7-10","170328-007","9/30/2017 19:06:43","0000-00","0","no battery","V"
"09/09/2020","10:21:07","2","default","115855972","OXY_CH2","55.544","min","182.112","µmol/L","Humid","20.896","deg","80769","µV","29.739","°C","1016.000","hPa","35.3","pmil","0","53.237","deg","23.954","°C","100.000","%a.s.","21.023","deg","23.635","°C","1019.000","hPa","0.861","-0.02617","0.00035","0","0","13.56","Humid","28.00","0","54.00","362189.91","SABD0000000001","AAV1.0.0.11","1.1.2.0","PSt7-10","170328-007","9/30/2017 19:06:43","0000-00","0","no battery","V"
"09/09/2020","10:21:08","2","default","115855972","OXY_CH2","55.561","min","182.167","µmol/L","Humid","20.891","deg","80756","µV","29.744","°C","1016.000","hPa","35.3","pmil","0","53.237","deg","23.954","°C","100.000","%a.s.","21.023","deg","23.635","°C","1019.000","hPa","0.861","-0.02617","0.00035","0","0","13.56","Humid","28.00","0","54.00","362165.61","SABD0000000001","AAV1.0.0.11","1.1.2.0","PSt7-10","170328-007","9/30/2017 19:06:43","0000-00","0","no battery","V"
"09/09/2020","10:21:09","2","default","115855972","OXY_CH2","55.578","min","182.176","µmol/L","Humid","20.893","deg","80758","µV","29.736","°C","1016.000","hPa","35.3","pmil","0","53.237","deg","23.954","°C","100.000","%a.s.","21.023","deg","23.635","°C","1019.000","hPa","0.861","-0.02617","0.00035","0","0","13.56","Humid","28.00","0","54.00","362169.13","SABD0000000001","AAV1.0.0.11","1.1.2.0","PSt7-10","170328-007","9/30/2017 19:06:43","0000-00","0","no battery","V"
"09/09/2020","10:21:10","2","default","115855972","OXY_CH2","55.594","min","182.205","µmol/L","Humid","20.891","deg","80751","µV","29.737","°C","1016.000","hPa","35.3","pmil","0","53.237","deg","23.954","°C","100.000","%a.s.","21.023","deg","23.635","°C","1019.000","hPa","0.861","-0.02617","0.00035","0","0","13.56","Humid","28.00","0","54.00","362170.19","SABD0000000001","AAV1.0.0.11","1.1.2.0","PSt7-10","170328-007","9/30/2017 19:06:43","0000-00","0","no battery","V"
"09/09/2020","10:21:11","2","default","115855972","OXY_CH2","55.610","min","182.167","µmol/L","Humid","20.894","deg","80756","µV","29.735","°C","1016.000","hPa","35.3","pmil","0","53.237","deg","23.954","°C","100.000","%a.s.","21.023","deg","23.635","°C","1019.000","hPa","0.861","-0.02617","0.00035","0","0","13.56","Humid","28.00","0","54.00","362163.71","SABD0000000001","AAV1.0.0.11","1.1.2.0","PSt7-10","170328-007","9/30/2017 19:06:43","0000-00","0","no battery","V"
"09/09/2020","10:21:12","2","default","115855972","OXY_CH2","55.627","min","182.171","µmol/L","Humid","20.896","deg","80752","µV","29.728","°C","1016.000","hPa","35.3","pmil","0","53.237","deg","23.954","°C","100.000","%a.s.","21.023","deg","23.635","°C","1019.000","hPa","0.861","-0.02617","0.00035","0","0","13.56","Humid","28.00","0","54.00","362153.31","SABD0000000001","AAV1.0.0.11","1.1.2.0","PSt7-10","170328-007","9/30/2017 19:06:43","0000-00","0","no battery","V"
"09/09/2020","10:21:13","2","default","115855972","OXY_CH2","55.644","min","182.151","µmol/L","Humid","20.897","deg","80744","µV","29.729","°C","1016.000","hPa","35.3","pmil","0","53.237","deg","23.954","°C","100.000","%a.s.","21.023","deg","23.635","°C","1019.000","hPa","0.861","-0.02617","0.00035","0","0","13.56","Humid","28.00","0","54.00","362155.63","SABD0000000001","AAV1.0.0.11","1.1.2.0","PSt7-10","170328-007","9/30/2017 19:06:43","0000-00","0","no battery","V"
"09/09/2020","10:21:14","2","default","115855972","OXY_CH2","55.660","min","182.081","µmol/L","Humid","20.902","deg","80741","µV","29.727","°C","1016.000","hPa","35.3","pmil","0","53.237","deg","23.954","°C","100.000","%a.s.","21.023","deg","23.635","°C","1019.000","hPa","0.861","-0.02617","0.00035","0","0","13.56","Humid","28.00","0","54.00","362144.95","SABD0000000001","AAV1.0.0.11","1.1.2.0","PSt7-10","170328-007","9/30/2017 19:06:43","0000-00","0","no battery","V"
"09/09/2020","10:21:15","2","default","115855972","OXY_CH2","55.677","min","182.118","µmol/L","Humid","20.898","deg","80746","µV","29.732","°C","1016.000","hPa","35.3","pmil","0","53.237","deg","23.954","°C","100.000","%a.s.","21.023","deg","23.635","°C","1019.000","hPa","0.861","-0.02617","0.00035","0","0","13.56","Humid","28.00","0","54.00","362151.84","SABD0000000001","AAV1.0.0.11","1.1.2.0","PSt7-10","170328-007","9/30/2017 19:06:43","0000-00","0","no battery","V"
"09/09/2020","10:21:16","2","default","115855972","OXY_CH2","55.694","min","182.032","µmol/L","Humid","20.894","deg","80738","µV","29.758","°C","1016.000","hPa","35.3","pmil","0","53.237","deg","23.954","°C","100.000","%a.s.","21.023","deg","23.635","°C","1019.000","hPa","0.861","-0.02617","0.00035","0","0","13.56","Humid","28.00","0","54.00","362135.16","SABD0000000001","AAV1.0.0.11","1.1.2.0","PSt7-10","170328-007","9/30/2017 19:06:43","0000-00","0","no battery","V"
"09/09/2020","10:21:17","2","default","115855972","OXY_CH2","55.711","min","182.046","µmol/L","Humid","20.898","deg","80745","µV","29.744","°C","1016.000","hPa","35.3","pmil","0","53.237","deg","23.954","°C","100.000","%a.s.","21.023","deg","23.635","°C","1019.000","hPa","0.861","-0.02617","0.00035","0","0","13.56","Humid","28.00","0","54.00","362134.86","SABD0000000001","AAV1.0.0.11","1.1.2.0","PSt7-10","170328-007","9/30/2017 19:06:43","0000-00","0","no battery","V"
"09/09/2020","10:21:18","2","default","115855972","OXY_CH2","55.727","min","182.022","µmol/L","Humid","20.900","deg","80739","µV","29.743","°C","1016.000","hPa","35.3","pmil","0","53.237","deg","23.954","°C","100.000","%a.s.","21.023","deg","23.635","°C","1019.000","hPa","0.861","-0.02617","0.00035","0","0","13.56","Humid","28.00","0","54.00","362139.58","SABD0000000001","AAV1.0.0.11","1.1.2.0","PSt7-10","170328-007","9/30/2017 19:06:43","0000-00","0","no battery","V"
"09/09/2020","10:21:19","2","default","115855972","OXY_CH2","55.744","min","182.004","µmol/L","Humid","20.899","deg","80728","µV","29.749","°C","1016.000","hPa","35.3","pmil","0","53.237","deg","23.954","°C","100.000","%a.s.","21.023","deg","23.635","°C","1019.000","hPa","0.861","-0.02617","0.00035","0","0","13.56","Humid","28.00","0","54.00","362127.53","SABD0000000001","AAV1.0.0.11","1.1.2.0","PSt7-10","170328-007","9/30/2017 19:06:43","0000-00","0","no battery","V"
"09/09/2020","10:21:20","2","default","115855972","OXY_CH2","55.761","min","182.140","µmol/L","Humid","20.895","deg","80731","µV","29.737","°C","1016.000","hPa","35.3","pmil","0","53.237","deg","23.954","°C","100.000","%a.s.","21.023","deg","23.635","°C","1019.000","hPa","0.861","-0.02617","0.00035","0","0","13.56","Humid","28.00","0","54.00","362133.63","SABD0000000001","AAV1.0.0.11","1.1.2.0","PSt7-10","170328-007","9/30/2017 19:06:43","0000-00","0","no battery","V"
"09/09/2020","10:21:21","2","default","115855972","OXY_CH2","55.777","min","182.144","µmol/L","Humid","20.892","deg","80729","µV","29.745","°C","1016.000","hPa","35.3","pmil","0","53.237","deg","23.954","°C","100.000","%a.s.","21.023","deg","23.635","°C","1019.000","hPa","0.861","-0.02617","0.00035","0","0","13.56","Humid","28.00","0","54.00","362128.92","SABD0000000001","AAV1.0.0.11","1.1.2.0","PSt7-10","170328-007","9/30/2017 19:06:43","0000-00","0","no battery","V"
"09/09/2020","10:21:22","2","default","115855972","OXY_CH2","55.794","min","182.117","µmol/L","Humid","20.893","deg","80726","µV","29.746","°C","1016.000","hPa","35.3","pmil","0","53.237","deg","23.954","°C","100.000","%a.s.","21.023","deg","23.635","°C","1019.000","hPa","0.861","-0.02617","0.00035","0","0","13.56","Humid","28.00","0","54.00","362126.25","SABD0000000001","AAV1.0.0.11","1.1.2.0","PSt7-10","170328-007","9/30/2017 19:06:43","0000-00","0","no battery","V"
"09/09/2020","10:21:23","2","default","115855972","OXY_CH2","55.811","min","182.164","µmol/L","Humid","20.894","deg","80726","µV","29.735","°C","1016.000","hPa","35.3","pmil","0","53.237","deg","23.954","°C","100.000","%a.s.","21.023","deg","23.635","°C","1019.000","hPa","0.861","-0.02617","0.00035","0","0","13.56","Humid","28.00","0","54.00","362122.48","SABD0000000001","AAV1.0.0.11","1.1.2.0","PSt7-10","170328-007","9/30/2017 19:06:43","0000-00","0","no battery","V"
"09/09/2020","10:21:24","2","default","115855972","OXY_CH2","55.827","min","182.042","µmol/L","Humid","20.899","deg","80720","µV","29.742","°C","1016.000","hPa","35.3","pmil","0","53.237","deg","23.954","°C","100.000","%a.s.","21.023","deg","23.635","°C","1019.000","hPa","0.861","-0.02617","0.00035","0","0","13.56","Humid","28.00","0","54.00","362124.95","SABD0000000001","AAV1.0.0.11","1.1.2.0","PSt7-10","170328-007","9/30/2017 19:06:43","0000-00","0","no battery","V"
"09/09/2020","10:21:25","2","default","115855972","OXY_CH2","55.844","min","182.149","µmol/L","Humid","20.893","deg","80721","µV","29.741","°C","1016.000","hPa","35.3","pmil","0","53.237","deg","23.954","°C","100.000","%a.s.","21.023","deg","23.635","°C","1019.000","hPa","0.861","-0.02617","0.00035","0","0","13.56","Humid","28.00","0","54.00","362134.88","SABD0000000001","AAV1.0.0.11","1.1.2.0","PSt7-10","170328-007","9/30/2017 19:06:43","0000-00","0","no battery","V"
"09/09/2020","10:21:26","2","default","115855972","OXY_CH2","55.861","min","182.083","µmol/L","Humid","20.897","deg","80723","µV","29.741","°C","1016.000","hPa","35.3","pmil","0","53.237","deg","23.954","°C","100.000","%a.s.","21.023","deg","23.635","°C","1019.000","hPa","0.861","-0.02617","0.00035","0","0","13.56","Humid","28.00","0","54.00","362124.55","SABD0000000001","AAV1.0.0.11","1.1.2.0","PSt7-10","170328-007","9/30/2017 19:06:43","0000-00","0","no battery","V"
"09/09/2020","10:21:27","2","default","115855972","OXY_CH2","55.877","min","182.156","µmol/L","Humid","20.895","deg","80722","µV","29.734","°C","1016.000","hPa","35.3","pmil","0","53.237","deg","23.954","°C","100.000","%a.s.","21.023","deg","23.635","°C","1019.000","hPa","0.861","-0.02617","0.00035","0","0","13.56","Humid","28.00","0","54.00","362125.90","SABD0000000001","AAV1.0.0.11","1.1.2.0","PSt7-10","170328-007","9/30/2017 19:06:43","0000-00","0","no battery","V"
"09/09/2020","10:21:28","2","default","115855972","OXY_CH2","55.894","min","182.161","µmol/L","Humid","20.894","deg","80714","µV","29.736","°C","1016.000","hPa","35.3","pmil","0","53.237","deg","23.954","°C","100.000","%a.s.","21.023","deg","23.635","°C","1019.000","hPa","0.861","-0.02617","0.00035","0","0","13.56","Humid","28.00","0","54.00","362103.74","SABD0000000001","AAV1.0.0.11","1.1.2.0","PSt7-10","170328-007","9/30/2017 19:06:43","0000-00","0","no battery","V"
"09/09/2020","10:21:29","2","default","115855972","OXY_CH2","55.911","min","182.177","µmol/L","Humid","20.893","deg","80723","µV","29.736","°C","1016.000","hPa","35.3","pmil","0","53.237","deg","23.954","°C","100.000","%a.s.","21.023","deg","23.635","°C","1019.000","hPa","0.861","-0.02617","0.00035","0","0","13.56","Humid","28.00","0","54.00","362121.30","SABD0000000001","AAV1.0.0.11","1.1.2.0","PSt7-10","170328-007","9/30/2017 19:06:43","0000-00","0","no battery","V"
"09/09/2020","10:21:30","2","default","115855972","OXY_CH2","55.927","min","182.197","µmol/L","Humid","20.894","deg","80719","µV","29.730","°C","1016.000","hPa","35.3","pmil","0","53.237","deg","23.954","°C","100.000","%a.s.","21.023","deg","23.635","°C","1019.000","hPa","0.861","-0.02617","0.00035","0","0","13.56","Humid","28.00","0","54.00","362104.91","SABD0000000001","AAV1.0.0.11","1.1.2.0","PSt7-10","170328-007","9/30/2017 19:06:43","0000-00","0","no battery","V"
"09/09/2020","10:21:31","2","default","115855972","OXY_CH2","55.944","min","182.201","µmol/L","Humid","20.895","deg","80715","µV","29.726","°C","1016.000","hPa","35.3","pmil","0","53.237","deg","23.954","°C","100.000","%a.s.","21.023","deg","23.635","°C","1019.000","hPa","0.861","-0.02617","0.00035","0","0","13.56","Humid","28.00","0","54.00","362097.13","SABD0000000001","AAV1.0.0.11","1.1.2.0","PSt7-10","170328-007","9/30/2017 19:06:43","0000-00","0","no battery","V"
"09/09/2020","10:21:32","2","default","115855972","OXY_CH2","55.961","min","182.117","µmol/L","Humid","20.899","deg","80714","µV","29.729","°C","1016.000","hPa","35.3","pmil","0","53.237","deg","23.954","°C","100.000","%a.s.","21.023","deg","23.635","°C","1019.000","hPa","0.861","-0.02617","0.00035","0","0","13.56","Humid","28.00","0","54.00","362109.79","SABD0000000001","AAV1.0.0.11","1.1.2.0","PSt7-10","170328-007","9/30/2017 19:06:43","0000-00","0","no battery","V"
"09/09/2020","10:21:33","2","default","115855972","OXY_CH2","55.977","min","182.078","µmol/L","Humid","20.897","deg","80710","µV","29.742","°C","1016.000","hPa","35.3","pmil","0","53.237","deg","23.954","°C","100.000","%a.s.","21.023","deg","23.635","°C","1019.000","hPa","0.861","-0.02617","0.00035","0","0","13.56","Humid","28.00","0","54.00","362100.66","SABD0000000001","AAV1.0.0.11","1.1.2.0","PSt7-10","170328-007","9/30/2017 19:06:43","0000-00","0","no battery","V"
"09/09/2020","10:21:34","2","default","115855972","OXY_CH2","55.994","min","182.031","µmol/L","Humid","20.893","deg","80711","µV","29.761","°C","1016.000","hPa","35.3","pmil","0","53.237","deg","23.954","°C","100.000","%a.s.","21.023","deg","23.635","°C","1019.000","hPa","0.861","-0.02617","0.00035","0","0","13.56","Humid","28.00","0","54.00","362095.78","SABD0000000001","AAV1.0.0.11","1.1.2.0","PSt7-10","170328-007","9/30/2017 19:06:43","0000-00","0","no battery","V"
"09/09/2020","10:21:35","2","default","115855972","OXY_CH2","56.011","min","182.097","µmol/L","Humid","20.894","deg","80702","µV","29.747","°C","1016.000","hPa","35.3","pmil","0","53.237","deg","23.954","°C","100.000","%a.s.","21.023","deg","23.635","°C","1019.000","hPa","0.861","-0.02617","0.00035","0","0","13.56","Humid","28.00","0","54.00","362082.69","SABD0000000001","AAV1.0.0.11","1.1.2.0","PSt7-10","170328-007","9/30/2017 19:06:43","0000-00","0","no battery","V"
"09/09/2020","10:21:36","2","default","115855972","OXY_CH2","56.028","min","182.045","µmol/L","Humid","20.896","deg","80706","µV","29.750","°C","1016.000","hPa","35.3","pmil","0","53.237","deg","23.954","°C","100.000","%a.s.","21.023","deg","23.635","°C","1019.000","hPa","0.861","-0.02617","0.00035","0","0","13.56","Humid","28.00","0","54.00","362086.47","SABD0000000001","AAV1.0.0.11","1.1.2.0","PSt7-10","170328-007","9/30/2017 19:06:43","0000-00","0","no battery","V"
"09/09/2020","10:21:37","2","default","115855972","OXY_CH2","56.044","min","182.067","µmol/L","Humid","20.896","deg","80699","µV","29.747","°C","1016.000","hPa","35.3","pmil","0","53.237","deg","23.954","°C","100.000","%a.s.","21.023","deg","23.635","°C","1019.000","hPa","0.861","-0.02617","0.00035","0","0","13.56","Humid","28.00","0","54.00","362103.69","SABD0000000001","AAV1.0.0.11","1.1.2.0","PSt7-10","170328-007","9/30/2017 19:06:43","0000-00","0","no battery","V"
"09/09/2020","10:21:38","2","default","115855972","OXY_CH2","56.061","min","182.152","µmol/L","Humid","20.890","deg","80698","µV","29.749","°C","1016.000","hPa","35.3","pmil","0","53.237","deg","23.954","°C","100.000","%a.s.","21.023","deg","23.635","°C","1019.000","hPa","0.861","-0.02617","0.00035","0","0","13.56","Humid","28.00","0","54.00","362101.72","SABD0000000001","AAV1.0.0.11","1.1.2.0","PSt7-10","170328-007","9/30/2017 19:06:43","0000-00","0","no battery","V"
"09/09/2020","10:21:39","2","default","115855972","OXY_CH2","56.077","min","182.197","µmol/L","Humid","20.891","deg","80705","µV","29.738","°C","1016.000","hPa","35.3","pmil","0","53.237","deg","23.954","°C","100.000","%a.s.","21.023","deg","23.635","°C","1019.000","hPa","0.861","-0.02617","0.00035","0","0","13.56","Humid","28.00","0","54.00","362097.07","SABD0000000001","AAV1.0.0.11","1.1.2.0","PSt7-10","170328-007","9/30/2017 19:06:43","0000-00","0","no battery","V"
"09/09/2020","10:21:40","2","default","115855972","OXY_CH2","56.094","min","182.134","µmol/L","Humid","20.890","deg","80699","µV","29.752","°C","1016.000","hPa","35.3","pmil","0","53.237","deg","23.954","°C","100.000","%a.s.","21.023","deg","23.635","°C","1019.000","hPa","0.861","-0.02617","0.00035","0","0","13.56","Humid","28.00","0","54.00","362086.14","SABD0000000001","AAV1.0.0.11","1.1.2.0","PSt7-10","170328-007","9/30/2017 19:06:43","0000-00","0","no battery","V"
"09/09/2020","10:21:41","2","default","115855972","OXY_CH2","56.110","min","182.075","µmol/L","Humid","20.896","deg","80698","µV","29.745","°C","1016.000","hPa","35.3","pmil","0","53.237","deg","23.954","°C","100.000","%a.s.","21.023","deg","23.635","°C","1019.000","hPa","0.861","-0.02617","0.00035","0","0","13.56","Humid","28.00","0","54.00","362076.35","SABD0000000001","AAV1.0.0.11","1.1.2.0","PSt7-10","170328-007","9/30/2017 19:06:43","0000-00","0","no battery","V"
"09/09/2020","10:21:42","2","default","115855972","OXY_CH2","56.127","min","182.232","µmol/L","Humid","20.888","deg","80700","µV","29.741","°C","1016.000","hPa","35.3","pmil","0","53.237","deg","23.954","°C","100.000","%a.s.","21.023","deg","23.635","°C","1019.000","hPa","0.861","-0.02617","0.00035","0","0","13.56","Humid","28.00","0","54.00","362090.63","SABD0000000001","AAV1.0.0.11","1.1.2.0","PSt7-10","170328-007","9/30/2017 19:06:43","0000-00","0","no battery","V"
"09/09/2020","10:21:43","2","default","115855972","OXY_CH2","56.144","min","182.085","µmol/L","Humid","20.895","deg","80699","µV","29.746","°C","1016.000","hPa","35.3","pmil","0","53.237","deg","23.954","°C","100.000","%a.s.","21.023","deg","23.635","°C","1019.000","hPa","0.861","-0.02617","0.00035","0","0","13.56","Humid","28.00","0","54.00","362091.17","SABD0000000001","AAV1.0.0.11","1.1.2.0","PSt7-10","170328-007","9/30/2017 19:06:43","0000-00","0","no battery","V"
"09/09/2020","10:21:44","2","default","115855972","OXY_CH2","56.160","min","182.061","µmol/L","Humid","20.895","deg","80693","µV","29.750","°C","1016.000","hPa","35.3","pmil","0","53.237","deg","23.954","°C","100.000","%a.s.","21.023","deg","23.635","°C","1019.000","hPa","0.861","-0.02617","0.00035","0","0","13.56","Humid","28.00","0","54.00","362073.28","SABD0000000001","AAV1.0.0.11","1.1.2.0","PSt7-10","170328-007","9/30/2017 19:06:43","0000-00","0","no battery","V"
"09/09/2020","10:21:45","2","default","115855972","OXY_CH2","56.177","min","182.109","µmol/L","Humid","20.894","deg","80696","µV","29.745","°C","1016.000","hPa","35.3","pmil","0","53.237","deg","23.954","°C","100.000","%a.s.","21.023","deg","23.635","°C","1019.000","hPa","0.861","-0.02617","0.00035","0","0","13.56","Humid","28.00","0","54.00","362080.54","SABD0000000001","AAV1.0.0.11","1.1.2.0","PSt7-10","170328-007","9/30/2017 19:06:43","0000-00","0","no battery","V"
"09/09/2020","10:21:46","2","default","115855972","OXY_CH2","56.194","min","182.127","µmol/L","Humid","20.896","deg","80695","µV","29.736","°C","1016.000","hPa","35.3","pmil","0","53.237","deg","23.954","°C","100.000","%a.s.","21.023","deg","23.635","°C","1019.000","hPa","0.861","-0.02617","0.00035","0","0","13.56","Humid","28.00","0","54.00","362077.18","SABD0000000001","AAV1.0.0.11","1.1.2.0","PSt7-10","170328-007","9/30/2017 19:06:43","0000-00","0","no battery","V"
"09/09/2020","10:21:47","2","default","115855972","OXY_CH2","56.210","min","182.233","µmol/L","Humid","20.887","deg","80683","µV","29.743","°C","1016.000","hPa","35.3","pmil","0","53.237","deg","23.954","°C","100.000","%a.s.","21.023","deg","23.635","°C","1019.000","hPa","0.861","-0.02617","0.00035","0","0","13.56","Humid","28.00","0","54.00","362076.65","SABD0000000001","AAV1.0.0.11","1.1.2.0","PSt7-10","170328-007","9/30/2017 19:06:43","0000-00","0","no battery","V"
"09/09/2020","10:21:48","2","default","115855972","OXY_CH2","56.227","min","182.115","µmol/L","Humid","20.893","deg","80690","µV","29.747","°C","1016.000","hPa","35.3","pmil","0","53.237","deg","23.954","°C","100.000","%a.s.","21.023","deg","23.635","°C","1019.000","hPa","0.861","-0.02617","0.00035","0","0","13.56","Humid","28.00","0","54.00","362059.21","SABD0000000001","AAV1.0.0.11","1.1.2.0","PSt7-10","170328-007","9/30/2017 19:06:43","0000-00","0","no battery","V"
"09/09/2020","10:21:49","2","default","115855972","OXY_CH2","56.244","min","182.187","µmol/L","Humid","20.889","deg","80686","µV","29.746","°C","1016.000","hPa","35.3","pmil","0","53.237","deg","23.954","°C","100.000","%a.s.","21.023","deg","23.635","°C","1019.000","hPa","0.861","-0.02617","0.00035","0","0","13.56","Humid","28.00","0","54.00","362068.48","SABD0000000001","AAV1.0.0.11","1.1.2.0","PSt7-10","170328-007","9/30/2017 19:06:43","0000-00","0","no battery","V"
"09/09/2020","10:21:50","2","default","115855972","OXY_CH2","56.260","min","182.158","µmol/L","Humid","20.894","deg","80684","µV","29.736","°C","1016.000","hPa","35.3","pmil","0","53.237","deg","23.954","°C","100.000","%a.s.","21.023","deg","23.635","°C","1019.000","hPa","0.861","-0.02617","0.00035","0","0","13.56","Humid","28.00","0","54.00","362055.40","SABD0000000001","AAV1.0.0.11","1.1.2.0","PSt7-10","170328-007","9/30/2017 19:06:43","0000-00","0","no battery","V"
"09/09/2020","10:21:51","2","default","115855972","OXY_CH2","56.277","min","182.145","µmol/L","Humid","20.892","deg","80688","µV","29.744","°C","1016.000","hPa","35.3","pmil","0","53.237","deg","23.954","°C","100.000","%a.s.","21.023","deg","23.635","°C","1019.000","hPa","0.861","-0.02617","0.00035","0","0","13.56","Humid","28.00","0","54.00","362073.60","SABD0000000001","AAV1.0.0.11","1.1.2.0","PSt7-10","170328-007","9/30/2017 19:06:43","0000-00","0","no battery","V"
"09/09/2020","10:21:52","2","default","115855972","OXY_CH2","56.294","min","182.126","µmol/L","Humid","20.894","deg","80677","µV","29.742","°C","1016.000","hPa","35.3","pmil","0","53.237","deg","23.954","°C","100.000","%a.s.","21.023","deg","23.635","°C","1019.000","hPa","0.861","-0.02617","0.00035","0","0","13.56","Humid","28.00","0","54.00","362044.84","SABD0000000001","AAV1.0.0.11","1.1.2.0","PSt7-10","170328-007","9/30/2017 19:06:43","0000-00","0","no battery","V"
"09/09/2020","10:21:53","2","default","115855972","OXY_CH2","56.311","min","182.235","µmol/L","Humid","20.887","deg","80683","µV","29.743","°C","1016.000","hPa","35.3","pmil","0","53.237","deg","23.954","°C","100.000","%a.s.","21.023","deg","23.635","°C","1019.000","hPa","0.861","-0.02617","0.00035","0","0","13.56","Humid","28.00","0","54.00","362053.36","SABD0000000001","AAV1.0.0.11","1.1.2.0","PSt7-10","170328-007","9/30/2017 19:06:43","0000-00","0","no battery","V"
"09/09/2020","10:21:54","2","default","115855972","OXY_CH2","56.327","min","182.124","µmol/L","Humid","20.890","deg","80677","µV","29.754","°C","1016.000","hPa","35.3","pmil","0","53.237","deg","23.954","°C","100.000","%a.s.","21.023","deg","23.635","°C","1019.000","hPa","0.861","-0.02617","0.00035","0","0","13.56","Humid","28.00","0","54.00","362043.49","SABD0000000001","AAV1.0.0.11","1.1.2.0","PSt7-10","170328-007","9/30/2017 19:06:43","0000-00","0","no battery","V"
"09/09/2020","10:21:55","2","default","115855972","OXY_CH2","56.344","min","182.120","µmol/L","Humid","20.891","deg","80669","µV","29.752","°C","1016.000","hPa","35.3","pmil","0","53.237","deg","23.954","°C","100.000","%a.s.","21.023","deg","23.635","°C","1019.000","hPa","0.861","-0.02617","0.00035","0","0","13.56","Humid","28.00","0","54.00","362041.92","SABD0000000001","AAV1.0.0.11","1.1.2.0","PSt7-10","170328-007","9/30/2017 19:06:43","0000-00","0","no battery","V"
"09/09/2020","10:21:56","2","default","115855972","OXY_CH2","56.361","min","182.193","µmol/L","Humid","20.886","deg","80672","µV","29.753","°C","1016.000","hPa","35.3","pmil","0","53.237","deg","23.954","°C","100.000","%a.s.","21.023","deg","23.635","°C","1019.000","hPa","0.861","-0.02617","0.00035","0","0","13.56","Humid","28.00","0","54.00","362050.89","SABD0000000001","AAV1.0.0.11","1.1.2.0","PSt7-10","170328-007","9/30/2017 19:06:43","0000-00","0","no battery","V"
"09/09/2020","10:21:57","2","default","115855972","OXY_CH2","56.377","min","182.121","µmol/L","Humid","20.890","deg","80670","µV","29.754","°C","1016.000","hPa","35.3","pmil","0","53.237","deg","23.954","°C","100.000","%a.s.","21.023","deg","23.635","°C","1019.000","hPa","0.861","-0.02617","0.00035","0","0","13.56","Humid","28.00","0","54.00","362038.10","SABD0000000001","AAV1.0.0.11","1.1.2.0","PSt7-10","170328-007","9/30/2017 19:06:43","0000-00","0","no battery","V"
"09/09/2020","10:21:58","2","default","115855972","OXY_CH2","56.394","min","181.962","µmol/L","Humid","20.897","deg","80668","µV","29.762","°C","1016.000","hPa","35.3","pmil","0","53.237","deg","23.954","°C","100.000","%a.s.","21.023","deg","23.635","°C","1019.000","hPa","0.861","-0.02617","0.00035","0","0","13.56","Humid","28.00","0","54.00","362046.77","SABD0000000001","AAV1.0.0.11","1.1.2.0","PSt7-10","170328-007","9/30/2017 19:06:43","0000-00","0","no battery","V"
"09/09/2020","10:21:59","2","default","115855972","OXY_CH2","56.411","min","182.143","µmol/L","Humid","20.890","deg","80669","µV","29.751","°C","1016.000","hPa","35.3","pmil","0","53.237","deg","23.954","°C","100.000","%a.s.","21.023","deg","23.635","°C","1019.000","hPa","0.861","-0.02617","0.00035","0","0","13.56","Humid","28.00","0","54.00","362048.49","SABD0000000001","AAV1.0.0.11","1.1.2.0","PSt7-10","170328-007","9/30/2017 19:06:43","0000-00","0","no battery","V"
"09/09/2020","10:22:00","2","default","115855972","OXY_CH2","56.427","min","182.138","µmol/L","Humid","20.890","deg","80667","µV","29.751","°C","1016.000","hPa","35.3","pmil","0","53.237","deg","23.954","°C","100.000","%a.s.","21.023","deg","23.635","°C","1019.000","hPa","0.861","-0.02617","0.00035","0","0","13.56","Humid","28.00","0","54.00","362027.15","SABD0000000001","AAV1.0.0.11","1.1.2.0","PSt7-10","170328-007","9/30/2017 19:06:43","0000-00","0","no battery","V"
"09/09/2020","10:22:01","2","default","115855972","OXY_CH2","56.444","min","182.199","µmol/L","Humid","20.890","deg","80675","µV","29.741","°C","1016.000","hPa","35.3","pmil","0","53.237","deg","23.954","°C","100.000","%a.s.","21.023","deg","23.635","°C","1019.000","hPa","0.861","-0.02617","0.00035","0","0","13.56","Humid","28.00","0","54.00","362029.72","SABD0000000001","AAV1.0.0.11","1.1.2.0","PSt7-10","170328-007","9/30/2017 19:06:43","0000-00","0","no battery","V"
"09/09/2020","10:22:02","2","default","115855972","OXY_CH2","56.460","min","182.217","µmol/L","Humid","20.889","deg","80660","µV","29.741","°C","1016.000","hPa","35.3","pmil","0","53.237","deg","23.954","°C","100.000","%a.s.","21.023","deg","23.635","°C","1019.000","hPa","0.861","-0.02617","0.00035","0","0","13.56","Humid","28.00","0","54.00","362024.48","SABD0000000001","AAV1.0.0.11","1.1.2.0","PSt7-10","170328-007","9/30/2017 19:06:43","0000-00","0","no battery","V"
"09/09/2020","10:22:03","2","default","115855972","OXY_CH2","56.477","min","182.235","µmol/L","Humid","20.884","deg","80673","µV","29.752","°C","1016.000","hPa","35.3","pmil","0","53.237","deg","23.954","°C","100.000","%a.s.","21.023","deg","23.635","°C","1019.000","hPa","0.861","-0.02617","0.00035","0","0","13.56","Humid","28.00","0","54.00","362032.03","SABD0000000001","AAV1.0.0.11","1.1.2.0","PSt7-10","170328-007","9/30/2017 19:06:43","0000-00","0","no battery","V"
"09/09/2020","10:22:04","2","default","115855972","OXY_CH2","56.494","min","182.099","µmol/L","Humid","20.890","deg","80664","µV","29.758","°C","1016.000","hPa","35.3","pmil","0","53.237","deg","23.954","°C","100.000","%a.s.","21.023","deg","23.635","°C","1019.000","hPa","0.861","-0.02617","0.00035","0","0","13.56","Humid","28.00","0","54.00","362023.16","SABD0000000001","AAV1.0.0.11","1.1.2.0","PSt7-10","170328-007","9/30/2017 19:06:43","0000-00","0","no battery","V"
"09/09/2020","10:22:05","2","default","115855972","OXY_CH2","56.510","min","182.211","µmol/L","Humid","20.887","deg","80663","µV","29.747","°C","1016.000","hPa","35.3","pmil","0","53.237","deg","23.954","°C","100.000","%a.s.","21.023","deg","23.635","°C","1019.000","hPa","0.861","-0.02617","0.00035","0","0","13.56","Humid","28.00","0","54.00","362020.03","SABD0000000001","AAV1.0.0.11","1.1.2.0","PSt7-10","170328-007","9/30/2017 19:06:43","0000-00","0","no battery","V"
"09/09/2020","10:22:06","2","default","115855972","OXY_CH2","56.528","min","182.165","µmol/L","Humid","20.888","deg","80659","µV","29.752","°C","1016.000","hPa","35.3","pmil","0","53.237","deg","23.954","°C","100.000","%a.s.","21.023","deg","23.635","°C","1019.000","hPa","0.861","-0.02617","0.00035","0","0","13.56","Humid","28.00","0","54.00","362019.42","SABD0000000001","AAV1.0.0.11","1.1.2.0","PSt7-10","170328-007","9/30/2017 19:06:43","0000-00","0","no battery","V"
"09/09/2020","10:22:07","2","default","115855972","OXY_CH2","56.544","min","182.246","µmol/L","Humid","20.887","deg","80660","µV","29.741","°C","1016.000","hPa","35.3","pmil","0","53.237","deg","23.954","°C","100.000","%a.s.","21.023","deg","23.635","°C","1019.000","hPa","0.861","-0.02617","0.00035","0","0","13.56","Humid","28.00","0","54.00","362013.55","SABD0000000001","AAV1.0.0.11","1.1.2.0","PSt7-10","170328-007","9/30/2017 19:06:43","0000-00","0","no battery","V"
"09/09/2020","10:22:08","2","default","115855972","OXY_CH2","56.561","min","182.082","µmol/L","Humid","20.895","deg","80654","µV","29.747","°C","1016.000","hPa","35.3","pmil","0","53.237","deg","23.954","°C","100.000","%a.s.","21.023","deg","23.635","°C","1019.000","hPa","0.861","-0.02617","0.00035","0","0","13.56","Humid","28.00","0","54.00","362014.88","SABD0000000001","AAV1.0.0.11","1.1.2.0","PSt7-10","170328-007","9/30/2017 19:06:43","0000-00","0","no battery","V"
"09/09/2020","10:22:09","2","default","115855972","OXY_CH2","56.577","min","182.126","µmol/L","Humid","20.890","deg","80660","µV","29.753","°C","1016.000","hPa","35.3","pmil","0","53.237","deg","23.954","°C","100.000","%a.s.","21.023","deg","23.635","°C","1019.000","hPa","0.861","-0.02617","0.00035","0","0","13.56","Humid","28.00","0","54.00","362024.46","SABD0000000001","AAV1.0.0.11","1.1.2.0","PSt7-10","170328-007","9/30/2017 19:06:43","0000-00","0","no battery","V"
"09/09/2020","10:22:10","2","default","115855972","OXY_CH2","56.594","min","182.175","µmol/L","Humid","20.889","deg","80653","µV","29.748","°C","1016.000","hPa","35.3","pmil","0","53.237","deg","23.954","°C","100.000","%a.s.","21.023","deg","23.635","°C","1019.000","hPa","0.861","-0.02617","0.00035","0","0","13.56","Humid","28.00","0","54.00","362024.10","SABD0000000001","AAV1.0.0.11","1.1.2.0","PSt7-10","170328-007","9/30/2017 19:06:43","0000-00","0","no battery","V"
"09/09/2020","10:22:11","2","default","115855972","OXY_CH2","56.611","min","182.200","µmol/L","Humid","20.887","deg","80661","µV","29.749","°C","1016.000","hPa","35.3","pmil","0","53.237","deg","23.954","°C","100.000","%a.s.","21.023","deg","23.635","°C","1019.000","hPa","0.861","-0.02617","0.00035","0","0","13.56","Humid","28.00","0","54.00","362022.98","SABD0000000001","AAV1.0.0.11","1.1.2.0","PSt7-10","170328-007","9/30/2017 19:06:43","0000-00","0","no battery","V"
"09/09/2020","10:22:12","2","default","115855972","OXY_CH2","56.627","min","182.141","µmol/L","Humid","20.886","deg","80650","µV","29.763","°C","1016.000","hPa","35.3","pmil","0","53.237","deg","23.954","°C","100.000","%a.s.","21.023","deg","23.635","°C","1019.000","hPa","0.861","-0.02617","0.00035","0","0","13.56","Humid","28.00","0","54.00","362024.27","SABD0000000001","AAV1.0.0.11","1.1.2.0","PSt7-10","170328-007","9/30/2017 19:06:43","0000-00","0","no battery","V"
"09/09/2020","10:22:13","2","default","115855972","OXY_CH2","56.644","min","182.096","µmol/L","Humid","20.887","deg","80649","µV","29.767","°C","1016.000","hPa","35.3","pmil","0","53.237","deg","23.954","°C","100.000","%a.s.","21.023","deg","23.635","°C","1019.000","hPa","0.861","-0.02617","0.00035","0","0","13.56","Humid","28.00","0","54.00","362023.46","SABD0000000001","AAV1.0.0.11","1.1.2.0","PSt7-10","170328-007","9/30/2017 19:06:43","0000-00","0","no battery","V"
"09/09/2020","10:22:14","2","default","115855972","OXY_CH2","56.661","min","182.108","µmol/L","Humid","20.891","deg","80654","µV","29.754","°C","1016.000","hPa","35.3","pmil","0","53.237","deg","23.954","°C","100.000","%a.s.","21.023","deg","23.635","°C","1019.000","hPa","0.861","-0.02617","0.00035","0","0","13.56","Humid","28.00","0","54.00","362011.94","SABD0000000001","AAV1.0.0.11","1.1.2.0","PSt7-10","170328-007","9/30/2017 19:06:43","0000-00","0","no battery","V"
"09/09/2020","10:22:15","2","default","115855972","OXY_CH2","56.678","min","182.200","µmol/L","Humid","20.887","deg","80646","µV","29.749","°C","1016.000","hPa","35.3","pmil","0","53.237","deg","23.954","°C","100.000","%a.s.","21.023","deg","23.635","°C","1019.000","hPa","0.861","-0.02617","0.00035","0","0","13.56","Humid","28.00","0","54.00","362011.98","SABD0000000001","AAV1.0.0.11","1.1.2.0","PSt7-10","170328-007","9/30/2017 19:06:43","0000-00","0","no battery","V"
"09/09/2020","10:22:16","2","default","115855972","OXY_CH2","56.694","min","182.145","µmol/L","Humid","20.885","deg","80645","µV","29.765","°C","1016.000","hPa","35.3","pmil","0","53.237","deg","23.954","°C","100.000","%a.s.","21.023","deg","23.635","°C","1019.000","hPa","0.861","-0.02617","0.00035","0","0","13.56","Humid","28.00","0","54.00","362000.12","SABD0000000001","AAV1.0.0.11","1.1.2.0","PSt7-10","170328-007","9/30/2017 19:06:43","0000-00","0","no battery","V"
"09/09/2020","10:22:17","2","default","115855972","OXY_CH2","56.711","min","182.216","µmol/L","Humid","20.883","deg","80637","µV","29.758","°C","1016.000","hPa","35.3","pmil","0","53.237","deg","23.954","°C","100.000","%a.s.","21.023","deg","23.635","°C","1019.000","hPa","0.861","-0.02617","0.00035","0","0","13.56","Humid","28.00","0","54.00","362004.16","SABD0000000001","AAV1.0.0.11","1.1.2.0","PSt7-10","170328-007","9/30/2017 19:06:43","0000-00","0","no battery","V"
"09/09/2020","10:22:18","2","default","115855972","OXY_CH2","56.727","min","182.189","µmol/L","Humid","20.885","deg","80638","µV","29.757","°C","1016.000","hPa","35.3","pmil","0","53.237","deg","23.954","°C","100.000","%a.s.","21.023","deg","23.635","°C","1019.000","hPa","0.861","-0.02617","0.00035","0","0","13.56","Humid","28.00","0","54.00","361996.58","SABD0000000001","AAV1.0.0.11","1.1.2.0","PSt7-10","170328-007","9/30/2017 19:06:43","0000-00","0","no battery","V"
"09/09/2020","10:22:19","2","default","115855972","OXY_CH2","56.744","min","182.163","µmol/L","Humid","20.883","deg","80637","µV","29.767","°C","1016.000","hPa","35.3","pmil","0","53.237","deg","23.954","°C","100.000","%a.s.","21.023","deg","23.635","°C","1019.000","hPa","0.861","-0.02617","0.00035","0","0","13.56","Humid","28.00","0","54.00","362002.58","SABD0000000001","AAV1.0.0.11","1.1.2.0","PSt7-10","170328-007","9/30/2017 19:06:43","0000-00","0","no battery","V"
"09/09/2020","10:22:20","2","default","115855972","OXY_CH2","56.761","min","182.167","µmol/L","Humid","20.887","deg","80648","µV","29.755","°C","1016.000","hPa","35.3","pmil","0","53.237","deg","23.954","°C","100.000","%a.s.","21.023","deg","23.635","°C","1019.000","hPa","0.861","-0.02617","0.00035","0","0","13.56","Humid","28.00","0","54.00","362005.00","SABD0000000001","AAV1.0.0.11","1.1.2.0","PSt7-10","170328-007","9/30/2017 19:06:43","0000-00","0","no battery","V"
"09/09/2020","10:22:21","2","default","115855972","OXY_CH2","56.777","min","182.246","µmol/L","Humid","20.881","deg","80644","µV","29.759","°C","1016.000","hPa","35.3","pmil","0","53.237","deg","23.954","°C","100.000","%a.s.","21.023","deg","23.635","°C","1019.000","hPa","0.861","-0.02617","0.00035","0","0","13.56","Humid","28.00","0","54.00","362002.06","SABD0000000001","AAV1.0.0.11","1.1.2.0","PSt7-10","170328-007","9/30/2017 19:06:43","0000-00","0","no battery","V"
"09/09/2020","10:22:22","2","default","115855972","OXY_CH2","56.794","min","182.192","µmol/L","Humid","20.885","deg","80641","µV","29.756","°C","1016.000","hPa","35.3","pmil","0","53.237","deg","23.954","°C","100.000","%a.s.","21.023","deg","23.635","°C","1019.000","hPa","0.861","-0.02617","0.00035","0","0","13.56","Humid","28.00","0","54.00","361994.41","SABD0000000001","AAV1.0.0.11","1.1.2.0","PSt7-10","170328-007","9/30/2017 19:06:43","0000-00","0","no battery","V"
"09/09/2020","10:22:23","2","default","115855972","OXY_CH2","56.811","min","182.117","µmol/L","Humid","20.890","deg","80641","µV","29.755","°C","1016.000","hPa","35.3","pmil","0","53.237","deg","23.954","°C","100.000","%a.s.","21.023","deg","23.635","°C","1019.000","hPa","0.861","-0.02617","0.00035","0","0","13.56","Humid","28.00","0","54.00","361999.99","SABD0000000001","AAV1.0.0.11","1.1.2.0","PSt7-10","170328-007","9/30/2017 19:06:43","0000-00","0","no battery","V"
"09/09/2020","10:22:24","2","default","115855972","OXY_CH2","56.828","min","182.155","µmol/L","Humid","20.889","deg","80642","µV","29.751","°C","1016.000","hPa","35.3","pmil","0","53.237","deg","23.954","°C","100.000","%a.s.","21.023","deg","23.635","°C","1019.000","hPa","0.861","-0.02617","0.00035","0","0","13.56","Humid","28.00","0","54.00","362001.82","SABD0000000001","AAV1.0.0.11","1.1.2.0","PSt7-10","170328-007","9/30/2017 19:06:43","0000-00","0","no battery","V"
"09/09/2020","10:22:25","2","default","115855972","OXY_CH2","56.844","min","182.073","µmol/L","Humid","20.889","deg","80634","µV","29.766","°C","1016.000","hPa","35.3","pmil","0","53.237","deg","23.954","°C","100.000","%a.s.","21.023","deg","23.635","°C","1019.000","hPa","0.861","-0.02617","0.00035","0","0","13.56","Humid","28.00","0","54.00","361983.54","SABD0000000001","AAV1.0.0.11","1.1.2.0","PSt7-10","170328-007","9/30/2017 19:06:43","0000-00","0","no battery","V"
"09/09/2020","10:22:26","2","default","115855972","OXY_CH2","56.861","min","182.149","µmol/L","Humid","20.886","deg","80637","µV","29.761","°C","1016.000","hPa","35.3","pmil","0","53.237","deg","23.954","°C","100.000","%a.s.","21.023","deg","23.635","°C","1019.000","hPa","0.861","-0.02617","0.00035","0","0","13.56","Humid","28.00","0","54.00","361988.69","SABD0000000001","AAV1.0.0.11","1.1.2.0","PSt7-10","170328-007","9/30/2017 19:06:43","0000-00","0","no battery","V"
"09/09/2020","10:22:27","2","default","115855972","OXY_CH2","56.878","min","182.193","µmol/L","Humid","20.886","deg","80630","µV","29.753","°C","1016.000","hPa","35.3","pmil","0","53.237","deg","23.954","°C","100.000","%a.s.","21.023","deg","23.635","°C","1019.000","hPa","0.861","-0.02617","0.00035","0","0","13.56","Humid","28.00","0","54.00","361985.54","SABD0000000001","AAV1.0.0.11","1.1.2.0","PSt7-10","170328-007","9/30/2017 19:06:43","0000-00","0","no battery","V"
"09/09/2020","10:22:28","2","default","115855972","OXY_CH2","56.894","min","182.232","µmol/L","Humid","20.886","deg","80627","µV","29.747","°C","1016.000","hPa","35.3","pmil","0","53.237","deg","23.954","°C","100.000","%a.s.","21.023","deg","23.635","°C","1019.000","hPa","0.861","-0.02617","0.00035","0","0","13.56","Humid","28.00","0","54.00","361988.53","SABD0000000001","AAV1.0.0.11","1.1.2.0","PSt7-10","170328-007","9/30/2017 19:06:43","0000-00","0","no battery","V"
"09/09/2020","10:22:29","2","default","115855972","OXY_CH2","56.911","min","182.278","µmol/L","Humid","20.882","deg","80625","µV","29.750","°C","1016.000","hPa","35.3","pmil","0","53.237","deg","23.954","°C","100.000","%a.s.","21.023","deg","23.635","°C","1019.000","hPa","0.861","-0.02617","0.00035","0","0","13.56","Humid","28.00","0","54.00","361978.43","SABD0000000001","AAV1.0.0.11","1.1.2.0","PSt7-10","170328-007","9/30/2017 19:06:43","0000-00","0","no battery","V"
"09/09/2020","10:22:30","2","default","115855972","OXY_CH2","56.928","min","182.194","µmol/L","Humid","20.885","deg","80622","µV","29.756","°C","1016.000","hPa","35.3","pmil","0","53.237","deg","23.954","°C","100.000","%a.s.","21.023","deg","23.635","°C","1019.000","hPa","0.861","-0.02617","0.00035","0","0","13.56","Humid","28.00","0","54.00","361978.43","SABD0000000001","AAV1.0.0.11","1.1.2.0","PSt7-10","170328-007","9/30/2017 19:06:43","0000-00","0","no battery","V"
"09/09/2020","10:22:31","2","default","115855972","OXY_CH2","56.944","min","182.041","µmol/L","Humid","20.887","deg","80619","µV","29.777","°C","1016.000","hPa","35.3","pmil","0","53.237","deg","23.954","°C","100.000","%a.s.","21.023","deg","23.635","°C","1019.000","hPa","0.861","-0.02617","0.00035","0","0","13.56","Humid","28.00","0","54.00","361974.87","SABD0000000001","AAV1.0.0.11","1.1.2.0","PSt7-10","170328-007","9/30/2017 19:06:43","0000-00","0","no battery","V"
"09/09/2020","10:22:32","2","default","115855972","OXY_CH2","56.961","min","182.087","µmol/L","Humid","20.883","deg","80628","µV","29.781","°C","1016.000","hPa","35.3","pmil","0","53.237","deg","23.954","°C","100.000","%a.s.","21.023","deg","23.635","°C","1019.000","hPa","0.861","-0.02617","0.00035","0","0","13.56","Humid","28.00","0","54.00","361977.97","SABD0000000001","AAV1.0.0.11","1.1.2.0","PSt7-10","170328-007","9/30/2017 19:06:43","0000-00","0","no battery","V"
"09/09/2020","10:22:33","2","default","115855972","OXY_CH2","56.977","min","182.138","µmol/L","Humid","20.886","deg","80626","µV","29.763","°C","1016.000","hPa","35.3","pmil","0","53.237","deg","23.954","°C","100.000","%a.s.","21.023","deg","23.635","°C","1019.000","hPa","0.861","-0.02617","0.00035","0","0","13.56","Humid","28.00","0","54.00","361971.84","SABD0000000001","AAV1.0.0.11","1.1.2.0","PSt7-10","170328-007","9/30/2017 19:06:43","0000-00","0","no battery","V"
"09/09/2020","10:22:34","2","default","115855972","OXY_CH2","56.994","min","182.177","µmol/L","Humid","20.885","deg","80630","µV","29.759","°C","1016.000","hPa","35.3","pmil","0","53.237","deg","23.954","°C","100.000","%a.s.","21.023","deg","23.635","°C","1019.000","hPa","0.861","-0.02617","0.00035","0","0","13.56","Humid","28.00","0","54.00","361974.27","SABD0000000001","AAV1.0.0.11","1.1.2.0","PSt7-10","170328-007","9/30/2017 19:06:43","0000-00","0","no battery","V"
"09/09/2020","10:22:35","2","default","115855972","OXY_CH2","57.011","min","182.215","µmol/L","Humid","20.879","deg","80626","µV","29.770","°C","1016.000","hPa","35.3","pmil","0","53.237","deg","23.954","°C","100.000","%a.s.","21.023","deg","23.635","°C","1019.000","hPa","0.861","-0.02617","0.00035","0","0","13.56","Humid","28.00","0","54.00","361968.04","SABD0000000001","AAV1.0.0.11","1.1.2.0","PSt7-10","170328-007","9/30/2017 19:06:43","0000-00","0","no battery","V"
"09/09/2020","10:22:36","2","default","115855972","OXY_CH2","57.027","min","182.167","µmol/L","Humid","20.886","deg","80624","µV","29.758","°C","1016.000","hPa","35.3","pmil","0","53.237","deg","23.954","°C","100.000","%a.s.","21.023","deg","23.635","°C","1019.000","hPa","0.861","-0.02617","0.00035","0","0","13.56","Humid","28.00","0","54.00","361974.29","SABD0000000001","AAV1.0.0.11","1.1.2.0","PSt7-10","170328-007","9/30/2017 19:06:43","0000-00","0","no battery","V"
"09/09/2020","10:22:37","2","default","115855972","OXY_CH2","57.044","min","182.196","µmol/L","Humid","20.883","deg","80620","µV","29.761","°C","1016.000","hPa","35.3","pmil","0","53.237","deg","23.954","°C","100.000","%a.s.","21.023","deg","23.635","°C","1019.000","hPa","0.861","-0.02617","0.00035","0","0","13.56","Humid","28.00","0","54.00","361970.29","SABD0000000001","AAV1.0.0.11","1.1.2.0","PSt7-10","170328-007","9/30/2017 19:06:43","0000-00","0","no battery","V"
"09/09/2020","10:22:38","2","default","115855972","OXY_CH2","57.061","min","182.308","µmol/L","Humid","20.879","deg","80624","µV","29.754","°C","1016.000","hPa","35.3","pmil","0","53.237","deg","23.954","°C","100.000","%a.s.","21.023","deg","23.635","°C","1019.000","hPa","0.861","-0.02617","0.00035","0","0","13.56","Humid","28.00","0","54.00","361972.49","SABD0000000001","AAV1.0.0.11","1.1.2.0","PSt7-10","170328-007","9/30/2017 19:06:43","0000-00","0","no battery","V"
"09/09/2020","10:22:39","2","default","115855972","OXY_CH2","57.077","min","182.148","µmol/L","Humid","20.885","deg","80618","µV","29.764","°C","1016.000","hPa","35.3","pmil","0","53.237","deg","23.954","°C","100.000","%a.s.","21.023","deg","23.635","°C","1019.000","hPa","0.861","-0.02617","0.00035","0","0","13.56","Humid","28.00","0","54.00","361959.56","SABD0000000001","AAV1.0.0.11","1.1.2.0","PSt7-10","170328-007","9/30/2017 19:06:43","0000-00","0","no battery","V"
"09/09/2020","10:22:40","2","default","115855972","OXY_CH2","57.094","min","182.192","µmol/L","Humid","20.884","deg","80613","µV","29.759","°C","1016.000","hPa","35.3","pmil","0","53.237","deg","23.954","°C","100.000","%a.s.","21.023","deg","23.635","°C","1019.000","hPa","0.861","-0.02617","0.00035","0","0","13.56","Humid","28.00","0","54.00","361968.36","SABD0000000001","AAV1.0.0.11","1.1.2.0","PSt7-10","170328-007","9/30/2017 19:06:43","0000-00","0","no battery","V"
"09/09/2020","10:22:41","2","default","115855972","OXY_CH2","57.111","min","182.263","µmol/L","Humid","20.879","deg","80614","µV","29.761","°C","1016.000","hPa","35.3","pmil","0","53.237","deg","23.954","°C","100.000","%a.s.","21.023","deg","23.635","°C","1019.000","hPa","0.861","-0.02617","0.00035","0","0","13.56","Humid","28.00","0","54.00","361960.18","SABD0000000001","AAV1.0.0.11","1.1.2.0","PSt7-10","170328-007","9/30/2017 19:06:43","0000-00","0","no battery","V"
"09/09/2020","10:22:42","2","default","115855972","OXY_CH2","57.127","min","182.160","µmol/L","Humid","20.883","deg","80606","µV","29.768","°C","1016.000","hPa","35.3","pmil","0","53.237","deg","23.954","°C","100.000","%a.s.","21.023","deg","23.635","°C","1019.000","hPa","0.861","-0.02617","0.00035","0","0","13.56","Humid","28.00","0","54.00","361949.80","SABD0000000001","AAV1.0.0.11","1.1.2.0","PSt7-10","170328-007","9/30/2017 19:06:43","0000-00","0","no battery","V"
"09/09/2020","10:22:43","2","default","115855972","OXY_CH2","57.144","min","182.190","µmol/L","Humid","20.883","deg","80611","µV","29.763","°C","1016.000","hPa","35.3","pmil","0","53.237","deg","23.954","°C","100.000","%a.s.","21.023","deg","23.635","°C","1019.000","hPa","0.861","-0.02617","0.00035","0","0","13.56","Humid","28.00","0","54.00","361964.78","SABD0000000001","AAV1.0.0.11","1.1.2.0","PSt7-10","170328-007","9/30/2017 19:06:43","0000-00","0","no battery","V"
"09/09/2020","10:22:44","2","default","115855972","OXY_CH2","57.161","min","182.207","µmol/L","Humid","20.886","deg","80607","µV","29.751","°C","1016.000","hPa","35.3","pmil","0","53.237","deg","23.954","°C","100.000","%a.s.","21.023","deg","23.635","°C","1019.000","hPa","0.861","-0.02617","0.00035","0","0","13.56","Humid","28.00","0","54.00","361954.96","SABD0000000001","AAV1.0.0.11","1.1.2.0","PSt7-10","170328-007","9/30/2017 19:06:43","0000-00","0","no battery","V"
"09/09/2020","10:22:45","2","default","115855972","OXY_CH2","57.177","min","182.299","µmol/L","Humid","20.881","deg","80608","µV","29.749","°C","1016.000","hPa","35.3","pmil","0","53.237","deg","23.954","°C","100.000","%a.s.","21.023","deg","23.635","°C","1019.000","hPa","0.861","-0.02617","0.00035","0","0","13.56","Humid","28.00","0","54.00","361960.52","SABD0000000001","AAV1.0.0.11","1.1.2.0","PSt7-10","170328-007","9/30/2017 19:06:43","0000-00","0","no battery","V"
"09/09/2020","10:22:46","2","default","115855972","OXY_CH2","57.194","min","182.225","µmol/L","Humid","20.879","deg","80608","µV","29.768","°C","1016.000","hPa","35.3","pmil","0","53.237","deg","23.954","°C","100.000","%a.s.","21.023","deg","23.635","°C","1019.000","hPa","0.861","-0.02617","0.00035","0","0","13.56","Humid","28.00","0","54.00","361969.85","SABD0000000001","AAV1.0.0.11","1.1.2.0","PSt7-10","170328-007","9/30/2017 19:06:43","0000-00","0","no battery","V"
"09/09/2020","10:22:47","2","default","115855972","OXY_CH2","57.211","min","182.272","µmol/L","Humid","20.882","deg","80601","µV","29.751","°C","1016.000","hPa","35.3","pmil","0","53.237","deg","23.954","°C","100.000","%a.s.","21.023","deg","23.635","°C","1019.000","hPa","0.861","-0.02617","0.00035","0","0","13.56","Humid","28.00","0","54.00","361951.12","SABD0000000001","AAV1.0.0.11","1.1.2.0","PSt7-10","170328-007","9/30/2017 19:06:43","0000-00","0","no battery","V"
"09/09/2020","10:22:48","2","default","115855972","OXY_CH2","57.227","min","182.277","µmol/L","Humid","20.878","deg","80604","µV","29.762","°C","1016.000","hPa","35.3","pmil","0","53.237","deg","23.954","°C","100.000","%a.s.","21.023","deg","23.635","°C","1019.000","hPa","0.861","-0.02617","0.00035","0","0","13.56","Humid","28.00","0","54.00","361952.53","SABD0000000001","AAV1.0.0.11","1.1.2.0","PSt7-10","170328-007","9/30/2017 19:06:43","0000-00","0","no battery","V"
"09/09/2020","10:22:49","2","default","115855972","OXY_CH2","57.244","min","182.240","µmol/L","Humid","20.878","deg","80605","µV","29.768","°C","1016.000","hPa","35.3","pmil","0","53.237","deg","23.954","°C","100.000","%a.s.","21.023","deg","23.635","°C","1019.000","hPa","0.861","-0.02617","0.00035","0","0","13.56","Humid","28.00","0","54.00","361945.66","SABD0000000001","AAV1.0.0.11","1.1.2.0","PSt7-10","170328-007","9/30/2017 19:06:43","0000-00","0","no battery","V"
"09/09/2020","10:22:50","2","default","115855972","OXY_CH2","57.261","min","182.301","µmol/L","Humid","20.880","deg","80601","µV","29.752","°C","1016.000","hPa","35.3","pmil","0","53.237","deg","23.954","°C","100.000","%a.s.","21.023","deg","23.635","°C","1019.000","hPa","0.861","-0.02617","0.00035","0","0","13.56","Humid","28.00","0","54.00","361961.75","SABD0000000001","AAV1.0.0.11","1.1.2.0","PSt7-10","170328-007","9/30/2017 19:06:43","0000-00","0","no battery","V"
"09/09/2020","10:22:51","2","default","115855972","OXY_CH2","57.278","min","182.156","µmol/L","Humid","20.880","deg","80606","µV","29.777","°C","1016.000","hPa","35.3","pmil","0","53.237","deg","23.954","°C","100.000","%a.s.","21.023","deg","23.635","°C","1019.000","hPa","0.861","-0.02617","0.00035","0","0","13.56","Humid","28.00","0","54.00","361964.82","SABD0000000001","AAV1.0.0.11","1.1.2.0","PSt7-10","170328-007","9/30/2017 19:06:43","0000-00","0","no battery","V"
"09/09/2020","10:22:52","2","default","115855972","OXY_CH2","57.294","min","182.216","µmol/L","Humid","20.879","deg","80607","µV","29.770","°C","1016.000","hPa","35.3","pmil","0","53.237","deg","23.954","°C","100.000","%a.s.","21.023","deg","23.635","°C","1019.000","hPa","0.861","-0.02617","0.00035","0","0","13.56","Humid","28.00","0","54.00","361961.75","SABD0000000001","AAV1.0.0.11","1.1.2.0","PSt7-10","170328-007","9/30/2017 19:06:43","0000-00","0","no battery","V"
"09/09/2020","10:22:53","2","default","115855972","OXY_CH2","57.311","min","182.208","µmol/L","Humid","20.879","deg","80605","µV","29.771","°C","1016.000","hPa","35.3","pmil","0","53.237","deg","23.954","°C","100.000","%a.s.","21.023","deg","23.635","°C","1019.000","hPa","0.861","-0.02617","0.00035","0","0","13.56","Humid","28.00","0","54.00","361960.44","SABD0000000001","AAV1.0.0.11","1.1.2.0","PSt7-10","170328-007","9/30/2017 19:06:43","0000-00","0","no battery","V"
"09/09/2020","10:22:54","2","default","115855972","OXY_CH2","57.328","min","182.186","µmol/L","Humid","20.881","deg","80597","µV","29.769","°C","1016.000","hPa","35.3","pmil","0","53.237","deg","23.954","°C","100.000","%a.s.","21.023","deg","23.635","°C","1019.000","hPa","0.861","-0.02617","0.00035","0","0","13.56","Humid","28.00","0","54.00","361945.16","SABD0000000001","AAV1.0.0.11","1.1.2.0","PSt7-10","170328-007","9/30/2017 19:06:43","0000-00","0","no battery","V"
"09/09/2020","10:22:55","2","default","115855972","OXY_CH2","57.344","min","182.199","µmol/L","Humid","20.881","deg","80596","µV","29.767","°C","1016.000","hPa","35.3","pmil","0","53.237","deg","23.954","°C","100.000","%a.s.","21.023","deg","23.635","°C","1019.000","hPa","0.861","-0.02617","0.00035","0","0","13.56","Humid","28.00","0","54.00","361953.92","SABD0000000001","AAV1.0.0.11","1.1.2.0","PSt7-10","170328-007","9/30/2017 19:06:43","0000-00","0","no battery","V"
"09/09/2020","10:22:56","2","default","115855972","OXY_CH2","57.361","min","182.194","µmol/L","Humid","20.879","deg","80593","µV","29.774","°C","1016.000","hPa","35.3","pmil","0","53.237","deg","23.954","°C","100.000","%a.s.","21.023","deg","23.635","°C","1019.000","hPa","0.861","-0.02617","0.00035","0","0","13.56","Humid","28.00","0","54.00","361957.52","SABD0000000001","AAV1.0.0.11","1.1.2.0","PSt7-10","170328-007","9/30/2017 19:06:43","0000-00","0","no battery","V"
"09/09/2020","10:22:57","2","default","115855972","OXY_CH2","57.378","min","182.189","µmol/L","Humid","20.884","deg","80602","µV","29.760","°C","1016.000","hPa","35.3","pmil","0","53.237","deg","23.954","°C","100.000","%a.s.","21.023","deg","23.635","°C","1019.000","hPa","0.861","-0.02617","0.00035","0","0","13.56","Humid","28.00","0","54.00","361952.72","SABD0000000001","AAV1.0.0.11","1.1.2.0","PSt7-10","170328-007","9/30/2017 19:06:43","0000-00","0","no battery","V"
"09/09/2020","10:22:58","2","default","115855972","OXY_CH2","57.394","min","182.252","µmol/L","Humid","20.880","deg","80596","µV","29.760","°C","1016.000","hPa","35.3","pmil","0","53.237","deg","23.954","°C","100.000","%a.s.","21.023","deg","23.635","°C","1019.000","hPa","0.861","-0.02617","0.00035","0","0","13.56","Humid","28.00","0","54.00","361934.27","SABD0000000001","AAV1.0.0.11","1.1.2.0","PSt7-10","170328-007","9/30/2017 19:06:43","0000-00","0","no battery","V"
"09/09/2020","10:22:59","2","default","115855972","OXY_CH2","57.411","min","182.232","µmol/L","Humid","20.878","deg","80588","µV","29.770","°C","1016.000","hPa","35.3","pmil","0","53.237","deg","23.954","°C","100.000","%a.s.","21.023","deg","23.635","°C","1019.000","hPa","0.861","-0.02617","0.00035","0","0","13.56","Humid","28.00","0","54.00","361952.67","SABD0000000001","AAV1.0.0.11","1.1.2.0","PSt7-10","170328-007","9/30/2017 19:06:43","0000-00","0","no battery","V"
"09/09/2020","10:23:00","2","default","115855972","OXY_CH2","57.428","min","182.206","µmol/L","Humid","20.881","deg","80598","µV","29.766","°C","1016.000","hPa","35.3","pmil","0","53.237","deg","23.954","°C","100.000","%a.s.","21.023","deg","23.635","°C","1019.000","hPa","0.861","-0.02617","0.00035","0","0","13.56","Humid","28.00","0","54.00","361948.49","SABD0000000001","AAV1.0.0.11","1.1.2.0","PSt7-10","170328-007","9/30/2017 19:06:43","0000-00","0","no battery","V"
"09/09/2020","10:23:01","2","default","115855972","OXY_CH2","57.444","min","182.157","µmol/L","Humid","20.884","deg","80593","µV","29.765","°C","1016.000","hPa","35.3","pmil","0","53.237","deg","23.954","°C","100.000","%a.s.","21.023","deg","23.635","°C","1019.000","hPa","0.861","-0.02617","0.00035","0","0","13.56","Humid","28.00","0","54.00","361947.48","SABD0000000001","AAV1.0.0.11","1.1.2.0","PSt7-10","170328-007","9/30/2017 19:06:43","0000-00","0","no battery","V"
"09/09/2020","10:23:02","2","default","115855972","OXY_CH2","57.461","min","182.236","µmol/L","Humid","20.879","deg","80586","µV","29.766","°C","1016.000","hPa","35.3","pmil","0","53.237","deg","23.954","°C","100.000","%a.s.","21.023","deg","23.635","°C","1019.000","hPa","0.861","-0.02617","0.00035","0","0","13.56","Humid","28.00","0","54.00","361940.20","SABD0000000001","AAV1.0.0.11","1.1.2.0","PSt7-10","170328-007","9/30/2017 19:06:43","0000-00","0","no battery","V"
"09/09/2020","10:23:03","2","default","115855972","OXY_CH2","57.478","min","182.211","µmol/L","Humid","20.879","deg","80588","µV","29.770","°C","1016.000","hPa","35.3","pmil","0","53.237","deg","23.954","°C","100.000","%a.s.","21.023","deg","23.635","°C","1019.000","hPa","0.861","-0.02617","0.00035","0","0","13.56","Humid","28.00","0","54.00","361943.98","SABD0000000001","AAV1.0.0.11","1.1.2.0","PSt7-10","170328-007","9/30/2017 19:06:43","0000-00","0","no battery","V"
"09/09/2020","10:23:04","2","default","115855972","OXY_CH2","57.494","min","182.334","µmol/L","Humid","20.875","deg","80585","µV","29.761","°C","1016.000","hPa","35.3","pmil","0","53.237","deg","23.954","°C","100.000","%a.s.","21.023","deg","23.635","°C","1019.000","hPa","0.861","-0.02617","0.00035","0","0","13.56","Humid","28.00","0","54.00","361935.58","SABD0000000001","AAV1.0.0.11","1.1.2.0","PSt7-10","170328-007","9/30/2017 19:06:43","0000-00","0","no battery","V"
"09/09/2020","10:23:05","2","default","115855972","OXY_CH2","57.511","min","182.214","µmol/L","Humid","20.879","deg","80585","µV","29.770","°C","1016.000","hPa","35.3","pmil","0","53.237","deg","23.954","°C","100.000","%a.s.","21.023","deg","23.635","°C","1019.000","hPa","0.861","-0.02617","0.00035","0","0","13.56","Humid","28.00","0","54.00","361950.04","SABD0000000001","AAV1.0.0.11","1.1.2.0","PSt7-10","170328-007","9/30/2017 19:06:43","0000-00","0","no battery","V"
"09/09/2020","10:23:06","2","default","115855972","OXY_CH2","57.527","min","182.209","µmol/L","Humid","20.880","deg","80591","µV","29.768","°C","1016.000","hPa","35.3","pmil","0","53.237","deg","23.954","°C","100.000","%a.s.","21.023","deg","23.635","°C","1019.000","hPa","0.861","-0.02617","0.00035","0","0","13.56","Humid","28.00","0","54.00","361930.21","SABD0000000001","AAV1.0.0.11","1.1.2.0","PSt7-10","170328-007","9/30/2017 19:06:43","0000-00","0","no battery","V"
"09/09/2020","10:23:07","2","default","115855972","OXY_CH2","57.544","min","182.328","µmol/L","Humid","20.876","deg","80583","µV","29.759","°C","1016.000","hPa","35.3","pmil","0","53.237","deg","23.954","°C","100.000","%a.s.","21.023","deg","23.635","°C","1019.000","hPa","0.861","-0.02617","0.00035","0","0","13.56","Humid","28.00","0","54.00","361932.72","SABD0000000001","AAV1.0.0.11","1.1.2.0","PSt7-10","170328-007","9/30/2017 19:06:43","0000-00","0","no battery","V"
"09/09/2020","10:23:08","2","default","115855972","OXY_CH2","57.561","min","182.334","µmol/L","Humid","20.875","deg","80582","µV","29.761","°C","1016.000","hPa","35.3","pmil","0","53.237","deg","23.954","°C","100.000","%a.s.","21.023","deg","23.635","°C","1019.000","hPa","0.861","-0.02617","0.00035","0","0","13.56","Humid","28.00","0","54.00","361929.63","SABD0000000001","AAV1.0.0.11","1.1.2.0","PSt7-10","170328-007","9/30/2017 19:06:43","0000-00","0","no battery","V"
"09/09/2020","10:23:09","2","default","115855972","OXY_CH2","57.578","min","182.188","µmol/L","Humid","20.879","deg","80572","µV","29.775","°C","1016.000","hPa","35.3","pmil","0","53.237","deg","23.954","°C","100.000","%a.s.","21.023","deg","23.635","°C","1019.000","hPa","0.861","-0.02617","0.00035","0","0","13.56","Humid","28.00","0","54.00","361930.76","SABD0000000001","AAV1.0.0.11","1.1.2.0","PSt7-10","170328-007","9/30/2017 19:06:43","0000-00","0","no battery","V"
"09/09/2020","10:23:10","2","default","115855972","OXY_CH2","57.594","min","182.230","µmol/L","Humid","20.875","deg","80578","µV","29.779","°C","1016.000","hPa","35.3","pmil","0","53.237","deg","23.954","°C","100.000","%a.s.","21.023","deg","23.635","°C","1019.000","hPa","0.861","-0.02617","0.00035","0","0","13.56","Humid","28.00","0","54.00","361929.80","SABD0000000001","AAV1.0.0.11","1.1.2.0","PSt7-10","170328-007","9/30/2017 19:06:43","0000-00","0","no battery","V"
"09/09/2020","10:23:11","2","default","115855972","OXY_CH2","57.611","min","182.214","µmol/L","Humid","20.875","deg","80577","µV","29.781","°C","1016.000","hPa","35.3","pmil","0","53.237","deg","23.954","°C","100.000","%a.s.","21.023","deg","23.635","°C","1019.000","hPa","0.861","-0.02617","0.00035","0","0","13.56","Humid","28.00","0","54.00","361923.06","SABD0000000001","AAV1.0.0.11","1.1.2.0","PSt7-10","170328-007","9/30/2017 19:06:43","0000-00","0","no battery","V"
"09/09/2020","10:23:12","2","default","115855972","OXY_CH2","57.627","min","182.200","µmol/L","Humid","20.875","deg","80576","µV","29.784","°C","1016.000","hPa","35.3","pmil","0","53.237","deg","23.954","°C","100.000","%a.s.","21.023","deg","23.635","°C","1019.000","hPa","0.861","-0.02617","0.00035","0","0","13.56","Humid","28.00","0","54.00","361919.92","SABD0000000001","AAV1.0.0.11","1.1.2.0","PSt7-10","170328-007","9/30/2017 19:06:43","0000-00","0","no battery","V"
"09/09/2020","10:23:13","2","default","115855972","OXY_CH2","57.644","min","182.243","µmol/L","Humid","20.876","deg","80576","µV","29.774","°C","1016.000","hPa","35.3","pmil","0","53.237","deg","23.954","°C","100.000","%a.s.","21.023","deg","23.635","°C","1019.000","hPa","0.861","-0.02617","0.00035","0","0","13.56","Humid","28.00","0","54.00","361929.71","SABD0000000001","AAV1.0.0.11","1.1.2.0","PSt7-10","170328-007","9/30/2017 19:06:43","0000-00","0","no battery","V"
"09/09/2020","10:23:14","2","default","115855972","OXY_CH2","57.660","min","182.209","µmol/L","Humid","20.878","deg","80579","µV","29.774","°C","1016.000","hPa","35.3","pmil","0","53.237","deg","23.954","°C","100.000","%a.s.","21.023","deg","23.635","°C","1019.000","hPa","0.861","-0.02617","0.00035","0","0","13.56","Humid","28.00","0","54.00","361923.93","SABD0000000001","AAV1.0.0.11","1.1.2.0","PSt7-10","170328-007","9/30/2017 19:06:43","0000-00","0","no battery","V"
"09/09/2020","10:23:15","2","default","115855972","OXY_CH2","57.678","min","182.087","µmol/L","Humid","20.880","deg","80581","µV","29.789","°C","1016.000","hPa","35.3","pmil","0","53.237","deg","23.954","°C","100.000","%a.s.","21.023","deg","23.635","°C","1019.000","hPa","0.861","-0.02617","0.00035","0","0","13.56","Humid","28.00","0","54.00","361936.70","SABD0000000001","AAV1.0.0.11","1.1.2.0","PSt7-10","170328-007","9/30/2017 19:06:43","0000-00","0","no battery","V"
"09/09/2020","10:23:16","2","default","115855972","OXY_CH2","57.694","min","182.312","µmol/L","Humid","20.876","deg","80577","µV","29.762","°C","1016.000","hPa","35.3","pmil","0","53.237","deg","23.954","°C","100.000","%a.s.","21.023","deg","23.635","°C","1019.000","hPa","0.861","-0.02617","0.00035","0","0","13.56","Humid","28.00","0","54.00","361925.22","SABD0000000001","AAV1.0.0.11","1.1.2.0","PSt7-10","170328-007","9/30/2017 19:06:43","0000-00","0","no battery","V"
"09/09/2020","10:23:17","2","default","115855972","OXY_CH2","57.710","min","182.324","µmol/L","Humid","20.876","deg","80571","µV","29.759","°C","1016.000","hPa","35.3","pmil","0","53.237","deg","23.954","°C","100.000","%a.s.","21.023","deg","23.635","°C","1019.000","hPa","0.861","-0.02617","0.00035","0","0","13.56","Humid","28.00","0","54.00","361928.35","SABD0000000001","AAV1.0.0.11","1.1.2.0","PSt7-10","170328-007","9/30/2017 19:06:43","0000-00","0","no battery","V"
"09/09/2020","10:23:18","2","default","115855972","OXY_CH2","57.727","min","182.306","µmol/L","Humid","20.877","deg","80567","µV","29.760","°C","1016.000","hPa","35.3","pmil","0","53.237","deg","23.954","°C","100.000","%a.s.","21.023","deg","23.635","°C","1019.000","hPa","0.861","-0.02617","0.00035","0","0","13.56","Humid","28.00","0","54.00","361929.64","SABD0000000001","AAV1.0.0.11","1.1.2.0","PSt7-10","170328-007","9/30/2017 19:06:43","0000-00","0","no battery","V"
"09/09/2020","10:23:19","2","default","115855972","OXY_CH2","57.744","min","182.199","µmol/L","Humid","20.878","deg","80572","µV","29.776","°C","1016.000","hPa","35.3","pmil","0","53.237","deg","23.954","°C","100.000","%a.s.","21.023","deg","23.635","°C","1019.000","hPa","0.861","-0.02617","0.00035","0","0","13.56","Humid","28.00","0","54.00","361913.03","SABD0000000001","AAV1.0.0.11","1.1.2.0","PSt7-10","170328-007","9/30/2017 19:06:43","0000-00","0","no battery","V"
"09/09/2020","10:23:20","2","default","115855972","OXY_CH2","57.760","min","182.258","µmol/L","Humid","20.872","deg","80562","µV","29.783","°C","1016.000","hPa","35.3","pmil","0","53.237","deg","23.954","°C","100.000","%a.s.","21.023","deg","23.635","°C","1019.000","hPa","0.861","-0.02617","0.00035","0","0","13.56","Humid","28.00","0","54.00","361912.64","SABD0000000001","AAV1.0.0.11","1.1.2.0","PSt7-10","170328-007","9/30/2017 19:06:43","0000-00","0","no battery","V"
"09/09/2020","10:23:21","2","default","115855972","OXY_CH2","57.777","min","182.316","µmol/L","Humid","20.876","deg","80565","µV","29.761","°C","1016.000","hPa","35.3","pmil","0","53.237","deg","23.954","°C","100.000","%a.s.","21.023","deg","23.635","°C","1019.000","hPa","0.861","-0.02617","0.00035","0","0","13.56","Humid","28.00","0","54.00","361919.78","SABD0000000001","AAV1.0.0.11","1.1.2.0","PSt7-10","170328-007","9/30/2017 19:06:43","0000-00","0","no battery","V"
"09/09/2020","10:23:22","2","default","115855972","OXY_CH2","57.794","min","182.237","µmol/L","Humid","20.876","deg","80565","µV","29.775","°C","1016.000","hPa","35.3","pmil","0","53.237","deg","23.954","°C","100.000","%a.s.","21.023","deg","23.635","°C","1019.000","hPa","0.861","-0.02617","0.00035","0","0","13.56","Humid","28.00","0","54.00","361913.34","SABD0000000001","AAV1.0.0.11","1.1.2.0","PSt7-10","170328-007","9/30/2017 19:06:43","0000-00","0","no battery","V"
"09/09/2020","10:23:23","2","default","115855972","OXY_CH2","57.811","min","182.356","µmol/L","Humid","20.873","deg","80565","µV","29.763","°C","1016.000","hPa","35.3","pmil","0","53.237","deg","23.954","°C","100.000","%a.s.","21.023","deg","23.635","°C","1019.000","hPa","0.861","-0.02617","0.00035","0","0","13.56","Humid","28.00","0","54.00","361904.66","SABD0000000001","AAV1.0.0.11","1.1.2.0","PSt7-10","170328-007","9/30/2017 19:06:43","0000-00","0","no battery","V"
"09/09/2020","10:23:24","2","default","115855972","OXY_CH2","57.827","min","182.256","µmol/L","Humid","20.877","deg","80562","µV","29.768","°C","1016.000","hPa","35.3","pmil","0","53.237","deg","23.954","°C","100.000","%a.s.","21.023","deg","23.635","°C","1019.000","hPa","0.861","-0.02617","0.00035","0","0","13.56","Humid","28.00","0","54.00","361905.35","SABD0000000001","AAV1.0.0.11","1.1.2.0","PSt7-10","170328-007","9/30/2017 19:06:43","0000-00","0","no battery","V"
"09/09/2020","10:23:25","2","default","115855972","OXY_CH2","57.844","min","182.286","µmol/L","Humid","20.875","deg","80559","µV","29.769","°C","1016.000","hPa","35.3","pmil","0","53.237","deg","23.954","°C","100.000","%a.s.","21.023","deg","23.635","°C","1019.000","hPa","0.861","-0.02617","0.00035","0","0","13.56","Humid","28.00","0","54.00","361910.68","SABD0000000001","AAV1.0.0.11","1.1.2.0","PSt7-10","170328-007","9/30/2017 19:06:43","0000-00","0","no battery","V"
"09/09/2020","10:23:26","2","default","115855972","OXY_CH2","57.861","min","182.271","µmol/L","Humid","20.873","deg","80554","µV","29.777","°C","1016.000","hPa","35.3","pmil","0","53.237","deg","23.954","°C","100.000","%a.s.","21.023","deg","23.635","°C","1019.000","hPa","0.861","-0.02617","0.00035","0","0","13.56","Humid","28.00","0","54.00","361906.05","SABD0000000001","AAV1.0.0.11","1.1.2.0","PSt7-10","170328-007","9/30/2017 19:06:43","0000-00","0","no battery","V"
"09/09/2020","10:23:27","2","default","115855972","OXY_CH2","57.878","min","182.325","µmol/L","Humid","20.876","deg","80558","µV","29.759","°C","1016.000","hPa","35.3","pmil","0","53.237","deg","23.954","°C","100.000","%a.s.","21.023","deg","23.635","°C","1019.000","hPa","0.861","-0.02617","0.00035","0","0","13.56","Humid","28.00","0","54.00","361919.46","SABD0000000001","AAV1.0.0.11","1.1.2.0","PSt7-10","170328-007","9/30/2017 19:06:43","0000-00","0","no battery","V"
"09/09/2020","10:23:28","2","default","115855972","OXY_CH2","57.894","min","182.300","µmol/L","Humid","20.877","deg","80564","µV","29.761","°C","1016.000","hPa","35.3","pmil","0","53.237","deg","23.954","°C","100.000","%a.s.","21.023","deg","23.635","°C","1019.000","hPa","0.861","-0.02617","0.00035","0","0","13.56","Humid","28.00","0","54.00","361915.25","SABD0000000001","AAV1.0.0.11","1.1.2.0","PSt7-10","170328-007","9/30/2017 19:06:43","0000-00","0","no battery","V"
"09/09/2020","10:23:29","2","default","115855972","OXY_CH2","57.910","min","182.314","µmol/L","Humid","20.870","deg","80561","µV","29.779","°C","1016.000","hPa","35.3","pmil","0","53.237","deg","23.954","°C","100.000","%a.s.","21.023","deg","23.635","°C","1019.000","hPa","0.861","-0.02617","0.00035","0","0","13.56","Humid","28.00","0","54.00","361904.50","SABD0000000001","AAV1.0.0.11","1.1.2.0","PSt7-10","170328-007","9/30/2017 19:06:43","0000-00","0","no battery","V"
"09/09/2020","10:23:30","2","default","115855972","OXY_CH2","57.927","min","182.210","µmol/L","Humid","20.875","deg","80559","µV","29.782","°C","1016.000","hPa","35.3","pmil","0","53.237","deg","23.954","°C","100.000","%a.s.","21.023","deg","23.635","°C","1019.000","hPa","0.861","-0.02617","0.00035","0","0","13.56","Humid","28.00","0","54.00","361900.36","SABD0000000001","AAV1.0.0.11","1.1.2.0","PSt7-10","170328-007","9/30/2017 19:06:43","0000-00","0","no battery","V"
"09/09/2020","10:23:31","2","default","115855972","OXY_CH2","57.944","min","182.275","µmol/L","Humid","20.875","deg","80549","µV","29.771","°C","1016.000","hPa","35.3","pmil","0","53.237","deg","23.954","°C","100.000","%a.s.","21.023","deg","23.635","°C","1019.000","hPa","0.861","-0.02617","0.00035","0","0","13.56","Humid","28.00","0","54.00","361904.06","SABD0000000001","AAV1.0.0.11","1.1.2.0","PSt7-10","170328-007","9/30/2017 19:06:43","0000-00","0","no battery","V"
"09/09/2020","10:23:32","2","default","115855972","OXY_CH2","57.960","min","182.253","µmol/L","Humid","20.872","deg","80560","µV","29.783","°C","1016.000","hPa","35.3","pmil","0","53.237","deg","23.954","°C","100.000","%a.s.","21.023","deg","23.635","°C","1019.000","hPa","0.861","-0.02617","0.00035","0","0","13.56","Humid","28.00","0","54.00","361899.53","SABD0000000001","AAV1.0.0.11","1.1.2.0","PSt7-10","170328-007","9/30/2017 19:06:43","0000-00","0","no battery","V"
"09/09/2020","10:23:33","2","default","115855972","OXY_CH2","57.977","min","182.363","µmol/L","Humid","20.865","deg","80552","µV","29.784","°C","1016.000","hPa","35.3","pmil","0","53.237","deg","23.954","°C","100.000","%a.s.","21.023","deg","23.635","°C","1019.000","hPa","0.861","-0.02617","0.00035","0","0","13.56","Humid","28.00","0","54.00","361896.22","SABD0000000001","AAV1.0.0.11","1.1.2.0","PSt7-10","170328-007","9/30/2017 19:06:43","0000-00","0","no battery","V"
"09/09/2020","10:23:34","2","default","115855972","OXY_CH2","57.994","min","182.246","µmol/L","Humid","20.873","deg","80553","µV","29.782","°C","1016.000","hPa","35.3","pmil","0","53.237","deg","23.954","°C","100.000","%a.s.","21.023","deg","23.635","°C","1019.000","hPa","0.861","-0.02617","0.00035","0","0","13.56","Humid","28.00","0","54.00","361891.27","SABD0000000001","AAV1.0.0.11","1.1.2.0","PSt7-10","170328-007","9/30/2017 19:06:43","0000-00","0","no battery","V"
"09/09/2020","10:23:35","2","default","115855972","OXY_CH2","58.011","min","182.233","µmol/L","Humid","20.871","deg","80555","µV","29.790","°C","1016.000","hPa","35.3","pmil","0","53.237","deg","23.954","°C","100.000","%a.s.","21.023","deg","23.635","°C","1019.000","hPa","0.861","-0.02617","0.00035","0","0","13.56","Humid","28.00","0","54.00","361907.01","SABD0000000001","AAV1.0.0.11","1.1.2.0","PSt7-10","170328-007","9/30/2017 19:06:43","0000-00","0","no battery","V"
"09/09/2020","10:23:36","2","default","115855972","OXY_CH2","58.027","min","182.319","µmol/L","Humid","20.873","deg","80555","µV","29.769","°C","1016.000","hPa","35.3","pmil","0","53.237","deg","23.954","°C","100.000","%a.s.","21.023","deg","23.635","°C","1019.000","hPa","0.861","-0.02617","0.00035","0","0","13.56","Humid","28.00","0","54.00","361898.53","SABD0000000001","AAV1.0.0.11","1.1.2.0","PSt7-10","170328-007","9/30/2017 19:06:43","0000-00","0","no battery","V"
"09/09/2020","10:23:37","2","default","115855972","OXY_CH2","58.044","min","182.288","µmol/L","Humid","20.874","deg","80556","µV","29.772","°C","1016.000","hPa","35.3","pmil","0","53.237","deg","23.954","°C","100.000","%a.s.","21.023","deg","23.635","°C","1019.000","hPa","0.861","-0.02617","0.00035","0","0","13.56","Humid","28.00","0","54.00","361904.06","SABD0000000001","AAV1.0.0.11","1.1.2.0","PSt7-10","170328-007","9/30/2017 19:06:43","0000-00","0","no battery","V"
"09/09/2020","10:23:38","2","default","115855972","OXY_CH2","58.061","min","182.265","µmol/L","Humid","20.873","deg","80557","µV","29.778","°C","1016.000","hPa","35.3","pmil","0","53.237","deg","23.954","°C","100.000","%a.s.","21.023","deg","23.635","°C","1019.000","hPa","0.861","-0.02617","0.00035","0","0","13.56","Humid","28.00","0","54.00","361894.89","SABD0000000001","AAV1.0.0.11","1.1.2.0","PSt7-10","170328-007","9/30/2017 19:06:43","0000-00","0","no battery","V"
"09/09/2020","10:23:39","2","default","115855972","OXY_CH2","58.077","min","182.246","µmol/L","Humid","20.871","deg","80552","µV","29.788","°C","1016.000","hPa","35.3","pmil","0","53.237","deg","23.954","°C","100.000","%a.s.","21.023","deg","23.635","°C","1019.000","hPa","0.861","-0.02617","0.00035","0","0","13.56","Humid","28.00","0","54.00","361892.30","SABD0000000001","AAV1.0.0.11","1.1.2.0","PSt7-10","170328-007","9/30/2017 19:06:43","0000-00","0","no battery","V"
"09/09/2020","10:23:40","2","default","115855972","OXY_CH2","58.094","min","182.312","µmol/L","Humid","20.872","deg","80554","µV","29.773","°C","1016.000","hPa","35.3","pmil","0","53.237","deg","23.954","°C","100.000","%a.s.","21.023","deg","23.635","°C","1019.000","hPa","0.861","-0.02617","0.00035","0","0","13.56","Humid","28.00","0","54.00","361898.29","SABD0000000001","AAV1.0.0.11","1.1.2.0","PSt7-10","170328-007","9/30/2017 19:06:43","0000-00","0","no battery","V"
"09/09/2020","10:23:41","2","default","115855972","OXY_CH2","58.111","min","182.350","µmol/L","Humid","20.871","deg","80553","µV","29.769","°C","1016.000","hPa","35.3","pmil","0","53.237","deg","23.954","°C","100.000","%a.s.","21.023","deg","23.635","°C","1019.000","hPa","0.861","-0.02617","0.00035","0","0","13.56","Humid","28.00","0","54.00","361892.36","SABD0000000001","AAV1.0.0.11","1.1.2.0","PSt7-10","170328-007","9/30/2017 19:06:43","0000-00","0","no battery","V"
"09/09/2020","10:23:42","2","default","115855972","OXY_CH2","58.127","min","182.362","µmol/L","Humid","20.869","deg","80545","µV","29.773","°C","1016.000","hPa","35.3","pmil","0","53.237","deg","23.954","°C","100.000","%a.s.","21.023","deg","23.635","°C","1019.000","hPa","0.861","-0.02617","0.00035","0","0","13.56","Humid","28.00","0","54.00","361905.59","SABD0000000001","AAV1.0.0.11","1.1.2.0","PSt7-10","170328-007","9/30/2017 19:06:43","0000-00","0","no battery","V"
"09/09/2020","10:23:43","2","default","115855972","OXY_CH2","58.144","min","182.237","µmol/L","Humid","20.872","deg","80546","µV","29.786","°C","1016.000","hPa","35.3","pmil","0","53.237","deg","23.954","°C","100.000","%a.s.","21.023","deg","23.635","°C","1019.000","hPa","0.861","-0.02617","0.00035","0","0","13.56","Humid","28.00","0","54.00","361911.37","SABD0000000001","AAV1.0.0.11","1.1.2.0","PSt7-10","170328-007","9/30/2017 19:06:43","0000-00","0","no battery","V"
"09/09/2020","10:23:44","2","default","115855972","OXY_CH2","58.161","min","182.343","µmol/L","Humid","20.869","deg","80546","µV","29.776","°C","1016.000","hPa","35.3","pmil","0","53.237","deg","23.954","°C","100.000","%a.s.","21.023","deg","23.635","°C","1019.000","hPa","0.861","-0.02617","0.00035","0","0","13.56","Humid","28.00","0","54.00","361899.85","SABD0000000001","AAV1.0.0.11","1.1.2.0","PSt7-10","170328-007","9/30/2017 19:06:43","0000-00","0","no battery","V"
"09/09/2020","10:23:45","2","default","115855972","OXY_CH2","58.177","min","182.371","µmol/L","Humid","20.869","deg","80546","µV","29.771","°C","1016.000","hPa","35.3","pmil","0","53.237","deg","23.954","°C","100.000","%a.s.","21.023","deg","23.635","°C","1019.000","hPa","0.861","-0.02617","0.00035","0","0","13.56","Humid","28.00","0","54.00","361881.47","SABD0000000001","AAV1.0.0.11","1.1.2.0","PSt7-10","170328-007","9/30/2017 19:06:43","0000-00","0","no battery","V"
"09/09/2020","10:23:46","2","default","115855972","OXY_CH2","58.194","min","182.315","µmol/L","Humid","20.872","deg","80547","µV","29.773","°C","1016.000","hPa","35.3","pmil","0","53.237","deg","23.954","°C","100.000","%a.s.","21.023","deg","23.635","°C","1019.000","hPa","0.861","-0.02617","0.00035","0","0","13.56","Humid","28.00","0","54.00","361888.35","SABD0000000001","AAV1.0.0.11","1.1.2.0","PSt7-10","170328-007","9/30/2017 19:06:43","0000-00","0","no battery","V"
"09/09/2020","10:23:47","2","default","115855972","OXY_CH2","58.211","min","182.418","µmol/L","Humid","20.865","deg","80549","µV","29.775","°C","1016.000","hPa","35.3","pmil","0","53.237","deg","23.954","°C","100.000","%a.s.","21.023","deg","23.635","°C","1019.000","hPa","0.861","-0.02617","0.00035","0","0","13.56","Humid","28.00","0","54.00","361888.38","SABD0000000001","AAV1.0.0.11","1.1.2.0","PSt7-10","170328-007","9/30/2017 19:06:43","0000-00","0","no battery","V"
"09/09/2020","10:23:48","2","default","115855972","OXY_CH2","58.227","min","182.273","µmol/L","Humid","20.870","deg","80547","µV","29.786","°C","1016.000","hPa","35.3","pmil","0","53.237","deg","23.954","°C","100.000","%a.s.","21.023","deg","23.635","°C","1019.000","hPa","0.861","-0.02617","0.00035","0","0","13.56","Humid","28.00","0","54.00","361895.73","SABD0000000001","AAV1.0.0.11","1.1.2.0","PSt7-10","170328-007","9/30/2017 19:06:43","0000-00","0","no battery","V"
"09/09/2020","10:23:49","2","default","115855972","OXY_CH2","58.244","min","182.270","µmol/L","Humid","20.869","deg","80540","µV","29.789","°C","1016.000","hPa","35.3","pmil","0","53.237","deg","23.954","°C","100.000","%a.s.","21.023","deg","23.635","°C","1019.000","hPa","0.861","-0.02617","0.00035","0","0","13.56","Humid","28.00","0","54.00","361894.14","SABD0000000001","AAV1.0.0.11","1.1.2.0","PSt7-10","170328-007","9/30/2017 19:06:43","0000-00","0","no battery","V"
"09/09/2020","10:23:50","2","default","115855972","OXY_CH2","58.260","min","182.289","µmol/L","Humid","20.868","deg","80537","µV","29.789","°C","1016.000","hPa","35.3","pmil","0","53.237","deg","23.954","°C","100.000","%a.s.","21.023","deg","23.635","°C","1019.000","hPa","0.861","-0.02617","0.00035","0","0","13.56","Humid","28.00","0","54.00","361876.25","SABD0000000001","AAV1.0.0.11","1.1.2.0","PSt7-10","170328-007","9/30/2017 19:06:43","0000-00","0","no battery","V"
"09/09/2020","10:23:51","2","default","115855972","OXY_CH2","58.277","min","182.192","µmol/L","Humid","20.874","deg","80540","µV","29.788","°C","1016.000","hPa","35.3","pmil","0","53.237","deg","23.954","°C","100.000","%a.s.","21.023","deg","23.635","°C","1019.000","hPa","0.861","-0.02617","0.00035","0","0","13.56","Humid","28.00","0","54.00","361880.92","SABD0000000001","AAV1.0.0.11","1.1.2.0","PSt7-10","170328-007","9/30/2017 19:06:43","0000-00","0","no battery","V"
"09/09/2020","10:23:52","2","default","115855972","OXY_CH2","58.294","min","182.300","µmol/L","Humid","20.870","deg","80540","µV","29.781","°C","1016.000","hPa","35.3","pmil","0","53.237","deg","23.954","°C","100.000","%a.s.","21.023","deg","23.635","°C","1019.000","hPa","0.861","-0.02617","0.00035","0","0","13.56","Humid","28.00","0","54.00","361875.86","SABD0000000001","AAV1.0.0.11","1.1.2.0","PSt7-10","170328-007","9/30/2017 19:06:43","0000-00","0","no battery","V"
"09/09/2020","10:23:53","2","default","115855972","OXY_CH2","58.310","min","182.345","µmol/L","Humid","20.866","deg","80542","µV","29.785","°C","1016.000","hPa","35.3","pmil","0","53.237","deg","23.954","°C","100.000","%a.s.","21.023","deg","23.635","°C","1019.000","hPa","0.861","-0.02617","0.00035","0","0","13.56","Humid","28.00","0","54.00","361885.52","SABD0000000001","AAV1.0.0.11","1.1.2.0","PSt7-10","170328-007","9/30/2017 19:06:43","0000-00","0","no battery","V"
"09/09/2020","10:23:54","2","default","115855972","OXY_CH2","58.327","min","182.322","µmol/L","Humid","20.868","deg","80533","µV","29.783","°C","1016.000","hPa","35.3","pmil","0","53.237","deg","23.954","°C","100.000","%a.s.","21.023","deg","23.635","°C","1019.000","hPa","0.861","-0.02617","0.00035","0","0","13.56","Humid","28.00","0","54.00","361871.36","SABD0000000001","AAV1.0.0.11","1.1.2.0","PSt7-10","170328-007","9/30/2017 19:06:43","0000-00","0","no battery","V"
"09/09/2020","10:23:55","2","default","115855972","OXY_CH2","58.344","min","182.342","µmol/L","Humid","20.870","deg","80531","µV","29.774","°C","1016.000","hPa","35.3","pmil","0","53.237","deg","23.954","°C","100.000","%a.s.","21.023","deg","23.635","°C","1019.000","hPa","0.861","-0.02617","0.00035","0","0","13.56","Humid","28.00","0","54.00","361877.06","SABD0000000001","AAV1.0.0.11","1.1.2.0","PSt7-10","170328-007","9/30/2017 19:06:43","0000-00","0","no battery","V"
"09/09/2020","10:23:56","2","default","115855972","OXY_CH2","58.360","min","182.382","µmol/L","Humid","20.867","deg","80532","µV","29.775","°C","1016.000","hPa","35.3","pmil","0","53.237","deg","23.954","°C","100.000","%a.s.","21.023","deg","23.635","°C","1019.000","hPa","0.861","-0.02617","0.00035","0","0","13.56","Humid","28.00","0","54.00","361879.84","SABD0000000001","AAV1.0.0.11","1.1.2.0","PSt7-10","170328-007","9/30/2017 19:06:43","0000-00","0","no battery","V"
"09/09/2020","10:23:57","2","default","115855972","OXY_CH2","58.377","min","182.289","µmol/L","Humid","20.868","deg","80532","µV","29.789","°C","1016.000","hPa","35.3","pmil","0","53.237","deg","23.954","°C","100.000","%a.s.","21.023","deg","23.635","°C","1019.000","hPa","0.861","-0.02617","0.00035","0","0","13.56","Humid","28.00","0","54.00","361878.64","SABD0000000001","AAV1.0.0.11","1.1.2.0","PSt7-10","170328-007","9/30/2017 19:06:43","0000-00","0","no battery","V"
"09/09/2020","10:23:58","2","default","115855972","OXY_CH2","58.394","min","182.337","µmol/L","Humid","20.866","deg","80536","µV","29.786","°C","1016.000","hPa","35.3","pmil","0","53.237","deg","23.954","°C","100.000","%a.s.","21.023","deg","23.635","°C","1019.000","hPa","0.861","-0.02617","0.00035","0","0","13.56","Humid","28.00","0","54.00","361881.27","SABD0000000001","AAV1.0.0.11","1.1.2.0","PSt7-10","170328-007","9/30/2017 19:06:43","0000-00","0","no battery","V"
"09/09/2020","10:23:59","2","default","115855972","OXY_CH2","58.410","min","182.365","µmol/L","Humid","20.869","deg","80526","µV","29.773","°C","1016.000","hPa","35.3","pmil","0","53.237","deg","23.954","°C","100.000","%a.s.","21.023","deg","23.635","°C","1019.000","hPa","0.861","-0.02617","0.00035","0","0","13.56","Humid","28.00","0","54.00","361875.16","SABD0000000001","AAV1.0.0.11","1.1.2.0","PSt7-10","170328-007","9/30/2017 19:06:43","0000-00","0","no battery","V"
"09/09/2020","10:24:00","2","default","115855972","OXY_CH2","58.427","min","182.409","µmol/L","Humid","20.864","deg","80530","µV","29.779","°C","1016.000","hPa","35.3","pmil","0","53.237","deg","23.954","°C","100.000","%a.s.","21.023","deg","23.635","°C","1019.000","hPa","0.861","-0.02617","0.00035","0","0","13.56","Humid","28.00","0","54.00","361860.50","SABD0000000001","AAV1.0.0.11","1.1.2.0","PSt7-10","170328-007","9/30/2017 19:06:43","0000-00","0","no battery","V"
"09/09/2020","10:24:01","2","default","115855972","OXY_CH2","58.444","min","182.358","µmol/L","Humid","20.863","deg","80522","µV","29.791","°C","1016.000","hPa","35.3","pmil","0","53.237","deg","23.954","°C","100.000","%a.s.","21.023","deg","23.635","°C","1019.000","hPa","0.861","-0.02617","0.00035","0","0","13.56","Humid","28.00","0","54.00","361856.92","SABD0000000001","AAV1.0.0.11","1.1.2.0","PSt7-10","170328-007","9/30/2017 19:06:43","0000-00","0","no battery","V"
"09/09/2020","10:24:02","2","default","115855972","OXY_CH2","58.460","min","182.339","µmol/L","Humid","20.868","deg","80516","µV","29.780","°C","1016.000","hPa","35.3","pmil","0","53.237","deg","23.954","°C","100.000","%a.s.","21.023","deg","23.635","°C","1019.000","hPa","0.861","-0.02617","0.00035","0","0","13.56","Humid","28.00","0","54.00","361857.39","SABD0000000001","AAV1.0.0.11","1.1.2.0","PSt7-10","170328-007","9/30/2017 19:06:43","0000-00","0","no battery","V"
"09/09/2020","10:24:03","2","default","115855972","OXY_CH2","58.477","min","182.340","µmol/L","Humid","20.865","deg","80524","µV","29.788","°C","1016.000","hPa","35.3","pmil","0","53.237","deg","23.954","°C","100.000","%a.s.","21.023","deg","23.635","°C","1019.000","hPa","0.861","-0.02617","0.00035","0","0","13.56","Humid","28.00","0","54.00","361878.51","SABD0000000001","AAV1.0.0.11","1.1.2.0","PSt7-10","170328-007","9/30/2017 19:06:43","0000-00","0","no battery","V"
"09/09/2020","10:24:04","2","default","115855972","OXY_CH2","58.494","min","182.401","µmol/L","Humid","20.865","deg","80528","µV","29.778","°C","1016.000","hPa","35.3","pmil","0","53.237","deg","23.954","°C","100.000","%a.s.","21.023","deg","23.635","°C","1019.000","hPa","0.861","-0.02617","0.00035","0","0","13.56","Humid","28.00","0","54.00","361868.89","SABD0000000001","AAV1.0.0.11","1.1.2.0","PSt7-10","170328-007","9/30/2017 19:06:43","0000-00","0","no battery","V"
"09/09/2020","10:24:05","2","default","115855972","OXY_CH2","58.510","min","182.330","µmol/L","Humid","20.870","deg","80520","µV","29.776","°C","1016.000","hPa","35.3","pmil","0","53.237","deg","23.954","°C","100.000","%a.s.","21.023","deg","23.635","°C","1019.000","hPa","0.861","-0.02617","0.00035","0","0","13.56","Humid","28.00","0","54.00","361869.56","SABD0000000001","AAV1.0.0.11","1.1.2.0","PSt7-10","170328-007","9/30/2017 19:06:43","0000-00","0","no battery","V"
"09/09/2020","10:24:06","2","default","115855972","OXY_CH2","58.527","min","182.198","µmol/L","Humid","20.872","deg","80521","µV","29.793","°C","1016.000","hPa","35.3","pmil","0","53.237","deg","23.954","°C","100.000","%a.s.","21.023","deg","23.635","°C","1019.000","hPa","0.861","-0.02617","0.00035","0","0","13.56","Humid","28.00","0","54.00","361879.14","SABD0000000001","AAV1.0.0.11","1.1.2.0","PSt7-10","170328-007","9/30/2017 19:06:43","0000-00","0","no battery","V"
"09/09/2020","10:24:07","2","default","115855972","OXY_CH2","58.544","min","182.237","µmol/L","Humid","20.866","deg","80518","µV","29.804","°C","1016.000","hPa","35.3","pmil","0","53.237","deg","23.954","°C","100.000","%a.s.","21.023","deg","23.635","°C","1019.000","hPa","0.861","-0.02617","0.00035","0","0","13.56","Humid","28.00","0","54.00","361869.91","SABD0000000001","AAV1.0.0.11","1.1.2.0","PSt7-10","170328-007","9/30/2017 19:06:43","0000-00","0","no battery","V"
"09/09/2020","10:24:08","2","default","115855972","OXY_CH2","58.560","min","182.259","µmol/L","Humid","20.866","deg","80520","µV","29.800","°C","1016.000","hPa","35.3","pmil","0","53.237","deg","23.954","°C","100.000","%a.s.","21.023","deg","23.635","°C","1019.000","hPa","0.861","-0.02617","0.00035","0","0","13.56","Humid","28.00","0","54.00","361845.78","SABD0000000001","AAV1.0.0.11","1.1.2.0","PSt7-10","170328-007","9/30/2017 19:06:43","0000-00","0","no battery","V"
"09/09/2020","10:24:09","2","default","115855972","OXY_CH2","58.578","min","182.419","µmol/L","Humid","20.862","deg","80514","µV","29.783","°C","1016.000","hPa","35.3","pmil","0","53.237","deg","23.954","°C","100.000","%a.s.","21.023","deg","23.635","°C","1019.000","hPa","0.861","-0.02617","0.00035","0","0","13.56","Humid","28.00","0","54.00","361879.64","SABD0000000001","AAV1.0.0.11","1.1.2.0","PSt7-10","170328-007","9/30/2017 19:06:43","0000-00","0","no battery","V"
"09/09/2020","10:24:10","2","default","115855972","OXY_CH2","58.594","min","182.281","µmol/L","Humid","20.867","deg","80517","µV","29.793","°C","1016.000","hPa","35.3","pmil","0","53.237","deg","23.954","°C","100.000","%a.s.","21.023","deg","23.635","°C","1019.000","hPa","0.861","-0.02617","0.00035","0","0","13.56","Humid","28.00","0","54.00","361868.26","SABD0000000001","AAV1.0.0.11","1.1.2.0","PSt7-10","170328-007","9/30/2017 19:06:43","0000-00","0","no battery","V"
"09/09/2020","10:24:11","2","default","115855972","OXY_CH2","58.610","min","182.392","µmol/L","Humid","20.861","deg","80521","µV","29.791","°C","1016.000","hPa","35.3","pmil","0","53.237","deg","23.954","°C","100.000","%a.s.","21.023","deg","23.635","°C","1019.000","hPa","0.861","-0.02617","0.00035","0","0","13.56","Humid","28.00","0","54.00","361867.44","SABD0000000001","AAV1.0.0.11","1.1.2.0","PSt7-10","170328-007","9/30/2017 19:06:43","0000-00","0","no battery","V"
"09/09/2020","10:24:12","2","default","115855972","OXY_CH2","58.627","min","182.301","µmol/L","Humid","20.868","deg","80519","µV","29.787","°C","1016.000","hPa","35.3","pmil","0","53.237","deg","23.954","°C","100.000","%a.s.","21.023","deg","23.635","°C","1019.000","hPa","0.861","-0.02617","0.00035","0","0","13.56","Humid","28.00","0","54.00","361867.06","SABD0000000001","AAV1.0.0.11","1.1.2.0","PSt7-10","170328-007","9/30/2017 19:06:43","0000-00","0","no battery","V"
"09/09/2020","10:24:13","2","default","115855972","OXY_CH2","58.644","min","182.322","µmol/L","Humid","20.866","deg","80515","µV","29.789","°C","1016.000","hPa","35.3","pmil","0","53.237","deg","23.954","°C","100.000","%a.s.","21.023","deg","23.635","°C","1019.000","hPa","0.861","-0.02617","0.00035","0","0","13.56","Humid","28.00","0","54.00","361868.67","SABD0000000001","AAV1.0.0.11","1.1.2.0","PSt7-10","170328-007","9/30/2017 19:06:43","0000-00","0","no battery","V"
"09/09/2020","10:24:14","2","default","115855972","OXY_CH2","58.661","min","182.407","µmol/L","Humid","20.864","deg","80522","µV","29.780","°C","1016.000","hPa","35.3","pmil","0","53.237","deg","23.954","°C","100.000","%a.s.","21.023","deg","23.635","°C","1019.000","hPa","0.861","-0.02617","0.00035","0","0","13.56","Humid","28.00","0","54.00","361865.41","SABD0000000001","AAV1.0.0.11","1.1.2.0","PSt7-10","170328-007","9/30/2017 19:06:43","0000-00","0","no battery","V"
"09/09/2020","10:24:15","2","default","115855972","OXY_CH2","58.677","min","182.297","µmol/L","Humid","20.867","deg","80513","µV","29.790","°C","1016.000","hPa","35.3","pmil","0","53.237","deg","23.954","°C","100.000","%a.s.","21.023","deg","23.635","°C","1019.000","hPa","0.861","-0.02617","0.00035","0","0","13.56","Humid","28.00","0","54.00","361863.40","SABD0000000001","AAV1.0.0.11","1.1.2.0","PSt7-10","170328-007","9/30/2017 19:06:43","0000-00","0","no battery","V"
"09/09/2020","10:24:16","2","default","115855972","OXY_CH2","58.694","min","182.239","µmol/L","Humid","20.865","deg","80511","µV","29.806","°C","1016.000","hPa","35.3","pmil","0","53.237","deg","23.954","°C","100.000","%a.s.","21.023","deg","23.635","°C","1019.000","hPa","0.861","-0.02617","0.00035","0","0","13.56","Humid","28.00","0","54.00","361864.66","SABD0000000001","AAV1.0.0.11","1.1.2.0","PSt7-10","170328-007","9/30/2017 19:06:43","0000-00","0","no battery","V"
"09/09/2020","10:24:17","2","default","115855972","OXY_CH2","58.711","min","182.423","µmol/L","Humid","20.862","deg","80511","µV","29.783","°C","1016.000","hPa","35.3","pmil","0","53.237","deg","23.954","°C","100.000","%a.s.","21.023","deg","23.635","°C","1019.000","hPa","0.861","-0.02617","0.00035","0","0","13.56","Humid","28.00","0","54.00","361857.40","SABD0000000001","AAV1.0.0.11","1.1.2.0","PSt7-10","170328-007","9/30/2017 19:06:43","0000-00","0","no battery","V"
"09/09/2020","10:24:18","2","default","115855972","OXY_CH2","58.727","min","182.373","µmol/L","Humid","20.866","deg","80506","µV","29.780","°C","1016.000","hPa","35.3","pmil","0","53.237","deg","23.954","°C","100.000","%a.s.","21.023","deg","23.635","°C","1019.000","hPa","0.861","-0.02617","0.00035","0","0","13.56","Humid","28.00","0","54.00","361858.63","SABD0000000001","AAV1.0.0.11","1.1.2.0","PSt7-10","170328-007","9/30/2017 19:06:43","0000-00","0","no battery","V"
"09/09/2020","10:24:19","2","default","115855972","OXY_CH2","58.744","min","182.413","µmol/L","Humid","20.863","deg","80511","µV","29.782","°C","1016.000","hPa","35.3","pmil","0","53.237","deg","23.954","°C","100.000","%a.s.","21.023","deg","23.635","°C","1019.000","hPa","0.861","-0.02617","0.00035","0","0","13.56","Humid","28.00","0","54.00","361856.63","SABD0000000001","AAV1.0.0.11","1.1.2.0","PSt7-10","170328-007","9/30/2017 19:06:43","0000-00","0","no battery","V"
"09/09/2020","10:24:20","2","default","115855972","OXY_CH2","58.761","min","182.461","µmol/L","Humid","20.860","deg","80507","µV","29.782","°C","1016.000","hPa","35.3","pmil","0","53.237","deg","23.954","°C","100.000","%a.s.","21.023","deg","23.635","°C","1019.000","hPa","0.861","-0.02617","0.00035","0","0","13.56","Humid","28.00","0","54.00","361866.03","SABD0000000001","AAV1.0.0.11","1.1.2.0","PSt7-10","170328-007","9/30/2017 19:06:43","0000-00","0","no battery","V"
"09/09/2020","10:24:21","2","default","115855972","OXY_CH2","58.777","min","182.375","µmol/L","Humid","20.865","deg","80501","µV","29.782","°C","1016.000","hPa","35.3","pmil","0","53.237","deg","23.954","°C","100.000","%a.s.","21.023","deg","23.635","°C","1019.000","hPa","0.861","-0.02617","0.00035","0","0","13.56","Humid","28.00","0","54.00","361846.38","SABD0000000001","AAV1.0.0.11","1.1.2.0","PSt7-10","170328-007","9/30/2017 19:06:43","0000-00","0","no battery","V"
"09/09/2020","10:24:22","2","default","115855972","OXY_CH2","58.794","min","182.343","µmol/L","Humid","20.865","deg","80504","µV","29.788","°C","1016.000","hPa","35.3","pmil","0","53.237","deg","23.954","°C","100.000","%a.s.","21.023","deg","23.635","°C","1019.000","hPa","0.861","-0.02617","0.00035","0","0","13.56","Humid","28.00","0","54.00","361846.40","SABD0000000001","AAV1.0.0.11","1.1.2.0","PSt7-10","170328-007","9/30/2017 19:06:43","0000-00","0","no battery","V"
"09/09/2020","10:24:23","2","default","115855972","OXY_CH2","58.810","min","182.392","µmol/L","Humid","20.863","deg","80501","µV","29.785","°C","1016.000","hPa","35.3","pmil","0","53.237","deg","23.954","°C","100.000","%a.s.","21.023","deg","23.635","°C","1019.000","hPa","0.861","-0.02617","0.00035","0","0","13.56","Humid","28.00","0","54.00","361846.72","SABD0000000001","AAV1.0.0.11","1.1.2.0","PSt7-10","170328-007","9/30/2017 19:06:43","0000-00","0","no battery","V"
"09/09/2020","10:24:24","2","default","115855972","OXY_CH2","58.827","min","182.397","µmol/L","Humid","20.862","deg","80499","µV","29.787","°C","1016.000","hPa","35.3","pmil","0","53.237","deg","23.954","°C","100.000","%a.s.","21.023","deg","23.635","°C","1019.000","hPa","0.861","-0.02617","0.00035","0","0","13.56","Humid","28.00","0","54.00","361849.39","SABD0000000001","AAV1.0.0.11","1.1.2.0","PSt7-10","170328-007","9/30/2017 19:06:43","0000-00","0","no battery","V"
"09/09/2020","10:24:25","2","default","115855972","OXY_CH2","58.844","min","182.383","µmol/L","Humid","20.862","deg","80505","µV","29.790","°C","1016.000","hPa","35.3","pmil","0","53.237","deg","23.954","°C","100.000","%a.s.","21.023","deg","23.635","°C","1019.000","hPa","0.861","-0.02617","0.00035","0","0","13.56","Humid","28.00","0","54.00","361848.61","SABD0000000001","AAV1.0.0.11","1.1.2.0","PSt7-10","170328-007","9/30/2017 19:06:43","0000-00","0","no battery","V"
"09/09/2020","10:24:26","2","default","115855972","OXY_CH2","58.861","min","182.317","µmol/L","Humid","20.862","deg","80494","µV","29.801","°C","1016.000","hPa","35.3","pmil","0","53.237","deg","23.954","°C","100.000","%a.s.","21.023","deg","23.635","°C","1019.000","hPa","0.861","-0.02617","0.00035","0","0","13.56","Humid","28.00","0","54.00","361836.53","SABD0000000001","AAV1.0.0.11","1.1.2.0","PSt7-10","170328-007","9/30/2017 19:06:43","0000-00","0","no battery","V"
"09/09/2020","10:24:27","2","default","115855972","OXY_CH2","58.877","min","182.324","µmol/L","Humid","20.864","deg","80500","µV","29.794","°C","1016.000","hPa","35.3","pmil","0","53.237","deg","23.954","°C","100.000","%a.s.","21.023","deg","23.635","°C","1019.000","hPa","0.861","-0.02617","0.00035","0","0","13.56","Humid","28.00","0","54.00","361838.63","SABD0000000001","AAV1.0.0.11","1.1.2.0","PSt7-10","170328-007","9/30/2017 19:06:43","0000-00","0","no battery","V"
"09/09/2020","10:24:28","2","default","115855972","OXY_CH2","58.894","min","182.338","µmol/L","Humid","20.862","deg","80494","µV","29.798","°C","1016.000","hPa","35.3","pmil","0","53.237","deg","23.954","°C","100.000","%a.s.","21.023","deg","23.635","°C","1019.000","hPa","0.861","-0.02617","0.00035","0","0","13.56","Humid","28.00","0","54.00","361846.53","SABD0000000001","AAV1.0.0.11","1.1.2.0","PSt7-10","170328-007","9/30/2017 19:06:43","0000-00","0","no battery","V"
"09/09/2020","10:24:29","2","default","115855972","OXY_CH2","58.911","min","182.375","µmol/L","Humid","20.861","deg","80505","µV","29.794","°C","1016.000","hPa","35.3","pmil","0","53.237","deg","23.954","°C","100.000","%a.s.","21.023","deg","23.635","°C","1019.000","hPa","0.861","-0.02617","0.00035","0","0","13.56","Humid","28.00","0","54.00","361849.52","SABD0000000001","AAV1.0.0.11","1.1.2.0","PSt7-10","170328-007","9/30/2017 19:06:43","0000-00","0","no battery","V"
"09/09/2020","10:24:30","2","default","115855972","OXY_CH2","58.928","min","182.415","µmol/L","Humid","20.859","deg","80494","µV","29.793","°C","1016.000","hPa","35.3","pmil","0","53.237","deg","23.954","°C","100.000","%a.s.","21.023","deg","23.635","°C","1019.000","hPa","0.861","-0.02617","0.00035","0","0","13.56","Humid","28.00","0","54.00","361853.85","SABD0000000001","AAV1.0.0.11","1.1.2.0","PSt7-10","170328-007","9/30/2017 19:06:43","0000-00","0","no battery","V"
"09/09/2020","10:24:31","2","default","115855972","OXY_CH2","58.944","min","182.234","µmol/L","Humid","20.865","deg","80495","µV","29.807","°C","1016.000","hPa","35.3","pmil","0","53.237","deg","23.954","°C","100.000","%a.s.","21.023","deg","23.635","°C","1019.000","hPa","0.861","-0.02617","0.00035","0","0","13.56","Humid","28.00","0","54.00","361853.17","SABD0000000001","AAV1.0.0.11","1.1.2.0","PSt7-10","170328-007","9/30/2017 19:06:43","0000-00","0","no battery","V"
"09/09/2020","10:24:32","2","default","115855972","OXY_CH2","58.961","min","182.444","µmol/L","Humid","20.860","deg","80495","µV","29.785","°C","1016.000","hPa","35.3","pmil","0","53.237","deg","23.954","°C","100.000","%a.s.","21.023","deg","23.635","°C","1019.000","hPa","0.861","-0.02617","0.00035","0","0","13.56","Humid","28.00","0","54.00","361856.02","SABD0000000001","AAV1.0.0.11","1.1.2.0","PSt7-10","170328-007","9/30/2017 19:06:43","0000-00","0","no battery","V"
"09/09/2020","10:24:33","2","default","115855972","OXY_CH2","58.978","min","182.314","µmol/L","Humid","20.863","deg","80491","µV","29.799","°C","1016.000","hPa","35.3","pmil","0","53.237","deg","23.954","°C","100.000","%a.s.","21.023","deg","23.635","°C","1019.000","hPa","0.861","-0.02617","0.00035","0","0","13.56","Humid","28.00","0","54.00","361850.75","SABD0000000001","AAV1.0.0.11","1.1.2.0","PSt7-10","170328-007","9/30/2017 19:06:43","0000-00","0","no battery","V"
"09/09/2020","10:24:34","2","default","115855972","OXY_CH2","58.994","min","182.358","µmol/L","Humid","20.864","deg","80493","µV","29.788","°C","1016.000","hPa","35.3","pmil","0","53.237","deg","23.954","°C","100.000","%a.s.","21.023","deg","23.635","°C","1019.000","hPa","0.861","-0.02617","0.00035","0","0","13.56","Humid","28.00","0","54.00","361834.79","SABD0000000001","AAV1.0.0.11","1.1.2.0","PSt7-10","170328-007","9/30/2017 19:06:43","0000-00","0","no battery","V"
"09/09/2020","10:24:35","2","default","115855972","OXY_CH2","59.011","min","182.332","µmol/L","Humid","20.862","deg","80490","µV","29.799","°C","1016.000","hPa","35.3","pmil","0","53.237","deg","23.954","°C","100.000","%a.s.","21.023","deg","23.635","°C","1019.000","hPa","0.861","-0.02617","0.00035","0","0","13.56","Humid","28.00","0","54.00","361845.44","SABD0000000001","AAV1.0.0.11","1.1.2.0","PSt7-10","170328-007","9/30/2017 19:06:43","0000-00","0","no battery","V"
"09/09/2020","10:24:36","2","default","115855972","OXY_CH2","59.028","min","182.409","µmol/L","Humid","20.855","deg","80497","µV","29.805","°C","1016.000","hPa","35.3","pmil","0","53.237","deg","23.954","°C","100.000","%a.s.","21.023","deg","23.635","°C","1019.000","hPa","0.861","-0.02617","0.00035","0","0","13.56","Humid","28.00","0","54.00","361846.18","SABD0000000001","AAV1.0.0.11","1.1.2.0","PSt7-10","170328-007","9/30/2017 19:06:43","0000-00","0","no battery","V"
"09/09/2020","10:24:37","2","default","115855972","OXY_CH2","59.044","min","182.455","µmol/L","Humid","20.859","deg","80482","µV","29.786","°C","1016.000","hPa","35.3","pmil","0","53.237","deg","23.954","°C","100.000","%a.s.","21.023","deg","23.635","°C","1019.000","hPa","0.861","-0.02617","0.00035","0","0","13.56","Humid","28.00","0","54.00","361846.60","SABD0000000001","AAV1.0.0.11","1.1.2.0","PSt7-10","170328-007","9/30/2017 19:06:43","0000-00","0","no battery","V"
"09/09/2020","10:24:38","2","default","115855972","OXY_CH2","59.061","min","182.417","µmol/L","Humid","20.857","deg","80486","µV","29.798","°C","1016.000","hPa","35.3","pmil","0","53.237","deg","23.954","°C","100.000","%a.s.","21.023","deg","23.635","°C","1019.000","hPa","0.861","-0.02617","0.00035","0","0","13.56","Humid","28.00","0","54.00","361842.42","SABD0000000001","AAV1.0.0.11","1.1.2.0","PSt7-10","170328-007","9/30/2017 19:06:43","0000-00","0","no battery","V"
"09/09/2020","10:24:39","2","default","115855972","OXY_CH2","59.077","min","182.528","µmol/L","Humid","20.856","deg","80484","µV","29.782","°C","1016.000","hPa","35.3","pmil","0","53.237","deg","23.954","°C","100.000","%a.s.","21.023","deg","23.635","°C","1019.000","hPa","0.861","-0.02617","0.00035","0","0","13.56","Humid","28.00","0","54.00","361841.56","SABD0000000001","AAV1.0.0.11","1.1.2.0","PSt7-10","170328-007","9/30/2017 19:06:43","0000-00","0","no battery","V"
"09/09/2020","10:24:40","2","default","115855972","OXY_CH2","59.094","min","182.525","µmol/L","Humid","20.854","deg","80485","µV","29.788","°C","1016.000","hPa","35.3","pmil","0","53.237","deg","23.954","°C","100.000","%a.s.","21.023","deg","23.635","°C","1019.000","hPa","0.861","-0.02617","0.00035","0","0","13.56","Humid","28.00","0","54.00","361845.74","SABD0000000001","AAV1.0.0.11","1.1.2.0","PSt7-10","170328-007","9/30/2017 19:06:43","0000-00","0","no battery","V"
"09/09/2020","10:24:41","2","default","115855972","OXY_CH2","59.110","min","182.476","µmol/L","Humid","20.858","deg","80483","µV","29.785","°C","1016.000","hPa","35.3","pmil","0","53.237","deg","23.954","°C","100.000","%a.s.","21.023","deg","23.635","°C","1019.000","hPa","0.861","-0.02617","0.00035","0","0","13.56","Humid","28.00","0","54.00","361818.04","SABD0000000001","AAV1.0.0.11","1.1.2.0","PSt7-10","170328-007","9/30/2017 19:06:43","0000-00","0","no battery","V"
"09/09/2020","10:24:42","2","default","115855972","OXY_CH2","59.127","min","182.504","µmol/L","Humid","20.858","deg","80474","µV","29.780","°C","1016.000","hPa","35.3","pmil","0","53.237","deg","23.954","°C","100.000","%a.s.","21.023","deg","23.635","°C","1019.000","hPa","0.861","-0.02617","0.00035","0","0","13.56","Humid","28.00","0","54.00","361831.18","SABD0000000001","AAV1.0.0.11","1.1.2.0","PSt7-10","170328-007","9/30/2017 19:06:43","0000-00","0","no battery","V"
"09/09/2020","10:24:43","2","default","115855972","OXY_CH2","59.144","min","182.522","µmol/L","Humid","20.857","deg","80485","µV","29.780","°C","1016.000","hPa","35.3","pmil","0","53.237","deg","23.954","°C","100.000","%a.s.","21.023","deg","23.635","°C","1019.000","hPa","0.861","-0.02617","0.00035","0","0","13.56","Humid","28.00","0","54.00","361836.36","SABD0000000001","AAV1.0.0.11","1.1.2.0","PSt7-10","170328-007","9/30/2017 19:06:43","0000-00","0","no battery","V"
"09/09/2020","10:24:44","2","default","115855972","OXY_CH2","59.161","min","182.392","µmol/L","Humid","20.858","deg","80482","µV","29.800","°C","1016.000","hPa","35.3","pmil","0","53.237","deg","23.954","°C","100.000","%a.s.","21.023","deg","23.635","°C","1019.000","hPa","0.861","-0.02617","0.00035","0","0","13.56","Humid","28.00","0","54.00","361822.22","SABD0000000001","AAV1.0.0.11","1.1.2.0","PSt7-10","170328-007","9/30/2017 19:06:43","0000-00","0","no battery","V"
"09/09/2020","10:24:45","2","default","115855972","OXY_CH2","59.178","min","182.433","µmol/L","Humid","20.857","deg","80484","µV","29.795","°C","1016.000","hPa","35.3","pmil","0","53.237","deg","23.954","°C","100.000","%a.s.","21.023","deg","23.635","°C","1019.000","hPa","0.861","-0.02617","0.00035","0","0","13.56","Humid","28.00","0","54.00","361832.17","SABD0000000001","AAV1.0.0.11","1.1.2.0","PSt7-10","170328-007","9/30/2017 19:06:43","0000-00","0","no battery","V"
"09/09/2020","10:24:46","2","default","115855972","OXY_CH2","59.194","min","182.407","µmol/L","Humid","20.860","deg","80476","µV","29.791","°C","1016.000","hPa","35.3","pmil","0","53.237","deg","23.954","°C","100.000","%a.s.","21.023","deg","23.635","°C","1019.000","hPa","0.861","-0.02617","0.00035","0","0","13.56","Humid","28.00","0","54.00","361835.90","SABD0000000001","AAV1.0.0.11","1.1.2.0","PSt7-10","170328-007","9/30/2017 19:06:43","0000-00","0","no battery","V"
"09/09/2020","10:24:47","2","default","115855972","OXY_CH2","59.211","min","182.398","µmol/L","Humid","20.858","deg","80479","µV","29.799","°C","1016.000","hPa","35.3","pmil","0","53.237","deg","23.954","°C","100.000","%a.s.","21.023","deg","23.635","°C","1019.000","hPa","0.861","-0.02617","0.00035","0","0","13.56","Humid","28.00","0","54.00","361826.53","SABD0000000001","AAV1.0.0.11","1.1.2.0","PSt7-10","170328-007","9/30/2017 19:06:43","0000-00","0","no battery","V"
"09/09/2020","10:24:48","2","default","115855972","OXY_CH2","59.227","min","182.380","µmol/L","Humid","20.858","deg","80476","µV","29.802","°C","1016.000","hPa","35.3","pmil","0","53.237","deg","23.954","°C","100.000","%a.s.","21.023","deg","23.635","°C","1019.000","hPa","0.861","-0.02617","0.00035","0","0","13.56","Humid","28.00","0","54.00","361832.98","SABD0000000001","AAV1.0.0.11","1.1.2.0","PSt7-10","170328-007","9/30/2017 19:06:43","0000-00","0","no battery","V"
"09/09/2020","10:24:49","2","default","115855972","OXY_CH2","59.244","min","182.346","µmol/L","Humid","20.860","deg","80478","µV","29.802","°C","1016.000","hPa","35.3","pmil","0","53.237","deg","23.954","°C","100.000","%a.s.","21.023","deg","23.635","°C","1019.000","hPa","0.861","-0.02617","0.00035","0","0","13.56","Humid","28.00","0","54.00","361832.85","SABD0000000001","AAV1.0.0.11","1.1.2.0","PSt7-10","170328-007","9/30/2017 19:06:43","0000-00","0","no battery","V"
"09/09/2020","10:24:50","2","default","115855972","OXY_CH2","59.260","min","182.412","µmol/L","Humid","20.855","deg","80480","µV","29.805","°C","1016.000","hPa","35.3","pmil","0","53.237","deg","23.954","°C","100.000","%a.s.","21.023","deg","23.635","°C","1019.000","hPa","0.861","-0.02617","0.00035","0","0","13.56","Humid","28.00","0","54.00","361817.43","SABD0000000001","AAV1.0.0.11","1.1.2.0","PSt7-10","170328-007","9/30/2017 19:06:43","0000-00","0","no battery","V"
"09/09/2020","10:24:51","2","default","115855972","OXY_CH2","59.277","min","182.367","µmol/L","Humid","20.861","deg","80468","µV","29.795","°C","1016.000","hPa","35.3","pmil","0","53.237","deg","23.954","°C","100.000","%a.s.","21.023","deg","23.635","°C","1019.000","hPa","0.861","-0.02617","0.00035","0","0","13.56","Humid","28.00","0","54.00","361824.42","SABD0000000001","AAV1.0.0.11","1.1.2.0","PSt7-10","170328-007","9/30/2017 19:06:43","0000-00","0","no battery","V"
"09/09/2020","10:24:52","2","default","115855972","OXY_CH2","59.294","min","182.474","µmol/L","Humid","20.856","deg","80480","µV","29.791","°C","1016.000","hPa","35.3","pmil","0","53.237","deg","23.954","°C","100.000","%a.s.","21.023","deg","23.635","°C","1019.000","hPa","0.861","-0.02617","0.00035","0","0","13.56","Humid","28.00","0","54.00","361824.50","SABD0000000001","AAV1.0.0.11","1.1.2.0","PSt7-10","170328-007","9/30/2017 19:06:43","0000-00","0","no battery","V"
"09/09/2020","10:24:53","2","default","115855972","OXY_CH2","59.310","min","182.439","µmol/L","Humid","20.860","deg","80472","µV","29.786","°C","1016.000","hPa","35.3","pmil","0","53.237","deg","23.954","°C","100.000","%a.s.","21.023","deg","23.635","°C","1019.000","hPa","0.861","-0.02617","0.00035","0","0","13.56","Humid","28.00","0","54.00","361817.53","SABD0000000001","AAV1.0.0.11","1.1.2.0","PSt7-10","170328-007","9/30/2017 19:06:43","0000-00","0","no battery","V"
"09/09/2020","10:24:54","2","default","115855972","OXY_CH2","59.327","min","182.432","µmol/L","Humid","20.855","deg","80474","µV","29.801","°C","1016.000","hPa","35.3","pmil","0","53.237","deg","23.954","°C","100.000","%a.s.","21.023","deg","23.635","°C","1019.000","hPa","0.861","-0.02617","0.00035","0","0","13.56","Humid","28.00","0","54.00","361830.32","SABD0000000001","AAV1.0.0.11","1.1.2.0","PSt7-10","170328-007","9/30/2017 19:06:43","0000-00","0","no battery","V"
"09/09/2020","10:24:55","2","default","115855972","OXY_CH2","59.344","min","182.380","µmol/L","Humid","20.856","deg","80462","µV","29.808","°C","1016.000","hPa","35.3","pmil","0","53.237","deg","23.954","°C","100.000","%a.s.","21.023","deg","23.635","°C","1019.000","hPa","0.861","-0.02617","0.00035","0","0","13.56","Humid","28.00","0","54.00","361826.21","SABD0000000001","AAV1.0.0.11","1.1.2.0","PSt7-10","170328-007","9/30/2017 19:06:43","0000-00","0","no battery","V"
"09/09/2020","10:24:56","2","default","115855972","OXY_CH2","59.361","min","182.438","µmol/L","Humid","20.853","deg","80468","µV","29.806","°C","1016.000","hPa","35.3","pmil","0","53.237","deg","23.954","°C","100.000","%a.s.","21.023","deg","23.635","°C","1019.000","hPa","0.861","-0.02617","0.00035","0","0","13.56","Humid","28.00","0","54.00","361811.43","SABD0000000001","AAV1.0.0.11","1.1.2.0","PSt7-10","170328-007","9/30/2017 19:06:43","0000-00","0","no battery","V"
"09/09/2020","10:24:57","2","default","115855972","OXY_CH2","59.378","min","182.429","µmol/L","Humid","20.857","deg","80463","µV","29.796","°C","1016.000","hPa","35.3","pmil","0","53.237","deg","23.954","°C","100.000","%a.s.","21.023","deg","23.635","°C","1019.000","hPa","0.861","-0.02617","0.00035","0","0","13.56","Humid","28.00","0","54.00","361825.92","SABD0000000001","AAV1.0.0.11","1.1.2.0","PSt7-10","170328-007","9/30/2017 19:06:43","0000-00","0","no battery","V"
"09/09/2020","10:24:58","2","default","115855972","OXY_CH2","59.394","min","182.495","µmol/L","Humid","20.856","deg","80474","µV","29.788","°C","1016.000","hPa","35.3","pmil","0","53.237","deg","23.954","°C","100.000","%a.s.","21.023","deg","23.635","°C","1019.000","hPa","0.861","-0.02617","0.00035","0","0","13.56","Humid","28.00","0","54.00","361823.89","SABD0000000001","AAV1.0.0.11","1.1.2.0","PSt7-10","170328-007","9/30/2017 19:06:43","0000-00","0","no battery","V"
"09/09/2020","10:24:59","2","default","115855972","OXY_CH2","59.411","min","182.446","µmol/L","Humid","20.857","deg","80463","µV","29.793","°C","1016.000","hPa","35.3","pmil","0","53.237","deg","23.954","°C","100.000","%a.s.","21.023","deg","23.635","°C","1019.000","hPa","0.861","-0.02617","0.00035","0","0","13.56","Humid","28.00","0","54.00","361819.56","SABD0000000001","AAV1.0.0.11","1.1.2.0","PSt7-10","170328-007","9/30/2017 19:06:43","0000-00","0","no battery","V"
"09/09/2020","10:25:00","2","default","115855972","OXY_CH2","59.427","min","182.481","µmol/L","Humid","20.856","deg","80464","µV","29.790","°C","1016.000","hPa","35.3","pmil","0","53.237","deg","23.954","°C","100.000","%a.s.","21.023","deg","23.635","°C","1019.000","hPa","0.861","-0.02617","0.00035","0","0","13.56","Humid","28.00","0","54.00","361817.65","SABD0000000001","AAV1.0.0.11","1.1.2.0","PSt7-10","170328-007","9/30/2017 19:06:43","0000-00","0","no battery","V"
"09/09/2020","10:25:01","2","default","115855972","OXY_CH2","59.444","min","182.455","µmol/L","Humid","20.860","deg","80463","µV","29.783","°C","1016.000","hPa","35.3","pmil","0","53.237","deg","23.954","°C","100.000","%a.s.","21.023","deg","23.635","°C","1019.000","hPa","0.861","-0.02617","0.00035","0","0","13.56","Humid","28.00","0","54.00","361826.92","SABD0000000001","AAV1.0.0.11","1.1.2.0","PSt7-10","170328-007","9/30/2017 19:06:43","0000-00","0","no battery","V"
"09/09/2020","10:25:02","2","default","115855972","OXY_CH2","59.461","min","182.479","µmol/L","Humid","20.855","deg","80468","µV","29.793","°C","1016.000","hPa","35.3","pmil","0","53.237","deg","23.954","°C","100.000","%a.s.","21.023","deg","23.635","°C","1019.000","hPa","0.861","-0.02617","0.00035","0","0","13.56","Humid","28.00","0","54.00","361817.44","SABD0000000001","AAV1.0.0.11","1.1.2.0","PSt7-10","170328-007","9/30/2017 19:06:43","0000-00","0","no battery","V"
"09/09/2020","10:25:03","2","default","115855972","OXY_CH2","59.477","min","182.547","µmol/L","Humid","20.851","deg","80461","µV","29.793","°C","1016.000","hPa","35.3","pmil","0","53.237","deg","23.954","°C","100.000","%a.s.","21.023","deg","23.635","°C","1019.000","hPa","0.861","-0.02617","0.00035","0","0","13.56","Humid","28.00","0","54.00","361828.52","SABD0000000001","AAV1.0.0.11","1.1.2.0","PSt7-10","170328-007","9/30/2017 19:06:43","0000-00","0","no battery","V"
"09/09/2020","10:25:04","2","default","115855972","OXY_CH2","59.494","min","182.426","µmol/L","Humid","20.853","deg","80460","µV","29.808","°C","1016.000","hPa","35.3","pmil","0","53.237","deg","23.954","°C","100.000","%a.s.","21.023","deg","23.635","°C","1019.000","hPa","0.861","-0.02617","0.00035","0","0","13.56","Humid","28.00","0","54.00","361838.44","SABD0000000001","AAV1.0.0.11","1.1.2.0","PSt7-10","170328-007","9/30/2017 19:06:43","0000-00","0","no battery","V"
"09/09/2020","10:25:05","2","default","115855972","OXY_CH2","59.510","min","182.370","µmol/L","Humid","20.853","deg","80461","µV","29.818","°C","1016.000","hPa","35.3","pmil","0","53.237","deg","23.954","°C","100.000","%a.s.","21.023","deg","23.635","°C","1019.000","hPa","0.861","-0.02617","0.00035","0","0","13.56","Humid","28.00","0","54.00","361814.29","SABD0000000001","AAV1.0.0.11","1.1.2.0","PSt7-10","170328-007","9/30/2017 19:06:43","0000-00","0","no battery","V"
"09/09/2020","10:25:06","2","default","115855972","OXY_CH2","59.527","min","182.389","µmol/L","Humid","20.855","deg","80453","µV","29.809","°C","1016.000","hPa","35.3","pmil","0","53.237","deg","23.954","°C","100.000","%a.s.","21.023","deg","23.635","°C","1019.000","hPa","0.861","-0.02617","0.00035","0","0","13.56","Humid","28.00","0","54.00","361815.50","SABD0000000001","AAV1.0.0.11","1.1.2.0","PSt7-10","170328-007","9/30/2017 19:06:43","0000-00","0","no battery","V"
"09/09/2020","10:25:07","2","default","115855972","OXY_CH2","59.544","min","182.317","µmol/L","Humid","20.855","deg","80455","µV","29.821","°C","1016.000","hPa","35.3","pmil","0","53.237","deg","23.954","°C","100.000","%a.s.","21.023","deg","23.635","°C","1019.000","hPa","0.861","-0.02617","0.00035","0","0","13.56","Humid","28.00","0","54.00","361815.26","SABD0000000001","AAV1.0.0.11","1.1.2.0","PSt7-10","170328-007","9/30/2017 19:06:43","0000-00","0","no battery","V"
"09/09/2020","10:25:08","2","default","115855972","OXY_CH2","59.561","min","182.393","µmol/L","Humid","20.851","deg","80454","µV","29.820","°C","1016.000","hPa","35.3","pmil","0","53.237","deg","23.954","°C","100.000","%a.s.","21.023","deg","23.635","°C","1019.000","hPa","0.861","-0.02617","0.00035","0","0","13.56","Humid","28.00","0","54.00","361817.93","SABD0000000001","AAV1.0.0.11","1.1.2.0","PSt7-10","170328-007","9/30/2017 19:06:43","0000-00","0","no battery","V"
"09/09/2020","10:25:09","2","default","115855972","OXY_CH2","59.577","min","182.364","µmol/L","Humid","20.853","deg","80452","µV","29.819","°C","1016.000","hPa","35.3","pmil","0","53.237","deg","23.954","°C","100.000","%a.s.","21.023","deg","23.635","°C","1019.000","hPa","0.861","-0.02617","0.00035","0","0","13.56","Humid","28.00","0","54.00","361810.54","SABD0000000001","AAV1.0.0.11","1.1.2.0","PSt7-10","170328-007","9/30/2017 19:06:43","0000-00","0","no battery","V"
"09/09/2020","10:25:10","2","default","115855972","OXY_CH2","59.594","min","182.476","µmol/L","Humid","20.852","deg","80454","µV","29.802","°C","1016.000","hPa","35.3","pmil","0","53.237","deg","23.954","°C","100.000","%a.s.","21.023","deg","23.635","°C","1019.000","hPa","0.861","-0.02617","0.00035","0","0","13.56","Humid","28.00","0","54.00","361825.16","SABD0000000001","AAV1.0.0.11","1.1.2.0","PSt7-10","170328-007","9/30/2017 19:06:43","0000-00","0","no battery","V"
"09/09/2020","10:25:11","2","default","115855972","OXY_CH2","59.611","min","182.537","µmol/L","Humid","20.849","deg","80448","µV","29.800","°C","1016.000","hPa","35.3","pmil","0","53.237","deg","23.954","°C","100.000","%a.s.","21.023","deg","23.635","°C","1019.000","hPa","0.861","-0.02617","0.00035","0","0","13.56","Humid","28.00","0","54.00","361808.21","SABD0000000001","AAV1.0.0.11","1.1.2.0","PSt7-10","170328-007","9/30/2017 19:06:43","0000-00","0","no battery","V"
"09/09/2020","10:25:12","2","default","115855972","OXY_CH2","59.628","min","182.430","µmol/L","Humid","20.856","deg","80448","µV","29.799","°C","1016.000","hPa","35.3","pmil","0","53.237","deg","23.954","°C","100.000","%a.s.","21.023","deg","23.635","°C","1019.000","hPa","0.861","-0.02617","0.00035","0","0","13.56","Humid","28.00","0","54.00","361820.95","SABD0000000001","AAV1.0.0.11","1.1.2.0","PSt7-10","170328-007","9/30/2017 19:06:43","0000-00","0","no battery","V"
"09/09/2020","10:25:13","2","default","115855972","OXY_CH2","59.644","min","182.424","µmol/L","Humid","20.853","deg","80445","µV","29.808","°C","1016.000","hPa","35.3","pmil","0","53.237","deg","23.954","°C","100.000","%a.s.","21.023","deg","23.635","°C","1019.000","hPa","0.861","-0.02617","0.00035","0","0","13.56","Humid","28.00","0","54.00","361809.43","SABD0000000001","AAV1.0.0.11","1.1.2.0","PSt7-10","170328-007","9/30/2017 19:06:43","0000-00","0","no battery","V"
"09/09/2020","10:25:14","2","default","115855972","OXY_CH2","59.661","min","182.447","µmol/L","Humid","20.855","deg","80448","µV","29.799","°C","1016.000","hPa","35.3","pmil","0","53.237","deg","23.954","°C","100.000","%a.s.","21.023","deg","23.635","°C","1019.000","hPa","0.861","-0.02617","0.00035","0","0","13.56","Humid","28.00","0","54.00","361807.28","SABD0000000001","AAV1.0.0.11","1.1.2.0","PSt7-10","170328-007","9/30/2017 19:06:43","0000-00","0","no battery","V"
"09/09/2020","10:25:15","2","default","115855972","OXY_CH2","59.678","min","182.471","µmol/L","Humid","20.854","deg","80442","µV","29.797","°C","1016.000","hPa","35.3","pmil","0","53.237","deg","23.954","°C","100.000","%a.s.","21.023","deg","23.635","°C","1019.000","hPa","0.861","-0.02617","0.00035","0","0","13.56","Humid","28.00","0","54.00","361802.92","SABD0000000001","AAV1.0.0.11","1.1.2.0","PSt7-10","170328-007","9/30/2017 19:06:43","0000-00","0","no battery","V"
"09/09/2020","10:25:16","2","default","115855972","OXY_CH2","59.694","min","182.491","µmol/L","Humid","20.850","deg","80442","µV","29.806","°C","1016.000","hPa","35.3","pmil","0","53.237","deg","23.954","°C","100.000","%a.s.","21.023","deg","23.635","°C","1019.000","hPa","0.861","-0.02617","0.00035","0","0","13.56","Humid","28.00","0","54.00","361794.04","SABD0000000001","AAV1.0.0.11","1.1.2.0","PSt7-10","170328-007","9/30/2017 19:06:43","0000-00","0","no battery","V"
"09/09/2020","10:25:17","2","default","115855972","OXY_CH2","59.711","min","182.543","µmol/L","Humid","20.851","deg","80445","µV","29.794","°C","1016.000","hPa","35.3","pmil","0","53.237","deg","23.954","°C","100.000","%a.s.","21.023","deg","23.635","°C","1019.000","hPa","0.861","-0.02617","0.00035","0","0","13.56","Humid","28.00","0","54.00","361799.32","SABD0000000001","AAV1.0.0.11","1.1.2.0","PSt7-10","170328-007","9/30/2017 19:06:43","0000-00","0","no battery","V"
"09/09/2020","10:25:18","2","default","115855972","OXY_CH2","59.728","min","182.500","µmol/L","Humid","20.851","deg","80441","µV","29.801","°C","1016.000","hPa","35.3","pmil","0","53.237","deg","23.954","°C","100.000","%a.s.","21.023","deg","23.635","°C","1019.000","hPa","0.861","-0.02617","0.00035","0","0","13.56","Humid","28.00","0","54.00","361820.35","SABD0000000001","AAV1.0.0.11","1.1.2.0","PSt7-10","170328-007","9/30/2017 19:06:43","0000-00","0","no battery","V"
"09/09/2020","10:25:19","2","default","115855972","OXY_CH2","59.744","min","182.432","µmol/L","Humid","20.852","deg","80440","µV","29.810","°C","1016.000","hPa","35.3","pmil","0","53.237","deg","23.954","°C","100.000","%a.s.","21.023","deg","23.635","°C","1019.000","hPa","0.861","-0.02617","0.00035","0","0","13.56","Humid","28.00","0","54.00","361799.10","SABD0000000001","AAV1.0.0.11","1.1.2.0","PSt7-10","170328-007","9/30/2017 19:06:43","0000-00","0","no battery","V"
"09/09/2020","10:25:20","2","default","115855972","OXY_CH2","59.761","min","182.418","µmol/L","Humid","20.851","deg","80435","µV","29.815","°C","1016.000","hPa","35.3","pmil","0","53.237","deg","23.954","°C","100.000","%a.s.","21.023","deg","23.635","°C","1019.000","hPa","0.861","-0.02617","0.00035","0","0","13.56","Humid","28.00","0","54.00","361803.93","SABD0000000001","AAV1.0.0.11","1.1.2.0","PSt7-10","170328-007","9/30/2017 19:06:43","0000-00","0","no battery","V"
"09/09/2020","10:25:21","2","default","115855972","OXY_CH2","59.777","min","182.528","µmol/L","Humid","20.851","deg","80440","µV","29.796","°C","1016.000","hPa","35.3","pmil","0","53.237","deg","23.954","°C","100.000","%a.s.","21.023","deg","23.635","°C","1019.000","hPa","0.861","-0.02617","0.00035","0","0","13.56","Humid","28.00","0","54.00","361785.66","SABD0000000001","AAV1.0.0.11","1.1.2.0","PSt7-10","170328-007","9/30/2017 19:06:43","0000-00","0","no battery","V"
"09/09/2020","10:25:22","2","default","115855972","OXY_CH2","59.794","min","182.582","µmol/L","Humid","20.848","deg","80433","µV","29.795","°C","1016.000","hPa","35.3","pmil","0","53.237","deg","23.954","°C","100.000","%a.s.","21.023","deg","23.635","°C","1019.000","hPa","0.861","-0.02617","0.00035","0","0","13.56","Humid","28.00","0","54.00","361806.15","SABD0000000001","AAV1.0.0.11","1.1.2.0","PSt7-10","170328-007","9/30/2017 19:06:43","0000-00","0","no battery","V"
"09/09/2020","10:25:23","2","default","115855972","OXY_CH2","59.810","min","182.430","µmol/L","Humid","20.851","deg","80434","µV","29.813","°C","1016.000","hPa","35.3","pmil","0","53.237","deg","23.954","°C","100.000","%a.s.","21.023","deg","23.635","°C","1019.000","hPa","0.861","-0.02617","0.00035","0","0","13.56","Humid","28.00","0","54.00","361805.27","SABD0000000001","AAV1.0.0.11","1.1.2.0","PSt7-10","170328-007","9/30/2017 19:06:43","0000-00","0","no battery","V"
"09/09/2020","10:25:24","2","default","115855972","OXY_CH2","59.827","min","182.427","µmol/L","Humid","20.851","deg","80438","µV","29.814","°C","1016.000","hPa","35.3","pmil","0","53.237","deg","23.954","°C","100.000","%a.s.","21.023","deg","23.635","°C","1019.000","hPa","0.861","-0.02617","0.00035","0","0","13.56","Humid","28.00","0","54.00","361815.83","SABD0000000001","AAV1.0.0.11","1.1.2.0","PSt7-10","170328-007","9/30/2017 19:06:43","0000-00","0","no battery","V"
"09/09/2020","10:25:25","2","default","115855972","OXY_CH2","59.844","min","182.438","µmol/L","Humid","20.851","deg","80434","µV","29.812","°C","1016.000","hPa","35.3","pmil","0","53.237","deg","23.954","°C","100.000","%a.s.","21.023","deg","23.635","°C","1019.000","hPa","0.861","-0.02617","0.00035","0","0","13.56","Humid","28.00","0","54.00","361805.25","SABD0000000001","AAV1.0.0.11","1.1.2.0","PSt7-10","170328-007","9/30/2017 19:06:43","0000-00","0","no battery","V"
"09/09/2020","10:25:26","2","default","115855972","OXY_CH2","59.860","min","182.530","µmol/L","Humid","20.846","deg","80433","µV","29.810","°C","1016.000","hPa","35.3","pmil","0","53.237","deg","23.954","°C","100.000","%a.s.","21.023","deg","23.635","°C","1019.000","hPa","0.861","-0.02617","0.00035","0","0","13.56","Humid","28.00","0","54.00","361791.97","SABD0000000001","AAV1.0.0.11","1.1.2.0","PSt7-10","170328-007","9/30/2017 19:06:43","0000-00","0","no battery","V"
"09/09/2020","10:25:27","2","default","115855972","OXY_CH2","59.878","min","182.434","µmol/L","Humid","20.852","deg","80431","µV","29.810","°C","1016.000","hPa","35.3","pmil","0","53.237","deg","23.954","°C","100.000","%a.s.","21.023","deg","23.635","°C","1019.000","hPa","0.861","-0.02617","0.00035","0","0","13.56","Humid","28.00","0","54.00","361805.25","SABD0000000001","AAV1.0.0.11","1.1.2.0","PSt7-10","170328-007","9/30/2017 19:06:43","0000-00","0","no battery","V"
"09/09/2020","10:25:28","2","default","115855972","OXY_CH2","59.894","min","182.455","µmol/L","Humid","20.850","deg","80431","µV","29.812","°C","1016.000","hPa","35.3","pmil","0","53.237","deg","23.954","°C","100.000","%a.s.","21.023","deg","23.635","°C","1019.000","hPa","0.861","-0.02617","0.00035","0","0","13.56","Humid","28.00","0","54.00","361797.52","SABD0000000001","AAV1.0.0.11","1.1.2.0","PSt7-10","170328-007","9/30/2017 19:06:43","0000-00","0","no battery","V"
"09/09/2020","10:25:29","2","default","115855972","OXY_CH2","59.911","min","182.431","µmol/L","Humid","20.851","deg","80430","µV","29.813","°C","1016.000","hPa","35.3","pmil","0","53.237","deg","23.954","°C","100.000","%a.s.","21.023","deg","23.635","°C","1019.000","hPa","0.861","-0.02617","0.00035","0","0","13.56","Humid","28.00","0","54.00","361802.79","SABD0000000001","AAV1.0.0.11","1.1.2.0","PSt7-10","170328-007","9/30/2017 19:06:43","0000-00","0","no battery","V"
"09/09/2020","10:25:30","2","default","115855972","OXY_CH2","59.927","min","182.536","µmol/L","Humid","20.846","deg","80434","µV","29.809","°C","1016.000","hPa","35.3","pmil","0","53.237","deg","23.954","°C","100.000","%a.s.","21.023","deg","23.635","°C","1019.000","hPa","0.861","-0.02617","0.00035","0","0","13.56","Humid","28.00","0","54.00","361794.84","SABD0000000001","AAV1.0.0.11","1.1.2.0","PSt7-10","170328-007","9/30/2017 19:06:43","0000-00","0","no battery","V"
"09/09/2020","10:25:31","2","default","115855972","OXY_CH2","59.944","min","182.450","µmol/L","Humid","20.851","deg","80424","µV","29.810","°C","1016.000","hPa","35.3","pmil","0","53.237","deg","23.954","°C","100.000","%a.s.","21.023","deg","23.635","°C","1019.000","hPa","0.861","-0.02617","0.00035","0","0","13.56","Humid","28.00","0","54.00","361791.52","SABD0000000001","AAV1.0.0.11","1.1.2.0","PSt7-10","170328-007","9/30/2017 19:06:43","0000-00","0","no battery","V"
"09/09/2020","10:25:32","2","default","115855972","OXY_CH2","59.960","min","182.524","µmol/L","Humid","20.849","deg","80429","µV","29.803","°C","1016.000","hPa","35.3","pmil","0","53.237","deg","23.954","°C","100.000","%a.s.","21.023","deg","23.635","°C","1019.000","hPa","0.861","-0.02617","0.00035","0","0","13.56","Humid","28.00","0","54.00","361799.49","SABD0000000001","AAV1.0.0.11","1.1.2.0","PSt7-10","170328-007","9/30/2017 19:06:43","0000-00","0","no battery","V"
"09/09/2020","10:25:33","2","default","115855972","OXY_CH2","59.977","min","182.549","µmol/L","Humid","20.846","deg","80437","µV","29.807","°C","1016.000","hPa","35.3","pmil","0","53.237","deg","23.954","°C","100.000","%a.s.","21.023","deg","23.635","°C","1019.000","hPa","0.861","-0.02617","0.00035","0","0","13.56","Humid","28.00","0","54.00","361796.84","SABD0000000001","AAV1.0.0.11","1.1.2.0","PSt7-10","170328-007","9/30/2017 19:06:43","0000-00","0","no battery","V"
"09/09/2020","10:25:34","2","default","115855972","OXY_CH2","59.994","min","182.513","µmol/L","Humid","20.848","deg","80429","µV","29.808","°C","1016.000","hPa","35.3","pmil","0","53.237","deg","23.954","°C","100.000","%a.s.","21.023","deg","23.635","°C","1019.000","hPa","0.861","-0.02617","0.00035","0","0","13.56","Humid","28.00","0","54.00","361798.64","SABD0000000001","AAV1.0.0.11","1.1.2.0","PSt7-10","170328-007","9/30/2017 19:06:43","0000-00","0","no battery","V"
"09/09/2020","10:25:35","2","default","115855972","OXY_CH2","60.010","min","182.526","µmol/L","Humid","20.847","deg","80423","µV","29.808","°C","1016.000","hPa","35.3","pmil","0","53.237","deg","23.954","°C","100.000","%a.s.","21.023","deg","23.635","°C","1019.000","hPa","0.861","-0.02617","0.00035","0","0","13.56","Humid","28.00","0","54.00","361789.95","SABD0000000001","AAV1.0.0.11","1.1.2.0","PSt7-10","170328-007","9/30/2017 19:06:43","0000-00","0","no battery","V"
"09/09/2020","10:25:36","2","default","115855972","OXY_CH2","60.027","min","182.487","µmol/L","Humid","20.851","deg","80427","µV","29.803","°C","1016.000","hPa","35.3","pmil","0","53.237","deg","23.954","°C","100.000","%a.s.","21.023","deg","23.635","°C","1019.000","hPa","0.861","-0.02617","0.00035","0","0","13.56","Humid","28.00","0","54.00","361781.60","SABD0000000001","AAV1.0.0.11","1.1.2.0","PSt7-10","170328-007","9/30/2017 19:06:43","0000-00","0","no battery","V"
"09/09/2020","10:25:37","2","default","115855972","OXY_CH2","60.044","min","182.565","µmol/L","Humid","20.847","deg","80425","µV","29.801","°C","1016.000","hPa","35.3","pmil","0","53.237","deg","23.954","°C","100.000","%a.s.","21.023","deg","23.635","°C","1019.000","hPa","0.861","-0.02617","0.00035","0","0","13.56","Humid","28.00","0","54.00","361787.81","SABD0000000001","AAV1.0.0.11","1.1.2.0","PSt7-10","170328-007","9/30/2017 19:06:43","0000-00","0","no battery","V"
"09/09/2020","10:25:38","2","default","115855972","OXY_CH2","60.060","min","182.493","µmol/L","Humid","20.847","deg","80422","µV","29.814","°C","1016.000","hPa","35.3","pmil","0","53.237","deg","23.954","°C","100.000","%a.s.","21.023","deg","23.635","°C","1019.000","hPa","0.861","-0.02617","0.00035","0","0","13.56","Humid","28.00","0","54.00","361776.71","SABD0000000001","AAV1.0.0.11","1.1.2.0","PSt7-10","170328-007","9/30/2017 19:06:43","0000-00","0","no battery","V"
"09/09/2020","10:25:39","2","default","115855972","OXY_CH2","60.077","min","182.503","µmol/L","Humid","20.851","deg","80417","µV","29.801","°C","1016.000","hPa","35.3","pmil","0","53.237","deg","23.954","°C","100.000","%a.s.","21.023","deg","23.635","°C","1019.000","hPa","0.861","-0.02617","0.00035","0","0","13.56","Humid","28.00","0","54.00","361782.31","SABD0000000001","AAV1.0.0.11","1.1.2.0","PSt7-10","170328-007","9/30/2017 19:06:43","0000-00","0","no battery","V"
"09/09/2020","10:25:40","2","default","115855972","OXY_CH2","60.094","min","182.487","µmol/L","Humid","20.850","deg","80420","µV","29.806","°C","1016.000","hPa","35.3","pmil","0","53.237","deg","23.954","°C","100.000","%a.s.","21.023","deg","23.635","°C","1019.000","hPa","0.861","-0.02617","0.00035","0","0","13.56","Humid","28.00","0","54.00","361781.69","SABD0000000001","AAV1.0.0.11","1.1.2.0","PSt7-10","170328-007","9/30/2017 19:06:43","0000-00","0","no battery","V"
"09/09/2020","10:25:41","2","default","115855972","OXY_CH2","60.110","min","182.525","µmol/L","Humid","20.843","deg","80422","µV","29.820","°C","1016.000","hPa","35.3","pmil","0","53.237","deg","23.954","°C","100.000","%a.s.","21.023","deg","23.635","°C","1019.000","hPa","0.861","-0.02617","0.00035","0","0","13.56","Humid","28.00","0","54.00","361777.29","SABD0000000001","AAV1.0.0.11","1.1.2.0","PSt7-10","170328-007","9/30/2017 19:06:43","0000-00","0","no battery","V"
"09/09/2020","10:25:42","2","default","115855972","OXY_CH2","60.127","min","182.531","µmol/L","Humid","20.843","deg","80412","µV","29.819","°C","1016.000","hPa","35.3","pmil","0","53.237","deg","23.954","°C","100.000","%a.s.","21.023","deg","23.635","°C","1019.000","hPa","0.861","-0.02617","0.00035","0","0","13.56","Humid","28.00","0","54.00","361768.97","SABD0000000001","AAV1.0.0.11","1.1.2.0","PSt7-10","170328-007","9/30/2017 19:06:43","0000-00","0","no battery","V"
"09/09/2020","10:25:43","2","default","115855972","OXY_CH2","60.144","min","182.506","µmol/L","Humid","20.846","deg","80413","µV","29.814","°C","1016.000","hPa","35.3","pmil","0","53.237","deg","23.954","°C","100.000","%a.s.","21.023","deg","23.635","°C","1019.000","hPa","0.861","-0.02617","0.00035","0","0","13.56","Humid","28.00","0","54.00","361777.70","SABD0000000001","AAV1.0.0.11","1.1.2.0","PSt7-10","170328-007","9/30/2017 19:06:43","0000-00","0","no battery","V"
"09/09/2020","10:25:44","2","default","115855972","OXY_CH2","60.160","min","182.512","µmol/L","Humid","20.848","deg","80407","µV","29.808","°C","1016.000","hPa","35.3","pmil","0","53.237","deg","23.954","°C","100.000","%a.s.","21.023","deg","23.635","°C","1019.000","hPa","0.861","-0.02617","0.00035","0","0","13.56","Humid","28.00","0","54.00","361767.99","SABD0000000001","AAV1.0.0.11","1.1.2.0","PSt7-10","170328-007","9/30/2017 19:06:43","0000-00","0","no battery","V"
"09/09/2020","10:25:45","2","default","115855972","OXY_CH2","60.177","min","182.515","µmol/L","Humid","20.844","deg","80413","µV","29.819","°C","1016.000","hPa","35.3","pmil","0","53.237","deg","23.954","°C","100.000","%a.s.","21.023","deg","23.635","°C","1019.000","hPa","0.861","-0.02617","0.00035","0","0","13.56","Humid","28.00","0","54.00","361781.24","SABD0000000001","AAV1.0.0.11","1.1.2.0","PSt7-10","170328-007","9/30/2017 19:06:43","0000-00","0","no battery","V"
"09/09/2020","10:25:46","2","default","115855972","OXY_CH2","60.194","min","182.528","µmol/L","Humid","20.847","deg","80415","µV","29.808","°C","1016.000","hPa","35.3","pmil","0","53.237","deg","23.954","°C","100.000","%a.s.","21.023","deg","23.635","°C","1019.000","hPa","0.861","-0.02617","0.00035","0","0","13.56","Humid","28.00","0","54.00","361777.07","SABD0000000001","AAV1.0.0.11","1.1.2.0","PSt7-10","170328-007","9/30/2017 19:06:43","0000-00","0","no battery","V"
"09/09/2020","10:25:47","2","default","115855972","OXY_CH2","60.210","min","182.532","µmol/L","Humid","20.845","deg","80415","µV","29.813","°C","1016.000","hPa","35.3","pmil","0","53.237","deg","23.954","°C","100.000","%a.s.","21.023","deg","23.635","°C","1019.000","hPa","0.861","-0.02617","0.00035","0","0","13.56","Humid","28.00","0","54.00","361775.81","SABD0000000001","AAV1.0.0.11","1.1.2.0","PSt7-10","170328-007","9/30/2017 19:06:43","0000-00","0","no battery","V"
"09/09/2020","10:25:48","2","default","115855972","OXY_CH2","60.227","min","182.490","µmol/L","Humid","20.846","deg","80407","µV","29.817","°C","1016.000","hPa","35.3","pmil","0","53.237","deg","23.954","°C","100.000","%a.s.","21.023","deg","23.635","°C","1019.000","hPa","0.861","-0.02617","0.00035","0","0","13.56","Humid","28.00","0","54.00","361785.24","SABD0000000001","AAV1.0.0.11","1.1.2.0","PSt7-10","170328-007","9/30/2017 19:06:43","0000-00","0","no battery","V"
"09/09/2020","10:25:49","2","default","115855972","OXY_CH2","60.244","min","182.636","µmol/L","Humid","20.840","deg","80412","µV","29.809","°C","1016.000","hPa","35.3","pmil","0","53.237","deg","23.954","°C","100.000","%a.s.","21.023","deg","23.635","°C","1019.000","hPa","0.861","-0.02617","0.00035","0","0","13.56","Humid","28.00","0","54.00","361779.93","SABD0000000001","AAV1.0.0.11","1.1.2.0","PSt7-10","170328-007","9/30/2017 19:06:43","0000-00","0","no battery","V"
"09/09/2020","10:25:50","2","default","115855972","OXY_CH2","60.261","min","182.588","µmol/L","Humid","20.843","deg","80405","µV","29.809","°C","1016.000","hPa","35.3","pmil","0","53.237","deg","23.954","°C","100.000","%a.s.","21.023","deg","23.635","°C","1019.000","hPa","0.861","-0.02617","0.00035","0","0","13.56","Humid","28.00","0","54.00","361779.15","SABD0000000001","AAV1.0.0.11","1.1.2.0","PSt7-10","170328-007","9/30/2017 19:06:43","0000-00","0","no battery","V"
"09/09/2020","10:25:51","2","default","115855972","OXY_CH2","60.277","min","182.563","µmol/L","Humid","20.844","deg","80406","µV","29.810","°C","1016.000","hPa","35.3","pmil","0","53.237","deg","23.954","°C","100.000","%a.s.","21.023","deg","23.635","°C","1019.000","hPa","0.861","-0.02617","0.00035","0","0","13.56","Humid","28.00","0","54.00","361781.60","SABD0000000001","AAV1.0.0.11","1.1.2.0","PSt7-10","170328-007","9/30/2017 19:06:43","0000-00","0","no battery","V"
"09/09/2020","10:25:52","2","default","115855972","OXY_CH2","60.294","min","182.596","µmol/L","Humid","20.844","deg","80408","µV","29.805","°C","1016.000","hPa","35.3","pmil","0","53.237","deg","23.954","°C","100.000","%a.s.","21.023","deg","23.635","°C","1019.000","hPa","0.861","-0.02617","0.00035","0","0","13.56","Humid","28.00","0","54.00","361779.54","SABD0000000001","AAV1.0.0.11","1.1.2.0","PSt7-10","170328-007","9/30/2017 19:06:43","0000-00","0","no battery","V"
"09/09/2020","10:25:53","2","default","115855972","OXY_CH2","60.310","min","182.581","µmol/L","Humid","20.845","deg","80409","µV","29.804","°C","1016.000","hPa","35.3","pmil","0","53.237","deg","23.954","°C","100.000","%a.s.","21.023","deg","23.635","°C","1019.000","hPa","0.861","-0.02617","0.00035","0","0","13.56","Humid","28.00","0","54.00","361758.79","SABD0000000001","AAV1.0.0.11","1.1.2.0","PSt7-10","170328-007","9/30/2017 19:06:43","0000-00","0","no battery","V"
"09/09/2020","10:25:54","2","default","115855972","OXY_CH2","60.328","min","182.514","µmol/L","Humid","20.848","deg","80406","µV","29.807","°C","1016.000","hPa","35.3","pmil","0","53.237","deg","23.954","°C","100.000","%a.s.","21.023","deg","23.635","°C","1019.000","hPa","0.861","-0.02617","0.00035","0","0","13.56","Humid","28.00","0","54.00","361768.28","SABD0000000001","AAV1.0.0.11","1.1.2.0","PSt7-10","170328-007","9/30/2017 19:06:43","0000-00","0","no battery","V"
"09/09/2020","10:25:55","2","default","115855972","OXY_CH2","60.344","min","182.465","µmol/L","Humid","20.848","deg","80394","µV","29.816","°C","1016.000","hPa","35.3","pmil","0","53.237","deg","23.954","°C","100.000","%a.s.","21.023","deg","23.635","°C","1019.000","hPa","0.861","-0.02617","0.00035","0","0","13.56","Humid","28.00","0","54.00","361753.74","SABD0000000001","AAV1.0.0.11","1.1.2.0","PSt7-10","170328-007","9/30/2017 19:06:43","0000-00","0","no battery","V"
"09/09/2020","10:25:56","2","default","115855972","OXY_CH2","60.361","min","182.489","µmol/L","Humid","20.846","deg","80399","µV","29.817","°C","1016.000","hPa","35.3","pmil","0","53.237","deg","23.954","°C","100.000","%a.s.","21.023","deg","23.635","°C","1019.000","hPa","0.861","-0.02617","0.00035","0","0","13.56","Humid","28.00","0","54.00","361759.86","SABD0000000001","AAV1.0.0.11","1.1.2.0","PSt7-10","170328-007","9/30/2017 19:06:43","0000-00","0","no battery","V"
"09/09/2020","10:25:57","2","default","115855972","OXY_CH2","60.378","min","182.508","µmol/L","Humid","20.844","deg","80401","µV","29.820","°C","1016.000","hPa","35.3","pmil","0","53.237","deg","23.954","°C","100.000","%a.s.","21.023","deg","23.635","°C","1019.000","hPa","0.861","-0.02617","0.00035","0","0","13.56","Humid","28.00","0","54.00","361770.92","SABD0000000001","AAV1.0.0.11","1.1.2.0","PSt7-10","170328-007","9/30/2017 19:06:43","0000-00","0","no battery","V"
"09/09/2020","10:25:58","2","default","115855972","OXY_CH2","60.394","min","182.462","µmol/L","Humid","20.849","deg","80404","µV","29.813","°C","1016.000","hPa","35.3","pmil","0","53.237","deg","23.954","°C","100.000","%a.s.","21.023","deg","23.635","°C","1019.000","hPa","0.861","-0.02617","0.00035","0","0","13.56","Humid","28.00","0","54.00","361768.24","SABD0000000001","AAV1.0.0.11","1.1.2.0","PSt7-10","170328-007","9/30/2017 19:06:43","0000-00","0","no battery","V"
"09/09/2020","10:25:59","2","default","115855972","OXY_CH2","60.411","min","182.458","µmol/L","Humid","20.850","deg","80401","µV","29.811","°C","1016.000","hPa","35.3","pmil","0","53.237","deg","23.954","°C","100.000","%a.s.","21.023","deg","23.635","°C","1019.000","hPa","0.861","-0.02617","0.00035","0","0","13.56","Humid","28.00","0","54.00","361754.26","SABD0000000001","AAV1.0.0.11","1.1.2.0","PSt7-10","170328-007","9/30/2017 19:06:43","0000-00","0","no battery","V"
"09/09/2020","10:26:00","2","default","115855972","OXY_CH2","60.427","min","182.705","µmol/L","Humid","20.844","deg","80392","µV","29.786","°C","1016.000","hPa","35.3","pmil","0","53.237","deg","23.954","°C","100.000","%a.s.","21.023","deg","23.635","°C","1019.000","hPa","0.861","-0.02617","0.00035","0","0","13.56","Humid","28.00","0","54.00","361762.87","SABD0000000001","AAV1.0.0.11","1.1.2.0","PSt7-10","170328-007","9/30/2017 19:06:43","0000-00","0","no battery","V"
"09/09/2020","10:26:01","2","default","115855972","OXY_CH2","60.444","min","182.616","µmol/L","Humid","20.838","deg","80401","µV","29.818","°C","1016.000","hPa","35.3","pmil","0","53.237","deg","23.954","°C","100.000","%a.s.","21.023","deg","23.635","°C","1019.000","hPa","0.861","-0.02617","0.00035","0","0","13.56","Humid","28.00","0","54.00","361763.88","SABD0000000001","AAV1.0.0.11","1.1.2.0","PSt7-10","170328-007","9/30/2017 19:06:43","0000-00","0","no battery","V"
"09/09/2020","10:26:02","2","default","115855972","OXY_CH2","60.461","min","182.616","µmol/L","Humid","20.840","deg","80401","µV","29.813","°C","1016.000","hPa","35.3","pmil","0","53.237","deg","23.954","°C","100.000","%a.s.","21.023","deg","23.635","°C","1019.000","hPa","0.861","-0.02617","0.00035","0","0","13.56","Humid","28.00","0","54.00","361768.49","SABD0000000001","AAV1.0.0.11","1.1.2.0","PSt7-10","170328-007","9/30/2017 19:06:43","0000-00","0","no battery","V"
"09/09/2020","10:26:03","2","default","115855972","OXY_CH2","60.477","min","182.597","µmol/L","Humid","20.842","deg","80396","µV","29.810","°C","1016.000","hPa","35.3","pmil","0","53.237","deg","23.954","°C","100.000","%a.s.","21.023","deg","23.635","°C","1019.000","hPa","0.861","-0.02617","0.00035","0","0","13.56","Humid","28.00","0","54.00","361752.23","SABD0000000001","AAV1.0.0.11","1.1.2.0","PSt7-10","170328-007","9/30/2017 19:06:43","0000-00","0","no battery","V"
"09/09/2020","10:26:04","2","default","115855972","OXY_CH2","60.494","min","182.533","µmol/L","Humid","20.844","deg","80396","µV","29.816","°C","1016.000","hPa","35.3","pmil","0","53.237","deg","23.954","°C","100.000","%a.s.","21.023","deg","23.635","°C","1019.000","hPa","0.861","-0.02617","0.00035","0","0","13.56","Humid","28.00","0","54.00","361756.96","SABD0000000001","AAV1.0.0.11","1.1.2.0","PSt7-10","170328-007","9/30/2017 19:06:43","0000-00","0","no battery","V"
"09/09/2020","10:26:05","2","default","115855972","OXY_CH2","60.511","min","182.564","µmol/L","Humid","20.843","deg","80397","µV","29.813","°C","1016.000","hPa","35.3","pmil","0","53.237","deg","23.954","°C","100.000","%a.s.","21.023","deg","23.635","°C","1019.000","hPa","0.861","-0.02617","0.00035","0","0","13.56","Humid","28.00","0","54.00","361748.82","SABD0000000001","AAV1.0.0.11","1.1.2.0","PSt7-10","170328-007","9/30/2017 19:06:43","0000-00","0","no battery","V"
"09/09/2020","10:26:06","2","default","115855972","OXY_CH2","60.527","min","182.565","µmol/L","Humid","20.843","deg","80394","µV","29.813","°C","1016.000","hPa","35.3","pmil","0","53.237","deg","23.954","°C","100.000","%a.s.","21.023","deg","23.635","°C","1019.000","hPa","0.861","-0.02617","0.00035","0","0","13.56","Humid","28.00","0","54.00","361765.44","SABD0000000001","AAV1.0.0.11","1.1.2.0","PSt7-10","170328-007","9/30/2017 19:06:43","0000-00","0","no battery","V"
"09/09/2020","10:26:07","2","default","115855972","OXY_CH2","60.544","min","182.537","µmol/L","Humid","20.843","deg","80390","µV","29.818","°C","1016.000","hPa","35.3","pmil","0","53.237","deg","23.954","°C","100.000","%a.s.","21.023","deg","23.635","°C","1019.000","hPa","0.861","-0.02617","0.00035","0","0","13.56","Humid","28.00","0","54.00","361755.32","SABD0000000001","AAV1.0.0.11","1.1.2.0","PSt7-10","170328-007","9/30/2017 19:06:43","0000-00","0","no battery","V"
"09/09/2020","10:26:08","2","default","115855972","OXY_CH2","60.561","min","182.678","µmol/L","Humid","20.840","deg","80389","µV","29.802","°C","1016.000","hPa","35.3","pmil","0","53.237","deg","23.954","°C","100.000","%a.s.","21.023","deg","23.635","°C","1019.000","hPa","0.861","-0.02617","0.00035","0","0","13.56","Humid","28.00","0","54.00","361754.14","SABD0000000001","AAV1.0.0.11","1.1.2.0","PSt7-10","170328-007","9/30/2017 19:06:43","0000-00","0","no battery","V"
"09/09/2020","10:26:09","2","default","115855972","OXY_CH2","60.577","min","182.590","µmol/L","Humid","20.845","deg","80390","µV","29.803","°C","1016.000","hPa","35.3","pmil","0","53.237","deg","23.954","°C","100.000","%a.s.","21.023","deg","23.635","°C","1019.000","hPa","0.861","-0.02617","0.00035","0","0","13.56","Humid","28.00","0","54.00","361745.89","SABD0000000001","AAV1.0.0.11","1.1.2.0","PSt7-10","170328-007","9/30/2017 19:06:43","0000-00","0","no battery","V"
"09/09/2020","10:26:10","2","default","115855972","OXY_CH2","60.594","min","182.706","µmol/L","Humid","20.837","deg","80396","µV","29.806","°C","1016.000","hPa","35.3","pmil","0","53.237","deg","23.954","°C","100.000","%a.s.","21.023","deg","23.635","°C","1019.000","hPa","0.861","-0.02617","0.00035","0","0","13.56","Humid","28.00","0","54.00","361754.72","SABD0000000001","AAV1.0.0.11","1.1.2.0","PSt7-10","170328-007","9/30/2017 19:06:43","0000-00","0","no battery","V"
"09/09/2020","10:26:11","2","default","115855972","OXY_CH2","60.611","min","182.505","µmol/L","Humid","20.845","deg","80385","µV","29.818","°C","1016.000","hPa","35.3","pmil","0","53.237","deg","23.954","°C","100.000","%a.s.","21.023","deg","23.635","°C","1019.000","hPa","0.861","-0.02617","0.00035","0","0","13.56","Humid","28.00","0","54.00","361747.69","SABD0000000001","AAV1.0.0.11","1.1.2.0","PSt7-10","170328-007","9/30/2017 19:06:43","0000-00","0","no battery","V"
"09/09/2020","10:26:12","2","default","115855972","OXY_CH2","60.628","min","182.645","µmol/L","Humid","20.839","deg","80388","µV","29.810","°C","1016.000","hPa","35.3","pmil","0","53.237","deg","23.954","°C","100.000","%a.s.","21.023","deg","23.635","°C","1019.000","hPa","0.861","-0.02617","0.00035","0","0","13.56","Humid","28.00","0","54.00","361750.94","SABD0000000001","AAV1.0.0.11","1.1.2.0","PSt7-10","170328-007","9/30/2017 19:06:43","0000-00","0","no battery","V"
"09/09/2020","10:26:13","2","default","115855972","OXY_CH2","60.644","min","182.710","µmol/L","Humid","20.840","deg","80393","µV","29.796","°C","1016.000","hPa","35.3","pmil","0","53.237","deg","23.954","°C","100.000","%a.s.","21.023","deg","23.635","°C","1019.000","hPa","0.861","-0.02617","0.00035","0","0","13.56","Humid","28.00","0","54.00","361752.72","SABD0000000001","AAV1.0.0.11","1.1.2.0","PSt7-10","170328-007","9/30/2017 19:06:43","0000-00","0","no battery","V"
"09/09/2020","10:26:14","2","default","115855972","OXY_CH2","60.661","min","182.591","µmol/L","Humid","20.843","deg","80385","µV","29.808","°C","1016.000","hPa","35.3","pmil","0","53.237","deg","23.954","°C","100.000","%a.s.","21.023","deg","23.635","°C","1019.000","hPa","0.861","-0.02617","0.00035","0","0","13.56","Humid","28.00","0","54.00","361742.85","SABD0000000001","AAV1.0.0.11","1.1.2.0","PSt7-10","170328-007","9/30/2017 19:06:43","0000-00","0","no battery","V"
"09/09/2020","10:26:15","2","default","115855972","OXY_CH2","60.678","min","182.679","µmol/L","Humid","20.838","deg","80383","µV","29.807","°C","1016.000","hPa","35.3","pmil","0","53.237","deg","23.954","°C","100.000","%a.s.","21.023","deg","23.635","°C","1019.000","hPa","0.861","-0.02617","0.00035","0","0","13.56","Humid","28.00","0","54.00","361735.49","SABD0000000001","AAV1.0.0.11","1.1.2.0","PSt7-10","170328-007","9/30/2017 19:06:43","0000-00","0","no battery","V"
"09/09/2020","10:26:16","2","default","115855972","OXY_CH2","60.694","min","182.609","µmol/L","Humid","20.842","deg","80380","µV","29.808","°C","1016.000","hPa","35.3","pmil","0","53.237","deg","23.954","°C","100.000","%a.s.","21.023","deg","23.635","°C","1019.000","hPa","0.861","-0.02617","0.00035","0","0","13.56","Humid","28.00","0","54.00","361746.37","SABD0000000001","AAV1.0.0.11","1.1.2.0","PSt7-10","170328-007","9/30/2017 19:06:43","0000-00","0","no battery","V"
"09/09/2020","10:26:17","2","default","115855972","OXY_CH2","60.711","min","182.570","µmol/L","Humid","20.840","deg","80382","µV","29.821","°C","1016.000","hPa","35.3","pmil","0","53.237","deg","23.954","°C","100.000","%a.s.","21.023","deg","23.635","°C","1019.000","hPa","0.861","-0.02617","0.00035","0","0","13.56","Humid","28.00","0","54.00","361746.09","SABD0000000001","AAV1.0.0.11","1.1.2.0","PSt7-10","170328-007","9/30/2017 19:06:43","0000-00","0","no battery","V"
"09/09/2020","10:26:18","2","default","115855972","OXY_CH2","60.727","min","182.561","µmol/L","Humid","20.842","deg","80385","µV","29.816","°C","1016.000","hPa","35.3","pmil","0","53.237","deg","23.954","°C","100.000","%a.s.","21.023","deg","23.635","°C","1019.000","hPa","0.861","-0.02617","0.00035","0","0","13.56","Humid","28.00","0","54.00","361731.63","SABD0000000001","AAV1.0.0.11","1.1.2.0","PSt7-10","170328-007","9/30/2017 19:06:43","0000-00","0","no battery","V"
"09/09/2020","10:26:19","2","default","115855972","OXY_CH2","60.744","min","182.662","µmol/L","Humid","20.837","deg","80384","µV","29.813","°C","1016.000","hPa","35.3","pmil","0","53.237","deg","23.954","°C","100.000","%a.s.","21.023","deg","23.635","°C","1019.000","hPa","0.861","-0.02617","0.00035","0","0","13.56","Humid","28.00","0","54.00","361739.30","SABD0000000001","AAV1.0.0.11","1.1.2.0","PSt7-10","170328-007","9/30/2017 19:06:43","0000-00","0","no battery","V"
"09/09/2020","10:26:20","2","default","115855972","OXY_CH2","60.760","min","182.567","µmol/L","Humid","20.836","deg","80372","µV","29.833","°C","1016.000","hPa","35.3","pmil","0","53.237","deg","23.954","°C","100.000","%a.s.","21.023","deg","23.635","°C","1019.000","hPa","0.861","-0.02617","0.00035","0","0","13.56","Humid","28.00","0","54.00","361726.81","SABD0000000001","AAV1.0.0.11","1.1.2.0","PSt7-10","170328-007","9/30/2017 19:06:43","0000-00","0","no battery","V"
"09/09/2020","10:26:21","2","default","115855972","OXY_CH2","60.777","min","182.668","µmol/L","Humid","20.835","deg","80375","µV","29.818","°C","1016.000","hPa","35.3","pmil","0","53.237","deg","23.954","°C","100.000","%a.s.","21.023","deg","23.635","°C","1019.000","hPa","0.861","-0.02617","0.00035","0","0","13.56","Humid","28.00","0","54.00","361732.27","SABD0000000001","AAV1.0.0.11","1.1.2.0","PSt7-10","170328-007","9/30/2017 19:06:43","0000-00","0","no battery","V"
"09/09/2020","10:26:22","2","default","115855972","OXY_CH2","60.794","min","182.555","µmol/L","Humid","20.842","deg","80376","µV","29.817","°C","1016.000","hPa","35.3","pmil","0","53.237","deg","23.954","°C","100.000","%a.s.","21.023","deg","23.635","°C","1019.000","hPa","0.861","-0.02617","0.00035","0","0","13.56","Humid","28.00","0","54.00","361743.40","SABD0000000001","AAV1.0.0.11","1.1.2.0","PSt7-10","170328-007","9/30/2017 19:06:43","0000-00","0","no battery","V"
"09/09/2020","10:26:23","2","default","115855972","OXY_CH2","60.811","min","182.604","µmol/L","Humid","20.838","deg","80374","µV","29.821","°C","1016.000","hPa","35.3","pmil","0","53.237","deg","23.954","°C","100.000","%a.s.","21.023","deg","23.635","°C","1019.000","hPa","0.861","-0.02617","0.00035","0","0","13.56","Humid","28.00","0","54.00","361743.49","SABD0000000001","AAV1.0.0.11","1.1.2.0","PSt7-10","170328-007","9/30/2017 19:06:43","0000-00","0","no battery","V"
"09/09/2020","10:26:24","2","default","115855972","OXY_CH2","60.827","min","182.569","µmol/L","Humid","20.839","deg","80373","µV","29.824","°C","1016.000","hPa","35.3","pmil","0","53.237","deg","23.954","°C","100.000","%a.s.","21.023","deg","23.635","°C","1019.000","hPa","0.861","-0.02617","0.00035","0","0","13.56","Humid","28.00","0","54.00","361754.29","SABD0000000001","AAV1.0.0.11","1.1.2.0","PSt7-10","170328-007","9/30/2017 19:06:43","0000-00","0","no battery","V"
"09/09/2020","10:26:25","2","default","115855972","OXY_CH2","60.844","min","182.634","µmol/L","Humid","20.838","deg","80371","µV","29.815","°C","1016.000","hPa","35.3","pmil","0","53.237","deg","23.954","°C","100.000","%a.s.","21.023","deg","23.635","°C","1019.000","hPa","0.861","-0.02617","0.00035","0","0","13.56","Humid","28.00","0","54.00","361736.43","SABD0000000001","AAV1.0.0.11","1.1.2.0","PSt7-10","170328-007","9/30/2017 19:06:43","0000-00","0","no battery","V"
"09/09/2020","10:26:26","2","default","115855972","OXY_CH2","60.861","min","182.580","µmol/L","Humid","20.840","deg","80377","µV","29.819","°C","1016.000","hPa","35.3","pmil","0","53.237","deg","23.954","°C","100.000","%a.s.","21.023","deg","23.635","°C","1019.000","hPa","0.861","-0.02617","0.00035","0","0","13.56","Humid","28.00","0","54.00","361729.98","SABD0000000001","AAV1.0.0.11","1.1.2.0","PSt7-10","170328-007","9/30/2017 19:06:43","0000-00","0","no battery","V"
"09/09/2020","10:26:27","2","default","115855972","OXY_CH2","60.878","min","182.597","µmol/L","Humid","20.838","deg","80374","µV","29.822","°C","1016.000","hPa","35.3","pmil","0","53.237","deg","23.954","°C","100.000","%a.s.","21.023","deg","23.635","°C","1019.000","hPa","0.861","-0.02617","0.00035","0","0","13.56","Humid","28.00","0","54.00","361736.81","SABD0000000001","AAV1.0.0.11","1.1.2.0","PSt7-10","170328-007","9/30/2017 19:06:43","0000-00","0","no battery","V"
"09/09/2020","10:26:28","2","default","115855972","OXY_CH2","60.894","min","182.647","µmol/L","Humid","20.835","deg","80370","µV","29.822","°C","1016.000","hPa","35.3","pmil","0","53.237","deg","23.954","°C","100.000","%a.s.","21.023","deg","23.635","°C","1019.000","hPa","0.861","-0.02617","0.00035","0","0","13.56","Humid","28.00","0","54.00","361742.58","SABD0000000001","AAV1.0.0.11","1.1.2.0","PSt7-10","170328-007","9/30/2017 19:06:43","0000-00","0","no battery","V"
"09/09/2020","10:26:29","2","default","115855972","OXY_CH2","60.910","min","182.622","µmol/L","Humid","20.838","deg","80370","µV","29.817","°C","1016.000","hPa","35.3","pmil","0","53.237","deg","23.954","°C","100.000","%a.s.","21.023","deg","23.635","°C","1019.000","hPa","0.861","-0.02617","0.00035","0","0","13.56","Humid","28.00","0","54.00","361733.94","SABD0000000001","AAV1.0.0.11","1.1.2.0","PSt7-10","170328-007","9/30/2017 19:06:43","0000-00","0","no battery","V"
"09/09/2020","10:26:30","2","default","115855972","OXY_CH2","60.927","min","182.590","µmol/L","Humid","20.837","deg","80373","µV","29.826","°C","1016.000","hPa","35.3","pmil","0","53.237","deg","23.954","°C","100.000","%a.s.","21.023","deg","23.635","°C","1019.000","hPa","0.861","-0.02617","0.00035","0","0","13.56","Humid","28.00","0","54.00","361733.95","SABD0000000001","AAV1.0.0.11","1.1.2.0","PSt7-10","170328-007","9/30/2017 19:06:43","0000-00","0","no battery","V"
"09/09/2020","10:26:31","2","default","115855972","OXY_CH2","60.944","min","182.662","µmol/L","Humid","20.835","deg","80363","µV","29.819","°C","1016.000","hPa","35.3","pmil","0","53.237","deg","23.954","°C","100.000","%a.s.","21.023","deg","23.635","°C","1019.000","hPa","0.861","-0.02617","0.00035","0","0","13.56","Humid","28.00","0","54.00","361729.31","SABD0000000001","AAV1.0.0.11","1.1.2.0","PSt7-10","170328-007","9/30/2017 19:06:43","0000-00","0","no battery","V"
"09/09/2020","10:26:32","2","default","115855972","OXY_CH2","60.961","min","182.590","µmol/L","Humid","20.837","deg","80371","µV","29.826","°C","1016.000","hPa","35.3","pmil","0","53.237","deg","23.954","°C","100.000","%a.s.","21.023","deg","23.635","°C","1019.000","hPa","0.861","-0.02617","0.00035","0","0","13.56","Humid","28.00","0","54.00","361728.20","SABD0000000001","AAV1.0.0.11","1.1.2.0","PSt7-10","170328-007","9/30/2017 19:06:43","0000-00","0","no battery","V"
"09/09/2020","10:26:33","2","default","115855972","OXY_CH2","60.977","min","182.569","µmol/L","Humid","20.839","deg","80361","µV","29.824","°C","1016.000","hPa","35.3","pmil","0","53.237","deg","23.954","°C","100.000","%a.s.","21.023","deg","23.635","°C","1019.000","hPa","0.861","-0.02617","0.00035","0","0","13.56","Humid","28.00","0","54.00","361718.20","SABD0000000001","AAV1.0.0.11","1.1.2.0","PSt7-10","170328-007","9/30/2017 19:06:43","0000-00","0","no battery","V"
"09/09/2020","10:26:34","2","default","115855972","OXY_CH2","60.994","min","182.588","µmol/L","Humid","20.839","deg","80363","µV","29.820","°C","1016.000","hPa","35.3","pmil","0","53.237","deg","23.954","°C","100.000","%a.s.","21.023","deg","23.635","°C","1019.000","hPa","0.861","-0.02617","0.00035","0","0","13.56","Humid","28.00","0","54.00","361733.53","SABD0000000001","AAV1.0.0.11","1.1.2.0","PSt7-10","170328-007","9/30/2017 19:06:43","0000-00","0","no battery","V"
"09/09/2020","10:26:35","2","default","115855972","OXY_CH2","61.011","min","182.693","µmol/L","Humid","20.835","deg","80364","µV","29.814","°C","1016.000","hPa","35.3","pmil","0","53.237","deg","23.954","°C","100.000","%a.s.","21.023","deg","23.635","°C","1019.000","hPa","0.861","-0.02617","0.00035","0","0","13.56","Humid","28.00","0","54.00","361726.61","SABD0000000001","AAV1.0.0.11","1.1.2.0","PSt7-10","170328-007","9/30/2017 19:06:43","0000-00","0","no battery","V"
"09/09/2020","10:26:36","2","default","115855972","OXY_CH2","61.028","min","182.657","µmol/L","Humid","20.837","deg","80363","µV","29.814","°C","1016.000","hPa","35.3","pmil","0","53.237","deg","23.954","°C","100.000","%a.s.","21.023","deg","23.635","°C","1019.000","hPa","0.861","-0.02617","0.00035","0","0","13.56","Humid","28.00","0","54.00","361735.73","SABD0000000001","AAV1.0.0.11","1.1.2.0","PSt7-10","170328-007","9/30/2017 19:06:43","0000-00","0","no battery","V"
"09/09/2020","10:26:37","2","default","115855972","OXY_CH2","61.044","min","182.680","µmol/L","Humid","20.836","deg","80362","µV","29.813","°C","1016.000","hPa","35.3","pmil","0","53.237","deg","23.954","°C","100.000","%a.s.","21.023","deg","23.635","°C","1019.000","hPa","0.861","-0.02617","0.00035","0","0","13.56","Humid","28.00","0","54.00","361727.89","SABD0000000001","AAV1.0.0.11","1.1.2.0","PSt7-10","170328-007","9/30/2017 19:06:43","0000-00","0","no battery","V"
"09/09/2020","10:26:38","2","default","115855972","OXY_CH2","61.061","min","182.628","µmol/L","Humid","20.837","deg","80360","µV","29.819","°C","1016.000","hPa","35.3","pmil","0","53.237","deg","23.954","°C","100.000","%a.s.","21.023","deg","23.635","°C","1019.000","hPa","0.861","-0.02617","0.00035","0","0","13.56","Humid","28.00","0","54.00","361728.57","SABD0000000001","AAV1.0.0.11","1.1.2.0","PSt7-10","170328-007","9/30/2017 19:06:43","0000-00","0","no battery","V"
"09/09/2020","10:26:39","2","default","115855972","OXY_CH2","61.077","min","182.614","µmol/L","Humid","20.832","deg","80362","µV","29.836","°C","1016.000","hPa","35.3","pmil","0","53.237","deg","23.954","°C","100.000","%a.s.","21.023","deg","23.635","°C","1019.000","hPa","0.861","-0.02617","0.00035","0","0","13.56","Humid","28.00","0","54.00","361715.70","SABD0000000001","AAV1.0.0.11","1.1.2.0","PSt7-10","170328-007","9/30/2017 19:06:43","0000-00","0","no battery","V"
"09/09/2020","10:26:40","2","default","115855972","OXY_CH2","61.094","min","182.588","µmol/L","Humid","20.835","deg","80358","µV","29.832","°C","1016.000","hPa","35.3","pmil","0","53.237","deg","23.954","°C","100.000","%a.s.","21.023","deg","23.635","°C","1019.000","hPa","0.861","-0.02617","0.00035","0","0","13.56","Humid","28.00","0","54.00","361708.28","SABD0000000001","AAV1.0.0.11","1.1.2.0","PSt7-10","170328-007","9/30/2017 19:06:43","0000-00","0","no battery","V"
"09/09/2020","10:26:41","2","default","115855972","OXY_CH2","61.110","min","182.577","µmol/L","Humid","20.835","deg","80354","µV","29.834","°C","1016.000","hPa","35.3","pmil","0","53.237","deg","23.954","°C","100.000","%a.s.","21.023","deg","23.635","°C","1019.000","hPa","0.861","-0.02617","0.00035","0","0","13.56","Humid","28.00","0","54.00","361701.75","SABD0000000001","AAV1.0.0.11","1.1.2.0","PSt7-10","170328-007","9/30/2017 19:06:43","0000-00","0","no battery","V"
"09/09/2020","10:26:42","2","default","115855972","OXY_CH2","61.128","min","182.578","µmol/L","Humid","20.834","deg","80356","µV","29.837","°C","1016.000","hPa","35.3","pmil","0","53.237","deg","23.954","°C","100.000","%a.s.","21.023","deg","23.635","°C","1019.000","hPa","0.861","-0.02617","0.00035","0","0","13.56","Humid","28.00","0","54.00","361697.98","SABD0000000001","AAV1.0.0.11","1.1.2.0","PSt7-10","170328-007","9/30/2017 19:06:43","0000-00","0","no battery","V"
"09/09/2020","10:26:43","2","default","115855972","OXY_CH2","61.144","min","182.719","µmol/L","Humid","20.832","deg","80353","µV","29.818","°C","1016.000","hPa","35.3","pmil","0","53.237","deg","23.954","°C","100.000","%a.s.","21.023","deg","23.635","°C","1019.000","hPa","0.861","-0.02617","0.00035","0","0","13.56","Humid","28.00","0","54.00","361702.74","SABD0000000001","AAV1.0.0.11","1.1.2.0","PSt7-10","170328-007","9/30/2017 19:06:43","0000-00","0","no battery","V"
"09/09/2020","10:26:44","2","default","115855972","OXY_CH2","61.161","min","182.761","µmol/L","Humid","20.832","deg","80357","µV","29.811","°C","1016.000","hPa","35.3","pmil","0","53.237","deg","23.954","°C","100.000","%a.s.","21.023","deg","23.635","°C","1019.000","hPa","0.861","-0.02617","0.00035","0","0","13.56","Humid","28.00","0","54.00","361718.42","SABD0000000001","AAV1.0.0.11","1.1.2.0","PSt7-10","170328-007","9/30/2017 19:06:43","0000-00","0","no battery","V"
"09/09/2020","10:26:45","2","default","115855972","OXY_CH2","61.178","min","182.539","µmol/L","Humid","20.838","deg","80355","µV","29.832","°C","1016.000","hPa","35.3","pmil","0","53.237","deg","23.954","°C","100.000","%a.s.","21.023","deg","23.635","°C","1019.000","hPa","0.861","-0.02617","0.00035","0","0","13.56","Humid","28.00","0","54.00","361721.64","SABD0000000001","AAV1.0.0.11","1.1.2.0","PSt7-10","170328-007","9/30/2017 19:06:43","0000-00","0","no battery","V"
"09/09/2020","10:26:46","2","default","115855972","OXY_CH2","61.194","min","182.697","µmol/L","Humid","20.834","deg","80356","µV","29.816","°C","1016.000","hPa","35.3","pmil","0","53.237","deg","23.954","°C","100.000","%a.s.","21.023","deg","23.635","°C","1019.000","hPa","0.861","-0.02617","0.00035","0","0","13.56","Humid","28.00","0","54.00","361721.08","SABD0000000001","AAV1.0.0.11","1.1.2.0","PSt7-10","170328-007","9/30/2017 19:06:43","0000-00","0","no battery","V"
"09/09/2020","10:26:47","2","default","115855972","OXY_CH2","61.211","min","182.578","µmol/L","Humid","20.836","deg","80353","µV","29.831","°C","1016.000","hPa","35.3","pmil","0","53.237","deg","23.954","°C","100.000","%a.s.","21.023","deg","23.635","°C","1019.000","hPa","0.861","-0.02617","0.00035","0","0","13.56","Humid","28.00","0","54.00","361719.50","SABD0000000001","AAV1.0.0.11","1.1.2.0","PSt7-10","170328-007","9/30/2017 19:06:43","0000-00","0","no battery","V"
"09/09/2020","10:26:48","2","default","115855972","OXY_CH2","61.227","min","182.585","µmol/L","Humid","20.833","deg","80350","µV","29.838","°C","1016.000","hPa","35.3","pmil","0","53.237","deg","23.954","°C","100.000","%a.s.","21.023","deg","23.635","°C","1019.000","hPa","0.861","-0.02617","0.00035","0","0","13.56","Humid","28.00","0","54.00","361706.05","SABD0000000001","AAV1.0.0.11","1.1.2.0","PSt7-10","170328-007","9/30/2017 19:06:43","0000-00","0","no battery","V"
"09/09/2020","10:26:49","2","default","115855972","OXY_CH2","61.244","min","182.658","µmol/L","Humid","20.835","deg","80349","µV","29.820","°C","1016.000","hPa","35.3","pmil","0","53.237","deg","23.954","°C","100.000","%a.s.","21.023","deg","23.635","°C","1019.000","hPa","0.861","-0.02617","0.00035","0","0","13.56","Humid","28.00","0","54.00","361711.99","SABD0000000001","AAV1.0.0.11","1.1.2.0","PSt7-10","170328-007","9/30/2017 19:06:43","0000-00","0","no battery","V"
"09/09/2020","10:26:50","2","default","115855972","OXY_CH2","61.261","min","182.689","µmol/L","Humid","20.833","deg","80343","µV","29.820","°C","1016.000","hPa","35.3","pmil","0","53.237","deg","23.954","°C","100.000","%a.s.","21.023","deg","23.635","°C","1019.000","hPa","0.861","-0.02617","0.00035","0","0","13.56","Humid","28.00","0","54.00","361702.82","SABD0000000001","AAV1.0.0.11","1.1.2.0","PSt7-10","170328-007","9/30/2017 19:06:43","0000-00","0","no battery","V"
"09/09/2020","10:26:51","2","default","115855972","OXY_CH2","61.277","min","182.686","µmol/L","Humid","20.833","deg","80356","µV","29.821","°C","1016.000","hPa","35.3","pmil","0","53.237","deg","23.954","°C","100.000","%a.s.","21.023","deg","23.635","°C","1019.000","hPa","0.861","-0.02617","0.00035","0","0","13.56","Humid","28.00","0","54.00","361706.92","SABD0000000001","AAV1.0.0.11","1.1.2.0","PSt7-10","170328-007","9/30/2017 19:06:43","0000-00","0","no battery","V"
"09/09/2020","10:26:52","2","default","115855972","OXY_CH2","61.294","min","182.602","µmol/L","Humid","20.835","deg","80350","µV","29.830","°C","1016.000","hPa","35.3","pmil","0","53.237","deg","23.954","°C","100.000","%a.s.","21.023","deg","23.635","°C","1019.000","hPa","0.861","-0.02617","0.00035","0","0","13.56","Humid","28.00","0","54.00","361699.68","SABD0000000001","AAV1.0.0.11","1.1.2.0","PSt7-10","170328-007","9/30/2017 19:06:43","0000-00","0","no battery","V"
"09/09/2020","10:26:53","2","default","115855972","OXY_CH2","61.311","min","182.662","µmol/L","Humid","20.833","deg","80352","µV","29.825","°C","1016.000","hPa","35.3","pmil","0","53.237","deg","23.954","°C","100.000","%a.s.","21.023","deg","23.635","°C","1019.000","hPa","0.861","-0.02617","0.00035","0","0","13.56","Humid","28.00","0","54.00","361708.28","SABD0000000001","AAV1.0.0.11","1.1.2.0","PSt7-10","170328-007","9/30/2017 19:06:43","0000-00","0","no battery","V"
"09/09/2020","10:26:54","2","default","115855972","OXY_CH2","61.327","min","182.655","µmol/L","Humid","20.834","deg","80350","µV","29.823","°C","1016.000","hPa","35.3","pmil","0","53.237","deg","23.954","°C","100.000","%a.s.","21.023","deg","23.635","°C","1019.000","hPa","0.861","-0.02617","0.00035","0","0","13.56","Humid","28.00","0","54.00","361706.77","SABD0000000001","AAV1.0.0.11","1.1.2.0","PSt7-10","170328-007","9/30/2017 19:06:43","0000-00","0","no battery","V"
"09/09/2020","10:26:55","2","default","115855972","OXY_CH2","61.344","min","182.706","µmol/L","Humid","20.830","deg","80345","µV","29.826","°C","1016.000","hPa","35.3","pmil","0","53.237","deg","23.954","°C","100.000","%a.s.","21.023","deg","23.635","°C","1019.000","hPa","0.861","-0.02617","0.00035","0","0","13.56","Humid","28.00","0","54.00","361719.17","SABD0000000001","AAV1.0.0.11","1.1.2.0","PSt7-10","170328-007","9/30/2017 19:06:43","0000-00","0","no battery","V"
"09/09/2020","10:26:56","2","default","115855972","OXY_CH2","61.361","min","182.619","µmol/L","Humid","20.833","deg","80343","µV","29.832","°C","1016.000","hPa","35.3","pmil","0","53.237","deg","23.954","°C","100.000","%a.s.","21.023","deg","23.635","°C","1019.000","hPa","0.861","-0.02617","0.00035","0","0","13.56","Humid","28.00","0","54.00","361708.31","SABD0000000001","AAV1.0.0.11","1.1.2.0","PSt7-10","170328-007","9/30/2017 19:06:43","0000-00","0","no battery","V"
"09/09/2020","10:26:57","2","default","115855972","OXY_CH2","61.377","min","182.725","µmol/L","Humid","20.831","deg","80340","µV","29.820","°C","1016.000","hPa","35.3","pmil","0","53.237","deg","23.954","°C","100.000","%a.s.","21.023","deg","23.635","°C","1019.000","hPa","0.861","-0.02617","0.00035","0","0","13.56","Humid","28.00","0","54.00","361723.05","SABD0000000001","AAV1.0.0.11","1.1.2.0","PSt7-10","170328-007","9/30/2017 19:06:43","0000-00","0","no battery","V"
"09/09/2020","10:26:58","2","default","115855972","OXY_CH2","61.394","min","182.668","µmol/L","Humid","20.830","deg","80340","µV","29.833","°C","1016.000","hPa","35.3","pmil","0","53.237","deg","23.954","°C","100.000","%a.s.","21.023","deg","23.635","°C","1019.000","hPa","0.861","-0.02617","0.00035","0","0","13.56","Humid","28.00","0","54.00","361712.52","SABD0000000001","AAV1.0.0.11","1.1.2.0","PSt7-10","170328-007","9/30/2017 19:06:43","0000-00","0","no battery","V"
"09/09/2020","10:26:59","2","default","115855972","OXY_CH2","61.410","min","182.594","µmol/L","Humid","20.833","deg","80340","µV","29.837","°C","1016.000","hPa","35.3","pmil","0","53.237","deg","23.954","°C","100.000","%a.s.","21.023","deg","23.635","°C","1019.000","hPa","0.861","-0.02617","0.00035","0","0","13.56","Humid","28.00","0","54.00","361705.76","SABD0000000001","AAV1.0.0.11","1.1.2.0","PSt7-10","170328-007","9/30/2017 19:06:43","0000-00","0","no battery","V"
"09/09/2020","10:27:00","2","default","115855972","OXY_CH2","61.427","min","182.612","µmol/L","Humid","20.835","deg","80334","µV","29.828","°C","1016.000","hPa","35.3","pmil","0","53.237","deg","23.954","°C","100.000","%a.s.","21.023","deg","23.635","°C","1019.000","hPa","0.861","-0.02617","0.00035","0","0","13.56","Humid","28.00","0","54.00","361712.64","SABD0000000001","AAV1.0.0.11","1.1.2.0","PSt7-10","170328-007","9/30/2017 19:06:43","0000-00","0","no battery","V"
"09/09/2020","10:27:01","2","default","115855972","OXY_CH2","61.444","min","182.650","µmol/L","Humid","20.834","deg","80341","µV","29.824","°C","1016.000","hPa","35.3","pmil","0","53.237","deg","23.954","°C","100.000","%a.s.","21.023","deg","23.635","°C","1019.000","hPa","0.861","-0.02617","0.00035","0","0","13.56","Humid","28.00","0","54.00","361706.35","SABD0000000001","AAV1.0.0.11","1.1.2.0","PSt7-10","170328-007","9/30/2017 19:06:43","0000-00","0","no battery","V"
"09/09/2020","10:27:02","2","default","115855972","OXY_CH2","61.460","min","182.566","µmol/L","Humid","20.834","deg","80333","µV","29.839","°C","1016.000","hPa","35.3","pmil","0","53.237","deg","23.954","°C","100.000","%a.s.","21.023","deg","23.635","°C","1019.000","hPa","0.861","-0.02617","0.00035","0","0","13.56","Humid","28.00","0","54.00","361707.99","SABD0000000001","AAV1.0.0.11","1.1.2.0","PSt7-10","170328-007","9/30/2017 19:06:43","0000-00","0","no battery","V"
"09/09/2020","10:27:03","2","default","115855972","OXY_CH2","61.477","min","182.786","µmol/L","Humid","20.828","deg","80335","µV","29.818","°C","1016.000","hPa","35.3","pmil","0","53.237","deg","23.954","°C","100.000","%a.s.","21.023","deg","23.635","°C","1019.000","hPa","0.861","-0.02617","0.00035","0","0","13.56","Humid","28.00","0","54.00","361704.52","SABD0000000001","AAV1.0.0.11","1.1.2.0","PSt7-10","170328-007","9/30/2017 19:06:43","0000-00","0","no battery","V"
"09/09/2020","10:27:04","2","default","115855972","OXY_CH2","61.494","min","182.522","µmol/L","Humid","20.833","deg","80338","µV","29.849","°C","1016.000","hPa","35.3","pmil","0","53.237","deg","23.954","°C","100.000","%a.s.","21.023","deg","23.635","°C","1019.000","hPa","0.861","-0.02617","0.00035","0","0","13.56","Humid","28.00","0","54.00","361702.52","SABD0000000001","AAV1.0.0.11","1.1.2.0","PSt7-10","170328-007","9/30/2017 19:06:43","0000-00","0","no battery","V"
"09/09/2020","10:27:05","2","default","115855972","OXY_CH2","61.511","min","182.650","µmol/L","Humid","20.835","deg","80327","µV","29.821","°C","1016.000","hPa","35.3","pmil","0","53.237","deg","23.954","°C","100.000","%a.s.","21.023","deg","23.635","°C","1019.000","hPa","0.861","-0.02617","0.00035","0","0","13.56","Humid","28.00","0","54.00","361703.84","SABD0000000001","AAV1.0.0.11","1.1.2.0","PSt7-10","170328-007","9/30/2017 19:06:43","0000-00","0","no battery","V"
"09/09/2020","10:27:06","2","default","115855972","OXY_CH2","61.527","min","182.714","µmol/L","Humid","20.829","deg","80334","µV","29.827","°C","1016.000","hPa","35.3","pmil","0","53.237","deg","23.954","°C","100.000","%a.s.","21.023","deg","23.635","°C","1019.000","hPa","0.861","-0.02617","0.00035","0","0","13.56","Humid","28.00","0","54.00","361705.17","SABD0000000001","AAV1.0.0.11","1.1.2.0","PSt7-10","170328-007","9/30/2017 19:06:43","0000-00","0","no battery","V"
"09/09/2020","10:27:07","2","default","115855972","OXY_CH2","61.544","min","182.744","µmol/L","Humid","20.826","deg","80336","µV","29.831","°C","1016.000","hPa","35.3","pmil","0","53.237","deg","23.954","°C","100.000","%a.s.","21.023","deg","23.635","°C","1019.000","hPa","0.861","-0.02617","0.00035","0","0","13.56","Humid","28.00","0","54.00","361717.21","SABD0000000001","AAV1.0.0.11","1.1.2.0","PSt7-10","170328-007","9/30/2017 19:06:43","0000-00","0","no battery","V"
"09/09/2020","10:27:08","2","default","115855972","OXY_CH2","61.560","min","182.705","µmol/L","Humid","20.829","deg","80333","µV","29.829","°C","1016.000","hPa","35.3","pmil","0","53.237","deg","23.954","°C","100.000","%a.s.","21.023","deg","23.635","°C","1019.000","hPa","0.861","-0.02617","0.00035","0","0","13.56","Humid","28.00","0","54.00","361711.40","SABD0000000001","AAV1.0.0.11","1.1.2.0","PSt7-10","170328-007","9/30/2017 19:06:43","0000-00","0","no battery","V"
"09/09/2020","10:27:09","2","default","115855972","OXY_CH2","61.577","min","182.556","µmol/L","Humid","20.833","deg","80334","µV","29.843","°C","1016.000","hPa","35.3","pmil","0","53.237","deg","23.954","°C","100.000","%a.s.","21.023","deg","23.635","°C","1019.000","hPa","0.861","-0.02617","0.00035","0","0","13.56","Humid","28.00","0","54.00","361702.87","SABD0000000001","AAV1.0.0.11","1.1.2.0","PSt7-10","170328-007","9/30/2017 19:06:43","0000-00","0","no battery","V"
"09/09/2020","10:27:10","2","default","115855972","OXY_CH2","61.594","min","182.714","µmol/L","Humid","20.832","deg","80328","µV","29.819","°C","1016.000","hPa","35.3","pmil","0","53.237","deg","23.954","°C","100.000","%a.s.","21.023","deg","23.635","°C","1019.000","hPa","0.861","-0.02617","0.00035","0","0","13.56","Humid","28.00","0","54.00","361704.76","SABD0000000001","AAV1.0.0.11","1.1.2.0","PSt7-10","170328-007","9/30/2017 19:06:43","0000-00","0","no battery","V"
"09/09/2020","10:27:11","2","default","115855972","OXY_CH2","61.611","min","182.623","µmol/L","Humid","20.831","deg","80330","µV","29.837","°C","1016.000","hPa","35.3","pmil","0","53.237","deg","23.954","°C","100.000","%a.s.","21.023","deg","23.635","°C","1019.000","hPa","0.861","-0.02617","0.00035","0","0","13.56","Humid","28.00","0","54.00","361710.70","SABD0000000001","AAV1.0.0.11","1.1.2.0","PSt7-10","170328-007","9/30/2017 19:06:43","0000-00","0","no battery","V"
"09/09/2020","10:27:12","2","default","115855972","OXY_CH2","61.627","min","182.640","µmol/L","Humid","20.830","deg","80327","µV","29.837","°C","1016.000","hPa","35.3","pmil","0","53.237","deg","23.954","°C","100.000","%a.s.","21.023","deg","23.635","°C","1019.000","hPa","0.861","-0.02617","0.00035","0","0","13.56","Humid","28.00","0","54.00","361701.06","SABD0000000001","AAV1.0.0.11","1.1.2.0","PSt7-10","170328-007","9/30/2017 19:06:43","0000-00","0","no battery","V"
"09/09/2020","10:27:13","2","default","115855972","OXY_CH2","61.644","min","182.643","µmol/L","Humid","20.829","deg","80333","µV","29.840","°C","1016.000","hPa","35.3","pmil","0","53.237","deg","23.954","°C","100.000","%a.s.","21.023","deg","23.635","°C","1019.000","hPa","0.861","-0.02617","0.00035","0","0","13.56","Humid","28.00","0","54.00","361691.21","SABD0000000001","AAV1.0.0.11","1.1.2.0","PSt7-10","170328-007","9/30/2017 19:06:43","0000-00","0","no battery","V"
"09/09/2020","10:27:14","2","default","115855972","OXY_CH2","61.660","min","182.781","µmol/L","Humid","20.826","deg","80328","µV","29.824","°C","1016.000","hPa","35.3","pmil","0","53.237","deg","23.954","°C","100.000","%a.s.","21.023","deg","23.635","°C","1019.000","hPa","0.861","-0.02617","0.00035","0","0","13.56","Humid","28.00","0","54.00","361699.56","SABD0000000001","AAV1.0.0.11","1.1.2.0","PSt7-10","170328-007","9/30/2017 19:06:43","0000-00","0","no battery","V"
"09/09/2020","10:27:15","2","default","115855972","OXY_CH2","61.677","min","182.801","µmol/L","Humid","20.828","deg","80327","µV","29.815","°C","1016.000","hPa","35.3","pmil","0","53.237","deg","23.954","°C","100.000","%a.s.","21.023","deg","23.635","°C","1019.000","hPa","0.861","-0.02617","0.00035","0","0","13.56","Humid","28.00","0","54.00","361688.13","SABD0000000001","AAV1.0.0.11","1.1.2.0","PSt7-10","170328-007","9/30/2017 19:06:43","0000-00","0","no battery","V"
"09/09/2020","10:27:16","2","default","115855972","OXY_CH2","61.694","min","182.606","µmol/L","Humid","20.834","deg","80329","µV","29.832","°C","1016.000","hPa","35.3","pmil","0","53.237","deg","23.954","°C","100.000","%a.s.","21.023","deg","23.635","°C","1019.000","hPa","0.861","-0.02617","0.00035","0","0","13.56","Humid","28.00","0","54.00","361692.75","SABD0000000001","AAV1.0.0.11","1.1.2.0","PSt7-10","170328-007","9/30/2017 19:06:43","0000-00","0","no battery","V"
"09/09/2020","10:27:17","2","default","115855972","OXY_CH2","61.710","min","182.649","µmol/L","Humid","20.829","deg","80322","µV","29.839","°C","1016.000","hPa","35.3","pmil","0","53.237","deg","23.954","°C","100.000","%a.s.","21.023","deg","23.635","°C","1019.000","hPa","0.861","-0.02617","0.00035","0","0","13.56","Humid","28.00","0","54.00","361697.14","SABD0000000001","AAV1.0.0.11","1.1.2.0","PSt7-10","170328-007","9/30/2017 19:06:43","0000-00","0","no battery","V"
"09/09/2020","10:27:18","2","default","115855972","OXY_CH2","61.727","min","182.646","µmol/L","Humid","20.829","deg","80324","µV","29.839","°C","1016.000","hPa","35.3","pmil","0","53.237","deg","23.954","°C","100.000","%a.s.","21.023","deg","23.635","°C","1019.000","hPa","0.861","-0.02617","0.00035","0","0","13.56","Humid","28.00","0","54.00","361701.00","SABD0000000001","AAV1.0.0.11","1.1.2.0","PSt7-10","170328-007","9/30/2017 19:06:43","0000-00","0","no battery","V"
"09/09/2020","10:27:19","2","default","115855972","OXY_CH2","61.744","min","182.707","µmol/L","Humid","20.826","deg","80324","µV","29.837","°C","1016.000","hPa","35.3","pmil","0","53.237","deg","23.954","°C","100.000","%a.s.","21.023","deg","23.635","°C","1019.000","hPa","0.861","-0.02617","0.00035","0","0","13.56","Humid","28.00","0","54.00","361696.96","SABD0000000001","AAV1.0.0.11","1.1.2.0","PSt7-10","170328-007","9/30/2017 19:06:43","0000-00","0","no battery","V"
"09/09/2020","10:27:20","2","default","115855972","OXY_CH2","61.760","min","182.731","µmol/L","Humid","20.823","deg","80314","µV","29.842","°C","1016.000","hPa","35.3","pmil","0","53.237","deg","23.954","°C","100.000","%a.s.","21.023","deg","23.635","°C","1019.000","hPa","0.861","-0.02617","0.00035","0","0","13.56","Humid","28.00","0","54.00","361686.16","SABD0000000001","AAV1.0.0.11","1.1.2.0","PSt7-10","170328-007","9/30/2017 19:06:43","0000-00","0","no battery","V"
"09/09/2020","10:27:21","2","default","115855972","OXY_CH2","61.777","min","182.845","µmol/L","Humid","20.823","deg","80313","µV","29.822","°C","1016.000","hPa","35.3","pmil","0","53.237","deg","23.954","°C","100.000","%a.s.","21.023","deg","23.635","°C","1019.000","hPa","0.861","-0.02617","0.00035","0","0","13.56","Humid","28.00","0","54.00","361697.37","SABD0000000001","AAV1.0.0.11","1.1.2.0","PSt7-10","170328-007","9/30/2017 19:06:43","0000-00","0","no battery","V"
"09/09/2020","10:27:22","2","default","115855972","OXY_CH2","61.794","min","182.795","µmol/L","Humid","20.824","deg","80324","µV","29.828","°C","1016.000","hPa","35.3","pmil","0","53.237","deg","23.954","°C","100.000","%a.s.","21.023","deg","23.635","°C","1019.000","hPa","0.861","-0.02617","0.00035","0","0","13.56","Humid","28.00","0","54.00","361692.21","SABD0000000001","AAV1.0.0.11","1.1.2.0","PSt7-10","170328-007","9/30/2017 19:06:43","0000-00","0","no battery","V"
"09/09/2020","10:27:23","2","default","115855972","OXY_CH2","61.810","min","182.654","µmol/L","Humid","20.831","deg","80319","µV","29.832","°C","1016.000","hPa","35.3","pmil","0","53.237","deg","23.954","°C","100.000","%a.s.","21.023","deg","23.635","°C","1019.000","hPa","0.861","-0.02617","0.00035","0","0","13.56","Humid","28.00","0","54.00","361684.55","SABD0000000001","AAV1.0.0.11","1.1.2.0","PSt7-10","170328-007","9/30/2017 19:06:43","0000-00","0","no battery","V"
"09/09/2020","10:27:24","2","default","115855972","OXY_CH2","61.827","min","182.769","µmol/L","Humid","20.827","deg","80320","µV","29.824","°C","1016.000","hPa","35.3","pmil","0","53.237","deg","23.954","°C","100.000","%a.s.","21.023","deg","23.635","°C","1019.000","hPa","0.861","-0.02617","0.00035","0","0","13.56","Humid","28.00","0","54.00","361707.80","SABD0000000001","AAV1.0.0.11","1.1.2.0","PSt7-10","170328-007","9/30/2017 19:06:43","0000-00","0","no battery","V"
"09/09/2020","10:27:25","2","default","115855972","OXY_CH2","61.845","min","182.715","µmol/L","Humid","20.826","deg","80312","µV","29.836","°C","1016.000","hPa","35.3","pmil","0","53.237","deg","23.954","°C","100.000","%a.s.","21.023","deg","23.635","°C","1019.000","hPa","0.861","-0.02617","0.00035","0","0","13.56","Humid","28.00","0","54.00","361691.01","SABD0000000001","AAV1.0.0.11","1.1.2.0","PSt7-10","170328-007","9/30/2017 19:06:43","0000-00","0","no battery","V"
"09/09/2020","10:27:26","2","default","115855972","OXY_CH2","61.861","min","182.718","µmol/L","Humid","20.827","deg","80310","µV","29.832","°C","1016.000","hPa","35.3","pmil","0","53.237","deg","23.954","°C","100.000","%a.s.","21.023","deg","23.635","°C","1019.000","hPa","0.861","-0.02617","0.00035","0","0","13.56","Humid","28.00","0","54.00","361683.83","SABD0000000001","AAV1.0.0.11","1.1.2.0","PSt7-10","170328-007","9/30/2017 19:06:43","0000-00","0","no battery","V"
"09/09/2020","10:27:27","2","default","115855972","OXY_CH2","61.877","min","182.650","µmol/L","Humid","20.828","deg","80318","µV","29.841","°C","1016.000","hPa","35.3","pmil","0","53.237","deg","23.954","°C","100.000","%a.s.","21.023","deg","23.635","°C","1019.000","hPa","0.861","-0.02617","0.00035","0","0","13.56","Humid","28.00","0","54.00","361688.61","SABD0000000001","AAV1.0.0.11","1.1.2.0","PSt7-10","170328-007","9/30/2017 19:06:43","0000-00","0","no battery","V"
"09/09/2020","10:27:28","2","default","115855972","OXY_CH2","61.894","min","182.706","µmol/L","Humid","20.827","deg","80313","µV","29.835","°C","1016.000","hPa","35.3","pmil","0","53.237","deg","23.954","°C","100.000","%a.s.","21.023","deg","23.635","°C","1019.000","hPa","0.861","-0.02617","0.00035","0","0","13.56","Humid","28.00","0","54.00","361695.64","SABD0000000001","AAV1.0.0.11","1.1.2.0","PSt7-10","170328-007","9/30/2017 19:06:43","0000-00","0","no battery","V"
"09/09/2020","10:27:29","2","default","115855972","OXY_CH2","61.911","min","182.765","µmol/L","Humid","20.825","deg","80315","µV","29.830","°C","1016.000","hPa","35.3","pmil","0","53.237","deg","23.954","°C","100.000","%a.s.","21.023","deg","23.635","°C","1019.000","hPa","0.861","-0.02617","0.00035","0","0","13.56","Humid","28.00","0","54.00","361698.04","SABD0000000001","AAV1.0.0.11","1.1.2.0","PSt7-10","170328-007","9/30/2017 19:06:43","0000-00","0","no battery","V"
"09/09/2020","10:27:30","2","default","115855972","OXY_CH2","61.927","min","182.804","µmol/L","Humid","20.824","deg","80306","µV","29.826","°C","1016.000","hPa","35.3","pmil","0","53.237","deg","23.954","°C","100.000","%a.s.","21.023","deg","23.635","°C","1019.000","hPa","0.861","-0.02617","0.00035","0","0","13.56","Humid","28.00","0","54.00","361693.04","SABD0000000001","AAV1.0.0.11","1.1.2.0","PSt7-10","170328-007","9/30/2017 19:06:43","0000-00","0","no battery","V"
"09/09/2020","10:27:31","2","default","115855972","OXY_CH2","61.944","min","182.766","µmol/L","Humid","20.829","deg","80309","µV","29.818","°C","1016.000","hPa","35.3","pmil","0","53.237","deg","23.954","°C","100.000","%a.s.","21.023","deg","23.635","°C","1019.000","hPa","0.861","-0.02617","0.00035","0","0","13.56","Humid","28.00","0","54.00","361686.78","SABD0000000001","AAV1.0.0.11","1.1.2.0","PSt7-10","170328-007","9/30/2017 19:06:43","0000-00","0","no battery","V"
"09/09/2020","10:27:32","2","default","115855972","OXY_CH2","61.961","min","182.626","µmol/L","Humid","20.830","deg","80311","µV","29.840","°C","1016.000","hPa","35.3","pmil","0","53.237","deg","23.954","°C","100.000","%a.s.","21.023","deg","23.635","°C","1019.000","hPa","0.861","-0.02617","0.00035","0","0","13.56","Humid","28.00","0","54.00","361692.47","SABD0000000001","AAV1.0.0.11","1.1.2.0","PSt7-10","170328-007","9/30/2017 19:06:43","0000-00","0","no battery","V"
"09/09/2020","10:27:33","2","default","115855972","OXY_CH2","61.977","min","182.878","µmol/L","Humid","20.826","deg","80313","µV","29.808","°C","1016.000","hPa","35.3","pmil","0","53.237","deg","23.954","°C","100.000","%a.s.","21.023","deg","23.635","°C","1019.000","hPa","0.861","-0.02617","0.00035","0","0","13.56","Humid","28.00","0","54.00","361689.50","SABD0000000001","AAV1.0.0.11","1.1.2.0","PSt7-10","170328-007","9/30/2017 19:06:43","0000-00","0","no battery","V"
"09/09/2020","10:27:34","2","default","115855972","OXY_CH2","61.994","min","182.827","µmol/L","Humid","20.827","deg","80303","µV","29.814","°C","1016.000","hPa","35.3","pmil","0","53.237","deg","23.954","°C","100.000","%a.s.","21.023","deg","23.635","°C","1019.000","hPa","0.861","-0.02617","0.00035","0","0","13.56","Humid","28.00","0","54.00","361690.78","SABD0000000001","AAV1.0.0.11","1.1.2.0","PSt7-10","170328-007","9/30/2017 19:06:43","0000-00","0","no battery","V"
"09/09/2020","10:27:35","2","default","115855972","OXY_CH2","62.011","min","182.686","µmol/L","Humid","20.829","deg","80302","µV","29.832","°C","1016.000","hPa","35.3","pmil","0","53.237","deg","23.954","°C","100.000","%a.s.","21.023","deg","23.635","°C","1019.000","hPa","0.861","-0.02617","0.00035","0","0","13.56","Humid","28.00","0","54.00","361688.83","SABD0000000001","AAV1.0.0.11","1.1.2.0","PSt7-10","170328-007","9/30/2017 19:06:43","0000-00","0","no battery","V"
"09/09/2020","10:27:36","2","default","115855972","OXY_CH2","62.027","min","182.697","µmol/L","Humid","20.828","deg","80311","µV","29.833","°C","1016.000","hPa","35.3","pmil","0","53.237","deg","23.954","°C","100.000","%a.s.","21.023","deg","23.635","°C","1019.000","hPa","0.861","-0.02617","0.00035","0","0","13.56","Humid","28.00","0","54.00","361692.20","SABD0000000001","AAV1.0.0.11","1.1.2.0","PSt7-10","170328-007","9/30/2017 19:06:43","0000-00","0","no battery","V"
"09/09/2020","10:27:37","2","default","115855972","OXY_CH2","62.044","min","182.685","µmol/L","Humid","20.825","deg","80307","µV","29.844","°C","1016.000","hPa","35.3","pmil","0","53.237","deg","23.954","°C","100.000","%a.s.","21.023","deg","23.635","°C","1019.000","hPa","0.861","-0.02617","0.00035","0","0","13.56","Humid","28.00","0","54.00","361693.40","SABD0000000001","AAV1.0.0.11","1.1.2.0","PSt7-10","170328-007","9/30/2017 19:06:43","0000-00","0","no battery","V"
"09/09/2020","10:27:38","2","default","115855972","OXY_CH2","62.061","min","182.837","µmol/L","Humid","20.820","deg","80304","µV","29.832","°C","1016.000","hPa","35.3","pmil","0","53.237","deg","23.954","°C","100.000","%a.s.","21.023","deg","23.635","°C","1019.000","hPa","0.861","-0.02617","0.00035","0","0","13.56","Humid","28.00","0","54.00","361688.31","SABD0000000001","AAV1.0.0.11","1.1.2.0","PSt7-10","170328-007","9/30/2017 19:06:43","0000-00","0","no battery","V"
"09/09/2020","10:27:39","2","default","115855972","OXY_CH2","62.077","min","182.787","µmol/L","Humid","20.821","deg","80308","µV","29.838","°C","1016.000","hPa","35.3","pmil","0","53.237","deg","23.954","°C","100.000","%a.s.","21.023","deg","23.635","°C","1019.000","hPa","0.861","-0.02617","0.00035","0","0","13.56","Humid","28.00","0","54.00","361689.80","SABD0000000001","AAV1.0.0.11","1.1.2.0","PSt7-10","170328-007","9/30/2017 19:06:43","0000-00","0","no battery","V"
"09/09/2020","10:27:40","2","default","115855972","OXY_CH2","62.094","min","182.743","µmol/L","Humid","20.824","deg","80311","µV","29.837","°C","1016.000","hPa","35.3","pmil","0","53.237","deg","23.954","°C","100.000","%a.s.","21.023","deg","23.635","°C","1019.000","hPa","0.861","-0.02617","0.00035","0","0","13.56","Humid","28.00","0","54.00","361689.48","SABD0000000001","AAV1.0.0.11","1.1.2.0","PSt7-10","170328-007","9/30/2017 19:06:43","0000-00","0","no battery","V"
"09/09/2020","10:27:41","2","default","115855972","OXY_CH2","62.111","min","182.866","µmol/L","Humid","20.820","deg","80308","µV","29.827","°C","1016.000","hPa","35.3","pmil","0","53.237","deg","23.954","°C","100.000","%a.s.","21.023","deg","23.635","°C","1019.000","hPa","0.861","-0.02617","0.00035","0","0","13.56","Humid","28.00","0","54.00","361694.58","SABD0000000001","AAV1.0.0.11","1.1.2.0","PSt7-10","170328-007","9/30/2017 19:06:43","0000-00","0","no battery","V"
"09/09/2020","10:27:42","2","default","115855972","OXY_CH2","62.127","min","182.728","µmol/L","Humid","20.825","deg","80305","µV","29.837","°C","1016.000","hPa","35.3","pmil","0","53.237","deg","23.954","°C","100.000","%a.s.","21.023","deg","23.635","°C","1019.000","hPa","0.861","-0.02617","0.00035","0","0","13.56","Humid","28.00","0","54.00","361685.13","SABD0000000001","AAV1.0.0.11","1.1.2.0","PSt7-10","170328-007","9/30/2017 19:06:43","0000-00","0","no battery","V"
"09/09/2020","10:27:43","2","default","115855972","OXY_CH2","62.144","min","182.829","µmol/L","Humid","20.822","deg","80302","µV","29.828","°C","1016.000","hPa","35.3","pmil","0","53.237","deg","23.954","°C","100.000","%a.s.","21.023","deg","23.635","°C","1019.000","hPa","0.861","-0.02617","0.00035","0","0","13.56","Humid","28.00","0","54.00","361690.81","SABD0000000001","AAV1.0.0.11","1.1.2.0","PSt7-10","170328-007","9/30/2017 19:06:43","0000-00","0","no battery","V"
"09/09/2020","10:27:44","2","default","115855972","OXY_CH2","62.161","min","182.820","µmol/L","Humid","20.823","deg","80304","µV","29.826","°C","1016.000","hPa","35.3","pmil","0","53.237","deg","23.954","°C","100.000","%a.s.","21.023","deg","23.635","°C","1019.000","hPa","0.861","-0.02617","0.00035","0","0","13.56","Humid","28.00","0","54.00","361669.70","SABD0000000001","AAV1.0.0.11","1.1.2.0","PSt7-10","170328-007","9/30/2017 19:06:43","0000-00","0","no battery","V"
"09/09/2020","10:27:45","2","default","115855972","OXY_CH2","62.177","min","182.754","µmol/L","Humid","20.821","deg","80304","µV","29.844","°C","1016.000","hPa","35.3","pmil","0","53.237","deg","23.954","°C","100.000","%a.s.","21.023","deg","23.635","°C","1019.000","hPa","0.861","-0.02617","0.00035","0","0","13.56","Humid","28.00","0","54.00","361679.01","SABD0000000001","AAV1.0.0.11","1.1.2.0","PSt7-10","170328-007","9/30/2017 19:06:43","0000-00","0","no battery","V"
"09/09/2020","10:27:46","2","default","115855972","OXY_CH2","62.194","min","182.746","µmol/L","Humid","20.822","deg","80302","µV","29.842","°C","1016.000","hPa","35.3","pmil","0","53.237","deg","23.954","°C","100.000","%a.s.","21.023","deg","23.635","°C","1019.000","hPa","0.861","-0.02617","0.00035","0","0","13.56","Humid","28.00","0","54.00","361682.06","SABD0000000001","AAV1.0.0.11","1.1.2.0","PSt7-10","170328-007","9/30/2017 19:06:43","0000-00","0","no battery","V"
"09/09/2020","10:27:47","2","default","115855972","OXY_CH2","62.211","min","182.666","µmol/L","Humid","20.826","deg","80299","µV","29.844","°C","1016.000","hPa","35.3","pmil","0","53.237","deg","23.954","°C","100.000","%a.s.","21.023","deg","23.635","°C","1019.000","hPa","0.861","-0.02617","0.00035","0","0","13.56","Humid","28.00","0","54.00","361677.31","SABD0000000001","AAV1.0.0.11","1.1.2.0","PSt7-10","170328-007","9/30/2017 19:06:43","0000-00","0","no battery","V"
"09/09/2020","10:27:48","2","default","115855972","OXY_CH2","62.227","min","182.822","µmol/L","Humid","20.821","deg","80297","µV","29.832","°C","1016.000","hPa","35.3","pmil","0","53.237","deg","23.954","°C","100.000","%a.s.","21.023","deg","23.635","°C","1019.000","hPa","0.861","-0.02617","0.00035","0","0","13.56","Humid","28.00","0","54.00","361676.35","SABD0000000001","AAV1.0.0.11","1.1.2.0","PSt7-10","170328-007","9/30/2017 19:06:43","0000-00","0","no battery","V"
"09/09/2020","10:27:49","2","default","115855972","OXY_CH2","62.244","min","182.842","µmol/L","Humid","20.819","deg","80299","µV","29.834","°C","1016.000","hPa","35.3","pmil","0","53.237","deg","23.954","°C","100.000","%a.s.","21.023","deg","23.635","°C","1019.000","hPa","0.861","-0.02617","0.00035","0","0","13.56","Humid","28.00","0","54.00","361682.57","SABD0000000001","AAV1.0.0.11","1.1.2.0","PSt7-10","170328-007","9/30/2017 19:06:43","0000-00","0","no battery","V"
"09/09/2020","10:27:50","2","default","115855972","OXY_CH2","62.261","min","182.815","µmol/L","Humid","20.818","deg","80297","µV","29.842","°C","1016.000","hPa","35.3","pmil","0","53.237","deg","23.954","°C","100.000","%a.s.","21.023","deg","23.635","°C","1019.000","hPa","0.861","-0.02617","0.00035","0","0","13.56","Humid","28.00","0","54.00","361681.59","SABD0000000001","AAV1.0.0.11","1.1.2.0","PSt7-10","170328-007","9/30/2017 19:06:43","0000-00","0","no battery","V"
"09/09/2020","10:27:51","2","default","115855972","OXY_CH2","62.277","min","182.740","µmol/L","Humid","20.822","deg","80298","µV","29.843","°C","1016.000","hPa","35.3","pmil","0","53.237","deg","23.954","°C","100.000","%a.s.","21.023","deg","23.635","°C","1019.000","hPa","0.861","-0.02617","0.00035","0","0","13.56","Humid","28.00","0","54.00","361668.23","SABD0000000001","AAV1.0.0.11","1.1.2.0","PSt7-10","170328-007","9/30/2017 19:06:43","0000-00","0","no battery","V"
"09/09/2020","10:27:52","2","default","115855972","OXY_CH2","62.294","min","182.785","µmol/L","Humid","20.825","deg","80294","µV","29.827","°C","1016.000","hPa","35.3","pmil","0","53.237","deg","23.954","°C","100.000","%a.s.","21.023","deg","23.635","°C","1019.000","hPa","0.861","-0.02617","0.00035","0","0","13.56","Humid","28.00","0","54.00","361679.80","SABD0000000001","AAV1.0.0.11","1.1.2.0","PSt7-10","170328-007","9/30/2017 19:06:43","0000-00","0","no battery","V"
"09/09/2020","10:27:53","2","default","115855972","OXY_CH2","62.311","min","182.850","µmol/L","Humid","20.818","deg","80295","µV","29.836","°C","1016.000","hPa","35.3","pmil","0","53.237","deg","23.954","°C","100.000","%a.s.","21.023","deg","23.635","°C","1019.000","hPa","0.861","-0.02617","0.00035","0","0","13.56","Humid","28.00","0","54.00","361675.49","SABD0000000001","AAV1.0.0.11","1.1.2.0","PSt7-10","170328-007","9/30/2017 19:06:43","0000-00","0","no battery","V"
"09/09/2020","10:27:54","2","default","115855972","OXY_CH2","62.327","min","182.860","µmol/L","Humid","20.818","deg","80290","µV","29.834","°C","1016.000","hPa","35.3","pmil","0","53.237","deg","23.954","°C","100.000","%a.s.","21.023","deg","23.635","°C","1019.000","hPa","0.861","-0.02617","0.00035","0","0","13.56","Humid","28.00","0","54.00","361672.70","SABD0000000001","AAV1.0.0.11","1.1.2.0","PSt7-10","170328-007","9/30/2017 19:06:43","0000-00","0","no battery","V"
"09/09/2020","10:27:55","2","default","115855972","OXY_CH2","62.344","min","182.778","µmol/L","Humid","20.817","deg","80291","µV","29.851","°C","1016.000","hPa","35.3","pmil","0","53.237","deg","23.954","°C","100.000","%a.s.","21.023","deg","23.635","°C","1019.000","hPa","0.861","-0.02617","0.00035","0","0","13.56","Humid","28.00","0","54.00","361673.96","SABD0000000001","AAV1.0.0.11","1.1.2.0","PSt7-10","170328-007","9/30/2017 19:06:43","0000-00","0","no battery","V"
"09/09/2020","10:27:56","2","default","115855972","OXY_CH2","62.360","min","182.696","µmol/L","Humid","20.820","deg","80291","µV","29.857","°C","1016.000","hPa","35.3","pmil","0","53.237","deg","23.954","°C","100.000","%a.s.","21.023","deg","23.635","°C","1019.000","hPa","0.861","-0.02617","0.00035","0","0","13.56","Humid","28.00","0","54.00","361676.12","SABD0000000001","AAV1.0.0.11","1.1.2.0","PSt7-10","170328-007","9/30/2017 19:06:43","0000-00","0","no battery","V"
"09/09/2020","10:27:57","2","default","115855972","OXY_CH2","62.377","min","182.696","µmol/L","Humid","20.820","deg","80289","µV","29.857","°C","1016.000","hPa","35.3","pmil","0","53.237","deg","23.954","°C","100.000","%a.s.","21.023","deg","23.635","°C","1019.000","hPa","0.861","-0.02617","0.00035","0","0","13.56","Humid","28.00","0","54.00","361673.63","SABD0000000001","AAV1.0.0.11","1.1.2.0","PSt7-10","170328-007","9/30/2017 19:06:43","0000-00","0","no battery","V"
"09/09/2020","10:27:58","2","default","115855972","OXY_CH2","62.394","min","182.744","µmol/L","Humid","20.821","deg","80292","µV","29.845","°C","1016.000","hPa","35.3","pmil","0","53.237","deg","23.954","°C","100.000","%a.s.","21.023","deg","23.635","°C","1019.000","hPa","0.861","-0.02617","0.00035","0","0","13.56","Humid","28.00","0","54.00","361679.93","SABD0000000001","AAV1.0.0.11","1.1.2.0","PSt7-10","170328-007","9/30/2017 19:06:43","0000-00","0","no battery","V"
"09/09/2020","10:27:59","2","default","115855972","OXY_CH2","62.411","min","182.925","µmol/L","Humid","20.817","deg","80281","µV","29.825","°C","1016.000","hPa","35.3","pmil","0","53.237","deg","23.954","°C","100.000","%a.s.","21.023","deg","23.635","°C","1019.000","hPa","0.861","-0.02617","0.00035","0","0","13.56","Humid","28.00","0","54.00","361658.51","SABD0000000001","AAV1.0.0.11","1.1.2.0","PSt7-10","170328-007","9/30/2017 19:06:43","0000-00","0","no battery","V"
"09/09/2020","10:28:00","2","default","115855972","OXY_CH2","62.427","min","182.834","µmol/L","Humid","20.819","deg","80285","µV","29.836","°C","1016.000","hPa","35.3","pmil","0","53.237","deg","23.954","°C","100.000","%a.s.","21.023","deg","23.635","°C","1019.000","hPa","0.861","-0.02617","0.00035","0","0","13.56","Humid","28.00","0","54.00","361675.17","SABD0000000001","AAV1.0.0.11","1.1.2.0","PSt7-10","170328-007","9/30/2017 19:06:43","0000-00","0","no battery","V"
"09/09/2020","10:28:01","2","default","115855972","OXY_CH2","62.444","min","182.858","µmol/L","Humid","20.818","deg","80287","µV","29.834","°C","1016.000","hPa","35.3","pmil","0","53.237","deg","23.954","°C","100.000","%a.s.","21.023","deg","23.635","°C","1019.000","hPa","0.861","-0.02617","0.00035","0","0","13.56","Humid","28.00","0","54.00","361676.23","SABD0000000001","AAV1.0.0.11","1.1.2.0","PSt7-10","170328-007","9/30/2017 19:06:43","0000-00","0","no battery","V"
"09/09/2020","10:28:02","2","default","115855972","OXY_CH2","62.461","min","182.859","µmol/L","Humid","20.819","deg","80285","µV","29.831","°C","1016.000","hPa","35.3","pmil","0","53.237","deg","23.954","°C","100.000","%a.s.","21.023","deg","23.635","°C","1019.000","hPa","0.861","-0.02617","0.00035","0","0","13.56","Humid","28.00","0","54.00","361662.89","SABD0000000001","AAV1.0.0.11","1.1.2.0","PSt7-10","170328-007","9/30/2017 19:06:43","0000-00","0","no battery","V"
"09/09/2020","10:28:03","2","default","115855972","OXY_CH2","62.478","min","182.773","µmol/L","Humid","20.821","deg","80286","µV","29.840","°C","1016.000","hPa","35.3","pmil","0","53.237","deg","23.954","°C","100.000","%a.s.","21.023","deg","23.635","°C","1019.000","hPa","0.861","-0.02617","0.00035","0","0","13.56","Humid","28.00","0","54.00","361668.54","SABD0000000001","AAV1.0.0.11","1.1.2.0","PSt7-10","170328-007","9/30/2017 19:06:43","0000-00","0","no battery","V"
"09/09/2020","10:28:04","2","default","115855972","OXY_CH2","62.494","min","182.833","µmol/L","Humid","20.821","deg","80277","µV","29.830","°C","1016.000","hPa","35.3","pmil","0","53.237","deg","23.954","°C","100.000","%a.s.","21.023","deg","23.635","°C","1019.000","hPa","0.861","-0.02617","0.00035","0","0","13.56","Humid","28.00","0","54.00","361669.19","SABD0000000001","AAV1.0.0.11","1.1.2.0","PSt7-10","170328-007","9/30/2017 19:06:43","0000-00","0","no battery","V"
"09/09/2020","10:28:05","2","default","115855972","OXY_CH2","62.511","min","182.701","µmol/L","Humid","20.823","deg","80280","µV","29.847","°C","1016.000","hPa","35.3","pmil","0","53.237","deg","23.954","°C","100.000","%a.s.","21.023","deg","23.635","°C","1019.000","hPa","0.861","-0.02617","0.00035","0","0","13.56","Humid","28.00","0","54.00","361674.11","SABD0000000001","AAV1.0.0.11","1.1.2.0","PSt7-10","170328-007","9/30/2017 19:06:43","0000-00","0","no battery","V"
"09/09/2020","10:28:06","2","default","115855972","OXY_CH2","62.528","min","182.811","µmol/L","Humid","20.817","deg","80281","µV","29.845","°C","1016.000","hPa","35.3","pmil","0","53.237","deg","23.954","°C","100.000","%a.s.","21.023","deg","23.635","°C","1019.000","hPa","0.861","-0.02617","0.00035","0","0","13.56","Humid","28.00","0","54.00","361669.20","SABD0000000001","AAV1.0.0.11","1.1.2.0","PSt7-10","170328-007","9/30/2017 19:06:43","0000-00","0","no battery","V"
"09/09/2020","10:28:07","2","default","115855972","OXY_CH2","62.544","min","182.843","µmol/L","Humid","20.818","deg","80272","µV","29.837","°C","1016.000","hPa","35.3","pmil","0","53.237","deg","23.954","°C","100.000","%a.s.","21.023","deg","23.635","°C","1019.000","hPa","0.861","-0.02617","0.00035","0","0","13.56","Humid","28.00","0","54.00","361675.13","SABD0000000001","AAV1.0.0.11","1.1.2.0","PSt7-10","170328-007","9/30/2017 19:06:43","0000-00","0","no battery","V"
"09/09/2020","10:28:08","2","default","115855972","OXY_CH2","62.561","min","182.839","µmol/L","Humid","20.819","deg","80281","µV","29.835","°C","1016.000","hPa","35.3","pmil","0","53.237","deg","23.954","°C","100.000","%a.s.","21.023","deg","23.635","°C","1019.000","hPa","0.861","-0.02617","0.00035","0","0","13.56","Humid","28.00","0","54.00","361663.02","SABD0000000001","AAV1.0.0.11","1.1.2.0","PSt7-10","170328-007","9/30/2017 19:06:43","0000-00","0","no battery","V"
"09/09/2020","10:28:09","2","default","115855972","OXY_CH2","62.577","min","182.829","µmol/L","Humid","20.815","deg","80280","µV","29.848","°C","1016.000","hPa","35.3","pmil","0","53.237","deg","23.954","°C","100.000","%a.s.","21.023","deg","23.635","°C","1019.000","hPa","0.861","-0.02617","0.00035","0","0","13.56","Humid","28.00","0","54.00","361672.87","SABD0000000001","AAV1.0.0.11","1.1.2.0","PSt7-10","170328-007","9/30/2017 19:06:43","0000-00","0","no battery","V"
"09/09/2020","10:28:10","2","default","115855972","OXY_CH2","62.594","min","182.885","µmol/L","Humid","20.816","deg","80275","µV","29.835","°C","1016.000","hPa","35.3","pmil","0","53.237","deg","23.954","°C","100.000","%a.s.","21.023","deg","23.635","°C","1019.000","hPa","0.861","-0.02617","0.00035","0","0","13.56","Humid","28.00","0","54.00","361670.96","SABD0000000001","AAV1.0.0.11","1.1.2.0","PSt7-10","170328-007","9/30/2017 19:06:43","0000-00","0","no battery","V"
"09/09/2020","10:28:11","2","default","115855972","OXY_CH2","62.611","min","182.928","µmol/L","Humid","20.819","deg","80279","µV","29.819","°C","1016.000","hPa","35.3","pmil","0","53.237","deg","23.954","°C","100.000","%a.s.","21.023","deg","23.635","°C","1019.000","hPa","0.861","-0.02617","0.00035","0","0","13.56","Humid","28.00","0","54.00","361669.76","SABD0000000001","AAV1.0.0.11","1.1.2.0","PSt7-10","170328-007","9/30/2017 19:06:43","0000-00","0","no battery","V"
"09/09/2020","10:28:12","2","default","115855972","OXY_CH2","62.627","min","182.801","µmol/L","Humid","20.821","deg","80275","µV","29.835","°C","1016.000","hPa","35.3","pmil","0","53.237","deg","23.954","°C","100.000","%a.s.","21.023","deg","23.635","°C","1019.000","hPa","0.861","-0.02617","0.00035","0","0","13.56","Humid","28.00","0","54.00","361665.14","SABD0000000001","AAV1.0.0.11","1.1.2.0","PSt7-10","170328-007","9/30/2017 19:06:43","0000-00","0","no battery","V"
"09/09/2020","10:28:13","2","default","115855972","OXY_CH2","62.644","min","182.794","µmol/L","Humid","20.813","deg","80275","µV","29.860","°C","1016.000","hPa","35.3","pmil","0","53.237","deg","23.954","°C","100.000","%a.s.","21.023","deg","23.635","°C","1019.000","hPa","0.861","-0.02617","0.00035","0","0","13.56","Humid","28.00","0","54.00","361669.78","SABD0000000001","AAV1.0.0.11","1.1.2.0","PSt7-10","170328-007","9/30/2017 19:06:43","0000-00","0","no battery","V"
"09/09/2020","10:28:14","2","default","115855972","OXY_CH2","62.660","min","182.683","µmol/L","Humid","20.820","deg","80274","µV","29.859","°C","1016.000","hPa","35.3","pmil","0","53.237","deg","23.954","°C","100.000","%a.s.","21.023","deg","23.635","°C","1019.000","hPa","0.861","-0.02617","0.00035","0","0","13.56","Humid","28.00","0","54.00","361664.74","SABD0000000001","AAV1.0.0.11","1.1.2.0","PSt7-10","170328-007","9/30/2017 19:06:43","0000-00","0","no battery","V"
"09/09/2020","10:28:15","2","default","115855972","OXY_CH2","62.677","min","182.768","µmol/L","Humid","20.821","deg","80272","µV","29.841","°C","1016.000","hPa","35.3","pmil","0","53.237","deg","23.954","°C","100.000","%a.s.","21.023","deg","23.635","°C","1019.000","hPa","0.861","-0.02617","0.00035","0","0","13.56","Humid","28.00","0","54.00","361669.50","SABD0000000001","AAV1.0.0.11","1.1.2.0","PSt7-10","170328-007","9/30/2017 19:06:43","0000-00","0","no battery","V"
"09/09/2020","10:28:16","2","default","115855972","OXY_CH2","62.694","min","182.882","µmol/L","Humid","20.816","deg","80273","µV","29.836","°C","1016.000","hPa","35.3","pmil","0","53.237","deg","23.954","°C","100.000","%a.s.","21.023","deg","23.635","°C","1019.000","hPa","0.861","-0.02617","0.00035","0","0","13.56","Humid","28.00","0","54.00","361668.65","SABD0000000001","AAV1.0.0.11","1.1.2.0","PSt7-10","170328-007","9/30/2017 19:06:43","0000-00","0","no battery","V"
"09/09/2020","10:28:17","2","default","115855972","OXY_CH2","62.711","min","182.942","µmol/L","Humid","20.810","deg","80274","µV","29.843","°C","1016.000","hPa","35.3","pmil","0","53.237","deg","23.954","°C","100.000","%a.s.","21.023","deg","23.635","°C","1019.000","hPa","0.861","-0.02617","0.00035","0","0","13.56","Humid","28.00","0","54.00","361669.13","SABD0000000001","AAV1.0.0.11","1.1.2.0","PSt7-10","170328-007","9/30/2017 19:06:43","0000-00","0","no battery","V"
"09/09/2020","10:28:18","2","default","115855972","OXY_CH2","62.727","min","182.830","µmol/L","Humid","20.816","deg","80262","µV","29.845","°C","1016.000","hPa","35.3","pmil","0","53.237","deg","23.954","°C","100.000","%a.s.","21.023","deg","23.635","°C","1019.000","hPa","0.861","-0.02617","0.00035","0","0","13.56","Humid","28.00","0","54.00","361655.63","SABD0000000001","AAV1.0.0.11","1.1.2.0","PSt7-10","170328-007","9/30/2017 19:06:43","0000-00","0","no battery","V"
"09/09/2020","10:28:19","2","default","115855972","OXY_CH2","62.744","min","182.868","µmol/L","Humid","20.814","deg","80276","µV","29.844","°C","1016.000","hPa","35.3","pmil","0","53.237","deg","23.954","°C","100.000","%a.s.","21.023","deg","23.635","°C","1019.000","hPa","0.861","-0.02617","0.00035","0","0","13.56","Humid","28.00","0","54.00","361677.07","SABD0000000001","AAV1.0.0.11","1.1.2.0","PSt7-10","170328-007","9/30/2017 19:06:43","0000-00","0","no battery","V"
"09/09/2020","10:28:20","2","default","115855972","OXY_CH2","62.760","min","182.751","µmol/L","Humid","20.818","deg","80274","µV","29.853","°C","1016.000","hPa","35.3","pmil","0","53.237","deg","23.954","°C","100.000","%a.s.","21.023","deg","23.635","°C","1019.000","hPa","0.861","-0.02617","0.00035","0","0","13.56","Humid","28.00","0","54.00","361666.85","SABD0000000001","AAV1.0.0.11","1.1.2.0","PSt7-10","170328-007","9/30/2017 19:06:43","0000-00","0","no battery","V"
"09/09/2020","10:28:21","2","default","115855972","OXY_CH2","62.778","min","182.932","µmol/L","Humid","20.815","deg","80269","µV","29.830","°C","1016.000","hPa","35.3","pmil","0","53.237","deg","23.954","°C","100.000","%a.s.","21.023","deg","23.635","°C","1019.000","hPa","0.861","-0.02617","0.00035","0","0","13.56","Humid","28.00","0","54.00","361645.61","SABD0000000001","AAV1.0.0.11","1.1.2.0","PSt7-10","170328-007","9/30/2017 19:06:43","0000-00","0","no battery","V"
"09/09/2020","10:28:22","2","default","115855972","OXY_CH2","62.794","min","182.929","µmol/L","Humid","20.812","deg","80260","µV","29.839","°C","1016.000","hPa","35.3","pmil","0","53.237","deg","23.954","°C","100.000","%a.s.","21.023","deg","23.635","°C","1019.000","hPa","0.861","-0.02617","0.00035","0","0","13.56","Humid","28.00","0","54.00","361659.22","SABD0000000001","AAV1.0.0.11","1.1.2.0","PSt7-10","170328-007","9/30/2017 19:06:43","0000-00","0","no battery","V"
"09/09/2020","10:28:23","2","default","115855972","OXY_CH2","62.811","min","182.811","µmol/L","Humid","20.817","deg","80267","µV","29.845","°C","1016.000","hPa","35.3","pmil","0","53.237","deg","23.954","°C","100.000","%a.s.","21.023","deg","23.635","°C","1019.000","hPa","0.861","-0.02617","0.00035","0","0","13.56","Humid","28.00","0","54.00","361665.29","SABD0000000001","AAV1.0.0.11","1.1.2.0","PSt7-10","170328-007","9/30/2017 19:06:43","0000-00","0","no battery","V"
"09/09/2020","10:28:24","2","default","115855972","OXY_CH2","62.827","min","182.832","µmol/L","Humid","20.815","deg","80270","µV","29.847","°C","1016.000","hPa","35.3","pmil","0","53.237","deg","23.954","°C","100.000","%a.s.","21.023","deg","23.635","°C","1019.000","hPa","0.861","-0.02617","0.00035","0","0","13.56","Humid","28.00","0","54.00","361655.11","SABD0000000001","AAV1.0.0.11","1.1.2.0","PSt7-10","170328-007","9/30/2017 19:06:43","0000-00","0","no battery","V"
"09/09/2020","10:28:25","2","default","115855972","OXY_CH2","62.844","min","182.755","µmol/L","Humid","20.819","deg","80264","µV","29.849","°C","1016.000","hPa","35.3","pmil","0","53.237","deg","23.954","°C","100.000","%a.s.","21.023","deg","23.635","°C","1019.000","hPa","0.861","-0.02617","0.00035","0","0","13.56","Humid","28.00","0","54.00","361636.57","SABD0000000001","AAV1.0.0.11","1.1.2.0","PSt7-10","170328-007","9/30/2017 19:06:43","0000-00","0","no battery","V"
"09/09/2020","10:28:26","2","default","115855972","OXY_CH2","62.861","min","182.918","µmol/L","Humid","20.813","deg","80262","µV","29.838","°C","1016.000","hPa","35.3","pmil","0","53.237","deg","23.954","°C","100.000","%a.s.","21.023","deg","23.635","°C","1019.000","hPa","0.861","-0.02617","0.00035","0","0","13.56","Humid","28.00","0","54.00","361652.86","SABD0000000001","AAV1.0.0.11","1.1.2.0","PSt7-10","170328-007","9/30/2017 19:06:43","0000-00","0","no battery","V"
"09/09/2020","10:28:27","2","default","115855972","OXY_CH2","62.878","min","182.916","µmol/L","Humid","20.817","deg","80258","µV","29.827","°C","1016.000","hPa","35.3","pmil","0","53.237","deg","23.954","°C","100.000","%a.s.","21.023","deg","23.635","°C","1019.000","hPa","0.861","-0.02617","0.00035","0","0","13.56","Humid","28.00","0","54.00","361661.06","SABD0000000001","AAV1.0.0.11","1.1.2.0","PSt7-10","170328-007","9/30/2017 19:06:43","0000-00","0","no battery","V"
"09/09/2020","10:28:28","2","default","115855972","OXY_CH2","62.894","min","182.968","µmol/L","Humid","20.811","deg","80251","µV","29.835","°C","1016.000","hPa","35.3","pmil","0","53.237","deg","23.954","°C","100.000","%a.s.","21.023","deg","23.635","°C","1019.000","hPa","0.861","-0.02617","0.00035","0","0","13.56","Humid","28.00","0","54.00","361643.25","SABD0000000001","AAV1.0.0.11","1.1.2.0","PSt7-10","170328-007","9/30/2017 19:06:43","0000-00","0","no battery","V"
"09/09/2020","10:28:29","2","default","115855972","OXY_CH2","62.911","min","182.937","µmol/L","Humid","20.814","deg","80265","µV","29.832","°C","1016.000","hPa","35.3","pmil","0","53.237","deg","23.954","°C","100.000","%a.s.","21.023","deg","23.635","°C","1019.000","hPa","0.861","-0.02617","0.00035","0","0","13.56","Humid","28.00","0","54.00","361653.69","SABD0000000001","AAV1.0.0.11","1.1.2.0","PSt7-10","170328-007","9/30/2017 19:06:43","0000-00","0","no battery","V"
"09/09/2020","10:28:30","2","default","115855972","OXY_CH2","62.927","min","182.993","µmol/L","Humid","20.811","deg","80260","µV","29.831","°C","1016.000","hPa","35.3","pmil","0","53.237","deg","23.954","°C","100.000","%a.s.","21.023","deg","23.635","°C","1019.000","hPa","0.861","-0.02617","0.00035","0","0","13.56","Humid","28.00","0","54.00","361641.25","SABD0000000001","AAV1.0.0.11","1.1.2.0","PSt7-10","170328-007","9/30/2017 19:06:43","0000-00","0","no battery","V"
"09/09/2020","10:28:31","2","default","115855972","OXY_CH2","62.944","min","182.948","µmol/L","Humid","20.813","deg","80257","µV","29.833","°C","1016.000","hPa","35.3","pmil","0","53.237","deg","23.954","°C","100.000","%a.s.","21.023","deg","23.635","°C","1019.000","hPa","0.861","-0.02617","0.00035","0","0","13.56","Humid","28.00","0","54.00","361659.45","SABD0000000001","AAV1.0.0.11","1.1.2.0","PSt7-10","170328-007","9/30/2017 19:06:43","0000-00","0","no battery","V"
"09/09/2020","10:28:32","2","default","115855972","OXY_CH2","62.961","min","182.928","µmol/L","Humid","20.813","deg","80260","µV","29.837","°C","1016.000","hPa","35.3","pmil","0","53.237","deg","23.954","°C","100.000","%a.s.","21.023","deg","23.635","°C","1019.000","hPa","0.861","-0.02617","0.00035","0","0","13.56","Humid","28.00","0","54.00","361656.50","SABD0000000001","AAV1.0.0.11","1.1.2.0","PSt7-10","170328-007","9/30/2017 19:06:43","0000-00","0","no battery","V"
"09/09/2020","10:28:33","2","default","115855972","OXY_CH2","62.977","min","182.805","µmol/L","Humid","20.813","deg","80249","µV","29.858","°C","1016.000","hPa","35.3","pmil","0","53.237","deg","23.954","°C","100.000","%a.s.","21.023","deg","23.635","°C","1019.000","hPa","0.861","-0.02617","0.00035","0","0","13.56","Humid","28.00","0","54.00","361635.92","SABD0000000001","AAV1.0.0.11","1.1.2.0","PSt7-10","170328-007","9/30/2017 19:06:43","0000-00","0","no battery","V"
"09/09/2020","10:28:34","2","default","115855972","OXY_CH2","62.994","min","182.683","µmol/L","Humid","20.817","deg","80257","µV","29.868","°C","1016.000","hPa","35.3","pmil","0","53.237","deg","23.954","°C","100.000","%a.s.","21.023","deg","23.635","°C","1019.000","hPa","0.861","-0.02617","0.00035","0","0","13.56","Humid","28.00","0","54.00","361633.97","SABD0000000001","AAV1.0.0.11","1.1.2.0","PSt7-10","170328-007","9/30/2017 19:06:43","0000-00","0","no battery","V"
"09/09/2020","10:28:35","2","default","115855972","OXY_CH2","63.010","min","182.874","µmol/L","Humid","20.812","deg","80258","µV","29.849","°C","1016.000","hPa","35.3","pmil","0","53.237","deg","23.954","°C","100.000","%a.s.","21.023","deg","23.635","°C","1019.000","hPa","0.861","-0.02617","0.00035","0","0","13.56","Humid","28.00","0","54.00","361639.80","SABD0000000001","AAV1.0.0.11","1.1.2.0","PSt7-10","170328-007","9/30/2017 19:06:43","0000-00","0","no battery","V"
"09/09/2020","10:28:36","2","default","115855972","OXY_CH2","63.027","min","182.772","µmol/L","Humid","20.817","deg","80255","µV","29.852","°C","1016.000","hPa","35.3","pmil","0","53.237","deg","23.954","°C","100.000","%a.s.","21.023","deg","23.635","°C","1019.000","hPa","0.861","-0.02617","0.00035","0","0","13.56","Humid","28.00","0","54.00","361648.24","SABD0000000001","AAV1.0.0.11","1.1.2.0","PSt7-10","170328-007","9/30/2017 19:06:43","0000-00","0","no battery","V"
"09/09/2020","10:28:37","2","default","115855972","OXY_CH2","63.044","min","182.952","µmol/L","Humid","20.808","deg","80257","µV","29.847","°C","1016.000","hPa","35.3","pmil","0","53.237","deg","23.954","°C","100.000","%a.s.","21.023","deg","23.635","°C","1019.000","hPa","0.861","-0.02617","0.00035","0","0","13.56","Humid","28.00","0","54.00","361646.96","SABD0000000001","AAV1.0.0.11","1.1.2.0","PSt7-10","170328-007","9/30/2017 19:06:43","0000-00","0","no battery","V"
"09/09/2020","10:28:38","2","default","115855972","OXY_CH2","63.061","min","182.913","µmol/L","Humid","20.810","deg","80261","µV","29.848","°C","1016.000","hPa","35.3","pmil","0","53.237","deg","23.954","°C","100.000","%a.s.","21.023","deg","23.635","°C","1019.000","hPa","0.861","-0.02617","0.00035","0","0","13.56","Humid","28.00","0","54.00","361648.23","SABD0000000001","AAV1.0.0.11","1.1.2.0","PSt7-10","170328-007","9/30/2017 19:06:43","0000-00","0","no battery","V"
"09/09/2020","10:28:39","2","default","115855972","OXY_CH2","63.077","min","182.939","µmol/L","Humid","20.807","deg","80250","µV","29.852","°C","1016.000","hPa","35.3","pmil","0","53.237","deg","23.954","°C","100.000","%a.s.","21.023","deg","23.635","°C","1019.000","hPa","0.861","-0.02617","0.00035","0","0","13.56","Humid","28.00","0","54.00","361650.72","SABD0000000001","AAV1.0.0.11","1.1.2.0","PSt7-10","170328-007","9/30/2017 19:06:43","0000-00","0","no battery","V"
"09/09/2020","10:28:40","2","default","115855972","OXY_CH2","63.094","min","182.955","µmol/L","Humid","20.810","deg","80253","µV","29.841","°C","1016.000","hPa","35.3","pmil","0","53.237","deg","23.954","°C","100.000","%a.s.","21.023","deg","23.635","°C","1019.000","hPa","0.861","-0.02617","0.00035","0","0","13.56","Humid","28.00","0","54.00","361643.71","SABD0000000001","AAV1.0.0.11","1.1.2.0","PSt7-10","170328-007","9/30/2017 19:06:43","0000-00","0","no battery","V"
"09/09/2020","10:28:41","2","default","115855972","OXY_CH2","63.111","min","182.894","µmol/L","Humid","20.809","deg","80256","µV","29.854","°C","1016.000","hPa","35.3","pmil","0","53.237","deg","23.954","°C","100.000","%a.s.","21.023","deg","23.635","°C","1019.000","hPa","0.861","-0.02617","0.00035","0","0","13.56","Humid","28.00","0","54.00","361650.70","SABD0000000001","AAV1.0.0.11","1.1.2.0","PSt7-10","170328-007","9/30/2017 19:06:43","0000-00","0","no battery","V"
"09/09/2020","10:28:42","2","default","115855972","OXY_CH2","63.127","min","182.925","µmol/L","Humid","20.810","deg","80249","µV","29.846","°C","1016.000","hPa","35.3","pmil","0","53.237","deg","23.954","°C","100.000","%a.s.","21.023","deg","23.635","°C","1019.000","hPa","0.861","-0.02617","0.00035","0","0","13.56","Humid","28.00","0","54.00","361649.54","SABD0000000001","AAV1.0.0.11","1.1.2.0","PSt7-10","170328-007","9/30/2017 19:06:43","0000-00","0","no battery","V"
"09/09/2020","10:28:43","2","default","115855972","OXY_CH2","63.144","min","182.911","µmol/L","Humid","20.812","deg","80248","µV","29.842","°C","1016.000","hPa","35.3","pmil","0","53.237","deg","23.954","°C","100.000","%a.s.","21.023","deg","23.635","°C","1019.000","hPa","0.861","-0.02617","0.00035","0","0","13.56","Humid","28.00","0","54.00","361650.70","SABD0000000001","AAV1.0.0.11","1.1.2.0","PSt7-10","170328-007","9/30/2017 19:06:43","0000-00","0","no battery","V"
"09/09/2020","10:28:44","2","default","115855972","OXY_CH2","63.161","min","182.871","µmol/L","Humid","20.812","deg","80247","µV","29.849","°C","1016.000","hPa","35.3","pmil","0","53.237","deg","23.954","°C","100.000","%a.s.","21.023","deg","23.635","°C","1019.000","hPa","0.861","-0.02617","0.00035","0","0","13.56","Humid","28.00","0","54.00","361645.45","SABD0000000001","AAV1.0.0.11","1.1.2.0","PSt7-10","170328-007","9/30/2017 19:06:43","0000-00","0","no battery","V"
"09/09/2020","10:28:45","2","default","115855972","OXY_CH2","63.178","min","182.852","µmol/L","Humid","20.812","deg","80253","µV","29.853","°C","1016.000","hPa","35.3","pmil","0","53.237","deg","23.954","°C","100.000","%a.s.","21.023","deg","23.635","°C","1019.000","hPa","0.861","-0.02617","0.00035","0","0","13.56","Humid","28.00","0","54.00","361636.58","SABD0000000001","AAV1.0.0.11","1.1.2.0","PSt7-10","170328-007","9/30/2017 19:06:43","0000-00","0","no battery","V"
"09/09/2020","10:28:46","2","default","115855972","OXY_CH2","63.194","min","182.826","µmol/L","Humid","20.813","deg","80248","µV","29.854","°C","1016.000","hPa","35.3","pmil","0","53.237","deg","23.954","°C","100.000","%a.s.","21.023","deg","23.635","°C","1019.000","hPa","0.861","-0.02617","0.00035","0","0","13.56","Humid","28.00","0","54.00","361637.39","SABD0000000001","AAV1.0.0.11","1.1.2.0","PSt7-10","170328-007","9/30/2017 19:06:43","0000-00","0","no battery","V"
"09/09/2020","10:28:47","2","default","115855972","OXY_CH2","63.211","min","182.919","µmol/L","Humid","20.811","deg","80254","µV","29.844","°C","1016.000","hPa","35.3","pmil","0","53.237","deg","23.954","°C","100.000","%a.s.","21.023","deg","23.635","°C","1019.000","hPa","0.861","-0.02617","0.00035","0","0","13.56","Humid","28.00","0","54.00","361647.95","SABD0000000001","AAV1.0.0.11","1.1.2.0","PSt7-10","170328-007","9/30/2017 19:06:43","0000-00","0","no battery","V"
"09/09/2020","10:28:48","2","default","115855972","OXY_CH2","63.228","min","182.874","µmol/L","Humid","20.810","deg","80245","µV","29.855","°C","1016.000","hPa","35.3","pmil","0","53.237","deg","23.954","°C","100.000","%a.s.","21.023","deg","23.635","°C","1019.000","hPa","0.861","-0.02617","0.00035","0","0","13.56","Humid","28.00","0","54.00","361646.17","SABD0000000001","AAV1.0.0.11","1.1.2.0","PSt7-10","170328-007","9/30/2017 19:06:43","0000-00","0","no battery","V"
"09/09/2020","10:28:49","2","default","115855972","OXY_CH2","63.244","min","182.872","µmol/L","Humid","20.812","deg","80247","µV","29.849","°C","1016.000","hPa","35.3","pmil","0","53.237","deg","23.954","°C","100.000","%a.s.","21.023","deg","23.635","°C","1019.000","hPa","0.861","-0.02617","0.00035","0","0","13.56","Humid","28.00","0","54.00","361646.26","SABD0000000001","AAV1.0.0.11","1.1.2.0","PSt7-10","170328-007","9/30/2017 19:06:43","0000-00","0","no battery","V"
"09/09/2020","10:28:50","2","default","115855972","OXY_CH2","63.261","min","183.054","µmol/L","Humid","20.806","deg","80244","µV","29.835","°C","1016.000","hPa","35.3","pmil","0","53.237","deg","23.954","°C","100.000","%a.s.","21.023","deg","23.635","°C","1019.000","hPa","0.861","-0.02617","0.00035","0","0","13.56","Humid","28.00","0","54.00","361645.60","SABD0000000001","AAV1.0.0.11","1.1.2.0","PSt7-10","170328-007","9/30/2017 19:06:43","0000-00","0","no battery","V"
"09/09/2020","10:28:51","2","default","115855972","OXY_CH2","63.277","min","183.051","µmol/L","Humid","20.808","deg","80243","µV","29.830","°C","1016.000","hPa","35.3","pmil","0","53.237","deg","23.954","°C","100.000","%a.s.","21.023","deg","23.635","°C","1019.000","hPa","0.861","-0.02617","0.00035","0","0","13.56","Humid","28.00","0","54.00","361631.96","SABD0000000001","AAV1.0.0.11","1.1.2.0","PSt7-10","170328-007","9/30/2017 19:06:43","0000-00","0","no battery","V"
"09/09/2020","10:28:52","2","default","115855972","OXY_CH2","63.294","min","182.789","µmol/L","Humid","20.814","deg","80240","µV","29.858","°C","1016.000","hPa","35.3","pmil","0","53.237","deg","23.954","°C","100.000","%a.s.","21.023","deg","23.635","°C","1019.000","hPa","0.861","-0.02617","0.00035","0","0","13.56","Humid","28.00","0","54.00","361629.32","SABD0000000001","AAV1.0.0.11","1.1.2.0","PSt7-10","170328-007","9/30/2017 19:06:43","0000-00","0","no battery","V"
"09/09/2020","10:28:53","2","default","115855972","OXY_CH2","63.311","min","182.915","µmol/L","Humid","20.810","deg","80241","µV","29.847","°C","1016.000","hPa","35.3","pmil","0","53.237","deg","23.954","°C","100.000","%a.s.","21.023","deg","23.635","°C","1019.000","hPa","0.861","-0.02617","0.00035","0","0","13.56","Humid","28.00","0","54.00","361630.68","SABD0000000001","AAV1.0.0.11","1.1.2.0","PSt7-10","170328-007","9/30/2017 19:06:43","0000-00","0","no battery","V"
"09/09/2020","10:28:54","2","default","115855972","OXY_CH2","63.328","min","182.808","µmol/L","Humid","20.814","deg","80233","µV","29.854","°C","1016.000","hPa","35.3","pmil","0","53.237","deg","23.954","°C","100.000","%a.s.","21.023","deg","23.635","°C","1019.000","hPa","0.861","-0.02617","0.00035","0","0","13.56","Humid","28.00","0","54.00","361627.61","SABD0000000001","AAV1.0.0.11","1.1.2.0","PSt7-10","170328-007","9/30/2017 19:06:43","0000-00","0","no battery","V"
"09/09/2020","10:28:55","2","default","115855972","OXY_CH2","63.344","min","182.853","µmol/L","Humid","20.810","deg","80240","µV","29.858","°C","1016.000","hPa","35.3","pmil","0","53.237","deg","23.954","°C","100.000","%a.s.","21.023","deg","23.635","°C","1019.000","hPa","0.861","-0.02617","0.00035","0","0","13.56","Humid","28.00","0","54.00","361629.73","SABD0000000001","AAV1.0.0.11","1.1.2.0","PSt7-10","170328-007","9/30/2017 19:06:43","0000-00","0","no battery","V"
"09/09/2020","10:28:56","2","default","115855972","OXY_CH2","63.361","min","182.938","µmol/L","Humid","20.808","deg","80233","µV","29.849","°C","1016.000","hPa","35.3","pmil","0","53.237","deg","23.954","°C","100.000","%a.s.","21.023","deg","23.635","°C","1019.000","hPa","0.861","-0.02617","0.00035","0","0","13.56","Humid","28.00","0","54.00","361615.79","SABD0000000001","AAV1.0.0.11","1.1.2.0","PSt7-10","170328-007","9/30/2017 19:06:43","0000-00","0","no battery","V"
"09/09/2020","10:28:57","2","default","115855972","OXY_CH2","63.377","min","182.908","µmol/L","Humid","20.808","deg","80236","µV","29.854","°C","1016.000","hPa","35.3","pmil","0","53.237","deg","23.954","°C","100.000","%a.s.","21.023","deg","23.635","°C","1019.000","hPa","0.861","-0.02617","0.00035","0","0","13.56","Humid","28.00","0","54.00","361614.92","SABD0000000001","AAV1.0.0.11","1.1.2.0","PSt7-10","170328-007","9/30/2017 19:06:43","0000-00","0","no battery","V"
"09/09/2020","10:28:58","2","default","115855972","OXY_CH2","63.394","min","182.970","µmol/L","Humid","20.807","deg","80229","µV","29.847","°C","1016.000","hPa","35.3","pmil","0","53.237","deg","23.954","°C","100.000","%a.s.","21.023","deg","23.635","°C","1019.000","hPa","0.861","-0.02617","0.00035","0","0","13.56","Humid","28.00","0","54.00","361614.06","SABD0000000001","AAV1.0.0.11","1.1.2.0","PSt7-10","170328-007","9/30/2017 19:06:43","0000-00","0","no battery","V"
"09/09/2020","10:28:59","2","default","115855972","OXY_CH2","63.411","min","182.995","µmol/L","Humid","20.808","deg","80228","µV","29.839","°C","1016.000","hPa","35.3","pmil","0","53.237","deg","23.954","°C","100.000","%a.s.","21.023","deg","23.635","°C","1019.000","hPa","0.861","-0.02617","0.00035","0","0","13.56","Humid","28.00","0","54.00","361610.35","SABD0000000001","AAV1.0.0.11","1.1.2.0","PSt7-10","170328-007","9/30/2017 19:06:43","0000-00","0","no battery","V"
"09/09/2020","10:29:00","2","default","115855972","OXY_CH2","63.427","min","182.858","µmol/L","Humid","20.810","deg","80231","µV","29.857","°C","1016.000","hPa","35.3","pmil","0","53.237","deg","23.954","°C","100.000","%a.s.","21.023","deg","23.635","°C","1019.000","hPa","0.861","-0.02617","0.00035","0","0","13.56","Humid","28.00","0","54.00","361610.59","SABD0000000001","AAV1.0.0.11","1.1.2.0","PSt7-10","170328-007","9/30/2017 19:06:43","0000-00","0","no battery","V"
"09/09/2020","10:29:01","2","default","115855972","OXY_CH2","63.444","min","182.852","µmol/L","Humid","20.810","deg","80232","µV","29.858","°C","1016.000","hPa","35.3","pmil","0","53.237","deg","23.954","°C","100.000","%a.s.","21.023","deg","23.635","°C","1019.000","hPa","0.861","-0.02617","0.00035","0","0","13.56","Humid","28.00","0","54.00","361619.19","SABD0000000001","AAV1.0.0.11","1.1.2.0","PSt7-10","170328-007","9/30/2017 19:06:43","0000-00","0","no battery","V"
"09/09/2020","10:29:02","2","default","115855972","OXY_CH2","63.461","min","182.887","µmol/L","Humid","20.806","deg","80234","µV","29.864","°C","1016.000","hPa","35.3","pmil","0","53.237","deg","23.954","°C","100.000","%a.s.","21.023","deg","23.635","°C","1019.000","hPa","0.861","-0.02617","0.00035","0","0","13.56","Humid","28.00","0","54.00","361616.34","SABD0000000001","AAV1.0.0.11","1.1.2.0","PSt7-10","170328-007","9/30/2017 19:06:43","0000-00","0","no battery","V"
"09/09/2020","10:29:03","2","default","115855972","OXY_CH2","63.478","min","183.003","µmol/L","Humid","20.809","deg","80231","µV","29.835","°C","1016.000","hPa","35.3","pmil","0","53.237","deg","23.954","°C","100.000","%a.s.","21.023","deg","23.635","°C","1019.000","hPa","0.861","-0.02617","0.00035","0","0","13.56","Humid","28.00","0","54.00","361606.12","SABD0000000001","AAV1.0.0.11","1.1.2.0","PSt7-10","170328-007","9/30/2017 19:06:43","0000-00","0","no battery","V"
"09/09/2020","10:29:04","2","default","115855972","OXY_CH2","63.494","min","182.985","µmol/L","Humid","20.808","deg","80233","µV","29.841","°C","1016.000","hPa","35.3","pmil","0","53.237","deg","23.954","°C","100.000","%a.s.","21.023","deg","23.635","°C","1019.000","hPa","0.861","-0.02617","0.00035","0","0","13.56","Humid","28.00","0","54.00","361610.46","SABD0000000001","AAV1.0.0.11","1.1.2.0","PSt7-10","170328-007","9/30/2017 19:06:43","0000-00","0","no battery","V"
"09/09/2020","10:29:05","2","default","115855972","OXY_CH2","63.511","min","182.931","µmol/L","Humid","20.810","deg","80226","µV","29.845","°C","1016.000","hPa","35.3","pmil","0","53.237","deg","23.954","°C","100.000","%a.s.","21.023","deg","23.635","°C","1019.000","hPa","0.861","-0.02617","0.00035","0","0","13.56","Humid","28.00","0","54.00","361605.02","SABD0000000001","AAV1.0.0.11","1.1.2.0","PSt7-10","170328-007","9/30/2017 19:06:43","0000-00","0","no battery","V"
"09/09/2020","10:29:06","2","default","115855972","OXY_CH2","63.528","min","182.996","µmol/L","Humid","20.807","deg","80230","µV","29.842","°C","1016.000","hPa","35.3","pmil","0","53.237","deg","23.954","°C","100.000","%a.s.","21.023","deg","23.635","°C","1019.000","hPa","0.861","-0.02617","0.00035","0","0","13.56","Humid","28.00","0","54.00","361621.58","SABD0000000001","AAV1.0.0.11","1.1.2.0","PSt7-10","170328-007","9/30/2017 19:06:43","0000-00","0","no battery","V"
"09/09/2020","10:29:07","2","default","115855972","OXY_CH2","63.544","min","182.936","µmol/L","Humid","20.807","deg","80223","µV","29.852","°C","1016.000","hPa","35.3","pmil","0","53.237","deg","23.954","°C","100.000","%a.s.","21.023","deg","23.635","°C","1019.000","hPa","0.861","-0.02617","0.00035","0","0","13.56","Humid","28.00","0","54.00","361606.92","SABD0000000001","AAV1.0.0.11","1.1.2.0","PSt7-10","170328-007","9/30/2017 19:06:43","0000-00","0","no battery","V"
"09/09/2020","10:29:08","2","default","115855972","OXY_CH2","63.561","min","182.955","µmol/L","Humid","20.810","deg","80223","µV","29.841","°C","1016.000","hPa","35.3","pmil","0","53.237","deg","23.954","°C","100.000","%a.s.","21.023","deg","23.635","°C","1019.000","hPa","0.861","-0.02617","0.00035","0","0","13.56","Humid","28.00","0","54.00","361616.87","SABD0000000001","AAV1.0.0.11","1.1.2.0","PSt7-10","170328-007","9/30/2017 19:06:43","0000-00","0","no battery","V"
"09/09/2020","10:29:09","2","default","115855972","OXY_CH2","63.578","min","183.042","µmol/L","Humid","20.805","deg","80223","µV","29.840","°C","1016.000","hPa","35.3","pmil","0","53.237","deg","23.954","°C","100.000","%a.s.","21.023","deg","23.635","°C","1019.000","hPa","0.861","-0.02617","0.00035","0","0","13.56","Humid","28.00","0","54.00","361619.37","SABD0000000001","AAV1.0.0.11","1.1.2.0","PSt7-10","170328-007","9/30/2017 19:06:43","0000-00","0","no battery","V"
"09/09/2020","10:29:10","2","default","115855972","OXY_CH2","63.594","min","182.983","µmol/L","Humid","20.808","deg","80218","µV","29.841","°C","1016.000","hPa","35.3","pmil","0","53.237","deg","23.954","°C","100.000","%a.s.","21.023","deg","23.635","°C","1019.000","hPa","0.861","-0.02617","0.00035","0","0","13.56","Humid","28.00","0","54.00","361609.71","SABD0000000001","AAV1.0.0.11","1.1.2.0","PSt7-10","170328-007","9/30/2017 19:06:43","0000-00","0","no battery","V"
"09/09/2020","10:29:11","2","default","115855972","OXY_CH2","63.611","min","182.928","µmol/L","Humid","20.807","deg","80219","µV","29.854","°C","1016.000","hPa","35.3","pmil","0","53.237","deg","23.954","°C","100.000","%a.s.","21.023","deg","23.635","°C","1019.000","hPa","0.861","-0.02617","0.00035","0","0","13.56","Humid","28.00","0","54.00","361616.68","SABD0000000001","AAV1.0.0.11","1.1.2.0","PSt7-10","170328-007","9/30/2017 19:06:43","0000-00","0","no battery","V"
"09/09/2020","10:29:12","2","default","115855972","OXY_CH2","63.628","min","182.945","µmol/L","Humid","20.803","deg","80216","µV","29.862","°C","1016.000","hPa","35.3","pmil","0","53.237","deg","23.954","°C","100.000","%a.s.","21.023","deg","23.635","°C","1019.000","hPa","0.861","-0.02617","0.00035","0","0","13.56","Humid","28.00","0","54.00","361608.83","SABD0000000001","AAV1.0.0.11","1.1.2.0","PSt7-10","170328-007","9/30/2017 19:06:43","0000-00","0","no battery","V"
"09/09/2020","10:29:13","2","default","115855972","OXY_CH2","63.644","min","182.957","µmol/L","Humid","20.804","deg","80218","µV","29.857","°C","1016.000","hPa","35.3","pmil","0","53.237","deg","23.954","°C","100.000","%a.s.","21.023","deg","23.635","°C","1019.000","hPa","0.861","-0.02617","0.00035","0","0","13.56","Humid","28.00","0","54.00","361607.80","SABD0000000001","AAV1.0.0.11","1.1.2.0","PSt7-10","170328-007","9/30/2017 19:06:43","0000-00","0","no battery","V"
"09/09/2020","10:29:14","2","default","115855972","OXY_CH2","63.661","min","182.899","µmol/L","Humid","20.807","deg","80218","µV","29.859","°C","1016.000","hPa","35.3","pmil","0","53.237","deg","23.954","°C","100.000","%a.s.","21.023","deg","23.635","°C","1019.000","hPa","0.861","-0.02617","0.00035","0","0","13.56","Humid","28.00","0","54.00","361597.42","SABD0000000001","AAV1.0.0.11","1.1.2.0","PSt7-10","170328-007","9/30/2017 19:06:43","0000-00","0","no battery","V"
"09/09/2020","10:29:15","2","default","115855972","OXY_CH2","63.678","min","182.902","µmol/L","Humid","20.806","deg","80216","µV","29.861","°C","1016.000","hPa","35.3","pmil","0","53.237","deg","23.954","°C","100.000","%a.s.","21.023","deg","23.635","°C","1019.000","hPa","0.861","-0.02617","0.00035","0","0","13.56","Humid","28.00","0","54.00","361601.98","SABD0000000001","AAV1.0.0.11","1.1.2.0","PSt7-10","170328-007","9/30/2017 19:06:43","0000-00","0","no battery","V"
"09/09/2020","10:29:16","2","default","115855972","OXY_CH2","63.694","min","183.028","µmol/L","Humid","20.799","deg","80217","µV","29.860","°C","1016.000","hPa","35.3","pmil","0","53.237","deg","23.954","°C","100.000","%a.s.","21.023","deg","23.635","°C","1019.000","hPa","0.861","-0.02617","0.00035","0","0","13.56","Humid","28.00","0","54.00","361601.78","SABD0000000001","AAV1.0.0.11","1.1.2.0","PSt7-10","170328-007","9/30/2017 19:06:43","0000-00","0","no battery","V"
"09/09/2020","10:29:17","2","default","115855972","OXY_CH2","63.711","min","182.894","µmol/L","Humid","20.807","deg","80222","µV","29.860","°C","1016.000","hPa","35.3","pmil","0","53.237","deg","23.954","°C","100.000","%a.s.","21.023","deg","23.635","°C","1019.000","hPa","0.861","-0.02617","0.00035","0","0","13.56","Humid","28.00","0","54.00","361617.11","SABD0000000001","AAV1.0.0.11","1.1.2.0","PSt7-10","170328-007","9/30/2017 19:06:43","0000-00","0","no battery","V"
"09/09/2020","10:29:18","2","default","115855972","OXY_CH2","63.727","min","182.970","µmol/L","Humid","20.806","deg","80219","µV","29.849","°C","1016.000","hPa","35.3","pmil","0","53.237","deg","23.954","°C","100.000","%a.s.","21.023","deg","23.635","°C","1019.000","hPa","0.861","-0.02617","0.00035","0","0","13.56","Humid","28.00","0","54.00","361609.36","SABD0000000001","AAV1.0.0.11","1.1.2.0","PSt7-10","170328-007","9/30/2017 19:06:43","0000-00","0","no battery","V"
"09/09/2020","10:29:19","2","default","115855972","OXY_CH2","63.744","min","183.028","µmol/L","Humid","20.804","deg","80216","µV","29.845","°C","1016.000","hPa","35.3","pmil","0","53.237","deg","23.954","°C","100.000","%a.s.","21.023","deg","23.635","°C","1019.000","hPa","0.861","-0.02617","0.00035","0","0","13.56","Humid","28.00","0","54.00","361610.14","SABD0000000001","AAV1.0.0.11","1.1.2.0","PSt7-10","170328-007","9/30/2017 19:06:43","0000-00","0","no battery","V"
"09/09/2020","10:29:20","2","default","115855972","OXY_CH2","63.760","min","183.022","µmol/L","Humid","20.802","deg","80210","µV","29.852","°C","1016.000","hPa","35.3","pmil","0","53.237","deg","23.954","°C","100.000","%a.s.","21.023","deg","23.635","°C","1019.000","hPa","0.861","-0.02617","0.00035","0","0","13.56","Humid","28.00","0","54.00","361614.22","SABD0000000001","AAV1.0.0.11","1.1.2.0","PSt7-10","170328-007","9/30/2017 19:06:43","0000-00","0","no battery","V"
"09/09/2020","10:29:21","2","default","115855972","OXY_CH2","63.777","min","182.962","µmol/L","Humid","20.806","deg","80213","µV","29.851","°C","1016.000","hPa","35.3","pmil","0","53.237","deg","23.954","°C","100.000","%a.s.","21.023","deg","23.635","°C","1019.000","hPa","0.861","-0.02617","0.00035","0","0","13.56","Humid","28.00","0","54.00","361613.67","SABD0000000001","AAV1.0.0.11","1.1.2.0","PSt7-10","170328-007","9/30/2017 19:06:43","0000-00","0","no battery","V"
"09/09/2020","10:29:22","2","default","115855972","OXY_CH2","63.794","min","182.902","µmol/L","Humid","20.805","deg","80211","µV","29.864","°C","1016.000","hPa","35.3","pmil","0","53.237","deg","23.954","°C","100.000","%a.s.","21.023","deg","23.635","°C","1019.000","hPa","0.861","-0.02617","0.00035","0","0","13.56","Humid","28.00","0","54.00","361602.48","SABD0000000001","AAV1.0.0.11","1.1.2.0","PSt7-10","170328-007","9/30/2017 19:06:43","0000-00","0","no battery","V"
"09/09/2020","10:29:23","2","default","115855972","OXY_CH2","63.811","min","183.043","µmol/L","Humid","20.800","deg","80211","µV","29.854","°C","1016.000","hPa","35.3","pmil","0","53.237","deg","23.954","°C","100.000","%a.s.","21.023","deg","23.635","°C","1019.000","hPa","0.861","-0.02617","0.00035","0","0","13.56","Humid","28.00","0","54.00","361601.98","SABD0000000001","AAV1.0.0.11","1.1.2.0","PSt7-10","170328-007","9/30/2017 19:06:43","0000-00","0","no battery","V"
"09/09/2020","10:29:24","2","default","115855972","OXY_CH2","63.827","min","183.017","µmol/L","Humid","20.801","deg","80211","µV","29.856","°C","1016.000","hPa","35.3","pmil","0","53.237","deg","23.954","°C","100.000","%a.s.","21.023","deg","23.635","°C","1019.000","hPa","0.861","-0.02617","0.00035","0","0","13.56","Humid","28.00","0","54.00","361617.38","SABD0000000001","AAV1.0.0.11","1.1.2.0","PSt7-10","170328-007","9/30/2017 19:06:43","0000-00","0","no battery","V"
"09/09/2020","10:29:25","2","default","115855972","OXY_CH2","63.844","min","182.974","µmol/L","Humid","20.804","deg","80212","µV","29.855","°C","1016.000","hPa","35.3","pmil","0","53.237","deg","23.954","°C","100.000","%a.s.","21.023","deg","23.635","°C","1019.000","hPa","0.861","-0.02617","0.00035","0","0","13.56","Humid","28.00","0","54.00","361616.45","SABD0000000001","AAV1.0.0.11","1.1.2.0","PSt7-10","170328-007","9/30/2017 19:06:43","0000-00","0","no battery","V"
"09/09/2020","10:29:26","2","default","115855972","OXY_CH2","63.861","min","182.953","µmol/L","Humid","20.804","deg","80210","µV","29.858","°C","1016.000","hPa","35.3","pmil","0","53.237","deg","23.954","°C","100.000","%a.s.","21.023","deg","23.635","°C","1019.000","hPa","0.861","-0.02617","0.00035","0","0","13.56","Humid","28.00","0","54.00","361602.92","SABD0000000001","AAV1.0.0.11","1.1.2.0","PSt7-10","170328-007","9/30/2017 19:06:43","0000-00","0","no battery","V"
"09/09/2020","10:29:27","2","default","115855972","OXY_CH2","63.878","min","182.944","µmol/L","Humid","20.804","deg","80209","µV","29.860","°C","1016.000","hPa","35.3","pmil","0","53.237","deg","23.954","°C","100.000","%a.s.","21.023","deg","23.635","°C","1019.000","hPa","0.861","-0.02617","0.00035","0","0","13.56","Humid","28.00","0","54.00","361608.15","SABD0000000001","AAV1.0.0.11","1.1.2.0","PSt7-10","170328-007","9/30/2017 19:06:43","0000-00","0","no battery","V"
"09/09/2020","10:29:28","2","default","115855972","OXY_CH2","63.894","min","183.041","µmol/L","Humid","20.801","deg","80208","µV","29.852","°C","1016.000","hPa","35.3","pmil","0","53.237","deg","23.954","°C","100.000","%a.s.","21.023","deg","23.635","°C","1019.000","hPa","0.861","-0.02617","0.00035","0","0","13.56","Humid","28.00","0","54.00","361603.72","SABD0000000001","AAV1.0.0.11","1.1.2.0","PSt7-10","170328-007","9/30/2017 19:06:43","0000-00","0","no battery","V"
"09/09/2020","10:29:29","2","default","115855972","OXY_CH2","63.911","min","182.937","µmol/L","Humid","20.808","deg","80203","µV","29.849","°C","1016.000","hPa","35.3","pmil","0","53.237","deg","23.954","°C","100.000","%a.s.","21.023","deg","23.635","°C","1019.000","hPa","0.861","-0.02617","0.00035","0","0","13.56","Humid","28.00","0","54.00","361607.96","SABD0000000001","AAV1.0.0.11","1.1.2.0","PSt7-10","170328-007","9/30/2017 19:06:43","0000-00","0","no battery","V"
"09/09/2020","10:29:30","2","default","115855972","OXY_CH2","63.927","min","182.886","µmol/L","Humid","20.802","deg","80207","µV","29.876","°C","1016.000","hPa","35.3","pmil","0","53.237","deg","23.954","°C","100.000","%a.s.","21.023","deg","23.635","°C","1019.000","hPa","0.861","-0.02617","0.00035","0","0","13.56","Humid","28.00","0","54.00","361623.16","SABD0000000001","AAV1.0.0.11","1.1.2.0","PSt7-10","170328-007","9/30/2017 19:06:43","0000-00","0","no battery","V"
"09/09/2020","10:29:31","2","default","115855972","OXY_CH2","63.944","min","182.882","µmol/L","Humid","20.801","deg","80202","µV","29.879","°C","1016.000","hPa","35.3","pmil","0","53.237","deg","23.954","°C","100.000","%a.s.","21.023","deg","23.635","°C","1019.000","hPa","0.861","-0.02617","0.00035","0","0","13.56","Humid","28.00","0","54.00","361599.13","SABD0000000001","AAV1.0.0.11","1.1.2.0","PSt7-10","170328-007","9/30/2017 19:06:43","0000-00","0","no battery","V"
"09/09/2020","10:29:32","2","default","115855972","OXY_CH2","63.961","min","182.833","µmol/L","Humid","20.805","deg","80212","µV","29.876","°C","1016.000","hPa","35.3","pmil","0","53.237","deg","23.954","°C","100.000","%a.s.","21.023","deg","23.635","°C","1019.000","hPa","0.861","-0.02617","0.00035","0","0","13.56","Humid","28.00","0","54.00","361617.83","SABD0000000001","AAV1.0.0.11","1.1.2.0","PSt7-10","170328-007","9/30/2017 19:06:43","0000-00","0","no battery","V"
"09/09/2020","10:29:33","2","default","115855972","OXY_CH2","63.977","min","182.958","µmol/L","Humid","20.802","deg","80207","µV","29.863","°C","1016.000","hPa","35.3","pmil","0","53.237","deg","23.954","°C","100.000","%a.s.","21.023","deg","23.635","°C","1019.000","hPa","0.861","-0.02617","0.00035","0","0","13.56","Humid","28.00","0","54.00","361604.94","SABD0000000001","AAV1.0.0.11","1.1.2.0","PSt7-10","170328-007","9/30/2017 19:06:43","0000-00","0","no battery","V"
"09/09/2020","10:29:34","2","default","115855972","OXY_CH2","63.994","min","182.910","µmol/L","Humid","20.806","deg","80201","µV","29.860","°C","1016.000","hPa","35.3","pmil","0","53.237","deg","23.954","°C","100.000","%a.s.","21.023","deg","23.635","°C","1019.000","hPa","0.861","-0.02617","0.00035","0","0","13.56","Humid","28.00","0","54.00","361600.83","SABD0000000001","AAV1.0.0.11","1.1.2.0","PSt7-10","170328-007","9/30/2017 19:06:43","0000-00","0","no battery","V"
"09/09/2020","10:29:35","2","default","115855972","OXY_CH2","64.011","min","183.035","µmol/L","Humid","20.801","deg","80205","µV","29.853","°C","1016.000","hPa","35.3","pmil","0","53.237","deg","23.954","°C","100.000","%a.s.","21.023","deg","23.635","°C","1019.000","hPa","0.861","-0.02617","0.00035","0","0","13.56","Humid","28.00","0","54.00","361607.77","SABD0000000001","AAV1.0.0.11","1.1.2.0","PSt7-10","170328-007","9/30/2017 19:06:43","0000-00","0","no battery","V"
"09/09/2020","10:29:36","2","default","115855972","OXY_CH2","64.027","min","182.864","µmol/L","Humid","20.802","deg","80203","µV","29.879","°C","1016.000","hPa","35.3","pmil","0","53.237","deg","23.954","°C","100.000","%a.s.","21.023","deg","23.635","°C","1019.000","hPa","0.861","-0.02617","0.00035","0","0","13.56","Humid","28.00","0","54.00","361588.58","SABD0000000001","AAV1.0.0.11","1.1.2.0","PSt7-10","170328-007","9/30/2017 19:06:43","0000-00","0","no battery","V"
"09/09/2020","10:29:37","2","default","115855972","OXY_CH2","64.044","min","182.988","µmol/L","Humid","20.802","deg","80202","µV","29.858","°C","1016.000","hPa","35.3","pmil","0","53.237","deg","23.954","°C","100.000","%a.s.","21.023","deg","23.635","°C","1019.000","hPa","0.861","-0.02617","0.00035","0","0","13.56","Humid","28.00","0","54.00","361606.02","SABD0000000001","AAV1.0.0.11","1.1.2.0","PSt7-10","170328-007","9/30/2017 19:06:43","0000-00","0","no battery","V"
"09/09/2020","10:29:38","2","default","115855972","OXY_CH2","64.061","min","182.889","µmol/L","Humid","20.808","deg","80206","µV","29.858","°C","1016.000","hPa","35.3","pmil","0","53.237","deg","23.954","°C","100.000","%a.s.","21.023","deg","23.635","°C","1019.000","hPa","0.861","-0.02617","0.00035","0","0","13.56","Humid","28.00","0","54.00","361604.77","SABD0000000001","AAV1.0.0.11","1.1.2.0","PSt7-10","170328-007","9/30/2017 19:06:43","0000-00","0","no battery","V"
"09/09/2020","10:29:39","2","default","115855972","OXY_CH2","64.077","min","183.132","µmol/L","Humid","20.796","deg","80196","µV","29.850","°C","1016.000","hPa","35.3","pmil","0","53.237","deg","23.954","°C","100.000","%a.s.","21.023","deg","23.635","°C","1019.000","hPa","0.861","-0.02617","0.00035","0","0","13.56","Humid","28.00","0","54.00","361595.13","SABD0000000001","AAV1.0.0.11","1.1.2.0","PSt7-10","170328-007","9/30/2017 19:06:43","0000-00","0","no battery","V"
"09/09/2020","10:29:40","2","default","115855972","OXY_CH2","64.094","min","183.030","µmol/L","Humid","20.798","deg","80192","µV","29.862","°C","1016.000","hPa","35.3","pmil","0","53.237","deg","23.954","°C","100.000","%a.s.","21.023","deg","23.635","°C","1019.000","hPa","0.861","-0.02617","0.00035","0","0","13.56","Humid","28.00","0","54.00","361592.45","SABD0000000001","AAV1.0.0.11","1.1.2.0","PSt7-10","170328-007","9/30/2017 19:06:43","0000-00","0","no battery","V"
"09/09/2020","10:29:41","2","default","115855972","OXY_CH2","64.111","min","182.993","µmol/L","Humid","20.798","deg","80194","µV","29.869","°C","1016.000","hPa","35.3","pmil","0","53.237","deg","23.954","°C","100.000","%a.s.","21.023","deg","23.635","°C","1019.000","hPa","0.861","-0.02617","0.00035","0","0","13.56","Humid","28.00","0","54.00","361591.12","SABD0000000001","AAV1.0.0.11","1.1.2.0","PSt7-10","170328-007","9/30/2017 19:06:43","0000-00","0","no battery","V"
"09/09/2020","10:29:42","2","default","115855972","OXY_CH2","64.127","min","183.020","µmol/L","Humid","20.798","deg","80194","µV","29.864","°C","1016.000","hPa","35.3","pmil","0","53.237","deg","23.954","°C","100.000","%a.s.","21.023","deg","23.635","°C","1019.000","hPa","0.861","-0.02617","0.00035","0","0","13.56","Humid","28.00","0","54.00","361578.12","SABD0000000001","AAV1.0.0.11","1.1.2.0","PSt7-10","170328-007","9/30/2017 19:06:43","0000-00","0","no battery","V"
"09/09/2020","10:29:43","2","default","115855972","OXY_CH2","64.144","min","183.044","µmol/L","Humid","20.804","deg","80198","µV","29.842","°C","1016.000","hPa","35.3","pmil","0","53.237","deg","23.954","°C","100.000","%a.s.","21.023","deg","23.635","°C","1019.000","hPa","0.861","-0.02617","0.00035","0","0","13.56","Humid","28.00","0","54.00","361595.03","SABD0000000001","AAV1.0.0.11","1.1.2.0","PSt7-10","170328-007","9/30/2017 19:06:43","0000-00","0","no battery","V"
"09/09/2020","10:29:44","2","default","115855972","OXY_CH2","64.160","min","183.131","µmol/L","Humid","20.798","deg","80190","µV","29.845","°C","1016.000","hPa","35.3","pmil","0","53.237","deg","23.954","°C","100.000","%a.s.","21.023","deg","23.635","°C","1019.000","hPa","0.861","-0.02617","0.00035","0","0","13.56","Humid","28.00","0","54.00","361587.49","SABD0000000001","AAV1.0.0.11","1.1.2.0","PSt7-10","170328-007","9/30/2017 19:06:43","0000-00","0","no battery","V"
"09/09/2020","10:29:45","2","default","115855972","OXY_CH2","64.178","min","182.979","µmol/L","Humid","20.800","deg","80195","µV","29.865","°C","1016.000","hPa","35.3","pmil","0","53.237","deg","23.954","°C","100.000","%a.s.","21.023","deg","23.635","°C","1019.000","hPa","0.861","-0.02617","0.00035","0","0","13.56","Humid","28.00","0","54.00","361600.22","SABD0000000001","AAV1.0.0.11","1.1.2.0","PSt7-10","170328-007","9/30/2017 19:06:43","0000-00","0","no battery","V"
"09/09/2020","10:29:46","2","default","115855972","OXY_CH2","64.194","min","182.999","µmol/L","Humid","20.800","deg","80193","µV","29.862","°C","1016.000","hPa","35.3","pmil","0","53.237","deg","23.954","°C","100.000","%a.s.","21.023","deg","23.635","°C","1019.000","hPa","0.861","-0.02617","0.00035","0","0","13.56","Humid","28.00","0","54.00","361579.48","SABD0000000001","AAV1.0.0.11","1.1.2.0","PSt7-10","170328-007","9/30/2017 19:06:43","0000-00","0","no battery","V"
"09/09/2020","10:29:47","2","default","115855972","OXY_CH2","64.211","min","183.020","µmol/L","Humid","20.798","deg","80188","µV","29.864","°C","1016.000","hPa","35.3","pmil","0","53.237","deg","23.954","°C","100.000","%a.s.","21.023","deg","23.635","°C","1019.000","hPa","0.861","-0.02617","0.00035","0","0","13.56","Humid","28.00","0","54.00","361578.80","SABD0000000001","AAV1.0.0.11","1.1.2.0","PSt7-10","170328-007","9/30/2017 19:06:43","0000-00","0","no battery","V"
"09/09/2020","10:29:48","2","default","115855972","OXY_CH2","64.228","min","183.055","µmol/L","Humid","20.799","deg","80188","µV","29.855","°C","1016.000","hPa","35.3","pmil","0","53.237","deg","23.954","°C","100.000","%a.s.","21.023","deg","23.635","°C","1019.000","hPa","0.861","-0.02617","0.00035","0","0","13.56","Humid","28.00","0","54.00","361581.16","SABD0000000001","AAV1.0.0.11","1.1.2.0","PSt7-10","170328-007","9/30/2017 19:06:43","0000-00","0","no battery","V"
"09/09/2020","10:29:49","2","default","115855972","OXY_CH2","64.244","min","183.076","µmol/L","Humid","20.798","deg","80192","µV","29.854","°C","1016.000","hPa","35.3","pmil","0","53.237","deg","23.954","°C","100.000","%a.s.","21.023","deg","23.635","°C","1019.000","hPa","0.861","-0.02617","0.00035","0","0","13.56","Humid","28.00","0","54.00","361577.27","SABD0000000001","AAV1.0.0.11","1.1.2.0","PSt7-10","170328-007","9/30/2017 19:06:43","0000-00","0","no battery","V"
"09/09/2020","10:29:50","2","default","115855972","OXY_CH2","64.261","min","182.941","µmol/L","Humid","20.798","deg","80190","µV","29.878","°C","1016.000","hPa","35.3","pmil","0","53.237","deg","23.954","°C","100.000","%a.s.","21.023","deg","23.635","°C","1019.000","hPa","0.861","-0.02617","0.00035","0","0","13.56","Humid","28.00","0","54.00","361570.13","SABD0000000001","AAV1.0.0.11","1.1.2.0","PSt7-10","170328-007","9/30/2017 19:06:43","0000-00","0","no battery","V"
"09/09/2020","10:29:51","2","default","115855972","OXY_CH2","64.277","min","183.015","µmol/L","Humid","20.798","deg","80192","µV","29.865","°C","1016.000","hPa","35.3","pmil","0","53.237","deg","23.954","°C","100.000","%a.s.","21.023","deg","23.635","°C","1019.000","hPa","0.861","-0.02617","0.00035","0","0","13.56","Humid","28.00","0","54.00","361577.45","SABD0000000001","AAV1.0.0.11","1.1.2.0","PSt7-10","170328-007","9/30/2017 19:06:43","0000-00","0","no battery","V"
"09/09/2020","10:29:52","2","default","115855972","OXY_CH2","64.294","min","182.983","µmol/L","Humid","20.802","deg","80187","µV","29.859","°C","1016.000","hPa","35.3","pmil","0","53.237","deg","23.954","°C","100.000","%a.s.","21.023","deg","23.635","°C","1019.000","hPa","0.861","-0.02617","0.00035","0","0","13.56","Humid","28.00","0","54.00","361591.61","SABD0000000001","AAV1.0.0.11","1.1.2.0","PSt7-10","170328-007","9/30/2017 19:06:43","0000-00","0","no battery","V"
"09/09/2020","10:29:53","2","default","115855972","OXY_CH2","64.311","min","183.019","µmol/L","Humid","20.801","deg","80179","µV","29.855","°C","1016.000","hPa","35.3","pmil","0","53.237","deg","23.954","°C","100.000","%a.s.","21.023","deg","23.635","°C","1019.000","hPa","0.861","-0.02617","0.00035","0","0","13.56","Humid","28.00","0","54.00","361588.11","SABD0000000001","AAV1.0.0.11","1.1.2.0","PSt7-10","170328-007","9/30/2017 19:06:43","0000-00","0","no battery","V"
"09/09/2020","10:29:54","2","default","115855972","OXY_CH2","64.327","min","182.950","µmol/L","Humid","20.800","deg","80188","µV","29.870","°C","1016.000","hPa","35.3","pmil","0","53.237","deg","23.954","°C","100.000","%a.s.","21.023","deg","23.635","°C","1019.000","hPa","0.861","-0.02617","0.00035","0","0","13.56","Humid","28.00","0","54.00","361581.51","SABD0000000001","AAV1.0.0.11","1.1.2.0","PSt7-10","170328-007","9/30/2017 19:06:43","0000-00","0","no battery","V"
"09/09/2020","10:29:55","2","default","115855972","OXY_CH2","64.344","min","183.045","µmol/L","Humid","20.796","deg","80185","µV","29.865","°C","1016.000","hPa","35.3","pmil","0","53.237","deg","23.954","°C","100.000","%a.s.","21.023","deg","23.635","°C","1019.000","hPa","0.861","-0.02617","0.00035","0","0","13.56","Humid","28.00","0","54.00","361586.17","SABD0000000001","AAV1.0.0.11","1.1.2.0","PSt7-10","170328-007","9/30/2017 19:06:43","0000-00","0","no battery","V"
"09/09/2020","10:29:56","2","default","115855972","OXY_CH2","64.361","min","182.974","µmol/L","Humid","20.799","deg","80188","µV","29.869","°C","1016.000","hPa","35.3","pmil","0","53.237","deg","23.954","°C","100.000","%a.s.","21.023","deg","23.635","°C","1019.000","hPa","0.861","-0.02617","0.00035","0","0","13.56","Humid","28.00","0","54.00","361583.05","SABD0000000001","AAV1.0.0.11","1.1.2.0","PSt7-10","170328-007","9/30/2017 19:06:43","0000-00","0","no battery","V"
"09/09/2020","10:29:57","2","default","115855972","OXY_CH2","64.378","min","183.024","µmol/L","Humid","20.799","deg","80186","µV","29.860","°C","1016.000","hPa","35.3","pmil","0","53.237","deg","23.954","°C","100.000","%a.s.","21.023","deg","23.635","°C","1019.000","hPa","0.861","-0.02617","0.00035","0","0","13.56","Humid","28.00","0","54.00","361586.35","SABD0000000001","AAV1.0.0.11","1.1.2.0","PSt7-10","170328-007","9/30/2017 19:06:43","0000-00","0","no battery","V"
"09/09/2020","10:29:58","2","default","115855972","OXY_CH2","64.394","min","182.998","µmol/L","Humid","20.795","deg","80188","µV","29.876","°C","1016.000","hPa","35.3","pmil","0","53.237","deg","23.954","°C","100.000","%a.s.","21.023","deg","23.635","°C","1019.000","hPa","0.861","-0.02617","0.00035","0","0","13.56","Humid","28.00","0","54.00","361572.34","SABD0000000001","AAV1.0.0.11","1.1.2.0","PSt7-10","170328-007","9/30/2017 19:06:43","0000-00","0","no battery","V"
"09/09/2020","10:29:59","2","default","115855972","OXY_CH2","64.411","min","183.039","µmol/L","Humid","20.794","deg","80181","µV","29.872","°C","1016.000","hPa","35.3","pmil","0","53.237","deg","23.954","°C","100.000","%a.s.","21.023","deg","23.635","°C","1019.000","hPa","0.861","-0.02617","0.00035","0","0","13.56","Humid","28.00","0","54.00","361589.10","SABD0000000001","AAV1.0.0.11","1.1.2.0","PSt7-10","170328-007","9/30/2017 19:06:43","0000-00","0","no battery","V"
"09/09/2020","10:30:00","2","default","115855972","OXY_CH2","64.427","min","182.987","µmol/L","Humid","20.799","deg","80183","µV","29.867","°C","1016.000","hPa","35.3","pmil","0","53.237","deg","23.954","°C","100.000","%a.s.","21.023","deg","23.635","°C","1019.000","hPa","0.861","-0.02617","0.00035","0","0","13.56","Humid","28.00","0","54.00","361580.05","SABD0000000001","AAV1.0.0.11","1.1.2.0","PSt7-10","170328-007","9/30/2017 19:06:43","0000-00","0","no battery","V"
"09/09/2020","10:30:01","2","default","115855972","OXY_CH2","64.444","min","183.174","µmol/L","Humid","20.793","deg","80189","µV","29.852","°C","1016.000","hPa","35.3","pmil","0","53.237","deg","23.954","°C","100.000","%a.s.","21.023","deg","23.635","°C","1019.000","hPa","0.861","-0.02617","0.00035","0","0","13.56","Humid","28.00","0","54.00","361580.04","SABD0000000001","AAV1.0.0.11","1.1.2.0","PSt7-10","170328-007","9/30/2017 19:06:43","0000-00","0","no battery","V"
"09/09/2020","10:30:02","2","default","115855972","OXY_CH2","64.460","min","182.969","µmol/L","Humid","20.798","deg","80188","µV","29.873","°C","1016.000","hPa","35.3","pmil","0","53.237","deg","23.954","°C","100.000","%a.s.","21.023","deg","23.635","°C","1019.000","hPa","0.861","-0.02617","0.00035","0","0","13.56","Humid","28.00","0","54.00","361568.61","SABD0000000001","AAV1.0.0.11","1.1.2.0","PSt7-10","170328-007","9/30/2017 19:06:43","0000-00","0","no battery","V"
"09/09/2020","10:30:03","2","default","115855972","OXY_CH2","64.477","min","183.066","µmol/L","Humid","20.796","deg","80180","µV","29.862","°C","1016.000","hPa","35.3","pmil","0","53.237","deg","23.954","°C","100.000","%a.s.","21.023","deg","23.635","°C","1019.000","hPa","0.861","-0.02617","0.00035","0","0","13.56","Humid","28.00","0","54.00","361579.32","SABD0000000001","AAV1.0.0.11","1.1.2.0","PSt7-10","170328-007","9/30/2017 19:06:43","0000-00","0","no battery","V"
"09/09/2020","10:30:04","2","default","115855972","OXY_CH2","64.494","min","183.087","µmol/L","Humid","20.793","deg","80181","µV","29.867","°C","1016.000","hPa","35.3","pmil","0","53.237","deg","23.954","°C","100.000","%a.s.","21.023","deg","23.635","°C","1019.000","hPa","0.861","-0.02617","0.00035","0","0","13.56","Humid","28.00","0","54.00","361579.35","SABD0000000001","AAV1.0.0.11","1.1.2.0","PSt7-10","170328-007","9/30/2017 19:06:43","0000-00","0","no battery","V"
"09/09/2020","10:30:05","2","default","115855972","OXY_CH2","64.511","min","183.069","µmol/L","Humid","20.795","deg","80181","µV","29.864","°C","1016.000","hPa","35.3","pmil","0","53.237","deg","23.954","°C","100.000","%a.s.","21.023","deg","23.635","°C","1019.000","hPa","0.861","-0.02617","0.00035","0","0","13.56","Humid","28.00","0","54.00","361575.83","SABD0000000001","AAV1.0.0.11","1.1.2.0","PSt7-10","170328-007","9/30/2017 19:06:43","0000-00","0","no battery","V"
"09/09/2020","10:30:06","2","default","115855972","OXY_CH2","64.527","min","183.039","µmol/L","Humid","20.796","deg","80179","µV","29.866","°C","1016.000","hPa","35.3","pmil","0","53.237","deg","23.954","°C","100.000","%a.s.","21.023","deg","23.635","°C","1019.000","hPa","0.861","-0.02617","0.00035","0","0","13.56","Humid","28.00","0","54.00","361579.66","SABD0000000001","AAV1.0.0.11","1.1.2.0","PSt7-10","170328-007","9/30/2017 19:06:43","0000-00","0","no battery","V"
"09/09/2020","10:30:07","2","default","115855972","OXY_CH2","64.544","min","183.046","µmol/L","Humid","20.797","deg","80179","µV","29.862","°C","1016.000","hPa","35.3","pmil","0","53.237","deg","23.954","°C","100.000","%a.s.","21.023","deg","23.635","°C","1019.000","hPa","0.861","-0.02617","0.00035","0","0","13.56","Humid","28.00","0","54.00","361573.62","SABD0000000001","AAV1.0.0.11","1.1.2.0","PSt7-10","170328-007","9/30/2017 19:06:43","0000-00","0","no battery","V"
"09/09/2020","10:30:08","2","default","115855972","OXY_CH2","64.561","min","183.051","µmol/L","Humid","20.795","deg","80176","µV","29.867","°C","1016.000","hPa","35.3","pmil","0","53.237","deg","23.954","°C","100.000","%a.s.","21.023","deg","23.635","°C","1019.000","hPa","0.861","-0.02617","0.00035","0","0","13.56","Humid","28.00","0","54.00","361575.32","SABD0000000001","AAV1.0.0.11","1.1.2.0","PSt7-10","170328-007","9/30/2017 19:06:43","0000-00","0","no battery","V"
"09/09/2020","10:30:09","2","default","115855972","OXY_CH2","64.577","min","182.909","µmol/L","Humid","20.799","deg","80170","µV","29.880","°C","1016.000","hPa","35.3","pmil","0","53.237","deg","23.954","°C","100.000","%a.s.","21.023","deg","23.635","°C","1019.000","hPa","0.861","-0.02617","0.00035","0","0","13.56","Humid","28.00","0","54.00","361581.13","SABD0000000001","AAV1.0.0.11","1.1.2.0","PSt7-10","170328-007","9/30/2017 19:06:43","0000-00","0","no battery","V"
"09/09/2020","10:30:10","2","default","115855972","OXY_CH2","64.594","min","182.963","µmol/L","Humid","20.794","deg","80178","µV","29.885","°C","1016.000","hPa","35.3","pmil","0","53.237","deg","23.954","°C","100.000","%a.s.","21.023","deg","23.635","°C","1019.000","hPa","0.861","-0.02617","0.00035","0","0","13.56","Humid","28.00","0","54.00","361567.07","SABD0000000001","AAV1.0.0.11","1.1.2.0","PSt7-10","170328-007","9/30/2017 19:06:43","0000-00","0","no battery","V"
"09/09/2020","10:30:11","2","default","115855972","OXY_CH2","64.611","min","182.983","µmol/L","Humid","20.799","deg","80171","µV","29.867","°C","1016.000","hPa","35.3","pmil","0","53.237","deg","23.954","°C","100.000","%a.s.","21.023","deg","23.635","°C","1019.000","hPa","0.861","-0.02617","0.00035","0","0","13.56","Humid","28.00","0","54.00","361575.61","SABD0000000001","AAV1.0.0.11","1.1.2.0","PSt7-10","170328-007","9/30/2017 19:06:43","0000-00","0","no battery","V"
"09/09/2020","10:30:12","2","default","115855972","OXY_CH2","64.627","min","183.049","µmol/L","Humid","20.795","deg","80173","µV","29.868","°C","1016.000","hPa","35.3","pmil","0","53.237","deg","23.954","°C","100.000","%a.s.","21.023","deg","23.635","°C","1019.000","hPa","0.861","-0.02617","0.00035","0","0","13.56","Humid","28.00","0","54.00","361563.72","SABD0000000001","AAV1.0.0.11","1.1.2.0","PSt7-10","170328-007","9/30/2017 19:06:43","0000-00","0","no battery","V"
"09/09/2020","10:30:13","2","default","115855972","OXY_CH2","64.644","min","183.088","µmol/L","Humid","20.795","deg","80176","µV","29.861","°C","1016.000","hPa","35.3","pmil","0","53.237","deg","23.954","°C","100.000","%a.s.","21.023","deg","23.635","°C","1019.000","hPa","0.861","-0.02617","0.00035","0","0","13.56","Humid","28.00","0","54.00","361580.51","SABD0000000001","AAV1.0.0.11","1.1.2.0","PSt7-10","170328-007","9/30/2017 19:06:43","0000-00","0","no battery","V"
"09/09/2020","10:30:14","2","default","115855972","OXY_CH2","64.661","min","183.105","µmol/L","Humid","20.793","deg","80174","µV","29.864","°C","1016.000","hPa","35.3","pmil","0","53.237","deg","23.954","°C","100.000","%a.s.","21.023","deg","23.635","°C","1019.000","hPa","0.861","-0.02617","0.00035","0","0","13.56","Humid","28.00","0","54.00","361563.02","SABD0000000001","AAV1.0.0.11","1.1.2.0","PSt7-10","170328-007","9/30/2017 19:06:43","0000-00","0","no battery","V"
"09/09/2020","10:30:15","2","default","115855972","OXY_CH2","64.678","min","183.121","µmol/L","Humid","20.792","deg","80175","µV","29.864","°C","1016.000","hPa","35.3","pmil","0","53.237","deg","23.954","°C","100.000","%a.s.","21.023","deg","23.635","°C","1019.000","hPa","0.861","-0.02617","0.00035","0","0","13.56","Humid","28.00","0","54.00","361572.95","SABD0000000001","AAV1.0.0.11","1.1.2.0","PSt7-10","170328-007","9/30/2017 19:06:43","0000-00","0","no battery","V"
"09/09/2020","10:30:16","2","default","115855972","OXY_CH2","64.694","min","183.063","µmol/L","Humid","20.796","deg","80167","µV","29.862","°C","1016.000","hPa","35.3","pmil","0","53.237","deg","23.954","°C","100.000","%a.s.","21.023","deg","23.635","°C","1019.000","hPa","0.861","-0.02617","0.00035","0","0","13.56","Humid","28.00","0","54.00","361555.35","SABD0000000001","AAV1.0.0.11","1.1.2.0","PSt7-10","170328-007","9/30/2017 19:06:43","0000-00","0","no battery","V"
"09/09/2020","10:30:17","2","default","115855972","OXY_CH2","64.711","min","183.150","µmol/L","Humid","20.790","deg","80171","µV","29.864","°C","1016.000","hPa","35.3","pmil","0","53.237","deg","23.954","°C","100.000","%a.s.","21.023","deg","23.635","°C","1019.000","hPa","0.861","-0.02617","0.00035","0","0","13.56","Humid","28.00","0","54.00","361563.53","SABD0000000001","AAV1.0.0.11","1.1.2.0","PSt7-10","170328-007","9/30/2017 19:06:43","0000-00","0","no battery","V"
"09/09/2020","10:30:18","2","default","115855972","OXY_CH2","64.728","min","183.058","µmol/L","Humid","20.797","deg","80171","µV","29.860","°C","1016.000","hPa","35.3","pmil","0","53.237","deg","23.954","°C","100.000","%a.s.","21.023","deg","23.635","°C","1019.000","hPa","0.861","-0.02617","0.00035","0","0","13.56","Humid","28.00","0","54.00","361562.50","SABD0000000001","AAV1.0.0.11","1.1.2.0","PSt7-10","170328-007","9/30/2017 19:06:43","0000-00","0","no battery","V"
"09/09/2020","10:30:19","2","default","115855972","OXY_CH2","64.744","min","182.988","µmol/L","Humid","20.795","deg","80168","µV","29.878","°C","1016.000","hPa","35.3","pmil","0","53.237","deg","23.954","°C","100.000","%a.s.","21.023","deg","23.635","°C","1019.000","hPa","0.861","-0.02617","0.00035","0","0","13.56","Humid","28.00","0","54.00","361558.86","SABD0000000001","AAV1.0.0.11","1.1.2.0","PSt7-10","170328-007","9/30/2017 19:06:43","0000-00","0","no battery","V"
"09/09/2020","10:30:20","2","default","115855972","OXY_CH2","64.761","min","183.163","µmol/L","Humid","20.790","deg","80165","µV","29.862","°C","1016.000","hPa","35.3","pmil","0","53.237","deg","23.954","°C","100.000","%a.s.","21.023","deg","23.635","°C","1019.000","hPa","0.861","-0.02617","0.00035","0","0","13.56","Humid","28.00","0","54.00","361564.74","SABD0000000001","AAV1.0.0.11","1.1.2.0","PSt7-10","170328-007","9/30/2017 19:06:43","0000-00","0","no battery","V"
"09/09/2020","10:30:21","2","default","115855972","OXY_CH2","64.777","min","183.177","µmol/L","Humid","20.792","deg","80169","µV","29.854","°C","1016.000","hPa","35.3","pmil","0","53.237","deg","23.954","°C","100.000","%a.s.","21.023","deg","23.635","°C","1019.000","hPa","0.861","-0.02617","0.00035","0","0","13.56","Humid","28.00","0","54.00","361549.99","SABD0000000001","AAV1.0.0.11","1.1.2.0","PSt7-10","170328-007","9/30/2017 19:06:43","0000-00","0","no battery","V"
"09/09/2020","10:30:22","2","default","115855972","OXY_CH2","64.794","min","183.134","µmol/L","Humid","20.793","deg","80168","µV","29.859","°C","1016.000","hPa","35.3","pmil","0","53.237","deg","23.954","°C","100.000","%a.s.","21.023","deg","23.635","°C","1019.000","hPa","0.861","-0.02617","0.00035","0","0","13.56","Humid","28.00","0","54.00","361569.94","SABD0000000001","AAV1.0.0.11","1.1.2.0","PSt7-10","170328-007","9/30/2017 19:06:43","0000-00","0","no battery","V"
"09/09/2020","10:30:23","2","default","115855972","OXY_CH2","64.810","min","183.086","µmol/L","Humid","20.794","deg","80163","µV","29.864","°C","1016.000","hPa","35.3","pmil","0","53.237","deg","23.954","°C","100.000","%a.s.","21.023","deg","23.635","°C","1019.000","hPa","0.861","-0.02617","0.00035","0","0","13.56","Humid","28.00","0","54.00","361557.79","SABD0000000001","AAV1.0.0.11","1.1.2.0","PSt7-10","170328-007","9/30/2017 19:06:43","0000-00","0","no battery","V"
"09/09/2020","10:30:24","2","default","115855972","OXY_CH2","64.827","min","183.166","µmol/L","Humid","20.789","deg","80165","µV","29.865","°C","1016.000","hPa","35.3","pmil","0","53.237","deg","23.954","°C","100.000","%a.s.","21.023","deg","23.635","°C","1019.000","hPa","0.861","-0.02617","0.00035","0","0","13.56","Humid","28.00","0","54.00","361562.82","SABD0000000001","AAV1.0.0.11","1.1.2.0","PSt7-10","170328-007","9/30/2017 19:06:43","0000-00","0","no battery","V"
"09/09/2020","10:30:25","2","default","115855972","OXY_CH2","64.844","min","183.106","µmol/L","Humid","20.794","deg","80161","µV","29.861","°C","1016.000","hPa","35.3","pmil","0","53.237","deg","23.954","°C","100.000","%a.s.","21.023","deg","23.635","°C","1019.000","hPa","0.861","-0.02617","0.00035","0","0","13.56","Humid","28.00","0","54.00","361551.26","SABD0000000001","AAV1.0.0.11","1.1.2.0","PSt7-10","170328-007","9/30/2017 19:06:43","0000-00","0","no battery","V"
"09/09/2020","10:30:26","2","default","115855972","OXY_CH2","64.860","min","183.201","µmol/L","Humid","20.790","deg","80163","µV","29.856","°C","1016.000","hPa","35.3","pmil","0","53.237","deg","23.954","°C","100.000","%a.s.","21.023","deg","23.635","°C","1019.000","hPa","0.861","-0.02617","0.00035","0","0","13.56","Humid","28.00","0","54.00","361552.76","SABD0000000001","AAV1.0.0.11","1.1.2.0","PSt7-10","170328-007","9/30/2017 19:06:43","0000-00","0","no battery","V"
"09/09/2020","10:30:27","2","default","115855972","OXY_CH2","64.877","min","183.086","µmol/L","Humid","20.791","deg","80161","µV","29.873","°C","1016.000","hPa","35.3","pmil","0","53.237","deg","23.954","°C","100.000","%a.s.","21.023","deg","23.635","°C","1019.000","hPa","0.861","-0.02617","0.00035","0","0","13.56","Humid","28.00","0","54.00","361551.10","SABD0000000001","AAV1.0.0.11","1.1.2.0","PSt7-10","170328-007","9/30/2017 19:06:43","0000-00","0","no battery","V"
"09/09/2020","10:30:28","2","default","115855972","OXY_CH2","64.894","min","183.107","µmol/L","Humid","20.792","deg","80160","µV","29.866","°C","1016.000","hPa","35.3","pmil","0","53.237","deg","23.954","°C","100.000","%a.s.","21.023","deg","23.635","°C","1019.000","hPa","0.861","-0.02617","0.00035","0","0","13.56","Humid","28.00","0","54.00","361553.65","SABD0000000001","AAV1.0.0.11","1.1.2.0","PSt7-10","170328-007","9/30/2017 19:06:43","0000-00","0","no battery","V"
"09/09/2020","10:30:29","2","default","115855972","OXY_CH2","64.911","min","182.935","µmol/L","Humid","20.794","deg","80166","µV","29.890","°C","1016.000","hPa","35.3","pmil","0","53.237","deg","23.954","°C","100.000","%a.s.","21.023","deg","23.635","°C","1019.000","hPa","0.861","-0.02617","0.00035","0","0","13.56","Humid","28.00","0","54.00","361536.76","SABD0000000001","AAV1.0.0.11","1.1.2.0","PSt7-10","170328-007","9/30/2017 19:06:43","0000-00","0","no battery","V"
"09/09/2020","10:30:30","2","default","115855972","OXY_CH2","64.928","min","182.967","µmol/L","Humid","20.796","deg","80161","µV","29.879","°C","1016.000","hPa","35.3","pmil","0","53.237","deg","23.954","°C","100.000","%a.s.","21.023","deg","23.635","°C","1019.000","hPa","0.861","-0.02617","0.00035","0","0","13.56","Humid","28.00","0","54.00","361559.59","SABD0000000001","AAV1.0.0.11","1.1.2.0","PSt7-10","170328-007","9/30/2017 19:06:43","0000-00","0","no battery","V"
"09/09/2020","10:30:31","2","default","115855972","OXY_CH2","64.944","min","183.051","µmol/L","Humid","20.792","deg","80157","µV","29.876","°C","1016.000","hPa","35.3","pmil","0","53.237","deg","23.954","°C","100.000","%a.s.","21.023","deg","23.635","°C","1019.000","hPa","0.861","-0.02617","0.00035","0","0","13.56","Humid","28.00","0","54.00","361558.82","SABD0000000001","AAV1.0.0.11","1.1.2.0","PSt7-10","170328-007","9/30/2017 19:06:43","0000-00","0","no battery","V"
"09/09/2020","10:30:32","2","default","115855972","OXY_CH2","64.960","min","183.049","µmol/L","Humid","20.791","deg","80162","µV","29.879","°C","1016.000","hPa","35.3","pmil","0","53.237","deg","23.954","°C","100.000","%a.s.","21.023","deg","23.635","°C","1019.000","hPa","0.861","-0.02617","0.00035","0","0","13.56","Humid","28.00","0","54.00","361562.88","SABD0000000001","AAV1.0.0.11","1.1.2.0","PSt7-10","170328-007","9/30/2017 19:06:43","0000-00","0","no battery","V"
"09/09/2020","10:30:33","2","default","115855972","OXY_CH2","64.977","min","183.076","µmol/L","Humid","20.794","deg","80156","µV","29.866","°C","1016.000","hPa","35.3","pmil","0","53.237","deg","23.954","°C","100.000","%a.s.","21.023","deg","23.635","°C","1019.000","hPa","0.861","-0.02617","0.00035","0","0","13.56","Humid","28.00","0","54.00","361530.12","SABD0000000001","AAV1.0.0.11","1.1.2.0","PSt7-10","170328-007","9/30/2017 19:06:43","0000-00","0","no battery","V"
"09/09/2020","10:30:34","2","default","115855972","OXY_CH2","64.994","min","183.153","µmol/L","Humid","20.789","deg","80153","µV","29.867","°C","1016.000","hPa","35.3","pmil","0","53.237","deg","23.954","°C","100.000","%a.s.","21.023","deg","23.635","°C","1019.000","hPa","0.861","-0.02617","0.00035","0","0","13.56","Humid","28.00","0","54.00","361554.47","SABD0000000001","AAV1.0.0.11","1.1.2.0","PSt7-10","170328-007","9/30/2017 19:06:43","0000-00","0","no battery","V"
"09/09/2020","10:30:35","2","default","115855972","OXY_CH2","65.011","min","183.098","µmol/L","Humid","20.791","deg","80158","µV","29.871","°C","1016.000","hPa","35.3","pmil","0","53.237","deg","23.954","°C","100.000","%a.s.","21.023","deg","23.635","°C","1019.000","hPa","0.861","-0.02617","0.00035","0","0","13.56","Humid","28.00","0","54.00","361550.57","SABD0000000001","AAV1.0.0.11","1.1.2.0","PSt7-10","170328-007","9/30/2017 19:06:43","0000-00","0","no battery","V"
"09/09/2020","10:30:36","2","default","115855972","OXY_CH2","65.027","min","183.122","µmol/L","Humid","20.792","deg","80154","µV","29.864","°C","1016.000","hPa","35.3","pmil","0","53.237","deg","23.954","°C","100.000","%a.s.","21.023","deg","23.635","°C","1019.000","hPa","0.861","-0.02617","0.00035","0","0","13.56","Humid","28.00","0","54.00","361533.41","SABD0000000001","AAV1.0.0.11","1.1.2.0","PSt7-10","170328-007","9/30/2017 19:06:43","0000-00","0","no battery","V"
"09/09/2020","10:30:37","2","default","115855972","OXY_CH2","65.044","min","183.075","µmol/L","Humid","20.789","deg","80156","µV","29.880","°C","1016.000","hPa","35.3","pmil","0","53.237","deg","23.954","°C","100.000","%a.s.","21.023","deg","23.635","°C","1019.000","hPa","0.861","-0.02617","0.00035","0","0","13.56","Humid","28.00","0","54.00","361545.26","SABD0000000001","AAV1.0.0.11","1.1.2.0","PSt7-10","170328-007","9/30/2017 19:06:43","0000-00","0","no battery","V"
"09/09/2020","10:30:38","2","default","115855972","OXY_CH2","65.060","min","183.127","µmol/L","Humid","20.789","deg","80157","µV","29.871","°C","1016.000","hPa","35.3","pmil","0","53.237","deg","23.954","°C","100.000","%a.s.","21.023","deg","23.635","°C","1019.000","hPa","0.861","-0.02617","0.00035","0","0","13.56","Humid","28.00","0","54.00","361546.87","SABD0000000001","AAV1.0.0.11","1.1.2.0","PSt7-10","170328-007","9/30/2017 19:06:43","0000-00","0","no battery","V"
"09/09/2020","10:30:39","2","default","115855972","OXY_CH2","65.077","min","183.036","µmol/L","Humid","20.794","deg","80160","µV","29.873","°C","1016.000","hPa","35.3","pmil","0","53.237","deg","23.954","°C","100.000","%a.s.","21.023","deg","23.635","°C","1019.000","hPa","0.861","-0.02617","0.00035","0","0","13.56","Humid","28.00","0","54.00","361548.23","SABD0000000001","AAV1.0.0.11","1.1.2.0","PSt7-10","170328-007","9/30/2017 19:06:43","0000-00","0","no battery","V"
"09/09/2020","10:30:40","2","default","115855972","OXY_CH2","65.094","min","183.184","µmol/L","Humid","20.788","deg","80151","µV","29.864","°C","1016.000","hPa","35.3","pmil","0","53.237","deg","23.954","°C","100.000","%a.s.","21.023","deg","23.635","°C","1019.000","hPa","0.861","-0.02617","0.00035","0","0","13.56","Humid","28.00","0","54.00","361537.40","SABD0000000001","AAV1.0.0.11","1.1.2.0","PSt7-10","170328-007","9/30/2017 19:06:43","0000-00","0","no battery","V"
"09/09/2020","10:30:41","2","default","115855972","OXY_CH2","65.110","min","183.095","µmol/L","Humid","20.793","deg","80151","µV","29.865","°C","1016.000","hPa","35.3","pmil","0","53.237","deg","23.954","°C","100.000","%a.s.","21.023","deg","23.635","°C","1019.000","hPa","0.861","-0.02617","0.00035","0","0","13.56","Humid","28.00","0","54.00","361521.68","SABD0000000001","AAV1.0.0.11","1.1.2.0","PSt7-10","170328-007","9/30/2017 19:06:43","0000-00","0","no battery","V"
"09/09/2020","10:30:42","2","default","115855972","OXY_CH2","65.127","min","183.200","µmol/L","Humid","20.790","deg","80162","µV","29.856","°C","1016.000","hPa","35.3","pmil","0","53.237","deg","23.954","°C","100.000","%a.s.","21.023","deg","23.635","°C","1019.000","hPa","0.861","-0.02617","0.00035","0","0","13.56","Humid","28.00","0","54.00","361532.06","SABD0000000001","AAV1.0.0.11","1.1.2.0","PSt7-10","170328-007","9/30/2017 19:06:43","0000-00","0","no battery","V"
"09/09/2020","10:30:43","2","default","115855972","OXY_CH2","65.144","min","183.118","µmol/L","Humid","20.793","deg","80164","µV","29.861","°C","1016.000","hPa","35.3","pmil","0","53.237","deg","23.954","°C","100.000","%a.s.","21.023","deg","23.635","°C","1019.000","hPa","0.861","-0.02617","0.00035","0","0","13.56","Humid","28.00","0","54.00","361543.09","SABD0000000001","AAV1.0.0.11","1.1.2.0","PSt7-10","170328-007","9/30/2017 19:06:43","0000-00","0","no battery","V"
"09/09/2020","10:30:44","2","default","115855972","OXY_CH2","65.160","min","183.102","µmol/L","Humid","20.792","deg","80160","µV","29.867","°C","1016.000","hPa","35.3","pmil","0","53.237","deg","23.954","°C","100.000","%a.s.","21.023","deg","23.635","°C","1019.000","hPa","0.861","-0.02617","0.00035","0","0","13.56","Humid","28.00","0","54.00","361541.26","SABD0000000001","AAV1.0.0.11","1.1.2.0","PSt7-10","170328-007","9/30/2017 19:06:43","0000-00","0","no battery","V"
"09/09/2020","10:30:45","2","default","115855972","OXY_CH2","65.178","min","183.129","µmol/L","Humid","20.792","deg","80154","µV","29.862","°C","1016.000","hPa","35.3","pmil","0","53.237","deg","23.954","°C","100.000","%a.s.","21.023","deg","23.635","°C","1019.000","hPa","0.861","-0.02617","0.00035","0","0","13.56","Humid","28.00","0","54.00","361541.68","SABD0000000001","AAV1.0.0.11","1.1.2.0","PSt7-10","170328-007","9/30/2017 19:06:43","0000-00","0","no battery","V"
"09/09/2020","10:30:46","2","default","115855972","OXY_CH2","65.194","min","183.047","µmol/L","Humid","20.791","deg","80157","µV","29.879","°C","1016.000","hPa","35.3","pmil","0","53.237","deg","23.954","°C","100.000","%a.s.","21.023","deg","23.635","°C","1019.000","hPa","0.861","-0.02617","0.00035","0","0","13.56","Humid","28.00","0","54.00","361544.59","SABD0000000001","AAV1.0.0.11","1.1.2.0","PSt7-10","170328-007","9/30/2017 19:06:43","0000-00","0","no battery","V"
"09/09/2020","10:30:47","2","default","115855972","OXY_CH2","65.211","min","182.993","µmol/L","Humid","20.792","deg","80158","µV","29.886","°C","1016.000","hPa","35.3","pmil","0","53.237","deg","23.954","°C","100.000","%a.s.","21.023","deg","23.635","°C","1019.000","hPa","0.861","-0.02617","0.00035","0","0","13.56","Humid","28.00","0","54.00","361539.36","SABD0000000001","AAV1.0.0.11","1.1.2.0","PSt7-10","170328-007","9/30/2017 19:06:43","0000-00","0","no battery","V"
"09/09/2020","10:30:48","2","default","115855972","OXY_CH2","65.227","min","183.069","µmol/L","Humid","20.790","deg","80160","µV","29.879","°C","1016.000","hPa","35.3","pmil","0","53.237","deg","23.954","°C","100.000","%a.s.","21.023","deg","23.635","°C","1019.000","hPa","0.861","-0.02617","0.00035","0","0","13.56","Humid","28.00","0","54.00","361555.72","SABD0000000001","AAV1.0.0.11","1.1.2.0","PSt7-10","170328-007","9/30/2017 19:06:43","0000-00","0","no battery","V"
"09/09/2020","10:30:49","2","default","115855972","OXY_CH2","65.244","min","183.141","µmol/L","Humid","20.789","deg","80163","µV","29.869","°C","1016.000","hPa","35.3","pmil","0","53.237","deg","23.954","°C","100.000","%a.s.","21.023","deg","23.635","°C","1019.000","hPa","0.861","-0.02617","0.00035","0","0","13.56","Humid","28.00","0","54.00","361552.38","SABD0000000001","AAV1.0.0.11","1.1.2.0","PSt7-10","170328-007","9/30/2017 19:06:43","0000-00","0","no battery","V"
"09/09/2020","10:30:50","2","default","115855972","OXY_CH2","65.261","min","183.184","µmol/L","Humid","20.787","deg","80154","µV","29.867","°C","1016.000","hPa","35.3","pmil","0","53.237","deg","23.954","°C","100.000","%a.s.","21.023","deg","23.635","°C","1019.000","hPa","0.861","-0.02617","0.00035","0","0","13.56","Humid","28.00","0","54.00","361545.50","SABD0000000001","AAV1.0.0.11","1.1.2.0","PSt7-10","170328-007","9/30/2017 19:06:43","0000-00","0","no battery","V"
"09/09/2020","10:30:51","2","default","115855972","OXY_CH2","65.277","min","183.075","µmol/L","Humid","20.792","deg","80150","µV","29.872","°C","1016.000","hPa","35.3","pmil","0","53.237","deg","23.954","°C","100.000","%a.s.","21.023","deg","23.635","°C","1019.000","hPa","0.861","-0.02617","0.00035","0","0","13.56","Humid","28.00","0","54.00","361538.75","SABD0000000001","AAV1.0.0.11","1.1.2.0","PSt7-10","170328-007","9/30/2017 19:06:43","0000-00","0","no battery","V"
"09/09/2020","10:30:52","2","default","115855972","OXY_CH2","65.294","min","183.073","µmol/L","Humid","20.792","deg","80156","µV","29.872","°C","1016.000","hPa","35.3","pmil","0","53.237","deg","23.954","°C","100.000","%a.s.","21.023","deg","23.635","°C","1019.000","hPa","0.861","-0.02617","0.00035","0","0","13.56","Humid","28.00","0","54.00","361546.69","SABD0000000001","AAV1.0.0.11","1.1.2.0","PSt7-10","170328-007","9/30/2017 19:06:43","0000-00","0","no battery","V"
"09/09/2020","10:30:53","2","default","115855972","OXY_CH2","65.310","min","183.028","µmol/L","Humid","20.796","deg","80154","µV","29.868","°C","1016.000","hPa","35.3","pmil","0","53.237","deg","23.954","°C","100.000","%a.s.","21.023","deg","23.635","°C","1019.000","hPa","0.861","-0.02617","0.00035","0","0","13.56","Humid","28.00","0","54.00","361522.32","SABD0000000001","AAV1.0.0.11","1.1.2.0","PSt7-10","170328-007","9/30/2017 19:06:43","0000-00","0","no battery","V"
"09/09/2020","10:30:54","2","default","115855972","OXY_CH2","65.327","min","183.115","µmol/L","Humid","20.789","deg","80152","µV","29.873","°C","1016.000","hPa","35.3","pmil","0","53.237","deg","23.954","°C","100.000","%a.s.","21.023","deg","23.635","°C","1019.000","hPa","0.861","-0.02617","0.00035","0","0","13.56","Humid","28.00","0","54.00","361535.06","SABD0000000001","AAV1.0.0.11","1.1.2.0","PSt7-10","170328-007","9/30/2017 19:06:43","0000-00","0","no battery","V"
"09/09/2020","10:30:55","2","default","115855972","OXY_CH2","65.344","min","183.016","µmol/L","Humid","20.790","deg","80161","µV","29.888","°C","1016.000","hPa","35.3","pmil","0","53.237","deg","23.954","°C","100.000","%a.s.","21.023","deg","23.635","°C","1019.000","hPa","0.861","-0.02617","0.00035","0","0","13.56","Humid","28.00","0","54.00","361546.70","SABD0000000001","AAV1.0.0.11","1.1.2.0","PSt7-10","170328-007","9/30/2017 19:06:43","0000-00","0","no battery","V"
"09/09/2020","10:30:56","2","default","115855972","OXY_CH2","65.360","min","183.002","µmol/L","Humid","20.791","deg","80150","µV","29.887","°C","1016.000","hPa","35.3","pmil","0","53.237","deg","23.954","°C","100.000","%a.s.","21.023","deg","23.635","°C","1019.000","hPa","0.861","-0.02617","0.00035","0","0","13.56","Humid","28.00","0","54.00","361513.95","SABD0000000001","AAV1.0.0.11","1.1.2.0","PSt7-10","170328-007","9/30/2017 19:06:43","0000-00","0","no battery","V"
"09/09/2020","10:30:57","2","default","115855972","OXY_CH2","65.377","min","183.069","µmol/L","Humid","20.791","deg","80148","µV","29.876","°C","1016.000","hPa","35.3","pmil","0","53.237","deg","23.954","°C","100.000","%a.s.","21.023","deg","23.635","°C","1019.000","hPa","0.861","-0.02617","0.00035","0","0","13.56","Humid","28.00","0","54.00","361528.72","SABD0000000001","AAV1.0.0.11","1.1.2.0","PSt7-10","170328-007","9/30/2017 19:06:43","0000-00","0","no battery","V"
"09/09/2020","10:30:58","2","default","115855972","OXY_CH2","65.394","min","183.169","µmol/L","Humid","20.787","deg","80149","µV","29.870","°C","1016.000","hPa","35.3","pmil","0","53.237","deg","23.954","°C","100.000","%a.s.","21.023","deg","23.635","°C","1019.000","hPa","0.861","-0.02617","0.00035","0","0","13.56","Humid","28.00","0","54.00","361533.39","SABD0000000001","AAV1.0.0.11","1.1.2.0","PSt7-10","170328-007","9/30/2017 19:06:43","0000-00","0","no battery","V"
"09/09/2020","10:30:59","2","default","115855972","OXY_CH2","65.410","min","183.069","µmol/L","Humid","20.789","deg","80146","µV","29.881","°C","1016.000","hPa","35.3","pmil","0","53.237","deg","23.954","°C","100.000","%a.s.","21.023","deg","23.635","°C","1019.000","hPa","0.861","-0.02617","0.00035","0","0","13.56","Humid","28.00","0","54.00","361530.60","SABD0000000001","AAV1.0.0.11","1.1.2.0","PSt7-10","170328-007","9/30/2017 19:06:43","0000-00","0","no battery","V"
"09/09/2020","10:31:00","2","default","115855972","OXY_CH2","65.427","min","183.130","µmol/L","Humid","20.787","deg","80151","µV","29.877","°C","1016.000","hPa","35.3","pmil","0","53.237","deg","23.954","°C","100.000","%a.s.","21.023","deg","23.635","°C","1019.000","hPa","0.861","-0.02617","0.00035","0","0","13.56","Humid","28.00","0","54.00","361545.40","SABD0000000001","AAV1.0.0.11","1.1.2.0","PSt7-10","170328-007","9/30/2017 19:06:43","0000-00","0","no battery","V"
"09/09/2020","10:31:01","2","default","115855972","OXY_CH2","65.444","min","183.177","µmol/L","Humid","20.789","deg","80150","µV","29.863","°C","1016.000","hPa","35.3","pmil","0","53.237","deg","23.954","°C","100.000","%a.s.","21.023","deg","23.635","°C","1019.000","hPa","0.861","-0.02617","0.00035","0","0","13.56","Humid","28.00","0","54.00","361527.81","SABD0000000001","AAV1.0.0.11","1.1.2.0","PSt7-10","170328-007","9/30/2017 19:06:43","0000-00","0","no battery","V"
"09/09/2020","10:31:02","2","default","115855972","OXY_CH2","65.460","min","183.078","µmol/L","Humid","20.794","deg","80147","µV","29.865","°C","1016.000","hPa","35.3","pmil","0","53.237","deg","23.954","°C","100.000","%a.s.","21.023","deg","23.635","°C","1019.000","hPa","0.861","-0.02617","0.00035","0","0","13.56","Humid","28.00","0","54.00","361534.84","SABD0000000001","AAV1.0.0.11","1.1.2.0","PSt7-10","170328-007","9/30/2017 19:06:43","0000-00","0","no battery","V"
"09/09/2020","10:31:03","2","default","115855972","OXY_CH2","65.477","min","183.232","µmol/L","Humid","20.783","deg","80150","µV","29.871","°C","1016.000","hPa","35.3","pmil","0","53.237","deg","23.954","°C","100.000","%a.s.","21.023","deg","23.635","°C","1019.000","hPa","0.861","-0.02617","0.00035","0","0","13.56","Humid","28.00","0","54.00","361527.08","SABD0000000001","AAV1.0.0.11","1.1.2.0","PSt7-10","170328-007","9/30/2017 19:06:43","0000-00","0","no battery","V"
"09/09/2020","10:31:04","2","default","115855972","OXY_CH2","65.494","min","183.136","µmol/L","Humid","20.791","deg","80150","µV","29.864","°C","1016.000","hPa","35.3","pmil","0","53.237","deg","23.954","°C","100.000","%a.s.","21.023","deg","23.635","°C","1019.000","hPa","0.861","-0.02617","0.00035","0","0","13.56","Humid","28.00","0","54.00","361525.79","SABD0000000001","AAV1.0.0.11","1.1.2.0","PSt7-10","170328-007","9/30/2017 19:06:43","0000-00","0","no battery","V"
"09/09/2020","10:31:05","2","default","115855972","OXY_CH2","65.510","min","183.071","µmol/L","Humid","20.789","deg","80151","µV","29.881","°C","1016.000","hPa","35.3","pmil","0","53.237","deg","23.954","°C","100.000","%a.s.","21.023","deg","23.635","°C","1019.000","hPa","0.861","-0.02617","0.00035","0","0","13.56","Humid","28.00","0","54.00","361526.12","SABD0000000001","AAV1.0.0.11","1.1.2.0","PSt7-10","170328-007","9/30/2017 19:06:43","0000-00","0","no battery","V"
"09/09/2020","10:31:06","2","default","115855972","OXY_CH2","65.527","min","183.043","µmol/L","Humid","20.790","deg","80151","µV","29.883","°C","1016.000","hPa","35.3","pmil","0","53.237","deg","23.954","°C","100.000","%a.s.","21.023","deg","23.635","°C","1019.000","hPa","0.861","-0.02617","0.00035","0","0","13.56","Humid","28.00","0","54.00","361533.07","SABD0000000001","AAV1.0.0.11","1.1.2.0","PSt7-10","170328-007","9/30/2017 19:06:43","0000-00","0","no battery","V"
"09/09/2020","10:31:07","2","default","115855972","OXY_CH2","65.544","min","183.105","µmol/L","Humid","20.790","deg","80149","µV","29.872","°C","1016.000","hPa","35.3","pmil","0","53.237","deg","23.954","°C","100.000","%a.s.","21.023","deg","23.635","°C","1019.000","hPa","0.861","-0.02617","0.00035","0","0","13.56","Humid","28.00","0","54.00","361533.32","SABD0000000001","AAV1.0.0.11","1.1.2.0","PSt7-10","170328-007","9/30/2017 19:06:43","0000-00","0","no battery","V"
"09/09/2020","10:31:08","2","default","115855972","OXY_CH2","65.561","min","183.160","µmol/L","Humid","20.787","deg","80146","µV","29.871","°C","1016.000","hPa","35.3","pmil","0","53.237","deg","23.954","°C","100.000","%a.s.","21.023","deg","23.635","°C","1019.000","hPa","0.861","-0.02617","0.00035","0","0","13.56","Humid","28.00","0","54.00","361543.61","SABD0000000001","AAV1.0.0.11","1.1.2.0","PSt7-10","170328-007","9/30/2017 19:06:43","0000-00","0","no battery","V"
"09/09/2020","10:31:09","2","default","115855972","OXY_CH2","65.577","min","183.116","µmol/L","Humid","20.788","deg","80149","µV","29.876","°C","1016.000","hPa","35.3","pmil","0","53.237","deg","23.954","°C","100.000","%a.s.","21.023","deg","23.635","°C","1019.000","hPa","0.861","-0.02617","0.00035","0","0","13.56","Humid","28.00","0","54.00","361539.17","SABD0000000001","AAV1.0.0.11","1.1.2.0","PSt7-10","170328-007","9/30/2017 19:06:43","0000-00","0","no battery","V"
"09/09/2020","10:31:10","2","default","115855972","OXY_CH2","65.594","min","183.026","µmol/L","Humid","20.793","deg","80145","µV","29.877","°C","1016.000","hPa","35.3","pmil","0","53.237","deg","23.954","°C","100.000","%a.s.","21.023","deg","23.635","°C","1019.000","hPa","0.861","-0.02617","0.00035","0","0","13.56","Humid","28.00","0","54.00","361522.81","SABD0000000001","AAV1.0.0.11","1.1.2.0","PSt7-10","170328-007","9/30/2017 19:06:43","0000-00","0","no battery","V"
"09/09/2020","10:31:11","2","default","115855972","OXY_CH2","65.611","min","183.080","µmol/L","Humid","20.791","deg","80144","µV","29.874","°C","1016.000","hPa","35.3","pmil","0","53.237","deg","23.954","°C","100.000","%a.s.","21.023","deg","23.635","°C","1019.000","hPa","0.861","-0.02617","0.00035","0","0","13.56","Humid","28.00","0","54.00","361536.45","SABD0000000001","AAV1.0.0.11","1.1.2.0","PSt7-10","170328-007","9/30/2017 19:06:43","0000-00","0","no battery","V"
"09/09/2020","10:31:12","2","default","115855972","OXY_CH2","65.627","min","183.062","µmol/L","Humid","20.793","deg","80145","µV","29.871","°C","1016.000","hPa","35.3","pmil","0","53.237","deg","23.954","°C","100.000","%a.s.","21.023","deg","23.635","°C","1019.000","hPa","0.861","-0.02617","0.00035","0","0","13.56","Humid","28.00","0","54.00","361524.27","SABD0000000001","AAV1.0.0.11","1.1.2.0","PSt7-10","170328-007","9/30/2017 19:06:43","0000-00","0","no battery","V"
"09/09/2020","10:31:13","2","default","115855972","OXY_CH2","65.644","min","183.196","µmol/L","Humid","20.786","deg","80141","µV","29.868","°C","1016.000","hPa","35.3","pmil","0","53.237","deg","23.954","°C","100.000","%a.s.","21.023","deg","23.635","°C","1019.000","hPa","0.861","-0.02617","0.00035","0","0","13.56","Humid","28.00","0","54.00","361516.06","SABD0000000001","AAV1.0.0.11","1.1.2.0","PSt7-10","170328-007","9/30/2017 19:06:43","0000-00","0","no battery","V"
"09/09/2020","10:31:14","2","default","115855972","OXY_CH2","65.661","min","183.155","µmol/L","Humid","20.789","deg","80141","µV","29.866","°C","1016.000","hPa","35.3","pmil","0","53.237","deg","23.954","°C","100.000","%a.s.","21.023","deg","23.635","°C","1019.000","hPa","0.861","-0.02617","0.00035","0","0","13.56","Humid","28.00","0","54.00","361516.28","SABD0000000001","AAV1.0.0.11","1.1.2.0","PSt7-10","170328-007","9/30/2017 19:06:43","0000-00","0","no battery","V"
"09/09/2020","10:31:15","2","default","115855972","OXY_CH2","65.678","min","183.053","µmol/L","Humid","20.789","deg","80132","µV","29.884","°C","1016.000","hPa","35.3","pmil","0","53.237","deg","23.954","°C","100.000","%a.s.","21.023","deg","23.635","°C","1019.000","hPa","0.861","-0.02617","0.00035","0","0","13.56","Humid","28.00","0","54.00","361526.53","SABD0000000001","AAV1.0.0.11","1.1.2.0","PSt7-10","170328-007","9/30/2017 19:06:43","0000-00","0","no battery","V"
"09/09/2020","10:31:16","2","default","115855972","OXY_CH2","65.694","min","182.995","µmol/L","Humid","20.791","deg","80144","µV","29.888","°C","1016.000","hPa","35.3","pmil","0","53.237","deg","23.954","°C","100.000","%a.s.","21.023","deg","23.635","°C","1019.000","hPa","0.861","-0.02617","0.00035","0","0","13.56","Humid","28.00","0","54.00","361521.44","SABD0000000001","AAV1.0.0.11","1.1.2.0","PSt7-10","170328-007","9/30/2017 19:06:43","0000-00","0","no battery","V"
"09/09/2020","10:31:17","2","default","115855972","OXY_CH2","65.711","min","183.079","µmol/L","Humid","20.790","deg","80135","µV","29.877","°C","1016.000","hPa","35.3","pmil","0","53.237","deg","23.954","°C","100.000","%a.s.","21.023","deg","23.635","°C","1019.000","hPa","0.861","-0.02617","0.00035","0","0","13.56","Humid","28.00","0","54.00","361529.01","SABD0000000001","AAV1.0.0.11","1.1.2.0","PSt7-10","170328-007","9/30/2017 19:06:43","0000-00","0","no battery","V"
"09/09/2020","10:31:18","2","default","115855972","OXY_CH2","65.727","min","183.116","µmol/L","Humid","20.786","deg","80142","µV","29.882","°C","1016.000","hPa","35.3","pmil","0","53.237","deg","23.954","°C","100.000","%a.s.","21.023","deg","23.635","°C","1019.000","hPa","0.861","-0.02617","0.00035","0","0","13.56","Humid","28.00","0","54.00","361516.43","SABD0000000001","AAV1.0.0.11","1.1.2.0","PSt7-10","170328-007","9/30/2017 19:06:43","0000-00","0","no battery","V"
"09/09/2020","10:31:19","2","default","115855972","OXY_CH2","65.744","min","183.107","µmol/L","Humid","20.788","deg","80141","µV","29.878","°C","1016.000","hPa","35.3","pmil","0","53.237","deg","23.954","°C","100.000","%a.s.","21.023","deg","23.635","°C","1019.000","hPa","0.861","-0.02617","0.00035","0","0","13.56","Humid","28.00","0","54.00","361523.32","SABD0000000001","AAV1.0.0.11","1.1.2.0","PSt7-10","170328-007","9/30/2017 19:06:43","0000-00","0","no battery","V"
"09/09/2020","10:31:20","2","default","115855972","OXY_CH2","65.761","min","183.162","µmol/L","Humid","20.786","deg","80135","µV","29.874","°C","1016.000","hPa","35.3","pmil","0","53.237","deg","23.954","°C","100.000","%a.s.","21.023","deg","23.635","°C","1019.000","hPa","0.861","-0.02617","0.00035","0","0","13.56","Humid","28.00","0","54.00","361516.75","SABD0000000001","AAV1.0.0.11","1.1.2.0","PSt7-10","170328-007","9/30/2017 19:06:43","0000-00","0","no battery","V"
"09/09/2020","10:31:21","2","default","115855972","OXY_CH2","65.777","min","183.110","µmol/L","Humid","20.786","deg","80135","µV","29.883","°C","1016.000","hPa","35.3","pmil","0","53.237","deg","23.954","°C","100.000","%a.s.","21.023","deg","23.635","°C","1019.000","hPa","0.861","-0.02617","0.00035","0","0","13.56","Humid","28.00","0","54.00","361506.93","SABD0000000001","AAV1.0.0.11","1.1.2.0","PSt7-10","170328-007","9/30/2017 19:06:43","0000-00","0","no battery","V"
"09/09/2020","10:31:22","2","default","115855972","OXY_CH2","65.794","min","183.110","µmol/L","Humid","20.787","deg","80131","µV","29.880","°C","1016.000","hPa","35.3","pmil","0","53.237","deg","23.954","°C","100.000","%a.s.","21.023","deg","23.635","°C","1019.000","hPa","0.861","-0.02617","0.00035","0","0","13.56","Humid","28.00","0","54.00","361512.50","SABD0000000001","AAV1.0.0.11","1.1.2.0","PSt7-10","170328-007","9/30/2017 19:06:43","0000-00","0","no battery","V"
"09/09/2020","10:31:23","2","default","115855972","OXY_CH2","65.811","min","183.170","µmol/L","Humid","20.789","deg","80128","µV","29.864","°C","1016.000","hPa","35.3","pmil","0","53.237","deg","23.954","°C","100.000","%a.s.","21.023","deg","23.635","°C","1019.000","hPa","0.861","-0.02617","0.00035","0","0","13.56","Humid","28.00","0","54.00","361516.43","SABD0000000001","AAV1.0.0.11","1.1.2.0","PSt7-10","170328-007","9/30/2017 19:06:43","0000-00","0","no battery","V"
"09/09/2020","10:31:24","2","default","115855972","OXY_CH2","65.827","min","183.178","µmol/L","Humid","20.790","deg","80130","µV","29.860","°C","1016.000","hPa","35.3","pmil","0","53.237","deg","23.954","°C","100.000","%a.s.","21.023","deg","23.635","°C","1019.000","hPa","0.861","-0.02617","0.00035","0","0","13.56","Humid","28.00","0","54.00","361498.60","SABD0000000001","AAV1.0.0.11","1.1.2.0","PSt7-10","170328-007","9/30/2017 19:06:43","0000-00","0","no battery","V"
"09/09/2020","10:31:25","2","default","115855972","OXY_CH2","65.844","min","183.102","µmol/L","Humid","20.787","deg","80126","µV","29.881","°C","1016.000","hPa","35.3","pmil","0","53.237","deg","23.954","°C","100.000","%a.s.","21.023","deg","23.635","°C","1019.000","hPa","0.861","-0.02617","0.00035","0","0","13.56","Humid","28.00","0","54.00","361510.65","SABD0000000001","AAV1.0.0.11","1.1.2.0","PSt7-10","170328-007","9/30/2017 19:06:43","0000-00","0","no battery","V"
"09/09/2020","10:31:26","2","default","115855972","OXY_CH2","65.860","min","183.116","µmol/L","Humid","20.786","deg","80127","µV","29.882","°C","1016.000","hPa","35.3","pmil","0","53.237","deg","23.954","°C","100.000","%a.s.","21.023","deg","23.635","°C","1019.000","hPa","0.861","-0.02617","0.00035","0","0","13.56","Humid","28.00","0","54.00","361500.02","SABD0000000001","AAV1.0.0.11","1.1.2.0","PSt7-10","170328-007","9/30/2017 19:06:43","0000-00","0","no battery","V"
"09/09/2020","10:31:27","2","default","115855972","OXY_CH2","65.877","min","183.082","µmol/L","Humid","20.788","deg","80124","µV","29.882","°C","1016.000","hPa","35.3","pmil","0","53.237","deg","23.954","°C","100.000","%a.s.","21.023","deg","23.635","°C","1019.000","hPa","0.861","-0.02617","0.00035","0","0","13.56","Humid","28.00","0","54.00","361510.09","SABD0000000001","AAV1.0.0.11","1.1.2.0","PSt7-10","170328-007","9/30/2017 19:06:43","0000-00","0","no battery","V"
"09/09/2020","10:31:28","2","default","115855972","OXY_CH2","65.894","min","183.115","µmol/L","Humid","20.788","deg","80132","µV","29.876","°C","1016.000","hPa","35.3","pmil","0","53.237","deg","23.954","°C","100.000","%a.s.","21.023","deg","23.635","°C","1019.000","hPa","0.861","-0.02617","0.00035","0","0","13.56","Humid","28.00","0","54.00","361500.63","SABD0000000001","AAV1.0.0.11","1.1.2.0","PSt7-10","170328-007","9/30/2017 19:06:43","0000-00","0","no battery","V"
"09/09/2020","10:31:29","2","default","115855972","OXY_CH2","65.910","min","183.054","µmol/L","Humid","20.788","deg","80122","µV","29.887","°C","1016.000","hPa","35.3","pmil","0","53.237","deg","23.954","°C","100.000","%a.s.","21.023","deg","23.635","°C","1019.000","hPa","0.861","-0.02617","0.00035","0","0","13.56","Humid","28.00","0","54.00","361505.57","SABD0000000001","AAV1.0.0.11","1.1.2.0","PSt7-10","170328-007","9/30/2017 19:06:43","0000-00","0","no battery","V"
"09/09/2020","10:31:30","2","default","115855972","OXY_CH2","65.927","min","183.160","µmol/L","Humid","20.785","deg","80135","µV","29.877","°C","1016.000","hPa","35.3","pmil","0","53.237","deg","23.954","°C","100.000","%a.s.","21.023","deg","23.635","°C","1019.000","hPa","0.861","-0.02617","0.00035","0","0","13.56","Humid","28.00","0","54.00","361525.02","SABD0000000001","AAV1.0.0.11","1.1.2.0","PSt7-10","170328-007","9/30/2017 19:06:43","0000-00","0","no battery","V"
"09/09/2020","10:31:31","2","default","115855972","OXY_CH2","65.944","min","183.088","µmol/L","Humid","20.787","deg","80130","µV","29.884","°C","1016.000","hPa","35.3","pmil","0","53.237","deg","23.954","°C","100.000","%a.s.","21.023","deg","23.635","°C","1019.000","hPa","0.861","-0.02617","0.00035","0","0","13.56","Humid","28.00","0","54.00","361515.79","SABD0000000001","AAV1.0.0.11","1.1.2.0","PSt7-10","170328-007","9/30/2017 19:06:43","0000-00","0","no battery","V"
"09/09/2020","10:31:32","2","default","115855972","OXY_CH2","65.960","min","183.184","µmol/L","Humid","20.784","deg","80131","µV","29.876","°C","1016.000","hPa","35.3","pmil","0","53.237","deg","23.954","°C","100.000","%a.s.","21.023","deg","23.635","°C","1019.000","hPa","0.861","-0.02617","0.00035","0","0","13.56","Humid","28.00","0","54.00","361498.40","SABD0000000001","AAV1.0.0.11","1.1.2.0","PSt7-10","170328-007","9/30/2017 19:06:43","0000-00","0","no battery","V"
"09/09/2020","10:31:33","2","default","115855972","OXY_CH2","65.977","min","183.176","µmol/L","Humid","20.783","deg","80126","µV","29.880","°C","1016.000","hPa","35.3","pmil","0","53.237","deg","23.954","°C","100.000","%a.s.","21.023","deg","23.635","°C","1019.000","hPa","0.861","-0.02617","0.00035","0","0","13.56","Humid","28.00","0","54.00","361510.88","SABD0000000001","AAV1.0.0.11","1.1.2.0","PSt7-10","170328-007","9/30/2017 19:06:43","0000-00","0","no battery","V"
"09/09/2020","10:31:34","2","default","115855972","OXY_CH2","65.994","min","183.181","µmol/L","Humid","20.786","deg","80132","µV","29.871","°C","1016.000","hPa","35.3","pmil","0","53.237","deg","23.954","°C","100.000","%a.s.","21.023","deg","23.635","°C","1019.000","hPa","0.861","-0.02617","0.00035","0","0","13.56","Humid","28.00","0","54.00","361515.85","SABD0000000001","AAV1.0.0.11","1.1.2.0","PSt7-10","170328-007","9/30/2017 19:06:43","0000-00","0","no battery","V"
"09/09/2020","10:31:35","2","default","115855972","OXY_CH2","66.010","min","183.176","µmol/L","Humid","20.784","deg","80122","µV","29.877","°C","1016.000","hPa","35.3","pmil","0","53.237","deg","23.954","°C","100.000","%a.s.","21.023","deg","23.635","°C","1019.000","hPa","0.861","-0.02617","0.00035","0","0","13.56","Humid","28.00","0","54.00","361520.20","SABD0000000001","AAV1.0.0.11","1.1.2.0","PSt7-10","170328-007","9/30/2017 19:06:43","0000-00","0","no battery","V"
"09/09/2020","10:31:36","2","default","115855972","OXY_CH2","66.027","min","183.173","µmol/L","Humid","20.785","deg","80122","µV","29.875","°C","1016.000","hPa","35.3","pmil","0","53.237","deg","23.954","°C","100.000","%a.s.","21.023","deg","23.635","°C","1019.000","hPa","0.861","-0.02617","0.00035","0","0","13.56","Humid","28.00","0","54.00","361508.45","SABD0000000001","AAV1.0.0.11","1.1.2.0","PSt7-10","170328-007","9/30/2017 19:06:43","0000-00","0","no battery","V"
"09/09/2020","10:31:37","2","default","115855972","OXY_CH2","66.044","min","183.198","µmol/L","Humid","20.784","deg","80120","µV","29.874","°C","1016.000","hPa","35.3","pmil","0","53.237","deg","23.954","°C","100.000","%a.s.","21.023","deg","23.635","°C","1019.000","hPa","0.861","-0.02617","0.00035","0","0","13.56","Humid","28.00","0","54.00","361491.63","SABD0000000001","AAV1.0.0.11","1.1.2.0","PSt7-10","170328-007","9/30/2017 19:06:43","0000-00","0","no battery","V"
"09/09/2020","10:31:38","2","default","115855972","OXY_CH2","66.060","min","183.185","µmol/L","Humid","20.784","deg","80129","µV","29.876","°C","1016.000","hPa","35.3","pmil","0","53.237","deg","23.954","°C","100.000","%a.s.","21.023","deg","23.635","°C","1019.000","hPa","0.861","-0.02617","0.00035","0","0","13.56","Humid","28.00","0","54.00","361504.56","SABD0000000001","AAV1.0.0.11","1.1.2.0","PSt7-10","170328-007","9/30/2017 19:06:43","0000-00","0","no battery","V"
"09/09/2020","10:31:39","2","default","115855972","OXY_CH2","66.077","min","183.254","µmol/L","Humid","20.780","deg","80127","µV","29.875","°C","1016.000","hPa","35.3","pmil","0","53.237","deg","23.954","°C","100.000","%a.s.","21.023","deg","23.635","°C","1019.000","hPa","0.861","-0.02617","0.00035","0","0","13.56","Humid","28.00","0","54.00","361497.13","SABD0000000001","AAV1.0.0.11","1.1.2.0","PSt7-10","170328-007","9/30/2017 19:06:43","0000-00","0","no battery","V"
"09/09/2020","10:31:40","2","default","115855972","OXY_CH2","66.094","min","183.181","µmol/L","Humid","20.785","deg","80130","µV","29.874","°C","1016.000","hPa","35.3","pmil","0","53.237","deg","23.954","°C","100.000","%a.s.","21.023","deg","23.635","°C","1019.000","hPa","0.861","-0.02617","0.00035","0","0","13.56","Humid","28.00","0","54.00","361493.56","SABD0000000001","AAV1.0.0.11","1.1.2.0","PSt7-10","170328-007","9/30/2017 19:06:43","0000-00","0","no battery","V"
"09/09/2020","10:31:41","2","default","115855972","OXY_CH2","66.110","min","183.222","µmol/L","Humid","20.783","deg","80118","µV","29.872","°C","1016.000","hPa","35.3","pmil","0","53.237","deg","23.954","°C","100.000","%a.s.","21.023","deg","23.635","°C","1019.000","hPa","0.861","-0.02617","0.00035","0","0","13.56","Humid","28.00","0","54.00","361495.97","SABD0000000001","AAV1.0.0.11","1.1.2.0","PSt7-10","170328-007","9/30/2017 19:06:43","0000-00","0","no battery","V"
"09/09/2020","10:31:42","2","default","115855972","OXY_CH2","66.127","min","183.257","µmol/L","Humid","20.784","deg","80117","µV","29.863","°C","1016.000","hPa","35.3","pmil","0","53.237","deg","23.954","°C","100.000","%a.s.","21.023","deg","23.635","°C","1019.000","hPa","0.861","-0.02617","0.00035","0","0","13.56","Humid","28.00","0","54.00","361501.06","SABD0000000001","AAV1.0.0.11","1.1.2.0","PSt7-10","170328-007","9/30/2017 19:06:43","0000-00","0","no battery","V"
"09/09/2020","10:31:43","2","default","115855972","OXY_CH2","66.144","min","183.097","µmol/L","Humid","20.783","deg","80119","µV","29.894","°C","1016.000","hPa","35.3","pmil","0","53.237","deg","23.954","°C","100.000","%a.s.","21.023","deg","23.635","°C","1019.000","hPa","0.861","-0.02617","0.00035","0","0","13.56","Humid","28.00","0","54.00","361489.82","SABD0000000001","AAV1.0.0.11","1.1.2.0","PSt7-10","170328-007","9/30/2017 19:06:43","0000-00","0","no battery","V"
"09/09/2020","10:31:44","2","default","115855972","OXY_CH2","66.160","min","183.083","µmol/L","Humid","20.784","deg","80119","µV","29.894","°C","1016.000","hPa","35.3","pmil","0","53.237","deg","23.954","°C","100.000","%a.s.","21.023","deg","23.635","°C","1019.000","hPa","0.861","-0.02617","0.00035","0","0","13.56","Humid","28.00","0","54.00","361505.90","SABD0000000001","AAV1.0.0.11","1.1.2.0","PSt7-10","170328-007","9/30/2017 19:06:43","0000-00","0","no battery","V"
"09/09/2020","10:31:45","2","default","115855972","OXY_CH2","66.177","min","183.147","µmol/L","Humid","20.786","deg","80114","µV","29.877","°C","1016.000","hPa","35.3","pmil","0","53.237","deg","23.954","°C","100.000","%a.s.","21.023","deg","23.635","°C","1019.000","hPa","0.861","-0.02617","0.00035","0","0","13.56","Humid","28.00","0","54.00","361499.23","SABD0000000001","AAV1.0.0.11","1.1.2.0","PSt7-10","170328-007","9/30/2017 19:06:43","0000-00","0","no battery","V"
"09/09/2020","10:31:46","2","default","115855972","OXY_CH2","66.194","min","183.189","µmol/L","Humid","20.783","deg","80118","µV","29.878","°C","1016.000","hPa","35.3","pmil","0","53.237","deg","23.954","°C","100.000","%a.s.","21.023","deg","23.635","°C","1019.000","hPa","0.861","-0.02617","0.00035","0","0","13.56","Humid","28.00","0","54.00","361505.82","SABD0000000001","AAV1.0.0.11","1.1.2.0","PSt7-10","170328-007","9/30/2017 19:06:43","0000-00","0","no battery","V"
"09/09/2020","10:31:47","2","default","115855972","OXY_CH2","66.210","min","183.151","µmol/L","Humid","20.783","deg","80119","µV","29.885","°C","1016.000","hPa","35.3","pmil","0","53.237","deg","23.954","°C","100.000","%a.s.","21.023","deg","23.635","°C","1019.000","hPa","0.861","-0.02617","0.00035","0","0","13.56","Humid","28.00","0","54.00","361500.27","SABD0000000001","AAV1.0.0.11","1.1.2.0","PSt7-10","170328-007","9/30/2017 19:06:43","0000-00","0","no battery","V"
"09/09/2020","10:31:48","2","default","115855972","OXY_CH2","66.228","min","183.184","µmol/L","Humid","20.786","deg","80119","µV","29.870","°C","1016.000","hPa","35.3","pmil","0","53.237","deg","23.954","°C","100.000","%a.s.","21.023","deg","23.635","°C","1019.000","hPa","0.861","-0.02617","0.00035","0","0","13.56","Humid","28.00","0","54.00","361499.91","SABD0000000001","AAV1.0.0.11","1.1.2.0","PSt7-10","170328-007","9/30/2017 19:06:43","0000-00","0","no battery","V"
"09/09/2020","10:31:49","2","default","115855972","OXY_CH2","66.244","min","183.171","µmol/L","Humid","20.782","deg","80114","µV","29.884","°C","1016.000","hPa","35.3","pmil","0","53.237","deg","23.954","°C","100.000","%a.s.","21.023","deg","23.635","°C","1019.000","hPa","0.861","-0.02617","0.00035","0","0","13.56","Humid","28.00","0","54.00","361469.64","SABD0000000001","AAV1.0.0.11","1.1.2.0","PSt7-10","170328-007","9/30/2017 19:06:43","0000-00","0","no battery","V"
"09/09/2020","10:31:50","2","default","115855972","OXY_CH2","66.260","min","183.226","µmol/L","Humid","20.783","deg","80116","µV","29.872","°C","1016.000","hPa","35.3","pmil","0","53.237","deg","23.954","°C","100.000","%a.s.","21.023","deg","23.635","°C","1019.000","hPa","0.861","-0.02617","0.00035","0","0","13.56","Humid","28.00","0","54.00","361479.31","SABD0000000001","AAV1.0.0.11","1.1.2.0","PSt7-10","170328-007","9/30/2017 19:06:43","0000-00","0","no battery","V"
"09/09/2020","10:31:51","2","default","115855972","OXY_CH2","66.277","min","183.225","µmol/L","Humid","20.780","deg","80115","µV","29.881","°C","1016.000","hPa","35.3","pmil","0","53.237","deg","23.954","°C","100.000","%a.s.","21.023","deg","23.635","°C","1019.000","hPa","0.861","-0.02617","0.00035","0","0","13.56","Humid","28.00","0","54.00","361495.70","SABD0000000001","AAV1.0.0.11","1.1.2.0","PSt7-10","170328-007","9/30/2017 19:06:43","0000-00","0","no battery","V"
"09/09/2020","10:31:52","2","default","115855972","OXY_CH2","66.294","min","183.130","µmol/L","Humid","20.784","deg","80107","µV","29.885","°C","1016.000","hPa","35.3","pmil","0","53.237","deg","23.954","°C","100.000","%a.s.","21.023","deg","23.635","°C","1019.000","hPa","0.861","-0.02617","0.00035","0","0","13.56","Humid","28.00","0","54.00","361473.47","SABD0000000001","AAV1.0.0.11","1.1.2.0","PSt7-10","170328-007","9/30/2017 19:06:43","0000-00","0","no battery","V"
"09/09/2020","10:31:53","2","default","115855972","OXY_CH2","66.310","min","183.140","µmol/L","Humid","20.780","deg","80109","µV","29.895","°C","1016.000","hPa","35.3","pmil","0","53.237","deg","23.954","°C","100.000","%a.s.","21.023","deg","23.635","°C","1019.000","hPa","0.861","-0.02617","0.00035","0","0","13.56","Humid","28.00","0","54.00","361484.61","SABD0000000001","AAV1.0.0.11","1.1.2.0","PSt7-10","170328-007","9/30/2017 19:06:43","0000-00","0","no battery","V"
"09/09/2020","10:31:54","2","default","115855972","OXY_CH2","66.327","min","183.192","µmol/L","Humid","20.781","deg","80111","µV","29.883","°C","1016.000","hPa","35.3","pmil","0","53.237","deg","23.954","°C","100.000","%a.s.","21.023","deg","23.635","°C","1019.000","hPa","0.861","-0.02617","0.00035","0","0","13.56","Humid","28.00","0","54.00","361484.52","SABD0000000001","AAV1.0.0.11","1.1.2.0","PSt7-10","170328-007","9/30/2017 19:06:43","0000-00","0","no battery","V"
"09/09/2020","10:31:55","2","default","115855972","OXY_CH2","66.344","min","183.182","µmol/L","Humid","20.785","deg","80113","µV","29.873","°C","1016.000","hPa","35.3","pmil","0","53.237","deg","23.954","°C","100.000","%a.s.","21.023","deg","23.635","°C","1019.000","hPa","0.861","-0.02617","0.00035","0","0","13.56","Humid","28.00","0","54.00","361495.87","SABD0000000001","AAV1.0.0.11","1.1.2.0","PSt7-10","170328-007","9/30/2017 19:06:43","0000-00","0","no battery","V"
"09/09/2020","10:31:56","2","default","115855972","OXY_CH2","66.360","min","183.228","µmol/L","Humid","20.780","deg","80112","µV","29.880","°C","1016.000","hPa","35.3","pmil","0","53.237","deg","23.954","°C","100.000","%a.s.","21.023","deg","23.635","°C","1019.000","hPa","0.861","-0.02617","0.00035","0","0","13.56","Humid","28.00","0","54.00","361483.95","SABD0000000001","AAV1.0.0.11","1.1.2.0","PSt7-10","170328-007","9/30/2017 19:06:43","0000-00","0","no battery","V"
"09/09/2020","10:31:57","2","default","115855972","OXY_CH2","66.377","min","183.159","µmol/L","Humid","20.781","deg","80111","µV","29.889","°C","1016.000","hPa","35.3","pmil","0","53.237","deg","23.954","°C","100.000","%a.s.","21.023","deg","23.635","°C","1019.000","hPa","0.861","-0.02617","0.00035","0","0","13.56","Humid","28.00","0","54.00","361487.63","SABD0000000001","AAV1.0.0.11","1.1.2.0","PSt7-10","170328-007","9/30/2017 19:06:43","0000-00","0","no battery","V"
"09/09/2020","10:31:58","2","default","115855972","OXY_CH2","66.394","min","183.192","µmol/L","Humid","20.782","deg","80100","µV","29.880","°C","1016.000","hPa","35.3","pmil","0","53.237","deg","23.954","°C","100.000","%a.s.","21.023","deg","23.635","°C","1019.000","hPa","0.861","-0.02617","0.00035","0","0","13.56","Humid","28.00","0","54.00","361490.41","SABD0000000001","AAV1.0.0.11","1.1.2.0","PSt7-10","170328-007","9/30/2017 19:06:43","0000-00","0","no battery","V"
"09/09/2020","10:31:59","2","default","115855972","OXY_CH2","66.411","min","183.289","µmol/L","Humid","20.778","deg","80112","µV","29.875","°C","1016.000","hPa","35.3","pmil","0","53.237","deg","23.954","°C","100.000","%a.s.","21.023","deg","23.635","°C","1019.000","hPa","0.861","-0.02617","0.00035","0","0","13.56","Humid","28.00","0","54.00","361499.01","SABD0000000001","AAV1.0.0.11","1.1.2.0","PSt7-10","170328-007","9/30/2017 19:06:43","0000-00","0","no battery","V"
"09/09/2020","10:32:00","2","default","115855972","OXY_CH2","66.427","min","183.197","µmol/L","Humid","20.783","deg","80112","µV","29.877","°C","1016.000","hPa","35.3","pmil","0","53.237","deg","23.954","°C","100.000","%a.s.","21.023","deg","23.635","°C","1019.000","hPa","0.861","-0.02617","0.00035","0","0","13.56","Humid","28.00","0","54.00","361474.94","SABD0000000001","AAV1.0.0.11","1.1.2.0","PSt7-10","170328-007","9/30/2017 19:06:43","0000-00","0","no battery","V"
"09/09/2020","10:32:01","2","default","115855972","OXY_CH2","66.444","min","183.250","µmol/L","Humid","20.778","deg","80111","µV","29.882","°C","1016.000","hPa","35.3","pmil","0","53.237","deg","23.954","°C","100.000","%a.s.","21.023","deg","23.635","°C","1019.000","hPa","0.861","-0.02617","0.00035","0","0","13.56","Humid","28.00","0","54.00","361482.89","SABD0000000001","AAV1.0.0.11","1.1.2.0","PSt7-10","170328-007","9/30/2017 19:06:43","0000-00","0","no battery","V"
"09/09/2020","10:32:02","2","default","115855972","OXY_CH2","66.460","min","183.105","µmol/L","Humid","20.784","deg","80107","µV","29.890","°C","1016.000","hPa","35.3","pmil","0","53.237","deg","23.954","°C","100.000","%a.s.","21.023","deg","23.635","°C","1019.000","hPa","0.861","-0.02617","0.00035","0","0","13.56","Humid","28.00","0","54.00","361487.75","SABD0000000001","AAV1.0.0.11","1.1.2.0","PSt7-10","170328-007","9/30/2017 19:06:43","0000-00","0","no battery","V"
"09/09/2020","10:33:38","2","default","115855972","OXY_CH2","68.058","min","183.407","µmol/L","Humid","20.758","deg","80220","µV","29.913","°C","1016.000","hPa","35.3","pmil","0","53.237","deg","23.954","°C","100.000","%a.s.","21.023","deg","23.635","°C","1019.000","hPa","0.861","-0.02617","0.00035","0","0","13.56","Humid","28.00","0","54.00","361849.43","SABD0000000001","AAV1.0.0.11","1.1.2.0","PSt7-10","170328-007","9/30/2017 19:06:43","0000-00","0","no battery","V"
"09/09/2020","10:33:39","2","default","115855972","OXY_CH2","68.078","min","183.405","µmol/L","Humid","20.757","deg","80198","µV","29.916","°C","1016.000","hPa","35.3","pmil","0","53.237","deg","23.954","°C","100.000","%a.s.","21.023","deg","23.635","°C","1019.000","hPa","0.861","-0.02617","0.00035","0","0","13.56","Humid","28.00","0","54.00","361813.26","SABD0000000001","AAV1.0.0.11","1.1.2.0","PSt7-10","170328-007","9/30/2017 19:06:43","0000-00","0","no battery","V"
"09/09/2020","10:33:40","2","default","115855972","OXY_CH2","68.094","min","183.420","µmol/L","Humid","20.756","deg","80191","µV","29.916","°C","1016.000","hPa","35.3","pmil","0","53.237","deg","23.954","°C","100.000","%a.s.","21.023","deg","23.635","°C","1019.000","hPa","0.861","-0.02617","0.00035","0","0","13.56","Humid","28.00","0","54.00","361779.84","SABD0000000001","AAV1.0.0.11","1.1.2.0","PSt7-10","170328-007","9/30/2017 19:06:43","0000-00","0","no battery","V"
"09/09/2020","10:33:41","2","default","115855972","OXY_CH2","68.111","min","183.478","µmol/L","Humid","20.756","deg","80181","µV","29.906","°C","1016.000","hPa","35.3","pmil","0","53.237","deg","23.954","°C","100.000","%a.s.","21.023","deg","23.635","°C","1019.000","hPa","0.861","-0.02617","0.00035","0","0","13.56","Humid","28.00","0","54.00","361754.58","SABD0000000001","AAV1.0.0.11","1.1.2.0","PSt7-10","170328-007","9/30/2017 19:06:43","0000-00","0","no battery","V"
"09/09/2020","10:33:42","2","default","115855972","OXY_CH2","68.127","min","183.454","µmol/L","Humid","20.756","deg","80178","µV","29.910","°C","1016.000","hPa","35.3","pmil","0","53.237","deg","23.954","°C","100.000","%a.s.","21.023","deg","23.635","°C","1019.000","hPa","0.861","-0.02617","0.00035","0","0","13.56","Humid","28.00","0","54.00","361742.14","SABD0000000001","AAV1.0.0.11","1.1.2.0","PSt7-10","170328-007","9/30/2017 19:06:43","0000-00","0","no battery","V"
"09/09/2020","10:33:43","2","default","115855972","OXY_CH2","68.144","min","183.481","µmol/L","Humid","20.759","deg","80172","µV","29.897","°C","1016.000","hPa","35.3","pmil","0","53.237","deg","23.954","°C","100.000","%a.s.","21.023","deg","23.635","°C","1019.000","hPa","0.861","-0.02617","0.00035","0","0","13.56","Humid","28.00","0","54.00","361740.08","SABD0000000001","AAV1.0.0.11","1.1.2.0","PSt7-10","170328-007","9/30/2017 19:06:43","0000-00","0","no battery","V"
"09/09/2020","10:33:44","2","default","115855972","OXY_CH2","68.161","min","183.374","µmol/L","Humid","20.763","deg","80170","µV","29.904","°C","1016.000","hPa","35.3","pmil","0","53.237","deg","23.954","°C","100.000","%a.s.","21.023","deg","23.635","°C","1019.000","hPa","0.861","-0.02617","0.00035","0","0","13.56","Humid","28.00","0","54.00","361730.97","SABD0000000001","AAV1.0.0.11","1.1.2.0","PSt7-10","170328-007","9/30/2017 19:06:43","0000-00","0","no battery","V"
"09/09/2020","10:33:45","2","default","115855972","OXY_CH2","68.179","min","183.424","µmol/L","Humid","20.761","deg","80168","µV","29.901","°C","1016.000","hPa","35.3","pmil","0","53.237","deg","23.954","°C","100.000","%a.s.","21.023","deg","23.635","°C","1019.000","hPa","0.861","-0.02617","0.00035","0","0","13.56","Humid","28.00","0","54.00","361720.92","SABD0000000001","AAV1.0.0.11","1.1.2.0","PSt7-10","170328-007","9/30/2017 19:06:43","0000-00","0","no battery","V"
"09/09/2020","10:33:46","2","default","115855972","OXY_CH2","68.194","min","183.430","µmol/L","Humid","20.761","deg","80169","µV","29.900","°C","1016.000","hPa","35.3","pmil","0","53.237","deg","23.954","°C","100.000","%a.s.","21.023","deg","23.635","°C","1019.000","hPa","0.861","-0.02617","0.00035","0","0","13.56","Humid","28.00","0","54.00","361715.46","SABD0000000001","AAV1.0.0.11","1.1.2.0","PSt7-10","170328-007","9/30/2017 19:06:43","0000-00","0","no battery","V"
"09/09/2020","10:33:47","2","default","115855972","OXY_CH2","68.211","min","183.432","µmol/L","Humid","20.761","deg","80158","µV","29.900","°C","1016.000","hPa","35.3","pmil","0","53.237","deg","23.954","°C","100.000","%a.s.","21.023","deg","23.635","°C","1019.000","hPa","0.861","-0.02617","0.00035","0","0","13.56","Humid","28.00","0","54.00","361708.88","SABD0000000001","AAV1.0.0.11","1.1.2.0","PSt7-10","170328-007","9/30/2017 19:06:43","0000-00","0","no battery","V"
"09/09/2020","10:33:48","2","default","115855972","OXY_CH2","68.228","min","183.397","µmol/L","Humid","20.762","deg","80159","µV","29.903","°C","1016.000","hPa","35.3","pmil","0","53.237","deg","23.954","°C","100.000","%a.s.","21.023","deg","23.635","°C","1019.000","hPa","0.861","-0.02617","0.00035","0","0","13.56","Humid","28.00","0","54.00","361708.89","SABD0000000001","AAV1.0.0.11","1.1.2.0","PSt7-10","170328-007","9/30/2017 19:06:43","0000-00","0","no battery","V"
"09/09/2020","10:33:49","2","default","115855972","OXY_CH2","68.245","min","183.415","µmol/L","Humid","20.762","deg","80157","µV","29.900","°C","1016.000","hPa","35.3","pmil","0","53.237","deg","23.954","°C","100.000","%a.s.","21.023","deg","23.635","°C","1019.000","hPa","0.861","-0.02617","0.00035","0","0","13.56","Humid","28.00","0","54.00","361701.58","SABD0000000001","AAV1.0.0.11","1.1.2.0","PSt7-10","170328-007","9/30/2017 19:06:43","0000-00","0","no battery","V"
"09/09/2020","10:33:50","2","default","115855972","OXY_CH2","68.260","min","183.406","µmol/L","Humid","20.761","deg","80152","µV","29.904","°C","1016.000","hPa","35.3","pmil","0","53.237","deg","23.954","°C","100.000","%a.s.","21.023","deg","23.635","°C","1019.000","hPa","0.861","-0.02617","0.00035","0","0","13.56","Humid","28.00","0","54.00","361690.98","SABD0000000001","AAV1.0.0.11","1.1.2.0","PSt7-10","170328-007","9/30/2017 19:06:43","0000-00","0","no battery","V"
"09/09/2020","10:33:51","2","default","115855972","OXY_CH2","68.277","min","183.519","µmol/L","Humid","20.756","deg","80156","µV","29.899","°C","1016.000","hPa","35.3","pmil","0","53.237","deg","23.954","°C","100.000","%a.s.","21.023","deg","23.635","°C","1019.000","hPa","0.861","-0.02617","0.00035","0","0","13.56","Humid","28.00","0","54.00","361693.61","SABD0000000001","AAV1.0.0.11","1.1.2.0","PSt7-10","170328-007","9/30/2017 19:06:43","0000-00","0","no battery","V"
"09/09/2020","10:33:52","2","default","115855972","OXY_CH2","68.294","min","183.449","µmol/L","Humid","20.757","deg","80148","µV","29.908","°C","1016.000","hPa","35.3","pmil","0","53.237","deg","23.954","°C","100.000","%a.s.","21.023","deg","23.635","°C","1019.000","hPa","0.861","-0.02617","0.00035","0","0","13.56","Humid","28.00","0","54.00","361684.43","SABD0000000001","AAV1.0.0.11","1.1.2.0","PSt7-10","170328-007","9/30/2017 19:06:43","0000-00","0","no battery","V"
"09/09/2020","10:33:53","2","default","115855972","OXY_CH2","68.310","min","183.392","µmol/L","Humid","20.763","deg","80146","µV","29.901","°C","1016.000","hPa","35.3","pmil","0","53.237","deg","23.954","°C","100.000","%a.s.","21.023","deg","23.635","°C","1019.000","hPa","0.861","-0.02617","0.00035","0","0","13.56","Humid","28.00","0","54.00","361684.78","SABD0000000001","AAV1.0.0.11","1.1.2.0","PSt7-10","170328-007","9/30/2017 19:06:43","0000-00","0","no battery","V"
"09/09/2020","10:33:54","2","default","115855972","OXY_CH2","68.328","min","183.453","µmol/L","Humid","20.761","deg","80145","µV","29.896","°C","1016.000","hPa","35.3","pmil","0","53.237","deg","23.954","°C","100.000","%a.s.","21.023","deg","23.635","°C","1019.000","hPa","0.861","-0.02617","0.00035","0","0","13.56","Humid","28.00","0","54.00","361682.47","SABD0000000001","AAV1.0.0.11","1.1.2.0","PSt7-10","170328-007","9/30/2017 19:06:43","0000-00","0","no battery","V"
"09/09/2020","10:33:55","2","default","115855972","OXY_CH2","68.344","min","183.552","µmol/L","Humid","20.755","deg","80141","µV","29.896","°C","1016.000","hPa","35.3","pmil","0","53.237","deg","23.954","°C","100.000","%a.s.","21.023","deg","23.635","°C","1019.000","hPa","0.861","-0.02617","0.00035","0","0","13.56","Humid","28.00","0","54.00","361670.16","SABD0000000001","AAV1.0.0.11","1.1.2.0","PSt7-10","170328-007","9/30/2017 19:06:43","0000-00","0","no battery","V"
"09/09/2020","10:33:56","2","default","115855972","OXY_CH2","68.361","min","183.506","µmol/L","Humid","20.759","deg","80134","µV","29.893","°C","1016.000","hPa","35.3","pmil","0","53.237","deg","23.954","°C","100.000","%a.s.","21.023","deg","23.635","°C","1019.000","hPa","0.861","-0.02617","0.00035","0","0","13.56","Humid","28.00","0","54.00","361689.25","SABD0000000001","AAV1.0.0.11","1.1.2.0","PSt7-10","170328-007","9/30/2017 19:06:43","0000-00","0","no battery","V"
"09/09/2020","10:33:57","2","default","115855972","OXY_CH2","68.377","min","183.433","µmol/L","Humid","20.759","deg","80145","µV","29.905","°C","1016.000","hPa","35.3","pmil","0","53.237","deg","23.954","°C","100.000","%a.s.","21.023","deg","23.635","°C","1019.000","hPa","0.861","-0.02617","0.00035","0","0","13.56","Humid","28.00","0","54.00","361665.80","SABD0000000001","AAV1.0.0.11","1.1.2.0","PSt7-10","170328-007","9/30/2017 19:06:43","0000-00","0","no battery","V"
"09/09/2020","10:33:58","2","default","115855972","OXY_CH2","68.394","min","183.391","µmol/L","Humid","20.756","deg","80136","µV","29.921","°C","1016.000","hPa","35.3","pmil","0","53.237","deg","23.954","°C","100.000","%a.s.","21.023","deg","23.635","°C","1019.000","hPa","0.861","-0.02617","0.00035","0","0","13.56","Humid","28.00","0","54.00","361670.47","SABD0000000001","AAV1.0.0.11","1.1.2.0","PSt7-10","170328-007","9/30/2017 19:06:43","0000-00","0","no battery","V"
"09/09/2020","10:33:59","2","default","115855972","OXY_CH2","68.410","min","183.318","µmol/L","Humid","20.763","deg","80140","µV","29.914","°C","1016.000","hPa","35.3","pmil","0","53.237","deg","23.954","°C","100.000","%a.s.","21.023","deg","23.635","°C","1019.000","hPa","0.861","-0.02617","0.00035","0","0","13.56","Humid","28.00","0","54.00","361673.53","SABD0000000001","AAV1.0.0.11","1.1.2.0","PSt7-10","170328-007","9/30/2017 19:06:43","0000-00","0","no battery","V"
"09/09/2020","10:34:00","2","default","115855972","OXY_CH2","68.427","min","183.434","µmol/L","Humid","20.758","deg","80142","µV","29.908","°C","1016.000","hPa","35.3","pmil","0","53.237","deg","23.954","°C","100.000","%a.s.","21.023","deg","23.635","°C","1019.000","hPa","0.861","-0.02617","0.00035","0","0","13.56","Humid","28.00","0","54.00","361664.18","SABD0000000001","AAV1.0.0.11","1.1.2.0","PSt7-10","170328-007","9/30/2017 19:06:43","0000-00","0","no battery","V"
"09/09/2020","10:34:01","2","default","115855972","OXY_CH2","68.444","min","183.344","µmol/L","Humid","20.762","deg","80137","µV","29.912","°C","1016.000","hPa","35.3","pmil","0","53.237","deg","23.954","°C","100.000","%a.s.","21.023","deg","23.635","°C","1019.000","hPa","0.861","-0.02617","0.00035","0","0","13.56","Humid","28.00","0","54.00","361669.93","SABD0000000001","AAV1.0.0.11","1.1.2.0","PSt7-10","170328-007","9/30/2017 19:06:43","0000-00","0","no battery","V"
"09/09/2020","10:34:02","2","default","115855972","OXY_CH2","68.461","min","183.335","µmol/L","Humid","20.760","deg","80134","µV","29.919","°C","1016.000","hPa","35.3","pmil","0","53.237","deg","23.954","°C","100.000","%a.s.","21.023","deg","23.635","°C","1019.000","hPa","0.861","-0.02617","0.00035","0","0","13.56","Humid","28.00","0","54.00","361660.67","SABD0000000001","AAV1.0.0.11","1.1.2.0","PSt7-10","170328-007","9/30/2017 19:06:43","0000-00","0","no battery","V"
"09/09/2020","10:34:03","2","default","115855972","OXY_CH2","68.477","min","183.485","µmol/L","Humid","20.759","deg","80134","µV","29.896","°C","1016.000","hPa","35.3","pmil","0","53.237","deg","23.954","°C","100.000","%a.s.","21.023","deg","23.635","°C","1019.000","hPa","0.861","-0.02617","0.00035","0","0","13.56","Humid","28.00","0","54.00","361663.54","SABD0000000001","AAV1.0.0.11","1.1.2.0","PSt7-10","170328-007","9/30/2017 19:06:43","0000-00","0","no battery","V"
"09/09/2020","10:34:04","2","default","115855972","OXY_CH2","68.494","min","183.450","µmol/L","Humid","20.758","deg","80130","µV","29.905","°C","1016.000","hPa","35.3","pmil","0","53.237","deg","23.954","°C","100.000","%a.s.","21.023","deg","23.635","°C","1019.000","hPa","0.861","-0.02617","0.00035","0","0","13.56","Humid","28.00","0","54.00","361651.64","SABD0000000001","AAV1.0.0.11","1.1.2.0","PSt7-10","170328-007","9/30/2017 19:06:43","0000-00","0","no battery","V"
"09/09/2020","10:34:05","2","default","115855972","OXY_CH2","68.511","min","183.411","µmol/L","Humid","20.760","deg","80137","µV","29.906","°C","1016.000","hPa","35.3","pmil","0","53.237","deg","23.954","°C","100.000","%a.s.","21.023","deg","23.635","°C","1019.000","hPa","0.861","-0.02617","0.00035","0","0","13.56","Humid","28.00","0","54.00","361665.23","SABD0000000001","AAV1.0.0.11","1.1.2.0","PSt7-10","170328-007","9/30/2017 19:06:43","0000-00","0","no battery","V"
"09/09/2020","10:34:06","2","default","115855972","OXY_CH2","68.527","min","183.443","µmol/L","Humid","20.756","deg","80126","µV","29.912","°C","1016.000","hPa","35.3","pmil","0","53.237","deg","23.954","°C","100.000","%a.s.","21.023","deg","23.635","°C","1019.000","hPa","0.861","-0.02617","0.00035","0","0","13.56","Humid","28.00","0","54.00","361651.39","SABD0000000001","AAV1.0.0.11","1.1.2.0","PSt7-10","170328-007","9/30/2017 19:06:43","0000-00","0","no battery","V"
"09/09/2020","10:34:07","2","default","115855972","OXY_CH2","68.544","min","183.454","µmol/L","Humid","20.755","deg","80128","µV","29.913","°C","1016.000","hPa","35.3","pmil","0","53.237","deg","23.954","°C","100.000","%a.s.","21.023","deg","23.635","°C","1019.000","hPa","0.861","-0.02617","0.00035","0","0","13.56","Humid","28.00","0","54.00","361664.12","SABD0000000001","AAV1.0.0.11","1.1.2.0","PSt7-10","170328-007","9/30/2017 19:06:43","0000-00","0","no battery","V"
"09/09/2020","10:34:08","2","default","115855972","OXY_CH2","68.561","min","183.506","µmol/L","Humid","20.753","deg","80122","µV","29.910","°C","1016.000","hPa","35.3","pmil","0","53.237","deg","23.954","°C","100.000","%a.s.","21.023","deg","23.635","°C","1019.000","hPa","0.861","-0.02617","0.00035","0","0","13.56","Humid","28.00","0","54.00","361659.52","SABD0000000001","AAV1.0.0.11","1.1.2.0","PSt7-10","170328-007","9/30/2017 19:06:43","0000-00","0","no battery","V"
"09/09/2020","10:34:09","2","default","115855972","OXY_CH2","68.577","min","183.450","µmol/L","Humid","20.761","deg","80125","µV","29.896","°C","1016.000","hPa","35.3","pmil","0","53.237","deg","23.954","°C","100.000","%a.s.","21.023","deg","23.635","°C","1019.000","hPa","0.861","-0.02617","0.00035","0","0","13.56","Humid","28.00","0","54.00","361646.70","SABD0000000001","AAV1.0.0.11","1.1.2.0","PSt7-10","170328-007","9/30/2017 19:06:43","0000-00","0","no battery","V"
"09/09/2020","10:34:10","2","default","115855972","OXY_CH2","68.594","min","183.499","µmol/L","Humid","20.757","deg","80117","µV","29.900","°C","1016.000","hPa","35.3","pmil","0","53.237","deg","23.954","°C","100.000","%a.s.","21.023","deg","23.635","°C","1019.000","hPa","0.861","-0.02617","0.00035","0","0","13.56","Humid","28.00","0","54.00","361656.01","SABD0000000001","AAV1.0.0.11","1.1.2.0","PSt7-10","170328-007","9/30/2017 19:06:43","0000-00","0","no battery","V"
"09/09/2020","10:34:11","2","default","115855972","OXY_CH2","68.611","min","183.397","µmol/L","Humid","20.762","deg","80118","µV","29.903","°C","1016.000","hPa","35.3","pmil","0","53.237","deg","23.954","°C","100.000","%a.s.","21.023","deg","23.635","°C","1019.000","hPa","0.861","-0.02617","0.00035","0","0","13.56","Humid","28.00","0","54.00","361657.24","SABD0000000001","AAV1.0.0.11","1.1.2.0","PSt7-10","170328-007","9/30/2017 19:06:43","0000-00","0","no battery","V"
"09/09/2020","10:34:12","2","default","115855972","OXY_CH2","68.627","min","183.504","µmol/L","Humid","20.755","deg","80123","µV","29.904","°C","1016.000","hPa","35.3","pmil","0","53.237","deg","23.954","°C","100.000","%a.s.","21.023","deg","23.635","°C","1019.000","hPa","0.861","-0.02617","0.00035","0","0","13.56","Humid","28.00","0","54.00","361644.78","SABD0000000001","AAV1.0.0.11","1.1.2.0","PSt7-10","170328-007","9/30/2017 19:06:43","0000-00","0","no battery","V"
"09/09/2020","10:34:13","2","default","115855972","OXY_CH2","68.644","min","183.511","µmol/L","Humid","20.757","deg","80119","µV","29.898","°C","1016.000","hPa","35.3","pmil","0","53.237","deg","23.954","°C","100.000","%a.s.","21.023","deg","23.635","°C","1019.000","hPa","0.861","-0.02617","0.00035","0","0","13.56","Humid","28.00","0","54.00","361639.78","SABD0000000001","AAV1.0.0.11","1.1.2.0","PSt7-10","170328-007","9/30/2017 19:06:43","0000-00","0","no battery","V"
"09/09/2020","10:34:14","2","default","115855972","OXY_CH2","68.661","min","183.525","µmol/L","Humid","20.759","deg","80112","µV","29.889","°C","1016.000","hPa","35.3","pmil","0","53.237","deg","23.954","°C","100.000","%a.s.","21.023","deg","23.635","°C","1019.000","hPa","0.861","-0.02617","0.00035","0","0","13.56","Humid","28.00","0","54.00","361643.76","SABD0000000001","AAV1.0.0.11","1.1.2.0","PSt7-10","170328-007","9/30/2017 19:06:43","0000-00","0","no battery","V"
"09/09/2020","10:34:15","2","default","115855972","OXY_CH2","68.678","min","183.443","µmol/L","Humid","20.755","deg","80114","µV","29.915","°C","1016.000","hPa","35.3","pmil","0","53.237","deg","23.954","°C","100.000","%a.s.","21.023","deg","23.635","°C","1019.000","hPa","0.861","-0.02617","0.00035","0","0","13.56","Humid","28.00","0","54.00","361633.50","SABD0000000001","AAV1.0.0.11","1.1.2.0","PSt7-10","170328-007","9/30/2017 19:06:43","0000-00","0","no battery","V"
"09/09/2020","10:34:16","2","default","115855972","OXY_CH2","68.694","min","183.407","µmol/L","Humid","20.757","deg","80110","µV","29.915","°C","1016.000","hPa","35.3","pmil","0","53.237","deg","23.954","°C","100.000","%a.s.","21.023","deg","23.635","°C","1019.000","hPa","0.861","-0.02617","0.00035","0","0","13.56","Humid","28.00","0","54.00","361637.43","SABD0000000001","AAV1.0.0.11","1.1.2.0","PSt7-10","170328-007","9/30/2017 19:06:43","0000-00","0","no battery","V"
"09/09/2020","10:34:17","2","default","115855972","OXY_CH2","68.711","min","183.418","µmol/L","Humid","20.757","deg","80106","µV","29.914","°C","1016.000","hPa","35.3","pmil","0","53.237","deg","23.954","°C","100.000","%a.s.","21.023","deg","23.635","°C","1019.000","hPa","0.861","-0.02617","0.00035","0","0","13.56","Humid","28.00","0","54.00","361637.08","SABD0000000001","AAV1.0.0.11","1.1.2.0","PSt7-10","170328-007","9/30/2017 19:06:43","0000-00","0","no battery","V"
"09/09/2020","10:34:18","2","default","115855972","OXY_CH2","68.728","min","183.335","µmol/L","Humid","20.760","deg","80117","µV","29.919","°C","1016.000","hPa","35.3","pmil","0","53.237","deg","23.954","°C","100.000","%a.s.","21.023","deg","23.635","°C","1019.000","hPa","0.861","-0.02617","0.00035","0","0","13.56","Humid","28.00","0","54.00","361637.34","SABD0000000001","AAV1.0.0.11","1.1.2.0","PSt7-10","170328-007","9/30/2017 19:06:43","0000-00","0","no battery","V"
"09/09/2020","10:34:19","2","default","115855972","OXY_CH2","68.744","min","183.454","µmol/L","Humid","20.755","deg","80100","µV","29.913","°C","1016.000","hPa","35.3","pmil","0","53.237","deg","23.954","°C","100.000","%a.s.","21.023","deg","23.635","°C","1019.000","hPa","0.861","-0.02617","0.00035","0","0","13.56","Humid","28.00","0","54.00","361633.88","SABD0000000001","AAV1.0.0.11","1.1.2.0","PSt7-10","170328-007","9/30/2017 19:06:43","0000-00","0","no battery","V"
"09/09/2020","10:34:20","2","default","115855972","OXY_CH2","68.761","min","183.487","µmol/L","Humid","20.754","deg","80104","µV","29.910","°C","1016.000","hPa","35.3","pmil","0","53.237","deg","23.954","°C","100.000","%a.s.","21.023","deg","23.635","°C","1019.000","hPa","0.861","-0.02617","0.00035","0","0","13.56","Humid","28.00","0","54.00","361638.48","SABD0000000001","AAV1.0.0.11","1.1.2.0","PSt7-10","170328-007","9/30/2017 19:06:43","0000-00","0","no battery","V"
"09/09/2020","10:34:21","2","default","115855972","OXY_CH2","68.778","min","183.388","µmol/L","Humid","20.758","deg","80107","µV","29.916","°C","1016.000","hPa","35.3","pmil","0","53.237","deg","23.954","°C","100.000","%a.s.","21.023","deg","23.635","°C","1019.000","hPa","0.861","-0.02617","0.00035","0","0","13.56","Humid","28.00","0","54.00","361621.17","SABD0000000001","AAV1.0.0.11","1.1.2.0","PSt7-10","170328-007","9/30/2017 19:06:43","0000-00","0","no battery","V"
"09/09/2020","10:34:22","2","default","115855972","OXY_CH2","68.794","min","183.485","µmol/L","Humid","20.758","deg","80107","µV","29.899","°C","1016.000","hPa","35.3","pmil","0","53.237","deg","23.954","°C","100.000","%a.s.","21.023","deg","23.635","°C","1019.000","hPa","0.861","-0.02617","0.00035","0","0","13.56","Humid","28.00","0","54.00","361623.65","SABD0000000001","AAV1.0.0.11","1.1.2.0","PSt7-10","170328-007","9/30/2017 19:06:43","0000-00","0","no battery","V"
"09/09/2020","10:34:23","2","default","115855972","OXY_CH2","68.811","min","183.468","µmol/L","Humid","20.756","deg","80099","µV","29.908","°C","1016.000","hPa","35.3","pmil","0","53.237","deg","23.954","°C","100.000","%a.s.","21.023","deg","23.635","°C","1019.000","hPa","0.861","-0.02617","0.00035","0","0","13.56","Humid","28.00","0","54.00","361616.39","SABD0000000001","AAV1.0.0.11","1.1.2.0","PSt7-10","170328-007","9/30/2017 19:06:43","0000-00","0","no battery","V"
"09/09/2020","10:34:24","2","default","115855972","OXY_CH2","68.828","min","183.471","µmol/L","Humid","20.754","deg","80102","µV","29.913","°C","1016.000","hPa","35.3","pmil","0","53.237","deg","23.954","°C","100.000","%a.s.","21.023","deg","23.635","°C","1019.000","hPa","0.861","-0.02617","0.00035","0","0","13.56","Humid","28.00","0","54.00","361604.85","SABD0000000001","AAV1.0.0.11","1.1.2.0","PSt7-10","170328-007","9/30/2017 19:06:43","0000-00","0","no battery","V"
"09/09/2020","10:34:25","2","default","115855972","OXY_CH2","68.844","min","183.410","µmol/L","Humid","20.757","deg","80094","µV","29.915","°C","1016.000","hPa","35.3","pmil","0","53.237","deg","23.954","°C","100.000","%a.s.","21.023","deg","23.635","°C","1019.000","hPa","0.861","-0.02617","0.00035","0","0","13.56","Humid","28.00","0","54.00","361614.59","SABD0000000001","AAV1.0.0.11","1.1.2.0","PSt7-10","170328-007","9/30/2017 19:06:43","0000-00","0","no battery","V"
"09/09/2020","10:34:26","2","default","115855972","OXY_CH2","68.861","min","183.498","µmol/L","Humid","20.754","deg","80093","µV","29.908","°C","1016.000","hPa","35.3","pmil","0","53.237","deg","23.954","°C","100.000","%a.s.","21.023","deg","23.635","°C","1019.000","hPa","0.861","-0.02617","0.00035","0","0","13.56","Humid","28.00","0","54.00","361602.80","SABD0000000001","AAV1.0.0.11","1.1.2.0","PSt7-10","170328-007","9/30/2017 19:06:43","0000-00","0","no battery","V"
"09/09/2020","10:34:27","2","default","115855972","OXY_CH2","68.878","min","183.490","µmol/L","Humid","20.753","deg","80094","µV","29.913","°C","1016.000","hPa","35.3","pmil","0","53.237","deg","23.954","°C","100.000","%a.s.","21.023","deg","23.635","°C","1019.000","hPa","0.861","-0.02617","0.00035","0","0","13.56","Humid","28.00","0","54.00","361609.00","SABD0000000001","AAV1.0.0.11","1.1.2.0","PSt7-10","170328-007","9/30/2017 19:06:43","0000-00","0","no battery","V"
"09/09/2020","10:34:28","2","default","115855972","OXY_CH2","68.894","min","183.523","µmol/L","Humid","20.754","deg","80091","µV","29.904","°C","1016.000","hPa","35.3","pmil","0","53.237","deg","23.954","°C","100.000","%a.s.","21.023","deg","23.635","°C","1019.000","hPa","0.861","-0.02617","0.00035","0","0","13.56","Humid","28.00","0","54.00","361614.80","SABD0000000001","AAV1.0.0.11","1.1.2.0","PSt7-10","170328-007","9/30/2017 19:06:43","0000-00","0","no battery","V"
"09/09/2020","10:34:29","2","default","115855972","OXY_CH2","68.911","min","183.582","µmol/L","Humid","20.750","deg","80088","µV","29.905","°C","1016.000","hPa","35.3","pmil","0","53.237","deg","23.954","°C","100.000","%a.s.","21.023","deg","23.635","°C","1019.000","hPa","0.861","-0.02617","0.00035","0","0","13.56","Humid","28.00","0","54.00","361607.98","SABD0000000001","AAV1.0.0.11","1.1.2.0","PSt7-10","170328-007","9/30/2017 19:06:43","0000-00","0","no battery","V"
"09/09/2020","10:34:30","2","default","115855972","OXY_CH2","68.928","min","183.491","µmol/L","Humid","20.756","deg","80092","µV","29.904","°C","1016.000","hPa","35.3","pmil","0","53.237","deg","23.954","°C","100.000","%a.s.","21.023","deg","23.635","°C","1019.000","hPa","0.861","-0.02617","0.00035","0","0","13.56","Humid","28.00","0","54.00","361604.07","SABD0000000001","AAV1.0.0.11","1.1.2.0","PSt7-10","170328-007","9/30/2017 19:06:43","0000-00","0","no battery","V"
"09/09/2020","10:34:31","2","default","115855972","OXY_CH2","68.944","min","183.572","µmol/L","Humid","20.753","deg","80090","µV","29.899","°C","1016.000","hPa","35.3","pmil","0","53.237","deg","23.954","°C","100.000","%a.s.","21.023","deg","23.635","°C","1019.000","hPa","0.861","-0.02617","0.00035","0","0","13.56","Humid","28.00","0","54.00","361603.61","SABD0000000001","AAV1.0.0.11","1.1.2.0","PSt7-10","170328-007","9/30/2017 19:06:43","0000-00","0","no battery","V"
"09/09/2020","10:34:32","2","default","115855972","OXY_CH2","68.961","min","183.513","µmol/L","Humid","20.752","deg","80081","µV","29.912","°C","1016.000","hPa","35.3","pmil","0","53.237","deg","23.954","°C","100.000","%a.s.","21.023","deg","23.635","°C","1019.000","hPa","0.861","-0.02617","0.00035","0","0","13.56","Humid","28.00","0","54.00","361599.90","SABD0000000001","AAV1.0.0.11","1.1.2.0","PSt7-10","170328-007","9/30/2017 19:06:43","0000-00","0","no battery","V"
"09/09/2020","10:34:33","2","default","115855972","OXY_CH2","68.977","min","183.557","µmol/L","Humid","20.755","deg","80085","µV","29.895","°C","1016.000","hPa","35.3","pmil","0","53.237","deg","23.954","°C","100.000","%a.s.","21.023","deg","23.635","°C","1019.000","hPa","0.861","-0.02617","0.00035","0","0","13.56","Humid","28.00","0","54.00","361605.79","SABD0000000001","AAV1.0.0.11","1.1.2.0","PSt7-10","170328-007","9/30/2017 19:06:43","0000-00","0","no battery","V"
"09/09/2020","10:34:34","2","default","115855972","OXY_CH2","68.994","min","183.527","µmol/L","Humid","20.750","deg","80085","µV","29.915","°C","1016.000","hPa","35.3","pmil","0","53.237","deg","23.954","°C","100.000","%a.s.","21.023","deg","23.635","°C","1019.000","hPa","0.861","-0.02617","0.00035","0","0","13.56","Humid","28.00","0","54.00","361605.88","SABD0000000001","AAV1.0.0.11","1.1.2.0","PSt7-10","170328-007","9/30/2017 19:06:43","0000-00","0","no battery","V"
"09/09/2020","10:34:35","2","default","115855972","OXY_CH2","69.011","min","183.550","µmol/L","Humid","20.746","deg","80079","µV","29.922","°C","1016.000","hPa","35.3","pmil","0","53.237","deg","23.954","°C","100.000","%a.s.","21.023","deg","23.635","°C","1019.000","hPa","0.861","-0.02617","0.00035","0","0","13.56","Humid","28.00","0","54.00","361607.38","SABD0000000001","AAV1.0.0.11","1.1.2.0","PSt7-10","170328-007","9/30/2017 19:06:43","0000-00","0","no battery","V"
"09/09/2020","10:34:36","2","default","115855972","OXY_CH2","69.027","min","183.436","µmol/L","Humid","20.754","deg","80084","µV","29.919","°C","1016.000","hPa","35.3","pmil","0","53.237","deg","23.954","°C","100.000","%a.s.","21.023","deg","23.635","°C","1019.000","hPa","0.861","-0.02617","0.00035","0","0","13.56","Humid","28.00","0","54.00","361600.26","SABD0000000001","AAV1.0.0.11","1.1.2.0","PSt7-10","170328-007","9/30/2017 19:06:43","0000-00","0","no battery","V"
"09/09/2020","10:34:37","2","default","115855972","OXY_CH2","69.044","min","183.540","µmol/L","Humid","20.753","deg","80079","µV","29.904","°C","1016.000","hPa","35.3","pmil","0","53.237","deg","23.954","°C","100.000","%a.s.","21.023","deg","23.635","°C","1019.000","hPa","0.861","-0.02617","0.00035","0","0","13.56","Humid","28.00","0","54.00","361588.36","SABD0000000001","AAV1.0.0.11","1.1.2.0","PSt7-10","170328-007","9/30/2017 19:06:43","0000-00","0","no battery","V"
"09/09/2020","10:34:38","2","default","115855972","OXY_CH2","69.061","min","183.536","µmol/L","Humid","20.753","deg","80083","µV","29.905","°C","1016.000","hPa","35.3","pmil","0","53.237","deg","23.954","°C","100.000","%a.s.","21.023","deg","23.635","°C","1019.000","hPa","0.861","-0.02617","0.00035","0","0","13.56","Humid","28.00","0","54.00","361601.58","SABD0000000001","AAV1.0.0.11","1.1.2.0","PSt7-10","170328-007","9/30/2017 19:06:43","0000-00","0","no battery","V"
"09/09/2020","10:34:39","2","default","115855972","OXY_CH2","69.077","min","183.530","µmol/L","Humid","20.752","deg","80075","µV","29.909","°C","1016.000","hPa","35.3","pmil","0","53.237","deg","23.954","°C","100.000","%a.s.","21.023","deg","23.635","°C","1019.000","hPa","0.861","-0.02617","0.00035","0","0","13.56","Humid","28.00","0","54.00","361598.91","SABD0000000001","AAV1.0.0.11","1.1.2.0","PSt7-10","170328-007","9/30/2017 19:06:43","0000-00","0","no battery","V"
"09/09/2020","10:34:40","2","default","115855972","OXY_CH2","69.094","min","183.577","µmol/L","Humid","20.748","deg","80071","µV","29.912","°C","1016.000","hPa","35.3","pmil","0","53.237","deg","23.954","°C","100.000","%a.s.","21.023","deg","23.635","°C","1019.000","hPa","0.861","-0.02617","0.00035","0","0","13.56","Humid","28.00","0","54.00","361592.55","SABD0000000001","AAV1.0.0.11","1.1.2.0","PSt7-10","170328-007","9/30/2017 19:06:43","0000-00","0","no battery","V"
"09/09/2020","10:34:41","2","default","115855972","OXY_CH2","69.111","min","183.489","µmol/L","Humid","20.750","deg","80069","µV","29.922","°C","1016.000","hPa","35.3","pmil","0","53.237","deg","23.954","°C","100.000","%a.s.","21.023","deg","23.635","°C","1019.000","hPa","0.861","-0.02617","0.00035","0","0","13.56","Humid","28.00","0","54.00","361581.28","SABD0000000001","AAV1.0.0.11","1.1.2.0","PSt7-10","170328-007","9/30/2017 19:06:43","0000-00","0","no battery","V"
"09/09/2020","10:34:42","2","default","115855972","OXY_CH2","69.127","min","183.713","µmol/L","Humid","20.748","deg","80071","µV","29.889","°C","1016.000","hPa","35.3","pmil","0","53.237","deg","23.954","°C","100.000","%a.s.","21.023","deg","23.635","°C","1019.000","hPa","0.861","-0.02617","0.00035","0","0","13.56","Humid","28.00","0","54.00","361588.42","SABD0000000001","AAV1.0.0.11","1.1.2.0","PSt7-10","170328-007","9/30/2017 19:06:43","0000-00","0","no battery","V"
"09/09/2020","10:34:43","2","default","115855972","OXY_CH2","69.144","min","183.649","µmol/L","Humid","20.748","deg","80074","µV","29.900","°C","1016.000","hPa","35.3","pmil","0","53.237","deg","23.954","°C","100.000","%a.s.","21.023","deg","23.635","°C","1019.000","hPa","0.861","-0.02617","0.00035","0","0","13.56","Humid","28.00","0","54.00","361583.68","SABD0000000001","AAV1.0.0.11","1.1.2.0","PSt7-10","170328-007","9/30/2017 19:06:43","0000-00","0","no battery","V"
"09/09/2020","10:34:44","2","default","115855972","OXY_CH2","69.160","min","183.743","µmol/L","Humid","20.743","deg","80059","µV","29.898","°C","1016.000","hPa","35.3","pmil","0","53.237","deg","23.954","°C","100.000","%a.s.","21.023","deg","23.635","°C","1019.000","hPa","0.861","-0.02617","0.00035","0","0","13.56","Humid","28.00","0","54.00","361562.19","SABD0000000001","AAV1.0.0.11","1.1.2.0","PSt7-10","170328-007","9/30/2017 19:06:43","0000-00","0","no battery","V"
"09/09/2020","10:34:45","2","default","115855972","OXY_CH2","69.178","min","183.543","µmol/L","Humid","20.752","deg","80065","µV","29.906","°C","1016.000","hPa","35.3","pmil","0","53.237","deg","23.954","°C","100.000","%a.s.","21.023","deg","23.635","°C","1019.000","hPa","0.861","-0.02617","0.00035","0","0","13.56","Humid","28.00","0","54.00","361582.90","SABD0000000001","AAV1.0.0.11","1.1.2.0","PSt7-10","170328-007","9/30/2017 19:06:43","0000-00","0","no battery","V"
"09/09/2020","10:34:46","2","default","115855972","OXY_CH2","69.194","min","183.477","µmol/L","Humid","20.756","deg","80063","µV","29.906","°C","1016.000","hPa","35.3","pmil","0","53.237","deg","23.954","°C","100.000","%a.s.","21.023","deg","23.635","°C","1019.000","hPa","0.861","-0.02617","0.00035","0","0","13.56","Humid","28.00","0","54.00","361575.08","SABD0000000001","AAV1.0.0.11","1.1.2.0","PSt7-10","170328-007","9/30/2017 19:06:43","0000-00","0","no battery","V"
"09/09/2020","10:34:47","2","default","115855972","OXY_CH2","69.211","min","183.585","µmol/L","Humid","20.748","deg","80060","µV","29.911","°C","1016.000","hPa","35.3","pmil","0","53.237","deg","23.954","°C","100.000","%a.s.","21.023","deg","23.635","°C","1019.000","hPa","0.861","-0.02617","0.00035","0","0","13.56","Humid","28.00","0","54.00","361575.33","SABD0000000001","AAV1.0.0.11","1.1.2.0","PSt7-10","170328-007","9/30/2017 19:06:43","0000-00","0","no battery","V"
"09/09/2020","10:34:48","2","default","115855972","OXY_CH2","69.227","min","183.673","µmol/L","Humid","20.746","deg","80054","µV","29.901","°C","1016.000","hPa","35.3","pmil","0","53.237","deg","23.954","°C","100.000","%a.s.","21.023","deg","23.635","°C","1019.000","hPa","0.861","-0.02617","0.00035","0","0","13.56","Humid","28.00","0","54.00","361585.98","SABD0000000001","AAV1.0.0.11","1.1.2.0","PSt7-10","170328-007","9/30/2017 19:06:43","0000-00","0","no battery","V"
"09/09/2020","10:34:49","2","default","115855972","OXY_CH2","69.244","min","183.546","µmol/L","Humid","20.752","deg","80051","µV","29.906","°C","1016.000","hPa","35.3","pmil","0","53.237","deg","23.954","°C","100.000","%a.s.","21.023","deg","23.635","°C","1019.000","hPa","0.861","-0.02617","0.00035","0","0","13.56","Humid","28.00","0","54.00","361572.00","SABD0000000001","AAV1.0.0.11","1.1.2.0","PSt7-10","170328-007","9/30/2017 19:06:43","0000-00","0","no battery","V"
"09/09/2020","10:34:50","2","default","115855972","OXY_CH2","69.260","min","183.595","µmol/L","Humid","20.748","deg","80056","µV","29.909","°C","1016.000","hPa","35.3","pmil","0","53.237","deg","23.954","°C","100.000","%a.s.","21.023","deg","23.635","°C","1019.000","hPa","0.861","-0.02617","0.00035","0","0","13.56","Humid","28.00","0","54.00","361565.92","SABD0000000001","AAV1.0.0.11","1.1.2.0","PSt7-10","170328-007","9/30/2017 19:06:43","0000-00","0","no battery","V"
"09/09/2020","10:34:51","2","default","115855972","OXY_CH2","69.277","min","183.635","µmol/L","Humid","20.749","deg","80059","µV","29.899","°C","1016.000","hPa","35.3","pmil","0","53.237","deg","23.954","°C","100.000","%a.s.","21.023","deg","23.635","°C","1019.000","hPa","0.861","-0.02617","0.00035","0","0","13.56","Humid","28.00","0","54.00","361582.04","SABD0000000001","AAV1.0.0.11","1.1.2.0","PSt7-10","170328-007","9/30/2017 19:06:43","0000-00","0","no battery","V"
"09/09/2020","10:34:52","2","default","115855972","OXY_CH2","69.294","min","183.603","µmol/L","Humid","20.752","deg","80056","µV","29.896","°C","1016.000","hPa","35.3","pmil","0","53.237","deg","23.954","°C","100.000","%a.s.","21.023","deg","23.635","°C","1019.000","hPa","0.861","-0.02617","0.00035","0","0","13.56","Humid","28.00","0","54.00","361576.54","SABD0000000001","AAV1.0.0.11","1.1.2.0","PSt7-10","170328-007","9/30/2017 19:06:43","0000-00","0","no battery","V"
"09/09/2020","10:34:53","2","default","115855972","OXY_CH2","69.311","min","183.671","µmol/L","Humid","20.743","deg","80055","µV","29.910","°C","1016.000","hPa","35.3","pmil","0","53.237","deg","23.954","°C","100.000","%a.s.","21.023","deg","23.635","°C","1019.000","hPa","0.861","-0.02617","0.00035","0","0","13.56","Humid","28.00","0","54.00","361564.64","SABD0000000001","AAV1.0.0.11","1.1.2.0","PSt7-10","170328-007","9/30/2017 19:06:43","0000-00","0","no battery","V"
"09/09/2020","10:34:54","2","default","115855972","OXY_CH2","69.328","min","183.563","µmol/L","Humid","20.747","deg","80050","µV","29.917","°C","1016.000","hPa","35.3","pmil","0","53.237","deg","23.954","°C","100.000","%a.s.","21.023","deg","23.635","°C","1019.000","hPa","0.861","-0.02617","0.00035","0","0","13.56","Humid","28.00","0","54.00","361567.83","SABD0000000001","AAV1.0.0.11","1.1.2.0","PSt7-10","170328-007","9/30/2017 19:06:43","0000-00","0","no battery","V"
"09/09/2020","10:34:55","2","default","115855972","OXY_CH2","69.344","min","183.507","µmol/L","Humid","20.750","deg","80049","µV","29.918","°C","1016.000","hPa","35.3","pmil","0","53.237","deg","23.954","°C","100.000","%a.s.","21.023","deg","23.635","°C","1019.000","hPa","0.861","-0.02617","0.00035","0","0","13.56","Humid","28.00","0","54.00","361546.63","SABD0000000001","AAV1.0.0.11","1.1.2.0","PSt7-10","170328-007","9/30/2017 19:06:43","0000-00","0","no battery","V"
"09/09/2020","10:34:56","2","default","115855972","OXY_CH2","69.361","min","183.515","µmol/L","Humid","20.750","deg","80042","µV","29.917","°C","1016.000","hPa","35.3","pmil","0","53.237","deg","23.954","°C","100.000","%a.s.","21.023","deg","23.635","°C","1019.000","hPa","0.861","-0.02617","0.00035","0","0","13.56","Humid","28.00","0","54.00","361553.39","SABD0000000001","AAV1.0.0.11","1.1.2.0","PSt7-10","170328-007","9/30/2017 19:06:43","0000-00","0","no battery","V"
"09/09/2020","10:34:57","2","default","115855972","OXY_CH2","69.377","min","183.605","µmol/L","Humid","20.746","deg","80047","µV","29.913","°C","1016.000","hPa","35.3","pmil","0","53.237","deg","23.954","°C","100.000","%a.s.","21.023","deg","23.635","°C","1019.000","hPa","0.861","-0.02617","0.00035","0","0","13.56","Humid","28.00","0","54.00","361557.90","SABD0000000001","AAV1.0.0.11","1.1.2.0","PSt7-10","170328-007","9/30/2017 19:06:43","0000-00","0","no battery","V"
"09/09/2020","10:34:58","2","default","115855972","OXY_CH2","69.394","min","183.584","µmol/L","Humid","20.748","deg","80047","µV","29.911","°C","1016.000","hPa","35.3","pmil","0","53.237","deg","23.954","°C","100.000","%a.s.","21.023","deg","23.635","°C","1019.000","hPa","0.861","-0.02617","0.00035","0","0","13.56","Humid","28.00","0","54.00","361554.72","SABD0000000001","AAV1.0.0.11","1.1.2.0","PSt7-10","170328-007","9/30/2017 19:06:43","0000-00","0","no battery","V"
"09/09/2020","10:34:59","2","default","115855972","OXY_CH2","69.411","min","183.546","µmol/L","Humid","20.745","deg","80052","µV","29.926","°C","1016.000","hPa","35.3","pmil","0","53.237","deg","23.954","°C","100.000","%a.s.","21.023","deg","23.635","°C","1019.000","hPa","0.861","-0.02617","0.00035","0","0","13.56","Humid","28.00","0","54.00","361559.05","SABD0000000001","AAV1.0.0.11","1.1.2.0","PSt7-10","170328-007","9/30/2017 19:06:43","0000-00","0","no battery","V"
"09/09/2020","10:35:00","2","default","115855972","OXY_CH2","69.427","min","183.712","µmol/L","Humid","20.743","deg","80052","µV","29.903","°C","1016.000","hPa","35.3","pmil","0","53.237","deg","23.954","°C","100.000","%a.s.","21.023","deg","23.635","°C","1019.000","hPa","0.861","-0.02617","0.00035","0","0","13.56","Humid","28.00","0","54.00","361548.97","SABD0000000001","AAV1.0.0.11","1.1.2.0","PSt7-10","170328-007","9/30/2017 19:06:43","0000-00","0","no battery","V"
"09/09/2020","10:35:01","2","default","115855972","OXY_CH2","69.444","min","183.610","µmol/L","Humid","20.744","deg","80043","µV","29.918","°C","1016.000","hPa","35.3","pmil","0","53.237","deg","23.954","°C","100.000","%a.s.","21.023","deg","23.635","°C","1019.000","hPa","0.861","-0.02617","0.00035","0","0","13.56","Humid","28.00","0","54.00","361541.62","SABD0000000001","AAV1.0.0.11","1.1.2.0","PSt7-10","170328-007","9/30/2017 19:06:43","0000-00","0","no battery","V"
"09/09/2020","10:35:02","2","default","115855972","OXY_CH2","69.461","min","183.504","µmol/L","Humid","20.751","deg","80039","µV","29.916","°C","1016.000","hPa","35.3","pmil","0","53.237","deg","23.954","°C","100.000","%a.s.","21.023","deg","23.635","°C","1019.000","hPa","0.861","-0.02617","0.00035","0","0","13.56","Humid","28.00","0","54.00","361551.13","SABD0000000001","AAV1.0.0.11","1.1.2.0","PSt7-10","170328-007","9/30/2017 19:06:43","0000-00","0","no battery","V"
"09/09/2020","10:35:03","2","default","115855972","OXY_CH2","69.477","min","183.516","µmol/L","Humid","20.748","deg","80047","µV","29.923","°C","1016.000","hPa","35.3","pmil","0","53.237","deg","23.954","°C","100.000","%a.s.","21.023","deg","23.635","°C","1019.000","hPa","0.861","-0.02617","0.00035","0","0","13.56","Humid","28.00","0","54.00","361545.58","SABD0000000001","AAV1.0.0.11","1.1.2.0","PSt7-10","170328-007","9/30/2017 19:06:43","0000-00","0","no battery","V"
"09/09/2020","10:35:04","2","default","115855972","OXY_CH2","69.494","min","183.457","µmol/L","Humid","20.753","deg","80040","µV","29.918","°C","1016.000","hPa","35.3","pmil","0","53.237","deg","23.954","°C","100.000","%a.s.","21.023","deg","23.635","°C","1019.000","hPa","0.861","-0.02617","0.00035","0","0","13.56","Humid","28.00","0","54.00","361542.14","SABD0000000001","AAV1.0.0.11","1.1.2.0","PSt7-10","170328-007","9/30/2017 19:06:43","0000-00","0","no battery","V"
"09/09/2020","10:35:05","2","default","115855972","OXY_CH2","69.510","min","183.587","µmol/L","Humid","20.746","deg","80037","µV","29.916","°C","1016.000","hPa","35.3","pmil","0","53.237","deg","23.954","°C","100.000","%a.s.","21.023","deg","23.635","°C","1019.000","hPa","0.861","-0.02617","0.00035","0","0","13.56","Humid","28.00","0","54.00","361539.47","SABD0000000001","AAV1.0.0.11","1.1.2.0","PSt7-10","170328-007","9/30/2017 19:06:43","0000-00","0","no battery","V"
"09/09/2020","10:35:06","2","default","115855972","OXY_CH2","69.527","min","183.623","µmol/L","Humid","20.747","deg","80036","µV","29.907","°C","1016.000","hPa","35.3","pmil","0","53.237","deg","23.954","°C","100.000","%a.s.","21.023","deg","23.635","°C","1019.000","hPa","0.861","-0.02617","0.00035","0","0","13.56","Humid","28.00","0","54.00","361544.92","SABD0000000001","AAV1.0.0.11","1.1.2.0","PSt7-10","170328-007","9/30/2017 19:06:43","0000-00","0","no battery","V"
"09/09/2020","10:35:07","2","default","115855972","OXY_CH2","69.544","min","183.621","µmol/L","Humid","20.746","deg","80043","µV","29.910","°C","1016.000","hPa","35.3","pmil","0","53.237","deg","23.954","°C","100.000","%a.s.","21.023","deg","23.635","°C","1019.000","hPa","0.861","-0.02617","0.00035","0","0","13.56","Humid","28.00","0","54.00","361544.21","SABD0000000001","AAV1.0.0.11","1.1.2.0","PSt7-10","170328-007","9/30/2017 19:06:43","0000-00","0","no battery","V"
"09/09/2020","10:35:08","2","default","115855972","OXY_CH2","69.561","min","183.726","µmol/L","Humid","20.742","deg","80036","µV","29.904","°C","1016.000","hPa","35.3","pmil","0","53.237","deg","23.954","°C","100.000","%a.s.","21.023","deg","23.635","°C","1019.000","hPa","0.861","-0.02617","0.00035","0","0","13.56","Humid","28.00","0","54.00","361545.55","SABD0000000001","AAV1.0.0.11","1.1.2.0","PSt7-10","170328-007","9/30/2017 19:06:43","0000-00","0","no battery","V"
"09/09/2020","10:35:09","2","default","115855972","OXY_CH2","69.577","min","183.527","µmol/L","Humid","20.748","deg","80033","µV","29.921","°C","1016.000","hPa","35.3","pmil","0","53.237","deg","23.954","°C","100.000","%a.s.","21.023","deg","23.635","°C","1019.000","hPa","0.861","-0.02617","0.00035","0","0","13.56","Humid","28.00","0","54.00","361549.05","SABD0000000001","AAV1.0.0.11","1.1.2.0","PSt7-10","170328-007","9/30/2017 19:06:43","0000-00","0","no battery","V"
"09/09/2020","10:35:10","2","default","115855972","OXY_CH2","69.594","min","183.798","µmol/L","Humid","20.739","deg","80026","µV","29.900","°C","1016.000","hPa","35.3","pmil","0","53.237","deg","23.954","°C","100.000","%a.s.","21.023","deg","23.635","°C","1019.000","hPa","0.861","-0.02617","0.00035","0","0","13.56","Humid","28.00","0","54.00","361541.64","SABD0000000001","AAV1.0.0.11","1.1.2.0","PSt7-10","170328-007","9/30/2017 19:06:43","0000-00","0","no battery","V"
"09/09/2020","10:35:11","2","default","115855972","OXY_CH2","69.610","min","183.704","µmol/L","Humid","20.740","deg","80032","µV","29.913","°C","1016.000","hPa","35.3","pmil","0","53.237","deg","23.954","°C","100.000","%a.s.","21.023","deg","23.635","°C","1019.000","hPa","0.861","-0.02617","0.00035","0","0","13.56","Humid","28.00","0","54.00","361522.68","SABD0000000001","AAV1.0.0.11","1.1.2.0","PSt7-10","170328-007","9/30/2017 19:06:43","0000-00","0","no battery","V"
"09/09/2020","10:35:12","2","default","115855972","OXY_CH2","69.627","min","183.634","µmol/L","Humid","20.741","deg","80025","µV","29.923","°C","1016.000","hPa","35.3","pmil","0","53.237","deg","23.954","°C","100.000","%a.s.","21.023","deg","23.635","°C","1019.000","hPa","0.861","-0.02617","0.00035","0","0","13.56","Humid","28.00","0","54.00","361529.77","SABD0000000001","AAV1.0.0.11","1.1.2.0","PSt7-10","170328-007","9/30/2017 19:06:43","0000-00","0","no battery","V"
"09/09/2020","10:35:13","2","default","115855972","OXY_CH2","69.644","min","183.629","µmol/L","Humid","20.742","deg","80028","µV","29.920","°C","1016.000","hPa","35.3","pmil","0","53.237","deg","23.954","°C","100.000","%a.s.","21.023","deg","23.635","°C","1019.000","hPa","0.861","-0.02617","0.00035","0","0","13.56","Humid","28.00","0","54.00","361529.14","SABD0000000001","AAV1.0.0.11","1.1.2.0","PSt7-10","170328-007","9/30/2017 19:06:43","0000-00","0","no battery","V"
"09/09/2020","10:35:14","2","default","115855972","OXY_CH2","69.660","min","183.524","µmol/L","Humid","20.747","deg","80023","µV","29.924","°C","1016.000","hPa","35.3","pmil","0","53.237","deg","23.954","°C","100.000","%a.s.","21.023","deg","23.635","°C","1019.000","hPa","0.861","-0.02617","0.00035","0","0","13.56","Humid","28.00","0","54.00","361522.69","SABD0000000001","AAV1.0.0.11","1.1.2.0","PSt7-10","170328-007","9/30/2017 19:06:43","0000-00","0","no battery","V"
"09/09/2020","10:35:15","2","default","115855972","OXY_CH2","69.677","min","183.634","µmol/L","Humid","20.740","deg","80025","µV","29.925","°C","1016.000","hPa","35.3","pmil","0","53.237","deg","23.954","°C","100.000","%a.s.","21.023","deg","23.635","°C","1019.000","hPa","0.861","-0.02617","0.00035","0","0","13.56","Humid","28.00","0","54.00","361526.61","SABD0000000001","AAV1.0.0.11","1.1.2.0","PSt7-10","170328-007","9/30/2017 19:06:43","0000-00","0","no battery","V"
"09/09/2020","10:35:16","2","default","115855972","OXY_CH2","69.694","min","183.599","µmol/L","Humid","20.744","deg","80017","µV","29.920","°C","1016.000","hPa","35.3","pmil","0","53.237","deg","23.954","°C","100.000","%a.s.","21.023","deg","23.635","°C","1019.000","hPa","0.861","-0.02617","0.00035","0","0","13.56","Humid","28.00","0","54.00","361540.60","SABD0000000001","AAV1.0.0.11","1.1.2.0","PSt7-10","170328-007","9/30/2017 19:06:43","0000-00","0","no battery","V"
"09/09/2020","10:35:17","2","default","115855972","OXY_CH2","69.711","min","183.622","µmol/L","Humid","20.744","deg","80023","µV","29.916","°C","1016.000","hPa","35.3","pmil","0","53.237","deg","23.954","°C","100.000","%a.s.","21.023","deg","23.635","°C","1019.000","hPa","0.861","-0.02617","0.00035","0","0","13.56","Humid","28.00","0","54.00","361530.35","SABD0000000001","AAV1.0.0.11","1.1.2.0","PSt7-10","170328-007","9/30/2017 19:06:43","0000-00","0","no battery","V"
"09/09/2020","10:35:18","2","default","115855972","OXY_CH2","69.728","min","183.601","µmol/L","Humid","20.745","deg","80014","µV","29.917","°C","1016.000","hPa","35.3","pmil","0","53.237","deg","23.954","°C","100.000","%a.s.","21.023","deg","23.635","°C","1019.000","hPa","0.861","-0.02617","0.00035","0","0","13.56","Humid","28.00","0","54.00","361540.19","SABD0000000001","AAV1.0.0.11","1.1.2.0","PSt7-10","170328-007","9/30/2017 19:06:43","0000-00","0","no battery","V"
"09/09/2020","10:35:19","2","default","115855972","OXY_CH2","69.744","min","183.662","µmol/L","Humid","20.741","deg","80013","µV","29.918","°C","1016.000","hPa","35.3","pmil","0","53.237","deg","23.954","°C","100.000","%a.s.","21.023","deg","23.635","°C","1019.000","hPa","0.861","-0.02617","0.00035","0","0","13.56","Humid","28.00","0","54.00","361527.02","SABD0000000001","AAV1.0.0.11","1.1.2.0","PSt7-10","170328-007","9/30/2017 19:06:43","0000-00","0","no battery","V"
"09/09/2020","10:35:20","2","default","115855972","OXY_CH2","69.761","min","183.614","µmol/L","Humid","20.745","deg","80015","µV","29.914","°C","1016.000","hPa","35.3","pmil","0","53.237","deg","23.954","°C","100.000","%a.s.","21.023","deg","23.635","°C","1019.000","hPa","0.861","-0.02617","0.00035","0","0","13.56","Humid","28.00","0","54.00","361527.16","SABD0000000001","AAV1.0.0.11","1.1.2.0","PSt7-10","170328-007","9/30/2017 19:06:43","0000-00","0","no battery","V"
"09/09/2020","10:35:21","2","default","115855972","OXY_CH2","69.777","min","183.719","µmol/L","Humid","20.739","deg","80014","µV","29.914","°C","1016.000","hPa","35.3","pmil","0","53.237","deg","23.954","°C","100.000","%a.s.","21.023","deg","23.635","°C","1019.000","hPa","0.861","-0.02617","0.00035","0","0","13.56","Humid","28.00","0","54.00","361524.53","SABD0000000001","AAV1.0.0.11","1.1.2.0","PSt7-10","170328-007","9/30/2017 19:06:43","0000-00","0","no battery","V"
"09/09/2020","10:35:22","2","default","115855972","OXY_CH2","69.794","min","183.636","µmol/L","Humid","20.743","deg","80013","µV","29.916","°C","1016.000","hPa","35.3","pmil","0","53.237","deg","23.954","°C","100.000","%a.s.","21.023","deg","23.635","°C","1019.000","hPa","0.861","-0.02617","0.00035","0","0","13.56","Humid","28.00","0","54.00","361529.42","SABD0000000001","AAV1.0.0.11","1.1.2.0","PSt7-10","170328-007","9/30/2017 19:06:43","0000-00","0","no battery","V"
"09/09/2020","10:35:23","2","default","115855972","OXY_CH2","69.811","min","183.585","µmol/L","Humid","20.743","deg","80007","µV","29.925","°C","1016.000","hPa","35.3","pmil","0","53.237","deg","23.954","°C","100.000","%a.s.","21.023","deg","23.635","°C","1019.000","hPa","0.861","-0.02617","0.00035","0","0","13.56","Humid","28.00","0","54.00","361521.47","SABD0000000001","AAV1.0.0.11","1.1.2.0","PSt7-10","170328-007","9/30/2017 19:06:43","0000-00","0","no battery","V"
"09/09/2020","10:35:24","2","default","115855972","OXY_CH2","69.827","min","183.642","µmol/L","Humid","20.744","deg","80009","µV","29.913","°C","1016.000","hPa","35.3","pmil","0","53.237","deg","23.954","°C","100.000","%a.s.","21.023","deg","23.635","°C","1019.000","hPa","0.861","-0.02617","0.00035","0","0","13.56","Humid","28.00","0","54.00","361526.72","SABD0000000001","AAV1.0.0.11","1.1.2.0","PSt7-10","170328-007","9/30/2017 19:06:43","0000-00","0","no battery","V"
"09/09/2020","10:35:25","2","default","115855972","OXY_CH2","69.844","min","183.667","µmol/L","Humid","20.740","deg","80006","µV","29.920","°C","1016.000","hPa","35.3","pmil","0","53.237","deg","23.954","°C","100.000","%a.s.","21.023","deg","23.635","°C","1019.000","hPa","0.861","-0.02617","0.00035","0","0","13.56","Humid","28.00","0","54.00","361507.67","SABD0000000001","AAV1.0.0.11","1.1.2.0","PSt7-10","170328-007","9/30/2017 19:06:43","0000-00","0","no battery","V"
"09/09/2020","10:35:26","2","default","115855972","OXY_CH2","69.861","min","183.672","µmol/L","Humid","20.744","deg","80011","µV","29.907","°C","1016.000","hPa","35.3","pmil","0","53.237","deg","23.954","°C","100.000","%a.s.","21.023","deg","23.635","°C","1019.000","hPa","0.861","-0.02617","0.00035","0","0","13.56","Humid","28.00","0","54.00","361520.26","SABD0000000001","AAV1.0.0.11","1.1.2.0","PSt7-10","170328-007","9/30/2017 19:06:43","0000-00","0","no battery","V"
"09/09/2020","10:35:27","2","default","115855972","OXY_CH2","69.878","min","183.686","µmol/L","Humid","20.741","deg","80011","µV","29.914","°C","1016.000","hPa","35.3","pmil","0","53.237","deg","23.954","°C","100.000","%a.s.","21.023","deg","23.635","°C","1019.000","hPa","0.861","-0.02617","0.00035","0","0","13.56","Humid","28.00","0","54.00","361512.40","SABD0000000001","AAV1.0.0.11","1.1.2.0","PSt7-10","170328-007","9/30/2017 19:06:43","0000-00","0","no battery","V"
"09/09/2020","10:35:28","2","default","115855972","OXY_CH2","69.894","min","183.649","µmol/L","Humid","20.740","deg","80008","µV","29.923","°C","1016.000","hPa","35.3","pmil","0","53.237","deg","23.954","°C","100.000","%a.s.","21.023","deg","23.635","°C","1019.000","hPa","0.861","-0.02617","0.00035","0","0","13.56","Humid","28.00","0","54.00","361515.93","SABD0000000001","AAV1.0.0.11","1.1.2.0","PSt7-10","170328-007","9/30/2017 19:06:43","0000-00","0","no battery","V"
"09/09/2020","10:35:29","2","default","115855972","OXY_CH2","69.911","min","183.760","µmol/L","Humid","20.739","deg","80008","µV","29.907","°C","1016.000","hPa","35.3","pmil","0","53.237","deg","23.954","°C","100.000","%a.s.","21.023","deg","23.635","°C","1019.000","hPa","0.861","-0.02617","0.00035","0","0","13.56","Humid","28.00","0","54.00","361514.50","SABD0000000001","AAV1.0.0.11","1.1.2.0","PSt7-10","170328-007","9/30/2017 19:06:43","0000-00","0","no battery","V"
"09/09/2020","10:35:30","2","default","115855972","OXY_CH2","69.927","min","183.793","µmol/L","Humid","20.739","deg","80009","µV","29.901","°C","1016.000","hPa","35.3","pmil","0","53.237","deg","23.954","°C","100.000","%a.s.","21.023","deg","23.635","°C","1019.000","hPa","0.861","-0.02617","0.00035","0","0","13.56","Humid","28.00","0","54.00","361515.71","SABD0000000001","AAV1.0.0.11","1.1.2.0","PSt7-10","170328-007","9/30/2017 19:06:43","0000-00","0","no battery","V"
"09/09/2020","10:35:31","2","default","115855972","OXY_CH2","69.944","min","183.783","µmol/L","Humid","20.740","deg","80000","µV","29.900","°C","1016.000","hPa","35.3","pmil","0","53.237","deg","23.954","°C","100.000","%a.s.","21.023","deg","23.635","°C","1019.000","hPa","0.861","-0.02617","0.00035","0","0","13.56","Humid","28.00","0","54.00","361510.51","SABD0000000001","AAV1.0.0.11","1.1.2.0","PSt7-10","170328-007","9/30/2017 19:06:43","0000-00","0","no battery","V"
"09/09/2020","10:35:32","2","default","115855972","OXY_CH2","69.961","min","183.715","µmol/L","Humid","20.738","deg","80004","µV","29.917","°C","1016.000","hPa","35.3","pmil","0","53.237","deg","23.954","°C","100.000","%a.s.","21.023","deg","23.635","°C","1019.000","hPa","0.861","-0.02617","0.00035","0","0","13.56","Humid","28.00","0","54.00","361520.77","SABD0000000001","AAV1.0.0.11","1.1.2.0","PSt7-10","170328-007","9/30/2017 19:06:43","0000-00","0","no battery","V"
"09/09/2020","10:35:33","2","default","115855972","OXY_CH2","69.978","min","183.602","µmol/L","Humid","20.741","deg","80008","µV","29.928","°C","1016.000","hPa","35.3","pmil","0","53.237","deg","23.954","°C","100.000","%a.s.","21.023","deg","23.635","°C","1019.000","hPa","0.861","-0.02617","0.00035","0","0","13.56","Humid","28.00","0","54.00","361515.97","SABD0000000001","AAV1.0.0.11","1.1.2.0","PSt7-10","170328-007","9/30/2017 19:06:43","0000-00","0","no battery","V"
"09/09/2020","10:35:34","2","default","115855972","OXY_CH2","69.994","min","183.664","µmol/L","Humid","20.741","deg","80006","µV","29.917","°C","1016.000","hPa","35.3","pmil","0","53.237","deg","23.954","°C","100.000","%a.s.","21.023","deg","23.635","°C","1019.000","hPa","0.861","-0.02617","0.00035","0","0","13.56","Humid","28.00","0","54.00","361504.52","SABD0000000001","AAV1.0.0.11","1.1.2.0","PSt7-10","170328-007","9/30/2017 19:06:43","0000-00","0","no battery","V"
"09/09/2020","10:35:35","2","default","115855972","OXY_CH2","70.011","min","183.749","µmol/L","Humid","20.736","deg","80003","µV","29.917","°C","1016.000","hPa","35.3","pmil","0","53.237","deg","23.954","°C","100.000","%a.s.","21.023","deg","23.635","°C","1019.000","hPa","0.861","-0.02617","0.00035","0","0","13.56","Humid","28.00","0","54.00","361515.39","SABD0000000001","AAV1.0.0.11","1.1.2.0","PSt7-10","170328-007","9/30/2017 19:06:43","0000-00","0","no battery","V"
"09/09/2020","10:35:36","2","default","115855972","OXY_CH2","70.028","min","183.855","µmol/L","Humid","20.732","deg","79998","µV","29.910","°C","1016.000","hPa","35.3","pmil","0","53.237","deg","23.954","°C","100.000","%a.s.","21.023","deg","23.635","°C","1019.000","hPa","0.861","-0.02617","0.00035","0","0","13.56","Humid","28.00","0","54.00","361505.15","SABD0000000001","AAV1.0.0.11","1.1.2.0","PSt7-10","170328-007","9/30/2017 19:06:43","0000-00","0","no battery","V"
"09/09/2020","10:35:37","2","default","115855972","OXY_CH2","70.044","min","183.653","µmol/L","Humid","20.741","deg","79992","µV","29.919","°C","1016.000","hPa","35.3","pmil","0","53.237","deg","23.954","°C","100.000","%a.s.","21.023","deg","23.635","°C","1019.000","hPa","0.861","-0.02617","0.00035","0","0","13.56","Humid","28.00","0","54.00","361500.96","SABD0000000001","AAV1.0.0.11","1.1.2.0","PSt7-10","170328-007","9/30/2017 19:06:43","0000-00","0","no battery","V"
"09/09/2020","10:35:38","2","default","115855972","OXY_CH2","70.061","min","183.675","µmol/L","Humid","20.736","deg","80004","µV","29.930","°C","1016.000","hPa","35.3","pmil","0","53.237","deg","23.954","°C","100.000","%a.s.","21.023","deg","23.635","°C","1019.000","hPa","0.861","-0.02617","0.00035","0","0","13.56","Humid","28.00","0","54.00","361515.86","SABD0000000001","AAV1.0.0.11","1.1.2.0","PSt7-10","170328-007","9/30/2017 19:06:43","0000-00","0","no battery","V"
"09/09/2020","10:35:39","2","default","115855972","OXY_CH2","70.077","min","183.832","µmol/L","Humid","20.737","deg","80000","µV","29.900","°C","1016.000","hPa","35.3","pmil","0","53.237","deg","23.954","°C","100.000","%a.s.","21.023","deg","23.635","°C","1019.000","hPa","0.861","-0.02617","0.00035","0","0","13.56","Humid","28.00","0","54.00","361504.64","SABD0000000001","AAV1.0.0.11","1.1.2.0","PSt7-10","170328-007","9/30/2017 19:06:43","0000-00","0","no battery","V"
"09/09/2020","10:35:40","2","default","115855972","OXY_CH2","70.094","min","183.776","µmol/L","Humid","20.735","deg","79989","µV","29.915","°C","1016.000","hPa","35.3","pmil","0","53.237","deg","23.954","°C","100.000","%a.s.","21.023","deg","23.635","°C","1019.000","hPa","0.861","-0.02617","0.00035","0","0","13.56","Humid","28.00","0","54.00","361497.44","SABD0000000001","AAV1.0.0.11","1.1.2.0","PSt7-10","170328-007","9/30/2017 19:06:43","0000-00","0","no battery","V"
"09/09/2020","10:35:41","2","default","115855972","OXY_CH2","70.110","min","183.681","µmol/L","Humid","20.738","deg","79988","µV","29.923","°C","1016.000","hPa","35.3","pmil","0","53.237","deg","23.954","°C","100.000","%a.s.","21.023","deg","23.635","°C","1019.000","hPa","0.861","-0.02617","0.00035","0","0","13.56","Humid","28.00","0","54.00","361508.40","SABD0000000001","AAV1.0.0.11","1.1.2.0","PSt7-10","170328-007","9/30/2017 19:06:43","0000-00","0","no battery","V"
"09/09/2020","10:35:42","2","default","115855972","OXY_CH2","70.127","min","183.735","µmol/L","Humid","20.734","deg","79987","µV","29.925","°C","1016.000","hPa","35.3","pmil","0","53.237","deg","23.954","°C","100.000","%a.s.","21.023","deg","23.635","°C","1019.000","hPa","0.861","-0.02617","0.00035","0","0","13.56","Humid","28.00","0","54.00","361509.34","SABD0000000001","AAV1.0.0.11","1.1.2.0","PSt7-10","170328-007","9/30/2017 19:06:43","0000-00","0","no battery","V"
"09/09/2020","10:35:43","2","default","115855972","OXY_CH2","70.144","min","183.711","µmol/L","Humid","20.739","deg","79986","µV","29.915","°C","1016.000","hPa","35.3","pmil","0","53.237","deg","23.954","°C","100.000","%a.s.","21.023","deg","23.635","°C","1019.000","hPa","0.861","-0.02617","0.00035","0","0","13.56","Humid","28.00","0","54.00","361493.04","SABD0000000001","AAV1.0.0.11","1.1.2.0","PSt7-10","170328-007","9/30/2017 19:06:43","0000-00","0","no battery","V"
"09/09/2020","10:35:44","2","default","115855972","OXY_CH2","70.161","min","183.716","µmol/L","Humid","20.742","deg","79983","µV","29.905","°C","1016.000","hPa","35.3","pmil","0","53.237","deg","23.954","°C","100.000","%a.s.","21.023","deg","23.635","°C","1019.000","hPa","0.861","-0.02617","0.00035","0","0","13.56","Humid","28.00","0","54.00","361504.68","SABD0000000001","AAV1.0.0.11","1.1.2.0","PSt7-10","170328-007","9/30/2017 19:06:43","0000-00","0","no battery","V"
"09/09/2020","10:35:45","2","default","115855972","OXY_CH2","70.177","min","183.689","µmol/L","Humid","20.739","deg","79983","µV","29.919","°C","1016.000","hPa","35.3","pmil","0","53.237","deg","23.954","°C","100.000","%a.s.","21.023","deg","23.635","°C","1019.000","hPa","0.861","-0.02617","0.00035","0","0","13.56","Humid","28.00","0","54.00","361493.29","SABD0000000001","AAV1.0.0.11","1.1.2.0","PSt7-10","170328-007","9/30/2017 19:06:43","0000-00","0","no battery","V"
"09/09/2020","10:35:46","2","default","115855972","OXY_CH2","70.194","min","183.682","µmol/L","Humid","20.739","deg","79986","µV","29.920","°C","1016.000","hPa","35.3","pmil","0","53.237","deg","23.954","°C","100.000","%a.s.","21.023","deg","23.635","°C","1019.000","hPa","0.861","-0.02617","0.00035","0","0","13.56","Humid","28.00","0","54.00","361497.04","SABD0000000001","AAV1.0.0.11","1.1.2.0","PSt7-10","170328-007","9/30/2017 19:06:43","0000-00","0","no battery","V"
"09/09/2020","10:35:47","2","default","115855972","OXY_CH2","70.211","min","183.759","µmol/L","Humid","20.738","deg","79986","µV","29.910","°C","1016.000","hPa","35.3","pmil","0","53.237","deg","23.954","°C","100.000","%a.s.","21.023","deg","23.635","°C","1019.000","hPa","0.861","-0.02617","0.00035","0","0","13.56","Humid","28.00","0","54.00","361489.57","SABD0000000001","AAV1.0.0.11","1.1.2.0","PSt7-10","170328-007","9/30/2017 19:06:43","0000-00","0","no battery","V"
"09/09/2020","10:35:48","2","default","115855972","OXY_CH2","70.228","min","183.921","µmol/L","Humid","20.732","deg","79981","µV","29.899","°C","1016.000","hPa","35.3","pmil","0","53.237","deg","23.954","°C","100.000","%a.s.","21.023","deg","23.635","°C","1019.000","hPa","0.861","-0.02617","0.00035","0","0","13.56","Humid","28.00","0","54.00","361500.99","SABD0000000001","AAV1.0.0.11","1.1.2.0","PSt7-10","170328-007","9/30/2017 19:06:43","0000-00","0","no battery","V"
"09/09/2020","10:35:49","2","default","115855972","OXY_CH2","70.244","min","183.754","µmol/L","Humid","20.737","deg","79980","µV","29.913","°C","1016.000","hPa","35.3","pmil","0","53.237","deg","23.954","°C","100.000","%a.s.","21.023","deg","23.635","°C","1019.000","hPa","0.861","-0.02617","0.00035","0","0","13.56","Humid","28.00","0","54.00","361480.98","SABD0000000001","AAV1.0.0.11","1.1.2.0","PSt7-10","170328-007","9/30/2017 19:06:43","0000-00","0","no battery","V"
"09/09/2020","10:35:50","2","default","115855972","OXY_CH2","70.261","min","183.706","µmol/L","Humid","20.735","deg","79979","µV","29.927","°C","1016.000","hPa","35.3","pmil","0","53.237","deg","23.954","°C","100.000","%a.s.","21.023","deg","23.635","°C","1019.000","hPa","0.861","-0.02617","0.00035","0","0","13.56","Humid","28.00","0","54.00","361481.31","SABD0000000001","AAV1.0.0.11","1.1.2.0","PSt7-10","170328-007","9/30/2017 19:06:43","0000-00","0","no battery","V"
"09/09/2020","10:35:51","2","default","115855972","OXY_CH2","70.277","min","183.632","µmol/L","Humid","20.736","deg","79987","µV","29.937","°C","1016.000","hPa","35.3","pmil","0","53.237","deg","23.954","°C","100.000","%a.s.","21.023","deg","23.635","°C","1019.000","hPa","0.861","-0.02617","0.00035","0","0","13.56","Humid","28.00","0","54.00","361500.00","SABD0000000001","AAV1.0.0.11","1.1.2.0","PSt7-10","170328-007","9/30/2017 19:06:43","0000-00","0","no battery","V"
"09/09/2020","10:35:52","2","default","115855972","OXY_CH2","70.294","min","183.690","µmol/L","Humid","20.741","deg","79984","µV","29.913","°C","1016.000","hPa","35.3","pmil","0","53.237","deg","23.954","°C","100.000","%a.s.","21.023","deg","23.635","°C","1019.000","hPa","0.861","-0.02617","0.00035","0","0","13.56","Humid","28.00","0","54.00","361497.95","SABD0000000001","AAV1.0.0.11","1.1.2.0","PSt7-10","170328-007","9/30/2017 19:06:43","0000-00","0","no battery","V"
"09/09/2020","10:35:53","2","default","115855972","OXY_CH2","70.310","min","183.784","µmol/L","Humid","20.736","deg","79979","µV","29.911","°C","1016.000","hPa","35.3","pmil","0","53.237","deg","23.954","°C","100.000","%a.s.","21.023","deg","23.635","°C","1019.000","hPa","0.861","-0.02617","0.00035","0","0","13.56","Humid","28.00","0","54.00","361493.11","SABD0000000001","AAV1.0.0.11","1.1.2.0","PSt7-10","170328-007","9/30/2017 19:06:43","0000-00","0","no battery","V"
"09/09/2020","10:35:54","2","default","115855972","OXY_CH2","70.327","min","183.798","µmol/L","Humid","20.736","deg","79972","µV","29.909","°C","1016.000","hPa","35.3","pmil","0","53.237","deg","23.954","°C","100.000","%a.s.","21.023","deg","23.635","°C","1019.000","hPa","0.861","-0.02617","0.00035","0","0","13.56","Humid","28.00","0","54.00","361490.56","SABD0000000001","AAV1.0.0.11","1.1.2.0","PSt7-10","170328-007","9/30/2017 19:06:43","0000-00","0","no battery","V"
"09/09/2020","10:35:55","2","default","115855972","OXY_CH2","70.344","min","183.737","µmol/L","Humid","20.736","deg","79978","µV","29.919","°C","1016.000","hPa","35.3","pmil","0","53.237","deg","23.954","°C","100.000","%a.s.","21.023","deg","23.635","°C","1019.000","hPa","0.861","-0.02617","0.00035","0","0","13.56","Humid","28.00","0","54.00","361490.26","SABD0000000001","AAV1.0.0.11","1.1.2.0","PSt7-10","170328-007","9/30/2017 19:06:43","0000-00","0","no battery","V"
"09/09/2020","10:35:56","2","default","115855972","OXY_CH2","70.360","min","183.757","µmol/L","Humid","20.734","deg","79970","µV","29.922","°C","1016.000","hPa","35.3","pmil","0","53.237","deg","23.954","°C","100.000","%a.s.","21.023","deg","23.635","°C","1019.000","hPa","0.861","-0.02617","0.00035","0","0","13.56","Humid","28.00","0","54.00","361495.42","SABD0000000001","AAV1.0.0.11","1.1.2.0","PSt7-10","170328-007","9/30/2017 19:06:43","0000-00","0","no battery","V"
"09/09/2020","10:35:57","2","default","115855972","OXY_CH2","70.378","min","183.743","µmol/L","Humid","20.734","deg","79968","µV","29.924","°C","1016.000","hPa","35.3","pmil","0","53.237","deg","23.954","°C","100.000","%a.s.","21.023","deg","23.635","°C","1019.000","hPa","0.861","-0.02617","0.00035","0","0","13.56","Humid","28.00","0","54.00","361492.28","SABD0000000001","AAV1.0.0.11","1.1.2.0","PSt7-10","170328-007","9/30/2017 19:06:43","0000-00","0","no battery","V"
"09/09/2020","10:35:58","2","default","115855972","OXY_CH2","70.394","min","183.791","µmol/L","Humid","20.733","deg","79966","µV","29.919","°C","1016.000","hPa","35.3","pmil","0","53.237","deg","23.954","°C","100.000","%a.s.","21.023","deg","23.635","°C","1019.000","hPa","0.861","-0.02617","0.00035","0","0","13.56","Humid","28.00","0","54.00","361478.85","SABD0000000001","AAV1.0.0.11","1.1.2.0","PSt7-10","170328-007","9/30/2017 19:06:43","0000-00","0","no battery","V"
"09/09/2020","10:35:59","2","default","115855972","OXY_CH2","70.411","min","183.753","µmol/L","Humid","20.736","deg","79966","µV","29.917","°C","1016.000","hPa","35.3","pmil","0","53.237","deg","23.954","°C","100.000","%a.s.","21.023","deg","23.635","°C","1019.000","hPa","0.861","-0.02617","0.00035","0","0","13.56","Humid","28.00","0","54.00","361477.06","SABD0000000001","AAV1.0.0.11","1.1.2.0","PSt7-10","170328-007","9/30/2017 19:06:43","0000-00","0","no battery","V"
"09/09/2020","10:36:00","2","default","115855972","OXY_CH2","70.427","min","183.716","µmol/L","Humid","20.734","deg","79968","µV","29.929","°C","1016.000","hPa","35.3","pmil","0","53.237","deg","23.954","°C","100.000","%a.s.","21.023","deg","23.635","°C","1019.000","hPa","0.861","-0.02617","0.00035","0","0","13.56","Humid","28.00","0","54.00","361482.00","SABD0000000001","AAV1.0.0.11","1.1.2.0","PSt7-10","170328-007","9/30/2017 19:06:43","0000-00","0","no battery","V"
"09/09/2020","10:36:01","2","default","115855972","OXY_CH2","70.444","min","183.675","µmol/L","Humid","20.735","deg","79962","µV","29.933","°C","1016.000","hPa","35.3","pmil","0","53.237","deg","23.954","°C","100.000","%a.s.","21.023","deg","23.635","°C","1019.000","hPa","0.861","-0.02617","0.00035","0","0","13.56","Humid","28.00","0","54.00","361481.09","SABD0000000001","AAV1.0.0.11","1.1.2.0","PSt7-10","170328-007","9/30/2017 19:06:43","0000-00","0","no battery","V"
"09/09/2020","10:36:02","2","default","115855972","OXY_CH2","70.460","min","183.817","µmol/L","Humid","20.734","deg","79960","µV","29.911","°C","1016.000","hPa","35.3","pmil","0","53.237","deg","23.954","°C","100.000","%a.s.","21.023","deg","23.635","°C","1019.000","hPa","0.861","-0.02617","0.00035","0","0","13.56","Humid","28.00","0","54.00","361468.10","SABD0000000001","AAV1.0.0.11","1.1.2.0","PSt7-10","170328-007","9/30/2017 19:06:43","0000-00","0","no battery","V"
"09/09/2020","10:36:03","2","default","115855972","OXY_CH2","70.477","min","183.788","µmol/L","Humid","20.737","deg","79958","µV","29.908","°C","1016.000","hPa","35.3","pmil","0","53.237","deg","23.954","°C","100.000","%a.s.","21.023","deg","23.635","°C","1019.000","hPa","0.861","-0.02617","0.00035","0","0","13.56","Humid","28.00","0","54.00","361466.49","SABD0000000001","AAV1.0.0.11","1.1.2.0","PSt7-10","170328-007","9/30/2017 19:06:43","0000-00","0","no battery","V"
"09/09/2020","10:36:04","2","default","115855972","OXY_CH2","70.494","min","183.781","µmol/L","Humid","20.737","deg","79956","µV","29.909","°C","1016.000","hPa","35.3","pmil","0","53.237","deg","23.954","°C","100.000","%a.s.","21.023","deg","23.635","°C","1019.000","hPa","0.861","-0.02617","0.00035","0","0","13.56","Humid","28.00","0","54.00","361463.86","SABD0000000001","AAV1.0.0.11","1.1.2.0","PSt7-10","170328-007","9/30/2017 19:06:43","0000-00","0","no battery","V"
"09/09/2020","10:36:05","2","default","115855972","OXY_CH2","70.510","min","183.663","µmol/L","Humid","20.738","deg","79951","µV","29.926","°C","1016.000","hPa","35.3","pmil","0","53.237","deg","23.954","°C","100.000","%a.s.","21.023","deg","23.635","°C","1019.000","hPa","0.861","-0.02617","0.00035","0","0","13.56","Humid","28.00","0","54.00","361472.56","SABD0000000001","AAV1.0.0.11","1.1.2.0","PSt7-10","170328-007","9/30/2017 19:06:43","0000-00","0","no battery","V"
"09/09/2020","10:36:06","2","default","115855972","OXY_CH2","70.527","min","183.862","µmol/L","Humid","20.731","deg","79953","µV","29.912","°C","1016.000","hPa","35.3","pmil","0","53.237","deg","23.954","°C","100.000","%a.s.","21.023","deg","23.635","°C","1019.000","hPa","0.861","-0.02617","0.00035","0","0","13.56","Humid","28.00","0","54.00","361473.25","SABD0000000001","AAV1.0.0.11","1.1.2.0","PSt7-10","170328-007","9/30/2017 19:06:43","0000-00","0","no battery","V"
"09/09/2020","10:36:07","2","default","115855972","OXY_CH2","70.544","min","183.887","µmol/L","Humid","20.732","deg","79957","µV","29.905","°C","1016.000","hPa","35.3","pmil","0","53.237","deg","23.954","°C","100.000","%a.s.","21.023","deg","23.635","°C","1019.000","hPa","0.861","-0.02617","0.00035","0","0","13.56","Humid","28.00","0","54.00","361463.72","SABD0000000001","AAV1.0.0.11","1.1.2.0","PSt7-10","170328-007","9/30/2017 19:06:43","0000-00","0","no battery","V"
"09/09/2020","10:36:08","2","default","115855972","OXY_CH2","70.561","min","183.804","µmol/L","Humid","20.734","deg","79950","µV","29.913","°C","1016.000","hPa","35.3","pmil","0","53.237","deg","23.954","°C","100.000","%a.s.","21.023","deg","23.635","°C","1019.000","hPa","0.861","-0.02617","0.00035","0","0","13.56","Humid","28.00","0","54.00","361472.47","SABD0000000001","AAV1.0.0.11","1.1.2.0","PSt7-10","170328-007","9/30/2017 19:06:43","0000-00","0","no battery","V"
"09/09/2020","10:36:09","2","default","115855972","OXY_CH2","70.578","min","183.800","µmol/L","Humid","20.730","deg","79957","µV","29.926","°C","1016.000","hPa","35.3","pmil","0","53.237","deg","23.954","°C","100.000","%a.s.","21.023","deg","23.635","°C","1019.000","hPa","0.861","-0.02617","0.00035","0","0","13.56","Humid","28.00","0","54.00","361479.69","SABD0000000001","AAV1.0.0.11","1.1.2.0","PSt7-10","170328-007","9/30/2017 19:06:43","0000-00","0","no battery","V"
"09/09/2020","10:36:10","2","default","115855972","OXY_CH2","70.594","min","183.816","µmol/L","Humid","20.729","deg","79949","µV","29.926","°C","1016.000","hPa","35.3","pmil","0","53.237","deg","23.954","°C","100.000","%a.s.","21.023","deg","23.635","°C","1019.000","hPa","0.861","-0.02617","0.00035","0","0","13.56","Humid","28.00","0","54.00","361448.47","SABD0000000001","AAV1.0.0.11","1.1.2.0","PSt7-10","170328-007","9/30/2017 19:06:43","0000-00","0","no battery","V"
"09/09/2020","10:36:11","2","default","115855972","OXY_CH2","70.611","min","183.732","µmol/L","Humid","20.730","deg","79948","µV","29.937","°C","1016.000","hPa","35.3","pmil","0","53.237","deg","23.954","°C","100.000","%a.s.","21.023","deg","23.635","°C","1019.000","hPa","0.861","-0.02617","0.00035","0","0","13.56","Humid","28.00","0","54.00","361480.72","SABD0000000001","AAV1.0.0.11","1.1.2.0","PSt7-10","170328-007","9/30/2017 19:06:43","0000-00","0","no battery","V"
"09/09/2020","10:36:12","2","default","115855972","OXY_CH2","70.627","min","183.804","µmol/L","Humid","20.730","deg","79943","µV","29.925","°C","1016.000","hPa","35.3","pmil","0","53.237","deg","23.954","°C","100.000","%a.s.","21.023","deg","23.635","°C","1019.000","hPa","0.861","-0.02617","0.00035","0","0","13.56","Humid","28.00","0","54.00","361458.43","SABD0000000001","AAV1.0.0.11","1.1.2.0","PSt7-10","170328-007","9/30/2017 19:06:43","0000-00","0","no battery","V"
"09/09/2020","10:36:13","2","default","115855972","OXY_CH2","70.644","min","183.762","µmol/L","Humid","20.732","deg","79939","µV","29.926","°C","1016.000","hPa","35.3","pmil","0","53.237","deg","23.954","°C","100.000","%a.s.","21.023","deg","23.635","°C","1019.000","hPa","0.861","-0.02617","0.00035","0","0","13.56","Humid","28.00","0","54.00","361470.93","SABD0000000001","AAV1.0.0.11","1.1.2.0","PSt7-10","170328-007","9/30/2017 19:06:43","0000-00","0","no battery","V"
"09/09/2020","10:36:14","2","default","115855972","OXY_CH2","70.660","min","183.897","µmol/L","Humid","20.727","deg","79947","µV","29.918","°C","1016.000","hPa","35.3","pmil","0","53.237","deg","23.954","°C","100.000","%a.s.","21.023","deg","23.635","°C","1019.000","hPa","0.861","-0.02617","0.00035","0","0","13.56","Humid","28.00","0","54.00","361470.02","SABD0000000001","AAV1.0.0.11","1.1.2.0","PSt7-10","170328-007","9/30/2017 19:06:43","0000-00","0","no battery","V"
"09/09/2020","10:36:15","2","default","115855972","OXY_CH2","70.677","min","183.658","µmol/L","Humid","20.736","deg","79934","µV","29.933","°C","1016.000","hPa","35.3","pmil","0","53.237","deg","23.954","°C","100.000","%a.s.","21.023","deg","23.635","°C","1019.000","hPa","0.861","-0.02617","0.00035","0","0","13.56","Humid","28.00","0","54.00","361477.74","SABD0000000001","AAV1.0.0.11","1.1.2.0","PSt7-10","170328-007","9/30/2017 19:06:43","0000-00","0","no battery","V"
"09/09/2020","10:36:16","2","default","115855972","OXY_CH2","70.694","min","183.704","µmol/L","Humid","20.731","deg","79934","µV","29.939","°C","1016.000","hPa","35.3","pmil","0","53.237","deg","23.954","°C","100.000","%a.s.","21.023","deg","23.635","°C","1019.000","hPa","0.861","-0.02617","0.00035","0","0","13.56","Humid","28.00","0","54.00","361465.30","SABD0000000001","AAV1.0.0.11","1.1.2.0","PSt7-10","170328-007","9/30/2017 19:06:43","0000-00","0","no battery","V"
"09/09/2020","10:36:17","2","default","115855972","OXY_CH2","70.710","min","183.817","µmol/L","Humid","20.730","deg","79936","µV","29.923","°C","1016.000","hPa","35.3","pmil","0","53.237","deg","23.954","°C","100.000","%a.s.","21.023","deg","23.635","°C","1019.000","hPa","0.861","-0.02617","0.00035","0","0","13.56","Humid","28.00","0","54.00","361466.19","SABD0000000001","AAV1.0.0.11","1.1.2.0","PSt7-10","170328-007","9/30/2017 19:06:43","0000-00","0","no battery","V"
"09/09/2020","10:36:18","2","default","115855972","OXY_CH2","70.727","min","183.870","µmol/L","Humid","20.730","deg","79928","µV","29.914","°C","1016.000","hPa","35.3","pmil","0","53.237","deg","23.954","°C","100.000","%a.s.","21.023","deg","23.635","°C","1019.000","hPa","0.861","-0.02617","0.00035","0","0","13.56","Humid","28.00","0","54.00","361470.73","SABD0000000001","AAV1.0.0.11","1.1.2.0","PSt7-10","170328-007","9/30/2017 19:06:43","0000-00","0","no battery","V"
"09/09/2020","10:36:19","2","default","115855972","OXY_CH2","70.744","min","183.689","µmol/L","Humid","20.735","deg","79941","µV","29.930","°C","1016.000","hPa","35.3","pmil","0","53.237","deg","23.954","°C","100.000","%a.s.","21.023","deg","23.635","°C","1019.000","hPa","0.861","-0.02617","0.00035","0","0","13.56","Humid","28.00","0","54.00","361461.27","SABD0000000001","AAV1.0.0.11","1.1.2.0","PSt7-10","170328-007","9/30/2017 19:06:43","0000-00","0","no battery","V"
"09/09/2020","10:36:20","2","default","115855972","OXY_CH2","70.761","min","183.870","µmol/L","Humid","20.728","deg","79926","µV","29.919","°C","1016.000","hPa","35.3","pmil","0","53.237","deg","23.954","°C","100.000","%a.s.","21.023","deg","23.635","°C","1019.000","hPa","0.861","-0.02617","0.00035","0","0","13.56","Humid","28.00","0","54.00","361459.16","SABD0000000001","AAV1.0.0.11","1.1.2.0","PSt7-10","170328-007","9/30/2017 19:06:43","0000-00","0","no battery","V"
"09/09/2020","10:36:21","2","default","115855972","OXY_CH2","70.778","min","183.844","µmol/L","Humid","20.730","deg","79929","µV","29.918","°C","1016.000","hPa","35.3","pmil","0","53.237","deg","23.954","°C","100.000","%a.s.","21.023","deg","23.635","°C","1019.000","hPa","0.861","-0.02617","0.00035","0","0","13.56","Humid","28.00","0","54.00","361461.98","SABD0000000001","AAV1.0.0.11","1.1.2.0","PSt7-10","170328-007","9/30/2017 19:06:43","0000-00","0","no battery","V"
"09/09/2020","10:36:22","2","default","115855972","OXY_CH2","70.794","min","183.850","µmol/L","Humid","20.728","deg","79927","µV","29.923","°C","1016.000","hPa","35.3","pmil","0","53.237","deg","23.954","°C","100.000","%a.s.","21.023","deg","23.635","°C","1019.000","hPa","0.861","-0.02617","0.00035","0","0","13.56","Humid","28.00","0","54.00","361458.52","SABD0000000001","AAV1.0.0.11","1.1.2.0","PSt7-10","170328-007","9/30/2017 19:06:43","0000-00","0","no battery","V"
"09/09/2020","10:36:23","2","default","115855972","OXY_CH2","70.811","min","183.853","µmol/L","Humid","20.730","deg","79927","µV","29.917","°C","1016.000","hPa","35.3","pmil","0","53.237","deg","23.954","°C","100.000","%a.s.","21.023","deg","23.635","°C","1019.000","hPa","0.861","-0.02617","0.00035","0","0","13.56","Humid","28.00","0","54.00","361456.65","SABD0000000001","AAV1.0.0.11","1.1.2.0","PSt7-10","170328-007","9/30/2017 19:06:43","0000-00","0","no battery","V"
"09/09/2020","10:36:24","2","default","115855972","OXY_CH2","70.827","min","183.875","µmol/L","Humid","20.727","deg","79927","µV","29.921","°C","1016.000","hPa","35.3","pmil","0","53.237","deg","23.954","°C","100.000","%a.s.","21.023","deg","23.635","°C","1019.000","hPa","0.861","-0.02617","0.00035","0","0","13.56","Humid","28.00","0","54.00","361468.10","SABD0000000001","AAV1.0.0.11","1.1.2.0","PSt7-10","170328-007","9/30/2017 19:06:43","0000-00","0","no battery","V"
"09/09/2020","10:36:25","2","default","115855972","OXY_CH2","70.844","min","183.799","µmol/L","Humid","20.729","deg","79922","µV","29.929","°C","1016.000","hPa","35.3","pmil","0","53.237","deg","23.954","°C","100.000","%a.s.","21.023","deg","23.635","°C","1019.000","hPa","0.861","-0.02617","0.00035","0","0","13.56","Humid","28.00","0","54.00","361468.37","SABD0000000001","AAV1.0.0.11","1.1.2.0","PSt7-10","170328-007","9/30/2017 19:06:43","0000-00","0","no battery","V"
"09/09/2020","10:36:26","2","default","115855972","OXY_CH2","70.860","min","183.948","µmol/L","Humid","20.733","deg","79924","µV","29.892","°C","1016.000","hPa","35.3","pmil","0","53.237","deg","23.954","°C","100.000","%a.s.","21.023","deg","23.635","°C","1019.000","hPa","0.861","-0.02617","0.00035","0","0","13.56","Humid","28.00","0","54.00","361475.50","SABD0000000001","AAV1.0.0.11","1.1.2.0","PSt7-10","170328-007","9/30/2017 19:06:43","0000-00","0","no battery","V"
"09/09/2020","10:36:27","2","default","115855972","OXY_CH2","70.877","min","184.006","µmol/L","Humid","20.727","deg","79919","µV","29.899","°C","1016.000","hPa","35.3","pmil","0","53.237","deg","23.954","°C","100.000","%a.s.","21.023","deg","23.635","°C","1019.000","hPa","0.861","-0.02617","0.00035","0","0","13.56","Humid","28.00","0","54.00","361470.73","SABD0000000001","AAV1.0.0.11","1.1.2.0","PSt7-10","170328-007","9/30/2017 19:06:43","0000-00","0","no battery","V"
"09/09/2020","10:36:28","2","default","115855972","OXY_CH2","70.894","min","183.863","µmol/L","Humid","20.727","deg","79923","µV","29.923","°C","1016.000","hPa","35.3","pmil","0","53.237","deg","23.954","°C","100.000","%a.s.","21.023","deg","23.635","°C","1019.000","hPa","0.861","-0.02617","0.00035","0","0","13.56","Humid","28.00","0","54.00","361467.97","SABD0000000001","AAV1.0.0.11","1.1.2.0","PSt7-10","170328-007","9/30/2017 19:06:43","0000-00","0","no battery","V"
"09/09/2020","10:36:29","2","default","115855972","OXY_CH2","70.910","min","183.834","µmol/L","Humid","20.726","deg","79917","µV","29.931","°C","1016.000","hPa","35.3","pmil","0","53.237","deg","23.954","°C","100.000","%a.s.","21.023","deg","23.635","°C","1019.000","hPa","0.861","-0.02617","0.00035","0","0","13.56","Humid","28.00","0","54.00","361455.27","SABD0000000001","AAV1.0.0.11","1.1.2.0","PSt7-10","170328-007","9/30/2017 19:06:43","0000-00","0","no battery","V"
"09/09/2020","10:36:30","2","default","115855972","OXY_CH2","70.927","min","183.767","µmol/L","Humid","20.728","deg","79923","µV","29.937","°C","1016.000","hPa","35.3","pmil","0","53.237","deg","23.954","°C","100.000","%a.s.","21.023","deg","23.635","°C","1019.000","hPa","0.861","-0.02617","0.00035","0","0","13.56","Humid","28.00","0","54.00","361453.06","SABD0000000001","AAV1.0.0.11","1.1.2.0","PSt7-10","170328-007","9/30/2017 19:06:43","0000-00","0","no battery","V"
"09/09/2020","10:36:31","2","default","115855972","OXY_CH2","70.944","min","183.911","µmol/L","Humid","20.726","deg","79915","µV","29.918","°C","1016.000","hPa","35.3","pmil","0","53.237","deg","23.954","°C","100.000","%a.s.","21.023","deg","23.635","°C","1019.000","hPa","0.861","-0.02617","0.00035","0","0","13.56","Humid","28.00","0","54.00","361447.27","SABD0000000001","AAV1.0.0.11","1.1.2.0","PSt7-10","170328-007","9/30/2017 19:06:43","0000-00","0","no battery","V"
"09/09/2020","10:36:32","2","default","115855972","OXY_CH2","70.961","min","183.838","µmol/L","Humid","20.727","deg","79924","µV","29.928","°C","1016.000","hPa","35.3","pmil","0","53.237","deg","23.954","°C","100.000","%a.s.","21.023","deg","23.635","°C","1019.000","hPa","0.861","-0.02617","0.00035","0","0","13.56","Humid","28.00","0","54.00","361457.87","SABD0000000001","AAV1.0.0.11","1.1.2.0","PSt7-10","170328-007","9/30/2017 19:06:43","0000-00","0","no battery","V"
"09/09/2020","10:36:33","2","default","115855972","OXY_CH2","70.977","min","183.841","µmol/L","Humid","20.728","deg","79915","µV","29.924","°C","1016.000","hPa","35.3","pmil","0","53.237","deg","23.954","°C","100.000","%a.s.","21.023","deg","23.635","°C","1019.000","hPa","0.861","-0.02617","0.00035","0","0","13.56","Humid","28.00","0","54.00","361447.45","SABD0000000001","AAV1.0.0.11","1.1.2.0","PSt7-10","170328-007","9/30/2017 19:06:43","0000-00","0","no battery","V"
"09/09/2020","10:36:34","2","default","115855972","OXY_CH2","70.994","min","183.801","µmol/L","Humid","20.728","deg","79916","µV","29.931","°C","1016.000","hPa","35.3","pmil","0","53.237","deg","23.954","°C","100.000","%a.s.","21.023","deg","23.635","°C","1019.000","hPa","0.861","-0.02617","0.00035","0","0","13.56","Humid","28.00","0","54.00","361452.61","SABD0000000001","AAV1.0.0.11","1.1.2.0","PSt7-10","170328-007","9/30/2017 19:06:43","0000-00","0","no battery","V"
"09/09/2020","10:36:35","2","default","115855972","OXY_CH2","71.010","min","183.872","µmol/L","Humid","20.727","deg","79921","µV","29.922","°C","1016.000","hPa","35.3","pmil","0","53.237","deg","23.954","°C","100.000","%a.s.","21.023","deg","23.635","°C","1019.000","hPa","0.861","-0.02617","0.00035","0","0","13.56","Humid","28.00","0","54.00","361452.63","SABD0000000001","AAV1.0.0.11","1.1.2.0","PSt7-10","170328-007","9/30/2017 19:06:43","0000-00","0","no battery","V"
"09/09/2020","10:36:36","2","default","115855972","OXY_CH2","71.027","min","183.847","µmol/L","Humid","20.726","deg","79917","µV","29.929","°C","1016.000","hPa","35.3","pmil","0","53.237","deg","23.954","°C","100.000","%a.s.","21.023","deg","23.635","°C","1019.000","hPa","0.861","-0.02617","0.00035","0","0","13.56","Humid","28.00","0","54.00","361457.64","SABD0000000001","AAV1.0.0.11","1.1.2.0","PSt7-10","170328-007","9/30/2017 19:06:43","0000-00","0","no battery","V"
"09/09/2020","10:36:37","2","default","115855972","OXY_CH2","71.044","min","183.908","µmol/L","Humid","20.725","deg","79912","µV","29.922","°C","1016.000","hPa","35.3","pmil","0","53.237","deg","23.954","°C","100.000","%a.s.","21.023","deg","23.635","°C","1019.000","hPa","0.861","-0.02617","0.00035","0","0","13.56","Humid","28.00","0","54.00","361444.78","SABD0000000001","AAV1.0.0.11","1.1.2.0","PSt7-10","170328-007","9/30/2017 19:06:43","0000-00","0","no battery","V"
"09/09/2020","10:36:38","2","default","115855972","OXY_CH2","71.061","min","183.971","µmol/L","Humid","20.721","deg","79906","µV","29.922","°C","1016.000","hPa","35.3","pmil","0","53.237","deg","23.954","°C","100.000","%a.s.","21.023","deg","23.635","°C","1019.000","hPa","0.861","-0.02617","0.00035","0","0","13.56","Humid","28.00","0","54.00","361453.36","SABD0000000001","AAV1.0.0.11","1.1.2.0","PSt7-10","170328-007","9/30/2017 19:06:43","0000-00","0","no battery","V"
"09/09/2020","10:36:39","2","default","115855972","OXY_CH2","71.078","min","183.947","µmol/L","Humid","20.727","deg","79910","µV","29.909","°C","1016.000","hPa","35.3","pmil","0","53.237","deg","23.954","°C","100.000","%a.s.","21.023","deg","23.635","°C","1019.000","hPa","0.861","-0.02617","0.00035","0","0","13.56","Humid","28.00","0","54.00","361443.98","SABD0000000001","AAV1.0.0.11","1.1.2.0","PSt7-10","170328-007","9/30/2017 19:06:43","0000-00","0","no battery","V"
"09/09/2020","10:36:40","2","default","115855972","OXY_CH2","71.094","min","183.842","µmol/L","Humid","20.727","deg","79910","µV","29.927","°C","1016.000","hPa","35.3","pmil","0","53.237","deg","23.954","°C","100.000","%a.s.","21.023","deg","23.635","°C","1019.000","hPa","0.861","-0.02617","0.00035","0","0","13.56","Humid","28.00","0","54.00","361446.30","SABD0000000001","AAV1.0.0.11","1.1.2.0","PSt7-10","170328-007","9/30/2017 19:06:43","0000-00","0","no battery","V"
"09/09/2020","10:36:41","2","default","115855972","OXY_CH2","71.111","min","183.959","µmol/L","Humid","20.725","deg","79900","µV","29.913","°C","1016.000","hPa","35.3","pmil","0","53.237","deg","23.954","°C","100.000","%a.s.","21.023","deg","23.635","°C","1019.000","hPa","0.861","-0.02617","0.00035","0","0","13.56","Humid","28.00","0","54.00","361443.88","SABD0000000001","AAV1.0.0.11","1.1.2.0","PSt7-10","170328-007","9/30/2017 19:06:43","0000-00","0","no battery","V"
"09/09/2020","10:36:42","2","default","115855972","OXY_CH2","71.128","min","183.839","µmol/L","Humid","20.727","deg","79904","µV","29.928","°C","1016.000","hPa","35.3","pmil","0","53.237","deg","23.954","°C","100.000","%a.s.","21.023","deg","23.635","°C","1019.000","hPa","0.861","-0.02617","0.00035","0","0","13.56","Humid","28.00","0","54.00","361437.50","SABD0000000001","AAV1.0.0.11","1.1.2.0","PSt7-10","170328-007","9/30/2017 19:06:43","0000-00","0","no battery","V"
"09/09/2020","10:36:43","2","default","115855972","OXY_CH2","71.144","min","183.897","µmol/L","Humid","20.725","deg","79895","µV","29.923","°C","1016.000","hPa","35.3","pmil","0","53.237","deg","23.954","°C","100.000","%a.s.","21.023","deg","23.635","°C","1019.000","hPa","0.861","-0.02617","0.00035","0","0","13.56","Humid","28.00","0","54.00","361433.20","SABD0000000001","AAV1.0.0.11","1.1.2.0","PSt7-10","170328-007","9/30/2017 19:06:43","0000-00","0","no battery","V"
"09/09/2020","10:36:44","2","default","115855972","OXY_CH2","71.160","min","183.868","µmol/L","Humid","20.728","deg","79908","µV","29.920","°C","1016.000","hPa","35.3","pmil","0","53.237","deg","23.954","°C","100.000","%a.s.","21.023","deg","23.635","°C","1019.000","hPa","0.861","-0.02617","0.00035","0","0","13.56","Humid","28.00","0","54.00","361442.34","SABD0000000001","AAV1.0.0.11","1.1.2.0","PSt7-10","170328-007","9/30/2017 19:06:43","0000-00","0","no battery","V"
"09/09/2020","10:36:45","2","default","115855972","OXY_CH2","71.178","min","183.852","µmol/L","Humid","20.729","deg","79904","µV","29.920","°C","1016.000","hPa","35.3","pmil","0","53.237","deg","23.954","°C","100.000","%a.s.","21.023","deg","23.635","°C","1019.000","hPa","0.861","-0.02617","0.00035","0","0","13.56","Humid","28.00","0","54.00","361433.73","SABD0000000001","AAV1.0.0.11","1.1.2.0","PSt7-10","170328-007","9/30/2017 19:06:43","0000-00","0","no battery","V"
"09/09/2020","10:36:46","2","default","115855972","OXY_CH2","71.194","min","183.932","µmol/L","Humid","20.727","deg","79900","µV","29.912","°C","1016.000","hPa","35.3","pmil","0","53.237","deg","23.954","°C","100.000","%a.s.","21.023","deg","23.635","°C","1019.000","hPa","0.861","-0.02617","0.00035","0","0","13.56","Humid","28.00","0","54.00","361435.16","SABD0000000001","AAV1.0.0.11","1.1.2.0","PSt7-10","170328-007","9/30/2017 19:06:43","0000-00","0","no battery","V"
"09/09/2020","10:36:47","2","default","115855972","OXY_CH2","71.211","min","183.812","µmol/L","Humid","20.726","deg","79895","µV","29.935","°C","1016.000","hPa","35.3","pmil","0","53.237","deg","23.954","°C","100.000","%a.s.","21.023","deg","23.635","°C","1019.000","hPa","0.861","-0.02617","0.00035","0","0","13.56","Humid","28.00","0","54.00","361429.14","SABD0000000001","AAV1.0.0.11","1.1.2.0","PSt7-10","170328-007","9/30/2017 19:06:43","0000-00","0","no battery","V"
"09/09/2020","10:36:48","2","default","115855972","OXY_CH2","71.227","min","183.771","µmol/L","Humid","20.727","deg","79893","µV","29.939","°C","1016.000","hPa","35.3","pmil","0","53.237","deg","23.954","°C","100.000","%a.s.","21.023","deg","23.635","°C","1019.000","hPa","0.861","-0.02617","0.00035","0","0","13.56","Humid","28.00","0","54.00","361419.43","SABD0000000001","AAV1.0.0.11","1.1.2.0","PSt7-10","170328-007","9/30/2017 19:06:43","0000-00","0","no battery","V"
"09/09/2020","10:36:49","2","default","115855972","OXY_CH2","71.244","min","183.808","µmol/L","Humid","20.725","deg","79890","µV","29.939","°C","1016.000","hPa","35.3","pmil","0","53.237","deg","23.954","°C","100.000","%a.s.","21.023","deg","23.635","°C","1019.000","hPa","0.861","-0.02617","0.00035","0","0","13.56","Humid","28.00","0","54.00","361430.97","SABD0000000001","AAV1.0.0.11","1.1.2.0","PSt7-10","170328-007","9/30/2017 19:06:43","0000-00","0","no battery","V"
"09/09/2020","10:36:50","2","default","115855972","OXY_CH2","71.261","min","183.869","µmol/L","Humid","20.725","deg","79899","µV","29.928","°C","1016.000","hPa","35.3","pmil","0","53.237","deg","23.954","°C","100.000","%a.s.","21.023","deg","23.635","°C","1019.000","hPa","0.861","-0.02617","0.00035","0","0","13.56","Humid","28.00","0","54.00","361426.85","SABD0000000001","AAV1.0.0.11","1.1.2.0","PSt7-10","170328-007","9/30/2017 19:06:43","0000-00","0","no battery","V"
"09/09/2020","10:36:51","2","default","115855972","OXY_CH2","71.277","min","183.917","µmol/L","Humid","20.720","deg","79891","µV","29.934","°C","1016.000","hPa","35.3","pmil","0","53.237","deg","23.954","°C","100.000","%a.s.","21.023","deg","23.635","°C","1019.000","hPa","0.861","-0.02617","0.00035","0","0","13.56","Humid","28.00","0","54.00","361422.68","SABD0000000001","AAV1.0.0.11","1.1.2.0","PSt7-10","170328-007","9/30/2017 19:06:43","0000-00","0","no battery","V"
"09/09/2020","10:36:52","2","default","115855972","OXY_CH2","71.294","min","183.889","µmol/L","Humid","20.722","deg","79891","µV","29.933","°C","1016.000","hPa","35.3","pmil","0","53.237","deg","23.954","°C","100.000","%a.s.","21.023","deg","23.635","°C","1019.000","hPa","0.861","-0.02617","0.00035","0","0","13.56","Humid","28.00","0","54.00","361436.22","SABD0000000001","AAV1.0.0.11","1.1.2.0","PSt7-10","170328-007","9/30/2017 19:06:43","0000-00","0","no battery","V"
"09/09/2020","10:36:53","2","default","115855972","OXY_CH2","71.310","min","183.879","µmol/L","Humid","20.724","deg","79890","µV","29.929","°C","1016.000","hPa","35.3","pmil","0","53.237","deg","23.954","°C","100.000","%a.s.","21.023","deg","23.635","°C","1019.000","hPa","0.861","-0.02617","0.00035","0","0","13.56","Humid","28.00","0","54.00","361435.81","SABD0000000001","AAV1.0.0.11","1.1.2.0","PSt7-10","170328-007","9/30/2017 19:06:43","0000-00","0","no battery","V"
"09/09/2020","10:36:54","2","default","115855972","OXY_CH2","71.328","min","183.929","µmol/L","Humid","20.723","deg","79889","µV","29.924","°C","1016.000","hPa","35.3","pmil","0","53.237","deg","23.954","°C","100.000","%a.s.","21.023","deg","23.635","°C","1019.000","hPa","0.861","-0.02617","0.00035","0","0","13.56","Humid","28.00","0","54.00","361455.91","SABD0000000001","AAV1.0.0.11","1.1.2.0","PSt7-10","170328-007","9/30/2017 19:06:43","0000-00","0","no battery","V"
"09/09/2020","10:36:55","2","default","115855972","OXY_CH2","71.344","min","183.936","µmol/L","Humid","20.722","deg","79889","µV","29.925","°C","1016.000","hPa","35.3","pmil","0","53.237","deg","23.954","°C","100.000","%a.s.","21.023","deg","23.635","°C","1019.000","hPa","0.861","-0.02617","0.00035","0","0","13.56","Humid","28.00","0","54.00","361435.31","SABD0000000001","AAV1.0.0.11","1.1.2.0","PSt7-10","170328-007","9/30/2017 19:06:43","0000-00","0","no battery","V"
"09/09/2020","10:36:56","2","default","115855972","OXY_CH2","71.361","min","183.968","µmol/L","Humid","20.719","deg","79891","µV","29.929","°C","1016.000","hPa","35.3","pmil","0","53.237","deg","23.954","°C","100.000","%a.s.","21.023","deg","23.635","°C","1019.000","hPa","0.861","-0.02617","0.00035","0","0","13.56","Humid","28.00","0","54.00","361433.69","SABD0000000001","AAV1.0.0.11","1.1.2.0","PSt7-10","170328-007","9/30/2017 19:06:43","0000-00","0","no battery","V"
"09/09/2020","10:36:57","2","default","115855972","OXY_CH2","71.378","min","183.870","µmol/L","Humid","20.726","deg","79891","µV","29.925","°C","1016.000","hPa","35.3","pmil","0","53.237","deg","23.954","°C","100.000","%a.s.","21.023","deg","23.635","°C","1019.000","hPa","0.861","-0.02617","0.00035","0","0","13.56","Humid","28.00","0","54.00","361421.07","SABD0000000001","AAV1.0.0.11","1.1.2.0","PSt7-10","170328-007","9/30/2017 19:06:43","0000-00","0","no battery","V"
"09/09/2020","10:36:58","2","default","115855972","OXY_CH2","71.394","min","183.875","µmol/L","Humid","20.723","deg","79882","µV","29.933","°C","1016.000","hPa","35.3","pmil","0","53.237","deg","23.954","°C","100.000","%a.s.","21.023","deg","23.635","°C","1019.000","hPa","0.861","-0.02617","0.00035","0","0","13.56","Humid","28.00","0","54.00","361409.12","SABD0000000001","AAV1.0.0.11","1.1.2.0","PSt7-10","170328-007","9/30/2017 19:06:43","0000-00","0","no battery","V"
"09/09/2020","10:36:59","2","default","115855972","OXY_CH2","71.411","min","183.890","µmol/L","Humid","20.721","deg","79883","µV","29.936","°C","1016.000","hPa","35.3","pmil","0","53.237","deg","23.954","°C","100.000","%a.s.","21.023","deg","23.635","°C","1019.000","hPa","0.861","-0.02617","0.00035","0","0","13.56","Humid","28.00","0","54.00","361403.61","SABD0000000001","AAV1.0.0.11","1.1.2.0","PSt7-10","170328-007","9/30/2017 19:06:43","0000-00","0","no battery","V"
"09/09/2020","10:37:00","2","default","115855972","OXY_CH2","71.427","min","183.873","µmol/L","Humid","20.724","deg","79883","µV","29.930","°C","1016.000","hPa","35.3","pmil","0","53.237","deg","23.954","°C","100.000","%a.s.","21.023","deg","23.635","°C","1019.000","hPa","0.861","-0.02617","0.00035","0","0","13.56","Humid","28.00","0","54.00","361424.02","SABD0000000001","AAV1.0.0.11","1.1.2.0","PSt7-10","170328-007","9/30/2017 19:06:43","0000-00","0","no battery","V"
"09/09/2020","10:37:01","2","default","115855972","OXY_CH2","71.444","min","183.907","µmol/L","Humid","20.720","deg","79888","µV","29.936","°C","1016.000","hPa","35.3","pmil","0","53.237","deg","23.954","°C","100.000","%a.s.","21.023","deg","23.635","°C","1019.000","hPa","0.861","-0.02617","0.00035","0","0","13.56","Humid","28.00","0","54.00","361438.16","SABD0000000001","AAV1.0.0.11","1.1.2.0","PSt7-10","170328-007","9/30/2017 19:06:43","0000-00","0","no battery","V"
"09/09/2020","10:37:02","2","default","115855972","OXY_CH2","71.461","min","183.873","µmol/L","Humid","20.724","deg","79884","µV","29.930","°C","1016.000","hPa","35.3","pmil","0","53.237","deg","23.954","°C","100.000","%a.s.","21.023","deg","23.635","°C","1019.000","hPa","0.861","-0.02617","0.00035","0","0","13.56","Humid","28.00","0","54.00","361422.24","SABD0000000001","AAV1.0.0.11","1.1.2.0","PSt7-10","170328-007","9/30/2017 19:06:43","0000-00","0","no battery","V"
"09/09/2020","10:37:03","2","default","115855972","OXY_CH2","71.477","min","183.842","µmol/L","Humid","20.725","deg","79881","µV","29.933","°C","1016.000","hPa","35.3","pmil","0","53.237","deg","23.954","°C","100.000","%a.s.","21.023","deg","23.635","°C","1019.000","hPa","0.861","-0.02617","0.00035","0","0","13.56","Humid","28.00","0","54.00","361424.93","SABD0000000001","AAV1.0.0.11","1.1.2.0","PSt7-10","170328-007","9/30/2017 19:06:43","0000-00","0","no battery","V"
"09/09/2020","10:37:04","2","default","115855972","OXY_CH2","71.494","min","184.020","µmol/L","Humid","20.719","deg","79880","µV","29.920","°C","1016.000","hPa","35.3","pmil","0","53.237","deg","23.954","°C","100.000","%a.s.","21.023","deg","23.635","°C","1019.000","hPa","0.861","-0.02617","0.00035","0","0","13.56","Humid","28.00","0","54.00","361422.36","SABD0000000001","AAV1.0.0.11","1.1.2.0","PSt7-10","170328-007","9/30/2017 19:06:43","0000-00","0","no battery","V"
"09/09/2020","10:37:05","2","default","115855972","OXY_CH2","71.510","min","183.985","µmol/L","Humid","20.722","deg","79882","µV","29.917","°C","1016.000","hPa","35.3","pmil","0","53.237","deg","23.954","°C","100.000","%a.s.","21.023","deg","23.635","°C","1019.000","hPa","0.861","-0.02617","0.00035","0","0","13.56","Humid","28.00","0","54.00","361423.83","SABD0000000001","AAV1.0.0.11","1.1.2.0","PSt7-10","170328-007","9/30/2017 19:06:43","0000-00","0","no battery","V"
"09/09/2020","10:37:06","2","default","115855972","OXY_CH2","71.528","min","183.984","µmol/L","Humid","20.721","deg","79876","µV","29.920","°C","1016.000","hPa","35.3","pmil","0","53.237","deg","23.954","°C","100.000","%a.s.","21.023","deg","23.635","°C","1019.000","hPa","0.861","-0.02617","0.00035","0","0","13.56","Humid","28.00","0","54.00","361414.85","SABD0000000001","AAV1.0.0.11","1.1.2.0","PSt7-10","170328-007","9/30/2017 19:06:43","0000-00","0","no battery","V"
"09/09/2020","10:37:07","2","default","115855972","OXY_CH2","71.544","min","183.811","µmol/L","Humid","20.722","deg","79873","µV","29.947","°C","1016.000","hPa","35.3","pmil","0","53.237","deg","23.954","°C","100.000","%a.s.","21.023","deg","23.635","°C","1019.000","hPa","0.861","-0.02617","0.00035","0","0","13.56","Humid","28.00","0","54.00","361421.28","SABD0000000001","AAV1.0.0.11","1.1.2.0","PSt7-10","170328-007","9/30/2017 19:06:43","0000-00","0","no battery","V"
"09/09/2020","10:37:08","2","default","115855972","OXY_CH2","71.561","min","183.903","µmol/L","Humid","20.721","deg","79876","µV","29.934","°C","1016.000","hPa","35.3","pmil","0","53.237","deg","23.954","°C","100.000","%a.s.","21.023","deg","23.635","°C","1019.000","hPa","0.861","-0.02617","0.00035","0","0","13.56","Humid","28.00","0","54.00","361423.75","SABD0000000001","AAV1.0.0.11","1.1.2.0","PSt7-10","170328-007","9/30/2017 19:06:43","0000-00","0","no battery","V"
"09/09/2020","10:37:09","2","default","115855972","OXY_CH2","71.577","min","183.946","µmol/L","Humid","20.717","deg","79870","µV","29.938","°C","1016.000","hPa","35.3","pmil","0","53.237","deg","23.954","°C","100.000","%a.s.","21.023","deg","23.635","°C","1019.000","hPa","0.861","-0.02617","0.00035","0","0","13.56","Humid","28.00","0","54.00","361423.64","SABD0000000001","AAV1.0.0.11","1.1.2.0","PSt7-10","170328-007","9/30/2017 19:06:43","0000-00","0","no battery","V"
"09/09/2020","10:37:10","2","default","115855972","OXY_CH2","71.594","min","184.010","µmol/L","Humid","20.719","deg","79872","µV","29.921","°C","1016.000","hPa","35.3","pmil","0","53.237","deg","23.954","°C","100.000","%a.s.","21.023","deg","23.635","°C","1019.000","hPa","0.861","-0.02617","0.00035","0","0","13.56","Humid","28.00","0","54.00","361412.21","SABD0000000001","AAV1.0.0.11","1.1.2.0","PSt7-10","170328-007","9/30/2017 19:06:43","0000-00","0","no battery","V"
"09/09/2020","10:37:11","2","default","115855972","OXY_CH2","71.610","min","184.014","µmol/L","Humid","20.716","deg","79873","µV","29.929","°C","1016.000","hPa","35.3","pmil","0","53.237","deg","23.954","°C","100.000","%a.s.","21.023","deg","23.635","°C","1019.000","hPa","0.861","-0.02617","0.00035","0","0","13.56","Humid","28.00","0","54.00","361427.01","SABD0000000001","AAV1.0.0.11","1.1.2.0","PSt7-10","170328-007","9/30/2017 19:06:43","0000-00","0","no battery","V"
"09/09/2020","10:37:12","2","default","115855972","OXY_CH2","71.627","min","183.969","µmol/L","Humid","20.720","deg","79874","µV","29.925","°C","1016.000","hPa","35.3","pmil","0","53.237","deg","23.954","°C","100.000","%a.s.","21.023","deg","23.635","°C","1019.000","hPa","0.861","-0.02617","0.00035","0","0","13.56","Humid","28.00","0","54.00","361425.71","SABD0000000001","AAV1.0.0.11","1.1.2.0","PSt7-10","170328-007","9/30/2017 19:06:43","0000-00","0","no battery","V"
"09/09/2020","10:37:13","2","default","115855972","OXY_CH2","71.644","min","183.889","µmol/L","Humid","20.721","deg","79874","µV","29.936","°C","1016.000","hPa","35.3","pmil","0","53.237","deg","23.954","°C","100.000","%a.s.","21.023","deg","23.635","°C","1019.000","hPa","0.861","-0.02617","0.00035","0","0","13.56","Humid","28.00","0","54.00","361432.14","SABD0000000001","AAV1.0.0.11","1.1.2.0","PSt7-10","170328-007","9/30/2017 19:06:43","0000-00","0","no battery","V"
"09/09/2020","10:37:14","2","default","115855972","OXY_CH2","71.660","min","183.912","µmol/L","Humid","20.723","deg","79871","µV","29.927","°C","1016.000","hPa","35.3","pmil","0","53.237","deg","23.954","°C","100.000","%a.s.","21.023","deg","23.635","°C","1019.000","hPa","0.861","-0.02617","0.00035","0","0","13.56","Humid","28.00","0","54.00","361425.68","SABD0000000001","AAV1.0.0.11","1.1.2.0","PSt7-10","170328-007","9/30/2017 19:06:43","0000-00","0","no battery","V"
"09/09/2020","10:37:15","2","default","115855972","OXY_CH2","71.678","min","183.962","µmol/L","Humid","20.720","deg","79873","µV","29.927","°C","1016.000","hPa","35.3","pmil","0","53.237","deg","23.954","°C","100.000","%a.s.","21.023","deg","23.635","°C","1019.000","hPa","0.861","-0.02617","0.00035","0","0","13.56","Humid","28.00","0","54.00","361417.82","SABD0000000001","AAV1.0.0.11","1.1.2.0","PSt7-10","170328-007","9/30/2017 19:06:43","0000-00","0","no battery","V"
"09/09/2020","10:37:16","2","default","115855972","OXY_CH2","71.694","min","183.948","µmol/L","Humid","20.718","deg","79869","µV","29.935","°C","1016.000","hPa","35.3","pmil","0","53.237","deg","23.954","°C","100.000","%a.s.","21.023","deg","23.635","°C","1019.000","hPa","0.861","-0.02617","0.00035","0","0","13.56","Humid","28.00","0","54.00","361410.84","SABD0000000001","AAV1.0.0.11","1.1.2.0","PSt7-10","170328-007","9/30/2017 19:06:43","0000-00","0","no battery","V"
"09/09/2020","10:37:17","2","default","115855972","OXY_CH2","71.711","min","183.988","µmol/L","Humid","20.717","deg","79867","µV","29.931","°C","1016.000","hPa","35.3","pmil","0","53.237","deg","23.954","°C","100.000","%a.s.","21.023","deg","23.635","°C","1019.000","hPa","0.861","-0.02617","0.00035","0","0","13.56","Humid","28.00","0","54.00","361416.11","SABD0000000001","AAV1.0.0.11","1.1.2.0","PSt7-10","170328-007","9/30/2017 19:06:43","0000-00","0","no battery","V"
"09/09/2020","10:37:18","2","default","115855972","OXY_CH2","71.728","min","183.991","µmol/L","Humid","20.716","deg","79869","µV","29.933","°C","1016.000","hPa","35.3","pmil","0","53.237","deg","23.954","°C","100.000","%a.s.","21.023","deg","23.635","°C","1019.000","hPa","0.861","-0.02617","0.00035","0","0","13.56","Humid","28.00","0","54.00","361405.48","SABD0000000001","AAV1.0.0.11","1.1.2.0","PSt7-10","170328-007","9/30/2017 19:06:43","0000-00","0","no battery","V"
"09/09/2020","10:37:19","2","default","115855972","OXY_CH2","71.744","min","184.024","µmol/L","Humid","20.717","deg","79862","µV","29.925","°C","1016.000","hPa","35.3","pmil","0","53.237","deg","23.954","°C","100.000","%a.s.","21.023","deg","23.635","°C","1019.000","hPa","0.861","-0.02617","0.00035","0","0","13.56","Humid","28.00","0","54.00","361413.97","SABD0000000001","AAV1.0.0.11","1.1.2.0","PSt7-10","170328-007","9/30/2017 19:06:43","0000-00","0","no battery","V"
"09/09/2020","10:37:20","2","default","115855972","OXY_CH2","71.761","min","183.920","µmol/L","Humid","20.724","deg","79865","µV","29.922","°C","1016.000","hPa","35.3","pmil","0","53.237","deg","23.954","°C","100.000","%a.s.","21.023","deg","23.635","°C","1019.000","hPa","0.861","-0.02617","0.00035","0","0","13.56","Humid","28.00","0","54.00","361417.97","SABD0000000001","AAV1.0.0.11","1.1.2.0","PSt7-10","170328-007","9/30/2017 19:06:43","0000-00","0","no battery","V"
"09/09/2020","10:37:21","2","default","115855972","OXY_CH2","71.777","min","183.944","µmol/L","Humid","20.720","deg","79858","µV","29.930","°C","1016.000","hPa","35.3","pmil","0","53.237","deg","23.954","°C","100.000","%a.s.","21.023","deg","23.635","°C","1019.000","hPa","0.861","-0.02617","0.00035","0","0","13.56","Humid","28.00","0","54.00","361403.10","SABD0000000001","AAV1.0.0.11","1.1.2.0","PSt7-10","170328-007","9/30/2017 19:06:43","0000-00","0","no battery","V"
"09/09/2020","10:37:22","2","default","115855972","OXY_CH2","71.794","min","184.014","µmol/L","Humid","20.720","deg","79859","µV","29.918","°C","1016.000","hPa","35.3","pmil","0","53.237","deg","23.954","°C","100.000","%a.s.","21.023","deg","23.635","°C","1019.000","hPa","0.861","-0.02617","0.00035","0","0","13.56","Humid","28.00","0","54.00","361415.19","SABD0000000001","AAV1.0.0.11","1.1.2.0","PSt7-10","170328-007","9/30/2017 19:06:43","0000-00","0","no battery","V"
"09/09/2020","10:37:23","2","default","115855972","OXY_CH2","71.810","min","184.021","µmol/L","Humid","20.719","deg","79867","µV","29.920","°C","1016.000","hPa","35.3","pmil","0","53.237","deg","23.954","°C","100.000","%a.s.","21.023","deg","23.635","°C","1019.000","hPa","0.861","-0.02617","0.00035","0","0","13.56","Humid","28.00","0","54.00","361419.13","SABD0000000001","AAV1.0.0.11","1.1.2.0","PSt7-10","170328-007","9/30/2017 19:06:43","0000-00","0","no battery","V"
"09/09/2020","10:37:24","2","default","115855972","OXY_CH2","71.827","min","183.981","µmol/L","Humid","20.721","deg","79861","µV","29.921","°C","1016.000","hPa","35.3","pmil","0","53.237","deg","23.954","°C","100.000","%a.s.","21.023","deg","23.635","°C","1019.000","hPa","0.861","-0.02617","0.00035","0","0","13.56","Humid","28.00","0","54.00","361420.31","SABD0000000001","AAV1.0.0.11","1.1.2.0","PSt7-10","170328-007","9/30/2017 19:06:43","0000-00","0","no battery","V"
"09/09/2020","10:37:25","2","default","115855972","OXY_CH2","71.844","min","184.098","µmol/L","Humid","20.713","deg","79858","µV","29.924","°C","1016.000","hPa","35.3","pmil","0","53.237","deg","23.954","°C","100.000","%a.s.","21.023","deg","23.635","°C","1019.000","hPa","0.861","-0.02617","0.00035","0","0","13.56","Humid","28.00","0","54.00","361408.38","SABD0000000001","AAV1.0.0.11","1.1.2.0","PSt7-10","170328-007","9/30/2017 19:06:43","0000-00","0","no battery","V"
"09/09/2020","10:37:26","2","default","115855972","OXY_CH2","71.861","min","183.929","µmol/L","Humid","20.715","deg","79849","µV","29.947","°C","1016.000","hPa","35.3","pmil","0","53.237","deg","23.954","°C","100.000","%a.s.","21.023","deg","23.635","°C","1019.000","hPa","0.861","-0.02617","0.00035","0","0","13.56","Humid","28.00","0","54.00","361391.26","SABD0000000001","AAV1.0.0.11","1.1.2.0","PSt7-10","170328-007","9/30/2017 19:06:43","0000-00","0","no battery","V"
"09/09/2020","10:37:27","2","default","115855972","OXY_CH2","71.878","min","183.958","µmol/L","Humid","20.715","deg","79856","µV","29.942","°C","1016.000","hPa","35.3","pmil","0","53.237","deg","23.954","°C","100.000","%a.s.","21.023","deg","23.635","°C","1019.000","hPa","0.861","-0.02617","0.00035","0","0","13.56","Humid","28.00","0","54.00","361400.17","SABD0000000001","AAV1.0.0.11","1.1.2.0","PSt7-10","170328-007","9/30/2017 19:06:43","0000-00","0","no battery","V"
"09/09/2020","10:37:28","2","default","115855972","OXY_CH2","71.894","min","183.936","µmol/L","Humid","20.717","deg","79851","µV","29.940","°C","1016.000","hPa","35.3","pmil","0","53.237","deg","23.954","°C","100.000","%a.s.","21.023","deg","23.635","°C","1019.000","hPa","0.861","-0.02617","0.00035","0","0","13.56","Humid","28.00","0","54.00","361390.02","SABD0000000001","AAV1.0.0.11","1.1.2.0","PSt7-10","170328-007","9/30/2017 19:06:43","0000-00","0","no battery","V"
"09/09/2020","10:37:29","2","default","115855972","OXY_CH2","71.911","min","183.914","µmol/L","Humid","20.719","deg","79849","µV","29.938","°C","1016.000","hPa","35.3","pmil","0","53.237","deg","23.954","°C","100.000","%a.s.","21.023","deg","23.635","°C","1019.000","hPa","0.861","-0.02617","0.00035","0","0","13.56","Humid","28.00","0","54.00","361393.69","SABD0000000001","AAV1.0.0.11","1.1.2.0","PSt7-10","170328-007","9/30/2017 19:06:43","0000-00","0","no battery","V"
"09/09/2020","10:37:30","2","default","115855972","OXY_CH2","71.928","min","183.884","µmol/L","Humid","20.721","deg","79852","µV","29.937","°C","1016.000","hPa","35.3","pmil","0","53.237","deg","23.954","°C","100.000","%a.s.","21.023","deg","23.635","°C","1019.000","hPa","0.861","-0.02617","0.00035","0","0","13.56","Humid","28.00","0","54.00","361395.98","SABD0000000001","AAV1.0.0.11","1.1.2.0","PSt7-10","170328-007","9/30/2017 19:06:43","0000-00","0","no battery","V"
"09/09/2020","10:37:31","2","default","115855972","OXY_CH2","71.944","min","184.005","µmol/L","Humid","20.716","deg","79846","µV","29.931","°C","1016.000","hPa","35.3","pmil","0","53.237","deg","23.954","°C","100.000","%a.s.","21.023","deg","23.635","°C","1019.000","hPa","0.861","-0.02617","0.00035","0","0","13.56","Humid","28.00","0","54.00","361395.52","SABD0000000001","AAV1.0.0.11","1.1.2.0","PSt7-10","170328-007","9/30/2017 19:06:43","0000-00","0","no battery","V"
"09/09/2020","10:37:32","2","default","115855972","OXY_CH2","71.961","min","184.026","µmol/L","Humid","20.717","deg","79851","µV","29.924","°C","1016.000","hPa","35.3","pmil","0","53.237","deg","23.954","°C","100.000","%a.s.","21.023","deg","23.635","°C","1019.000","hPa","0.861","-0.02617","0.00035","0","0","13.56","Humid","28.00","0","54.00","361393.91","SABD0000000001","AAV1.0.0.11","1.1.2.0","PSt7-10","170328-007","9/30/2017 19:06:43","0000-00","0","no battery","V"
"09/09/2020","10:37:33","2","default","115855972","OXY_CH2","71.977","min","183.940","µmol/L","Humid","20.721","deg","79847","µV","29.928","°C","1016.000","hPa","35.3","pmil","0","53.237","deg","23.954","°C","100.000","%a.s.","21.023","deg","23.635","°C","1019.000","hPa","0.861","-0.02617","0.00035","0","0","13.56","Humid","28.00","0","54.00","361403.94","SABD0000000001","AAV1.0.0.11","1.1.2.0","PSt7-10","170328-007","9/30/2017 19:06:43","0000-00","0","no battery","V"
"09/09/2020","10:37:34","2","default","115855972","OXY_CH2","71.994","min","183.976","µmol/L","Humid","20.718","deg","79843","µV","29.930","°C","1016.000","hPa","35.3","pmil","0","53.237","deg","23.954","°C","100.000","%a.s.","21.023","deg","23.635","°C","1019.000","hPa","0.861","-0.02617","0.00035","0","0","13.56","Humid","28.00","0","54.00","361388.01","SABD0000000001","AAV1.0.0.11","1.1.2.0","PSt7-10","170328-007","9/30/2017 19:06:43","0000-00","0","no battery","V"
"09/09/2020","10:37:35","2","default","115855972","OXY_CH2","72.010","min","183.873","µmol/L","Humid","20.717","deg","79847","µV","29.951","°C","1016.000","hPa","35.3","pmil","0","53.237","deg","23.954","°C","100.000","%a.s.","21.023","deg","23.635","°C","1019.000","hPa","0.861","-0.02617","0.00035","0","0","13.56","Humid","28.00","0","54.00","361380.38","SABD0000000001","AAV1.0.0.11","1.1.2.0","PSt7-10","170328-007","9/30/2017 19:06:43","0000-00","0","no battery","V"
"09/09/2020","10:37:36","2","default","115855972","OXY_CH2","72.027","min","183.910","µmol/L","Humid","20.716","deg","79849","µV","29.947","°C","1016.000","hPa","35.3","pmil","0","53.237","deg","23.954","°C","100.000","%a.s.","21.023","deg","23.635","°C","1019.000","hPa","0.861","-0.02617","0.00035","0","0","13.56","Humid","28.00","0","54.00","361390.82","SABD0000000001","AAV1.0.0.11","1.1.2.0","PSt7-10","170328-007","9/30/2017 19:06:43","0000-00","0","no battery","V"
"09/09/2020","10:37:37","2","default","115855972","OXY_CH2","72.044","min","183.891","µmol/L","Humid","20.718","deg","79839","µV","29.945","°C","1016.000","hPa","35.3","pmil","0","53.237","deg","23.954","°C","100.000","%a.s.","21.023","deg","23.635","°C","1019.000","hPa","0.861","-0.02617","0.00035","0","0","13.56","Humid","28.00","0","54.00","361395.36","SABD0000000001","AAV1.0.0.11","1.1.2.0","PSt7-10","170328-007","9/30/2017 19:06:43","0000-00","0","no battery","V"
"09/09/2020","10:37:38","2","default","115855972","OXY_CH2","72.061","min","184.000","µmol/L","Humid","20.714","deg","79845","µV","29.937","°C","1016.000","hPa","35.3","pmil","0","53.237","deg","23.954","°C","100.000","%a.s.","21.023","deg","23.635","°C","1019.000","hPa","0.861","-0.02617","0.00035","0","0","13.56","Humid","28.00","0","54.00","361406.41","SABD0000000001","AAV1.0.0.11","1.1.2.0","PSt7-10","170328-007","9/30/2017 19:06:43","0000-00","0","no battery","V"
"09/09/2020","10:37:39","2","default","115855972","OXY_CH2","72.077","min","183.999","µmol/L","Humid","20.714","deg","79845","µV","29.938","°C","1016.000","hPa","35.3","pmil","0","53.237","deg","23.954","°C","100.000","%a.s.","21.023","deg","23.635","°C","1019.000","hPa","0.861","-0.02617","0.00035","0","0","13.56","Humid","28.00","0","54.00","361397.09","SABD0000000001","AAV1.0.0.11","1.1.2.0","PSt7-10","170328-007","9/30/2017 19:06:43","0000-00","0","no battery","V"
"09/09/2020","10:37:40","2","default","115855972","OXY_CH2","72.094","min","184.078","µmol/L","Humid","20.714","deg","79840","µV","29.924","°C","1016.000","hPa","35.3","pmil","0","53.237","deg","23.954","°C","100.000","%a.s.","21.023","deg","23.635","°C","1019.000","hPa","0.861","-0.02617","0.00035","0","0","13.56","Humid","28.00","0","54.00","361400.41","SABD0000000001","AAV1.0.0.11","1.1.2.0","PSt7-10","170328-007","9/30/2017 19:06:43","0000-00","0","no battery","V"
"09/09/2020","10:37:41","2","default","115855972","OXY_CH2","72.111","min","184.078","µmol/L","Humid","20.715","deg","79838","µV","29.921","°C","1016.000","hPa","35.3","pmil","0","53.237","deg","23.954","°C","100.000","%a.s.","21.023","deg","23.635","°C","1019.000","hPa","0.861","-0.02617","0.00035","0","0","13.56","Humid","28.00","0","54.00","361391.04","SABD0000000001","AAV1.0.0.11","1.1.2.0","PSt7-10","170328-007","9/30/2017 19:06:43","0000-00","0","no battery","V"
"09/09/2020","10:37:42","2","default","115855972","OXY_CH2","72.127","min","184.141","µmol/L","Humid","20.713","deg","79835","µV","29.916","°C","1016.000","hPa","35.3","pmil","0","53.237","deg","23.954","°C","100.000","%a.s.","21.023","deg","23.635","°C","1019.000","hPa","0.861","-0.02617","0.00035","0","0","13.56","Humid","28.00","0","54.00","361383.21","SABD0000000001","AAV1.0.0.11","1.1.2.0","PSt7-10","170328-007","9/30/2017 19:06:43","0000-00","0","no battery","V"
"09/09/2020","10:37:43","2","default","115855972","OXY_CH2","72.144","min","184.097","µmol/L","Humid","20.713","deg","79836","µV","29.924","°C","1016.000","hPa","35.3","pmil","0","53.237","deg","23.954","°C","100.000","%a.s.","21.023","deg","23.635","°C","1019.000","hPa","0.861","-0.02617","0.00035","0","0","13.56","Humid","28.00","0","54.00","361382.39","SABD0000000001","AAV1.0.0.11","1.1.2.0","PSt7-10","170328-007","9/30/2017 19:06:43","0000-00","0","no battery","V"
"09/09/2020","10:37:44","2","default","115855972","OXY_CH2","72.161","min","183.973","µmol/L","Humid","20.714","deg","79838","µV","29.942","°C","1016.000","hPa","35.3","pmil","0","53.237","deg","23.954","°C","100.000","%a.s.","21.023","deg","23.635","°C","1019.000","hPa","0.861","-0.02617","0.00035","0","0","13.56","Humid","28.00","0","54.00","361400.01","SABD0000000001","AAV1.0.0.11","1.1.2.0","PSt7-10","170328-007","9/30/2017 19:06:43","0000-00","0","no battery","V"
"09/09/2020","10:37:45","2","default","115855972","OXY_CH2","72.177","min","184.079","µmol/L","Humid","20.709","deg","79834","µV","29.938","°C","1016.000","hPa","35.3","pmil","0","53.237","deg","23.954","°C","100.000","%a.s.","21.023","deg","23.635","°C","1019.000","hPa","0.861","-0.02617","0.00035","0","0","13.56","Humid","28.00","0","54.00","361385.31","SABD0000000001","AAV1.0.0.11","1.1.2.0","PSt7-10","170328-007","9/30/2017 19:06:43","0000-00","0","no battery","V"
"09/09/2020","10:37:46","2","default","115855972","OXY_CH2","72.194","min","183.955","µmol/L","Humid","20.714","deg","79838","µV","29.945","°C","1016.000","hPa","35.3","pmil","0","53.237","deg","23.954","°C","100.000","%a.s.","21.023","deg","23.635","°C","1019.000","hPa","0.861","-0.02617","0.00035","0","0","13.56","Humid","28.00","0","54.00","361386.81","SABD0000000001","AAV1.0.0.11","1.1.2.0","PSt7-10","170328-007","9/30/2017 19:06:43","0000-00","0","no battery","V"
"09/09/2020","10:37:47","2","default","115855972","OXY_CH2","72.210","min","183.979","µmol/L","Humid","20.715","deg","79834","µV","29.938","°C","1016.000","hPa","35.3","pmil","0","53.237","deg","23.954","°C","100.000","%a.s.","21.023","deg","23.635","°C","1019.000","hPa","0.861","-0.02617","0.00035","0","0","13.56","Humid","28.00","0","54.00","361379.06","SABD0000000001","AAV1.0.0.11","1.1.2.0","PSt7-10","170328-007","9/30/2017 19:06:43","0000-00","0","no battery","V"
"09/09/2020","10:37:48","2","default","115855972","OXY_CH2","72.227","min","184.015","µmol/L","Humid","20.716","deg","79833","µV","29.929","°C","1016.000","hPa","35.3","pmil","0","53.237","deg","23.954","°C","100.000","%a.s.","21.023","deg","23.635","°C","1019.000","hPa","0.861","-0.02617","0.00035","0","0","13.56","Humid","28.00","0","54.00","361383.92","SABD0000000001","AAV1.0.0.11","1.1.2.0","PSt7-10","170328-007","9/30/2017 19:06:43","0000-00","0","no battery","V"
"09/09/2020","10:37:49","2","default","115855972","OXY_CH2","72.244","min","183.967","µmol/L","Humid","20.718","deg","79835","µV","29.932","°C","1016.000","hPa","35.3","pmil","0","53.237","deg","23.954","°C","100.000","%a.s.","21.023","deg","23.635","°C","1019.000","hPa","0.861","-0.02617","0.00035","0","0","13.56","Humid","28.00","0","54.00","361388.62","SABD0000000001","AAV1.0.0.11","1.1.2.0","PSt7-10","170328-007","9/30/2017 19:06:43","0000-00","0","no battery","V"
"09/09/2020","10:37:50","2","default","115855972","OXY_CH2","72.260","min","184.036","µmol/L","Humid","20.717","deg","79834","µV","29.923","°C","1016.000","hPa","35.3","pmil","0","53.237","deg","23.954","°C","100.000","%a.s.","21.023","deg","23.635","°C","1019.000","hPa","0.861","-0.02617","0.00035","0","0","13.56","Humid","28.00","0","54.00","361392.05","SABD0000000001","AAV1.0.0.11","1.1.2.0","PSt7-10","170328-007","9/30/2017 19:06:43","0000-00","0","no battery","V"
"09/09/2020","10:37:51","2","default","115855972","OXY_CH2","72.277","min","184.150","µmol/L","Humid","20.708","deg","79839","µV","29.929","°C","1016.000","hPa","35.3","pmil","0","53.237","deg","23.954","°C","100.000","%a.s.","21.023","deg","23.635","°C","1019.000","hPa","0.861","-0.02617","0.00035","0","0","13.56","Humid","28.00","0","54.00","361389.32","SABD0000000001","AAV1.0.0.11","1.1.2.0","PSt7-10","170328-007","9/30/2017 19:06:43","0000-00","0","no battery","V"
"09/09/2020","10:37:52","2","default","115855972","OXY_CH2","72.294","min","183.968","µmol/L","Humid","20.717","deg","79833","µV","29.934","°C","1016.000","hPa","35.3","pmil","0","53.237","deg","23.954","°C","100.000","%a.s.","21.023","deg","23.635","°C","1019.000","hPa","0.861","-0.02617","0.00035","0","0","13.56","Humid","28.00","0","54.00","361377.12","SABD0000000001","AAV1.0.0.11","1.1.2.0","PSt7-10","170328-007","9/30/2017 19:06:43","0000-00","0","no battery","V"
"09/09/2020","10:37:53","2","default","115855972","OXY_CH2","72.311","min","184.004","µmol/L","Humid","20.714","deg","79829","µV","29.937","°C","1016.000","hPa","35.3","pmil","0","53.237","deg","23.954","°C","100.000","%a.s.","21.023","deg","23.635","°C","1019.000","hPa","0.861","-0.02617","0.00035","0","0","13.56","Humid","28.00","0","54.00","361383.01","SABD0000000001","AAV1.0.0.11","1.1.2.0","PSt7-10","170328-007","9/30/2017 19:06:43","0000-00","0","no battery","V"
"09/09/2020","10:37:54","2","default","115855972","OXY_CH2","72.327","min","184.046","µmol/L","Humid","20.715","deg","79830","µV","29.927","°C","1016.000","hPa","35.3","pmil","0","53.237","deg","23.954","°C","100.000","%a.s.","21.023","deg","23.635","°C","1019.000","hPa","0.861","-0.02617","0.00035","0","0","13.56","Humid","28.00","0","54.00","361377.37","SABD0000000001","AAV1.0.0.11","1.1.2.0","PSt7-10","170328-007","9/30/2017 19:06:43","0000-00","0","no battery","V"
"09/09/2020","10:37:55","2","default","115855972","OXY_CH2","72.344","min","184.004","µmol/L","Humid","20.713","deg","79834","µV","29.940","°C","1016.000","hPa","35.3","pmil","0","53.237","deg","23.954","°C","100.000","%a.s.","21.023","deg","23.635","°C","1019.000","hPa","0.861","-0.02617","0.00035","0","0","13.56","Humid","28.00","0","54.00","361383.14","SABD0000000001","AAV1.0.0.11","1.1.2.0","PSt7-10","170328-007","9/30/2017 19:06:43","0000-00","0","no battery","V"
"09/09/2020","10:37:56","2","default","115855972","OXY_CH2","72.360","min","184.059","µmol/L","Humid","20.712","deg","79827","µV","29.933","°C","1016.000","hPa","35.3","pmil","0","53.237","deg","23.954","°C","100.000","%a.s.","21.023","deg","23.635","°C","1019.000","hPa","0.861","-0.02617","0.00035","0","0","13.56","Humid","28.00","0","54.00","361379.75","SABD0000000001","AAV1.0.0.11","1.1.2.0","PSt7-10","170328-007","9/30/2017 19:06:43","0000-00","0","no battery","V"
"09/09/2020","10:37:57","2","default","115855972","OXY_CH2","72.377","min","184.027","µmol/L","Humid","20.717","deg","79832","µV","29.924","°C","1016.000","hPa","35.3","pmil","0","53.237","deg","23.954","°C","100.000","%a.s.","21.023","deg","23.635","°C","1019.000","hPa","0.861","-0.02617","0.00035","0","0","13.56","Humid","28.00","0","54.00","361383.80","SABD0000000001","AAV1.0.0.11","1.1.2.0","PSt7-10","170328-007","9/30/2017 19:06:43","0000-00","0","no battery","V"
"09/09/2020","10:37:58","2","default","115855972","OXY_CH2","72.394","min","184.091","µmol/L","Humid","20.710","deg","79823","µV","29.933","°C","1016.000","hPa","35.3","pmil","0","53.237","deg","23.954","°C","100.000","%a.s.","21.023","deg","23.635","°C","1019.000","hPa","0.861","-0.02617","0.00035","0","0","13.56","Humid","28.00","0","54.00","361383.68","SABD0000000001","AAV1.0.0.11","1.1.2.0","PSt7-10","170328-007","9/30/2017 19:06:43","0000-00","0","no battery","V"
"09/09/2020","10:37:59","2","default","115855972","OXY_CH2","72.410","min","184.020","µmol/L","Humid","20.714","deg","79824","µV","29.934","°C","1016.000","hPa","35.3","pmil","0","53.237","deg","23.954","°C","100.000","%a.s.","21.023","deg","23.635","°C","1019.000","hPa","0.861","-0.02617","0.00035","0","0","13.56","Humid","28.00","0","54.00","361363.11","SABD0000000001","AAV1.0.0.11","1.1.2.0","PSt7-10","170328-007","9/30/2017 19:06:43","0000-00","0","no battery","V"
"09/09/2020","10:38:00","2","default","115855972","OXY_CH2","72.427","min","183.968","µmol/L","Humid","20.712","deg","79826","µV","29.949","°C","1016.000","hPa","35.3","pmil","0","53.237","deg","23.954","°C","100.000","%a.s.","21.023","deg","23.635","°C","1019.000","hPa","0.861","-0.02617","0.00035","0","0","13.56","Humid","28.00","0","54.00","361377.28","SABD0000000001","AAV1.0.0.11","1.1.2.0","PSt7-10","170328-007","9/30/2017 19:06:43","0000-00","0","no battery","V"
"09/09/2020","10:38:01","2","default","115855972","OXY_CH2","72.444","min","184.173","µmol/L","Humid","20.710","deg","79826","µV","29.919","°C","1016.000","hPa","35.3","pmil","0","53.237","deg","23.954","°C","100.000","%a.s.","21.023","deg","23.635","°C","1019.000","hPa","0.861","-0.02617","0.00035","0","0","13.56","Humid","28.00","0","54.00","361371.67","SABD0000000001","AAV1.0.0.11","1.1.2.0","PSt7-10","170328-007","9/30/2017 19:06:43","0000-00","0","no battery","V"
"09/09/2020","10:38:02","2","default","115855972","OXY_CH2","72.461","min","184.156","µmol/L","Humid","20.710","deg","79820","µV","29.922","°C","1016.000","hPa","35.3","pmil","0","53.237","deg","23.954","°C","100.000","%a.s.","21.023","deg","23.635","°C","1019.000","hPa","0.861","-0.02617","0.00035","0","0","13.56","Humid","28.00","0","54.00","361373.56","SABD0000000001","AAV1.0.0.11","1.1.2.0","PSt7-10","170328-007","9/30/2017 19:06:43","0000-00","0","no battery","V"
"09/09/2020","10:38:03","2","default","115855972","OXY_CH2","72.478","min","184.204","µmol/L","Humid","20.709","deg","79822","µV","29.917","°C","1016.000","hPa","35.3","pmil","0","53.237","deg","23.954","°C","100.000","%a.s.","21.023","deg","23.635","°C","1019.000","hPa","0.861","-0.02617","0.00035","0","0","13.56","Humid","28.00","0","54.00","361385.40","SABD0000000001","AAV1.0.0.11","1.1.2.0","PSt7-10","170328-007","9/30/2017 19:06:43","0000-00","0","no battery","V"
"09/09/2020","10:38:04","2","default","115855972","OXY_CH2","72.494","min","184.017","µmol/L","Humid","20.709","deg","79818","µV","29.949","°C","1016.000","hPa","35.3","pmil","0","53.237","deg","23.954","°C","100.000","%a.s.","21.023","deg","23.635","°C","1019.000","hPa","0.861","-0.02617","0.00035","0","0","13.56","Humid","28.00","0","54.00","361375.54","SABD0000000001","AAV1.0.0.11","1.1.2.0","PSt7-10","170328-007","9/30/2017 19:06:43","0000-00","0","no battery","V"
"09/09/2020","10:38:05","2","default","115855972","OXY_CH2","72.511","min","183.999","µmol/L","Humid","20.712","deg","79822","µV","29.944","°C","1016.000","hPa","35.3","pmil","0","53.237","deg","23.954","°C","100.000","%a.s.","21.023","deg","23.635","°C","1019.000","hPa","0.861","-0.02617","0.00035","0","0","13.56","Humid","28.00","0","54.00","361374.11","SABD0000000001","AAV1.0.0.11","1.1.2.0","PSt7-10","170328-007","9/30/2017 19:06:43","0000-00","0","no battery","V"
"09/09/2020","10:38:06","2","default","115855972","OXY_CH2","72.528","min","184.041","µmol/L","Humid","20.713","deg","79828","µV","29.933","°C","1016.000","hPa","35.3","pmil","0","53.237","deg","23.954","°C","100.000","%a.s.","21.023","deg","23.635","°C","1019.000","hPa","0.861","-0.02617","0.00035","0","0","13.56","Humid","28.00","0","54.00","361389.06","SABD0000000001","AAV1.0.0.11","1.1.2.0","PSt7-10","170328-007","9/30/2017 19:06:43","0000-00","0","no battery","V"
"09/09/2020","10:38:07","2","default","115855972","OXY_CH2","72.544","min","184.090","µmol/L","Humid","20.710","deg","79814","µV","29.934","°C","1016.000","hPa","35.3","pmil","0","53.237","deg","23.954","°C","100.000","%a.s.","21.023","deg","23.635","°C","1019.000","hPa","0.861","-0.02617","0.00035","0","0","13.56","Humid","28.00","0","54.00","361363.77","SABD0000000001","AAV1.0.0.11","1.1.2.0","PSt7-10","170328-007","9/30/2017 19:06:43","0000-00","0","no battery","V"
"09/09/2020","10:38:08","2","default","115855972","OXY_CH2","72.561","min","184.033","µmol/L","Humid","20.712","deg","79811","µV","29.938","°C","1016.000","hPa","35.3","pmil","0","53.237","deg","23.954","°C","100.000","%a.s.","21.023","deg","23.635","°C","1019.000","hPa","0.861","-0.02617","0.00035","0","0","13.56","Humid","28.00","0","54.00","361367.48","SABD0000000001","AAV1.0.0.11","1.1.2.0","PSt7-10","170328-007","9/30/2017 19:06:43","0000-00","0","no battery","V"
"09/09/2020","10:38:09","2","default","115855972","OXY_CH2","72.578","min","184.094","µmol/L","Humid","20.709","deg","79818","µV","29.936","°C","1016.000","hPa","35.3","pmil","0","53.237","deg","23.954","°C","100.000","%a.s.","21.023","deg","23.635","°C","1019.000","hPa","0.861","-0.02617","0.00035","0","0","13.56","Humid","28.00","0","54.00","361376.61","SABD0000000001","AAV1.0.0.11","1.1.2.0","PSt7-10","170328-007","9/30/2017 19:06:43","0000-00","0","no battery","V"
"09/09/2020","10:38:10","2","default","115855972","OXY_CH2","72.594","min","184.029","µmol/L","Humid","20.708","deg","79814","µV","29.950","°C","1016.000","hPa","35.3","pmil","0","53.237","deg","23.954","°C","100.000","%a.s.","21.023","deg","23.635","°C","1019.000","hPa","0.861","-0.02617","0.00035","0","0","13.56","Humid","28.00","0","54.00","361364.23","SABD0000000001","AAV1.0.0.11","1.1.2.0","PSt7-10","170328-007","9/30/2017 19:06:43","0000-00","0","no battery","V"
"09/09/2020","10:38:11","2","default","115855972","OXY_CH2","72.611","min","184.124","µmol/L","Humid","20.706","deg","79819","µV","29.939","°C","1016.000","hPa","35.3","pmil","0","53.237","deg","23.954","°C","100.000","%a.s.","21.023","deg","23.635","°C","1019.000","hPa","0.861","-0.02617","0.00035","0","0","13.56","Humid","28.00","0","54.00","361366.89","SABD0000000001","AAV1.0.0.11","1.1.2.0","PSt7-10","170328-007","9/30/2017 19:06:43","0000-00","0","no battery","V"
"09/09/2020","10:38:12","2","default","115855972","OXY_CH2","72.627","min","184.075","µmol/L","Humid","20.710","deg","79814","µV","29.936","°C","1016.000","hPa","35.3","pmil","0","53.237","deg","23.954","°C","100.000","%a.s.","21.023","deg","23.635","°C","1019.000","hPa","0.861","-0.02617","0.00035","0","0","13.56","Humid","28.00","0","54.00","361366.26","SABD0000000001","AAV1.0.0.11","1.1.2.0","PSt7-10","170328-007","9/30/2017 19:06:43","0000-00","0","no battery","V"
"09/09/2020","10:38:13","2","default","115855972","OXY_CH2","72.644","min","184.061","µmol/L","Humid","20.713","deg","79814","µV","29.930","°C","1016.000","hPa","35.3","pmil","0","53.237","deg","23.954","°C","100.000","%a.s.","21.023","deg","23.635","°C","1019.000","hPa","0.861","-0.02617","0.00035","0","0","13.56","Humid","28.00","0","54.00","361372.02","SABD0000000001","AAV1.0.0.11","1.1.2.0","PSt7-10","170328-007","9/30/2017 19:06:43","0000-00","0","no battery","V"
"09/09/2020","10:38:14","2","default","115855972","OXY_CH2","72.660","min","184.164","µmol/L","Humid","20.706","deg","79808","µV","29.932","°C","1016.000","hPa","35.3","pmil","0","53.237","deg","23.954","°C","100.000","%a.s.","21.023","deg","23.635","°C","1019.000","hPa","0.861","-0.02617","0.00035","0","0","13.56","Humid","28.00","0","54.00","361371.14","SABD0000000001","AAV1.0.0.11","1.1.2.0","PSt7-10","170328-007","9/30/2017 19:06:43","0000-00","0","no battery","V"
"09/09/2020","10:38:15","2","default","115855972","OXY_CH2","72.677","min","183.988","µmol/L","Humid","20.710","deg","79820","µV","29.951","°C","1016.000","hPa","35.3","pmil","0","53.237","deg","23.954","°C","100.000","%a.s.","21.023","deg","23.635","°C","1019.000","hPa","0.861","-0.02617","0.00035","0","0","13.56","Humid","28.00","0","54.00","361375.48","SABD0000000001","AAV1.0.0.11","1.1.2.0","PSt7-10","170328-007","9/30/2017 19:06:43","0000-00","0","no battery","V"
"09/09/2020","10:38:16","2","default","115855972","OXY_CH2","72.694","min","184.031","µmol/L","Humid","20.711","deg","79815","µV","29.941","°C","1016.000","hPa","35.3","pmil","0","53.237","deg","23.954","°C","100.000","%a.s.","21.023","deg","23.635","°C","1019.000","hPa","0.861","-0.02617","0.00035","0","0","13.56","Humid","28.00","0","54.00","361372.39","SABD0000000001","AAV1.0.0.11","1.1.2.0","PSt7-10","170328-007","9/30/2017 19:06:43","0000-00","0","no battery","V"
"09/09/2020","10:38:17","2","default","115855972","OXY_CH2","72.711","min","184.221","µmol/L","Humid","20.705","deg","79805","µV","29.926","°C","1016.000","hPa","35.3","pmil","0","53.237","deg","23.954","°C","100.000","%a.s.","21.023","deg","23.635","°C","1019.000","hPa","0.861","-0.02617","0.00035","0","0","13.56","Humid","28.00","0","54.00","361381.35","SABD0000000001","AAV1.0.0.11","1.1.2.0","PSt7-10","170328-007","9/30/2017 19:06:43","0000-00","0","no battery","V"
"09/09/2020","10:38:18","2","default","115855972","OXY_CH2","72.727","min","184.197","µmol/L","Humid","20.702","deg","79806","µV","29.938","°C","1016.000","hPa","35.3","pmil","0","53.237","deg","23.954","°C","100.000","%a.s.","21.023","deg","23.635","°C","1019.000","hPa","0.861","-0.02617","0.00035","0","0","13.56","Humid","28.00","0","54.00","361353.47","SABD0000000001","AAV1.0.0.11","1.1.2.0","PSt7-10","170328-007","9/30/2017 19:06:43","0000-00","0","no battery","V"
"09/09/2020","10:38:19","2","default","115855972","OXY_CH2","72.744","min","184.092","µmol/L","Humid","20.709","deg","79812","µV","29.936","°C","1016.000","hPa","35.3","pmil","0","53.237","deg","23.954","°C","100.000","%a.s.","21.023","deg","23.635","°C","1019.000","hPa","0.861","-0.02617","0.00035","0","0","13.56","Humid","28.00","0","54.00","361357.79","SABD0000000001","AAV1.0.0.11","1.1.2.0","PSt7-10","170328-007","9/30/2017 19:06:43","0000-00","0","no battery","V"
"09/09/2020","10:38:20","2","default","115855972","OXY_CH2","72.761","min","184.115","µmol/L","Humid","20.705","deg","79802","µV","29.944","°C","1016.000","hPa","35.3","pmil","0","53.237","deg","23.954","°C","100.000","%a.s.","21.023","deg","23.635","°C","1019.000","hPa","0.861","-0.02617","0.00035","0","0","13.56","Humid","28.00","0","54.00","361358.85","SABD0000000001","AAV1.0.0.11","1.1.2.0","PSt7-10","170328-007","9/30/2017 19:06:43","0000-00","0","no battery","V"
"09/09/2020","10:38:21","2","default","115855972","OXY_CH2","72.778","min","184.179","µmol/L","Humid","20.711","deg","79809","µV","29.915","°C","1016.000","hPa","35.3","pmil","0","53.237","deg","23.954","°C","100.000","%a.s.","21.023","deg","23.635","°C","1019.000","hPa","0.861","-0.02617","0.00035","0","0","13.56","Humid","28.00","0","54.00","361351.99","SABD0000000001","AAV1.0.0.11","1.1.2.0","PSt7-10","170328-007","9/30/2017 19:06:43","0000-00","0","no battery","V"
"09/09/2020","10:38:22","2","default","115855972","OXY_CH2","72.794","min","184.181","µmol/L","Humid","20.705","deg","79801","µV","29.932","°C","1016.000","hPa","35.3","pmil","0","53.237","deg","23.954","°C","100.000","%a.s.","21.023","deg","23.635","°C","1019.000","hPa","0.861","-0.02617","0.00035","0","0","13.56","Humid","28.00","0","54.00","361367.46","SABD0000000001","AAV1.0.0.11","1.1.2.0","PSt7-10","170328-007","9/30/2017 19:06:43","0000-00","0","no battery","V"
"09/09/2020","10:38:23","2","default","115855972","OXY_CH2","72.811","min","184.052","µmol/L","Humid","20.709","deg","79802","µV","29.943","°C","1016.000","hPa","35.3","pmil","0","53.237","deg","23.954","°C","100.000","%a.s.","21.023","deg","23.635","°C","1019.000","hPa","0.861","-0.02617","0.00035","0","0","13.56","Humid","28.00","0","54.00","361368.32","SABD0000000001","AAV1.0.0.11","1.1.2.0","PSt7-10","170328-007","9/30/2017 19:06:43","0000-00","0","no battery","V"
"09/09/2020","10:38:24","2","default","115855972","OXY_CH2","72.827","min","184.024","µmol/L","Humid","20.709","deg","79802","µV","29.948","°C","1016.000","hPa","35.3","pmil","0","53.237","deg","23.954","°C","100.000","%a.s.","21.023","deg","23.635","°C","1019.000","hPa","0.861","-0.02617","0.00035","0","0","13.56","Humid","28.00","0","54.00","361350.15","SABD0000000001","AAV1.0.0.11","1.1.2.0","PSt7-10","170328-007","9/30/2017 19:06:43","0000-00","0","no battery","V"
"09/09/2020","10:38:25","2","default","115855972","OXY_CH2","72.844","min","184.129","µmol/L","Humid","20.708","deg","79797","µV","29.933","°C","1016.000","hPa","35.3","pmil","0","53.237","deg","23.954","°C","100.000","%a.s.","21.023","deg","23.635","°C","1019.000","hPa","0.861","-0.02617","0.00035","0","0","13.56","Humid","28.00","0","54.00","361352.31","SABD0000000001","AAV1.0.0.11","1.1.2.0","PSt7-10","170328-007","9/30/2017 19:06:43","0000-00","0","no battery","V"
"09/09/2020","10:38:26","2","default","115855972","OXY_CH2","72.861","min","184.043","µmol/L","Humid","20.708","deg","79800","µV","29.947","°C","1016.000","hPa","35.3","pmil","0","53.237","deg","23.954","°C","100.000","%a.s.","21.023","deg","23.635","°C","1019.000","hPa","0.861","-0.02617","0.00035","0","0","13.56","Humid","28.00","0","54.00","361342.67","SABD0000000001","AAV1.0.0.11","1.1.2.0","PSt7-10","170328-007","9/30/2017 19:06:43","0000-00","0","no battery","V"
"09/09/2020","10:38:27","2","default","115855972","OXY_CH2","72.877","min","184.126","µmol/L","Humid","20.707","deg","79792","µV","29.936","°C","1016.000","hPa","35.3","pmil","0","53.237","deg","23.954","°C","100.000","%a.s.","21.023","deg","23.635","°C","1019.000","hPa","0.861","-0.02617","0.00035","0","0","13.56","Humid","28.00","0","54.00","361359.38","SABD0000000001","AAV1.0.0.11","1.1.2.0","PSt7-10","170328-007","9/30/2017 19:06:43","0000-00","0","no battery","V"
"09/09/2020","10:38:28","2","default","115855972","OXY_CH2","72.894","min","184.083","µmol/L","Humid","20.708","deg","79798","µV","29.941","°C","1016.000","hPa","35.3","pmil","0","53.237","deg","23.954","°C","100.000","%a.s.","21.023","deg","23.635","°C","1019.000","hPa","0.861","-0.02617","0.00035","0","0","13.56","Humid","28.00","0","54.00","361351.01","SABD0000000001","AAV1.0.0.11","1.1.2.0","PSt7-10","170328-007","9/30/2017 19:06:43","0000-00","0","no battery","V"
"09/09/2020","10:38:29","2","default","115855972","OXY_CH2","72.910","min","184.106","µmol/L","Humid","20.707","deg","79793","µV","29.940","°C","1016.000","hPa","35.3","pmil","0","53.237","deg","23.954","°C","100.000","%a.s.","21.023","deg","23.635","°C","1019.000","hPa","0.861","-0.02617","0.00035","0","0","13.56","Humid","28.00","0","54.00","361355.89","SABD0000000001","AAV1.0.0.11","1.1.2.0","PSt7-10","170328-007","9/30/2017 19:06:43","0000-00","0","no battery","V"
"09/09/2020","10:38:30","2","default","115855972","OXY_CH2","72.927","min","184.164","µmol/L","Humid","20.704","deg","79796","µV","29.938","°C","1016.000","hPa","35.3","pmil","0","53.237","deg","23.954","°C","100.000","%a.s.","21.023","deg","23.635","°C","1019.000","hPa","0.861","-0.02617","0.00035","0","0","13.56","Humid","28.00","0","54.00","361346.54","SABD0000000001","AAV1.0.0.11","1.1.2.0","PSt7-10","170328-007","9/30/2017 19:06:43","0000-00","0","no battery","V"
"09/09/2020","10:38:31","2","default","115855972","OXY_CH2","72.944","min","184.191","µmol/L","Humid","20.704","deg","79794","µV","29.934","°C","1016.000","hPa","35.3","pmil","0","53.237","deg","23.954","°C","100.000","%a.s.","21.023","deg","23.635","°C","1019.000","hPa","0.861","-0.02617","0.00035","0","0","13.56","Humid","28.00","0","54.00","361364.67","SABD0000000001","AAV1.0.0.11","1.1.2.0","PSt7-10","170328-007","9/30/2017 19:06:43","0000-00","0","no battery","V"
"09/09/2020","10:38:32","2","default","115855972","OXY_CH2","72.961","min","184.173","µmol/L","Humid","20.704","deg","79792","µV","29.937","°C","1016.000","hPa","35.3","pmil","0","53.237","deg","23.954","°C","100.000","%a.s.","21.023","deg","23.635","°C","1019.000","hPa","0.861","-0.02617","0.00035","0","0","13.56","Humid","28.00","0","54.00","361351.01","SABD0000000001","AAV1.0.0.11","1.1.2.0","PSt7-10","170328-007","9/30/2017 19:06:43","0000-00","0","no battery","V"
"09/09/2020","10:38:33","2","default","115855972","OXY_CH2","72.978","min","184.127","µmol/L","Humid","20.705","deg","79794","µV","29.942","°C","1016.000","hPa","35.3","pmil","0","53.237","deg","23.954","°C","100.000","%a.s.","21.023","deg","23.635","°C","1019.000","hPa","0.861","-0.02617","0.00035","0","0","13.56","Humid","28.00","0","54.00","361360.85","SABD0000000001","AAV1.0.0.11","1.1.2.0","PSt7-10","170328-007","9/30/2017 19:06:43","0000-00","0","no battery","V"
"09/09/2020","10:38:34","2","default","115855972","OXY_CH2","72.994","min","184.197","µmol/L","Humid","20.704","deg","79785","µV","29.933","°C","1016.000","hPa","35.3","pmil","0","53.237","deg","23.954","°C","100.000","%a.s.","21.023","deg","23.635","°C","1019.000","hPa","0.861","-0.02617","0.00035","0","0","13.56","Humid","28.00","0","54.00","361336.08","SABD0000000001","AAV1.0.0.11","1.1.2.0","PSt7-10","170328-007","9/30/2017 19:06:43","0000-00","0","no battery","V"
"09/09/2020","10:38:35","2","default","115855972","OXY_CH2","73.011","min","184.237","µmol/L","Humid","20.703","deg","79783","µV","29.929","°C","1016.000","hPa","35.3","pmil","0","53.237","deg","23.954","°C","100.000","%a.s.","21.023","deg","23.635","°C","1019.000","hPa","0.861","-0.02617","0.00035","0","0","13.56","Humid","28.00","0","54.00","361333.60","SABD0000000001","AAV1.0.0.11","1.1.2.0","PSt7-10","170328-007","9/30/2017 19:06:43","0000-00","0","no battery","V"
"09/09/2020","10:38:36","2","default","115855972","OXY_CH2","73.028","min","184.178","µmol/L","Humid","20.704","deg","79785","µV","29.936","°C","1016.000","hPa","35.3","pmil","0","53.237","deg","23.954","°C","100.000","%a.s.","21.023","deg","23.635","°C","1019.000","hPa","0.861","-0.02617","0.00035","0","0","13.56","Humid","28.00","0","54.00","361348.62","SABD0000000001","AAV1.0.0.11","1.1.2.0","PSt7-10","170328-007","9/30/2017 19:06:43","0000-00","0","no battery","V"
"09/09/2020","10:38:37","2","default","115855972","OXY_CH2","73.044","min","184.118","µmol/L","Humid","20.711","deg","79783","µV","29.926","°C","1016.000","hPa","35.3","pmil","0","53.237","deg","23.954","°C","100.000","%a.s.","21.023","deg","23.635","°C","1019.000","hPa","0.861","-0.02617","0.00035","0","0","13.56","Humid","28.00","0","54.00","361344.84","SABD0000000001","AAV1.0.0.11","1.1.2.0","PSt7-10","170328-007","9/30/2017 19:06:43","0000-00","0","no battery","V"
"09/09/2020","10:38:38","2","default","115855972","OXY_CH2","73.060","min","184.173","µmol/L","Humid","20.705","deg","79783","µV","29.934","°C","1016.000","hPa","35.3","pmil","0","53.237","deg","23.954","°C","100.000","%a.s.","21.023","deg","23.635","°C","1019.000","hPa","0.861","-0.02617","0.00035","0","0","13.56","Humid","28.00","0","54.00","361357.24","SABD0000000001","AAV1.0.0.11","1.1.2.0","PSt7-10","170328-007","9/30/2017 19:06:43","0000-00","0","no battery","V"
"09/09/2020","10:38:39","2","default","115855972","OXY_CH2","73.077","min","184.209","µmol/L","Humid","20.703","deg","79785","µV","29.933","°C","1016.000","hPa","35.3","pmil","0","53.237","deg","23.954","°C","100.000","%a.s.","21.023","deg","23.635","°C","1019.000","hPa","0.861","-0.02617","0.00035","0","0","13.56","Humid","28.00","0","54.00","361349.60","SABD0000000001","AAV1.0.0.11","1.1.2.0","PSt7-10","170328-007","9/30/2017 19:06:43","0000-00","0","no battery","V"
"09/09/2020","10:38:40","2","default","115855972","OXY_CH2","73.094","min","184.286","µmol/L","Humid","20.700","deg","79778","µV","29.929","°C","1016.000","hPa","35.3","pmil","0","53.237","deg","23.954","°C","100.000","%a.s.","21.023","deg","23.635","°C","1019.000","hPa","0.861","-0.02617","0.00035","0","0","13.56","Humid","28.00","0","54.00","361341.38","SABD0000000001","AAV1.0.0.11","1.1.2.0","PSt7-10","170328-007","9/30/2017 19:06:43","0000-00","0","no battery","V"
"09/09/2020","10:38:41","2","default","115855972","OXY_CH2","73.111","min","184.205","µmol/L","Humid","20.705","deg","79778","µV","29.928","°C","1016.000","hPa","35.3","pmil","0","53.237","deg","23.954","°C","100.000","%a.s.","21.023","deg","23.635","°C","1019.000","hPa","0.861","-0.02617","0.00035","0","0","13.56","Humid","28.00","0","54.00","361344.03","SABD0000000001","AAV1.0.0.11","1.1.2.0","PSt7-10","170328-007","9/30/2017 19:06:43","0000-00","0","no battery","V"
"09/09/2020","10:38:42","2","default","115855972","OXY_CH2","73.127","min","184.138","µmol/L","Humid","20.702","deg","79772","µV","29.949","°C","1016.000","hPa","35.3","pmil","0","53.237","deg","23.954","°C","100.000","%a.s.","21.023","deg","23.635","°C","1019.000","hPa","0.861","-0.02617","0.00035","0","0","13.56","Humid","28.00","0","54.00","361344.38","SABD0000000001","AAV1.0.0.11","1.1.2.0","PSt7-10","170328-007","9/30/2017 19:06:43","0000-00","0","no battery","V"
"09/09/2020","10:38:43","2","default","115855972","OXY_CH2","73.144","min","184.155","µmol/L","Humid","20.701","deg","79779","µV","29.949","°C","1016.000","hPa","35.3","pmil","0","53.237","deg","23.954","°C","100.000","%a.s.","21.023","deg","23.635","°C","1019.000","hPa","0.861","-0.02617","0.00035","0","0","13.56","Humid","28.00","0","54.00","361341.92","SABD0000000001","AAV1.0.0.11","1.1.2.0","PSt7-10","170328-007","9/30/2017 19:06:43","0000-00","0","no battery","V"
"09/09/2020","10:38:44","2","default","115855972","OXY_CH2","73.160","min","184.244","µmol/L","Humid","20.700","deg","79774","µV","29.936","°C","1016.000","hPa","35.3","pmil","0","53.237","deg","23.954","°C","100.000","%a.s.","21.023","deg","23.635","°C","1019.000","hPa","0.861","-0.02617","0.00035","0","0","13.56","Humid","28.00","0","54.00","361339.76","SABD0000000001","AAV1.0.0.11","1.1.2.0","PSt7-10","170328-007","9/30/2017 19:06:43","0000-00","0","no battery","V"
"09/09/2020","10:38:45","2","default","115855972","OXY_CH2","73.177","min","184.154","µmol/L","Humid","20.700","deg","79774","µV","29.951","°C","1016.000","hPa","35.3","pmil","0","53.237","deg","23.954","°C","100.000","%a.s.","21.023","deg","23.635","°C","1019.000","hPa","0.861","-0.02617","0.00035","0","0","13.56","Humid","28.00","0","54.00","361335.80","SABD0000000001","AAV1.0.0.11","1.1.2.0","PSt7-10","170328-007","9/30/2017 19:06:43","0000-00","0","no battery","V"
"09/09/2020","10:38:46","2","default","115855972","OXY_CH2","73.194","min","184.293","µmol/L","Humid","20.697","deg","79776","µV","29.936","°C","1016.000","hPa","35.3","pmil","0","53.237","deg","23.954","°C","100.000","%a.s.","21.023","deg","23.635","°C","1019.000","hPa","0.861","-0.02617","0.00035","0","0","13.56","Humid","28.00","0","54.00","361337.29","SABD0000000001","AAV1.0.0.11","1.1.2.0","PSt7-10","170328-007","9/30/2017 19:06:43","0000-00","0","no battery","V"
"09/09/2020","10:38:47","2","default","115855972","OXY_CH2","73.210","min","184.224","µmol/L","Humid","20.700","deg","79768","µV","29.940","°C","1016.000","hPa","35.3","pmil","0","53.237","deg","23.954","°C","100.000","%a.s.","21.023","deg","23.635","°C","1019.000","hPa","0.861","-0.02617","0.00035","0","0","13.56","Humid","28.00","0","54.00","361336.61","SABD0000000001","AAV1.0.0.11","1.1.2.0","PSt7-10","170328-007","9/30/2017 19:06:43","0000-00","0","no battery","V"
"09/09/2020","10:38:48","2","default","115855972","OXY_CH2","73.227","min","184.164","µmol/L","Humid","20.702","deg","79772","µV","29.944","°C","1016.000","hPa","35.3","pmil","0","53.237","deg","23.954","°C","100.000","%a.s.","21.023","deg","23.635","°C","1019.000","hPa","0.861","-0.02617","0.00035","0","0","13.56","Humid","28.00","0","54.00","361334.56","SABD0000000001","AAV1.0.0.11","1.1.2.0","PSt7-10","170328-007","9/30/2017 19:06:43","0000-00","0","no battery","V"
"09/09/2020","10:38:49","2","default","115855972","OXY_CH2","73.244","min","184.189","µmol/L","Humid","20.707","deg","79777","µV","29.925","°C","1016.000","hPa","35.3","pmil","0","53.237","deg","23.954","°C","100.000","%a.s.","21.023","deg","23.635","°C","1019.000","hPa","0.861","-0.02617","0.00035","0","0","13.56","Humid","28.00","0","54.00","361340.47","SABD0000000001","AAV1.0.0.11","1.1.2.0","PSt7-10","170328-007","9/30/2017 19:06:43","0000-00","0","no battery","V"
"09/09/2020","10:38:50","2","default","115855972","OXY_CH2","73.261","min","184.225","µmol/L","Humid","20.700","deg","79770","µV","29.939","°C","1016.000","hPa","35.3","pmil","0","53.237","deg","23.954","°C","100.000","%a.s.","21.023","deg","23.635","°C","1019.000","hPa","0.861","-0.02617","0.00035","0","0","13.56","Humid","28.00","0","54.00","361327.69","SABD0000000001","AAV1.0.0.11","1.1.2.0","PSt7-10","170328-007","9/30/2017 19:06:43","0000-00","0","no battery","V"
"09/09/2020","10:38:51","2","default","115855972","OXY_CH2","73.278","min","184.172","µmol/L","Humid","20.702","deg","79778","µV","29.943","°C","1016.000","hPa","35.3","pmil","0","53.237","deg","23.954","°C","100.000","%a.s.","21.023","deg","23.635","°C","1019.000","hPa","0.861","-0.02617","0.00035","0","0","13.56","Humid","28.00","0","54.00","361349.09","SABD0000000001","AAV1.0.0.11","1.1.2.0","PSt7-10","170328-007","9/30/2017 19:06:43","0000-00","0","no battery","V"
"09/09/2020","10:38:52","2","default","115855972","OXY_CH2","73.294","min","184.216","µmol/L","Humid","20.700","deg","79769","µV","29.941","°C","1016.000","hPa","35.3","pmil","0","53.237","deg","23.954","°C","100.000","%a.s.","21.023","deg","23.635","°C","1019.000","hPa","0.861","-0.02617","0.00035","0","0","13.56","Humid","28.00","0","54.00","361330.54","SABD0000000001","AAV1.0.0.11","1.1.2.0","PSt7-10","170328-007","9/30/2017 19:06:43","0000-00","0","no battery","V"
"09/09/2020","10:38:53","2","default","115855972","OXY_CH2","73.311","min","184.128","µmol/L","Humid","20.701","deg","79773","µV","29.953","°C","1016.000","hPa","35.3","pmil","0","53.237","deg","23.954","°C","100.000","%a.s.","21.023","deg","23.635","°C","1019.000","hPa","0.861","-0.02617","0.00035","0","0","13.56","Humid","28.00","0","54.00","361339.61","SABD0000000001","AAV1.0.0.11","1.1.2.0","PSt7-10","170328-007","9/30/2017 19:06:43","0000-00","0","no battery","V"
"09/09/2020","10:38:54","2","default","115855972","OXY_CH2","73.328","min","184.239","µmol/L","Humid","20.699","deg","79764","µV","29.940","°C","1016.000","hPa","35.3","pmil","0","53.237","deg","23.954","°C","100.000","%a.s.","21.023","deg","23.635","°C","1019.000","hPa","0.861","-0.02617","0.00035","0","0","13.56","Humid","28.00","0","54.00","361328.47","SABD0000000001","AAV1.0.0.11","1.1.2.0","PSt7-10","170328-007","9/30/2017 19:06:43","0000-00","0","no battery","V"
"09/09/2020","10:38:55","2","default","115855972","OXY_CH2","73.344","min","184.179","µmol/L","Humid","20.701","deg","79757","µV","29.944","°C","1016.000","hPa","35.3","pmil","0","53.237","deg","23.954","°C","100.000","%a.s.","21.023","deg","23.635","°C","1019.000","hPa","0.861","-0.02617","0.00035","0","0","13.56","Humid","28.00","0","54.00","361321.15","SABD0000000001","AAV1.0.0.11","1.1.2.0","PSt7-10","170328-007","9/30/2017 19:06:43","0000-00","0","no battery","V"
"09/09/2020","10:38:56","2","default","115855972","OXY_CH2","73.361","min","184.185","µmol/L","Humid","20.702","deg","79765","µV","29.940","°C","1016.000","hPa","35.3","pmil","0","53.237","deg","23.954","°C","100.000","%a.s.","21.023","deg","23.635","°C","1019.000","hPa","0.861","-0.02617","0.00035","0","0","13.56","Humid","28.00","0","54.00","361337.06","SABD0000000001","AAV1.0.0.11","1.1.2.0","PSt7-10","170328-007","9/30/2017 19:06:43","0000-00","0","no battery","V"
"09/09/2020","10:38:57","2","default","115855972","OXY_CH2","73.378","min","184.252","µmol/L","Humid","20.699","deg","79762","µV","29.937","°C","1016.000","hPa","35.3","pmil","0","53.237","deg","23.954","°C","100.000","%a.s.","21.023","deg","23.635","°C","1019.000","hPa","0.861","-0.02617","0.00035","0","0","13.56","Humid","28.00","0","54.00","361324.47","SABD0000000001","AAV1.0.0.11","1.1.2.0","PSt7-10","170328-007","9/30/2017 19:06:43","0000-00","0","no battery","V"
"09/09/2020","10:38:58","2","default","115855972","OXY_CH2","73.394","min","184.197","µmol/L","Humid","20.703","deg","79761","µV","29.935","°C","1016.000","hPa","35.3","pmil","0","53.237","deg","23.954","°C","100.000","%a.s.","21.023","deg","23.635","°C","1019.000","hPa","0.861","-0.02617","0.00035","0","0","13.56","Humid","28.00","0","54.00","361331.74","SABD0000000001","AAV1.0.0.11","1.1.2.0","PSt7-10","170328-007","9/30/2017 19:06:43","0000-00","0","no battery","V"
"09/09/2020","10:38:59","2","default","115855972","OXY_CH2","73.411","min","184.262","µmol/L","Humid","20.700","deg","79764","µV","29.933","°C","1016.000","hPa","35.3","pmil","0","53.237","deg","23.954","°C","100.000","%a.s.","21.023","deg","23.635","°C","1019.000","hPa","0.861","-0.02617","0.00035","0","0","13.56","Humid","28.00","0","54.00","361342.14","SABD0000000001","AAV1.0.0.11","1.1.2.0","PSt7-10","170328-007","9/30/2017 19:06:43","0000-00","0","no battery","V"
"09/09/2020","10:39:00","2","default","115855972","OXY_CH2","73.427","min","184.251","µmol/L","Humid","20.699","deg","79760","µV","29.938","°C","1016.000","hPa","35.3","pmil","0","53.237","deg","23.954","°C","100.000","%a.s.","21.023","deg","23.635","°C","1019.000","hPa","0.861","-0.02617","0.00035","0","0","13.56","Humid","28.00","0","54.00","361327.20","SABD0000000001","AAV1.0.0.11","1.1.2.0","PSt7-10","170328-007","9/30/2017 19:06:43","0000-00","0","no battery","V"
"09/09/2020","10:39:01","2","default","115855972","OXY_CH2","73.444","min","184.169","µmol/L","Humid","20.701","deg","79761","µV","29.946","°C","1016.000","hPa","35.3","pmil","0","53.237","deg","23.954","°C","100.000","%a.s.","21.023","deg","23.635","°C","1019.000","hPa","0.861","-0.02617","0.00035","0","0","13.56","Humid","28.00","0","54.00","361325.06","SABD0000000001","AAV1.0.0.11","1.1.2.0","PSt7-10","170328-007","9/30/2017 19:06:43","0000-00","0","no battery","V"
"09/09/2020","10:39:02","2","default","115855972","OXY_CH2","73.461","min","184.226","µmol/L","Humid","20.697","deg","79761","µV","29.948","°C","1016.000","hPa","35.3","pmil","0","53.237","deg","23.954","°C","100.000","%a.s.","21.023","deg","23.635","°C","1019.000","hPa","0.861","-0.02617","0.00035","0","0","13.56","Humid","28.00","0","54.00","361329.38","SABD0000000001","AAV1.0.0.11","1.1.2.0","PSt7-10","170328-007","9/30/2017 19:06:43","0000-00","0","no battery","V"
"09/09/2020","10:39:03","2","default","115855972","OXY_CH2","73.477","min","184.218","µmol/L","Humid","20.699","deg","79765","µV","29.943","°C","1016.000","hPa","35.3","pmil","0","53.237","deg","23.954","°C","100.000","%a.s.","21.023","deg","23.635","°C","1019.000","hPa","0.861","-0.02617","0.00035","0","0","13.56","Humid","28.00","0","54.00","361326.64","SABD0000000001","AAV1.0.0.11","1.1.2.0","PSt7-10","170328-007","9/30/2017 19:06:43","0000-00","0","no battery","V"
"09/09/2020","10:39:04","2","default","115855972","OXY_CH2","73.494","min","184.236","µmol/L","Humid","20.699","deg","79759","µV","29.940","°C","1016.000","hPa","35.3","pmil","0","53.237","deg","23.954","°C","100.000","%a.s.","21.023","deg","23.635","°C","1019.000","hPa","0.861","-0.02617","0.00035","0","0","13.56","Humid","28.00","0","54.00","361324.04","SABD0000000001","AAV1.0.0.11","1.1.2.0","PSt7-10","170328-007","9/30/2017 19:06:43","0000-00","0","no battery","V"
"09/09/2020","10:39:05","2","default","115855972","OXY_CH2","73.511","min","184.201","µmol/L","Humid","20.701","deg","79758","µV","29.941","°C","1016.000","hPa","35.3","pmil","0","53.237","deg","23.954","°C","100.000","%a.s.","21.023","deg","23.635","°C","1019.000","hPa","0.861","-0.02617","0.00035","0","0","13.56","Humid","28.00","0","54.00","361330.52","SABD0000000001","AAV1.0.0.11","1.1.2.0","PSt7-10","170328-007","9/30/2017 19:06:43","0000-00","0","no battery","V"
"09/09/2020","10:39:06","2","default","115855972","OXY_CH2","73.527","min","184.182","µmol/L","Humid","20.701","deg","79755","µV","29.944","°C","1016.000","hPa","35.3","pmil","0","53.237","deg","23.954","°C","100.000","%a.s.","21.023","deg","23.635","°C","1019.000","hPa","0.861","-0.02617","0.00035","0","0","13.56","Humid","28.00","0","54.00","361299.69","SABD0000000001","AAV1.0.0.11","1.1.2.0","PSt7-10","170328-007","9/30/2017 19:06:43","0000-00","0","no battery","V"
"09/09/2020","10:39:07","2","default","115855972","OXY_CH2","73.544","min","184.247","µmol/L","Humid","20.698","deg","79758","µV","29.941","°C","1016.000","hPa","35.3","pmil","0","53.237","deg","23.954","°C","100.000","%a.s.","21.023","deg","23.635","°C","1019.000","hPa","0.861","-0.02617","0.00035","0","0","13.56","Humid","28.00","0","54.00","361306.73","SABD0000000001","AAV1.0.0.11","1.1.2.0","PSt7-10","170328-007","9/30/2017 19:06:43","0000-00","0","no battery","V"
"09/09/2020","10:39:08","2","default","115855972","OXY_CH2","73.560","min","184.221","µmol/L","Humid","20.699","deg","79754","µV","29.943","°C","1016.000","hPa","35.3","pmil","0","53.237","deg","23.954","°C","100.000","%a.s.","21.023","deg","23.635","°C","1019.000","hPa","0.861","-0.02617","0.00035","0","0","13.56","Humid","28.00","0","54.00","361304.73","SABD0000000001","AAV1.0.0.11","1.1.2.0","PSt7-10","170328-007","9/30/2017 19:06:43","0000-00","0","no battery","V"
"09/09/2020","10:39:09","2","default","115855972","OXY_CH2","73.577","min","184.223","µmol/L","Humid","20.697","deg","79753","µV","29.948","°C","1016.000","hPa","35.3","pmil","0","53.237","deg","23.954","°C","100.000","%a.s.","21.023","deg","23.635","°C","1019.000","hPa","0.861","-0.02617","0.00035","0","0","13.56","Humid","28.00","0","54.00","361310.28","SABD0000000001","AAV1.0.0.11","1.1.2.0","PSt7-10","170328-007","9/30/2017 19:06:43","0000-00","0","no battery","V"
"09/09/2020","10:39:10","2","default","115855972","OXY_CH2","73.594","min","184.231","µmol/L","Humid","20.700","deg","79754","µV","29.938","°C","1016.000","hPa","35.3","pmil","0","53.237","deg","23.954","°C","100.000","%a.s.","21.023","deg","23.635","°C","1019.000","hPa","0.861","-0.02617","0.00035","0","0","13.56","Humid","28.00","0","54.00","361311.82","SABD0000000001","AAV1.0.0.11","1.1.2.0","PSt7-10","170328-007","9/30/2017 19:06:43","0000-00","0","no battery","V"
"09/09/2020","10:39:11","2","default","115855972","OXY_CH2","73.610","min","184.341","µmol/L","Humid","20.693","deg","79749","µV","29.940","°C","1016.000","hPa","35.3","pmil","0","53.237","deg","23.954","°C","100.000","%a.s.","21.023","deg","23.635","°C","1019.000","hPa","0.861","-0.02617","0.00035","0","0","13.56","Humid","28.00","0","54.00","361305.46","SABD0000000001","AAV1.0.0.11","1.1.2.0","PSt7-10","170328-007","9/30/2017 19:06:43","0000-00","0","no battery","V"
"09/09/2020","10:39:12","2","default","115855972","OXY_CH2","73.627","min","184.246","µmol/L","Humid","20.696","deg","79755","µV","29.947","°C","1016.000","hPa","35.3","pmil","0","53.237","deg","23.954","°C","100.000","%a.s.","21.023","deg","23.635","°C","1019.000","hPa","0.861","-0.02617","0.00035","0","0","13.56","Humid","28.00","0","54.00","361307.13","SABD0000000001","AAV1.0.0.11","1.1.2.0","PSt7-10","170328-007","9/30/2017 19:06:43","0000-00","0","no battery","V"
"09/09/2020","10:39:13","2","default","115855972","OXY_CH2","73.644","min","184.359","µmol/L","Humid","20.696","deg","79754","µV","29.928","°C","1016.000","hPa","35.3","pmil","0","53.237","deg","23.954","°C","100.000","%a.s.","21.023","deg","23.635","°C","1019.000","hPa","0.861","-0.02617","0.00035","0","0","13.56","Humid","28.00","0","54.00","361299.56","SABD0000000001","AAV1.0.0.11","1.1.2.0","PSt7-10","170328-007","9/30/2017 19:06:43","0000-00","0","no battery","V"
"09/09/2020","10:39:14","2","default","115855972","OXY_CH2","73.660","min","184.245","µmol/L","Humid","20.698","deg","79749","µV","29.942","°C","1016.000","hPa","35.3","pmil","0","53.237","deg","23.954","°C","100.000","%a.s.","21.023","deg","23.635","°C","1019.000","hPa","0.861","-0.02617","0.00035","0","0","13.56","Humid","28.00","0","54.00","361296.39","SABD0000000001","AAV1.0.0.11","1.1.2.0","PSt7-10","170328-007","9/30/2017 19:06:43","0000-00","0","no battery","V"
"09/09/2020","10:39:15","2","default","115855972","OXY_CH2","73.677","min","184.228","µmol/L","Humid","20.696","deg","79755","µV","29.950","°C","1016.000","hPa","35.3","pmil","0","53.237","deg","23.954","°C","100.000","%a.s.","21.023","deg","23.635","°C","1019.000","hPa","0.861","-0.02617","0.00035","0","0","13.56","Humid","28.00","0","54.00","361307.06","SABD0000000001","AAV1.0.0.11","1.1.2.0","PSt7-10","170328-007","9/30/2017 19:06:43","0000-00","0","no battery","V"
"09/09/2020","10:39:16","2","default","115855972","OXY_CH2","73.694","min","184.238","µmol/L","Humid","20.697","deg","79744","µV","29.946","°C","1016.000","hPa","35.3","pmil","0","53.237","deg","23.954","°C","100.000","%a.s.","21.023","deg","23.635","°C","1019.000","hPa","0.861","-0.02617","0.00035","0","0","13.56","Humid","28.00","0","54.00","361298.56","SABD0000000001","AAV1.0.0.11","1.1.2.0","PSt7-10","170328-007","9/30/2017 19:06:43","0000-00","0","no battery","V"
"09/09/2020","10:39:17","2","default","115855972","OXY_CH2","73.711","min","184.332","µmol/L","Humid","20.696","deg","79749","µV","29.933","°C","1016.000","hPa","35.3","pmil","0","53.237","deg","23.954","°C","100.000","%a.s.","21.023","deg","23.635","°C","1019.000","hPa","0.861","-0.02617","0.00035","0","0","13.56","Humid","28.00","0","54.00","361305.32","SABD0000000001","AAV1.0.0.11","1.1.2.0","PSt7-10","170328-007","9/30/2017 19:06:43","0000-00","0","no battery","V"
"09/09/2020","10:39:18","2","default","115855972","OXY_CH2","73.728","min","184.407","µmol/L","Humid","20.693","deg","79747","µV","29.928","°C","1016.000","hPa","35.3","pmil","0","53.237","deg","23.954","°C","100.000","%a.s.","21.023","deg","23.635","°C","1019.000","hPa","0.861","-0.02617","0.00035","0","0","13.56","Humid","28.00","0","54.00","361305.64","SABD0000000001","AAV1.0.0.11","1.1.2.0","PSt7-10","170328-007","9/30/2017 19:06:43","0000-00","0","no battery","V"
"09/09/2020","10:39:19","2","default","115855972","OXY_CH2","73.744","min","184.075","µmol/L","Humid","20.703","deg","79748","µV","29.956","°C","1016.000","hPa","35.3","pmil","0","53.237","deg","23.954","°C","100.000","%a.s.","21.023","deg","23.635","°C","1019.000","hPa","0.861","-0.02617","0.00035","0","0","13.56","Humid","28.00","0","54.00","361308.64","SABD0000000001","AAV1.0.0.11","1.1.2.0","PSt7-10","170328-007","9/30/2017 19:06:43","0000-00","0","no battery","V"
"09/09/2020","10:39:20","2","default","115855972","OXY_CH2","73.761","min","184.102","µmol/L","Humid","20.700","deg","79737","µV","29.960","°C","1016.000","hPa","35.3","pmil","0","53.237","deg","23.954","°C","100.000","%a.s.","21.023","deg","23.635","°C","1019.000","hPa","0.861","-0.02617","0.00035","0","0","13.56","Humid","28.00","0","54.00","361303.17","SABD0000000001","AAV1.0.0.11","1.1.2.0","PSt7-10","170328-007","9/30/2017 19:06:43","0000-00","0","no battery","V"
"09/09/2020","10:39:21","2","default","115855972","OXY_CH2","73.777","min","184.271","µmol/L","Humid","20.694","deg","79741","µV","29.949","°C","1016.000","hPa","35.3","pmil","0","53.237","deg","23.954","°C","100.000","%a.s.","21.023","deg","23.635","°C","1019.000","hPa","0.861","-0.02617","0.00035","0","0","13.56","Humid","28.00","0","54.00","361296.84","SABD0000000001","AAV1.0.0.11","1.1.2.0","PSt7-10","170328-007","9/30/2017 19:06:43","0000-00","0","no battery","V"
"09/09/2020","10:39:22","2","default","115855972","OXY_CH2","73.794","min","184.265","µmol/L","Humid","20.694","deg","79740","µV","29.950","°C","1016.000","hPa","35.3","pmil","0","53.237","deg","23.954","°C","100.000","%a.s.","21.023","deg","23.635","°C","1019.000","hPa","0.861","-0.02617","0.00035","0","0","13.56","Humid","28.00","0","54.00","361309.80","SABD0000000001","AAV1.0.0.11","1.1.2.0","PSt7-10","170328-007","9/30/2017 19:06:43","0000-00","0","no battery","V"
"09/09/2020","10:39:23","2","default","115855972","OXY_CH2","73.811","min","184.172","µmol/L","Humid","20.699","deg","79732","µV","29.951","°C","1016.000","hPa","35.3","pmil","0","53.237","deg","23.954","°C","100.000","%a.s.","21.023","deg","23.635","°C","1019.000","hPa","0.861","-0.02617","0.00035","0","0","13.56","Humid","28.00","0","54.00","361294.63","SABD0000000001","AAV1.0.0.11","1.1.2.0","PSt7-10","170328-007","9/30/2017 19:06:43","0000-00","0","no battery","V"
"09/09/2020","10:39:24","2","default","115855972","OXY_CH2","73.828","min","184.248","µmol/L","Humid","20.695","deg","79740","µV","29.950","°C","1016.000","hPa","35.3","pmil","0","53.237","deg","23.954","°C","100.000","%a.s.","21.023","deg","23.635","°C","1019.000","hPa","0.861","-0.02617","0.00035","0","0","13.56","Humid","28.00","0","54.00","361292.07","SABD0000000001","AAV1.0.0.11","1.1.2.0","PSt7-10","170328-007","9/30/2017 19:06:43","0000-00","0","no battery","V"
"09/09/2020","10:39:25","2","default","115855972","OXY_CH2","73.844","min","184.291","µmol/L","Humid","20.694","deg","79736","µV","29.945","°C","1016.000","hPa","35.3","pmil","0","53.237","deg","23.954","°C","100.000","%a.s.","21.023","deg","23.635","°C","1019.000","hPa","0.861","-0.02617","0.00035","0","0","13.56","Humid","28.00","0","54.00","361290.28","SABD0000000001","AAV1.0.0.11","1.1.2.0","PSt7-10","170328-007","9/30/2017 19:06:43","0000-00","0","no battery","V"
"09/09/2020","10:39:26","2","default","115855972","OXY_CH2","73.861","min","184.279","µmol/L","Humid","20.694","deg","79730","µV","29.947","°C","1016.000","hPa","35.3","pmil","0","53.237","deg","23.954","°C","100.000","%a.s.","21.023","deg","23.635","°C","1019.000","hPa","0.861","-0.02617","0.00035","0","0","13.56","Humid","28.00","0","54.00","361298.27","SABD0000000001","AAV1.0.0.11","1.1.2.0","PSt7-10","170328-007","9/30/2017 19:06:43","0000-00","0","no battery","V"
"09/09/2020","10:39:27","2","default","115855972","OXY_CH2","73.877","min","184.268","µmol/L","Humid","20.696","deg","79730","µV","29.944","°C","1016.000","hPa","35.3","pmil","0","53.237","deg","23.954","°C","100.000","%a.s.","21.023","deg","23.635","°C","1019.000","hPa","0.861","-0.02617","0.00035","0","0","13.56","Humid","28.00","0","54.00","361296.52","SABD0000000001","AAV1.0.0.11","1.1.2.0","PSt7-10","170328-007","9/30/2017 19:06:43","0000-00","0","no battery","V"
"09/09/2020","10:39:28","2","default","115855972","OXY_CH2","73.894","min","184.249","µmol/L","Humid","20.696","deg","79729","µV","29.947","°C","1016.000","hPa","35.3","pmil","0","53.237","deg","23.954","°C","100.000","%a.s.","21.023","deg","23.635","°C","1019.000","hPa","0.861","-0.02617","0.00035","0","0","13.56","Humid","28.00","0","54.00","361298.34","SABD0000000001","AAV1.0.0.11","1.1.2.0","PSt7-10","170328-007","9/30/2017 19:06:43","0000-00","0","no battery","V"
"09/09/2020","10:39:29","2","default","115855972","OXY_CH2","73.911","min","184.246","µmol/L","Humid","20.691","deg","79733","µV","29.962","°C","1016.000","hPa","35.3","pmil","0","53.237","deg","23.954","°C","100.000","%a.s.","21.023","deg","23.635","°C","1019.000","hPa","0.861","-0.02617","0.00035","0","0","13.56","Humid","28.00","0","54.00","361288.73","SABD0000000001","AAV1.0.0.11","1.1.2.0","PSt7-10","170328-007","9/30/2017 19:06:43","0000-00","0","no battery","V"
"09/09/2020","10:39:30","2","default","115855972","OXY_CH2","73.927","min","184.276","µmol/L","Humid","20.693","deg","79726","µV","29.951","°C","1016.000","hPa","35.3","pmil","0","53.237","deg","23.954","°C","100.000","%a.s.","21.023","deg","23.635","°C","1019.000","hPa","0.861","-0.02617","0.00035","0","0","13.56","Humid","28.00","0","54.00","361278.36","SABD0000000001","AAV1.0.0.11","1.1.2.0","PSt7-10","170328-007","9/30/2017 19:06:43","0000-00","0","no battery","V"
"09/09/2020","10:39:31","2","default","115855972","OXY_CH2","73.944","min","184.378","µmol/L","Humid","20.690","deg","79727","µV","29.942","°C","1016.000","hPa","35.3","pmil","0","53.237","deg","23.954","°C","100.000","%a.s.","21.023","deg","23.635","°C","1019.000","hPa","0.861","-0.02617","0.00035","0","0","13.56","Humid","28.00","0","54.00","361296.25","SABD0000000001","AAV1.0.0.11","1.1.2.0","PSt7-10","170328-007","9/30/2017 19:06:43","0000-00","0","no battery","V"
"09/09/2020","10:39:32","2","default","115855972","OXY_CH2","73.960","min","184.241","µmol/L","Humid","20.697","deg","79731","µV","29.945","°C","1016.000","hPa","35.3","pmil","0","53.237","deg","23.954","°C","100.000","%a.s.","21.023","deg","23.635","°C","1019.000","hPa","0.861","-0.02617","0.00035","0","0","13.56","Humid","28.00","0","54.00","361288.69","SABD0000000001","AAV1.0.0.11","1.1.2.0","PSt7-10","170328-007","9/30/2017 19:06:43","0000-00","0","no battery","V"
"09/09/2020","10:39:33","2","default","115855972","OXY_CH2","73.977","min","184.431","µmol/L","Humid","20.691","deg","79728","µV","29.930","°C","1016.000","hPa","35.3","pmil","0","53.237","deg","23.954","°C","100.000","%a.s.","21.023","deg","23.635","°C","1019.000","hPa","0.861","-0.02617","0.00035","0","0","13.56","Humid","28.00","0","54.00","361287.79","SABD0000000001","AAV1.0.0.11","1.1.2.0","PSt7-10","170328-007","9/30/2017 19:06:43","0000-00","0","no battery","V"
"09/09/2020","10:39:34","2","default","115855972","OXY_CH2","73.994","min","184.325","µmol/L","Humid","20.693","deg","79729","µV","29.942","°C","1016.000","hPa","35.3","pmil","0","53.237","deg","23.954","°C","100.000","%a.s.","21.023","deg","23.635","°C","1019.000","hPa","0.861","-0.02617","0.00035","0","0","13.56","Humid","28.00","0","54.00","361294.80","SABD0000000001","AAV1.0.0.11","1.1.2.0","PSt7-10","170328-007","9/30/2017 19:06:43","0000-00","0","no battery","V"
"09/09/2020","10:39:35","2","default","115855972","OXY_CH2","74.010","min","184.302","µmol/L","Humid","20.691","deg","79724","µV","29.952","°C","1016.000","hPa","35.3","pmil","0","53.237","deg","23.954","°C","100.000","%a.s.","21.023","deg","23.635","°C","1019.000","hPa","0.861","-0.02617","0.00035","0","0","13.56","Humid","28.00","0","54.00","361297.16","SABD0000000001","AAV1.0.0.11","1.1.2.0","PSt7-10","170328-007","9/30/2017 19:06:43","0000-00","0","no battery","V"
"09/09/2020","10:39:36","2","default","115855972","OXY_CH2","74.027","min","184.440","µmol/L","Humid","20.687","deg","79721","µV","29.940","°C","1016.000","hPa","35.3","pmil","0","53.237","deg","23.954","°C","100.000","%a.s.","21.023","deg","23.635","°C","1019.000","hPa","0.861","-0.02617","0.00035","0","0","13.56","Humid","28.00","0","54.00","361294.28","SABD0000000001","AAV1.0.0.11","1.1.2.0","PSt7-10","170328-007","9/30/2017 19:06:43","0000-00","0","no battery","V"
"09/09/2020","10:39:37","2","default","115855972","OXY_CH2","74.044","min","184.347","µmol/L","Humid","20.692","deg","79722","µV","29.941","°C","1016.000","hPa","35.3","pmil","0","53.237","deg","23.954","°C","100.000","%a.s.","21.023","deg","23.635","°C","1019.000","hPa","0.861","-0.02617","0.00035","0","0","13.56","Humid","28.00","0","54.00","361297.57","SABD0000000001","AAV1.0.0.11","1.1.2.0","PSt7-10","170328-007","9/30/2017 19:06:43","0000-00","0","no battery","V"
"09/09/2020","10:39:38","2","default","115855972","OXY_CH2","74.061","min","184.419","µmol/L","Humid","20.691","deg","79722","µV","29.932","°C","1016.000","hPa","35.3","pmil","0","53.237","deg","23.954","°C","100.000","%a.s.","21.023","deg","23.635","°C","1019.000","hPa","0.861","-0.02617","0.00035","0","0","13.56","Humid","28.00","0","54.00","361294.36","SABD0000000001","AAV1.0.0.11","1.1.2.0","PSt7-10","170328-007","9/30/2017 19:06:43","0000-00","0","no battery","V"
"09/09/2020","10:39:39","2","default","115855972","OXY_CH2","74.077","min","184.196","µmol/L","Humid","20.692","deg","79712","µV","29.968","°C","1016.000","hPa","35.3","pmil","0","53.237","deg","23.954","°C","100.000","%a.s.","21.023","deg","23.635","°C","1019.000","hPa","0.861","-0.02617","0.00035","0","0","13.56","Humid","28.00","0","54.00","361289.52","SABD0000000001","AAV1.0.0.11","1.1.2.0","PSt7-10","170328-007","9/30/2017 19:06:43","0000-00","0","no battery","V"
"09/09/2020","10:39:40","2","default","115855972","OXY_CH2","74.094","min","184.251","µmol/L","Humid","20.690","deg","79715","µV","29.964","°C","1016.000","hPa","35.3","pmil","0","53.237","deg","23.954","°C","100.000","%a.s.","21.023","deg","23.635","°C","1019.000","hPa","0.861","-0.02617","0.00035","0","0","13.56","Humid","28.00","0","54.00","361298.28","SABD0000000001","AAV1.0.0.11","1.1.2.0","PSt7-10","170328-007","9/30/2017 19:06:43","0000-00","0","no battery","V"
"09/09/2020","10:39:41","2","default","115855972","OXY_CH2","74.111","min","184.342","µmol/L","Humid","20.693","deg","79717","µV","29.939","°C","1016.000","hPa","35.3","pmil","0","53.237","deg","23.954","°C","100.000","%a.s.","21.023","deg","23.635","°C","1019.000","hPa","0.861","-0.02617","0.00035","0","0","13.56","Humid","28.00","0","54.00","361281.00","SABD0000000001","AAV1.0.0.11","1.1.2.0","PSt7-10","170328-007","9/30/2017 19:06:43","0000-00","0","no battery","V"
"09/09/2020","10:39:42","2","default","115855972","OXY_CH2","74.128","min","184.246","µmol/L","Humid","20.691","deg","79712","µV","29.962","°C","1016.000","hPa","35.3","pmil","0","53.237","deg","23.954","°C","100.000","%a.s.","21.023","deg","23.635","°C","1019.000","hPa","0.861","-0.02617","0.00035","0","0","13.56","Humid","28.00","0","54.00","361283.78","SABD0000000001","AAV1.0.0.11","1.1.2.0","PSt7-10","170328-007","9/30/2017 19:06:43","0000-00","0","no battery","V"
"09/09/2020","10:39:43","2","default","115855972","OXY_CH2","74.144","min","184.249","µmol/L","Humid","20.690","deg","79712","µV","29.964","°C","1016.000","hPa","35.3","pmil","0","53.237","deg","23.954","°C","100.000","%a.s.","21.023","deg","23.635","°C","1019.000","hPa","0.861","-0.02617","0.00035","0","0","13.56","Humid","28.00","0","54.00","361275.35","SABD0000000001","AAV1.0.0.11","1.1.2.0","PSt7-10","170328-007","9/30/2017 19:06:43","0000-00","0","no battery","V"
"09/09/2020","10:39:44","2","default","115855972","OXY_CH2","74.161","min","184.262","µmol/L","Humid","20.689","deg","79717","µV","29.965","°C","1016.000","hPa","35.3","pmil","0","53.237","deg","23.954","°C","100.000","%a.s.","21.023","deg","23.635","°C","1019.000","hPa","0.861","-0.02617","0.00035","0","0","13.56","Humid","28.00","0","54.00","361279.49","SABD0000000001","AAV1.0.0.11","1.1.2.0","PSt7-10","170328-007","9/30/2017 19:06:43","0000-00","0","no battery","V"
"09/09/2020","10:39:45","2","default","115855972","OXY_CH2","74.178","min","184.327","µmol/L","Humid","20.689","deg","79716","µV","29.954","°C","1016.000","hPa","35.3","pmil","0","53.237","deg","23.954","°C","100.000","%a.s.","21.023","deg","23.635","°C","1019.000","hPa","0.861","-0.02617","0.00035","0","0","13.56","Humid","28.00","0","54.00","361285.41","SABD0000000001","AAV1.0.0.11","1.1.2.0","PSt7-10","170328-007","9/30/2017 19:06:43","0000-00","0","no battery","V"
"09/09/2020","10:39:46","2","default","115855972","OXY_CH2","74.194","min","184.280","µmol/L","Humid","20.692","deg","79716","µV","29.953","°C","1016.000","hPa","35.3","pmil","0","53.237","deg","23.954","°C","100.000","%a.s.","21.023","deg","23.635","°C","1019.000","hPa","0.861","-0.02617","0.00035","0","0","13.56","Humid","28.00","0","54.00","361283.56","SABD0000000001","AAV1.0.0.11","1.1.2.0","PSt7-10","170328-007","9/30/2017 19:06:43","0000-00","0","no battery","V"
"09/09/2020","10:39:47","2","default","115855972","OXY_CH2","74.210","min","184.447","µmol/L","Humid","20.685","deg","79704","µV","29.945","°C","1016.000","hPa","35.3","pmil","0","53.237","deg","23.954","°C","100.000","%a.s.","21.023","deg","23.635","°C","1019.000","hPa","0.861","-0.02617","0.00035","0","0","13.56","Humid","28.00","0","54.00","361271.59","SABD0000000001","AAV1.0.0.11","1.1.2.0","PSt7-10","170328-007","9/30/2017 19:06:43","0000-00","0","no battery","V"
"09/09/2020","10:39:48","2","default","115855972","OXY_CH2","74.228","min","184.384","µmol/L","Humid","20.688","deg","79712","µV","29.947","°C","1016.000","hPa","35.3","pmil","0","53.237","deg","23.954","°C","100.000","%a.s.","21.023","deg","23.635","°C","1019.000","hPa","0.861","-0.02617","0.00035","0","0","13.56","Humid","28.00","0","54.00","361277.92","SABD0000000001","AAV1.0.0.11","1.1.2.0","PSt7-10","170328-007","9/30/2017 19:06:43","0000-00","0","no battery","V"
"09/09/2020","10:39:49","2","default","115855972","OXY_CH2","74.244","min","184.403","µmol/L","Humid","20.686","deg","79708","µV","29.949","°C","1016.000","hPa","35.3","pmil","0","53.237","deg","23.954","°C","100.000","%a.s.","21.023","deg","23.635","°C","1019.000","hPa","0.861","-0.02617","0.00035","0","0","13.56","Humid","28.00","0","54.00","361292.04","SABD0000000001","AAV1.0.0.11","1.1.2.0","PSt7-10","170328-007","9/30/2017 19:06:43","0000-00","0","no battery","V"
"09/09/2020","10:39:50","2","default","115855972","OXY_CH2","74.261","min","184.286","µmol/L","Humid","20.691","deg","79709","µV","29.955","°C","1016.000","hPa","35.3","pmil","0","53.237","deg","23.954","°C","100.000","%a.s.","21.023","deg","23.635","°C","1019.000","hPa","0.861","-0.02617","0.00035","0","0","13.56","Humid","28.00","0","54.00","361272.05","SABD0000000001","AAV1.0.0.11","1.1.2.0","PSt7-10","170328-007","9/30/2017 19:06:43","0000-00","0","no battery","V"
"09/09/2020","10:39:51","2","default","115855972","OXY_CH2","74.277","min","184.431","µmol/L","Humid","20.688","deg","79705","µV","29.939","°C","1016.000","hPa","35.3","pmil","0","53.237","deg","23.954","°C","100.000","%a.s.","21.023","deg","23.635","°C","1019.000","hPa","0.861","-0.02617","0.00035","0","0","13.56","Humid","28.00","0","54.00","361261.72","SABD0000000001","AAV1.0.0.11","1.1.2.0","PSt7-10","170328-007","9/30/2017 19:06:43","0000-00","0","no battery","V"
"09/09/2020","10:39:52","2","default","115855972","OXY_CH2","74.294","min","184.364","µmol/L","Humid","20.690","deg","79706","µV","29.944","°C","1016.000","hPa","35.3","pmil","0","53.237","deg","23.954","°C","100.000","%a.s.","21.023","deg","23.635","°C","1019.000","hPa","0.861","-0.02617","0.00035","0","0","13.56","Humid","28.00","0","54.00","361274.59","SABD0000000001","AAV1.0.0.11","1.1.2.0","PSt7-10","170328-007","9/30/2017 19:06:43","0000-00","0","no battery","V"
"09/09/2020","10:39:53","2","default","115855972","OXY_CH2","74.311","min","184.366","µmol/L","Humid","20.689","deg","79701","µV","29.947","°C","1016.000","hPa","35.3","pmil","0","53.237","deg","23.954","°C","100.000","%a.s.","21.023","deg","23.635","°C","1019.000","hPa","0.861","-0.02617","0.00035","0","0","13.56","Humid","28.00","0","54.00","361276.21","SABD0000000001","AAV1.0.0.11","1.1.2.0","PSt7-10","170328-007","9/30/2017 19:06:43","0000-00","0","no battery","V"
"09/09/2020","10:39:54","2","default","115855972","OXY_CH2","74.327","min","184.345","µmol/L","Humid","20.688","deg","79696","µV","29.953","°C","1016.000","hPa","35.3","pmil","0","53.237","deg","23.954","°C","100.000","%a.s.","21.023","deg","23.635","°C","1019.000","hPa","0.861","-0.02617","0.00035","0","0","13.56","Humid","28.00","0","54.00","361264.83","SABD0000000001","AAV1.0.0.11","1.1.2.0","PSt7-10","170328-007","9/30/2017 19:06:43","0000-00","0","no battery","V"
"09/09/2020","10:39:55","2","default","115855972","OXY_CH2","74.344","min","184.474","µmol/L","Humid","20.686","deg","79707","µV","29.937","°C","1016.000","hPa","35.3","pmil","0","53.237","deg","23.954","°C","100.000","%a.s.","21.023","deg","23.635","°C","1019.000","hPa","0.861","-0.02617","0.00035","0","0","13.56","Humid","28.00","0","54.00","361279.07","SABD0000000001","AAV1.0.0.11","1.1.2.0","PSt7-10","170328-007","9/30/2017 19:06:43","0000-00","0","no battery","V"
"09/09/2020","10:39:56","2","default","115855972","OXY_CH2","74.360","min","184.544","µmol/L","Humid","20.683","deg","79706","µV","29.934","°C","1016.000","hPa","35.3","pmil","0","53.237","deg","23.954","°C","100.000","%a.s.","21.023","deg","23.635","°C","1019.000","hPa","0.861","-0.02617","0.00035","0","0","13.56","Humid","28.00","0","54.00","361270.11","SABD0000000001","AAV1.0.0.11","1.1.2.0","PSt7-10","170328-007","9/30/2017 19:06:43","0000-00","0","no battery","V"
"09/09/2020","10:39:57","2","default","115855972","OXY_CH2","74.378","min","184.471","µmol/L","Humid","20.688","deg","79703","µV","29.932","°C","1016.000","hPa","35.3","pmil","0","53.237","deg","23.954","°C","100.000","%a.s.","21.023","deg","23.635","°C","1019.000","hPa","0.861","-0.02617","0.00035","0","0","13.56","Humid","28.00","0","54.00","361269.28","SABD0000000001","AAV1.0.0.11","1.1.2.0","PSt7-10","170328-007","9/30/2017 19:06:43","0000-00","0","no battery","V"
"09/09/2020","10:39:58","2","default","115855972","OXY_CH2","74.395","min","184.255","µmol/L","Humid","20.693","deg","79703","µV","29.954","°C","1016.000","hPa","35.3","pmil","0","53.237","deg","23.954","°C","100.000","%a.s.","21.023","deg","23.635","°C","1019.000","hPa","0.861","-0.02617","0.00035","0","0","13.56","Humid","28.00","0","54.00","361277.81","SABD0000000001","AAV1.0.0.11","1.1.2.0","PSt7-10","170328-007","9/30/2017 19:06:43","0000-00","0","no battery","V"
"09/09/2020","10:39:59","2","default","115855972","OXY_CH2","74.411","min","184.308","µmol/L","Humid","20.688","deg","79701","µV","29.960","°C","1016.000","hPa","35.3","pmil","0","53.237","deg","23.954","°C","100.000","%a.s.","21.023","deg","23.635","°C","1019.000","hPa","0.861","-0.02617","0.00035","0","0","13.56","Humid","28.00","0","54.00","361270.89","SABD0000000001","AAV1.0.0.11","1.1.2.0","PSt7-10","170328-007","9/30/2017 19:06:43","0000-00","0","no battery","V"
"09/09/2020","10:40:00","2","default","115855972","OXY_CH2","74.427","min","184.338","µmol/L","Humid","20.686","deg","79703","µV","29.960","°C","1016.000","hPa","35.3","pmil","0","53.237","deg","23.954","°C","100.000","%a.s.","21.023","deg","23.635","°C","1019.000","hPa","0.861","-0.02617","0.00035","0","0","13.56","Humid","28.00","0","54.00","361272.61","SABD0000000001","AAV1.0.0.11","1.1.2.0","PSt7-10","170328-007","9/30/2017 19:06:43","0000-00","0","no battery","V"
"09/09/2020","10:40:01","2","default","115855972","OXY_CH2","74.444","min","184.399","µmol/L","Humid","20.687","deg","79702","µV","29.947","°C","1016.000","hPa","35.3","pmil","0","53.237","deg","23.954","°C","100.000","%a.s.","21.023","deg","23.635","°C","1019.000","hPa","0.861","-0.02617","0.00035","0","0","13.56","Humid","28.00","0","54.00","361272.93","SABD0000000001","AAV1.0.0.11","1.1.2.0","PSt7-10","170328-007","9/30/2017 19:06:43","0000-00","0","no battery","V"
"09/09/2020","10:40:02","2","default","115855972","OXY_CH2","74.461","min","184.362","µmol/L","Humid","20.687","deg","79691","µV","29.953","°C","1016.000","hPa","35.3","pmil","0","53.237","deg","23.954","°C","100.000","%a.s.","21.023","deg","23.635","°C","1019.000","hPa","0.861","-0.02617","0.00035","0","0","13.56","Humid","28.00","0","54.00","361280.22","SABD0000000001","AAV1.0.0.11","1.1.2.0","PSt7-10","170328-007","9/30/2017 19:06:43","0000-00","0","no battery","V"
"09/09/2020","10:40:03","2","default","115855972","OXY_CH2","74.477","min","184.315","µmol/L","Humid","20.690","deg","79693","µV","29.953","°C","1016.000","hPa","35.3","pmil","0","53.237","deg","23.954","°C","100.000","%a.s.","21.023","deg","23.635","°C","1019.000","hPa","0.861","-0.02617","0.00035","0","0","13.56","Humid","28.00","0","54.00","361281.30","SABD0000000001","AAV1.0.0.11","1.1.2.0","PSt7-10","170328-007","9/30/2017 19:06:43","0000-00","0","no battery","V"
"09/09/2020","10:40:04","2","default","115855972","OXY_CH2","74.494","min","184.407","µmol/L","Humid","20.687","deg","79699","µV","29.946","°C","1016.000","hPa","35.3","pmil","0","53.237","deg","23.954","°C","100.000","%a.s.","21.023","deg","23.635","°C","1019.000","hPa","0.861","-0.02617","0.00035","0","0","13.56","Humid","28.00","0","54.00","361269.70","SABD0000000001","AAV1.0.0.11","1.1.2.0","PSt7-10","170328-007","9/30/2017 19:06:43","0000-00","0","no battery","V"
"09/09/2020","10:40:05","2","default","115855972","OXY_CH2","74.511","min","184.455","µmol/L","Humid","20.683","deg","79702","µV","29.949","°C","1016.000","hPa","35.3","pmil","0","53.237","deg","23.954","°C","100.000","%a.s.","21.023","deg","23.635","°C","1019.000","hPa","0.861","-0.02617","0.00035","0","0","13.56","Humid","28.00","0","54.00","361274.46","SABD0000000001","AAV1.0.0.11","1.1.2.0","PSt7-10","170328-007","9/30/2017 19:06:43","0000-00","0","no battery","V"
"09/09/2020","10:40:06","2","default","115855972","OXY_CH2","74.527","min","184.412","µmol/L","Humid","20.685","deg","79686","µV","29.951","°C","1016.000","hPa","35.3","pmil","0","53.237","deg","23.954","°C","100.000","%a.s.","21.023","deg","23.635","°C","1019.000","hPa","0.861","-0.02617","0.00035","0","0","13.56","Humid","28.00","0","54.00","361267.07","SABD0000000001","AAV1.0.0.11","1.1.2.0","PSt7-10","170328-007","9/30/2017 19:06:43","0000-00","0","no battery","V"
"09/09/2020","10:40:07","2","default","115855972","OXY_CH2","74.544","min","184.480","µmol/L","Humid","20.683","deg","79685","µV","29.945","°C","1016.000","hPa","35.3","pmil","0","53.237","deg","23.954","°C","100.000","%a.s.","21.023","deg","23.635","°C","1019.000","hPa","0.861","-0.02617","0.00035","0","0","13.56","Humid","28.00","0","54.00","361274.82","SABD0000000001","AAV1.0.0.11","1.1.2.0","PSt7-10","170328-007","9/30/2017 19:06:43","0000-00","0","no battery","V"
"09/09/2020","10:40:08","2","default","115855972","OXY_CH2","74.560","min","184.444","µmol/L","Humid","20.685","deg","79687","µV","29.945","°C","1016.000","hPa","35.3","pmil","0","53.237","deg","23.954","°C","100.000","%a.s.","21.023","deg","23.635","°C","1019.000","hPa","0.861","-0.02617","0.00035","0","0","13.56","Humid","28.00","0","54.00","361270.58","SABD0000000001","AAV1.0.0.11","1.1.2.0","PSt7-10","170328-007","9/30/2017 19:06:43","0000-00","0","no battery","V"
"09/09/2020","10:40:09","2","default","115855972","OXY_CH2","74.577","min","184.413","µmol/L","Humid","20.685","deg","79697","µV","29.950","°C","1016.000","hPa","35.3","pmil","0","53.237","deg","23.954","°C","100.000","%a.s.","21.023","deg","23.635","°C","1019.000","hPa","0.861","-0.02617","0.00035","0","0","13.56","Humid","28.00","0","54.00","361270.43","SABD0000000001","AAV1.0.0.11","1.1.2.0","PSt7-10","170328-007","9/30/2017 19:06:43","0000-00","0","no battery","V"
"09/09/2020","10:40:10","2","default","115855972","OXY_CH2","74.594","min","184.350","µmol/L","Humid","20.687","deg","79692","µV","29.955","°C","1016.000","hPa","35.3","pmil","0","53.237","deg","23.954","°C","100.000","%a.s.","21.023","deg","23.635","°C","1019.000","hPa","0.861","-0.02617","0.00035","0","0","13.56","Humid","28.00","0","54.00","361277.92","SABD0000000001","AAV1.0.0.11","1.1.2.0","PSt7-10","170328-007","9/30/2017 19:06:43","0000-00","0","no battery","V"
"09/09/2020","10:40:11","2","default","115855972","OXY_CH2","74.611","min","184.378","µmol/L","Humid","20.688","deg","79690","µV","29.948","°C","1016.000","hPa","35.3","pmil","0","53.237","deg","23.954","°C","100.000","%a.s.","21.023","deg","23.635","°C","1019.000","hPa","0.861","-0.02617","0.00035","0","0","13.56","Humid","28.00","0","54.00","361275.24","SABD0000000001","AAV1.0.0.11","1.1.2.0","PSt7-10","170328-007","9/30/2017 19:06:43","0000-00","0","no battery","V"
"09/09/2020","10:40:12","2","default","115855972","OXY_CH2","74.628","min","184.553","µmol/L","Humid","20.684","deg","79695","µV","29.929","°C","1016.000","hPa","35.3","pmil","0","53.237","deg","23.954","°C","100.000","%a.s.","21.023","deg","23.635","°C","1019.000","hPa","0.861","-0.02617","0.00035","0","0","13.56","Humid","28.00","0","54.00","361264.50","SABD0000000001","AAV1.0.0.11","1.1.2.0","PSt7-10","170328-007","9/30/2017 19:06:43","0000-00","0","no battery","V"
"09/09/2020","10:40:13","2","default","115855972","OXY_CH2","74.644","min","184.493","µmol/L","Humid","20.682","deg","79691","µV","29.945","°C","1016.000","hPa","35.3","pmil","0","53.237","deg","23.954","°C","100.000","%a.s.","21.023","deg","23.635","°C","1019.000","hPa","0.861","-0.02617","0.00035","0","0","13.56","Humid","28.00","0","54.00","361278.34","SABD0000000001","AAV1.0.0.11","1.1.2.0","PSt7-10","170328-007","9/30/2017 19:06:43","0000-00","0","no battery","V"
"09/09/2020","10:40:14","2","default","115855972","OXY_CH2","74.661","min","184.551","µmol/L","Humid","20.681","deg","79682","µV","29.938","°C","1016.000","hPa","35.3","pmil","0","53.237","deg","23.954","°C","100.000","%a.s.","21.023","deg","23.635","°C","1019.000","hPa","0.861","-0.02617","0.00035","0","0","13.56","Humid","28.00","0","54.00","361266.96","SABD0000000001","AAV1.0.0.11","1.1.2.0","PSt7-10","170328-007","9/30/2017 19:06:43","0000-00","0","no battery","V"
"09/09/2020","10:40:15","2","default","115855972","OXY_CH2","74.677","min","184.529","µmol/L","Humid","20.683","deg","79678","µV","29.936","°C","1016.000","hPa","35.3","pmil","0","53.237","deg","23.954","°C","100.000","%a.s.","21.023","deg","23.635","°C","1019.000","hPa","0.861","-0.02617","0.00035","0","0","13.56","Humid","28.00","0","54.00","361272.63","SABD0000000001","AAV1.0.0.11","1.1.2.0","PSt7-10","170328-007","9/30/2017 19:06:43","0000-00","0","no battery","V"
"09/09/2020","10:40:16","2","default","115855972","OXY_CH2","74.694","min","184.544","µmol/L","Humid","20.680","deg","79681","µV","29.942","°C","1016.000","hPa","35.3","pmil","0","53.237","deg","23.954","°C","100.000","%a.s.","21.023","deg","23.635","°C","1019.000","hPa","0.861","-0.02617","0.00035","0","0","13.56","Humid","28.00","0","54.00","361270.65","SABD0000000001","AAV1.0.0.11","1.1.2.0","PSt7-10","170328-007","9/30/2017 19:06:43","0000-00","0","no battery","V"
"09/09/2020","10:40:17","2","default","115855972","OXY_CH2","74.711","min","184.357","µmol/L","Humid","20.683","deg","79692","µV","29.966","°C","1016.000","hPa","35.3","pmil","0","53.237","deg","23.954","°C","100.000","%a.s.","21.023","deg","23.635","°C","1019.000","hPa","0.861","-0.02617","0.00035","0","0","13.56","Humid","28.00","0","54.00","361270.14","SABD0000000001","AAV1.0.0.11","1.1.2.0","PSt7-10","170328-007","9/30/2017 19:06:43","0000-00","0","no battery","V"
"09/09/2020","10:40:18","2","default","115855972","OXY_CH2","74.727","min","184.458","µmol/L","Humid","20.685","deg","79688","µV","29.943","°C","1016.000","hPa","35.3","pmil","0","53.237","deg","23.954","°C","100.000","%a.s.","21.023","deg","23.635","°C","1019.000","hPa","0.861","-0.02617","0.00035","0","0","13.56","Humid","28.00","0","54.00","361263.50","SABD0000000001","AAV1.0.0.11","1.1.2.0","PSt7-10","170328-007","9/30/2017 19:06:43","0000-00","0","no battery","V"
"09/09/2020","10:40:19","2","default","115855972","OXY_CH2","74.744","min","184.397","µmol/L","Humid","20.684","deg","79680","µV","29.956","°C","1016.000","hPa","35.3","pmil","0","53.237","deg","23.954","°C","100.000","%a.s.","21.023","deg","23.635","°C","1019.000","hPa","0.861","-0.02617","0.00035","0","0","13.56","Humid","28.00","0","54.00","361276.04","SABD0000000001","AAV1.0.0.11","1.1.2.0","PSt7-10","170328-007","9/30/2017 19:06:43","0000-00","0","no battery","V"
"09/09/2020","10:40:20","2","default","115855972","OXY_CH2","74.761","min","184.358","µmol/L","Humid","20.688","deg","79677","µV","29.951","°C","1016.000","hPa","35.3","pmil","0","53.237","deg","23.954","°C","100.000","%a.s.","21.023","deg","23.635","°C","1019.000","hPa","0.861","-0.02617","0.00035","0","0","13.56","Humid","28.00","0","54.00","361264.89","SABD0000000001","AAV1.0.0.11","1.1.2.0","PSt7-10","170328-007","9/30/2017 19:06:43","0000-00","0","no battery","V"
"09/09/2020","10:40:21","2","default","115855972","OXY_CH2","74.777","min","184.463","µmol/L","Humid","20.680","deg","79678","µV","29.956","°C","1016.000","hPa","35.3","pmil","0","53.237","deg","23.954","°C","100.000","%a.s.","21.023","deg","23.635","°C","1019.000","hPa","0.861","-0.02617","0.00035","0","0","13.56","Humid","28.00","0","54.00","361264.11","SABD0000000001","AAV1.0.0.11","1.1.2.0","PSt7-10","170328-007","9/30/2017 19:06:43","0000-00","0","no battery","V"
"09/09/2020","10:40:22","2","default","115855972","OXY_CH2","74.794","min","184.480","µmol/L","Humid","20.682","deg","79682","µV","29.948","°C","1016.000","hPa","35.3","pmil","0","53.237","deg","23.954","°C","100.000","%a.s.","21.023","deg","23.635","°C","1019.000","hPa","0.861","-0.02617","0.00035","0","0","13.56","Humid","28.00","0","54.00","361254.16","SABD0000000001","AAV1.0.0.11","1.1.2.0","PSt7-10","170328-007","9/30/2017 19:06:43","0000-00","0","no battery","V"
"09/09/2020","10:40:23","2","default","115855972","OXY_CH2","74.810","min","184.496","µmol/L","Humid","20.682","deg","79678","µV","29.945","°C","1016.000","hPa","35.3","pmil","0","53.237","deg","23.954","°C","100.000","%a.s.","21.023","deg","23.635","°C","1019.000","hPa","0.861","-0.02617","0.00035","0","0","13.56","Humid","28.00","0","54.00","361266.27","SABD0000000001","AAV1.0.0.11","1.1.2.0","PSt7-10","170328-007","9/30/2017 19:06:43","0000-00","0","no battery","V"
"09/09/2020","10:40:24","2","default","115855972","OXY_CH2","74.827","min","184.467","µmol/L","Humid","20.684","deg","79679","µV","29.944","°C","1016.000","hPa","35.3","pmil","0","53.237","deg","23.954","°C","100.000","%a.s.","21.023","deg","23.635","°C","1019.000","hPa","0.861","-0.02617","0.00035","0","0","13.56","Humid","28.00","0","54.00","361260.06","SABD0000000001","AAV1.0.0.11","1.1.2.0","PSt7-10","170328-007","9/30/2017 19:06:43","0000-00","0","no battery","V"
"09/09/2020","10:40:25","2","default","115855972","OXY_CH2","74.844","min","184.463","µmol/L","Humid","20.684","deg","79677","µV","29.945","°C","1016.000","hPa","35.3","pmil","0","53.237","deg","23.954","°C","100.000","%a.s.","21.023","deg","23.635","°C","1019.000","hPa","0.861","-0.02617","0.00035","0","0","13.56","Humid","28.00","0","54.00","361259.79","SABD0000000001","AAV1.0.0.11","1.1.2.0","PSt7-10","170328-007","9/30/2017 19:06:43","0000-00","0","no battery","V"
"09/09/2020","10:40:26","2","default","115855972","OXY_CH2","74.860","min","184.399","µmol/L","Humid","20.686","deg","79674","µV","29.950","°C","1016.000","hPa","35.3","pmil","0","53.237","deg","23.954","°C","100.000","%a.s.","21.023","deg","23.635","°C","1019.000","hPa","0.861","-0.02617","0.00035","0","0","13.56","Humid","28.00","0","54.00","361250.74","SABD0000000001","AAV1.0.0.11","1.1.2.0","PSt7-10","170328-007","9/30/2017 19:06:43","0000-00","0","no battery","V"
"09/09/2020","10:40:27","2","default","115855972","OXY_CH2","74.877","min","184.441","µmol/L","Humid","20.681","deg","79671","µV","29.957","°C","1016.000","hPa","35.3","pmil","0","53.237","deg","23.954","°C","100.000","%a.s.","21.023","deg","23.635","°C","1019.000","hPa","0.861","-0.02617","0.00035","0","0","13.56","Humid","28.00","0","54.00","361253.03","SABD0000000001","AAV1.0.0.11","1.1.2.0","PSt7-10","170328-007","9/30/2017 19:06:43","0000-00","0","no battery","V"
"09/09/2020","10:40:28","2","default","115855972","OXY_CH2","74.894","min","184.372","µmol/L","Humid","20.686","deg","79680","µV","29.955","°C","1016.000","hPa","35.3","pmil","0","53.237","deg","23.954","°C","100.000","%a.s.","21.023","deg","23.635","°C","1019.000","hPa","0.861","-0.02617","0.00035","0","0","13.56","Humid","28.00","0","54.00","361267.65","SABD0000000001","AAV1.0.0.11","1.1.2.0","PSt7-10","170328-007","9/30/2017 19:06:43","0000-00","0","no battery","V"
"09/09/2020","10:40:29","2","default","115855972","OXY_CH2","74.911","min","184.526","µmol/L","Humid","20.681","deg","79671","µV","29.943","°C","1016.000","hPa","35.3","pmil","0","53.237","deg","23.954","°C","100.000","%a.s.","21.023","deg","23.635","°C","1019.000","hPa","0.861","-0.02617","0.00035","0","0","13.56","Humid","28.00","0","54.00","361248.15","SABD0000000001","AAV1.0.0.11","1.1.2.0","PSt7-10","170328-007","9/30/2017 19:06:43","0000-00","0","no battery","V"
"09/09/2020","10:40:30","2","default","115855972","OXY_CH2","74.927","min","184.385","µmol/L","Humid","20.686","deg","79671","µV","29.952","°C","1016.000","hPa","35.3","pmil","0","53.237","deg","23.954","°C","100.000","%a.s.","21.023","deg","23.635","°C","1019.000","hPa","0.861","-0.02617","0.00035","0","0","13.56","Humid","28.00","0","54.00","361255.05","SABD0000000001","AAV1.0.0.11","1.1.2.0","PSt7-10","170328-007","9/30/2017 19:06:43","0000-00","0","no battery","V"
"09/09/2020","10:40:31","2","default","115855972","OXY_CH2","74.944","min","184.537","µmol/L","Humid","20.680","deg","79668","µV","29.944","°C","1016.000","hPa","35.3","pmil","0","53.237","deg","23.954","°C","100.000","%a.s.","21.023","deg","23.635","°C","1019.000","hPa","0.861","-0.02617","0.00035","0","0","13.56","Humid","28.00","0","54.00","361250.41","SABD0000000001","AAV1.0.0.11","1.1.2.0","PSt7-10","170328-007","9/30/2017 19:06:43","0000-00","0","no battery","V"
"09/09/2020","10:40:32","2","default","115855972","OXY_CH2","74.961","min","184.454","µmol/L","Humid","20.682","deg","79671","µV","29.952","°C","1016.000","hPa","35.3","pmil","0","53.237","deg","23.954","°C","100.000","%a.s.","21.023","deg","23.635","°C","1019.000","hPa","0.861","-0.02617","0.00035","0","0","13.56","Humid","28.00","0","54.00","361253.05","SABD0000000001","AAV1.0.0.11","1.1.2.0","PSt7-10","170328-007","9/30/2017 19:06:43","0000-00","0","no battery","V"
"09/09/2020","10:40:33","2","default","115855972","OXY_CH2","74.978","min","184.548","µmol/L","Humid","20.680","deg","79668","µV","29.942","°C","1016.000","hPa","35.3","pmil","0","53.237","deg","23.954","°C","100.000","%a.s.","21.023","deg","23.635","°C","1019.000","hPa","0.861","-0.02617","0.00035","0","0","13.56","Humid","28.00","0","54.00","361247.93","SABD0000000001","AAV1.0.0.11","1.1.2.0","PSt7-10","170328-007","9/30/2017 19:06:43","0000-00","0","no battery","V"
"09/09/2020","10:40:34","2","default","115855972","OXY_CH2","74.994","min","184.475","µmol/L","Humid","20.682","deg","79666","µV","29.948","°C","1016.000","hPa","35.3","pmil","0","53.237","deg","23.954","°C","100.000","%a.s.","21.023","deg","23.635","°C","1019.000","hPa","0.861","-0.02617","0.00035","0","0","13.56","Humid","28.00","0","54.00","361245.85","SABD0000000001","AAV1.0.0.11","1.1.2.0","PSt7-10","170328-007","9/30/2017 19:06:43","0000-00","0","no battery","V"
"09/09/2020","10:40:35","2","default","115855972","OXY_CH2","75.011","min","184.530","µmol/L","Humid","20.682","deg","79669","µV","29.939","°C","1016.000","hPa","35.3","pmil","0","53.237","deg","23.954","°C","100.000","%a.s.","21.023","deg","23.635","°C","1019.000","hPa","0.861","-0.02617","0.00035","0","0","13.56","Humid","28.00","0","54.00","361242.04","SABD0000000001","AAV1.0.0.11","1.1.2.0","PSt7-10","170328-007","9/30/2017 19:06:43","0000-00","0","no battery","V"
"09/09/2020","10:40:36","2","default","115855972","OXY_CH2","75.027","min","184.348","µmol/L","Humid","20.687","deg","79665","µV","29.956","°C","1016.000","hPa","35.3","pmil","0","53.237","deg","23.954","°C","100.000","%a.s.","21.023","deg","23.635","°C","1019.000","hPa","0.861","-0.02617","0.00035","0","0","13.56","Humid","28.00","0","54.00","361262.60","SABD0000000001","AAV1.0.0.11","1.1.2.0","PSt7-10","170328-007","9/30/2017 19:06:43","0000-00","0","no battery","V"
"09/09/2020","10:40:37","2","default","115855972","OXY_CH2","75.044","min","184.484","µmol/L","Humid","20.677","deg","79669","µV","29.961","°C","1016.000","hPa","35.3","pmil","0","53.237","deg","23.954","°C","100.000","%a.s.","21.023","deg","23.635","°C","1019.000","hPa","0.861","-0.02617","0.00035","0","0","13.56","Humid","28.00","0","54.00","361251.34","SABD0000000001","AAV1.0.0.11","1.1.2.0","PSt7-10","170328-007","9/30/2017 19:06:43","0000-00","0","no battery","V"
"09/09/2020","10:40:38","2","default","115855972","OXY_CH2","75.060","min","184.477","µmol/L","Humid","20.682","deg","79659","µV","29.948","°C","1016.000","hPa","35.3","pmil","0","53.237","deg","23.954","°C","100.000","%a.s.","21.023","deg","23.635","°C","1019.000","hPa","0.861","-0.02617","0.00035","0","0","13.56","Humid","28.00","0","54.00","361233.70","SABD0000000001","AAV1.0.0.11","1.1.2.0","PSt7-10","170328-007","9/30/2017 19:06:43","0000-00","0","no battery","V"
"09/09/2020","10:40:39","2","default","115855972","OXY_CH2","75.077","min","184.548","µmol/L","Humid","20.676","deg","79661","µV","29.953","°C","1016.000","hPa","35.3","pmil","0","53.237","deg","23.954","°C","100.000","%a.s.","21.023","deg","23.635","°C","1019.000","hPa","0.861","-0.02617","0.00035","0","0","13.56","Humid","28.00","0","54.00","361240.84","SABD0000000001","AAV1.0.0.11","1.1.2.0","PSt7-10","170328-007","9/30/2017 19:06:43","0000-00","0","no battery","V"
"09/09/2020","10:40:40","2","default","115855972","OXY_CH2","75.094","min","184.488","µmol/L","Humid","20.677","deg","79659","µV","29.961","°C","1016.000","hPa","35.3","pmil","0","53.237","deg","23.954","°C","100.000","%a.s.","21.023","deg","23.635","°C","1019.000","hPa","0.861","-0.02617","0.00035","0","0","13.56","Humid","28.00","0","54.00","361250.33","SABD0000000001","AAV1.0.0.11","1.1.2.0","PSt7-10","170328-007","9/30/2017 19:06:43","0000-00","0","no battery","V"
"09/09/2020","10:40:41","2","default","115855972","OXY_CH2","75.111","min","184.560","µmol/L","Humid","20.680","deg","79659","µV","29.940","°C","1016.000","hPa","35.3","pmil","0","53.237","deg","23.954","°C","100.000","%a.s.","21.023","deg","23.635","°C","1019.000","hPa","0.861","-0.02617","0.00035","0","0","13.56","Humid","28.00","0","54.00","361253.44","SABD0000000001","AAV1.0.0.11","1.1.2.0","PSt7-10","170328-007","9/30/2017 19:06:43","0000-00","0","no battery","V"
"09/09/2020","10:40:42","2","default","115855972","OXY_CH2","75.128","min","184.526","µmol/L","Humid","20.677","deg","79660","µV","29.954","°C","1016.000","hPa","35.3","pmil","0","53.237","deg","23.954","°C","100.000","%a.s.","21.023","deg","23.635","°C","1019.000","hPa","0.861","-0.02617","0.00035","0","0","13.56","Humid","28.00","0","54.00","361237.92","SABD0000000001","AAV1.0.0.11","1.1.2.0","PSt7-10","170328-007","9/30/2017 19:06:43","0000-00","0","no battery","V"
"09/09/2020","10:40:43","2","default","115855972","OXY_CH2","75.144","min","184.455","µmol/L","Humid","20.682","deg","79658","µV","29.952","°C","1016.000","hPa","35.3","pmil","0","53.237","deg","23.954","°C","100.000","%a.s.","21.023","deg","23.635","°C","1019.000","hPa","0.861","-0.02617","0.00035","0","0","13.56","Humid","28.00","0","54.00","361235.91","SABD0000000001","AAV1.0.0.11","1.1.2.0","PSt7-10","170328-007","9/30/2017 19:06:43","0000-00","0","no battery","V"
"09/09/2020","10:40:44","2","default","115855972","OXY_CH2","75.161","min","184.531","µmol/L","Humid","20.683","deg","79662","µV","29.936","°C","1016.000","hPa","35.3","pmil","0","53.237","deg","23.954","°C","100.000","%a.s.","21.023","deg","23.635","°C","1019.000","hPa","0.861","-0.02617","0.00035","0","0","13.56","Humid","28.00","0","54.00","361253.99","SABD0000000001","AAV1.0.0.11","1.1.2.0","PSt7-10","170328-007","9/30/2017 19:06:43","0000-00","0","no battery","V"
"09/09/2020","10:40:45","2","default","115855972","OXY_CH2","75.177","min","184.541","µmol/L","Humid","20.681","deg","79656","µV","29.940","°C","1016.000","hPa","35.3","pmil","0","53.237","deg","23.954","°C","100.000","%a.s.","21.023","deg","23.635","°C","1019.000","hPa","0.861","-0.02617","0.00035","0","0","13.56","Humid","28.00","0","54.00","361249.17","SABD0000000001","AAV1.0.0.11","1.1.2.0","PSt7-10","170328-007","9/30/2017 19:06:43","0000-00","0","no battery","V"
"09/09/2020","10:40:46","2","default","115855972","OXY_CH2","75.194","min","184.483","µmol/L","Humid","20.681","deg","79654","µV","29.950","°C","1016.000","hPa","35.3","pmil","0","53.237","deg","23.954","°C","100.000","%a.s.","21.023","deg","23.635","°C","1019.000","hPa","0.861","-0.02617","0.00035","0","0","13.56","Humid","28.00","0","54.00","361240.60","SABD0000000001","AAV1.0.0.11","1.1.2.0","PSt7-10","170328-007","9/30/2017 19:06:43","0000-00","0","no battery","V"
"09/09/2020","10:40:47","2","default","115855972","OXY_CH2","75.210","min","184.427","µmol/L","Humid","20.681","deg","79656","µV","29.960","°C","1016.000","hPa","35.3","pmil","0","53.237","deg","23.954","°C","100.000","%a.s.","21.023","deg","23.635","°C","1019.000","hPa","0.861","-0.02617","0.00035","0","0","13.56","Humid","28.00","0","54.00","361231.86","SABD0000000001","AAV1.0.0.11","1.1.2.0","PSt7-10","170328-007","9/30/2017 19:06:43","0000-00","0","no battery","V"
"09/09/2020","10:40:48","2","default","115855972","OXY_CH2","75.227","min","184.518","µmol/L","Humid","20.679","deg","79652","µV","29.950","°C","1016.000","hPa","35.3","pmil","0","53.237","deg","23.954","°C","100.000","%a.s.","21.023","deg","23.635","°C","1019.000","hPa","0.861","-0.02617","0.00035","0","0","13.56","Humid","28.00","0","54.00","361237.26","SABD0000000001","AAV1.0.0.11","1.1.2.0","PSt7-10","170328-007","9/30/2017 19:06:43","0000-00","0","no battery","V"
"09/09/2020","10:40:49","2","default","115855972","OXY_CH2","75.244","min","184.427","µmol/L","Humid","20.683","deg","79651","µV","29.954","°C","1016.000","hPa","35.3","pmil","0","53.237","deg","23.954","°C","100.000","%a.s.","21.023","deg","23.635","°C","1019.000","hPa","0.861","-0.02617","0.00035","0","0","13.56","Humid","28.00","0","54.00","361246.82","SABD0000000001","AAV1.0.0.11","1.1.2.0","PSt7-10","170328-007","9/30/2017 19:06:43","0000-00","0","no battery","V"
"09/09/2020","10:40:50","2","default","115855972","OXY_CH2","75.261","min","184.503","µmol/L","Humid","20.679","deg","79650","µV","29.952","°C","1016.000","hPa","35.3","pmil","0","53.237","deg","23.954","°C","100.000","%a.s.","21.023","deg","23.635","°C","1019.000","hPa","0.861","-0.02617","0.00035","0","0","13.56","Humid","28.00","0","54.00","361240.94","SABD0000000001","AAV1.0.0.11","1.1.2.0","PSt7-10","170328-007","9/30/2017 19:06:43","0000-00","0","no battery","V"
"09/09/2020","10:40:51","2","default","115855972","OXY_CH2","75.277","min","184.511","µmol/L","Humid","20.679","deg","79650","µV","29.951","°C","1016.000","hPa","35.3","pmil","0","53.237","deg","23.954","°C","100.000","%a.s.","21.023","deg","23.635","°C","1019.000","hPa","0.861","-0.02617","0.00035","0","0","13.56","Humid","28.00","0","54.00","361240.90","SABD0000000001","AAV1.0.0.11","1.1.2.0","PSt7-10","170328-007","9/30/2017 19:06:43","0000-00","0","no battery","V"
"09/09/2020","10:40:52","2","default","115855972","OXY_CH2","75.294","min","184.427","µmol/L","Humid","20.681","deg","79653","µV","29.960","°C","1016.000","hPa","35.3","pmil","0","53.237","deg","23.954","°C","100.000","%a.s.","21.023","deg","23.635","°C","1019.000","hPa","0.861","-0.02617","0.00035","0","0","13.56","Humid","28.00","0","54.00","361240.32","SABD0000000001","AAV1.0.0.11","1.1.2.0","PSt7-10","170328-007","9/30/2017 19:06:43","0000-00","0","no battery","V"
"09/09/2020","10:40:53","2","default","115855972","OXY_CH2","75.311","min","184.456","µmol/L","Humid","20.681","deg","79654","µV","29.955","°C","1016.000","hPa","35.3","pmil","0","53.237","deg","23.954","°C","100.000","%a.s.","21.023","deg","23.635","°C","1019.000","hPa","0.861","-0.02617","0.00035","0","0","13.56","Humid","28.00","0","54.00","361244.62","SABD0000000001","AAV1.0.0.11","1.1.2.0","PSt7-10","170328-007","9/30/2017 19:06:43","0000-00","0","no battery","V"
"09/09/2020","10:40:54","2","default","115855972","OXY_CH2","75.327","min","184.695","µmol/L","Humid","20.673","deg","79643","µV","29.937","°C","1016.000","hPa","35.3","pmil","0","53.237","deg","23.954","°C","100.000","%a.s.","21.023","deg","23.635","°C","1019.000","hPa","0.861","-0.02617","0.00035","0","0","13.56","Humid","28.00","0","54.00","361234.28","SABD0000000001","AAV1.0.0.11","1.1.2.0","PSt7-10","170328-007","9/30/2017 19:06:43","0000-00","0","no battery","V"
"09/09/2020","10:40:55","2","default","115855972","OXY_CH2","75.344","min","184.510","µmol/L","Humid","20.675","deg","79646","µV","29.963","°C","1016.000","hPa","35.3","pmil","0","53.237","deg","23.954","°C","100.000","%a.s.","21.023","deg","23.635","°C","1019.000","hPa","0.861","-0.02617","0.00035","0","0","13.56","Humid","28.00","0","54.00","361237.18","SABD0000000001","AAV1.0.0.11","1.1.2.0","PSt7-10","170328-007","9/30/2017 19:06:43","0000-00","0","no battery","V"
"09/09/2020","10:40:56","2","default","115855972","OXY_CH2","75.360","min","184.457","µmol/L","Humid","20.677","deg","79642","µV","29.966","°C","1016.000","hPa","35.3","pmil","0","53.237","deg","23.954","°C","100.000","%a.s.","21.023","deg","23.635","°C","1019.000","hPa","0.861","-0.02617","0.00035","0","0","13.56","Humid","28.00","0","54.00","361234.07","SABD0000000001","AAV1.0.0.11","1.1.2.0","PSt7-10","170328-007","9/30/2017 19:06:43","0000-00","0","no battery","V"
"09/09/2020","10:40:57","2","default","115855972","OXY_CH2","75.377","min","184.457","µmol/L","Humid","20.677","deg","79646","µV","29.966","°C","1016.000","hPa","35.3","pmil","0","53.237","deg","23.954","°C","100.000","%a.s.","21.023","deg","23.635","°C","1019.000","hPa","0.861","-0.02617","0.00035","0","0","13.56","Humid","28.00","0","54.00","361247.21","SABD0000000001","AAV1.0.0.11","1.1.2.0","PSt7-10","170328-007","9/30/2017 19:06:43","0000-00","0","no battery","V"
"09/09/2020","10:40:58","2","default","115855972","OXY_CH2","75.394","min","184.623","µmol/L","Humid","20.673","deg","79648","µV","29.949","°C","1016.000","hPa","35.3","pmil","0","53.237","deg","23.954","°C","100.000","%a.s.","21.023","deg","23.635","°C","1019.000","hPa","0.861","-0.02617","0.00035","0","0","13.56","Humid","28.00","0","54.00","361247.48","SABD0000000001","AAV1.0.0.11","1.1.2.0","PSt7-10","170328-007","9/30/2017 19:06:43","0000-00","0","no battery","V"
"09/09/2020","10:40:59","2","default","115855972","OXY_CH2","75.410","min","184.552","µmol/L","Humid","20.675","deg","79640","µV","29.955","°C","1016.000","hPa","35.3","pmil","0","53.237","deg","23.954","°C","100.000","%a.s.","21.023","deg","23.635","°C","1019.000","hPa","0.861","-0.02617","0.00035","0","0","13.56","Humid","28.00","0","54.00","361236.08","SABD0000000001","AAV1.0.0.11","1.1.2.0","PSt7-10","170328-007","9/30/2017 19:06:43","0000-00","0","no battery","V"
"09/09/2020","10:41:00","2","default","115855972","OXY_CH2","75.427","min","184.538","µmol/L","Humid","20.675","deg","79640","µV","29.958","°C","1016.000","hPa","35.3","pmil","0","53.237","deg","23.954","°C","100.000","%a.s.","21.023","deg","23.635","°C","1019.000","hPa","0.861","-0.02617","0.00035","0","0","13.56","Humid","28.00","0","54.00","361236.05","SABD0000000001","AAV1.0.0.11","1.1.2.0","PSt7-10","170328-007","9/30/2017 19:06:43","0000-00","0","no battery","V"
"09/09/2020","10:41:01","2","default","115855972","OXY_CH2","75.444","min","184.481","µmol/L","Humid","20.676","deg","79635","µV","29.965","°C","1016.000","hPa","35.3","pmil","0","53.237","deg","23.954","°C","100.000","%a.s.","21.023","deg","23.635","°C","1019.000","hPa","0.861","-0.02617","0.00035","0","0","13.56","Humid","28.00","0","54.00","361238.98","SABD0000000001","AAV1.0.0.11","1.1.2.0","PSt7-10","170328-007","9/30/2017 19:06:43","0000-00","0","no battery","V"
"09/09/2020","10:41:02","2","default","115855972","OXY_CH2","75.460","min","184.646","µmol/L","Humid","20.672","deg","79639","µV","29.948","°C","1016.000","hPa","35.3","pmil","0","53.237","deg","23.954","°C","100.000","%a.s.","21.023","deg","23.635","°C","1019.000","hPa","0.861","-0.02617","0.00035","0","0","13.56","Humid","28.00","0","54.00","361233.81","SABD0000000001","AAV1.0.0.11","1.1.2.0","PSt7-10","170328-007","9/30/2017 19:06:43","0000-00","0","no battery","V"
"09/09/2020","10:41:03","2","default","115855972","OXY_CH2","75.477","min","184.600","µmol/L","Humid","20.675","deg","79636","µV","29.947","°C","1016.000","hPa","35.3","pmil","0","53.237","deg","23.954","°C","100.000","%a.s.","21.023","deg","23.635","°C","1019.000","hPa","0.861","-0.02617","0.00035","0","0","13.56","Humid","28.00","0","54.00","361232.15","SABD0000000001","AAV1.0.0.11","1.1.2.0","PSt7-10","170328-007","9/30/2017 19:06:43","0000-00","0","no battery","V"
"09/09/2020","10:41:04","2","default","115855972","OXY_CH2","75.494","min","184.562","µmol/L","Humid","20.675","deg","79634","µV","29.954","°C","1016.000","hPa","35.3","pmil","0","53.237","deg","23.954","°C","100.000","%a.s.","21.023","deg","23.635","°C","1019.000","hPa","0.861","-0.02617","0.00035","0","0","13.56","Humid","28.00","0","54.00","361224.54","SABD0000000001","AAV1.0.0.11","1.1.2.0","PSt7-10","170328-007","9/30/2017 19:06:43","0000-00","0","no battery","V"
"09/09/2020","10:41:05","2","default","115855972","OXY_CH2","75.511","min","184.508","µmol/L","Humid","20.672","deg","79628","µV","29.972","°C","1016.000","hPa","35.3","pmil","0","53.237","deg","23.954","°C","100.000","%a.s.","21.023","deg","23.635","°C","1019.000","hPa","0.861","-0.02617","0.00035","0","0","13.56","Humid","28.00","0","54.00","361226.07","SABD0000000001","AAV1.0.0.11","1.1.2.0","PSt7-10","170328-007","9/30/2017 19:06:43","0000-00","0","no battery","V"
"09/09/2020","10:41:06","2","default","115855972","OXY_CH2","75.528","min","184.575","µmol/L","Humid","20.675","deg","79639","µV","29.952","°C","1016.000","hPa","35.3","pmil","0","53.237","deg","23.954","°C","100.000","%a.s.","21.023","deg","23.635","°C","1019.000","hPa","0.861","-0.02617","0.00035","0","0","13.56","Humid","28.00","0","54.00","361236.01","SABD0000000001","AAV1.0.0.11","1.1.2.0","PSt7-10","170328-007","9/30/2017 19:06:43","0000-00","0","no battery","V"
"09/09/2020","10:41:07","2","default","115855972","OXY_CH2","75.544","min","184.614","µmol/L","Humid","20.676","deg","79631","µV","29.942","°C","1016.000","hPa","35.3","pmil","0","53.237","deg","23.954","°C","100.000","%a.s.","21.023","deg","23.635","°C","1019.000","hPa","0.861","-0.02617","0.00035","0","0","13.56","Humid","28.00","0","54.00","361238.58","SABD0000000001","AAV1.0.0.11","1.1.2.0","PSt7-10","170328-007","9/30/2017 19:06:43","0000-00","0","no battery","V"
"09/09/2020","10:41:08","2","default","115855972","OXY_CH2","75.561","min","184.593","µmol/L","Humid","20.672","deg","79632","µV","29.957","°C","1016.000","hPa","35.3","pmil","0","53.237","deg","23.954","°C","100.000","%a.s.","21.023","deg","23.635","°C","1019.000","hPa","0.861","-0.02617","0.00035","0","0","13.56","Humid","28.00","0","54.00","361218.94","SABD0000000001","AAV1.0.0.11","1.1.2.0","PSt7-10","170328-007","9/30/2017 19:06:43","0000-00","0","no battery","V"
"09/09/2020","10:41:09","2","default","115855972","OXY_CH2","75.577","min","184.599","µmol/L","Humid","20.674","deg","79628","µV","29.950","°C","1016.000","hPa","35.3","pmil","0","53.237","deg","23.954","°C","100.000","%a.s.","21.023","deg","23.635","°C","1019.000","hPa","0.861","-0.02617","0.00035","0","0","13.56","Humid","28.00","0","54.00","361228.16","SABD0000000001","AAV1.0.0.11","1.1.2.0","PSt7-10","170328-007","9/30/2017 19:06:43","0000-00","0","no battery","V"
"09/09/2020","10:41:10","2","default","115855972","OXY_CH2","75.594","min","184.680","µmol/L","Humid","20.671","deg","79622","µV","29.945","°C","1016.000","hPa","35.3","pmil","0","53.237","deg","23.954","°C","100.000","%a.s.","21.023","deg","23.635","°C","1019.000","hPa","0.861","-0.02617","0.00035","0","0","13.56","Humid","28.00","0","54.00","361230.39","SABD0000000001","AAV1.0.0.11","1.1.2.0","PSt7-10","170328-007","9/30/2017 19:06:43","0000-00","0","no battery","V"
"09/09/2020","10:41:11","2","default","115855972","OXY_CH2","75.611","min","184.636","µmol/L","Humid","20.675","deg","79619","µV","29.941","°C","1016.000","hPa","35.3","pmil","0","53.237","deg","23.954","°C","100.000","%a.s.","21.023","deg","23.635","°C","1019.000","hPa","0.861","-0.02617","0.00035","0","0","13.56","Humid","28.00","0","54.00","361227.67","SABD0000000001","AAV1.0.0.11","1.1.2.0","PSt7-10","170328-007","9/30/2017 19:06:43","0000-00","0","no battery","V"
"09/09/2020","10:41:12","2","default","115855972","OXY_CH2","75.627","min","184.598","µmol/L","Humid","20.678","deg","79622","µV","29.939","°C","1016.000","hPa","35.3","pmil","0","53.237","deg","23.954","°C","100.000","%a.s.","21.023","deg","23.635","°C","1019.000","hPa","0.861","-0.02617","0.00035","0","0","13.56","Humid","28.00","0","54.00","361215.04","SABD0000000001","AAV1.0.0.11","1.1.2.0","PSt7-10","170328-007","9/30/2017 19:06:43","0000-00","0","no battery","V"
"09/09/2020","10:41:13","2","default","115855972","OXY_CH2","75.644","min","184.762","µmol/L","Humid","20.669","deg","79626","µV","29.937","°C","1016.000","hPa","35.3","pmil","0","53.237","deg","23.954","°C","100.000","%a.s.","21.023","deg","23.635","°C","1019.000","hPa","0.861","-0.02617","0.00035","0","0","13.56","Humid","28.00","0","54.00","361239.35","SABD0000000001","AAV1.0.0.11","1.1.2.0","PSt7-10","170328-007","9/30/2017 19:06:43","0000-00","0","no battery","V"
"09/09/2020","10:41:14","2","default","115855972","OXY_CH2","75.661","min","184.528","µmol/L","Humid","20.672","deg","79631","µV","29.968","°C","1016.000","hPa","35.3","pmil","0","53.237","deg","23.954","°C","100.000","%a.s.","21.023","deg","23.635","°C","1019.000","hPa","0.861","-0.02617","0.00035","0","0","13.56","Humid","28.00","0","54.00","361227.26","SABD0000000001","AAV1.0.0.11","1.1.2.0","PSt7-10","170328-007","9/30/2017 19:06:43","0000-00","0","no battery","V"
"09/09/2020","10:41:15","2","default","115855972","OXY_CH2","75.678","min","184.526","µmol/L","Humid","20.670","deg","79628","µV","29.974","°C","1016.000","hPa","35.3","pmil","0","53.237","deg","23.954","°C","100.000","%a.s.","21.023","deg","23.635","°C","1019.000","hPa","0.861","-0.02617","0.00035","0","0","13.56","Humid","28.00","0","54.00","361230.72","SABD0000000001","AAV1.0.0.11","1.1.2.0","PSt7-10","170328-007","9/30/2017 19:06:43","0000-00","0","no battery","V"
"09/09/2020","10:41:16","2","default","115855972","OXY_CH2","75.694","min","184.613","µmol/L","Humid","20.674","deg","79624","µV","29.948","°C","1016.000","hPa","35.3","pmil","0","53.237","deg","23.954","°C","100.000","%a.s.","21.023","deg","23.635","°C","1019.000","hPa","0.861","-0.02617","0.00035","0","0","13.56","Humid","28.00","0","54.00","361232.11","SABD0000000001","AAV1.0.0.11","1.1.2.0","PSt7-10","170328-007","9/30/2017 19:06:43","0000-00","0","no battery","V"
"09/09/2020","10:41:17","2","default","115855972","OXY_CH2","75.711","min","184.616","µmol/L","Humid","20.669","deg","79620","µV","29.962","°C","1016.000","hPa","35.3","pmil","0","53.237","deg","23.954","°C","100.000","%a.s.","21.023","deg","23.635","°C","1019.000","hPa","0.861","-0.02617","0.00035","0","0","13.56","Humid","28.00","0","54.00","361213.40","SABD0000000001","AAV1.0.0.11","1.1.2.0","PSt7-10","170328-007","9/30/2017 19:06:43","0000-00","0","no battery","V"
"09/09/2020","10:41:18","2","default","115855972","OXY_CH2","75.727","min","184.594","µmol/L","Humid","20.672","deg","79625","µV","29.957","°C","1016.000","hPa","35.3","pmil","0","53.237","deg","23.954","°C","100.000","%a.s.","21.023","deg","23.635","°C","1019.000","hPa","0.861","-0.02617","0.00035","0","0","13.56","Humid","28.00","0","54.00","361219.71","SABD0000000001","AAV1.0.0.11","1.1.2.0","PSt7-10","170328-007","9/30/2017 19:06:43","0000-00","0","no battery","V"
"09/09/2020","10:41:19","2","default","115855972","OXY_CH2","75.744","min","184.602","µmol/L","Humid","20.670","deg","79622","µV","29.961","°C","1016.000","hPa","35.3","pmil","0","53.237","deg","23.954","°C","100.000","%a.s.","21.023","deg","23.635","°C","1019.000","hPa","0.861","-0.02617","0.00035","0","0","13.56","Humid","28.00","0","54.00","361231.43","SABD0000000001","AAV1.0.0.11","1.1.2.0","PSt7-10","170328-007","9/30/2017 19:06:43","0000-00","0","no battery","V"
"09/09/2020","10:41:20","2","default","115855972","OXY_CH2","75.761","min","184.607","µmol/L","Humid","20.672","deg","79620","µV","29.955","°C","1016.000","hPa","35.3","pmil","0","53.237","deg","23.954","°C","100.000","%a.s.","21.023","deg","23.635","°C","1019.000","hPa","0.861","-0.02617","0.00035","0","0","13.56","Humid","28.00","0","54.00","361221.92","SABD0000000001","AAV1.0.0.11","1.1.2.0","PSt7-10","170328-007","9/30/2017 19:06:43","0000-00","0","no battery","V"
"09/09/2020","10:41:21","2","default","115855972","OXY_CH2","75.777","min","184.687","µmol/L","Humid","20.672","deg","79620","µV","29.941","°C","1016.000","hPa","35.3","pmil","0","53.237","deg","23.954","°C","100.000","%a.s.","21.023","deg","23.635","°C","1019.000","hPa","0.861","-0.02617","0.00035","0","0","13.56","Humid","28.00","0","54.00","361225.78","SABD0000000001","AAV1.0.0.11","1.1.2.0","PSt7-10","170328-007","9/30/2017 19:06:43","0000-00","0","no battery","V"
"09/09/2020","10:41:22","2","default","115855972","OXY_CH2","75.794","min","184.636","µmol/L","Humid","20.670","deg","79617","µV","29.956","°C","1016.000","hPa","35.3","pmil","0","53.237","deg","23.954","°C","100.000","%a.s.","21.023","deg","23.635","°C","1019.000","hPa","0.861","-0.02617","0.00035","0","0","13.56","Humid","28.00","0","54.00","361217.02","SABD0000000001","AAV1.0.0.11","1.1.2.0","PSt7-10","170328-007","9/30/2017 19:06:43","0000-00","0","no battery","V"
"09/09/2020","10:41:23","2","default","115855972","OXY_CH2","75.810","min","184.647","µmol/L","Humid","20.669","deg","79613","µV","29.957","°C","1016.000","hPa","35.3","pmil","0","53.237","deg","23.954","°C","100.000","%a.s.","21.023","deg","23.635","°C","1019.000","hPa","0.861","-0.02617","0.00035","0","0","13.56","Humid","28.00","0","54.00","361228.54","SABD0000000001","AAV1.0.0.11","1.1.2.0","PSt7-10","170328-007","9/30/2017 19:06:43","0000-00","0","no battery","V"
"09/09/2020","10:41:24","2","default","115855972","OXY_CH2","75.827","min","184.597","µmol/L","Humid","20.669","deg","79611","µV","29.965","°C","1016.000","hPa","35.3","pmil","0","53.237","deg","23.954","°C","100.000","%a.s.","21.023","deg","23.635","°C","1019.000","hPa","0.861","-0.02617","0.00035","0","0","13.56","Humid","28.00","0","54.00","361226.34","SABD0000000001","AAV1.0.0.11","1.1.2.0","PSt7-10","170328-007","9/30/2017 19:06:43","0000-00","0","no battery","V"
"09/09/2020","10:41:25","2","default","115855972","OXY_CH2","75.844","min","184.626","µmol/L","Humid","20.667","deg","79608","µV","29.966","°C","1016.000","hPa","35.3","pmil","0","53.237","deg","23.954","°C","100.000","%a.s.","21.023","deg","23.635","°C","1019.000","hPa","0.861","-0.02617","0.00035","0","0","13.56","Humid","28.00","0","54.00","361233.37","SABD0000000001","AAV1.0.0.11","1.1.2.0","PSt7-10","170328-007","9/30/2017 19:06:43","0000-00","0","no battery","V"
"09/09/2020","10:41:26","2","default","115855972","OXY_CH2","75.861","min","184.653","µmol/L","Humid","20.670","deg","79611","µV","29.953","°C","1016.000","hPa","35.3","pmil","0","53.237","deg","23.954","°C","100.000","%a.s.","21.023","deg","23.635","°C","1019.000","hPa","0.861","-0.02617","0.00035","0","0","13.56","Humid","28.00","0","54.00","361213.35","SABD0000000001","AAV1.0.0.11","1.1.2.0","PSt7-10","170328-007","9/30/2017 19:06:43","0000-00","0","no battery","V"
"09/09/2020","10:41:27","2","default","115855972","OXY_CH2","75.877","min","184.721","µmol/L","Humid","20.667","deg","79611","µV","29.950","°C","1016.000","hPa","35.3","pmil","0","53.237","deg","23.954","°C","100.000","%a.s.","21.023","deg","23.635","°C","1019.000","hPa","0.861","-0.02617","0.00035","0","0","13.56","Humid","28.00","0","54.00","361229.42","SABD0000000001","AAV1.0.0.11","1.1.2.0","PSt7-10","170328-007","9/30/2017 19:06:43","0000-00","0","no battery","V"
"09/09/2020","10:41:28","2","default","115855972","OXY_CH2","75.894","min","184.627","µmol/L","Humid","20.670","deg","79610","µV","29.957","°C","1016.000","hPa","35.3","pmil","0","53.237","deg","23.954","°C","100.000","%a.s.","21.023","deg","23.635","°C","1019.000","hPa","0.861","-0.02617","0.00035","0","0","13.56","Humid","28.00","0","54.00","361212.81","SABD0000000001","AAV1.0.0.11","1.1.2.0","PSt7-10","170328-007","9/30/2017 19:06:43","0000-00","0","no battery","V"
"09/09/2020","10:41:29","2","default","115855972","OXY_CH2","75.911","min","184.611","µmol/L","Humid","20.670","deg","79610","µV","29.960","°C","1016.000","hPa","35.3","pmil","0","53.237","deg","23.954","°C","100.000","%a.s.","21.023","deg","23.635","°C","1019.000","hPa","0.861","-0.02617","0.00035","0","0","13.56","Humid","28.00","0","54.00","361213.47","SABD0000000001","AAV1.0.0.11","1.1.2.0","PSt7-10","170328-007","9/30/2017 19:06:43","0000-00","0","no battery","V"
"09/09/2020","10:41:30","2","default","115855972","OXY_CH2","75.927","min","184.719","µmol/L","Humid","20.669","deg","79604","µV","29.944","°C","1016.000","hPa","35.3","pmil","0","53.237","deg","23.954","°C","100.000","%a.s.","21.023","deg","23.635","°C","1019.000","hPa","0.861","-0.02617","0.00035","0","0","13.56","Humid","28.00","0","54.00","361208.00","SABD0000000001","AAV1.0.0.11","1.1.2.0","PSt7-10","170328-007","9/30/2017 19:06:43","0000-00","0","no battery","V"
"09/09/2020","10:41:31","2","default","115855972","OXY_CH2","75.944","min","184.751","µmol/L","Humid","20.666","deg","79605","µV","29.947","°C","1016.000","hPa","35.3","pmil","0","53.237","deg","23.954","°C","100.000","%a.s.","21.023","deg","23.635","°C","1019.000","hPa","0.861","-0.02617","0.00035","0","0","13.56","Humid","28.00","0","54.00","361219.71","SABD0000000001","AAV1.0.0.11","1.1.2.0","PSt7-10","170328-007","9/30/2017 19:06:43","0000-00","0","no battery","V"
"09/09/2020","10:41:32","2","default","115855972","OXY_CH2","75.961","min","184.820","µmol/L","Humid","20.665","deg","79608","µV","29.939","°C","1016.000","hPa","35.3","pmil","0","53.237","deg","23.954","°C","100.000","%a.s.","21.023","deg","23.635","°C","1019.000","hPa","0.861","-0.02617","0.00035","0","0","13.56","Humid","28.00","0","54.00","361222.11","SABD0000000001","AAV1.0.0.11","1.1.2.0","PSt7-10","170328-007","9/30/2017 19:06:43","0000-00","0","no battery","V"
"09/09/2020","10:41:33","2","default","115855972","OXY_CH2","75.978","min","184.631","µmol/L","Humid","20.670","deg","79607","µV","29.956","°C","1016.000","hPa","35.3","pmil","0","53.237","deg","23.954","°C","100.000","%a.s.","21.023","deg","23.635","°C","1019.000","hPa","0.861","-0.02617","0.00035","0","0","13.56","Humid","28.00","0","54.00","361203.32","SABD0000000001","AAV1.0.0.11","1.1.2.0","PSt7-10","170328-007","9/30/2017 19:06:43","0000-00","0","no battery","V"
"09/09/2020","10:41:34","2","default","115855972","OXY_CH2","75.994","min","184.560","µmol/L","Humid","20.670","deg","79606","µV","29.969","°C","1016.000","hPa","35.3","pmil","0","53.237","deg","23.954","°C","100.000","%a.s.","21.023","deg","23.635","°C","1019.000","hPa","0.861","-0.02617","0.00035","0","0","13.56","Humid","28.00","0","54.00","361211.39","SABD0000000001","AAV1.0.0.11","1.1.2.0","PSt7-10","170328-007","9/30/2017 19:06:43","0000-00","0","no battery","V"
"09/09/2020","10:41:35","2","default","115855972","OXY_CH2","76.011","min","184.531","µmol/L","Humid","20.671","deg","79605","µV","29.971","°C","1016.000","hPa","35.3","pmil","0","53.237","deg","23.954","°C","100.000","%a.s.","21.023","deg","23.635","°C","1019.000","hPa","0.861","-0.02617","0.00035","0","0","13.56","Humid","28.00","0","54.00","361203.72","SABD0000000001","AAV1.0.0.11","1.1.2.0","PSt7-10","170328-007","9/30/2017 19:06:43","0000-00","0","no battery","V"
"09/09/2020","10:41:36","2","default","115855972","OXY_CH2","76.027","min","184.516","µmol/L","Humid","20.673","deg","79599","µV","29.967","°C","1016.000","hPa","35.3","pmil","0","53.237","deg","23.954","°C","100.000","%a.s.","21.023","deg","23.635","°C","1019.000","hPa","0.861","-0.02617","0.00035","0","0","13.56","Humid","28.00","0","54.00","361209.85","SABD0000000001","AAV1.0.0.11","1.1.2.0","PSt7-10","170328-007","9/30/2017 19:06:43","0000-00","0","no battery","V"
"09/09/2020","10:41:37","2","default","115855972","OXY_CH2","76.044","min","184.618","µmol/L","Humid","20.671","deg","79602","µV","29.956","°C","1016.000","hPa","35.3","pmil","0","53.237","deg","23.954","°C","100.000","%a.s.","21.023","deg","23.635","°C","1019.000","hPa","0.861","-0.02617","0.00035","0","0","13.56","Humid","28.00","0","54.00","361209.98","SABD0000000001","AAV1.0.0.11","1.1.2.0","PSt7-10","170328-007","9/30/2017 19:06:43","0000-00","0","no battery","V"
"09/09/2020","10:41:38","2","default","115855972","OXY_CH2","76.061","min","184.707","µmol/L","Humid","20.666","deg","79594","µV","29.955","°C","1016.000","hPa","35.3","pmil","0","53.237","deg","23.954","°C","100.000","%a.s.","21.023","deg","23.635","°C","1019.000","hPa","0.861","-0.02617","0.00035","0","0","13.56","Humid","28.00","0","54.00","361203.45","SABD0000000001","AAV1.0.0.11","1.1.2.0","PSt7-10","170328-007","9/30/2017 19:06:43","0000-00","0","no battery","V"
"09/09/2020","10:41:39","2","default","115855972","OXY_CH2","76.077","min","184.638","µmol/L","Humid","20.668","deg","79591","µV","29.961","°C","1016.000","hPa","35.3","pmil","0","53.237","deg","23.954","°C","100.000","%a.s.","21.023","deg","23.635","°C","1019.000","hPa","0.861","-0.02617","0.00035","0","0","13.56","Humid","28.00","0","54.00","361207.11","SABD0000000001","AAV1.0.0.11","1.1.2.0","PSt7-10","170328-007","9/30/2017 19:06:43","0000-00","0","no battery","V"
"09/09/2020","10:41:40","2","default","115855972","OXY_CH2","76.094","min","184.676","µmol/L","Humid","20.664","deg","79601","µV","29.966","°C","1016.000","hPa","35.3","pmil","0","53.237","deg","23.954","°C","100.000","%a.s.","21.023","deg","23.635","°C","1019.000","hPa","0.861","-0.02617","0.00035","0","0","13.56","Humid","28.00","0","54.00","361202.82","SABD0000000001","AAV1.0.0.11","1.1.2.0","PSt7-10","170328-007","9/30/2017 19:06:43","0000-00","0","no battery","V"
"09/09/2020","10:41:41","2","default","115855972","OXY_CH2","76.111","min","184.717","µmol/L","Humid","20.665","deg","79603","µV","29.956","°C","1016.000","hPa","35.3","pmil","0","53.237","deg","23.954","°C","100.000","%a.s.","21.023","deg","23.635","°C","1019.000","hPa","0.861","-0.02617","0.00035","0","0","13.56","Humid","28.00","0","54.00","361204.23","SABD0000000001","AAV1.0.0.11","1.1.2.0","PSt7-10","170328-007","9/30/2017 19:06:43","0000-00","0","no battery","V"
"09/09/2020","10:41:42","2","default","115855972","OXY_CH2","76.127","min","184.700","µmol/L","Humid","20.667","deg","79594","µV","29.953","°C","1016.000","hPa","35.3","pmil","0","53.237","deg","23.954","°C","100.000","%a.s.","21.023","deg","23.635","°C","1019.000","hPa","0.861","-0.02617","0.00035","0","0","13.56","Humid","28.00","0","54.00","361193.65","SABD0000000001","AAV1.0.0.11","1.1.2.0","PSt7-10","170328-007","9/30/2017 19:06:43","0000-00","0","no battery","V"
"09/09/2020","10:41:43","2","default","115855972","OXY_CH2","76.144","min","184.616","µmol/L","Humid","20.669","deg","79595","µV","29.962","°C","1016.000","hPa","35.3","pmil","0","53.237","deg","23.954","°C","100.000","%a.s.","21.023","deg","23.635","°C","1019.000","hPa","0.861","-0.02617","0.00035","0","0","13.56","Humid","28.00","0","54.00","361203.54","SABD0000000001","AAV1.0.0.11","1.1.2.0","PSt7-10","170328-007","9/30/2017 19:06:43","0000-00","0","no battery","V"
"09/09/2020","10:41:44","2","default","115855972","OXY_CH2","76.161","min","184.657","µmol/L","Humid","20.668","deg","79588","µV","29.958","°C","1016.000","hPa","35.3","pmil","0","53.237","deg","23.954","°C","100.000","%a.s.","21.023","deg","23.635","°C","1019.000","hPa","0.861","-0.02617","0.00035","0","0","13.56","Humid","28.00","0","54.00","361194.00","SABD0000000001","AAV1.0.0.11","1.1.2.0","PSt7-10","170328-007","9/30/2017 19:06:43","0000-00","0","no battery","V"
"09/09/2020","10:41:45","2","default","115855972","OXY_CH2","76.177","min","184.799","µmol/L","Humid","20.663","deg","79588","µV","29.948","°C","1016.000","hPa","35.3","pmil","0","53.237","deg","23.954","°C","100.000","%a.s.","21.023","deg","23.635","°C","1019.000","hPa","0.861","-0.02617","0.00035","0","0","13.56","Humid","28.00","0","54.00","361187.98","SABD0000000001","AAV1.0.0.11","1.1.2.0","PSt7-10","170328-007","9/30/2017 19:06:43","0000-00","0","no battery","V"
"09/09/2020","10:41:46","2","default","115855972","OXY_CH2","76.194","min","184.720","µmol/L","Humid","20.667","deg","79591","µV","29.950","°C","1016.000","hPa","35.3","pmil","0","53.237","deg","23.954","°C","100.000","%a.s.","21.023","deg","23.635","°C","1019.000","hPa","0.861","-0.02617","0.00035","0","0","13.56","Humid","28.00","0","54.00","361192.86","SABD0000000001","AAV1.0.0.11","1.1.2.0","PSt7-10","170328-007","9/30/2017 19:06:43","0000-00","0","no battery","V"
"09/09/2020","10:41:47","2","default","115855972","OXY_CH2","76.211","min","184.706","µmol/L","Humid","20.666","deg","79588","µV","29.955","°C","1016.000","hPa","35.3","pmil","0","53.237","deg","23.954","°C","100.000","%a.s.","21.023","deg","23.635","°C","1019.000","hPa","0.861","-0.02617","0.00035","0","0","13.56","Humid","28.00","0","54.00","361192.17","SABD0000000001","AAV1.0.0.11","1.1.2.0","PSt7-10","170328-007","9/30/2017 19:06:43","0000-00","0","no battery","V"
"09/09/2020","10:41:48","2","default","115855972","OXY_CH2","76.228","min","184.678","µmol/L","Humid","20.668","deg","79591","µV","29.954","°C","1016.000","hPa","35.3","pmil","0","53.237","deg","23.954","°C","100.000","%a.s.","21.023","deg","23.635","°C","1019.000","hPa","0.861","-0.02617","0.00035","0","0","13.56","Humid","28.00","0","54.00","361187.87","SABD0000000001","AAV1.0.0.11","1.1.2.0","PSt7-10","170328-007","9/30/2017 19:06:43","0000-00","0","no battery","V"
"09/09/2020","10:41:49","2","default","115855972","OXY_CH2","76.244","min","184.691","µmol/L","Humid","20.669","deg","79590","µV","29.949","°C","1016.000","hPa","35.3","pmil","0","53.237","deg","23.954","°C","100.000","%a.s.","21.023","deg","23.635","°C","1019.000","hPa","0.861","-0.02617","0.00035","0","0","13.56","Humid","28.00","0","54.00","361185.83","SABD0000000001","AAV1.0.0.11","1.1.2.0","PSt7-10","170328-007","9/30/2017 19:06:43","0000-00","0","no battery","V"
"09/09/2020","10:41:50","2","default","115855972","OXY_CH2","76.260","min","184.795","µmol/L","Humid","20.664","deg","79581","µV","29.946","°C","1016.000","hPa","35.3","pmil","0","53.237","deg","23.954","°C","100.000","%a.s.","21.023","deg","23.635","°C","1019.000","hPa","0.861","-0.02617","0.00035","0","0","13.56","Humid","28.00","0","54.00","361193.09","SABD0000000001","AAV1.0.0.11","1.1.2.0","PSt7-10","170328-007","9/30/2017 19:06:43","0000-00","0","no battery","V"
"09/09/2020","10:41:51","2","default","115855972","OXY_CH2","76.277","min","184.704","µmol/L","Humid","20.664","deg","79588","µV","29.961","°C","1016.000","hPa","35.3","pmil","0","53.237","deg","23.954","°C","100.000","%a.s.","21.023","deg","23.635","°C","1019.000","hPa","0.861","-0.02617","0.00035","0","0","13.56","Humid","28.00","0","54.00","361185.47","SABD0000000001","AAV1.0.0.11","1.1.2.0","PSt7-10","170328-007","9/30/2017 19:06:43","0000-00","0","no battery","V"
"09/09/2020","10:41:52","2","default","115855972","OXY_CH2","76.294","min","184.656","µmol/L","Humid","20.667","deg","79587","µV","29.961","°C","1016.000","hPa","35.3","pmil","0","53.237","deg","23.954","°C","100.000","%a.s.","21.023","deg","23.635","°C","1019.000","hPa","0.861","-0.02617","0.00035","0","0","13.56","Humid","28.00","0","54.00","361194.74","SABD0000000001","AAV1.0.0.11","1.1.2.0","PSt7-10","170328-007","9/30/2017 19:06:43","0000-00","0","no battery","V"
"09/09/2020","10:41:53","2","default","115855972","OXY_CH2","76.310","min","184.563","µmol/L","Humid","20.666","deg","79579","µV","29.980","°C","1016.000","hPa","35.3","pmil","0","53.237","deg","23.954","°C","100.000","%a.s.","21.023","deg","23.635","°C","1019.000","hPa","0.861","-0.02617","0.00035","0","0","13.56","Humid","28.00","0","54.00","361171.75","SABD0000000001","AAV1.0.0.11","1.1.2.0","PSt7-10","170328-007","9/30/2017 19:06:43","0000-00","0","no battery","V"
"09/09/2020","10:41:54","2","default","115855972","OXY_CH2","76.327","min","184.682","µmol/L","Humid","20.666","deg","79579","µV","29.959","°C","1016.000","hPa","35.3","pmil","0","53.237","deg","23.954","°C","100.000","%a.s.","21.023","deg","23.635","°C","1019.000","hPa","0.861","-0.02617","0.00035","0","0","13.56","Humid","28.00","0","54.00","361192.78","SABD0000000001","AAV1.0.0.11","1.1.2.0","PSt7-10","170328-007","9/30/2017 19:06:43","0000-00","0","no battery","V"
"09/09/2020","10:41:55","2","default","115855972","OXY_CH2","76.344","min","184.772","µmol/L","Humid","20.662","deg","79574","µV","29.955","°C","1016.000","hPa","35.3","pmil","0","53.237","deg","23.954","°C","100.000","%a.s.","21.023","deg","23.635","°C","1019.000","hPa","0.861","-0.02617","0.00035","0","0","13.56","Humid","28.00","0","54.00","361180.97","SABD0000000001","AAV1.0.0.11","1.1.2.0","PSt7-10","170328-007","9/30/2017 19:06:43","0000-00","0","no battery","V"
"09/09/2020","10:41:56","2","default","115855972","OXY_CH2","76.361","min","184.645","µmol/L","Humid","20.665","deg","79576","µV","29.968","°C","1016.000","hPa","35.3","pmil","0","53.237","deg","23.954","°C","100.000","%a.s.","21.023","deg","23.635","°C","1019.000","hPa","0.861","-0.02617","0.00035","0","0","13.56","Humid","28.00","0","54.00","361192.14","SABD0000000001","AAV1.0.0.11","1.1.2.0","PSt7-10","170328-007","9/30/2017 19:06:43","0000-00","0","no battery","V"
"09/09/2020","10:41:57","2","default","115855972","OXY_CH2","76.378","min","184.605","µmol/L","Humid","20.668","deg","79574","µV","29.967","°C","1016.000","hPa","35.3","pmil","0","53.237","deg","23.954","°C","100.000","%a.s.","21.023","deg","23.635","°C","1019.000","hPa","0.861","-0.02617","0.00035","0","0","13.56","Humid","28.00","0","54.00","361192.72","SABD0000000001","AAV1.0.0.11","1.1.2.0","PSt7-10","170328-007","9/30/2017 19:06:43","0000-00","0","no battery","V"
"09/09/2020","10:41:58","2","default","115855972","OXY_CH2","76.394","min","184.742","µmol/L","Humid","20.660","deg","79582","µV","29.966","°C","1016.000","hPa","35.3","pmil","0","53.237","deg","23.954","°C","100.000","%a.s.","21.023","deg","23.635","°C","1019.000","hPa","0.861","-0.02617","0.00035","0","0","13.56","Humid","28.00","0","54.00","361178.89","SABD0000000001","AAV1.0.0.11","1.1.2.0","PSt7-10","170328-007","9/30/2017 19:06:43","0000-00","0","no battery","V"
"09/09/2020","10:41:59","2","default","115855972","OXY_CH2","76.410","min","184.776","µmol/L","Humid","20.664","deg","79580","µV","29.949","°C","1016.000","hPa","35.3","pmil","0","53.237","deg","23.954","°C","100.000","%a.s.","21.023","deg","23.635","°C","1019.000","hPa","0.861","-0.02617","0.00035","0","0","13.56","Humid","28.00","0","54.00","361183.81","SABD0000000001","AAV1.0.0.11","1.1.2.0","PSt7-10","170328-007","9/30/2017 19:06:43","0000-00","0","no battery","V"
"09/09/2020","10:42:00","2","default","115855972","OXY_CH2","76.427","min","184.685","µmol/L","Humid","20.661","deg","79580","µV","29.973","°C","1016.000","hPa","35.3","pmil","0","53.237","deg","23.954","°C","100.000","%a.s.","21.023","deg","23.635","°C","1019.000","hPa","0.861","-0.02617","0.00035","0","0","13.56","Humid","28.00","0","54.00","361186.93","SABD0000000001","AAV1.0.0.11","1.1.2.0","PSt7-10","170328-007","9/30/2017 19:06:43","0000-00","0","no battery","V"
"09/09/2020","10:42:01","2","default","115855972","OXY_CH2","76.444","min","184.752","µmol/L","Humid","20.662","deg","79571","µV","29.959","°C","1016.000","hPa","35.3","pmil","0","53.237","deg","23.954","°C","100.000","%a.s.","21.023","deg","23.635","°C","1019.000","hPa","0.861","-0.02617","0.00035","0","0","13.56","Humid","28.00","0","54.00","361193.07","SABD0000000001","AAV1.0.0.11","1.1.2.0","PSt7-10","170328-007","9/30/2017 19:06:43","0000-00","0","no battery","V"
"09/09/2020","10:42:02","2","default","115855972","OXY_CH2","76.461","min","184.677","µmol/L","Humid","20.665","deg","79578","µV","29.963","°C","1016.000","hPa","35.3","pmil","0","53.237","deg","23.954","°C","100.000","%a.s.","21.023","deg","23.635","°C","1019.000","hPa","0.861","-0.02617","0.00035","0","0","13.56","Humid","28.00","0","54.00","361191.46","SABD0000000001","AAV1.0.0.11","1.1.2.0","PSt7-10","170328-007","9/30/2017 19:06:43","0000-00","0","no battery","V"
"09/09/2020","10:42:03","2","default","115855972","OXY_CH2","76.478","min","184.651","µmol/L","Humid","20.666","deg","79575","µV","29.965","°C","1016.000","hPa","35.3","pmil","0","53.237","deg","23.954","°C","100.000","%a.s.","21.023","deg","23.635","°C","1019.000","hPa","0.861","-0.02617","0.00035","0","0","13.56","Humid","28.00","0","54.00","361184.77","SABD0000000001","AAV1.0.0.11","1.1.2.0","PSt7-10","170328-007","9/30/2017 19:06:43","0000-00","0","no battery","V"
"09/09/2020","10:42:04","2","default","115855972","OXY_CH2","76.494","min","184.784","µmol/L","Humid","20.661","deg","79564","µV","29.956","°C","1016.000","hPa","35.3","pmil","0","53.237","deg","23.954","°C","100.000","%a.s.","21.023","deg","23.635","°C","1019.000","hPa","0.861","-0.02617","0.00035","0","0","13.56","Humid","28.00","0","54.00","361173.22","SABD0000000001","AAV1.0.0.11","1.1.2.0","PSt7-10","170328-007","9/30/2017 19:06:43","0000-00","0","no battery","V"
"09/09/2020","10:42:05","2","default","115855972","OXY_CH2","76.511","min","184.791","µmol/L","Humid","20.663","deg","79565","µV","29.949","°C","1016.000","hPa","35.3","pmil","0","53.237","deg","23.954","°C","100.000","%a.s.","21.023","deg","23.635","°C","1019.000","hPa","0.861","-0.02617","0.00035","0","0","13.56","Humid","28.00","0","54.00","361177.97","SABD0000000001","AAV1.0.0.11","1.1.2.0","PSt7-10","170328-007","9/30/2017 19:06:43","0000-00","0","no battery","V"
"09/09/2020","10:42:06","2","default","115855972","OXY_CH2","76.528","min","184.786","µmol/L","Humid","20.659","deg","79567","µV","29.962","°C","1016.000","hPa","35.3","pmil","0","53.237","deg","23.954","°C","100.000","%a.s.","21.023","deg","23.635","°C","1019.000","hPa","0.861","-0.02617","0.00035","0","0","13.56","Humid","28.00","0","54.00","361177.64","SABD0000000001","AAV1.0.0.11","1.1.2.0","PSt7-10","170328-007","9/30/2017 19:06:43","0000-00","0","no battery","V"
"09/09/2020","10:42:07","2","default","115855972","OXY_CH2","76.544","min","184.708","µmol/L","Humid","20.665","deg","79571","µV","29.958","°C","1016.000","hPa","35.3","pmil","0","53.237","deg","23.954","°C","100.000","%a.s.","21.023","deg","23.635","°C","1019.000","hPa","0.861","-0.02617","0.00035","0","0","13.56","Humid","28.00","0","54.00","361187.86","SABD0000000001","AAV1.0.0.11","1.1.2.0","PSt7-10","170328-007","9/30/2017 19:06:43","0000-00","0","no battery","V"
"09/09/2020","10:42:08","2","default","115855972","OXY_CH2","76.561","min","184.811","µmol/L","Humid","20.661","deg","79560","µV","29.952","°C","1016.000","hPa","35.3","pmil","0","53.237","deg","23.954","°C","100.000","%a.s.","21.023","deg","23.635","°C","1019.000","hPa","0.861","-0.02617","0.00035","0","0","13.56","Humid","28.00","0","54.00","361191.85","SABD0000000001","AAV1.0.0.11","1.1.2.0","PSt7-10","170328-007","9/30/2017 19:06:43","0000-00","0","no battery","V"
"09/09/2020","10:42:09","2","default","115855972","OXY_CH2","76.577","min","184.778","µmol/L","Humid","20.662","deg","79552","µV","29.954","°C","1016.000","hPa","35.3","pmil","0","53.237","deg","23.954","°C","100.000","%a.s.","21.023","deg","23.635","°C","1019.000","hPa","0.861","-0.02617","0.00035","0","0","13.56","Humid","28.00","0","54.00","361175.88","SABD0000000001","AAV1.0.0.11","1.1.2.0","PSt7-10","170328-007","9/30/2017 19:06:43","0000-00","0","no battery","V"
"09/09/2020","10:42:10","2","default","115855972","OXY_CH2","76.594","min","184.908","µmol/L","Humid","20.660","deg","79553","µV","29.938","°C","1016.000","hPa","35.3","pmil","0","53.237","deg","23.954","°C","100.000","%a.s.","21.023","deg","23.635","°C","1019.000","hPa","0.861","-0.02617","0.00035","0","0","13.56","Humid","28.00","0","54.00","361176.29","SABD0000000001","AAV1.0.0.11","1.1.2.0","PSt7-10","170328-007","9/30/2017 19:06:43","0000-00","0","no battery","V"
"09/09/2020","10:42:11","2","default","115855972","OXY_CH2","76.610","min","184.800","µmol/L","Humid","20.663","deg","79546","µV","29.948","°C","1016.000","hPa","35.3","pmil","0","53.237","deg","23.954","°C","100.000","%a.s.","21.023","deg","23.635","°C","1019.000","hPa","0.861","-0.02617","0.00035","0","0","13.56","Humid","28.00","0","54.00","361176.55","SABD0000000001","AAV1.0.0.11","1.1.2.0","PSt7-10","170328-007","9/30/2017 19:06:43","0000-00","0","no battery","V"
"09/09/2020","10:42:12","2","default","115855972","OXY_CH2","76.627","min","184.766","µmol/L","Humid","20.659","deg","79547","µV","29.965","°C","1016.000","hPa","35.3","pmil","0","53.237","deg","23.954","°C","100.000","%a.s.","21.023","deg","23.635","°C","1019.000","hPa","0.861","-0.02617","0.00035","0","0","13.56","Humid","28.00","0","54.00","361180.80","SABD0000000001","AAV1.0.0.11","1.1.2.0","PSt7-10","170328-007","9/30/2017 19:06:43","0000-00","0","no battery","V"
"09/09/2020","10:42:13","2","default","115855972","OXY_CH2","76.644","min","184.652","µmol/L","Humid","20.666","deg","79549","µV","29.964","°C","1016.000","hPa","35.3","pmil","0","53.237","deg","23.954","°C","100.000","%a.s.","21.023","deg","23.635","°C","1019.000","hPa","0.861","-0.02617","0.00035","0","0","13.56","Humid","28.00","0","54.00","361196.51","SABD0000000001","AAV1.0.0.11","1.1.2.0","PSt7-10","170328-007","9/30/2017 19:06:43","0000-00","0","no battery","V"
"09/09/2020","10:42:14","2","default","115855972","OXY_CH2","76.661","min","184.708","µmol/L","Humid","20.662","deg","79551","µV","29.966","°C","1016.000","hPa","35.3","pmil","0","53.237","deg","23.954","°C","100.000","%a.s.","21.023","deg","23.635","°C","1019.000","hPa","0.861","-0.02617","0.00035","0","0","13.56","Humid","28.00","0","54.00","361174.92","SABD0000000001","AAV1.0.0.11","1.1.2.0","PSt7-10","170328-007","9/30/2017 19:06:43","0000-00","0","no battery","V"
"09/09/2020","10:42:15","2","default","115855972","OXY_CH2","76.678","min","184.700","µmol/L","Humid","20.665","deg","79548","µV","29.959","°C","1016.000","hPa","35.3","pmil","0","53.237","deg","23.954","°C","100.000","%a.s.","21.023","deg","23.635","°C","1019.000","hPa","0.861","-0.02617","0.00035","0","0","13.56","Humid","28.00","0","54.00","361161.61","SABD0000000001","AAV1.0.0.11","1.1.2.0","PSt7-10","170328-007","9/30/2017 19:06:43","0000-00","0","no battery","V"
"09/09/2020","10:42:16","2","default","115855972","OXY_CH2","76.694","min","184.738","µmol/L","Humid","20.662","deg","79541","µV","29.961","°C","1016.000","hPa","35.3","pmil","0","53.237","deg","23.954","°C","100.000","%a.s.","21.023","deg","23.635","°C","1019.000","hPa","0.861","-0.02617","0.00035","0","0","13.56","Humid","28.00","0","54.00","361167.81","SABD0000000001","AAV1.0.0.11","1.1.2.0","PSt7-10","170328-007","9/30/2017 19:06:43","0000-00","0","no battery","V"
"09/09/2020","10:42:17","2","default","115855972","OXY_CH2","76.711","min","184.823","µmol/L","Humid","20.658","deg","79539","µV","29.958","°C","1016.000","hPa","35.3","pmil","0","53.237","deg","23.954","°C","100.000","%a.s.","21.023","deg","23.635","°C","1019.000","hPa","0.861","-0.02617","0.00035","0","0","13.56","Humid","28.00","0","54.00","361165.60","SABD0000000001","AAV1.0.0.11","1.1.2.0","PSt7-10","170328-007","9/30/2017 19:06:43","0000-00","0","no battery","V"
"09/09/2020","10:42:18","2","default","115855972","OXY_CH2","76.727","min","184.812","µmol/L","Humid","20.659","deg","79535","µV","29.957","°C","1016.000","hPa","35.3","pmil","0","53.237","deg","23.954","°C","100.000","%a.s.","21.023","deg","23.635","°C","1019.000","hPa","0.861","-0.02617","0.00035","0","0","13.56","Humid","28.00","0","54.00","361173.56","SABD0000000001","AAV1.0.0.11","1.1.2.0","PSt7-10","170328-007","9/30/2017 19:06:43","0000-00","0","no battery","V"
"09/09/2020","10:42:19","2","default","115855972","OXY_CH2","76.744","min","184.861","µmol/L","Humid","20.658","deg","79543","µV","29.952","°C","1016.000","hPa","35.3","pmil","0","53.237","deg","23.954","°C","100.000","%a.s.","21.023","deg","23.635","°C","1019.000","hPa","0.861","-0.02617","0.00035","0","0","13.56","Humid","28.00","0","54.00","361160.83","SABD0000000001","AAV1.0.0.11","1.1.2.0","PSt7-10","170328-007","9/30/2017 19:06:43","0000-00","0","no battery","V"
"09/09/2020","10:42:20","2","default","115855972","OXY_CH2","76.760","min","184.950","µmol/L","Humid","20.654","deg","79539","µV","29.948","°C","1016.000","hPa","35.3","pmil","0","53.237","deg","23.954","°C","100.000","%a.s.","21.023","deg","23.635","°C","1019.000","hPa","0.861","-0.02617","0.00035","0","0","13.56","Humid","28.00","0","54.00","361166.70","SABD0000000001","AAV1.0.0.11","1.1.2.0","PSt7-10","170328-007","9/30/2017 19:06:43","0000-00","0","no battery","V"
"09/09/2020","10:42:21","2","default","115855972","OXY_CH2","76.777","min","184.745","µmol/L","Humid","20.660","deg","79544","µV","29.966","°C","1016.000","hPa","35.3","pmil","0","53.237","deg","23.954","°C","100.000","%a.s.","21.023","deg","23.635","°C","1019.000","hPa","0.861","-0.02617","0.00035","0","0","13.56","Humid","28.00","0","54.00","361168.06","SABD0000000001","AAV1.0.0.11","1.1.2.0","PSt7-10","170328-007","9/30/2017 19:06:43","0000-00","0","no battery","V"
"09/09/2020","10:42:22","2","default","115855972","OXY_CH2","76.794","min","184.830","µmol/L","Humid","20.658","deg","79540","µV","29.957","°C","1016.000","hPa","35.3","pmil","0","53.237","deg","23.954","°C","100.000","%a.s.","21.023","deg","23.635","°C","1019.000","hPa","0.861","-0.02617","0.00035","0","0","13.56","Humid","28.00","0","54.00","361171.88","SABD0000000001","AAV1.0.0.11","1.1.2.0","PSt7-10","170328-007","9/30/2017 19:06:43","0000-00","0","no battery","V"
"09/09/2020","10:42:23","2","default","115855972","OXY_CH2","76.810","min","184.850","µmol/L","Humid","20.657","deg","79533","µV","29.957","°C","1016.000","hPa","35.3","pmil","0","53.237","deg","23.954","°C","100.000","%a.s.","21.023","deg","23.635","°C","1019.000","hPa","0.861","-0.02617","0.00035","0","0","13.56","Humid","28.00","0","54.00","361166.53","SABD0000000001","AAV1.0.0.11","1.1.2.0","PSt7-10","170328-007","9/30/2017 19:06:43","0000-00","0","no battery","V"
"09/09/2020","10:42:24","2","default","115855972","OXY_CH2","76.827","min","184.866","µmol/L","Humid","20.655","deg","79537","µV","29.960","°C","1016.000","hPa","35.3","pmil","0","53.237","deg","23.954","°C","100.000","%a.s.","21.023","deg","23.635","°C","1019.000","hPa","0.861","-0.02617","0.00035","0","0","13.56","Humid","28.00","0","54.00","361173.93","SABD0000000001","AAV1.0.0.11","1.1.2.0","PSt7-10","170328-007","9/30/2017 19:06:43","0000-00","0","no battery","V"
"09/09/2020","10:42:25","2","default","115855972","OXY_CH2","76.844","min","184.887","µmol/L","Humid","20.658","deg","79537","µV","29.947","°C","1016.000","hPa","35.3","pmil","0","53.237","deg","23.954","°C","100.000","%a.s.","21.023","deg","23.635","°C","1019.000","hPa","0.861","-0.02617","0.00035","0","0","13.56","Humid","28.00","0","54.00","361169.97","SABD0000000001","AAV1.0.0.11","1.1.2.0","PSt7-10","170328-007","9/30/2017 19:06:43","0000-00","0","no battery","V"
"09/09/2020","10:42:26","2","default","115855972","OXY_CH2","76.860","min","184.788","µmol/L","Humid","20.660","deg","79533","µV","29.959","°C","1016.000","hPa","35.3","pmil","0","53.237","deg","23.954","°C","100.000","%a.s.","21.023","deg","23.635","°C","1019.000","hPa","0.861","-0.02617","0.00035","0","0","13.56","Humid","28.00","0","54.00","361173.21","SABD0000000001","AAV1.0.0.11","1.1.2.0","PSt7-10","170328-007","9/30/2017 19:06:43","0000-00","0","no battery","V"
"09/09/2020","10:42:27","2","default","115855972","OXY_CH2","76.877","min","184.786","µmol/L","Humid","20.659","deg","79534","µV","29.962","°C","1016.000","hPa","35.3","pmil","0","53.237","deg","23.954","°C","100.000","%a.s.","21.023","deg","23.635","°C","1019.000","hPa","0.861","-0.02617","0.00035","0","0","13.56","Humid","28.00","0","54.00","361170.99","SABD0000000001","AAV1.0.0.11","1.1.2.0","PSt7-10","170328-007","9/30/2017 19:06:43","0000-00","0","no battery","V"
"09/09/2020","10:42:28","2","default","115855972","OXY_CH2","76.894","min","184.882","µmol/L","Humid","20.659","deg","79534","µV","29.945","°C","1016.000","hPa","35.3","pmil","0","53.237","deg","23.954","°C","100.000","%a.s.","21.023","deg","23.635","°C","1019.000","hPa","0.861","-0.02617","0.00035","0","0","13.56","Humid","28.00","0","54.00","361174.71","SABD0000000001","AAV1.0.0.11","1.1.2.0","PSt7-10","170328-007","9/30/2017 19:06:43","0000-00","0","no battery","V"
"09/09/2020","10:42:29","2","default","115855972","OXY_CH2","76.911","min","184.986","µmol/L","Humid","20.652","deg","79534","µV","29.948","°C","1016.000","hPa","35.3","pmil","0","53.237","deg","23.954","°C","100.000","%a.s.","21.023","deg","23.635","°C","1019.000","hPa","0.861","-0.02617","0.00035","0","0","13.56","Humid","28.00","0","54.00","361178.39","SABD0000000001","AAV1.0.0.11","1.1.2.0","PSt7-10","170328-007","9/30/2017 19:06:43","0000-00","0","no battery","V"
"09/09/2020","10:42:30","2","default","115855972","OXY_CH2","76.927","min","184.822","µmol/L","Humid","20.656","deg","79532","µV","29.964","°C","1016.000","hPa","35.3","pmil","0","53.237","deg","23.954","°C","100.000","%a.s.","21.023","deg","23.635","°C","1019.000","hPa","0.861","-0.02617","0.00035","0","0","13.56","Humid","28.00","0","54.00","361182.20","SABD0000000001","AAV1.0.0.11","1.1.2.0","PSt7-10","170328-007","9/30/2017 19:06:43","0000-00","0","no battery","V"
"09/09/2020","10:42:31","2","default","115855972","OXY_CH2","76.944","min","184.735","µmol/L","Humid","20.659","deg","79536","µV","29.970","°C","1016.000","hPa","35.3","pmil","0","53.237","deg","23.954","°C","100.000","%a.s.","21.023","deg","23.635","°C","1019.000","hPa","0.861","-0.02617","0.00035","0","0","13.56","Humid","28.00","0","54.00","361171.34","SABD0000000001","AAV1.0.0.11","1.1.2.0","PSt7-10","170328-007","9/30/2017 19:06:43","0000-00","0","no battery","V"
"09/09/2020","10:42:32","2","default","115855972","OXY_CH2","76.961","min","184.818","µmol/L","Humid","20.657","deg","79530","µV","29.962","°C","1016.000","hPa","35.3","pmil","0","53.237","deg","23.954","°C","100.000","%a.s.","21.023","deg","23.635","°C","1019.000","hPa","0.861","-0.02617","0.00035","0","0","13.56","Humid","28.00","0","54.00","361164.50","SABD0000000001","AAV1.0.0.11","1.1.2.0","PSt7-10","170328-007","9/30/2017 19:06:43","0000-00","0","no battery","V"
"09/09/2020","10:42:33","2","default","115855972","OXY_CH2","76.977","min","184.842","µmol/L","Humid","20.658","deg","79528","µV","29.955","°C","1016.000","hPa","35.3","pmil","0","53.237","deg","23.954","°C","100.000","%a.s.","21.023","deg","23.635","°C","1019.000","hPa","0.861","-0.02617","0.00035","0","0","13.56","Humid","28.00","0","54.00","361168.94","SABD0000000001","AAV1.0.0.11","1.1.2.0","PSt7-10","170328-007","9/30/2017 19:06:43","0000-00","0","no battery","V"
"09/09/2020","10:42:34","2","default","115855972","OXY_CH2","76.994","min","184.779","µmol/L","Humid","20.658","deg","79532","µV","29.966","°C","1016.000","hPa","35.3","pmil","0","53.237","deg","23.954","°C","100.000","%a.s.","21.023","deg","23.635","°C","1019.000","hPa","0.861","-0.02617","0.00035","0","0","13.56","Humid","28.00","0","54.00","361175.58","SABD0000000001","AAV1.0.0.11","1.1.2.0","PSt7-10","170328-007","9/30/2017 19:06:43","0000-00","0","no battery","V"
"09/09/2020","10:42:35","2","default","115855972","OXY_CH2","77.011","min","184.755","µmol/L","Humid","20.661","deg","79524","µV","29.961","°C","1016.000","hPa","35.3","pmil","0","53.237","deg","23.954","°C","100.000","%a.s.","21.023","deg","23.635","°C","1019.000","hPa","0.861","-0.02617","0.00035","0","0","13.56","Humid","28.00","0","54.00","361165.65","SABD0000000001","AAV1.0.0.11","1.1.2.0","PSt7-10","170328-007","9/30/2017 19:06:43","0000-00","0","no battery","V"
"09/09/2020","10:42:36","2","default","115855972","OXY_CH2","77.027","min","184.799","µmol/L","Humid","20.658","deg","79518","µV","29.962","°C","1016.000","hPa","35.3","pmil","0","53.237","deg","23.954","°C","100.000","%a.s.","21.023","deg","23.635","°C","1019.000","hPa","0.861","-0.02617","0.00035","0","0","13.56","Humid","28.00","0","54.00","361161.56","SABD0000000001","AAV1.0.0.11","1.1.2.0","PSt7-10","170328-007","9/30/2017 19:06:43","0000-00","0","no battery","V"
"09/09/2020","10:42:37","2","default","115855972","OXY_CH2","77.044","min","184.882","µmol/L","Humid","20.657","deg","79519","µV","29.951","°C","1016.000","hPa","35.3","pmil","0","53.237","deg","23.954","°C","100.000","%a.s.","21.023","deg","23.635","°C","1019.000","hPa","0.861","-0.02617","0.00035","0","0","13.56","Humid","28.00","0","54.00","361167.29","SABD0000000001","AAV1.0.0.11","1.1.2.0","PSt7-10","170328-007","9/30/2017 19:06:43","0000-00","0","no battery","V"
"09/09/2020","10:42:38","2","default","115855972","OXY_CH2","77.061","min","184.786","µmol/L","Humid","20.657","deg","79521","µV","29.967","°C","1016.000","hPa","35.3","pmil","0","53.237","deg","23.954","°C","100.000","%a.s.","21.023","deg","23.635","°C","1019.000","hPa","0.861","-0.02617","0.00035","0","0","13.56","Humid","28.00","0","54.00","361164.18","SABD0000000001","AAV1.0.0.11","1.1.2.0","PSt7-10","170328-007","9/30/2017 19:06:43","0000-00","0","no battery","V"
"09/09/2020","10:42:39","2","default","115855972","OXY_CH2","77.077","min","184.874","µmol/L","Humid","20.656","deg","79517","µV","29.955","°C","1016.000","hPa","35.3","pmil","0","53.237","deg","23.954","°C","100.000","%a.s.","21.023","deg","23.635","°C","1019.000","hPa","0.861","-0.02617","0.00035","0","0","13.56","Humid","28.00","0","54.00","361156.64","SABD0000000001","AAV1.0.0.11","1.1.2.0","PSt7-10","170328-007","9/30/2017 19:06:43","0000-00","0","no battery","V"
"09/09/2020","10:42:40","2","default","115855972","OXY_CH2","77.094","min","184.897","µmol/L","Humid","20.654","deg","79512","µV","29.957","°C","1016.000","hPa","35.3","pmil","0","53.237","deg","23.954","°C","100.000","%a.s.","21.023","deg","23.635","°C","1019.000","hPa","0.861","-0.02617","0.00035","0","0","13.56","Humid","28.00","0","54.00","361163.54","SABD0000000001","AAV1.0.0.11","1.1.2.0","PSt7-10","170328-007","9/30/2017 19:06:43","0000-00","0","no battery","V"
"09/09/2020","10:42:41","2","default","115855972","OXY_CH2","77.111","min","184.862","µmol/L","Humid","20.656","deg","79513","µV","29.957","°C","1016.000","hPa","35.3","pmil","0","53.237","deg","23.954","°C","100.000","%a.s.","21.023","deg","23.635","°C","1019.000","hPa","0.861","-0.02617","0.00035","0","0","13.56","Humid","28.00","0","54.00","361152.74","SABD0000000001","AAV1.0.0.11","1.1.2.0","PSt7-10","170328-007","9/30/2017 19:06:43","0000-00","0","no battery","V"
"09/09/2020","10:42:42","2","default","115855972","OXY_CH2","77.127","min","184.893","µmol/L","Humid","20.657","deg","79520","µV","29.949","°C","1016.000","hPa","35.3","pmil","0","53.237","deg","23.954","°C","100.000","%a.s.","21.023","deg","23.635","°C","1019.000","hPa","0.861","-0.02617","0.00035","0","0","13.56","Humid","28.00","0","54.00","361145.66","SABD0000000001","AAV1.0.0.11","1.1.2.0","PSt7-10","170328-007","9/30/2017 19:06:43","0000-00","0","no battery","V"
"09/09/2020","10:42:43","2","default","115855972","OXY_CH2","77.144","min","184.910","µmol/L","Humid","20.653","deg","79512","µV","29.958","°C","1016.000","hPa","35.3","pmil","0","53.237","deg","23.954","°C","100.000","%a.s.","21.023","deg","23.635","°C","1019.000","hPa","0.861","-0.02617","0.00035","0","0","13.56","Humid","28.00","0","54.00","361138.56","SABD0000000001","AAV1.0.0.11","1.1.2.0","PSt7-10","170328-007","9/30/2017 19:06:43","0000-00","0","no battery","V"
"09/09/2020","10:42:44","2","default","115855972","OXY_CH2","77.161","min","184.973","µmol/L","Humid","20.649","deg","79510","µV","29.959","°C","1016.000","hPa","35.3","pmil","0","53.237","deg","23.954","°C","100.000","%a.s.","21.023","deg","23.635","°C","1019.000","hPa","0.861","-0.02617","0.00035","0","0","13.56","Humid","28.00","0","54.00","361151.17","SABD0000000001","AAV1.0.0.11","1.1.2.0","PSt7-10","170328-007","9/30/2017 19:06:43","0000-00","0","no battery","V"
"09/09/2020","10:42:45","2","default","115855972","OXY_CH2","77.177","min","184.850","µmol/L","Humid","20.656","deg","79510","µV","29.959","°C","1016.000","hPa","35.3","pmil","0","53.237","deg","23.954","°C","100.000","%a.s.","21.023","deg","23.635","°C","1019.000","hPa","0.861","-0.02617","0.00035","0","0","13.56","Humid","28.00","0","54.00","361151.90","SABD0000000001","AAV1.0.0.11","1.1.2.0","PSt7-10","170328-007","9/30/2017 19:06:43","0000-00","0","no battery","V"
"09/09/2020","10:42:46","2","default","115855972","OXY_CH2","77.194","min","184.873","µmol/L","Humid","20.656","deg","79513","µV","29.955","°C","1016.000","hPa","35.3","pmil","0","53.237","deg","23.954","°C","100.000","%a.s.","21.023","deg","23.635","°C","1019.000","hPa","0.861","-0.02617","0.00035","0","0","13.56","Humid","28.00","0","54.00","361145.66","SABD0000000001","AAV1.0.0.11","1.1.2.0","PSt7-10","170328-007","9/30/2017 19:06:43","0000-00","0","no battery","V"
"09/09/2020","10:42:47","2","default","115855972","OXY_CH2","77.211","min","184.921","µmol/L","Humid","20.654","deg","79508","µV","29.953","°C","1016.000","hPa","35.3","pmil","0","53.237","deg","23.954","°C","100.000","%a.s.","21.023","deg","23.635","°C","1019.000","hPa","0.861","-0.02617","0.00035","0","0","13.56","Humid","28.00","0","54.00","361148.16","SABD0000000001","AAV1.0.0.11","1.1.2.0","PSt7-10","170328-007","9/30/2017 19:06:43","0000-00","0","no battery","V"
"09/09/2020","10:42:48","2","default","115855972","OXY_CH2","77.227","min","184.921","µmol/L","Humid","20.657","deg","79502","µV","29.944","°C","1016.000","hPa","35.3","pmil","0","53.237","deg","23.954","°C","100.000","%a.s.","21.023","deg","23.635","°C","1019.000","hPa","0.861","-0.02617","0.00035","0","0","13.56","Humid","28.00","0","54.00","361158.95","SABD0000000001","AAV1.0.0.11","1.1.2.0","PSt7-10","170328-007","9/30/2017 19:06:43","0000-00","0","no battery","V"
"09/09/2020","10:42:49","2","default","115855972","OXY_CH2","77.244","min","184.822","µmol/L","Humid","20.655","deg","79502","µV","29.967","°C","1016.000","hPa","35.3","pmil","0","53.237","deg","23.954","°C","100.000","%a.s.","21.023","deg","23.635","°C","1019.000","hPa","0.861","-0.02617","0.00035","0","0","13.56","Humid","28.00","0","54.00","361151.33","SABD0000000001","AAV1.0.0.11","1.1.2.0","PSt7-10","170328-007","9/30/2017 19:06:43","0000-00","0","no battery","V"
"09/09/2020","10:42:50","2","default","115855972","OXY_CH2","77.261","min","184.768","µmol/L","Humid","20.656","deg","79502","µV","29.974","°C","1016.000","hPa","35.3","pmil","0","53.237","deg","23.954","°C","100.000","%a.s.","21.023","deg","23.635","°C","1019.000","hPa","0.861","-0.02617","0.00035","0","0","13.56","Humid","28.00","0","54.00","361147.92","SABD0000000001","AAV1.0.0.11","1.1.2.0","PSt7-10","170328-007","9/30/2017 19:06:43","0000-00","0","no battery","V"
"09/09/2020","10:42:51","2","default","115855972","OXY_CH2","77.278","min","184.769","µmol/L","Humid","20.655","deg","79495","µV","29.976","°C","1016.000","hPa","35.3","pmil","0","53.237","deg","23.954","°C","100.000","%a.s.","21.023","deg","23.635","°C","1019.000","hPa","0.861","-0.02617","0.00035","0","0","13.56","Humid","28.00","0","54.00","361136.91","SABD0000000001","AAV1.0.0.11","1.1.2.0","PSt7-10","170328-007","9/30/2017 19:06:43","0000-00","0","no battery","V"
"09/09/2020","10:42:52","2","default","115855972","OXY_CH2","77.294","min","184.848","µmol/L","Humid","20.655","deg","79501","µV","29.963","°C","1016.000","hPa","35.3","pmil","0","53.237","deg","23.954","°C","100.000","%a.s.","21.023","deg","23.635","°C","1019.000","hPa","0.861","-0.02617","0.00035","0","0","13.56","Humid","28.00","0","54.00","361132.69","SABD0000000001","AAV1.0.0.11","1.1.2.0","PSt7-10","170328-007","9/30/2017 19:06:43","0000-00","0","no battery","V"
"09/09/2020","10:42:53","2","default","115855972","OXY_CH2","77.311","min","184.835","µmol/L","Humid","20.655","deg","79505","µV","29.965","°C","1016.000","hPa","35.3","pmil","0","53.237","deg","23.954","°C","100.000","%a.s.","21.023","deg","23.635","°C","1019.000","hPa","0.861","-0.02617","0.00035","0","0","13.56","Humid","28.00","0","54.00","361155.84","SABD0000000001","AAV1.0.0.11","1.1.2.0","PSt7-10","170328-007","9/30/2017 19:06:43","0000-00","0","no battery","V"
"09/09/2020","10:42:54","2","default","115855972","OXY_CH2","77.327","min","184.933","µmol/L","Humid","20.648","deg","79498","µV","29.968","°C","1016.000","hPa","35.3","pmil","0","53.237","deg","23.954","°C","100.000","%a.s.","21.023","deg","23.635","°C","1019.000","hPa","0.861","-0.02617","0.00035","0","0","13.56","Humid","28.00","0","54.00","361151.58","SABD0000000001","AAV1.0.0.11","1.1.2.0","PSt7-10","170328-007","9/30/2017 19:06:43","0000-00","0","no battery","V"
"09/09/2020","10:42:55","2","default","115855972","OXY_CH2","77.344","min","184.819","µmol/L","Humid","20.657","deg","79497","µV","29.962","°C","1016.000","hPa","35.3","pmil","0","53.237","deg","23.954","°C","100.000","%a.s.","21.023","deg","23.635","°C","1019.000","hPa","0.861","-0.02617","0.00035","0","0","13.56","Humid","28.00","0","54.00","361147.94","SABD0000000001","AAV1.0.0.11","1.1.2.0","PSt7-10","170328-007","9/30/2017 19:06:43","0000-00","0","no battery","V"
"09/09/2020","10:42:56","2","default","115855972","OXY_CH2","77.360","min","184.940","µmol/L","Humid","20.649","deg","79499","µV","29.964","°C","1016.000","hPa","35.3","pmil","0","53.237","deg","23.954","°C","100.000","%a.s.","21.023","deg","23.635","°C","1019.000","hPa","0.861","-0.02617","0.00035","0","0","13.56","Humid","28.00","0","54.00","361148.08","SABD0000000001","AAV1.0.0.11","1.1.2.0","PSt7-10","170328-007","9/30/2017 19:06:43","0000-00","0","no battery","V"
"09/09/2020","10:42:57","2","default","115855972","OXY_CH2","77.377","min","184.903","µmol/L","Humid","20.654","deg","79494","µV","29.956","°C","1016.000","hPa","35.3","pmil","0","53.237","deg","23.954","°C","100.000","%a.s.","21.023","deg","23.635","°C","1019.000","hPa","0.861","-0.02617","0.00035","0","0","13.56","Humid","28.00","0","54.00","361138.31","SABD0000000001","AAV1.0.0.11","1.1.2.0","PSt7-10","170328-007","9/30/2017 19:06:43","0000-00","0","no battery","V"
"09/09/2020","10:42:58","2","default","115855972","OXY_CH2","77.394","min","184.882","µmol/L","Humid","20.650","deg","79498","µV","29.971","°C","1016.000","hPa","35.3","pmil","0","53.237","deg","23.954","°C","100.000","%a.s.","21.023","deg","23.635","°C","1019.000","hPa","0.861","-0.02617","0.00035","0","0","13.56","Humid","28.00","0","54.00","361153.02","SABD0000000001","AAV1.0.0.11","1.1.2.0","PSt7-10","170328-007","9/30/2017 19:06:43","0000-00","0","no battery","V"
"09/09/2020","10:42:59","2","default","115855972","OXY_CH2","77.411","min","184.860","µmol/L","Humid","20.653","deg","79498","µV","29.966","°C","1016.000","hPa","35.3","pmil","0","53.237","deg","23.954","°C","100.000","%a.s.","21.023","deg","23.635","°C","1019.000","hPa","0.861","-0.02617","0.00035","0","0","13.56","Humid","28.00","0","54.00","361153.30","SABD0000000001","AAV1.0.0.11","1.1.2.0","PSt7-10","170328-007","9/30/2017 19:06:43","0000-00","0","no battery","V"
"09/09/2020","10:43:00","2","default","115855972","OXY_CH2","77.427","min","184.959","µmol/L","Humid","20.649","deg","79495","µV","29.961","°C","1016.000","hPa","35.3","pmil","0","53.237","deg","23.954","°C","100.000","%a.s.","21.023","deg","23.635","°C","1019.000","hPa","0.861","-0.02617","0.00035","0","0","13.56","Humid","28.00","0","54.00","361145.39","SABD0000000001","AAV1.0.0.11","1.1.2.0","PSt7-10","170328-007","9/30/2017 19:06:43","0000-00","0","no battery","V"
"09/09/2020","10:43:01","2","default","115855972","OXY_CH2","77.444","min","184.838","µmol/L","Humid","20.655","deg","79494","µV","29.964","°C","1016.000","hPa","35.3","pmil","0","53.237","deg","23.954","°C","100.000","%a.s.","21.023","deg","23.635","°C","1019.000","hPa","0.861","-0.02617","0.00035","0","0","13.56","Humid","28.00","0","54.00","361128.47","SABD0000000001","AAV1.0.0.11","1.1.2.0","PSt7-10","170328-007","9/30/2017 19:06:43","0000-00","0","no battery","V"
"09/09/2020","10:43:02","2","default","115855972","OXY_CH2","77.461","min","184.962","µmol/L","Humid","20.653","deg","79487","µV","29.949","°C","1016.000","hPa","35.3","pmil","0","53.237","deg","23.954","°C","100.000","%a.s.","21.023","deg","23.635","°C","1019.000","hPa","0.861","-0.02617","0.00035","0","0","13.56","Humid","28.00","0","54.00","361127.95","SABD0000000001","AAV1.0.0.11","1.1.2.0","PSt7-10","170328-007","9/30/2017 19:06:43","0000-00","0","no battery","V"
"09/09/2020","10:43:03","2","default","115855972","OXY_CH2","77.478","min","184.845","µmol/L","Humid","20.656","deg","79484","µV","29.960","°C","1016.000","hPa","35.3","pmil","0","53.237","deg","23.954","°C","100.000","%a.s.","21.023","deg","23.635","°C","1019.000","hPa","0.861","-0.02617","0.00035","0","0","13.56","Humid","28.00","0","54.00","361141.33","SABD0000000001","AAV1.0.0.11","1.1.2.0","PSt7-10","170328-007","9/30/2017 19:06:43","0000-00","0","no battery","V"
"09/09/2020","10:43:04","2","default","115855972","OXY_CH2","77.494","min","184.897","µmol/L","Humid","20.651","deg","79492","µV","29.966","°C","1016.000","hPa","35.3","pmil","0","53.237","deg","23.954","°C","100.000","%a.s.","21.023","deg","23.635","°C","1019.000","hPa","0.861","-0.02617","0.00035","0","0","13.56","Humid","28.00","0","54.00","361148.37","SABD0000000001","AAV1.0.0.11","1.1.2.0","PSt7-10","170328-007","9/30/2017 19:06:43","0000-00","0","no battery","V"
"09/09/2020","10:43:05","2","default","115855972","OXY_CH2","77.511","min","184.844","µmol/L","Humid","20.658","deg","79484","µV","29.955","°C","1016.000","hPa","35.3","pmil","0","53.237","deg","23.954","°C","100.000","%a.s.","21.023","deg","23.635","°C","1019.000","hPa","0.861","-0.02617","0.00035","0","0","13.56","Humid","28.00","0","54.00","361149.25","SABD0000000001","AAV1.0.0.11","1.1.2.0","PSt7-10","170328-007","9/30/2017 19:06:43","0000-00","0","no battery","V"
"09/09/2020","10:43:06","2","default","115855972","OXY_CH2","77.527","min","185.039","µmol/L","Humid","20.648","deg","79479","µV","29.950","°C","1016.000","hPa","35.3","pmil","0","53.237","deg","23.954","°C","100.000","%a.s.","21.023","deg","23.635","°C","1019.000","hPa","0.861","-0.02617","0.00035","0","0","13.56","Humid","28.00","0","54.00","361132.33","SABD0000000001","AAV1.0.0.11","1.1.2.0","PSt7-10","170328-007","9/30/2017 19:06:43","0000-00","0","no battery","V"
"09/09/2020","10:43:07","2","default","115855972","OXY_CH2","77.544","min","185.000","µmol/L","Humid","20.650","deg","79485","µV","29.951","°C","1016.000","hPa","35.3","pmil","0","53.237","deg","23.954","°C","100.000","%a.s.","21.023","deg","23.635","°C","1019.000","hPa","0.861","-0.02617","0.00035","0","0","13.56","Humid","28.00","0","54.00","361130.53","SABD0000000001","AAV1.0.0.11","1.1.2.0","PSt7-10","170328-007","9/30/2017 19:06:43","0000-00","0","no battery","V"
"09/09/2020","10:43:08","2","default","115855972","OXY_CH2","77.560","min","184.978","µmol/L","Humid","20.646","deg","79480","µV","29.966","°C","1016.000","hPa","35.3","pmil","0","53.237","deg","23.954","°C","100.000","%a.s.","21.023","deg","23.635","°C","1019.000","hPa","0.861","-0.02617","0.00035","0","0","13.56","Humid","28.00","0","54.00","361116.36","SABD0000000001","AAV1.0.0.11","1.1.2.0","PSt7-10","170328-007","9/30/2017 19:06:43","0000-00","0","no battery","V"
"09/09/2020","10:43:09","2","default","115855972","OXY_CH2","77.577","min","184.913","µmol/L","Humid","20.647","deg","79479","µV","29.975","°C","1016.000","hPa","35.3","pmil","0","53.237","deg","23.954","°C","100.000","%a.s.","21.023","deg","23.635","°C","1019.000","hPa","0.861","-0.02617","0.00035","0","0","13.56","Humid","28.00","0","54.00","361135.24","SABD0000000001","AAV1.0.0.11","1.1.2.0","PSt7-10","170328-007","9/30/2017 19:06:43","0000-00","0","no battery","V"
"09/09/2020","10:43:10","2","default","115855972","OXY_CH2","77.594","min","184.859","µmol/L","Humid","20.651","deg","79482","µV","29.972","°C","1016.000","hPa","35.3","pmil","0","53.237","deg","23.954","°C","100.000","%a.s.","21.023","deg","23.635","°C","1019.000","hPa","0.861","-0.02617","0.00035","0","0","13.56","Humid","28.00","0","54.00","361123.96","SABD0000000001","AAV1.0.0.11","1.1.2.0","PSt7-10","170328-007","9/30/2017 19:06:43","0000-00","0","no battery","V"
"09/09/2020","10:43:11","2","default","115855972","OXY_CH2","77.610","min","184.940","µmol/L","Humid","20.648","deg","79482","µV","29.967","°C","1016.000","hPa","35.3","pmil","0","53.237","deg","23.954","°C","100.000","%a.s.","21.023","deg","23.635","°C","1019.000","hPa","0.861","-0.02617","0.00035","0","0","13.56","Humid","28.00","0","54.00","361119.15","SABD0000000001","AAV1.0.0.11","1.1.2.0","PSt7-10","170328-007","9/30/2017 19:06:43","0000-00","0","no battery","V"
"09/09/2020","10:43:12","2","default","115855972","OXY_CH2","77.627","min","184.930","µmol/L","Humid","20.649","deg","79476","µV","29.966","°C","1016.000","hPa","35.3","pmil","0","53.237","deg","23.954","°C","100.000","%a.s.","21.023","deg","23.635","°C","1019.000","hPa","0.861","-0.02617","0.00035","0","0","13.56","Humid","28.00","0","54.00","361129.95","SABD0000000001","AAV1.0.0.11","1.1.2.0","PSt7-10","170328-007","9/30/2017 19:06:43","0000-00","0","no battery","V"
"09/09/2020","10:43:13","2","default","115855972","OXY_CH2","77.644","min","184.860","µmol/L","Humid","20.649","deg","79477","µV","29.978","°C","1016.000","hPa","35.3","pmil","0","53.237","deg","23.954","°C","100.000","%a.s.","21.023","deg","23.635","°C","1019.000","hPa","0.861","-0.02617","0.00035","0","0","13.56","Humid","28.00","0","54.00","361133.09","SABD0000000001","AAV1.0.0.11","1.1.2.0","PSt7-10","170328-007","9/30/2017 19:06:43","0000-00","0","no battery","V"
"09/09/2020","10:43:14","2","default","115855972","OXY_CH2","77.660","min","184.895","µmol/L","Humid","20.653","deg","79478","µV","29.960","°C","1016.000","hPa","35.3","pmil","0","53.237","deg","23.954","°C","100.000","%a.s.","21.023","deg","23.635","°C","1019.000","hPa","0.861","-0.02617","0.00035","0","0","13.56","Humid","28.00","0","54.00","361132.18","SABD0000000001","AAV1.0.0.11","1.1.2.0","PSt7-10","170328-007","9/30/2017 19:06:43","0000-00","0","no battery","V"
"09/09/2020","10:43:15","2","default","115855972","OXY_CH2","77.677","min","185.089","µmol/L","Humid","20.644","deg","79478","µV","29.953","°C","1016.000","hPa","35.3","pmil","0","53.237","deg","23.954","°C","100.000","%a.s.","21.023","deg","23.635","°C","1019.000","hPa","0.861","-0.02617","0.00035","0","0","13.56","Humid","28.00","0","54.00","361148.27","SABD0000000001","AAV1.0.0.11","1.1.2.0","PSt7-10","170328-007","9/30/2017 19:06:43","0000-00","0","no battery","V"
"09/09/2020","10:43:16","2","default","115855972","OXY_CH2","77.694","min","184.970","µmol/L","Humid","20.651","deg","79473","µV","29.953","°C","1016.000","hPa","35.3","pmil","0","53.237","deg","23.954","°C","100.000","%a.s.","21.023","deg","23.635","°C","1019.000","hPa","0.861","-0.02617","0.00035","0","0","13.56","Humid","28.00","0","54.00","361132.25","SABD0000000001","AAV1.0.0.11","1.1.2.0","PSt7-10","170328-007","9/30/2017 19:06:43","0000-00","0","no battery","V"
"09/09/2020","10:43:17","2","default","115855972","OXY_CH2","77.710","min","184.881","µmol/L","Humid","20.650","deg","79468","µV","29.971","°C","1016.000","hPa","35.3","pmil","0","53.237","deg","23.954","°C","100.000","%a.s.","21.023","deg","23.635","°C","1019.000","hPa","0.861","-0.02617","0.00035","0","0","13.56","Humid","28.00","0","54.00","361124.50","SABD0000000001","AAV1.0.0.11","1.1.2.0","PSt7-10","170328-007","9/30/2017 19:06:43","0000-00","0","no battery","V"
"09/09/2020","10:43:18","2","default","115855972","OXY_CH2","77.728","min","185.006","µmol/L","Humid","20.644","deg","79470","µV","29.968","°C","1016.000","hPa","35.3","pmil","0","53.237","deg","23.954","°C","100.000","%a.s.","21.023","deg","23.635","°C","1019.000","hPa","0.861","-0.02617","0.00035","0","0","13.56","Humid","28.00","0","54.00","361139.11","SABD0000000001","AAV1.0.0.11","1.1.2.0","PSt7-10","170328-007","9/30/2017 19:06:43","0000-00","0","no battery","V"
"09/09/2020","10:43:19","2","default","115855972","OXY_CH2","77.744","min","184.932","µmol/L","Humid","20.648","deg","79469","µV","29.968","°C","1016.000","hPa","35.3","pmil","0","53.237","deg","23.954","°C","100.000","%a.s.","21.023","deg","23.635","°C","1019.000","hPa","0.861","-0.02617","0.00035","0","0","13.56","Humid","28.00","0","54.00","361123.83","SABD0000000001","AAV1.0.0.11","1.1.2.0","PSt7-10","170328-007","9/30/2017 19:06:43","0000-00","0","no battery","V"
"09/09/2020","10:43:20","2","default","115855972","OXY_CH2","77.761","min","185.060","µmol/L","Humid","20.646","deg","79463","µV","29.952","°C","1016.000","hPa","35.3","pmil","0","53.237","deg","23.954","°C","100.000","%a.s.","21.023","deg","23.635","°C","1019.000","hPa","0.861","-0.02617","0.00035","0","0","13.56","Humid","28.00","0","54.00","361132.21","SABD0000000001","AAV1.0.0.11","1.1.2.0","PSt7-10","170328-007","9/30/2017 19:06:43","0000-00","0","no battery","V"
"09/09/2020","10:43:21","2","default","115855972","OXY_CH2","77.777","min","185.002","µmol/L","Humid","20.648","deg","79462","µV","29.957","°C","1016.000","hPa","35.3","pmil","0","53.237","deg","23.954","°C","100.000","%a.s.","21.023","deg","23.635","°C","1019.000","hPa","0.861","-0.02617","0.00035","0","0","13.56","Humid","28.00","0","54.00","361131.62","SABD0000000001","AAV1.0.0.11","1.1.2.0","PSt7-10","170328-007","9/30/2017 19:06:43","0000-00","0","no battery","V"
"09/09/2020","10:43:22","2","default","115855972","OXY_CH2","77.794","min","185.019","µmol/L","Humid","20.647","deg","79471","µV","29.957","°C","1016.000","hPa","35.3","pmil","0","53.237","deg","23.954","°C","100.000","%a.s.","21.023","deg","23.635","°C","1019.000","hPa","0.861","-0.02617","0.00035","0","0","13.56","Humid","28.00","0","54.00","361129.96","SABD0000000001","AAV1.0.0.11","1.1.2.0","PSt7-10","170328-007","9/30/2017 19:06:43","0000-00","0","no battery","V"
"09/09/2020","10:43:23","2","default","115855972","OXY_CH2","77.810","min","184.941","µmol/L","Humid","20.650","deg","79462","µV","29.961","°C","1016.000","hPa","35.3","pmil","0","53.237","deg","23.954","°C","100.000","%a.s.","21.023","deg","23.635","°C","1019.000","hPa","0.861","-0.02617","0.00035","0","0","13.56","Humid","28.00","0","54.00","361116.32","SABD0000000001","AAV1.0.0.11","1.1.2.0","PSt7-10","170328-007","9/30/2017 19:06:43","0000-00","0","no battery","V"
"09/09/2020","10:43:24","2","default","115855972","OXY_CH2","77.827","min","184.965","µmol/L","Humid","20.647","deg","79461","µV","29.966","°C","1016.000","hPa","35.3","pmil","0","53.237","deg","23.954","°C","100.000","%a.s.","21.023","deg","23.635","°C","1019.000","hPa","0.861","-0.02617","0.00035","0","0","13.56","Humid","28.00","0","54.00","361113.04","SABD0000000001","AAV1.0.0.11","1.1.2.0","PSt7-10","170328-007","9/30/2017 19:06:43","0000-00","0","no battery","V"
"09/09/2020","10:43:25","2","default","115855972","OXY_CH2","77.844","min","184.796","µmol/L","Humid","20.654","deg","79463","µV","29.974","°C","1016.000","hPa","35.3","pmil","0","53.237","deg","23.954","°C","100.000","%a.s.","21.023","deg","23.635","°C","1019.000","hPa","0.861","-0.02617","0.00035","0","0","13.56","Humid","28.00","0","54.00","361115.10","SABD0000000001","AAV1.0.0.11","1.1.2.0","PSt7-10","170328-007","9/30/2017 19:06:43","0000-00","0","no battery","V"
"09/09/2020","10:43:26","2","default","115855972","OXY_CH2","77.860","min","184.990","µmol/L","Humid","20.650","deg","79456","µV","29.953","°C","1016.000","hPa","35.3","pmil","0","53.237","deg","23.954","°C","100.000","%a.s.","21.023","deg","23.635","°C","1019.000","hPa","0.861","-0.02617","0.00035","0","0","13.56","Humid","28.00","0","54.00","361118.85","SABD0000000001","AAV1.0.0.11","1.1.2.0","PSt7-10","170328-007","9/30/2017 19:06:43","0000-00","0","no battery","V"
"09/09/2020","10:43:27","2","default","115855972","OXY_CH2","77.878","min","185.043","µmol/L","Humid","20.644","deg","79465","µV","29.961","°C","1016.000","hPa","35.3","pmil","0","53.237","deg","23.954","°C","100.000","%a.s.","21.023","deg","23.635","°C","1019.000","hPa","0.861","-0.02617","0.00035","0","0","13.56","Humid","28.00","0","54.00","361135.42","SABD0000000001","AAV1.0.0.11","1.1.2.0","PSt7-10","170328-007","9/30/2017 19:06:43","0000-00","0","no battery","V"
"09/09/2020","10:43:28","2","default","115855972","OXY_CH2","77.894","min","184.888","µmol/L","Humid","20.649","deg","79457","µV","29.973","°C","1016.000","hPa","35.3","pmil","0","53.237","deg","23.954","°C","100.000","%a.s.","21.023","deg","23.635","°C","1019.000","hPa","0.861","-0.02617","0.00035","0","0","13.56","Humid","28.00","0","54.00","361123.84","SABD0000000001","AAV1.0.0.11","1.1.2.0","PSt7-10","170328-007","9/30/2017 19:06:43","0000-00","0","no battery","V"
"09/09/2020","10:43:29","2","default","115855972","OXY_CH2","77.910","min","185.057","µmol/L","Humid","20.644","deg","79456","µV","29.959","°C","1016.000","hPa","35.3","pmil","0","53.237","deg","23.954","°C","100.000","%a.s.","21.023","deg","23.635","°C","1019.000","hPa","0.861","-0.02617","0.00035","0","0","13.56","Humid","28.00","0","54.00","361119.96","SABD0000000001","AAV1.0.0.11","1.1.2.0","PSt7-10","170328-007","9/30/2017 19:06:43","0000-00","0","no battery","V"
"09/09/2020","10:43:30","2","default","115855972","OXY_CH2","77.927","min","184.937","µmol/L","Humid","20.646","deg","79456","µV","29.974","°C","1016.000","hPa","35.3","pmil","0","53.237","deg","23.954","°C","100.000","%a.s.","21.023","deg","23.635","°C","1019.000","hPa","0.861","-0.02617","0.00035","0","0","13.56","Humid","28.00","0","54.00","361102.21","SABD0000000001","AAV1.0.0.11","1.1.2.0","PSt7-10","170328-007","9/30/2017 19:06:43","0000-00","0","no battery","V"
"09/09/2020","10:43:31","2","default","115855972","OXY_CH2","77.945","min","184.987","µmol/L","Humid","20.645","deg","79449","µV","29.968","°C","1016.000","hPa","35.3","pmil","0","53.237","deg","23.954","°C","100.000","%a.s.","21.023","deg","23.635","°C","1019.000","hPa","0.861","-0.02617","0.00035","0","0","13.56","Humid","28.00","0","54.00","361110.62","SABD0000000001","AAV1.0.0.11","1.1.2.0","PSt7-10","170328-007","9/30/2017 19:06:43","0000-00","0","no battery","V"
"09/09/2020","10:43:32","2","default","115855972","OXY_CH2","77.961","min","185.015","µmol/L","Humid","20.644","deg","79449","µV","29.966","°C","1016.000","hPa","35.3","pmil","0","53.237","deg","23.954","°C","100.000","%a.s.","21.023","deg","23.635","°C","1019.000","hPa","0.861","-0.02617","0.00035","0","0","13.56","Humid","28.00","0","54.00","361104.27","SABD0000000001","AAV1.0.0.11","1.1.2.0","PSt7-10","170328-007","9/30/2017 19:06:43","0000-00","0","no battery","V"
"09/09/2020","10:43:33","2","default","115855972","OXY_CH2","77.978","min","184.983","µmol/L","Humid","20.648","deg","79452","µV","29.960","°C","1016.000","hPa","35.3","pmil","0","53.237","deg","23.954","°C","100.000","%a.s.","21.023","deg","23.635","°C","1019.000","hPa","0.861","-0.02617","0.00035","0","0","13.56","Humid","28.00","0","54.00","361099.42","SABD0000000001","AAV1.0.0.11","1.1.2.0","PSt7-10","170328-007","9/30/2017 19:06:43","0000-00","0","no battery","V"
"09/09/2020","10:43:34","2","default","115855972","OXY_CH2","77.994","min","185.062","µmol/L","Humid","20.643","deg","79454","µV","29.961","°C","1016.000","hPa","35.3","pmil","0","53.237","deg","23.954","°C","100.000","%a.s.","21.023","deg","23.635","°C","1019.000","hPa","0.861","-0.02617","0.00035","0","0","13.56","Humid","28.00","0","54.00","361107.97","SABD0000000001","AAV1.0.0.11","1.1.2.0","PSt7-10","170328-007","9/30/2017 19:06:43","0000-00","0","no battery","V"
"09/09/2020","10:43:35","2","default","115855972","OXY_CH2","78.011","min","185.001","µmol/L","Humid","20.644","deg","79454","µV","29.968","°C","1016.000","hPa","35.3","pmil","0","53.237","deg","23.954","°C","100.000","%a.s.","21.023","deg","23.635","°C","1019.000","hPa","0.861","-0.02617","0.00035","0","0","13.56","Humid","28.00","0","54.00","361107.80","SABD0000000001","AAV1.0.0.11","1.1.2.0","PSt7-10","170328-007","9/30/2017 19:06:43","0000-00","0","no battery","V"
"09/09/2020","10:43:36","2","default","115855972","OXY_CH2","78.027","min","184.972","µmol/L","Humid","20.644","deg","79449","µV","29.973","°C","1016.000","hPa","35.3","pmil","0","53.237","deg","23.954","°C","100.000","%a.s.","21.023","deg","23.635","°C","1019.000","hPa","0.861","-0.02617","0.00035","0","0","13.56","Humid","28.00","0","54.00","361107.46","SABD0000000001","AAV1.0.0.11","1.1.2.0","PSt7-10","170328-007","9/30/2017 19:06:43","0000-00","0","no battery","V"
"09/09/2020","10:43:37","2","default","115855972","OXY_CH2","78.044","min","184.913","µmol/L","Humid","20.649","deg","79451","µV","29.969","°C","1016.000","hPa","35.3","pmil","0","53.237","deg","23.954","°C","100.000","%a.s.","21.023","deg","23.635","°C","1019.000","hPa","0.861","-0.02617","0.00035","0","0","13.56","Humid","28.00","0","54.00","361103.18","SABD0000000001","AAV1.0.0.11","1.1.2.0","PSt7-10","170328-007","9/30/2017 19:06:43","0000-00","0","no battery","V"
"09/09/2020","10:45:04","2","default","115855972","OXY_CH2","79.486","min","185.191","µmol/L","Humid","20.622","deg","79522","µV","30.000","°C","1016.000","hPa","35.3","pmil","0","53.237","deg","23.954","°C","100.000","%a.s.","21.023","deg","23.635","°C","1019.000","hPa","0.861","-0.02617","0.00035","0","0","13.56","Humid","28.00","0","54.00","361430.64","SABD0000000001","AAV1.0.0.11","1.1.2.0","PSt7-10","170328-007","9/30/2017 19:06:43","0000-00","0","no battery","V"
"09/09/2020","10:45:05","2","default","115855972","OXY_CH2","79.510","min","185.327","µmol/L","Humid","20.621","deg","79500","µV","29.979","°C","1016.000","hPa","35.3","pmil","0","53.237","deg","23.954","°C","100.000","%a.s.","21.023","deg","23.635","°C","1019.000","hPa","0.861","-0.02617","0.00035","0","0","13.56","Humid","28.00","0","54.00","361410.07","SABD0000000001","AAV1.0.0.11","1.1.2.0","PSt7-10","170328-007","9/30/2017 19:06:43","0000-00","0","no battery","V"
"09/09/2020","10:45:06","2","default","115855972","OXY_CH2","79.527","min","185.385","µmol/L","Humid","20.622","deg","79484","µV","29.966","°C","1016.000","hPa","35.3","pmil","0","53.237","deg","23.954","°C","100.000","%a.s.","21.023","deg","23.635","°C","1019.000","hPa","0.861","-0.02617","0.00035","0","0","13.56","Humid","28.00","0","54.00","361353.73","SABD0000000001","AAV1.0.0.11","1.1.2.0","PSt7-10","170328-007","9/30/2017 19:06:43","0000-00","0","no battery","V"
"09/09/2020","10:45:07","2","default","115855972","OXY_CH2","79.544","min","185.357","µmol/L","Humid","20.617","deg","79480","µV","29.986","°C","1016.000","hPa","35.3","pmil","0","53.237","deg","23.954","°C","100.000","%a.s.","21.023","deg","23.635","°C","1019.000","hPa","0.861","-0.02617","0.00035","0","0","13.56","Humid","28.00","0","54.00","361331.75","SABD0000000001","AAV1.0.0.11","1.1.2.0","PSt7-10","170328-007","9/30/2017 19:06:43","0000-00","0","no battery","V"
"09/09/2020","10:45:08","2","default","115855972","OXY_CH2","79.561","min","185.341","µmol/L","Humid","20.622","deg","79471","µV","29.974","°C","1016.000","hPa","35.3","pmil","0","53.237","deg","23.954","°C","100.000","%a.s.","21.023","deg","23.635","°C","1019.000","hPa","0.861","-0.02617","0.00035","0","0","13.56","Humid","28.00","0","54.00","361325.88","SABD0000000001","AAV1.0.0.11","1.1.2.0","PSt7-10","170328-007","9/30/2017 19:06:43","0000-00","0","no battery","V"
"09/09/2020","10:45:09","2","default","115855972","OXY_CH2","79.578","min","185.296","µmol/L","Humid","20.622","deg","79465","µV","29.982","°C","1016.000","hPa","35.3","pmil","0","53.237","deg","23.954","°C","100.000","%a.s.","21.023","deg","23.635","°C","1019.000","hPa","0.861","-0.02617","0.00035","0","0","13.56","Humid","28.00","0","54.00","361324.96","SABD0000000001","AAV1.0.0.11","1.1.2.0","PSt7-10","170328-007","9/30/2017 19:06:43","0000-00","0","no battery","V"
"09/09/2020","10:45:10","2","default","115855972","OXY_CH2","79.594","min","185.464","µmol/L","Humid","20.621","deg","79466","µV","29.956","°C","1016.000","hPa","35.3","pmil","0","53.237","deg","23.954","°C","100.000","%a.s.","21.023","deg","23.635","°C","1019.000","hPa","0.861","-0.02617","0.00035","0","0","13.56","Humid","28.00","0","54.00","361289.44","SABD0000000001","AAV1.0.0.11","1.1.2.0","PSt7-10","170328-007","9/30/2017 19:06:43","0000-00","0","no battery","V"
"09/09/2020","10:45:11","2","default","115855972","OXY_CH2","79.611","min","185.367","µmol/L","Humid","20.623","deg","79460","µV","29.967","°C","1016.000","hPa","35.3","pmil","0","53.237","deg","23.954","°C","100.000","%a.s.","21.023","deg","23.635","°C","1019.000","hPa","0.861","-0.02617","0.00035","0","0","13.56","Humid","28.00","0","54.00","361304.11","SABD0000000001","AAV1.0.0.11","1.1.2.0","PSt7-10","170328-007","9/30/2017 19:06:43","0000-00","0","no battery","V"
"09/09/2020","10:45:12","2","default","115855972","OXY_CH2","79.628","min","185.336","µmol/L","Humid","20.622","deg","79456","µV","29.975","°C","1016.000","hPa","35.3","pmil","0","53.237","deg","23.954","°C","100.000","%a.s.","21.023","deg","23.635","°C","1019.000","hPa","0.861","-0.02617","0.00035","0","0","13.56","Humid","28.00","0","54.00","361297.51","SABD0000000001","AAV1.0.0.11","1.1.2.0","PSt7-10","170328-007","9/30/2017 19:06:43","0000-00","0","no battery","V"
"09/09/2020","10:45:13","2","default","115855972","OXY_CH2","79.644","min","185.444","µmol/L","Humid","20.617","deg","79455","µV","29.971","°C","1016.000","hPa","35.3","pmil","0","53.237","deg","23.954","°C","100.000","%a.s.","21.023","deg","23.635","°C","1019.000","hPa","0.861","-0.02617","0.00035","0","0","13.56","Humid","28.00","0","54.00","361277.15","SABD0000000001","AAV1.0.0.11","1.1.2.0","PSt7-10","170328-007","9/30/2017 19:06:43","0000-00","0","no battery","V"
"09/09/2020","10:45:14","2","default","115855972","OXY_CH2","79.661","min","185.440","µmol/L","Humid","20.620","deg","79448","µV","29.963","°C","1016.000","hPa","35.3","pmil","0","53.237","deg","23.954","°C","100.000","%a.s.","21.023","deg","23.635","°C","1019.000","hPa","0.861","-0.02617","0.00035","0","0","13.56","Humid","28.00","0","54.00","361281.66","SABD0000000001","AAV1.0.0.11","1.1.2.0","PSt7-10","170328-007","9/30/2017 19:06:43","0000-00","0","no battery","V"
"09/09/2020","10:45:15","2","default","115855972","OXY_CH2","79.678","min","185.371","µmol/L","Humid","20.622","deg","79449","µV","29.969","°C","1016.000","hPa","35.3","pmil","0","53.237","deg","23.954","°C","100.000","%a.s.","21.023","deg","23.635","°C","1019.000","hPa","0.861","-0.02617","0.00035","0","0","13.56","Humid","28.00","0","54.00","361274.20","SABD0000000001","AAV1.0.0.11","1.1.2.0","PSt7-10","170328-007","9/30/2017 19:06:43","0000-00","0","no battery","V"
"09/09/2020","10:45:16","2","default","115855972","OXY_CH2","79.694","min","185.388","µmol/L","Humid","20.622","deg","79440","µV","29.966","°C","1016.000","hPa","35.3","pmil","0","53.237","deg","23.954","°C","100.000","%a.s.","21.023","deg","23.635","°C","1019.000","hPa","0.861","-0.02617","0.00035","0","0","13.56","Humid","28.00","0","54.00","361268.27","SABD0000000001","AAV1.0.0.11","1.1.2.0","PSt7-10","170328-007","9/30/2017 19:06:43","0000-00","0","no battery","V"
"09/09/2020","10:45:17","2","default","115855972","OXY_CH2","79.711","min","185.485","µmol/L","Humid","20.618","deg","79444","µV","29.961","°C","1016.000","hPa","35.3","pmil","0","53.237","deg","23.954","°C","100.000","%a.s.","21.023","deg","23.635","°C","1019.000","hPa","0.861","-0.02617","0.00035","0","0","13.56","Humid","28.00","0","54.00","361276.24","SABD0000000001","AAV1.0.0.11","1.1.2.0","PSt7-10","170328-007","9/30/2017 19:06:43","0000-00","0","no battery","V"
"09/09/2020","10:45:18","2","default","115855972","OXY_CH2","79.729","min","185.364","µmol/L","Humid","20.623","deg","79443","µV","29.967","°C","1016.000","hPa","35.3","pmil","0","53.237","deg","23.954","°C","100.000","%a.s.","21.023","deg","23.635","°C","1019.000","hPa","0.861","-0.02617","0.00035","0","0","13.56","Humid","28.00","0","54.00","361280.56","SABD0000000001","AAV1.0.0.11","1.1.2.0","PSt7-10","170328-007","9/30/2017 19:06:43","0000-00","0","no battery","V"
"09/09/2020","10:45:19","2","default","115855972","OXY_CH2","79.744","min","185.415","µmol/L","Humid","20.620","deg","79442","µV","29.967","°C","1016.000","hPa","35.3","pmil","0","53.237","deg","23.954","°C","100.000","%a.s.","21.023","deg","23.635","°C","1019.000","hPa","0.861","-0.02617","0.00035","0","0","13.56","Humid","28.00","0","54.00","361262.55","SABD0000000001","AAV1.0.0.11","1.1.2.0","PSt7-10","170328-007","9/30/2017 19:06:43","0000-00","0","no battery","V"
"09/09/2020","10:45:20","2","default","115855972","OXY_CH2","79.761","min","185.446","µmol/L","Humid","20.622","deg","79442","µV","29.956","°C","1016.000","hPa","35.3","pmil","0","53.237","deg","23.954","°C","100.000","%a.s.","21.023","deg","23.635","°C","1019.000","hPa","0.861","-0.02617","0.00035","0","0","13.56","Humid","28.00","0","54.00","361288.08","SABD0000000001","AAV1.0.0.11","1.1.2.0","PSt7-10","170328-007","9/30/2017 19:06:43","0000-00","0","no battery","V"
"09/09/2020","10:45:21","2","default","115855972","OXY_CH2","79.777","min","185.323","µmol/L","Humid","20.620","deg","79440","µV","29.983","°C","1016.000","hPa","35.3","pmil","0","53.237","deg","23.954","°C","100.000","%a.s.","21.023","deg","23.635","°C","1019.000","hPa","0.861","-0.02617","0.00035","0","0","13.56","Humid","28.00","0","54.00","361275.96","SABD0000000001","AAV1.0.0.11","1.1.2.0","PSt7-10","170328-007","9/30/2017 19:06:43","0000-00","0","no battery","V"
"09/09/2020","10:45:22","2","default","115855972","OXY_CH2","79.794","min","185.389","µmol/L","Humid","20.619","deg","79441","µV","29.974","°C","1016.000","hPa","35.3","pmil","0","53.237","deg","23.954","°C","100.000","%a.s.","21.023","deg","23.635","°C","1019.000","hPa","0.861","-0.02617","0.00035","0","0","13.56","Humid","28.00","0","54.00","361278.57","SABD0000000001","AAV1.0.0.11","1.1.2.0","PSt7-10","170328-007","9/30/2017 19:06:43","0000-00","0","no battery","V"
"09/09/2020","10:45:23","2","default","115855972","OXY_CH2","79.811","min","185.310","µmol/L","Humid","20.621","deg","79427","µV","29.982","°C","1016.000","hPa","35.3","pmil","0","53.237","deg","23.954","°C","100.000","%a.s.","21.023","deg","23.635","°C","1019.000","hPa","0.861","-0.02617","0.00035","0","0","13.56","Humid","28.00","0","54.00","361272.42","SABD0000000001","AAV1.0.0.11","1.1.2.0","PSt7-10","170328-007","9/30/2017 19:06:43","0000-00","0","no battery","V"
"09/09/2020","10:45:24","2","default","115855972","OXY_CH2","79.827","min","185.270","µmol/L","Humid","20.624","deg","79446","µV","29.980","°C","1016.000","hPa","35.3","pmil","0","53.237","deg","23.954","°C","100.000","%a.s.","21.023","deg","23.635","°C","1019.000","hPa","0.861","-0.02617","0.00035","0","0","13.56","Humid","28.00","0","54.00","361266.46","SABD0000000001","AAV1.0.0.11","1.1.2.0","PSt7-10","170328-007","9/30/2017 19:06:43","0000-00","0","no battery","V"
"09/09/2020","10:45:25","2","default","115855972","OXY_CH2","79.844","min","185.341","µmol/L","Humid","20.620","deg","79434","µV","29.980","°C","1016.000","hPa","35.3","pmil","0","53.237","deg","23.954","°C","100.000","%a.s.","21.023","deg","23.635","°C","1019.000","hPa","0.861","-0.02617","0.00035","0","0","13.56","Humid","28.00","0","54.00","361258.06","SABD0000000001","AAV1.0.0.11","1.1.2.0","PSt7-10","170328-007","9/30/2017 19:06:43","0000-00","0","no battery","V"
"09/09/2020","10:45:26","2","default","115855972","OXY_CH2","79.860","min","185.408","µmol/L","Humid","20.619","deg","79432","µV","29.971","°C","1016.000","hPa","35.3","pmil","0","53.237","deg","23.954","°C","100.000","%a.s.","21.023","deg","23.635","°C","1019.000","hPa","0.861","-0.02617","0.00035","0","0","13.56","Humid","28.00","0","54.00","361249.26","SABD0000000001","AAV1.0.0.11","1.1.2.0","PSt7-10","170328-007","9/30/2017 19:06:43","0000-00","0","no battery","V"
"09/09/2020","10:45:27","2","default","115855972","OXY_CH2","79.877","min","185.299","µmol/L","Humid","20.621","deg","79426","µV","29.984","°C","1016.000","hPa","35.3","pmil","0","53.237","deg","23.954","°C","100.000","%a.s.","21.023","deg","23.635","°C","1019.000","hPa","0.861","-0.02617","0.00035","0","0","13.56","Humid","28.00","0","54.00","361249.53","SABD0000000001","AAV1.0.0.11","1.1.2.0","PSt7-10","170328-007","9/30/2017 19:06:43","0000-00","0","no battery","V"
"09/09/2020","10:45:28","2","default","115855972","OXY_CH2","79.894","min","185.436","µmol/L","Humid","20.617","deg","79428","µV","29.972","°C","1016.000","hPa","35.3","pmil","0","53.237","deg","23.954","°C","100.000","%a.s.","21.023","deg","23.635","°C","1019.000","hPa","0.861","-0.02617","0.00035","0","0","13.56","Humid","28.00","0","54.00","361257.46","SABD0000000001","AAV1.0.0.11","1.1.2.0","PSt7-10","170328-007","9/30/2017 19:06:43","0000-00","0","no battery","V"
"09/09/2020","10:45:29","2","default","115855972","OXY_CH2","79.910","min","185.293","µmol/L","Humid","20.622","deg","79423","µV","29.982","°C","1016.000","hPa","35.3","pmil","0","53.237","deg","23.954","°C","100.000","%a.s.","21.023","deg","23.635","°C","1019.000","hPa","0.861","-0.02617","0.00035","0","0","13.56","Humid","28.00","0","54.00","361252.84","SABD0000000001","AAV1.0.0.11","1.1.2.0","PSt7-10","170328-007","9/30/2017 19:06:43","0000-00","0","no battery","V"
"09/09/2020","10:45:30","2","default","115855972","OXY_CH2","79.927","min","185.429","µmol/L","Humid","20.616","deg","79418","µV","29.976","°C","1016.000","hPa","35.3","pmil","0","53.237","deg","23.954","°C","100.000","%a.s.","21.023","deg","23.635","°C","1019.000","hPa","0.861","-0.02617","0.00035","0","0","13.56","Humid","28.00","0","54.00","361251.58","SABD0000000001","AAV1.0.0.11","1.1.2.0","PSt7-10","170328-007","9/30/2017 19:06:43","0000-00","0","no battery","V"
"09/09/2020","10:45:31","2","default","115855972","OXY_CH2","79.944","min","185.344","µmol/L","Humid","20.619","deg","79419","µV","29.982","°C","1016.000","hPa","35.3","pmil","0","53.237","deg","23.954","°C","100.000","%a.s.","21.023","deg","23.635","°C","1019.000","hPa","0.861","-0.02617","0.00035","0","0","13.56","Humid","28.00","0","54.00","361255.06","SABD0000000001","AAV1.0.0.11","1.1.2.0","PSt7-10","170328-007","9/30/2017 19:06:43","0000-00","0","no battery","V"
"09/09/2020","10:45:32","2","default","115855972","OXY_CH2","79.960","min","185.229","µmol/L","Humid","20.626","deg","79410","µV","29.981","°C","1016.000","hPa","35.3","pmil","0","53.237","deg","23.954","°C","100.000","%a.s.","21.023","deg","23.635","°C","1019.000","hPa","0.861","-0.02617","0.00035","0","0","13.56","Humid","28.00","0","54.00","361223.49","SABD0000000001","AAV1.0.0.11","1.1.2.0","PSt7-10","170328-007","9/30/2017 19:06:43","0000-00","0","no battery","V"
"09/09/2020","10:45:33","2","default","115855972","OXY_CH2","79.977","min","185.349","µmol/L","Humid","20.623","deg","79420","µV","29.970","°C","1016.000","hPa","35.3","pmil","0","53.237","deg","23.954","°C","100.000","%a.s.","21.023","deg","23.635","°C","1019.000","hPa","0.861","-0.02617","0.00035","0","0","13.56","Humid","28.00","0","54.00","361233.80","SABD0000000001","AAV1.0.0.11","1.1.2.0","PSt7-10","170328-007","9/30/2017 19:06:43","0000-00","0","no battery","V"
"09/09/2020","10:45:34","2","default","115855972","OXY_CH2","79.994","min","185.354","µmol/L","Humid","20.621","deg","79417","µV","29.975","°C","1016.000","hPa","35.3","pmil","0","53.237","deg","23.954","°C","100.000","%a.s.","21.023","deg","23.635","°C","1019.000","hPa","0.861","-0.02617","0.00035","0","0","13.56","Humid","28.00","0","54.00","361260.03","SABD0000000001","AAV1.0.0.11","1.1.2.0","PSt7-10","170328-007","9/30/2017 19:06:43","0000-00","0","no battery","V"
"09/09/2020","10:45:35","2","default","115855972","OXY_CH2","80.011","min","185.392","µmol/L","Humid","20.619","deg","79413","µV","29.974","°C","1016.000","hPa","35.3","pmil","0","53.237","deg","23.954","°C","100.000","%a.s.","21.023","deg","23.635","°C","1019.000","hPa","0.861","-0.02617","0.00035","0","0","13.56","Humid","28.00","0","54.00","361238.61","SABD0000000001","AAV1.0.0.11","1.1.2.0","PSt7-10","170328-007","9/30/2017 19:06:43","0000-00","0","no battery","V"
"09/09/2020","10:45:36","2","default","115855972","OXY_CH2","80.027","min","185.344","µmol/L","Humid","20.620","deg","79400","µV","29.979","°C","1016.000","hPa","35.3","pmil","0","53.237","deg","23.954","°C","100.000","%a.s.","21.023","deg","23.635","°C","1019.000","hPa","0.861","-0.02617","0.00035","0","0","13.56","Humid","28.00","0","54.00","361239.46","SABD0000000001","AAV1.0.0.11","1.1.2.0","PSt7-10","170328-007","9/30/2017 19:06:43","0000-00","0","no battery","V"
"09/09/2020","10:45:37","2","default","115855972","OXY_CH2","80.044","min","185.352","µmol/L","Humid","20.620","deg","79400","µV","29.978","°C","1016.000","hPa","35.3","pmil","0","53.237","deg","23.954","°C","100.000","%a.s.","21.023","deg","23.635","°C","1019.000","hPa","0.861","-0.02617","0.00035","0","0","13.56","Humid","28.00","0","54.00","361227.52","SABD0000000001","AAV1.0.0.11","1.1.2.0","PSt7-10","170328-007","9/30/2017 19:06:43","0000-00","0","no battery","V"
"09/09/2020","10:45:38","2","default","115855972","OXY_CH2","80.060","min","185.521","µmol/L","Humid","20.618","deg","79402","µV","29.955","°C","1016.000","hPa","35.3","pmil","0","53.237","deg","23.954","°C","100.000","%a.s.","21.023","deg","23.635","°C","1019.000","hPa","0.861","-0.02617","0.00035","0","0","13.56","Humid","28.00","0","54.00","361232.08","SABD0000000001","AAV1.0.0.11","1.1.2.0","PSt7-10","170328-007","9/30/2017 19:06:43","0000-00","0","no battery","V"
"09/09/2020","10:45:39","2","default","115855972","OXY_CH2","80.077","min","185.461","µmol/L","Humid","20.617","deg","79402","µV","29.968","°C","1016.000","hPa","35.3","pmil","0","53.237","deg","23.954","°C","100.000","%a.s.","21.023","deg","23.635","°C","1019.000","hPa","0.861","-0.02617","0.00035","0","0","13.56","Humid","28.00","0","54.00","361227.45","SABD0000000001","AAV1.0.0.11","1.1.2.0","PSt7-10","170328-007","9/30/2017 19:06:43","0000-00","0","no battery","V"
"09/09/2020","10:45:40","2","default","115855972","OXY_CH2","80.094","min","185.330","µmol/L","Humid","20.617","deg","79398","µV","29.990","°C","1016.000","hPa","35.3","pmil","0","53.237","deg","23.954","°C","100.000","%a.s.","21.023","deg","23.635","°C","1019.000","hPa","0.861","-0.02617","0.00035","0","0","13.56","Humid","28.00","0","54.00","361220.98","SABD0000000001","AAV1.0.0.11","1.1.2.0","PSt7-10","170328-007","9/30/2017 19:06:43","0000-00","0","no battery","V"
"09/09/2020","10:45:41","2","default","115855972","OXY_CH2","80.110","min","185.285","µmol/L","Humid","20.619","deg","79392","µV","29.992","°C","1016.000","hPa","35.3","pmil","0","53.237","deg","23.954","°C","100.000","%a.s.","21.023","deg","23.635","°C","1019.000","hPa","0.861","-0.02617","0.00035","0","0","13.56","Humid","28.00","0","54.00","361205.04","SABD0000000001","AAV1.0.0.11","1.1.2.0","PSt7-10","170328-007","9/30/2017 19:06:43","0000-00","0","no battery","V"
"09/09/2020","10:45:42","2","default","115855972","OXY_CH2","80.127","min","185.378","µmol/L","Humid","20.617","deg","79394","µV","29.982","°C","1016.000","hPa","35.3","pmil","0","53.237","deg","23.954","°C","100.000","%a.s.","21.023","deg","23.635","°C","1019.000","hPa","0.861","-0.02617","0.00035","0","0","13.56","Humid","28.00","0","54.00","361220.46","SABD0000000001","AAV1.0.0.11","1.1.2.0","PSt7-10","170328-007","9/30/2017 19:06:43","0000-00","0","no battery","V"
"09/09/2020","10:45:43","2","default","115855972","OXY_CH2","80.144","min","185.425","µmol/L","Humid","20.617","deg","79387","µV","29.974","°C","1016.000","hPa","35.3","pmil","0","53.237","deg","23.954","°C","100.000","%a.s.","21.023","deg","23.635","°C","1019.000","hPa","0.861","-0.02617","0.00035","0","0","13.56","Humid","28.00","0","54.00","361202.01","SABD0000000001","AAV1.0.0.11","1.1.2.0","PSt7-10","170328-007","9/30/2017 19:06:43","0000-00","0","no battery","V"
"09/09/2020","10:45:44","2","default","115855972","OXY_CH2","80.161","min","185.359","µmol/L","Humid","20.619","deg","79394","µV","29.979","°C","1016.000","hPa","35.3","pmil","0","53.237","deg","23.954","°C","100.000","%a.s.","21.023","deg","23.635","°C","1019.000","hPa","0.861","-0.02617","0.00035","0","0","13.56","Humid","28.00","0","54.00","361224.97","SABD0000000001","AAV1.0.0.11","1.1.2.0","PSt7-10","170328-007","9/30/2017 19:06:43","0000-00","0","no battery","V"
"09/09/2020","10:45:45","2","default","115855972","OXY_CH2","80.177","min","185.319","µmol/L","Humid","20.621","deg","79391","µV","29.981","°C","1016.000","hPa","35.3","pmil","0","53.237","deg","23.954","°C","100.000","%a.s.","21.023","deg","23.635","°C","1019.000","hPa","0.861","-0.02617","0.00035","0","0","13.56","Humid","28.00","0","54.00","361215.03","SABD0000000001","AAV1.0.0.11","1.1.2.0","PSt7-10","170328-007","9/30/2017 19:06:43","0000-00","0","no battery","V"
"09/09/2020","10:45:46","2","default","115855972","OXY_CH2","80.194","min","185.310","µmol/L","Humid","20.621","deg","79390","µV","29.982","°C","1016.000","hPa","35.3","pmil","0","53.237","deg","23.954","°C","100.000","%a.s.","21.023","deg","23.635","°C","1019.000","hPa","0.861","-0.02617","0.00035","0","0","13.56","Humid","28.00","0","54.00","361204.74","SABD0000000001","AAV1.0.0.11","1.1.2.0","PSt7-10","170328-007","9/30/2017 19:06:43","0000-00","0","no battery","V"
"09/09/2020","10:45:47","2","default","115855972","OXY_CH2","80.211","min","185.432","µmol/L","Humid","20.614","deg","79389","µV","29.982","°C","1016.000","hPa","35.3","pmil","0","53.237","deg","23.954","°C","100.000","%a.s.","21.023","deg","23.635","°C","1019.000","hPa","0.861","-0.02617","0.00035","0","0","13.56","Humid","28.00","0","54.00","361207.74","SABD0000000001","AAV1.0.0.11","1.1.2.0","PSt7-10","170328-007","9/30/2017 19:06:43","0000-00","0","no battery","V"
"09/09/2020","10:45:48","2","default","115855972","OXY_CH2","80.228","min","185.469","µmol/L","Humid","20.614","deg","79388","µV","29.975","°C","1016.000","hPa","35.3","pmil","0","53.237","deg","23.954","°C","100.000","%a.s.","21.023","deg","23.635","°C","1019.000","hPa","0.861","-0.02617","0.00035","0","0","13.56","Humid","28.00","0","54.00","361202.06","SABD0000000001","AAV1.0.0.11","1.1.2.0","PSt7-10","170328-007","9/30/2017 19:06:43","0000-00","0","no battery","V"
"09/09/2020","10:45:49","2","default","115855972","OXY_CH2","80.244","min","185.372","µmol/L","Humid","20.621","deg","79383","µV","29.971","°C","1016.000","hPa","35.3","pmil","0","53.237","deg","23.954","°C","100.000","%a.s.","21.023","deg","23.635","°C","1019.000","hPa","0.861","-0.02617","0.00035","0","0","13.56","Humid","28.00","0","54.00","361184.93","SABD0000000001","AAV1.0.0.11","1.1.2.0","PSt7-10","170328-007","9/30/2017 19:06:43","0000-00","0","no battery","V"
"09/09/2020","10:45:50","2","default","115855972","OXY_CH2","80.260","min","185.383","µmol/L","Humid","20.615","deg","79380","µV","29.987","°C","1016.000","hPa","35.3","pmil","0","53.237","deg","23.954","°C","100.000","%a.s.","21.023","deg","23.635","°C","1019.000","hPa","0.861","-0.02617","0.00035","0","0","13.56","Humid","28.00","0","54.00","361198.01","SABD0000000001","AAV1.0.0.11","1.1.2.0","PSt7-10","170328-007","9/30/2017 19:06:43","0000-00","0","no battery","V"
"09/09/2020","10:45:51","2","default","115855972","OXY_CH2","80.277","min","185.474","µmol/L","Humid","20.611","deg","79382","µV","29.983","°C","1016.000","hPa","35.3","pmil","0","53.237","deg","23.954","°C","100.000","%a.s.","21.023","deg","23.635","°C","1019.000","hPa","0.861","-0.02617","0.00035","0","0","13.56","Humid","28.00","0","54.00","361200.45","SABD0000000001","AAV1.0.0.11","1.1.2.0","PSt7-10","170328-007","9/30/2017 19:06:43","0000-00","0","no battery","V"
"09/09/2020","10:45:52","2","default","115855972","OXY_CH2","80.294","min","185.430","µmol/L","Humid","20.612","deg","79381","µV","29.988","°C","1016.000","hPa","35.3","pmil","0","53.237","deg","23.954","°C","100.000","%a.s.","21.023","deg","23.635","°C","1019.000","hPa","0.861","-0.02617","0.00035","0","0","13.56","Humid","28.00","0","54.00","361202.58","SABD0000000001","AAV1.0.0.11","1.1.2.0","PSt7-10","170328-007","9/30/2017 19:06:43","0000-00","0","no battery","V"
"09/09/2020","10:45:53","2","default","115855972","OXY_CH2","80.310","min","185.409","µmol/L","Humid","20.617","deg","79384","µV","29.977","°C","1016.000","hPa","35.3","pmil","0","53.237","deg","23.954","°C","100.000","%a.s.","21.023","deg","23.635","°C","1019.000","hPa","0.861","-0.02617","0.00035","0","0","13.56","Humid","28.00","0","54.00","361196.06","SABD0000000001","AAV1.0.0.11","1.1.2.0","PSt7-10","170328-007","9/30/2017 19:06:43","0000-00","0","no battery","V"
"09/09/2020","10:45:54","2","default","115855972","OXY_CH2","80.327","min","185.413","µmol/L","Humid","20.619","deg","79379","µV","29.970","°C","1016.000","hPa","35.3","pmil","0","53.237","deg","23.954","°C","100.000","%a.s.","21.023","deg","23.635","°C","1019.000","hPa","0.861","-0.02617","0.00035","0","0","13.56","Humid","28.00","0","54.00","361199.48","SABD0000000001","AAV1.0.0.11","1.1.2.0","PSt7-10","170328-007","9/30/2017 19:06:43","0000-00","0","no battery","V"
"09/09/2020","10:45:55","2","default","115855972","OXY_CH2","80.344","min","185.433","µmol/L","Humid","20.618","deg","79377","µV","29.970","°C","1016.000","hPa","35.3","pmil","0","53.237","deg","23.954","°C","100.000","%a.s.","21.023","deg","23.635","°C","1019.000","hPa","0.861","-0.02617","0.00035","0","0","13.56","Humid","28.00","0","54.00","361199.25","SABD0000000001","AAV1.0.0.11","1.1.2.0","PSt7-10","170328-007","9/30/2017 19:06:43","0000-00","0","no battery","V"
"09/09/2020","10:45:56","2","default","115855972","OXY_CH2","80.360","min","185.461","µmol/L","Humid","20.615","deg","79372","µV","29.974","°C","1016.000","hPa","35.3","pmil","0","53.237","deg","23.954","°C","100.000","%a.s.","21.023","deg","23.635","°C","1019.000","hPa","0.861","-0.02617","0.00035","0","0","13.56","Humid","28.00","0","54.00","361189.13","SABD0000000001","AAV1.0.0.11","1.1.2.0","PSt7-10","170328-007","9/30/2017 19:06:43","0000-00","0","no battery","V"
"09/09/2020","10:45:57","2","default","115855972","OXY_CH2","80.377","min","185.472","µmol/L","Humid","20.616","deg","79372","µV","29.969","°C","1016.000","hPa","35.3","pmil","0","53.237","deg","23.954","°C","100.000","%a.s.","21.023","deg","23.635","°C","1019.000","hPa","0.861","-0.02617","0.00035","0","0","13.56","Humid","28.00","0","54.00","361193.18","SABD0000000001","AAV1.0.0.11","1.1.2.0","PSt7-10","170328-007","9/30/2017 19:06:43","0000-00","0","no battery","V"
"09/09/2020","10:45:58","2","default","115855972","OXY_CH2","80.394","min","185.386","µmol/L","Humid","20.620","deg","79366","µV","29.972","°C","1016.000","hPa","35.3","pmil","0","53.237","deg","23.954","°C","100.000","%a.s.","21.023","deg","23.635","°C","1019.000","hPa","0.861","-0.02617","0.00035","0","0","13.56","Humid","28.00","0","54.00","361185.26","SABD0000000001","AAV1.0.0.11","1.1.2.0","PSt7-10","170328-007","9/30/2017 19:06:43","0000-00","0","no battery","V"
"09/09/2020","10:45:59","2","default","115855972","OXY_CH2","80.411","min","185.513","µmol/L","Humid","20.614","deg","79366","µV","29.968","°C","1016.000","hPa","35.3","pmil","0","53.237","deg","23.954","°C","100.000","%a.s.","21.023","deg","23.635","°C","1019.000","hPa","0.861","-0.02617","0.00035","0","0","13.56","Humid","28.00","0","54.00","361185.67","SABD0000000001","AAV1.0.0.11","1.1.2.0","PSt7-10","170328-007","9/30/2017 19:06:43","0000-00","0","no battery","V"
"09/09/2020","10:46:00","2","default","115855972","OXY_CH2","80.427","min","185.389","µmol/L","Humid","20.614","deg","79363","µV","29.989","°C","1016.000","hPa","35.3","pmil","0","53.237","deg","23.954","°C","100.000","%a.s.","21.023","deg","23.635","°C","1019.000","hPa","0.861","-0.02617","0.00035","0","0","13.56","Humid","28.00","0","54.00","361169.82","SABD0000000001","AAV1.0.0.11","1.1.2.0","PSt7-10","170328-007","9/30/2017 19:06:43","0000-00","0","no battery","V"
"09/09/2020","10:46:01","2","default","115855972","OXY_CH2","80.444","min","185.433","µmol/L","Humid","20.616","deg","79361","µV","29.976","°C","1016.000","hPa","35.3","pmil","0","53.237","deg","23.954","°C","100.000","%a.s.","21.023","deg","23.635","°C","1019.000","hPa","0.861","-0.02617","0.00035","0","0","13.56","Humid","28.00","0","54.00","361174.48","SABD0000000001","AAV1.0.0.11","1.1.2.0","PSt7-10","170328-007","9/30/2017 19:06:43","0000-00","0","no battery","V"
"09/09/2020","10:46:02","2","default","115855972","OXY_CH2","80.460","min","185.367","µmol/L","Humid","20.615","deg","79359","µV","29.990","°C","1016.000","hPa","35.3","pmil","0","53.237","deg","23.954","°C","100.000","%a.s.","21.023","deg","23.635","°C","1019.000","hPa","0.861","-0.02617","0.00035","0","0","13.56","Humid","28.00","0","54.00","361159.75","SABD0000000001","AAV1.0.0.11","1.1.2.0","PSt7-10","170328-007","9/30/2017 19:06:43","0000-00","0","no battery","V"
"09/09/2020","10:46:03","2","default","115855972","OXY_CH2","80.477","min","185.449","µmol/L","Humid","20.616","deg","79357","µV","29.973","°C","1016.000","hPa","35.3","pmil","0","53.237","deg","23.954","°C","100.000","%a.s.","21.023","deg","23.635","°C","1019.000","hPa","0.861","-0.02617","0.00035","0","0","13.56","Humid","28.00","0","54.00","361168.07","SABD0000000001","AAV1.0.0.11","1.1.2.0","PSt7-10","170328-007","9/30/2017 19:06:43","0000-00","0","no battery","V"
"09/09/2020","10:46:04","2","default","115855972","OXY_CH2","80.494","min","185.436","µmol/L","Humid","20.616","deg","79363","µV","29.975","°C","1016.000","hPa","35.3","pmil","0","53.237","deg","23.954","°C","100.000","%a.s.","21.023","deg","23.635","°C","1019.000","hPa","0.861","-0.02617","0.00035","0","0","13.56","Humid","28.00","0","54.00","361166.83","SABD0000000001","AAV1.0.0.11","1.1.2.0","PSt7-10","170328-007","9/30/2017 19:06:43","0000-00","0","no battery","V"
"09/09/2020","10:46:05","2","default","115855972","OXY_CH2","80.511","min","185.381","µmol/L","Humid","20.614","deg","79359","µV","29.990","°C","1016.000","hPa","35.3","pmil","0","53.237","deg","23.954","°C","100.000","%a.s.","21.023","deg","23.635","°C","1019.000","hPa","0.861","-0.02617","0.00035","0","0","13.56","Humid","28.00","0","54.00","361163.55","SABD0000000001","AAV1.0.0.11","1.1.2.0","PSt7-10","170328-007","9/30/2017 19:06:43","0000-00","0","no battery","V"
"09/09/2020","10:46:06","2","default","115855972","OXY_CH2","80.527","min","185.419","µmol/L","Humid","20.615","deg","79357","µV","29.981","°C","1016.000","hPa","35.3","pmil","0","53.237","deg","23.954","°C","100.000","%a.s.","21.023","deg","23.635","°C","1019.000","hPa","0.861","-0.02617","0.00035","0","0","13.56","Humid","28.00","0","54.00","361160.59","SABD0000000001","AAV1.0.0.11","1.1.2.0","PSt7-10","170328-007","9/30/2017 19:06:43","0000-00","0","no battery","V"
"09/09/2020","10:46:07","2","default","115855972","OXY_CH2","80.544","min","185.445","µmol/L","Humid","20.612","deg","79347","µV","29.985","°C","1016.000","hPa","35.3","pmil","0","53.237","deg","23.954","°C","100.000","%a.s.","21.023","deg","23.635","°C","1019.000","hPa","0.861","-0.02617","0.00035","0","0","13.56","Humid","28.00","0","54.00","361163.65","SABD0000000001","AAV1.0.0.11","1.1.2.0","PSt7-10","170328-007","9/30/2017 19:06:43","0000-00","0","no battery","V"
"09/09/2020","10:46:08","2","default","115855972","OXY_CH2","80.560","min","185.460","µmol/L","Humid","20.613","deg","79350","µV","29.980","°C","1016.000","hPa","35.3","pmil","0","53.237","deg","23.954","°C","100.000","%a.s.","21.023","deg","23.635","°C","1019.000","hPa","0.861","-0.02617","0.00035","0","0","13.56","Humid","28.00","0","54.00","361157.80","SABD0000000001","AAV1.0.0.11","1.1.2.0","PSt7-10","170328-007","9/30/2017 19:06:43","0000-00","0","no battery","V"
"09/09/2020","10:46:09","2","default","115855972","OXY_CH2","80.577","min","185.472","µmol/L","Humid","20.610","deg","79349","µV","29.986","°C","1016.000","hPa","35.3","pmil","0","53.237","deg","23.954","°C","100.000","%a.s.","21.023","deg","23.635","°C","1019.000","hPa","0.861","-0.02617","0.00035","0","0","13.56","Humid","28.00","0","54.00","361174.03","SABD0000000001","AAV1.0.0.11","1.1.2.0","PSt7-10","170328-007","9/30/2017 19:06:43","0000-00","0","no battery","V"
"09/09/2020","10:46:10","2","default","115855972","OXY_CH2","80.594","min","185.327","µmol/L","Humid","20.614","deg","79345","µV","29.999","°C","1016.000","hPa","35.3","pmil","0","53.237","deg","23.954","°C","100.000","%a.s.","21.023","deg","23.635","°C","1019.000","hPa","0.861","-0.02617","0.00035","0","0","13.56","Humid","28.00","0","54.00","361154.63","SABD0000000001","AAV1.0.0.11","1.1.2.0","PSt7-10","170328-007","9/30/2017 19:06:43","0000-00","0","no battery","V"
"09/09/2020","10:46:11","2","default","115855972","OXY_CH2","80.611","min","185.485","µmol/L","Humid","20.609","deg","79348","µV","29.987","°C","1016.000","hPa","35.3","pmil","0","53.237","deg","23.954","°C","100.000","%a.s.","21.023","deg","23.635","°C","1019.000","hPa","0.861","-0.02617","0.00035","0","0","13.56","Humid","28.00","0","54.00","361157.36","SABD0000000001","AAV1.0.0.11","1.1.2.0","PSt7-10","170328-007","9/30/2017 19:06:43","0000-00","0","no battery","V"
"09/09/2020","10:46:12","2","default","115855972","OXY_CH2","80.627","min","185.432","µmol/L","Humid","20.613","deg","79346","µV","29.984","°C","1016.000","hPa","35.3","pmil","0","53.237","deg","23.954","°C","100.000","%a.s.","21.023","deg","23.635","°C","1019.000","hPa","0.861","-0.02617","0.00035","0","0","13.56","Humid","28.00","0","54.00","361147.96","SABD0000000001","AAV1.0.0.11","1.1.2.0","PSt7-10","170328-007","9/30/2017 19:06:43","0000-00","0","no battery","V"
"09/09/2020","10:46:13","2","default","115855972","OXY_CH2","80.644","min","185.583","µmol/L","Humid","20.603","deg","79340","µV","29.988","°C","1016.000","hPa","35.3","pmil","0","53.237","deg","23.954","°C","100.000","%a.s.","21.023","deg","23.635","°C","1019.000","hPa","0.861","-0.02617","0.00035","0","0","13.56","Humid","28.00","0","54.00","361144.00","SABD0000000001","AAV1.0.0.11","1.1.2.0","PSt7-10","170328-007","9/30/2017 19:06:43","0000-00","0","no battery","V"
"09/09/2020","10:46:14","2","default","115855972","OXY_CH2","80.661","min","185.526","µmol/L","Humid","20.612","deg","79335","µV","29.971","°C","1016.000","hPa","35.3","pmil","0","53.237","deg","23.954","°C","100.000","%a.s.","21.023","deg","23.635","°C","1019.000","hPa","0.861","-0.02617","0.00035","0","0","13.56","Humid","28.00","0","54.00","361157.64","SABD0000000001","AAV1.0.0.11","1.1.2.0","PSt7-10","170328-007","9/30/2017 19:06:43","0000-00","0","no battery","V"
"09/09/2020","10:46:15","2","default","115855972","OXY_CH2","80.678","min","185.502","µmol/L","Humid","20.615","deg","79342","µV","29.967","°C","1016.000","hPa","35.3","pmil","0","53.237","deg","23.954","°C","100.000","%a.s.","21.023","deg","23.635","°C","1019.000","hPa","0.861","-0.02617","0.00035","0","0","13.56","Humid","28.00","0","54.00","361146.08","SABD0000000001","AAV1.0.0.11","1.1.2.0","PSt7-10","170328-007","9/30/2017 19:06:43","0000-00","0","no battery","V"
"09/09/2020","10:46:16","2","default","115855972","OXY_CH2","80.694","min","185.490","µmol/L","Humid","20.613","deg","79341","µV","29.975","°C","1016.000","hPa","35.3","pmil","0","53.237","deg","23.954","°C","100.000","%a.s.","21.023","deg","23.635","°C","1019.000","hPa","0.861","-0.02617","0.00035","0","0","13.56","Humid","28.00","0","54.00","361160.42","SABD0000000001","AAV1.0.0.11","1.1.2.0","PSt7-10","170328-007","9/30/2017 19:06:43","0000-00","0","no battery","V"
"09/09/2020","10:46:17","2","default","115855972","OXY_CH2","80.710","min","185.549","µmol/L","Humid","20.609","deg","79331","µV","29.976","°C","1016.000","hPa","35.3","pmil","0","53.237","deg","23.954","°C","100.000","%a.s.","21.023","deg","23.635","°C","1019.000","hPa","0.861","-0.02617","0.00035","0","0","13.56","Humid","28.00","0","54.00","361147.76","SABD0000000001","AAV1.0.0.11","1.1.2.0","PSt7-10","170328-007","9/30/2017 19:06:43","0000-00","0","no battery","V"
"09/09/2020","10:46:18","2","default","115855972","OXY_CH2","80.727","min","185.562","µmol/L","Humid","20.607","deg","79338","µV","29.980","°C","1016.000","hPa","35.3","pmil","0","53.237","deg","23.954","°C","100.000","%a.s.","21.023","deg","23.635","°C","1019.000","hPa","0.861","-0.02617","0.00035","0","0","13.56","Humid","28.00","0","54.00","361163.57","SABD0000000001","AAV1.0.0.11","1.1.2.0","PSt7-10","170328-007","9/30/2017 19:06:43","0000-00","0","no battery","V"
"09/09/2020","10:46:19","2","default","115855972","OXY_CH2","80.744","min","185.495","µmol/L","Humid","20.611","deg","79331","µV","29.980","°C","1016.000","hPa","35.3","pmil","0","53.237","deg","23.954","°C","100.000","%a.s.","21.023","deg","23.635","°C","1019.000","hPa","0.861","-0.02617","0.00035","0","0","13.56","Humid","28.00","0","54.00","361144.50","SABD0000000001","AAV1.0.0.11","1.1.2.0","PSt7-10","170328-007","9/30/2017 19:06:43","0000-00","0","no battery","V"
"09/09/2020","10:46:20","2","default","115855972","OXY_CH2","80.760","min","185.550","µmol/L","Humid","20.610","deg","79319","µV","29.973","°C","1016.000","hPa","35.3","pmil","0","53.237","deg","23.954","°C","100.000","%a.s.","21.023","deg","23.635","°C","1019.000","hPa","0.861","-0.02617","0.00035","0","0","13.56","Humid","28.00","0","54.00","361125.93","SABD0000000001","AAV1.0.0.11","1.1.2.0","PSt7-10","170328-007","9/30/2017 19:06:43","0000-00","0","no battery","V"
"09/09/2020","10:46:21","2","default","115855972","OXY_CH2","80.777","min","185.424","µmol/L","Humid","20.610","deg","79325","µV","29.994","°C","1016.000","hPa","35.3","pmil","0","53.237","deg","23.954","°C","100.000","%a.s.","21.023","deg","23.635","°C","1019.000","hPa","0.861","-0.02617","0.00035","0","0","13.56","Humid","28.00","0","54.00","361145.52","SABD0000000001","AAV1.0.0.11","1.1.2.0","PSt7-10","170328-007","9/30/2017 19:06:43","0000-00","0","no battery","V"
"09/09/2020","10:46:22","2","default","115855972","OXY_CH2","80.794","min","185.489","µmol/L","Humid","20.612","deg","79322","µV","29.978","°C","1016.000","hPa","35.3","pmil","0","53.237","deg","23.954","°C","100.000","%a.s.","21.023","deg","23.635","°C","1019.000","hPa","0.861","-0.02617","0.00035","0","0","13.56","Humid","28.00","0","54.00","361129.08","SABD0000000001","AAV1.0.0.11","1.1.2.0","PSt7-10","170328-007","9/30/2017 19:06:43","0000-00","0","no battery","V"
"09/09/2020","10:46:23","2","default","115855972","OXY_CH2","80.810","min","185.486","µmol/L","Humid","20.610","deg","79323","µV","29.984","°C","1016.000","hPa","35.3","pmil","0","53.237","deg","23.954","°C","100.000","%a.s.","21.023","deg","23.635","°C","1019.000","hPa","0.861","-0.02617","0.00035","0","0","13.56","Humid","28.00","0","54.00","361127.73","SABD0000000001","AAV1.0.0.11","1.1.2.0","PSt7-10","170328-007","9/30/2017 19:06:43","0000-00","0","no battery","V"
"09/09/2020","10:46:24","2","default","115855972","OXY_CH2","80.827","min","185.490","µmol/L","Humid","20.609","deg","79317","µV","29.986","°C","1016.000","hPa","35.3","pmil","0","53.237","deg","23.954","°C","100.000","%a.s.","21.023","deg","23.635","°C","1019.000","hPa","0.861","-0.02617","0.00035","0","0","13.56","Humid","28.00","0","54.00","361124.81","SABD0000000001","AAV1.0.0.11","1.1.2.0","PSt7-10","170328-007","9/30/2017 19:06:43","0000-00","0","no battery","V"
"09/09/2020","10:46:25","2","default","115855972","OXY_CH2","80.844","min","185.482","µmol/L","Humid","20.611","deg","79323","µV","29.982","°C","1016.000","hPa","35.3","pmil","0","53.237","deg","23.954","°C","100.000","%a.s.","21.023","deg","23.635","°C","1019.000","hPa","0.861","-0.02617","0.00035","0","0","13.56","Humid","28.00","0","54.00","361133.78","SABD0000000001","AAV1.0.0.11","1.1.2.0","PSt7-10","170328-007","9/30/2017 19:06:43","0000-00","0","no battery","V"
"09/09/2020","10:46:26","2","default","115855972","OXY_CH2","80.861","min","185.485","µmol/L","Humid","20.613","deg","79323","µV","29.975","°C","1016.000","hPa","35.3","pmil","0","53.237","deg","23.954","°C","100.000","%a.s.","21.023","deg","23.635","°C","1019.000","hPa","0.861","-0.02617","0.00035","0","0","13.56","Humid","28.00","0","54.00","361131.24","SABD0000000001","AAV1.0.0.11","1.1.2.0","PSt7-10","170328-007","9/30/2017 19:06:43","0000-00","0","no battery","V"
"09/09/2020","10:46:27","2","default","115855972","OXY_CH2","80.877","min","185.542","µmol/L","Humid","20.609","deg","79313","µV","29.977","°C","1016.000","hPa","35.3","pmil","0","53.237","deg","23.954","°C","100.000","%a.s.","21.023","deg","23.635","°C","1019.000","hPa","0.861","-0.02617","0.00035","0","0","13.56","Humid","28.00","0","54.00","361121.41","SABD0000000001","AAV1.0.0.11","1.1.2.0","PSt7-10","170328-007","9/30/2017 19:06:43","0000-00","0","no battery","V"
"09/09/2020","10:46:28","2","default","115855972","OXY_CH2","80.894","min","185.481","µmol/L","Humid","20.610","deg","79320","µV","29.985","°C","1016.000","hPa","35.3","pmil","0","53.237","deg","23.954","°C","100.000","%a.s.","21.023","deg","23.635","°C","1019.000","hPa","0.861","-0.02617","0.00035","0","0","13.56","Humid","28.00","0","54.00","361137.61","SABD0000000001","AAV1.0.0.11","1.1.2.0","PSt7-10","170328-007","9/30/2017 19:06:43","0000-00","0","no battery","V"
"09/09/2020","10:46:29","2","default","115855972","OXY_CH2","80.911","min","185.520","µmol/L","Humid","20.608","deg","79318","µV","29.984","°C","1016.000","hPa","35.3","pmil","0","53.237","deg","23.954","°C","100.000","%a.s.","21.023","deg","23.635","°C","1019.000","hPa","0.861","-0.02617","0.00035","0","0","13.56","Humid","28.00","0","54.00","361126.11","SABD0000000001","AAV1.0.0.11","1.1.2.0","PSt7-10","170328-007","9/30/2017 19:06:43","0000-00","0","no battery","V"
"09/09/2020","10:46:30","2","default","115855972","OXY_CH2","80.927","min","185.555","µmol/L","Humid","20.608","deg","79317","µV","29.978","°C","1016.000","hPa","35.3","pmil","0","53.237","deg","23.954","°C","100.000","%a.s.","21.023","deg","23.635","°C","1019.000","hPa","0.861","-0.02617","0.00035","0","0","13.56","Humid","28.00","0","54.00","361118.90","SABD0000000001","AAV1.0.0.11","1.1.2.0","PSt7-10","170328-007","9/30/2017 19:06:43","0000-00","0","no battery","V"
"09/09/2020","10:46:31","2","default","115855972","OXY_CH2","80.944","min","185.610","µmol/L","Humid","20.605","deg","79315","µV","29.977","°C","1016.000","hPa","35.3","pmil","0","53.237","deg","23.954","°C","100.000","%a.s.","21.023","deg","23.635","°C","1019.000","hPa","0.861","-0.02617","0.00035","0","0","13.56","Humid","28.00","0","54.00","361127.81","SABD0000000001","AAV1.0.0.11","1.1.2.0","PSt7-10","170328-007","9/30/2017 19:06:43","0000-00","0","no battery","V"
"09/09/2020","10:46:32","2","default","115855972","OXY_CH2","80.961","min","185.594","µmol/L","Humid","20.606","deg","79305","µV","29.977","°C","1016.000","hPa","35.3","pmil","0","53.237","deg","23.954","°C","100.000","%a.s.","21.023","deg","23.635","°C","1019.000","hPa","0.861","-0.02617","0.00035","0","0","13.56","Humid","28.00","0","54.00","361123.38","SABD0000000001","AAV1.0.0.11","1.1.2.0","PSt7-10","170328-007","9/30/2017 19:06:43","0000-00","0","no battery","V"
"09/09/2020","10:46:33","2","default","115855972","OXY_CH2","80.977","min","185.672","µmol/L","Humid","20.606","deg","79310","µV","29.964","°C","1016.000","hPa","35.3","pmil","0","53.237","deg","23.954","°C","100.000","%a.s.","21.023","deg","23.635","°C","1019.000","hPa","0.861","-0.02617","0.00035","0","0","13.56","Humid","28.00","0","54.00","361116.40","SABD0000000001","AAV1.0.0.11","1.1.2.0","PSt7-10","170328-007","9/30/2017 19:06:43","0000-00","0","no battery","V"
"09/09/2020","10:46:34","2","default","115855972","OXY_CH2","80.994","min","185.577","µmol/L","Humid","20.608","deg","79305","µV","29.974","°C","1016.000","hPa","35.3","pmil","0","53.237","deg","23.954","°C","100.000","%a.s.","21.023","deg","23.635","°C","1019.000","hPa","0.861","-0.02617","0.00035","0","0","13.56","Humid","28.00","0","54.00","361116.36","SABD0000000001","AAV1.0.0.11","1.1.2.0","PSt7-10","170328-007","9/30/2017 19:06:43","0000-00","0","no battery","V"
"09/09/2020","10:46:35","2","default","115855972","OXY_CH2","81.010","min","185.704","µmol/L","Humid","20.602","deg","79295","µV","29.970","°C","1016.000","hPa","35.3","pmil","0","53.237","deg","23.954","°C","100.000","%a.s.","21.023","deg","23.635","°C","1019.000","hPa","0.861","-0.02617","0.00035","0","0","13.56","Humid","28.00","0","54.00","361112.80","SABD0000000001","AAV1.0.0.11","1.1.2.0","PSt7-10","170328-007","9/30/2017 19:06:43","0000-00","0","no battery","V"
"09/09/2020","10:46:36","2","default","115855972","OXY_CH2","81.027","min","185.648","µmol/L","Humid","20.606","deg","79297","µV","29.968","°C","1016.000","hPa","35.3","pmil","0","53.237","deg","23.954","°C","100.000","%a.s.","21.023","deg","23.635","°C","1019.000","hPa","0.861","-0.02617","0.00035","0","0","13.56","Humid","28.00","0","54.00","361114.69","SABD0000000001","AAV1.0.0.11","1.1.2.0","PSt7-10","170328-007","9/30/2017 19:06:43","0000-00","0","no battery","V"
"09/09/2020","10:46:37","2","default","115855972","OXY_CH2","81.044","min","185.588","µmol/L","Humid","20.608","deg","79306","µV","29.972","°C","1016.000","hPa","35.3","pmil","0","53.237","deg","23.954","°C","100.000","%a.s.","21.023","deg","23.635","°C","1019.000","hPa","0.861","-0.02617","0.00035","0","0","13.56","Humid","28.00","0","54.00","361122.24","SABD0000000001","AAV1.0.0.11","1.1.2.0","PSt7-10","170328-007","9/30/2017 19:06:43","0000-00","0","no battery","V"
"09/09/2020","10:46:38","2","default","115855972","OXY_CH2","81.060","min","185.518","µmol/L","Humid","20.609","deg","79294","µV","29.981","°C","1016.000","hPa","35.3","pmil","0","53.237","deg","23.954","°C","100.000","%a.s.","21.023","deg","23.635","°C","1019.000","hPa","0.861","-0.02617","0.00035","0","0","13.56","Humid","28.00","0","54.00","361116.04","SABD0000000001","AAV1.0.0.11","1.1.2.0","PSt7-10","170328-007","9/30/2017 19:06:43","0000-00","0","no battery","V"
"09/09/2020","10:46:39","2","default","115855972","OXY_CH2","81.077","min","185.550","µmol/L","Humid","20.603","deg","79300","µV","29.993","°C","1016.000","hPa","35.3","pmil","0","53.237","deg","23.954","°C","100.000","%a.s.","21.023","deg","23.635","°C","1019.000","hPa","0.861","-0.02617","0.00035","0","0","13.56","Humid","28.00","0","54.00","361121.89","SABD0000000001","AAV1.0.0.11","1.1.2.0","PSt7-10","170328-007","9/30/2017 19:06:43","0000-00","0","no battery","V"
"09/09/2020","10:46:40","2","default","115855972","OXY_CH2","81.094","min","185.458","µmol/L","Humid","20.610","deg","79292","µV","29.989","°C","1016.000","hPa","35.3","pmil","0","53.237","deg","23.954","°C","100.000","%a.s.","21.023","deg","23.635","°C","1019.000","hPa","0.861","-0.02617","0.00035","0","0","13.56","Humid","28.00","0","54.00","361107.90","SABD0000000001","AAV1.0.0.11","1.1.2.0","PSt7-10","170328-007","9/30/2017 19:06:43","0000-00","0","no battery","V"
"09/09/2020","10:46:41","2","default","115855972","OXY_CH2","81.110","min","185.547","µmol/L","Humid","20.608","deg","79288","µV","29.979","°C","1016.000","hPa","35.3","pmil","0","53.237","deg","23.954","°C","100.000","%a.s.","21.023","deg","23.635","°C","1019.000","hPa","0.861","-0.02617","0.00035","0","0","13.56","Humid","28.00","0","54.00","361096.24","SABD0000000001","AAV1.0.0.11","1.1.2.0","PSt7-10","170328-007","9/30/2017 19:06:43","0000-00","0","no battery","V"
"09/09/2020","10:46:42","2","default","115855972","OXY_CH2","81.127","min","185.476","µmol/L","Humid","20.609","deg","79290","µV","29.989","°C","1016.000","hPa","35.3","pmil","0","53.237","deg","23.954","°C","100.000","%a.s.","21.023","deg","23.635","°C","1019.000","hPa","0.861","-0.02617","0.00035","0","0","13.56","Humid","28.00","0","54.00","361102.00","SABD0000000001","AAV1.0.0.11","1.1.2.0","PSt7-10","170328-007","9/30/2017 19:06:43","0000-00","0","no battery","V"
"09/09/2020","10:46:43","2","default","115855972","OXY_CH2","81.144","min","185.515","µmol/L","Humid","20.608","deg","79297","µV","29.985","°C","1016.000","hPa","35.3","pmil","0","53.237","deg","23.954","°C","100.000","%a.s.","21.023","deg","23.635","°C","1019.000","hPa","0.861","-0.02617","0.00035","0","0","13.56","Humid","28.00","0","54.00","361109.41","SABD0000000001","AAV1.0.0.11","1.1.2.0","PSt7-10","170328-007","9/30/2017 19:06:43","0000-00","0","no battery","V"
"09/09/2020","10:46:44","2","default","115855972","OXY_CH2","81.160","min","185.485","µmol/L","Humid","20.609","deg","79292","µV","29.987","°C","1016.000","hPa","35.3","pmil","0","53.237","deg","23.954","°C","100.000","%a.s.","21.023","deg","23.635","°C","1019.000","hPa","0.861","-0.02617","0.00035","0","0","13.56","Humid","28.00","0","54.00","361093.29","SABD0000000001","AAV1.0.0.11","1.1.2.0","PSt7-10","170328-007","9/30/2017 19:06:43","0000-00","0","no battery","V"
"09/09/2020","10:46:45","2","default","115855972","OXY_CH2","81.178","min","185.628","µmol/L","Humid","20.604","deg","79287","µV","29.977","°C","1016.000","hPa","35.3","pmil","0","53.237","deg","23.954","°C","100.000","%a.s.","21.023","deg","23.635","°C","1019.000","hPa","0.861","-0.02617","0.00035","0","0","13.56","Humid","28.00","0","54.00","361098.53","SABD0000000001","AAV1.0.0.11","1.1.2.0","PSt7-10","170328-007","9/30/2017 19:06:43","0000-00","0","no battery","V"
"09/09/2020","10:46:46","2","default","115855972","OXY_CH2","81.194","min","185.659","µmol/L","Humid","20.601","deg","79292","µV","29.981","°C","1016.000","hPa","35.3","pmil","0","53.237","deg","23.954","°C","100.000","%a.s.","21.023","deg","23.635","°C","1019.000","hPa","0.861","-0.02617","0.00035","0","0","13.56","Humid","28.00","0","54.00","361100.84","SABD0000000001","AAV1.0.0.11","1.1.2.0","PSt7-10","170328-007","9/30/2017 19:06:43","0000-00","0","no battery","V"
"09/09/2020","10:46:47","2","default","115855972","OXY_CH2","81.211","min","185.577","µmol/L","Humid","20.605","deg","79288","µV","29.983","°C","1016.000","hPa","35.3","pmil","0","53.237","deg","23.954","°C","100.000","%a.s.","21.023","deg","23.635","°C","1019.000","hPa","0.861","-0.02617","0.00035","0","0","13.56","Humid","28.00","0","54.00","361104.91","SABD0000000001","AAV1.0.0.11","1.1.2.0","PSt7-10","170328-007","9/30/2017 19:06:43","0000-00","0","no battery","V"
"09/09/2020","10:46:48","2","default","115855972","OXY_CH2","81.228","min","185.728","µmol/L","Humid","20.600","deg","79283","µV","29.972","°C","1016.000","hPa","35.3","pmil","0","53.237","deg","23.954","°C","100.000","%a.s.","21.023","deg","23.635","°C","1019.000","hPa","0.861","-0.02617","0.00035","0","0","13.56","Humid","28.00","0","54.00","361099.35","SABD0000000001","AAV1.0.0.11","1.1.2.0","PSt7-10","170328-007","9/30/2017 19:06:43","0000-00","0","no battery","V"
"09/09/2020","10:46:49","2","default","115855972","OXY_CH2","81.244","min","185.644","µmol/L","Humid","20.601","deg","79273","µV","29.983","°C","1016.000","hPa","35.3","pmil","0","53.237","deg","23.954","°C","100.000","%a.s.","21.023","deg","23.635","°C","1019.000","hPa","0.861","-0.02617","0.00035","0","0","13.56","Humid","28.00","0","54.00","361084.77","SABD0000000001","AAV1.0.0.11","1.1.2.0","PSt7-10","170328-007","9/30/2017 19:06:43","0000-00","0","no battery","V"
"09/09/2020","10:46:50","2","default","115855972","OXY_CH2","81.261","min","185.499","µmol/L","Humid","20.607","deg","79284","µV","29.990","°C","1016.000","hPa","35.3","pmil","0","53.237","deg","23.954","°C","100.000","%a.s.","21.023","deg","23.635","°C","1019.000","hPa","0.861","-0.02617","0.00035","0","0","13.56","Humid","28.00","0","54.00","361095.78","SABD0000000001","AAV1.0.0.11","1.1.2.0","PSt7-10","170328-007","9/30/2017 19:06:43","0000-00","0","no battery","V"
"09/09/2020","10:46:51","2","default","115855972","OXY_CH2","81.277","min","185.577","µmol/L","Humid","20.602","deg","79283","µV","29.992","°C","1016.000","hPa","35.3","pmil","0","53.237","deg","23.954","°C","100.000","%a.s.","21.023","deg","23.635","°C","1019.000","hPa","0.861","-0.02617","0.00035","0","0","13.56","Humid","28.00","0","54.00","361092.22","SABD0000000001","AAV1.0.0.11","1.1.2.0","PSt7-10","170328-007","9/30/2017 19:06:43","0000-00","0","no battery","V"
"09/09/2020","10:46:52","2","default","115855972","OXY_CH2","81.294","min","185.654","µmol/L","Humid","20.604","deg","79283","µV","29.973","°C","1016.000","hPa","35.3","pmil","0","53.237","deg","23.954","°C","100.000","%a.s.","21.023","deg","23.635","°C","1019.000","hPa","0.861","-0.02617","0.00035","0","0","13.56","Humid","28.00","0","54.00","361093.52","SABD0000000001","AAV1.0.0.11","1.1.2.0","PSt7-10","170328-007","9/30/2017 19:06:43","0000-00","0","no battery","V"
"09/09/2020","10:46:53","2","default","115855972","OXY_CH2","81.310","min","185.670","µmol/L","Humid","20.601","deg","79274","µV","29.979","°C","1016.000","hPa","35.3","pmil","0","53.237","deg","23.954","°C","100.000","%a.s.","21.023","deg","23.635","°C","1019.000","hPa","0.861","-0.02617","0.00035","0","0","13.56","Humid","28.00","0","54.00","361092.29","SABD0000000001","AAV1.0.0.11","1.1.2.0","PSt7-10","170328-007","9/30/2017 19:06:43","0000-00","0","no battery","V"
"09/09/2020","10:46:54","2","default","115855972","OXY_CH2","81.327","min","185.587","µmol/L","Humid","20.607","deg","79271","µV","29.975","°C","1016.000","hPa","35.3","pmil","0","53.237","deg","23.954","°C","100.000","%a.s.","21.023","deg","23.635","°C","1019.000","hPa","0.861","-0.02617","0.00035","0","0","13.56","Humid","28.00","0","54.00","361091.48","SABD0000000001","AAV1.0.0.11","1.1.2.0","PSt7-10","170328-007","9/30/2017 19:06:43","0000-00","0","no battery","V"
"09/09/2020","10:46:55","2","default","115855972","OXY_CH2","81.344","min","185.606","µmol/L","Humid","20.604","deg","79273","µV","29.981","°C","1016.000","hPa","35.3","pmil","0","53.237","deg","23.954","°C","100.000","%a.s.","21.023","deg","23.635","°C","1019.000","hPa","0.861","-0.02617","0.00035","0","0","13.56","Humid","28.00","0","54.00","361088.47","SABD0000000001","AAV1.0.0.11","1.1.2.0","PSt7-10","170328-007","9/30/2017 19:06:43","0000-00","0","no battery","V"
"09/09/2020","10:46:56","2","default","115855972","OXY_CH2","81.361","min","185.546","µmol/L","Humid","20.602","deg","79276","µV","29.997","°C","1016.000","hPa","35.3","pmil","0","53.237","deg","23.954","°C","100.000","%a.s.","21.023","deg","23.635","°C","1019.000","hPa","0.861","-0.02617","0.00035","0","0","13.56","Humid","28.00","0","54.00","361087.80","SABD0000000001","AAV1.0.0.11","1.1.2.0","PSt7-10","170328-007","9/30/2017 19:06:43","0000-00","0","no battery","V"
"09/09/2020","10:46:57","2","default","115855972","OXY_CH2","81.377","min","185.557","µmol/L","Humid","20.601","deg","79273","µV","29.998","°C","1016.000","hPa","35.3","pmil","0","53.237","deg","23.954","°C","100.000","%a.s.","21.023","deg","23.635","°C","1019.000","hPa","0.861","-0.02617","0.00035","0","0","13.56","Humid","28.00","0","54.00","361083.35","SABD0000000001","AAV1.0.0.11","1.1.2.0","PSt7-10","170328-007","9/30/2017 19:06:43","0000-00","0","no battery","V"
"09/09/2020","10:46:58","2","default","115855972","OXY_CH2","81.394","min","185.600","µmol/L","Humid","20.602","deg","79273","µV","29.988","°C","1016.000","hPa","35.3","pmil","0","53.237","deg","23.954","°C","100.000","%a.s.","21.023","deg","23.635","°C","1019.000","hPa","0.861","-0.02617","0.00035","0","0","13.56","Humid","28.00","0","54.00","361081.47","SABD0000000001","AAV1.0.0.11","1.1.2.0","PSt7-10","170328-007","9/30/2017 19:06:43","0000-00","0","no battery","V"
"09/09/2020","10:46:59","2","default","115855972","OXY_CH2","81.410","min","185.725","µmol/L","Humid","20.598","deg","79274","µV","29.978","°C","1016.000","hPa","35.3","pmil","0","53.237","deg","23.954","°C","100.000","%a.s.","21.023","deg","23.635","°C","1019.000","hPa","0.861","-0.02617","0.00035","0","0","13.56","Humid","28.00","0","54.00","361085.56","SABD0000000001","AAV1.0.0.11","1.1.2.0","PSt7-10","170328-007","9/30/2017 19:06:43","0000-00","0","no battery","V"
"09/09/2020","10:47:00","2","default","115855972","OXY_CH2","81.427","min","185.783","µmol/L","Humid","20.595","deg","79272","µV","29.977","°C","1016.000","hPa","35.3","pmil","0","53.237","deg","23.954","°C","100.000","%a.s.","21.023","deg","23.635","°C","1019.000","hPa","0.861","-0.02617","0.00035","0","0","13.56","Humid","28.00","0","54.00","361087.65","SABD0000000001","AAV1.0.0.11","1.1.2.0","PSt7-10","170328-007","9/30/2017 19:06:43","0000-00","0","no battery","V"
"09/09/2020","10:47:01","2","default","115855972","OXY_CH2","81.444","min","185.629","µmol/L","Humid","20.600","deg","79263","µV","29.989","°C","1016.000","hPa","35.3","pmil","0","53.237","deg","23.954","°C","100.000","%a.s.","21.023","deg","23.635","°C","1019.000","hPa","0.861","-0.02617","0.00035","0","0","13.56","Humid","28.00","0","54.00","361078.59","SABD0000000001","AAV1.0.0.11","1.1.2.0","PSt7-10","170328-007","9/30/2017 19:06:43","0000-00","0","no battery","V"
"09/09/2020","10:47:02","2","default","115855972","OXY_CH2","81.461","min","185.541","µmol/L","Humid","20.603","deg","79268","µV","29.995","°C","1016.000","hPa","35.3","pmil","0","53.237","deg","23.954","°C","100.000","%a.s.","21.023","deg","23.635","°C","1019.000","hPa","0.861","-0.02617","0.00035","0","0","13.56","Humid","28.00","0","54.00","361076.13","SABD0000000001","AAV1.0.0.11","1.1.2.0","PSt7-10","170328-007","9/30/2017 19:06:43","0000-00","0","no battery","V"
"09/09/2020","10:47:03","2","default","115855972","OXY_CH2","81.477","min","185.706","µmol/L","Humid","20.599","deg","79267","µV","29.978","°C","1016.000","hPa","35.3","pmil","0","53.237","deg","23.954","°C","100.000","%a.s.","21.023","deg","23.635","°C","1019.000","hPa","0.861","-0.02617","0.00035","0","0","13.56","Humid","28.00","0","54.00","361066.26","SABD0000000001","AAV1.0.0.11","1.1.2.0","PSt7-10","170328-007","9/30/2017 19:06:43","0000-00","0","no battery","V"
"09/09/2020","10:47:04","2","default","115855972","OXY_CH2","81.494","min","185.689","µmol/L","Humid","20.598","deg","79270","µV","29.984","°C","1016.000","hPa","35.3","pmil","0","53.237","deg","23.954","°C","100.000","%a.s.","21.023","deg","23.635","°C","1019.000","hPa","0.861","-0.02617","0.00035","0","0","13.56","Humid","28.00","0","54.00","361097.94","SABD0000000001","AAV1.0.0.11","1.1.2.0","PSt7-10","170328-007","9/30/2017 19:06:43","0000-00","0","no battery","V"
"09/09/2020","10:47:05","2","default","115855972","OXY_CH2","81.510","min","185.730","µmol/L","Humid","20.596","deg","79260","µV","29.983","°C","1016.000","hPa","35.3","pmil","0","53.237","deg","23.954","°C","100.000","%a.s.","21.023","deg","23.635","°C","1019.000","hPa","0.861","-0.02617","0.00035","0","0","13.56","Humid","28.00","0","54.00","361069.83","SABD0000000001","AAV1.0.0.11","1.1.2.0","PSt7-10","170328-007","9/30/2017 19:06:43","0000-00","0","no battery","V"
"09/09/2020","10:47:06","2","default","115855972","OXY_CH2","81.527","min","185.672","µmol/L","Humid","20.596","deg","79264","µV","29.993","°C","1016.000","hPa","35.3","pmil","0","53.237","deg","23.954","°C","100.000","%a.s.","21.023","deg","23.635","°C","1019.000","hPa","0.861","-0.02617","0.00035","0","0","13.56","Humid","28.00","0","54.00","361079.00","SABD0000000001","AAV1.0.0.11","1.1.2.0","PSt7-10","170328-007","9/30/2017 19:06:43","0000-00","0","no battery","V"
"09/09/2020","10:47:07","2","default","115855972","OXY_CH2","81.544","min","185.665","µmol/L","Humid","20.599","deg","79252","µV","29.985","°C","1016.000","hPa","35.3","pmil","0","53.237","deg","23.954","°C","100.000","%a.s.","21.023","deg","23.635","°C","1019.000","hPa","0.861","-0.02617","0.00035","0","0","13.56","Humid","28.00","0","54.00","361062.25","SABD0000000001","AAV1.0.0.11","1.1.2.0","PSt7-10","170328-007","9/30/2017 19:06:43","0000-00","0","no battery","V"
"09/09/2020","10:47:08","2","default","115855972","OXY_CH2","81.560","min","185.663","µmol/L","Humid","20.600","deg","79254","µV","29.983","°C","1016.000","hPa","35.3","pmil","0","53.237","deg","23.954","°C","100.000","%a.s.","21.023","deg","23.635","°C","1019.000","hPa","0.861","-0.02617","0.00035","0","0","13.56","Humid","28.00","0","54.00","361065.54","SABD0000000001","AAV1.0.0.11","1.1.2.0","PSt7-10","170328-007","9/30/2017 19:06:43","0000-00","0","no battery","V"
"09/09/2020","10:47:09","2","default","115855972","OXY_CH2","81.577","min","185.620","µmol/L","Humid","20.602","deg","79255","µV","29.984","°C","1016.000","hPa","35.3","pmil","0","53.237","deg","23.954","°C","100.000","%a.s.","21.023","deg","23.635","°C","1019.000","hPa","0.861","-0.02617","0.00035","0","0","13.56","Humid","28.00","0","54.00","361079.01","SABD0000000001","AAV1.0.0.11","1.1.2.0","PSt7-10","170328-007","9/30/2017 19:06:43","0000-00","0","no battery","V"
"09/09/2020","10:47:10","2","default","115855972","OXY_CH2","81.594","min","185.685","µmol/L","Humid","20.598","deg","79249","µV","29.985","°C","1016.000","hPa","35.3","pmil","0","53.237","deg","23.954","°C","100.000","%a.s.","21.023","deg","23.635","°C","1019.000","hPa","0.861","-0.02617","0.00035","0","0","13.56","Humid","28.00","0","54.00","361078.64","SABD0000000001","AAV1.0.0.11","1.1.2.0","PSt7-10","170328-007","9/30/2017 19:06:43","0000-00","0","no battery","V"
"09/09/2020","10:47:11","2","default","115855972","OXY_CH2","81.610","min","185.690","µmol/L","Humid","20.599","deg","79248","µV","29.981","°C","1016.000","hPa","35.3","pmil","0","53.237","deg","23.954","°C","100.000","%a.s.","21.023","deg","23.635","°C","1019.000","hPa","0.861","-0.02617","0.00035","0","0","13.56","Humid","28.00","0","54.00","361061.70","SABD0000000001","AAV1.0.0.11","1.1.2.0","PSt7-10","170328-007","9/30/2017 19:06:43","0000-00","0","no battery","V"
"09/09/2020","10:47:12","2","default","115855972","OXY_CH2","81.627","min","185.720","µmol/L","Humid","20.596","deg","79253","µV","29.985","°C","1016.000","hPa","35.3","pmil","0","53.237","deg","23.954","°C","100.000","%a.s.","21.023","deg","23.635","°C","1019.000","hPa","0.861","-0.02617","0.00035","0","0","13.56","Humid","28.00","0","54.00","361060.49","SABD0000000001","AAV1.0.0.11","1.1.2.0","PSt7-10","170328-007","9/30/2017 19:06:43","0000-00","0","no battery","V"
"09/09/2020","10:47:13","2","default","115855972","OXY_CH2","81.644","min","185.656","µmol/L","Humid","20.601","deg","79248","µV","29.981","°C","1016.000","hPa","35.3","pmil","0","53.237","deg","23.954","°C","100.000","%a.s.","21.023","deg","23.635","°C","1019.000","hPa","0.861","-0.02617","0.00035","0","0","13.56","Humid","28.00","0","54.00","361058.36","SABD0000000001","AAV1.0.0.11","1.1.2.0","PSt7-10","170328-007","9/30/2017 19:06:43","0000-00","0","no battery","V"
"09/09/2020","10:47:14","2","default","115855972","OXY_CH2","81.660","min","185.728","µmol/L","Humid","20.601","deg","79244","µV","29.969","°C","1016.000","hPa","35.3","pmil","0","53.237","deg","23.954","°C","100.000","%a.s.","21.023","deg","23.635","°C","1019.000","hPa","0.861","-0.02617","0.00035","0","0","13.56","Humid","28.00","0","54.00","361054.10","SABD0000000001","AAV1.0.0.11","1.1.2.0","PSt7-10","170328-007","9/30/2017 19:06:43","0000-00","0","no battery","V"
"09/09/2020","10:47:15","2","default","115855972","OXY_CH2","81.677","min","185.727","µmol/L","Humid","20.595","deg","79251","µV","29.986","°C","1016.000","hPa","35.3","pmil","0","53.237","deg","23.954","°C","100.000","%a.s.","21.023","deg","23.635","°C","1019.000","hPa","0.861","-0.02617","0.00035","0","0","13.56","Humid","28.00","0","54.00","361055.65","SABD0000000001","AAV1.0.0.11","1.1.2.0","PSt7-10","170328-007","9/30/2017 19:06:43","0000-00","0","no battery","V"
"09/09/2020","10:47:16","2","default","115855972","OXY_CH2","81.694","min","185.627","µmol/L","Humid","20.595","deg","79247","µV","30.003","°C","1016.000","hPa","35.3","pmil","0","53.237","deg","23.954","°C","100.000","%a.s.","21.023","deg","23.635","°C","1019.000","hPa","0.861","-0.02617","0.00035","0","0","13.56","Humid","28.00","0","54.00","361059.12","SABD0000000001","AAV1.0.0.11","1.1.2.0","PSt7-10","170328-007","9/30/2017 19:06:43","0000-00","0","no battery","V"
"09/09/2020","10:47:17","2","default","115855972","OXY_CH2","81.711","min","185.608","µmol/L","Humid","20.596","deg","79243","µV","30.004","°C","1016.000","hPa","35.3","pmil","0","53.237","deg","23.954","°C","100.000","%a.s.","21.023","deg","23.635","°C","1019.000","hPa","0.861","-0.02617","0.00035","0","0","13.56","Humid","28.00","0","54.00","361058.15","SABD0000000001","AAV1.0.0.11","1.1.2.0","PSt7-10","170328-007","9/30/2017 19:06:43","0000-00","0","no battery","V"
"09/09/2020","10:47:18","2","default","115855972","OXY_CH2","81.728","min","185.733","µmol/L","Humid","20.599","deg","79241","µV","29.974","°C","1016.000","hPa","35.3","pmil","0","53.237","deg","23.954","°C","100.000","%a.s.","21.023","deg","23.635","°C","1019.000","hPa","0.861","-0.02617","0.00035","0","0","13.56","Humid","28.00","0","54.00","361070.38","SABD0000000001","AAV1.0.0.11","1.1.2.0","PSt7-10","170328-007","9/30/2017 19:06:43","0000-00","0","no battery","V"
"09/09/2020","10:47:19","2","default","115855972","OXY_CH2","81.744","min","185.699","µmol/L","Humid","20.597","deg","79244","µV","29.985","°C","1016.000","hPa","35.3","pmil","0","53.237","deg","23.954","°C","100.000","%a.s.","21.023","deg","23.635","°C","1019.000","hPa","0.861","-0.02617","0.00035","0","0","13.56","Humid","28.00","0","54.00","361070.87","SABD0000000001","AAV1.0.0.11","1.1.2.0","PSt7-10","170328-007","9/30/2017 19:06:43","0000-00","0","no battery","V"
"09/09/2020","10:47:20","2","default","115855972","OXY_CH2","81.761","min","185.665","µmol/L","Humid","20.598","deg","79236","µV","29.988","°C","1016.000","hPa","35.3","pmil","0","53.237","deg","23.954","°C","100.000","%a.s.","21.023","deg","23.635","°C","1019.000","hPa","0.861","-0.02617","0.00035","0","0","13.56","Humid","28.00","0","54.00","361049.65","SABD0000000001","AAV1.0.0.11","1.1.2.0","PSt7-10","170328-007","9/30/2017 19:06:43","0000-00","0","no battery","V"
"09/09/2020","10:47:21","2","default","115855972","OXY_CH2","81.778","min","185.776","µmol/L","Humid","20.594","deg","79237","µV","29.981","°C","1016.000","hPa","35.3","pmil","0","53.237","deg","23.954","°C","100.000","%a.s.","21.023","deg","23.635","°C","1019.000","hPa","0.861","-0.02617","0.00035","0","0","13.56","Humid","28.00","0","54.00","361057.56","SABD0000000001","AAV1.0.0.11","1.1.2.0","PSt7-10","170328-007","9/30/2017 19:06:43","0000-00","0","no battery","V"
"09/09/2020","10:47:22","2","default","115855972","OXY_CH2","81.794","min","185.698","µmol/L","Humid","20.598","deg","79234","µV","29.983","°C","1016.000","hPa","35.3","pmil","0","53.237","deg","23.954","°C","100.000","%a.s.","21.023","deg","23.635","°C","1019.000","hPa","0.861","-0.02617","0.00035","0","0","13.56","Humid","28.00","0","54.00","361054.31","SABD0000000001","AAV1.0.0.11","1.1.2.0","PSt7-10","170328-007","9/30/2017 19:06:43","0000-00","0","no battery","V"
"09/09/2020","10:47:23","2","default","115855972","OXY_CH2","81.811","min","185.782","µmol/L","Humid","20.593","deg","79238","µV","29.983","°C","1016.000","hPa","35.3","pmil","0","53.237","deg","23.954","°C","100.000","%a.s.","21.023","deg","23.635","°C","1019.000","hPa","0.861","-0.02617","0.00035","0","0","13.56","Humid","28.00","0","54.00","361056.75","SABD0000000001","AAV1.0.0.11","1.1.2.0","PSt7-10","170328-007","9/30/2017 19:06:43","0000-00","0","no battery","V"
"09/09/2020","10:47:24","2","default","115855972","OXY_CH2","81.827","min","185.787","µmol/L","Humid","20.591","deg","79229","µV","29.988","°C","1016.000","hPa","35.3","pmil","0","53.237","deg","23.954","°C","100.000","%a.s.","21.023","deg","23.635","°C","1019.000","hPa","0.861","-0.02617","0.00035","0","0","13.56","Humid","28.00","0","54.00","361042.86","SABD0000000001","AAV1.0.0.11","1.1.2.0","PSt7-10","170328-007","9/30/2017 19:06:43","0000-00","0","no battery","V"
"09/09/2020","10:47:25","2","default","115855972","OXY_CH2","81.844","min","185.732","µmol/L","Humid","20.597","deg","79238","µV","29.980","°C","1016.000","hPa","35.3","pmil","0","53.237","deg","23.954","°C","100.000","%a.s.","21.023","deg","23.635","°C","1019.000","hPa","0.861","-0.02617","0.00035","0","0","13.56","Humid","28.00","0","54.00","361051.15","SABD0000000001","AAV1.0.0.11","1.1.2.0","PSt7-10","170328-007","9/30/2017 19:06:43","0000-00","0","no battery","V"
"09/09/2020","10:47:26","2","default","115855972","OXY_CH2","81.861","min","185.671","µmol/L","Humid","20.595","deg","79236","µV","29.996","°C","1016.000","hPa","35.3","pmil","0","53.237","deg","23.954","°C","100.000","%a.s.","21.023","deg","23.635","°C","1019.000","hPa","0.861","-0.02617","0.00035","0","0","13.56","Humid","28.00","0","54.00","361065.80","SABD0000000001","AAV1.0.0.11","1.1.2.0","PSt7-10","170328-007","9/30/2017 19:06:43","0000-00","0","no battery","V"
"09/09/2020","10:47:27","2","default","115855972","OXY_CH2","81.877","min","185.703","µmol/L","Humid","20.599","deg","79227","µV","29.979","°C","1016.000","hPa","35.3","pmil","0","53.237","deg","23.954","°C","100.000","%a.s.","21.023","deg","23.635","°C","1019.000","hPa","0.861","-0.02617","0.00035","0","0","13.56","Humid","28.00","0","54.00","361046.70","SABD0000000001","AAV1.0.0.11","1.1.2.0","PSt7-10","170328-007","9/30/2017 19:06:43","0000-00","0","no battery","V"
"09/09/2020","10:47:28","2","default","115855972","OXY_CH2","81.894","min","185.865","µmol/L","Humid","20.591","deg","79234","µV","29.974","°C","1016.000","hPa","35.3","pmil","0","53.237","deg","23.954","°C","100.000","%a.s.","21.023","deg","23.635","°C","1019.000","hPa","0.861","-0.02617","0.00035","0","0","13.56","Humid","28.00","0","54.00","361050.49","SABD0000000001","AAV1.0.0.11","1.1.2.0","PSt7-10","170328-007","9/30/2017 19:06:43","0000-00","0","no battery","V"
"09/09/2020","10:47:29","2","default","115855972","OXY_CH2","81.910","min","185.792","µmol/L","Humid","20.595","deg","79221","µV","29.975","°C","1016.000","hPa","35.3","pmil","0","53.237","deg","23.954","°C","100.000","%a.s.","21.023","deg","23.635","°C","1019.000","hPa","0.861","-0.02617","0.00035","0","0","13.56","Humid","28.00","0","54.00","361044.28","SABD0000000001","AAV1.0.0.11","1.1.2.0","PSt7-10","170328-007","9/30/2017 19:06:43","0000-00","0","no battery","V"
"09/09/2020","10:47:30","2","default","115855972","OXY_CH2","81.927","min","185.735","µmol/L","Humid","20.593","deg","79222","µV","29.991","°C","1016.000","hPa","35.3","pmil","0","53.237","deg","23.954","°C","100.000","%a.s.","21.023","deg","23.635","°C","1019.000","hPa","0.861","-0.02617","0.00035","0","0","13.56","Humid","28.00","0","54.00","361043.72","SABD0000000001","AAV1.0.0.11","1.1.2.0","PSt7-10","170328-007","9/30/2017 19:06:43","0000-00","0","no battery","V"
"09/09/2020","10:47:31","2","default","115855972","OXY_CH2","81.944","min","185.734","µmol/L","Humid","20.595","deg","79235","µV","29.985","°C","1016.000","hPa","35.3","pmil","0","53.237","deg","23.954","°C","100.000","%a.s.","21.023","deg","23.635","°C","1019.000","hPa","0.861","-0.02617","0.00035","0","0","13.56","Humid","28.00","0","54.00","361042.58","SABD0000000001","AAV1.0.0.11","1.1.2.0","PSt7-10","170328-007","9/30/2017 19:06:43","0000-00","0","no battery","V"
"09/09/2020","10:47:32","2","default","115855972","OXY_CH2","81.961","min","185.788","µmol/L","Humid","20.594","deg","79224","µV","29.979","°C","1016.000","hPa","35.3","pmil","0","53.237","deg","23.954","°C","100.000","%a.s.","21.023","deg","23.635","°C","1019.000","hPa","0.861","-0.02617","0.00035","0","0","13.56","Humid","28.00","0","54.00","361031.70","SABD0000000001","AAV1.0.0.11","1.1.2.0","PSt7-10","170328-007","9/30/2017 19:06:43","0000-00","0","no battery","V"
"09/09/2020","10:47:33","2","default","115855972","OXY_CH2","81.978","min","185.832","µmol/L","Humid","20.591","deg","79223","µV","29.980","°C","1016.000","hPa","35.3","pmil","0","53.237","deg","23.954","°C","100.000","%a.s.","21.023","deg","23.635","°C","1019.000","hPa","0.861","-0.02617","0.00035","0","0","13.56","Humid","28.00","0","54.00","361044.24","SABD0000000001","AAV1.0.0.11","1.1.2.0","PSt7-10","170328-007","9/30/2017 19:06:43","0000-00","0","no battery","V"
"09/09/2020","10:47:34","2","default","115855972","OXY_CH2","81.994","min","185.743","µmol/L","Humid","20.595","deg","79222","µV","29.984","°C","1016.000","hPa","35.3","pmil","0","53.237","deg","23.954","°C","100.000","%a.s.","21.023","deg","23.635","°C","1019.000","hPa","0.861","-0.02617","0.00035","0","0","13.56","Humid","28.00","0","54.00","361033.79","SABD0000000001","AAV1.0.0.11","1.1.2.0","PSt7-10","170328-007","9/30/2017 19:06:43","0000-00","0","no battery","V"
"09/09/2020","10:47:35","2","default","115855972","OXY_CH2","82.011","min","185.731","µmol/L","Humid","20.596","deg","79230","µV","29.983","°C","1016.000","hPa","35.3","pmil","0","53.237","deg","23.954","°C","100.000","%a.s.","21.023","deg","23.635","°C","1019.000","hPa","0.861","-0.02617","0.00035","0","0","13.56","Humid","28.00","0","54.00","361056.30","SABD0000000001","AAV1.0.0.11","1.1.2.0","PSt7-10","170328-007","9/30/2017 19:06:43","0000-00","0","no battery","V"
"09/09/2020","10:47:36","2","default","115855972","OXY_CH2","82.028","min","185.670","µmol/L","Humid","20.593","deg","79229","µV","30.002","°C","1016.000","hPa","35.3","pmil","0","53.237","deg","23.954","°C","100.000","%a.s.","21.023","deg","23.635","°C","1019.000","hPa","0.861","-0.02617","0.00035","0","0","13.56","Humid","28.00","0","54.00","361046.12","SABD0000000001","AAV1.0.0.11","1.1.2.0","PSt7-10","170328-007","9/30/2017 19:06:43","0000-00","0","no battery","V"
"09/09/2020","10:47:37","2","default","115855972","OXY_CH2","82.044","min","185.785","µmol/L","Humid","20.590","deg","79221","µV","29.991","°C","1016.000","hPa","35.3","pmil","0","53.237","deg","23.954","°C","100.000","%a.s.","21.023","deg","23.635","°C","1019.000","hPa","0.861","-0.02617","0.00035","0","0","13.56","Humid","28.00","0","54.00","361041.33","SABD0000000001","AAV1.0.0.11","1.1.2.0","PSt7-10","170328-007","9/30/2017 19:06:43","0000-00","0","no battery","V"
"09/09/2020","10:47:38","2","default","115855972","OXY_CH2","82.061","min","185.732","µmol/L","Humid","20.589","deg","79225","µV","30.003","°C","1016.000","hPa","35.3","pmil","0","53.237","deg","23.954","°C","100.000","%a.s.","21.023","deg","23.635","°C","1019.000","hPa","0.861","-0.02617","0.00035","0","0","13.56","Humid","28.00","0","54.00","361039.87","SABD0000000001","AAV1.0.0.11","1.1.2.0","PSt7-10","170328-007","9/30/2017 19:06:43","0000-00","0","no battery","V"
"09/09/2020","10:47:39","2","default","115855972","OXY_CH2","82.077","min","185.693","µmol/L","Humid","20.591","deg","79217","µV","30.004","°C","1016.000","hPa","35.3","pmil","0","53.237","deg","23.954","°C","100.000","%a.s.","21.023","deg","23.635","°C","1019.000","hPa","0.861","-0.02617","0.00035","0","0","13.56","Humid","28.00","0","54.00","361042.14","SABD0000000001","AAV1.0.0.11","1.1.2.0","PSt7-10","170328-007","9/30/2017 19:06:43","0000-00","0","no battery","V"
"09/09/2020","10:47:40","2","default","115855972","OXY_CH2","82.094","min","185.798","µmol/L","Humid","20.589","deg","79220","µV","29.992","°C","1016.000","hPa","35.3","pmil","0","53.237","deg","23.954","°C","100.000","%a.s.","21.023","deg","23.635","°C","1019.000","hPa","0.861","-0.02617","0.00035","0","0","13.56","Humid","28.00","0","54.00","361043.34","SABD0000000001","AAV1.0.0.11","1.1.2.0","PSt7-10","170328-007","9/30/2017 19:06:43","0000-00","0","no battery","V"
"09/09/2020","10:47:41","2","default","115855972","OXY_CH2","82.111","min","185.718","µmol/L","Humid","20.592","deg","79214","µV","29.997","°C","1016.000","hPa","35.3","pmil","0","53.237","deg","23.954","°C","100.000","%a.s.","21.023","deg","23.635","°C","1019.000","hPa","0.861","-0.02617","0.00035","0","0","13.56","Humid","28.00","0","54.00","361036.41","SABD0000000001","AAV1.0.0.11","1.1.2.0","PSt7-10","170328-007","9/30/2017 19:06:43","0000-00","0","no battery","V"
"09/09/2020","10:47:42","2","default","115855972","OXY_CH2","82.127","min","185.834","µmol/L","Humid","20.587","deg","79218","µV","29.991","°C","1016.000","hPa","35.3","pmil","0","53.237","deg","23.954","°C","100.000","%a.s.","21.023","deg","23.635","°C","1019.000","hPa","0.861","-0.02617","0.00035","0","0","13.56","Humid","28.00","0","54.00","361046.57","SABD0000000001","AAV1.0.0.11","1.1.2.0","PSt7-10","170328-007","9/30/2017 19:06:43","0000-00","0","no battery","V"
"09/09/2020","10:47:43","2","default","115855972","OXY_CH2","82.144","min","185.873","µmol/L","Humid","20.589","deg","79216","µV","29.979","°C","1016.000","hPa","35.3","pmil","0","53.237","deg","23.954","°C","100.000","%a.s.","21.023","deg","23.635","°C","1019.000","hPa","0.861","-0.02617","0.00035","0","0","13.56","Humid","28.00","0","54.00","361040.92","SABD0000000001","AAV1.0.0.11","1.1.2.0","PSt7-10","170328-007","9/30/2017 19:06:43","0000-00","0","no battery","V"
"09/09/2020","10:47:44","2","default","115855972","OXY_CH2","82.161","min","185.886","µmol/L","Humid","20.586","deg","79211","µV","29.985","°C","1016.000","hPa","35.3","pmil","0","53.237","deg","23.954","°C","100.000","%a.s.","21.023","deg","23.635","°C","1019.000","hPa","0.861","-0.02617","0.00035","0","0","13.56","Humid","28.00","0","54.00","361017.15","SABD0000000001","AAV1.0.0.11","1.1.2.0","PSt7-10","170328-007","9/30/2017 19:06:43","0000-00","0","no battery","V"
"09/09/2020","10:47:45","2","default","115855972","OXY_CH2","82.178","min","185.737","µmol/L","Humid","20.592","deg","79213","µV","29.993","°C","1016.000","hPa","35.3","pmil","0","53.237","deg","23.954","°C","100.000","%a.s.","21.023","deg","23.635","°C","1019.000","hPa","0.861","-0.02617","0.00035","0","0","13.56","Humid","28.00","0","54.00","361039.77","SABD0000000001","AAV1.0.0.11","1.1.2.0","PSt7-10","170328-007","9/30/2017 19:06:43","0000-00","0","no battery","V"
"09/09/2020","10:47:46","2","default","115855972","OXY_CH2","82.194","min","185.771","µmol/L","Humid","20.593","deg","79201","µV","29.985","°C","1016.000","hPa","35.3","pmil","0","53.237","deg","23.954","°C","100.000","%a.s.","21.023","deg","23.635","°C","1019.000","hPa","0.861","-0.02617","0.00035","0","0","13.56","Humid","28.00","0","54.00","361024.87","SABD0000000001","AAV1.0.0.11","1.1.2.0","PSt7-10","170328-007","9/30/2017 19:06:43","0000-00","0","no battery","V"
"09/09/2020","10:47:47","2","default","115855972","OXY_CH2","82.211","min","185.860","µmol/L","Humid","20.589","deg","79196","µV","29.981","°C","1016.000","hPa","35.3","pmil","0","53.237","deg","23.954","°C","100.000","%a.s.","21.023","deg","23.635","°C","1019.000","hPa","0.861","-0.02617","0.00035","0","0","13.56","Humid","28.00","0","54.00","361014.89","SABD0000000001","AAV1.0.0.11","1.1.2.0","PSt7-10","170328-007","9/30/2017 19:06:43","0000-00","0","no battery","V"
"09/09/2020","10:47:48","2","default","115855972","OXY_CH2","82.227","min","185.826","µmol/L","Humid","20.591","deg","79208","µV","29.981","°C","1016.000","hPa","35.3","pmil","0","53.237","deg","23.954","°C","100.000","%a.s.","21.023","deg","23.635","°C","1019.000","hPa","0.861","-0.02617","0.00035","0","0","13.56","Humid","28.00","0","54.00","361015.90","SABD0000000001","AAV1.0.0.11","1.1.2.0","PSt7-10","170328-007","9/30/2017 19:06:43","0000-00","0","no battery","V"
"09/09/2020","10:47:49","2","default","115855972","OXY_CH2","82.244","min","185.814","µmol/L","Humid","20.592","deg","79202","µV","29.980","°C","1016.000","hPa","35.3","pmil","0","53.237","deg","23.954","°C","100.000","%a.s.","21.023","deg","23.635","°C","1019.000","hPa","0.861","-0.02617","0.00035","0","0","13.56","Humid","28.00","0","54.00","361032.10","SABD0000000001","AAV1.0.0.11","1.1.2.0","PSt7-10","170328-007","9/30/2017 19:06:43","0000-00","0","no battery","V"
"09/09/2020","10:47:50","2","default","115855972","OXY_CH2","82.261","min","185.786","µmol/L","Humid","20.590","deg","79207","µV","29.991","°C","1016.000","hPa","35.3","pmil","0","53.237","deg","23.954","°C","100.000","%a.s.","21.023","deg","23.635","°C","1019.000","hPa","0.861","-0.02617","0.00035","0","0","13.56","Humid","28.00","0","54.00","361041.72","SABD0000000001","AAV1.0.0.11","1.1.2.0","PSt7-10","170328-007","9/30/2017 19:06:43","0000-00","0","no battery","V"
"09/09/2020","10:47:51","2","default","115855972","OXY_CH2","82.278","min","185.902","µmol/L","Humid","20.588","deg","79204","µV","29.977","°C","1016.000","hPa","35.3","pmil","0","53.237","deg","23.954","°C","100.000","%a.s.","21.023","deg","23.635","°C","1019.000","hPa","0.861","-0.02617","0.00035","0","0","13.56","Humid","28.00","0","54.00","361033.49","SABD0000000001","AAV1.0.0.11","1.1.2.0","PSt7-10","170328-007","9/30/2017 19:06:43","0000-00","0","no battery","V"
"09/09/2020","10:47:52","2","default","115855972","OXY_CH2","82.294","min","185.817","µmol/L","Humid","20.590","deg","79207","µV","29.985","°C","1016.000","hPa","35.3","pmil","0","53.237","deg","23.954","°C","100.000","%a.s.","21.023","deg","23.635","°C","1019.000","hPa","0.861","-0.02617","0.00035","0","0","13.56","Humid","28.00","0","54.00","361026.87","SABD0000000001","AAV1.0.0.11","1.1.2.0","PSt7-10","170328-007","9/30/2017 19:06:43","0000-00","0","no battery","V"
"09/09/2020","10:47:53","2","default","115855972","OXY_CH2","82.311","min","185.833","µmol/L","Humid","20.587","deg","79200","µV","29.991","°C","1016.000","hPa","35.3","pmil","0","53.237","deg","23.954","°C","100.000","%a.s.","21.023","deg","23.635","°C","1019.000","hPa","0.861","-0.02617","0.00035","0","0","13.56","Humid","28.00","0","54.00","361028.67","SABD0000000001","AAV1.0.0.11","1.1.2.0","PSt7-10","170328-007","9/30/2017 19:06:43","0000-00","0","no battery","V"
"09/09/2020","10:47:54","2","default","115855972","OXY_CH2","82.327","min","185.811","µmol/L","Humid","20.585","deg","79199","µV","30.001","°C","1016.000","hPa","35.3","pmil","0","53.237","deg","23.954","°C","100.000","%a.s.","21.023","deg","23.635","°C","1019.000","hPa","0.861","-0.02617","0.00035","0","0","13.56","Humid","28.00","0","54.00","361032.36","SABD0000000001","AAV1.0.0.11","1.1.2.0","PSt7-10","170328-007","9/30/2017 19:06:43","0000-00","0","no battery","V"
"09/09/2020","10:47:55","2","default","115855972","OXY_CH2","82.344","min","185.785","µmol/L","Humid","20.590","deg","79199","µV","29.991","°C","1016.000","hPa","35.3","pmil","0","53.237","deg","23.954","°C","100.000","%a.s.","21.023","deg","23.635","°C","1019.000","hPa","0.861","-0.02617","0.00035","0","0","13.56","Humid","28.00","0","54.00","361023.59","SABD0000000001","AAV1.0.0.11","1.1.2.0","PSt7-10","170328-007","9/30/2017 19:06:43","0000-00","0","no battery","V"
"09/09/2020","10:47:56","2","default","115855972","OXY_CH2","82.361","min","185.831","µmol/L","Humid","20.586","deg","79204","µV","29.995","°C","1016.000","hPa","35.3","pmil","0","53.237","deg","23.954","°C","100.000","%a.s.","21.023","deg","23.635","°C","1019.000","hPa","0.861","-0.02617","0.00035","0","0","13.56","Humid","28.00","0","54.00","361030.75","SABD0000000001","AAV1.0.0.11","1.1.2.0","PSt7-10","170328-007","9/30/2017 19:06:43","0000-00","0","no battery","V"
"09/09/2020","10:47:57","2","default","115855972","OXY_CH2","82.377","min","185.793","µmol/L","Humid","20.589","deg","79200","µV","29.992","°C","1016.000","hPa","35.3","pmil","0","53.237","deg","23.954","°C","100.000","%a.s.","21.023","deg","23.635","°C","1019.000","hPa","0.861","-0.02617","0.00035","0","0","13.56","Humid","28.00","0","54.00","361042.79","SABD0000000001","AAV1.0.0.11","1.1.2.0","PSt7-10","170328-007","9/30/2017 19:06:43","0000-00","0","no battery","V"
"09/09/2020","10:47:58","2","default","115855972","OXY_CH2","82.394","min","185.820","µmol/L","Humid","20.588","deg","79197","µV","29.991","°C","1016.000","hPa","35.3","pmil","0","53.237","deg","23.954","°C","100.000","%a.s.","21.023","deg","23.635","°C","1019.000","hPa","0.861","-0.02617","0.00035","0","0","13.56","Humid","28.00","0","54.00","361016.12","SABD0000000001","AAV1.0.0.11","1.1.2.0","PSt7-10","170328-007","9/30/2017 19:06:43","0000-00","0","no battery","V"
"09/09/2020","10:47:59","2","default","115855972","OXY_CH2","82.410","min","185.723","µmol/L","Humid","20.588","deg","79196","µV","30.007","°C","1016.000","hPa","35.3","pmil","0","53.237","deg","23.954","°C","100.000","%a.s.","21.023","deg","23.635","°C","1019.000","hPa","0.861","-0.02617","0.00035","0","0","13.56","Humid","28.00","0","54.00","361034.92","SABD0000000001","AAV1.0.0.11","1.1.2.0","PSt7-10","170328-007","9/30/2017 19:06:43","0000-00","0","no battery","V"
"09/09/2020","10:48:00","2","default","115855972","OXY_CH2","82.427","min","185.841","µmol/L","Humid","20.588","deg","79199","µV","29.987","°C","1016.000","hPa","35.3","pmil","0","53.237","deg","23.954","°C","100.000","%a.s.","21.023","deg","23.635","°C","1019.000","hPa","0.861","-0.02617","0.00035","0","0","13.56","Humid","28.00","0","54.00","361049.57","SABD0000000001","AAV1.0.0.11","1.1.2.0","PSt7-10","170328-007","9/30/2017 19:06:43","0000-00","0","no battery","V"
"09/09/2020","10:48:01","2","default","115855972","OXY_CH2","82.444","min","185.845","µmol/L","Humid","20.589","deg","79196","µV","29.984","°C","1016.000","hPa","35.3","pmil","0","53.237","deg","23.954","°C","100.000","%a.s.","21.023","deg","23.635","°C","1019.000","hPa","0.861","-0.02617","0.00035","0","0","13.56","Humid","28.00","0","54.00","361026.65","SABD0000000001","AAV1.0.0.11","1.1.2.0","PSt7-10","170328-007","9/30/2017 19:06:43","0000-00","0","no battery","V"
"09/09/2020","10:48:02","2","default","115855972","OXY_CH2","82.461","min","185.970","µmol/L","Humid","20.583","deg","79194","µV","29.980","°C","1016.000","hPa","35.3","pmil","0","53.237","deg","23.954","°C","100.000","%a.s.","21.023","deg","23.635","°C","1019.000","hPa","0.861","-0.02617","0.00035","0","0","13.56","Humid","28.00","0","54.00","361048.86","SABD0000000001","AAV1.0.0.11","1.1.2.0","PSt7-10","170328-007","9/30/2017 19:06:43","0000-00","0","no battery","V"
"09/09/2020","10:48:03","2","default","115855972","OXY_CH2","82.478","min","185.848","µmol/L","Humid","20.587","deg","79196","µV","29.989","°C","1016.000","hPa","35.3","pmil","0","53.237","deg","23.954","°C","100.000","%a.s.","21.023","deg","23.635","°C","1019.000","hPa","0.861","-0.02617","0.00035","0","0","13.56","Humid","28.00","0","54.00","361034.36","SABD0000000001","AAV1.0.0.11","1.1.2.0","PSt7-10","170328-007","9/30/2017 19:06:43","0000-00","0","no battery","V"
"09/09/2020","10:48:04","2","default","115855972","OXY_CH2","82.494","min","185.803","µmol/L","Humid","20.586","deg","79191","µV","29.999","°C","1016.000","hPa","35.3","pmil","0","53.237","deg","23.954","°C","100.000","%a.s.","21.023","deg","23.635","°C","1019.000","hPa","0.861","-0.02617","0.00035","0","0","13.56","Humid","28.00","0","54.00","361015.43","SABD0000000001","AAV1.0.0.11","1.1.2.0","PSt7-10","170328-007","9/30/2017 19:06:43","0000-00","0","no battery","V"
"09/09/2020","10:48:05","2","default","115855972","OXY_CH2","82.511","min","185.870","µmol/L","Humid","20.585","deg","79190","µV","29.991","°C","1016.000","hPa","35.3","pmil","0","53.237","deg","23.954","°C","100.000","%a.s.","21.023","deg","23.635","°C","1019.000","hPa","0.861","-0.02617","0.00035","0","0","13.56","Humid","28.00","0","54.00","361027.68","SABD0000000001","AAV1.0.0.11","1.1.2.0","PSt7-10","170328-007","9/30/2017 19:06:43","0000-00","0","no battery","V"
"09/09/2020","10:48:06","2","default","115855972","OXY_CH2","82.528","min","185.904","µmol/L","Humid","20.584","deg","79186","µV","29.988","°C","1016.000","hPa","35.3","pmil","0","53.237","deg","23.954","°C","100.000","%a.s.","21.023","deg","23.635","°C","1019.000","hPa","0.861","-0.02617","0.00035","0","0","13.56","Humid","28.00","0","54.00","361024.42","SABD0000000001","AAV1.0.0.11","1.1.2.0","PSt7-10","170328-007","9/30/2017 19:06:43","0000-00","0","no battery","V"
"09/09/2020","10:48:07","2","default","115855972","OXY_CH2","82.544","min","185.922","µmol/L","Humid","20.584","deg","79188","µV","29.985","°C","1016.000","hPa","35.3","pmil","0","53.237","deg","23.954","°C","100.000","%a.s.","21.023","deg","23.635","°C","1019.000","hPa","0.861","-0.02617","0.00035","0","0","13.56","Humid","28.00","0","54.00","361030.16","SABD0000000001","AAV1.0.0.11","1.1.2.0","PSt7-10","170328-007","9/30/2017 19:06:43","0000-00","0","no battery","V"
"09/09/2020","10:48:08","2","default","115855972","OXY_CH2","82.561","min","185.922","µmol/L","Humid","20.586","deg","79193","µV","29.979","°C","1016.000","hPa","35.3","pmil","0","53.237","deg","23.954","°C","100.000","%a.s.","21.023","deg","23.635","°C","1019.000","hPa","0.861","-0.02617","0.00035","0","0","13.56","Humid","28.00","0","54.00","361028.62","SABD0000000001","AAV1.0.0.11","1.1.2.0","PSt7-10","170328-007","9/30/2017 19:06:43","0000-00","0","no battery","V"
"09/09/2020","10:48:09","2","default","115855972","OXY_CH2","82.578","min","185.943","µmol/L","Humid","20.584","deg","79188","µV","29.981","°C","1016.000","hPa","35.3","pmil","0","53.237","deg","23.954","°C","100.000","%a.s.","21.023","deg","23.635","°C","1019.000","hPa","0.861","-0.02617","0.00035","0","0","13.56","Humid","28.00","0","54.00","361024.32","SABD0000000001","AAV1.0.0.11","1.1.2.0","PSt7-10","170328-007","9/30/2017 19:06:43","0000-00","0","no battery","V"
"09/09/2020","10:48:10","2","default","115855972","OXY_CH2","82.594","min","185.987","µmol/L","Humid","20.582","deg","79180","µV","29.980","°C","1016.000","hPa","35.3","pmil","0","53.237","deg","23.954","°C","100.000","%a.s.","21.023","deg","23.635","°C","1019.000","hPa","0.861","-0.02617","0.00035","0","0","13.56","Humid","28.00","0","54.00","361015.47","SABD0000000001","AAV1.0.0.11","1.1.2.0","PSt7-10","170328-007","9/30/2017 19:06:43","0000-00","0","no battery","V"
"09/09/2020","10:48:11","2","default","115855972","OXY_CH2","82.610","min","185.899","µmol/L","Humid","20.585","deg","79178","µV","29.986","°C","1016.000","hPa","35.3","pmil","0","53.237","deg","23.954","°C","100.000","%a.s.","21.023","deg","23.635","°C","1019.000","hPa","0.861","-0.02617","0.00035","0","0","13.56","Humid","28.00","0","54.00","361020.84","SABD0000000001","AAV1.0.0.11","1.1.2.0","PSt7-10","170328-007","9/30/2017 19:06:43","0000-00","0","no battery","V"
"09/09/2020","10:48:12","2","default","115855972","OXY_CH2","82.627","min","185.835","µmol/L","Humid","20.585","deg","79180","µV","29.997","°C","1016.000","hPa","35.3","pmil","0","53.237","deg","23.954","°C","100.000","%a.s.","21.023","deg","23.635","°C","1019.000","hPa","0.861","-0.02617","0.00035","0","0","13.56","Humid","28.00","0","54.00","361016.87","SABD0000000001","AAV1.0.0.11","1.1.2.0","PSt7-10","170328-007","9/30/2017 19:06:43","0000-00","0","no battery","V"
"09/09/2020","10:48:13","2","default","115855972","OXY_CH2","82.644","min","185.900","µmol/L","Humid","20.583","deg","79178","µV","29.992","°C","1016.000","hPa","35.3","pmil","0","53.237","deg","23.954","°C","100.000","%a.s.","21.023","deg","23.635","°C","1019.000","hPa","0.861","-0.02617","0.00035","0","0","13.56","Humid","28.00","0","54.00","361013.56","SABD0000000001","AAV1.0.0.11","1.1.2.0","PSt7-10","170328-007","9/30/2017 19:06:43","0000-00","0","no battery","V"
"09/09/2020","10:48:14","2","default","115855972","OXY_CH2","82.661","min","185.708","µmol/L","Humid","20.589","deg","79179","µV","30.007","°C","1016.000","hPa","35.3","pmil","0","53.237","deg","23.954","°C","100.000","%a.s.","21.023","deg","23.635","°C","1019.000","hPa","0.861","-0.02617","0.00035","0","0","13.56","Humid","28.00","0","54.00","361015.74","SABD0000000001","AAV1.0.0.11","1.1.2.0","PSt7-10","170328-007","9/30/2017 19:06:43","0000-00","0","no battery","V"
"09/09/2020","10:48:15","2","default","115855972","OXY_CH2","82.678","min","185.911","µmol/L","Humid","20.584","deg","79181","µV","29.987","°C","1016.000","hPa","35.3","pmil","0","53.237","deg","23.954","°C","100.000","%a.s.","21.023","deg","23.635","°C","1019.000","hPa","0.861","-0.02617","0.00035","0","0","13.56","Humid","28.00","0","54.00","361000.77","SABD0000000001","AAV1.0.0.11","1.1.2.0","PSt7-10","170328-007","9/30/2017 19:06:43","0000-00","0","no battery","V"
"09/09/2020","10:48:16","2","default","115855972","OXY_CH2","82.694","min","185.791","µmol/L","Humid","20.585","deg","79169","µV","30.004","°C","1016.000","hPa","35.3","pmil","0","53.237","deg","23.954","°C","100.000","%a.s.","21.023","deg","23.635","°C","1019.000","hPa","0.861","-0.02617","0.00035","0","0","13.56","Humid","28.00","0","54.00","361010.50","SABD0000000001","AAV1.0.0.11","1.1.2.0","PSt7-10","170328-007","9/30/2017 19:06:43","0000-00","0","no battery","V"
"09/09/2020","10:48:17","2","default","115855972","OXY_CH2","82.711","min","185.829","µmol/L","Humid","20.586","deg","79169","µV","29.995","°C","1016.000","hPa","35.3","pmil","0","53.237","deg","23.954","°C","100.000","%a.s.","21.023","deg","23.635","°C","1019.000","hPa","0.861","-0.02617","0.00035","0","0","13.56","Humid","28.00","0","54.00","360996.28","SABD0000000001","AAV1.0.0.11","1.1.2.0","PSt7-10","170328-007","9/30/2017 19:06:43","0000-00","0","no battery","V"
"09/09/2020","10:48:18","2","default","115855972","OXY_CH2","82.728","min","185.899","µmol/L","Humid","20.582","deg","79172","µV","29.995","°C","1016.000","hPa","35.3","pmil","0","53.237","deg","23.954","°C","100.000","%a.s.","21.023","deg","23.635","°C","1019.000","hPa","0.861","-0.02617","0.00035","0","0","13.56","Humid","28.00","0","54.00","361005.48","SABD0000000001","AAV1.0.0.11","1.1.2.0","PSt7-10","170328-007","9/30/2017 19:06:43","0000-00","0","no battery","V"
"09/09/2020","10:48:19","2","default","115855972","OXY_CH2","82.744","min","185.870","µmol/L","Humid","20.581","deg","79170","µV","30.003","°C","1016.000","hPa","35.3","pmil","0","53.237","deg","23.954","°C","100.000","%a.s.","21.023","deg","23.635","°C","1019.000","hPa","0.861","-0.02617","0.00035","0","0","13.56","Humid","28.00","0","54.00","360998.81","SABD0000000001","AAV1.0.0.11","1.1.2.0","PSt7-10","170328-007","9/30/2017 19:06:43","0000-00","0","no battery","V"
"09/09/2020","10:48:20","2","default","115855972","OXY_CH2","82.761","min","185.929","µmol/L","Humid","20.583","deg","79169","µV","29.987","°C","1016.000","hPa","35.3","pmil","0","53.237","deg","23.954","°C","100.000","%a.s.","21.023","deg","23.635","°C","1019.000","hPa","0.861","-0.02617","0.00035","0","0","13.56","Humid","28.00","0","54.00","361005.39","SABD0000000001","AAV1.0.0.11","1.1.2.0","PSt7-10","170328-007","9/30/2017 19:06:43","0000-00","0","no battery","V"
"09/09/2020","10:48:21","2","default","115855972","OXY_CH2","82.778","min","185.855","µmol/L","Humid","20.585","deg","79167","µV","29.993","°C","1016.000","hPa","35.3","pmil","0","53.237","deg","23.954","°C","100.000","%a.s.","21.023","deg","23.635","°C","1019.000","hPa","0.861","-0.02617","0.00035","0","0","13.56","Humid","28.00","0","54.00","361008.39","SABD0000000001","AAV1.0.0.11","1.1.2.0","PSt7-10","170328-007","9/30/2017 19:06:43","0000-00","0","no battery","V"
"09/09/2020","10:48:22","2","default","115855972","OXY_CH2","82.794","min","185.956","µmol/L","Humid","20.583","deg","79170","µV","29.982","°C","1016.000","hPa","35.3","pmil","0","53.237","deg","23.954","°C","100.000","%a.s.","21.023","deg","23.635","°C","1019.000","hPa","0.861","-0.02617","0.00035","0","0","13.56","Humid","28.00","0","54.00","361001.02","SABD0000000001","AAV1.0.0.11","1.1.2.0","PSt7-10","170328-007","9/30/2017 19:06:43","0000-00","0","no battery","V"
"09/09/2020","10:48:23","2","default","115855972","OXY_CH2","82.811","min","185.854","µmol/L","Humid","20.581","deg","79164","µV","30.005","°C","1016.000","hPa","35.3","pmil","0","53.237","deg","23.954","°C","100.000","%a.s.","21.023","deg","23.635","°C","1019.000","hPa","0.861","-0.02617","0.00035","0","0","13.56","Humid","28.00","0","54.00","360998.06","SABD0000000001","AAV1.0.0.11","1.1.2.0","PSt7-10","170328-007","9/30/2017 19:06:43","0000-00","0","no battery","V"
"09/09/2020","10:48:24","2","default","115855972","OXY_CH2","82.827","min","185.893","µmol/L","Humid","20.585","deg","79164","µV","29.987","°C","1016.000","hPa","35.3","pmil","0","53.237","deg","23.954","°C","100.000","%a.s.","21.023","deg","23.635","°C","1019.000","hPa","0.861","-0.02617","0.00035","0","0","13.56","Humid","28.00","0","54.00","360984.04","SABD0000000001","AAV1.0.0.11","1.1.2.0","PSt7-10","170328-007","9/30/2017 19:06:43","0000-00","0","no battery","V"
"09/09/2020","10:48:25","2","default","115855972","OXY_CH2","82.844","min","185.894","µmol/L","Humid","20.582","deg","79162","µV","29.996","°C","1016.000","hPa","35.3","pmil","0","53.237","deg","23.954","°C","100.000","%a.s.","21.023","deg","23.635","°C","1019.000","hPa","0.861","-0.02617","0.00035","0","0","13.56","Humid","28.00","0","54.00","360987.85","SABD0000000001","AAV1.0.0.11","1.1.2.0","PSt7-10","170328-007","9/30/2017 19:06:43","0000-00","0","no battery","V"
"09/09/2020","10:48:26","2","default","115855972","OXY_CH2","82.860","min","185.869","µmol/L","Humid","20.581","deg","79165","µV","30.003","°C","1016.000","hPa","35.3","pmil","0","53.237","deg","23.954","°C","100.000","%a.s.","21.023","deg","23.635","°C","1019.000","hPa","0.861","-0.02617","0.00035","0","0","13.56","Humid","28.00","0","54.00","360987.13","SABD0000000001","AAV1.0.0.11","1.1.2.0","PSt7-10","170328-007","9/30/2017 19:06:43","0000-00","0","no battery","V"
"09/09/2020","10:48:27","2","default","115855972","OXY_CH2","82.878","min","185.953","µmol/L","Humid","20.581","deg","79157","µV","29.988","°C","1016.000","hPa","35.3","pmil","0","53.237","deg","23.954","°C","100.000","%a.s.","21.023","deg","23.635","°C","1019.000","hPa","0.861","-0.02617","0.00035","0","0","13.56","Humid","28.00","0","54.00","360993.50","SABD0000000001","AAV1.0.0.11","1.1.2.0","PSt7-10","170328-007","9/30/2017 19:06:43","0000-00","0","no battery","V"
"09/09/2020","10:48:28","2","default","115855972","OXY_CH2","82.894","min","185.954","µmol/L","Humid","20.580","deg","79152","µV","29.991","°C","1016.000","hPa","35.3","pmil","0","53.237","deg","23.954","°C","100.000","%a.s.","21.023","deg","23.635","°C","1019.000","hPa","0.861","-0.02617","0.00035","0","0","13.56","Humid","28.00","0","54.00","360995.66","SABD0000000001","AAV1.0.0.11","1.1.2.0","PSt7-10","170328-007","9/30/2017 19:06:43","0000-00","0","no battery","V"
"09/09/2020","10:48:29","2","default","115855972","OXY_CH2","82.911","min","185.992","µmol/L","Humid","20.580","deg","79153","µV","29.985","°C","1016.000","hPa","35.3","pmil","0","53.237","deg","23.954","°C","100.000","%a.s.","21.023","deg","23.635","°C","1019.000","hPa","0.861","-0.02617","0.00035","0","0","13.56","Humid","28.00","0","54.00","361001.35","SABD0000000001","AAV1.0.0.11","1.1.2.0","PSt7-10","170328-007","9/30/2017 19:06:43","0000-00","0","no battery","V"
"09/09/2020","10:48:30","2","default","115855972","OXY_CH2","82.928","min","185.970","µmol/L","Humid","20.580","deg","79159","µV","29.988","°C","1016.000","hPa","35.3","pmil","0","53.237","deg","23.954","°C","100.000","%a.s.","21.023","deg","23.635","°C","1019.000","hPa","0.861","-0.02617","0.00035","0","0","13.56","Humid","28.00","0","54.00","361002.21","SABD0000000001","AAV1.0.0.11","1.1.2.0","PSt7-10","170328-007","9/30/2017 19:06:43","0000-00","0","no battery","V"
"09/09/2020","10:48:31","2","default","115855972","OXY_CH2","82.944","min","186.107","µmol/L","Humid","20.576","deg","79159","µV","29.977","°C","1016.000","hPa","35.3","pmil","0","53.237","deg","23.954","°C","100.000","%a.s.","21.023","deg","23.635","°C","1019.000","hPa","0.861","-0.02617","0.00035","0","0","13.56","Humid","28.00","0","54.00","360995.22","SABD0000000001","AAV1.0.0.11","1.1.2.0","PSt7-10","170328-007","9/30/2017 19:06:43","0000-00","0","no battery","V"
"09/09/2020","10:48:32","2","default","115855972","OXY_CH2","82.961","min","185.848","µmol/L","Humid","20.581","deg","79149","µV","30.006","°C","1016.000","hPa","35.3","pmil","0","53.237","deg","23.954","°C","100.000","%a.s.","21.023","deg","23.635","°C","1019.000","hPa","0.861","-0.02617","0.00035","0","0","13.56","Humid","28.00","0","54.00","360996.30","SABD0000000001","AAV1.0.0.11","1.1.2.0","PSt7-10","170328-007","9/30/2017 19:06:43","0000-00","0","no battery","V"
"09/09/2020","10:48:33","2","default","115855972","OXY_CH2","82.978","min","185.880","µmol/L","Humid","20.582","deg","79149","µV","29.998","°C","1016.000","hPa","35.3","pmil","0","53.237","deg","23.954","°C","100.000","%a.s.","21.023","deg","23.635","°C","1019.000","hPa","0.861","-0.02617","0.00035","0","0","13.56","Humid","28.00","0","54.00","361002.29","SABD0000000001","AAV1.0.0.11","1.1.2.0","PSt7-10","170328-007","9/30/2017 19:06:43","0000-00","0","no battery","V"
"09/09/2020","10:48:34","2","default","115855972","OXY_CH2","82.994","min","185.944","µmol/L","Humid","20.578","deg","79147","µV","29.999","°C","1016.000","hPa","35.3","pmil","0","53.237","deg","23.954","°C","100.000","%a.s.","21.023","deg","23.635","°C","1019.000","hPa","0.861","-0.02617","0.00035","0","0","13.56","Humid","28.00","0","54.00","360989.22","SABD0000000001","AAV1.0.0.11","1.1.2.0","PSt7-10","170328-007","9/30/2017 19:06:43","0000-00","0","no battery","V"
"09/09/2020","10:48:35","2","default","115855972","OXY_CH2","83.011","min","185.894","µmol/L","Humid","20.581","deg","79148","µV","29.998","°C","1016.000","hPa","35.3","pmil","0","53.237","deg","23.954","°C","100.000","%a.s.","21.023","deg","23.635","°C","1019.000","hPa","0.861","-0.02617","0.00035","0","0","13.56","Humid","28.00","0","54.00","360989.20","SABD0000000001","AAV1.0.0.11","1.1.2.0","PSt7-10","170328-007","9/30/2017 19:06:43","0000-00","0","no battery","V"
"09/09/2020","10:48:36","2","default","115855972","OXY_CH2","83.027","min","186.044","µmol/L","Humid","20.573","deg","79151","µV","29.996","°C","1016.000","hPa","35.3","pmil","0","53.237","deg","23.954","°C","100.000","%a.s.","21.023","deg","23.635","°C","1019.000","hPa","0.861","-0.02617","0.00035","0","0","13.56","Humid","28.00","0","54.00","360982.03","SABD0000000001","AAV1.0.0.11","1.1.2.0","PSt7-10","170328-007","9/30/2017 19:06:43","0000-00","0","no battery","V"
"09/09/2020","10:48:37","2","default","115855972","OXY_CH2","83.044","min","185.916","µmol/L","Humid","20.583","deg","79142","µV","29.989","°C","1016.000","hPa","35.3","pmil","0","53.237","deg","23.954","°C","100.000","%a.s.","21.023","deg","23.635","°C","1019.000","hPa","0.861","-0.02617","0.00035","0","0","13.56","Humid","28.00","0","54.00","360977.64","SABD0000000001","AAV1.0.0.11","1.1.2.0","PSt7-10","170328-007","9/30/2017 19:06:43","0000-00","0","no battery","V"
"09/09/2020","10:48:38","2","default","115855972","OXY_CH2","83.060","min","185.926","µmol/L","Humid","20.578","deg","79141","µV","30.002","°C","1016.000","hPa","35.3","pmil","0","53.237","deg","23.954","°C","100.000","%a.s.","21.023","deg","23.635","°C","1019.000","hPa","0.861","-0.02617","0.00035","0","0","13.56","Humid","28.00","0","54.00","360988.49","SABD0000000001","AAV1.0.0.11","1.1.2.0","PSt7-10","170328-007","9/30/2017 19:06:43","0000-00","0","no battery","V"
"09/09/2020","10:48:39","2","default","115855972","OXY_CH2","83.077","min","185.935","µmol/L","Humid","20.580","deg","79144","µV","29.994","°C","1016.000","hPa","35.3","pmil","0","53.237","deg","23.954","°C","100.000","%a.s.","21.023","deg","23.635","°C","1019.000","hPa","0.861","-0.02617","0.00035","0","0","13.56","Humid","28.00","0","54.00","360987.04","SABD0000000001","AAV1.0.0.11","1.1.2.0","PSt7-10","170328-007","9/30/2017 19:06:43","0000-00","0","no battery","V"
"09/09/2020","10:48:40","2","default","115855972","OXY_CH2","83.094","min","186.004","µmol/L","Humid","20.576","deg","79145","µV","29.994","°C","1016.000","hPa","35.3","pmil","0","53.237","deg","23.954","°C","100.000","%a.s.","21.023","deg","23.635","°C","1019.000","hPa","0.861","-0.02617","0.00035","0","0","13.56","Humid","28.00","0","54.00","360975.81","SABD0000000001","AAV1.0.0.11","1.1.2.0","PSt7-10","170328-007","9/30/2017 19:06:43","0000-00","0","no battery","V"
"09/09/2020","10:48:41","2","default","115855972","OXY_CH2","83.110","min","185.849","µmol/L","Humid","20.582","deg","79140","µV","30.003","°C","1016.000","hPa","35.3","pmil","0","53.237","deg","23.954","°C","100.000","%a.s.","21.023","deg","23.635","°C","1019.000","hPa","0.861","-0.02617","0.00035","0","0","13.56","Humid","28.00","0","54.00","360988.31","SABD0000000001","AAV1.0.0.11","1.1.2.0","PSt7-10","170328-007","9/30/2017 19:06:43","0000-00","0","no battery","V"
"09/09/2020","10:48:42","2","default","115855972","OXY_CH2","83.127","min","185.920","µmol/L","Humid","20.581","deg","79141","µV","29.994","°C","1016.000","hPa","35.3","pmil","0","53.237","deg","23.954","°C","100.000","%a.s.","21.023","deg","23.635","°C","1019.000","hPa","0.861","-0.02617","0.00035","0","0","13.56","Humid","28.00","0","54.00","360970.67","SABD0000000001","AAV1.0.0.11","1.1.2.0","PSt7-10","170328-007","9/30/2017 19:06:43","0000-00","0","no battery","V"
"09/09/2020","10:48:43","2","default","115855972","OXY_CH2","83.144","min","185.927","µmol/L","Humid","20.581","deg","79144","µV","29.993","°C","1016.000","hPa","35.3","pmil","0","53.237","deg","23.954","°C","100.000","%a.s.","21.023","deg","23.635","°C","1019.000","hPa","0.861","-0.02617","0.00035","0","0","13.56","Humid","28.00","0","54.00","360984.15","SABD0000000001","AAV1.0.0.11","1.1.2.0","PSt7-10","170328-007","9/30/2017 19:06:43","0000-00","0","no battery","V"
"09/09/2020","10:48:44","2","default","115855972","OXY_CH2","83.160","min","185.888","µmol/L","Humid","20.579","deg","79139","µV","30.005","°C","1016.000","hPa","35.3","pmil","0","53.237","deg","23.954","°C","100.000","%a.s.","21.023","deg","23.635","°C","1019.000","hPa","0.861","-0.02617","0.00035","0","0","13.56","Humid","28.00","0","54.00","360971.08","SABD0000000001","AAV1.0.0.11","1.1.2.0","PSt7-10","170328-007","9/30/2017 19:06:43","0000-00","0","no battery","V"
"09/09/2020","10:48:45","2","default","115855972","OXY_CH2","83.177","min","186.013","µmol/L","Humid","20.578","deg","79129","µV","29.987","°C","1016.000","hPa","35.3","pmil","0","53.237","deg","23.954","°C","100.000","%a.s.","21.023","deg","23.635","°C","1019.000","hPa","0.861","-0.02617","0.00035","0","0","13.56","Humid","28.00","0","54.00","360959.12","SABD0000000001","AAV1.0.0.11","1.1.2.0","PSt7-10","170328-007","9/30/2017 19:06:43","0000-00","0","no battery","V"
"09/09/2020","10:48:46","2","default","115855972","OXY_CH2","83.194","min","186.051","µmol/L","Humid","20.578","deg","79132","µV","29.980","°C","1016.000","hPa","35.3","pmil","0","53.237","deg","23.954","°C","100.000","%a.s.","21.023","deg","23.635","°C","1019.000","hPa","0.861","-0.02617","0.00035","0","0","13.56","Humid","28.00","0","54.00","360961.93","SABD0000000001","AAV1.0.0.11","1.1.2.0","PSt7-10","170328-007","9/30/2017 19:06:43","0000-00","0","no battery","V"
"09/09/2020","10:48:47","2","default","115855972","OXY_CH2","83.211","min","185.984","µmol/L","Humid","20.580","deg","79135","µV","29.986","°C","1016.000","hPa","35.3","pmil","0","53.237","deg","23.954","°C","100.000","%a.s.","21.023","deg","23.635","°C","1019.000","hPa","0.861","-0.02617","0.00035","0","0","13.56","Humid","28.00","0","54.00","360972.54","SABD0000000001","AAV1.0.0.11","1.1.2.0","PSt7-10","170328-007","9/30/2017 19:06:43","0000-00","0","no battery","V"
"09/09/2020","10:48:48","2","default","115855972","OXY_CH2","83.227","min","186.113","µmol/L","Humid","20.577","deg","79134","µV","29.973","°C","1016.000","hPa","35.3","pmil","0","53.237","deg","23.954","°C","100.000","%a.s.","21.023","deg","23.635","°C","1019.000","hPa","0.861","-0.02617","0.00035","0","0","13.56","Humid","28.00","0","54.00","360977.45","SABD0000000001","AAV1.0.0.11","1.1.2.0","PSt7-10","170328-007","9/30/2017 19:06:43","0000-00","0","no battery","V"
"09/09/2020","10:48:49","2","default","115855972","OXY_CH2","83.244","min","186.049","µmol/L","Humid","20.578","deg","79140","µV","29.981","°C","1016.000","hPa","35.3","pmil","0","53.237","deg","23.954","°C","100.000","%a.s.","21.023","deg","23.635","°C","1019.000","hPa","0.861","-0.02617","0.00035","0","0","13.56","Humid","28.00","0","54.00","360983.15","SABD0000000001","AAV1.0.0.11","1.1.2.0","PSt7-10","170328-007","9/30/2017 19:06:43","0000-00","0","no battery","V"
"09/09/2020","10:48:50","2","default","115855972","OXY_CH2","83.261","min","185.978","µmol/L","Humid","20.575","deg","79129","µV","30.002","°C","1016.000","hPa","35.3","pmil","0","53.237","deg","23.954","°C","100.000","%a.s.","21.023","deg","23.635","°C","1019.000","hPa","0.861","-0.02617","0.00035","0","0","13.56","Humid","28.00","0","54.00","360962.56","SABD0000000001","AAV1.0.0.11","1.1.2.0","PSt7-10","170328-007","9/30/2017 19:06:43","0000-00","0","no battery","V"
"09/09/2020","10:48:51","2","default","115855972","OXY_CH2","83.278","min","185.957","µmol/L","Humid","20.577","deg","79130","µV","29.999","°C","1016.000","hPa","35.3","pmil","0","53.237","deg","23.954","°C","100.000","%a.s.","21.023","deg","23.635","°C","1019.000","hPa","0.861","-0.02617","0.00035","0","0","13.56","Humid","28.00","0","54.00","360968.59","SABD0000000001","AAV1.0.0.11","1.1.2.0","PSt7-10","170328-007","9/30/2017 19:06:43","0000-00","0","no battery","V"
"09/09/2020","10:48:52","2","default","115855972","OXY_CH2","83.294","min","185.916","µmol/L","Humid","20.577","deg","79119","µV","30.006","°C","1016.000","hPa","35.3","pmil","0","53.237","deg","23.954","°C","100.000","%a.s.","21.023","deg","23.635","°C","1019.000","hPa","0.861","-0.02617","0.00035","0","0","13.56","Humid","28.00","0","54.00","360961.57","SABD0000000001","AAV1.0.0.11","1.1.2.0","PSt7-10","170328-007","9/30/2017 19:06:43","0000-00","0","no battery","V"
"09/09/2020","10:48:53","2","default","115855972","OXY_CH2","83.311","min","186.118","µmol/L","Humid","20.570","deg","79119","µV","29.992","°C","1016.000","hPa","35.3","pmil","0","53.237","deg","23.954","°C","100.000","%a.s.","21.023","deg","23.635","°C","1019.000","hPa","0.861","-0.02617","0.00035","0","0","13.56","Humid","28.00","0","54.00","360958.29","SABD0000000001","AAV1.0.0.11","1.1.2.0","PSt7-10","170328-007","9/30/2017 19:06:43","0000-00","0","no battery","V"
"09/09/2020","10:48:54","2","default","115855972","OXY_CH2","83.328","min","186.028","µmol/L","Humid","20.572","deg","79125","µV","30.002","°C","1016.000","hPa","35.3","pmil","0","53.237","deg","23.954","°C","100.000","%a.s.","21.023","deg","23.635","°C","1019.000","hPa","0.861","-0.02617","0.00035","0","0","13.56","Humid","28.00","0","54.00","360953.81","SABD0000000001","AAV1.0.0.11","1.1.2.0","PSt7-10","170328-007","9/30/2017 19:06:43","0000-00","0","no battery","V"
"09/09/2020","10:48:55","2","default","115855972","OXY_CH2","83.344","min","185.971","µmol/L","Humid","20.574","deg","79116","µV","30.006","°C","1016.000","hPa","35.3","pmil","0","53.237","deg","23.954","°C","100.000","%a.s.","21.023","deg","23.635","°C","1019.000","hPa","0.861","-0.02617","0.00035","0","0","13.56","Humid","28.00","0","54.00","360966.09","SABD0000000001","AAV1.0.0.11","1.1.2.0","PSt7-10","170328-007","9/30/2017 19:06:43","0000-00","0","no battery","V"
"09/09/2020","10:48:56","2","default","115855972","OXY_CH2","83.361","min","186.041","µmol/L","Humid","20.575","deg","79122","µV","29.991","°C","1016.000","hPa","35.3","pmil","0","53.237","deg","23.954","°C","100.000","%a.s.","21.023","deg","23.635","°C","1019.000","hPa","0.861","-0.02617","0.00035","0","0","13.56","Humid","28.00","0","54.00","360963.16","SABD0000000001","AAV1.0.0.11","1.1.2.0","PSt7-10","170328-007","9/30/2017 19:06:43","0000-00","0","no battery","V"
"09/09/2020","10:48:57","2","default","115855972","OXY_CH2","83.377","min","186.031","µmol/L","Humid","20.573","deg","79120","µV","29.998","°C","1016.000","hPa","35.3","pmil","0","53.237","deg","23.954","°C","100.000","%a.s.","21.023","deg","23.635","°C","1019.000","hPa","0.861","-0.02617","0.00035","0","0","13.56","Humid","28.00","0","54.00","360958.43","SABD0000000001","AAV1.0.0.11","1.1.2.0","PSt7-10","170328-007","9/30/2017 19:06:43","0000-00","0","no battery","V"
"09/09/2020","10:48:58","2","default","115855972","OXY_CH2","83.394","min","186.063","µmol/L","Humid","20.573","deg","79112","µV","29.993","°C","1016.000","hPa","35.3","pmil","0","53.237","deg","23.954","°C","100.000","%a.s.","21.023","deg","23.635","°C","1019.000","hPa","0.861","-0.02617","0.00035","0","0","13.56","Humid","28.00","0","54.00","360958.10","SABD0000000001","AAV1.0.0.11","1.1.2.0","PSt7-10","170328-007","9/30/2017 19:06:43","0000-00","0","no battery","V"
"09/09/2020","10:48:59","2","default","115855972","OXY_CH2","83.411","min","186.123","µmol/L","Humid","20.570","deg","79112","µV","29.991","°C","1016.000","hPa","35.3","pmil","0","53.237","deg","23.954","°C","100.000","%a.s.","21.023","deg","23.635","°C","1019.000","hPa","0.861","-0.02617","0.00035","0","0","13.56","Humid","28.00","0","54.00","360947.48","SABD0000000001","AAV1.0.0.11","1.1.2.0","PSt7-10","170328-007","9/30/2017 19:06:43","0000-00","0","no battery","V"
"09/09/2020","10:49:00","2","default","115855972","OXY_CH2","83.427","min","186.077","µmol/L","Humid","20.569","deg","79109","µV","30.002","°C","1016.000","hPa","35.3","pmil","0","53.237","deg","23.954","°C","100.000","%a.s.","21.023","deg","23.635","°C","1019.000","hPa","0.861","-0.02617","0.00035","0","0","13.56","Humid","28.00","0","54.00","360951.84","SABD0000000001","AAV1.0.0.11","1.1.2.0","PSt7-10","170328-007","9/30/2017 19:06:43","0000-00","0","no battery","V"
"09/09/2020","10:49:01","2","default","115855972","OXY_CH2","83.444","min","185.997","µmol/L","Humid","20.575","deg","79108","µV","29.998","°C","1016.000","hPa","35.3","pmil","0","53.237","deg","23.954","°C","100.000","%a.s.","21.023","deg","23.635","°C","1019.000","hPa","0.861","-0.02617","0.00035","0","0","13.56","Humid","28.00","0","54.00","360955.69","SABD0000000001","AAV1.0.0.11","1.1.2.0","PSt7-10","170328-007","9/30/2017 19:06:43","0000-00","0","no battery","V"
"09/09/2020","10:49:02","2","default","115855972","OXY_CH2","83.460","min","186.113","µmol/L","Humid","20.569","deg","79107","µV","29.996","°C","1016.000","hPa","35.3","pmil","0","53.237","deg","23.954","°C","100.000","%a.s.","21.023","deg","23.635","°C","1019.000","hPa","0.861","-0.02617","0.00035","0","0","13.56","Humid","28.00","0","54.00","360940.13","SABD0000000001","AAV1.0.0.11","1.1.2.0","PSt7-10","170328-007","9/30/2017 19:06:43","0000-00","0","no battery","V"
"09/09/2020","10:49:03","2","default","115855972","OXY_CH2","83.477","min","186.096","µmol/L","Humid","20.571","deg","79100","µV","29.993","°C","1016.000","hPa","35.3","pmil","0","53.237","deg","23.954","°C","100.000","%a.s.","21.023","deg","23.635","°C","1019.000","hPa","0.861","-0.02617","0.00035","0","0","13.56","Humid","28.00","0","54.00","360944.41","SABD0000000001","AAV1.0.0.11","1.1.2.0","PSt7-10","170328-007","9/30/2017 19:06:43","0000-00","0","no battery","V"
"09/09/2020","10:49:04","2","default","115855972","OXY_CH2","83.494","min","186.027","µmol/L","Humid","20.574","deg","79106","µV","29.996","°C","1016.000","hPa","35.3","pmil","0","53.237","deg","23.954","°C","100.000","%a.s.","21.023","deg","23.635","°C","1019.000","hPa","0.861","-0.02617","0.00035","0","0","13.56","Humid","28.00","0","54.00","360949.54","SABD0000000001","AAV1.0.0.11","1.1.2.0","PSt7-10","170328-007","9/30/2017 19:06:43","0000-00","0","no battery","V"
"09/09/2020","10:49:05","2","default","115855972","OXY_CH2","83.511","min","186.082","µmol/L","Humid","20.573","deg","79101","µV","29.990","°C","1016.000","hPa","35.3","pmil","0","53.237","deg","23.954","°C","100.000","%a.s.","21.023","deg","23.635","°C","1019.000","hPa","0.861","-0.02617","0.00035","0","0","13.56","Humid","28.00","0","54.00","360963.74","SABD0000000001","AAV1.0.0.11","1.1.2.0","PSt7-10","170328-007","9/30/2017 19:06:43","0000-00","0","no battery","V"
"09/09/2020","10:49:06","2","default","115855972","OXY_CH2","83.527","min","186.241","µmol/L","Humid","20.568","deg","79107","µV","29.977","°C","1016.000","hPa","35.3","pmil","0","53.237","deg","23.954","°C","100.000","%a.s.","21.023","deg","23.635","°C","1019.000","hPa","0.861","-0.02617","0.00035","0","0","13.56","Humid","28.00","0","54.00","360954.03","SABD0000000001","AAV1.0.0.11","1.1.2.0","PSt7-10","170328-007","9/30/2017 19:06:43","0000-00","0","no battery","V"
"09/09/2020","10:49:07","2","default","115855972","OXY_CH2","83.544","min","186.152","µmol/L","Humid","20.571","deg","79104","µV","29.984","°C","1016.000","hPa","35.3","pmil","0","53.237","deg","23.954","°C","100.000","%a.s.","21.023","deg","23.635","°C","1019.000","hPa","0.861","-0.02617","0.00035","0","0","13.56","Humid","28.00","0","54.00","360949.95","SABD0000000001","AAV1.0.0.11","1.1.2.0","PSt7-10","170328-007","9/30/2017 19:06:43","0000-00","0","no battery","V"
"09/09/2020","10:49:08","2","default","115855972","OXY_CH2","83.561","min","186.173","µmol/L","Humid","20.568","deg","79099","µV","29.989","°C","1016.000","hPa","35.3","pmil","0","53.237","deg","23.954","°C","100.000","%a.s.","21.023","deg","23.635","°C","1019.000","hPa","0.861","-0.02617","0.00035","0","0","13.56","Humid","28.00","0","54.00","360955.43","SABD0000000001","AAV1.0.0.11","1.1.2.0","PSt7-10","170328-007","9/30/2017 19:06:43","0000-00","0","no battery","V"
"09/09/2020","10:49:09","2","default","115855972","OXY_CH2","83.577","min","186.158","µmol/L","Humid","20.570","deg","79096","µV","29.986","°C","1016.000","hPa","35.3","pmil","0","53.237","deg","23.954","°C","100.000","%a.s.","21.023","deg","23.635","°C","1019.000","hPa","0.861","-0.02617","0.00035","0","0","13.56","Humid","28.00","0","54.00","360948.87","SABD0000000001","AAV1.0.0.11","1.1.2.0","PSt7-10","170328-007","9/30/2017 19:06:43","0000-00","0","no battery","V"
"09/09/2020","10:49:10","2","default","115855972","OXY_CH2","83.594","min","186.057","µmol/L","Humid","20.570","deg","79093","µV","30.003","°C","1016.000","hPa","35.3","pmil","0","53.237","deg","23.954","°C","100.000","%a.s.","21.023","deg","23.635","°C","1019.000","hPa","0.861","-0.02617","0.00035","0","0","13.56","Humid","28.00","0","54.00","360938.18","SABD0000000001","AAV1.0.0.11","1.1.2.0","PSt7-10","170328-007","9/30/2017 19:06:43","0000-00","0","no battery","V"
"09/09/2020","10:49:11","2","default","115855972","OXY_CH2","83.611","min","186.008","µmol/L","Humid","20.573","deg","79095","µV","30.002","°C","1016.000","hPa","35.3","pmil","0","53.237","deg","23.954","°C","100.000","%a.s.","21.023","deg","23.635","°C","1019.000","hPa","0.861","-0.02617","0.00035","0","0","13.56","Humid","28.00","0","54.00","360952.46","SABD0000000001","AAV1.0.0.11","1.1.2.0","PSt7-10","170328-007","9/30/2017 19:06:43","0000-00","0","no battery","V"
"09/09/2020","10:49:12","2","default","115855972","OXY_CH2","83.627","min","186.087","µmol/L","Humid","20.570","deg","79100","µV","29.998","°C","1016.000","hPa","35.3","pmil","0","53.237","deg","23.954","°C","100.000","%a.s.","21.023","deg","23.635","°C","1019.000","hPa","0.861","-0.02617","0.00035","0","0","13.56","Humid","28.00","0","54.00","360952.11","SABD0000000001","AAV1.0.0.11","1.1.2.0","PSt7-10","170328-007","9/30/2017 19:06:43","0000-00","0","no battery","V"
"09/09/2020","10:49:13","2","default","115855972","OXY_CH2","83.644","min","186.179","µmol/L","Humid","20.565","deg","79091","µV","29.996","°C","1016.000","hPa","35.3","pmil","0","53.237","deg","23.954","°C","100.000","%a.s.","21.023","deg","23.635","°C","1019.000","hPa","0.861","-0.02617","0.00035","0","0","13.56","Humid","28.00","0","54.00","360945.89","SABD0000000001","AAV1.0.0.11","1.1.2.0","PSt7-10","170328-007","9/30/2017 19:06:43","0000-00","0","no battery","V"
"09/09/2020","10:49:14","2","default","115855972","OXY_CH2","83.661","min","186.108","µmol/L","Humid","20.569","deg","79098","µV","29.997","°C","1016.000","hPa","35.3","pmil","0","53.237","deg","23.954","°C","100.000","%a.s.","21.023","deg","23.635","°C","1019.000","hPa","0.861","-0.02617","0.00035","0","0","13.56","Humid","28.00","0","54.00","360944.86","SABD0000000001","AAV1.0.0.11","1.1.2.0","PSt7-10","170328-007","9/30/2017 19:06:43","0000-00","0","no battery","V"
"09/09/2020","10:49:15","2","default","115855972","OXY_CH2","83.678","min","186.167","µmol/L","Humid","20.569","deg","79096","µV","29.987","°C","1016.000","hPa","35.3","pmil","0","53.237","deg","23.954","°C","100.000","%a.s.","21.023","deg","23.635","°C","1019.000","hPa","0.861","-0.02617","0.00035","0","0","13.56","Humid","28.00","0","54.00","360956.14","SABD0000000001","AAV1.0.0.11","1.1.2.0","PSt7-10","170328-007","9/30/2017 19:06:43","0000-00","0","no battery","V"
"09/09/2020","10:49:16","2","default","115855972","OXY_CH2","83.694","min","186.151","µmol/L","Humid","20.568","deg","79091","µV","29.992","°C","1016.000","hPa","35.3","pmil","0","53.237","deg","23.954","°C","100.000","%a.s.","21.023","deg","23.635","°C","1019.000","hPa","0.861","-0.02617","0.00035","0","0","13.56","Humid","28.00","0","54.00","360950.87","SABD0000000001","AAV1.0.0.11","1.1.2.0","PSt7-10","170328-007","9/30/2017 19:06:43","0000-00","0","no battery","V"
"09/09/2020","10:49:17","2","default","115855972","OXY_CH2","83.711","min","186.289","µmol/L","Humid","20.563","deg","79092","µV","29.983","°C","1016.000","hPa","35.3","pmil","0","53.237","deg","23.954","°C","100.000","%a.s.","21.023","deg","23.635","°C","1019.000","hPa","0.861","-0.02617","0.00035","0","0","13.56","Humid","28.00","0","54.00","360938.62","SABD0000000001","AAV1.0.0.11","1.1.2.0","PSt7-10","170328-007","9/30/2017 19:06:43","0000-00","0","no battery","V"
"09/09/2020","10:49:18","2","default","115855972","OXY_CH2","83.727","min","186.218","µmol/L","Humid","20.567","deg","79083","µV","29.984","°C","1016.000","hPa","35.3","pmil","0","53.237","deg","23.954","°C","100.000","%a.s.","21.023","deg","23.635","°C","1019.000","hPa","0.861","-0.02617","0.00035","0","0","13.56","Humid","28.00","0","54.00","360952.33","SABD0000000001","AAV1.0.0.11","1.1.2.0","PSt7-10","170328-007","9/30/2017 19:06:43","0000-00","0","no battery","V"
"09/09/2020","10:49:19","2","default","115855972","OXY_CH2","83.744","min","186.091","µmol/L","Humid","20.566","deg","79088","µV","30.008","°C","1016.000","hPa","35.3","pmil","0","53.237","deg","23.954","°C","100.000","%a.s.","21.023","deg","23.635","°C","1019.000","hPa","0.861","-0.02617","0.00035","0","0","13.56","Humid","28.00","0","54.00","360948.01","SABD0000000001","AAV1.0.0.11","1.1.2.0","PSt7-10","170328-007","9/30/2017 19:06:43","0000-00","0","no battery","V"
"09/09/2020","10:49:20","2","default","115855972","OXY_CH2","83.760","min","186.127","µmol/L","Humid","20.565","deg","79082","µV","30.005","°C","1016.000","hPa","35.3","pmil","0","53.237","deg","23.954","°C","100.000","%a.s.","21.023","deg","23.635","°C","1019.000","hPa","0.861","-0.02617","0.00035","0","0","13.56","Humid","28.00","0","54.00","360957.29","SABD0000000001","AAV1.0.0.11","1.1.2.0","PSt7-10","170328-007","9/30/2017 19:06:43","0000-00","0","no battery","V"
"09/09/2020","10:49:21","2","default","115855972","OXY_CH2","83.777","min","186.111","µmol/L","Humid","20.568","deg","79090","µV","29.999","°C","1016.000","hPa","35.3","pmil","0","53.237","deg","23.954","°C","100.000","%a.s.","21.023","deg","23.635","°C","1019.000","hPa","0.861","-0.02617","0.00035","0","0","13.56","Humid","28.00","0","54.00","360949.91","SABD0000000001","AAV1.0.0.11","1.1.2.0","PSt7-10","170328-007","9/30/2017 19:06:43","0000-00","0","no battery","V"
"09/09/2020","10:49:22","2","default","115855972","OXY_CH2","83.794","min","186.040","µmol/L","Humid","20.569","deg","79082","µV","30.008","°C","1016.000","hPa","35.3","pmil","0","53.237","deg","23.954","°C","100.000","%a.s.","21.023","deg","23.635","°C","1019.000","hPa","0.861","-0.02617","0.00035","0","0","13.56","Humid","28.00","0","54.00","360942.40","SABD0000000001","AAV1.0.0.11","1.1.2.0","PSt7-10","170328-007","9/30/2017 19:06:43","0000-00","0","no battery","V"
"09/09/2020","10:49:23","2","default","115855972","OXY_CH2","83.810","min","186.206","µmol/L","Humid","20.566","deg","79087","µV","29.989","°C","1016.000","hPa","35.3","pmil","0","53.237","deg","23.954","°C","100.000","%a.s.","21.023","deg","23.635","°C","1019.000","hPa","0.861","-0.02617","0.00035","0","0","13.56","Humid","28.00","0","54.00","360942.74","SABD0000000001","AAV1.0.0.11","1.1.2.0","PSt7-10","170328-007","9/30/2017 19:06:43","0000-00","0","no battery","V"
"09/09/2020","10:49:24","2","default","115855972","OXY_CH2","83.828","min","186.286","µmol/L","Humid","20.563","deg","79083","µV","29.984","°C","1016.000","hPa","35.3","pmil","0","53.237","deg","23.954","°C","100.000","%a.s.","21.023","deg","23.635","°C","1019.000","hPa","0.861","-0.02617","0.00035","0","0","13.56","Humid","28.00","0","54.00","360945.34","SABD0000000001","AAV1.0.0.11","1.1.2.0","PSt7-10","170328-007","9/30/2017 19:06:43","0000-00","0","no battery","V"
"09/09/2020","10:49:25","2","default","115855972","OXY_CH2","83.844","min","186.274","µmol/L","Humid","20.564","deg","79073","µV","29.983","°C","1016.000","hPa","35.3","pmil","0","53.237","deg","23.954","°C","100.000","%a.s.","21.023","deg","23.635","°C","1019.000","hPa","0.861","-0.02617","0.00035","0","0","13.56","Humid","28.00","0","54.00","360941.99","SABD0000000001","AAV1.0.0.11","1.1.2.0","PSt7-10","170328-007","9/30/2017 19:06:43","0000-00","0","no battery","V"
"09/09/2020","10:49:26","2","default","115855972","OXY_CH2","83.861","min","186.073","µmol/L","Humid","20.570","deg","79073","µV","30.000","°C","1016.000","hPa","35.3","pmil","0","53.237","deg","23.954","°C","100.000","%a.s.","21.023","deg","23.635","°C","1019.000","hPa","0.861","-0.02617","0.00035","0","0","13.56","Humid","28.00","0","54.00","360933.80","SABD0000000001","AAV1.0.0.11","1.1.2.0","PSt7-10","170328-007","9/30/2017 19:06:43","0000-00","0","no battery","V"
"09/09/2020","10:49:27","2","default","115855972","OXY_CH2","83.878","min","186.216","µmol/L","Humid","20.565","deg","79082","µV","29.990","°C","1016.000","hPa","35.3","pmil","0","53.237","deg","23.954","°C","100.000","%a.s.","21.023","deg","23.635","°C","1019.000","hPa","0.861","-0.02617","0.00035","0","0","13.56","Humid","28.00","0","54.00","360941.47","SABD0000000001","AAV1.0.0.11","1.1.2.0","PSt7-10","170328-007","9/30/2017 19:06:43","0000-00","0","no battery","V"
"09/09/2020","10:49:28","2","default","115855972","OXY_CH2","83.894","min","186.149","µmol/L","Humid","20.567","deg","79073","µV","29.996","°C","1016.000","hPa","35.3","pmil","0","53.237","deg","23.954","°C","100.000","%a.s.","21.023","deg","23.635","°C","1019.000","hPa","0.861","-0.02617","0.00035","0","0","13.56","Humid","28.00","0","54.00","360929.10","SABD0000000001","AAV1.0.0.11","1.1.2.0","PSt7-10","170328-007","9/30/2017 19:06:43","0000-00","0","no battery","V"
"09/09/2020","10:49:29","2","default","115855972","OXY_CH2","83.911","min","186.095","µmol/L","Humid","20.568","deg","79069","µV","30.002","°C","1016.000","hPa","35.3","pmil","0","53.237","deg","23.954","°C","100.000","%a.s.","21.023","deg","23.635","°C","1019.000","hPa","0.861","-0.02617","0.00035","0","0","13.56","Humid","28.00","0","54.00","360926.17","SABD0000000001","AAV1.0.0.11","1.1.2.0","PSt7-10","170328-007","9/30/2017 19:06:43","0000-00","0","no battery","V"
"09/09/2020","10:49:30","2","default","115855972","OXY_CH2","83.928","min","186.236","µmol/L","Humid","20.564","deg","79076","µV","29.990","°C","1016.000","hPa","35.3","pmil","0","53.237","deg","23.954","°C","100.000","%a.s.","21.023","deg","23.635","°C","1019.000","hPa","0.861","-0.02617","0.00035","0","0","13.56","Humid","28.00","0","54.00","360943.43","SABD0000000001","AAV1.0.0.11","1.1.2.0","PSt7-10","170328-007","9/30/2017 19:06:43","0000-00","0","no battery","V"
"09/09/2020","10:49:31","2","default","115855972","OXY_CH2","83.944","min","186.277","µmol/L","Humid","20.562","deg","79072","µV","29.988","°C","1016.000","hPa","35.3","pmil","0","53.237","deg","23.954","°C","100.000","%a.s.","21.023","deg","23.635","°C","1019.000","hPa","0.861","-0.02617","0.00035","0","0","13.56","Humid","28.00","0","54.00","360940.86","SABD0000000001","AAV1.0.0.11","1.1.2.0","PSt7-10","170328-007","9/30/2017 19:06:43","0000-00","0","no battery","V"
"09/09/2020","10:49:32","2","default","115855972","OXY_CH2","83.961","min","186.146","µmol/L","Humid","20.565","deg","79072","µV","30.002","°C","1016.000","hPa","35.3","pmil","0","53.237","deg","23.954","°C","100.000","%a.s.","21.023","deg","23.635","°C","1019.000","hPa","0.861","-0.02617","0.00035","0","0","13.56","Humid","28.00","0","54.00","360931.87","SABD0000000001","AAV1.0.0.11","1.1.2.0","PSt7-10","170328-007","9/30/2017 19:06:43","0000-00","0","no battery","V"
"09/09/2020","10:49:33","2","default","115855972","OXY_CH2","83.978","min","186.129","µmol/L","Humid","20.566","deg","79064","µV","30.002","°C","1016.000","hPa","35.3","pmil","0","53.237","deg","23.954","°C","100.000","%a.s.","21.023","deg","23.635","°C","1019.000","hPa","0.861","-0.02617","0.00035","0","0","13.56","Humid","28.00","0","54.00","360933.72","SABD0000000001","AAV1.0.0.11","1.1.2.0","PSt7-10","170328-007","9/30/2017 19:06:43","0000-00","0","no battery","V"
"09/09/2020","10:49:34","2","default","115855972","OXY_CH2","83.994","min","186.244","µmol/L","Humid","20.562","deg","79063","µV","29.994","°C","1016.000","hPa","35.3","pmil","0","53.237","deg","23.954","°C","100.000","%a.s.","21.023","deg","23.635","°C","1019.000","hPa","0.861","-0.02617","0.00035","0","0","13.56","Humid","28.00","0","54.00","360938.81","SABD0000000001","AAV1.0.0.11","1.1.2.0","PSt7-10","170328-007","9/30/2017 19:06:43","0000-00","0","no battery","V"
"09/09/2020","10:49:35","2","default","115855972","OXY_CH2","84.011","min","186.250","µmol/L","Humid","20.563","deg","79072","µV","29.990","°C","1016.000","hPa","35.3","pmil","0","53.237","deg","23.954","°C","100.000","%a.s.","21.023","deg","23.635","°C","1019.000","hPa","0.861","-0.02617","0.00035","0","0","13.56","Humid","28.00","0","54.00","360948.40","SABD0000000001","AAV1.0.0.11","1.1.2.0","PSt7-10","170328-007","9/30/2017 19:06:43","0000-00","0","no battery","V"
"09/09/2020","10:49:36","2","default","115855972","OXY_CH2","84.027","min","186.203","µmol/L","Humid","20.567","deg","79061","µV","29.986","°C","1016.000","hPa","35.3","pmil","0","53.237","deg","23.954","°C","100.000","%a.s.","21.023","deg","23.635","°C","1019.000","hPa","0.861","-0.02617","0.00035","0","0","13.56","Humid","28.00","0","54.00","360931.84","SABD0000000001","AAV1.0.0.11","1.1.2.0","PSt7-10","170328-007","9/30/2017 19:06:43","0000-00","0","no battery","V"
"09/09/2020","10:49:37","2","default","115855972","OXY_CH2","84.044","min","186.292","µmol/L","Humid","20.560","deg","79067","µV","29.992","°C","1016.000","hPa","35.3","pmil","0","53.237","deg","23.954","°C","100.000","%a.s.","21.023","deg","23.635","°C","1019.000","hPa","0.861","-0.02617","0.00035","0","0","13.56","Humid","28.00","0","54.00","360927.45","SABD0000000001","AAV1.0.0.11","1.1.2.0","PSt7-10","170328-007","9/30/2017 19:06:43","0000-00","0","no battery","V"
"09/09/2020","10:49:38","2","default","115855972","OXY_CH2","84.061","min","186.217","µmol/L","Humid","20.565","deg","79069","µV","29.990","°C","1016.000","hPa","35.3","pmil","0","53.237","deg","23.954","°C","100.000","%a.s.","21.023","deg","23.635","°C","1019.000","hPa","0.861","-0.02617","0.00035","0","0","13.56","Humid","28.00","0","54.00","360932.69","SABD0000000001","AAV1.0.0.11","1.1.2.0","PSt7-10","170328-007","9/30/2017 19:06:43","0000-00","0","no battery","V"
"09/09/2020","10:49:39","2","default","115855972","OXY_CH2","84.077","min","186.151","µmol/L","Humid","20.564","deg","79066","µV","30.004","°C","1016.000","hPa","35.3","pmil","0","53.237","deg","23.954","°C","100.000","%a.s.","21.023","deg","23.635","°C","1019.000","hPa","0.861","-0.02617","0.00035","0","0","13.56","Humid","28.00","0","54.00","360925.34","SABD0000000001","AAV1.0.0.11","1.1.2.0","PSt7-10","170328-007","9/30/2017 19:06:43","0000-00","0","no battery","V"
"09/09/2020","10:49:40","2","default","115855972","OXY_CH2","84.094","min","186.254","µmol/L","Humid","20.562","deg","79061","µV","29.992","°C","1016.000","hPa","35.3","pmil","0","53.237","deg","23.954","°C","100.000","%a.s.","21.023","deg","23.635","°C","1019.000","hPa","0.861","-0.02617","0.00035","0","0","13.56","Humid","28.00","0","54.00","360930.74","SABD0000000001","AAV1.0.0.11","1.1.2.0","PSt7-10","170328-007","9/30/2017 19:06:43","0000-00","0","no battery","V"
"09/09/2020","10:49:41","2","default","115855972","OXY_CH2","84.110","min","186.143","µmol/L","Humid","20.566","deg","79056","µV","30.000","°C","1016.000","hPa","35.3","pmil","0","53.237","deg","23.954","°C","100.000","%a.s.","21.023","deg","23.635","°C","1019.000","hPa","0.861","-0.02617","0.00035","0","0","13.56","Humid","28.00","0","54.00","360935.94","SABD0000000001","AAV1.0.0.11","1.1.2.0","PSt7-10","170328-007","9/30/2017 19:06:43","0000-00","0","no battery","V"
"09/09/2020","10:49:42","2","default","115855972","OXY_CH2","84.127","min","186.139","µmol/L","Humid","20.565","deg","79056","µV","30.003","°C","1016.000","hPa","35.3","pmil","0","53.237","deg","23.954","°C","100.000","%a.s.","21.023","deg","23.635","°C","1019.000","hPa","0.861","-0.02617","0.00035","0","0","13.56","Humid","28.00","0","54.00","360927.88","SABD0000000001","AAV1.0.0.11","1.1.2.0","PSt7-10","170328-007","9/30/2017 19:06:43","0000-00","0","no battery","V"
"09/09/2020","10:49:43","2","default","115855972","OXY_CH2","84.144","min","186.166","µmol/L","Humid","20.568","deg","79050","µV","29.990","°C","1016.000","hPa","35.3","pmil","0","53.237","deg","23.954","°C","100.000","%a.s.","21.023","deg","23.635","°C","1019.000","hPa","0.861","-0.02617","0.00035","0","0","13.56","Humid","28.00","0","54.00","360927.20","SABD0000000001","AAV1.0.0.11","1.1.2.0","PSt7-10","170328-007","9/30/2017 19:06:43","0000-00","0","no battery","V"
"09/09/2020","10:49:44","2","default","115855972","OXY_CH2","84.160","min","186.262","µmol/L","Humid","20.563","deg","79051","µV","29.988","°C","1016.000","hPa","35.3","pmil","0","53.237","deg","23.954","°C","100.000","%a.s.","21.023","deg","23.635","°C","1019.000","hPa","0.861","-0.02617","0.00035","0","0","13.56","Humid","28.00","0","54.00","360903.72","SABD0000000001","AAV1.0.0.11","1.1.2.0","PSt7-10","170328-007","9/30/2017 19:06:43","0000-00","0","no battery","V"
"09/09/2020","10:49:45","2","default","115855972","OXY_CH2","84.177","min","186.340","µmol/L","Humid","20.561","deg","79056","µV","29.981","°C","1016.000","hPa","35.3","pmil","0","53.237","deg","23.954","°C","100.000","%a.s.","21.023","deg","23.635","°C","1019.000","hPa","0.861","-0.02617","0.00035","0","0","13.56","Humid","28.00","0","54.00","360920.10","SABD0000000001","AAV1.0.0.11","1.1.2.0","PSt7-10","170328-007","9/30/2017 19:06:43","0000-00","0","no battery","V"
"09/09/2020","10:49:46","2","default","115855972","OXY_CH2","84.194","min","186.292","µmol/L","Humid","20.561","deg","79047","µV","29.989","°C","1016.000","hPa","35.3","pmil","0","53.237","deg","23.954","°C","100.000","%a.s.","21.023","deg","23.635","°C","1019.000","hPa","0.861","-0.02617","0.00035","0","0","13.56","Humid","28.00","0","54.00","360927.83","SABD0000000001","AAV1.0.0.11","1.1.2.0","PSt7-10","170328-007","9/30/2017 19:06:43","0000-00","0","no battery","V"
"09/09/2020","10:49:47","2","default","115855972","OXY_CH2","84.210","min","186.242","µmol/L","Humid","20.561","deg","79049","µV","29.997","°C","1016.000","hPa","35.3","pmil","0","53.237","deg","23.954","°C","100.000","%a.s.","21.023","deg","23.635","°C","1019.000","hPa","0.861","-0.02617","0.00035","0","0","13.56","Humid","28.00","0","54.00","360924.66","SABD0000000001","AAV1.0.0.11","1.1.2.0","PSt7-10","170328-007","9/30/2017 19:06:43","0000-00","0","no battery","V"
"09/09/2020","10:49:48","2","default","115855972","OXY_CH2","84.227","min","186.205","µmol/L","Humid","20.562","deg","79045","µV","30.001","°C","1016.000","hPa","35.3","pmil","0","53.237","deg","23.954","°C","100.000","%a.s.","21.023","deg","23.635","°C","1019.000","hPa","0.861","-0.02617","0.00035","0","0","13.56","Humid","28.00","0","54.00","360919.33","SABD0000000001","AAV1.0.0.11","1.1.2.0","PSt7-10","170328-007","9/30/2017 19:06:43","0000-00","0","no battery","V"
"09/09/2020","10:49:49","2","default","115855972","OXY_CH2","84.244","min","186.270","µmol/L","Humid","20.562","deg","79046","µV","29.990","°C","1016.000","hPa","35.3","pmil","0","53.237","deg","23.954","°C","100.000","%a.s.","21.023","deg","23.635","°C","1019.000","hPa","0.861","-0.02617","0.00035","0","0","13.56","Humid","28.00","0","54.00","360926.15","SABD0000000001","AAV1.0.0.11","1.1.2.0","PSt7-10","170328-007","9/30/2017 19:06:43","0000-00","0","no battery","V"
"09/09/2020","10:49:50","2","default","115855972","OXY_CH2","84.261","min","186.306","µmol/L","Humid","20.559","deg","79054","µV","29.992","°C","1016.000","hPa","35.3","pmil","0","53.237","deg","23.954","°C","100.000","%a.s.","21.023","deg","23.635","°C","1019.000","hPa","0.861","-0.02617","0.00035","0","0","13.56","Humid","28.00","0","54.00","360911.00","SABD0000000001","AAV1.0.0.11","1.1.2.0","PSt7-10","170328-007","9/30/2017 19:06:43","0000-00","0","no battery","V"
"09/09/2020","10:49:51","2","default","115855972","OXY_CH2","84.278","min","186.225","µmol/L","Humid","20.563","deg","79046","µV","29.994","°C","1016.000","hPa","35.3","pmil","0","53.237","deg","23.954","°C","100.000","%a.s.","21.023","deg","23.635","°C","1019.000","hPa","0.861","-0.02617","0.00035","0","0","13.56","Humid","28.00","0","54.00","360915.07","SABD0000000001","AAV1.0.0.11","1.1.2.0","PSt7-10","170328-007","9/30/2017 19:06:43","0000-00","0","no battery","V"
"09/09/2020","10:49:52","2","default","115855972","OXY_CH2","84.294","min","186.163","µmol/L","Humid","20.565","deg","79041","µV","29.999","°C","1016.000","hPa","35.3","pmil","0","53.237","deg","23.954","°C","100.000","%a.s.","21.023","deg","23.635","°C","1019.000","hPa","0.861","-0.02617","0.00035","0","0","13.56","Humid","28.00","0","54.00","360903.43","SABD0000000001","AAV1.0.0.11","1.1.2.0","PSt7-10","170328-007","9/30/2017 19:06:43","0000-00","0","no battery","V"
"09/09/2020","10:49:53","2","default","115855972","OXY_CH2","84.311","min","186.209","µmol/L","Humid","20.562","deg","79041","µV","30.000","°C","1016.000","hPa","35.3","pmil","0","53.237","deg","23.954","°C","100.000","%a.s.","21.023","deg","23.635","°C","1019.000","hPa","0.861","-0.02617","0.00035","0","0","13.56","Humid","28.00","0","54.00","360915.48","SABD0000000001","AAV1.0.0.11","1.1.2.0","PSt7-10","170328-007","9/30/2017 19:06:43","0000-00","0","no battery","V"
"09/09/2020","10:49:54","2","default","115855972","OXY_CH2","84.327","min","186.139","µmol/L","Humid","20.562","deg","79047","µV","30.012","°C","1016.000","hPa","35.3","pmil","0","53.237","deg","23.954","°C","100.000","%a.s.","21.023","deg","23.635","°C","1019.000","hPa","0.861","-0.02617","0.00035","0","0","13.56","Humid","28.00","0","54.00","360905.11","SABD0000000001","AAV1.0.0.11","1.1.2.0","PSt7-10","170328-007","9/30/2017 19:06:43","0000-00","0","no battery","V"
"09/09/2020","10:49:55","2","default","115855972","OXY_CH2","84.344","min","186.300","µmol/L","Humid","20.560","deg","79042","µV","29.990","°C","1016.000","hPa","35.3","pmil","0","53.237","deg","23.954","°C","100.000","%a.s.","21.023","deg","23.635","°C","1019.000","hPa","0.861","-0.02617","0.00035","0","0","13.56","Humid","28.00","0","54.00","360919.83","SABD0000000001","AAV1.0.0.11","1.1.2.0","PSt7-10","170328-007","9/30/2017 19:06:43","0000-00","0","no battery","V"
"09/09/2020","10:49:56","2","default","115855972","OXY_CH2","84.360","min","186.239","µmol/L","Humid","20.561","deg","79047","µV","29.998","°C","1016.000","hPa","35.3","pmil","0","53.237","deg","23.954","°C","100.000","%a.s.","21.023","deg","23.635","°C","1019.000","hPa","0.861","-0.02617","0.00035","0","0","13.56","Humid","28.00","0","54.00","360915.24","SABD0000000001","AAV1.0.0.11","1.1.2.0","PSt7-10","170328-007","9/30/2017 19:06:43","0000-00","0","no battery","V"
"09/09/2020","10:49:57","2","default","115855972","OXY_CH2","84.377","min","186.157","µmol/L","Humid","20.561","deg","79044","µV","30.012","°C","1016.000","hPa","35.3","pmil","0","53.237","deg","23.954","°C","100.000","%a.s.","21.023","deg","23.635","°C","1019.000","hPa","0.861","-0.02617","0.00035","0","0","13.56","Humid","28.00","0","54.00","360918.41","SABD0000000001","AAV1.0.0.11","1.1.2.0","PSt7-10","170328-007","9/30/2017 19:06:43","0000-00","0","no battery","V"
"09/09/2020","10:49:58","2","default","115855972","OXY_CH2","84.394","min","186.257","µmol/L","Humid","20.557","deg","79047","µV","30.006","°C","1016.000","hPa","35.3","pmil","0","53.237","deg","23.954","°C","100.000","%a.s.","21.023","deg","23.635","°C","1019.000","hPa","0.861","-0.02617","0.00035","0","0","13.56","Humid","28.00","0","54.00","360919.25","SABD0000000001","AAV1.0.0.11","1.1.2.0","PSt7-10","170328-007","9/30/2017 19:06:43","0000-00","0","no battery","V"
"09/09/2020","10:49:59","2","default","115855972","OXY_CH2","84.411","min","186.287","µmol/L","Humid","20.558","deg","79042","µV","29.998","°C","1016.000","hPa","35.3","pmil","0","53.237","deg","23.954","°C","100.000","%a.s.","21.023","deg","23.635","°C","1019.000","hPa","0.861","-0.02617","0.00035","0","0","13.56","Humid","28.00","0","54.00","360904.92","SABD0000000001","AAV1.0.0.11","1.1.2.0","PSt7-10","170328-007","9/30/2017 19:06:43","0000-00","0","no battery","V"
"09/09/2020","10:50:00","2","default","115855972","OXY_CH2","84.427","min","186.307","µmol/L","Humid","20.556","deg","79036","µV","30.001","°C","1016.000","hPa","35.3","pmil","0","53.237","deg","23.954","°C","100.000","%a.s.","21.023","deg","23.635","°C","1019.000","hPa","0.861","-0.02617","0.00035","0","0","13.56","Humid","28.00","0","54.00","360920.20","SABD0000000001","AAV1.0.0.11","1.1.2.0","PSt7-10","170328-007","9/30/2017 19:06:43","0000-00","0","no battery","V"
"09/09/2020","10:50:01","2","default","115855972","OXY_CH2","84.444","min","186.317","µmol/L","Humid","20.557","deg","79041","µV","29.996","°C","1016.000","hPa","35.3","pmil","0","53.237","deg","23.954","°C","100.000","%a.s.","21.023","deg","23.635","°C","1019.000","hPa","0.861","-0.02617","0.00035","0","0","13.56","Humid","28.00","0","54.00","360918.70","SABD0000000001","AAV1.0.0.11","1.1.2.0","PSt7-10","170328-007","9/30/2017 19:06:43","0000-00","0","no battery","V"
"09/09/2020","10:50:02","2","default","115855972","OXY_CH2","84.461","min","186.235","µmol/L","Humid","20.559","deg","79032","µV","30.004","°C","1016.000","hPa","35.3","pmil","0","53.237","deg","23.954","°C","100.000","%a.s.","21.023","deg","23.635","°C","1019.000","hPa","0.861","-0.02617","0.00035","0","0","13.56","Humid","28.00","0","54.00","360897.30","SABD0000000001","AAV1.0.0.11","1.1.2.0","PSt7-10","170328-007","9/30/2017 19:06:43","0000-00","0","no battery","V"
"09/09/2020","10:50:03","2","default","115855972","OXY_CH2","84.478","min","186.325","µmol/L","Humid","20.558","deg","79036","µV","29.992","°C","1016.000","hPa","35.3","pmil","0","53.237","deg","23.954","°C","100.000","%a.s.","21.023","deg","23.635","°C","1019.000","hPa","0.861","-0.02617","0.00035","0","0","13.56","Humid","28.00","0","54.00","360897.05","SABD0000000001","AAV1.0.0.11","1.1.2.0","PSt7-10","170328-007","9/30/2017 19:06:43","0000-00","0","no battery","V"
"09/09/2020","10:50:04","2","default","115855972","OXY_CH2","84.494","min","186.356","µmol/L","Humid","20.557","deg","79032","µV","29.989","°C","1016.000","hPa","35.3","pmil","0","53.237","deg","23.954","°C","100.000","%a.s.","21.023","deg","23.635","°C","1019.000","hPa","0.861","-0.02617","0.00035","0","0","13.56","Humid","28.00","0","54.00","360898.08","SABD0000000001","AAV1.0.0.11","1.1.2.0","PSt7-10","170328-007","9/30/2017 19:06:43","0000-00","0","no battery","V"
"09/09/2020","10:50:05","2","default","115855972","OXY_CH2","84.511","min","186.355","µmol/L","Humid","20.556","deg","79033","µV","29.993","°C","1016.000","hPa","35.3","pmil","0","53.237","deg","23.954","°C","100.000","%a.s.","21.023","deg","23.635","°C","1019.000","hPa","0.861","-0.02617","0.00035","0","0","13.56","Humid","28.00","0","54.00","360899.00","SABD0000000001","AAV1.0.0.11","1.1.2.0","PSt7-10","170328-007","9/30/2017 19:06:43","0000-00","0","no battery","V"
"09/09/2020","10:50:06","2","default","115855972","OXY_CH2","84.528","min","186.335","µmol/L","Humid","20.559","deg","79037","µV","29.987","°C","1016.000","hPa","35.3","pmil","0","53.237","deg","23.954","°C","100.000","%a.s.","21.023","deg","23.635","°C","1019.000","hPa","0.861","-0.02617","0.00035","0","0","13.56","Humid","28.00","0","54.00","360907.87","SABD0000000001","AAV1.0.0.11","1.1.2.0","PSt7-10","170328-007","9/30/2017 19:06:43","0000-00","0","no battery","V"
"09/09/2020","10:50:07","2","default","115855972","OXY_CH2","84.544","min","186.233","µmol/L","Humid","20.559","deg","79031","µV","30.005","°C","1016.000","hPa","35.3","pmil","0","53.237","deg","23.954","°C","100.000","%a.s.","21.023","deg","23.635","°C","1019.000","hPa","0.861","-0.02617","0.00035","0","0","13.56","Humid","28.00","0","54.00","360915.76","SABD0000000001","AAV1.0.0.11","1.1.2.0","PSt7-10","170328-007","9/30/2017 19:06:43","0000-00","0","no battery","V"
"09/09/2020","10:50:08","2","default","115855972","OXY_CH2","84.561","min","186.111","µmol/L","Humid","20.562","deg","79031","µV","30.017","°C","1016.000","hPa","35.3","pmil","0","53.237","deg","23.954","°C","100.000","%a.s.","21.023","deg","23.635","°C","1019.000","hPa","0.861","-0.02617","0.00035","0","0","13.56","Humid","28.00","0","54.00","360908.95","SABD0000000001","AAV1.0.0.11","1.1.2.0","PSt7-10","170328-007","9/30/2017 19:06:43","0000-00","0","no battery","V"
"09/09/2020","10:50:09","2","default","115855972","OXY_CH2","84.577","min","186.312","µmol/L","Humid","20.559","deg","79031","µV","29.991","°C","1016.000","hPa","35.3","pmil","0","53.237","deg","23.954","°C","100.000","%a.s.","21.023","deg","23.635","°C","1019.000","hPa","0.861","-0.02617","0.00035","0","0","13.56","Humid","28.00","0","54.00","360891.19","SABD0000000001","AAV1.0.0.11","1.1.2.0","PSt7-10","170328-007","9/30/2017 19:06:43","0000-00","0","no battery","V"
"09/09/2020","10:50:10","2","default","115855972","OXY_CH2","84.594","min","186.105","µmol/L","Humid","20.567","deg","79020","µV","30.003","°C","1016.000","hPa","35.3","pmil","0","53.237","deg","23.954","°C","100.000","%a.s.","21.023","deg","23.635","°C","1019.000","hPa","0.861","-0.02617","0.00035","0","0","13.56","Humid","28.00","0","54.00","360901.44","SABD0000000001","AAV1.0.0.11","1.1.2.0","PSt7-10","170328-007","9/30/2017 19:06:43","0000-00","0","no battery","V"
"09/09/2020","10:50:11","2","default","115855972","OXY_CH2","84.610","min","186.283","µmol/L","Humid","20.557","deg","79025","µV","30.002","°C","1016.000","hPa","35.3","pmil","0","53.237","deg","23.954","°C","100.000","%a.s.","21.023","deg","23.635","°C","1019.000","hPa","0.861","-0.02617","0.00035","0","0","13.56","Humid","28.00","0","54.00","360904.42","SABD0000000001","AAV1.0.0.11","1.1.2.0","PSt7-10","170328-007","9/30/2017 19:06:43","0000-00","0","no battery","V"
"09/09/2020","10:50:12","2","default","115855972","OXY_CH2","84.627","min","186.364","µmol/L","Humid","20.558","deg","79028","µV","29.985","°C","1016.000","hPa","35.3","pmil","0","53.237","deg","23.954","°C","100.000","%a.s.","21.023","deg","23.635","°C","1019.000","hPa","0.861","-0.02617","0.00035","0","0","13.56","Humid","28.00","0","54.00","360908.27","SABD0000000001","AAV1.0.0.11","1.1.2.0","PSt7-10","170328-007","9/30/2017 19:06:43","0000-00","0","no battery","V"
"09/09/2020","10:50:13","2","default","115855972","OXY_CH2","84.644","min","186.324","µmol/L","Humid","20.556","deg","79028","µV","29.998","°C","1016.000","hPa","35.3","pmil","0","53.237","deg","23.954","°C","100.000","%a.s.","21.023","deg","23.635","°C","1019.000","hPa","0.861","-0.02617","0.00035","0","0","13.56","Humid","28.00","0","54.00","360905.70","SABD0000000001","AAV1.0.0.11","1.1.2.0","PSt7-10","170328-007","9/30/2017 19:06:43","0000-00","0","no battery","V"
"09/09/2020","10:50:14","2","default","115855972","OXY_CH2","84.660","min","186.327","µmol/L","Humid","20.558","deg","79022","µV","29.991","°C","1016.000","hPa","35.3","pmil","0","53.237","deg","23.954","°C","100.000","%a.s.","21.023","deg","23.635","°C","1019.000","hPa","0.861","-0.02617","0.00035","0","0","13.56","Humid","28.00","0","54.00","360897.79","SABD0000000001","AAV1.0.0.11","1.1.2.0","PSt7-10","170328-007","9/30/2017 19:06:43","0000-00","0","no battery","V"
"09/09/2020","10:50:15","2","default","115855972","OXY_CH2","84.677","min","186.326","µmol/L","Humid","20.558","deg","79022","µV","29.992","°C","1016.000","hPa","35.3","pmil","0","53.237","deg","23.954","°C","100.000","%a.s.","21.023","deg","23.635","°C","1019.000","hPa","0.861","-0.02617","0.00035","0","0","13.56","Humid","28.00","0","54.00","360896.58","SABD0000000001","AAV1.0.0.11","1.1.2.0","PSt7-10","170328-007","9/30/2017 19:06:43","0000-00","0","no battery","V"
"09/09/2020","10:50:16","2","default","115855972","OXY_CH2","84.694","min","186.321","µmol/L","Humid","20.558","deg","79026","µV","29.993","°C","1016.000","hPa","35.3","pmil","0","53.237","deg","23.954","°C","100.000","%a.s.","21.023","deg","23.635","°C","1019.000","hPa","0.861","-0.02617","0.00035","0","0","13.56","Humid","28.00","0","54.00","360891.57","SABD0000000001","AAV1.0.0.11","1.1.2.0","PSt7-10","170328-007","9/30/2017 19:06:43","0000-00","0","no battery","V"
"09/09/2020","10:50:17","2","default","115855972","OXY_CH2","84.711","min","186.408","µmol/L","Humid","20.552","deg","79028","µV","29.995","°C","1016.000","hPa","35.3","pmil","0","53.237","deg","23.954","°C","100.000","%a.s.","21.023","deg","23.635","°C","1019.000","hPa","0.861","-0.02617","0.00035","0","0","13.56","Humid","28.00","0","54.00","360897.54","SABD0000000001","AAV1.0.0.11","1.1.2.0","PSt7-10","170328-007","9/30/2017 19:06:43","0000-00","0","no battery","V"
"09/09/2020","10:50:18","2","default","115855972","OXY_CH2","84.728","min","186.172","µmol/L","Humid","20.561","deg","79016","µV","30.009","°C","1016.000","hPa","35.3","pmil","0","53.237","deg","23.954","°C","100.000","%a.s.","21.023","deg","23.635","°C","1019.000","hPa","0.861","-0.02617","0.00035","0","0","13.56","Humid","28.00","0","54.00","360902.34","SABD0000000001","AAV1.0.0.11","1.1.2.0","PSt7-10","170328-007","9/30/2017 19:06:43","0000-00","0","no battery","V"
"09/09/2020","10:50:19","2","default","115855972","OXY_CH2","84.744","min","186.264","µmol/L","Humid","20.559","deg","79020","µV","29.999","°C","1016.000","hPa","35.3","pmil","0","53.237","deg","23.954","°C","100.000","%a.s.","21.023","deg","23.635","°C","1019.000","hPa","0.861","-0.02617","0.00035","0","0","13.56","Humid","28.00","0","54.00","360895.13","SABD0000000001","AAV1.0.0.11","1.1.2.0","PSt7-10","170328-007","9/30/2017 19:06:43","0000-00","0","no battery","V"
"09/09/2020","10:50:20","2","default","115855972","OXY_CH2","84.761","min","186.276","µmol/L","Humid","20.561","deg","79017","µV","29.992","°C","1016.000","hPa","35.3","pmil","0","53.237","deg","23.954","°C","100.000","%a.s.","21.023","deg","23.635","°C","1019.000","hPa","0.861","-0.02617","0.00035","0","0","13.56","Humid","28.00","0","54.00","360890.92","SABD0000000001","AAV1.0.0.11","1.1.2.0","PSt7-10","170328-007","9/30/2017 19:06:43","0000-00","0","no battery","V"
"09/09/2020","10:50:21","2","default","115855972","OXY_CH2","84.778","min","186.378","µmol/L","Humid","20.554","deg","79015","µV","29.995","°C","1016.000","hPa","35.3","pmil","0","53.237","deg","23.954","°C","100.000","%a.s.","21.023","deg","23.635","°C","1019.000","hPa","0.861","-0.02617","0.00035","0","0","13.56","Humid","28.00","0","54.00","360900.02","SABD0000000001","AAV1.0.0.11","1.1.2.0","PSt7-10","170328-007","9/30/2017 19:06:43","0000-00","0","no battery","V"
"09/09/2020","10:50:22","2","default","115855972","OXY_CH2","84.794","min","186.320","µmol/L","Humid","20.557","deg","79009","µV","29.996","°C","1016.000","hPa","35.3","pmil","0","53.237","deg","23.954","°C","100.000","%a.s.","21.023","deg","23.635","°C","1019.000","hPa","0.861","-0.02617","0.00035","0","0","13.56","Humid","28.00","0","54.00","360898.95","SABD0000000001","AAV1.0.0.11","1.1.2.0","PSt7-10","170328-007","9/30/2017 19:06:43","0000-00","0","no battery","V"
"09/09/2020","10:50:23","2","default","115855972","OXY_CH2","84.811","min","186.364","µmol/L","Humid","20.554","deg","79016","µV","29.997","°C","1016.000","hPa","35.3","pmil","0","53.237","deg","23.954","°C","100.000","%a.s.","21.023","deg","23.635","°C","1019.000","hPa","0.861","-0.02617","0.00035","0","0","13.56","Humid","28.00","0","54.00","360885.92","SABD0000000001","AAV1.0.0.11","1.1.2.0","PSt7-10","170328-007","9/30/2017 19:06:43","0000-00","0","no battery","V"
"09/09/2020","10:50:24","2","default","115855972","OXY_CH2","84.827","min","186.413","µmol/L","Humid","20.553","deg","79012","µV","29.991","°C","1016.000","hPa","35.3","pmil","0","53.237","deg","23.954","°C","100.000","%a.s.","21.023","deg","23.635","°C","1019.000","hPa","0.861","-0.02617","0.00035","0","0","13.56","Humid","28.00","0","54.00","360893.54","SABD0000000001","AAV1.0.0.11","1.1.2.0","PSt7-10","170328-007","9/30/2017 19:06:43","0000-00","0","no battery","V"
"09/09/2020","10:50:25","2","default","115855972","OXY_CH2","84.844","min","186.142","µmol/L","Humid","20.559","deg","79011","µV","30.020","°C","1016.000","hPa","35.3","pmil","0","53.237","deg","23.954","°C","100.000","%a.s.","21.023","deg","23.635","°C","1019.000","hPa","0.861","-0.02617","0.00035","0","0","13.56","Humid","28.00","0","54.00","360882.29","SABD0000000001","AAV1.0.0.11","1.1.2.0","PSt7-10","170328-007","9/30/2017 19:06:43","0000-00","0","no battery","V"
"09/09/2020","10:50:26","2","default","115855972","OXY_CH2","84.861","min","186.360","µmol/L","Humid","20.556","deg","79008","µV","29.992","°C","1016.000","hPa","35.3","pmil","0","53.237","deg","23.954","°C","100.000","%a.s.","21.023","deg","23.635","°C","1019.000","hPa","0.861","-0.02617","0.00035","0","0","13.56","Humid","28.00","0","54.00","360876.14","SABD0000000001","AAV1.0.0.11","1.1.2.0","PSt7-10","170328-007","9/30/2017 19:06:43","0000-00","0","no battery","V"
"09/09/2020","10:50:27","2","default","115855972","OXY_CH2","84.877","min","186.297","µmol/L","Humid","20.555","deg","79013","µV","30.005","°C","1016.000","hPa","35.3","pmil","0","53.237","deg","23.954","°C","100.000","%a.s.","21.023","deg","23.635","°C","1019.000","hPa","0.861","-0.02617","0.00035","0","0","13.56","Humid","28.00","0","54.00","360883.70","SABD0000000001","AAV1.0.0.11","1.1.2.0","PSt7-10","170328-007","9/30/2017 19:06:43","0000-00","0","no battery","V"
"09/09/2020","10:50:28","2","default","115855972","OXY_CH2","84.894","min","186.336","µmol/L","Humid","20.556","deg","79010","µV","29.996","°C","1016.000","hPa","35.3","pmil","0","53.237","deg","23.954","°C","100.000","%a.s.","21.023","deg","23.635","°C","1019.000","hPa","0.861","-0.02617","0.00035","0","0","13.56","Humid","28.00","0","54.00","360889.18","SABD0000000001","AAV1.0.0.11","1.1.2.0","PSt7-10","170328-007","9/30/2017 19:06:43","0000-00","0","no battery","V"
"09/09/2020","10:50:29","2","default","115855972","OXY_CH2","84.911","min","186.339","µmol/L","Humid","20.555","deg","79012","µV","29.998","°C","1016.000","hPa","35.3","pmil","0","53.237","deg","23.954","°C","100.000","%a.s.","21.023","deg","23.635","°C","1019.000","hPa","0.861","-0.02617","0.00035","0","0","13.56","Humid","28.00","0","54.00","360887.73","SABD0000000001","AAV1.0.0.11","1.1.2.0","PSt7-10","170328-007","9/30/2017 19:06:43","0000-00","0","no battery","V"
"09/09/2020","10:50:30","2","default","115855972","OXY_CH2","84.928","min","186.279","µmol/L","Humid","20.553","deg","79014","µV","30.014","°C","1016.000","hPa","35.3","pmil","0","53.237","deg","23.954","°C","100.000","%a.s.","21.023","deg","23.635","°C","1019.000","hPa","0.861","-0.02617","0.00035","0","0","13.56","Humid","28.00","0","54.00","360879.45","SABD0000000001","AAV1.0.0.11","1.1.2.0","PSt7-10","170328-007","9/30/2017 19:06:43","0000-00","0","no battery","V"
"09/09/2020","10:50:31","2","default","115855972","OXY_CH2","84.944","min","186.308","µmol/L","Humid","20.556","deg","79006","µV","30.000","°C","1016.000","hPa","35.3","pmil","0","53.237","deg","23.954","°C","100.000","%a.s.","21.023","deg","23.635","°C","1019.000","hPa","0.861","-0.02617","0.00035","0","0","13.56","Humid","28.00","0","54.00","360894.19","SABD0000000001","AAV1.0.0.11","1.1.2.0","PSt7-10","170328-007","9/30/2017 19:06:43","0000-00","0","no battery","V"
"09/09/2020","10:50:32","2","default","115855972","OXY_CH2","84.961","min","186.282","µmol/L","Humid","20.556","deg","79008","µV","30.005","°C","1016.000","hPa","35.3","pmil","0","53.237","deg","23.954","°C","100.000","%a.s.","21.023","deg","23.635","°C","1019.000","hPa","0.861","-0.02617","0.00035","0","0","13.56","Humid","28.00","0","54.00","360883.92","SABD0000000001","AAV1.0.0.11","1.1.2.0","PSt7-10","170328-007","9/30/2017 19:06:43","0000-00","0","no battery","V"
"09/09/2020","10:50:33","2","default","115855972","OXY_CH2","84.978","min","186.336","µmol/L","Humid","20.554","deg","79004","µV","30.002","°C","1016.000","hPa","35.3","pmil","0","53.237","deg","23.954","°C","100.000","%a.s.","21.023","deg","23.635","°C","1019.000","hPa","0.861","-0.02617","0.00035","0","0","13.56","Humid","28.00","0","54.00","360886.24","SABD0000000001","AAV1.0.0.11","1.1.2.0","PSt7-10","170328-007","9/30/2017 19:06:43","0000-00","0","no battery","V"
"09/09/2020","10:50:34","2","default","115855972","OXY_CH2","84.994","min","186.329","µmol/L","Humid","20.554","deg","79006","µV","30.003","°C","1016.000","hPa","35.3","pmil","0","53.237","deg","23.954","°C","100.000","%a.s.","21.023","deg","23.635","°C","1019.000","hPa","0.861","-0.02617","0.00035","0","0","13.56","Humid","28.00","0","54.00","360895.52","SABD0000000001","AAV1.0.0.11","1.1.2.0","PSt7-10","170328-007","9/30/2017 19:06:43","0000-00","0","no battery","V"
"09/09/2020","10:50:35","2","default","115855972","OXY_CH2","85.010","min","186.340","µmol/L","Humid","20.552","deg","79008","µV","30.007","°C","1016.000","hPa","35.3","pmil","0","53.237","deg","23.954","°C","100.000","%a.s.","21.023","deg","23.635","°C","1019.000","hPa","0.861","-0.02617","0.00035","0","0","13.56","Humid","28.00","0","54.00","360884.42","SABD0000000001","AAV1.0.0.11","1.1.2.0","PSt7-10","170328-007","9/30/2017 19:06:43","0000-00","0","no battery","V"
"09/09/2020","10:50:36","2","default","115855972","OXY_CH2","85.027","min","186.298","µmol/L","Humid","20.554","deg","79003","µV","30.008","°C","1016.000","hPa","35.3","pmil","0","53.237","deg","23.954","°C","100.000","%a.s.","21.023","deg","23.635","°C","1019.000","hPa","0.861","-0.02617","0.00035","0","0","13.56","Humid","28.00","0","54.00","360886.47","SABD0000000001","AAV1.0.0.11","1.1.2.0","PSt7-10","170328-007","9/30/2017 19:06:43","0000-00","0","no battery","V"
"09/09/2020","10:50:37","2","default","115855972","OXY_CH2","85.044","min","186.374","µmol/L","Humid","20.552","deg","78993","µV","30.001","°C","1016.000","hPa","35.3","pmil","0","53.237","deg","23.954","°C","100.000","%a.s.","21.023","deg","23.635","°C","1019.000","hPa","0.861","-0.02617","0.00035","0","0","13.56","Humid","28.00","0","54.00","360888.36","SABD0000000001","AAV1.0.0.11","1.1.2.0","PSt7-10","170328-007","9/30/2017 19:06:43","0000-00","0","no battery","V"
"09/09/2020","10:50:38","2","default","115855972","OXY_CH2","85.060","min","186.331","µmol/L","Humid","20.555","deg","78999","µV","30.000","°C","1016.000","hPa","35.3","pmil","0","53.237","deg","23.954","°C","100.000","%a.s.","21.023","deg","23.635","°C","1019.000","hPa","0.861","-0.02617","0.00035","0","0","13.56","Humid","28.00","0","54.00","360883.32","SABD0000000001","AAV1.0.0.11","1.1.2.0","PSt7-10","170328-007","9/30/2017 19:06:43","0000-00","0","no battery","V"
"09/09/2020","10:50:39","2","default","115855972","OXY_CH2","85.077","min","186.435","µmol/L","Humid","20.547","deg","78993","µV","30.005","°C","1016.000","hPa","35.3","pmil","0","53.237","deg","23.954","°C","100.000","%a.s.","21.023","deg","23.635","°C","1019.000","hPa","0.861","-0.02617","0.00035","0","0","13.56","Humid","28.00","0","54.00","360884.11","SABD0000000001","AAV1.0.0.11","1.1.2.0","PSt7-10","170328-007","9/30/2017 19:06:43","0000-00","0","no battery","V"
"09/09/2020","10:50:40","2","default","115855972","OXY_CH2","85.094","min","186.316","µmol/L","Humid","20.554","deg","78997","µV","30.005","°C","1016.000","hPa","35.3","pmil","0","53.237","deg","23.954","°C","100.000","%a.s.","21.023","deg","23.635","°C","1019.000","hPa","0.861","-0.02617","0.00035","0","0","13.56","Humid","28.00","0","54.00","360886.08","SABD0000000001","AAV1.0.0.11","1.1.2.0","PSt7-10","170328-007","9/30/2017 19:06:43","0000-00","0","no battery","V"
"09/09/2020","10:50:41","2","default","115855972","OXY_CH2","85.111","min","186.307","µmol/L","Humid","20.554","deg","79001","µV","30.006","°C","1016.000","hPa","35.3","pmil","0","53.237","deg","23.954","°C","100.000","%a.s.","21.023","deg","23.635","°C","1019.000","hPa","0.861","-0.02617","0.00035","0","0","13.56","Humid","28.00","0","54.00","360888.57","SABD0000000001","AAV1.0.0.11","1.1.2.0","PSt7-10","170328-007","9/30/2017 19:06:43","0000-00","0","no battery","V"
"09/09/2020","10:50:42","2","default","115855972","OXY_CH2","85.127","min","186.354","µmol/L","Humid","20.554","deg","78998","µV","29.999","°C","1016.000","hPa","35.3","pmil","0","53.237","deg","23.954","°C","100.000","%a.s.","21.023","deg","23.635","°C","1019.000","hPa","0.861","-0.02617","0.00035","0","0","13.56","Humid","28.00","0","54.00","360871.16","SABD0000000001","AAV1.0.0.11","1.1.2.0","PSt7-10","170328-007","9/30/2017 19:06:43","0000-00","0","no battery","V"
"09/09/2020","10:50:43","2","default","115855972","OXY_CH2","85.144","min","186.401","µmol/L","Humid","20.555","deg","78997","µV","29.988","°C","1016.000","hPa","35.3","pmil","0","53.237","deg","23.954","°C","100.000","%a.s.","21.023","deg","23.635","°C","1019.000","hPa","0.861","-0.02617","0.00035","0","0","13.56","Humid","28.00","0","54.00","360878.59","SABD0000000001","AAV1.0.0.11","1.1.2.0","PSt7-10","170328-007","9/30/2017 19:06:43","0000-00","0","no battery","V"
"09/09/2020","10:50:44","2","default","115855972","OXY_CH2","85.161","min","186.486","µmol/L","Humid","20.550","deg","78993","µV","29.988","°C","1016.000","hPa","35.3","pmil","0","53.237","deg","23.954","°C","100.000","%a.s.","21.023","deg","23.635","°C","1019.000","hPa","0.861","-0.02617","0.00035","0","0","13.56","Humid","28.00","0","54.00","360882.89","SABD0000000001","AAV1.0.0.11","1.1.2.0","PSt7-10","170328-007","9/30/2017 19:06:43","0000-00","0","no battery","V"
"09/09/2020","10:50:45","2","default","115855972","OXY_CH2","85.177","min","186.311","µmol/L","Humid","20.550","deg","78983","µV","30.017","°C","1016.000","hPa","35.3","pmil","0","53.237","deg","23.954","°C","100.000","%a.s.","21.023","deg","23.635","°C","1019.000","hPa","0.861","-0.02617","0.00035","0","0","13.56","Humid","28.00","0","54.00","360862.55","SABD0000000001","AAV1.0.0.11","1.1.2.0","PSt7-10","170328-007","9/30/2017 19:06:43","0000-00","0","no battery","V"
"09/09/2020","10:50:46","2","default","115855972","OXY_CH2","85.194","min","186.412","µmol/L","Humid","20.549","deg","78990","µV","30.003","°C","1016.000","hPa","35.3","pmil","0","53.237","deg","23.954","°C","100.000","%a.s.","21.023","deg","23.635","°C","1019.000","hPa","0.861","-0.02617","0.00035","0","0","13.56","Humid","28.00","0","54.00","360858.63","SABD0000000001","AAV1.0.0.11","1.1.2.0","PSt7-10","170328-007","9/30/2017 19:06:43","0000-00","0","no battery","V"
"09/09/2020","10:50:47","2","default","115855972","OXY_CH2","85.210","min","186.463","µmol/L","Humid","20.548","deg","78985","µV","29.997","°C","1016.000","hPa","35.3","pmil","0","53.237","deg","23.954","°C","100.000","%a.s.","21.023","deg","23.635","°C","1019.000","hPa","0.861","-0.02617","0.00035","0","0","13.56","Humid","28.00","0","54.00","360872.68","SABD0000000001","AAV1.0.0.11","1.1.2.0","PSt7-10","170328-007","9/30/2017 19:06:43","0000-00","0","no battery","V"
"09/09/2020","10:50:48","2","default","115855972","OXY_CH2","85.227","min","186.440","µmol/L","Humid","20.551","deg","78989","µV","29.993","°C","1016.000","hPa","35.3","pmil","0","53.237","deg","23.954","°C","100.000","%a.s.","21.023","deg","23.635","°C","1019.000","hPa","0.861","-0.02617","0.00035","0","0","13.56","Humid","28.00","0","54.00","360871.80","SABD0000000001","AAV1.0.0.11","1.1.2.0","PSt7-10","170328-007","9/30/2017 19:06:43","0000-00","0","no battery","V"
"09/09/2020","10:50:49","2","default","115855972","OXY_CH2","85.244","min","186.511","µmol/L","Humid","20.546","deg","78984","µV","29.995","°C","1016.000","hPa","35.3","pmil","0","53.237","deg","23.954","°C","100.000","%a.s.","21.023","deg","23.635","°C","1019.000","hPa","0.861","-0.02617","0.00035","0","0","13.56","Humid","28.00","0","54.00","360859.31","SABD0000000001","AAV1.0.0.11","1.1.2.0","PSt7-10","170328-007","9/30/2017 19:06:43","0000-00","0","no battery","V"
"09/09/2020","10:50:50","2","default","115855972","OXY_CH2","85.260","min","186.301","µmol/L","Humid","20.554","deg","78984","µV","30.008","°C","1016.000","hPa","35.3","pmil","0","53.237","deg","23.954","°C","100.000","%a.s.","21.023","deg","23.635","°C","1019.000","hPa","0.861","-0.02617","0.00035","0","0","13.56","Humid","28.00","0","54.00","360871.94","SABD0000000001","AAV1.0.0.11","1.1.2.0","PSt7-10","170328-007","9/30/2017 19:06:43","0000-00","0","no battery","V"
"09/09/2020","10:50:51","2","default","115855972","OXY_CH2","85.277","min","186.378","µmol/L","Humid","20.552","deg","78985","µV","30.000","°C","1016.000","hPa","35.3","pmil","0","53.237","deg","23.954","°C","100.000","%a.s.","21.023","deg","23.635","°C","1019.000","hPa","0.861","-0.02617","0.00035","0","0","13.56","Humid","28.00","0","54.00","360864.06","SABD0000000001","AAV1.0.0.11","1.1.2.0","PSt7-10","170328-007","9/30/2017 19:06:43","0000-00","0","no battery","V"
"09/09/2020","10:50:52","2","default","115855972","OXY_CH2","85.294","min","186.312","µmol/L","Humid","20.553","deg","78985","µV","30.009","°C","1016.000","hPa","35.3","pmil","0","53.237","deg","23.954","°C","100.000","%a.s.","21.023","deg","23.635","°C","1019.000","hPa","0.861","-0.02617","0.00035","0","0","13.56","Humid","28.00","0","54.00","360856.84","SABD0000000001","AAV1.0.0.11","1.1.2.0","PSt7-10","170328-007","9/30/2017 19:06:43","0000-00","0","no battery","V"
"09/09/2020","10:50:53","2","default","115855972","OXY_CH2","85.310","min","186.492","µmol/L","Humid","20.545","deg","78980","µV","30.001","°C","1016.000","hPa","35.3","pmil","0","53.237","deg","23.954","°C","100.000","%a.s.","21.023","deg","23.635","°C","1019.000","hPa","0.861","-0.02617","0.00035","0","0","13.56","Humid","28.00","0","54.00","360855.30","SABD0000000001","AAV1.0.0.11","1.1.2.0","PSt7-10","170328-007","9/30/2017 19:06:43","0000-00","0","no battery","V"
"09/09/2020","10:50:54","2","default","115855972","OXY_CH2","85.327","min","186.412","µmol/L","Humid","20.546","deg","78981","µV","30.012","°C","1016.000","hPa","35.3","pmil","0","53.237","deg","23.954","°C","100.000","%a.s.","21.023","deg","23.635","°C","1019.000","hPa","0.861","-0.02617","0.00035","0","0","13.56","Humid","28.00","0","54.00","360849.53","SABD0000000001","AAV1.0.0.11","1.1.2.0","PSt7-10","170328-007","9/30/2017 19:06:43","0000-00","0","no battery","V"
"09/09/2020","10:50:55","2","default","115855972","OXY_CH2","85.345","min","186.370","µmol/L","Humid","20.551","deg","78985","µV","30.005","°C","1016.000","hPa","35.3","pmil","0","53.237","deg","23.954","°C","100.000","%a.s.","21.023","deg","23.635","°C","1019.000","hPa","0.861","-0.02617","0.00035","0","0","13.56","Humid","28.00","0","54.00","360859.77","SABD0000000001","AAV1.0.0.11","1.1.2.0","PSt7-10","170328-007","9/30/2017 19:06:43","0000-00","0","no battery","V"
"09/09/2020","10:50:56","2","default","115855972","OXY_CH2","85.361","min","186.431","µmol/L","Humid","20.547","deg","78975","µV","30.006","°C","1016.000","hPa","35.3","pmil","0","53.237","deg","23.954","°C","100.000","%a.s.","21.023","deg","23.635","°C","1019.000","hPa","0.861","-0.02617","0.00035","0","0","13.56","Humid","28.00","0","54.00","360847.43","SABD0000000001","AAV1.0.0.11","1.1.2.0","PSt7-10","170328-007","9/30/2017 19:06:43","0000-00","0","no battery","V"
"09/09/2020","10:50:57","2","default","115855972","OXY_CH2","85.377","min","186.459","µmol/L","Humid","20.548","deg","78968","µV","29.998","°C","1016.000","hPa","35.3","pmil","0","53.237","deg","23.954","°C","100.000","%a.s.","21.023","deg","23.635","°C","1019.000","hPa","0.861","-0.02617","0.00035","0","0","13.56","Humid","28.00","0","54.00","360858.85","SABD0000000001","AAV1.0.0.11","1.1.2.0","PSt7-10","170328-007","9/30/2017 19:06:43","0000-00","0","no battery","V"
"09/09/2020","10:50:58","2","default","115855972","OXY_CH2","85.394","min","186.472","µmol/L","Humid","20.550","deg","78978","µV","29.990","°C","1016.000","hPa","35.3","pmil","0","53.237","deg","23.954","°C","100.000","%a.s.","21.023","deg","23.635","°C","1019.000","hPa","0.861","-0.02617","0.00035","0","0","13.56","Humid","28.00","0","54.00","360856.57","SABD0000000001","AAV1.0.0.11","1.1.2.0","PSt7-10","170328-007","9/30/2017 19:06:43","0000-00","0","no battery","V"
"09/09/2020","10:50:59","2","default","115855972","OXY_CH2","85.410","min","186.468","µmol/L","Humid","20.545","deg","78974","µV","30.005","°C","1016.000","hPa","35.3","pmil","0","53.237","deg","23.954","°C","100.000","%a.s.","21.023","deg","23.635","°C","1019.000","hPa","0.861","-0.02617","0.00035","0","0","13.56","Humid","28.00","0","54.00","360854.86","SABD0000000001","AAV1.0.0.11","1.1.2.0","PSt7-10","170328-007","9/30/2017 19:06:43","0000-00","0","no battery","V"
"09/09/2020","10:51:00","2","default","115855972","OXY_CH2","85.427","min","186.443","µmol/L","Humid","20.547","deg","78969","µV","30.004","°C","1016.000","hPa","35.3","pmil","0","53.237","deg","23.954","°C","100.000","%a.s.","21.023","deg","23.635","°C","1019.000","hPa","0.861","-0.02617","0.00035","0","0","13.56","Humid","28.00","0","54.00","360840.86","SABD0000000001","AAV1.0.0.11","1.1.2.0","PSt7-10","170328-007","9/30/2017 19:06:43","0000-00","0","no battery","V"
"09/09/2020","10:51:01","2","default","115855972","OXY_CH2","85.444","min","186.489","µmol/L","Humid","20.544","deg","78969","µV","30.005","°C","1016.000","hPa","35.3","pmil","0","53.237","deg","23.954","°C","100.000","%a.s.","21.023","deg","23.635","°C","1019.000","hPa","0.861","-0.02617","0.00035","0","0","13.56","Humid","28.00","0","54.00","360854.47","SABD0000000001","AAV1.0.0.11","1.1.2.0","PSt7-10","170328-007","9/30/2017 19:06:43","0000-00","0","no battery","V"
"09/09/2020","10:51:02","2","default","115855972","OXY_CH2","85.460","min","186.517","µmol/L","Humid","20.545","deg","78962","µV","29.997","°C","1016.000","hPa","35.3","pmil","0","53.237","deg","23.954","°C","100.000","%a.s.","21.023","deg","23.635","°C","1019.000","hPa","0.861","-0.02617","0.00035","0","0","13.56","Humid","28.00","0","54.00","360852.98","SABD0000000001","AAV1.0.0.11","1.1.2.0","PSt7-10","170328-007","9/30/2017 19:06:43","0000-00","0","no battery","V"
"09/09/2020","10:51:03","2","default","115855972","OXY_CH2","85.477","min","186.459","µmol/L","Humid","20.548","deg","78969","µV","29.998","°C","1016.000","hPa","35.3","pmil","0","53.237","deg","23.954","°C","100.000","%a.s.","21.023","deg","23.635","°C","1019.000","hPa","0.861","-0.02617","0.00035","0","0","13.56","Humid","28.00","0","54.00","360847.32","SABD0000000001","AAV1.0.0.11","1.1.2.0","PSt7-10","170328-007","9/30/2017 19:06:43","0000-00","0","no battery","V"
"09/09/2020","10:51:04","2","default","115855972","OXY_CH2","85.494","min","186.413","µmol/L","Humid","20.546","deg","78965","µV","30.012","°C","1016.000","hPa","35.3","pmil","0","53.237","deg","23.954","°C","100.000","%a.s.","21.023","deg","23.635","°C","1019.000","hPa","0.861","-0.02617","0.00035","0","0","13.56","Humid","28.00","0","54.00","360857.17","SABD0000000001","AAV1.0.0.11","1.1.2.0","PSt7-10","170328-007","9/30/2017 19:06:43","0000-00","0","no battery","V"
"09/09/2020","10:51:05","2","default","115855972","OXY_CH2","85.510","min","186.363","µmol/L","Humid","20.549","deg","78967","µV","30.012","°C","1016.000","hPa","35.3","pmil","0","53.237","deg","23.954","°C","100.000","%a.s.","21.023","deg","23.635","°C","1019.000","hPa","0.861","-0.02617","0.00035","0","0","13.56","Humid","28.00","0","54.00","360833.72","SABD0000000001","AAV1.0.0.11","1.1.2.0","PSt7-10","170328-007","9/30/2017 19:06:43","0000-00","0","no battery","V"
"09/09/2020","10:51:06","2","default","115855972","OXY_CH2","85.528","min","186.462","µmol/L","Humid","20.546","deg","78963","µV","30.003","°C","1016.000","hPa","35.3","pmil","0","53.237","deg","23.954","°C","100.000","%a.s.","21.023","deg","23.635","°C","1019.000","hPa","0.861","-0.02617","0.00035","0","0","13.56","Humid","28.00","0","54.00","360841.08","SABD0000000001","AAV1.0.0.11","1.1.2.0","PSt7-10","170328-007","9/30/2017 19:06:43","0000-00","0","no battery","V"
"09/09/2020","10:51:07","2","default","115855972","OXY_CH2","85.544","min","186.594","µmol/L","Humid","20.542","deg","78958","µV","29.993","°C","1016.000","hPa","35.3","pmil","0","53.237","deg","23.954","°C","100.000","%a.s.","21.023","deg","23.635","°C","1019.000","hPa","0.861","-0.02617","0.00035","0","0","13.56","Humid","28.00","0","54.00","360833.74","SABD0000000001","AAV1.0.0.11","1.1.2.0","PSt7-10","170328-007","9/30/2017 19:06:43","0000-00","0","no battery","V"
"09/09/2020","10:51:08","2","default","115855972","OXY_CH2","85.561","min","186.549","µmol/L","Humid","20.540","deg","78957","µV","30.006","°C","1016.000","hPa","35.3","pmil","0","53.237","deg","23.954","°C","100.000","%a.s.","21.023","deg","23.635","°C","1019.000","hPa","0.861","-0.02617","0.00035","0","0","13.56","Humid","28.00","0","54.00","360839.90","SABD0000000001","AAV1.0.0.11","1.1.2.0","PSt7-10","170328-007","9/30/2017 19:06:43","0000-00","0","no battery","V"
"09/09/2020","10:51:09","2","default","115855972","OXY_CH2","85.578","min","186.499","µmol/L","Humid","20.546","deg","78963","µV","29.997","°C","1016.000","hPa","35.3","pmil","0","53.237","deg","23.954","°C","100.000","%a.s.","21.023","deg","23.635","°C","1019.000","hPa","0.861","-0.02617","0.00035","0","0","13.56","Humid","28.00","0","54.00","360840.53","SABD0000000001","AAV1.0.0.11","1.1.2.0","PSt7-10","170328-007","9/30/2017 19:06:43","0000-00","0","no battery","V"
"09/09/2020","10:51:10","2","default","115855972","OXY_CH2","85.594","min","186.537","µmol/L","Humid","20.542","deg","78957","µV","30.002","°C","1016.000","hPa","35.3","pmil","0","53.237","deg","23.954","°C","100.000","%a.s.","21.023","deg","23.635","°C","1019.000","hPa","0.861","-0.02617","0.00035","0","0","13.56","Humid","28.00","0","54.00","360844.32","SABD0000000001","AAV1.0.0.11","1.1.2.0","PSt7-10","170328-007","9/30/2017 19:06:43","0000-00","0","no battery","V"
"09/09/2020","10:51:11","2","default","115855972","OXY_CH2","85.611","min","186.528","µmol/L","Humid","20.544","deg","78959","µV","29.998","°C","1016.000","hPa","35.3","pmil","0","53.237","deg","23.954","°C","100.000","%a.s.","21.023","deg","23.635","°C","1019.000","hPa","0.861","-0.02617","0.00035","0","0","13.56","Humid","28.00","0","54.00","360852.02","SABD0000000001","AAV1.0.0.11","1.1.2.0","PSt7-10","170328-007","9/30/2017 19:06:43","0000-00","0","no battery","V"
"09/09/2020","10:51:12","2","default","115855972","OXY_CH2","85.627","min","186.498","µmol/L","Humid","20.546","deg","78958","µV","29.997","°C","1016.000","hPa","35.3","pmil","0","53.237","deg","23.954","°C","100.000","%a.s.","21.023","deg","23.635","°C","1019.000","hPa","0.861","-0.02617","0.00035","0","0","13.56","Humid","28.00","0","54.00","360849.33","SABD0000000001","AAV1.0.0.11","1.1.2.0","PSt7-10","170328-007","9/30/2017 19:06:43","0000-00","0","no battery","V"
"09/09/2020","10:51:13","2","default","115855972","OXY_CH2","85.644","min","186.510","µmol/L","Humid","20.545","deg","78952","µV","29.998","°C","1016.000","hPa","35.3","pmil","0","53.237","deg","23.954","°C","100.000","%a.s.","21.023","deg","23.635","°C","1019.000","hPa","0.861","-0.02617","0.00035","0","0","13.56","Humid","28.00","0","54.00","360845.93","SABD0000000001","AAV1.0.0.11","1.1.2.0","PSt7-10","170328-007","9/30/2017 19:06:43","0000-00","0","no battery","V"
"09/09/2020","10:51:14","2","default","115855972","OXY_CH2","85.661","min","186.413","µmol/L","Humid","20.546","deg","78951","µV","30.012","°C","1016.000","hPa","35.3","pmil","0","53.237","deg","23.954","°C","100.000","%a.s.","21.023","deg","23.635","°C","1019.000","hPa","0.861","-0.02617","0.00035","0","0","13.56","Humid","28.00","0","54.00","360842.80","SABD0000000001","AAV1.0.0.11","1.1.2.0","PSt7-10","170328-007","9/30/2017 19:06:43","0000-00","0","no battery","V"
"09/09/2020","10:51:15","2","default","115855972","OXY_CH2","85.677","min","186.571","µmol/L","Humid","20.543","deg","78952","µV","29.994","°C","1016.000","hPa","35.3","pmil","0","53.237","deg","23.954","°C","100.000","%a.s.","21.023","deg","23.635","°C","1019.000","hPa","0.861","-0.02617","0.00035","0","0","13.56","Humid","28.00","0","54.00","360841.66","SABD0000000001","AAV1.0.0.11","1.1.2.0","PSt7-10","170328-007","9/30/2017 19:06:43","0000-00","0","no battery","V"
"09/09/2020","10:51:16","2","default","115855972","OXY_CH2","85.694","min","186.532","µmol/L","Humid","20.544","deg","78951","µV","29.997","°C","1016.000","hPa","35.3","pmil","0","53.237","deg","23.954","°C","100.000","%a.s.","21.023","deg","23.635","°C","1019.000","hPa","0.861","-0.02617","0.00035","0","0","13.56","Humid","28.00","0","54.00","360834.67","SABD0000000001","AAV1.0.0.11","1.1.2.0","PSt7-10","170328-007","9/30/2017 19:06:43","0000-00","0","no battery","V"
"09/09/2020","10:51:17","2","default","115855972","OXY_CH2","85.710","min","186.483","µmol/L","Humid","20.543","deg","78946","µV","30.009","°C","1016.000","hPa","35.3","pmil","0","53.237","deg","23.954","°C","100.000","%a.s.","21.023","deg","23.635","°C","1019.000","hPa","0.861","-0.02617","0.00035","0","0","13.56","Humid","28.00","0","54.00","360856.04","SABD0000000001","AAV1.0.0.11","1.1.2.0","PSt7-10","170328-007","9/30/2017 19:06:43","0000-00","0","no battery","V"
"09/09/2020","10:51:18","2","default","115855972","OXY_CH2","85.727","min","186.581","µmol/L","Humid","20.542","deg","78948","µV","29.995","°C","1016.000","hPa","35.3","pmil","0","53.237","deg","23.954","°C","100.000","%a.s.","21.023","deg","23.635","°C","1019.000","hPa","0.861","-0.02617","0.00035","0","0","13.56","Humid","28.00","0","54.00","360842.57","SABD0000000001","AAV1.0.0.11","1.1.2.0","PSt7-10","170328-007","9/30/2017 19:06:43","0000-00","0","no battery","V"
"09/09/2020","10:51:19","2","default","115855972","OXY_CH2","85.744","min","186.597","µmol/L","Humid","20.543","deg","78944","µV","29.989","°C","1016.000","hPa","35.3","pmil","0","53.237","deg","23.954","°C","100.000","%a.s.","21.023","deg","23.635","°C","1019.000","hPa","0.861","-0.02617","0.00035","0","0","13.56","Humid","28.00","0","54.00","360858.62","SABD0000000001","AAV1.0.0.11","1.1.2.0","PSt7-10","170328-007","9/30/2017 19:06:43","0000-00","0","no battery","V"
"09/09/2020","10:51:20","2","default","115855972","OXY_CH2","85.761","min","186.522","µmol/L","Humid","20.544","deg","78940","µV","29.999","°C","1016.000","hPa","35.3","pmil","0","53.237","deg","23.954","°C","100.000","%a.s.","21.023","deg","23.635","°C","1019.000","hPa","0.861","-0.02617","0.00035","0","0","13.56","Humid","28.00","0","54.00","360851.82","SABD0000000001","AAV1.0.0.11","1.1.2.0","PSt7-10","170328-007","9/30/2017 19:06:43","0000-00","0","no battery","V"
"09/09/2020","10:51:21","2","default","115855972","OXY_CH2","85.777","min","186.610","µmol/L","Humid","20.544","deg","78948","µV","29.984","°C","1016.000","hPa","35.3","pmil","0","53.237","deg","23.954","°C","100.000","%a.s.","21.023","deg","23.635","°C","1019.000","hPa","0.861","-0.02617","0.00035","0","0","13.56","Humid","28.00","0","54.00","360844.23","SABD0000000001","AAV1.0.0.11","1.1.2.0","PSt7-10","170328-007","9/30/2017 19:06:43","0000-00","0","no battery","V"
"09/09/2020","10:51:22","2","default","115855972","OXY_CH2","85.794","min","186.538","µmol/L","Humid","20.543","deg","78946","µV","29.999","°C","1016.000","hPa","35.3","pmil","0","53.237","deg","23.954","°C","100.000","%a.s.","21.023","deg","23.635","°C","1019.000","hPa","0.861","-0.02617","0.00035","0","0","13.56","Humid","28.00","0","54.00","360846.68","SABD0000000001","AAV1.0.0.11","1.1.2.0","PSt7-10","170328-007","9/30/2017 19:06:43","0000-00","0","no battery","V"
"09/09/2020","10:51:23","2","default","115855972","OXY_CH2","85.811","min","186.561","µmol/L","Humid","20.542","deg","78939","µV","29.998","°C","1016.000","hPa","35.3","pmil","0","53.237","deg","23.954","°C","100.000","%a.s.","21.023","deg","23.635","°C","1019.000","hPa","0.861","-0.02617","0.00035","0","0","13.56","Humid","28.00","0","54.00","360840.16","SABD0000000001","AAV1.0.0.11","1.1.2.0","PSt7-10","170328-007","9/30/2017 19:06:43","0000-00","0","no battery","V"
"09/09/2020","10:51:24","2","default","115855972","OXY_CH2","85.827","min","186.333","µmol/L","Humid","20.546","deg","78938","µV","30.025","°C","1016.000","hPa","35.3","pmil","0","53.237","deg","23.954","°C","100.000","%a.s.","21.023","deg","23.635","°C","1019.000","hPa","0.861","-0.02617","0.00035","0","0","13.56","Humid","28.00","0","54.00","360832.73","SABD0000000001","AAV1.0.0.11","1.1.2.0","PSt7-10","170328-007","9/30/2017 19:06:43","0000-00","0","no battery","V"
"09/09/2020","10:51:25","2","default","115855972","OXY_CH2","85.844","min","186.571","µmol/L","Humid","20.541","deg","78945","µV","30.000","°C","1016.000","hPa","35.3","pmil","0","53.237","deg","23.954","°C","100.000","%a.s.","21.023","deg","23.635","°C","1019.000","hPa","0.861","-0.02617","0.00035","0","0","13.56","Humid","28.00","0","54.00","360840.41","SABD0000000001","AAV1.0.0.11","1.1.2.0","PSt7-10","170328-007","9/30/2017 19:06:43","0000-00","0","no battery","V"
"09/09/2020","10:51:26","2","default","115855972","OXY_CH2","85.860","min","186.554","µmol/L","Humid","20.541","deg","78937","µV","30.002","°C","1016.000","hPa","35.3","pmil","0","53.237","deg","23.954","°C","100.000","%a.s.","21.023","deg","23.635","°C","1019.000","hPa","0.861","-0.02617","0.00035","0","0","13.56","Humid","28.00","0","54.00","360839.15","SABD0000000001","AAV1.0.0.11","1.1.2.0","PSt7-10","170328-007","9/30/2017 19:06:43","0000-00","0","no battery","V"
"09/09/2020","10:51:27","2","default","115855972","OXY_CH2","85.878","min","186.510","µmol/L","Humid","20.539","deg","78937","µV","30.016","°C","1016.000","hPa","35.3","pmil","0","53.237","deg","23.954","°C","100.000","%a.s.","21.023","deg","23.635","°C","1019.000","hPa","0.861","-0.02617","0.00035","0","0","13.56","Humid","28.00","0","54.00","360836.05","SABD0000000001","AAV1.0.0.11","1.1.2.0","PSt7-10","170328-007","9/30/2017 19:06:43","0000-00","0","no battery","V"
"09/09/2020","10:51:28","2","default","115855972","OXY_CH2","85.894","min","186.508","µmol/L","Humid","20.541","deg","78934","µV","30.010","°C","1016.000","hPa","35.3","pmil","0","53.237","deg","23.954","°C","100.000","%a.s.","21.023","deg","23.635","°C","1019.000","hPa","0.861","-0.02617","0.00035","0","0","13.56","Humid","28.00","0","54.00","360829.12","SABD0000000001","AAV1.0.0.11","1.1.2.0","PSt7-10","170328-007","9/30/2017 19:06:43","0000-00","0","no battery","V"
"09/09/2020","10:51:29","2","default","115855972","OXY_CH2","85.911","min","186.424","µmol/L","Humid","20.545","deg","78932","µV","30.013","°C","1016.000","hPa","35.3","pmil","0","53.237","deg","23.954","°C","100.000","%a.s.","21.023","deg","23.635","°C","1019.000","hPa","0.861","-0.02617","0.00035","0","0","13.56","Humid","28.00","0","54.00","360835.32","SABD0000000001","AAV1.0.0.11","1.1.2.0","PSt7-10","170328-007","9/30/2017 19:06:43","0000-00","0","no battery","V"
"09/09/2020","10:51:30","2","default","115855972","OXY_CH2","85.928","min","186.591","µmol/L","Humid","20.540","deg","78934","µV","29.999","°C","1016.000","hPa","35.3","pmil","0","53.237","deg","23.954","°C","100.000","%a.s.","21.023","deg","23.635","°C","1019.000","hPa","0.861","-0.02617","0.00035","0","0","13.56","Humid","28.00","0","54.00","360830.30","SABD0000000001","AAV1.0.0.11","1.1.2.0","PSt7-10","170328-007","9/30/2017 19:06:43","0000-00","0","no battery","V"
"09/09/2020","10:51:31","2","default","115855972","OXY_CH2","85.944","min","186.636","µmol/L","Humid","20.537","deg","78930","µV","30.000","°C","1016.000","hPa","35.3","pmil","0","53.237","deg","23.954","°C","100.000","%a.s.","21.023","deg","23.635","°C","1019.000","hPa","0.861","-0.02617","0.00035","0","0","13.56","Humid","28.00","0","54.00","360845.87","SABD0000000001","AAV1.0.0.11","1.1.2.0","PSt7-10","170328-007","9/30/2017 19:06:43","0000-00","0","no battery","V"
"09/09/2020","10:51:32","2","default","115855972","OXY_CH2","85.961","min","186.668","µmol/L","Humid","20.534","deg","78934","µV","30.003","°C","1016.000","hPa","35.3","pmil","0","53.237","deg","23.954","°C","100.000","%a.s.","21.023","deg","23.635","°C","1019.000","hPa","0.861","-0.02617","0.00035","0","0","13.56","Humid","28.00","0","54.00","360848.86","SABD0000000001","AAV1.0.0.11","1.1.2.0","PSt7-10","170328-007","9/30/2017 19:06:43","0000-00","0","no battery","V"
"09/09/2020","10:51:33","2","default","115855972","OXY_CH2","85.978","min","186.448","µmol/L","Humid","20.544","deg","78930","µV","30.012","°C","1016.000","hPa","35.3","pmil","0","53.237","deg","23.954","°C","100.000","%a.s.","21.023","deg","23.635","°C","1019.000","hPa","0.861","-0.02617","0.00035","0","0","13.56","Humid","28.00","0","54.00","360844.14","SABD0000000001","AAV1.0.0.11","1.1.2.0","PSt7-10","170328-007","9/30/2017 19:06:43","0000-00","0","no battery","V"
"09/09/2020","10:51:34","2","default","115855972","OXY_CH2","85.994","min","186.521","µmol/L","Humid","20.540","deg","78927","µV","30.011","°C","1016.000","hPa","35.3","pmil","0","53.237","deg","23.954","°C","100.000","%a.s.","21.023","deg","23.635","°C","1019.000","hPa","0.861","-0.02617","0.00035","0","0","13.56","Humid","28.00","0","54.00","360842.64","SABD0000000001","AAV1.0.0.11","1.1.2.0","PSt7-10","170328-007","9/30/2017 19:06:43","0000-00","0","no battery","V"
"09/09/2020","10:51:35","2","default","115855972","OXY_CH2","86.011","min","186.582","µmol/L","Humid","20.539","deg","78926","µV","30.003","°C","1016.000","hPa","35.3","pmil","0","53.237","deg","23.954","°C","100.000","%a.s.","21.023","deg","23.635","°C","1019.000","hPa","0.861","-0.02617","0.00035","0","0","13.56","Humid","28.00","0","54.00","360824.53","SABD0000000001","AAV1.0.0.11","1.1.2.0","PSt7-10","170328-007","9/30/2017 19:06:43","0000-00","0","no battery","V"
"09/09/2020","10:51:36","2","default","115855972","OXY_CH2","86.027","min","186.634","µmol/L","Humid","20.538","deg","78928","µV","29.997","°C","1016.000","hPa","35.3","pmil","0","53.237","deg","23.954","°C","100.000","%a.s.","21.023","deg","23.635","°C","1019.000","hPa","0.861","-0.02617","0.00035","0","0","13.56","Humid","28.00","0","54.00","360832.82","SABD0000000001","AAV1.0.0.11","1.1.2.0","PSt7-10","170328-007","9/30/2017 19:06:43","0000-00","0","no battery","V"
"09/09/2020","10:51:37","2","default","115855972","OXY_CH2","86.044","min","186.555","µmol/L","Humid","20.540","deg","78931","µV","30.005","°C","1016.000","hPa","35.3","pmil","0","53.237","deg","23.954","°C","100.000","%a.s.","21.023","deg","23.635","°C","1019.000","hPa","0.861","-0.02617","0.00035","0","0","13.56","Humid","28.00","0","54.00","360823.50","SABD0000000001","AAV1.0.0.11","1.1.2.0","PSt7-10","170328-007","9/30/2017 19:06:43","0000-00","0","no battery","V"
"09/09/2020","10:51:38","2","default","115855972","OXY_CH2","86.061","min","186.659","µmol/L","Humid","20.536","deg","78932","µV","29.999","°C","1016.000","hPa","35.3","pmil","0","53.237","deg","23.954","°C","100.000","%a.s.","21.023","deg","23.635","°C","1019.000","hPa","0.861","-0.02617","0.00035","0","0","13.56","Humid","28.00","0","54.00","360830.16","SABD0000000001","AAV1.0.0.11","1.1.2.0","PSt7-10","170328-007","9/30/2017 19:06:43","0000-00","0","no battery","V"
"09/09/2020","10:51:39","2","default","115855972","OXY_CH2","86.078","min","186.620","µmol/L","Humid","20.539","deg","78930","µV","29.997","°C","1016.000","hPa","35.3","pmil","0","53.237","deg","23.954","°C","100.000","%a.s.","21.023","deg","23.635","°C","1019.000","hPa","0.861","-0.02617","0.00035","0","0","13.56","Humid","28.00","0","54.00","360837.90","SABD0000000001","AAV1.0.0.11","1.1.2.0","PSt7-10","170328-007","9/30/2017 19:06:43","0000-00","0","no battery","V"
"09/09/2020","10:51:40","2","default","115855972","OXY_CH2","86.094","min","186.629","µmol/L","Humid","20.537","deg","78925","µV","30.001","°C","1016.000","hPa","35.3","pmil","0","53.237","deg","23.954","°C","100.000","%a.s.","21.023","deg","23.635","°C","1019.000","hPa","0.861","-0.02617","0.00035","0","0","13.56","Humid","28.00","0","54.00","360829.59","SABD0000000001","AAV1.0.0.11","1.1.2.0","PSt7-10","170328-007","9/30/2017 19:06:43","0000-00","0","no battery","V"
"09/09/2020","10:51:41","2","default","115855972","OXY_CH2","86.111","min","186.544","µmol/L","Humid","20.543","deg","78920","µV","29.998","°C","1016.000","hPa","35.3","pmil","0","53.237","deg","23.954","°C","100.000","%a.s.","21.023","deg","23.635","°C","1019.000","hPa","0.861","-0.02617","0.00035","0","0","13.56","Humid","28.00","0","54.00","360823.34","SABD0000000001","AAV1.0.0.11","1.1.2.0","PSt7-10","170328-007","9/30/2017 19:06:43","0000-00","0","no battery","V"
"09/09/2020","10:51:42","2","default","115855972","OXY_CH2","86.127","min","186.501","µmol/L","Humid","20.538","deg","78915","µV","30.020","°C","1016.000","hPa","35.3","pmil","0","53.237","deg","23.954","°C","100.000","%a.s.","21.023","deg","23.635","°C","1019.000","hPa","0.861","-0.02617","0.00035","0","0","13.56","Humid","28.00","0","54.00","360821.38","SABD0000000001","AAV1.0.0.11","1.1.2.0","PSt7-10","170328-007","9/30/2017 19:06:43","0000-00","0","no battery","V"
"09/09/2020","10:51:43","2","default","115855972","OXY_CH2","86.144","min","186.523","µmol/L","Humid","20.537","deg","78922","µV","30.019","°C","1016.000","hPa","35.3","pmil","0","53.237","deg","23.954","°C","100.000","%a.s.","21.023","deg","23.635","°C","1019.000","hPa","0.861","-0.02617","0.00035","0","0","13.56","Humid","28.00","0","54.00","360836.61","SABD0000000001","AAV1.0.0.11","1.1.2.0","PSt7-10","170328-007","9/30/2017 19:06:43","0000-00","0","no battery","V"
"09/09/2020","10:51:44","2","default","115855972","OXY_CH2","86.161","min","186.672","µmol/L","Humid","20.535","deg","78924","µV","30.000","°C","1016.000","hPa","35.3","pmil","0","53.237","deg","23.954","°C","100.000","%a.s.","21.023","deg","23.635","°C","1019.000","hPa","0.861","-0.02617","0.00035","0","0","13.56","Humid","28.00","0","54.00","360827.18","SABD0000000001","AAV1.0.0.11","1.1.2.0","PSt7-10","170328-007","9/30/2017 19:06:43","0000-00","0","no battery","V"
"09/09/2020","10:51:45","2","default","115855972","OXY_CH2","86.177","min","186.750","µmol/L","Humid","20.534","deg","78920","µV","29.989","°C","1016.000","hPa","35.3","pmil","0","53.237","deg","23.954","°C","100.000","%a.s.","21.023","deg","23.635","°C","1019.000","hPa","0.861","-0.02617","0.00035","0","0","13.56","Humid","28.00","0","54.00","360842.36","SABD0000000001","AAV1.0.0.11","1.1.2.0","PSt7-10","170328-007","9/30/2017 19:06:43","0000-00","0","no battery","V"
"09/09/2020","10:51:46","2","default","115855972","OXY_CH2","86.194","min","186.522","µmol/L","Humid","20.539","deg","78919","µV","30.014","°C","1016.000","hPa","35.3","pmil","0","53.237","deg","23.954","°C","100.000","%a.s.","21.023","deg","23.635","°C","1019.000","hPa","0.861","-0.02617","0.00035","0","0","13.56","Humid","28.00","0","54.00","360828.90","SABD0000000001","AAV1.0.0.11","1.1.2.0","PSt7-10","170328-007","9/30/2017 19:06:43","0000-00","0","no battery","V"
"09/09/2020","10:51:47","2","default","115855972","OXY_CH2","86.211","min","186.570","µmol/L","Humid","20.541","deg","78911","µV","30.000","°C","1016.000","hPa","35.3","pmil","0","53.237","deg","23.954","°C","100.000","%a.s.","21.023","deg","23.635","°C","1019.000","hPa","0.861","-0.02617","0.00035","0","0","13.56","Humid","28.00","0","54.00","360821.34","SABD0000000001","AAV1.0.0.11","1.1.2.0","PSt7-10","170328-007","9/30/2017 19:06:43","0000-00","0","no battery","V"
"09/09/2020","10:51:48","2","default","115855972","OXY_CH2","86.227","min","186.549","µmol/L","Humid","20.539","deg","78919","µV","30.009","°C","1016.000","hPa","35.3","pmil","0","53.237","deg","23.954","°C","100.000","%a.s.","21.023","deg","23.635","°C","1019.000","hPa","0.861","-0.02617","0.00035","0","0","13.56","Humid","28.00","0","54.00","360824.81","SABD0000000001","AAV1.0.0.11","1.1.2.0","PSt7-10","170328-007","9/30/2017 19:06:43","0000-00","0","no battery","V"
"09/09/2020","10:51:49","2","default","115855972","OXY_CH2","86.244","min","186.580","µmol/L","Humid","20.538","deg","78910","µV","30.007","°C","1016.000","hPa","35.3","pmil","0","53.237","deg","23.954","°C","100.000","%a.s.","21.023","deg","23.635","°C","1019.000","hPa","0.861","-0.02617","0.00035","0","0","13.56","Humid","28.00","0","54.00","360825.27","SABD0000000001","AAV1.0.0.11","1.1.2.0","PSt7-10","170328-007","9/30/2017 19:06:43","0000-00","0","no battery","V"
"09/09/2020","10:51:50","2","default","115855972","OXY_CH2","86.261","min","186.654","µmol/L","Humid","20.537","deg","78906","µV","29.997","°C","1016.000","hPa","35.3","pmil","0","53.237","deg","23.954","°C","100.000","%a.s.","21.023","deg","23.635","°C","1019.000","hPa","0.861","-0.02617","0.00035","0","0","13.56","Humid","28.00","0","54.00","360830.67","SABD0000000001","AAV1.0.0.11","1.1.2.0","PSt7-10","170328-007","9/30/2017 19:06:43","0000-00","0","no battery","V"
"09/09/2020","10:51:51","2","default","115855972","OXY_CH2","86.277","min","186.766","µmol/L","Humid","20.531","deg","78912","µV","29.995","°C","1016.000","hPa","35.3","pmil","0","53.237","deg","23.954","°C","100.000","%a.s.","21.023","deg","23.635","°C","1019.000","hPa","0.861","-0.02617","0.00035","0","0","13.56","Humid","28.00","0","54.00","360823.01","SABD0000000001","AAV1.0.0.11","1.1.2.0","PSt7-10","170328-007","9/30/2017 19:06:43","0000-00","0","no battery","V"
"09/09/2020","10:51:52","2","default","115855972","OXY_CH2","86.294","min","186.574","µmol/L","Humid","20.538","deg","78905","µV","30.008","°C","1016.000","hPa","35.3","pmil","0","53.237","deg","23.954","°C","100.000","%a.s.","21.023","deg","23.635","°C","1019.000","hPa","0.861","-0.02617","0.00035","0","0","13.56","Humid","28.00","0","54.00","360839.22","SABD0000000001","AAV1.0.0.11","1.1.2.0","PSt7-10","170328-007","9/30/2017 19:06:43","0000-00","0","no battery","V"
"09/09/2020","10:51:53","2","default","115855972","OXY_CH2","86.310","min","186.543","µmol/L","Humid","20.539","deg","78911","µV","30.010","°C","1016.000","hPa","35.3","pmil","0","53.237","deg","23.954","°C","100.000","%a.s.","21.023","deg","23.635","°C","1019.000","hPa","0.861","-0.02617","0.00035","0","0","13.56","Humid","28.00","0","54.00","360822.02","SABD0000000001","AAV1.0.0.11","1.1.2.0","PSt7-10","170328-007","9/30/2017 19:06:43","0000-00","0","no battery","V"
"09/09/2020","10:51:54","2","default","115855972","OXY_CH2","86.327","min","186.654","µmol/L","Humid","20.536","deg","78905","µV","30.000","°C","1016.000","hPa","35.3","pmil","0","53.237","deg","23.954","°C","100.000","%a.s.","21.023","deg","23.635","°C","1019.000","hPa","0.861","-0.02617","0.00035","0","0","13.56","Humid","28.00","0","54.00","360838.50","SABD0000000001","AAV1.0.0.11","1.1.2.0","PSt7-10","170328-007","9/30/2017 19:06:43","0000-00","0","no battery","V"
"09/09/2020","10:51:55","2","default","115855972","OXY_CH2","86.344","min","186.662","µmol/L","Humid","20.534","deg","78905","µV","30.004","°C","1016.000","hPa","35.3","pmil","0","53.237","deg","23.954","°C","100.000","%a.s.","21.023","deg","23.635","°C","1019.000","hPa","0.861","-0.02617","0.00035","0","0","13.56","Humid","28.00","0","54.00","360837.71","SABD0000000001","AAV1.0.0.11","1.1.2.0","PSt7-10","170328-007","9/30/2017 19:06:43","0000-00","0","no battery","V"
"09/09/2020","10:51:56","2","default","115855972","OXY_CH2","86.360","min","186.643","µmol/L","Humid","20.537","deg","78911","µV","29.999","°C","1016.000","hPa","35.3","pmil","0","53.237","deg","23.954","°C","100.000","%a.s.","21.023","deg","23.635","°C","1019.000","hPa","0.861","-0.02617","0.00035","0","0","13.56","Humid","28.00","0","54.00","360828.87","SABD0000000001","AAV1.0.0.11","1.1.2.0","PSt7-10","170328-007","9/30/2017 19:06:43","0000-00","0","no battery","V"
"09/09/2020","10:51:57","2","default","115855972","OXY_CH2","86.377","min","186.699","µmol/L","Humid","20.531","deg","78908","µV","30.007","°C","1016.000","hPa","35.3","pmil","0","53.237","deg","23.954","°C","100.000","%a.s.","21.023","deg","23.635","°C","1019.000","hPa","0.861","-0.02617","0.00035","0","0","13.56","Humid","28.00","0","54.00","360823.58","SABD0000000001","AAV1.0.0.11","1.1.2.0","PSt7-10","170328-007","9/30/2017 19:06:43","0000-00","0","no battery","V"
"09/09/2020","10:51:58","2","default","115855972","OXY_CH2","86.394","min","186.712","µmol/L","Humid","20.535","deg","78907","µV","29.993","°C","1016.000","hPa","35.3","pmil","0","53.237","deg","23.954","°C","100.000","%a.s.","21.023","deg","23.635","°C","1019.000","hPa","0.861","-0.02617","0.00035","0","0","13.56","Humid","28.00","0","54.00","360831.74","SABD0000000001","AAV1.0.0.11","1.1.2.0","PSt7-10","170328-007","9/30/2017 19:06:43","0000-00","0","no battery","V"
"09/09/2020","10:51:59","2","default","115855972","OXY_CH2","86.410","min","186.661","µmol/L","Humid","20.538","deg","78898","µV","29.993","°C","1016.000","hPa","35.3","pmil","0","53.237","deg","23.954","°C","100.000","%a.s.","21.023","deg","23.635","°C","1019.000","hPa","0.861","-0.02617","0.00035","0","0","13.56","Humid","28.00","0","54.00","360810.38","SABD0000000001","AAV1.0.0.11","1.1.2.0","PSt7-10","170328-007","9/30/2017 19:06:43","0000-00","0","no battery","V"
"09/09/2020","10:52:00","2","default","115855972","OXY_CH2","86.427","min","186.725","µmol/L","Humid","20.531","deg","78901","µV","30.002","°C","1016.000","hPa","35.3","pmil","0","53.237","deg","23.954","°C","100.000","%a.s.","21.023","deg","23.635","°C","1019.000","hPa","0.861","-0.02617","0.00035","0","0","13.56","Humid","28.00","0","54.00","360828.64","SABD0000000001","AAV1.0.0.11","1.1.2.0","PSt7-10","170328-007","9/30/2017 19:06:43","0000-00","0","no battery","V"
"09/09/2020","10:52:01","2","default","115855972","OXY_CH2","86.444","min","186.756","µmol/L","Humid","20.528","deg","78910","µV","30.006","°C","1016.000","hPa","35.3","pmil","0","53.237","deg","23.954","°C","100.000","%a.s.","21.023","deg","23.635","°C","1019.000","hPa","0.861","-0.02617","0.00035","0","0","13.56","Humid","28.00","0","54.00","360823.21","SABD0000000001","AAV1.0.0.11","1.1.2.0","PSt7-10","170328-007","9/30/2017 19:06:43","0000-00","0","no battery","V"
"09/09/2020","10:52:02","2","default","115855972","OXY_CH2","86.461","min","186.719","µmol/L","Humid","20.530","deg","78905","µV","30.006","°C","1016.000","hPa","35.3","pmil","0","53.237","deg","23.954","°C","100.000","%a.s.","21.023","deg","23.635","°C","1019.000","hPa","0.861","-0.02617","0.00035","0","0","13.56","Humid","28.00","0","54.00","360813.93","SABD0000000001","AAV1.0.0.11","1.1.2.0","PSt7-10","170328-007","9/30/2017 19:06:43","0000-00","0","no battery","V"
"09/09/2020","10:52:03","2","default","115855972","OXY_CH2","86.478","min","186.618","µmol/L","Humid","20.532","deg","78902","µV","30.018","°C","1016.000","hPa","35.3","pmil","0","53.237","deg","23.954","°C","100.000","%a.s.","21.023","deg","23.635","°C","1019.000","hPa","0.861","-0.02617","0.00035","0","0","13.56","Humid","28.00","0","54.00","360823.54","SABD0000000001","AAV1.0.0.11","1.1.2.0","PSt7-10","170328-007","9/30/2017 19:06:43","0000-00","0","no battery","V"
"09/09/2020","10:52:04","2","default","115855972","OXY_CH2","86.494","min","186.684","µmol/L","Humid","20.533","deg","78899","µV","30.004","°C","1016.000","hPa","35.3","pmil","0","53.237","deg","23.954","°C","100.000","%a.s.","21.023","deg","23.635","°C","1019.000","hPa","0.861","-0.02617","0.00035","0","0","13.56","Humid","28.00","0","54.00","360824.31","SABD0000000001","AAV1.0.0.11","1.1.2.0","PSt7-10","170328-007","9/30/2017 19:06:43","0000-00","0","no battery","V"
"09/09/2020","10:52:05","2","default","115855972","OXY_CH2","86.511","min","186.735","µmol/L","Humid","20.528","deg","78897","µV","30.009","°C","1016.000","hPa","35.3","pmil","0","53.237","deg","23.954","°C","100.000","%a.s.","21.023","deg","23.635","°C","1019.000","hPa","0.861","-0.02617","0.00035","0","0","13.56","Humid","28.00","0","54.00","360809.09","SABD0000000001","AAV1.0.0.11","1.1.2.0","PSt7-10","170328-007","9/30/2017 19:06:43","0000-00","0","no battery","V"
"09/09/2020","10:52:06","2","default","115855972","OXY_CH2","86.527","min","186.702","µmol/L","Humid","20.532","deg","78894","µV","30.003","°C","1016.000","hPa","35.3","pmil","0","53.237","deg","23.954","°C","100.000","%a.s.","21.023","deg","23.635","°C","1019.000","hPa","0.861","-0.02617","0.00035","0","0","13.56","Humid","28.00","0","54.00","360817.84","SABD0000000001","AAV1.0.0.11","1.1.2.0","PSt7-10","170328-007","9/30/2017 19:06:43","0000-00","0","no battery","V"
"09/09/2020","10:52:07","2","default","115855972","OXY_CH2","86.544","min","186.618","µmol/L","Humid","20.538","deg","78902","µV","30.000","°C","1016.000","hPa","35.3","pmil","0","53.237","deg","23.954","°C","100.000","%a.s.","21.023","deg","23.635","°C","1019.000","hPa","0.861","-0.02617","0.00035","0","0","13.56","Humid","28.00","0","54.00","360822.06","SABD0000000001","AAV1.0.0.11","1.1.2.0","PSt7-10","170328-007","9/30/2017 19:06:43","0000-00","0","no battery","V"
"09/09/2020","10:52:08","2","default","115855972","OXY_CH2","86.560","min","186.632","µmol/L","Humid","20.536","deg","78890","µV","30.004","°C","1016.000","hPa","35.3","pmil","0","53.237","deg","23.954","°C","100.000","%a.s.","21.023","deg","23.635","°C","1019.000","hPa","0.861","-0.02617","0.00035","0","0","13.56","Humid","28.00","0","54.00","360805.12","SABD0000000001","AAV1.0.0.11","1.1.2.0","PSt7-10","170328-007","9/30/2017 19:06:43","0000-00","0","no battery","V"
"09/09/2020","10:52:09","2","default","115855972","OXY_CH2","86.577","min","186.751","µmol/L","Humid","20.528","deg","78897","µV","30.007","°C","1016.000","hPa","35.3","pmil","0","53.237","deg","23.954","°C","100.000","%a.s.","21.023","deg","23.635","°C","1019.000","hPa","0.861","-0.02617","0.00035","0","0","13.56","Humid","28.00","0","54.00","360808.20","SABD0000000001","AAV1.0.0.11","1.1.2.0","PSt7-10","170328-007","9/30/2017 19:06:43","0000-00","0","no battery","V"
"09/09/2020","10:52:10","2","default","115855972","OXY_CH2","86.594","min","186.645","µmol/L","Humid","20.533","deg","78892","µV","30.010","°C","1016.000","hPa","35.3","pmil","0","53.237","deg","23.954","°C","100.000","%a.s.","21.023","deg","23.635","°C","1019.000","hPa","0.861","-0.02617","0.00035","0","0","13.56","Humid","28.00","0","54.00","360796.33","SABD0000000001","AAV1.0.0.11","1.1.2.0","PSt7-10","170328-007","9/30/2017 19:06:43","0000-00","0","no battery","V"
"09/09/2020","10:52:11","2","default","115855972","OXY_CH2","86.610","min","186.740","µmol/L","Humid","20.527","deg","78890","µV","30.011","°C","1016.000","hPa","35.3","pmil","0","53.237","deg","23.954","°C","100.000","%a.s.","21.023","deg","23.635","°C","1019.000","hPa","0.861","-0.02617","0.00035","0","0","13.56","Humid","28.00","0","54.00","360814.63","SABD0000000001","AAV1.0.0.11","1.1.2.0","PSt7-10","170328-007","9/30/2017 19:06:43","0000-00","0","no battery","V"
"09/09/2020","10:52:12","2","default","115855972","OXY_CH2","86.627","min","186.751","µmol/L","Humid","20.530","deg","78892","µV","30.001","°C","1016.000","hPa","35.3","pmil","0","53.237","deg","23.954","°C","100.000","%a.s.","21.023","deg","23.635","°C","1019.000","hPa","0.861","-0.02617","0.00035","0","0","13.56","Humid","28.00","0","54.00","360802.66","SABD0000000001","AAV1.0.0.11","1.1.2.0","PSt7-10","170328-007","9/30/2017 19:06:43","0000-00","0","no battery","V"
"09/09/2020","10:52:13","2","default","115855972","OXY_CH2","86.644","min","186.742","µmol/L","Humid","20.532","deg","78891","µV","29.997","°C","1016.000","hPa","35.3","pmil","0","53.237","deg","23.954","°C","100.000","%a.s.","21.023","deg","23.635","°C","1019.000","hPa","0.861","-0.02617","0.00035","0","0","13.56","Humid","28.00","0","54.00","360803.11","SABD0000000001","AAV1.0.0.11","1.1.2.0","PSt7-10","170328-007","9/30/2017 19:06:43","0000-00","0","no battery","V"
"09/09/2020","10:52:14","2","default","115855972","OXY_CH2","86.660","min","186.766","µmol/L","Humid","20.532","deg","78887","µV","29.992","°C","1016.000","hPa","35.3","pmil","0","53.237","deg","23.954","°C","100.000","%a.s.","21.023","deg","23.635","°C","1019.000","hPa","0.861","-0.02617","0.00035","0","0","13.56","Humid","28.00","0","54.00","360798.69","SABD0000000001","AAV1.0.0.11","1.1.2.0","PSt7-10","170328-007","9/30/2017 19:06:43","0000-00","0","no battery","V"
"09/09/2020","10:52:15","2","default","115855972","OXY_CH2","86.677","min","186.641","µmol/L","Humid","20.533","deg","78888","µV","30.011","°C","1016.000","hPa","35.3","pmil","0","53.237","deg","23.954","°C","100.000","%a.s.","21.023","deg","23.635","°C","1019.000","hPa","0.861","-0.02617","0.00035","0","0","13.56","Humid","28.00","0","54.00","360792.66","SABD0000000001","AAV1.0.0.11","1.1.2.0","PSt7-10","170328-007","9/30/2017 19:06:43","0000-00","0","no battery","V"
"09/09/2020","10:52:16","2","default","115855972","OXY_CH2","86.694","min","186.753","µmol/L","Humid","20.533","deg","78883","µV","29.992","°C","1016.000","hPa","35.3","pmil","0","53.237","deg","23.954","°C","100.000","%a.s.","21.023","deg","23.635","°C","1019.000","hPa","0.861","-0.02617","0.00035","0","0","13.56","Humid","28.00","0","54.00","360797.59","SABD0000000001","AAV1.0.0.11","1.1.2.0","PSt7-10","170328-007","9/30/2017 19:06:43","0000-00","0","no battery","V"
"09/09/2020","10:52:17","2","default","115855972","OXY_CH2","86.711","min","186.750","µmol/L","Humid","20.531","deg","78882","µV","29.998","°C","1016.000","hPa","35.3","pmil","0","53.237","deg","23.954","°C","100.000","%a.s.","21.023","deg","23.635","°C","1019.000","hPa","0.861","-0.02617","0.00035","0","0","13.56","Humid","28.00","0","54.00","360813.41","SABD0000000001","AAV1.0.0.11","1.1.2.0","PSt7-10","170328-007","9/30/2017 19:06:43","0000-00","0","no battery","V"
"09/09/2020","10:52:18","2","default","115855972","OXY_CH2","86.727","min","186.828","µmol/L","Humid","20.531","deg","78878","µV","29.985","°C","1016.000","hPa","35.3","pmil","0","53.237","deg","23.954","°C","100.000","%a.s.","21.023","deg","23.635","°C","1019.000","hPa","0.861","-0.02617","0.00035","0","0","13.56","Humid","28.00","0","54.00","360806.44","SABD0000000001","AAV1.0.0.11","1.1.2.0","PSt7-10","170328-007","9/30/2017 19:06:43","0000-00","0","no battery","V"
"09/09/2020","10:52:19","2","default","115855972","OXY_CH2","86.744","min","186.740","µmol/L","Humid","20.535","deg","78880","µV","29.988","°C","1016.000","hPa","35.3","pmil","0","53.237","deg","23.954","°C","100.000","%a.s.","21.023","deg","23.635","°C","1019.000","hPa","0.861","-0.02617","0.00035","0","0","13.56","Humid","28.00","0","54.00","360809.11","SABD0000000001","AAV1.0.0.11","1.1.2.0","PSt7-10","170328-007","9/30/2017 19:06:43","0000-00","0","no battery","V"
"09/09/2020","10:52:20","2","default","115855972","OXY_CH2","86.761","min","186.684","µmol/L","Humid","20.529","deg","78878","µV","30.015","°C","1016.000","hPa","35.3","pmil","0","53.237","deg","23.954","°C","100.000","%a.s.","21.023","deg","23.635","°C","1019.000","hPa","0.861","-0.02617","0.00035","0","0","13.56","Humid","28.00","0","54.00","360802.37","SABD0000000001","AAV1.0.0.11","1.1.2.0","PSt7-10","170328-007","9/30/2017 19:06:43","0000-00","0","no battery","V"
"09/09/2020","10:52:21","2","default","115855972","OXY_CH2","86.777","min","186.778","µmol/L","Humid","20.526","deg","78877","µV","30.008","°C","1016.000","hPa","35.3","pmil","0","53.237","deg","23.954","°C","100.000","%a.s.","21.023","deg","23.635","°C","1019.000","hPa","0.861","-0.02617","0.00035","0","0","13.56","Humid","28.00","0","54.00","360800.59","SABD0000000001","AAV1.0.0.11","1.1.2.0","PSt7-10","170328-007","9/30/2017 19:06:43","0000-00","0","no battery","V"
"09/09/2020","10:52:22","2","default","115855972","OXY_CH2","86.794","min","186.667","µmol/L","Humid","20.532","deg","78877","µV","30.009","°C","1016.000","hPa","35.3","pmil","0","53.237","deg","23.954","°C","100.000","%a.s.","21.023","deg","23.635","°C","1019.000","hPa","0.861","-0.02617","0.00035","0","0","13.56","Humid","28.00","0","54.00","360808.33","SABD0000000001","AAV1.0.0.11","1.1.2.0","PSt7-10","170328-007","9/30/2017 19:06:43","0000-00","0","no battery","V"
"09/09/2020","10:52:23","2","default","115855972","OXY_CH2","86.810","min","186.683","µmol/L","Humid","20.532","deg","78875","µV","30.007","°C","1016.000","hPa","35.3","pmil","0","53.237","deg","23.954","°C","100.000","%a.s.","21.023","deg","23.635","°C","1019.000","hPa","0.861","-0.02617","0.00035","0","0","13.56","Humid","28.00","0","54.00","360797.76","SABD0000000001","AAV1.0.0.11","1.1.2.0","PSt7-10","170328-007","9/30/2017 19:06:43","0000-00","0","no battery","V"
"09/09/2020","10:52:24","2","default","115855972","OXY_CH2","86.827","min","186.837","µmol/L","Humid","20.525","deg","78873","µV","30.001","°C","1016.000","hPa","35.3","pmil","0","53.237","deg","23.954","°C","100.000","%a.s.","21.023","deg","23.635","°C","1019.000","hPa","0.861","-0.02617","0.00035","0","0","13.56","Humid","28.00","0","54.00","360802.42","SABD0000000001","AAV1.0.0.11","1.1.2.0","PSt7-10","170328-007","9/30/2017 19:06:43","0000-00","0","no battery","V"
"09/09/2020","10:52:25","2","default","115855972","OXY_CH2","86.844","min","186.803","µmol/L","Humid","20.525","deg","78869","µV","30.007","°C","1016.000","hPa","35.3","pmil","0","53.237","deg","23.954","°C","100.000","%a.s.","21.023","deg","23.635","°C","1019.000","hPa","0.861","-0.02617","0.00035","0","0","13.56","Humid","28.00","0","54.00","360804.13","SABD0000000001","AAV1.0.0.11","1.1.2.0","PSt7-10","170328-007","9/30/2017 19:06:43","0000-00","0","no battery","V"
"09/09/2020","10:52:26","2","default","115855972","OXY_CH2","86.860","min","186.783","µmol/L","Humid","20.524","deg","78868","µV","30.013","°C","1016.000","hPa","35.3","pmil","0","53.237","deg","23.954","°C","100.000","%a.s.","21.023","deg","23.635","°C","1019.000","hPa","0.861","-0.02617","0.00035","0","0","13.56","Humid","28.00","0","54.00","360792.03","SABD0000000001","AAV1.0.0.11","1.1.2.0","PSt7-10","170328-007","9/30/2017 19:06:43","0000-00","0","no battery","V"
"09/09/2020","10:52:27","2","default","115855972","OXY_CH2","86.877","min","186.762","µmol/L","Humid","20.528","deg","78868","µV","30.005","°C","1016.000","hPa","35.3","pmil","0","53.237","deg","23.954","°C","100.000","%a.s.","21.023","deg","23.635","°C","1019.000","hPa","0.861","-0.02617","0.00035","0","0","13.56","Humid","28.00","0","54.00","360787.39","SABD0000000001","AAV1.0.0.11","1.1.2.0","PSt7-10","170328-007","9/30/2017 19:06:43","0000-00","0","no battery","V"
"09/09/2020","10:52:28","2","default","115855972","OXY_CH2","86.894","min","186.794","µmol/L","Humid","20.527","deg","78867","µV","30.002","°C","1016.000","hPa","35.3","pmil","0","53.237","deg","23.954","°C","100.000","%a.s.","21.023","deg","23.635","°C","1019.000","hPa","0.861","-0.02617","0.00035","0","0","13.56","Humid","28.00","0","54.00","360783.76","SABD0000000001","AAV1.0.0.11","1.1.2.0","PSt7-10","170328-007","9/30/2017 19:06:43","0000-00","0","no battery","V"
"09/09/2020","10:52:29","2","default","115855972","OXY_CH2","86.911","min","186.743","µmol/L","Humid","20.529","deg","78866","µV","30.005","°C","1016.000","hPa","35.3","pmil","0","53.237","deg","23.954","°C","100.000","%a.s.","21.023","deg","23.635","°C","1019.000","hPa","0.861","-0.02617","0.00035","0","0","13.56","Humid","28.00","0","54.00","360791.21","SABD0000000001","AAV1.0.0.11","1.1.2.0","PSt7-10","170328-007","9/30/2017 19:06:43","0000-00","0","no battery","V"
"09/09/2020","10:52:30","2","default","115855972","OXY_CH2","86.927","min","186.772","µmol/L","Humid","20.529","deg","78867","µV","30.000","°C","1016.000","hPa","35.3","pmil","0","53.237","deg","23.954","°C","100.000","%a.s.","21.023","deg","23.635","°C","1019.000","hPa","0.861","-0.02617","0.00035","0","0","13.56","Humid","28.00","0","54.00","360795.16","SABD0000000001","AAV1.0.0.11","1.1.2.0","PSt7-10","170328-007","9/30/2017 19:06:43","0000-00","0","no battery","V"
"09/09/2020","10:52:31","2","default","115855972","OXY_CH2","86.944","min","186.709","µmol/L","Humid","20.526","deg","78869","µV","30.020","°C","1016.000","hPa","35.3","pmil","0","53.237","deg","23.954","°C","100.000","%a.s.","21.023","deg","23.635","°C","1019.000","hPa","0.861","-0.02617","0.00035","0","0","13.56","Humid","28.00","0","54.00","360793.38","SABD0000000001","AAV1.0.0.11","1.1.2.0","PSt7-10","170328-007","9/30/2017 19:06:43","0000-00","0","no battery","V"
"09/09/2020","10:52:32","2","default","115855972","OXY_CH2","86.961","min","186.695","µmol/L","Humid","20.530","deg","78865","µV","30.010","°C","1016.000","hPa","35.3","pmil","0","53.237","deg","23.954","°C","100.000","%a.s.","21.023","deg","23.635","°C","1019.000","hPa","0.861","-0.02617","0.00035","0","0","13.56","Humid","28.00","0","54.00","360799.94","SABD0000000001","AAV1.0.0.11","1.1.2.0","PSt7-10","170328-007","9/30/2017 19:06:43","0000-00","0","no battery","V"
"09/09/2020","10:52:33","2","default","115855972","OXY_CH2","86.977","min","186.806","µmol/L","Humid","20.524","deg","78873","µV","30.009","°C","1016.000","hPa","35.3","pmil","0","53.237","deg","23.954","°C","100.000","%a.s.","21.023","deg","23.635","°C","1019.000","hPa","0.861","-0.02617","0.00035","0","0","13.56","Humid","28.00","0","54.00","360792.57","SABD0000000001","AAV1.0.0.11","1.1.2.0","PSt7-10","170328-007","9/30/2017 19:06:43","0000-00","0","no battery","V"
"09/09/2020","10:52:34","2","default","115855972","OXY_CH2","86.994","min","186.793","µmol/L","Humid","20.527","deg","78874","µV","30.002","°C","1016.000","hPa","35.3","pmil","0","53.237","deg","23.954","°C","100.000","%a.s.","21.023","deg","23.635","°C","1019.000","hPa","0.861","-0.02617","0.00035","0","0","13.56","Humid","28.00","0","54.00","360806.84","SABD0000000001","AAV1.0.0.11","1.1.2.0","PSt7-10","170328-007","9/30/2017 19:06:43","0000-00","0","no battery","V"
"09/09/2020","10:52:35","2","default","115855972","OXY_CH2","87.011","min","186.874","µmol/L","Humid","20.525","deg","78864","µV","29.995","°C","1016.000","hPa","35.3","pmil","0","53.237","deg","23.954","°C","100.000","%a.s.","21.023","deg","23.635","°C","1019.000","hPa","0.861","-0.02617","0.00035","0","0","13.56","Humid","28.00","0","54.00","360798.38","SABD0000000001","AAV1.0.0.11","1.1.2.0","PSt7-10","170328-007","9/30/2017 19:06:43","0000-00","0","no battery","V"
"09/09/2020","10:52:36","2","default","115855972","OXY_CH2","87.028","min","186.861","µmol/L","Humid","20.526","deg","78867","µV","29.994","°C","1016.000","hPa","35.3","pmil","0","53.237","deg","23.954","°C","100.000","%a.s.","21.023","deg","23.635","°C","1019.000","hPa","0.861","-0.02617","0.00035","0","0","13.56","Humid","28.00","0","54.00","360794.86","SABD0000000001","AAV1.0.0.11","1.1.2.0","PSt7-10","170328-007","9/30/2017 19:06:43","0000-00","0","no battery","V"
"09/09/2020","10:52:37","2","default","115855972","OXY_CH2","87.044","min","186.834","µmol/L","Humid","20.528","deg","78865","µV","29.993","°C","1016.000","hPa","35.3","pmil","0","53.237","deg","23.954","°C","100.000","%a.s.","21.023","deg","23.635","°C","1019.000","hPa","0.861","-0.02617","0.00035","0","0","13.56","Humid","28.00","0","54.00","360792.31","SABD0000000001","AAV1.0.0.11","1.1.2.0","PSt7-10","170328-007","9/30/2017 19:06:43","0000-00","0","no battery","V"
"09/09/2020","10:52:38","2","default","115855972","OXY_CH2","87.061","min","186.807","µmol/L","Humid","20.526","deg","78862","µV","30.003","°C","1016.000","hPa","35.3","pmil","0","53.237","deg","23.954","°C","100.000","%a.s.","21.023","deg","23.635","°C","1019.000","hPa","0.861","-0.02617","0.00035","0","0","13.56","Humid","28.00","0","54.00","360781.17","SABD0000000001","AAV1.0.0.11","1.1.2.0","PSt7-10","170328-007","9/30/2017 19:06:43","0000-00","0","no battery","V"
"09/09/2020","10:52:39","2","default","115855972","OXY_CH2","87.077","min","186.817","µmol/L","Humid","20.525","deg","78868","µV","30.004","°C","1016.000","hPa","35.3","pmil","0","53.237","deg","23.954","°C","100.000","%a.s.","21.023","deg","23.635","°C","1019.000","hPa","0.861","-0.02617","0.00035","0","0","13.56","Humid","28.00","0","54.00","360795.75","SABD0000000001","AAV1.0.0.11","1.1.2.0","PSt7-10","170328-007","9/30/2017 19:06:43","0000-00","0","no battery","V"
"09/09/2020","10:52:40","2","default","115855972","OXY_CH2","87.094","min","186.708","µmol/L","Humid","20.528","deg","78865","µV","30.014","°C","1016.000","hPa","35.3","pmil","0","53.237","deg","23.954","°C","100.000","%a.s.","21.023","deg","23.635","°C","1019.000","hPa","0.861","-0.02617","0.00035","0","0","13.56","Humid","28.00","0","54.00","360791.44","SABD0000000001","AAV1.0.0.11","1.1.2.0","PSt7-10","170328-007","9/30/2017 19:06:43","0000-00","0","no battery","V"
"09/09/2020","10:52:41","2","default","115855972","OXY_CH2","87.111","min","186.745","µmol/L","Humid","20.527","deg","78861","µV","30.011","°C","1016.000","hPa","35.3","pmil","0","53.237","deg","23.954","°C","100.000","%a.s.","21.023","deg","23.635","°C","1019.000","hPa","0.861","-0.02617","0.00035","0","0","13.56","Humid","28.00","0","54.00","360790.25","SABD0000000001","AAV1.0.0.11","1.1.2.0","PSt7-10","170328-007","9/30/2017 19:06:43","0000-00","0","no battery","V"
"09/09/2020","10:52:42","2","default","115855972","OXY_CH2","87.127","min","186.784","µmol/L","Humid","20.525","deg","78860","µV","30.010","°C","1016.000","hPa","35.3","pmil","0","53.237","deg","23.954","°C","100.000","%a.s.","21.023","deg","23.635","°C","1019.000","hPa","0.861","-0.02617","0.00035","0","0","13.56","Humid","28.00","0","54.00","360779.49","SABD0000000001","AAV1.0.0.11","1.1.2.0","PSt7-10","170328-007","9/30/2017 19:06:43","0000-00","0","no battery","V"
"09/09/2020","10:52:43","2","default","115855972","OXY_CH2","87.144","min","186.757","µmol/L","Humid","20.525","deg","78856","µV","30.014","°C","1016.000","hPa","35.3","pmil","0","53.237","deg","23.954","°C","100.000","%a.s.","21.023","deg","23.635","°C","1019.000","hPa","0.861","-0.02617","0.00035","0","0","13.56","Humid","28.00","0","54.00","360785.11","SABD0000000001","AAV1.0.0.11","1.1.2.0","PSt7-10","170328-007","9/30/2017 19:06:43","0000-00","0","no battery","V"
"09/09/2020","10:52:44","2","default","115855972","OXY_CH2","87.161","min","186.825","µmol/L","Humid","20.524","deg","78851","µV","30.006","°C","1016.000","hPa","35.3","pmil","0","53.237","deg","23.954","°C","100.000","%a.s.","21.023","deg","23.635","°C","1019.000","hPa","0.861","-0.02617","0.00035","0","0","13.56","Humid","28.00","0","54.00","360781.73","SABD0000000001","AAV1.0.0.11","1.1.2.0","PSt7-10","170328-007","9/30/2017 19:06:43","0000-00","0","no battery","V"
"09/09/2020","10:52:45","2","default","115855972","OXY_CH2","87.178","min","186.772","µmol/L","Humid","20.524","deg","78858","µV","30.015","°C","1016.000","hPa","35.3","pmil","0","53.237","deg","23.954","°C","100.000","%a.s.","21.023","deg","23.635","°C","1019.000","hPa","0.861","-0.02617","0.00035","0","0","13.56","Humid","28.00","0","54.00","360787.41","SABD0000000001","AAV1.0.0.11","1.1.2.0","PSt7-10","170328-007","9/30/2017 19:06:43","0000-00","0","no battery","V"
"09/09/2020","10:52:46","2","default","115855972","OXY_CH2","87.194","min","186.852","µmol/L","Humid","20.524","deg","78857","µV","30.001","°C","1016.000","hPa","35.3","pmil","0","53.237","deg","23.954","°C","100.000","%a.s.","21.023","deg","23.635","°C","1019.000","hPa","0.861","-0.02617","0.00035","0","0","13.56","Humid","28.00","0","54.00","360799.65","SABD0000000001","AAV1.0.0.11","1.1.2.0","PSt7-10","170328-007","9/30/2017 19:06:43","0000-00","0","no battery","V"
"09/09/2020","10:52:47","2","default","115855972","OXY_CH2","87.211","min","186.806","µmol/L","Humid","20.525","deg","78855","µV","30.006","°C","1016.000","hPa","35.3","pmil","0","53.237","deg","23.954","°C","100.000","%a.s.","21.023","deg","23.635","°C","1019.000","hPa","0.861","-0.02617","0.00035","0","0","13.56","Humid","28.00","0","54.00","360786.52","SABD0000000001","AAV1.0.0.11","1.1.2.0","PSt7-10","170328-007","9/30/2017 19:06:43","0000-00","0","no battery","V"
"09/09/2020","10:52:48","2","default","115855972","OXY_CH2","87.227","min","186.872","µmol/L","Humid","20.522","deg","78842","µV","30.004","°C","1016.000","hPa","35.3","pmil","0","53.237","deg","23.954","°C","100.000","%a.s.","21.023","deg","23.635","°C","1019.000","hPa","0.861","-0.02617","0.00035","0","0","13.56","Humid","28.00","0","54.00","360777.99","SABD0000000001","AAV1.0.0.11","1.1.2.0","PSt7-10","170328-007","9/30/2017 19:06:43","0000-00","0","no battery","V"
"09/09/2020","10:52:49","2","default","115855972","OXY_CH2","87.245","min","186.875","µmol/L","Humid","20.521","deg","78850","µV","30.006","°C","1016.000","hPa","35.3","pmil","0","53.237","deg","23.954","°C","100.000","%a.s.","21.023","deg","23.635","°C","1019.000","hPa","0.861","-0.02617","0.00035","0","0","13.56","Humid","28.00","0","54.00","360798.25","SABD0000000001","AAV1.0.0.11","1.1.2.0","PSt7-10","170328-007","9/30/2017 19:06:43","0000-00","0","no battery","V"
"09/09/2020","10:52:50","2","default","115855972","OXY_CH2","87.261","min","186.810","µmol/L","Humid","20.523","deg","78839","µV","30.011","°C","1016.000","hPa","35.3","pmil","0","53.237","deg","23.954","°C","100.000","%a.s.","21.023","deg","23.635","°C","1019.000","hPa","0.861","-0.02617","0.00035","0","0","13.56","Humid","28.00","0","54.00","360772.83","SABD0000000001","AAV1.0.0.11","1.1.2.0","PSt7-10","170328-007","9/30/2017 19:06:43","0000-00","0","no battery","V"
"09/09/2020","10:52:51","2","default","115855972","OXY_CH2","87.278","min","186.779","µmol/L","Humid","20.527","deg","78854","µV","30.005","°C","1016.000","hPa","35.3","pmil","0","53.237","deg","23.954","°C","100.000","%a.s.","21.023","deg","23.635","°C","1019.000","hPa","0.861","-0.02617","0.00035","0","0","13.56","Humid","28.00","0","54.00","360779.39","SABD0000000001","AAV1.0.0.11","1.1.2.0","PSt7-10","170328-007","9/30/2017 19:06:43","0000-00","0","no battery","V"
"09/09/2020","10:52:52","2","default","115855972","OXY_CH2","87.294","min","186.925","µmol/L","Humid","20.522","deg","78849","µV","29.995","°C","1016.000","hPa","35.3","pmil","0","53.237","deg","23.954","°C","100.000","%a.s.","21.023","deg","23.635","°C","1019.000","hPa","0.861","-0.02617","0.00035","0","0","13.56","Humid","28.00","0","54.00","360778.80","SABD0000000001","AAV1.0.0.11","1.1.2.0","PSt7-10","170328-007","9/30/2017 19:06:43","0000-00","0","no battery","V"
"09/09/2020","10:52:53","2","default","115855972","OXY_CH2","87.311","min","186.943","µmol/L","Humid","20.521","deg","78845","µV","29.994","°C","1016.000","hPa","35.3","pmil","0","53.237","deg","23.954","°C","100.000","%a.s.","21.023","deg","23.635","°C","1019.000","hPa","0.861","-0.02617","0.00035","0","0","13.56","Humid","28.00","0","54.00","360787.30","SABD0000000001","AAV1.0.0.11","1.1.2.0","PSt7-10","170328-007","9/30/2017 19:06:43","0000-00","0","no battery","V"
"09/09/2020","10:52:54","2","default","115855972","OXY_CH2","87.328","min","186.910","µmol/L","Humid","20.525","deg","78843","µV","29.988","°C","1016.000","hPa","35.3","pmil","0","53.237","deg","23.954","°C","100.000","%a.s.","21.023","deg","23.635","°C","1019.000","hPa","0.861","-0.02617","0.00035","0","0","13.56","Humid","28.00","0","54.00","360789.12","SABD0000000001","AAV1.0.0.11","1.1.2.0","PSt7-10","170328-007","9/30/2017 19:06:43","0000-00","0","no battery","V"
"09/09/2020","10:52:55","2","default","115855972","OXY_CH2","87.344","min","186.946","µmol/L","Humid","20.522","deg","78843","µV","29.991","°C","1016.000","hPa","35.3","pmil","0","53.237","deg","23.954","°C","100.000","%a.s.","21.023","deg","23.635","°C","1019.000","hPa","0.861","-0.02617","0.00035","0","0","13.56","Humid","28.00","0","54.00","360786.81","SABD0000000001","AAV1.0.0.11","1.1.2.0","PSt7-10","170328-007","9/30/2017 19:06:43","0000-00","0","no battery","V"
"09/09/2020","10:52:56","2","default","115855972","OXY_CH2","87.361","min","186.849","µmol/L","Humid","20.526","deg","78844","µV","29.996","°C","1016.000","hPa","35.3","pmil","0","53.237","deg","23.954","°C","100.000","%a.s.","21.023","deg","23.635","°C","1019.000","hPa","0.861","-0.02617","0.00035","0","0","13.56","Humid","28.00","0","54.00","360786.92","SABD0000000001","AAV1.0.0.11","1.1.2.0","PSt7-10","170328-007","9/30/2017 19:06:43","0000-00","0","no battery","V"
"09/09/2020","10:52:57","2","default","115855972","OXY_CH2","87.377","min","186.790","µmol/L","Humid","20.520","deg","78841","µV","30.023","°C","1016.000","hPa","35.3","pmil","0","53.237","deg","23.954","°C","100.000","%a.s.","21.023","deg","23.635","°C","1019.000","hPa","0.861","-0.02617","0.00035","0","0","13.56","Humid","28.00","0","54.00","360786.62","SABD0000000001","AAV1.0.0.11","1.1.2.0","PSt7-10","170328-007","9/30/2017 19:06:43","0000-00","0","no battery","V"
"09/09/2020","10:52:58","2","default","115855972","OXY_CH2","87.394","min","186.764","µmol/L","Humid","20.522","deg","78843","µV","30.022","°C","1016.000","hPa","35.3","pmil","0","53.237","deg","23.954","°C","100.000","%a.s.","21.023","deg","23.635","°C","1019.000","hPa","0.861","-0.02617","0.00035","0","0","13.56","Humid","28.00","0","54.00","360773.37","SABD0000000001","AAV1.0.0.11","1.1.2.0","PSt7-10","170328-007","9/30/2017 19:06:43","0000-00","0","no battery","V"
"09/09/2020","10:52:59","2","default","115855972","OXY_CH2","87.411","min","186.972","µmol/L","Humid","20.515","deg","78848","µV","30.007","°C","1016.000","hPa","35.3","pmil","0","53.237","deg","23.954","°C","100.000","%a.s.","21.023","deg","23.635","°C","1019.000","hPa","0.861","-0.02617","0.00035","0","0","13.56","Humid","28.00","0","54.00","360793.77","SABD0000000001","AAV1.0.0.11","1.1.2.0","PSt7-10","170328-007","9/30/2017 19:06:43","0000-00","0","no battery","V"
"09/09/2020","10:53:00","2","default","115855972","OXY_CH2","87.427","min","186.975","µmol/L","Humid","20.520","deg","78835","µV","29.992","°C","1016.000","hPa","35.3","pmil","0","53.237","deg","23.954","°C","100.000","%a.s.","21.023","deg","23.635","°C","1019.000","hPa","0.861","-0.02617","0.00035","0","0","13.56","Humid","28.00","0","54.00","360784.62","SABD0000000001","AAV1.0.0.11","1.1.2.0","PSt7-10","170328-007","9/30/2017 19:06:43","0000-00","0","no battery","V"
"09/09/2020","10:53:01","2","default","115855972","OXY_CH2","87.444","min","186.840","µmol/L","Humid","20.518","deg","78833","µV","30.021","°C","1016.000","hPa","35.3","pmil","0","53.237","deg","23.954","°C","100.000","%a.s.","21.023","deg","23.635","°C","1019.000","hPa","0.861","-0.02617","0.00035","0","0","13.56","Humid","28.00","0","54.00","360782.90","SABD0000000001","AAV1.0.0.11","1.1.2.0","PSt7-10","170328-007","9/30/2017 19:06:43","0000-00","0","no battery","V"
"09/09/2020","10:53:02","2","default","115855972","OXY_CH2","87.462","min","186.853","µmol/L","Humid","20.521","deg","78835","µV","30.010","°C","1016.000","hPa","35.3","pmil","0","53.237","deg","23.954","°C","100.000","%a.s.","21.023","deg","23.635","°C","1019.000","hPa","0.861","-0.02617","0.00035","0","0","13.56","Humid","28.00","0","54.00","360779.68","SABD0000000001","AAV1.0.0.11","1.1.2.0","PSt7-10","170328-007","9/30/2017 19:06:43","0000-00","0","no battery","V"
"09/09/2020","10:53:03","2","default","115855972","OXY_CH2","87.478","min","186.800","µmol/L","Humid","20.525","deg","78835","µV","30.007","°C","1016.000","hPa","35.3","pmil","0","53.237","deg","23.954","°C","100.000","%a.s.","21.023","deg","23.635","°C","1019.000","hPa","0.861","-0.02617","0.00035","0","0","13.56","Humid","28.00","0","54.00","360784.46","SABD0000000001","AAV1.0.0.11","1.1.2.0","PSt7-10","170328-007","9/30/2017 19:06:43","0000-00","0","no battery","V"
"09/09/2020","10:53:04","2","default","115855972","OXY_CH2","87.494","min","186.834","µmol/L","Humid","20.522","deg","78839","µV","30.010","°C","1016.000","hPa","35.3","pmil","0","53.237","deg","23.954","°C","100.000","%a.s.","21.023","deg","23.635","°C","1019.000","hPa","0.861","-0.02617","0.00035","0","0","13.56","Humid","28.00","0","54.00","360770.53","SABD0000000001","AAV1.0.0.11","1.1.2.0","PSt7-10","170328-007","9/30/2017 19:06:43","0000-00","0","no battery","V"
"09/09/2020","10:53:05","2","default","115855972","OXY_CH2","87.511","min","186.939","µmol/L","Humid","20.517","deg","78835","µV","30.007","°C","1016.000","hPa","35.3","pmil","0","53.237","deg","23.954","°C","100.000","%a.s.","21.023","deg","23.635","°C","1019.000","hPa","0.861","-0.02617","0.00035","0","0","13.56","Humid","28.00","0","54.00","360781.10","SABD0000000001","AAV1.0.0.11","1.1.2.0","PSt7-10","170328-007","9/30/2017 19:06:43","0000-00","0","no battery","V"
"09/09/2020","10:53:06","2","default","115855972","OXY_CH2","87.527","min","186.961","µmol/L","Humid","20.518","deg","78833","µV","30.000","°C","1016.000","hPa","35.3","pmil","0","53.237","deg","23.954","°C","100.000","%a.s.","21.023","deg","23.635","°C","1019.000","hPa","0.861","-0.02617","0.00035","0","0","13.56","Humid","28.00","0","54.00","360779.80","SABD0000000001","AAV1.0.0.11","1.1.2.0","PSt7-10","170328-007","9/30/2017 19:06:43","0000-00","0","no battery","V"
"09/09/2020","10:53:07","2","default","115855972","OXY_CH2","87.544","min","186.872","µmol/L","Humid","20.520","deg","78841","µV","30.009","°C","1016.000","hPa","35.3","pmil","0","53.237","deg","23.954","°C","100.000","%a.s.","21.023","deg","23.635","°C","1019.000","hPa","0.861","-0.02617","0.00035","0","0","13.56","Humid","28.00","0","54.00","360783.80","SABD0000000001","AAV1.0.0.11","1.1.2.0","PSt7-10","170328-007","9/30/2017 19:06:43","0000-00","0","no battery","V"
"09/09/2020","10:53:08","2","default","115855972","OXY_CH2","87.561","min","186.939","µmol/L","Humid","20.517","deg","78840","µV","30.007","°C","1016.000","hPa","35.3","pmil","0","53.237","deg","23.954","°C","100.000","%a.s.","21.023","deg","23.635","°C","1019.000","hPa","0.861","-0.02617","0.00035","0","0","13.56","Humid","28.00","0","54.00","360797.23","SABD0000000001","AAV1.0.0.11","1.1.2.0","PSt7-10","170328-007","9/30/2017 19:06:43","0000-00","0","no battery","V"
"09/09/2020","10:53:09","2","default","115855972","OXY_CH2","87.577","min","186.986","µmol/L","Humid","20.516","deg","78823","µV","30.002","°C","1016.000","hPa","35.3","pmil","0","53.237","deg","23.954","°C","100.000","%a.s.","21.023","deg","23.635","°C","1019.000","hPa","0.861","-0.02617","0.00035","0","0","13.56","Humid","28.00","0","54.00","360777.13","SABD0000000001","AAV1.0.0.11","1.1.2.0","PSt7-10","170328-007","9/30/2017 19:06:43","0000-00","0","no battery","V"
"09/09/2020","10:53:10","2","default","115855972","OXY_CH2","87.594","min","186.963","µmol/L","Humid","20.519","deg","78828","µV","29.997","°C","1016.000","hPa","35.3","pmil","0","53.237","deg","23.954","°C","100.000","%a.s.","21.023","deg","23.635","°C","1019.000","hPa","0.861","-0.02617","0.00035","0","0","13.56","Humid","28.00","0","54.00","360775.57","SABD0000000001","AAV1.0.0.11","1.1.2.0","PSt7-10","170328-007","9/30/2017 19:06:43","0000-00","0","no battery","V"
"09/09/2020","10:53:11","2","default","115855972","OXY_CH2","87.611","min","186.833","µmol/L","Humid","20.518","deg","78830","µV","30.022","°C","1016.000","hPa","35.3","pmil","0","53.237","deg","23.954","°C","100.000","%a.s.","21.023","deg","23.635","°C","1019.000","hPa","0.861","-0.02617","0.00035","0","0","13.56","Humid","28.00","0","54.00","360776.20","SABD0000000001","AAV1.0.0.11","1.1.2.0","PSt7-10","170328-007","9/30/2017 19:06:43","0000-00","0","no battery","V"
"09/09/2020","10:53:12","2","default","115855972","OXY_CH2","87.627","min","186.860","µmol/L","Humid","20.520","deg","78823","µV","30.011","°C","1016.000","hPa","35.3","pmil","0","53.237","deg","23.954","°C","100.000","%a.s.","21.023","deg","23.635","°C","1019.000","hPa","0.861","-0.02617","0.00035","0","0","13.56","Humid","28.00","0","54.00","360779.53","SABD0000000001","AAV1.0.0.11","1.1.2.0","PSt7-10","170328-007","9/30/2017 19:06:43","0000-00","0","no battery","V"
"09/09/2020","10:53:13","2","default","115855972","OXY_CH2","87.644","min","186.959","µmol/L","Humid","20.516","deg","78826","µV","30.006","°C","1016.000","hPa","35.3","pmil","0","53.237","deg","23.954","°C","100.000","%a.s.","21.023","deg","23.635","°C","1019.000","hPa","0.861","-0.02617","0.00035","0","0","13.56","Humid","28.00","0","54.00","360773.67","SABD0000000001","AAV1.0.0.11","1.1.2.0","PSt7-10","170328-007","9/30/2017 19:06:43","0000-00","0","no battery","V"
"09/09/2020","10:53:14","2","default","115855972","OXY_CH2","87.660","min","186.937","µmol/L","Humid","20.520","deg","78826","µV","29.998","°C","1016.000","hPa","35.3","pmil","0","53.237","deg","23.954","°C","100.000","%a.s.","21.023","deg","23.635","°C","1019.000","hPa","0.861","-0.02617","0.00035","0","0","13.56","Humid","28.00","0","54.00","360763.45","SABD0000000001","AAV1.0.0.11","1.1.2.0","PSt7-10","170328-007","9/30/2017 19:06:43","0000-00","0","no battery","V"
"09/09/2020","10:53:15","2","default","115855972","OXY_CH2","87.677","min","186.956","µmol/L","Humid","20.521","deg","78834","µV","29.992","°C","1016.000","hPa","35.3","pmil","0","53.237","deg","23.954","°C","100.000","%a.s.","21.023","deg","23.635","°C","1019.000","hPa","0.861","-0.02617","0.00035","0","0","13.56","Humid","28.00","0","54.00","360770.10","SABD0000000001","AAV1.0.0.11","1.1.2.0","PSt7-10","170328-007","9/30/2017 19:06:43","0000-00","0","no battery","V"
"09/09/2020","10:53:16","2","default","115855972","OXY_CH2","87.694","min","186.984","µmol/L","Humid","20.518","deg","78831","µV","29.996","°C","1016.000","hPa","35.3","pmil","0","53.237","deg","23.954","°C","100.000","%a.s.","21.023","deg","23.635","°C","1019.000","hPa","0.861","-0.02617","0.00035","0","0","13.56","Humid","28.00","0","54.00","360777.17","SABD0000000001","AAV1.0.0.11","1.1.2.0","PSt7-10","170328-007","9/30/2017 19:06:43","0000-00","0","no battery","V"
"09/09/2020","10:53:17","2","default","115855972","OXY_CH2","87.710","min","186.935","µmol/L","Humid","20.518","deg","78817","µV","30.004","°C","1016.000","hPa","35.3","pmil","0","53.237","deg","23.954","°C","100.000","%a.s.","21.023","deg","23.635","°C","1019.000","hPa","0.861","-0.02617","0.00035","0","0","13.56","Humid","28.00","0","54.00","360778.54","SABD0000000001","AAV1.0.0.11","1.1.2.0","PSt7-10","170328-007","9/30/2017 19:06:43","0000-00","0","no battery","V"
"09/09/2020","10:53:18","2","default","115855972","OXY_CH2","87.727","min","186.897","µmol/L","Humid","20.516","deg","78826","µV","30.017","°C","1016.000","hPa","35.3","pmil","0","53.237","deg","23.954","°C","100.000","%a.s.","21.023","deg","23.635","°C","1019.000","hPa","0.861","-0.02617","0.00035","0","0","13.56","Humid","28.00","0","54.00","360771.48","SABD0000000001","AAV1.0.0.11","1.1.2.0","PSt7-10","170328-007","9/30/2017 19:06:43","0000-00","0","no battery","V"
"09/09/2020","10:53:19","2","default","115855972","OXY_CH2","87.744","min","186.974","µmol/L","Humid","20.515","deg","78816","µV","30.007","°C","1016.000","hPa","35.3","pmil","0","53.237","deg","23.954","°C","100.000","%a.s.","21.023","deg","23.635","°C","1019.000","hPa","0.861","-0.02617","0.00035","0","0","13.56","Humid","28.00","0","54.00","360769.10","SABD0000000001","AAV1.0.0.11","1.1.2.0","PSt7-10","170328-007","9/30/2017 19:06:43","0000-00","0","no battery","V"
"09/09/2020","10:53:20","2","default","115855972","OXY_CH2","87.761","min","186.890","µmol/L","Humid","20.516","deg","78821","µV","30.018","°C","1016.000","hPa","35.3","pmil","0","53.237","deg","23.954","°C","100.000","%a.s.","21.023","deg","23.635","°C","1019.000","hPa","0.861","-0.02617","0.00035","0","0","13.56","Humid","28.00","0","54.00","360759.06","SABD0000000001","AAV1.0.0.11","1.1.2.0","PSt7-10","170328-007","9/30/2017 19:06:43","0000-00","0","no battery","V"
"09/09/2020","10:53:21","2","default","115855972","OXY_CH2","87.777","min","186.866","µmol/L","Humid","20.516","deg","78823","µV","30.022","°C","1016.000","hPa","35.3","pmil","0","53.237","deg","23.954","°C","100.000","%a.s.","21.023","deg","23.635","°C","1019.000","hPa","0.861","-0.02617","0.00035","0","0","13.56","Humid","28.00","0","54.00","360770.73","SABD0000000001","AAV1.0.0.11","1.1.2.0","PSt7-10","170328-007","9/30/2017 19:06:43","0000-00","0","no battery","V"
"09/09/2020","10:53:22","2","default","115855972","OXY_CH2","87.794","min","186.899","µmol/L","Humid","20.519","deg","78819","µV","30.008","°C","1016.000","hPa","35.3","pmil","0","53.237","deg","23.954","°C","100.000","%a.s.","21.023","deg","23.635","°C","1019.000","hPa","0.861","-0.02617","0.00035","0","0","13.56","Humid","28.00","0","54.00","360766.03","SABD0000000001","AAV1.0.0.11","1.1.2.0","PSt7-10","170328-007","9/30/2017 19:06:43","0000-00","0","no battery","V"
"09/09/2020","10:53:23","2","default","115855972","OXY_CH2","87.811","min","187.015","µmol/L","Humid","20.514","deg","78821","µV","30.003","°C","1016.000","hPa","35.3","pmil","0","53.237","deg","23.954","°C","100.000","%a.s.","21.023","deg","23.635","°C","1019.000","hPa","0.861","-0.02617","0.00035","0","0","13.56","Humid","28.00","0","54.00","360774.59","SABD0000000001","AAV1.0.0.11","1.1.2.0","PSt7-10","170328-007","9/30/2017 19:06:43","0000-00","0","no battery","V"
"09/09/2020","10:53:24","2","default","115855972","OXY_CH2","87.827","min","187.115","µmol/L","Humid","20.510","deg","78816","µV","29.997","°C","1016.000","hPa","35.3","pmil","0","53.237","deg","23.954","°C","100.000","%a.s.","21.023","deg","23.635","°C","1019.000","hPa","0.861","-0.02617","0.00035","0","0","13.56","Humid","28.00","0","54.00","360762.98","SABD0000000001","AAV1.0.0.11","1.1.2.0","PSt7-10","170328-007","9/30/2017 19:06:43","0000-00","0","no battery","V"
"09/09/2020","10:53:25","2","default","115855972","OXY_CH2","87.844","min","186.925","µmol/L","Humid","20.520","deg","78811","µV","30.000","°C","1016.000","hPa","35.3","pmil","0","53.237","deg","23.954","°C","100.000","%a.s.","21.023","deg","23.635","°C","1019.000","hPa","0.861","-0.02617","0.00035","0","0","13.56","Humid","28.00","0","54.00","360769.20","SABD0000000001","AAV1.0.0.11","1.1.2.0","PSt7-10","170328-007","9/30/2017 19:06:43","0000-00","0","no battery","V"
"09/09/2020","10:53:26","2","default","115855972","OXY_CH2","87.861","min","187.052","µmol/L","Humid","20.513","deg","78818","µV","29.999","°C","1016.000","hPa","35.3","pmil","0","53.237","deg","23.954","°C","100.000","%a.s.","21.023","deg","23.635","°C","1019.000","hPa","0.861","-0.02617","0.00035","0","0","13.56","Humid","28.00","0","54.00","360763.22","SABD0000000001","AAV1.0.0.11","1.1.2.0","PSt7-10","170328-007","9/30/2017 19:06:43","0000-00","0","no battery","V"
"09/09/2020","10:53:27","2","default","115855972","OXY_CH2","87.877","min","187.024","µmol/L","Humid","20.514","deg","78816","µV","30.001","°C","1016.000","hPa","35.3","pmil","0","53.237","deg","23.954","°C","100.000","%a.s.","21.023","deg","23.635","°C","1019.000","hPa","0.861","-0.02617","0.00035","0","0","13.56","Humid","28.00","0","54.00","360771.18","SABD0000000001","AAV1.0.0.11","1.1.2.0","PSt7-10","170328-007","9/30/2017 19:06:43","0000-00","0","no battery","V"
"09/09/2020","10:53:28","2","default","115855972","OXY_CH2","87.894","min","186.940","µmol/L","Humid","20.518","deg","78809","µV","30.004","°C","1016.000","hPa","35.3","pmil","0","53.237","deg","23.954","°C","100.000","%a.s.","21.023","deg","23.635","°C","1019.000","hPa","0.861","-0.02617","0.00035","0","0","13.56","Humid","28.00","0","54.00","360760.61","SABD0000000001","AAV1.0.0.11","1.1.2.0","PSt7-10","170328-007","9/30/2017 19:06:43","0000-00","0","no battery","V"
"09/09/2020","10:53:29","2","default","115855972","OXY_CH2","87.911","min","186.953","µmol/L","Humid","20.518","deg","78805","µV","30.001","°C","1016.000","hPa","35.3","pmil","0","53.237","deg","23.954","°C","100.000","%a.s.","21.023","deg","23.635","°C","1019.000","hPa","0.861","-0.02617","0.00035","0","0","13.56","Humid","28.00","0","54.00","360751.22","SABD0000000001","AAV1.0.0.11","1.1.2.0","PSt7-10","170328-007","9/30/2017 19:06:43","0000-00","0","no battery","V"
"09/09/2020","10:53:30","2","default","115855972","OXY_CH2","87.927","min","186.995","µmol/L","Humid","20.514","deg","78809","µV","30.006","°C","1016.000","hPa","35.3","pmil","0","53.237","deg","23.954","°C","100.000","%a.s.","21.023","deg","23.635","°C","1019.000","hPa","0.861","-0.02617","0.00035","0","0","13.56","Humid","28.00","0","54.00","360768.53","SABD0000000001","AAV1.0.0.11","1.1.2.0","PSt7-10","170328-007","9/30/2017 19:06:43","0000-00","0","no battery","V"
"09/09/2020","10:53:31","2","default","115855972","OXY_CH2","87.944","min","186.965","µmol/L","Humid","20.514","deg","78816","µV","30.011","°C","1016.000","hPa","35.3","pmil","0","53.237","deg","23.954","°C","100.000","%a.s.","21.023","deg","23.635","°C","1019.000","hPa","0.861","-0.02617","0.00035","0","0","13.56","Humid","28.00","0","54.00","360757.70","SABD0000000001","AAV1.0.0.11","1.1.2.0","PSt7-10","170328-007","9/30/2017 19:06:43","0000-00","0","no battery","V"
"09/09/2020","10:53:32","2","default","115855972","OXY_CH2","87.960","min","186.898","µmol/L","Humid","20.516","deg","78809","µV","30.017","°C","1016.000","hPa","35.3","pmil","0","53.237","deg","23.954","°C","100.000","%a.s.","21.023","deg","23.635","°C","1019.000","hPa","0.861","-0.02617","0.00035","0","0","13.56","Humid","28.00","0","54.00","360768.00","SABD0000000001","AAV1.0.0.11","1.1.2.0","PSt7-10","170328-007","9/30/2017 19:06:43","0000-00","0","no battery","V"
"09/09/2020","10:53:33","2","default","115855972","OXY_CH2","87.977","min","186.826","µmol/L","Humid","20.522","deg","78811","µV","30.011","°C","1016.000","hPa","35.3","pmil","0","53.237","deg","23.954","°C","100.000","%a.s.","21.023","deg","23.635","°C","1019.000","hPa","0.861","-0.02617","0.00035","0","0","13.56","Humid","28.00","0","54.00","360757.94","SABD0000000001","AAV1.0.0.11","1.1.2.0","PSt7-10","170328-007","9/30/2017 19:06:43","0000-00","0","no battery","V"
"09/09/2020","10:53:34","2","default","115855972","OXY_CH2","87.994","min","187.074","µmol/L","Humid","20.515","deg","78811","µV","29.990","°C","1016.000","hPa","35.3","pmil","0","53.237","deg","23.954","°C","100.000","%a.s.","21.023","deg","23.635","°C","1019.000","hPa","0.861","-0.02617","0.00035","0","0","13.56","Humid","28.00","0","54.00","360753.24","SABD0000000001","AAV1.0.0.11","1.1.2.0","PSt7-10","170328-007","9/30/2017 19:06:43","0000-00","0","no battery","V"
"09/09/2020","10:53:35","2","default","115855972","OXY_CH2","88.010","min","187.078","µmol/L","Humid","20.514","deg","78808","µV","29.992","°C","1016.000","hPa","35.3","pmil","0","53.237","deg","23.954","°C","100.000","%a.s.","21.023","deg","23.635","°C","1019.000","hPa","0.861","-0.02617","0.00035","0","0","13.56","Humid","28.00","0","54.00","360757.67","SABD0000000001","AAV1.0.0.11","1.1.2.0","PSt7-10","170328-007","9/30/2017 19:06:43","0000-00","0","no battery","V"
"09/09/2020","10:53:36","2","default","115855972","OXY_CH2","88.027","min","186.865","µmol/L","Humid","20.513","deg","78812","µV","30.031","°C","1016.000","hPa","35.3","pmil","0","53.237","deg","23.954","°C","100.000","%a.s.","21.023","deg","23.635","°C","1019.000","hPa","0.861","-0.02617","0.00035","0","0","13.56","Humid","28.00","0","54.00","360770.54","SABD0000000001","AAV1.0.0.11","1.1.2.0","PSt7-10","170328-007","9/30/2017 19:06:43","0000-00","0","no battery","V"
"09/09/2020","10:53:37","2","default","115855972","OXY_CH2","88.044","min","186.883","µmol/L","Humid","20.514","deg","78810","µV","30.025","°C","1016.000","hPa","35.3","pmil","0","53.237","deg","23.954","°C","100.000","%a.s.","21.023","deg","23.635","°C","1019.000","hPa","0.861","-0.02617","0.00035","0","0","13.56","Humid","28.00","0","54.00","360748.86","SABD0000000001","AAV1.0.0.11","1.1.2.0","PSt7-10","170328-007","9/30/2017 19:06:43","0000-00","0","no battery","V"
"09/09/2020","10:53:38","2","default","115855972","OXY_CH2","88.061","min","186.809","µmol/L","Humid","20.518","deg","78802","µV","30.026","°C","1016.000","hPa","35.3","pmil","0","53.237","deg","23.954","°C","100.000","%a.s.","21.023","deg","23.635","°C","1019.000","hPa","0.861","-0.02617","0.00035","0","0","13.56","Humid","28.00","0","54.00","360752.58","SABD0000000001","AAV1.0.0.11","1.1.2.0","PSt7-10","170328-007","9/30/2017 19:06:43","0000-00","0","no battery","V"
"09/09/2020","10:53:39","2","default","115855972","OXY_CH2","88.077","min","187.011","µmol/L","Humid","20.512","deg","78795","µV","30.009","°C","1016.000","hPa","35.3","pmil","0","53.237","deg","23.954","°C","100.000","%a.s.","21.023","deg","23.635","°C","1019.000","hPa","0.861","-0.02617","0.00035","0","0","13.56","Humid","28.00","0","54.00","360745.81","SABD0000000001","AAV1.0.0.11","1.1.2.0","PSt7-10","170328-007","9/30/2017 19:06:43","0000-00","0","no battery","V"
"09/09/2020","10:53:40","2","default","115855972","OXY_CH2","88.094","min","187.034","µmol/L","Humid","20.509","deg","78800","µV","30.014","°C","1016.000","hPa","35.3","pmil","0","53.237","deg","23.954","°C","100.000","%a.s.","21.023","deg","23.635","°C","1019.000","hPa","0.861","-0.02617","0.00035","0","0","13.56","Humid","28.00","0","54.00","360755.28","SABD0000000001","AAV1.0.0.11","1.1.2.0","PSt7-10","170328-007","9/30/2017 19:06:43","0000-00","0","no battery","V"
"09/09/2020","10:53:41","2","default","115855972","OXY_CH2","88.110","min","187.060","µmol/L","Humid","20.510","deg","78794","µV","30.007","°C","1016.000","hPa","35.3","pmil","0","53.237","deg","23.954","°C","100.000","%a.s.","21.023","deg","23.635","°C","1019.000","hPa","0.861","-0.02617","0.00035","0","0","13.56","Humid","28.00","0","54.00","360733.92","SABD0000000001","AAV1.0.0.11","1.1.2.0","PSt7-10","170328-007","9/30/2017 19:06:43","0000-00","0","no battery","V"
"09/09/2020","10:53:42","2","default","115855972","OXY_CH2","88.127","min","186.985","µmol/L","Humid","20.514","deg","78797","µV","30.008","°C","1016.000","hPa","35.3","pmil","0","53.237","deg","23.954","°C","100.000","%a.s.","21.023","deg","23.635","°C","1019.000","hPa","0.861","-0.02617","0.00035","0","0","13.56","Humid","28.00","0","54.00","360738.00","SABD0000000001","AAV1.0.0.11","1.1.2.0","PSt7-10","170328-007","9/30/2017 19:06:43","0000-00","0","no battery","V"
"09/09/2020","10:53:43","2","default","115855972","OXY_CH2","88.144","min","186.985","µmol/L","Humid","20.513","deg","78791","µV","30.011","°C","1016.000","hPa","35.3","pmil","0","53.237","deg","23.954","°C","100.000","%a.s.","21.023","deg","23.635","°C","1019.000","hPa","0.861","-0.02617","0.00035","0","0","13.56","Humid","28.00","0","54.00","360748.96","SABD0000000001","AAV1.0.0.11","1.1.2.0","PSt7-10","170328-007","9/30/2017 19:06:43","0000-00","0","no battery","V"
"09/09/2020","10:53:44","2","default","115855972","OXY_CH2","88.160","min","187.038","µmol/L","Humid","20.508","deg","78798","µV","30.016","°C","1016.000","hPa","35.3","pmil","0","53.237","deg","23.954","°C","100.000","%a.s.","21.023","deg","23.635","°C","1019.000","hPa","0.861","-0.02617","0.00035","0","0","13.56","Humid","28.00","0","54.00","360741.95","SABD0000000001","AAV1.0.0.11","1.1.2.0","PSt7-10","170328-007","9/30/2017 19:06:43","0000-00","0","no battery","V"
"09/09/2020","10:53:45","2","default","115855972","OXY_CH2","88.177","min","187.101","µmol/L","Humid","20.511","deg","78800","µV","29.997","°C","1016.000","hPa","35.3","pmil","0","53.237","deg","23.954","°C","100.000","%a.s.","21.023","deg","23.635","°C","1019.000","hPa","0.861","-0.02617","0.00035","0","0","13.56","Humid","28.00","0","54.00","360747.06","SABD0000000001","AAV1.0.0.11","1.1.2.0","PSt7-10","170328-007","9/30/2017 19:06:43","0000-00","0","no battery","V"
"09/09/2020","10:53:46","2","default","115855972","OXY_CH2","88.194","min","187.018","µmol/L","Humid","20.511","deg","78797","µV","30.011","°C","1016.000","hPa","35.3","pmil","0","53.237","deg","23.954","°C","100.000","%a.s.","21.023","deg","23.635","°C","1019.000","hPa","0.861","-0.02617","0.00035","0","0","13.56","Humid","28.00","0","54.00","360744.58","SABD0000000001","AAV1.0.0.11","1.1.2.0","PSt7-10","170328-007","9/30/2017 19:06:43","0000-00","0","no battery","V"
"09/09/2020","10:53:47","2","default","115855972","OXY_CH2","88.210","min","187.010","µmol/L","Humid","20.514","deg","78793","µV","30.004","°C","1016.000","hPa","35.3","pmil","0","53.237","deg","23.954","°C","100.000","%a.s.","21.023","deg","23.635","°C","1019.000","hPa","0.861","-0.02617","0.00035","0","0","13.56","Humid","28.00","0","54.00","360734.28","SABD0000000001","AAV1.0.0.11","1.1.2.0","PSt7-10","170328-007","9/30/2017 19:06:43","0000-00","0","no battery","V"
"09/09/2020","10:53:48","2","default","115855972","OXY_CH2","88.227","min","186.987","µmol/L","Humid","20.515","deg","78792","µV","30.004","°C","1016.000","hPa","35.3","pmil","0","53.237","deg","23.954","°C","100.000","%a.s.","21.023","deg","23.635","°C","1019.000","hPa","0.861","-0.02617","0.00035","0","0","13.56","Humid","28.00","0","54.00","360728.74","SABD0000000001","AAV1.0.0.11","1.1.2.0","PSt7-10","170328-007","9/30/2017 19:06:43","0000-00","0","no battery","V"
"09/09/2020","10:53:49","2","default","115855972","OXY_CH2","88.244","min","186.974","µmol/L","Humid","20.517","deg","78791","µV","30.001","°C","1016.000","hPa","35.3","pmil","0","53.237","deg","23.954","°C","100.000","%a.s.","21.023","deg","23.635","°C","1019.000","hPa","0.861","-0.02617","0.00035","0","0","13.56","Humid","28.00","0","54.00","360738.95","SABD0000000001","AAV1.0.0.11","1.1.2.0","PSt7-10","170328-007","9/30/2017 19:06:43","0000-00","0","no battery","V"
"09/09/2020","10:53:50","2","default","115855972","OXY_CH2","88.261","min","186.963","µmol/L","Humid","20.514","deg","78788","µV","30.011","°C","1016.000","hPa","35.3","pmil","0","53.237","deg","23.954","°C","100.000","%a.s.","21.023","deg","23.635","°C","1019.000","hPa","0.861","-0.02617","0.00035","0","0","13.56","Humid","28.00","0","54.00","360738.86","SABD0000000001","AAV1.0.0.11","1.1.2.0","PSt7-10","170328-007","9/30/2017 19:06:43","0000-00","0","no battery","V"
"09/09/2020","10:53:51","2","default","115855972","OXY_CH2","88.278","min","187.011","µmol/L","Humid","20.513","deg","78791","µV","30.006","°C","1016.000","hPa","35.3","pmil","0","53.237","deg","23.954","°C","100.000","%a.s.","21.023","deg","23.635","°C","1019.000","hPa","0.861","-0.02617","0.00035","0","0","13.56","Humid","28.00","0","54.00","360735.98","SABD0000000001","AAV1.0.0.11","1.1.2.0","PSt7-10","170328-007","9/30/2017 19:06:43","0000-00","0","no battery","V"
"09/09/2020","10:53:52","2","default","115855972","OXY_CH2","88.294","min","187.090","µmol/L","Humid","20.511","deg","78779","µV","29.999","°C","1016.000","hPa","35.3","pmil","0","53.237","deg","23.954","°C","100.000","%a.s.","21.023","deg","23.635","°C","1019.000","hPa","0.861","-0.02617","0.00035","0","0","13.56","Humid","28.00","0","54.00","360736.64","SABD0000000001","AAV1.0.0.11","1.1.2.0","PSt7-10","170328-007","9/30/2017 19:06:43","0000-00","0","no battery","V"
"09/09/2020","10:53:53","2","default","115855972","OXY_CH2","88.311","min","187.118","µmol/L","Humid","20.511","deg","78785","µV","29.994","°C","1016.000","hPa","35.3","pmil","0","53.237","deg","23.954","°C","100.000","%a.s.","21.023","deg","23.635","°C","1019.000","hPa","0.861","-0.02617","0.00035","0","0","13.56","Humid","28.00","0","54.00","360721.58","SABD0000000001","AAV1.0.0.11","1.1.2.0","PSt7-10","170328-007","9/30/2017 19:06:43","0000-00","0","no battery","V"
"09/09/2020","10:53:54","2","default","115855972","OXY_CH2","88.328","min","187.084","µmol/L","Humid","20.511","deg","78788","µV","30.000","°C","1016.000","hPa","35.3","pmil","0","53.237","deg","23.954","°C","100.000","%a.s.","21.023","deg","23.635","°C","1019.000","hPa","0.861","-0.02617","0.00035","0","0","13.56","Humid","28.00","0","54.00","360730.22","SABD0000000001","AAV1.0.0.11","1.1.2.0","PSt7-10","170328-007","9/30/2017 19:06:43","0000-00","0","no battery","V"
"09/09/2020","10:53:55","2","default","115855972","OXY_CH2","88.344","min","186.972","µmol/L","Humid","20.510","deg","78779","µV","30.022","°C","1016.000","hPa","35.3","pmil","0","53.237","deg","23.954","°C","100.000","%a.s.","21.023","deg","23.635","°C","1019.000","hPa","0.861","-0.02617","0.00035","0","0","13.56","Humid","28.00","0","54.00","360717.49","SABD0000000001","AAV1.0.0.11","1.1.2.0","PSt7-10","170328-007","9/30/2017 19:06:43","0000-00","0","no battery","V"
"09/09/2020","10:53:56","2","default","115855972","OXY_CH2","88.361","min","186.999","µmol/L","Humid","20.509","deg","78783","µV","30.020","°C","1016.000","hPa","35.3","pmil","0","53.237","deg","23.954","°C","100.000","%a.s.","21.023","deg","23.635","°C","1019.000","hPa","0.861","-0.02617","0.00035","0","0","13.56","Humid","28.00","0","54.00","360729.75","SABD0000000001","AAV1.0.0.11","1.1.2.0","PSt7-10","170328-007","9/30/2017 19:06:43","0000-00","0","no battery","V"
"09/09/2020","10:53:57","2","default","115855972","OXY_CH2","88.378","min","187.012","µmol/L","Humid","20.509","deg","78785","µV","30.018","°C","1016.000","hPa","35.3","pmil","0","53.237","deg","23.954","°C","100.000","%a.s.","21.023","deg","23.635","°C","1019.000","hPa","0.861","-0.02617","0.00035","0","0","13.56","Humid","28.00","0","54.00","360748.95","SABD0000000001","AAV1.0.0.11","1.1.2.0","PSt7-10","170328-007","9/30/2017 19:06:43","0000-00","0","no battery","V"
"09/09/2020","10:53:58","2","default","115855972","OXY_CH2","88.394","min","186.997","µmol/L","Humid","20.509","deg","78777","µV","30.020","°C","1016.000","hPa","35.3","pmil","0","53.237","deg","23.954","°C","100.000","%a.s.","21.023","deg","23.635","°C","1019.000","hPa","0.861","-0.02617","0.00035","0","0","13.56","Humid","28.00","0","54.00","360728.32","SABD0000000001","AAV1.0.0.11","1.1.2.0","PSt7-10","170328-007","9/30/2017 19:06:43","0000-00","0","no battery","V"
"09/09/2020","10:53:59","2","default","115855972","OXY_CH2","88.411","min","187.065","µmol/L","Humid","20.508","deg","78780","µV","30.012","°C","1016.000","hPa","35.3","pmil","0","53.237","deg","23.954","°C","100.000","%a.s.","21.023","deg","23.635","°C","1019.000","hPa","0.861","-0.02617","0.00035","0","0","13.56","Humid","28.00","0","54.00","360723.97","SABD0000000001","AAV1.0.0.11","1.1.2.0","PSt7-10","170328-007","9/30/2017 19:06:43","0000-00","0","no battery","V"
"09/09/2020","10:54:00","2","default","115855972","OXY_CH2","88.427","min","187.011","µmol/L","Humid","20.510","deg","78770","µV","30.015","°C","1016.000","hPa","35.3","pmil","0","53.237","deg","23.954","°C","100.000","%a.s.","21.023","deg","23.635","°C","1019.000","hPa","0.861","-0.02617","0.00035","0","0","13.56","Humid","28.00","0","54.00","360720.52","SABD0000000001","AAV1.0.0.11","1.1.2.0","PSt7-10","170328-007","9/30/2017 19:06:43","0000-00","0","no battery","V"
"09/09/2020","10:54:01","2","default","115855972","OXY_CH2","88.444","min","186.990","µmol/L","Humid","20.510","deg","78775","µV","30.018","°C","1016.000","hPa","35.3","pmil","0","53.237","deg","23.954","°C","100.000","%a.s.","21.023","deg","23.635","°C","1019.000","hPa","0.861","-0.02617","0.00035","0","0","13.56","Humid","28.00","0","54.00","360712.68","SABD0000000001","AAV1.0.0.11","1.1.2.0","PSt7-10","170328-007","9/30/2017 19:06:43","0000-00","0","no battery","V"
"09/09/2020","10:54:02","2","default","115855972","OXY_CH2","88.460","min","187.076","µmol/L","Humid","20.508","deg","78777","µV","30.010","°C","1016.000","hPa","35.3","pmil","0","53.237","deg","23.954","°C","100.000","%a.s.","21.023","deg","23.635","°C","1019.000","hPa","0.861","-0.02617","0.00035","0","0","13.56","Humid","28.00","0","54.00","360733.14","SABD0000000001","AAV1.0.0.11","1.1.2.0","PSt7-10","170328-007","9/30/2017 19:06:43","0000-00","0","no battery","V"
"09/09/2020","10:54:03","2","default","115855972","OXY_CH2","88.477","min","187.076","µmol/L","Humid","20.511","deg","78777","µV","30.001","°C","1016.000","hPa","35.3","pmil","0","53.237","deg","23.954","°C","100.000","%a.s.","21.023","deg","23.635","°C","1019.000","hPa","0.861","-0.02617","0.00035","0","0","13.56","Humid","28.00","0","54.00","360743.32","SABD0000000001","AAV1.0.0.11","1.1.2.0","PSt7-10","170328-007","9/30/2017 19:06:43","0000-00","0","no battery","V"
"09/09/2020","10:54:04","2","default","115855972","OXY_CH2","88.494","min","187.054","µmol/L","Humid","20.509","deg","78761","µV","30.011","°C","1016.000","hPa","35.3","pmil","0","53.237","deg","23.954","°C","100.000","%a.s.","21.023","deg","23.635","°C","1019.000","hPa","0.861","-0.02617","0.00035","0","0","13.56","Humid","28.00","0","54.00","360733.96","SABD0000000001","AAV1.0.0.11","1.1.2.0","PSt7-10","170328-007","9/30/2017 19:06:43","0000-00","0","no battery","V"
"09/09/2020","10:54:05","2","default","115855972","OXY_CH2","88.510","min","186.974","µmol/L","Humid","20.512","deg","78770","µV","30.015","°C","1016.000","hPa","35.3","pmil","0","53.237","deg","23.954","°C","100.000","%a.s.","21.023","deg","23.635","°C","1019.000","hPa","0.861","-0.02617","0.00035","0","0","13.56","Humid","28.00","0","54.00","360732.15","SABD0000000001","AAV1.0.0.11","1.1.2.0","PSt7-10","170328-007","9/30/2017 19:06:43","0000-00","0","no battery","V"
"09/09/2020","10:54:06","2","default","115855972","OXY_CH2","88.527","min","187.065","µmol/L","Humid","20.507","deg","78773","µV","30.014","°C","1016.000","hPa","35.3","pmil","0","53.237","deg","23.954","°C","100.000","%a.s.","21.023","deg","23.635","°C","1019.000","hPa","0.861","-0.02617","0.00035","0","0","13.56","Humid","28.00","0","54.00","360722.05","SABD0000000001","AAV1.0.0.11","1.1.2.0","PSt7-10","170328-007","9/30/2017 19:06:43","0000-00","0","no battery","V"
"09/09/2020","10:54:07","2","default","115855972","OXY_CH2","88.544","min","187.085","µmol/L","Humid","20.508","deg","78769","µV","30.008","°C","1016.000","hPa","35.3","pmil","0","53.237","deg","23.954","°C","100.000","%a.s.","21.023","deg","23.635","°C","1019.000","hPa","0.861","-0.02617","0.00035","0","0","13.56","Humid","28.00","0","54.00","360733.80","SABD0000000001","AAV1.0.0.11","1.1.2.0","PSt7-10","170328-007","9/30/2017 19:06:43","0000-00","0","no battery","V"
"09/09/2020","10:54:08","2","default","115855972","OXY_CH2","88.561","min","187.174","µmol/L","Humid","20.502","deg","78770","µV","30.011","°C","1016.000","hPa","35.3","pmil","0","53.237","deg","23.954","°C","100.000","%a.s.","21.023","deg","23.635","°C","1019.000","hPa","0.861","-0.02617","0.00035","0","0","13.56","Humid","28.00","0","54.00","360729.98","SABD0000000001","AAV1.0.0.11","1.1.2.0","PSt7-10","170328-007","9/30/2017 19:06:43","0000-00","0","no battery","V"
"09/09/2020","10:54:09","2","default","115855972","OXY_CH2","88.577","min","187.141","µmol/L","Humid","20.508","deg","78767","µV","29.999","°C","1016.000","hPa","35.3","pmil","0","53.237","deg","23.954","°C","100.000","%a.s.","21.023","deg","23.635","°C","1019.000","hPa","0.861","-0.02617","0.00035","0","0","13.56","Humid","28.00","0","54.00","360730.32","SABD0000000001","AAV1.0.0.11","1.1.2.0","PSt7-10","170328-007","9/30/2017 19:06:43","0000-00","0","no battery","V"
"09/09/2020","10:54:10","2","default","115855972","OXY_CH2","88.594","min","187.123","µmol/L","Humid","20.505","deg","78765","µV","30.010","°C","1016.000","hPa","35.3","pmil","0","53.237","deg","23.954","°C","100.000","%a.s.","21.023","deg","23.635","°C","1019.000","hPa","0.861","-0.02617","0.00035","0","0","13.56","Humid","28.00","0","54.00","360727.86","SABD0000000001","AAV1.0.0.11","1.1.2.0","PSt7-10","170328-007","9/30/2017 19:06:43","0000-00","0","no battery","V"
"09/09/2020","10:54:11","2","default","115855972","OXY_CH2","88.611","min","187.093","µmol/L","Humid","20.505","deg","78765","µV","30.016","°C","1016.000","hPa","35.3","pmil","0","53.237","deg","23.954","°C","100.000","%a.s.","21.023","deg","23.635","°C","1019.000","hPa","0.861","-0.02617","0.00035","0","0","13.56","Humid","28.00","0","54.00","360728.77","SABD0000000001","AAV1.0.0.11","1.1.2.0","PSt7-10","170328-007","9/30/2017 19:06:43","0000-00","0","no battery","V"
"09/09/2020","10:54:12","2","default","115855972","OXY_CH2","88.627","min","187.158","µmol/L","Humid","20.504","deg","78765","µV","30.007","°C","1016.000","hPa","35.3","pmil","0","53.237","deg","23.954","°C","100.000","%a.s.","21.023","deg","23.635","°C","1019.000","hPa","0.861","-0.02617","0.00035","0","0","13.56","Humid","28.00","0","54.00","360716.58","SABD0000000001","AAV1.0.0.11","1.1.2.0","PSt7-10","170328-007","9/30/2017 19:06:43","0000-00","0","no battery","V"
"09/09/2020","10:54:13","2","default","115855972","OXY_CH2","88.644","min","187.173","µmol/L","Humid","20.506","deg","78765","µV","29.999","°C","1016.000","hPa","35.3","pmil","0","53.237","deg","23.954","°C","100.000","%a.s.","21.023","deg","23.635","°C","1019.000","hPa","0.861","-0.02617","0.00035","0","0","13.56","Humid","28.00","0","54.00","360720.98","SABD0000000001","AAV1.0.0.11","1.1.2.0","PSt7-10","170328-007","9/30/2017 19:06:43","0000-00","0","no battery","V"
"09/09/2020","10:54:14","2","default","115855972","OXY_CH2","88.661","min","187.136","µmol/L","Humid","20.501","deg","78761","µV","30.020","°C","1016.000","hPa","35.3","pmil","0","53.237","deg","23.954","°C","100.000","%a.s.","21.023","deg","23.635","°C","1019.000","hPa","0.861","-0.02617","0.00035","0","0","13.56","Humid","28.00","0","54.00","360708.19","SABD0000000001","AAV1.0.0.11","1.1.2.0","PSt7-10","170328-007","9/30/2017 19:06:43","0000-00","0","no battery","V"
"09/09/2020","10:54:15","2","default","115855972","OXY_CH2","88.678","min","187.041","µmol/L","Humid","20.507","deg","78767","µV","30.019","°C","1016.000","hPa","35.3","pmil","0","53.237","deg","23.954","°C","100.000","%a.s.","21.023","deg","23.635","°C","1019.000","hPa","0.861","-0.02617","0.00035","0","0","13.56","Humid","28.00","0","54.00","360729.59","SABD0000000001","AAV1.0.0.11","1.1.2.0","PSt7-10","170328-007","9/30/2017 19:06:43","0000-00","0","no battery","V"
"09/09/2020","10:54:16","2","default","115855972","OXY_CH2","88.694","min","186.954","µmol/L","Humid","20.509","deg","78754","µV","30.027","°C","1016.000","hPa","35.3","pmil","0","53.237","deg","23.954","°C","100.000","%a.s.","21.023","deg","23.635","°C","1019.000","hPa","0.861","-0.02617","0.00035","0","0","13.56","Humid","28.00","0","54.00","360705.82","SABD0000000001","AAV1.0.0.11","1.1.2.0","PSt7-10","170328-007","9/30/2017 19:06:43","0000-00","0","no battery","V"
"09/09/2020","10:54:17","2","default","115855972","OXY_CH2","88.711","min","187.163","µmol/L","Humid","20.505","deg","78761","µV","30.004","°C","1016.000","hPa","35.3","pmil","0","53.237","deg","23.954","°C","100.000","%a.s.","21.023","deg","23.635","°C","1019.000","hPa","0.861","-0.02617","0.00035","0","0","13.56","Humid","28.00","0","54.00","360723.14","SABD0000000001","AAV1.0.0.11","1.1.2.0","PSt7-10","170328-007","9/30/2017 19:06:43","0000-00","0","no battery","V"
"09/09/2020","10:54:18","2","default","115855972","OXY_CH2","88.728","min","187.079","µmol/L","Humid","20.507","deg","78755","µV","30.012","°C","1016.000","hPa","35.3","pmil","0","53.237","deg","23.954","°C","100.000","%a.s.","21.023","deg","23.635","°C","1019.000","hPa","0.861","-0.02617","0.00035","0","0","13.56","Humid","28.00","0","54.00","360712.70","SABD0000000001","AAV1.0.0.11","1.1.2.0","PSt7-10","170328-007","9/30/2017 19:06:43","0000-00","0","no battery","V"
"09/09/2020","10:54:19","2","default","115855972","OXY_CH2","88.744","min","187.029","µmol/L","Humid","20.508","deg","78751","µV","30.018","°C","1016.000","hPa","35.3","pmil","0","53.237","deg","23.954","°C","100.000","%a.s.","21.023","deg","23.635","°C","1019.000","hPa","0.861","-0.02617","0.00035","0","0","13.56","Humid","28.00","0","54.00","360709.66","SABD0000000001","AAV1.0.0.11","1.1.2.0","PSt7-10","170328-007","9/30/2017 19:06:43","0000-00","0","no battery","V"
"09/09/2020","10:54:20","2","default","115855972","OXY_CH2","88.760","min","187.076","µmol/L","Humid","20.507","deg","78752","µV","30.013","°C","1016.000","hPa","35.3","pmil","0","53.237","deg","23.954","°C","100.000","%a.s.","21.023","deg","23.635","°C","1019.000","hPa","0.861","-0.02617","0.00035","0","0","13.56","Humid","28.00","0","54.00","360703.02","SABD0000000001","AAV1.0.0.11","1.1.2.0","PSt7-10","170328-007","9/30/2017 19:06:43","0000-00","0","no battery","V"
"09/09/2020","10:54:21","2","default","115855972","OXY_CH2","88.777","min","187.232","µmol/L","Humid","20.499","deg","78745","µV","30.009","°C","1016.000","hPa","35.3","pmil","0","53.237","deg","23.954","°C","100.000","%a.s.","21.023","deg","23.635","°C","1019.000","hPa","0.861","-0.02617","0.00035","0","0","13.56","Humid","28.00","0","54.00","360704.16","SABD0000000001","AAV1.0.0.11","1.1.2.0","PSt7-10","170328-007","9/30/2017 19:06:43","0000-00","0","no battery","V"
"09/09/2020","10:54:22","2","default","115855972","OXY_CH2","88.794","min","187.107","µmol/L","Humid","20.504","deg","78752","µV","30.016","°C","1016.000","hPa","35.3","pmil","0","53.237","deg","23.954","°C","100.000","%a.s.","21.023","deg","23.635","°C","1019.000","hPa","0.861","-0.02617","0.00035","0","0","13.56","Humid","28.00","0","54.00","360701.75","SABD0000000001","AAV1.0.0.11","1.1.2.0","PSt7-10","170328-007","9/30/2017 19:06:43","0000-00","0","no battery","V"
"09/09/2020","10:54:23","2","default","115855972","OXY_CH2","88.811","min","187.096","µmol/L","Humid","20.503","deg","78750","µV","30.021","°C","1016.000","hPa","35.3","pmil","0","53.237","deg","23.954","°C","100.000","%a.s.","21.023","deg","23.635","°C","1019.000","hPa","0.861","-0.02617","0.00035","0","0","13.56","Humid","28.00","0","54.00","360698.64","SABD0000000001","AAV1.0.0.11","1.1.2.0","PSt7-10","170328-007","9/30/2017 19:06:43","0000-00","0","no battery","V"
"09/09/2020","10:54:24","2","default","115855972","OXY_CH2","88.828","min","187.122","µmol/L","Humid","20.505","deg","78758","µV","30.011","°C","1016.000","hPa","35.3","pmil","0","53.237","deg","23.954","°C","100.000","%a.s.","21.023","deg","23.635","°C","1019.000","hPa","0.861","-0.02617","0.00035","0","0","13.56","Humid","28.00","0","54.00","360714.28","SABD0000000001","AAV1.0.0.11","1.1.2.0","PSt7-10","170328-007","9/30/2017 19:06:43","0000-00","0","no battery","V"
"09/09/2020","10:54:25","2","default","115855972","OXY_CH2","88.844","min","187.201","µmol/L","Humid","20.501","deg","78745","µV","30.009","°C","1016.000","hPa","35.3","pmil","0","53.237","deg","23.954","°C","100.000","%a.s.","21.023","deg","23.635","°C","1019.000","hPa","0.861","-0.02617","0.00035","0","0","13.56","Humid","28.00","0","54.00","360695.88","SABD0000000001","AAV1.0.0.11","1.1.2.0","PSt7-10","170328-007","9/30/2017 19:06:43","0000-00","0","no battery","V"
"09/09/2020","10:54:26","2","default","115855972","OXY_CH2","88.861","min","187.154","µmol/L","Humid","20.506","deg","78744","µV","30.002","°C","1016.000","hPa","35.3","pmil","0","53.237","deg","23.954","°C","100.000","%a.s.","21.023","deg","23.635","°C","1019.000","hPa","0.861","-0.02617","0.00035","0","0","13.56","Humid","28.00","0","54.00","360695.73","SABD0000000001","AAV1.0.0.11","1.1.2.0","PSt7-10","170328-007","9/30/2017 19:06:43","0000-00","0","no battery","V"
"09/09/2020","10:54:27","2","default","115855972","OXY_CH2","88.877","min","187.208","µmol/L","Humid","20.504","deg","78737","µV","29.999","°C","1016.000","hPa","35.3","pmil","0","53.237","deg","23.954","°C","100.000","%a.s.","21.023","deg","23.635","°C","1019.000","hPa","0.861","-0.02617","0.00035","0","0","13.56","Humid","28.00","0","54.00","360696.92","SABD0000000001","AAV1.0.0.11","1.1.2.0","PSt7-10","170328-007","9/30/2017 19:06:43","0000-00","0","no battery","V"
"09/09/2020","10:54:28","2","default","115855972","OXY_CH2","88.894","min","187.275","µmol/L","Humid","20.500","deg","78740","µV","29.999","°C","1016.000","hPa","35.3","pmil","0","53.237","deg","23.954","°C","100.000","%a.s.","21.023","deg","23.635","°C","1019.000","hPa","0.861","-0.02617","0.00035","0","0","13.56","Humid","28.00","0","54.00","360699.71","SABD0000000001","AAV1.0.0.11","1.1.2.0","PSt7-10","170328-007","9/30/2017 19:06:43","0000-00","0","no battery","V"
"09/09/2020","10:54:29","2","default","115855972","OXY_CH2","88.910","min","187.227","µmol/L","Humid","20.502","deg","78739","µV","30.002","°C","1016.000","hPa","35.3","pmil","0","53.237","deg","23.954","°C","100.000","%a.s.","21.023","deg","23.635","°C","1019.000","hPa","0.861","-0.02617","0.00035","0","0","13.56","Humid","28.00","0","54.00","360703.56","SABD0000000001","AAV1.0.0.11","1.1.2.0","PSt7-10","170328-007","9/30/2017 19:06:43","0000-00","0","no battery","V"
"09/09/2020","10:54:30","2","default","115855972","OXY_CH2","88.927","min","187.259","µmol/L","Humid","20.501","deg","78735","µV","29.999","°C","1016.000","hPa","35.3","pmil","0","53.237","deg","23.954","°C","100.000","%a.s.","21.023","deg","23.635","°C","1019.000","hPa","0.861","-0.02617","0.00035","0","0","13.56","Humid","28.00","0","54.00","360688.31","SABD0000000001","AAV1.0.0.11","1.1.2.0","PSt7-10","170328-007","9/30/2017 19:06:43","0000-00","0","no battery","V"
"09/09/2020","10:54:31","2","default","115855972","OXY_CH2","88.944","min","187.278","µmol/L","Humid","20.499","deg","78733","µV","30.002","°C","1016.000","hPa","35.3","pmil","0","53.237","deg","23.954","°C","100.000","%a.s.","21.023","deg","23.635","°C","1019.000","hPa","0.861","-0.02617","0.00035","0","0","13.56","Humid","28.00","0","54.00","360687.17","SABD0000000001","AAV1.0.0.11","1.1.2.0","PSt7-10","170328-007","9/30/2017 19:06:43","0000-00","0","no battery","V"
"09/09/2020","10:54:32","2","default","115855972","OXY_CH2","88.961","min","187.237","µmol/L","Humid","20.500","deg","78731","µV","30.006","°C","1016.000","hPa","35.3","pmil","0","53.237","deg","23.954","°C","100.000","%a.s.","21.023","deg","23.635","°C","1019.000","hPa","0.861","-0.02617","0.00035","0","0","13.56","Humid","28.00","0","54.00","360707.67","SABD0000000001","AAV1.0.0.11","1.1.2.0","PSt7-10","170328-007","9/30/2017 19:06:43","0000-00","0","no battery","V"
"09/09/2020","10:54:33","2","default","115855972","OXY_CH2","88.977","min","187.191","µmol/L","Humid","20.502","deg","78738","µV","30.008","°C","1016.000","hPa","35.3","pmil","0","53.237","deg","23.954","°C","100.000","%a.s.","21.023","deg","23.635","°C","1019.000","hPa","0.861","-0.02617","0.00035","0","0","13.56","Humid","28.00","0","54.00","360704.22","SABD0000000001","AAV1.0.0.11","1.1.2.0","PSt7-10","170328-007","9/30/2017 19:06:43","0000-00","0","no battery","V"
"09/09/2020","10:54:34","2","default","115855972","OXY_CH2","88.994","min","187.146","µmol/L","Humid","20.501","deg","78736","µV","30.018","°C","1016.000","hPa","35.3","pmil","0","53.237","deg","23.954","°C","100.000","%a.s.","21.023","deg","23.635","°C","1019.000","hPa","0.861","-0.02617","0.00035","0","0","13.56","Humid","28.00","0","54.00","360708.34","SABD0000000001","AAV1.0.0.11","1.1.2.0","PSt7-10","170328-007","9/30/2017 19:06:43","0000-00","0","no battery","V"
"09/09/2020","10:54:35","2","default","115855972","OXY_CH2","89.011","min","187.243","µmol/L","Humid","20.497","deg","78733","µV","30.013","°C","1016.000","hPa","35.3","pmil","0","53.237","deg","23.954","°C","100.000","%a.s.","21.023","deg","23.635","°C","1019.000","hPa","0.861","-0.02617","0.00035","0","0","13.56","Humid","28.00","0","54.00","360705.84","SABD0000000001","AAV1.0.0.11","1.1.2.0","PSt7-10","170328-007","9/30/2017 19:06:43","0000-00","0","no battery","V"
"09/09/2020","10:54:36","2","default","115855972","OXY_CH2","89.028","min","187.109","µmol/L","Humid","20.505","deg","78735","µV","30.013","°C","1016.000","hPa","35.3","pmil","0","53.237","deg","23.954","°C","100.000","%a.s.","21.023","deg","23.635","°C","1019.000","hPa","0.861","-0.02617","0.00035","0","0","13.56","Humid","28.00","0","54.00","360705.42","SABD0000000001","AAV1.0.0.11","1.1.2.0","PSt7-10","170328-007","9/30/2017 19:06:43","0000-00","0","no battery","V"
"09/09/2020","10:54:37","2","default","115855972","OXY_CH2","89.044","min","187.222","µmol/L","Humid","20.499","deg","78734","µV","30.011","°C","1016.000","hPa","35.3","pmil","0","53.237","deg","23.954","°C","100.000","%a.s.","21.023","deg","23.635","°C","1019.000","hPa","0.861","-0.02617","0.00035","0","0","13.56","Humid","28.00","0","54.00","360702.27","SABD0000000001","AAV1.0.0.11","1.1.2.0","PSt7-10","170328-007","9/30/2017 19:06:43","0000-00","0","no battery","V"
"09/09/2020","10:54:38","2","default","115855972","OXY_CH2","89.060","min","187.145","µmol/L","Humid","20.504","deg","78734","µV","30.010","°C","1016.000","hPa","35.3","pmil","0","53.237","deg","23.954","°C","100.000","%a.s.","21.023","deg","23.635","°C","1019.000","hPa","0.861","-0.02617","0.00035","0","0","13.56","Humid","28.00","0","54.00","360681.15","SABD0000000001","AAV1.0.0.11","1.1.2.0","PSt7-10","170328-007","9/30/2017 19:06:43","0000-00","0","no battery","V"
"09/09/2020","10:54:39","2","default","115855972","OXY_CH2","89.077","min","187.249","µmol/L","Humid","20.498","deg","78734","µV","30.010","°C","1016.000","hPa","35.3","pmil","0","53.237","deg","23.954","°C","100.000","%a.s.","21.023","deg","23.635","°C","1019.000","hPa","0.861","-0.02617","0.00035","0","0","13.56","Humid","28.00","0","54.00","360705.65","SABD0000000001","AAV1.0.0.11","1.1.2.0","PSt7-10","170328-007","9/30/2017 19:06:43","0000-00","0","no battery","V"
"09/09/2020","10:54:40","2","default","115855972","OXY_CH2","89.094","min","187.183","µmol/L","Humid","20.503","deg","78733","µV","30.006","°C","1016.000","hPa","35.3","pmil","0","53.237","deg","23.954","°C","100.000","%a.s.","21.023","deg","23.635","°C","1019.000","hPa","0.861","-0.02617","0.00035","0","0","13.56","Humid","28.00","0","54.00","360685.27","SABD0000000001","AAV1.0.0.11","1.1.2.0","PSt7-10","170328-007","9/30/2017 19:06:43","0000-00","0","no battery","V"
"09/09/2020","10:54:41","2","default","115855972","OXY_CH2","89.110","min","187.195","µmol/L","Humid","20.499","deg","78731","µV","30.016","°C","1016.000","hPa","35.3","pmil","0","53.237","deg","23.954","°C","100.000","%a.s.","21.023","deg","23.635","°C","1019.000","hPa","0.861","-0.02617","0.00035","0","0","13.56","Humid","28.00","0","54.00","360678.41","SABD0000000001","AAV1.0.0.11","1.1.2.0","PSt7-10","170328-007","9/30/2017 19:06:43","0000-00","0","no battery","V"
"09/09/2020","10:54:42","2","default","115855972","OXY_CH2","89.127","min","187.156","µmol/L","Humid","20.499","deg","78725","µV","30.022","°C","1016.000","hPa","35.3","pmil","0","53.237","deg","23.954","°C","100.000","%a.s.","21.023","deg","23.635","°C","1019.000","hPa","0.861","-0.02617","0.00035","0","0","13.56","Humid","28.00","0","54.00","360692.19","SABD0000000001","AAV1.0.0.11","1.1.2.0","PSt7-10","170328-007","9/30/2017 19:06:43","0000-00","0","no battery","V"
"09/09/2020","10:54:43","2","default","115855972","OXY_CH2","89.144","min","187.089","µmol/L","Humid","20.503","deg","78731","µV","30.022","°C","1016.000","hPa","35.3","pmil","0","53.237","deg","23.954","°C","100.000","%a.s.","21.023","deg","23.635","°C","1019.000","hPa","0.861","-0.02617","0.00035","0","0","13.56","Humid","28.00","0","54.00","360688.90","SABD0000000001","AAV1.0.0.11","1.1.2.0","PSt7-10","170328-007","9/30/2017 19:06:43","0000-00","0","no battery","V"
"09/09/2020","10:54:44","2","default","115855972","OXY_CH2","89.160","min","187.220","µmol/L","Humid","20.497","deg","78730","µV","30.017","°C","1016.000","hPa","35.3","pmil","0","53.237","deg","23.954","°C","100.000","%a.s.","21.023","deg","23.635","°C","1019.000","hPa","0.861","-0.02617","0.00035","0","0","13.56","Humid","28.00","0","54.00","360692.21","SABD0000000001","AAV1.0.0.11","1.1.2.0","PSt7-10","170328-007","9/30/2017 19:06:43","0000-00","0","no battery","V"
"09/09/2020","10:54:45","2","default","115855972","OXY_CH2","89.178","min","187.221","µmol/L","Humid","20.496","deg","78730","µV","30.020","°C","1016.000","hPa","35.3","pmil","0","53.237","deg","23.954","°C","100.000","%a.s.","21.023","deg","23.635","°C","1019.000","hPa","0.861","-0.02617","0.00035","0","0","13.56","Humid","28.00","0","54.00","360687.95","SABD0000000001","AAV1.0.0.11","1.1.2.0","PSt7-10","170328-007","9/30/2017 19:06:43","0000-00","0","no battery","V"
"09/09/2020","10:54:46","2","default","115855972","OXY_CH2","89.194","min","187.265","µmol/L","Humid","20.499","deg","78723","µV","30.004","°C","1016.000","hPa","35.3","pmil","0","53.237","deg","23.954","°C","100.000","%a.s.","21.023","deg","23.635","°C","1019.000","hPa","0.861","-0.02617","0.00035","0","0","13.56","Humid","28.00","0","54.00","360690.92","SABD0000000001","AAV1.0.0.11","1.1.2.0","PSt7-10","170328-007","9/30/2017 19:06:43","0000-00","0","no battery","V"
"09/09/2020","10:54:47","2","default","115855972","OXY_CH2","89.210","min","187.329","µmol/L","Humid","20.497","deg","78721","µV","29.999","°C","1016.000","hPa","35.3","pmil","0","53.237","deg","23.954","°C","100.000","%a.s.","21.023","deg","23.635","°C","1019.000","hPa","0.861","-0.02617","0.00035","0","0","13.56","Humid","28.00","0","54.00","360685.33","SABD0000000001","AAV1.0.0.11","1.1.2.0","PSt7-10","170328-007","9/30/2017 19:06:43","0000-00","0","no battery","V"
"09/09/2020","10:54:48","2","default","115855972","OXY_CH2","89.227","min","187.298","µmol/L","Humid","20.497","deg","78719","µV","30.004","°C","1016.000","hPa","35.3","pmil","0","53.237","deg","23.954","°C","100.000","%a.s.","21.023","deg","23.635","°C","1019.000","hPa","0.861","-0.02617","0.00035","0","0","13.56","Humid","28.00","0","54.00","360685.64","SABD0000000001","AAV1.0.0.11","1.1.2.0","PSt7-10","170328-007","9/30/2017 19:06:43","0000-00","0","no battery","V"
"09/09/2020","10:54:49","2","default","115855972","OXY_CH2","89.244","min","187.183","µmol/L","Humid","20.501","deg","78720","µV","30.012","°C","1016.000","hPa","35.3","pmil","0","53.237","deg","23.954","°C","100.000","%a.s.","21.023","deg","23.635","°C","1019.000","hPa","0.861","-0.02617","0.00035","0","0","13.56","Humid","28.00","0","54.00","360688.11","SABD0000000001","AAV1.0.0.11","1.1.2.0","PSt7-10","170328-007","9/30/2017 19:06:43","0000-00","0","no battery","V"
"09/09/2020","10:54:50","2","default","115855972","OXY_CH2","89.260","min","187.222","µmol/L","Humid","20.499","deg","78720","µV","30.011","°C","1016.000","hPa","35.3","pmil","0","53.237","deg","23.954","°C","100.000","%a.s.","21.023","deg","23.635","°C","1019.000","hPa","0.861","-0.02617","0.00035","0","0","13.56","Humid","28.00","0","54.00","360695.73","SABD0000000001","AAV1.0.0.11","1.1.2.0","PSt7-10","170328-007","9/30/2017 19:06:43","0000-00","0","no battery","V"
"09/09/2020","10:54:51","2","default","115855972","OXY_CH2","89.277","min","187.398","µmol/L","Humid","20.496","deg","78721","µV","29.990","°C","1016.000","hPa","35.3","pmil","0","53.237","deg","23.954","°C","100.000","%a.s.","21.023","deg","23.635","°C","1019.000","hPa","0.861","-0.02617","0.00035","0","0","13.56","Humid","28.00","0","54.00","360697.72","SABD0000000001","AAV1.0.0.11","1.1.2.0","PSt7-10","170328-007","9/30/2017 19:06:43","0000-00","0","no battery","V"
"09/09/2020","10:54:52","2","default","115855972","OXY_CH2","89.294","min","187.165","µmol/L","Humid","20.494","deg","78716","µV","30.035","°C","1016.000","hPa","35.3","pmil","0","53.237","deg","23.954","°C","100.000","%a.s.","21.023","deg","23.635","°C","1019.000","hPa","0.861","-0.02617","0.00035","0","0","13.56","Humid","28.00","0","54.00","360682.99","SABD0000000001","AAV1.0.0.11","1.1.2.0","PSt7-10","170328-007","9/30/2017 19:06:43","0000-00","0","no battery","V"
"09/09/2020","10:54:53","2","default","115855972","OXY_CH2","89.311","min","187.243","µmol/L","Humid","20.496","deg","78719","µV","30.016","°C","1016.000","hPa","35.3","pmil","0","53.237","deg","23.954","°C","100.000","%a.s.","21.023","deg","23.635","°C","1019.000","hPa","0.861","-0.02617","0.00035","0","0","13.56","Humid","28.00","0","54.00","360695.76","SABD0000000001","AAV1.0.0.11","1.1.2.0","PSt7-10","170328-007","9/30/2017 19:06:43","0000-00","0","no battery","V"
"09/09/2020","10:54:54","2","default","115855972","OXY_CH2","89.328","min","187.245","µmol/L","Humid","20.499","deg","78718","µV","30.007","°C","1016.000","hPa","35.3","pmil","0","53.237","deg","23.954","°C","100.000","%a.s.","21.023","deg","23.635","°C","1019.000","hPa","0.861","-0.02617","0.00035","0","0","13.56","Humid","28.00","0","54.00","360694.84","SABD0000000001","AAV1.0.0.11","1.1.2.0","PSt7-10","170328-007","9/30/2017 19:06:43","0000-00","0","no battery","V"
"09/09/2020","10:54:55","2","default","115855972","OXY_CH2","89.344","min","187.200","µmol/L","Humid","20.498","deg","78710","µV","30.018","°C","1016.000","hPa","35.3","pmil","0","53.237","deg","23.954","°C","100.000","%a.s.","21.023","deg","23.635","°C","1019.000","hPa","0.861","-0.02617","0.00035","0","0","13.56","Humid","28.00","0","54.00","360672.43","SABD0000000001","AAV1.0.0.11","1.1.2.0","PSt7-10","170328-007","9/30/2017 19:06:43","0000-00","0","no battery","V"
"09/09/2020","10:54:56","2","default","115855972","OXY_CH2","89.361","min","187.172","µmol/L","Humid","20.499","deg","78711","µV","30.020","°C","1016.000","hPa","35.3","pmil","0","53.237","deg","23.954","°C","100.000","%a.s.","21.023","deg","23.635","°C","1019.000","hPa","0.861","-0.02617","0.00035","0","0","13.56","Humid","28.00","0","54.00","360689.64","SABD0000000001","AAV1.0.0.11","1.1.2.0","PSt7-10","170328-007","9/30/2017 19:06:43","0000-00","0","no battery","V"
"09/09/2020","10:54:57","2","default","115855972","OXY_CH2","89.377","min","187.263","µmol/L","Humid","20.497","deg","78715","µV","30.010","°C","1016.000","hPa","35.3","pmil","0","53.237","deg","23.954","°C","100.000","%a.s.","21.023","deg","23.635","°C","1019.000","hPa","0.861","-0.02617","0.00035","0","0","13.56","Humid","28.00","0","54.00","360696.01","SABD0000000001","AAV1.0.0.11","1.1.2.0","PSt7-10","170328-007","9/30/2017 19:06:43","0000-00","0","no battery","V"
"09/09/2020","10:54:58","2","default","115855972","OXY_CH2","89.394","min","187.258","µmol/L","Humid","20.496","deg","78716","µV","30.014","°C","1016.000","hPa","35.3","pmil","0","53.237","deg","23.954","°C","100.000","%a.s.","21.023","deg","23.635","°C","1019.000","hPa","0.861","-0.02617","0.00035","0","0","13.56","Humid","28.00","0","54.00","360702.22","SABD0000000001","AAV1.0.0.11","1.1.2.0","PSt7-10","170328-007","9/30/2017 19:06:43","0000-00","0","no battery","V"
"09/09/2020","10:54:59","2","default","115855972","OXY_CH2","89.411","min","187.267","µmol/L","Humid","20.500","deg","78712","µV","30.001","°C","1016.000","hPa","35.3","pmil","0","53.237","deg","23.954","°C","100.000","%a.s.","21.023","deg","23.635","°C","1019.000","hPa","0.861","-0.02617","0.00035","0","0","13.56","Humid","28.00","0","54.00","360703.04","SABD0000000001","AAV1.0.0.11","1.1.2.0","PSt7-10","170328-007","9/30/2017 19:06:43","0000-00","0","no battery","V"
"09/09/2020","10:55:00","2","default","115855972","OXY_CH2","89.428","min","187.257","µmol/L","Humid","20.498","deg","78708","µV","30.008","°C","1016.000","hPa","35.3","pmil","0","53.237","deg","23.954","°C","100.000","%a.s.","21.023","deg","23.635","°C","1019.000","hPa","0.861","-0.02617","0.00035","0","0","13.56","Humid","28.00","0","54.00","360678.62","SABD0000000001","AAV1.0.0.11","1.1.2.0","PSt7-10","170328-007","9/30/2017 19:06:43","0000-00","0","no battery","V"
"09/09/2020","10:55:01","2","default","115855972","OXY_CH2","89.444","min","187.242","µmol/L","Humid","20.497","deg","78702","µV","30.014","°C","1016.000","hPa","35.3","pmil","0","53.237","deg","23.954","°C","100.000","%a.s.","21.023","deg","23.635","°C","1019.000","hPa","0.861","-0.02617","0.00035","0","0","13.56","Humid","28.00","0","54.00","360679.16","SABD0000000001","AAV1.0.0.11","1.1.2.0","PSt7-10","170328-007","9/30/2017 19:06:43","0000-00","0","no battery","V"
"09/09/2020","10:55:02","2","default","115855972","OXY_CH2","89.461","min","187.330","µmol/L","Humid","20.494","deg","78705","µV","30.008","°C","1016.000","hPa","35.3","pmil","0","53.237","deg","23.954","°C","100.000","%a.s.","21.023","deg","23.635","°C","1019.000","hPa","0.861","-0.02617","0.00035","0","0","13.56","Humid","28.00","0","54.00","360686.69","SABD0000000001","AAV1.0.0.11","1.1.2.0","PSt7-10","170328-007","9/30/2017 19:06:43","0000-00","0","no battery","V"
"09/09/2020","10:55:03","2","default","115855972","OXY_CH2","89.477","min","187.404","µmol/L","Humid","20.491","deg","78710","µV","30.004","°C","1016.000","hPa","35.3","pmil","0","53.237","deg","23.954","°C","100.000","%a.s.","21.023","deg","23.635","°C","1019.000","hPa","0.861","-0.02617","0.00035","0","0","13.56","Humid","28.00","0","54.00","360689.55","SABD0000000001","AAV1.0.0.11","1.1.2.0","PSt7-10","170328-007","9/30/2017 19:06:43","0000-00","0","no battery","V"
"09/09/2020","10:55:04","2","default","115855972","OXY_CH2","89.494","min","187.327","µmol/L","Humid","20.494","deg","78704","µV","30.008","°C","1016.000","hPa","35.3","pmil","0","53.237","deg","23.954","°C","100.000","%a.s.","21.023","deg","23.635","°C","1019.000","hPa","0.861","-0.02617","0.00035","0","0","13.56","Humid","28.00","0","54.00","360680.76","SABD0000000001","AAV1.0.0.11","1.1.2.0","PSt7-10","170328-007","9/30/2017 19:06:43","0000-00","0","no battery","V"
"09/09/2020","10:55:05","2","default","115855972","OXY_CH2","89.511","min","187.397","µmol/L","Humid","20.492","deg","78703","µV","30.002","°C","1016.000","hPa","35.3","pmil","0","53.237","deg","23.954","°C","100.000","%a.s.","21.023","deg","23.635","°C","1019.000","hPa","0.861","-0.02617","0.00035","0","0","13.56","Humid","28.00","0","54.00","360682.25","SABD0000000001","AAV1.0.0.11","1.1.2.0","PSt7-10","170328-007","9/30/2017 19:06:43","0000-00","0","no battery","V"
"09/09/2020","10:55:06","2","default","115855972","OXY_CH2","89.528","min","187.358","µmol/L","Humid","20.495","deg","78707","µV","30.000","°C","1016.000","hPa","35.3","pmil","0","53.237","deg","23.954","°C","100.000","%a.s.","21.023","deg","23.635","°C","1019.000","hPa","0.861","-0.02617","0.00035","0","0","13.56","Humid","28.00","0","54.00","360692.67","SABD0000000001","AAV1.0.0.11","1.1.2.0","PSt7-10","170328-007","9/30/2017 19:06:43","0000-00","0","no battery","V"
"09/09/2020","10:55:07","2","default","115855972","OXY_CH2","89.544","min","187.353","µmol/L","Humid","20.493","deg","78704","µV","30.007","°C","1016.000","hPa","35.3","pmil","0","53.237","deg","23.954","°C","100.000","%a.s.","21.023","deg","23.635","°C","1019.000","hPa","0.861","-0.02617","0.00035","0","0","13.56","Humid","28.00","0","54.00","360691.20","SABD0000000001","AAV1.0.0.11","1.1.2.0","PSt7-10","170328-007","9/30/2017 19:06:43","0000-00","0","no battery","V"
"09/09/2020","10:55:08","2","default","115855972","OXY_CH2","89.561","min","187.336","µmol/L","Humid","20.490","deg","78702","µV","30.018","°C","1016.000","hPa","35.3","pmil","0","53.237","deg","23.954","°C","100.000","%a.s.","21.023","deg","23.635","°C","1019.000","hPa","0.861","-0.02617","0.00035","0","0","13.56","Humid","28.00","0","54.00","360679.58","SABD0000000001","AAV1.0.0.11","1.1.2.0","PSt7-10","170328-007","9/30/2017 19:06:43","0000-00","0","no battery","V"
"09/09/2020","10:55:09","2","default","115855972","OXY_CH2","89.577","min","187.372","µmol/L","Humid","20.492","deg","78700","µV","30.006","°C","1016.000","hPa","35.3","pmil","0","53.237","deg","23.954","°C","100.000","%a.s.","21.023","deg","23.635","°C","1019.000","hPa","0.861","-0.02617","0.00035","0","0","13.56","Humid","28.00","0","54.00","360690.17","SABD0000000001","AAV1.0.0.11","1.1.2.0","PSt7-10","170328-007","9/30/2017 19:06:43","0000-00","0","no battery","V"
"09/09/2020","10:55:10","2","default","115855972","OXY_CH2","89.594","min","187.349","µmol/L","Humid","20.496","deg","78704","µV","29.998","°C","1016.000","hPa","35.3","pmil","0","53.237","deg","23.954","°C","100.000","%a.s.","21.023","deg","23.635","°C","1019.000","hPa","0.861","-0.02617","0.00035","0","0","13.56","Humid","28.00","0","54.00","360674.06","SABD0000000001","AAV1.0.0.11","1.1.2.0","PSt7-10","170328-007","9/30/2017 19:06:43","0000-00","0","no battery","V"
"09/09/2020","10:55:11","2","default","115855972","OXY_CH2","89.611","min","187.226","µmol/L","Humid","20.495","deg","78698","µV","30.022","°C","1016.000","hPa","35.3","pmil","0","53.237","deg","23.954","°C","100.000","%a.s.","21.023","deg","23.635","°C","1019.000","hPa","0.861","-0.02617","0.00035","0","0","13.56","Humid","28.00","0","54.00","360690.06","SABD0000000001","AAV1.0.0.11","1.1.2.0","PSt7-10","170328-007","9/30/2017 19:06:43","0000-00","0","no battery","V"
"09/09/2020","10:55:12","2","default","115855972","OXY_CH2","89.628","min","187.268","µmol/L","Humid","20.497","deg","78692","µV","30.009","°C","1016.000","hPa","35.3","pmil","0","53.237","deg","23.954","°C","100.000","%a.s.","21.023","deg","23.635","°C","1019.000","hPa","0.861","-0.02617","0.00035","0","0","13.56","Humid","28.00","0","54.00","360675.73","SABD0000000001","AAV1.0.0.11","1.1.2.0","PSt7-10","170328-007","9/30/2017 19:06:43","0000-00","0","no battery","V"
"09/09/2020","10:55:13","2","default","115855972","OXY_CH2","89.644","min","187.320","µmol/L","Humid","20.493","deg","78695","µV","30.012","°C","1016.000","hPa","35.3","pmil","0","53.237","deg","23.954","°C","100.000","%a.s.","21.023","deg","23.635","°C","1019.000","hPa","0.861","-0.02617","0.00035","0","0","13.56","Humid","28.00","0","54.00","360670.25","SABD0000000001","AAV1.0.0.11","1.1.2.0","PSt7-10","170328-007","9/30/2017 19:06:43","0000-00","0","no battery","V"
"09/09/2020","10:55:14","2","default","115855972","OXY_CH2","89.661","min","187.426","µmol/L","Humid","20.488","deg","78700","µV","30.009","°C","1016.000","hPa","35.3","pmil","0","53.237","deg","23.954","°C","100.000","%a.s.","21.023","deg","23.635","°C","1019.000","hPa","0.861","-0.02617","0.00035","0","0","13.56","Humid","28.00","0","54.00","360690.93","SABD0000000001","AAV1.0.0.11","1.1.2.0","PSt7-10","170328-007","9/30/2017 19:06:43","0000-00","0","no battery","V"
"09/09/2020","10:55:15","2","default","115855972","OXY_CH2","89.678","min","187.231","µmol/L","Humid","20.493","deg","78698","µV","30.027","°C","1016.000","hPa","35.3","pmil","0","53.237","deg","23.954","°C","100.000","%a.s.","21.023","deg","23.635","°C","1019.000","hPa","0.861","-0.02617","0.00035","0","0","13.56","Humid","28.00","0","54.00","360674.35","SABD0000000001","AAV1.0.0.11","1.1.2.0","PSt7-10","170328-007","9/30/2017 19:06:43","0000-00","0","no battery","V"
"09/09/2020","10:55:16","2","default","115855972","OXY_CH2","89.694","min","187.302","µmol/L","Humid","20.491","deg","78690","µV","30.021","°C","1016.000","hPa","35.3","pmil","0","53.237","deg","23.954","°C","100.000","%a.s.","21.023","deg","23.635","°C","1019.000","hPa","0.861","-0.02617","0.00035","0","0","13.56","Humid","28.00","0","54.00","360671.49","SABD0000000001","AAV1.0.0.11","1.1.2.0","PSt7-10","170328-007","9/30/2017 19:06:43","0000-00","0","no battery","V"
"09/09/2020","10:55:17","2","default","115855972","OXY_CH2","89.711","min","187.316","µmol/L","Humid","20.495","deg","78692","µV","30.007","°C","1016.000","hPa","35.3","pmil","0","53.237","deg","23.954","°C","100.000","%a.s.","21.023","deg","23.635","°C","1019.000","hPa","0.861","-0.02617","0.00035","0","0","13.56","Humid","28.00","0","54.00","360659.48","SABD0000000001","AAV1.0.0.11","1.1.2.0","PSt7-10","170328-007","9/30/2017 19:06:43","0000-00","0","no battery","V"
"09/09/2020","10:55:18","2","default","115855972","OXY_CH2","89.728","min","187.327","µmol/L","Humid","20.495","deg","78688","µV","30.005","°C","1016.000","hPa","35.3","pmil","0","53.237","deg","23.954","°C","100.000","%a.s.","21.023","deg","23.635","°C","1019.000","hPa","0.861","-0.02617","0.00035","0","0","13.56","Humid","28.00","0","54.00","360656.79","SABD0000000001","AAV1.0.0.11","1.1.2.0","PSt7-10","170328-007","9/30/2017 19:06:43","0000-00","0","no battery","V"
"09/09/2020","10:55:19","2","default","115855972","OXY_CH2","89.744","min","187.371","µmol/L","Humid","20.491","deg","78689","µV","30.009","°C","1016.000","hPa","35.3","pmil","0","53.237","deg","23.954","°C","100.000","%a.s.","21.023","deg","23.635","°C","1019.000","hPa","0.861","-0.02617","0.00035","0","0","13.56","Humid","28.00","0","54.00","360658.41","SABD0000000001","AAV1.0.0.11","1.1.2.0","PSt7-10","170328-007","9/30/2017 19:06:43","0000-00","0","no battery","V"
"09/09/2020","10:55:20","2","default","115855972","OXY_CH2","89.761","min","187.361","µmol/L","Humid","20.492","deg","78690","µV","30.008","°C","1016.000","hPa","35.3","pmil","0","53.237","deg","23.954","°C","100.000","%a.s.","21.023","deg","23.635","°C","1019.000","hPa","0.861","-0.02617","0.00035","0","0","13.56","Humid","28.00","0","54.00","360655.21","SABD0000000001","AAV1.0.0.11","1.1.2.0","PSt7-10","170328-007","9/30/2017 19:06:43","0000-00","0","no battery","V"
"09/09/2020","10:55:21","2","default","115855972","OXY_CH2","89.778","min","187.319","µmol/L","Humid","20.489","deg","78676","µV","30.024","°C","1016.000","hPa","35.3","pmil","0","53.237","deg","23.954","°C","100.000","%a.s.","21.023","deg","23.635","°C","1019.000","hPa","0.861","-0.02617","0.00035","0","0","13.56","Humid","28.00","0","54.00","360664.82","SABD0000000001","AAV1.0.0.11","1.1.2.0","PSt7-10","170328-007","9/30/2017 19:06:43","0000-00","0","no battery","V"
"09/09/2020","10:55:22","2","default","115855972","OXY_CH2","89.794","min","187.319","µmol/L","Humid","20.492","deg","78681","µV","30.015","°C","1016.000","hPa","35.3","pmil","0","53.237","deg","23.954","°C","100.000","%a.s.","21.023","deg","23.635","°C","1019.000","hPa","0.861","-0.02617","0.00035","0","0","13.56","Humid","28.00","0","54.00","360660.93","SABD0000000001","AAV1.0.0.11","1.1.2.0","PSt7-10","170328-007","9/30/2017 19:06:43","0000-00","0","no battery","V"
"09/09/2020","10:55:23","2","default","115855972","OXY_CH2","89.811","min","187.333","µmol/L","Humid","20.491","deg","78684","µV","30.016","°C","1016.000","hPa","35.3","pmil","0","53.237","deg","23.954","°C","100.000","%a.s.","21.023","deg","23.635","°C","1019.000","hPa","0.861","-0.02617","0.00035","0","0","13.56","Humid","28.00","0","54.00","360666.93","SABD0000000001","AAV1.0.0.11","1.1.2.0","PSt7-10","170328-007","9/30/2017 19:06:43","0000-00","0","no battery","V"
"09/09/2020","10:55:24","2","default","115855972","OXY_CH2","89.827","min","187.410","µmol/L","Humid","20.488","deg","78678","µV","30.011","°C","1016.000","hPa","35.3","pmil","0","53.237","deg","23.954","°C","100.000","%a.s.","21.023","deg","23.635","°C","1019.000","hPa","0.861","-0.02617","0.00035","0","0","13.56","Humid","28.00","0","54.00","360652.72","SABD0000000001","AAV1.0.0.11","1.1.2.0","PSt7-10","170328-007","9/30/2017 19:06:43","0000-00","0","no battery","V"
"09/09/2020","10:55:25","2","default","115855972","OXY_CH2","89.844","min","187.436","µmol/L","Humid","20.490","deg","78685","µV","30.001","°C","1016.000","hPa","35.3","pmil","0","53.237","deg","23.954","°C","100.000","%a.s.","21.023","deg","23.635","°C","1019.000","hPa","0.861","-0.02617","0.00035","0","0","13.56","Humid","28.00","0","54.00","360666.65","SABD0000000001","AAV1.0.0.11","1.1.2.0","PSt7-10","170328-007","9/30/2017 19:06:43","0000-00","0","no battery","V"
"09/09/2020","10:55:26","2","default","115855972","OXY_CH2","89.860","min","187.406","µmol/L","Humid","20.491","deg","78685","µV","30.003","°C","1016.000","hPa","35.3","pmil","0","53.237","deg","23.954","°C","100.000","%a.s.","21.023","deg","23.635","°C","1019.000","hPa","0.861","-0.02617","0.00035","0","0","13.56","Humid","28.00","0","54.00","360662.57","SABD0000000001","AAV1.0.0.11","1.1.2.0","PSt7-10","170328-007","9/30/2017 19:06:43","0000-00","0","no battery","V"
"09/09/2020","10:55:27","2","default","115855972","OXY_CH2","89.877","min","187.398","µmol/L","Humid","20.489","deg","78678","µV","30.011","°C","1016.000","hPa","35.3","pmil","0","53.237","deg","23.954","°C","100.000","%a.s.","21.023","deg","23.635","°C","1019.000","hPa","0.861","-0.02617","0.00035","0","0","13.56","Humid","28.00","0","54.00","360658.05","SABD0000000001","AAV1.0.0.11","1.1.2.0","PSt7-10","170328-007","9/30/2017 19:06:43","0000-00","0","no battery","V"
"09/09/2020","10:55:28","2","default","115855972","OXY_CH2","89.894","min","187.407","µmol/L","Humid","20.489","deg","78672","µV","30.009","°C","1016.000","hPa","35.3","pmil","0","53.237","deg","23.954","°C","100.000","%a.s.","21.023","deg","23.635","°C","1019.000","hPa","0.861","-0.02617","0.00035","0","0","13.56","Humid","28.00","0","54.00","360656.94","SABD0000000001","AAV1.0.0.11","1.1.2.0","PSt7-10","170328-007","9/30/2017 19:06:43","0000-00","0","no battery","V"
"09/09/2020","10:55:29","2","default","115855972","OXY_CH2","89.910","min","187.430","µmol/L","Humid","20.489","deg","78678","µV","30.005","°C","1016.000","hPa","35.3","pmil","0","53.237","deg","23.954","°C","100.000","%a.s.","21.023","deg","23.635","°C","1019.000","hPa","0.861","-0.02617","0.00035","0","0","13.56","Humid","28.00","0","54.00","360665.57","SABD0000000001","AAV1.0.0.11","1.1.2.0","PSt7-10","170328-007","9/30/2017 19:06:43","0000-00","0","no battery","V"
"09/09/2020","10:55:30","2","default","115855972","OXY_CH2","89.928","min","187.355","µmol/L","Humid","20.488","deg","78672","µV","30.021","°C","1016.000","hPa","35.3","pmil","0","53.237","deg","23.954","°C","100.000","%a.s.","21.023","deg","23.635","°C","1019.000","hPa","0.861","-0.02617","0.00035","0","0","13.56","Humid","28.00","0","54.00","360661.64","SABD0000000001","AAV1.0.0.11","1.1.2.0","PSt7-10","170328-007","9/30/2017 19:06:43","0000-00","0","no battery","V"
"09/09/2020","10:55:31","2","default","115855972","OXY_CH2","89.944","min","187.317","µmol/L","Humid","20.492","deg","78678","µV","30.015","°C","1016.000","hPa","35.3","pmil","0","53.237","deg","23.954","°C","100.000","%a.s.","21.023","deg","23.635","°C","1019.000","hPa","0.861","-0.02617","0.00035","0","0","13.56","Humid","28.00","0","54.00","360662.64","SABD0000000001","AAV1.0.0.11","1.1.2.0","PSt7-10","170328-007","9/30/2017 19:06:43","0000-00","0","no battery","V"
"09/09/2020","10:55:32","2","default","115855972","OXY_CH2","89.961","min","187.350","µmol/L","Humid","20.488","deg","78671","µV","30.022","°C","1016.000","hPa","35.3","pmil","0","53.237","deg","23.954","°C","100.000","%a.s.","21.023","deg","23.635","°C","1019.000","hPa","0.861","-0.02617","0.00035","0","0","13.56","Humid","28.00","0","54.00","360660.78","SABD0000000001","AAV1.0.0.11","1.1.2.0","PSt7-10","170328-007","9/30/2017 19:06:43","0000-00","0","no battery","V"
"09/09/2020","10:55:33","2","default","115855972","OXY_CH2","89.977","min","187.367","µmol/L","Humid","20.489","deg","78677","µV","30.016","°C","1016.000","hPa","35.3","pmil","0","53.237","deg","23.954","°C","100.000","%a.s.","21.023","deg","23.635","°C","1019.000","hPa","0.861","-0.02617","0.00035","0","0","13.56","Humid","28.00","0","54.00","360660.59","SABD0000000001","AAV1.0.0.11","1.1.2.0","PSt7-10","170328-007","9/30/2017 19:06:43","0000-00","0","no battery","V"
"09/09/2020","10:55:34","2","default","115855972","OXY_CH2","89.994","min","187.494","µmol/L","Humid","20.484","deg","78671","µV","30.009","°C","1016.000","hPa","35.3","pmil","0","53.237","deg","23.954","°C","100.000","%a.s.","21.023","deg","23.635","°C","1019.000","hPa","0.861","-0.02617","0.00035","0","0","13.56","Humid","28.00","0","54.00","360647.20","SABD0000000001","AAV1.0.0.11","1.1.2.0","PSt7-10","170328-007","9/30/2017 19:06:43","0000-00","0","no battery","V"
"09/09/2020","10:55:35","2","default","115855972","OXY_CH2","90.010","min","187.537","µmol/L","Humid","20.482","deg","78664","µV","30.007","°C","1016.000","hPa","35.3","pmil","0","53.237","deg","23.954","°C","100.000","%a.s.","21.023","deg","23.635","°C","1019.000","hPa","0.861","-0.02617","0.00035","0","0","13.56","Humid","28.00","0","54.00","360665.75","SABD0000000001","AAV1.0.0.11","1.1.2.0","PSt7-10","170328-007","9/30/2017 19:06:43","0000-00","0","no battery","V"
"09/09/2020","10:55:36","2","default","115855972","OXY_CH2","90.027","min","187.434","µmol/L","Humid","20.487","deg","78674","µV","30.010","°C","1016.000","hPa","35.3","pmil","0","53.237","deg","23.954","°C","100.000","%a.s.","21.023","deg","23.635","°C","1019.000","hPa","0.861","-0.02617","0.00035","0","0","13.56","Humid","28.00","0","54.00","360666.92","SABD0000000001","AAV1.0.0.11","1.1.2.0","PSt7-10","170328-007","9/30/2017 19:06:43","0000-00","0","no battery","V"
"09/09/2020","10:55:37","2","default","115855972","OXY_CH2","90.044","min","187.433","µmol/L","Humid","20.489","deg","78670","µV","30.005","°C","1016.000","hPa","35.3","pmil","0","53.237","deg","23.954","°C","100.000","%a.s.","21.023","deg","23.635","°C","1019.000","hPa","0.861","-0.02617","0.00035","0","0","13.56","Humid","28.00","0","54.00","360660.20","SABD0000000001","AAV1.0.0.11","1.1.2.0","PSt7-10","170328-007","9/30/2017 19:06:43","0000-00","0","no battery","V"
"09/09/2020","10:55:38","2","default","115855972","OXY_CH2","90.060","min","187.422","µmol/L","Humid","20.487","deg","78671","µV","30.012","°C","1016.000","hPa","35.3","pmil","0","53.237","deg","23.954","°C","100.000","%a.s.","21.023","deg","23.635","°C","1019.000","hPa","0.861","-0.02617","0.00035","0","0","13.56","Humid","28.00","0","54.00","360664.56","SABD0000000001","AAV1.0.0.11","1.1.2.0","PSt7-10","170328-007","9/30/2017 19:06:43","0000-00","0","no battery","V"
"09/09/2020","10:55:39","2","default","115855972","OXY_CH2","90.078","min","187.422","µmol/L","Humid","20.489","deg","78664","µV","30.007","°C","1016.000","hPa","35.3","pmil","0","53.237","deg","23.954","°C","100.000","%a.s.","21.023","deg","23.635","°C","1019.000","hPa","0.861","-0.02617","0.00035","0","0","13.56","Humid","28.00","0","54.00","360640.29","SABD0000000001","AAV1.0.0.11","1.1.2.0","PSt7-10","170328-007","9/30/2017 19:06:43","0000-00","0","no battery","V"
"09/09/2020","10:55:40","2","default","115855972","OXY_CH2","90.094","min","187.426","µmol/L","Humid","20.489","deg","78661","µV","30.006","°C","1016.000","hPa","35.3","pmil","0","53.237","deg","23.954","°C","100.000","%a.s.","21.023","deg","23.635","°C","1019.000","hPa","0.861","-0.02617","0.00035","0","0","13.56","Humid","28.00","0","54.00","360630.86","SABD0000000001","AAV1.0.0.11","1.1.2.0","PSt7-10","170328-007","9/30/2017 19:06:43","0000-00","0","no battery","V"
"09/09/2020","10:55:41","2","default","115855972","OXY_CH2","90.110","min","187.421","µmol/L","Humid","20.485","deg","78664","µV","30.018","°C","1016.000","hPa","35.3","pmil","0","53.237","deg","23.954","°C","100.000","%a.s.","21.023","deg","23.635","°C","1019.000","hPa","0.861","-0.02617","0.00035","0","0","13.56","Humid","28.00","0","54.00","360651.86","SABD0000000001","AAV1.0.0.11","1.1.2.0","PSt7-10","170328-007","9/30/2017 19:06:43","0000-00","0","no battery","V"
"09/09/2020","10:55:42","2","default","115855972","OXY_CH2","90.127","min","187.416","µmol/L","Humid","20.486","deg","78657","µV","30.016","°C","1016.000","hPa","35.3","pmil","0","53.237","deg","23.954","°C","100.000","%a.s.","21.023","deg","23.635","°C","1019.000","hPa","0.861","-0.02617","0.00035","0","0","13.56","Humid","28.00","0","54.00","360651.68","SABD0000000001","AAV1.0.0.11","1.1.2.0","PSt7-10","170328-007","9/30/2017 19:06:43","0000-00","0","no battery","V"
"09/09/2020","10:55:43","2","default","115855972","OXY_CH2","90.144","min","187.361","µmol/L","Humid","20.489","deg","78657","µV","30.017","°C","1016.000","hPa","35.3","pmil","0","53.237","deg","23.954","°C","100.000","%a.s.","21.023","deg","23.635","°C","1019.000","hPa","0.861","-0.02617","0.00035","0","0","13.56","Humid","28.00","0","54.00","360640.44","SABD0000000001","AAV1.0.0.11","1.1.2.0","PSt7-10","170328-007","9/30/2017 19:06:43","0000-00","0","no battery","V"
"09/09/2020","10:55:44","2","default","115855972","OXY_CH2","90.161","min","187.472","µmol/L","Humid","20.487","deg","78658","µV","30.004","°C","1016.000","hPa","35.3","pmil","0","53.237","deg","23.954","°C","100.000","%a.s.","21.023","deg","23.635","°C","1019.000","hPa","0.861","-0.02617","0.00035","0","0","13.56","Humid","28.00","0","54.00","360648.30","SABD0000000001","AAV1.0.0.11","1.1.2.0","PSt7-10","170328-007","9/30/2017 19:06:43","0000-00","0","no battery","V"
"09/09/2020","10:55:45","2","default","115855972","OXY_CH2","90.178","min","187.484","µmol/L","Humid","20.487","deg","78667","µV","30.002","°C","1016.000","hPa","35.3","pmil","0","53.237","deg","23.954","°C","100.000","%a.s.","21.023","deg","23.635","°C","1019.000","hPa","0.861","-0.02617","0.00035","0","0","13.56","Humid","28.00","0","54.00","360655.12","SABD0000000001","AAV1.0.0.11","1.1.2.0","PSt7-10","170328-007","9/30/2017 19:06:43","0000-00","0","no battery","V"
"09/09/2020","10:55:46","2","default","115855972","OXY_CH2","90.194","min","187.431","µmol/L","Humid","20.488","deg","78660","µV","30.008","°C","1016.000","hPa","35.3","pmil","0","53.237","deg","23.954","°C","100.000","%a.s.","21.023","deg","23.635","°C","1019.000","hPa","0.861","-0.02617","0.00035","0","0","13.56","Humid","28.00","0","54.00","360650.16","SABD0000000001","AAV1.0.0.11","1.1.2.0","PSt7-10","170328-007","9/30/2017 19:06:43","0000-00","0","no battery","V"
"09/09/2020","10:55:47","2","default","115855972","OXY_CH2","90.211","min","187.390","µmol/L","Humid","20.490","deg","78658","µV","30.009","°C","1016.000","hPa","35.3","pmil","0","53.237","deg","23.954","°C","100.000","%a.s.","21.023","deg","23.635","°C","1019.000","hPa","0.861","-0.02617","0.00035","0","0","13.56","Humid","28.00","0","54.00","360640.93","SABD0000000001","AAV1.0.0.11","1.1.2.0","PSt7-10","170328-007","9/30/2017 19:06:43","0000-00","0","no battery","V"
"09/09/2020","10:55:48","2","default","115855972","OXY_CH2","90.227","min","187.558","µmol/L","Humid","20.484","deg","78656","µV","29.998","°C","1016.000","hPa","35.3","pmil","0","53.237","deg","23.954","°C","100.000","%a.s.","21.023","deg","23.635","°C","1019.000","hPa","0.861","-0.02617","0.00035","0","0","13.56","Humid","28.00","0","54.00","360635.70","SABD0000000001","AAV1.0.0.11","1.1.2.0","PSt7-10","170328-007","9/30/2017 19:06:43","0000-00","0","no battery","V"
"09/09/2020","10:55:49","2","default","115855972","OXY_CH2","90.244","min","187.339","µmol/L","Humid","20.489","deg","78653","µV","30.020","°C","1016.000","hPa","35.3","pmil","0","53.237","deg","23.954","°C","100.000","%a.s.","21.023","deg","23.635","°C","1019.000","hPa","0.861","-0.02617","0.00035","0","0","13.56","Humid","28.00","0","54.00","360662.76","SABD0000000001","AAV1.0.0.11","1.1.2.0","PSt7-10","170328-007","9/30/2017 19:06:43","0000-00","0","no battery","V"
"09/09/2020","10:55:50","2","default","115855972","OXY_CH2","90.261","min","187.371","µmol/L","Humid","20.486","deg","78653","µV","30.024","°C","1016.000","hPa","35.3","pmil","0","53.237","deg","23.954","°C","100.000","%a.s.","21.023","deg","23.635","°C","1019.000","hPa","0.861","-0.02617","0.00035","0","0","13.56","Humid","28.00","0","54.00","360652.30","SABD0000000001","AAV1.0.0.11","1.1.2.0","PSt7-10","170328-007","9/30/2017 19:06:43","0000-00","0","no battery","V"
"09/09/2020","10:55:51","2","default","115855972","OXY_CH2","90.277","min","187.417","µmol/L","Humid","20.489","deg","78654","µV","30.007","°C","1016.000","hPa","35.3","pmil","0","53.237","deg","23.954","°C","100.000","%a.s.","21.023","deg","23.635","°C","1019.000","hPa","0.861","-0.02617","0.00035","0","0","13.56","Humid","28.00","0","54.00","360648.49","SABD0000000001","AAV1.0.0.11","1.1.2.0","PSt7-10","170328-007","9/30/2017 19:06:43","0000-00","0","no battery","V"
"09/09/2020","10:55:52","2","default","115855972","OXY_CH2","90.294","min","187.487","µmol/L","Humid","20.485","deg","78654","µV","30.007","°C","1016.000","hPa","35.3","pmil","0","53.237","deg","23.954","°C","100.000","%a.s.","21.023","deg","23.635","°C","1019.000","hPa","0.861","-0.02617","0.00035","0","0","13.56","Humid","28.00","0","54.00","360657.28","SABD0000000001","AAV1.0.0.11","1.1.2.0","PSt7-10","170328-007","9/30/2017 19:06:43","0000-00","0","no battery","V"
"09/09/2020","10:55:53","2","default","115855972","OXY_CH2","90.310","min","187.394","µmol/L","Humid","20.485","deg","78654","µV","30.023","°C","1016.000","hPa","35.3","pmil","0","53.237","deg","23.954","°C","100.000","%a.s.","21.023","deg","23.635","°C","1019.000","hPa","0.861","-0.02617","0.00035","0","0","13.56","Humid","28.00","0","54.00","360644.26","SABD0000000001","AAV1.0.0.11","1.1.2.0","PSt7-10","170328-007","9/30/2017 19:06:43","0000-00","0","no battery","V"
"09/09/2020","10:55:54","2","default","115855972","OXY_CH2","90.327","min","187.465","µmol/L","Humid","20.485","deg","78656","µV","30.011","°C","1016.000","hPa","35.3","pmil","0","53.237","deg","23.954","°C","100.000","%a.s.","21.023","deg","23.635","°C","1019.000","hPa","0.861","-0.02617","0.00035","0","0","13.56","Humid","28.00","0","54.00","360647.64","SABD0000000001","AAV1.0.0.11","1.1.2.0","PSt7-10","170328-007","9/30/2017 19:06:43","0000-00","0","no battery","V"
"09/09/2020","10:55:55","2","default","115855972","OXY_CH2","90.344","min","187.343","µmol/L","Humid","20.490","deg","78649","µV","30.017","°C","1016.000","hPa","35.3","pmil","0","53.237","deg","23.954","°C","100.000","%a.s.","21.023","deg","23.635","°C","1019.000","hPa","0.861","-0.02617","0.00035","0","0","13.56","Humid","28.00","0","54.00","360648.28","SABD0000000001","AAV1.0.0.11","1.1.2.0","PSt7-10","170328-007","9/30/2017 19:06:43","0000-00","0","no battery","V"
"09/09/2020","10:55:56","2","default","115855972","OXY_CH2","90.361","min","187.495","µmol/L","Humid","20.483","deg","78651","µV","30.012","°C","1016.000","hPa","35.3","pmil","0","53.237","deg","23.954","°C","100.000","%a.s.","21.023","deg","23.635","°C","1019.000","hPa","0.861","-0.02617","0.00035","0","0","13.56","Humid","28.00","0","54.00","360654.53","SABD0000000001","AAV1.0.0.11","1.1.2.0","PSt7-10","170328-007","9/30/2017 19:06:43","0000-00","0","no battery","V"
"09/09/2020","10:55:57","2","default","115855972","OXY_CH2","90.377","min","187.507","µmol/L","Humid","20.481","deg","78645","µV","30.015","°C","1016.000","hPa","35.3","pmil","0","53.237","deg","23.954","°C","100.000","%a.s.","21.023","deg","23.635","°C","1019.000","hPa","0.861","-0.02617","0.00035","0","0","13.56","Humid","28.00","0","54.00","360648.32","SABD0000000001","AAV1.0.0.11","1.1.2.0","PSt7-10","170328-007","9/30/2017 19:06:43","0000-00","0","no battery","V"
"09/09/2020","10:55:58","2","default","115855972","OXY_CH2","90.394","min","187.497","µmol/L","Humid","20.484","deg","78652","µV","30.008","°C","1016.000","hPa","35.3","pmil","0","53.237","deg","23.954","°C","100.000","%a.s.","21.023","deg","23.635","°C","1019.000","hPa","0.861","-0.02617","0.00035","0","0","13.56","Humid","28.00","0","54.00","360652.38","SABD0000000001","AAV1.0.0.11","1.1.2.0","PSt7-10","170328-007","9/30/2017 19:06:43","0000-00","0","no battery","V"
"09/09/2020","10:55:59","2","default","115855972","OXY_CH2","90.410","min","187.422","µmol/L","Humid","20.485","deg","78653","µV","30.018","°C","1016.000","hPa","35.3","pmil","0","53.237","deg","23.954","°C","100.000","%a.s.","21.023","deg","23.635","°C","1019.000","hPa","0.861","-0.02617","0.00035","0","0","13.56","Humid","28.00","0","54.00","360660.62","SABD0000000001","AAV1.0.0.11","1.1.2.0","PSt7-10","170328-007","9/30/2017 19:06:43","0000-00","0","no battery","V"
"09/09/2020","10:56:00","2","default","115855972","OXY_CH2","90.427","min","187.461","µmol/L","Humid","20.483","deg","78648","µV","30.017","°C","1016.000","hPa","35.3","pmil","0","53.237","deg","23.954","°C","100.000","%a.s.","21.023","deg","23.635","°C","1019.000","hPa","0.861","-0.02617","0.00035","0","0","13.56","Humid","28.00","0","54.00","360658.56","SABD0000000001","AAV1.0.0.11","1.1.2.0","PSt7-10","170328-007","9/30/2017 19:06:43","0000-00","0","no battery","V"
"09/09/2020","10:56:01","2","default","115855972","OXY_CH2","90.444","min","187.541","µmol/L","Humid","20.483","deg","78645","µV","30.004","°C","1016.000","hPa","35.3","pmil","0","53.237","deg","23.954","°C","100.000","%a.s.","21.023","deg","23.635","°C","1019.000","hPa","0.861","-0.02617","0.00035","0","0","13.56","Humid","28.00","0","54.00","360656.25","SABD0000000001","AAV1.0.0.11","1.1.2.0","PSt7-10","170328-007","9/30/2017 19:06:43","0000-00","0","no battery","V"
"09/09/2020","10:56:02","2","default","115855972","OXY_CH2","90.460","min","187.469","µmol/L","Humid","20.483","deg","78646","µV","30.016","°C","1016.000","hPa","35.3","pmil","0","53.237","deg","23.954","°C","100.000","%a.s.","21.023","deg","23.635","°C","1019.000","hPa","0.861","-0.02617","0.00035","0","0","13.56","Humid","28.00","0","54.00","360650.84","SABD0000000001","AAV1.0.0.11","1.1.2.0","PSt7-10","170328-007","9/30/2017 19:06:43","0000-00","0","no battery","V"
"09/09/2020","10:56:03","2","default","115855972","OXY_CH2","90.478","min","187.540","µmol/L","Humid","20.481","deg","78651","µV","30.010","°C","1016.000","hPa","35.3","pmil","0","53.237","deg","23.954","°C","100.000","%a.s.","21.023","deg","23.635","°C","1019.000","hPa","0.861","-0.02617","0.00035","0","0","13.56","Humid","28.00","0","54.00","360654.24","SABD0000000001","AAV1.0.0.11","1.1.2.0","PSt7-10","170328-007","9/30/2017 19:06:43","0000-00","0","no battery","V"
"09/09/2020","10:56:04","2","default","115855972","OXY_CH2","90.494","min","187.632","µmol/L","Humid","20.478","deg","78645","µV","30.003","°C","1016.000","hPa","35.3","pmil","0","53.237","deg","23.954","°C","100.000","%a.s.","21.023","deg","23.635","°C","1019.000","hPa","0.861","-0.02617","0.00035","0","0","13.56","Humid","28.00","0","54.00","360646.69","SABD0000000001","AAV1.0.0.11","1.1.2.0","PSt7-10","170328-007","9/30/2017 19:06:43","0000-00","0","no battery","V"
"09/09/2020","10:56:05","2","default","115855972","OXY_CH2","90.510","min","187.517","µmol/L","Humid","20.483","deg","78641","µV","30.008","°C","1016.000","hPa","35.3","pmil","0","53.237","deg","23.954","°C","100.000","%a.s.","21.023","deg","23.635","°C","1019.000","hPa","0.861","-0.02617","0.00035","0","0","13.56","Humid","28.00","0","54.00","360649.68","SABD0000000001","AAV1.0.0.11","1.1.2.0","PSt7-10","170328-007","9/30/2017 19:06:43","0000-00","0","no battery","V"
"09/09/2020","10:56:06","2","default","115855972","OXY_CH2","90.527","min","187.463","µmol/L","Humid","20.484","deg","78641","µV","30.014","°C","1016.000","hPa","35.3","pmil","0","53.237","deg","23.954","°C","100.000","%a.s.","21.023","deg","23.635","°C","1019.000","hPa","0.861","-0.02617","0.00035","0","0","13.56","Humid","28.00","0","54.00","360644.30","SABD0000000001","AAV1.0.0.11","1.1.2.0","PSt7-10","170328-007","9/30/2017 19:06:43","0000-00","0","no battery","V"
"09/09/2020","10:56:07","2","default","115855972","OXY_CH2","90.544","min","187.623","µmol/L","Humid","20.479","deg","78638","µV","30.002","°C","1016.000","hPa","35.3","pmil","0","53.237","deg","23.954","°C","100.000","%a.s.","21.023","deg","23.635","°C","1019.000","hPa","0.861","-0.02617","0.00035","0","0","13.56","Humid","28.00","0","54.00","360636.61","SABD0000000001","AAV1.0.0.11","1.1.2.0","PSt7-10","170328-007","9/30/2017 19:06:43","0000-00","0","no battery","V"
"09/09/2020","10:56:08","2","default","115855972","OXY_CH2","90.561","min","187.500","µmol/L","Humid","20.480","deg","78639","µV","30.019","°C","1016.000","hPa","35.3","pmil","0","53.237","deg","23.954","°C","100.000","%a.s.","21.023","deg","23.635","°C","1019.000","hPa","0.861","-0.02617","0.00035","0","0","13.56","Humid","28.00","0","54.00","360643.22","SABD0000000001","AAV1.0.0.11","1.1.2.0","PSt7-10","170328-007","9/30/2017 19:06:43","0000-00","0","no battery","V"
"09/09/2020","10:56:09","2","default","115855972","OXY_CH2","90.578","min","187.528","µmol/L","Humid","20.477","deg","78638","µV","30.023","°C","1016.000","hPa","35.3","pmil","0","53.237","deg","23.954","°C","100.000","%a.s.","21.023","deg","23.635","°C","1019.000","hPa","0.861","-0.02617","0.00035","0","0","13.56","Humid","28.00","0","54.00","360636.37","SABD0000000001","AAV1.0.0.11","1.1.2.0","PSt7-10","170328-007","9/30/2017 19:06:43","0000-00","0","no battery","V"
"09/09/2020","10:56:10","2","default","115855972","OXY_CH2","90.594","min","187.412","µmol/L","Humid","20.482","deg","78636","µV","30.028","°C","1016.000","hPa","35.3","pmil","0","53.237","deg","23.954","°C","100.000","%a.s.","21.023","deg","23.635","°C","1019.000","hPa","0.861","-0.02617","0.00035","0","0","13.56","Humid","28.00","0","54.00","360638.16","SABD0000000001","AAV1.0.0.11","1.1.2.0","PSt7-10","170328-007","9/30/2017 19:06:43","0000-00","0","no battery","V"
"09/09/2020","10:56:11","2","default","115855972","OXY_CH2","90.611","min","187.417","µmol/L","Humid","20.483","deg","78634","µV","30.025","°C","1016.000","hPa","35.3","pmil","0","53.237","deg","23.954","°C","100.000","%a.s.","21.023","deg","23.635","°C","1019.000","hPa","0.861","-0.02617","0.00035","0","0","13.56","Humid","28.00","0","54.00","360641.18","SABD0000000001","AAV1.0.0.11","1.1.2.0","PSt7-10","170328-007","9/30/2017 19:06:43","0000-00","0","no battery","V"
"09/09/2020","10:56:12","2","default","115855972","OXY_CH2","90.628","min","187.573","µmol/L","Humid","20.478","deg","78632","µV","30.013","°C","1016.000","hPa","35.3","pmil","0","53.237","deg","23.954","°C","100.000","%a.s.","21.023","deg","23.635","°C","1019.000","hPa","0.861","-0.02617","0.00035","0","0","13.56","Humid","28.00","0","54.00","360642.73","SABD0000000001","AAV1.0.0.11","1.1.2.0","PSt7-10","170328-007","9/30/2017 19:06:43","0000-00","0","no battery","V"
"09/09/2020","10:56:13","2","default","115855972","OXY_CH2","90.644","min","187.484","µmol/L","Humid","20.483","deg","78630","µV","30.013","°C","1016.000","hPa","35.3","pmil","0","53.237","deg","23.954","°C","100.000","%a.s.","21.023","deg","23.635","°C","1019.000","hPa","0.861","-0.02617","0.00035","0","0","13.56","Humid","28.00","0","54.00","360628.45","SABD0000000001","AAV1.0.0.11","1.1.2.0","PSt7-10","170328-007","9/30/2017 19:06:43","0000-00","0","no battery","V"
"09/09/2020","10:56:14","2","default","115855972","OXY_CH2","90.661","min","187.470","µmol/L","Humid","20.481","deg","78626","µV","30.022","°C","1016.000","hPa","35.3","pmil","0","53.237","deg","23.954","°C","100.000","%a.s.","21.023","deg","23.635","°C","1019.000","hPa","0.861","-0.02617","0.00035","0","0","13.56","Humid","28.00","0","54.00","360630.53","SABD0000000001","AAV1.0.0.11","1.1.2.0","PSt7-10","170328-007","9/30/2017 19:06:43","0000-00","0","no battery","V"
"09/09/2020","10:56:15","2","default","115855972","OXY_CH2","90.677","min","187.482","µmol/L","Humid","20.483","deg","78625","µV","30.014","°C","1016.000","hPa","35.3","pmil","0","53.237","deg","23.954","°C","100.000","%a.s.","21.023","deg","23.635","°C","1019.000","hPa","0.861","-0.02617","0.00035","0","0","13.56","Humid","28.00","0","54.00","360629.54","SABD0000000001","AAV1.0.0.11","1.1.2.0","PSt7-10","170328-007","9/30/2017 19:06:43","0000-00","0","no battery","V"
"09/09/2020","10:56:16","2","default","115855972","OXY_CH2","90.694","min","187.464","µmol/L","Humid","20.482","deg","78624","µV","30.020","°C","1016.000","hPa","35.3","pmil","0","53.237","deg","23.954","°C","100.000","%a.s.","21.023","deg","23.635","°C","1019.000","hPa","0.861","-0.02617","0.00035","0","0","13.56","Humid","28.00","0","54.00","360633.44","SABD0000000001","AAV1.0.0.11","1.1.2.0","PSt7-10","170328-007","9/30/2017 19:06:43","0000-00","0","no battery","V"
"09/09/2020","10:56:17","2","default","115855972","OXY_CH2","90.710","min","187.608","µmol/L","Humid","20.475","deg","78620","µV","30.016","°C","1016.000","hPa","35.3","pmil","0","53.237","deg","23.954","°C","100.000","%a.s.","21.023","deg","23.635","°C","1019.000","hPa","0.861","-0.02617","0.00035","0","0","13.56","Humid","28.00","0","54.00","360635.23","SABD0000000001","AAV1.0.0.11","1.1.2.0","PSt7-10","170328-007","9/30/2017 19:06:43","0000-00","0","no battery","V"
"09/09/2020","10:56:18","2","default","115855972","OXY_CH2","90.728","min","187.606","µmol/L","Humid","20.477","deg","78630","µV","30.010","°C","1016.000","hPa","35.3","pmil","0","53.237","deg","23.954","°C","100.000","%a.s.","21.023","deg","23.635","°C","1019.000","hPa","0.861","-0.02617","0.00035","0","0","13.56","Humid","28.00","0","54.00","360643.70","SABD0000000001","AAV1.0.0.11","1.1.2.0","PSt7-10","170328-007","9/30/2017 19:06:43","0000-00","0","no battery","V"
"09/09/2020","10:56:19","2","default","115855972","OXY_CH2","90.744","min","187.643","µmol/L","Humid","20.475","deg","78626","µV","30.010","°C","1016.000","hPa","35.3","pmil","0","53.237","deg","23.954","°C","100.000","%a.s.","21.023","deg","23.635","°C","1019.000","hPa","0.861","-0.02617","0.00035","0","0","13.56","Humid","28.00","0","54.00","360634.05","SABD0000000001","AAV1.0.0.11","1.1.2.0","PSt7-10","170328-007","9/30/2017 19:06:43","0000-00","0","no battery","V"
"09/09/2020","10:56:20","2","default","115855972","OXY_CH2","90.761","min","187.583","µmol/L","Humid","20.477","deg","78629","µV","30.014","°C","1016.000","hPa","35.3","pmil","0","53.237","deg","23.954","°C","100.000","%a.s.","21.023","deg","23.635","°C","1019.000","hPa","0.861","-0.02617","0.00035","0","0","13.56","Humid","28.00","0","54.00","360638.96","SABD0000000001","AAV1.0.0.11","1.1.2.0","PSt7-10","170328-007","9/30/2017 19:06:43","0000-00","0","no battery","V"
"09/09/2020","10:56:21","2","default","115855972","OXY_CH2","90.777","min","187.639","µmol/L","Humid","20.479","deg","78617","µV","29.999","°C","1016.000","hPa","35.3","pmil","0","53.237","deg","23.954","°C","100.000","%a.s.","21.023","deg","23.635","°C","1019.000","hPa","0.861","-0.02617","0.00035","0","0","13.56","Humid","28.00","0","54.00","360641.79","SABD0000000001","AAV1.0.0.11","1.1.2.0","PSt7-10","170328-007","9/30/2017 19:06:43","0000-00","0","no battery","V"
"09/09/2020","10:56:22","2","default","115855972","OXY_CH2","90.794","min","187.530","µmol/L","Humid","20.476","deg","78629","µV","30.026","°C","1016.000","hPa","35.3","pmil","0","53.237","deg","23.954","°C","100.000","%a.s.","21.023","deg","23.635","°C","1019.000","hPa","0.861","-0.02617","0.00035","0","0","13.56","Humid","28.00","0","54.00","360646.96","SABD0000000001","AAV1.0.0.11","1.1.2.0","PSt7-10","170328-007","9/30/2017 19:06:43","0000-00","0","no battery","V"
"09/09/2020","10:56:23","2","default","115855972","OXY_CH2","90.811","min","187.492","µmol/L","Humid","20.482","deg","78621","µV","30.015","°C","1016.000","hPa","35.3","pmil","0","53.237","deg","23.954","°C","100.000","%a.s.","21.023","deg","23.635","°C","1019.000","hPa","0.861","-0.02617","0.00035","0","0","13.56","Humid","28.00","0","54.00","360640.20","SABD0000000001","AAV1.0.0.11","1.1.2.0","PSt7-10","170328-007","9/30/2017 19:06:43","0000-00","0","no battery","V"
"09/09/2020","10:56:24","2","default","115855972","OXY_CH2","90.827","min","187.687","µmol/L","Humid","20.477","deg","78617","µV","29.997","°C","1016.000","hPa","35.3","pmil","0","53.237","deg","23.954","°C","100.000","%a.s.","21.023","deg","23.635","°C","1019.000","hPa","0.861","-0.02617","0.00035","0","0","13.56","Humid","28.00","0","54.00","360631.85","SABD0000000001","AAV1.0.0.11","1.1.2.0","PSt7-10","170328-007","9/30/2017 19:06:43","0000-00","0","no battery","V"
"09/09/2020","10:56:25","2","default","115855972","OXY_CH2","90.844","min","187.697","µmol/L","Humid","20.479","deg","78618","µV","29.989","°C","1016.000","hPa","35.3","pmil","0","53.237","deg","23.954","°C","100.000","%a.s.","21.023","deg","23.635","°C","1019.000","hPa","0.861","-0.02617","0.00035","0","0","13.56","Humid","28.00","0","54.00","360636.79","SABD0000000001","AAV1.0.0.11","1.1.2.0","PSt7-10","170328-007","9/30/2017 19:06:43","0000-00","0","no battery","V"
"09/09/2020","10:56:26","2","default","115855972","OXY_CH2","90.861","min","187.672","µmol/L","Humid","20.478","deg","78622","µV","29.996","°C","1016.000","hPa","35.3","pmil","0","53.237","deg","23.954","°C","100.000","%a.s.","21.023","deg","23.635","°C","1019.000","hPa","0.861","-0.02617","0.00035","0","0","13.56","Humid","28.00","0","54.00","360634.51","SABD0000000001","AAV1.0.0.11","1.1.2.0","PSt7-10","170328-007","9/30/2017 19:06:43","0000-00","0","no battery","V"
"09/09/2020","10:56:27","2","default","115855972","OXY_CH2","90.877","min","187.494","µmol/L","Humid","20.477","deg","78618","µV","30.029","°C","1016.000","hPa","35.3","pmil","0","53.237","deg","23.954","°C","100.000","%a.s.","21.023","deg","23.635","°C","1019.000","hPa","0.861","-0.02617","0.00035","0","0","13.56","Humid","28.00","0","54.00","360639.94","SABD0000000001","AAV1.0.0.11","1.1.2.0","PSt7-10","170328-007","9/30/2017 19:06:43","0000-00","0","no battery","V"
"09/09/2020","10:56:28","2","default","115855972","OXY_CH2","90.894","min","187.466","µmol/L","Humid","20.479","deg","78601","µV","30.028","°C","1016.000","hPa","35.3","pmil","0","53.237","deg","23.954","°C","100.000","%a.s.","21.023","deg","23.635","°C","1019.000","hPa","0.861","-0.02617","0.00035","0","0","13.56","Humid","28.00","0","54.00","360621.87","SABD0000000001","AAV1.0.0.11","1.1.2.0","PSt7-10","170328-007","9/30/2017 19:06:43","0000-00","0","no battery","V"
"09/09/2020","10:56:29","2","default","115855972","OXY_CH2","90.910","min","187.469","µmol/L","Humid","20.480","deg","78613","µV","30.025","°C","1016.000","hPa","35.3","pmil","0","53.237","deg","23.954","°C","100.000","%a.s.","21.023","deg","23.635","°C","1019.000","hPa","0.861","-0.02617","0.00035","0","0","13.56","Humid","28.00","0","54.00","360620.68","SABD0000000001","AAV1.0.0.11","1.1.2.0","PSt7-10","170328-007","9/30/2017 19:06:43","0000-00","0","no battery","V"
"09/09/2020","10:56:30","2","default","115855972","OXY_CH2","90.927","min","187.657","µmol/L","Humid","20.475","deg","78606","µV","30.008","°C","1016.000","hPa","35.3","pmil","0","53.237","deg","23.954","°C","100.000","%a.s.","21.023","deg","23.635","°C","1019.000","hPa","0.861","-0.02617","0.00035","0","0","13.56","Humid","28.00","0","54.00","360618.05","SABD0000000001","AAV1.0.0.11","1.1.2.0","PSt7-10","170328-007","9/30/2017 19:06:43","0000-00","0","no battery","V"
"09/09/2020","10:58:11","2","default","115855972","OXY_CH2","92.610","min","188.038","µmol/L","Humid","20.447","deg","78710","µV","30.025","°C","1016.000","hPa","35.3","pmil","0","53.237","deg","23.954","°C","100.000","%a.s.","21.023","deg","23.635","°C","1019.000","hPa","0.861","-0.02617","0.00035","0","0","13.56","Humid","28.00","0","54.00","360994.83","SABD0000000001","AAV1.0.0.11","1.1.2.0","PSt7-10","170328-007","9/30/2017 19:06:43","0000-00","0","no battery","V"
"09/09/2020","10:58:12","2","default","115855972","OXY_CH2","92.627","min","187.998","µmol/L","Humid","20.450","deg","78693","µV","30.023","°C","1016.000","hPa","35.3","pmil","0","53.237","deg","23.954","°C","100.000","%a.s.","21.023","deg","23.635","°C","1019.000","hPa","0.861","-0.02617","0.00035","0","0","13.56","Humid","28.00","0","54.00","360931.56","SABD0000000001","AAV1.0.0.11","1.1.2.0","PSt7-10","170328-007","9/30/2017 19:06:43","0000-00","0","no battery","V"
"09/09/2020","10:58:13","2","default","115855972","OXY_CH2","92.644","min","187.947","µmol/L","Humid","20.451","deg","78676","µV","30.028","°C","1016.000","hPa","35.3","pmil","0","53.237","deg","23.954","°C","100.000","%a.s.","21.023","deg","23.635","°C","1019.000","hPa","0.861","-0.02617","0.00035","0","0","13.56","Humid","28.00","0","54.00","360904.88","SABD0000000001","AAV1.0.0.11","1.1.2.0","PSt7-10","170328-007","9/30/2017 19:06:43","0000-00","0","no battery","V"
"09/09/2020","10:58:14","2","default","115855972","OXY_CH2","92.661","min","187.948","µmol/L","Humid","20.452","deg","78668","µV","30.025","°C","1016.000","hPa","35.3","pmil","0","53.237","deg","23.954","°C","100.000","%a.s.","21.023","deg","23.635","°C","1019.000","hPa","0.861","-0.02617","0.00035","0","0","13.56","Humid","28.00","0","54.00","360880.59","SABD0000000001","AAV1.0.0.11","1.1.2.0","PSt7-10","170328-007","9/30/2017 19:06:43","0000-00","0","no battery","V"
"09/09/2020","10:58:15","2","default","115855972","OXY_CH2","92.677","min","188.005","µmol/L","Humid","20.449","deg","78661","µV","30.024","°C","1016.000","hPa","35.3","pmil","0","53.237","deg","23.954","°C","100.000","%a.s.","21.023","deg","23.635","°C","1019.000","hPa","0.861","-0.02617","0.00035","0","0","13.56","Humid","28.00","0","54.00","360856.28","SABD0000000001","AAV1.0.0.11","1.1.2.0","PSt7-10","170328-007","9/30/2017 19:06:43","0000-00","0","no battery","V"
"09/09/2020","10:58:16","2","default","115855972","OXY_CH2","92.694","min","187.992","µmol/L","Humid","20.455","deg","78661","µV","30.009","°C","1016.000","hPa","35.3","pmil","0","53.237","deg","23.954","°C","100.000","%a.s.","21.023","deg","23.635","°C","1019.000","hPa","0.861","-0.02617","0.00035","0","0","13.56","Humid","28.00","0","54.00","360854.86","SABD0000000001","AAV1.0.0.11","1.1.2.0","PSt7-10","170328-007","9/30/2017 19:06:43","0000-00","0","no battery","V"
"09/09/2020","10:58:17","2","default","115855972","OXY_CH2","92.711","min","188.124","µmol/L","Humid","20.448","deg","78648","µV","30.007","°C","1016.000","hPa","35.3","pmil","0","53.237","deg","23.954","°C","100.000","%a.s.","21.023","deg","23.635","°C","1019.000","hPa","0.861","-0.02617","0.00035","0","0","13.56","Humid","28.00","0","54.00","360837.78","SABD0000000001","AAV1.0.0.11","1.1.2.0","PSt7-10","170328-007","9/30/2017 19:06:43","0000-00","0","no battery","V"
"09/09/2020","10:58:18","2","default","115855972","OXY_CH2","92.728","min","188.083","µmol/L","Humid","20.450","deg","78649","µV","30.008","°C","1016.000","hPa","35.3","pmil","0","53.237","deg","23.954","°C","100.000","%a.s.","21.023","deg","23.635","°C","1019.000","hPa","0.861","-0.02617","0.00035","0","0","13.56","Humid","28.00","0","54.00","360862.45","SABD0000000001","AAV1.0.0.11","1.1.2.0","PSt7-10","170328-007","9/30/2017 19:06:43","0000-00","0","no battery","V"
"09/09/2020","10:58:19","2","default","115855972","OXY_CH2","92.744","min","187.964","µmol/L","Humid","20.454","deg","78643","µV","30.017","°C","1016.000","hPa","35.3","pmil","0","53.237","deg","23.954","°C","100.000","%a.s.","21.023","deg","23.635","°C","1019.000","hPa","0.861","-0.02617","0.00035","0","0","13.56","Humid","28.00","0","54.00","360825.58","SABD0000000001","AAV1.0.0.11","1.1.2.0","PSt7-10","170328-007","9/30/2017 19:06:43","0000-00","0","no battery","V"
"09/09/2020","10:58:20","2","default","115855972","OXY_CH2","92.761","min","188.083","µmol/L","Humid","20.448","deg","78645","µV","30.014","°C","1016.000","hPa","35.3","pmil","0","53.237","deg","23.954","°C","100.000","%a.s.","21.023","deg","23.635","°C","1019.000","hPa","0.861","-0.02617","0.00035","0","0","13.56","Humid","28.00","0","54.00","360821.20","SABD0000000001","AAV1.0.0.11","1.1.2.0","PSt7-10","170328-007","9/30/2017 19:06:43","0000-00","0","no battery","V"
"09/09/2020","10:58:21","2","default","115855972","OXY_CH2","92.777","min","187.884","µmol/L","Humid","20.452","deg","78639","µV","30.036","°C","1016.000","hPa","35.3","pmil","0","53.237","deg","23.954","°C","100.000","%a.s.","21.023","deg","23.635","°C","1019.000","hPa","0.861","-0.02617","0.00035","0","0","13.56","Humid","28.00","0","54.00","360825.70","SABD0000000001","AAV1.0.0.11","1.1.2.0","PSt7-10","170328-007","9/30/2017 19:06:43","0000-00","0","no battery","V"
"09/09/2020","10:58:22","2","default","115855972","OXY_CH2","92.794","min","187.850","µmol/L","Humid","20.451","deg","78638","µV","30.045","°C","1016.000","hPa","35.3","pmil","0","53.237","deg","23.954","°C","100.000","%a.s.","21.023","deg","23.635","°C","1019.000","hPa","0.861","-0.02617","0.00035","0","0","13.56","Humid","28.00","0","54.00","360826.38","SABD0000000001","AAV1.0.0.11","1.1.2.0","PSt7-10","170328-007","9/30/2017 19:06:43","0000-00","0","no battery","V"
"09/09/2020","10:58:23","2","default","115855972","OXY_CH2","92.811","min","187.963","µmol/L","Humid","20.448","deg","78635","µV","30.034","°C","1016.000","hPa","35.3","pmil","0","53.237","deg","23.954","°C","100.000","%a.s.","21.023","deg","23.635","°C","1019.000","hPa","0.861","-0.02617","0.00035","0","0","13.56","Humid","28.00","0","54.00","360821.15","SABD0000000001","AAV1.0.0.11","1.1.2.0","PSt7-10","170328-007","9/30/2017 19:06:43","0000-00","0","no battery","V"
"09/09/2020","10:58:24","2","default","115855972","OXY_CH2","92.828","min","187.983","µmol/L","Humid","20.449","deg","78633","µV","30.028","°C","1016.000","hPa","35.3","pmil","0","53.237","deg","23.954","°C","100.000","%a.s.","21.023","deg","23.635","°C","1019.000","hPa","0.861","-0.02617","0.00035","0","0","13.56","Humid","28.00","0","54.00","360823.56","SABD0000000001","AAV1.0.0.11","1.1.2.0","PSt7-10","170328-007","9/30/2017 19:06:43","0000-00","0","no battery","V"
"09/09/2020","10:58:25","2","default","115855972","OXY_CH2","92.844","min","187.954","µmol/L","Humid","20.449","deg","78626","µV","30.033","°C","1016.000","hPa","35.3","pmil","0","53.237","deg","23.954","°C","100.000","%a.s.","21.023","deg","23.635","°C","1019.000","hPa","0.861","-0.02617","0.00035","0","0","13.56","Humid","28.00","0","54.00","360805.24","SABD0000000001","AAV1.0.0.11","1.1.2.0","PSt7-10","170328-007","9/30/2017 19:06:43","0000-00","0","no battery","V"
"09/09/2020","10:58:26","2","default","115855972","OXY_CH2","92.861","min","187.808","µmol/L","Humid","20.454","deg","78628","µV","30.043","°C","1016.000","hPa","35.3","pmil","0","53.237","deg","23.954","°C","100.000","%a.s.","21.023","deg","23.635","°C","1019.000","hPa","0.861","-0.02617","0.00035","0","0","13.56","Humid","28.00","0","54.00","360809.30","SABD0000000001","AAV1.0.0.11","1.1.2.0","PSt7-10","170328-007","9/30/2017 19:06:43","0000-00","0","no battery","V"
"09/09/2020","10:58:27","2","default","115855972","OXY_CH2","92.877","min","187.971","µmol/L","Humid","20.451","deg","78629","µV","30.024","°C","1016.000","hPa","35.3","pmil","0","53.237","deg","23.954","°C","100.000","%a.s.","21.023","deg","23.635","°C","1019.000","hPa","0.861","-0.02617","0.00035","0","0","13.56","Humid","28.00","0","54.00","360824.20","SABD0000000001","AAV1.0.0.11","1.1.2.0","PSt7-10","170328-007","9/30/2017 19:06:43","0000-00","0","no battery","V"
"09/09/2020","10:58:28","2","default","115855972","OXY_CH2","92.894","min","188.047","µmol/L","Humid","20.450","deg","78623","µV","30.015","°C","1016.000","hPa","35.3","pmil","0","53.237","deg","23.954","°C","100.000","%a.s.","21.023","deg","23.635","°C","1019.000","hPa","0.861","-0.02617","0.00035","0","0","13.56","Humid","28.00","0","54.00","360813.10","SABD0000000001","AAV1.0.0.11","1.1.2.0","PSt7-10","170328-007","9/30/2017 19:06:43","0000-00","0","no battery","V"
"09/09/2020","10:58:29","2","default","115855972","OXY_CH2","92.911","min","188.048","µmol/L","Humid","20.451","deg","78627","µV","30.011","°C","1016.000","hPa","35.3","pmil","0","53.237","deg","23.954","°C","100.000","%a.s.","21.023","deg","23.635","°C","1019.000","hPa","0.861","-0.02617","0.00035","0","0","13.56","Humid","28.00","0","54.00","360809.92","SABD0000000001","AAV1.0.0.11","1.1.2.0","PSt7-10","170328-007","9/30/2017 19:06:43","0000-00","0","no battery","V"
"09/09/2020","10:58:30","2","default","115855972","OXY_CH2","92.927","min","187.991","µmol/L","Humid","20.451","deg","78617","µV","30.021","°C","1016.000","hPa","35.3","pmil","0","53.237","deg","23.954","°C","100.000","%a.s.","21.023","deg","23.635","°C","1019.000","hPa","0.861","-0.02617","0.00035","0","0","13.56","Humid","28.00","0","54.00","360795.06","SABD0000000001","AAV1.0.0.11","1.1.2.0","PSt7-10","170328-007","9/30/2017 19:06:43","0000-00","0","no battery","V"
"09/09/2020","10:58:31","2","default","115855972","OXY_CH2","92.944","min","188.000","µmol/L","Humid","20.448","deg","78618","µV","30.028","°C","1016.000","hPa","35.3","pmil","0","53.237","deg","23.954","°C","100.000","%a.s.","21.023","deg","23.635","°C","1019.000","hPa","0.861","-0.02617","0.00035","0","0","13.56","Humid","28.00","0","54.00","360801.07","SABD0000000001","AAV1.0.0.11","1.1.2.0","PSt7-10","170328-007","9/30/2017 19:06:43","0000-00","0","no battery","V"
"09/09/2020","10:58:32","2","default","115855972","OXY_CH2","92.960","min","187.970","µmol/L","Humid","20.452","deg","78607","µV","30.022","°C","1016.000","hPa","35.3","pmil","0","53.237","deg","23.954","°C","100.000","%a.s.","21.023","deg","23.635","°C","1019.000","hPa","0.861","-0.02617","0.00035","0","0","13.56","Humid","28.00","0","54.00","360787.71","SABD0000000001","AAV1.0.0.11","1.1.2.0","PSt7-10","170328-007","9/30/2017 19:06:43","0000-00","0","no battery","V"
"09/09/2020","10:58:33","2","default","115855972","OXY_CH2","92.978","min","188.004","µmol/L","Humid","20.449","deg","78613","µV","30.025","°C","1016.000","hPa","35.3","pmil","0","53.237","deg","23.954","°C","100.000","%a.s.","21.023","deg","23.635","°C","1019.000","hPa","0.861","-0.02617","0.00035","0","0","13.56","Humid","28.00","0","54.00","360799.36","SABD0000000001","AAV1.0.0.11","1.1.2.0","PSt7-10","170328-007","9/30/2017 19:06:43","0000-00","0","no battery","V"
"09/09/2020","10:58:34","2","default","115855972","OXY_CH2","92.994","min","187.974","µmol/L","Humid","20.453","deg","78608","µV","30.018","°C","1016.000","hPa","35.3","pmil","0","53.237","deg","23.954","°C","100.000","%a.s.","21.023","deg","23.635","°C","1019.000","hPa","0.861","-0.02617","0.00035","0","0","13.56","Humid","28.00","0","54.00","360801.96","SABD0000000001","AAV1.0.0.11","1.1.2.0","PSt7-10","170328-007","9/30/2017 19:06:43","0000-00","0","no battery","V"
"09/09/2020","10:58:35","2","default","115855972","OXY_CH2","93.010","min","188.018","µmol/L","Humid","20.445","deg","78607","µV","30.034","°C","1016.000","hPa","35.3","pmil","0","53.237","deg","23.954","°C","100.000","%a.s.","21.023","deg","23.635","°C","1019.000","hPa","0.861","-0.02617","0.00035","0","0","13.56","Humid","28.00","0","54.00","360804.09","SABD0000000001","AAV1.0.0.11","1.1.2.0","PSt7-10","170328-007","9/30/2017 19:06:43","0000-00","0","no battery","V"
"09/09/2020","10:58:36","2","default","115855972","OXY_CH2","93.028","min","188.054","µmol/L","Humid","20.447","deg","78606","µV","30.022","°C","1016.000","hPa","35.3","pmil","0","53.237","deg","23.954","°C","100.000","%a.s.","21.023","deg","23.635","°C","1019.000","hPa","0.861","-0.02617","0.00035","0","0","13.56","Humid","28.00","0","54.00","360780.45","SABD0000000001","AAV1.0.0.11","1.1.2.0","PSt7-10","170328-007","9/30/2017 19:06:43","0000-00","0","no battery","V"
"09/09/2020","10:58:37","2","default","115855972","OXY_CH2","93.044","min","188.046","µmol/L","Humid","20.448","deg","78607","µV","30.020","°C","1016.000","hPa","35.3","pmil","0","53.237","deg","23.954","°C","100.000","%a.s.","21.023","deg","23.635","°C","1019.000","hPa","0.861","-0.02617","0.00035","0","0","13.56","Humid","28.00","0","54.00","360786.85","SABD0000000001","AAV1.0.0.11","1.1.2.0","PSt7-10","170328-007","9/30/2017 19:06:43","0000-00","0","no battery","V"
"09/09/2020","10:58:38","2","default","115855972","OXY_CH2","93.061","min","188.081","µmol/L","Humid","20.448","deg","78608","µV","30.015","°C","1016.000","hPa","35.3","pmil","0","53.237","deg","23.954","°C","100.000","%a.s.","21.023","deg","23.635","°C","1019.000","hPa","0.861","-0.02617","0.00035","0","0","13.56","Humid","28.00","0","54.00","360778.56","SABD0000000001","AAV1.0.0.11","1.1.2.0","PSt7-10","170328-007","9/30/2017 19:06:43","0000-00","0","no battery","V"
"09/09/2020","10:58:39","2","default","115855972","OXY_CH2","93.077","min","188.147","µmol/L","Humid","20.445","deg","78602","µV","30.012","°C","1016.000","hPa","35.3","pmil","0","53.237","deg","23.954","°C","100.000","%a.s.","21.023","deg","23.635","°C","1019.000","hPa","0.861","-0.02617","0.00035","0","0","13.56","Humid","28.00","0","54.00","360784.89","SABD0000000001","AAV1.0.0.11","1.1.2.0","PSt7-10","170328-007","9/30/2017 19:06:43","0000-00","0","no battery","V"
"09/09/2020","10:58:40","2","default","115855972","OXY_CH2","93.094","min","188.131","µmol/L","Humid","20.448","deg","78589","µV","30.006","°C","1016.000","hPa","35.3","pmil","0","53.237","deg","23.954","°C","100.000","%a.s.","21.023","deg","23.635","°C","1019.000","hPa","0.861","-0.02617","0.00035","0","0","13.56","Humid","28.00","0","54.00","360786.49","SABD0000000001","AAV1.0.0.11","1.1.2.0","PSt7-10","170328-007","9/30/2017 19:06:43","0000-00","0","no battery","V"
"09/09/2020","10:58:41","2","default","115855972","OXY_CH2","93.111","min","188.041","µmol/L","Humid","20.446","deg","78595","µV","30.027","°C","1016.000","hPa","35.3","pmil","0","53.237","deg","23.954","°C","100.000","%a.s.","21.023","deg","23.635","°C","1019.000","hPa","0.861","-0.02617","0.00035","0","0","13.56","Humid","28.00","0","54.00","360777.88","SABD0000000001","AAV1.0.0.11","1.1.2.0","PSt7-10","170328-007","9/30/2017 19:06:43","0000-00","0","no battery","V"
"09/09/2020","10:58:42","2","default","115855972","OXY_CH2","93.127","min","188.009","µmol/L","Humid","20.445","deg","78594","µV","30.036","°C","1016.000","hPa","35.3","pmil","0","53.237","deg","23.954","°C","100.000","%a.s.","21.023","deg","23.635","°C","1019.000","hPa","0.861","-0.02617","0.00035","0","0","13.56","Humid","28.00","0","54.00","360766.24","SABD0000000001","AAV1.0.0.11","1.1.2.0","PSt7-10","170328-007","9/30/2017 19:06:43","0000-00","0","no battery","V"
"09/09/2020","10:58:43","2","default","115855972","OXY_CH2","93.144","min","188.058","µmol/L","Humid","20.448","deg","78589","µV","30.018","°C","1016.000","hPa","35.3","pmil","0","53.237","deg","23.954","°C","100.000","%a.s.","21.023","deg","23.635","°C","1019.000","hPa","0.861","-0.02617","0.00035","0","0","13.56","Humid","28.00","0","54.00","360769.87","SABD0000000001","AAV1.0.0.11","1.1.2.0","PSt7-10","170328-007","9/30/2017 19:06:43","0000-00","0","no battery","V"
"09/09/2020","10:58:44","2","default","115855972","OXY_CH2","93.161","min","187.914","µmol/L","Humid","20.450","deg","78583","µV","30.037","°C","1016.000","hPa","35.3","pmil","0","53.237","deg","23.954","°C","100.000","%a.s.","21.023","deg","23.635","°C","1019.000","hPa","0.861","-0.02617","0.00035","0","0","13.56","Humid","28.00","0","54.00","360765.05","SABD0000000001","AAV1.0.0.11","1.1.2.0","PSt7-10","170328-007","9/30/2017 19:06:43","0000-00","0","no battery","V"
"09/09/2020","10:58:45","2","default","115855972","OXY_CH2","93.177","min","187.948","µmol/L","Humid","20.448","deg","78586","µV","30.037","°C","1016.000","hPa","35.3","pmil","0","53.237","deg","23.954","°C","100.000","%a.s.","21.023","deg","23.635","°C","1019.000","hPa","0.861","-0.02617","0.00035","0","0","13.56","Humid","28.00","0","54.00","360763.15","SABD0000000001","AAV1.0.0.11","1.1.2.0","PSt7-10","170328-007","9/30/2017 19:06:43","0000-00","0","no battery","V"
"09/09/2020","10:58:46","2","default","115855972","OXY_CH2","93.194","min","188.108","µmol/L","Humid","20.441","deg","78584","µV","30.030","°C","1016.000","hPa","35.3","pmil","0","53.237","deg","23.954","°C","100.000","%a.s.","21.023","deg","23.635","°C","1019.000","hPa","0.861","-0.02617","0.00035","0","0","13.56","Humid","28.00","0","54.00","360764.11","SABD0000000001","AAV1.0.0.11","1.1.2.0","PSt7-10","170328-007","9/30/2017 19:06:43","0000-00","0","no battery","V"
"09/09/2020","10:58:47","2","default","115855972","OXY_CH2","93.210","min","187.958","µmol/L","Humid","20.450","deg","78581","µV","30.029","°C","1016.000","hPa","35.3","pmil","0","53.237","deg","23.954","°C","100.000","%a.s.","21.023","deg","23.635","°C","1019.000","hPa","0.861","-0.02617","0.00035","0","0","13.56","Humid","28.00","0","54.00","360745.02","SABD0000000001","AAV1.0.0.11","1.1.2.0","PSt7-10","170328-007","9/30/2017 19:06:43","0000-00","0","no battery","V"
"09/09/2020","10:58:48","2","default","115855972","OXY_CH2","93.227","min","188.039","µmol/L","Humid","20.447","deg","78576","µV","30.025","°C","1016.000","hPa","35.3","pmil","0","53.237","deg","23.954","°C","100.000","%a.s.","21.023","deg","23.635","°C","1019.000","hPa","0.861","-0.02617","0.00035","0","0","13.56","Humid","28.00","0","54.00","360750.35","SABD0000000001","AAV1.0.0.11","1.1.2.0","PSt7-10","170328-007","9/30/2017 19:06:43","0000-00","0","no battery","V"
"09/09/2020","10:58:49","2","default","115855972","OXY_CH2","93.244","min","188.103","µmol/L","Humid","20.445","deg","78575","µV","30.020","°C","1016.000","hPa","35.3","pmil","0","53.237","deg","23.954","°C","100.000","%a.s.","21.023","deg","23.635","°C","1019.000","hPa","0.861","-0.02617","0.00035","0","0","13.56","Humid","28.00","0","54.00","360750.16","SABD0000000001","AAV1.0.0.11","1.1.2.0","PSt7-10","170328-007","9/30/2017 19:06:43","0000-00","0","no battery","V"
"09/09/2020","10:58:50","2","default","115855972","OXY_CH2","93.261","min","188.119","µmol/L","Humid","20.443","deg","78576","µV","30.023","°C","1016.000","hPa","35.3","pmil","0","53.237","deg","23.954","°C","100.000","%a.s.","21.023","deg","23.635","°C","1019.000","hPa","0.861","-0.02617","0.00035","0","0","13.56","Humid","28.00","0","54.00","360759.60","SABD0000000001","AAV1.0.0.11","1.1.2.0","PSt7-10","170328-007","9/30/2017 19:06:43","0000-00","0","no battery","V"
"09/09/2020","10:58:51","2","default","115855972","OXY_CH2","93.277","min","188.112","µmol/L","Humid","20.440","deg","78573","µV","30.033","°C","1016.000","hPa","35.3","pmil","0","53.237","deg","23.954","°C","100.000","%a.s.","21.023","deg","23.635","°C","1019.000","hPa","0.861","-0.02617","0.00035","0","0","13.56","Humid","28.00","0","54.00","360750.43","SABD0000000001","AAV1.0.0.11","1.1.2.0","PSt7-10","170328-007","9/30/2017 19:06:43","0000-00","0","no battery","V"
"09/09/2020","10:58:52","2","default","115855972","OXY_CH2","93.294","min","188.098","µmol/L","Humid","20.446","deg","78574","µV","30.018","°C","1016.000","hPa","35.3","pmil","0","53.237","deg","23.954","°C","100.000","%a.s.","21.023","deg","23.635","°C","1019.000","hPa","0.861","-0.02617","0.00035","0","0","13.56","Humid","28.00","0","54.00","360737.87","SABD0000000001","AAV1.0.0.11","1.1.2.0","PSt7-10","170328-007","9/30/2017 19:06:43","0000-00","0","no battery","V"
"09/09/2020","10:58:53","2","default","115855972","OXY_CH2","93.311","min","188.128","µmol/L","Humid","20.446","deg","78567","µV","30.013","°C","1016.000","hPa","35.3","pmil","0","53.237","deg","23.954","°C","100.000","%a.s.","21.023","deg","23.635","°C","1019.000","hPa","0.861","-0.02617","0.00035","0","0","13.56","Humid","28.00","0","54.00","360748.23","SABD0000000001","AAV1.0.0.11","1.1.2.0","PSt7-10","170328-007","9/30/2017 19:06:43","0000-00","0","no battery","V"
"09/09/2020","10:58:54","2","default","115855972","OXY_CH2","93.327","min","188.111","µmol/L","Humid","20.447","deg","78569","µV","30.012","°C","1016.000","hPa","35.3","pmil","0","53.237","deg","23.954","°C","100.000","%a.s.","21.023","deg","23.635","°C","1019.000","hPa","0.861","-0.02617","0.00035","0","0","13.56","Humid","28.00","0","54.00","360739.57","SABD0000000001","AAV1.0.0.11","1.1.2.0","PSt7-10","170328-007","9/30/2017 19:06:43","0000-00","0","no battery","V"
"09/09/2020","10:58:55","2","default","115855972","OXY_CH2","93.344","min","188.069","µmol/L","Humid","20.445","deg","78571","µV","30.025","°C","1016.000","hPa","35.3","pmil","0","53.237","deg","23.954","°C","100.000","%a.s.","21.023","deg","23.635","°C","1019.000","hPa","0.861","-0.02617","0.00035","0","0","13.56","Humid","28.00","0","54.00","360735.67","SABD0000000001","AAV1.0.0.11","1.1.2.0","PSt7-10","170328-007","9/30/2017 19:06:43","0000-00","0","no battery","V"
"09/09/2020","10:58:56","2","default","115855972","OXY_CH2","93.361","min","188.088","µmol/L","Humid","20.448","deg","78562","µV","30.013","°C","1016.000","hPa","35.3","pmil","0","53.237","deg","23.954","°C","100.000","%a.s.","21.023","deg","23.635","°C","1019.000","hPa","0.861","-0.02617","0.00035","0","0","13.56","Humid","28.00","0","54.00","360741.27","SABD0000000001","AAV1.0.0.11","1.1.2.0","PSt7-10","170328-007","9/30/2017 19:06:43","0000-00","0","no battery","V"
"09/09/2020","10:58:57","2","default","115855972","OXY_CH2","93.377","min","188.086","µmol/L","Humid","20.446","deg","78567","µV","30.020","°C","1016.000","hPa","35.3","pmil","0","53.237","deg","23.954","°C","100.000","%a.s.","21.023","deg","23.635","°C","1019.000","hPa","0.861","-0.02617","0.00035","0","0","13.56","Humid","28.00","0","54.00","360741.71","SABD0000000001","AAV1.0.0.11","1.1.2.0","PSt7-10","170328-007","9/30/2017 19:06:43","0000-00","0","no battery","V"
"09/09/2020","10:58:58","2","default","115855972","OXY_CH2","93.394","min","188.079","µmol/L","Humid","20.448","deg","78565","µV","30.015","°C","1016.000","hPa","35.3","pmil","0","53.237","deg","23.954","°C","100.000","%a.s.","21.023","deg","23.635","°C","1019.000","hPa","0.861","-0.02617","0.00035","0","0","13.56","Humid","28.00","0","54.00","360749.50","SABD0000000001","AAV1.0.0.11","1.1.2.0","PSt7-10","170328-007","9/30/2017 19:06:43","0000-00","0","no battery","V"
"09/09/2020","10:58:59","2","default","115855972","OXY_CH2","93.411","min","188.016","µmol/L","Humid","20.444","deg","78563","µV","30.037","°C","1016.000","hPa","35.3","pmil","0","53.237","deg","23.954","°C","100.000","%a.s.","21.023","deg","23.635","°C","1019.000","hPa","0.861","-0.02617","0.00035","0","0","13.56","Humid","28.00","0","54.00","360745.05","SABD0000000001","AAV1.0.0.11","1.1.2.0","PSt7-10","170328-007","9/30/2017 19:06:43","0000-00","0","no battery","V"
"09/09/2020","10:59:00","2","default","115855972","OXY_CH2","93.428","min","188.081","µmol/L","Humid","20.442","deg","78563","µV","30.032","°C","1016.000","hPa","35.3","pmil","0","53.237","deg","23.954","°C","100.000","%a.s.","21.023","deg","23.635","°C","1019.000","hPa","0.861","-0.02617","0.00035","0","0","13.56","Humid","28.00","0","54.00","360739.51","SABD0000000001","AAV1.0.0.11","1.1.2.0","PSt7-10","170328-007","9/30/2017 19:06:43","0000-00","0","no battery","V"
"09/09/2020","10:59:01","2","default","115855972","OXY_CH2","93.444","min","188.077","µmol/L","Humid","20.447","deg","78558","µV","30.018","°C","1016.000","hPa","35.3","pmil","0","53.237","deg","23.954","°C","100.000","%a.s.","21.023","deg","23.635","°C","1019.000","hPa","0.861","-0.02617","0.00035","0","0","13.56","Humid","28.00","0","54.00","360716.64","SABD0000000001","AAV1.0.0.11","1.1.2.0","PSt7-10","170328-007","9/30/2017 19:06:43","0000-00","0","no battery","V"
"09/09/2020","10:59:02","2","default","115855972","OXY_CH2","93.461","min","188.233","µmol/L","Humid","20.440","deg","78553","µV","30.012","°C","1016.000","hPa","35.3","pmil","0","53.237","deg","23.954","°C","100.000","%a.s.","21.023","deg","23.635","°C","1019.000","hPa","0.861","-0.02617","0.00035","0","0","13.56","Humid","28.00","0","54.00","360732.80","SABD0000000001","AAV1.0.0.11","1.1.2.0","PSt7-10","170328-007","9/30/2017 19:06:43","0000-00","0","no battery","V"
"09/09/2020","10:59:03","2","default","115855972","OXY_CH2","93.477","min","188.041","µmol/L","Humid","20.444","deg","78555","µV","30.033","°C","1016.000","hPa","35.3","pmil","0","53.237","deg","23.954","°C","100.000","%a.s.","21.023","deg","23.635","°C","1019.000","hPa","0.861","-0.02617","0.00035","0","0","13.56","Humid","28.00","0","54.00","360725.88","SABD0000000001","AAV1.0.0.11","1.1.2.0","PSt7-10","170328-007","9/30/2017 19:06:43","0000-00","0","no battery","V"
"09/09/2020","10:59:04","2","default","115855972","OXY_CH2","93.494","min","188.138","µmol/L","Humid","20.442","deg","78544","µV","30.022","°C","1016.000","hPa","35.3","pmil","0","53.237","deg","23.954","°C","100.000","%a.s.","21.023","deg","23.635","°C","1019.000","hPa","0.861","-0.02617","0.00035","0","0","13.56","Humid","28.00","0","54.00","360730.91","SABD0000000001","AAV1.0.0.11","1.1.2.0","PSt7-10","170328-007","9/30/2017 19:06:43","0000-00","0","no battery","V"
"09/09/2020","10:59:05","2","default","115855972","OXY_CH2","93.510","min","188.212","µmol/L","Humid","20.439","deg","78538","µV","30.019","°C","1016.000","hPa","35.3","pmil","0","53.237","deg","23.954","°C","100.000","%a.s.","21.023","deg","23.635","°C","1019.000","hPa","0.861","-0.02617","0.00035","0","0","13.56","Humid","28.00","0","54.00","360721.14","SABD0000000001","AAV1.0.0.11","1.1.2.0","PSt7-10","170328-007","9/30/2017 19:06:43","0000-00","0","no battery","V"
"09/09/2020","10:59:06","2","default","115855972","OXY_CH2","93.527","min","188.178","µmol/L","Humid","20.439","deg","78546","µV","30.025","°C","1016.000","hPa","35.3","pmil","0","53.237","deg","23.954","°C","100.000","%a.s.","21.023","deg","23.635","°C","1019.000","hPa","0.861","-0.02617","0.00035","0","0","13.56","Humid","28.00","0","54.00","360720.60","SABD0000000001","AAV1.0.0.11","1.1.2.0","PSt7-10","170328-007","9/30/2017 19:06:43","0000-00","0","no battery","V"
"09/09/2020","10:59:07","2","default","115855972","OXY_CH2","93.544","min","188.175","µmol/L","Humid","20.439","deg","78547","µV","30.025","°C","1016.000","hPa","35.3","pmil","0","53.237","deg","23.954","°C","100.000","%a.s.","21.023","deg","23.635","°C","1019.000","hPa","0.861","-0.02617","0.00035","0","0","13.56","Humid","28.00","0","54.00","360723.63","SABD0000000001","AAV1.0.0.11","1.1.2.0","PSt7-10","170328-007","9/30/2017 19:06:43","0000-00","0","no battery","V"
"09/09/2020","10:59:08","2","default","115855972","OXY_CH2","93.560","min","188.189","µmol/L","Humid","20.440","deg","78535","µV","30.020","°C","1016.000","hPa","35.3","pmil","0","53.237","deg","23.954","°C","100.000","%a.s.","21.023","deg","23.635","°C","1019.000","hPa","0.861","-0.02617","0.00035","0","0","13.56","Humid","28.00","0","54.00","360715.00","SABD0000000001","AAV1.0.0.11","1.1.2.0","PSt7-10","170328-007","9/30/2017 19:06:43","0000-00","0","no battery","V"
"09/09/2020","10:59:09","2","default","115855972","OXY_CH2","93.577","min","188.156","µmol/L","Humid","20.439","deg","78536","µV","30.028","°C","1016.000","hPa","35.3","pmil","0","53.237","deg","23.954","°C","100.000","%a.s.","21.023","deg","23.635","°C","1019.000","hPa","0.861","-0.02617","0.00035","0","0","13.56","Humid","28.00","0","54.00","360711.30","SABD0000000001","AAV1.0.0.11","1.1.2.0","PSt7-10","170328-007","9/30/2017 19:06:43","0000-00","0","no battery","V"
"09/09/2020","10:59:10","2","default","115855972","OXY_CH2","93.594","min","188.157","µmol/L","Humid","20.441","deg","78535","µV","30.022","°C","1016.000","hPa","35.3","pmil","0","53.237","deg","23.954","°C","100.000","%a.s.","21.023","deg","23.635","°C","1019.000","hPa","0.861","-0.02617","0.00035","0","0","13.56","Humid","28.00","0","54.00","360701.48","SABD0000000001","AAV1.0.0.11","1.1.2.0","PSt7-10","170328-007","9/30/2017 19:06:43","0000-00","0","no battery","V"
"09/09/2020","10:59:11","2","default","115855972","OXY_CH2","93.611","min","188.117","µmol/L","Humid","20.442","deg","78531","µV","30.026","°C","1016.000","hPa","35.3","pmil","0","53.237","deg","23.954","°C","100.000","%a.s.","21.023","deg","23.635","°C","1019.000","hPa","0.861","-0.02617","0.00035","0","0","13.56","Humid","28.00","0","54.00","360702.59","SABD0000000001","AAV1.0.0.11","1.1.2.0","PSt7-10","170328-007","9/30/2017 19:06:43","0000-00","0","no battery","V"
"09/09/2020","10:59:12","2","default","115855972","OXY_CH2","93.628","min","188.220","µmol/L","Humid","20.437","deg","78533","µV","30.023","°C","1016.000","hPa","35.3","pmil","0","53.237","deg","23.954","°C","100.000","%a.s.","21.023","deg","23.635","°C","1019.000","hPa","0.861","-0.02617","0.00035","0","0","13.56","Humid","28.00","0","54.00","360701.39","SABD0000000001","AAV1.0.0.11","1.1.2.0","PSt7-10","170328-007","9/30/2017 19:06:43","0000-00","0","no battery","V"
"09/09/2020","10:59:13","2","default","115855972","OXY_CH2","93.644","min","188.097","µmol/L","Humid","20.443","deg","78526","µV","30.026","°C","1016.000","hPa","35.3","pmil","0","53.237","deg","23.954","°C","100.000","%a.s.","21.023","deg","23.635","°C","1019.000","hPa","0.861","-0.02617","0.00035","0","0","13.56","Humid","28.00","0","54.00","360700.25","SABD0000000001","AAV1.0.0.11","1.1.2.0","PSt7-10","170328-007","9/30/2017 19:06:43","0000-00","0","no battery","V"
"09/09/2020","10:59:14","2","default","115855972","OXY_CH2","93.661","min","188.228","µmol/L","Humid","20.439","deg","78520","µV","30.016","°C","1016.000","hPa","35.3","pmil","0","53.237","deg","23.954","°C","100.000","%a.s.","21.023","deg","23.635","°C","1019.000","hPa","0.861","-0.02617","0.00035","0","0","13.56","Humid","28.00","0","54.00","360695.89","SABD0000000001","AAV1.0.0.11","1.1.2.0","PSt7-10","170328-007","9/30/2017 19:06:43","0000-00","0","no battery","V"
"09/09/2020","10:59:15","2","default","115855972","OXY_CH2","93.678","min","188.166","µmol/L","Humid","20.442","deg","78533","µV","30.018","°C","1016.000","hPa","35.3","pmil","0","53.237","deg","23.954","°C","100.000","%a.s.","21.023","deg","23.635","°C","1019.000","hPa","0.861","-0.02617","0.00035","0","0","13.56","Humid","28.00","0","54.00","360693.70","SABD0000000001","AAV1.0.0.11","1.1.2.0","PSt7-10","170328-007","9/30/2017 19:06:43","0000-00","0","no battery","V"
"09/09/2020","10:59:16","2","default","115855972","OXY_CH2","93.694","min","188.146","µmol/L","Humid","20.440","deg","78527","µV","30.027","°C","1016.000","hPa","35.3","pmil","0","53.237","deg","23.954","°C","100.000","%a.s.","21.023","deg","23.635","°C","1019.000","hPa","0.861","-0.02617","0.00035","0","0","13.56","Humid","28.00","0","54.00","360701.87","SABD0000000001","AAV1.0.0.11","1.1.2.0","PSt7-10","170328-007","9/30/2017 19:06:43","0000-00","0","no battery","V"
"09/09/2020","10:59:17","2","default","115855972","OXY_CH2","93.711","min","188.244","µmol/L","Humid","20.439","deg","78521","µV","30.013","°C","1016.000","hPa","35.3","pmil","0","53.237","deg","23.954","°C","100.000","%a.s.","21.023","deg","23.635","°C","1019.000","hPa","0.861","-0.02617","0.00035","0","0","13.56","Humid","28.00","0","54.00","360696.49","SABD0000000001","AAV1.0.0.11","1.1.2.0","PSt7-10","170328-007","9/30/2017 19:06:43","0000-00","0","no battery","V"
"09/09/2020","10:59:18","2","default","115855972","OXY_CH2","93.727","min","188.068","µmol/L","Humid","20.441","deg","78519","µV","30.037","°C","1016.000","hPa","35.3","pmil","0","53.237","deg","23.954","°C","100.000","%a.s.","21.023","deg","23.635","°C","1019.000","hPa","0.861","-0.02617","0.00035","0","0","13.56","Humid","28.00","0","54.00","360700.74","SABD0000000001","AAV1.0.0.11","1.1.2.0","PSt7-10","170328-007","9/30/2017 19:06:43","0000-00","0","no battery","V"
"09/09/2020","10:59:19","2","default","115855972","OXY_CH2","93.744","min","188.168","µmol/L","Humid","20.438","deg","78527","µV","30.029","°C","1016.000","hPa","35.3","pmil","0","53.237","deg","23.954","°C","100.000","%a.s.","21.023","deg","23.635","°C","1019.000","hPa","0.861","-0.02617","0.00035","0","0","13.56","Humid","28.00","0","54.00","360704.41","SABD0000000001","AAV1.0.0.11","1.1.2.0","PSt7-10","170328-007","9/30/2017 19:06:43","0000-00","0","no battery","V"
"09/09/2020","10:59:20","2","default","115855972","OXY_CH2","93.761","min","188.098","µmol/L","Humid","20.440","deg","78517","µV","30.035","°C","1016.000","hPa","35.3","pmil","0","53.237","deg","23.954","°C","100.000","%a.s.","21.023","deg","23.635","°C","1019.000","hPa","0.861","-0.02617","0.00035","0","0","13.56","Humid","28.00","0","54.00","360693.79","SABD0000000001","AAV1.0.0.11","1.1.2.0","PSt7-10","170328-007","9/30/2017 19:06:43","0000-00","0","no battery","V"
"09/09/2020","10:59:21","2","default","115855972","OXY_CH2","93.777","min","188.106","µmol/L","Humid","20.438","deg","78526","µV","30.039","°C","1016.000","hPa","35.3","pmil","0","53.237","deg","23.954","°C","100.000","%a.s.","21.023","deg","23.635","°C","1019.000","hPa","0.861","-0.02617","0.00035","0","0","13.56","Humid","28.00","0","54.00","360692.14","SABD0000000001","AAV1.0.0.11","1.1.2.0","PSt7-10","170328-007","9/30/2017 19:06:43","0000-00","0","no battery","V"
"09/09/2020","10:59:22","2","default","115855972","OXY_CH2","93.794","min","188.081","µmol/L","Humid","20.438","deg","78510","µV","30.044","°C","1016.000","hPa","35.3","pmil","0","53.237","deg","23.954","°C","100.000","%a.s.","21.023","deg","23.635","°C","1019.000","hPa","0.861","-0.02617","0.00035","0","0","13.56","Humid","28.00","0","54.00","360694.93","SABD0000000001","AAV1.0.0.11","1.1.2.0","PSt7-10","170328-007","9/30/2017 19:06:43","0000-00","0","no battery","V"
"09/09/2020","10:59:23","2","default","115855972","OXY_CH2","93.811","min","188.241","µmol/L","Humid","20.435","deg","78517","µV","30.025","°C","1016.000","hPa","35.3","pmil","0","53.237","deg","23.954","°C","100.000","%a.s.","21.023","deg","23.635","°C","1019.000","hPa","0.861","-0.02617","0.00035","0","0","13.56","Humid","28.00","0","54.00","360701.12","SABD0000000001","AAV1.0.0.11","1.1.2.0","PSt7-10","170328-007","9/30/2017 19:06:43","0000-00","0","no battery","V"
"09/09/2020","10:59:24","2","default","115855972","OXY_CH2","93.827","min","188.153","µmol/L","Humid","20.438","deg","78506","µV","30.032","°C","1016.000","hPa","35.3","pmil","0","53.237","deg","23.954","°C","100.000","%a.s.","21.023","deg","23.635","°C","1019.000","hPa","0.861","-0.02617","0.00035","0","0","13.56","Humid","28.00","0","54.00","360692.07","SABD0000000001","AAV1.0.0.11","1.1.2.0","PSt7-10","170328-007","9/30/2017 19:06:43","0000-00","0","no battery","V"
"09/09/2020","10:59:25","2","default","115855972","OXY_CH2","93.844","min","188.187","µmol/L","Humid","20.438","deg","78511","µV","30.026","°C","1016.000","hPa","35.3","pmil","0","53.237","deg","23.954","°C","100.000","%a.s.","21.023","deg","23.635","°C","1019.000","hPa","0.861","-0.02617","0.00035","0","0","13.56","Humid","28.00","0","54.00","360694.32","SABD0000000001","AAV1.0.0.11","1.1.2.0","PSt7-10","170328-007","9/30/2017 19:06:43","0000-00","0","no battery","V"
"09/09/2020","10:59:26","2","default","115855972","OXY_CH2","93.861","min","188.081","µmol/L","Humid","20.442","deg","78516","µV","30.032","°C","1016.000","hPa","35.3","pmil","0","53.237","deg","23.954","°C","100.000","%a.s.","21.023","deg","23.635","°C","1019.000","hPa","0.861","-0.02617","0.00035","0","0","13.56","Humid","28.00","0","54.00","360690.05","SABD0000000001","AAV1.0.0.11","1.1.2.0","PSt7-10","170328-007","9/30/2017 19:06:43","0000-00","0","no battery","V"
"09/09/2020","10:59:27","2","default","115855972","OXY_CH2","93.877","min","188.246","µmol/L","Humid","20.437","deg","78509","µV","30.019","°C","1016.000","hPa","35.3","pmil","0","53.237","deg","23.954","°C","100.000","%a.s.","21.023","deg","23.635","°C","1019.000","hPa","0.861","-0.02617","0.00035","0","0","13.56","Humid","28.00","0","54.00","360689.03","SABD0000000001","AAV1.0.0.11","1.1.2.0","PSt7-10","170328-007","9/30/2017 19:06:43","0000-00","0","no battery","V"
"09/09/2020","10:59:28","2","default","115855972","OXY_CH2","93.894","min","188.166","µmol/L","Humid","20.437","deg","78501","µV","30.032","°C","1016.000","hPa","35.3","pmil","0","53.237","deg","23.954","°C","100.000","%a.s.","21.023","deg","23.635","°C","1019.000","hPa","0.861","-0.02617","0.00035","0","0","13.56","Humid","28.00","0","54.00","360672.43","SABD0000000001","AAV1.0.0.11","1.1.2.0","PSt7-10","170328-007","9/30/2017 19:06:43","0000-00","0","no battery","V"
"09/09/2020","10:59:29","2","default","115855972","OXY_CH2","93.911","min","188.269","µmol/L","Humid","20.436","deg","78503","µV","30.018","°C","1016.000","hPa","35.3","pmil","0","53.237","deg","23.954","°C","100.000","%a.s.","21.023","deg","23.635","°C","1019.000","hPa","0.861","-0.02617","0.00035","0","0","13.56","Humid","28.00","0","54.00","360684.78","SABD0000000001","AAV1.0.0.11","1.1.2.0","PSt7-10","170328-007","9/30/2017 19:06:43","0000-00","0","no battery","V"
"09/09/2020","10:59:30","2","default","115855972","OXY_CH2","93.927","min","188.335","µmol/L","Humid","20.432","deg","78503","µV","30.018","°C","1016.000","hPa","35.3","pmil","0","53.237","deg","23.954","°C","100.000","%a.s.","21.023","deg","23.635","°C","1019.000","hPa","0.861","-0.02617","0.00035","0","0","13.56","Humid","28.00","0","54.00","360670.84","SABD0000000001","AAV1.0.0.11","1.1.2.0","PSt7-10","170328-007","9/30/2017 19:06:43","0000-00","0","no battery","V"
"09/09/2020","10:59:31","2","default","115855972","OXY_CH2","93.944","min","188.165","µmol/L","Humid","20.438","deg","78500","µV","30.030","°C","1016.000","hPa","35.3","pmil","0","53.237","deg","23.954","°C","100.000","%a.s.","21.023","deg","23.635","°C","1019.000","hPa","0.861","-0.02617","0.00035","0","0","13.56","Humid","28.00","0","54.00","360679.74","SABD0000000001","AAV1.0.0.11","1.1.2.0","PSt7-10","170328-007","9/30/2017 19:06:43","0000-00","0","no battery","V"
"09/09/2020","10:59:32","2","default","115855972","OXY_CH2","93.961","min","188.334","µmol/L","Humid","20.433","deg","78503","µV","30.016","°C","1016.000","hPa","35.3","pmil","0","53.237","deg","23.954","°C","100.000","%a.s.","21.023","deg","23.635","°C","1019.000","hPa","0.861","-0.02617","0.00035","0","0","13.56","Humid","28.00","0","54.00","360683.36","SABD0000000001","AAV1.0.0.11","1.1.2.0","PSt7-10","170328-007","9/30/2017 19:06:43","0000-00","0","no battery","V"
"09/09/2020","10:59:33","2","default","115855972","OXY_CH2","93.977","min","188.197","µmol/L","Humid","20.439","deg","78493","µV","30.021","°C","1016.000","hPa","35.3","pmil","0","53.237","deg","23.954","°C","100.000","%a.s.","21.023","deg","23.635","°C","1019.000","hPa","0.861","-0.02617","0.00035","0","0","13.56","Humid","28.00","0","54.00","360673.35","SABD0000000001","AAV1.0.0.11","1.1.2.0","PSt7-10","170328-007","9/30/2017 19:06:43","0000-00","0","no battery","V"
"09/09/2020","10:59:34","2","default","115855972","OXY_CH2","93.994","min","188.287","µmol/L","Humid","20.434","deg","78497","µV","30.021","°C","1016.000","hPa","35.3","pmil","0","53.237","deg","23.954","°C","100.000","%a.s.","21.023","deg","23.635","°C","1019.000","hPa","0.861","-0.02617","0.00035","0","0","13.56","Humid","28.00","0","54.00","360667.68","SABD0000000001","AAV1.0.0.11","1.1.2.0","PSt7-10","170328-007","9/30/2017 19:06:43","0000-00","0","no battery","V"
"09/09/2020","10:59:35","2","default","115855972","OXY_CH2","94.011","min","188.326","µmol/L","Humid","20.432","deg","78496","µV","30.019","°C","1015.000","hPa","35.3","pmil","0","53.237","deg","23.954","°C","100.000","%a.s.","21.023","deg","23.635","°C","1019.000","hPa","0.861","-0.02617","0.00035","0","0","13.56","Humid","28.00","0","54.00","360683.85","SABD0000000001","AAV1.0.0.11","1.1.2.0","PSt7-10","170328-007","9/30/2017 19:06:43","0000-00","0","no battery","V"
"09/09/2020","10:59:36","2","default","115855972","OXY_CH2","94.027","min","188.249","µmol/L","Humid","20.436","deg","78502","µV","30.021","°C","1016.000","hPa","35.3","pmil","0","53.237","deg","23.954","°C","100.000","%a.s.","21.023","deg","23.635","°C","1019.000","hPa","0.861","-0.02617","0.00035","0","0","13.56","Humid","28.00","0","54.00","360669.70","SABD0000000001","AAV1.0.0.11","1.1.2.0","PSt7-10","170328-007","9/30/2017 19:06:43","0000-00","0","no battery","V"
"09/09/2020","10:59:37","2","default","115855972","OXY_CH2","94.044","min","188.234","µmol/L","Humid","20.436","deg","78499","µV","30.024","°C","1016.000","hPa","35.3","pmil","0","53.237","deg","23.954","°C","100.000","%a.s.","21.023","deg","23.635","°C","1019.000","hPa","0.861","-0.02617","0.00035","0","0","13.56","Humid","28.00","0","54.00","360671.44","SABD0000000001","AAV1.0.0.11","1.1.2.0","PSt7-10","170328-007","9/30/2017 19:06:43","0000-00","0","no battery","V"
"09/09/2020","10:59:38","2","default","115855972","OXY_CH2","94.061","min","188.185","µmol/L","Humid","20.434","deg","78496","µV","30.038","°C","1016.000","hPa","35.3","pmil","0","53.237","deg","23.954","°C","100.000","%a.s.","21.023","deg","23.635","°C","1019.000","hPa","0.861","-0.02617","0.00035","0","0","13.56","Humid","28.00","0","54.00","360674.79","SABD0000000001","AAV1.0.0.11","1.1.2.0","PSt7-10","170328-007","9/30/2017 19:06:43","0000-00","0","no battery","V"
"09/09/2020","10:59:39","2","default","115855972","OXY_CH2","94.077","min","188.120","µmol/L","Humid","20.440","deg","78496","µV","30.031","°C","1016.000","hPa","35.3","pmil","0","53.237","deg","23.954","°C","100.000","%a.s.","21.023","deg","23.635","°C","1019.000","hPa","0.861","-0.02617","0.00035","0","0","13.56","Humid","28.00","0","54.00","360673.56","SABD0000000001","AAV1.0.0.11","1.1.2.0","PSt7-10","170328-007","9/30/2017 19:06:43","0000-00","0","no battery","V"
"09/09/2020","10:59:40","2","default","115855972","OXY_CH2","94.094","min","188.305","µmol/L","Humid","20.432","deg","78494","µV","30.024","°C","1016.000","hPa","35.3","pmil","0","53.237","deg","23.954","°C","100.000","%a.s.","21.023","deg","23.635","°C","1019.000","hPa","0.861","-0.02617","0.00035","0","0","13.56","Humid","28.00","0","54.00","360673.14","SABD0000000001","AAV1.0.0.11","1.1.2.0","PSt7-10","170328-007","9/30/2017 19:06:43","0000-00","0","no battery","V"
"09/09/2020","10:59:41","2","default","115855972","OXY_CH2","94.110","min","188.280","µmol/L","Humid","20.435","deg","78491","µV","30.019","°C","1016.000","hPa","35.3","pmil","0","53.237","deg","23.954","°C","100.000","%a.s.","21.023","deg","23.635","°C","1019.000","hPa","0.861","-0.02617","0.00035","0","0","13.56","Humid","28.00","0","54.00","360671.67","SABD0000000001","AAV1.0.0.11","1.1.2.0","PSt7-10","170328-007","9/30/2017 19:06:43","0000-00","0","no battery","V"
"09/09/2020","10:59:42","2","default","115855972","OXY_CH2","94.127","min","188.266","µmol/L","Humid","20.430","deg","78486","µV","30.036","°C","1016.000","hPa","35.3","pmil","0","53.237","deg","23.954","°C","100.000","%a.s.","21.023","deg","23.635","°C","1019.000","hPa","0.861","-0.02617","0.00035","0","0","13.56","Humid","28.00","0","54.00","360666.16","SABD0000000001","AAV1.0.0.11","1.1.2.0","PSt7-10","170328-007","9/30/2017 19:06:43","0000-00","0","no battery","V"
"09/09/2020","10:59:43","2","default","115855972","OXY_CH2","94.144","min","188.187","µmol/L","Humid","20.432","deg","78486","µV","30.043","°C","1016.000","hPa","35.3","pmil","0","53.237","deg","23.954","°C","100.000","%a.s.","21.023","deg","23.635","°C","1019.000","hPa","0.861","-0.02617","0.00035","0","0","13.56","Humid","28.00","0","54.00","360667.62","SABD0000000001","AAV1.0.0.11","1.1.2.0","PSt7-10","170328-007","9/30/2017 19:06:43","0000-00","0","no battery","V"
"09/09/2020","10:59:44","2","default","115855972","OXY_CH2","94.161","min","188.296","µmol/L","Humid","20.433","deg","78481","µV","30.022","°C","1016.000","hPa","35.3","pmil","0","53.237","deg","23.954","°C","100.000","%a.s.","21.023","deg","23.635","°C","1019.000","hPa","0.861","-0.02617","0.00035","0","0","13.56","Humid","28.00","0","54.00","360662.83","SABD0000000001","AAV1.0.0.11","1.1.2.0","PSt7-10","170328-007","9/30/2017 19:06:43","0000-00","0","no battery","V"
"09/09/2020","10:59:45","2","default","115855972","OXY_CH2","94.177","min","188.355","µmol/L","Humid","20.434","deg","78480","µV","30.009","°C","1016.000","hPa","35.3","pmil","0","53.237","deg","23.954","°C","100.000","%a.s.","21.023","deg","23.635","°C","1019.000","hPa","0.861","-0.02617","0.00035","0","0","13.56","Humid","28.00","0","54.00","360671.90","SABD0000000001","AAV1.0.0.11","1.1.2.0","PSt7-10","170328-007","9/30/2017 19:06:43","0000-00","0","no battery","V"
"09/09/2020","10:59:46","2","default","115855972","OXY_CH2","94.194","min","188.276","µmol/L","Humid","20.429","deg","78485","µV","30.037","°C","1016.000","hPa","35.3","pmil","0","53.237","deg","23.954","°C","100.000","%a.s.","21.023","deg","23.635","°C","1019.000","hPa","0.861","-0.02617","0.00035","0","0","13.56","Humid","28.00","0","54.00","360654.77","SABD0000000001","AAV1.0.0.11","1.1.2.0","PSt7-10","170328-007","9/30/2017 19:06:43","0000-00","0","no battery","V"
"09/09/2020","10:59:47","2","default","115855972","OXY_CH2","94.211","min","188.239","µmol/L","Humid","20.431","deg","78476","µV","30.038","°C","1016.000","hPa","35.3","pmil","0","53.237","deg","23.954","°C","100.000","%a.s.","21.023","deg","23.635","°C","1019.000","hPa","0.861","-0.02617","0.00035","0","0","13.56","Humid","28.00","0","54.00","360642.26","SABD0000000001","AAV1.0.0.11","1.1.2.0","PSt7-10","170328-007","9/30/2017 19:06:43","0000-00","0","no battery","V"
"09/09/2020","10:59:48","2","default","115855972","OXY_CH2","94.227","min","188.331","µmol/L","Humid","20.430","deg","78469","µV","30.025","°C","1016.000","hPa","35.3","pmil","0","53.237","deg","23.954","°C","100.000","%a.s.","21.023","deg","23.635","°C","1019.000","hPa","0.861","-0.02617","0.00035","0","0","13.56","Humid","28.00","0","54.00","360639.06","SABD0000000001","AAV1.0.0.11","1.1.2.0","PSt7-10","170328-007","9/30/2017 19:06:43","0000-00","0","no battery","V"
"09/09/2020","10:59:49","2","default","115855972","OXY_CH2","94.244","min","188.307","µmol/L","Humid","20.433","deg","78474","µV","30.020","°C","1016.000","hPa","35.3","pmil","0","53.237","deg","23.954","°C","100.000","%a.s.","21.023","deg","23.635","°C","1019.000","hPa","0.861","-0.02617","0.00035","0","0","13.56","Humid","28.00","0","54.00","360646.20","SABD0000000001","AAV1.0.0.11","1.1.2.0","PSt7-10","170328-007","9/30/2017 19:06:43","0000-00","0","no battery","V"
"09/09/2020","10:59:50","2","default","115855972","OXY_CH2","94.261","min","188.222","µmol/L","Humid","20.437","deg","78471","µV","30.023","°C","1016.000","hPa","35.3","pmil","0","53.237","deg","23.954","°C","100.000","%a.s.","21.023","deg","23.635","°C","1019.000","hPa","0.861","-0.02617","0.00035","0","0","13.56","Humid","28.00","0","54.00","360648.93","SABD0000000001","AAV1.0.0.11","1.1.2.0","PSt7-10","170328-007","9/30/2017 19:06:43","0000-00","0","no battery","V"
"09/09/2020","10:59:51","2","default","115855972","OXY_CH2","94.278","min","188.353","µmol/L","Humid","20.432","deg","78472","µV","30.015","°C","1016.000","hPa","35.3","pmil","0","53.237","deg","23.954","°C","100.000","%a.s.","21.023","deg","23.635","°C","1019.000","hPa","0.861","-0.02617","0.00035","0","0","13.56","Humid","28.00","0","54.00","360650.98","SABD0000000001","AAV1.0.0.11","1.1.2.0","PSt7-10","170328-007","9/30/2017 19:06:43","0000-00","0","no battery","V"
"09/09/2020","10:59:52","2","default","115855972","OXY_CH2","94.294","min","188.360","µmol/L","Humid","20.429","deg","78465","µV","30.023","°C","1016.000","hPa","35.3","pmil","0","53.237","deg","23.954","°C","100.000","%a.s.","21.023","deg","23.635","°C","1019.000","hPa","0.861","-0.02617","0.00035","0","0","13.56","Humid","28.00","0","54.00","360645.57","SABD0000000001","AAV1.0.0.11","1.1.2.0","PSt7-10","170328-007","9/30/2017 19:06:43","0000-00","0","no battery","V"
"09/09/2020","10:59:53","2","default","115855972","OXY_CH2","94.311","min","188.319","µmol/L","Humid","20.432","deg","78473","µV","30.021","°C","1016.000","hPa","35.3","pmil","0","53.237","deg","23.954","°C","100.000","%a.s.","21.023","deg","23.635","°C","1019.000","hPa","0.861","-0.02617","0.00035","0","0","13.56","Humid","28.00","0","54.00","360623.79","SABD0000000001","AAV1.0.0.11","1.1.2.0","PSt7-10","170328-007","9/30/2017 19:06:43","0000-00","0","no battery","V"
"09/09/2020","10:59:54","2","default","115855972","OXY_CH2","94.327","min","188.404","µmol/L","Humid","20.434","deg","78473","µV","30.001","°C","1016.000","hPa","35.3","pmil","0","53.237","deg","23.954","°C","100.000","%a.s.","21.023","deg","23.635","°C","1019.000","hPa","0.861","-0.02617","0.00035","0","0","13.56","Humid","28.00","0","54.00","360650.79","SABD0000000001","AAV1.0.0.11","1.1.2.0","PSt7-10","170328-007","9/30/2017 19:06:43","0000-00","0","no battery","V"
"09/09/2020","10:59:55","2","default","115855972","OXY_CH2","94.344","min","188.287","µmol/L","Humid","20.435","deg","78473","µV","30.018","°C","1016.000","hPa","35.3","pmil","0","53.237","deg","23.954","°C","100.000","%a.s.","21.023","deg","23.635","°C","1019.000","hPa","0.861","-0.02617","0.00035","0","0","13.56","Humid","28.00","0","54.00","360645.37","SABD0000000001","AAV1.0.0.11","1.1.2.0","PSt7-10","170328-007","9/30/2017 19:06:43","0000-00","0","no battery","V"
"09/09/2020","10:59:56","2","default","115855972","OXY_CH2","94.360","min","188.188","µmol/L","Humid","20.434","deg","78466","µV","30.037","°C","1016.000","hPa","35.3","pmil","0","53.237","deg","23.954","°C","100.000","%a.s.","21.023","deg","23.635","°C","1019.000","hPa","0.861","-0.02617","0.00035","0","0","13.56","Humid","28.00","0","54.00","360649.82","SABD0000000001","AAV1.0.0.11","1.1.2.0","PSt7-10","170328-007","9/30/2017 19:06:43","0000-00","0","no battery","V"
"09/09/2020","10:59:57","2","default","115855972","OXY_CH2","94.378","min","188.157","µmol/L","Humid","20.434","deg","78466","µV","30.043","°C","1016.000","hPa","35.3","pmil","0","53.237","deg","23.954","°C","100.000","%a.s.","21.023","deg","23.635","°C","1019.000","hPa","0.861","-0.02617","0.00035","0","0","13.56","Humid","28.00","0","54.00","360637.12","SABD0000000001","AAV1.0.0.11","1.1.2.0","PSt7-10","170328-007","9/30/2017 19:06:43","0000-00","0","no battery","V"
"09/09/2020","10:59:58","2","default","115855972","OXY_CH2","94.394","min","188.191","µmol/L","Humid","20.431","deg","78464","µV","30.046","°C","1016.000","hPa","35.3","pmil","0","53.237","deg","23.954","°C","100.000","%a.s.","21.023","deg","23.635","°C","1019.000","hPa","0.861","-0.02617","0.00035","0","0","13.56","Humid","28.00","0","54.00","360627.16","SABD0000000001","AAV1.0.0.11","1.1.2.0","PSt7-10","170328-007","9/30/2017 19:06:43","0000-00","0","no battery","V"
"09/09/2020","10:59:59","2","default","115855972","OXY_CH2","94.411","min","188.322","µmol/L","Humid","20.431","deg","78468","µV","30.024","°C","1016.000","hPa","35.3","pmil","0","53.237","deg","23.954","°C","100.000","%a.s.","21.023","deg","23.635","°C","1019.000","hPa","0.861","-0.02617","0.00035","0","0","13.56","Humid","28.00","0","54.00","360633.43","SABD0000000001","AAV1.0.0.11","1.1.2.0","PSt7-10","170328-007","9/30/2017 19:06:43","0000-00","0","no battery","V"
"09/09/2020","11:00:00","2","default","115855972","OXY_CH2","94.427","min","188.334","µmol/L","Humid","20.434","deg","78465","µV","30.013","°C","1016.000","hPa","35.3","pmil","0","53.237","deg","23.954","°C","100.000","%a.s.","21.023","deg","23.635","°C","1019.000","hPa","0.861","-0.02617","0.00035","0","0","13.56","Humid","28.00","0","54.00","360626.79","SABD0000000001","AAV1.0.0.11","1.1.2.0","PSt7-10","170328-007","9/30/2017 19:06:43","0000-00","0","no battery","V"
"09/09/2020","11:00:01","2","default","115855972","OXY_CH2","94.444","min","188.400","µmol/L","Humid","20.430","deg","78459","µV","30.013","°C","1016.000","hPa","35.3","pmil","0","53.237","deg","23.954","°C","100.000","%a.s.","21.023","deg","23.635","°C","1019.000","hPa","0.861","-0.02617","0.00035","0","0","13.56","Humid","28.00","0","54.00","360642.40","SABD0000000001","AAV1.0.0.11","1.1.2.0","PSt7-10","170328-007","9/30/2017 19:06:43","0000-00","0","no battery","V"
"09/09/2020","11:00:02","2","default","115855972","OXY_CH2","94.461","min","188.181","µmol/L","Humid","20.432","deg","78458","µV","30.044","°C","1016.000","hPa","35.3","pmil","0","53.237","deg","23.954","°C","100.000","%a.s.","21.023","deg","23.635","°C","1019.000","hPa","0.861","-0.02617","0.00035","0","0","13.56","Humid","28.00","0","54.00","360638.88","SABD0000000001","AAV1.0.0.11","1.1.2.0","PSt7-10","170328-007","9/30/2017 19:06:43","0000-00","0","no battery","V"
"09/09/2020","11:00:03","2","default","115855972","OXY_CH2","94.477","min","188.289","µmol/L","Humid","20.432","deg","78457","µV","30.026","°C","1016.000","hPa","35.3","pmil","0","53.237","deg","23.954","°C","100.000","%a.s.","21.023","deg","23.635","°C","1019.000","hPa","0.861","-0.02617","0.00035","0","0","13.56","Humid","28.00","0","54.00","360630.08","SABD0000000001","AAV1.0.0.11","1.1.2.0","PSt7-10","170328-007","9/30/2017 19:06:43","0000-00","0","no battery","V"
"09/09/2020","11:00:04","2","default","115855972","OXY_CH2","94.494","min","188.419","µmol/L","Humid","20.427","deg","78455","µV","30.019","°C","1016.000","hPa","35.3","pmil","0","53.237","deg","23.954","°C","100.000","%a.s.","21.023","deg","23.635","°C","1019.000","hPa","0.861","-0.02617","0.00035","0","0","13.56","Humid","28.00","0","54.00","360636.47","SABD0000000001","AAV1.0.0.11","1.1.2.0","PSt7-10","170328-007","9/30/2017 19:06:43","0000-00","0","no battery","V"
"09/09/2020","11:00:05","2","default","115855972","OXY_CH2","94.511","min","188.296","µmol/L","Humid","20.429","deg","78458","µV","30.034","°C","1016.000","hPa","35.3","pmil","0","53.237","deg","23.954","°C","100.000","%a.s.","21.023","deg","23.635","°C","1019.000","hPa","0.861","-0.02617","0.00035","0","0","13.56","Humid","28.00","0","54.00","360633.07","SABD0000000001","AAV1.0.0.11","1.1.2.0","PSt7-10","170328-007","9/30/2017 19:06:43","0000-00","0","no battery","V"
"09/09/2020","11:00:06","2","default","115855972","OXY_CH2","94.527","min","188.415","µmol/L","Humid","20.428","deg","78458","µV","30.017","°C","1016.000","hPa","35.3","pmil","0","53.237","deg","23.954","°C","100.000","%a.s.","21.023","deg","23.635","°C","1019.000","hPa","0.861","-0.02617","0.00035","0","0","13.56","Humid","28.00","0","54.00","360632.91","SABD0000000001","AAV1.0.0.11","1.1.2.0","PSt7-10","170328-007","9/30/2017 19:06:43","0000-00","0","no battery","V"
"09/09/2020","11:00:07","2","default","115855972","OXY_CH2","94.544","min","188.336","µmol/L","Humid","20.430","deg","78455","µV","30.024","°C","1016.000","hPa","35.3","pmil","0","53.237","deg","23.954","°C","100.000","%a.s.","21.023","deg","23.635","°C","1019.000","hPa","0.861","-0.02617","0.00035","0","0","13.56","Humid","28.00","0","54.00","360633.38","SABD0000000001","AAV1.0.0.11","1.1.2.0","PSt7-10","170328-007","9/30/2017 19:06:43","0000-00","0","no battery","V"
"09/09/2020","11:00:08","2","default","115855972","OXY_CH2","94.560","min","188.248","µmol/L","Humid","20.434","deg","78456","µV","30.027","°C","1016.000","hPa","35.3","pmil","0","53.237","deg","23.954","°C","100.000","%a.s.","21.023","deg","23.635","°C","1019.000","hPa","0.861","-0.02617","0.00035","0","0","13.56","Humid","28.00","0","54.00","360623.04","SABD0000000001","AAV1.0.0.11","1.1.2.0","PSt7-10","170328-007","9/30/2017 19:06:43","0000-00","0","no battery","V"
"09/09/2020","11:00:09","2","default","115855972","OXY_CH2","94.577","min","188.416","µmol/L","Humid","20.429","deg","78451","µV","30.014","°C","1016.000","hPa","35.3","pmil","0","53.237","deg","23.954","°C","100.000","%a.s.","21.023","deg","23.635","°C","1019.000","hPa","0.861","-0.02617","0.00035","0","0","13.56","Humid","28.00","0","54.00","360621.47","SABD0000000001","AAV1.0.0.11","1.1.2.0","PSt7-10","170328-007","9/30/2017 19:06:43","0000-00","0","no battery","V"
"09/09/2020","11:00:10","2","default","115855972","OXY_CH2","94.594","min","188.362","µmol/L","Humid","20.431","deg","78452","µV","30.017","°C","1016.000","hPa","35.3","pmil","0","53.237","deg","23.954","°C","100.000","%a.s.","21.023","deg","23.635","°C","1019.000","hPa","0.861","-0.02617","0.00035","0","0","13.56","Humid","28.00","0","54.00","360619.69","SABD0000000001","AAV1.0.0.11","1.1.2.0","PSt7-10","170328-007","9/30/2017 19:06:43","0000-00","0","no battery","V"
"09/09/2020","11:00:11","2","default","115855972","OXY_CH2","94.610","min","188.435","µmol/L","Humid","20.429","deg","78446","µV","30.010","°C","1016.000","hPa","35.3","pmil","0","53.237","deg","23.954","°C","100.000","%a.s.","21.023","deg","23.635","°C","1019.000","hPa","0.861","-0.02617","0.00035","0","0","13.56","Humid","28.00","0","54.00","360614.46","SABD0000000001","AAV1.0.0.11","1.1.2.0","PSt7-10","170328-007","9/30/2017 19:06:43","0000-00","0","no battery","V"
"09/09/2020","11:00:12","2","default","115855972","OXY_CH2","94.627","min","188.292","µmol/L","Humid","20.431","deg","78450","µV","30.029","°C","1016.000","hPa","35.3","pmil","0","53.237","deg","23.954","°C","100.000","%a.s.","21.023","deg","23.635","°C","1019.000","hPa","0.861","-0.02617","0.00035","0","0","13.56","Humid","28.00","0","54.00","360617.85","SABD0000000001","AAV1.0.0.11","1.1.2.0","PSt7-10","170328-007","9/30/2017 19:06:43","0000-00","0","no battery","V"
"09/09/2020","11:00:13","2","default","115855972","OXY_CH2","94.644","min","188.366","µmol/L","Humid","20.430","deg","78442","µV","30.019","°C","1016.000","hPa","35.3","pmil","0","53.237","deg","23.954","°C","100.000","%a.s.","21.023","deg","23.635","°C","1019.000","hPa","0.861","-0.02617","0.00035","0","0","13.56","Humid","28.00","0","54.00","360613.01","SABD0000000001","AAV1.0.0.11","1.1.2.0","PSt7-10","170328-007","9/30/2017 19:06:43","0000-00","0","no battery","V"
"09/09/2020","11:00:14","2","default","115855972","OXY_CH2","94.661","min","188.281","µmol/L","Humid","20.433","deg","78438","µV","30.025","°C","1016.000","hPa","35.3","pmil","0","53.237","deg","23.954","°C","100.000","%a.s.","21.023","deg","23.635","°C","1019.000","hPa","0.861","-0.02617","0.00035","0","0","13.56","Humid","28.00","0","54.00","360608.93","SABD0000000001","AAV1.0.0.11","1.1.2.0","PSt7-10","170328-007","9/30/2017 19:06:43","0000-00","0","no battery","V"
"09/09/2020","11:00:15","2","default","115855972","OXY_CH2","94.677","min","188.458","µmol/L","Humid","20.425","deg","78443","µV","30.018","°C","1016.000","hPa","35.3","pmil","0","53.237","deg","23.954","°C","100.000","%a.s.","21.023","deg","23.635","°C","1019.000","hPa","0.861","-0.02617","0.00035","0","0","13.56","Humid","28.00","0","54.00","360612.59","SABD0000000001","AAV1.0.0.11","1.1.2.0","PSt7-10","170328-007","9/30/2017 19:06:43","0000-00","0","no battery","V"
"09/09/2020","11:00:16","2","default","115855972","OXY_CH2","94.694","min","188.319","µmol/L","Humid","20.428","deg","78433","µV","30.033","°C","1016.000","hPa","35.3","pmil","0","53.237","deg","23.954","°C","100.000","%a.s.","21.023","deg","23.635","°C","1019.000","hPa","0.861","-0.02617","0.00035","0","0","13.56","Humid","28.00","0","54.00","360612.92","SABD0000000001","AAV1.0.0.11","1.1.2.0","PSt7-10","170328-007","9/30/2017 19:06:43","0000-00","0","no battery","V"
"09/09/2020","11:00:17","2","default","115855972","OXY_CH2","94.711","min","188.259","µmol/L","Humid","20.430","deg","78441","µV","30.037","°C","1016.000","hPa","35.3","pmil","0","53.237","deg","23.954","°C","100.000","%a.s.","21.023","deg","23.635","°C","1019.000","hPa","0.861","-0.02617","0.00035","0","0","13.56","Humid","28.00","0","54.00","360608.57","SABD0000000001","AAV1.0.0.11","1.1.2.0","PSt7-10","170328-007","9/30/2017 19:06:43","0000-00","0","no battery","V"
"09/09/2020","11:00:18","2","default","115855972","OXY_CH2","94.727","min","188.384","µmol/L","Humid","20.426","deg","78433","µV","30.028","°C","1016.000","hPa","35.3","pmil","0","53.237","deg","23.954","°C","100.000","%a.s.","21.023","deg","23.635","°C","1019.000","hPa","0.861","-0.02617","0.00035","0","0","13.56","Humid","28.00","0","54.00","360598.65","SABD0000000001","AAV1.0.0.11","1.1.2.0","PSt7-10","170328-007","9/30/2017 19:06:43","0000-00","0","no battery","V"
"09/09/2020","11:00:19","2","default","115855972","OXY_CH2","94.744","min","188.264","µmol/L","Humid","20.428","deg","78439","µV","30.042","°C","1016.000","hPa","35.3","pmil","0","53.237","deg","23.954","°C","100.000","%a.s.","21.023","deg","23.635","°C","1019.000","hPa","0.861","-0.02617","0.00035","0","0","13.56","Humid","28.00","0","54.00","360611.14","SABD0000000001","AAV1.0.0.11","1.1.2.0","PSt7-10","170328-007","9/30/2017 19:06:43","0000-00","0","no battery","V"
"09/09/2020","11:00:20","2","default","115855972","OXY_CH2","94.760","min","188.369","µmol/L","Humid","20.428","deg","78433","µV","30.024","°C","1016.000","hPa","35.3","pmil","0","53.237","deg","23.954","°C","100.000","%a.s.","21.023","deg","23.635","°C","1019.000","hPa","0.861","-0.02617","0.00035","0","0","13.56","Humid","28.00","0","54.00","360606.81","SABD0000000001","AAV1.0.0.11","1.1.2.0","PSt7-10","170328-007","9/30/2017 19:06:43","0000-00","0","no battery","V"
"09/09/2020","11:00:21","2","default","115855972","OXY_CH2","94.777","min","188.350","µmol/L","Humid","20.426","deg","78432","µV","30.033","°C","1016.000","hPa","35.3","pmil","0","53.237","deg","23.954","°C","100.000","%a.s.","21.023","deg","23.635","°C","1019.000","hPa","0.861","-0.02617","0.00035","0","0","13.56","Humid","28.00","0","54.00","360603.43","SABD0000000001","AAV1.0.0.11","1.1.2.0","PSt7-10","170328-007","9/30/2017 19:06:43","0000-00","0","no battery","V"
"09/09/2020","11:00:22","2","default","115855972","OXY_CH2","94.794","min","188.290","µmol/L","Humid","20.431","deg","78438","µV","30.029","°C","1016.000","hPa","35.3","pmil","0","53.237","deg","23.954","°C","100.000","%a.s.","21.023","deg","23.635","°C","1019.000","hPa","0.861","-0.02617","0.00035","0","0","13.56","Humid","28.00","0","54.00","360616.53","SABD0000000001","AAV1.0.0.11","1.1.2.0","PSt7-10","170328-007","9/30/2017 19:06:43","0000-00","0","no battery","V"
"09/09/2020","11:00:23","2","default","115855972","OXY_CH2","94.810","min","188.320","µmol/L","Humid","20.428","deg","78431","µV","30.033","°C","1016.000","hPa","35.3","pmil","0","53.237","deg","23.954","°C","100.000","%a.s.","21.023","deg","23.635","°C","1019.000","hPa","0.861","-0.02617","0.00035","0","0","13.56","Humid","28.00","0","54.00","360603.52","SABD0000000001","AAV1.0.0.11","1.1.2.0","PSt7-10","170328-007","9/30/2017 19:06:43","0000-00","0","no battery","V"
"09/09/2020","11:00:24","2","default","115855972","OXY_CH2","94.828","min","188.471","µmol/L","Humid","20.423","deg","78425","µV","30.022","°C","1016.000","hPa","35.3","pmil","0","53.237","deg","23.954","°C","100.000","%a.s.","21.023","deg","23.635","°C","1019.000","hPa","0.861","-0.02617","0.00035","0","0","13.56","Humid","28.00","0","54.00","360593.21","SABD0000000001","AAV1.0.0.11","1.1.2.0","PSt7-10","170328-007","9/30/2017 19:06:43","0000-00","0","no battery","V"
"09/09/2020","11:00:25","2","default","115855972","OXY_CH2","94.844","min","188.352","µmol/L","Humid","20.424","deg","78426","µV","30.039","°C","1016.000","hPa","35.3","pmil","0","53.237","deg","23.954","°C","100.000","%a.s.","21.023","deg","23.635","°C","1019.000","hPa","0.861","-0.02617","0.00035","0","0","13.56","Humid","28.00","0","54.00","360605.88","SABD0000000001","AAV1.0.0.11","1.1.2.0","PSt7-10","170328-007","9/30/2017 19:06:43","0000-00","0","no battery","V"
"09/09/2020","11:00:26","2","default","115855972","OXY_CH2","94.861","min","188.337","µmol/L","Humid","20.427","deg","78429","µV","30.033","°C","1016.000","hPa","35.3","pmil","0","53.237","deg","23.954","°C","100.000","%a.s.","21.023","deg","23.635","°C","1019.000","hPa","0.861","-0.02617","0.00035","0","0","13.56","Humid","28.00","0","54.00","360601.25","SABD0000000001","AAV1.0.0.11","1.1.2.0","PSt7-10","170328-007","9/30/2017 19:06:43","0000-00","0","no battery","V"
"09/09/2020","11:00:27","2","default","115855972","OXY_CH2","94.877","min","188.400","µmol/L","Humid","20.426","deg","78424","µV","30.025","°C","1016.000","hPa","35.3","pmil","0","53.237","deg","23.954","°C","100.000","%a.s.","21.023","deg","23.635","°C","1019.000","hPa","0.861","-0.02617","0.00035","0","0","13.56","Humid","28.00","0","54.00","360594.56","SABD0000000001","AAV1.0.0.11","1.1.2.0","PSt7-10","170328-007","9/30/2017 19:06:43","0000-00","0","no battery","V"
"09/09/2020","11:00:28","2","default","115855972","OXY_CH2","94.894","min","188.377","µmol/L","Humid","20.428","deg","78426","µV","30.023","°C","1016.000","hPa","35.3","pmil","0","53.237","deg","23.954","°C","100.000","%a.s.","21.023","deg","23.635","°C","1019.000","hPa","0.861","-0.02617","0.00035","0","0","13.56","Humid","28.00","0","54.00","360609.02","SABD0000000001","AAV1.0.0.11","1.1.2.0","PSt7-10","170328-007","9/30/2017 19:06:43","0000-00","0","no battery","V"
"09/09/2020","11:00:29","2","default","115855972","OXY_CH2","94.911","min","188.412","µmol/L","Humid","20.424","deg","78421","µV","30.029","°C","1016.000","hPa","35.3","pmil","0","53.237","deg","23.954","°C","100.000","%a.s.","21.023","deg","23.635","°C","1019.000","hPa","0.861","-0.02617","0.00035","0","0","13.56","Humid","28.00","0","54.00","360588.96","SABD0000000001","AAV1.0.0.11","1.1.2.0","PSt7-10","170328-007","9/30/2017 19:06:43","0000-00","0","no battery","V"
"09/09/2020","11:00:30","2","default","115855972","OXY_CH2","94.927","min","188.390","µmol/L","Humid","20.423","deg","78423","µV","30.035","°C","1016.000","hPa","35.3","pmil","0","53.237","deg","23.954","°C","100.000","%a.s.","21.023","deg","23.635","°C","1019.000","hPa","0.861","-0.02617","0.00035","0","0","13.56","Humid","28.00","0","54.00","360583.41","SABD0000000001","AAV1.0.0.11","1.1.2.0","PSt7-10","170328-007","9/30/2017 19:06:43","0000-00","0","no battery","V"
"09/09/2020","11:00:31","2","default","115855972","OXY_CH2","94.944","min","188.397","µmol/L","Humid","20.424","deg","78420","µV","30.031","°C","1016.000","hPa","35.3","pmil","0","53.237","deg","23.954","°C","100.000","%a.s.","21.023","deg","23.635","°C","1019.000","hPa","0.861","-0.02617","0.00035","0","0","13.56","Humid","28.00","0","54.00","360589.40","SABD0000000001","AAV1.0.0.11","1.1.2.0","PSt7-10","170328-007","9/30/2017 19:06:43","0000-00","0","no battery","V"
"09/09/2020","11:00:32","2","default","115855972","OXY_CH2","94.961","min","188.418","µmol/L","Humid","20.424","deg","78418","µV","30.028","°C","1016.000","hPa","35.3","pmil","0","53.237","deg","23.954","°C","100.000","%a.s.","21.023","deg","23.635","°C","1019.000","hPa","0.861","-0.02617","0.00035","0","0","13.56","Humid","28.00","0","54.00","360594.27","SABD0000000001","AAV1.0.0.11","1.1.2.0","PSt7-10","170328-007","9/30/2017 19:06:43","0000-00","0","no battery","V"
"09/09/2020","11:00:33","2","default","115855972","OXY_CH2","94.977","min","188.521","µmol/L","Humid","20.422","deg","78418","µV","30.016","°C","1016.000","hPa","35.3","pmil","0","53.237","deg","23.954","°C","100.000","%a.s.","21.023","deg","23.635","°C","1019.000","hPa","0.861","-0.02617","0.00035","0","0","13.56","Humid","28.00","0","54.00","360584.70","SABD0000000001","AAV1.0.0.11","1.1.2.0","PSt7-10","170328-007","9/30/2017 19:06:43","0000-00","0","no battery","V"
"09/09/2020","11:00:34","2","default","115855972","OXY_CH2","94.994","min","188.407","µmol/L","Humid","20.423","deg","78410","µV","30.033","°C","1016.000","hPa","35.3","pmil","0","53.237","deg","23.954","°C","100.000","%a.s.","21.023","deg","23.635","°C","1019.000","hPa","0.861","-0.02617","0.00035","0","0","13.56","Humid","28.00","0","54.00","360578.75","SABD0000000001","AAV1.0.0.11","1.1.2.0","PSt7-10","170328-007","9/30/2017 19:06:43","0000-00","0","no battery","V"
"09/09/2020","11:00:35","2","default","115855972","OXY_CH2","95.010","min","188.424","µmol/L","Humid","20.420","deg","78407","µV","30.038","°C","1016.000","hPa","35.3","pmil","0","53.237","deg","23.954","°C","100.000","%a.s.","21.023","deg","23.635","°C","1019.000","hPa","0.861","-0.02617","0.00035","0","0","13.56","Humid","28.00","0","54.00","360574.51","SABD0000000001","AAV1.0.0.11","1.1.2.0","PSt7-10","170328-007","9/30/2017 19:06:43","0000-00","0","no battery","V"
"09/09/2020","11:00:36","2","default","115855972","OXY_CH2","95.027","min","188.362","µmol/L","Humid","20.422","deg","78415","µV","30.043","°C","1016.000","hPa","35.3","pmil","0","53.237","deg","23.954","°C","100.000","%a.s.","21.023","deg","23.635","°C","1019.000","hPa","0.861","-0.02617","0.00035","0","0","13.56","Humid","28.00","0","54.00","360580.73","SABD0000000001","AAV1.0.0.11","1.1.2.0","PSt7-10","170328-007","9/30/2017 19:06:43","0000-00","0","no battery","V"
"09/09/2020","11:00:37","2","default","115855972","OXY_CH2","95.044","min","188.434","µmol/L","Humid","20.420","deg","78409","µV","30.037","°C","1016.000","hPa","35.3","pmil","0","53.237","deg","23.954","°C","100.000","%a.s.","21.023","deg","23.635","°C","1019.000","hPa","0.861","-0.02617","0.00035","0","0","13.56","Humid","28.00","0","54.00","360577.41","SABD0000000001","AAV1.0.0.11","1.1.2.0","PSt7-10","170328-007","9/30/2017 19:06:43","0000-00","0","no battery","V"
"09/09/2020","11:00:38","2","default","115855972","OXY_CH2","95.061","min","188.435","µmol/L","Humid","20.421","deg","78399","µV","30.034","°C","1016.000","hPa","35.3","pmil","0","53.237","deg","23.954","°C","100.000","%a.s.","21.023","deg","23.635","°C","1019.000","hPa","0.861","-0.02617","0.00035","0","0","13.56","Humid","28.00","0","54.00","360574.76","SABD0000000001","AAV1.0.0.11","1.1.2.0","PSt7-10","170328-007","9/30/2017 19:06:43","0000-00","0","no battery","V"
"09/09/2020","11:00:39","2","default","115855972","OXY_CH2","95.078","min","188.437","µmol/L","Humid","20.421","deg","78414","µV","30.033","°C","1016.000","hPa","35.3","pmil","0","53.237","deg","23.954","°C","100.000","%a.s.","21.023","deg","23.635","°C","1019.000","hPa","0.861","-0.02617","0.00035","0","0","13.56","Humid","28.00","0","54.00","360582.05","SABD0000000001","AAV1.0.0.11","1.1.2.0","PSt7-10","170328-007","9/30/2017 19:06:43","0000-00","0","no battery","V"
"09/09/2020","11:00:40","2","default","115855972","OXY_CH2","95.094","min","188.470","µmol/L","Humid","20.421","deg","78402","µV","30.028","°C","1016.000","hPa","35.3","pmil","0","53.237","deg","23.954","°C","100.000","%a.s.","21.023","deg","23.635","°C","1019.000","hPa","0.861","-0.02617","0.00035","0","0","13.56","Humid","28.00","0","54.00","360577.86","SABD0000000001","AAV1.0.0.11","1.1.2.0","PSt7-10","170328-007","9/30/2017 19:06:43","0000-00","0","no battery","V"
"09/09/2020","11:00:41","2","default","115855972","OXY_CH2","95.110","min","188.431","µmol/L","Humid","20.422","deg","78401","µV","30.031","°C","1016.000","hPa","35.3","pmil","0","53.237","deg","23.954","°C","100.000","%a.s.","21.023","deg","23.635","°C","1019.000","hPa","0.861","-0.02617","0.00035","0","0","13.56","Humid","28.00","0","54.00","360572.06","SABD0000000001","AAV1.0.0.11","1.1.2.0","PSt7-10","170328-007","9/30/2017 19:06:43","0000-00","0","no battery","V"
"09/09/2020","11:00:42","2","default","115855972","OXY_CH2","95.128","min","188.502","µmol/L","Humid","20.420","deg","78396","µV","30.025","°C","1016.000","hPa","35.3","pmil","0","53.237","deg","23.954","°C","100.000","%a.s.","21.023","deg","23.635","°C","1019.000","hPa","0.861","-0.02617","0.00035","0","0","13.56","Humid","28.00","0","54.00","360571.58","SABD0000000001","AAV1.0.0.11","1.1.2.0","PSt7-10","170328-007","9/30/2017 19:06:43","0000-00","0","no battery","V"
"09/09/2020","11:00:43","2","default","115855972","OXY_CH2","95.144","min","188.533","µmol/L","Humid","20.417","deg","78394","µV","30.029","°C","1016.000","hPa","35.3","pmil","0","53.237","deg","23.954","°C","100.000","%a.s.","21.023","deg","23.635","°C","1019.000","hPa","0.861","-0.02617","0.00035","0","0","13.56","Humid","28.00","0","54.00","360560.14","SABD0000000001","AAV1.0.0.11","1.1.2.0","PSt7-10","170328-007","9/30/2017 19:06:43","0000-00","0","no battery","V"
"09/09/2020","11:00:44","2","default","115855972","OXY_CH2","95.161","min","188.370","µmol/L","Humid","20.426","deg","78398","µV","30.030","°C","1016.000","hPa","35.3","pmil","0","53.237","deg","23.954","°C","100.000","%a.s.","21.023","deg","23.635","°C","1019.000","hPa","0.861","-0.02617","0.00035","0","0","13.56","Humid","28.00","0","54.00","360576.96","SABD0000000001","AAV1.0.0.11","1.1.2.0","PSt7-10","170328-007","9/30/2017 19:06:43","0000-00","0","no battery","V"
"09/09/2020","11:00:45","2","default","115855972","OXY_CH2","95.177","min","188.340","µmol/L","Humid","20.425","deg","78398","µV","30.038","°C","1016.000","hPa","35.3","pmil","0","53.237","deg","23.954","°C","100.000","%a.s.","21.023","deg","23.635","°C","1019.000","hPa","0.861","-0.02617","0.00035","0","0","13.56","Humid","28.00","0","54.00","360565.39","SABD0000000001","AAV1.0.0.11","1.1.2.0","PSt7-10","170328-007","9/30/2017 19:06:43","0000-00","0","no battery","V"
"09/09/2020","11:00:46","2","default","115855972","OXY_CH2","95.194","min","188.462","µmol/L","Humid","20.420","deg","78392","µV","30.032","°C","1016.000","hPa","35.3","pmil","0","53.237","deg","23.954","°C","100.000","%a.s.","21.023","deg","23.635","°C","1019.000","hPa","0.861","-0.02617","0.00035","0","0","13.56","Humid","28.00","0","54.00","360564.32","SABD0000000001","AAV1.0.0.11","1.1.2.0","PSt7-10","170328-007","9/30/2017 19:06:43","0000-00","0","no battery","V"
"09/09/2020","11:00:47","2","default","115855972","OXY_CH2","95.211","min","188.452","µmol/L","Humid","20.422","deg","78394","µV","30.028","°C","1016.000","hPa","35.3","pmil","0","53.237","deg","23.954","°C","100.000","%a.s.","21.023","deg","23.635","°C","1019.000","hPa","0.861","-0.02617","0.00035","0","0","13.56","Humid","28.00","0","54.00","360560.96","SABD0000000001","AAV1.0.0.11","1.1.2.0","PSt7-10","170328-007","9/30/2017 19:06:43","0000-00","0","no battery","V"
"09/09/2020","11:00:48","2","default","115855972","OXY_CH2","95.227","min","188.448","µmol/L","Humid","20.424","deg","78401","µV","30.023","°C","1016.000","hPa","35.3","pmil","0","53.237","deg","23.954","°C","100.000","%a.s.","21.023","deg","23.635","°C","1019.000","hPa","0.861","-0.02617","0.00035","0","0","13.56","Humid","28.00","0","54.00","360571.51","SABD0000000001","AAV1.0.0.11","1.1.2.0","PSt7-10","170328-007","9/30/2017 19:06:43","0000-00","0","no battery","V"
"09/09/2020","11:00:49","2","default","115855972","OXY_CH2","95.244","min","188.409","µmol/L","Humid","20.426","deg","78395","µV","30.023","°C","1016.000","hPa","35.3","pmil","0","53.237","deg","23.954","°C","100.000","%a.s.","21.023","deg","23.635","°C","1019.000","hPa","0.861","-0.02617","0.00035","0","0","13.56","Humid","28.00","0","54.00","360565.42","SABD0000000001","AAV1.0.0.11","1.1.2.0","PSt7-10","170328-007","9/30/2017 19:06:43","0000-00","0","no battery","V"
"09/09/2020","11:00:50","2","default","115855972","OXY_CH2","95.261","min","188.492","µmol/L","Humid","20.423","deg","78393","µV","30.018","°C","1016.000","hPa","35.3","pmil","0","53.237","deg","23.954","°C","100.000","%a.s.","21.023","deg","23.635","°C","1019.000","hPa","0.861","-0.02617","0.00035","0","0","13.56","Humid","28.00","0","54.00","360571.48","SABD0000000001","AAV1.0.0.11","1.1.2.0","PSt7-10","170328-007","9/30/2017 19:06:43","0000-00","0","no battery","V"
"09/09/2020","11:00:51","2","default","115855972","OXY_CH2","95.277","min","188.575","µmol/L","Humid","20.420","deg","78392","µV","30.013","°C","1016.000","hPa","35.3","pmil","0","53.237","deg","23.954","°C","100.000","%a.s.","21.023","deg","23.635","°C","1019.000","hPa","0.861","-0.02617","0.00035","0","0","13.56","Humid","28.00","0","54.00","360572.12","SABD0000000001","AAV1.0.0.11","1.1.2.0","PSt7-10","170328-007","9/30/2017 19:06:43","0000-00","0","no battery","V"
"09/09/2020","11:00:52","2","default","115855972","OXY_CH2","95.294","min","188.559","µmol/L","Humid","20.419","deg","78392","µV","30.019","°C","1016.000","hPa","35.3","pmil","0","53.237","deg","23.954","°C","100.000","%a.s.","21.023","deg","23.635","°C","1019.000","hPa","0.861","-0.02617","0.00035","0","0","13.56","Humid","28.00","0","54.00","360561.87","SABD0000000001","AAV1.0.0.11","1.1.2.0","PSt7-10","170328-007","9/30/2017 19:06:43","0000-00","0","no battery","V"
"09/09/2020","11:00:53","2","default","115855972","OXY_CH2","95.310","min","188.375","µmol/L","Humid","20.422","deg","78393","µV","30.041","°C","1016.000","hPa","35.3","pmil","0","53.237","deg","23.954","°C","100.000","%a.s.","21.023","deg","23.635","°C","1019.000","hPa","0.861","-0.02617","0.00035","0","0","13.56","Humid","28.00","0","54.00","360555.61","SABD0000000001","AAV1.0.0.11","1.1.2.0","PSt7-10","170328-007","9/30/2017 19:06:43","0000-00","0","no battery","V"
"09/09/2020","11:00:54","2","default","115855972","OXY_CH2","95.327","min","188.407","µmol/L","Humid","20.417","deg","78386","µV","30.050","°C","1016.000","hPa","35.3","pmil","0","53.237","deg","23.954","°C","100.000","%a.s.","21.023","deg","23.635","°C","1019.000","hPa","0.861","-0.02617","0.00035","0","0","13.56","Humid","28.00","0","54.00","360551.99","SABD0000000001","AAV1.0.0.11","1.1.2.0","PSt7-10","170328-007","9/30/2017 19:06:43","0000-00","0","no battery","V"
"09/09/2020","11:00:55","2","default","115855972","OXY_CH2","95.344","min","188.423","µmol/L","Humid","20.423","deg","78386","µV","30.030","°C","1016.000","hPa","35.3","pmil","0","53.237","deg","23.954","°C","100.000","%a.s.","21.023","deg","23.635","°C","1019.000","hPa","0.861","-0.02617","0.00035","0","0","13.56","Humid","28.00","0","54.00","360550.33","SABD0000000001","AAV1.0.0.11","1.1.2.0","PSt7-10","170328-007","9/30/2017 19:06:43","0000-00","0","no battery","V"
"09/09/2020","11:00:56","2","default","115855972","OXY_CH2","95.361","min","188.455","µmol/L","Humid","20.421","deg","78383","µV","30.030","°C","1016.000","hPa","35.3","pmil","0","53.237","deg","23.954","°C","100.000","%a.s.","21.023","deg","23.635","°C","1019.000","hPa","0.861","-0.02617","0.00035","0","0","13.56","Humid","28.00","0","54.00","360564.26","SABD0000000001","AAV1.0.0.11","1.1.2.0","PSt7-10","170328-007","9/30/2017 19:06:43","0000-00","0","no battery","V"
"09/09/2020","11:00:57","2","default","115855972","OXY_CH2","95.378","min","188.404","µmol/L","Humid","20.421","deg","78380","µV","30.039","°C","1016.000","hPa","35.3","pmil","0","53.237","deg","23.954","°C","100.000","%a.s.","21.023","deg","23.635","°C","1019.000","hPa","0.861","-0.02617","0.00035","0","0","13.56","Humid","28.00","0","54.00","360550.87","SABD0000000001","AAV1.0.0.11","1.1.2.0","PSt7-10","170328-007","9/30/2017 19:06:43","0000-00","0","no battery","V"
"09/09/2020","11:00:58","2","default","115855972","OXY_CH2","95.394","min","188.436","µmol/L","Humid","20.422","deg","78376","µV","30.031","°C","1016.000","hPa","35.3","pmil","0","53.237","deg","23.954","°C","100.000","%a.s.","21.023","deg","23.635","°C","1019.000","hPa","0.861","-0.02617","0.00035","0","0","13.56","Humid","28.00","0","54.00","360549.07","SABD0000000001","AAV1.0.0.11","1.1.2.0","PSt7-10","170328-007","9/30/2017 19:06:43","0000-00","0","no battery","V"
"09/09/2020","11:00:59","2","default","115855972","OXY_CH2","95.411","min","188.418","µmol/L","Humid","20.421","deg","78375","µV","30.036","°C","1016.000","hPa","35.3","pmil","0","53.237","deg","23.954","°C","100.000","%a.s.","21.023","deg","23.635","°C","1019.000","hPa","0.861","-0.02617","0.00035","0","0","13.56","Humid","28.00","0","54.00","360546.83","SABD0000000001","AAV1.0.0.11","1.1.2.0","PSt7-10","170328-007","9/30/2017 19:06:43","0000-00","0","no battery","V"
"09/09/2020","11:01:00","2","default","115855972","OXY_CH2","95.427","min","188.523","µmol/L","Humid","20.415","deg","78375","µV","30.036","°C","1016.000","hPa","35.3","pmil","0","53.237","deg","23.954","°C","100.000","%a.s.","21.023","deg","23.635","°C","1019.000","hPa","0.861","-0.02617","0.00035","0","0","13.56","Humid","28.00","0","54.00","360557.08","SABD0000000001","AAV1.0.0.11","1.1.2.0","PSt7-10","170328-007","9/30/2017 19:06:43","0000-00","0","no battery","V"
"09/09/2020","11:01:01","2","default","115855972","OXY_CH2","95.444","min","188.640","µmol/L","Humid","20.412","deg","78374","µV","30.026","°C","1016.000","hPa","35.3","pmil","0","53.237","deg","23.954","°C","100.000","%a.s.","21.023","deg","23.635","°C","1019.000","hPa","0.861","-0.02617","0.00035","0","0","13.56","Humid","28.00","0","54.00","360562.69","SABD0000000001","AAV1.0.0.11","1.1.2.0","PSt7-10","170328-007","9/30/2017 19:06:43","0000-00","0","no battery","V"
"09/09/2020","11:01:02","2","default","115855972","OXY_CH2","95.461","min","188.579","µmol/L","Humid","20.416","deg","78380","µV","30.024","°C","1016.000","hPa","35.3","pmil","0","53.237","deg","23.954","°C","100.000","%a.s.","21.023","deg","23.635","°C","1019.000","hPa","0.861","-0.02617","0.00035","0","0","13.56","Humid","28.00","0","54.00","360563.73","SABD0000000001","AAV1.0.0.11","1.1.2.0","PSt7-10","170328-007","9/30/2017 19:06:43","0000-00","0","no battery","V"
"09/09/2020","11:01:03","2","default","115855972","OXY_CH2","95.477","min","188.489","µmol/L","Humid","20.418","deg","78372","µV","30.033","°C","1016.000","hPa","35.3","pmil","0","53.237","deg","23.954","°C","100.000","%a.s.","21.023","deg","23.635","°C","1019.000","hPa","0.861","-0.02617","0.00035","0","0","13.56","Humid","28.00","0","54.00","360555.13","SABD0000000001","AAV1.0.0.11","1.1.2.0","PSt7-10","170328-007","9/30/2017 19:06:43","0000-00","0","no battery","V"
"09/09/2020","11:01:04","2","default","115855972","OXY_CH2","95.494","min","188.561","µmol/L","Humid","20.415","deg","78373","µV","30.030","°C","1016.000","hPa","35.3","pmil","0","53.237","deg","23.954","°C","100.000","%a.s.","21.023","deg","23.635","°C","1019.000","hPa","0.861","-0.02617","0.00035","0","0","13.56","Humid","28.00","0","54.00","360563.58","SABD0000000001","AAV1.0.0.11","1.1.2.0","PSt7-10","170328-007","9/30/2017 19:06:43","0000-00","0","no battery","V"
"09/09/2020","11:01:05","2","default","115855972","OXY_CH2","95.510","min","188.680","µmol/L","Humid","20.411","deg","78374","µV","30.022","°C","1016.000","hPa","35.3","pmil","0","53.237","deg","23.954","°C","100.000","%a.s.","21.023","deg","23.635","°C","1019.000","hPa","0.861","-0.02617","0.00035","0","0","13.56","Humid","28.00","0","54.00","360546.21","SABD0000000001","AAV1.0.0.11","1.1.2.0","PSt7-10","170328-007","9/30/2017 19:06:43","0000-00","0","no battery","V"
"09/09/2020","11:01:06","2","default","115855972","OXY_CH2","95.527","min","188.657","µmol/L","Humid","20.410","deg","78370","µV","30.028","°C","1016.000","hPa","35.3","pmil","0","53.237","deg","23.954","°C","100.000","%a.s.","21.023","deg","23.635","°C","1019.000","hPa","0.861","-0.02617","0.00035","0","0","13.56","Humid","28.00","0","54.00","360552.16","SABD0000000001","AAV1.0.0.11","1.1.2.0","PSt7-10","170328-007","9/30/2017 19:06:43","0000-00","0","no battery","V"
"09/09/2020","11:01:07","2","default","115855972","OXY_CH2","95.544","min","188.581","µmol/L","Humid","20.412","deg","78371","µV","30.035","°C","1016.000","hPa","35.3","pmil","0","53.237","deg","23.954","°C","100.000","%a.s.","21.023","deg","23.635","°C","1019.000","hPa","0.861","-0.02617","0.00035","0","0","13.56","Humid","28.00","0","54.00","360549.67","SABD0000000001","AAV1.0.0.11","1.1.2.0","PSt7-10","170328-007","9/30/2017 19:06:43","0000-00","0","no battery","V"
"09/09/2020","11:01:08","2","default","115855972","OXY_CH2","95.561","min","188.644","µmol/L","Humid","20.415","deg","78369","µV","30.016","°C","1016.000","hPa","35.3","pmil","0","53.237","deg","23.954","°C","100.000","%a.s.","21.023","deg","23.635","°C","1019.000","hPa","0.861","-0.02617","0.00035","0","0","13.56","Humid","28.00","0","54.00","360536.14","SABD0000000001","AAV1.0.0.11","1.1.2.0","PSt7-10","170328-007","9/30/2017 19:06:43","0000-00","0","no battery","V"
"09/09/2020","11:01:09","2","default","115855972","OXY_CH2","95.577","min","188.535","µmol/L","Humid","20.416","deg","78361","µV","30.031","°C","1016.000","hPa","35.3","pmil","0","53.237","deg","23.954","°C","100.000","%a.s.","21.023","deg","23.635","°C","1019.000","hPa","0.861","-0.02617","0.00035","0","0","13.56","Humid","28.00","0","54.00","360531.57","SABD0000000001","AAV1.0.0.11","1.1.2.0","PSt7-10","170328-007","9/30/2017 19:06:43","0000-00","0","no battery","V"
"09/09/2020","11:01:10","2","default","115855972","OXY_CH2","95.594","min","188.619","µmol/L","Humid","20.417","deg","78371","µV","30.014","°C","1016.000","hPa","35.3","pmil","0","53.237","deg","23.954","°C","100.000","%a.s.","21.023","deg","23.635","°C","1019.000","hPa","0.861","-0.02617","0.00035","0","0","13.56","Humid","28.00","0","54.00","360554.25","SABD0000000001","AAV1.0.0.11","1.1.2.0","PSt7-10","170328-007","9/30/2017 19:06:43","0000-00","0","no battery","V"
"09/09/2020","11:01:11","2","default","115855972","OXY_CH2","95.610","min","188.689","µmol/L","Humid","20.413","deg","78366","µV","30.014","°C","1016.000","hPa","35.3","pmil","0","53.237","deg","23.954","°C","100.000","%a.s.","21.023","deg","23.635","°C","1019.000","hPa","0.861","-0.02617","0.00035","0","0","13.56","Humid","28.00","0","54.00","360545.10","SABD0000000001","AAV1.0.0.11","1.1.2.0","PSt7-10","170328-007","9/30/2017 19:06:43","0000-00","0","no battery","V"
"09/09/2020","11:01:12","2","default","115855972","OXY_CH2","95.627","min","188.590","µmol/L","Humid","20.416","deg","78363","µV","30.022","°C","1016.000","hPa","35.3","pmil","0","53.237","deg","23.954","°C","100.000","%a.s.","21.023","deg","23.635","°C","1019.000","hPa","0.861","-0.02617","0.00035","0","0","13.56","Humid","28.00","0","54.00","360541.91","SABD0000000001","AAV1.0.0.11","1.1.2.0","PSt7-10","170328-007","9/30/2017 19:06:43","0000-00","0","no battery","V"
"09/09/2020","11:01:13","2","default","115855972","OXY_CH2","95.644","min","188.482","µmol/L","Humid","20.418","deg","78363","µV","30.035","°C","1016.000","hPa","35.3","pmil","0","53.237","deg","23.954","°C","100.000","%a.s.","21.023","deg","23.635","°C","1019.000","hPa","0.861","-0.02617","0.00035","0","0","13.56","Humid","28.00","0","54.00","360553.44","SABD0000000001","AAV1.0.0.11","1.1.2.0","PSt7-10","170328-007","9/30/2017 19:06:43","0000-00","0","no battery","V"
"09/09/2020","11:01:14","2","default","115855972","OXY_CH2","95.661","min","188.393","µmol/L","Humid","20.421","deg","78357","µV","30.041","°C","1016.000","hPa","35.3","pmil","0","53.237","deg","23.954","°C","100.000","%a.s.","21.023","deg","23.635","°C","1019.000","hPa","0.861","-0.02617","0.00035","0","0","13.56","Humid","28.00","0","54.00","360547.94","SABD0000000001","AAV1.0.0.11","1.1.2.0","PSt7-10","170328-007","9/30/2017 19:06:43","0000-00","0","no battery","V"
"09/09/2020","11:01:15","2","default","115855972","OXY_CH2","95.677","min","188.533","µmol/L","Humid","20.412","deg","78357","µV","30.043","°C","1016.000","hPa","35.3","pmil","0","53.237","deg","23.954","°C","100.000","%a.s.","21.023","deg","23.635","°C","1019.000","hPa","0.861","-0.02617","0.00035","0","0","13.56","Humid","28.00","0","54.00","360540.32","SABD0000000001","AAV1.0.0.11","1.1.2.0","PSt7-10","170328-007","9/30/2017 19:06:43","0000-00","0","no battery","V"
"09/09/2020","11:01:16","2","default","115855972","OXY_CH2","95.694","min","188.561","µmol/L","Humid","20.415","deg","78352","µV","30.030","°C","1016.000","hPa","35.3","pmil","0","53.237","deg","23.954","°C","100.000","%a.s.","21.023","deg","23.635","°C","1019.000","hPa","0.861","-0.02617","0.00035","0","0","13.56","Humid","28.00","0","54.00","360548.08","SABD0000000001","AAV1.0.0.11","1.1.2.0","PSt7-10","170328-007","9/30/2017 19:06:43","0000-00","0","no battery","V"
"09/09/2020","11:01:17","2","default","115855972","OXY_CH2","95.710","min","188.582","µmol/L","Humid","20.413","deg","78357","µV","30.032","°C","1016.000","hPa","35.3","pmil","0","53.237","deg","23.954","°C","100.000","%a.s.","21.023","deg","23.635","°C","1019.000","hPa","0.861","-0.02617","0.00035","0","0","13.56","Humid","28.00","0","54.00","360540.91","SABD0000000001","AAV1.0.0.11","1.1.2.0","PSt7-10","170328-007","9/30/2017 19:06:43","0000-00","0","no battery","V"
"09/09/2020","11:01:18","2","default","115855972","OXY_CH2","95.727","min","188.584","µmol/L","Humid","20.414","deg","78353","µV","30.029","°C","1016.000","hPa","35.3","pmil","0","53.237","deg","23.954","°C","100.000","%a.s.","21.023","deg","23.635","°C","1019.000","hPa","0.861","-0.02617","0.00035","0","0","13.56","Humid","28.00","0","54.00","360541.48","SABD0000000001","AAV1.0.0.11","1.1.2.0","PSt7-10","170328-007","9/30/2017 19:06:43","0000-00","0","no battery","V"
"09/09/2020","11:01:19","2","default","115855972","OXY_CH2","95.744","min","188.455","µmol/L","Humid","20.417","deg","78354","µV","30.042","°C","1016.000","hPa","35.3","pmil","0","53.237","deg","23.954","°C","100.000","%a.s.","21.023","deg","23.635","°C","1019.000","hPa","0.861","-0.02617","0.00035","0","0","13.56","Humid","28.00","0","54.00","360549.74","SABD0000000001","AAV1.0.0.11","1.1.2.0","PSt7-10","170328-007","9/30/2017 19:06:43","0000-00","0","no battery","V"
"09/09/2020","11:01:20","2","default","115855972","OXY_CH2","95.761","min","188.558","µmol/L","Humid","20.414","deg","78354","µV","30.033","°C","1016.000","hPa","35.3","pmil","0","53.237","deg","23.954","°C","100.000","%a.s.","21.023","deg","23.635","°C","1019.000","hPa","0.861","-0.02617","0.00035","0","0","13.56","Humid","28.00","0","54.00","360534.40","SABD0000000001","AAV1.0.0.11","1.1.2.0","PSt7-10","170328-007","9/30/2017 19:06:43","0000-00","0","no battery","V"
"09/09/2020","11:01:21","2","default","115855972","OXY_CH2","95.777","min","188.646","µmol/L","Humid","20.409","deg","78352","µV","30.033","°C","1016.000","hPa","35.3","pmil","0","53.237","deg","23.954","°C","100.000","%a.s.","21.023","deg","23.635","°C","1019.000","hPa","0.861","-0.02617","0.00035","0","0","13.56","Humid","28.00","0","54.00","360540.24","SABD0000000001","AAV1.0.0.11","1.1.2.0","PSt7-10","170328-007","9/30/2017 19:06:43","0000-00","0","no battery","V"
"09/09/2020","11:01:22","2","default","115855972","OXY_CH2","95.794","min","188.536","µmol/L","Humid","20.415","deg","78352","µV","30.034","°C","1016.000","hPa","35.3","pmil","0","53.237","deg","23.954","°C","100.000","%a.s.","21.023","deg","23.635","°C","1019.000","hPa","0.861","-0.02617","0.00035","0","0","13.56","Humid","28.00","0","54.00","360547.08","SABD0000000001","AAV1.0.0.11","1.1.2.0","PSt7-10","170328-007","9/30/2017 19:06:43","0000-00","0","no battery","V"
"09/09/2020","11:01:23","2","default","115855972","OXY_CH2","95.810","min","188.616","µmol/L","Humid","20.409","deg","78337","µV","30.038","°C","1016.000","hPa","35.3","pmil","0","53.237","deg","23.954","°C","100.000","%a.s.","21.023","deg","23.635","°C","1019.000","hPa","0.861","-0.02617","0.00035","0","0","13.56","Humid","28.00","0","54.00","360517.65","SABD0000000001","AAV1.0.0.11","1.1.2.0","PSt7-10","170328-007","9/30/2017 19:06:43","0000-00","0","no battery","V"
"09/09/2020","11:01:24","2","default","115855972","OXY_CH2","95.827","min","188.648","µmol/L","Humid","20.410","deg","78344","µV","30.030","°C","1016.000","hPa","35.3","pmil","0","53.237","deg","23.954","°C","100.000","%a.s.","21.023","deg","23.635","°C","1019.000","hPa","0.861","-0.02617","0.00035","0","0","13.56","Humid","28.00","0","54.00","360529.81","SABD0000000001","AAV1.0.0.11","1.1.2.0","PSt7-10","170328-007","9/30/2017 19:06:43","0000-00","0","no battery","V"
"09/09/2020","11:01:25","2","default","115855972","OXY_CH2","95.844","min","188.680","µmol/L","Humid","20.410","deg","78348","µV","30.025","°C","1016.000","hPa","35.3","pmil","0","53.237","deg","23.954","°C","100.000","%a.s.","21.023","deg","23.635","°C","1019.000","hPa","0.861","-0.02617","0.00035","0","0","13.56","Humid","28.00","0","54.00","360522.34","SABD0000000001","AAV1.0.0.11","1.1.2.0","PSt7-10","170328-007","9/30/2017 19:06:43","0000-00","0","no battery","V"
"09/09/2020","11:01:26","2","default","115855972","OXY_CH2","95.861","min","188.674","µmol/L","Humid","20.411","deg","78344","µV","30.023","°C","1016.000","hPa","35.3","pmil","0","53.237","deg","23.954","°C","100.000","%a.s.","21.023","deg","23.635","°C","1019.000","hPa","0.861","-0.02617","0.00035","0","0","13.56","Humid","28.00","0","54.00","360523.68","SABD0000000001","AAV1.0.0.11","1.1.2.0","PSt7-10","170328-007","9/30/2017 19:06:43","0000-00","0","no battery","V"
"09/09/2020","11:01:27","2","default","115855972","OXY_CH2","95.877","min","188.631","µmol/L","Humid","20.411","deg","78345","µV","30.030","°C","1016.000","hPa","35.3","pmil","0","53.237","deg","23.954","°C","100.000","%a.s.","21.023","deg","23.635","°C","1019.000","hPa","0.861","-0.02617","0.00035","0","0","13.56","Humid","28.00","0","54.00","360525.17","SABD0000000001","AAV1.0.0.11","1.1.2.0","PSt7-10","170328-007","9/30/2017 19:06:43","0000-00","0","no battery","V"
"09/09/2020","11:01:28","2","default","115855972","OXY_CH2","95.894","min","188.565","µmol/L","Humid","20.413","deg","78339","µV","30.035","°C","1016.000","hPa","35.3","pmil","0","53.237","deg","23.954","°C","100.000","%a.s.","21.023","deg","23.635","°C","1019.000","hPa","0.861","-0.02617","0.00035","0","0","13.56","Humid","28.00","0","54.00","360516.34","SABD0000000001","AAV1.0.0.11","1.1.2.0","PSt7-10","170328-007","9/30/2017 19:06:43","0000-00","0","no battery","V"
"09/09/2020","11:01:29","2","default","115855972","OXY_CH2","95.911","min","188.721","µmol/L","Humid","20.410","deg","78336","µV","30.018","°C","1016.000","hPa","35.3","pmil","0","53.237","deg","23.954","°C","100.000","%a.s.","21.023","deg","23.635","°C","1019.000","hPa","0.861","-0.02617","0.00035","0","0","13.56","Humid","28.00","0","54.00","360525.85","SABD0000000001","AAV1.0.0.11","1.1.2.0","PSt7-10","170328-007","9/30/2017 19:06:43","0000-00","0","no battery","V"
"09/09/2020","11:01:30","2","default","115855972","OXY_CH2","95.928","min","188.668","µmol/L","Humid","20.413","deg","78345","µV","30.018","°C","1016.000","hPa","35.3","pmil","0","53.237","deg","23.954","°C","100.000","%a.s.","21.023","deg","23.635","°C","1019.000","hPa","0.861","-0.02617","0.00035","0","0","13.56","Humid","28.00","0","54.00","360527.13","SABD0000000001","AAV1.0.0.11","1.1.2.0","PSt7-10","170328-007","9/30/2017 19:06:43","0000-00","0","no battery","V"
"09/09/2020","11:01:31","2","default","115855972","OXY_CH2","95.944","min","188.557","µmol/L","Humid","20.412","deg","78339","µV","30.039","°C","1016.000","hPa","35.3","pmil","0","53.237","deg","23.954","°C","100.000","%a.s.","21.023","deg","23.635","°C","1019.000","hPa","0.861","-0.02617","0.00035","0","0","13.56","Humid","28.00","0","54.00","360518.31","SABD0000000001","AAV1.0.0.11","1.1.2.0","PSt7-10","170328-007","9/30/2017 19:06:43","0000-00","0","no battery","V"
"09/09/2020","11:01:32","2","default","115855972","OXY_CH2","95.960","min","188.624","µmol/L","Humid","20.407","deg","78333","µV","30.043","°C","1016.000","hPa","35.3","pmil","0","53.237","deg","23.954","°C","100.000","%a.s.","21.023","deg","23.635","°C","1019.000","hPa","0.861","-0.02617","0.00035","0","0","13.56","Humid","28.00","0","54.00","360518.80","SABD0000000001","AAV1.0.0.11","1.1.2.0","PSt7-10","170328-007","9/30/2017 19:06:43","0000-00","0","no battery","V"
"09/09/2020","11:01:33","2","default","115855972","OXY_CH2","95.977","min","188.705","µmol/L","Humid","20.406","deg","78326","µV","30.032","°C","1016.000","hPa","35.3","pmil","0","53.237","deg","23.954","°C","100.000","%a.s.","21.023","deg","23.635","°C","1019.000","hPa","0.861","-0.02617","0.00035","0","0","13.56","Humid","28.00","0","54.00","360507.70","SABD0000000001","AAV1.0.0.11","1.1.2.0","PSt7-10","170328-007","9/30/2017 19:06:43","0000-00","0","no battery","V"
"09/09/2020","11:01:34","2","default","115855972","OXY_CH2","95.994","min","188.606","µmol/L","Humid","20.410","deg","78328","µV","30.037","°C","1016.000","hPa","35.3","pmil","0","53.237","deg","23.954","°C","100.000","%a.s.","21.023","deg","23.635","°C","1019.000","hPa","0.861","-0.02617","0.00035","0","0","13.56","Humid","28.00","0","54.00","360511.44","SABD0000000001","AAV1.0.0.11","1.1.2.0","PSt7-10","170328-007","9/30/2017 19:06:43","0000-00","0","no battery","V"
"09/09/2020","11:01:35","2","default","115855972","OXY_CH2","96.011","min","188.709","µmol/L","Humid","20.406","deg","78333","µV","30.031","°C","1016.000","hPa","35.3","pmil","0","53.237","deg","23.954","°C","100.000","%a.s.","21.023","deg","23.635","°C","1019.000","hPa","0.861","-0.02617","0.00035","0","0","13.56","Humid","28.00","0","54.00","360507.06","SABD0000000001","AAV1.0.0.11","1.1.2.0","PSt7-10","170328-007","9/30/2017 19:06:43","0000-00","0","no battery","V"
"09/09/2020","11:01:36","2","default","115855972","OXY_CH2","96.027","min","188.680","µmol/L","Humid","20.410","deg","78327","µV","30.025","°C","1016.000","hPa","35.3","pmil","0","53.237","deg","23.954","°C","100.000","%a.s.","21.023","deg","23.635","°C","1019.000","hPa","0.861","-0.02617","0.00035","0","0","13.56","Humid","28.00","0","54.00","360504.88","SABD0000000001","AAV1.0.0.11","1.1.2.0","PSt7-10","170328-007","9/30/2017 19:06:43","0000-00","0","no battery","V"
"09/09/2020","11:01:37","2","default","115855972","OXY_CH2","96.044","min","188.660","µmol/L","Humid","20.410","deg","78330","µV","30.028","°C","1016.000","hPa","35.3","pmil","0","53.237","deg","23.954","°C","100.000","%a.s.","21.023","deg","23.635","°C","1019.000","hPa","0.861","-0.02617","0.00035","0","0","13.56","Humid","28.00","0","54.00","360511.64","SABD0000000001","AAV1.0.0.11","1.1.2.0","PSt7-10","170328-007","9/30/2017 19:06:43","0000-00","0","no battery","V"
"09/09/2020","11:01:38","2","default","115855972","OXY_CH2","96.060","min","188.696","µmol/L","Humid","20.408","deg","78327","µV","30.028","°C","1016.000","hPa","35.3","pmil","0","53.237","deg","23.954","°C","100.000","%a.s.","21.023","deg","23.635","°C","1019.000","hPa","0.861","-0.02617","0.00035","0","0","13.56","Humid","28.00","0","54.00","360506.26","SABD0000000001","AAV1.0.0.11","1.1.2.0","PSt7-10","170328-007","9/30/2017 19:06:43","0000-00","0","no battery","V"
"09/09/2020","11:01:39","2","default","115855972","OXY_CH2","96.077","min","188.671","µmol/L","Humid","20.410","deg","78329","µV","30.026","°C","1016.000","hPa","35.3","pmil","0","53.237","deg","23.954","°C","100.000","%a.s.","21.023","deg","23.635","°C","1019.000","hPa","0.861","-0.02617","0.00035","0","0","13.56","Humid","28.00","0","54.00","360500.69","SABD0000000001","AAV1.0.0.11","1.1.2.0","PSt7-10","170328-007","9/30/2017 19:06:43","0000-00","0","no battery","V"
"09/09/2020","11:01:40","2","default","115855972","OXY_CH2","96.094","min","188.789","µmol/L","Humid","20.404","deg","78319","µV","30.024","°C","1016.000","hPa","35.3","pmil","0","53.237","deg","23.954","°C","100.000","%a.s.","21.023","deg","23.635","°C","1019.000","hPa","0.861","-0.02617","0.00035","0","0","13.56","Humid","28.00","0","54.00","360500.31","SABD0000000001","AAV1.0.0.11","1.1.2.0","PSt7-10","170328-007","9/30/2017 19:06:43","0000-00","0","no battery","V"
"09/09/2020","11:01:41","2","default","115855972","OXY_CH2","96.110","min","188.689","µmol/L","Humid","20.408","deg","78323","µV","30.029","°C","1016.000","hPa","35.3","pmil","0","53.237","deg","23.954","°C","100.000","%a.s.","21.023","deg","23.635","°C","1019.000","hPa","0.861","-0.02617","0.00035","0","0","13.56","Humid","28.00","0","54.00","360500.79","SABD0000000001","AAV1.0.0.11","1.1.2.0","PSt7-10","170328-007","9/30/2017 19:06:43","0000-00","0","no battery","V"
"09/09/2020","11:01:42","2","default","115855972","OXY_CH2","96.127","min","188.622","µmol/L","Humid","20.411","deg","78314","µV","30.031","°C","1016.000","hPa","35.3","pmil","0","53.237","deg","23.954","°C","100.000","%a.s.","21.023","deg","23.635","°C","1019.000","hPa","0.861","-0.02617","0.00035","0","0","13.56","Humid","28.00","0","54.00","360487.90","SABD0000000001","AAV1.0.0.11","1.1.2.0","PSt7-10","170328-007","9/30/2017 19:06:43","0000-00","0","no battery","V"
"09/09/2020","11:01:43","2","default","115855972","OXY_CH2","96.144","min","188.730","µmol/L","Humid","20.406","deg","78323","µV","30.028","°C","1016.000","hPa","35.3","pmil","0","53.237","deg","23.954","°C","100.000","%a.s.","21.023","deg","23.635","°C","1019.000","hPa","0.861","-0.02617","0.00035","0","0","13.56","Humid","28.00","0","54.00","360491.21","SABD0000000001","AAV1.0.0.11","1.1.2.0","PSt7-10","170328-007","9/30/2017 19:06:43","0000-00","0","no battery","V"
"09/09/2020","11:01:44","2","default","115855972","OXY_CH2","96.161","min","188.738","µmol/L","Humid","20.405","deg","78319","µV","30.029","°C","1016.000","hPa","35.3","pmil","0","53.237","deg","23.954","°C","100.000","%a.s.","21.023","deg","23.635","°C","1019.000","hPa","0.861","-0.02617","0.00035","0","0","13.56","Humid","28.00","0","54.00","360486.29","SABD0000000001","AAV1.0.0.11","1.1.2.0","PSt7-10","170328-007","9/30/2017 19:06:43","0000-00","0","no battery","V"
"09/09/2020","11:01:45","2","default","115855972","OXY_CH2","96.177","min","188.754","µmol/L","Humid","20.406","deg","78314","µV","30.024","°C","1016.000","hPa","35.3","pmil","0","53.237","deg","23.954","°C","100.000","%a.s.","21.023","deg","23.635","°C","1019.000","hPa","0.861","-0.02617","0.00035","0","0","13.56","Humid","28.00","0","54.00","360483.54","SABD0000000001","AAV1.0.0.11","1.1.2.0","PSt7-10","170328-007","9/30/2017 19:06:43","0000-00","0","no battery","V"
"09/09/2020","11:01:46","2","default","115855972","OXY_CH2","96.194","min","188.663","µmol/L","Humid","20.407","deg","78318","µV","30.036","°C","1016.000","hPa","35.3","pmil","0","53.237","deg","23.954","°C","100.000","%a.s.","21.023","deg","23.635","°C","1019.000","hPa","0.861","-0.02617","0.00035","0","0","13.56","Humid","28.00","0","54.00","360484.53","SABD0000000001","AAV1.0.0.11","1.1.2.0","PSt7-10","170328-007","9/30/2017 19:06:43","0000-00","0","no battery","V"
"09/09/2020","11:01:47","2","default","115855972","OXY_CH2","96.211","min","188.733","µmol/L","Humid","20.406","deg","78317","µV","30.027","°C","1016.000","hPa","35.3","pmil","0","53.237","deg","23.954","°C","100.000","%a.s.","21.023","deg","23.635","°C","1019.000","hPa","0.861","-0.02617","0.00035","0","0","13.56","Humid","28.00","0","54.00","360491.62","SABD0000000001","AAV1.0.0.11","1.1.2.0","PSt7-10","170328-007","9/30/2017 19:06:43","0000-00","0","no battery","V"
"09/09/2020","11:01:48","2","default","115855972","OXY_CH2","96.228","min","188.646","µmol/L","Humid","20.410","deg","78307","µV","30.030","°C","1016.000","hPa","35.3","pmil","0","53.237","deg","23.954","°C","100.000","%a.s.","21.023","deg","23.635","°C","1019.000","hPa","0.861","-0.02617","0.00035","0","0","13.56","Humid","28.00","0","54.00","360499.65","SABD0000000001","AAV1.0.0.11","1.1.2.0","PSt7-10","170328-007","9/30/2017 19:06:43","0000-00","0","no battery","V"
"09/09/2020","11:01:49","2","default","115855972","OXY_CH2","96.244","min","188.740","µmol/L","Humid","20.407","deg","78312","µV","30.023","°C","1016.000","hPa","35.3","pmil","0","53.237","deg","23.954","°C","100.000","%a.s.","21.023","deg","23.635","°C","1019.000","hPa","0.861","-0.02617","0.00035","0","0","13.56","Humid","28.00","0","54.00","360489.07","SABD0000000001","AAV1.0.0.11","1.1.2.0","PSt7-10","170328-007","9/30/2017 19:06:43","0000-00","0","no battery","V"
"09/09/2020","11:01:50","2","default","115855972","OXY_CH2","96.261","min","188.799","µmol/L","Humid","20.405","deg","78307","µV","30.019","°C","1016.000","hPa","35.3","pmil","0","53.237","deg","23.954","°C","100.000","%a.s.","21.023","deg","23.635","°C","1019.000","hPa","0.861","-0.02617","0.00035","0","0","13.56","Humid","28.00","0","54.00","360492.37","SABD0000000001","AAV1.0.0.11","1.1.2.0","PSt7-10","170328-007","9/30/2017 19:06:43","0000-00","0","no battery","V"
"09/09/2020","11:01:51","2","default","115855972","OXY_CH2","96.277","min","188.718","µmol/L","Humid","20.403","deg","78307","µV","30.039","°C","1016.000","hPa","35.3","pmil","0","53.237","deg","23.954","°C","100.000","%a.s.","21.023","deg","23.635","°C","1019.000","hPa","0.861","-0.02617","0.00035","0","0","13.56","Humid","28.00","0","54.00","360472.85","SABD0000000001","AAV1.0.0.11","1.1.2.0","PSt7-10","170328-007","9/30/2017 19:06:43","0000-00","0","no battery","V"
"09/09/2020","11:01:52","2","default","115855972","OXY_CH2","96.294","min","188.644","µmol/L","Humid","20.403","deg","78304","µV","30.051","°C","1016.000","hPa","35.3","pmil","0","53.237","deg","23.954","°C","100.000","%a.s.","21.023","deg","23.635","°C","1019.000","hPa","0.861","-0.02617","0.00035","0","0","13.56","Humid","28.00","0","54.00","360492.71","SABD0000000001","AAV1.0.0.11","1.1.2.0","PSt7-10","170328-007","9/30/2017 19:06:43","0000-00","0","no battery","V"
"09/09/2020","11:01:53","2","default","115855972","OXY_CH2","96.311","min","188.762","µmol/L","Humid","20.402","deg","78302","µV","30.034","°C","1016.000","hPa","35.3","pmil","0","53.237","deg","23.954","°C","100.000","%a.s.","21.023","deg","23.635","°C","1019.000","hPa","0.861","-0.02617","0.00035","0","0","13.56","Humid","28.00","0","54.00","360515.18","SABD0000000001","AAV1.0.0.11","1.1.2.0","PSt7-10","170328-007","9/30/2017 19:06:43","0000-00","0","no battery","V"
"09/09/2020","11:01:54","2","default","115855972","OXY_CH2","96.327","min","188.598","µmol/L","Humid","20.408","deg","78303","µV","30.044","°C","1016.000","hPa","35.3","pmil","0","53.237","deg","23.954","°C","100.000","%a.s.","21.023","deg","23.635","°C","1019.000","hPa","0.861","-0.02617","0.00035","0","0","13.56","Humid","28.00","0","54.00","360493.47","SABD0000000001","AAV1.0.0.11","1.1.2.0","PSt7-10","170328-007","9/30/2017 19:06:43","0000-00","0","no battery","V"
"09/09/2020","11:01:55","2","default","115855972","OXY_CH2","96.344","min","188.641","µmol/L","Humid","20.406","deg","78306","µV","30.043","°C","1016.000","hPa","35.3","pmil","0","53.237","deg","23.954","°C","100.000","%a.s.","21.023","deg","23.635","°C","1019.000","hPa","0.861","-0.02617","0.00035","0","0","13.56","Humid","28.00","0","54.00","360487.48","SABD0000000001","AAV1.0.0.11","1.1.2.0","PSt7-10","170328-007","9/30/2017 19:06:43","0000-00","0","no battery","V"
"09/09/2020","11:01:56","2","default","115855972","OXY_CH2","96.361","min","188.620","µmol/L","Humid","20.407","deg","78295","µV","30.043","°C","1016.000","hPa","35.3","pmil","0","53.237","deg","23.954","°C","100.000","%a.s.","21.023","deg","23.635","°C","1019.000","hPa","0.861","-0.02617","0.00035","0","0","13.56","Humid","28.00","0","54.00","360492.97","SABD0000000001","AAV1.0.0.11","1.1.2.0","PSt7-10","170328-007","9/30/2017 19:06:43","0000-00","0","no battery","V"
"09/09/2020","11:01:57","2","default","115855972","OXY_CH2","96.377","min","188.707","µmol/L","Humid","20.403","deg","78302","µV","30.040","°C","1016.000","hPa","35.3","pmil","0","53.237","deg","23.954","°C","100.000","%a.s.","21.023","deg","23.635","°C","1019.000","hPa","0.861","-0.02617","0.00035","0","0","13.56","Humid","28.00","0","54.00","360485.55","SABD0000000001","AAV1.0.0.11","1.1.2.0","PSt7-10","170328-007","9/30/2017 19:06:43","0000-00","0","no battery","V"
"09/09/2020","11:01:58","2","default","115855972","OXY_CH2","96.394","min","188.755","µmol/L","Humid","20.403","deg","78296","µV","30.032","°C","1016.000","hPa","35.3","pmil","0","53.237","deg","23.954","°C","100.000","%a.s.","21.023","deg","23.635","°C","1019.000","hPa","0.861","-0.02617","0.00035","0","0","13.56","Humid","28.00","0","54.00","360481.08","SABD0000000001","AAV1.0.0.11","1.1.2.0","PSt7-10","170328-007","9/30/2017 19:06:43","0000-00","0","no battery","V"
"09/09/2020","11:01:59","2","default","115855972","OXY_CH2","96.411","min","188.742","µmol/L","Humid","20.404","deg","78303","µV","30.032","°C","1016.000","hPa","35.3","pmil","0","53.237","deg","23.954","°C","100.000","%a.s.","21.023","deg","23.635","°C","1019.000","hPa","0.861","-0.02617","0.00035","0","0","13.56","Humid","28.00","0","54.00","360484.05","SABD0000000001","AAV1.0.0.11","1.1.2.0","PSt7-10","170328-007","9/30/2017 19:06:43","0000-00","0","no battery","V"
"09/09/2020","11:02:00","2","default","115855972","OXY_CH2","96.427","min","188.786","µmol/L","Humid","20.402","deg","78296","µV","30.030","°C","1016.000","hPa","35.3","pmil","0","53.237","deg","23.954","°C","100.000","%a.s.","21.023","deg","23.635","°C","1019.000","hPa","0.861","-0.02617","0.00035","0","0","13.56","Humid","28.00","0","54.00","360482.38","SABD0000000001","AAV1.0.0.11","1.1.2.0","PSt7-10","170328-007","9/30/2017 19:06:43","0000-00","0","no battery","V"
"09/09/2020","11:02:01","2","default","115855972","OXY_CH2","96.444","min","188.786","µmol/L","Humid","20.402","deg","78298","µV","30.030","°C","1016.000","hPa","35.3","pmil","0","53.237","deg","23.954","°C","100.000","%a.s.","21.023","deg","23.635","°C","1019.000","hPa","0.861","-0.02617","0.00035","0","0","13.56","Humid","28.00","0","54.00","360490.37","SABD0000000001","AAV1.0.0.11","1.1.2.0","PSt7-10","170328-007","9/30/2017 19:06:43","0000-00","0","no battery","V"
"09/09/2020","11:02:02","2","default","115855972","OXY_CH2","96.461","min","188.645","µmol/L","Humid","20.406","deg","78297","µV","30.042","°C","1016.000","hPa","35.3","pmil","0","53.237","deg","23.954","°C","100.000","%a.s.","21.023","deg","23.635","°C","1019.000","hPa","0.861","-0.02617","0.00035","0","0","13.56","Humid","28.00","0","54.00","360498.36","SABD0000000001","AAV1.0.0.11","1.1.2.0","PSt7-10","170328-007","9/30/2017 19:06:43","0000-00","0","no battery","V"
"09/09/2020","11:02:03","2","default","115855972","OXY_CH2","96.477","min","188.822","µmol/L","Humid","20.401","deg","78295","µV","30.027","°C","1016.000","hPa","35.3","pmil","0","53.237","deg","23.954","°C","100.000","%a.s.","21.023","deg","23.635","°C","1019.000","hPa","0.861","-0.02617","0.00035","0","0","13.56","Humid","28.00","0","54.00","360498.05","SABD0000000001","AAV1.0.0.11","1.1.2.0","PSt7-10","170328-007","9/30/2017 19:06:43","0000-00","0","no battery","V"
"09/09/2020","11:02:04","2","default","115855972","OXY_CH2","96.494","min","188.737","µmol/L","Humid","20.401","deg","78299","µV","30.041","°C","1016.000","hPa","35.3","pmil","0","53.237","deg","23.954","°C","100.000","%a.s.","21.023","deg","23.635","°C","1019.000","hPa","0.861","-0.02617","0.00035","0","0","13.56","Humid","28.00","0","54.00","360503.60","SABD0000000001","AAV1.0.0.11","1.1.2.0","PSt7-10","170328-007","9/30/2017 19:06:43","0000-00","0","no battery","V"
"09/09/2020","11:02:05","2","default","115855972","OXY_CH2","96.511","min","188.776","µmol/L","Humid","20.403","deg","78293","µV","30.029","°C","1016.000","hPa","35.3","pmil","0","53.237","deg","23.954","°C","100.000","%a.s.","21.023","deg","23.635","°C","1019.000","hPa","0.861","-0.02617","0.00035","0","0","13.56","Humid","28.00","0","54.00","360487.60","SABD0000000001","AAV1.0.0.11","1.1.2.0","PSt7-10","170328-007","9/30/2017 19:06:43","0000-00","0","no battery","V"
"09/09/2020","11:02:06","2","default","115855972","OXY_CH2","96.528","min","188.752","µmol/L","Humid","20.401","deg","78292","µV","30.039","°C","1016.000","hPa","35.3","pmil","0","53.237","deg","23.954","°C","100.000","%a.s.","21.023","deg","23.635","°C","1019.000","hPa","0.861","-0.02617","0.00035","0","0","13.56","Humid","28.00","0","54.00","360491.30","SABD0000000001","AAV1.0.0.11","1.1.2.0","PSt7-10","170328-007","9/30/2017 19:06:43","0000-00","0","no battery","V"
"09/09/2020","11:02:07","2","default","115855972","OXY_CH2","96.544","min","188.746","µmol/L","Humid","20.403","deg","78289","µV","30.034","°C","1016.000","hPa","35.3","pmil","0","53.237","deg","23.954","°C","100.000","%a.s.","21.023","deg","23.635","°C","1019.000","hPa","0.861","-0.02617","0.00035","0","0","13.56","Humid","28.00","0","54.00","360489.00","SABD0000000001","AAV1.0.0.11","1.1.2.0","PSt7-10","170328-007","9/30/2017 19:06:43","0000-00","0","no battery","V"
"09/09/2020","11:02:08","2","default","115855972","OXY_CH2","96.561","min","188.859","µmol/L","Humid","20.400","deg","78288","µV","30.024","°C","1016.000","hPa","35.3","pmil","0","53.237","deg","23.954","°C","100.000","%a.s.","21.023","deg","23.635","°C","1019.000","hPa","0.861","-0.02617","0.00035","0","0","13.56","Humid","28.00","0","54.00","360493.82","SABD0000000001","AAV1.0.0.11","1.1.2.0","PSt7-10","170328-007","9/30/2017 19:06:43","0000-00","0","no battery","V"
"09/09/2020","11:02:09","2","default","115855972","OXY_CH2","96.577","min","188.851","µmol/L","Humid","20.401","deg","78279","µV","30.022","°C","1016.000","hPa","35.3","pmil","0","53.237","deg","23.954","°C","100.000","%a.s.","21.023","deg","23.635","°C","1019.000","hPa","0.861","-0.02617","0.00035","0","0","13.56","Humid","28.00","0","54.00","360496.18","SABD0000000001","AAV1.0.0.11","1.1.2.0","PSt7-10","170328-007","9/30/2017 19:06:43","0000-00","0","no battery","V"
"09/09/2020","11:02:10","2","default","115855972","OXY_CH2","96.594","min","188.772","µmol/L","Humid","20.398","deg","78289","µV","30.044","°C","1016.000","hPa","35.3","pmil","0","53.237","deg","23.954","°C","100.000","%a.s.","21.023","deg","23.635","°C","1019.000","hPa","0.861","-0.02617","0.00035","0","0","13.56","Humid","28.00","0","54.00","360497.53","SABD0000000001","AAV1.0.0.11","1.1.2.0","PSt7-10","170328-007","9/30/2017 19:06:43","0000-00","0","no battery","V"
"09/09/2020","11:02:11","2","default","115855972","OXY_CH2","96.611","min","188.696","µmol/L","Humid","20.400","deg","78286","µV","30.051","°C","1016.000","hPa","35.3","pmil","0","53.237","deg","23.954","°C","100.000","%a.s.","21.023","deg","23.635","°C","1019.000","hPa","0.861","-0.02617","0.00035","0","0","13.56","Humid","28.00","0","54.00","360485.29","SABD0000000001","AAV1.0.0.11","1.1.2.0","PSt7-10","170328-007","9/30/2017 19:06:43","0000-00","0","no battery","V"
"09/09/2020","11:02:12","2","default","115855972","OXY_CH2","96.627","min","188.720","µmol/L","Humid","20.402","deg","78280","µV","30.041","°C","1016.000","hPa","35.3","pmil","0","53.237","deg","23.954","°C","100.000","%a.s.","21.023","deg","23.635","°C","1019.000","hPa","0.861","-0.02617","0.00035","0","0","13.56","Humid","28.00","0","54.00","360483.85","SABD0000000001","AAV1.0.0.11","1.1.2.0","PSt7-10","170328-007","9/30/2017 19:06:43","0000-00","0","no battery","V"
"09/09/2020","11:02:13","2","default","115855972","OXY_CH2","96.644","min","188.835","µmol/L","Humid","20.398","deg","78287","µV","30.033","°C","1016.000","hPa","35.3","pmil","0","53.237","deg","23.954","°C","100.000","%a.s.","21.023","deg","23.635","°C","1019.000","hPa","0.861","-0.02617","0.00035","0","0","13.56","Humid","28.00","0","54.00","360497.30","SABD0000000001","AAV1.0.0.11","1.1.2.0","PSt7-10","170328-007","9/30/2017 19:06:43","0000-00","0","no battery","V"
"09/09/2020","11:02:14","2","default","115855972","OXY_CH2","96.660","min","188.797","µmol/L","Humid","20.402","deg","78284","µV","30.028","°C","1016.000","hPa","35.3","pmil","0","53.237","deg","23.954","°C","100.000","%a.s.","21.023","deg","23.635","°C","1019.000","hPa","0.861","-0.02617","0.00035","0","0","13.56","Humid","28.00","0","54.00","360488.52","SABD0000000001","AAV1.0.0.11","1.1.2.0","PSt7-10","170328-007","9/30/2017 19:06:43","0000-00","0","no battery","V"
"09/09/2020","11:02:15","2","default","115855972","OXY_CH2","96.677","min","188.808","µmol/L","Humid","20.397","deg","78283","µV","30.041","°C","1016.000","hPa","35.3","pmil","0","53.237","deg","23.954","°C","100.000","%a.s.","21.023","deg","23.635","°C","1019.000","hPa","0.861","-0.02617","0.00035","0","0","13.56","Humid","28.00","0","54.00","360486.61","SABD0000000001","AAV1.0.0.11","1.1.2.0","PSt7-10","170328-007","9/30/2017 19:06:43","0000-00","0","no battery","V"
"09/09/2020","11:02:16","2","default","115855972","OXY_CH2","96.694","min","188.805","µmol/L","Humid","20.401","deg","78273","µV","30.030","°C","1016.000","hPa","35.3","pmil","0","53.237","deg","23.954","°C","100.000","%a.s.","21.023","deg","23.635","°C","1019.000","hPa","0.861","-0.02617","0.00035","0","0","13.56","Humid","28.00","0","54.00","360490.47","SABD0000000001","AAV1.0.0.11","1.1.2.0","PSt7-10","170328-007","9/30/2017 19:06:43","0000-00","0","no battery","V"
"09/09/2020","11:02:17","2","default","115855972","OXY_CH2","96.711","min","188.881","µmol/L","Humid","20.397","deg","78280","µV","30.029","°C","1016.000","hPa","35.3","pmil","0","53.237","deg","23.954","°C","100.000","%a.s.","21.023","deg","23.635","°C","1019.000","hPa","0.861","-0.02617","0.00035","0","0","13.56","Humid","28.00","0","54.00","360482.05","SABD0000000001","AAV1.0.0.11","1.1.2.0","PSt7-10","170328-007","9/30/2017 19:06:43","0000-00","0","no battery","V"
"09/09/2020","11:02:18","2","default","115855972","OXY_CH2","96.727","min","188.808","µmol/L","Humid","20.399","deg","78267","µV","30.035","°C","1016.000","hPa","35.3","pmil","0","53.237","deg","23.954","°C","100.000","%a.s.","21.023","deg","23.635","°C","1019.000","hPa","0.861","-0.02617","0.00035","0","0","13.56","Humid","28.00","0","54.00","360477.45","SABD0000000001","AAV1.0.0.11","1.1.2.0","PSt7-10","170328-007","9/30/2017 19:06:43","0000-00","0","no battery","V"
"09/09/2020","11:02:19","2","default","115855972","OXY_CH2","96.744","min","188.830","µmol/L","Humid","20.397","deg","78273","µV","30.037","°C","1016.000","hPa","35.3","pmil","0","53.237","deg","23.954","°C","100.000","%a.s.","21.023","deg","23.635","°C","1019.000","hPa","0.861","-0.02617","0.00035","0","0","13.56","Humid","28.00","0","54.00","360480.85","SABD0000000001","AAV1.0.0.11","1.1.2.0","PSt7-10","170328-007","9/30/2017 19:06:43","0000-00","0","no battery","V"
"09/09/2020","11:02:20","2","default","115855972","OXY_CH2","96.761","min","188.806","µmol/L","Humid","20.398","deg","78270","µV","30.038","°C","1016.000","hPa","35.3","pmil","0","53.237","deg","23.954","°C","100.000","%a.s.","21.023","deg","23.635","°C","1019.000","hPa","0.861","-0.02617","0.00035","0","0","13.56","Humid","28.00","0","54.00","360479.76","SABD0000000001","AAV1.0.0.11","1.1.2.0","PSt7-10","170328-007","9/30/2017 19:06:43","0000-00","0","no battery","V"
"09/09/2020","11:02:21","2","default","115855972","OXY_CH2","96.777","min","188.767","µmol/L","Humid","20.404","deg","78269","µV","30.027","°C","1016.000","hPa","35.3","pmil","0","53.237","deg","23.954","°C","100.000","%a.s.","21.023","deg","23.635","°C","1019.000","hPa","0.861","-0.02617","0.00035","0","0","13.56","Humid","28.00","0","54.00","360467.33","SABD0000000001","AAV1.0.0.11","1.1.2.0","PSt7-10","170328-007","9/30/2017 19:06:43","0000-00","0","no battery","V"
"09/09/2020","11:02:22","2","default","115855972","OXY_CH2","96.794","min","188.756","µmol/L","Humid","20.398","deg","78269","µV","30.047","°C","1016.000","hPa","35.3","pmil","0","53.237","deg","23.954","°C","100.000","%a.s.","21.023","deg","23.635","°C","1019.000","hPa","0.861","-0.02617","0.00035","0","0","13.56","Humid","28.00","0","54.00","360476.61","SABD0000000001","AAV1.0.0.11","1.1.2.0","PSt7-10","170328-007","9/30/2017 19:06:43","0000-00","0","no battery","V"
"09/09/2020","11:02:23","2","default","115855972","OXY_CH2","96.811","min","188.741","µmol/L","Humid","20.396","deg","78273","µV","30.055","°C","1016.000","hPa","35.3","pmil","0","53.237","deg","23.954","°C","100.000","%a.s.","21.023","deg","23.635","°C","1019.000","hPa","0.861","-0.02617","0.00035","0","0","13.56","Humid","28.00","0","54.00","360473.50","SABD0000000001","AAV1.0.0.11","1.1.2.0","PSt7-10","170328-007","9/30/2017 19:06:43","0000-00","0","no battery","V"
"09/09/2020","11:02:24","2","default","115855972","OXY_CH2","96.828","min","188.732","µmol/L","Humid","20.399","deg","78264","µV","30.048","°C","1016.000","hPa","35.3","pmil","0","53.237","deg","23.954","°C","100.000","%a.s.","21.023","deg","23.635","°C","1019.000","hPa","0.861","-0.02617","0.00035","0","0","13.56","Humid","28.00","0","54.00","360475.74","SABD0000000001","AAV1.0.0.11","1.1.2.0","PSt7-10","170328-007","9/30/2017 19:06:43","0000-00","0","no battery","V"
"09/09/2020","11:02:25","2","default","115855972","OXY_CH2","96.844","min","188.954","µmol/L","Humid","20.394","deg","78267","µV","30.025","°C","1016.000","hPa","35.3","pmil","0","53.237","deg","23.954","°C","100.000","%a.s.","21.023","deg","23.635","°C","1019.000","hPa","0.861","-0.02617","0.00035","0","0","13.56","Humid","28.00","0","54.00","360483.38","SABD0000000001","AAV1.0.0.11","1.1.2.0","PSt7-10","170328-007","9/30/2017 19:06:43","0000-00","0","no battery","V"
"09/09/2020","11:02:26","2","default","115855972","OXY_CH2","96.861","min","188.953","µmol/L","Humid","20.395","deg","78266","µV","30.023","°C","1016.000","hPa","35.3","pmil","0","53.237","deg","23.954","°C","100.000","%a.s.","21.023","deg","23.635","°C","1019.000","hPa","0.861","-0.02617","0.00035","0","0","13.56","Humid","28.00","0","54.00","360474.63","SABD0000000001","AAV1.0.0.11","1.1.2.0","PSt7-10","170328-007","9/30/2017 19:06:43","0000-00","0","no battery","V"
"09/09/2020","11:02:27","2","default","115855972","OXY_CH2","96.877","min","188.956","µmol/L","Humid","20.395","deg","78264","µV","30.022","°C","1016.000","hPa","35.3","pmil","0","53.237","deg","23.954","°C","100.000","%a.s.","21.023","deg","23.635","°C","1019.000","hPa","0.861","-0.02617","0.00035","0","0","13.56","Humid","28.00","0","54.00","360467.65","SABD0000000001","AAV1.0.0.11","1.1.2.0","PSt7-10","170328-007","9/30/2017 19:06:43","0000-00","0","no battery","V"
"09/09/2020","11:02:28","2","default","115855972","OXY_CH2","96.894","min","188.893","µmol/L","Humid","20.392","deg","78266","µV","30.041","°C","1016.000","hPa","35.3","pmil","0","53.237","deg","23.954","°C","100.000","%a.s.","21.023","deg","23.635","°C","1019.000","hPa","0.861","-0.02617","0.00035","0","0","13.56","Humid","28.00","0","54.00","360476.08","SABD0000000001","AAV1.0.0.11","1.1.2.0","PSt7-10","170328-007","9/30/2017 19:06:43","0000-00","0","no battery","V"
"09/09/2020","11:02:29","2","default","115855972","OXY_CH2","96.910","min","188.803","µmol/L","Humid","20.396","deg","78255","µV","30.045","°C","1016.000","hPa","35.3","pmil","0","53.237","deg","23.954","°C","100.000","%a.s.","21.023","deg","23.635","°C","1019.000","hPa","0.861","-0.02617","0.00035","0","0","13.56","Humid","28.00","0","54.00","360473.48","SABD0000000001","AAV1.0.0.11","1.1.2.0","PSt7-10","170328-007","9/30/2017 19:06:43","0000-00","0","no battery","V"
"09/09/2020","11:02:30","2","default","115855972","OXY_CH2","96.927","min","188.868","µmol/L","Humid","20.395","deg","78265","µV","30.037","°C","1016.000","hPa","35.3","pmil","0","53.237","deg","23.954","°C","100.000","%a.s.","21.023","deg","23.635","°C","1019.000","hPa","0.861","-0.02617","0.00035","0","0","13.56","Humid","28.00","0","54.00","360472.67","SABD0000000001","AAV1.0.0.11","1.1.2.0","PSt7-10","170328-007","9/30/2017 19:06:43","0000-00","0","no battery","V"
"09/09/2020","11:02:31","2","default","115855972","OXY_CH2","96.944","min","188.766","µmol/L","Humid","20.400","deg","78255","µV","30.039","°C","1016.000","hPa","35.3","pmil","0","53.237","deg","23.954","°C","100.000","%a.s.","21.023","deg","23.635","°C","1019.000","hPa","0.861","-0.02617","0.00035","0","0","13.56","Humid","28.00","0","54.00","360469.04","SABD0000000001","AAV1.0.0.11","1.1.2.0","PSt7-10","170328-007","9/30/2017 19:06:43","0000-00","0","no battery","V"
"09/09/2020","11:02:32","2","default","115855972","OXY_CH2","96.960","min","188.850","µmol/L","Humid","20.394","deg","78265","µV","30.043","°C","1016.000","hPa","35.3","pmil","0","53.237","deg","23.954","°C","100.000","%a.s.","21.023","deg","23.635","°C","1019.000","hPa","0.861","-0.02617","0.00035","0","0","13.56","Humid","28.00","0","54.00","360479.71","SABD0000000001","AAV1.0.0.11","1.1.2.0","PSt7-10","170328-007","9/30/2017 19:06:43","0000-00","0","no battery","V"
"09/09/2020","11:02:33","2","default","115855972","OXY_CH2","96.978","min","188.861","µmol/L","Humid","20.396","deg","78265","µV","30.035","°C","1016.000","hPa","35.3","pmil","0","53.237","deg","23.954","°C","100.000","%a.s.","21.023","deg","23.635","°C","1019.000","hPa","0.861","-0.02617","0.00035","0","0","13.56","Humid","28.00","0","54.00","360470.51","SABD0000000001","AAV1.0.0.11","1.1.2.0","PSt7-10","170328-007","9/30/2017 19:06:43","0000-00","0","no battery","V"
"09/09/2020","11:02:34","2","default","115855972","OXY_CH2","96.994","min","188.856","µmol/L","Humid","20.395","deg","78260","µV","30.039","°C","1016.000","hPa","35.3","pmil","0","53.237","deg","23.954","°C","100.000","%a.s.","21.023","deg","23.635","°C","1019.000","hPa","0.861","-0.02617","0.00035","0","0","13.56","Humid","28.00","0","54.00","360481.78","SABD0000000001","AAV1.0.0.11","1.1.2.0","PSt7-10","170328-007","9/30/2017 19:06:43","0000-00","0","no battery","V"
"09/09/2020","11:02:35","2","default","115855972","OXY_CH2","97.011","min","188.878","µmol/L","Humid","20.395","deg","78259","µV","30.035","°C","1016.000","hPa","35.3","pmil","0","53.237","deg","23.954","°C","100.000","%a.s.","21.023","deg","23.635","°C","1019.000","hPa","0.861","-0.02617","0.00035","0","0","13.56","Humid","28.00","0","54.00","360469.90","SABD0000000001","AAV1.0.0.11","1.1.2.0","PSt7-10","170328-007","9/30/2017 19:06:43","0000-00","0","no battery","V"
"09/09/2020","11:02:36","2","default","115855972","OXY_CH2","97.027","min","188.915","µmol/L","Humid","20.394","deg","78257","µV","30.032","°C","1016.000","hPa","35.3","pmil","0","53.237","deg","23.954","°C","100.000","%a.s.","21.023","deg","23.635","°C","1019.000","hPa","0.861","-0.02617","0.00035","0","0","13.56","Humid","28.00","0","54.00","360481.67","SABD0000000001","AAV1.0.0.11","1.1.2.0","PSt7-10","170328-007","9/30/2017 19:06:43","0000-00","0","no battery","V"
"09/09/2020","11:02:37","2","default","115855972","OXY_CH2","97.044","min","188.909","µmol/L","Humid","20.395","deg","78255","µV","30.030","°C","1016.000","hPa","35.3","pmil","0","53.237","deg","23.954","°C","100.000","%a.s.","21.023","deg","23.635","°C","1019.000","hPa","0.861","-0.02617","0.00035","0","0","13.56","Humid","28.00","0","54.00","360474.79","SABD0000000001","AAV1.0.0.11","1.1.2.0","PSt7-10","170328-007","9/30/2017 19:06:43","0000-00","0","no battery","V"
"09/09/2020","11:02:38","2","default","115855972","OXY_CH2","97.060","min","188.913","µmol/L","Humid","20.393","deg","78255","µV","30.035","°C","1016.000","hPa","35.3","pmil","0","53.237","deg","23.954","°C","100.000","%a.s.","21.023","deg","23.635","°C","1019.000","hPa","0.861","-0.02617","0.00035","0","0","13.56","Humid","28.00","0","54.00","360471.06","SABD0000000001","AAV1.0.0.11","1.1.2.0","PSt7-10","170328-007","9/30/2017 19:06:43","0000-00","0","no battery","V"
"09/09/2020","11:02:39","2","default","115855972","OXY_CH2","97.077","min","188.857","µmol/L","Humid","20.394","deg","78253","µV","30.042","°C","1016.000","hPa","35.3","pmil","0","53.237","deg","23.954","°C","100.000","%a.s.","21.023","deg","23.635","°C","1019.000","hPa","0.861","-0.02617","0.00035","0","0","13.56","Humid","28.00","0","54.00","360460.30","SABD0000000001","AAV1.0.0.11","1.1.2.0","PSt7-10","170328-007","9/30/2017 19:06:43","0000-00","0","no battery","V"
"09/09/2020","11:02:40","2","default","115855972","OXY_CH2","97.094","min","188.894","µmol/L","Humid","20.397","deg","78247","µV","30.027","°C","1016.000","hPa","35.3","pmil","0","53.237","deg","23.954","°C","100.000","%a.s.","21.023","deg","23.635","°C","1019.000","hPa","0.861","-0.02617","0.00035","0","0","13.56","Humid","28.00","0","54.00","360469.31","SABD0000000001","AAV1.0.0.11","1.1.2.0","PSt7-10","170328-007","9/30/2017 19:06:43","0000-00","0","no battery","V"
"09/09/2020","11:02:41","2","default","115855972","OXY_CH2","97.110","min","188.981","µmol/L","Humid","20.392","deg","78245","µV","30.027","°C","1016.000","hPa","35.3","pmil","0","53.237","deg","23.954","°C","100.000","%a.s.","21.023","deg","23.635","°C","1019.000","hPa","0.861","-0.02617","0.00035","0","0","13.56","Humid","28.00","0","54.00","360468.08","SABD0000000001","AAV1.0.0.11","1.1.2.0","PSt7-10","170328-007","9/30/2017 19:06:43","0000-00","0","no battery","V"
"09/09/2020","11:02:42","2","default","115855972","OXY_CH2","97.127","min","188.985","µmol/L","Humid","20.391","deg","78252","µV","30.029","°C","1016.000","hPa","35.3","pmil","0","53.237","deg","23.954","°C","100.000","%a.s.","21.023","deg","23.635","°C","1019.000","hPa","0.861","-0.02617","0.00035","0","0","13.56","Humid","28.00","0","54.00","360463.30","SABD0000000001","AAV1.0.0.11","1.1.2.0","PSt7-10","170328-007","9/30/2017 19:06:43","0000-00","0","no battery","V"
"09/09/2020","11:02:43","2","default","115855972","OXY_CH2","97.144","min","188.885","µmol/L","Humid","20.396","deg","78256","µV","30.031","°C","1016.000","hPa","35.3","pmil","0","53.237","deg","23.954","°C","100.000","%a.s.","21.023","deg","23.635","°C","1019.000","hPa","0.861","-0.02617","0.00035","0","0","13.56","Humid","28.00","0","54.00","360472.08","SABD0000000001","AAV1.0.0.11","1.1.2.0","PSt7-10","170328-007","9/30/2017 19:06:43","0000-00","0","no battery","V"
"09/09/2020","11:02:44","2","default","115855972","OXY_CH2","97.160","min","188.946","µmol/L","Humid","20.396","deg","78248","µV","30.021","°C","1016.000","hPa","35.3","pmil","0","53.237","deg","23.954","°C","100.000","%a.s.","21.023","deg","23.635","°C","1019.000","hPa","0.861","-0.02617","0.00035","0","0","13.56","Humid","28.00","0","54.00","360462.21","SABD0000000001","AAV1.0.0.11","1.1.2.0","PSt7-10","170328-007","9/30/2017 19:06:43","0000-00","0","no battery","V"
"09/09/2020","11:02:45","2","default","115855972","OXY_CH2","97.178","min","188.979","µmol/L","Humid","20.394","deg","78244","µV","30.021","°C","1016.000","hPa","35.3","pmil","0","53.237","deg","23.954","°C","100.000","%a.s.","21.023","deg","23.635","°C","1019.000","hPa","0.861","-0.02617","0.00035","0","0","13.56","Humid","28.00","0","54.00","360473.11","SABD0000000001","AAV1.0.0.11","1.1.2.0","PSt7-10","170328-007","9/30/2017 19:06:43","0000-00","0","no battery","V"
"09/09/2020","11:02:46","2","default","115855972","OXY_CH2","97.194","min","189.018","µmol/L","Humid","20.391","deg","78237","µV","30.023","°C","1016.000","hPa","35.3","pmil","0","53.237","deg","23.954","°C","100.000","%a.s.","21.023","deg","23.635","°C","1019.000","hPa","0.861","-0.02617","0.00035","0","0","13.56","Humid","28.00","0","54.00","360477.52","SABD0000000001","AAV1.0.0.11","1.1.2.0","PSt7-10","170328-007","9/30/2017 19:06:43","0000-00","0","no battery","V"
"09/09/2020","11:02:47","2","default","115855972","OXY_CH2","97.210","min","189.081","µmol/L","Humid","20.390","deg","78245","µV","30.016","°C","1016.000","hPa","35.3","pmil","0","53.237","deg","23.954","°C","100.000","%a.s.","21.023","deg","23.635","°C","1019.000","hPa","0.861","-0.02617","0.00035","0","0","13.56","Humid","28.00","0","54.00","360465.89","SABD0000000001","AAV1.0.0.11","1.1.2.0","PSt7-10","170328-007","9/30/2017 19:06:43","0000-00","0","no battery","V"
"09/09/2020","11:02:48","2","default","115855972","OXY_CH2","97.228","min","188.782","µmol/L","Humid","20.395","deg","78239","µV","30.051","°C","1016.000","hPa","35.3","pmil","0","53.237","deg","23.954","°C","100.000","%a.s.","21.023","deg","23.635","°C","1019.000","hPa","0.861","-0.02617","0.00035","0","0","13.56","Humid","28.00","0","54.00","360483.70","SABD0000000001","AAV1.0.0.11","1.1.2.0","PSt7-10","170328-007","9/30/2017 19:06:43","0000-00","0","no battery","V"
"09/09/2020","11:02:49","2","default","115855972","OXY_CH2","97.244","min","188.875","µmol/L","Humid","20.391","deg","78244","µV","30.047","°C","1016.000","hPa","35.3","pmil","0","53.237","deg","23.954","°C","100.000","%a.s.","21.023","deg","23.635","°C","1019.000","hPa","0.861","-0.02617","0.00035","0","0","13.56","Humid","28.00","0","54.00","360466.81","SABD0000000001","AAV1.0.0.11","1.1.2.0","PSt7-10","170328-007","9/30/2017 19:06:43","0000-00","0","no battery","V"
"09/09/2020","11:02:50","2","default","115855972","OXY_CH2","97.261","min","188.927","µmol/L","Humid","20.390","deg","78235","µV","30.041","°C","1016.000","hPa","35.3","pmil","0","53.237","deg","23.954","°C","100.000","%a.s.","21.023","deg","23.635","°C","1019.000","hPa","0.861","-0.02617","0.00035","0","0","13.56","Humid","28.00","0","54.00","360466.12","SABD0000000001","AAV1.0.0.11","1.1.2.0","PSt7-10","170328-007","9/30/2017 19:06:43","0000-00","0","no battery","V"
"09/09/2020","11:02:51","2","default","115855972","OXY_CH2","97.278","min","188.979","µmol/L","Humid","20.389","deg","78241","µV","30.036","°C","1016.000","hPa","35.3","pmil","0","53.237","deg","23.954","°C","100.000","%a.s.","21.023","deg","23.635","°C","1019.000","hPa","0.861","-0.02617","0.00035","0","0","13.56","Humid","28.00","0","54.00","360473.50","SABD0000000001","AAV1.0.0.11","1.1.2.0","PSt7-10","170328-007","9/30/2017 19:06:43","0000-00","0","no battery","V"
"09/09/2020","11:02:52","2","default","115855972","OXY_CH2","97.294","min","188.966","µmol/L","Humid","20.391","deg","78230","µV","30.032","°C","1016.000","hPa","35.3","pmil","0","53.237","deg","23.954","°C","100.000","%a.s.","21.023","deg","23.635","°C","1019.000","hPa","0.861","-0.02617","0.00035","0","0","13.56","Humid","28.00","0","54.00","360460.93","SABD0000000001","AAV1.0.0.11","1.1.2.0","PSt7-10","170328-007","9/30/2017 19:06:43","0000-00","0","no battery","V"
"09/09/2020","11:02:53","2","default","115855972","OXY_CH2","97.311","min","188.961","µmol/L","Humid","20.389","deg","78235","µV","30.039","°C","1016.000","hPa","35.3","pmil","0","53.237","deg","23.954","°C","100.000","%a.s.","21.023","deg","23.635","°C","1019.000","hPa","0.861","-0.02617","0.00035","0","0","13.56","Humid","28.00","0","54.00","360469.73","SABD0000000001","AAV1.0.0.11","1.1.2.0","PSt7-10","170328-007","9/30/2017 19:06:43","0000-00","0","no battery","V"
"09/09/2020","11:02:54","2","default","115855972","OXY_CH2","97.327","min","189.066","µmol/L","Humid","20.386","deg","78226","µV","30.030","°C","1016.000","hPa","35.3","pmil","0","53.237","deg","23.954","°C","100.000","%a.s.","21.023","deg","23.635","°C","1019.000","hPa","0.861","-0.02617","0.00035","0","0","13.56","Humid","28.00","0","54.00","360454.72","SABD0000000001","AAV1.0.0.11","1.1.2.0","PSt7-10","170328-007","9/30/2017 19:06:43","0000-00","0","no battery","V"
"09/09/2020","11:02:55","2","default","115855972","OXY_CH2","97.344","min","189.103","µmol/L","Humid","20.388","deg","78234","µV","30.018","°C","1016.000","hPa","35.3","pmil","0","53.237","deg","23.954","°C","100.000","%a.s.","21.023","deg","23.635","°C","1019.000","hPa","0.861","-0.02617","0.00035","0","0","13.56","Humid","28.00","0","54.00","360448.87","SABD0000000001","AAV1.0.0.11","1.1.2.0","PSt7-10","170328-007","9/30/2017 19:06:43","0000-00","0","no battery","V"
"09/09/2020","11:02:56","2","default","115855972","OXY_CH2","97.360","min","188.908","µmol/L","Humid","20.393","deg","78225","µV","30.036","°C","1016.000","hPa","35.3","pmil","0","53.237","deg","23.954","°C","100.000","%a.s.","21.023","deg","23.635","°C","1019.000","hPa","0.861","-0.02617","0.00035","0","0","13.56","Humid","28.00","0","54.00","360456.06","SABD0000000001","AAV1.0.0.11","1.1.2.0","PSt7-10","170328-007","9/30/2017 19:06:43","0000-00","0","no battery","V"
"09/09/2020","11:02:57","2","default","115855972","OXY_CH2","97.377","min","189.069","µmol/L","Humid","20.386","deg","78228","µV","30.029","°C","1016.000","hPa","35.3","pmil","0","53.237","deg","23.954","°C","100.000","%a.s.","21.023","deg","23.635","°C","1019.000","hPa","0.861","-0.02617","0.00035","0","0","13.56","Humid","28.00","0","54.00","360460.97","SABD0000000001","AAV1.0.0.11","1.1.2.0","PSt7-10","170328-007","9/30/2017 19:06:43","0000-00","0","no battery","V"
"09/09/2020","11:02:58","2","default","115855972","OXY_CH2","97.394","min","189.047","µmol/L","Humid","20.387","deg","78225","µV","30.030","°C","1016.000","hPa","35.3","pmil","0","53.237","deg","23.954","°C","100.000","%a.s.","21.023","deg","23.635","°C","1019.000","hPa","0.861","-0.02617","0.00035","0","0","13.56","Humid","28.00","0","54.00","360449.10","SABD0000000001","AAV1.0.0.11","1.1.2.0","PSt7-10","170328-007","9/30/2017 19:06:43","0000-00","0","no battery","V"
"09/09/2020","11:02:59","2","default","115855972","OXY_CH2","97.410","min","188.956","µmol/L","Humid","20.389","deg","78226","µV","30.039","°C","1016.000","hPa","35.3","pmil","0","53.237","deg","23.954","°C","100.000","%a.s.","21.023","deg","23.635","°C","1019.000","hPa","0.861","-0.02617","0.00035","0","0","13.56","Humid","28.00","0","54.00","360445.99","SABD0000000001","AAV1.0.0.11","1.1.2.0","PSt7-10","170328-007","9/30/2017 19:06:43","0000-00","0","no battery","V"
"09/09/2020","11:03:00","2","default","115855972","OXY_CH2","97.427","min","188.992","µmol/L","Humid","20.390","deg","78232","µV","30.031","°C","1016.000","hPa","35.3","pmil","0","53.237","deg","23.954","°C","100.000","%a.s.","21.023","deg","23.635","°C","1019.000","hPa","0.861","-0.02617","0.00035","0","0","13.56","Humid","28.00","0","54.00","360449.62","SABD0000000001","AAV1.0.0.11","1.1.2.0","PSt7-10","170328-007","9/30/2017 19:06:43","0000-00","0","no battery","V"
"09/09/2020","11:03:01","2","default","115855972","OXY_CH2","97.444","min","188.876","µmol/L","Humid","20.393","deg","78227","µV","30.041","°C","1016.000","hPa","35.3","pmil","0","53.237","deg","23.954","°C","100.000","%a.s.","21.023","deg","23.635","°C","1019.000","hPa","0.861","-0.02617","0.00035","0","0","13.56","Humid","28.00","0","54.00","360451.10","SABD0000000001","AAV1.0.0.11","1.1.2.0","PSt7-10","170328-007","9/30/2017 19:06:43","0000-00","0","no battery","V"
"09/09/2020","11:03:02","2","default","115855972","OXY_CH2","97.461","min","188.986","µmol/L","Humid","20.387","deg","78224","µV","30.040","°C","1016.000","hPa","35.3","pmil","0","53.237","deg","23.954","°C","100.000","%a.s.","21.023","deg","23.635","°C","1019.000","hPa","0.861","-0.02617","0.00035","0","0","13.56","Humid","28.00","0","54.00","360450.55","SABD0000000001","AAV1.0.0.11","1.1.2.0","PSt7-10","170328-007","9/30/2017 19:06:43","0000-00","0","no battery","V"
"09/09/2020","11:03:03","2","default","115855972","OXY_CH2","97.478","min","188.974","µmol/L","Humid","20.390","deg","78223","µV","30.034","°C","1016.000","hPa","35.3","pmil","0","53.237","deg","23.954","°C","100.000","%a.s.","21.023","deg","23.635","°C","1019.000","hPa","0.861","-0.02617","0.00035","0","0","13.56","Humid","28.00","0","54.00","360465.28","SABD0000000001","AAV1.0.0.11","1.1.2.0","PSt7-10","170328-007","9/30/2017 19:06:43","0000-00","0","no battery","V"
"09/09/2020","11:03:04","2","default","115855972","OXY_CH2","97.494","min","188.965","µmol/L","Humid","20.389","deg","78226","µV","30.038","°C","1016.000","hPa","35.3","pmil","0","53.237","deg","23.954","°C","100.000","%a.s.","21.023","deg","23.635","°C","1019.000","hPa","0.861","-0.02617","0.00035","0","0","13.56","Humid","28.00","0","54.00","360462.14","SABD0000000001","AAV1.0.0.11","1.1.2.0","PSt7-10","170328-007","9/30/2017 19:06:43","0000-00","0","no battery","V"
"09/09/2020","11:03:05","2","default","115855972","OXY_CH2","97.510","min","188.968","µmol/L","Humid","20.390","deg","78220","µV","30.034","°C","1016.000","hPa","35.3","pmil","0","53.237","deg","23.954","°C","100.000","%a.s.","21.023","deg","23.635","°C","1019.000","hPa","0.861","-0.02617","0.00035","0","0","13.56","Humid","28.00","0","54.00","360463.90","SABD0000000001","AAV1.0.0.11","1.1.2.0","PSt7-10","170328-007","9/30/2017 19:06:43","0000-00","0","no battery","V"
"09/09/2020","11:03:06","2","default","115855972","OXY_CH2","97.527","min","189.057","µmol/L","Humid","20.387","deg","78217","µV","30.028","°C","1016.000","hPa","35.3","pmil","0","53.237","deg","23.954","°C","100.000","%a.s.","21.023","deg","23.635","°C","1019.000","hPa","0.861","-0.02617","0.00035","0","0","13.56","Humid","28.00","0","54.00","360441.61","SABD0000000001","AAV1.0.0.11","1.1.2.0","PSt7-10","170328-007","9/30/2017 19:06:43","0000-00","0","no battery","V"
"09/09/2020","11:03:07","2","default","115855972","OXY_CH2","97.544","min","188.857","µmol/L","Humid","20.393","deg","78218","µV","30.044","°C","1016.000","hPa","35.3","pmil","0","53.237","deg","23.954","°C","100.000","%a.s.","21.023","deg","23.635","°C","1019.000","hPa","0.861","-0.02617","0.00035","0","0","13.56","Humid","28.00","0","54.00","360450.97","SABD0000000001","AAV1.0.0.11","1.1.2.0","PSt7-10","170328-007","9/30/2017 19:06:43","0000-00","0","no battery","V"
"09/09/2020","11:03:08","2","default","115855972","OXY_CH2","97.560","min","189.004","µmol/L","Humid","20.388","deg","78217","µV","30.034","°C","1016.000","hPa","35.3","pmil","0","53.237","deg","23.954","°C","100.000","%a.s.","21.023","deg","23.635","°C","1019.000","hPa","0.861","-0.02617","0.00035","0","0","13.56","Humid","28.00","0","54.00","360452.06","SABD0000000001","AAV1.0.0.11","1.1.2.0","PSt7-10","170328-007","9/30/2017 19:06:43","0000-00","0","no battery","V"
"09/09/2020","11:03:09","2","default","115855972","OXY_CH2","97.577","min","189.019","µmol/L","Humid","20.387","deg","78219","µV","30.035","°C","1016.000","hPa","35.3","pmil","0","53.237","deg","23.954","°C","100.000","%a.s.","21.023","deg","23.635","°C","1019.000","hPa","0.861","-0.02617","0.00035","0","0","13.56","Humid","28.00","0","54.00","360443.39","SABD0000000001","AAV1.0.0.11","1.1.2.0","PSt7-10","170328-007","9/30/2017 19:06:43","0000-00","0","no battery","V"
"09/09/2020","11:03:10","2","default","115855972","OXY_CH2","97.594","min","189.053","µmol/L","Humid","20.387","deg","78214","µV","30.028","°C","1015.000","hPa","35.3","pmil","0","53.237","deg","23.954","°C","100.000","%a.s.","21.023","deg","23.635","°C","1019.000","hPa","0.861","-0.02617","0.00035","0","0","13.56","Humid","28.00","0","54.00","360446.22","SABD0000000001","AAV1.0.0.11","1.1.2.0","PSt7-10","170328-007","9/30/2017 19:06:43","0000-00","0","no battery","V"
"09/09/2020","11:03:11","2","default","115855972","OXY_CH2","97.610","min","189.047","µmol/L","Humid","20.386","deg","78202","µV","30.033","°C","1016.000","hPa","35.3","pmil","0","53.237","deg","23.954","°C","100.000","%a.s.","21.023","deg","23.635","°C","1019.000","hPa","0.861","-0.02617","0.00035","0","0","13.56","Humid","28.00","0","54.00","360443.41","SABD0000000001","AAV1.0.0.11","1.1.2.0","PSt7-10","170328-007","9/30/2017 19:06:43","0000-00","0","no battery","V"
"09/09/2020","11:03:12","2","default","115855972","OXY_CH2","97.627","min","188.981","µmol/L","Humid","20.388","deg","78208","µV","30.038","°C","1016.000","hPa","35.3","pmil","0","53.237","deg","23.954","°C","100.000","%a.s.","21.023","deg","23.635","°C","1019.000","hPa","0.861","-0.02617","0.00035","0","0","13.56","Humid","28.00","0","54.00","360446.20","SABD0000000001","AAV1.0.0.11","1.1.2.0","PSt7-10","170328-007","9/30/2017 19:06:43","0000-00","0","no battery","V"
"09/09/2020","11:03:13","2","default","115855972","OXY_CH2","97.644","min","189.057","µmol/L","Humid","20.386","deg","78214","µV","30.031","°C","1016.000","hPa","35.3","pmil","0","53.237","deg","23.954","°C","100.000","%a.s.","21.023","deg","23.635","°C","1019.000","hPa","0.861","-0.02617","0.00035","0","0","13.56","Humid","28.00","0","54.00","360450.72","SABD0000000001","AAV1.0.0.11","1.1.2.0","PSt7-10","170328-007","9/30/2017 19:06:43","0000-00","0","no battery","V"
"09/09/2020","11:03:14","2","default","115855972","OXY_CH2","97.660","min","189.073","µmol/L","Humid","20.384","deg","78209","µV","30.034","°C","1016.000","hPa","35.3","pmil","0","53.237","deg","23.954","°C","100.000","%a.s.","21.023","deg","23.635","°C","1019.000","hPa","0.861","-0.02617","0.00035","0","0","13.56","Humid","28.00","0","54.00","360458.83","SABD0000000001","AAV1.0.0.11","1.1.2.0","PSt7-10","170328-007","9/30/2017 19:06:43","0000-00","0","no battery","V"
"09/09/2020","11:03:15","2","default","115855972","OXY_CH2","97.677","min","189.029","µmol/L","Humid","20.387","deg","78211","µV","30.033","°C","1016.000","hPa","35.3","pmil","0","53.237","deg","23.954","°C","100.000","%a.s.","21.023","deg","23.635","°C","1019.000","hPa","0.861","-0.02617","0.00035","0","0","13.56","Humid","28.00","0","54.00","360461.85","SABD0000000001","AAV1.0.0.11","1.1.2.0","PSt7-10","170328-007","9/30/2017 19:06:43","0000-00","0","no battery","V"
"09/09/2020","11:03:16","2","default","115855972","OXY_CH2","97.694","min","188.993","µmol/L","Humid","20.386","deg","78207","µV","30.042","°C","1016.000","hPa","35.3","pmil","0","53.237","deg","23.954","°C","100.000","%a.s.","21.023","deg","23.635","°C","1019.000","hPa","0.861","-0.02617","0.00035","0","0","13.56","Humid","28.00","0","54.00","360449.07","SABD0000000001","AAV1.0.0.11","1.1.2.0","PSt7-10","170328-007","9/30/2017 19:06:43","0000-00","0","no battery","V"
"09/09/2020","11:03:17","2","default","115855972","OXY_CH2","97.711","min","189.008","µmol/L","Humid","20.387","deg","78205","µV","30.037","°C","1016.000","hPa","35.3","pmil","0","53.237","deg","23.954","°C","100.000","%a.s.","21.023","deg","23.635","°C","1019.000","hPa","0.861","-0.02617","0.00035","0","0","13.56","Humid","28.00","0","54.00","360440.65","SABD0000000001","AAV1.0.0.11","1.1.2.0","PSt7-10","170328-007","9/30/2017 19:06:43","0000-00","0","no battery","V"
"09/09/2020","11:03:18","2","default","115855972","OXY_CH2","97.727","min","189.117","µmol/L","Humid","20.381","deg","78203","µV","30.036","°C","1016.000","hPa","35.3","pmil","0","53.237","deg","23.954","°C","100.000","%a.s.","21.023","deg","23.635","°C","1019.000","hPa","0.861","-0.02617","0.00035","0","0","13.56","Humid","28.00","0","54.00","360430.80","SABD0000000001","AAV1.0.0.11","1.1.2.0","PSt7-10","170328-007","9/30/2017 19:06:43","0000-00","0","no battery","V"
"09/09/2020","11:03:19","2","default","115855972","OXY_CH2","97.744","min","189.147","µmol/L","Humid","20.386","deg","78208","µV","30.016","°C","1016.000","hPa","35.3","pmil","0","53.237","deg","23.954","°C","100.000","%a.s.","21.023","deg","23.635","°C","1019.000","hPa","0.861","-0.02617","0.00035","0","0","13.56","Humid","28.00","0","54.00","360431.82","SABD0000000001","AAV1.0.0.11","1.1.2.0","PSt7-10","170328-007","9/30/2017 19:06:43","0000-00","0","no battery","V"
"09/09/2020","11:03:20","2","default","115855972","OXY_CH2","97.760","min","189.127","µmol/L","Humid","20.386","deg","78203","µV","30.020","°C","1016.000","hPa","35.3","pmil","0","53.237","deg","23.954","°C","100.000","%a.s.","21.023","deg","23.635","°C","1019.000","hPa","0.861","-0.02617","0.00035","0","0","13.56","Humid","28.00","0","54.00","360438.28","SABD0000000001","AAV1.0.0.11","1.1.2.0","PSt7-10","170328-007","9/30/2017 19:06:43","0000-00","0","no battery","V"
"09/09/2020","11:03:21","2","default","115855972","OXY_CH2","97.777","min","189.000","µmol/L","Humid","20.388","deg","78202","µV","30.035","°C","1016.000","hPa","35.3","pmil","0","53.237","deg","23.954","°C","100.000","%a.s.","21.023","deg","23.635","°C","1019.000","hPa","0.861","-0.02617","0.00035","0","0","13.56","Humid","28.00","0","54.00","360449.29","SABD0000000001","AAV1.0.0.11","1.1.2.0","PSt7-10","170328-007","9/30/2017 19:06:43","0000-00","0","no battery","V"
"09/09/2020","11:03:22","2","default","115855972","OXY_CH2","97.794","min","189.145","µmol/L","Humid","20.385","deg","78198","µV","30.020","°C","1016.000","hPa","35.3","pmil","0","53.237","deg","23.954","°C","100.000","%a.s.","21.023","deg","23.635","°C","1019.000","hPa","0.861","-0.02617","0.00035","0","0","13.56","Humid","28.00","0","54.00","360439.79","SABD0000000001","AAV1.0.0.11","1.1.2.0","PSt7-10","170328-007","9/30/2017 19:06:43","0000-00","0","no battery","V"
"09/09/2020","11:03:23","2","default","115855972","OXY_CH2","97.810","min","189.035","µmol/L","Humid","20.386","deg","78203","µV","30.035","°C","1016.000","hPa","35.3","pmil","0","53.237","deg","23.954","°C","100.000","%a.s.","21.023","deg","23.635","°C","1019.000","hPa","0.861","-0.02617","0.00035","0","0","13.56","Humid","28.00","0","54.00","360434.24","SABD0000000001","AAV1.0.0.11","1.1.2.0","PSt7-10","170328-007","9/30/2017 19:06:43","0000-00","0","no battery","V"
"09/09/2020","11:03:24","2","default","115855972","OXY_CH2","97.827","min","189.166","µmol/L","Humid","20.384","deg","78195","µV","30.019","°C","1016.000","hPa","35.3","pmil","0","53.237","deg","23.954","°C","100.000","%a.s.","21.023","deg","23.635","°C","1019.000","hPa","0.861","-0.02617","0.00035","0","0","13.56","Humid","28.00","0","54.00","360435.27","SABD0000000001","AAV1.0.0.11","1.1.2.0","PSt7-10","170328-007","9/30/2017 19:06:43","0000-00","0","no battery","V"
"09/09/2020","11:03:25","2","default","115855972","OXY_CH2","97.844","min","188.969","µmol/L","Humid","20.383","deg","78202","µV","30.055","°C","1016.000","hPa","35.3","pmil","0","53.237","deg","23.954","°C","100.000","%a.s.","21.023","deg","23.635","°C","1019.000","hPa","0.861","-0.02617","0.00035","0","0","13.56","Humid","28.00","0","54.00","360436.08","SABD0000000001","AAV1.0.0.11","1.1.2.0","PSt7-10","170328-007","9/30/2017 19:06:43","0000-00","0","no battery","V"
"09/09/2020","11:03:26","2","default","115855972","OXY_CH2","97.860","min","188.857","µmol/L","Humid","20.389","deg","78191","µV","30.056","°C","1016.000","hPa","35.3","pmil","0","53.237","deg","23.954","°C","100.000","%a.s.","21.023","deg","23.635","°C","1019.000","hPa","0.861","-0.02617","0.00035","0","0","13.56","Humid","28.00","0","54.00","360439.45","SABD0000000001","AAV1.0.0.11","1.1.2.0","PSt7-10","170328-007","9/30/2017 19:06:43","0000-00","0","no battery","V"
"09/09/2020","11:03:27","2","default","115855972","OXY_CH2","97.877","min","189.121","µmol/L","Humid","20.377","deg","78196","µV","30.047","°C","1016.000","hPa","35.3","pmil","0","53.237","deg","23.954","°C","100.000","%a.s.","21.023","deg","23.635","°C","1019.000","hPa","0.861","-0.02617","0.00035","0","0","13.56","Humid","28.00","0","54.00","360428.87","SABD0000000001","AAV1.0.0.11","1.1.2.0","PSt7-10","170328-007","9/30/2017 19:06:43","0000-00","0","no battery","V"
"09/09/2020","11:03:28","2","default","115855972","OXY_CH2","97.894","min","189.104","µmol/L","Humid","20.384","deg","78198","µV","30.029","°C","1016.000","hPa","35.3","pmil","0","53.237","deg","23.954","°C","100.000","%a.s.","21.023","deg","23.635","°C","1019.000","hPa","0.861","-0.02617","0.00035","0","0","13.56","Humid","28.00","0","54.00","360435.03","SABD0000000001","AAV1.0.0.11","1.1.2.0","PSt7-10","170328-007","9/30/2017 19:06:43","0000-00","0","no battery","V"
"09/09/2020","11:03:29","2","default","115855972","OXY_CH2","97.911","min","189.110","µmol/L","Humid","20.380","deg","78194","µV","30.040","°C","1016.000","hPa","35.3","pmil","0","53.237","deg","23.954","°C","100.000","%a.s.","21.023","deg","23.635","°C","1019.000","hPa","0.861","-0.02617","0.00035","0","0","13.56","Humid","28.00","0","54.00","360436.95","SABD0000000001","AAV1.0.0.11","1.1.2.0","PSt7-10","170328-007","9/30/2017 19:06:43","0000-00","0","no battery","V"
"09/09/2020","11:03:30","2","default","115855972","OXY_CH2","97.927","min","189.141","µmol/L","Humid","20.379","deg","78194","µV","30.038","°C","1016.000","hPa","35.3","pmil","0","53.237","deg","23.954","°C","100.000","%a.s.","21.023","deg","23.635","°C","1019.000","hPa","0.861","-0.02617","0.00035","0","0","13.56","Humid","28.00","0","54.00","360415.54","SABD0000000001","AAV1.0.0.11","1.1.2.0","PSt7-10","170328-007","9/30/2017 19:06:43","0000-00","0","no battery","V"
"09/09/2020","11:03:31","2","default","115855972","OXY_CH2","97.944","min","189.122","µmol/L","Humid","20.382","deg","78187","µV","30.032","°C","1016.000","hPa","35.3","pmil","0","53.237","deg","23.954","°C","100.000","%a.s.","21.023","deg","23.635","°C","1019.000","hPa","0.861","-0.02617","0.00035","0","0","13.56","Humid","28.00","0","54.00","360426.18","SABD0000000001","AAV1.0.0.11","1.1.2.0","PSt7-10","170328-007","9/30/2017 19:06:43","0000-00","0","no battery","V"
"09/09/2020","11:03:32","2","default","115855972","OXY_CH2","97.961","min","189.107","µmol/L","Humid","20.382","deg","78192","µV","30.035","°C","1016.000","hPa","35.3","pmil","0","53.237","deg","23.954","°C","100.000","%a.s.","21.023","deg","23.635","°C","1019.000","hPa","0.861","-0.02617","0.00035","0","0","13.56","Humid","28.00","0","54.00","360435.85","SABD0000000001","AAV1.0.0.11","1.1.2.0","PSt7-10","170328-007","9/30/2017 19:06:43","0000-00","0","no battery","V"
"09/09/2020","11:03:33","2","default","115855972","OXY_CH2","97.977","min","189.154","µmol/L","Humid","20.377","deg","78192","µV","30.041","°C","1016.000","hPa","35.3","pmil","0","53.237","deg","23.954","°C","100.000","%a.s.","21.023","deg","23.635","°C","1019.000","hPa","0.861","-0.02617","0.00035","0","0","13.56","Humid","28.00","0","54.00","360431.01","SABD0000000001","AAV1.0.0.11","1.1.2.0","PSt7-10","170328-007","9/30/2017 19:06:43","0000-00","0","no battery","V"
"09/09/2020","11:03:34","2","default","115855972","OXY_CH2","97.994","min","189.178","µmol/L","Humid","20.381","deg","78184","µV","30.026","°C","1016.000","hPa","35.3","pmil","0","53.237","deg","23.954","°C","100.000","%a.s.","21.023","deg","23.635","°C","1019.000","hPa","0.861","-0.02617","0.00035","0","0","13.56","Humid","28.00","0","54.00","360430.67","SABD0000000001","AAV1.0.0.11","1.1.2.0","PSt7-10","170328-007","9/30/2017 19:06:43","0000-00","0","no battery","V"
"09/09/2020","11:03:35","2","default","115855972","OXY_CH2","98.011","min","189.108","µmol/L","Humid","20.381","deg","78180","µV","30.037","°C","1016.000","hPa","35.3","pmil","0","53.237","deg","23.954","°C","100.000","%a.s.","21.023","deg","23.635","°C","1019.000","hPa","0.861","-0.02617","0.00035","0","0","13.56","Humid","28.00","0","54.00","360409.14","SABD0000000001","AAV1.0.0.11","1.1.2.0","PSt7-10","170328-007","9/30/2017 19:06:43","0000-00","0","no battery","V"
"09/09/2020","11:03:36","2","default","115855972","OXY_CH2","98.027","min","189.075","µmol/L","Humid","20.379","deg","78182","µV","30.049","°C","1016.000","hPa","35.3","pmil","0","53.237","deg","23.954","°C","100.000","%a.s.","21.023","deg","23.635","°C","1019.000","hPa","0.861","-0.02617","0.00035","0","0","13.56","Humid","28.00","0","54.00","360423.32","SABD0000000001","AAV1.0.0.11","1.1.2.0","PSt7-10","170328-007","9/30/2017 19:06:43","0000-00","0","no battery","V"
"09/09/2020","11:03:37","2","default","115855972","OXY_CH2","98.044","min","188.962","µmol/L","Humid","20.388","deg","78180","µV","30.041","°C","1016.000","hPa","35.3","pmil","0","53.237","deg","23.954","°C","100.000","%a.s.","21.023","deg","23.635","°C","1019.000","hPa","0.861","-0.02617","0.00035","0","0","13.56","Humid","28.00","0","54.00","360425.56","SABD0000000001","AAV1.0.0.11","1.1.2.0","PSt7-10","170328-007","9/30/2017 19:06:43","0000-00","0","no battery","V"
"09/09/2020","11:03:38","2","default","115855972","OXY_CH2","98.060","min","189.241","µmol/L","Humid","20.378","deg","78175","µV","30.024","°C","1016.000","hPa","35.3","pmil","0","53.237","deg","23.954","°C","100.000","%a.s.","21.023","deg","23.635","°C","1019.000","hPa","0.861","-0.02617","0.00035","0","0","13.56","Humid","28.00","0","54.00","360417.23","SABD0000000001","AAV1.0.0.11","1.1.2.0","PSt7-10","170328-007","9/30/2017 19:06:43","0000-00","0","no battery","V"
"09/09/2020","11:03:39","2","default","115855972","OXY_CH2","98.077","min","189.206","µmol/L","Humid","20.379","deg","78185","µV","30.027","°C","1016.000","hPa","35.3","pmil","0","53.237","deg","23.954","°C","100.000","%a.s.","21.023","deg","23.635","°C","1019.000","hPa","0.861","-0.02617","0.00035","0","0","13.56","Humid","28.00","0","54.00","360406.39","SABD0000000001","AAV1.0.0.11","1.1.2.0","PSt7-10","170328-007","9/30/2017 19:06:43","0000-00","0","no battery","V"
"09/09/2020","11:03:40","2","default","115855972","OXY_CH2","98.094","min","189.110","µmol/L","Humid","20.379","deg","78181","µV","30.043","°C","1016.000","hPa","35.3","pmil","0","53.237","deg","23.954","°C","100.000","%a.s.","21.023","deg","23.635","°C","1019.000","hPa","0.861","-0.02617","0.00035","0","0","13.56","Humid","28.00","0","54.00","360420.90","SABD0000000001","AAV1.0.0.11","1.1.2.0","PSt7-10","170328-007","9/30/2017 19:06:43","0000-00","0","no battery","V"
"09/09/2020","11:03:41","2","default","115855972","OXY_CH2","98.110","min","189.266","µmol/L","Humid","20.375","deg","78177","µV","30.028","°C","1016.000","hPa","35.3","pmil","0","53.237","deg","23.954","°C","100.000","%a.s.","21.023","deg","23.635","°C","1019.000","hPa","0.861","-0.02617","0.00035","0","0","13.56","Humid","28.00","0","54.00","360421.11","SABD0000000001","AAV1.0.0.11","1.1.2.0","PSt7-10","170328-007","9/30/2017 19:06:43","0000-00","0","no battery","V"
"09/09/2020","11:03:42","2","default","115855972","OXY_CH2","98.127","min","189.152","µmol/L","Humid","20.382","deg","78181","µV","30.027","°C","1016.000","hPa","35.3","pmil","0","53.237","deg","23.954","°C","100.000","%a.s.","21.023","deg","23.635","°C","1019.000","hPa","0.861","-0.02617","0.00035","0","0","13.56","Humid","28.00","0","54.00","360413.32","SABD0000000001","AAV1.0.0.11","1.1.2.0","PSt7-10","170328-007","9/30/2017 19:06:43","0000-00","0","no battery","V"
"09/09/2020","11:03:43","2","default","115855972","OXY_CH2","98.144","min","189.159","µmol/L","Humid","20.383","deg","78176","µV","30.023","°C","1016.000","hPa","35.3","pmil","0","53.237","deg","23.954","°C","100.000","%a.s.","21.023","deg","23.635","°C","1019.000","hPa","0.861","-0.02617","0.00035","0","0","13.56","Humid","28.00","0","54.00","360423.01","SABD0000000001","AAV1.0.0.11","1.1.2.0","PSt7-10","170328-007","9/30/2017 19:06:43","0000-00","0","no battery","V"
"09/09/2020","11:03:44","2","default","115855972","OXY_CH2","98.160","min","189.078","µmol/L","Humid","20.383","deg","78175","µV","30.036","°C","1016.000","hPa","35.3","pmil","0","53.237","deg","23.954","°C","100.000","%a.s.","21.023","deg","23.635","°C","1019.000","hPa","0.861","-0.02617","0.00035","0","0","13.56","Humid","28.00","0","54.00","360426.63","SABD0000000001","AAV1.0.0.11","1.1.2.0","PSt7-10","170328-007","9/30/2017 19:06:43","0000-00","0","no battery","V"
"09/09/2020","11:03:45","2","default","115855972","OXY_CH2","98.178","min","189.099","µmol/L","Humid","20.379","deg","78184","µV","30.045","°C","1016.000","hPa","35.3","pmil","0","53.237","deg","23.954","°C","100.000","%a.s.","21.023","deg","23.635","°C","1019.000","hPa","0.861","-0.02617","0.00035","0","0","13.56","Humid","28.00","0","54.00","360422.41","SABD0000000001","AAV1.0.0.11","1.1.2.0","PSt7-10","170328-007","9/30/2017 19:06:43","0000-00","0","no battery","V"
"09/09/2020","11:03:46","2","default","115855972","OXY_CH2","98.194","min","189.103","µmol/L","Humid","20.381","deg","78179","µV","30.037","°C","1015.000","hPa","35.3","pmil","0","53.237","deg","23.954","°C","100.000","%a.s.","21.023","deg","23.635","°C","1019.000","hPa","0.861","-0.02617","0.00035","0","0","13.56","Humid","28.00","0","54.00","360427.16","SABD0000000001","AAV1.0.0.11","1.1.2.0","PSt7-10","170328-007","9/30/2017 19:06:43","0000-00","0","no battery","V"
"09/09/2020","11:03:47","2","default","115855972","OXY_CH2","98.211","min","189.135","µmol/L","Humid","20.379","deg","78175","µV","30.039","°C","1016.000","hPa","35.3","pmil","0","53.237","deg","23.954","°C","100.000","%a.s.","21.023","deg","23.635","°C","1019.000","hPa","0.861","-0.02617","0.00035","0","0","13.56","Humid","28.00","0","54.00","360418.63","SABD0000000001","AAV1.0.0.11","1.1.2.0","PSt7-10","170328-007","9/30/2017 19:06:43","0000-00","0","no battery","V"
"09/09/2020","11:03:48","2","default","115855972","OXY_CH2","98.227","min","189.190","µmol/L","Humid","20.378","deg","78166","µV","30.032","°C","1016.000","hPa","35.3","pmil","0","53.237","deg","23.954","°C","100.000","%a.s.","21.023","deg","23.635","°C","1019.000","hPa","0.861","-0.02617","0.00035","0","0","13.56","Humid","28.00","0","54.00","360414.83","SABD0000000001","AAV1.0.0.11","1.1.2.0","PSt7-10","170328-007","9/30/2017 19:06:43","0000-00","0","no battery","V"
"09/09/2020","11:03:49","2","default","115855972","OXY_CH2","98.244","min","189.086","µmol/L","Humid","20.380","deg","78169","µV","30.044","°C","1016.000","hPa","35.3","pmil","0","53.237","deg","23.954","°C","100.000","%a.s.","21.023","deg","23.635","°C","1019.000","hPa","0.861","-0.02617","0.00035","0","0","13.56","Humid","28.00","0","54.00","360410.53","SABD0000000001","AAV1.0.0.11","1.1.2.0","PSt7-10","170328-007","9/30/2017 19:06:43","0000-00","0","no battery","V"
"09/09/2020","11:03:50","2","default","115855972","OXY_CH2","98.260","min","189.159","µmol/L","Humid","20.378","deg","78161","µV","30.038","°C","1016.000","hPa","35.3","pmil","0","53.237","deg","23.954","°C","100.000","%a.s.","21.023","deg","23.635","°C","1019.000","hPa","0.861","-0.02617","0.00035","0","0","13.56","Humid","28.00","0","54.00","360415.07","SABD0000000001","AAV1.0.0.11","1.1.2.0","PSt7-10","170328-007","9/30/2017 19:06:43","0000-00","0","no battery","V"
"09/09/2020","11:03:51","2","default","115855972","OXY_CH2","98.277","min","189.193","µmol/L","Humid","20.377","deg","78164","µV","30.035","°C","1016.000","hPa","35.3","pmil","0","53.237","deg","23.954","°C","100.000","%a.s.","21.023","deg","23.635","°C","1019.000","hPa","0.861","-0.02617","0.00035","0","0","13.56","Humid","28.00","0","54.00","360413.87","SABD0000000001","AAV1.0.0.11","1.1.2.0","PSt7-10","170328-007","9/30/2017 19:06:43","0000-00","0","no battery","V"
"09/09/2020","11:03:52","2","default","115855972","OXY_CH2","98.294","min","189.116","µmol/L","Humid","20.379","deg","78158","µV","30.042","°C","1016.000","hPa","35.3","pmil","0","53.237","deg","23.954","°C","100.000","%a.s.","21.023","deg","23.635","°C","1019.000","hPa","0.861","-0.02617","0.00035","0","0","13.56","Humid","28.00","0","54.00","360401.85","SABD0000000001","AAV1.0.0.11","1.1.2.0","PSt7-10","170328-007","9/30/2017 19:06:43","0000-00","0","no battery","V"
"09/09/2020","11:03:53","2","default","115855972","OXY_CH2","98.311","min","189.178","µmol/L","Humid","20.378","deg","78166","µV","30.034","°C","1016.000","hPa","35.3","pmil","0","53.237","deg","23.954","°C","100.000","%a.s.","21.023","deg","23.635","°C","1019.000","hPa","0.861","-0.02617","0.00035","0","0","13.56","Humid","28.00","0","54.00","360419.34","SABD0000000001","AAV1.0.0.11","1.1.2.0","PSt7-10","170328-007","9/30/2017 19:06:43","0000-00","0","no battery","V"
"09/09/2020","11:03:54","2","default","115855972","OXY_CH2","98.327","min","189.245","µmol/L","Humid","20.375","deg","78161","µV","30.031","°C","1015.000","hPa","35.3","pmil","0","53.237","deg","23.954","°C","100.000","%a.s.","21.023","deg","23.635","°C","1019.000","hPa","0.861","-0.02617","0.00035","0","0","13.56","Humid","28.00","0","54.00","360400.76","SABD0000000001","AAV1.0.0.11","1.1.2.0","PSt7-10","170328-007","9/30/2017 19:06:43","0000-00","0","no battery","V"
"09/09/2020","11:03:55","2","default","115855972","OXY_CH2","98.344","min","189.146","µmol/L","Humid","20.378","deg","78159","µV","30.040","°C","1016.000","hPa","35.3","pmil","0","53.237","deg","23.954","°C","100.000","%a.s.","21.023","deg","23.635","°C","1019.000","hPa","0.861","-0.02617","0.00035","0","0","13.56","Humid","28.00","0","54.00","360406.12","SABD0000000001","AAV1.0.0.11","1.1.2.0","PSt7-10","170328-007","9/30/2017 19:06:43","0000-00","0","no battery","V"
"09/09/2020","11:03:56","2","default","115855972","OXY_CH2","98.361","min","189.101","µmol/L","Humid","20.380","deg","78158","µV","30.041","°C","1016.000","hPa","35.3","pmil","0","53.237","deg","23.954","°C","100.000","%a.s.","21.023","deg","23.635","°C","1019.000","hPa","0.861","-0.02617","0.00035","0","0","13.56","Humid","28.00","0","54.00","360396.92","SABD0000000001","AAV1.0.0.11","1.1.2.0","PSt7-10","170328-007","9/30/2017 19:06:43","0000-00","0","no battery","V"
"09/09/2020","11:03:57","2","default","115855972","OXY_CH2","98.377","min","189.194","µmol/L","Humid","20.376","deg","78158","µV","30.037","°C","1016.000","hPa","35.3","pmil","0","53.237","deg","23.954","°C","100.000","%a.s.","21.023","deg","23.635","°C","1019.000","hPa","0.861","-0.02617","0.00035","0","0","13.56","Humid","28.00","0","54.00","360410.18","SABD0000000001","AAV1.0.0.11","1.1.2.0","PSt7-10","170328-007","9/30/2017 19:06:43","0000-00","0","no battery","V"
"09/09/2020","11:03:58","2","default","115855972","OXY_CH2","98.394","min","189.179","µmol/L","Humid","20.375","deg","78159","µV","30.043","°C","1016.000","hPa","35.3","pmil","0","53.237","deg","23.954","°C","100.000","%a.s.","21.023","deg","23.635","°C","1019.000","hPa","0.861","-0.02617","0.00035","0","0","13.56","Humid","28.00","0","54.00","360401.30","SABD0000000001","AAV1.0.0.11","1.1.2.0","PSt7-10","170328-007","9/30/2017 19:06:43","0000-00","0","no battery","V"
"09/09/2020","11:03:59","2","default","115855972","OXY_CH2","98.410","min","189.224","µmol/L","Humid","20.373","deg","78153","µV","30.040","°C","1015.000","hPa","35.3","pmil","0","53.237","deg","23.954","°C","100.000","%a.s.","21.023","deg","23.635","°C","1019.000","hPa","0.861","-0.02617","0.00035","0","0","13.56","Humid","28.00","0","54.00","360395.76","SABD0000000001","AAV1.0.0.11","1.1.2.0","PSt7-10","170328-007","9/30/2017 19:06:43","0000-00","0","no battery","V"
"09/09/2020","11:04:00","2","default","115855972","OXY_CH2","98.428","min","189.275","µmol/L","Humid","20.374","deg","78152","µV","30.030","°C","1016.000","hPa","35.3","pmil","0","53.237","deg","23.954","°C","100.000","%a.s.","21.023","deg","23.635","°C","1019.000","hPa","0.861","-0.02617","0.00035","0","0","13.56","Humid","28.00","0","54.00","360401.96","SABD0000000001","AAV1.0.0.11","1.1.2.0","PSt7-10","170328-007","9/30/2017 19:06:43","0000-00","0","no battery","V"
"09/09/2020","11:04:01","2","default","115855972","OXY_CH2","98.444","min","189.340","µmol/L","Humid","20.372","deg","78152","µV","30.025","°C","1016.000","hPa","35.3","pmil","0","53.237","deg","23.954","°C","100.000","%a.s.","21.023","deg","23.635","°C","1019.000","hPa","0.861","-0.02617","0.00035","0","0","13.56","Humid","28.00","0","54.00","360382.81","SABD0000000001","AAV1.0.0.11","1.1.2.0","PSt7-10","170328-007","9/30/2017 19:06:43","0000-00","0","no battery","V"
"09/09/2020","11:04:02","2","default","115855972","OXY_CH2","98.461","min","189.127","µmol/L","Humid","20.383","deg","78151","µV","30.028","°C","1016.000","hPa","35.3","pmil","0","53.237","deg","23.954","°C","100.000","%a.s.","21.023","deg","23.635","°C","1019.000","hPa","0.861","-0.02617","0.00035","0","0","13.56","Humid","28.00","0","54.00","360401.49","SABD0000000001","AAV1.0.0.11","1.1.2.0","PSt7-10","170328-007","9/30/2017 19:06:43","0000-00","0","no battery","V"
"09/09/2020","11:04:03","2","default","115855972","OXY_CH2","98.477","min","189.117","µmol/L","Humid","20.375","deg","78151","µV","30.053","°C","1016.000","hPa","35.3","pmil","0","53.237","deg","23.954","°C","100.000","%a.s.","21.023","deg","23.635","°C","1019.000","hPa","0.861","-0.02617","0.00035","0","0","13.56","Humid","28.00","0","54.00","360397.28","SABD0000000001","AAV1.0.0.11","1.1.2.0","PSt7-10","170328-007","9/30/2017 19:06:43","0000-00","0","no battery","V"
"09/09/2020","11:04:04","2","default","115855972","OXY_CH2","98.494","min","189.064","µmol/L","Humid","20.379","deg","78154","µV","30.051","°C","1016.000","hPa","35.3","pmil","0","53.237","deg","23.954","°C","100.000","%a.s.","21.023","deg","23.635","°C","1019.000","hPa","0.861","-0.02617","0.00035","0","0","13.56","Humid","28.00","0","54.00","360397.19","SABD0000000001","AAV1.0.0.11","1.1.2.0","PSt7-10","170328-007","9/30/2017 19:06:43","0000-00","0","no battery","V"
"09/09/2020","11:04:05","2","default","115855972","OXY_CH2","98.511","min","189.199","µmol/L","Humid","20.374","deg","78152","µV","30.043","°C","1016.000","hPa","35.3","pmil","0","53.237","deg","23.954","°C","100.000","%a.s.","21.023","deg","23.635","°C","1019.000","hPa","0.861","-0.02617","0.00035","0","0","13.56","Humid","28.00","0","54.00","360384.39","SABD0000000001","AAV1.0.0.11","1.1.2.0","PSt7-10","170328-007","9/30/2017 19:06:43","0000-00","0","no battery","V"
"09/09/2020","11:04:06","2","default","115855972","OXY_CH2","98.527","min","189.154","µmol/L","Humid","20.371","deg","78145","µV","30.059","°C","1016.000","hPa","35.3","pmil","0","53.237","deg","23.954","°C","100.000","%a.s.","21.023","deg","23.635","°C","1019.000","hPa","0.861","-0.02617","0.00035","0","0","13.56","Humid","28.00","0","54.00","360387.02","SABD0000000001","AAV1.0.0.11","1.1.2.0","PSt7-10","170328-007","9/30/2017 19:06:43","0000-00","0","no battery","V"
"09/09/2020","11:04:07","2","default","115855972","OXY_CH2","98.544","min","189.149","µmol/L","Humid","20.377","deg","78142","µV","30.042","°C","1016.000","hPa","35.3","pmil","0","53.237","deg","23.954","°C","100.000","%a.s.","21.023","deg","23.635","°C","1019.000","hPa","0.861","-0.02617","0.00035","0","0","13.56","Humid","28.00","0","54.00","360384.71","SABD0000000001","AAV1.0.0.11","1.1.2.0","PSt7-10","170328-007","9/30/2017 19:06:43","0000-00","0","no battery","V"
"09/09/2020","11:04:08","2","default","115855972","OXY_CH2","98.561","min","189.274","µmol/L","Humid","20.372","deg","78144","µV","30.036","°C","1016.000","hPa","35.3","pmil","0","53.237","deg","23.954","°C","100.000","%a.s.","21.023","deg","23.635","°C","1019.000","hPa","0.861","-0.02617","0.00035","0","0","13.56","Humid","28.00","0","54.00","360392.66","SABD0000000001","AAV1.0.0.11","1.1.2.0","PSt7-10","170328-007","9/30/2017 19:06:43","0000-00","0","no battery","V"
"09/09/2020","11:04:09","2","default","115855972","OXY_CH2","98.578","min","189.157","µmol/L","Humid","20.375","deg","78141","µV","30.047","°C","1016.000","hPa","35.3","pmil","0","53.237","deg","23.954","°C","100.000","%a.s.","21.023","deg","23.635","°C","1019.000","hPa","0.861","-0.02617","0.00035","0","0","13.56","Humid","28.00","0","54.00","360400.12","SABD0000000001","AAV1.0.0.11","1.1.2.0","PSt7-10","170328-007","9/30/2017 19:06:43","0000-00","0","no battery","V"
"09/09/2020","11:04:10","2","default","115855972","OXY_CH2","98.594","min","189.202","µmol/L","Humid","20.376","deg","78139","µV","30.036","°C","1016.000","hPa","35.3","pmil","0","53.237","deg","23.954","°C","100.000","%a.s.","21.023","deg","23.635","°C","1019.000","hPa","0.861","-0.02617","0.00035","0","0","13.56","Humid","28.00","0","54.00","360392.34","SABD0000000001","AAV1.0.0.11","1.1.2.0","PSt7-10","170328-007","9/30/2017 19:06:43","0000-00","0","no battery","V"
"09/09/2020","11:04:11","2","default","115855972","OXY_CH2","98.610","min","189.299","µmol/L","Humid","20.373","deg","78146","µV","30.027","°C","1015.000","hPa","35.3","pmil","0","53.237","deg","23.954","°C","100.000","%a.s.","21.023","deg","23.635","°C","1019.000","hPa","0.861","-0.02617","0.00035","0","0","13.56","Humid","28.00","0","54.00","360390.60","SABD0000000001","AAV1.0.0.11","1.1.2.0","PSt7-10","170328-007","9/30/2017 19:06:43","0000-00","0","no battery","V"
"09/09/2020","11:04:12","2","default","115855972","OXY_CH2","98.628","min","189.140","µmol/L","Humid","20.377","deg","78134","µV","30.042","°C","1015.000","hPa","35.3","pmil","0","53.237","deg","23.954","°C","100.000","%a.s.","21.023","deg","23.635","°C","1019.000","hPa","0.861","-0.02617","0.00035","0","0","13.56","Humid","28.00","0","54.00","360384.86","SABD0000000001","AAV1.0.0.11","1.1.2.0","PSt7-10","170328-007","9/30/2017 19:06:43","0000-00","0","no battery","V"
"09/09/2020","11:04:13","2","default","115855972","OXY_CH2","98.644","min","189.174","µmol/L","Humid","20.375","deg","78139","µV","30.044","°C","1016.000","hPa","35.3","pmil","0","53.237","deg","23.954","°C","100.000","%a.s.","21.023","deg","23.635","°C","1019.000","hPa","0.861","-0.02617","0.00035","0","0","13.56","Humid","28.00","0","54.00","360388.06","SABD0000000001","AAV1.0.0.11","1.1.2.0","PSt7-10","170328-007","9/30/2017 19:06:43","0000-00","0","no battery","V"
"09/09/2020","11:04:14","2","default","115855972","OXY_CH2","98.661","min","189.377","µmol/L","Humid","20.366","deg","78133","µV","30.036","°C","1016.000","hPa","35.3","pmil","0","53.237","deg","23.954","°C","100.000","%a.s.","21.023","deg","23.635","°C","1019.000","hPa","0.861","-0.02617","0.00035","0","0","13.56","Humid","28.00","0","54.00","360383.57","SABD0000000001","AAV1.0.0.11","1.1.2.0","PSt7-10","170328-007","9/30/2017 19:06:43","0000-00","0","no battery","V"
"09/09/2020","11:04:15","2","default","115855972","OXY_CH2","98.678","min","189.320","µmol/L","Humid","20.372","deg","78138","µV","30.028","°C","1016.000","hPa","35.3","pmil","0","53.237","deg","23.954","°C","100.000","%a.s.","21.023","deg","23.635","°C","1019.000","hPa","0.861","-0.02617","0.00035","0","0","13.56","Humid","28.00","0","54.00","360382.40","SABD0000000001","AAV1.0.0.11","1.1.2.0","PSt7-10","170328-007","9/30/2017 19:06:43","0000-00","0","no battery","V"
"09/09/2020","11:04:16","2","default","115855972","OXY_CH2","98.694","min","189.253","µmol/L","Humid","20.374","deg","78134","µV","30.034","°C","1016.000","hPa","35.3","pmil","0","53.237","deg","23.954","°C","100.000","%a.s.","21.023","deg","23.635","°C","1019.000","hPa","0.861","-0.02617","0.00035","0","0","13.56","Humid","28.00","0","54.00","360382.21","SABD0000000001","AAV1.0.0.11","1.1.2.0","PSt7-10","170328-007","9/30/2017 19:06:43","0000-00","0","no battery","V"
"09/09/2020","11:04:17","2","default","115855972","OXY_CH2","98.711","min","189.372","µmol/L","Humid","20.370","deg","78135","µV","30.025","°C","1016.000","hPa","35.3","pmil","0","53.237","deg","23.954","°C","100.000","%a.s.","21.023","deg","23.635","°C","1019.000","hPa","0.861","-0.02617","0.00035","0","0","13.56","Humid","28.00","0","54.00","360376.55","SABD0000000001","AAV1.0.0.11","1.1.2.0","PSt7-10","170328-007","9/30/2017 19:06:43","0000-00","0","no battery","V"
"09/09/2020","11:04:18","2","default","115855972","OXY_CH2","98.727","min","189.198","µmol/L","Humid","20.375","deg","78134","µV","30.040","°C","1016.000","hPa","35.3","pmil","0","53.237","deg","23.954","°C","100.000","%a.s.","21.023","deg","23.635","°C","1019.000","hPa","0.861","-0.02617","0.00035","0","0","13.56","Humid","28.00","0","54.00","360380.96","SABD0000000001","AAV1.0.0.11","1.1.2.0","PSt7-10","170328-007","9/30/2017 19:06:43","0000-00","0","no battery","V"
"09/09/2020","11:04:19","2","default","115855972","OXY_CH2","98.744","min","189.240","µmol/L","Humid","20.373","deg","78137","µV","30.039","°C","1016.000","hPa","35.3","pmil","0","53.237","deg","23.954","°C","100.000","%a.s.","21.023","deg","23.635","°C","1019.000","hPa","0.861","-0.02617","0.00035","0","0","13.56","Humid","28.00","0","54.00","360379.92","SABD0000000001","AAV1.0.0.11","1.1.2.0","PSt7-10","170328-007","9/30/2017 19:06:43","0000-00","0","no battery","V"
"09/09/2020","11:04:20","2","default","115855972","OXY_CH2","98.761","min","189.337","µmol/L","Humid","20.370","deg","78126","µV","30.030","°C","1015.000","hPa","35.3","pmil","0","53.237","deg","23.954","°C","100.000","%a.s.","21.023","deg","23.635","°C","1019.000","hPa","0.861","-0.02617","0.00035","0","0","13.56","Humid","28.00","0","54.00","360369.11","SABD0000000001","AAV1.0.0.11","1.1.2.0","PSt7-10","170328-007","9/30/2017 19:06:43","0000-00","0","no battery","V"
"09/09/2020","11:04:21","2","default","115855972","OXY_CH2","98.777","min","189.384","µmol/L","Humid","20.369","deg","78133","µV","30.026","°C","1016.000","hPa","35.3","pmil","0","53.237","deg","23.954","°C","100.000","%a.s.","21.023","deg","23.635","°C","1019.000","hPa","0.861","-0.02617","0.00035","0","0","13.56","Humid","28.00","0","54.00","360385.54","SABD0000000001","AAV1.0.0.11","1.1.2.0","PSt7-10","170328-007","9/30/2017 19:06:43","0000-00","0","no battery","V"
"09/09/2020","11:04:22","2","default","115855972","OXY_CH2","98.794","min","189.359","µmol/L","Humid","20.369","deg","78134","µV","30.030","°C","1016.000","hPa","35.3","pmil","0","53.237","deg","23.954","°C","100.000","%a.s.","21.023","deg","23.635","°C","1019.000","hPa","0.861","-0.02617","0.00035","0","0","13.56","Humid","28.00","0","54.00","360370.31","SABD0000000001","AAV1.0.0.11","1.1.2.0","PSt7-10","170328-007","9/30/2017 19:06:43","0000-00","0","no battery","V"
"09/09/2020","11:04:23","2","default","115855972","OXY_CH2","98.811","min","189.237","µmol/L","Humid","20.371","deg","78125","µV","30.045","°C","1016.000","hPa","35.3","pmil","0","53.237","deg","23.954","°C","100.000","%a.s.","21.023","deg","23.635","°C","1019.000","hPa","0.861","-0.02617","0.00035","0","0","13.56","Humid","28.00","0","54.00","360383.99","SABD0000000001","AAV1.0.0.11","1.1.2.0","PSt7-10","170328-007","9/30/2017 19:06:43","0000-00","0","no battery","V"
"09/09/2020","11:04:24","2","default","115855972","OXY_CH2","98.827","min","189.208","µmol/L","Humid","20.369","deg","78127","µV","30.056","°C","1016.000","hPa","35.3","pmil","0","53.237","deg","23.954","°C","100.000","%a.s.","21.023","deg","23.635","°C","1019.000","hPa","0.861","-0.02617","0.00035","0","0","13.56","Humid","28.00","0","54.00","360376.13","SABD0000000001","AAV1.0.0.11","1.1.2.0","PSt7-10","170328-007","9/30/2017 19:06:43","0000-00","0","no battery","V"
"09/09/2020","11:04:25","2","default","115855972","OXY_CH2","98.844","min","189.222","µmol/L","Humid","20.373","deg","78130","µV","30.042","°C","1016.000","hPa","35.3","pmil","0","53.237","deg","23.954","°C","100.000","%a.s.","21.023","deg","23.635","°C","1019.000","hPa","0.861","-0.02617","0.00035","0","0","13.56","Humid","28.00","0","54.00","360382.71","SABD0000000001","AAV1.0.0.11","1.1.2.0","PSt7-10","170328-007","9/30/2017 19:06:43","0000-00","0","no battery","V"
"09/09/2020","11:04:26","2","default","115855972","OXY_CH2","98.861","min","189.227","µmol/L","Humid","20.370","deg","78127","µV","30.049","°C","1016.000","hPa","35.3","pmil","0","53.237","deg","23.954","°C","100.000","%a.s.","21.023","deg","23.635","°C","1019.000","hPa","0.861","-0.02617","0.00035","0","0","13.56","Humid","28.00","0","54.00","360377.49","SABD0000000001","AAV1.0.0.11","1.1.2.0","PSt7-10","170328-007","9/30/2017 19:06:43","0000-00","0","no battery","V"
"09/09/2020","11:04:27","2","default","115855972","OXY_CH2","98.878","min","189.219","µmol/L","Humid","20.371","deg","78131","µV","30.048","°C","1016.000","hPa","35.3","pmil","0","53.237","deg","23.954","°C","100.000","%a.s.","21.023","deg","23.635","°C","1019.000","hPa","0.861","-0.02617","0.00035","0","0","13.56","Humid","28.00","0","54.00","360380.92","SABD0000000001","AAV1.0.0.11","1.1.2.0","PSt7-10","170328-007","9/30/2017 19:06:43","0000-00","0","no battery","V"
"09/09/2020","11:04:28","2","default","115855972","OXY_CH2","98.894","min","189.247","µmol/L","Humid","20.371","deg","78128","µV","30.043","°C","1016.000","hPa","35.3","pmil","0","53.237","deg","23.954","°C","100.000","%a.s.","21.023","deg","23.635","°C","1019.000","hPa","0.861","-0.02617","0.00035","0","0","13.56","Humid","28.00","0","54.00","360370.70","SABD0000000001","AAV1.0.0.11","1.1.2.0","PSt7-10","170328-007","9/30/2017 19:06:43","0000-00","0","no battery","V"
"09/09/2020","11:04:29","2","default","115855972","OXY_CH2","98.911","min","189.255","µmol/L","Humid","20.371","deg","78122","µV","30.042","°C","1016.000","hPa","35.3","pmil","0","53.237","deg","23.954","°C","100.000","%a.s.","21.023","deg","23.635","°C","1019.000","hPa","0.861","-0.02617","0.00035","0","0","13.56","Humid","28.00","0","54.00","360352.34","SABD0000000001","AAV1.0.0.11","1.1.2.0","PSt7-10","170328-007","9/30/2017 19:06:43","0000-00","0","no battery","V"
"09/09/2020","11:04:30","2","default","115855972","OXY_CH2","98.927","min","189.267","µmol/L","Humid","20.373","deg","78124","µV","30.034","°C","1016.000","hPa","35.3","pmil","0","53.237","deg","23.954","°C","100.000","%a.s.","21.023","deg","23.635","°C","1019.000","hPa","0.861","-0.02617","0.00035","0","0","13.56","Humid","28.00","0","54.00","360361.57","SABD0000000001","AAV1.0.0.11","1.1.2.0","PSt7-10","170328-007","9/30/2017 19:06:43","0000-00","0","no battery","V"
"09/09/2020","11:04:31","2","default","115855972","OXY_CH2","98.944","min","189.284","µmol/L","Humid","20.369","deg","78122","µV","30.043","°C","1016.000","hPa","35.3","pmil","0","53.237","deg","23.954","°C","100.000","%a.s.","21.023","deg","23.635","°C","1019.000","hPa","0.861","-0.02617","0.00035","0","0","13.56","Humid","28.00","0","54.00","360361.39","SABD0000000001","AAV1.0.0.11","1.1.2.0","PSt7-10","170328-007","9/30/2017 19:06:43","0000-00","0","no battery","V"
"09/09/2020","11:04:32","2","default","115855972","OXY_CH2","98.961","min","189.271","µmol/L","Humid","20.370","deg","78122","µV","30.042","°C","1016.000","hPa","35.3","pmil","0","53.237","deg","23.954","°C","100.000","%a.s.","21.023","deg","23.635","°C","1019.000","hPa","0.861","-0.02617","0.00035","0","0","13.56","Humid","28.00","0","54.00","360356.81","SABD0000000001","AAV1.0.0.11","1.1.2.0","PSt7-10","170328-007","9/30/2017 19:06:43","0000-00","0","no battery","V"
"09/09/2020","11:04:33","2","default","115855972","OXY_CH2","98.977","min","189.291","µmol/L","Humid","20.367","deg","78116","µV","30.048","°C","1016.000","hPa","35.3","pmil","0","53.237","deg","23.954","°C","100.000","%a.s.","21.023","deg","23.635","°C","1019.000","hPa","0.861","-0.02617","0.00035","0","0","13.56","Humid","28.00","0","54.00","360368.47","SABD0000000001","AAV1.0.0.11","1.1.2.0","PSt7-10","170328-007","9/30/2017 19:06:43","0000-00","0","no battery","V"
"09/09/2020","11:04:34","2","default","115855972","OXY_CH2","98.994","min","189.282","µmol/L","Humid","20.370","deg","78113","µV","30.040","°C","1016.000","hPa","35.3","pmil","0","53.237","deg","23.954","°C","100.000","%a.s.","21.023","deg","23.635","°C","1019.000","hPa","0.861","-0.02617","0.00035","0","0","13.56","Humid","28.00","0","54.00","360367.50","SABD0000000001","AAV1.0.0.11","1.1.2.0","PSt7-10","170328-007","9/30/2017 19:06:43","0000-00","0","no battery","V"
"09/09/2020","11:04:35","2","default","115855972","OXY_CH2","99.010","min","189.421","µmol/L","Humid","20.366","deg","78115","µV","30.029","°C","1016.000","hPa","35.3","pmil","0","53.237","deg","23.954","°C","100.000","%a.s.","21.023","deg","23.635","°C","1019.000","hPa","0.861","-0.02617","0.00035","0","0","13.56","Humid","28.00","0","54.00","360343.49","SABD0000000001","AAV1.0.0.11","1.1.2.0","PSt7-10","170328-007","9/30/2017 19:06:43","0000-00","0","no battery","V"
"09/09/2020","11:04:36","2","default","115855972","OXY_CH2","99.027","min","189.357","µmol/L","Humid","20.369","deg","78117","µV","30.031","°C","1016.000","hPa","35.3","pmil","0","53.237","deg","23.954","°C","100.000","%a.s.","21.023","deg","23.635","°C","1019.000","hPa","0.861","-0.02617","0.00035","0","0","13.56","Humid","28.00","0","54.00","360361.98","SABD0000000001","AAV1.0.0.11","1.1.2.0","PSt7-10","170328-007","9/30/2017 19:06:43","0000-00","0","no battery","V"
"09/09/2020","11:04:37","2","default","115855972","OXY_CH2","99.044","min","189.429","µmol/L","Humid","20.364","deg","78119","µV","30.033","°C","1016.000","hPa","35.3","pmil","0","53.237","deg","23.954","°C","100.000","%a.s.","21.023","deg","23.635","°C","1019.000","hPa","0.861","-0.02617","0.00035","0","0","13.56","Humid","28.00","0","54.00","360353.52","SABD0000000001","AAV1.0.0.11","1.1.2.0","PSt7-10","170328-007","9/30/2017 19:06:43","0000-00","0","no battery","V"
"09/09/2020","11:04:38","2","default","115855972","OXY_CH2","99.060","min","189.392","µmol/L","Humid","20.365","deg","78112","µV","30.036","°C","1016.000","hPa","35.3","pmil","0","53.237","deg","23.954","°C","100.000","%a.s.","21.023","deg","23.635","°C","1019.000","hPa","0.861","-0.02617","0.00035","0","0","13.56","Humid","28.00","0","54.00","360342.78","SABD0000000001","AAV1.0.0.11","1.1.2.0","PSt7-10","170328-007","9/30/2017 19:06:43","0000-00","0","no battery","V"
"09/09/2020","11:04:39","2","default","115855972","OXY_CH2","99.077","min","189.412","µmol/L","Humid","20.365","deg","78114","µV","30.033","°C","1016.000","hPa","35.3","pmil","0","53.237","deg","23.954","°C","100.000","%a.s.","21.023","deg","23.635","°C","1019.000","hPa","0.861","-0.02617","0.00035","0","0","13.56","Humid","28.00","0","54.00","360344.72","SABD0000000001","AAV1.0.0.11","1.1.2.0","PSt7-10","170328-007","9/30/2017 19:06:43","0000-00","0","no battery","V"
"09/09/2020","11:04:40","2","default","115855972","OXY_CH2","99.094","min","189.466","µmol/L","Humid","20.365","deg","78104","µV","30.024","°C","1016.000","hPa","35.3","pmil","0","53.237","deg","23.954","°C","100.000","%a.s.","21.023","deg","23.635","°C","1019.000","hPa","0.861","-0.02617","0.00035","0","0","13.56","Humid","28.00","0","54.00","360352.74","SABD0000000001","AAV1.0.0.11","1.1.2.0","PSt7-10","170328-007","9/30/2017 19:06:43","0000-00","0","no battery","V"
"09/09/2020","11:04:41","2","default","115855972","OXY_CH2","99.111","min","189.376","µmol/L","Humid","20.369","deg","78102","µV","30.028","°C","1016.000","hPa","35.3","pmil","0","53.237","deg","23.954","°C","100.000","%a.s.","21.023","deg","23.635","°C","1019.000","hPa","0.861","-0.02617","0.00035","0","0","13.56","Humid","28.00","0","54.00","360334.31","SABD0000000001","AAV1.0.0.11","1.1.2.0","PSt7-10","170328-007","9/30/2017 19:06:43","0000-00","0","no battery","V"
"09/09/2020","11:04:42","2","default","115855972","OXY_CH2","99.128","min","189.242","µmol/L","Humid","20.367","deg","78103","µV","30.056","°C","1016.000","hPa","35.3","pmil","0","53.237","deg","23.954","°C","100.000","%a.s.","21.023","deg","23.635","°C","1019.000","hPa","0.861","-0.02617","0.00035","0","0","13.56","Humid","28.00","0","54.00","360346.15","SABD0000000001","AAV1.0.0.11","1.1.2.0","PSt7-10","170328-007","9/30/2017 19:06:43","0000-00","0","no battery","V"
"09/09/2020","11:04:43","2","default","115855972","OXY_CH2","99.144","min","189.305","µmol/L","Humid","20.366","deg","78102","µV","30.048","°C","1016.000","hPa","35.3","pmil","0","53.237","deg","23.954","°C","100.000","%a.s.","21.023","deg","23.635","°C","1019.000","hPa","0.861","-0.02617","0.00035","0","0","13.56","Humid","28.00","0","54.00","360338.19","SABD0000000001","AAV1.0.0.11","1.1.2.0","PSt7-10","170328-007","9/30/2017 19:06:43","0000-00","0","no battery","V"
"09/09/2020","11:04:44","2","default","115855972","OXY_CH2","99.161","min","189.316","µmol/L","Humid","20.367","deg","78103","µV","30.043","°C","1016.000","hPa","35.3","pmil","0","53.237","deg","23.954","°C","100.000","%a.s.","21.023","deg","23.635","°C","1019.000","hPa","0.861","-0.02617","0.00035","0","0","13.56","Humid","28.00","0","54.00","360356.03","SABD0000000001","AAV1.0.0.11","1.1.2.0","PSt7-10","170328-007","9/30/2017 19:06:43","0000-00","0","no battery","V"
"09/09/2020","11:04:45","2","default","115855972","OXY_CH2","99.177","min","189.494","µmol/L","Humid","20.363","deg","78105","µV","30.025","°C","1016.000","hPa","35.3","pmil","0","53.237","deg","23.954","°C","100.000","%a.s.","21.023","deg","23.635","°C","1019.000","hPa","0.861","-0.02617","0.00035","0","0","13.56","Humid","28.00","0","54.00","360342.32","SABD0000000001","AAV1.0.0.11","1.1.2.0","PSt7-10","170328-007","9/30/2017 19:06:43","0000-00","0","no battery","V"
"09/09/2020","11:04:46","2","default","115855972","OXY_CH2","99.194","min","189.373","µmol/L","Humid","20.365","deg","78107","µV","30.040","°C","1016.000","hPa","35.3","pmil","0","53.237","deg","23.954","°C","100.000","%a.s.","21.023","deg","23.635","°C","1019.000","hPa","0.861","-0.02617","0.00035","0","0","13.56","Humid","28.00","0","54.00","360346.17","SABD0000000001","AAV1.0.0.11","1.1.2.0","PSt7-10","170328-007","9/30/2017 19:06:43","0000-00","0","no battery","V"
"09/09/2020","11:04:47","2","default","115855972","OXY_CH2","99.210","min","189.366","µmol/L","Humid","20.364","deg","78101","µV","30.042","°C","1015.000","hPa","35.3","pmil","0","53.237","deg","23.954","°C","100.000","%a.s.","21.023","deg","23.635","°C","1019.000","hPa","0.861","-0.02617","0.00035","0","0","13.56","Humid","28.00","0","54.00","360345.99","SABD0000000001","AAV1.0.0.11","1.1.2.0","PSt7-10","170328-007","9/30/2017 19:06:43","0000-00","0","no battery","V"
"09/09/2020","11:04:48","2","default","115855972","OXY_CH2","99.227","min","189.411","µmol/L","Humid","20.364","deg","78095","µV","30.036","°C","1016.000","hPa","35.3","pmil","0","53.237","deg","23.954","°C","100.000","%a.s.","21.023","deg","23.635","°C","1019.000","hPa","0.861","-0.02617","0.00035","0","0","13.56","Humid","28.00","0","54.00","360347.82","SABD0000000001","AAV1.0.0.11","1.1.2.0","PSt7-10","170328-007","9/30/2017 19:06:43","0000-00","0","no battery","V"
"09/09/2020","11:04:49","2","default","115855972","OXY_CH2","99.244","min","189.445","µmol/L","Humid","20.365","deg","78094","µV","30.028","°C","1016.000","hPa","35.3","pmil","0","53.237","deg","23.954","°C","100.000","%a.s.","21.023","deg","23.635","°C","1019.000","hPa","0.861","-0.02617","0.00035","0","0","13.56","Humid","28.00","0","54.00","360338.30","SABD0000000001","AAV1.0.0.11","1.1.2.0","PSt7-10","170328-007","9/30/2017 19:06:43","0000-00","0","no battery","V"
"09/09/2020","11:04:50","2","default","115855972","OXY_CH2","99.260","min","189.437","µmol/L","Humid","20.364","deg","78100","µV","30.032","°C","1016.000","hPa","35.3","pmil","0","53.237","deg","23.954","°C","100.000","%a.s.","21.023","deg","23.635","°C","1019.000","hPa","0.861","-0.02617","0.00035","0","0","13.56","Humid","28.00","0","54.00","360349.79","SABD0000000001","AAV1.0.0.11","1.1.2.0","PSt7-10","170328-007","9/30/2017 19:06:43","0000-00","0","no battery","V"
"09/09/2020","11:04:51","2","default","115855972","OXY_CH2","99.277","min","189.431","µmol/L","Humid","20.362","deg","78105","µV","30.039","°C","1016.000","hPa","35.3","pmil","0","53.237","deg","23.954","°C","100.000","%a.s.","21.023","deg","23.635","°C","1019.000","hPa","0.861","-0.02617","0.00035","0","0","13.56","Humid","28.00","0","54.00","360338.54","SABD0000000001","AAV1.0.0.11","1.1.2.0","PSt7-10","170328-007","9/30/2017 19:06:43","0000-00","0","no battery","V"
"09/09/2020","11:04:52","2","default","115855972","OXY_CH2","99.294","min","189.447","µmol/L","Humid","20.363","deg","78097","µV","30.032","°C","1015.000","hPa","35.3","pmil","0","53.237","deg","23.954","°C","100.000","%a.s.","21.023","deg","23.635","°C","1019.000","hPa","0.861","-0.02617","0.00035","0","0","13.56","Humid","28.00","0","54.00","360352.84","SABD0000000001","AAV1.0.0.11","1.1.2.0","PSt7-10","170328-007","9/30/2017 19:06:43","0000-00","0","no battery","V"
"09/09/2020","11:04:53","2","default","115855972","OXY_CH2","99.311","min","189.361","µmol/L","Humid","20.363","deg","78097","µV","30.048","°C","1016.000","hPa","35.3","pmil","0","53.237","deg","23.954","°C","100.000","%a.s.","21.023","deg","23.635","°C","1019.000","hPa","0.861","-0.02617","0.00035","0","0","13.56","Humid","28.00","0","54.00","360333.95","SABD0000000001","AAV1.0.0.11","1.1.2.0","PSt7-10","170328-007","9/30/2017 19:06:43","0000-00","0","no battery","V"
"09/09/2020","11:04:54","2","default","115855972","OXY_CH2","99.327","min","189.512","µmol/L","Humid","20.359","deg","78087","µV","30.034","°C","1016.000","hPa","35.3","pmil","0","53.237","deg","23.954","°C","100.000","%a.s.","21.023","deg","23.635","°C","1019.000","hPa","0.861","-0.02617","0.00035","0","0","13.56","Humid","28.00","0","54.00","360328.21","SABD0000000001","AAV1.0.0.11","1.1.2.0","PSt7-10","170328-007","9/30/2017 19:06:43","0000-00","0","no battery","V"
"09/09/2020","11:04:55","2","default","115855972","OXY_CH2","99.344","min","189.419","µmol/L","Humid","20.365","deg","78088","µV","30.032","°C","1016.000","hPa","35.3","pmil","0","53.237","deg","23.954","°C","100.000","%a.s.","21.023","deg","23.635","°C","1019.000","hPa","0.861","-0.02617","0.00035","0","0","13.56","Humid","28.00","0","54.00","360339.73","SABD0000000001","AAV1.0.0.11","1.1.2.0","PSt7-10","170328-007","9/30/2017 19:06:43","0000-00","0","no battery","V"
"09/09/2020","11:04:56","2","default","115855972","OXY_CH2","99.361","min","189.425","µmol/L","Humid","20.366","deg","78096","µV","30.028","°C","1016.000","hPa","35.3","pmil","0","53.237","deg","23.954","°C","100.000","%a.s.","21.023","deg","23.635","°C","1019.000","hPa","0.861","-0.02617","0.00035","0","0","13.56","Humid","28.00","0","54.00","360338.49","SABD0000000001","AAV1.0.0.11","1.1.2.0","PSt7-10","170328-007","9/30/2017 19:06:43","0000-00","0","no battery","V"
"09/09/2020","11:04:57","2","default","115855972","OXY_CH2","99.378","min","189.269","µmol/L","Humid","20.366","deg","78095","µV","30.054","°C","1016.000","hPa","35.3","pmil","0","53.237","deg","23.954","°C","100.000","%a.s.","21.023","deg","23.635","°C","1019.000","hPa","0.861","-0.02617","0.00035","0","0","13.56","Humid","28.00","0","54.00","360342.21","SABD0000000001","AAV1.0.0.11","1.1.2.0","PSt7-10","170328-007","9/30/2017 19:06:43","0000-00","0","no battery","V"
"09/09/2020","11:04:58","2","default","115855972","OXY_CH2","99.394","min","189.444","µmol/L","Humid","20.363","deg","78087","µV","30.034","°C","1016.000","hPa","35.3","pmil","0","53.237","deg","23.954","°C","100.000","%a.s.","21.023","deg","23.635","°C","1019.000","hPa","0.861","-0.02617","0.00035","0","0","13.56","Humid","28.00","0","54.00","360338.78","SABD0000000001","AAV1.0.0.11","1.1.2.0","PSt7-10","170328-007","9/30/2017 19:06:43","0000-00","0","no battery","V"
"09/09/2020","11:04:59","2","default","115855972","OXY_CH2","99.411","min","189.466","µmol/L","Humid","20.360","deg","78086","µV","30.039","°C","1016.000","hPa","35.3","pmil","0","53.237","deg","23.954","°C","100.000","%a.s.","21.023","deg","23.635","°C","1019.000","hPa","0.861","-0.02617","0.00035","0","0","13.56","Humid","28.00","0","54.00","360345.13","SABD0000000001","AAV1.0.0.11","1.1.2.0","PSt7-10","170328-007","9/30/2017 19:06:43","0000-00","0","no battery","V"
"09/09/2020","11:05:00","2","default","115855972","OXY_CH2","99.428","min","189.300","µmol/L","Humid","20.367","deg","78086","µV","30.046","°C","1016.000","hPa","35.3","pmil","0","53.237","deg","23.954","°C","100.000","%a.s.","21.023","deg","23.635","°C","1019.000","hPa","0.861","-0.02617","0.00035","0","0","13.56","Humid","28.00","0","54.00","360322.18","SABD0000000001","AAV1.0.0.11","1.1.2.0","PSt7-10","170328-007","9/30/2017 19:06:43","0000-00","0","no battery","V"
"09/09/2020","11:05:01","2","default","115855972","OXY_CH2","99.444","min","189.338","µmol/L","Humid","20.365","deg","78089","µV","30.046","°C","1016.000","hPa","35.3","pmil","0","53.237","deg","23.954","°C","100.000","%a.s.","21.023","deg","23.635","°C","1019.000","hPa","0.861","-0.02617","0.00035","0","0","13.56","Humid","28.00","0","54.00","360337.81","SABD0000000001","AAV1.0.0.11","1.1.2.0","PSt7-10","170328-007","9/30/2017 19:06:43","0000-00","0","no battery","V"
"09/09/2020","11:05:02","2","default","115855972","OXY_CH2","99.461","min","189.337","µmol/L","Humid","20.362","deg","78077","µV","30.054","°C","1016.000","hPa","35.3","pmil","0","53.237","deg","23.954","°C","100.000","%a.s.","21.023","deg","23.635","°C","1019.000","hPa","0.861","-0.02617","0.00035","0","0","13.56","Humid","28.00","0","54.00","360342.87","SABD0000000001","AAV1.0.0.11","1.1.2.0","PSt7-10","170328-007","9/30/2017 19:06:43","0000-00","0","no battery","V"
"09/09/2020","11:05:03","2","default","115855972","OXY_CH2","99.478","min","189.451","µmol/L","Humid","20.358","deg","78080","µV","30.047","°C","1016.000","hPa","35.3","pmil","0","53.237","deg","23.954","°C","100.000","%a.s.","21.023","deg","23.635","°C","1019.000","hPa","0.861","-0.02617","0.00035","0","0","13.56","Humid","28.00","0","54.00","360345.42","SABD0000000001","AAV1.0.0.11","1.1.2.0","PSt7-10","170328-007","9/30/2017 19:06:43","0000-00","0","no battery","V"
"09/09/2020","11:05:04","2","default","115855972","OXY_CH2","99.494","min","189.439","µmol/L","Humid","20.363","deg","78074","µV","30.034","°C","1016.000","hPa","35.3","pmil","0","53.237","deg","23.954","°C","100.000","%a.s.","21.023","deg","23.635","°C","1019.000","hPa","0.861","-0.02617","0.00035","0","0","13.56","Humid","28.00","0","54.00","360338.47","SABD0000000001","AAV1.0.0.11","1.1.2.0","PSt7-10","170328-007","9/30/2017 19:06:43","0000-00","0","no battery","V"
"09/09/2020","11:05:05","2","default","115855972","OXY_CH2","99.511","min","189.423","µmol/L","Humid","20.359","deg","78082","µV","30.049","°C","1016.000","hPa","35.3","pmil","0","53.237","deg","23.954","°C","100.000","%a.s.","21.023","deg","23.635","°C","1019.000","hPa","0.861","-0.02617","0.00035","0","0","13.56","Humid","28.00","0","54.00","360339.98","SABD0000000001","AAV1.0.0.11","1.1.2.0","PSt7-10","170328-007","9/30/2017 19:06:43","0000-00","0","no battery","V"
"09/09/2020","11:05:06","2","default","115855972","OXY_CH2","99.528","min","189.407","µmol/L","Humid","20.362","deg","78082","µV","30.043","°C","1016.000","hPa","35.3","pmil","0","53.237","deg","23.954","°C","100.000","%a.s.","21.023","deg","23.635","°C","1019.000","hPa","0.861","-0.02617","0.00035","0","0","13.56","Humid","28.00","0","54.00","360332.83","SABD0000000001","AAV1.0.0.11","1.1.2.0","PSt7-10","170328-007","9/30/2017 19:06:43","0000-00","0","no battery","V"
"09/09/2020","11:05:07","2","default","115855972","OXY_CH2","99.544","min","189.380","µmol/L","Humid","20.365","deg","78077","µV","30.038","°C","1016.000","hPa","35.3","pmil","0","53.237","deg","23.954","°C","100.000","%a.s.","21.023","deg","23.635","°C","1019.000","hPa","0.861","-0.02617","0.00035","0","0","13.56","Humid","28.00","0","54.00","360328.35","SABD0000000001","AAV1.0.0.11","1.1.2.0","PSt7-10","170328-007","9/30/2017 19:06:43","0000-00","0","no battery","V"
"09/09/2020","11:05:08","2","default","115855972","OXY_CH2","99.561","min","189.513","µmol/L","Humid","20.360","deg","78080","µV","30.031","°C","1016.000","hPa","35.3","pmil","0","53.237","deg","23.954","°C","100.000","%a.s.","21.023","deg","23.635","°C","1019.000","hPa","0.861","-0.02617","0.00035","0","0","13.56","Humid","28.00","0","54.00","360338.18","SABD0000000001","AAV1.0.0.11","1.1.2.0","PSt7-10","170328-007","9/30/2017 19:06:43","0000-00","0","no battery","V"
"09/09/2020","11:05:09","2","default","115855972","OXY_CH2","99.578","min","189.530","µmol/L","Humid","20.361","deg","78084","µV","30.025","°C","1016.000","hPa","35.3","pmil","0","53.237","deg","23.954","°C","100.000","%a.s.","21.023","deg","23.635","°C","1019.000","hPa","0.861","-0.02617","0.00035","0","0","13.56","Humid","28.00","0","54.00","360344.80","SABD0000000001","AAV1.0.0.11","1.1.2.0","PSt7-10","170328-007","9/30/2017 19:06:43","0000-00","0","no battery","V"
"09/09/2020","11:05:10","2","default","115855972","OXY_CH2","99.594","min","189.461","µmol/L","Humid","20.360","deg","78076","µV","30.040","°C","1016.000","hPa","35.3","pmil","0","53.237","deg","23.954","°C","100.000","%a.s.","21.023","deg","23.635","°C","1019.000","hPa","0.861","-0.02617","0.00035","0","0","13.56","Humid","28.00","0","54.00","360337.63","SABD0000000001","AAV1.0.0.11","1.1.2.0","PSt7-10","170328-007","9/30/2017 19:06:43","0000-00","0","no battery","V"
"09/09/2020","11:05:11","2","default","115855972","OXY_CH2","99.611","min","189.467","µmol/L","Humid","20.361","deg","78071","µV","30.036","°C","1016.000","hPa","35.3","pmil","0","53.237","deg","23.954","°C","100.000","%a.s.","21.023","deg","23.635","°C","1019.000","hPa","0.861","-0.02617","0.00035","0","0","13.56","Humid","28.00","0","54.00","360325.13","SABD0000000001","AAV1.0.0.11","1.1.2.0","PSt7-10","170328-007","9/30/2017 19:06:43","0000-00","0","no battery","V"
"09/09/2020","11:05:12","2","default","115855972","OXY_CH2","99.627","min","189.386","µmol/L","Humid","20.364","deg","78076","µV","30.039","°C","1015.000","hPa","35.3","pmil","0","53.237","deg","23.954","°C","100.000","%a.s.","21.023","deg","23.635","°C","1019.000","hPa","0.861","-0.02617","0.00035","0","0","13.56","Humid","28.00","0","54.00","360333.22","SABD0000000001","AAV1.0.0.11","1.1.2.0","PSt7-10","170328-007","9/30/2017 19:06:43","0000-00","0","no battery","V"
"09/09/2020","11:05:13","2","default","115855972","OXY_CH2","99.644","min","189.395","µmol/L","Humid","20.365","deg","78069","µV","30.036","°C","1016.000","hPa","35.3","pmil","0","53.237","deg","23.954","°C","100.000","%a.s.","21.023","deg","23.635","°C","1019.000","hPa","0.861","-0.02617","0.00035","0","0","13.56","Humid","28.00","0","54.00","360335.23","SABD0000000001","AAV1.0.0.11","1.1.2.0","PSt7-10","170328-007","9/30/2017 19:06:43","0000-00","0","no battery","V"
"09/09/2020","11:05:14","2","default","115855972","OXY_CH2","99.660","min","189.476","µmol/L","Humid","20.361","deg","78072","µV","30.033","°C","1015.000","hPa","35.3","pmil","0","53.237","deg","23.954","°C","100.000","%a.s.","21.023","deg","23.635","°C","1019.000","hPa","0.861","-0.02617","0.00035","0","0","13.56","Humid","28.00","0","54.00","360328.74","SABD0000000001","AAV1.0.0.11","1.1.2.0","PSt7-10","170328-007","9/30/2017 19:06:43","0000-00","0","no battery","V"
"09/09/2020","11:05:15","2","default","115855972","OXY_CH2","99.677","min","189.629","µmol/L","Humid","20.354","deg","78068","µV","30.029","°C","1016.000","hPa","35.3","pmil","0","53.237","deg","23.954","°C","100.000","%a.s.","21.023","deg","23.635","°C","1019.000","hPa","0.861","-0.02617","0.00035","0","0","13.56","Humid","28.00","0","54.00","360328.92","SABD0000000001","AAV1.0.0.11","1.1.2.0","PSt7-10","170328-007","9/30/2017 19:06:43","0000-00","0","no battery","V"
"09/09/2020","11:05:16","2","default","115855972","OXY_CH2","99.694","min","189.553","µmol/L","Humid","20.358","deg","78073","µV","30.030","°C","1016.000","hPa","35.3","pmil","0","53.237","deg","23.954","°C","100.000","%a.s.","21.023","deg","23.635","°C","1019.000","hPa","0.861","-0.02617","0.00035","0","0","13.56","Humid","28.00","0","54.00","360331.48","SABD0000000001","AAV1.0.0.11","1.1.2.0","PSt7-10","170328-007","9/30/2017 19:06:43","0000-00","0","no battery","V"
"09/09/2020","11:05:17","2","default","115855972","OXY_CH2","99.711","min","189.560","µmol/L","Humid","20.356","deg","78064","µV","30.035","°C","1016.000","hPa","35.3","pmil","0","53.237","deg","23.954","°C","100.000","%a.s.","21.023","deg","23.635","°C","1019.000","hPa","0.861","-0.02617","0.00035","0","0","13.56","Humid","28.00","0","54.00","360326.44","SABD0000000001","AAV1.0.0.11","1.1.2.0","PSt7-10","170328-007","9/30/2017 19:06:43","0000-00","0","no battery","V"
"09/09/2020","11:05:18","2","default","115855972","OXY_CH2","99.727","min","189.498","µmol/L","Humid","20.360","deg","78061","µV","30.032","°C","1015.000","hPa","35.3","pmil","0","53.237","deg","23.954","°C","100.000","%a.s.","21.023","deg","23.635","°C","1019.000","hPa","0.861","-0.02617","0.00035","0","0","13.56","Humid","28.00","0","54.00","360324.54","SABD0000000001","AAV1.0.0.11","1.1.2.0","PSt7-10","170328-007","9/30/2017 19:06:43","0000-00","0","no battery","V"
"09/09/2020","11:05:19","2","default","115855972","OXY_CH2","99.744","min","189.521","µmol/L","Humid","20.358","deg","78064","µV","30.034","°C","1015.000","hPa","35.3","pmil","0","53.237","deg","23.954","°C","100.000","%a.s.","21.023","deg","23.635","°C","1019.000","hPa","0.861","-0.02617","0.00035","0","0","13.56","Humid","28.00","0","54.00","360335.62","SABD0000000001","AAV1.0.0.11","1.1.2.0","PSt7-10","170328-007","9/30/2017 19:06:43","0000-00","0","no battery","V"
"09/09/2020","11:05:20","2","default","115855972","OXY_CH2","99.761","min","189.443","µmol/L","Humid","20.356","deg","78058","µV","30.053","°C","1015.000","hPa","35.3","pmil","0","53.237","deg","23.954","°C","100.000","%a.s.","21.023","deg","23.635","°C","1019.000","hPa","0.861","-0.02617","0.00035","0","0","13.56","Humid","28.00","0","54.00","360334.25","SABD0000000001","AAV1.0.0.11","1.1.2.0","PSt7-10","170328-007","9/30/2017 19:06:43","0000-00","0","no battery","V"
"09/09/2020","11:05:21","2","default","115855972","OXY_CH2","99.777","min","189.362","µmol/L","Humid","20.363","deg","78062","µV","30.047","°C","1016.000","hPa","35.3","pmil","0","53.237","deg","23.954","°C","100.000","%a.s.","21.023","deg","23.635","°C","1019.000","hPa","0.861","-0.02617","0.00035","0","0","13.56","Humid","28.00","0","54.00","360323.96","SABD0000000001","AAV1.0.0.11","1.1.2.0","PSt7-10","170328-007","9/30/2017 19:06:43","0000-00","0","no battery","V"
"09/09/2020","11:05:22","2","default","115855972","OXY_CH2","99.794","min","189.587","µmol/L","Humid","20.357","deg","78059","µV","30.027","°C","1016.000","hPa","35.3","pmil","0","53.237","deg","23.954","°C","100.000","%a.s.","21.023","deg","23.635","°C","1019.000","hPa","0.861","-0.02617","0.00035","0","0","13.56","Humid","28.00","0","54.00","360331.58","SABD0000000001","AAV1.0.0.11","1.1.2.0","PSt7-10","170328-007","9/30/2017 19:06:43","0000-00","0","no battery","V"
"09/09/2020","11:05:23","2","default","115855972","OXY_CH2","99.810","min","189.555","µmol/L","Humid","20.360","deg","78062","µV","30.024","°C","1016.000","hPa","35.3","pmil","0","53.237","deg","23.954","°C","100.000","%a.s.","21.023","deg","23.635","°C","1019.000","hPa","0.861","-0.02617","0.00035","0","0","13.56","Humid","28.00","0","54.00","360318.53","SABD0000000001","AAV1.0.0.11","1.1.2.0","PSt7-10","170328-007","9/30/2017 19:06:43","0000-00","0","no battery","V"
"09/09/2020","11:05:24","2","default","115855972","OXY_CH2","99.827","min","189.435","µmol/L","Humid","20.358","deg","78061","µV","30.050","°C","1016.000","hPa","35.3","pmil","0","53.237","deg","23.954","°C","100.000","%a.s.","21.023","deg","23.635","°C","1019.000","hPa","0.861","-0.02617","0.00035","0","0","13.56","Humid","28.00","0","54.00","360329.72","SABD0000000001","AAV1.0.0.11","1.1.2.0","PSt7-10","170328-007","9/30/2017 19:06:43","0000-00","0","no battery","V"
"09/09/2020","11:05:25","2","default","115855972","OXY_CH2","99.844","min","189.486","µmol/L","Humid","20.355","deg","78061","µV","30.050","°C","1016.000","hPa","35.3","pmil","0","53.237","deg","23.954","°C","100.000","%a.s.","21.023","deg","23.635","°C","1019.000","hPa","0.861","-0.02617","0.00035","0","0","13.56","Humid","28.00","0","54.00","360319.15","SABD0000000001","AAV1.0.0.11","1.1.2.0","PSt7-10","170328-007","9/30/2017 19:06:43","0000-00","0","no battery","V"
"09/09/2020","11:05:26","2","default","115855972","OXY_CH2","99.861","min","189.477","µmol/L","Humid","20.359","deg","78062","µV","30.038","°C","1015.000","hPa","35.3","pmil","0","53.237","deg","23.954","°C","100.000","%a.s.","21.023","deg","23.635","°C","1019.000","hPa","0.861","-0.02617","0.00035","0","0","13.56","Humid","28.00","0","54.00","360319.79","SABD0000000001","AAV1.0.0.11","1.1.2.0","PSt7-10","170328-007","9/30/2017 19:06:43","0000-00","0","no battery","V"
"09/09/2020","11:05:27","2","default","115855972","OXY_CH2","99.877","min","189.568","µmol/L","Humid","20.354","deg","78060","µV","30.039","°C","1016.000","hPa","35.3","pmil","0","53.237","deg","23.954","°C","100.000","%a.s.","21.023","deg","23.635","°C","1019.000","hPa","0.861","-0.02617","0.00035","0","0","13.56","Humid","28.00","0","54.00","360320.33","SABD0000000001","AAV1.0.0.11","1.1.2.0","PSt7-10","170328-007","9/30/2017 19:06:43","0000-00","0","no battery","V"
"09/09/2020","11:05:28","2","default","115855972","OXY_CH2","99.894","min","189.556","µmol/L","Humid","20.353","deg","78053","µV","30.044","°C","1016.000","hPa","35.3","pmil","0","53.237","deg","23.954","°C","100.000","%a.s.","21.023","deg","23.635","°C","1019.000","hPa","0.861","-0.02617","0.00035","0","0","13.56","Humid","28.00","0","54.00","360319.14","SABD0000000001","AAV1.0.0.11","1.1.2.0","PSt7-10","170328-007","9/30/2017 19:06:43","0000-00","0","no battery","V"
"09/09/2020","11:05:29","2","default","115855972","OXY_CH2","99.911","min","189.456","µmol/L","Humid","20.358","deg","78057","µV","30.046","°C","1016.000","hPa","35.3","pmil","0","53.237","deg","23.954","°C","100.000","%a.s.","21.023","deg","23.635","°C","1019.000","hPa","0.861","-0.02617","0.00035","0","0","13.56","Humid","28.00","0","54.00","360332.70","SABD0000000001","AAV1.0.0.11","1.1.2.0","PSt7-10","170328-007","9/30/2017 19:06:43","0000-00","0","no battery","V"
"09/09/2020","11:05:30","2","default","115855972","OXY_CH2","99.927","min","189.562","µmol/L","Humid","20.358","deg","78060","µV","30.029","°C","1016.000","hPa","35.3","pmil","0","53.237","deg","23.954","°C","100.000","%a.s.","21.023","deg","23.635","°C","1019.000","hPa","0.861","-0.02617","0.00035","0","0","13.56","Humid","28.00","0","54.00","360313.30","SABD0000000001","AAV1.0.0.11","1.1.2.0","PSt7-10","170328-007","9/30/2017 19:06:43","0000-00","0","no battery","V"
"09/09/2020","11:05:31","2","default","115855972","OXY_CH2","99.944","min","189.617","µmol/L","Humid","20.353","deg","78055","µV","30.034","°C","1016.000","hPa","35.3","pmil","0","53.237","deg","23.954","°C","100.000","%a.s.","21.023","deg","23.635","°C","1019.000","hPa","0.861","-0.02617","0.00035","0","0","13.56","Humid","28.00","0","54.00","360315.02","SABD0000000001","AAV1.0.0.11","1.1.2.0","PSt7-10","170328-007","9/30/2017 19:06:43","0000-00","0","no battery","V"
"09/09/2020","11:05:32","2","default","115855972","OXY_CH2","99.961","min","189.595","µmol/L","Humid","20.357","deg","78055","µV","30.026","°C","1016.000","hPa","35.3","pmil","0","53.237","deg","23.954","°C","100.000","%a.s.","21.023","deg","23.635","°C","1019.000","hPa","0.861","-0.02617","0.00035","0","0","13.56","Humid","28.00","0","54.00","360308.34","SABD0000000001","AAV1.0.0.11","1.1.2.0","PSt7-10","170328-007","9/30/2017 19:06:43","0000-00","0","no battery","V"
"09/09/2020","11:05:33","2","default","115855972","OXY_CH2","99.978","min","189.591","µmol/L","Humid","20.355","deg","78049","µV","30.032","°C","1016.000","hPa","35.3","pmil","0","53.237","deg","23.954","°C","100.000","%a.s.","21.023","deg","23.635","°C","1019.000","hPa","0.861","-0.02617","0.00035","0","0","13.56","Humid","28.00","0","54.00","360310.41","SABD0000000001","AAV1.0.0.11","1.1.2.0","PSt7-10","170328-007","9/30/2017 19:06:43","0000-00","0","no battery","V"
"09/09/2020","11:05:34","2","default","115855972","OXY_CH2","99.994","min","189.578","µmol/L","Humid","20.355","deg","78043","µV","30.035","°C","1016.000","hPa","35.3","pmil","0","53.237","deg","23.954","°C","100.000","%a.s.","21.023","deg","23.635","°C","1019.000","hPa","0.861","-0.02617","0.00035","0","0","13.56","Humid","28.00","0","54.00","360312.85","SABD0000000001","AAV1.0.0.11","1.1.2.0","PSt7-10","170328-007","9/30/2017 19:06:43","0000-00","0","no battery","V"
"09/09/2020","11:05:35","2","default","115855972","OXY_CH2","100.011","min","189.570","µmol/L","Humid","20.356","deg","78052","µV","30.033","°C","1016.000","hPa","35.3","pmil","0","53.237","deg","23.954","°C","100.000","%a.s.","21.023","deg","23.635","°C","1019.000","hPa","0.861","-0.02617","0.00035","0","0","13.56","Humid","28.00","0","54.00","360306.39","SABD0000000001","AAV1.0.0.11","1.1.2.0","PSt7-10","170328-007","9/30/2017 19:06:43","0000-00","0","no battery","V"
"09/09/2020","11:05:36","2","default","115855972","OXY_CH2","100.027","min","189.553","µmol/L","Humid","20.355","deg","78052","µV","30.039","°C","1016.000","hPa","35.3","pmil","0","53.237","deg","23.954","°C","100.000","%a.s.","21.023","deg","23.635","°C","1019.000","hPa","0.861","-0.02617","0.00035","0","0","13.56","Humid","28.00","0","54.00","360290.51","SABD0000000001","AAV1.0.0.11","1.1.2.0","PSt7-10","170328-007","9/30/2017 19:06:43","0000-00","0","no battery","V"
"09/09/2020","11:05:37","2","default","115855972","OXY_CH2","100.044","min","189.596","µmol/L","Humid","20.356","deg","78048","µV","30.029","°C","1016.000","hPa","35.3","pmil","0","53.237","deg","23.954","°C","100.000","%a.s.","21.023","deg","23.635","°C","1019.000","hPa","0.861","-0.02617","0.00035","0","0","13.56","Humid","28.00","0","54.00","360311.37","SABD0000000001","AAV1.0.0.11","1.1.2.0","PSt7-10","170328-007","9/30/2017 19:06:43","0000-00","0","no battery","V"
"09/09/2020","11:05:38","2","default","115855972","OXY_CH2","100.061","min","189.625","µmol/L","Humid","20.355","deg","78051","µV","30.027","°C","1016.000","hPa","35.3","pmil","0","53.237","deg","23.954","°C","100.000","%a.s.","21.023","deg","23.635","°C","1019.000","hPa","0.861","-0.02617","0.00035","0","0","13.56","Humid","28.00","0","54.00","360309.60","SABD0000000001","AAV1.0.0.11","1.1.2.0","PSt7-10","170328-007","9/30/2017 19:06:43","0000-00","0","no battery","V"
"09/09/2020","11:05:39","2","default","115855972","OXY_CH2","100.078","min","189.483","µmol/L","Humid","20.352","deg","78050","µV","30.059","°C","1016.000","hPa","35.3","pmil","0","53.237","deg","23.954","°C","100.000","%a.s.","21.023","deg","23.635","°C","1019.000","hPa","0.861","-0.02617","0.00035","0","0","13.56","Humid","28.00","0","54.00","360326.67","SABD0000000001","AAV1.0.0.11","1.1.2.0","PSt7-10","170328-007","9/30/2017 19:06:43","0000-00","0","no battery","V"
"09/09/2020","11:05:40","2","default","115855972","OXY_CH2","100.094","min","189.543","µmol/L","Humid","20.349","deg","78041","µV","30.058","°C","1016.000","hPa","35.3","pmil","0","53.237","deg","23.954","°C","100.000","%a.s.","21.023","deg","23.635","°C","1019.000","hPa","0.861","-0.02617","0.00035","0","0","13.56","Humid","28.00","0","54.00","360303.88","SABD0000000001","AAV1.0.0.11","1.1.2.0","PSt7-10","170328-007","9/30/2017 19:06:43","0000-00","0","no battery","V"
"09/09/2020","11:05:41","2","default","115855972","OXY_CH2","100.111","min","189.518","µmol/L","Humid","20.354","deg","78050","µV","30.046","°C","1015.000","hPa","35.3","pmil","0","53.237","deg","23.954","°C","100.000","%a.s.","21.023","deg","23.635","°C","1019.000","hPa","0.861","-0.02617","0.00035","0","0","13.56","Humid","28.00","0","54.00","360312.25","SABD0000000001","AAV1.0.0.11","1.1.2.0","PSt7-10","170328-007","9/30/2017 19:06:43","0000-00","0","no battery","V"
"09/09/2020","11:05:42","2","default","115855972","OXY_CH2","100.128","min","189.544","µmol/L","Humid","20.355","deg","78045","µV","30.040","°C","1016.000","hPa","35.3","pmil","0","53.237","deg","23.954","°C","100.000","%a.s.","21.023","deg","23.635","°C","1019.000","hPa","0.861","-0.02617","0.00035","0","0","13.56","Humid","28.00","0","54.00","360314.88","SABD0000000001","AAV1.0.0.11","1.1.2.0","PSt7-10","170328-007","9/30/2017 19:06:43","0000-00","0","no battery","V"
"09/09/2020","11:05:43","2","default","115855972","OXY_CH2","100.144","min","189.486","µmol/L","Humid","20.356","deg","78045","µV","30.047","°C","1016.000","hPa","35.3","pmil","0","53.237","deg","23.954","°C","100.000","%a.s.","21.023","deg","23.635","°C","1019.000","hPa","0.861","-0.02617","0.00035","0","0","13.56","Humid","28.00","0","54.00","360317.70","SABD0000000001","AAV1.0.0.11","1.1.2.0","PSt7-10","170328-007","9/30/2017 19:06:43","0000-00","0","no battery","V"
"09/09/2020","11:05:44","2","default","115855972","OXY_CH2","100.161","min","189.541","µmol/L","Humid","20.355","deg","78045","µV","30.041","°C","1016.000","hPa","35.3","pmil","0","53.237","deg","23.954","°C","100.000","%a.s.","21.023","deg","23.635","°C","1019.000","hPa","0.861","-0.02617","0.00035","0","0","13.56","Humid","28.00","0","54.00","360303.93","SABD0000000001","AAV1.0.0.11","1.1.2.0","PSt7-10","170328-007","9/30/2017 19:06:43","0000-00","0","no battery","V"
"09/09/2020","11:05:45","2","default","115855972","OXY_CH2","100.177","min","189.566","µmol/L","Humid","20.356","deg","78039","µV","30.032","°C","1015.000","hPa","35.3","pmil","0","53.237","deg","23.954","°C","100.000","%a.s.","21.023","deg","23.635","°C","1019.000","hPa","0.861","-0.02617","0.00035","0","0","13.56","Humid","28.00","0","54.00","360302.56","SABD0000000001","AAV1.0.0.11","1.1.2.0","PSt7-10","170328-007","9/30/2017 19:06:43","0000-00","0","no battery","V"
"09/09/2020","11:05:46","2","default","115855972","OXY_CH2","100.194","min","189.594","µmol/L","Humid","20.351","deg","78039","µV","30.044","°C","1016.000","hPa","35.3","pmil","0","53.237","deg","23.954","°C","100.000","%a.s.","21.023","deg","23.635","°C","1019.000","hPa","0.861","-0.02617","0.00035","0","0","13.56","Humid","28.00","0","54.00","360306.87","SABD0000000001","AAV1.0.0.11","1.1.2.0","PSt7-10","170328-007","9/30/2017 19:06:43","0000-00","0","no battery","V"
"09/09/2020","11:05:47","2","default","115855972","OXY_CH2","100.211","min","189.621","µmol/L","Humid","20.351","deg","78038","µV","30.039","°C","1016.000","hPa","35.3","pmil","0","53.237","deg","23.954","°C","100.000","%a.s.","21.023","deg","23.635","°C","1019.000","hPa","0.861","-0.02617","0.00035","0","0","13.56","Humid","28.00","0","54.00","360305.59","SABD0000000001","AAV1.0.0.11","1.1.2.0","PSt7-10","170328-007","9/30/2017 19:06:43","0000-00","0","no battery","V"
"09/09/2020","11:05:48","2","default","115855972","OXY_CH2","100.228","min","189.540","µmol/L","Humid","20.353","deg","78034","µV","30.047","°C","1016.000","hPa","35.3","pmil","0","53.237","deg","23.954","°C","100.000","%a.s.","21.023","deg","23.635","°C","1019.000","hPa","0.861","-0.02617","0.00035","0","0","13.56","Humid","28.00","0","54.00","360299.04","SABD0000000001","AAV1.0.0.11","1.1.2.0","PSt7-10","170328-007","9/30/2017 19:06:43","0000-00","0","no battery","V"
"09/09/2020","11:05:49","2","default","115855972","OXY_CH2","100.244","min","189.517","µmol/L","Humid","20.355","deg","78043","µV","30.045","°C","1016.000","hPa","35.3","pmil","0","53.237","deg","23.954","°C","100.000","%a.s.","21.023","deg","23.635","°C","1019.000","hPa","0.861","-0.02617","0.00035","0","0","13.56","Humid","28.00","0","54.00","360297.06","SABD0000000001","AAV1.0.0.11","1.1.2.0","PSt7-10","170328-007","9/30/2017 19:06:43","0000-00","0","no battery","V"
"09/09/2020","11:05:50","2","default","115855972","OXY_CH2","100.261","min","189.574","µmol/L","Humid","20.353","deg","78037","µV","30.041","°C","1016.000","hPa","35.3","pmil","0","53.237","deg","23.954","°C","100.000","%a.s.","21.023","deg","23.635","°C","1019.000","hPa","0.861","-0.02617","0.00035","0","0","13.56","Humid","28.00","0","54.00","360310.64","SABD0000000001","AAV1.0.0.11","1.1.2.0","PSt7-10","170328-007","9/30/2017 19:06:43","0000-00","0","no battery","V"
"09/09/2020","11:05:51","2","default","115855972","OXY_CH2","100.277","min","189.569","µmol/L","Humid","20.355","deg","78035","µV","30.036","°C","1016.000","hPa","35.3","pmil","0","53.237","deg","23.954","°C","100.000","%a.s.","21.023","deg","23.635","°C","1019.000","hPa","0.861","-0.02617","0.00035","0","0","13.56","Humid","28.00","0","54.00","360305.51","SABD0000000001","AAV1.0.0.11","1.1.2.0","PSt7-10","170328-007","9/30/2017 19:06:43","0000-00","0","no battery","V"
"09/09/2020","11:05:52","2","default","115855972","OXY_CH2","100.294","min","189.529","µmol/L","Humid","20.355","deg","78031","µV","30.043","°C","1016.000","hPa","35.3","pmil","0","53.237","deg","23.954","°C","100.000","%a.s.","21.023","deg","23.635","°C","1019.000","hPa","0.861","-0.02617","0.00035","0","0","13.56","Humid","28.00","0","54.00","360313.19","SABD0000000001","AAV1.0.0.11","1.1.2.0","PSt7-10","170328-007","9/30/2017 19:06:43","0000-00","0","no battery","V"
"09/09/2020","11:05:53","2","default","115855972","OXY_CH2","100.311","min","189.539","µmol/L","Humid","20.353","deg","78025","µV","30.047","°C","1016.000","hPa","35.3","pmil","0","53.237","deg","23.954","°C","100.000","%a.s.","21.023","deg","23.635","°C","1019.000","hPa","0.861","-0.02617","0.00035","0","0","13.56","Humid","28.00","0","54.00","360310.93","SABD0000000001","AAV1.0.0.11","1.1.2.0","PSt7-10","170328-007","9/30/2017 19:06:43","0000-00","0","no battery","V"
"09/09/2020","11:05:54","2","default","115855972","OXY_CH2","100.327","min","189.524","µmol/L","Humid","20.354","deg","78029","µV","30.047","°C","1016.000","hPa","35.3","pmil","0","53.237","deg","23.954","°C","100.000","%a.s.","21.023","deg","23.635","°C","1019.000","hPa","0.861","-0.02617","0.00035","0","0","13.56","Humid","28.00","0","54.00","360302.93","SABD0000000001","AAV1.0.0.11","1.1.2.0","PSt7-10","170328-007","9/30/2017 19:06:43","0000-00","0","no battery","V"
"09/09/2020","11:05:55","2","default","115855972","OXY_CH2","100.344","min","189.645","µmol/L","Humid","20.351","deg","78032","µV","30.035","°C","1016.000","hPa","35.3","pmil","0","53.237","deg","23.954","°C","100.000","%a.s.","21.023","deg","23.635","°C","1019.000","hPa","0.861","-0.02617","0.00035","0","0","13.56","Humid","28.00","0","54.00","360312.30","SABD0000000001","AAV1.0.0.11","1.1.2.0","PSt7-10","170328-007","9/30/2017 19:06:43","0000-00","0","no battery","V"
"09/09/2020","11:05:56","2","default","115855972","OXY_CH2","100.361","min","189.594","µmol/L","Humid","20.354","deg","78023","µV","30.035","°C","1016.000","hPa","35.3","pmil","0","53.237","deg","23.954","°C","100.000","%a.s.","21.023","deg","23.635","°C","1019.000","hPa","0.861","-0.02617","0.00035","0","0","13.56","Humid","28.00","0","54.00","360301.93","SABD0000000001","AAV1.0.0.11","1.1.2.0","PSt7-10","170328-007","9/30/2017 19:06:43","0000-00","0","no battery","V"
"09/09/2020","11:05:57","2","default","115855972","OXY_CH2","100.377","min","189.688","µmol/L","Humid","20.351","deg","78027","µV","30.028","°C","1016.000","hPa","35.3","pmil","0","53.237","deg","23.954","°C","100.000","%a.s.","21.023","deg","23.635","°C","1019.000","hPa","0.861","-0.02617","0.00035","0","0","13.56","Humid","28.00","0","54.00","360297.73","SABD0000000001","AAV1.0.0.11","1.1.2.0","PSt7-10","170328-007","9/30/2017 19:06:43","0000-00","0","no battery","V"
"09/09/2020","11:05:58","2","default","115855972","OXY_CH2","100.394","min","189.558","µmol/L","Humid","20.352","deg","78031","µV","30.047","°C","1016.000","hPa","35.3","pmil","0","53.237","deg","23.954","°C","100.000","%a.s.","21.023","deg","23.635","°C","1019.000","hPa","0.861","-0.02617","0.00035","0","0","13.56","Humid","28.00","0","54.00","360313.61","SABD0000000001","AAV1.0.0.11","1.1.2.0","PSt7-10","170328-007","9/30/2017 19:06:43","0000-00","0","no battery","V"
"09/09/2020","11:05:59","2","default","115855972","OXY_CH2","100.410","min","189.456","µmol/L","Humid","20.353","deg","78031","µV","30.061","°C","1016.000","hPa","35.3","pmil","0","53.237","deg","23.954","°C","100.000","%a.s.","21.023","deg","23.635","°C","1019.000","hPa","0.861","-0.02617","0.00035","0","0","13.56","Humid","28.00","0","54.00","360304.69","SABD0000000001","AAV1.0.0.11","1.1.2.0","PSt7-10","170328-007","9/30/2017 19:06:43","0000-00","0","no battery","V"
"09/09/2020","11:06:00","2","default","115855972","OXY_CH2","100.427","min","189.572","µmol/L","Humid","20.352","deg","78025","µV","30.044","°C","1016.000","hPa","35.3","pmil","0","53.237","deg","23.954","°C","100.000","%a.s.","21.023","deg","23.635","°C","1019.000","hPa","0.861","-0.02617","0.00035","0","0","13.56","Humid","28.00","0","54.00","360297.05","SABD0000000001","AAV1.0.0.11","1.1.2.0","PSt7-10","170328-007","9/30/2017 19:06:43","0000-00","0","no battery","V"
"09/09/2020","11:06:01","2","default","115855972","OXY_CH2","100.444","min","189.648","µmol/L","Humid","20.351","deg","78020","µV","30.035","°C","1016.000","hPa","35.3","pmil","0","53.237","deg","23.954","°C","100.000","%a.s.","21.023","deg","23.635","°C","1019.000","hPa","0.861","-0.02617","0.00035","0","0","13.56","Humid","28.00","0","54.00","360300.65","SABD0000000001","AAV1.0.0.11","1.1.2.0","PSt7-10","170328-007","9/30/2017 19:06:43","0000-00","0","no battery","V"
"09/09/2020","11:06:02","2","default","115855972","OXY_CH2","100.461","min","189.721","µmol/L","Humid","20.346","deg","78019","µV","30.037","°C","1016.000","hPa","35.3","pmil","0","53.237","deg","23.954","°C","100.000","%a.s.","21.023","deg","23.635","°C","1019.000","hPa","0.861","-0.02617","0.00035","0","0","13.56","Humid","28.00","0","54.00","360304.64","SABD0000000001","AAV1.0.0.11","1.1.2.0","PSt7-10","170328-007","9/30/2017 19:06:43","0000-00","0","no battery","V"
"09/09/2020","11:06:03","2","default","115855972","OXY_CH2","100.478","min","189.519","µmol/L","Humid","20.354","deg","78022","µV","30.047","°C","1016.000","hPa","35.3","pmil","0","53.237","deg","23.954","°C","100.000","%a.s.","21.023","deg","23.635","°C","1019.000","hPa","0.861","-0.02617","0.00035","0","0","13.56","Humid","28.00","0","54.00","360307.94","SABD0000000001","AAV1.0.0.11","1.1.2.0","PSt7-10","170328-007","9/30/2017 19:06:43","0000-00","0","no battery","V"
"09/09/2020","11:06:04","2","default","115855972","OXY_CH2","100.494","min","189.718","µmol/L","Humid","20.348","deg","78021","µV","30.032","°C","1016.000","hPa","35.3","pmil","0","53.237","deg","23.954","°C","100.000","%a.s.","21.023","deg","23.635","°C","1019.000","hPa","0.861","-0.02617","0.00035","0","0","13.56","Humid","28.00","0","54.00","360302.91","SABD0000000001","AAV1.0.0.11","1.1.2.0","PSt7-10","170328-007","9/30/2017 19:06:43","0000-00","0","no battery","V"
"09/09/2020","11:06:05","2","default","115855972","OXY_CH2","100.511","min","189.639","µmol/L","Humid","20.350","deg","78019","µV","30.039","°C","1016.000","hPa","35.3","pmil","0","53.237","deg","23.954","°C","100.000","%a.s.","21.023","deg","23.635","°C","1019.000","hPa","0.861","-0.02617","0.00035","0","0","13.56","Humid","28.00","0","54.00","360300.45","SABD0000000001","AAV1.0.0.11","1.1.2.0","PSt7-10","170328-007","9/30/2017 19:06:43","0000-00","0","no battery","V"
"09/09/2020","11:06:06","2","default","115855972","OXY_CH2","100.527","min","189.651","µmol/L","Humid","20.346","deg","78009","µV","30.049","°C","1016.000","hPa","35.3","pmil","0","53.237","deg","23.954","°C","100.000","%a.s.","21.023","deg","23.635","°C","1019.000","hPa","0.861","-0.02617","0.00035","0","0","13.56","Humid","28.00","0","54.00","360298.19","SABD0000000001","AAV1.0.0.11","1.1.2.0","PSt7-10","170328-007","9/30/2017 19:06:43","0000-00","0","no battery","V"
"09/09/2020","11:06:07","2","default","115855972","OXY_CH2","100.544","min","189.553","µmol/L","Humid","20.352","deg","78012","µV","30.048","°C","1016.000","hPa","35.3","pmil","0","53.237","deg","23.954","°C","100.000","%a.s.","21.023","deg","23.635","°C","1019.000","hPa","0.861","-0.02617","0.00035","0","0","13.56","Humid","28.00","0","54.00","360284.11","SABD0000000001","AAV1.0.0.11","1.1.2.0","PSt7-10","170328-007","9/30/2017 19:06:43","0000-00","0","no battery","V"
"09/09/2020","11:06:08","2","default","115855972","OXY_CH2","100.560","min","189.543","µmol/L","Humid","20.352","deg","78015","µV","30.049","°C","1016.000","hPa","35.3","pmil","0","53.237","deg","23.954","°C","100.000","%a.s.","21.023","deg","23.635","°C","1019.000","hPa","0.861","-0.02617","0.00035","0","0","13.56","Humid","28.00","0","54.00","360296.33","SABD0000000001","AAV1.0.0.11","1.1.2.0","PSt7-10","170328-007","9/30/2017 19:06:43","0000-00","0","no battery","V"
"09/09/2020","11:06:09","2","default","115855972","OXY_CH2","100.577","min","189.701","µmol/L","Humid","20.348","deg","78014","µV","30.034","°C","1016.000","hPa","35.3","pmil","0","53.237","deg","23.954","°C","100.000","%a.s.","21.023","deg","23.635","°C","1019.000","hPa","0.861","-0.02617","0.00035","0","0","13.56","Humid","28.00","0","54.00","360286.57","SABD0000000001","AAV1.0.0.11","1.1.2.0","PSt7-10","170328-007","9/30/2017 19:06:43","0000-00","0","no battery","V"
"09/09/2020","11:06:10","2","default","115855972","OXY_CH2","100.594","min","189.594","µmol/L","Humid","20.352","deg","78009","µV","30.041","°C","1016.000","hPa","35.3","pmil","0","53.237","deg","23.954","°C","100.000","%a.s.","21.023","deg","23.635","°C","1019.000","hPa","0.861","-0.02617","0.00035","0","0","13.56","Humid","28.00","0","54.00","360285.02","SABD0000000001","AAV1.0.0.11","1.1.2.0","PSt7-10","170328-007","9/30/2017 19:06:43","0000-00","0","no battery","V"
"09/09/2020","11:06:11","2","default","115855972","OXY_CH2","100.611","min","189.677","µmol/L","Humid","20.346","deg","78011","µV","30.043","°C","1015.000","hPa","35.3","pmil","0","53.237","deg","23.954","°C","100.000","%a.s.","21.023","deg","23.635","°C","1019.000","hPa","0.861","-0.02617","0.00035","0","0","13.56","Humid","28.00","0","54.00","360286.81","SABD0000000001","AAV1.0.0.11","1.1.2.0","PSt7-10","170328-007","9/30/2017 19:06:43","0000-00","0","no battery","V"
"09/09/2020","11:06:12","2","default","115855972","OXY_CH2","100.628","min","189.755","µmol/L","Humid","20.349","deg","78009","µV","30.023","°C","1016.000","hPa","35.3","pmil","0","53.237","deg","23.954","°C","100.000","%a.s.","21.023","deg","23.635","°C","1019.000","hPa","0.861","-0.02617","0.00035","0","0","13.56","Humid","28.00","0","54.00","360283.65","SABD0000000001","AAV1.0.0.11","1.1.2.0","PSt7-10","170328-007","9/30/2017 19:06:43","0000-00","0","no battery","V"
"09/09/2020","11:06:13","2","default","115855972","OXY_CH2","100.644","min","189.790","µmol/L","Humid","20.348","deg","78006","µV","30.020","°C","1016.000","hPa","35.3","pmil","0","53.237","deg","23.954","°C","100.000","%a.s.","21.023","deg","23.635","°C","1019.000","hPa","0.861","-0.02617","0.00035","0","0","13.56","Humid","28.00","0","54.00","360277.33","SABD0000000001","AAV1.0.0.11","1.1.2.0","PSt7-10","170328-007","9/30/2017 19:06:43","0000-00","0","no battery","V"
"09/09/2020","11:06:14","2","default","115855972","OXY_CH2","100.661","min","189.718","µmol/L","Humid","20.349","deg","78009","µV","30.029","°C","1016.000","hPa","35.3","pmil","0","53.237","deg","23.954","°C","100.000","%a.s.","21.023","deg","23.635","°C","1019.000","hPa","0.861","-0.02617","0.00035","0","0","13.56","Humid","28.00","0","54.00","360279.02","SABD0000000001","AAV1.0.0.11","1.1.2.0","PSt7-10","170328-007","9/30/2017 19:06:43","0000-00","0","no battery","V"
"09/09/2020","11:06:15","2","default","115855972","OXY_CH2","100.678","min","189.754","µmol/L","Humid","20.347","deg","78007","µV","30.027","°C","1015.000","hPa","35.3","pmil","0","53.237","deg","23.954","°C","100.000","%a.s.","21.023","deg","23.635","°C","1019.000","hPa","0.861","-0.02617","0.00035","0","0","13.56","Humid","28.00","0","54.00","360288.90","SABD0000000001","AAV1.0.0.11","1.1.2.0","PSt7-10","170328-007","9/30/2017 19:06:43","0000-00","0","no battery","V"
"09/09/2020","11:06:16","2","default","115855972","OXY_CH2","100.694","min","189.719","µmol/L","Humid","20.352","deg","78000","µV","30.020","°C","1016.000","hPa","35.3","pmil","0","53.237","deg","23.954","°C","100.000","%a.s.","21.023","deg","23.635","°C","1019.000","hPa","0.861","-0.02617","0.00035","0","0","13.56","Humid","28.00","0","54.00","360276.53","SABD0000000001","AAV1.0.0.11","1.1.2.0","PSt7-10","170328-007","9/30/2017 19:06:43","0000-00","0","no battery","V"
"09/09/2020","11:06:17","2","default","115855972","OXY_CH2","100.711","min","189.597","µmol/L","Humid","20.348","deg","78005","µV","30.051","°C","1015.000","hPa","35.3","pmil","0","53.237","deg","23.954","°C","100.000","%a.s.","21.023","deg","23.635","°C","1019.000","hPa","0.861","-0.02617","0.00035","0","0","13.56","Humid","28.00","0","54.00","360268.27","SABD0000000001","AAV1.0.0.11","1.1.2.0","PSt7-10","170328-007","9/30/2017 19:06:43","0000-00","0","no battery","V"
"09/09/2020","11:06:18","2","default","115855972","OXY_CH2","100.727","min","189.578","µmol/L","Humid","20.350","deg","77998","µV","30.048","°C","1015.000","hPa","35.3","pmil","0","53.237","deg","23.954","°C","100.000","%a.s.","21.023","deg","23.635","°C","1019.000","hPa","0.861","-0.02617","0.00035","0","0","13.56","Humid","28.00","0","54.00","360272.93","SABD0000000001","AAV1.0.0.11","1.1.2.0","PSt7-10","170328-007","9/30/2017 19:06:43","0000-00","0","no battery","V"
"09/09/2020","11:06:19","2","default","115855972","OXY_CH2","100.744","min","189.668","µmol/L","Humid","20.346","deg","78003","µV","30.046","°C","1016.000","hPa","35.3","pmil","0","53.237","deg","23.954","°C","100.000","%a.s.","21.023","deg","23.635","°C","1019.000","hPa","0.861","-0.02617","0.00035","0","0","13.56","Humid","28.00","0","54.00","360265.24","SABD0000000001","AAV1.0.0.11","1.1.2.0","PSt7-10","170328-007","9/30/2017 19:06:43","0000-00","0","no battery","V"
"09/09/2020","11:06:20","2","default","115855972","OXY_CH2","100.761","min","189.674","µmol/L","Humid","20.344","deg","78003","µV","30.051","°C","1016.000","hPa","35.3","pmil","0","53.237","deg","23.954","°C","100.000","%a.s.","21.023","deg","23.635","°C","1019.000","hPa","0.861","-0.02617","0.00035","0","0","13.56","Humid","28.00","0","54.00","360283.03","SABD0000000001","AAV1.0.0.11","1.1.2.0","PSt7-10","170328-007","9/30/2017 19:06:43","0000-00","0","no battery","V"
"09/09/2020","11:06:21","2","default","115855972","OXY_CH2","100.777","min","189.696","µmol/L","Humid","20.344","deg","78001","µV","30.047","°C","1016.000","hPa","35.3","pmil","0","53.237","deg","23.954","°C","100.000","%a.s.","21.023","deg","23.635","°C","1019.000","hPa","0.861","-0.02617","0.00035","0","0","13.56","Humid","28.00","0","54.00","360264.39","SABD0000000001","AAV1.0.0.11","1.1.2.0","PSt7-10","170328-007","9/30/2017 19:06:43","0000-00","0","no battery","V"
"09/09/2020","11:06:22","2","default","115855972","OXY_CH2","100.794","min","189.577","µmol/L","Humid","20.350","deg","78007","µV","30.048","°C","1015.000","hPa","35.3","pmil","0","53.237","deg","23.954","°C","100.000","%a.s.","21.023","deg","23.635","°C","1019.000","hPa","0.861","-0.02617","0.00035","0","0","13.56","Humid","28.00","0","54.00","360296.01","SABD0000000001","AAV1.0.0.11","1.1.2.0","PSt7-10","170328-007","9/30/2017 19:06:43","0000-00","0","no battery","V"
"09/09/2020","11:06:23","2","default","115855972","OXY_CH2","100.811","min","189.758","µmol/L","Humid","20.344","deg","78002","µV","30.035","°C","1015.000","hPa","35.3","pmil","0","53.237","deg","23.954","°C","100.000","%a.s.","21.023","deg","23.635","°C","1019.000","hPa","0.861","-0.02617","0.00035","0","0","13.56","Humid","28.00","0","54.00","360275.09","SABD0000000001","AAV1.0.0.11","1.1.2.0","PSt7-10","170328-007","9/30/2017 19:06:43","0000-00","0","no battery","V"
"09/09/2020","11:06:24","2","default","115855972","OXY_CH2","100.827","min","189.635","µmol/L","Humid","20.348","deg","77990","µV","30.046","°C","1016.000","hPa","35.3","pmil","0","53.237","deg","23.954","°C","100.000","%a.s.","21.023","deg","23.635","°C","1019.000","hPa","0.861","-0.02617","0.00035","0","0","13.56","Humid","28.00","0","54.00","360272.71","SABD0000000001","AAV1.0.0.11","1.1.2.0","PSt7-10","170328-007","9/30/2017 19:06:43","0000-00","0","no battery","V"
"09/09/2020","11:06:25","2","default","115855972","OXY_CH2","100.844","min","189.635","µmol/L","Humid","20.348","deg","77991","µV","30.046","°C","1016.000","hPa","35.3","pmil","0","53.237","deg","23.954","°C","100.000","%a.s.","21.023","deg","23.635","°C","1019.000","hPa","0.861","-0.02617","0.00035","0","0","13.56","Humid","28.00","0","54.00","360282.65","SABD0000000001","AAV1.0.0.11","1.1.2.0","PSt7-10","170328-007","9/30/2017 19:06:43","0000-00","0","no battery","V"
"09/09/2020","11:06:26","2","default","115855972","OXY_CH2","100.860","min","189.630","µmol/L","Humid","20.351","deg","77995","µV","30.038","°C","1016.000","hPa","35.3","pmil","0","53.237","deg","23.954","°C","100.000","%a.s.","21.023","deg","23.635","°C","1019.000","hPa","0.861","-0.02617","0.00035","0","0","13.56","Humid","28.00","0","54.00","360283.50","SABD0000000001","AAV1.0.0.11","1.1.2.0","PSt7-10","170328-007","9/30/2017 19:06:43","0000-00","0","no battery","V"
"09/09/2020","11:06:27","2","default","115855972","OXY_CH2","100.877","min","189.646","µmol/L","Humid","20.347","deg","77996","µV","30.047","°C","1016.000","hPa","35.3","pmil","0","53.237","deg","23.954","°C","100.000","%a.s.","21.023","deg","23.635","°C","1019.000","hPa","0.861","-0.02617","0.00035","0","0","13.56","Humid","28.00","0","54.00","360265.30","SABD0000000001","AAV1.0.0.11","1.1.2.0","PSt7-10","170328-007","9/30/2017 19:06:43","0000-00","0","no battery","V"
"09/09/2020","11:06:28","2","default","115855972","OXY_CH2","100.894","min","189.736","µmol/L","Humid","20.345","deg","77996","µV","30.037","°C","1016.000","hPa","35.3","pmil","0","53.237","deg","23.954","°C","100.000","%a.s.","21.023","deg","23.635","°C","1019.000","hPa","0.861","-0.02617","0.00035","0","0","13.56","Humid","28.00","0","54.00","360279.79","SABD0000000001","AAV1.0.0.11","1.1.2.0","PSt7-10","170328-007","9/30/2017 19:06:43","0000-00","0","no battery","V"
"09/09/2020","11:06:29","2","default","115855972","OXY_CH2","100.910","min","189.767","µmol/L","Humid","20.343","deg","77986","µV","30.038","°C","1016.000","hPa","35.3","pmil","0","53.237","deg","23.954","°C","100.000","%a.s.","21.023","deg","23.635","°C","1019.000","hPa","0.861","-0.02617","0.00035","0","0","13.56","Humid","28.00","0","54.00","360257.08","SABD0000000001","AAV1.0.0.11","1.1.2.0","PSt7-10","170328-007","9/30/2017 19:06:43","0000-00","0","no battery","V"
"09/09/2020","11:06:30","2","default","115855972","OXY_CH2","100.927","min","189.747","µmol/L","Humid","20.345","deg","77991","µV","30.036","°C","1016.000","hPa","35.3","pmil","0","53.237","deg","23.954","°C","100.000","%a.s.","21.023","deg","23.635","°C","1019.000","hPa","0.861","-0.02617","0.00035","0","0","13.56","Humid","28.00","0","54.00","360268.50","SABD0000000001","AAV1.0.0.11","1.1.2.0","PSt7-10","170328-007","9/30/2017 19:06:43","0000-00","0","no battery","V"
"09/09/2020","11:06:31","2","default","115855972","OXY_CH2","100.944","min","189.879","µmol/L","Humid","20.341","deg","77982","µV","30.025","°C","1016.000","hPa","35.3","pmil","0","53.237","deg","23.954","°C","100.000","%a.s.","21.023","deg","23.635","°C","1019.000","hPa","0.861","-0.02617","0.00035","0","0","13.56","Humid","28.00","0","54.00","360276.74","SABD0000000001","AAV1.0.0.11","1.1.2.0","PSt7-10","170328-007","9/30/2017 19:06:43","0000-00","0","no battery","V"
"09/09/2020","11:06:32","2","default","115855972","OXY_CH2","100.961","min","189.629","µmol/L","Humid","20.346","deg","77986","µV","30.052","°C","1016.000","hPa","35.3","pmil","0","53.237","deg","23.954","°C","100.000","%a.s.","21.023","deg","23.635","°C","1019.000","hPa","0.861","-0.02617","0.00035","0","0","13.56","Humid","28.00","0","54.00","360264.55","SABD0000000001","AAV1.0.0.11","1.1.2.0","PSt7-10","170328-007","9/30/2017 19:06:43","0000-00","0","no battery","V"
"09/09/2020","11:06:33","2","default","115855972","OXY_CH2","100.978","min","189.835","µmol/L","Humid","20.344","deg","77983","µV","30.024","°C","1016.000","hPa","35.3","pmil","0","53.237","deg","23.954","°C","100.000","%a.s.","21.023","deg","23.635","°C","1019.000","hPa","0.861","-0.02617","0.00035","0","0","13.56","Humid","28.00","0","54.00","360277.02","SABD0000000001","AAV1.0.0.11","1.1.2.0","PSt7-10","170328-007","9/30/2017 19:06:43","0000-00","0","no battery","V"
"09/09/2020","11:06:34","2","default","115855972","OXY_CH2","100.994","min","189.827","µmol/L","Humid","20.342","deg","77987","µV","30.031","°C","1016.000","hPa","35.3","pmil","0","53.237","deg","23.954","°C","100.000","%a.s.","21.023","deg","23.635","°C","1019.000","hPa","0.861","-0.02617","0.00035","0","0","13.56","Humid","28.00","0","54.00","360266.92","SABD0000000001","AAV1.0.0.11","1.1.2.0","PSt7-10","170328-007","9/30/2017 19:06:43","0000-00","0","no battery","V"
"09/09/2020","11:06:35","2","default","115855972","OXY_CH2","101.010","min","189.704","µmol/L","Humid","20.343","deg","77985","µV","30.049","°C","1016.000","hPa","35.3","pmil","0","53.237","deg","23.954","°C","100.000","%a.s.","21.023","deg","23.635","°C","1019.000","hPa","0.861","-0.02617","0.00035","0","0","13.56","Humid","28.00","0","54.00","360264.90","SABD0000000001","AAV1.0.0.11","1.1.2.0","PSt7-10","170328-007","9/30/2017 19:06:43","0000-00","0","no battery","V"
"09/09/2020","11:06:36","2","default","115855972","OXY_CH2","101.027","min","189.674","µmol/L","Humid","20.343","deg","77980","µV","30.052","°C","1015.000","hPa","35.3","pmil","0","53.237","deg","23.954","°C","100.000","%a.s.","21.023","deg","23.635","°C","1019.000","hPa","0.861","-0.02617","0.00035","0","0","13.56","Humid","28.00","0","54.00","360265.90","SABD0000000001","AAV1.0.0.11","1.1.2.0","PSt7-10","170328-007","9/30/2017 19:06:43","0000-00","0","no battery","V"
"09/09/2020","11:06:37","2","default","115855972","OXY_CH2","101.044","min","189.769","µmol/L","Humid","20.341","deg","77982","µV","30.044","°C","1016.000","hPa","35.3","pmil","0","53.237","deg","23.954","°C","100.000","%a.s.","21.023","deg","23.635","°C","1019.000","hPa","0.861","-0.02617","0.00035","0","0","13.56","Humid","28.00","0","54.00","360267.50","SABD0000000001","AAV1.0.0.11","1.1.2.0","PSt7-10","170328-007","9/30/2017 19:06:43","0000-00","0","no battery","V"
"09/09/2020","11:06:38","2","default","115855972","OXY_CH2","101.060","min","189.803","µmol/L","Humid","20.341","deg","77984","µV","30.038","°C","1016.000","hPa","35.3","pmil","0","53.237","deg","23.954","°C","100.000","%a.s.","21.023","deg","23.635","°C","1019.000","hPa","0.861","-0.02617","0.00035","0","0","13.56","Humid","28.00","0","54.00","360260.17","SABD0000000001","AAV1.0.0.11","1.1.2.0","PSt7-10","170328-007","9/30/2017 19:06:43","0000-00","0","no battery","V"
"09/09/2020","11:06:39","2","default","115855972","OXY_CH2","101.077","min","189.838","µmol/L","Humid","20.336","deg","77976","µV","30.047","°C","1016.000","hPa","35.3","pmil","0","53.237","deg","23.954","°C","100.000","%a.s.","21.023","deg","23.635","°C","1019.000","hPa","0.861","-0.02617","0.00035","0","0","13.56","Humid","28.00","0","54.00","360261.62","SABD0000000001","AAV1.0.0.11","1.1.2.0","PSt7-10","170328-007","9/30/2017 19:06:43","0000-00","0","no battery","V"
"09/09/2020","11:06:40","2","default","115855972","OXY_CH2","101.094","min","189.657","µmol/L","Humid","20.347","deg","77973","µV","30.045","°C","1016.000","hPa","35.3","pmil","0","53.237","deg","23.954","°C","100.000","%a.s.","21.023","deg","23.635","°C","1019.000","hPa","0.861","-0.02617","0.00035","0","0","13.56","Humid","28.00","0","54.00","360263.78","SABD0000000001","AAV1.0.0.11","1.1.2.0","PSt7-10","170328-007","9/30/2017 19:06:43","0000-00","0","no battery","V"
"09/09/2020","11:06:41","2","default","115855972","OXY_CH2","101.110","min","189.674","µmol/L","Humid","20.345","deg","77973","µV","30.048","°C","1016.000","hPa","35.3","pmil","0","53.237","deg","23.954","°C","100.000","%a.s.","21.023","deg","23.635","°C","1019.000","hPa","0.861","-0.02617","0.00035","0","0","13.56","Humid","28.00","0","54.00","360256.44","SABD0000000001","AAV1.0.0.11","1.1.2.0","PSt7-10","170328-007","9/30/2017 19:06:43","0000-00","0","no battery","V"
"09/09/2020","11:06:42","2","default","115855972","OXY_CH2","101.127","min","189.735","µmol/L","Humid","20.341","deg","77978","µV","30.049","°C","1016.000","hPa","35.3","pmil","0","53.237","deg","23.954","°C","100.000","%a.s.","21.023","deg","23.635","°C","1019.000","hPa","0.861","-0.02617","0.00035","0","0","13.56","Humid","28.00","0","54.00","360263.98","SABD0000000001","AAV1.0.0.11","1.1.2.0","PSt7-10","170328-007","9/30/2017 19:06:43","0000-00","0","no battery","V"
"09/09/2020","11:06:43","2","default","115855972","OXY_CH2","101.144","min","189.766","µmol/L","Humid","20.343","deg","77969","µV","30.037","°C","1015.000","hPa","35.3","pmil","0","53.237","deg","23.954","°C","100.000","%a.s.","21.023","deg","23.635","°C","1019.000","hPa","0.861","-0.02617","0.00035","0","0","13.56","Humid","28.00","0","54.00","360261.63","SABD0000000001","AAV1.0.0.11","1.1.2.0","PSt7-10","170328-007","9/30/2017 19:06:43","0000-00","0","no battery","V"
"09/09/2020","11:06:44","2","default","115855972","OXY_CH2","101.160","min","189.833","µmol/L","Humid","20.339","deg","77963","µV","30.039","°C","1016.000","hPa","35.3","pmil","0","53.237","deg","23.954","°C","100.000","%a.s.","21.023","deg","23.635","°C","1019.000","hPa","0.861","-0.02617","0.00035","0","0","13.56","Humid","28.00","0","54.00","360243.23","SABD0000000001","AAV1.0.0.11","1.1.2.0","PSt7-10","170328-007","9/30/2017 19:06:43","0000-00","0","no battery","V"
"09/09/2020","11:06:45","2","default","115855972","OXY_CH2","101.177","min","189.735","µmol/L","Humid","20.341","deg","77968","µV","30.048","°C","1015.000","hPa","35.3","pmil","0","53.237","deg","23.954","°C","100.000","%a.s.","21.023","deg","23.635","°C","1019.000","hPa","0.861","-0.02617","0.00035","0","0","13.56","Humid","28.00","0","54.00","360245.74","SABD0000000001","AAV1.0.0.11","1.1.2.0","PSt7-10","170328-007","9/30/2017 19:06:43","0000-00","0","no battery","V"
"09/09/2020","11:06:46","2","default","115855972","OXY_CH2","101.194","min","189.760","µmol/L","Humid","20.343","deg","77971","µV","30.039","°C","1016.000","hPa","35.3","pmil","0","53.237","deg","23.954","°C","100.000","%a.s.","21.023","deg","23.635","°C","1019.000","hPa","0.861","-0.02617","0.00035","0","0","13.56","Humid","28.00","0","54.00","360246.60","SABD0000000001","AAV1.0.0.11","1.1.2.0","PSt7-10","170328-007","9/30/2017 19:06:43","0000-00","0","no battery","V"
"09/09/2020","11:06:47","2","default","115855972","OXY_CH2","101.211","min","189.808","µmol/L","Humid","20.341","deg","77972","µV","30.036","°C","1015.000","hPa","35.3","pmil","0","53.237","deg","23.954","°C","100.000","%a.s.","21.023","deg","23.635","°C","1019.000","hPa","0.861","-0.02617","0.00035","0","0","13.56","Humid","28.00","0","54.00","360250.68","SABD0000000001","AAV1.0.0.11","1.1.2.0","PSt7-10","170328-007","9/30/2017 19:06:43","0000-00","0","no battery","V"
"09/09/2020","11:06:48","2","default","115855972","OXY_CH2","101.227","min","189.788","µmol/L","Humid","20.344","deg","77965","µV","30.030","°C","1015.000","hPa","35.3","pmil","0","53.237","deg","23.954","°C","100.000","%a.s.","21.023","deg","23.635","°C","1019.000","hPa","0.861","-0.02617","0.00035","0","0","13.56","Humid","28.00","0","54.00","360256.69","SABD0000000001","AAV1.0.0.11","1.1.2.0","PSt7-10","170328-007","9/30/2017 19:06:43","0000-00","0","no battery","V"
"09/09/2020","11:06:49","2","default","115855972","OXY_CH2","101.244","min","189.835","µmol/L","Humid","20.339","deg","77971","µV","30.038","°C","1016.000","hPa","35.3","pmil","0","53.237","deg","23.954","°C","100.000","%a.s.","21.023","deg","23.635","°C","1019.000","hPa","0.861","-0.02617","0.00035","0","0","13.56","Humid","28.00","0","54.00","360273.41","SABD0000000001","AAV1.0.0.11","1.1.2.0","PSt7-10","170328-007","9/30/2017 19:06:43","0000-00","0","no battery","V"
"09/09/2020","11:06:50","2","default","115855972","OXY_CH2","101.260","min","189.828","µmol/L","Humid","20.339","deg","77962","µV","30.040","°C","1016.000","hPa","35.3","pmil","0","53.237","deg","23.954","°C","100.000","%a.s.","21.023","deg","23.635","°C","1019.000","hPa","0.861","-0.02617","0.00035","0","0","13.56","Humid","28.00","0","54.00","360252.63","SABD0000000001","AAV1.0.0.11","1.1.2.0","PSt7-10","170328-007","9/30/2017 19:06:43","0000-00","0","no battery","V"
"09/09/2020","11:06:51","2","default","115855972","OXY_CH2","101.277","min","189.787","µmol/L","Humid","20.339","deg","77965","µV","30.045","°C","1015.000","hPa","35.3","pmil","0","53.237","deg","23.954","°C","100.000","%a.s.","21.023","deg","23.635","°C","1019.000","hPa","0.861","-0.02617","0.00035","0","0","13.56","Humid","28.00","0","54.00","360234.83","SABD0000000001","AAV1.0.0.11","1.1.2.0","PSt7-10","170328-007","9/30/2017 19:06:43","0000-00","0","no battery","V"
"09/09/2020","11:06:52","2","default","115855972","OXY_CH2","101.294","min","189.843","µmol/L","Humid","20.340","deg","77965","µV","30.033","°C","1015.000","hPa","35.3","pmil","0","53.237","deg","23.954","°C","100.000","%a.s.","21.023","deg","23.635","°C","1019.000","hPa","0.861","-0.02617","0.00035","0","0","13.56","Humid","28.00","0","54.00","360245.73","SABD0000000001","AAV1.0.0.11","1.1.2.0","PSt7-10","170328-007","9/30/2017 19:06:43","0000-00","0","no battery","V"
"09/09/2020","11:06:53","2","default","115855972","OXY_CH2","101.311","min","189.783","µmol/L","Humid","20.343","deg","77965","µV","30.034","°C","1015.000","hPa","35.3","pmil","0","53.237","deg","23.954","°C","100.000","%a.s.","21.023","deg","23.635","°C","1019.000","hPa","0.861","-0.02617","0.00035","0","0","13.56","Humid","28.00","0","54.00","360245.94","SABD0000000001","AAV1.0.0.11","1.1.2.0","PSt7-10","170328-007","9/30/2017 19:06:43","0000-00","0","no battery","V"
"09/09/2020","11:06:54","2","default","115855972","OXY_CH2","101.327","min","189.769","µmol/L","Humid","20.340","deg","77966","µV","30.046","°C","1016.000","hPa","35.3","pmil","0","53.237","deg","23.954","°C","100.000","%a.s.","21.023","deg","23.635","°C","1019.000","hPa","0.861","-0.02617","0.00035","0","0","13.56","Humid","28.00","0","54.00","360240.20","SABD0000000001","AAV1.0.0.11","1.1.2.0","PSt7-10","170328-007","9/30/2017 19:06:43","0000-00","0","no battery","V"
"09/09/2020","11:06:55","2","default","115855972","OXY_CH2","101.344","min","189.961","µmol/L","Humid","20.333","deg","77960","µV","30.035","°C","1016.000","hPa","35.3","pmil","0","53.237","deg","23.954","°C","100.000","%a.s.","21.023","deg","23.635","°C","1019.000","hPa","0.861","-0.02617","0.00035","0","0","13.56","Humid","28.00","0","54.00","360243.88","SABD0000000001","AAV1.0.0.11","1.1.2.0","PSt7-10","170328-007","9/30/2017 19:06:43","0000-00","0","no battery","V"
"09/09/2020","11:06:56","2","default","115855972","OXY_CH2","101.361","min","189.779","µmol/L","Humid","20.339","deg","77957","µV","30.046","°C","1015.000","hPa","35.3","pmil","0","53.237","deg","23.954","°C","100.000","%a.s.","21.023","deg","23.635","°C","1019.000","hPa","0.861","-0.02617","0.00035","0","0","13.56","Humid","28.00","0","54.00","360259.24","SABD0000000001","AAV1.0.0.11","1.1.2.0","PSt7-10","170328-007","9/30/2017 19:06:43","0000-00","0","no battery","V"
"09/09/2020","11:06:57","2","default","115855972","OXY_CH2","101.378","min","189.761","µmol/L","Humid","20.340","deg","77956","µV","30.048","°C","1016.000","hPa","35.3","pmil","0","53.237","deg","23.954","°C","100.000","%a.s.","21.023","deg","23.635","°C","1019.000","hPa","0.861","-0.02617","0.00035","0","0","13.56","Humid","28.00","0","54.00","360254.60","SABD0000000001","AAV1.0.0.11","1.1.2.0","PSt7-10","170328-007","9/30/2017 19:06:43","0000-00","0","no battery","V"
"09/09/2020","11:06:58","2","default","115855972","OXY_CH2","101.394","min","189.771","µmol/L","Humid","20.339","deg","77952","µV","30.048","°C","1015.000","hPa","35.3","pmil","0","53.237","deg","23.954","°C","100.000","%a.s.","21.023","deg","23.635","°C","1019.000","hPa","0.861","-0.02617","0.00035","0","0","13.56","Humid","28.00","0","54.00","360236.18","SABD0000000001","AAV1.0.0.11","1.1.2.0","PSt7-10","170328-007","9/30/2017 19:06:43","0000-00","0","no battery","V"
"09/09/2020","11:06:59","2","default","115855972","OXY_CH2","101.411","min","189.869","µmol/L","Humid","20.337","deg","77955","µV","30.039","°C","1016.000","hPa","35.3","pmil","0","53.237","deg","23.954","°C","100.000","%a.s.","21.023","deg","23.635","°C","1019.000","hPa","0.861","-0.02617","0.00035","0","0","13.56","Humid","28.00","0","54.00","360257.51","SABD0000000001","AAV1.0.0.11","1.1.2.0","PSt7-10","170328-007","9/30/2017 19:06:43","0000-00","0","no battery","V"
"09/09/2020","11:07:00","2","default","115855972","OXY_CH2","101.428","min","189.790","µmol/L","Humid","20.339","deg","77958","µV","30.045","°C","1015.000","hPa","35.3","pmil","0","53.237","deg","23.954","°C","100.000","%a.s.","21.023","deg","23.635","°C","1019.000","hPa","0.861","-0.02617","0.00035","0","0","13.56","Humid","28.00","0","54.00","360252.13","SABD0000000001","AAV1.0.0.11","1.1.2.0","PSt7-10","170328-007","9/30/2017 19:06:43","0000-00","0","no battery","V"
"09/09/2020","11:07:01","2","default","115855972","OXY_CH2","101.444","min","189.810","µmol/L","Humid","20.337","deg","77958","µV","30.048","°C","1016.000","hPa","35.3","pmil","0","53.237","deg","23.954","°C","100.000","%a.s.","21.023","deg","23.635","°C","1019.000","hPa","0.861","-0.02617","0.00035","0","0","13.56","Humid","28.00","0","54.00","360242.26","SABD0000000001","AAV1.0.0.11","1.1.2.0","PSt7-10","170328-007","9/30/2017 19:06:43","0000-00","0","no battery","V"
"09/09/2020","11:07:02","2","default","115855972","OXY_CH2","101.460","min","189.888","µmol/L","Humid","20.336","deg","77959","µV","30.037","°C","1015.000","hPa","35.3","pmil","0","53.237","deg","23.954","°C","100.000","%a.s.","21.023","deg","23.635","°C","1019.000","hPa","0.861","-0.02617","0.00035","0","0","13.56","Humid","28.00","0","54.00","360255.09","SABD0000000001","AAV1.0.0.11","1.1.2.0","PSt7-10","170328-007","9/30/2017 19:06:43","0000-00","0","no battery","V"
"09/09/2020","11:07:03","2","default","115855972","OXY_CH2","101.477","min","189.880","µmol/L","Humid","20.337","deg","77958","µV","30.037","°C","1016.000","hPa","35.3","pmil","0","53.237","deg","23.954","°C","100.000","%a.s.","21.023","deg","23.635","°C","1019.000","hPa","0.861","-0.02617","0.00035","0","0","13.56","Humid","28.00","0","54.00","360248.12","SABD0000000001","AAV1.0.0.11","1.1.2.0","PSt7-10","170328-007","9/30/2017 19:06:43","0000-00","0","no battery","V"
"09/09/2020","11:07:04","2","default","115855972","OXY_CH2","101.494","min","189.877","µmol/L","Humid","20.338","deg","77955","µV","30.034","°C","1016.000","hPa","35.3","pmil","0","53.237","deg","23.954","°C","100.000","%a.s.","21.023","deg","23.635","°C","1019.000","hPa","0.861","-0.02617","0.00035","0","0","13.56","Humid","28.00","0","54.00","360260.33","SABD0000000001","AAV1.0.0.11","1.1.2.0","PSt7-10","170328-007","9/30/2017 19:06:43","0000-00","0","no battery","V"
"09/09/2020","11:07:05","2","default","115855972","OXY_CH2","101.510","min","189.840","µmol/L","Humid","20.337","deg","77951","µV","30.043","°C","1016.000","hPa","35.3","pmil","0","53.237","deg","23.954","°C","100.000","%a.s.","21.023","deg","23.635","°C","1019.000","hPa","0.861","-0.02617","0.00035","0","0","13.56","Humid","28.00","0","54.00","360245.11","SABD0000000001","AAV1.0.0.11","1.1.2.0","PSt7-10","170328-007","9/30/2017 19:06:43","0000-00","0","no battery","V"
"09/09/2020","11:07:06","2","default","115855972","OXY_CH2","101.527","min","189.801","µmol/L","Humid","20.339","deg","77943","µV","30.044","°C","1016.000","hPa","35.3","pmil","0","53.237","deg","23.954","°C","100.000","%a.s.","21.023","deg","23.635","°C","1019.000","hPa","0.861","-0.02617","0.00035","0","0","13.56","Humid","28.00","0","54.00","360242.97","SABD0000000001","AAV1.0.0.11","1.1.2.0","PSt7-10","170328-007","9/30/2017 19:06:43","0000-00","0","no battery","V"
"09/09/2020","11:07:07","2","default","115855972","OXY_CH2","101.544","min","189.804","µmol/L","Humid","20.338","deg","77947","µV","30.046","°C","1016.000","hPa","35.3","pmil","0","53.237","deg","23.954","°C","100.000","%a.s.","21.023","deg","23.635","°C","1019.000","hPa","0.861","-0.02617","0.00035","0","0","13.56","Humid","28.00","0","54.00","360233.91","SABD0000000001","AAV1.0.0.11","1.1.2.0","PSt7-10","170328-007","9/30/2017 19:06:43","0000-00","0","no battery","V"
"09/09/2020","11:07:08","2","default","115855972","OXY_CH2","101.561","min","189.876","µmol/L","Humid","20.337","deg","77944","µV","30.037","°C","1016.000","hPa","35.3","pmil","0","53.237","deg","23.954","°C","100.000","%a.s.","21.023","deg","23.635","°C","1019.000","hPa","0.861","-0.02617","0.00035","0","0","13.56","Humid","28.00","0","54.00","360236.58","SABD0000000001","AAV1.0.0.11","1.1.2.0","PSt7-10","170328-007","9/30/2017 19:06:43","0000-00","0","no battery","V"
"09/09/2020","11:07:09","2","default","115855972","OXY_CH2","101.577","min","189.902","µmol/L","Humid","20.333","deg","77932","µV","30.045","°C","1016.000","hPa","35.3","pmil","0","53.237","deg","23.954","°C","100.000","%a.s.","21.023","deg","23.635","°C","1019.000","hPa","0.861","-0.02617","0.00035","0","0","13.56","Humid","28.00","0","54.00","360229.89","SABD0000000001","AAV1.0.0.11","1.1.2.0","PSt7-10","170328-007","9/30/2017 19:06:43","0000-00","0","no battery","V"
"09/09/2020","11:07:10","2","default","115855972","OXY_CH2","101.594","min","189.885","µmol/L","Humid","20.336","deg","77942","µV","30.037","°C","1015.000","hPa","35.3","pmil","0","53.237","deg","23.954","°C","100.000","%a.s.","21.023","deg","23.635","°C","1019.000","hPa","0.861","-0.02617","0.00035","0","0","13.56","Humid","28.00","0","54.00","360237.82","SABD0000000001","AAV1.0.0.11","1.1.2.0","PSt7-10","170328-007","9/30/2017 19:06:43","0000-00","0","no battery","V"
"09/09/2020","11:07:11","2","default","115855972","OXY_CH2","101.611","min","189.786","µmol/L","Humid","20.338","deg","77941","µV","30.050","°C","1016.000","hPa","35.3","pmil","0","53.237","deg","23.954","°C","100.000","%a.s.","21.023","deg","23.635","°C","1019.000","hPa","0.861","-0.02617","0.00035","0","0","13.56","Humid","28.00","0","54.00","360232.23","SABD0000000001","AAV1.0.0.11","1.1.2.0","PSt7-10","170328-007","9/30/2017 19:06:43","0000-00","0","no battery","V"
"09/09/2020","11:07:12","2","default","115855972","OXY_CH2","101.627","min","190.012","µmol/L","Humid","20.334","deg","77938","µV","30.024","°C","1016.000","hPa","35.3","pmil","0","53.237","deg","23.954","°C","100.000","%a.s.","21.023","deg","23.635","°C","1019.000","hPa","0.861","-0.02617","0.00035","0","0","13.56","Humid","28.00","0","54.00","360241.78","SABD0000000001","AAV1.0.0.11","1.1.2.0","PSt7-10","170328-007","9/30/2017 19:06:43","0000-00","0","no battery","V"
"09/09/2020","11:07:13","2","default","115855972","OXY_CH2","101.644","min","189.873","µmol/L","Humid","20.338","deg","77934","µV","30.035","°C","1016.000","hPa","35.3","pmil","0","53.237","deg","23.954","°C","100.000","%a.s.","21.023","deg","23.635","°C","1019.000","hPa","0.861","-0.02617","0.00035","0","0","13.56","Humid","28.00","0","54.00","360238.46","SABD0000000001","AAV1.0.0.11","1.1.2.0","PSt7-10","170328-007","9/30/2017 19:06:43","0000-00","0","no battery","V"
"09/09/2020","11:07:14","2","default","115855972","OXY_CH2","101.661","min","189.831","µmol/L","Humid","20.333","deg","77945","µV","30.057","°C","1016.000","hPa","35.3","pmil","0","53.237","deg","23.954","°C","100.000","%a.s.","21.023","deg","23.635","°C","1019.000","hPa","0.861","-0.02617","0.00035","0","0","13.56","Humid","28.00","0","54.00","360242.39","SABD0000000001","AAV1.0.0.11","1.1.2.0","PSt7-10","170328-007","9/30/2017 19:06:43","0000-00","0","no battery","V"
"09/09/2020","11:07:15","2","default","115855972","OXY_CH2","101.677","min","189.900","µmol/L","Humid","20.330","deg","77942","µV","30.054","°C","1016.000","hPa","35.3","pmil","0","53.237","deg","23.954","°C","100.000","%a.s.","21.023","deg","23.635","°C","1019.000","hPa","0.861","-0.02617","0.00035","0","0","13.56","Humid","28.00","0","54.00","360245.55","SABD0000000001","AAV1.0.0.11","1.1.2.0","PSt7-10","170328-007","9/30/2017 19:06:43","0000-00","0","no battery","V"
"09/09/2020","11:07:16","2","default","115855972","OXY_CH2","101.694","min","189.953","µmol/L","Humid","20.330","deg","77938","µV","30.045","°C","1016.000","hPa","35.3","pmil","0","53.237","deg","23.954","°C","100.000","%a.s.","21.023","deg","23.635","°C","1019.000","hPa","0.861","-0.02617","0.00035","0","0","13.56","Humid","28.00","0","54.00","360247.24","SABD0000000001","AAV1.0.0.11","1.1.2.0","PSt7-10","170328-007","9/30/2017 19:06:43","0000-00","0","no battery","V"
"09/09/2020","11:07:17","2","default","115855972","OXY_CH2","101.711","min","189.889","µmol/L","Humid","20.337","deg","77940","µV","30.035","°C","1016.000","hPa","35.3","pmil","0","53.237","deg","23.954","°C","100.000","%a.s.","21.023","deg","23.635","°C","1019.000","hPa","0.861","-0.02617","0.00035","0","0","13.56","Humid","28.00","0","54.00","360230.99","SABD0000000001","AAV1.0.0.11","1.1.2.0","PSt7-10","170328-007","9/30/2017 19:06:43","0000-00","0","no battery","V"
"09/09/2020","11:07:18","2","default","115855972","OXY_CH2","101.727","min","189.822","µmol/L","Humid","20.337","deg","77938","µV","30.046","°C","1016.000","hPa","35.3","pmil","0","53.237","deg","23.954","°C","100.000","%a.s.","21.023","deg","23.635","°C","1019.000","hPa","0.861","-0.02617","0.00035","0","0","13.56","Humid","28.00","0","54.00","360226.26","SABD0000000001","AAV1.0.0.11","1.1.2.0","PSt7-10","170328-007","9/30/2017 19:06:43","0000-00","0","no battery","V"
"09/09/2020","11:07:19","2","default","115855972","OXY_CH2","101.744","min","189.842","µmol/L","Humid","20.339","deg","77939","µV","30.037","°C","1016.000","hPa","35.3","pmil","0","53.237","deg","23.954","°C","100.000","%a.s.","21.023","deg","23.635","°C","1019.000","hPa","0.861","-0.02617","0.00035","0","0","13.56","Humid","28.00","0","54.00","360234.05","SABD0000000001","AAV1.0.0.11","1.1.2.0","PSt7-10","170328-007","9/30/2017 19:06:43","0000-00","0","no battery","V"
"09/09/2020","11:07:20","2","default","115855972","OXY_CH2","101.760","min","189.885","µmol/L","Humid","20.334","deg","77938","µV","30.045","°C","1016.000","hPa","35.3","pmil","0","53.237","deg","23.954","°C","100.000","%a.s.","21.023","deg","23.635","°C","1019.000","hPa","0.861","-0.02617","0.00035","0","0","13.56","Humid","28.00","0","54.00","360239.52","SABD0000000001","AAV1.0.0.11","1.1.2.0","PSt7-10","170328-007","9/30/2017 19:06:43","0000-00","0","no battery","V"
"09/09/2020","11:07:21","2","default","115855972","OXY_CH2","101.777","min","189.888","µmol/L","Humid","20.333","deg","77934","µV","30.047","°C","1016.000","hPa","35.3","pmil","0","53.237","deg","23.954","°C","100.000","%a.s.","21.023","deg","23.635","°C","1019.000","hPa","0.861","-0.02617","0.00035","0","0","13.56","Humid","28.00","0","54.00","360231.71","SABD0000000001","AAV1.0.0.11","1.1.2.0","PSt7-10","170328-007","9/30/2017 19:06:43","0000-00","0","no battery","V"
"09/09/2020","11:07:22","2","default","115855972","OXY_CH2","101.794","min","189.903","µmol/L","Humid","20.334","deg","77925","µV","30.042","°C","1016.000","hPa","35.3","pmil","0","53.237","deg","23.954","°C","100.000","%a.s.","21.023","deg","23.635","°C","1019.000","hPa","0.861","-0.02617","0.00035","0","0","13.56","Humid","28.00","0","54.00","360222.38","SABD0000000001","AAV1.0.0.11","1.1.2.0","PSt7-10","170328-007","9/30/2017 19:06:43","0000-00","0","no battery","V"
"09/09/2020","11:07:23","2","default","115855972","OXY_CH2","101.811","min","189.861","µmol/L","Humid","20.333","deg","77934","µV","30.052","°C","1016.000","hPa","35.3","pmil","0","53.237","deg","23.954","°C","100.000","%a.s.","21.023","deg","23.635","°C","1019.000","hPa","0.861","-0.02617","0.00035","0","0","13.56","Humid","28.00","0","54.00","360234.68","SABD0000000001","AAV1.0.0.11","1.1.2.0","PSt7-10","170328-007","9/30/2017 19:06:43","0000-00","0","no battery","V"
"09/09/2020","11:07:24","2","default","115855972","OXY_CH2","101.827","min","189.908","µmol/L","Humid","20.333","deg","77933","µV","30.044","°C","1016.000","hPa","35.3","pmil","0","53.237","deg","23.954","°C","100.000","%a.s.","21.023","deg","23.635","°C","1019.000","hPa","0.861","-0.02617","0.00035","0","0","13.56","Humid","28.00","0","54.00","360217.75","SABD0000000001","AAV1.0.0.11","1.1.2.0","PSt7-10","170328-007","9/30/2017 19:06:43","0000-00","0","no battery","V"
"09/09/2020","11:07:25","2","default","115855972","OXY_CH2","101.844","min","190.000","µmol/L","Humid","20.332","deg","77930","µV","30.031","°C","1016.000","hPa","35.3","pmil","0","53.237","deg","23.954","°C","100.000","%a.s.","21.023","deg","23.635","°C","1019.000","hPa","0.861","-0.02617","0.00035","0","0","13.56","Humid","28.00","0","54.00","360225.38","SABD0000000001","AAV1.0.0.11","1.1.2.0","PSt7-10","170328-007","9/30/2017 19:06:43","0000-00","0","no battery","V"
"09/09/2020","11:07:26","2","default","115855972","OXY_CH2","101.860","min","189.974","µmol/L","Humid","20.335","deg","77930","µV","30.027","°C","1016.000","hPa","35.3","pmil","0","53.237","deg","23.954","°C","100.000","%a.s.","21.023","deg","23.635","°C","1019.000","hPa","0.861","-0.02617","0.00035","0","0","13.56","Humid","28.00","0","54.00","360226.57","SABD0000000001","AAV1.0.0.11","1.1.2.0","PSt7-10","170328-007","9/30/2017 19:06:43","0000-00","0","no battery","V"
"09/09/2020","11:07:27","2","default","115855972","OXY_CH2","101.877","min","189.984","µmol/L","Humid","20.332","deg","77926","µV","30.034","°C","1016.000","hPa","35.3","pmil","0","53.237","deg","23.954","°C","100.000","%a.s.","21.023","deg","23.635","°C","1019.000","hPa","0.861","-0.02617","0.00035","0","0","13.56","Humid","28.00","0","54.00","360231.26","SABD0000000001","AAV1.0.0.11","1.1.2.0","PSt7-10","170328-007","9/30/2017 19:06:43","0000-00","0","no battery","V"
"09/09/2020","11:07:28","2","default","115855972","OXY_CH2","101.894","min","189.975","µmol/L","Humid","20.330","deg","77929","µV","30.041","°C","1016.000","hPa","35.3","pmil","0","53.237","deg","23.954","°C","100.000","%a.s.","21.023","deg","23.635","°C","1019.000","hPa","0.861","-0.02617","0.00035","0","0","13.56","Humid","28.00","0","54.00","360233.86","SABD0000000001","AAV1.0.0.11","1.1.2.0","PSt7-10","170328-007","9/30/2017 19:06:43","0000-00","0","no battery","V"
"09/09/2020","11:07:29","2","default","115855972","OXY_CH2","101.910","min","190.045","µmol/L","Humid","20.332","deg","77917","µV","30.024","°C","1016.000","hPa","35.3","pmil","0","53.237","deg","23.954","°C","100.000","%a.s.","21.023","deg","23.635","°C","1019.000","hPa","0.861","-0.02617","0.00035","0","0","13.56","Humid","28.00","0","54.00","360230.12","SABD0000000001","AAV1.0.0.11","1.1.2.0","PSt7-10","170328-007","9/30/2017 19:06:43","0000-00","0","no battery","V"
"09/09/2020","11:07:30","2","default","115855972","OXY_CH2","101.927","min","190.070","µmol/L","Humid","20.331","deg","77919","µV","30.023","°C","1016.000","hPa","35.3","pmil","0","53.237","deg","23.954","°C","100.000","%a.s.","21.023","deg","23.635","°C","1019.000","hPa","0.861","-0.02617","0.00035","0","0","13.56","Humid","28.00","0","54.00","360227.43","SABD0000000001","AAV1.0.0.11","1.1.2.0","PSt7-10","170328-007","9/30/2017 19:06:43","0000-00","0","no battery","V"
"09/09/2020","11:07:31","2","default","115855972","OXY_CH2","101.944","min","189.975","µmol/L","Humid","20.335","deg","77924","µV","30.027","°C","1016.000","hPa","35.3","pmil","0","53.237","deg","23.954","°C","100.000","%a.s.","21.023","deg","23.635","°C","1019.000","hPa","0.861","-0.02617","0.00035","0","0","13.56","Humid","28.00","0","54.00","360229.40","SABD0000000001","AAV1.0.0.11","1.1.2.0","PSt7-10","170328-007","9/30/2017 19:06:43","0000-00","0","no battery","V"
"09/09/2020","11:07:32","2","default","115855972","OXY_CH2","101.961","min","190.010","µmol/L","Humid","20.333","deg","77919","µV","30.027","°C","1016.000","hPa","35.3","pmil","0","53.237","deg","23.954","°C","100.000","%a.s.","21.023","deg","23.635","°C","1019.000","hPa","0.861","-0.02617","0.00035","0","0","13.56","Humid","28.00","0","54.00","360210.56","SABD0000000001","AAV1.0.0.11","1.1.2.0","PSt7-10","170328-007","9/30/2017 19:06:43","0000-00","0","no battery","V"
"09/09/2020","11:07:33","2","default","115855972","OXY_CH2","101.978","min","190.050","µmol/L","Humid","20.326","deg","77921","µV","30.040","°C","1016.000","hPa","35.3","pmil","0","53.237","deg","23.954","°C","100.000","%a.s.","21.023","deg","23.635","°C","1019.000","hPa","0.861","-0.02617","0.00035","0","0","13.56","Humid","28.00","0","54.00","360213.89","SABD0000000001","AAV1.0.0.11","1.1.2.0","PSt7-10","170328-007","9/30/2017 19:06:43","0000-00","0","no battery","V"
"09/09/2020","11:07:34","2","default","115855972","OXY_CH2","101.994","min","189.914","µmol/L","Humid","20.332","deg","77917","µV","30.046","°C","1016.000","hPa","35.3","pmil","0","53.237","deg","23.954","°C","100.000","%a.s.","21.023","deg","23.635","°C","1019.000","hPa","0.861","-0.02617","0.00035","0","0","13.56","Humid","28.00","0","54.00","360206.65","SABD0000000001","AAV1.0.0.11","1.1.2.0","PSt7-10","170328-007","9/30/2017 19:06:43","0000-00","0","no battery","V"
"09/09/2020","11:07:35","2","default","115855972","OXY_CH2","102.011","min","189.960","µmol/L","Humid","20.330","deg","77920","µV","30.044","°C","1016.000","hPa","35.3","pmil","0","53.237","deg","23.954","°C","100.000","%a.s.","21.023","deg","23.635","°C","1019.000","hPa","0.861","-0.02617","0.00035","0","0","13.56","Humid","28.00","0","54.00","360214.43","SABD0000000001","AAV1.0.0.11","1.1.2.0","PSt7-10","170328-007","9/30/2017 19:06:43","0000-00","0","no battery","V"
"09/09/2020","11:07:36","2","default","115855972","OXY_CH2","102.027","min","189.943","µmol/L","Humid","20.331","deg","77916","µV","30.044","°C","1016.000","hPa","35.3","pmil","0","53.237","deg","23.954","°C","100.000","%a.s.","21.023","deg","23.635","°C","1019.000","hPa","0.861","-0.02617","0.00035","0","0","13.56","Humid","28.00","0","54.00","360206.70","SABD0000000001","AAV1.0.0.11","1.1.2.0","PSt7-10","170328-007","9/30/2017 19:06:43","0000-00","0","no battery","V"
"09/09/2020","11:07:37","2","default","115855972","OXY_CH2","102.044","min","190.076","µmol/L","Humid","20.327","deg","77910","µV","30.033","°C","1016.000","hPa","35.3","pmil","0","53.237","deg","23.954","°C","100.000","%a.s.","21.023","deg","23.635","°C","1019.000","hPa","0.861","-0.02617","0.00035","0","0","13.56","Humid","28.00","0","54.00","360215.80","SABD0000000001","AAV1.0.0.11","1.1.2.0","PSt7-10","170328-007","9/30/2017 19:06:43","0000-00","0","no battery","V"
"09/09/2020","11:07:38","2","default","115855972","OXY_CH2","102.061","min","190.062","µmol/L","Humid","20.329","deg","77915","µV","30.030","°C","1016.000","hPa","35.3","pmil","0","53.237","deg","23.954","°C","100.000","%a.s.","21.023","deg","23.635","°C","1019.000","hPa","0.861","-0.02617","0.00035","0","0","13.56","Humid","28.00","0","54.00","360217.78","SABD0000000001","AAV1.0.0.11","1.1.2.0","PSt7-10","170328-007","9/30/2017 19:06:43","0000-00","0","no battery","V"
"09/09/2020","11:07:39","2","default","115855972","OXY_CH2","102.077","min","189.943","µmol/L","Humid","20.332","deg","77917","µV","30.041","°C","1016.000","hPa","35.3","pmil","0","53.237","deg","23.954","°C","100.000","%a.s.","21.023","deg","23.635","°C","1019.000","hPa","0.861","-0.02617","0.00035","0","0","13.56","Humid","28.00","0","54.00","360214.94","SABD0000000001","AAV1.0.0.11","1.1.2.0","PSt7-10","170328-007","9/30/2017 19:06:43","0000-00","0","no battery","V"
"09/09/2020","11:07:40","2","default","115855972","OXY_CH2","102.094","min","189.953","µmol/L","Humid","20.331","deg","77919","µV","30.042","°C","1016.000","hPa","35.3","pmil","0","53.237","deg","23.954","°C","100.000","%a.s.","21.023","deg","23.635","°C","1019.000","hPa","0.861","-0.02617","0.00035","0","0","13.56","Humid","28.00","0","54.00","360215.19","SABD0000000001","AAV1.0.0.11","1.1.2.0","PSt7-10","170328-007","9/30/2017 19:06:43","0000-00","0","no battery","V"
"09/09/2020","11:07:41","2","default","115855972","OXY_CH2","102.111","min","190.004","µmol/L","Humid","20.330","deg","77917","µV","30.036","°C","1016.000","hPa","35.3","pmil","0","53.237","deg","23.954","°C","100.000","%a.s.","21.023","deg","23.635","°C","1019.000","hPa","0.861","-0.02617","0.00035","0","0","13.56","Humid","28.00","0","54.00","360218.40","SABD0000000001","AAV1.0.0.11","1.1.2.0","PSt7-10","170328-007","9/30/2017 19:06:43","0000-00","0","no battery","V"
"09/09/2020","11:07:42","2","default","115855972","OXY_CH2","102.128","min","190.022","µmol/L","Humid","20.328","deg","77913","µV","30.039","°C","1016.000","hPa","35.3","pmil","0","53.237","deg","23.954","°C","100.000","%a.s.","21.023","deg","23.635","°C","1019.000","hPa","0.861","-0.02617","0.00035","0","0","13.56","Humid","28.00","0","54.00","360209.78","SABD0000000001","AAV1.0.0.11","1.1.2.0","PSt7-10","170328-007","9/30/2017 19:06:43","0000-00","0","no battery","V"
"09/09/2020","11:07:43","2","default","115855972","OXY_CH2","102.144","min","189.907","µmol/L","Humid","20.332","deg","77904","µV","30.047","°C","1016.000","hPa","35.3","pmil","0","53.237","deg","23.954","°C","100.000","%a.s.","21.023","deg","23.635","°C","1019.000","hPa","0.861","-0.02617","0.00035","0","0","13.56","Humid","28.00","0","54.00","360207.56","SABD0000000001","AAV1.0.0.11","1.1.2.0","PSt7-10","170328-007","9/30/2017 19:06:43","0000-00","0","no battery","V"
"09/09/2020","11:07:44","2","default","115855972","OXY_CH2","102.161","min","189.922","µmol/L","Humid","20.331","deg","77911","µV","30.046","°C","1015.000","hPa","35.3","pmil","0","53.237","deg","23.954","°C","100.000","%a.s.","21.023","deg","23.635","°C","1019.000","hPa","0.861","-0.02617","0.00035","0","0","13.56","Humid","28.00","0","54.00","360218.99","SABD0000000001","AAV1.0.0.11","1.1.2.0","PSt7-10","170328-007","9/30/2017 19:06:43","0000-00","0","no battery","V"
"09/09/2020","11:07:45","2","default","115855972","OXY_CH2","102.177","min","190.017","µmol/L","Humid","20.328","deg","77903","µV","30.040","°C","1016.000","hPa","35.3","pmil","0","53.237","deg","23.954","°C","100.000","%a.s.","21.023","deg","23.635","°C","1019.000","hPa","0.861","-0.02617","0.00035","0","0","13.56","Humid","28.00","0","54.00","360199.38","SABD0000000001","AAV1.0.0.11","1.1.2.0","PSt7-10","170328-007","9/30/2017 19:06:43","0000-00","0","no battery","V"
"09/09/2020","11:07:46","2","default","115855972","OXY_CH2","102.194","min","190.038","µmol/L","Humid","20.326","deg","77905","µV","30.042","°C","1016.000","hPa","35.3","pmil","0","53.237","deg","23.954","°C","100.000","%a.s.","21.023","deg","23.635","°C","1019.000","hPa","0.861","-0.02617","0.00035","0","0","13.56","Humid","28.00","0","54.00","360205.34","SABD0000000001","AAV1.0.0.11","1.1.2.0","PSt7-10","170328-007","9/30/2017 19:06:43","0000-00","0","no battery","V"
"09/09/2020","11:07:47","2","default","115855972","OXY_CH2","102.211","min","190.102","µmol/L","Humid","20.325","deg","77908","µV","30.035","°C","1016.000","hPa","35.3","pmil","0","53.237","deg","23.954","°C","100.000","%a.s.","21.023","deg","23.635","°C","1019.000","hPa","0.861","-0.02617","0.00035","0","0","13.56","Humid","28.00","0","54.00","360209.87","SABD0000000001","AAV1.0.0.11","1.1.2.0","PSt7-10","170328-007","9/30/2017 19:06:43","0000-00","0","no battery","V"
"09/09/2020","11:07:48","2","default","115855972","OXY_CH2","102.227","min","190.020","µmol/L","Humid","20.327","deg","77899","µV","30.043","°C","1016.000","hPa","35.3","pmil","0","53.237","deg","23.954","°C","100.000","%a.s.","21.023","deg","23.635","°C","1019.000","hPa","0.861","-0.02617","0.00035","0","0","13.56","Humid","28.00","0","54.00","360196.69","SABD0000000001","AAV1.0.0.11","1.1.2.0","PSt7-10","170328-007","9/30/2017 19:06:43","0000-00","0","no battery","V"
"09/09/2020","11:07:49","2","default","115855972","OXY_CH2","102.244","min","190.030","µmol/L","Humid","20.326","deg","77901","µV","30.044","°C","1016.000","hPa","35.3","pmil","0","53.237","deg","23.954","°C","100.000","%a.s.","21.023","deg","23.635","°C","1019.000","hPa","0.861","-0.02617","0.00035","0","0","13.56","Humid","28.00","0","54.00","360199.17","SABD0000000001","AAV1.0.0.11","1.1.2.0","PSt7-10","170328-007","9/30/2017 19:06:43","0000-00","0","no battery","V"
"09/09/2020","11:07:50","2","default","115855972","OXY_CH2","102.261","min","190.076","µmol/L","Humid","20.328","deg","77899","µV","30.030","°C","1016.000","hPa","35.3","pmil","0","53.237","deg","23.954","°C","100.000","%a.s.","21.023","deg","23.635","°C","1019.000","hPa","0.861","-0.02617","0.00035","0","0","13.56","Humid","28.00","0","54.00","360198.77","SABD0000000001","AAV1.0.0.11","1.1.2.0","PSt7-10","170328-007","9/30/2017 19:06:43","0000-00","0","no battery","V"
"09/09/2020","11:07:51","2","default","115855972","OXY_CH2","102.277","min","190.059","µmol/L","Humid","20.328","deg","77895","µV","30.033","°C","1016.000","hPa","35.3","pmil","0","53.237","deg","23.954","°C","100.000","%a.s.","21.023","deg","23.635","°C","1019.000","hPa","0.861","-0.02617","0.00035","0","0","13.56","Humid","28.00","0","54.00","360183.47","SABD0000000001","AAV1.0.0.11","1.1.2.0","PSt7-10","170328-007","9/30/2017 19:06:43","0000-00","0","no battery","V"
"09/09/2020","11:07:52","2","default","115855972","OXY_CH2","102.294","min","190.085","µmol/L","Humid","20.320","deg","77903","µV","30.052","°C","1016.000","hPa","35.3","pmil","0","53.237","deg","23.954","°C","100.000","%a.s.","21.023","deg","23.635","°C","1019.000","hPa","0.861","-0.02617","0.00035","0","0","13.56","Humid","28.00","0","54.00","360202.24","SABD0000000001","AAV1.0.0.11","1.1.2.0","PSt7-10","170328-007","9/30/2017 19:06:43","0000-00","0","no battery","V"
"09/09/2020","11:07:53","2","default","115855972","OXY_CH2","102.311","min","189.907","µmol/L","Humid","20.331","deg","77908","µV","30.050","°C","1016.000","hPa","35.3","pmil","0","53.237","deg","23.954","°C","100.000","%a.s.","21.023","deg","23.635","°C","1019.000","hPa","0.861","-0.02617","0.00035","0","0","13.56","Humid","28.00","0","54.00","360251.42","SABD0000000001","AAV1.0.0.11","1.1.2.0","PSt7-10","170328-007","9/30/2017 19:06:43","0000-00","0","no battery","V"
"09/09/2020","11:07:54","2","default","115855972","OXY_CH2","102.329","min","189.975","µmol/L","Humid","20.330","deg","77882","µV","30.041","°C","1016.000","hPa","35.3","pmil","0","53.237","deg","23.954","°C","100.000","%a.s.","21.023","deg","23.635","°C","1019.000","hPa","0.861","-0.02617","0.00035","0","0","13.56","Humid","28.00","0","54.00","360179.62","SABD0000000001","AAV1.0.0.11","1.1.2.0","PSt7-10","170328-007","9/30/2017 19:06:43","0000-00","0","no battery","V"
"09/09/2020","11:07:55","2","default","115855972","OXY_CH2","102.344","min","189.986","µmol/L","Humid","20.328","deg","77884","µV","30.044","°C","1015.000","hPa","35.3","pmil","0","53.237","deg","23.954","°C","100.000","%a.s.","21.023","deg","23.635","°C","1019.000","hPa","0.861","-0.02617","0.00035","0","0","13.56","Humid","28.00","0","54.00","360183.72","SABD0000000001","AAV1.0.0.11","1.1.2.0","PSt7-10","170328-007","9/30/2017 19:06:43","0000-00","0","no battery","V"
"09/09/2020","11:07:56","2","default","115855972","OXY_CH2","102.362","min","189.909","µmol/L","Humid","20.330","deg","77895","µV","30.052","°C","1016.000","hPa","35.3","pmil","0","53.237","deg","23.954","°C","100.000","%a.s.","21.023","deg","23.635","°C","1019.000","hPa","0.861","-0.02617","0.00035","0","0","13.56","Humid","28.00","0","54.00","360200.66","SABD0000000001","AAV1.0.0.11","1.1.2.0","PSt7-10","170328-007","9/30/2017 19:06:43","0000-00","0","no battery","V"
"09/09/2020","11:07:57","2","default","115855972","OXY_CH2","102.381","min","189.934","µmol/L","Humid","20.326","deg","77893","µV","30.060","°C","1016.000","hPa","35.3","pmil","0","53.237","deg","23.954","°C","100.000","%a.s.","21.023","deg","23.635","°C","1019.000","hPa","0.861","-0.02617","0.00035","0","0","13.56","Humid","28.00","0","54.00","360195.15","SABD0000000001","AAV1.0.0.11","1.1.2.0","PSt7-10","170328-007","9/30/2017 19:06:43","0000-00","0","no battery","V"
"09/09/2020","11:07:58","2","default","115855972","OXY_CH2","102.394","min","189.947","µmol/L","Humid","20.325","deg","77892","µV","30.059","°C","1015.000","hPa","35.3","pmil","0","53.237","deg","23.954","°C","100.000","%a.s.","21.023","deg","23.635","°C","1019.000","hPa","0.861","-0.02617","0.00035","0","0","13.56","Humid","28.00","0","54.00","360179.35","SABD0000000001","AAV1.0.0.11","1.1.2.0","PSt7-10","170328-007","9/30/2017 19:06:43","0000-00","0","no battery","V"
"09/09/2020","11:07:59","2","default","115855972","OXY_CH2","102.410","min","190.088","µmol/L","Humid","20.322","deg","77885","µV","30.046","°C","1016.000","hPa","35.3","pmil","0","53.237","deg","23.954","°C","100.000","%a.s.","21.023","deg","23.635","°C","1019.000","hPa","0.861","-0.02617","0.00035","0","0","13.56","Humid","28.00","0","54.00","360168.03","SABD0000000001","AAV1.0.0.11","1.1.2.0","PSt7-10","170328-007","9/30/2017 19:06:43","0000-00","0","no battery","V"
"09/09/2020","11:08:00","2","default","115855972","OXY_CH2","102.427","min","190.095","µmol/L","Humid","20.323","deg","77885","µV","30.042","°C","1016.000","hPa","35.3","pmil","0","53.237","deg","23.954","°C","100.000","%a.s.","21.023","deg","23.635","°C","1019.000","hPa","0.861","-0.02617","0.00035","0","0","13.56","Humid","28.00","0","54.00","360179.06","SABD0000000001","AAV1.0.0.11","1.1.2.0","PSt7-10","170328-007","9/30/2017 19:06:43","0000-00","0","no battery","V"
"09/09/2020","11:08:01","2","default","115855972","OXY_CH2","102.444","min","190.136","µmol/L","Humid","20.323","deg","77887","µV","30.034","°C","1015.000","hPa","35.3","pmil","0","53.237","deg","23.954","°C","100.000","%a.s.","21.023","deg","23.635","°C","1019.000","hPa","0.861","-0.02617","0.00035","0","0","13.56","Humid","28.00","0","54.00","360184.54","SABD0000000001","AAV1.0.0.11","1.1.2.0","PSt7-10","170328-007","9/30/2017 19:06:43","0000-00","0","no battery","V"
"09/09/2020","11:08:02","2","default","115855972","OXY_CH2","102.461","min","190.050","µmol/L","Humid","20.323","deg","77884","µV","30.048","°C","1015.000","hPa","35.3","pmil","0","53.237","deg","23.954","°C","100.000","%a.s.","21.023","deg","23.635","°C","1019.000","hPa","0.861","-0.02617","0.00035","0","0","13.56","Humid","28.00","0","54.00","360185.35","SABD0000000001","AAV1.0.0.11","1.1.2.0","PSt7-10","170328-007","9/30/2017 19:06:43","0000-00","0","no battery","V"
"09/09/2020","11:08:03","2","default","115855972","OXY_CH2","102.477","min","190.004","µmol/L","Humid","20.325","deg","77884","µV","30.051","°C","1016.000","hPa","35.3","pmil","0","53.237","deg","23.954","°C","100.000","%a.s.","21.023","deg","23.635","°C","1019.000","hPa","0.861","-0.02617","0.00035","0","0","13.56","Humid","28.00","0","54.00","360188.53","SABD0000000001","AAV1.0.0.11","1.1.2.0","PSt7-10","170328-007","9/30/2017 19:06:43","0000-00","0","no battery","V"
"09/09/2020","11:08:04","2","default","115855972","OXY_CH2","102.494","min","190.061","µmol/L","Humid","20.323","deg","77882","µV","30.047","°C","1016.000","hPa","35.3","pmil","0","53.237","deg","23.954","°C","100.000","%a.s.","21.023","deg","23.635","°C","1019.000","hPa","0.861","-0.02617","0.00035","0","0","13.56","Humid","28.00","0","54.00","360172.04","SABD0000000001","AAV1.0.0.11","1.1.2.0","PSt7-10","170328-007","9/30/2017 19:06:43","0000-00","0","no battery","V"
"09/09/2020","11:08:05","2","default","115855972","OXY_CH2","102.510","min","189.982","µmol/L","Humid","20.327","deg","77881","µV","30.049","°C","1016.000","hPa","35.3","pmil","0","53.237","deg","23.954","°C","100.000","%a.s.","21.023","deg","23.635","°C","1019.000","hPa","0.861","-0.02617","0.00035","0","0","13.56","Humid","28.00","0","54.00","360184.51","SABD0000000001","AAV1.0.0.11","1.1.2.0","PSt7-10","170328-007","9/30/2017 19:06:43","0000-00","0","no battery","V"
"09/09/2020","11:08:06","2","default","115855972","OXY_CH2","102.528","min","190.029","µmol/L","Humid","20.326","deg","77884","µV","30.043","°C","1015.000","hPa","35.3","pmil","0","53.237","deg","23.954","°C","100.000","%a.s.","21.023","deg","23.635","°C","1019.000","hPa","0.861","-0.02617","0.00035","0","0","13.56","Humid","28.00","0","54.00","360189.53","SABD0000000001","AAV1.0.0.11","1.1.2.0","PSt7-10","170328-007","9/30/2017 19:06:43","0000-00","0","no battery","V"
"09/09/2020","11:08:07","2","default","115855972","OXY_CH2","102.544","min","190.079","µmol/L","Humid","20.324","deg","77880","µV","30.042","°C","1016.000","hPa","35.3","pmil","0","53.237","deg","23.954","°C","100.000","%a.s.","21.023","deg","23.635","°C","1019.000","hPa","0.861","-0.02617","0.00035","0","0","13.56","Humid","28.00","0","54.00","360182.87","SABD0000000001","AAV1.0.0.11","1.1.2.0","PSt7-10","170328-007","9/30/2017 19:06:43","0000-00","0","no battery","V"
"09/09/2020","11:08:08","2","default","115855972","OXY_CH2","102.561","min","190.131","µmol/L","Humid","20.321","deg","77878","µV","30.040","°C","1015.000","hPa","35.3","pmil","0","53.237","deg","23.954","°C","100.000","%a.s.","21.023","deg","23.635","°C","1019.000","hPa","0.861","-0.02617","0.00035","0","0","13.56","Humid","28.00","0","54.00","360175.13","SABD0000000001","AAV1.0.0.11","1.1.2.0","PSt7-10","170328-007","9/30/2017 19:06:43","0000-00","0","no battery","V"
"09/09/2020","11:08:09","2","default","115855972","OXY_CH2","102.577","min","190.067","µmol/L","Humid","20.324","deg","77873","µV","30.042","°C","1015.000","hPa","35.3","pmil","0","53.237","deg","23.954","°C","100.000","%a.s.","21.023","deg","23.635","°C","1019.000","hPa","0.861","-0.02617","0.00035","0","0","13.56","Humid","28.00","0","54.00","360175.66","SABD0000000001","AAV1.0.0.11","1.1.2.0","PSt7-10","170328-007","9/30/2017 19:06:43","0000-00","0","no battery","V"
"09/09/2020","11:08:10","2","default","115855972","OXY_CH2","102.594","min","190.079","µmol/L","Humid","20.324","deg","77877","µV","30.040","°C","1015.000","hPa","35.3","pmil","0","53.237","deg","23.954","°C","100.000","%a.s.","21.023","deg","23.635","°C","1019.000","hPa","0.861","-0.02617","0.00035","0","0","13.56","Humid","28.00","0","54.00","360175.35","SABD0000000001","AAV1.0.0.11","1.1.2.0","PSt7-10","170328-007","9/30/2017 19:06:43","0000-00","0","no battery","V"
"09/09/2020","11:08:11","2","default","115855972","OXY_CH2","102.611","min","190.120","µmol/L","Humid","20.321","deg","77870","µV","30.043","°C","1016.000","hPa","35.3","pmil","0","53.237","deg","23.954","°C","100.000","%a.s.","21.023","deg","23.635","°C","1019.000","hPa","0.861","-0.02617","0.00035","0","0","13.56","Humid","28.00","0","54.00","360180.36","SABD0000000001","AAV1.0.0.11","1.1.2.0","PSt7-10","170328-007","9/30/2017 19:06:43","0000-00","0","no battery","V"
"09/09/2020","11:08:12","2","default","115855972","OXY_CH2","102.627","min","190.101","µmol/L","Humid","20.321","deg","77876","µV","30.045","°C","1015.000","hPa","35.3","pmil","0","53.237","deg","23.954","°C","100.000","%a.s.","21.023","deg","23.635","°C","1019.000","hPa","0.861","-0.02617","0.00035","0","0","13.56","Humid","28.00","0","54.00","360188.84","SABD0000000001","AAV1.0.0.11","1.1.2.0","PSt7-10","170328-007","9/30/2017 19:06:43","0000-00","0","no battery","V"
"09/09/2020","11:08:13","2","default","115855972","OXY_CH2","102.644","min","190.114","µmol/L","Humid","20.318","deg","77869","µV","30.053","°C","1016.000","hPa","35.3","pmil","0","53.237","deg","23.954","°C","100.000","%a.s.","21.023","deg","23.635","°C","1019.000","hPa","0.861","-0.02617","0.00035","0","0","13.56","Humid","28.00","0","54.00","360175.31","SABD0000000001","AAV1.0.0.11","1.1.2.0","PSt7-10","170328-007","9/30/2017 19:06:43","0000-00","0","no battery","V"
"09/09/2020","11:08:14","2","default","115855972","OXY_CH2","102.661","min","190.031","µmol/L","Humid","20.322","deg","77863","µV","30.054","°C","1015.000","hPa","35.3","pmil","0","53.237","deg","23.954","°C","100.000","%a.s.","21.023","deg","23.635","°C","1019.000","hPa","0.861","-0.02617","0.00035","0","0","13.56","Humid","28.00","0","54.00","360161.47","SABD0000000001","AAV1.0.0.11","1.1.2.0","PSt7-10","170328-007","9/30/2017 19:06:43","0000-00","0","no battery","V"
"09/09/2020","11:08:15","2","default","115855972","OXY_CH2","102.677","min","190.056","µmol/L","Humid","20.325","deg","77874","µV","30.042","°C","1016.000","hPa","35.3","pmil","0","53.237","deg","23.954","°C","100.000","%a.s.","21.023","deg","23.635","°C","1019.000","hPa","0.861","-0.02617","0.00035","0","0","13.56","Humid","28.00","0","54.00","360184.32","SABD0000000001","AAV1.0.0.11","1.1.2.0","PSt7-10","170328-007","9/30/2017 19:06:43","0000-00","0","no battery","V"
"09/09/2020","11:08:16","2","default","115855972","OXY_CH2","102.694","min","190.053","µmol/L","Humid","20.326","deg","77870","µV","30.039","°C","1015.000","hPa","35.3","pmil","0","53.237","deg","23.954","°C","100.000","%a.s.","21.023","deg","23.635","°C","1019.000","hPa","0.861","-0.02617","0.00035","0","0","13.56","Humid","28.00","0","54.00","360170.84","SABD0000000001","AAV1.0.0.11","1.1.2.0","PSt7-10","170328-007","9/30/2017 19:06:43","0000-00","0","no battery","V"
"09/09/2020","11:08:17","2","default","115855972","OXY_CH2","102.710","min","190.118","µmol/L","Humid","20.322","deg","77868","µV","30.041","°C","1016.000","hPa","35.3","pmil","0","53.237","deg","23.954","°C","100.000","%a.s.","21.023","deg","23.635","°C","1019.000","hPa","0.861","-0.02617","0.00035","0","0","13.56","Humid","28.00","0","54.00","360175.57","SABD0000000001","AAV1.0.0.11","1.1.2.0","PSt7-10","170328-007","9/30/2017 19:06:43","0000-00","0","no battery","V"
"09/09/2020","11:08:18","2","default","115855972","OXY_CH2","102.727","min","190.106","µmol/L","Humid","20.323","deg","77871","µV","30.040","°C","1016.000","hPa","35.3","pmil","0","53.237","deg","23.954","°C","100.000","%a.s.","21.023","deg","23.635","°C","1019.000","hPa","0.861","-0.02617","0.00035","0","0","13.56","Humid","28.00","0","54.00","360182.11","SABD0000000001","AAV1.0.0.11","1.1.2.0","PSt7-10","170328-007","9/30/2017 19:06:43","0000-00","0","no battery","V"
"09/09/2020","11:08:19","2","default","115855972","OXY_CH2","102.744","min","190.112","µmol/L","Humid","20.323","deg","77867","µV","30.038","°C","1015.000","hPa","35.3","pmil","0","53.237","deg","23.954","°C","100.000","%a.s.","21.023","deg","23.635","°C","1019.000","hPa","0.861","-0.02617","0.00035","0","0","13.56","Humid","28.00","0","54.00","360184.66","SABD0000000001","AAV1.0.0.11","1.1.2.0","PSt7-10","170328-007","9/30/2017 19:06:43","0000-00","0","no battery","V"
"09/09/2020","11:08:20","2","default","115855972","OXY_CH2","102.761","min","190.159","µmol/L","Humid","20.319","deg","77861","µV","30.043","°C","1016.000","hPa","35.3","pmil","0","53.237","deg","23.954","°C","100.000","%a.s.","21.023","deg","23.635","°C","1019.000","hPa","0.861","-0.02617","0.00035","0","0","13.56","Humid","28.00","0","54.00","360177.19","SABD0000000001","AAV1.0.0.11","1.1.2.0","PSt7-10","170328-007","9/30/2017 19:06:43","0000-00","0","no battery","V"
"09/09/2020","11:08:21","2","default","115855972","OXY_CH2","102.778","min","190.018","µmol/L","Humid","20.323","deg","77863","µV","30.055","°C","1016.000","hPa","35.3","pmil","0","53.237","deg","23.954","°C","100.000","%a.s.","21.023","deg","23.635","°C","1019.000","hPa","0.861","-0.02617","0.00035","0","0","13.56","Humid","28.00","0","54.00","360169.64","SABD0000000001","AAV1.0.0.11","1.1.2.0","PSt7-10","170328-007","9/30/2017 19:06:43","0000-00","0","no battery","V"
"09/09/2020","11:08:22","2","default","115855972","OXY_CH2","102.794","min","190.111","µmol/L","Humid","20.318","deg","77863","µV","30.054","°C","1016.000","hPa","35.3","pmil","0","53.237","deg","23.954","°C","100.000","%a.s.","21.023","deg","23.635","°C","1019.000","hPa","0.861","-0.02617","0.00035","0","0","13.56","Humid","28.00","0","54.00","360159.88","SABD0000000001","AAV1.0.0.11","1.1.2.0","PSt7-10","170328-007","9/30/2017 19:06:43","0000-00","0","no battery","V"
"09/09/2020","11:08:23","2","default","115855972","OXY_CH2","102.811","min","190.138","µmol/L","Humid","20.316","deg","77853","µV","30.054","°C","1015.000","hPa","35.3","pmil","0","53.237","deg","23.954","°C","100.000","%a.s.","21.023","deg","23.635","°C","1019.000","hPa","0.861","-0.02617","0.00035","0","0","13.56","Humid","28.00","0","54.00","360176.84","SABD0000000001","AAV1.0.0.11","1.1.2.0","PSt7-10","170328-007","9/30/2017 19:06:43","0000-00","0","no battery","V"
"09/09/2020","11:08:24","2","default","115855972","OXY_CH2","102.828","min","190.183","µmol/L","Humid","20.321","deg","77855","µV","30.033","°C","1016.000","hPa","35.3","pmil","0","53.237","deg","23.954","°C","100.000","%a.s.","21.023","deg","23.635","°C","1019.000","hPa","0.861","-0.02617","0.00035","0","0","13.56","Humid","28.00","0","54.00","360179.99","SABD0000000001","AAV1.0.0.11","1.1.2.0","PSt7-10","170328-007","9/30/2017 19:06:43","0000-00","0","no battery","V"
"09/09/2020","11:08:25","2","default","115855972","OXY_CH2","102.844","min","190.179","µmol/L","Humid","20.319","deg","77853","µV","30.039","°C","1016.000","hPa","35.3","pmil","0","53.237","deg","23.954","°C","100.000","%a.s.","21.023","deg","23.635","°C","1019.000","hPa","0.861","-0.02617","0.00035","0","0","13.56","Humid","28.00","0","54.00","360157.90","SABD0000000001","AAV1.0.0.11","1.1.2.0","PSt7-10","170328-007","9/30/2017 19:06:43","0000-00","0","no battery","V"
"09/09/2020","11:08:26","2","default","115855972","OXY_CH2","102.861","min","190.190","µmol/L","Humid","20.321","deg","77851","µV","30.031","°C","1015.000","hPa","35.3","pmil","0","53.237","deg","23.954","°C","100.000","%a.s.","21.023","deg","23.635","°C","1019.000","hPa","0.861","-0.02617","0.00035","0","0","13.56","Humid","28.00","0","54.00","360175.39","SABD0000000001","AAV1.0.0.11","1.1.2.0","PSt7-10","170328-007","9/30/2017 19:06:43","0000-00","0","no battery","V"
"09/09/2020","11:08:27","2","default","115855972","OXY_CH2","102.877","min","190.300","µmol/L","Humid","20.317","deg","77853","µV","30.025","°C","1016.000","hPa","35.3","pmil","0","53.237","deg","23.954","°C","100.000","%a.s.","21.023","deg","23.635","°C","1019.000","hPa","0.861","-0.02617","0.00035","0","0","13.56","Humid","28.00","0","54.00","360178.47","SABD0000000001","AAV1.0.0.11","1.1.2.0","PSt7-10","170328-007","9/30/2017 19:06:43","0000-00","0","no battery","V"
"09/09/2020","11:08:28","2","default","115855972","OXY_CH2","102.894","min","190.294","µmol/L","Humid","20.318","deg","77851","µV","30.023","°C","1016.000","hPa","35.3","pmil","0","53.237","deg","23.954","°C","100.000","%a.s.","21.023","deg","23.635","°C","1019.000","hPa","0.861","-0.02617","0.00035","0","0","13.56","Humid","28.00","0","54.00","360172.32","SABD0000000001","AAV1.0.0.11","1.1.2.0","PSt7-10","170328-007","9/30/2017 19:06:43","0000-00","0","no battery","V"
"09/09/2020","11:08:29","2","default","115855972","OXY_CH2","102.910","min","190.224","µmol/L","Humid","20.318","deg","77847","µV","30.035","°C","1016.000","hPa","35.3","pmil","0","53.237","deg","23.954","°C","100.000","%a.s.","21.023","deg","23.635","°C","1019.000","hPa","0.861","-0.02617","0.00035","0","0","13.56","Humid","28.00","0","54.00","360178.24","SABD0000000001","AAV1.0.0.11","1.1.2.0","PSt7-10","170328-007","9/30/2017 19:06:43","0000-00","0","no battery","V"
"09/09/2020","11:08:30","2","default","115855972","OXY_CH2","102.927","min","190.050","µmol/L","Humid","20.323","deg","77850","µV","30.048","°C","1015.000","hPa","35.3","pmil","0","53.237","deg","23.954","°C","100.000","%a.s.","21.023","deg","23.635","°C","1019.000","hPa","0.861","-0.02617","0.00035","0","0","13.56","Humid","28.00","0","54.00","360166.08","SABD0000000001","AAV1.0.0.11","1.1.2.0","PSt7-10","170328-007","9/30/2017 19:06:43","0000-00","0","no battery","V"
"09/09/2020","11:08:31","2","default","115855972","OXY_CH2","102.944","min","190.079","µmol/L","Humid","20.321","deg","77855","µV","30.049","°C","1015.000","hPa","35.3","pmil","0","53.237","deg","23.954","°C","100.000","%a.s.","21.023","deg","23.635","°C","1019.000","hPa","0.861","-0.02617","0.00035","0","0","13.56","Humid","28.00","0","54.00","360165.40","SABD0000000001","AAV1.0.0.11","1.1.2.0","PSt7-10","170328-007","9/30/2017 19:06:43","0000-00","0","no battery","V"
"09/09/2020","11:08:32","2","default","115855972","OXY_CH2","102.961","min","190.112","µmol/L","Humid","20.318","deg","77851","µV","30.054","°C","1016.000","hPa","35.3","pmil","0","53.237","deg","23.954","°C","100.000","%a.s.","21.023","deg","23.635","°C","1019.000","hPa","0.861","-0.02617","0.00035","0","0","13.56","Humid","28.00","0","54.00","360160.81","SABD0000000001","AAV1.0.0.11","1.1.2.0","PSt7-10","170328-007","9/30/2017 19:06:43","0000-00","0","no battery","V"
"09/09/2020","11:08:33","2","default","115855972","OXY_CH2","102.978","min","190.096","µmol/L","Humid","20.317","deg","77848","µV","30.058","°C","1015.000","hPa","35.3","pmil","0","53.237","deg","23.954","°C","100.000","%a.s.","21.023","deg","23.635","°C","1019.000","hPa","0.861","-0.02617","0.00035","0","0","13.56","Humid","28.00","0","54.00","360163.30","SABD0000000001","AAV1.0.0.11","1.1.2.0","PSt7-10","170328-007","9/30/2017 19:06:43","0000-00","0","no battery","V"
"09/09/2020","11:10:16","2","default","115855972","OXY_CH2","104.696","min","190.735","µmol/L","Humid","20.286","deg","77926","µV","30.044","°C","1016.000","hPa","35.3","pmil","0","53.237","deg","23.954","°C","100.000","%a.s.","21.023","deg","23.635","°C","1019.000","hPa","0.861","-0.02617","0.00035","0","0","13.56","Humid","28.00","0","54.00","360507.70","SABD0000000001","AAV1.0.0.11","1.1.2.0","PSt7-10","170328-007","9/30/2017 19:06:43","0000-00","0","no battery","V"
"09/09/2020","11:10:17","2","default","115855972","OXY_CH2","104.711","min","190.703","µmol/L","Humid","20.287","deg","77910","µV","30.045","°C","1015.000","hPa","35.3","pmil","0","53.237","deg","23.954","°C","100.000","%a.s.","21.023","deg","23.635","°C","1019.000","hPa","0.861","-0.02617","0.00035","0","0","13.56","Humid","28.00","0","54.00","360445.81","SABD0000000001","AAV1.0.0.11","1.1.2.0","PSt7-10","170328-007","9/30/2017 19:06:43","0000-00","0","no battery","V"
"09/09/2020","11:10:18","2","default","115855972","OXY_CH2","104.728","min","190.686","µmol/L","Humid","20.290","deg","77897","µV","30.040","°C","1016.000","hPa","35.3","pmil","0","53.237","deg","23.954","°C","100.000","%a.s.","21.023","deg","23.635","°C","1019.000","hPa","0.861","-0.02617","0.00035","0","0","13.56","Humid","28.00","0","54.00","360416.95","SABD0000000001","AAV1.0.0.11","1.1.2.0","PSt7-10","170328-007","9/30/2017 19:06:43","0000-00","0","no battery","V"
"09/09/2020","11:10:19","2","default","115855972","OXY_CH2","104.744","min","190.604","µmol/L","Humid","20.293","deg","77891","µV","30.045","°C","1016.000","hPa","35.3","pmil","0","53.237","deg","23.954","°C","100.000","%a.s.","21.023","deg","23.635","°C","1019.000","hPa","0.861","-0.02617","0.00035","0","0","13.56","Humid","28.00","0","54.00","360404.55","SABD0000000001","AAV1.0.0.11","1.1.2.0","PSt7-10","170328-007","9/30/2017 19:06:43","0000-00","0","no battery","V"
"09/09/2020","11:10:20","2","default","115855972","OXY_CH2","104.761","min","190.654","µmol/L","Humid","20.289","deg","77882","µV","30.048","°C","1016.000","hPa","35.3","pmil","0","53.237","deg","23.954","°C","100.000","%a.s.","21.023","deg","23.635","°C","1019.000","hPa","0.861","-0.02617","0.00035","0","0","13.56","Humid","28.00","0","54.00","360394.62","SABD0000000001","AAV1.0.0.11","1.1.2.0","PSt7-10","170328-007","9/30/2017 19:06:43","0000-00","0","no battery","V"
"09/09/2020","11:10:21","2","default","115855972","OXY_CH2","104.777","min","190.693","µmol/L","Humid","20.290","deg","77875","µV","30.039","°C","1016.000","hPa","35.3","pmil","0","53.237","deg","23.954","°C","100.000","%a.s.","21.023","deg","23.635","°C","1019.000","hPa","0.861","-0.02617","0.00035","0","0","13.56","Humid","28.00","0","54.00","360380.62","SABD0000000001","AAV1.0.0.11","1.1.2.0","PSt7-10","170328-007","9/30/2017 19:06:43","0000-00","0","no battery","V"
"09/09/2020","11:10:22","2","default","115855972","OXY_CH2","104.794","min","190.570","µmol/L","Humid","20.298","deg","77865","µV","30.034","°C","1015.000","hPa","35.3","pmil","0","53.237","deg","23.954","°C","100.000","%a.s.","21.023","deg","23.635","°C","1019.000","hPa","0.861","-0.02617","0.00035","0","0","13.56","Humid","28.00","0","54.00","360362.38","SABD0000000001","AAV1.0.0.11","1.1.2.0","PSt7-10","170328-007","9/30/2017 19:06:43","0000-00","0","no battery","V"
"09/09/2020","11:10:23","2","default","115855972","OXY_CH2","104.811","min","190.647","µmol/L","Humid","20.294","deg","77872","µV","30.035","°C","1016.000","hPa","35.3","pmil","0","53.237","deg","23.954","°C","100.000","%a.s.","21.023","deg","23.635","°C","1019.000","hPa","0.861","-0.02617","0.00035","0","0","13.56","Humid","28.00","0","54.00","360360.70","SABD0000000001","AAV1.0.0.11","1.1.2.0","PSt7-10","170328-007","9/30/2017 19:06:43","0000-00","0","no battery","V"
"09/09/2020","11:10:24","2","default","115855972","OXY_CH2","104.828","min","190.640","µmol/L","Humid","20.288","deg","77866","µV","30.053","°C","1016.000","hPa","35.3","pmil","0","53.237","deg","23.954","°C","100.000","%a.s.","21.023","deg","23.635","°C","1019.000","hPa","0.861","-0.02617","0.00035","0","0","13.56","Humid","28.00","0","54.00","360368.92","SABD0000000001","AAV1.0.0.11","1.1.2.0","PSt7-10","170328-007","9/30/2017 19:06:43","0000-00","0","no battery","V"
"09/09/2020","11:10:25","2","default","115855972","OXY_CH2","104.844","min","190.577","µmol/L","Humid","20.291","deg","77859","µV","30.055","°C","1016.000","hPa","35.3","pmil","0","53.237","deg","23.954","°C","100.000","%a.s.","21.023","deg","23.635","°C","1019.000","hPa","0.861","-0.02617","0.00035","0","0","13.56","Humid","28.00","0","54.00","360363.72","SABD0000000001","AAV1.0.0.11","1.1.2.0","PSt7-10","170328-007","9/30/2017 19:06:43","0000-00","0","no battery","V"
"09/09/2020","11:10:26","2","default","115855972","OXY_CH2","104.861","min","190.623","µmol/L","Humid","20.287","deg","77857","µV","30.059","°C","1016.000","hPa","35.3","pmil","0","53.237","deg","23.954","°C","100.000","%a.s.","21.023","deg","23.635","°C","1019.000","hPa","0.861","-0.02617","0.00035","0","0","13.56","Humid","28.00","0","54.00","360356.89","SABD0000000001","AAV1.0.0.11","1.1.2.0","PSt7-10","170328-007","9/30/2017 19:06:43","0000-00","0","no battery","V"
"09/09/2020","11:10:27","2","default","115855972","OXY_CH2","104.877","min","190.686","µmol/L","Humid","20.289","deg","77854","µV","30.043","°C","1016.000","hPa","35.3","pmil","0","53.237","deg","23.954","°C","100.000","%a.s.","21.023","deg","23.635","°C","1019.000","hPa","0.861","-0.02617","0.00035","0","0","13.56","Humid","28.00","0","54.00","360357.47","SABD0000000001","AAV1.0.0.11","1.1.2.0","PSt7-10","170328-007","9/30/2017 19:06:43","0000-00","0","no battery","V"
"09/09/2020","11:10:28","2","default","115855972","OXY_CH2","104.894","min","190.550","µmol/L","Humid","20.294","deg","77850","µV","30.049","°C","1015.000","hPa","35.3","pmil","0","53.237","deg","23.954","°C","100.000","%a.s.","21.023","deg","23.635","°C","1019.000","hPa","0.861","-0.02617","0.00035","0","0","13.56","Humid","28.00","0","54.00","360349.48","SABD0000000001","AAV1.0.0.11","1.1.2.0","PSt7-10","170328-007","9/30/2017 19:06:43","0000-00","0","no battery","V"
"09/09/2020","11:10:29","2","default","115855972","OXY_CH2","104.911","min","190.646","µmol/L","Humid","20.289","deg","77850","µV","30.049","°C","1016.000","hPa","35.3","pmil","0","53.237","deg","23.954","°C","100.000","%a.s.","21.023","deg","23.635","°C","1019.000","hPa","0.861","-0.02617","0.00035","0","0","13.56","Humid","28.00","0","54.00","360339.22","SABD0000000001","AAV1.0.0.11","1.1.2.0","PSt7-10","170328-007","9/30/2017 19:06:43","0000-00","0","no battery","V"
"09/09/2020","11:10:30","2","default","115855972","OXY_CH2","104.927","min","190.619","µmol/L","Humid","20.292","deg","77849","µV","30.044","°C","1015.000","hPa","35.3","pmil","0","53.237","deg","23.954","°C","100.000","%a.s.","21.023","deg","23.635","°C","1019.000","hPa","0.861","-0.02617","0.00035","0","0","13.56","Humid","28.00","0","54.00","360336.37","SABD0000000001","AAV1.0.0.11","1.1.2.0","PSt7-10","170328-007","9/30/2017 19:06:43","0000-00","0","no battery","V"
"09/09/2020","11:10:31","2","default","115855972","OXY_CH2","104.944","min","190.604","µmol/L","Humid","20.294","deg","77851","µV","30.042","°C","1016.000","hPa","35.3","pmil","0","53.237","deg","23.954","°C","100.000","%a.s.","21.023","deg","23.635","°C","1019.000","hPa","0.861","-0.02617","0.00035","0","0","13.56","Humid","28.00","0","54.00","360345.37","SABD0000000001","AAV1.0.0.11","1.1.2.0","PSt7-10","170328-007","9/30/2017 19:06:43","0000-00","0","no battery","V"
"09/09/2020","11:10:32","2","default","115855972","OXY_CH2","104.960","min","190.719","µmol/L","Humid","20.287","deg","77845","µV","30.043","°C","1016.000","hPa","35.3","pmil","0","53.237","deg","23.954","°C","100.000","%a.s.","21.023","deg","23.635","°C","1019.000","hPa","0.861","-0.02617","0.00035","0","0","13.56","Humid","28.00","0","54.00","360332.82","SABD0000000001","AAV1.0.0.11","1.1.2.0","PSt7-10","170328-007","9/30/2017 19:06:43","0000-00","0","no battery","V"
"09/09/2020","11:10:33","2","default","115855972","OXY_CH2","104.977","min","190.682","µmol/L","Humid","20.293","deg","77849","µV","30.032","°C","1016.000","hPa","35.3","pmil","0","53.237","deg","23.954","°C","100.000","%a.s.","21.023","deg","23.635","°C","1019.000","hPa","0.861","-0.02617","0.00035","0","0","13.56","Humid","28.00","0","54.00","360334.98","SABD0000000001","AAV1.0.0.11","1.1.2.0","PSt7-10","170328-007","9/30/2017 19:06:43","0000-00","0","no battery","V"
"09/09/2020","11:10:34","2","default","115855972","OXY_CH2","104.994","min","190.730","µmol/L","Humid","20.287","deg","77841","µV","30.041","°C","1016.000","hPa","35.3","pmil","0","53.237","deg","23.954","°C","100.000","%a.s.","21.023","deg","23.635","°C","1019.000","hPa","0.861","-0.02617","0.00035","0","0","13.56","Humid","28.00","0","54.00","360325.03","SABD0000000001","AAV1.0.0.11","1.1.2.0","PSt7-10","170328-007","9/30/2017 19:06:43","0000-00","0","no battery","V"
"09/09/2020","11:10:35","2","default","115855972","OXY_CH2","105.011","min","190.596","µmol/L","Humid","20.290","deg","77838","µV","30.055","°C","1016.000","hPa","35.3","pmil","0","53.237","deg","23.954","°C","100.000","%a.s.","21.023","deg","23.635","°C","1019.000","hPa","0.861","-0.02617","0.00035","0","0","13.56","Humid","28.00","0","54.00","360335.53","SABD0000000001","AAV1.0.0.11","1.1.2.0","PSt7-10","170328-007","9/30/2017 19:06:43","0000-00","0","no battery","V"
"09/09/2020","11:10:36","2","default","115855972","OXY_CH2","105.028","min","190.680","µmol/L","Humid","20.291","deg","77844","µV","30.037","°C","1015.000","hPa","35.3","pmil","0","53.237","deg","23.954","°C","100.000","%a.s.","21.023","deg","23.635","°C","1019.000","hPa","0.861","-0.02617","0.00035","0","0","13.56","Humid","28.00","0","54.00","360341.45","SABD0000000001","AAV1.0.0.11","1.1.2.0","PSt7-10","170328-007","9/30/2017 19:06:43","0000-00","0","no battery","V"
"09/09/2020","11:10:37","2","default","115855972","OXY_CH2","105.044","min","190.671","µmol/L","Humid","20.291","deg","77845","µV","30.038","°C","1015.000","hPa","35.3","pmil","0","53.237","deg","23.954","°C","100.000","%a.s.","21.023","deg","23.635","°C","1019.000","hPa","0.861","-0.02617","0.00035","0","0","13.56","Humid","28.00","0","54.00","360340.07","SABD0000000001","AAV1.0.0.11","1.1.2.0","PSt7-10","170328-007","9/30/2017 19:06:43","0000-00","0","no battery","V"
"09/09/2020","11:10:38","2","default","115855972","OXY_CH2","105.061","min","190.715","µmol/L","Humid","20.288","deg","77837","µV","30.040","°C","1015.000","hPa","35.3","pmil","0","53.237","deg","23.954","°C","100.000","%a.s.","21.023","deg","23.635","°C","1019.000","hPa","0.861","-0.02617","0.00035","0","0","13.56","Humid","28.00","0","54.00","360334.29","SABD0000000001","AAV1.0.0.11","1.1.2.0","PSt7-10","170328-007","9/30/2017 19:06:43","0000-00","0","no battery","V"
"09/09/2020","11:10:39","2","default","115855972","OXY_CH2","105.078","min","190.681","µmol/L","Humid","20.287","deg","77835","µV","30.048","°C","1015.000","hPa","35.3","pmil","0","53.237","deg","23.954","°C","100.000","%a.s.","21.023","deg","23.635","°C","1019.000","hPa","0.861","-0.02617","0.00035","0","0","13.56","Humid","28.00","0","54.00","360340.13","SABD0000000001","AAV1.0.0.11","1.1.2.0","PSt7-10","170328-007","9/30/2017 19:06:43","0000-00","0","no battery","V"
"09/09/2020","11:10:40","2","default","115855972","OXY_CH2","105.094","min","190.683","µmol/L","Humid","20.291","deg","77831","µV","30.038","°C","1016.000","hPa","35.3","pmil","0","53.237","deg","23.954","°C","100.000","%a.s.","21.023","deg","23.635","°C","1019.000","hPa","0.861","-0.02617","0.00035","0","0","13.56","Humid","28.00","0","54.00","360326.25","SABD0000000001","AAV1.0.0.11","1.1.2.0","PSt7-10","170328-007","9/30/2017 19:06:43","0000-00","0","no battery","V"
"09/09/2020","11:10:41","2","default","115855972","OXY_CH2","105.111","min","190.774","µmol/L","Humid","20.287","deg","77833","µV","30.033","°C","1015.000","hPa","35.3","pmil","0","53.237","deg","23.954","°C","100.000","%a.s.","21.023","deg","23.635","°C","1019.000","hPa","0.861","-0.02617","0.00035","0","0","13.56","Humid","28.00","0","54.00","360316.94","SABD0000000001","AAV1.0.0.11","1.1.2.0","PSt7-10","170328-007","9/30/2017 19:06:43","0000-00","0","no battery","V"
"09/09/2020","11:10:42","2","default","115855972","OXY_CH2","105.128","min","190.647","µmol/L","Humid","20.293","deg","77830","µV","30.036","°C","1015.000","hPa","35.3","pmil","0","53.237","deg","23.954","°C","100.000","%a.s.","21.023","deg","23.635","°C","1019.000","hPa","0.861","-0.02617","0.00035","0","0","13.56","Humid","28.00","0","54.00","360329.83","SABD0000000001","AAV1.0.0.11","1.1.2.0","PSt7-10","170328-007","9/30/2017 19:06:43","0000-00","0","no battery","V"
"09/09/2020","11:10:43","2","default","115855972","OXY_CH2","105.144","min","190.684","µmol/L","Humid","20.292","deg","77832","µV","30.034","°C","1016.000","hPa","35.3","pmil","0","53.237","deg","23.954","°C","100.000","%a.s.","21.023","deg","23.635","°C","1019.000","hPa","0.861","-0.02617","0.00035","0","0","13.56","Humid","28.00","0","54.00","360314.79","SABD0000000001","AAV1.0.0.11","1.1.2.0","PSt7-10","170328-007","9/30/2017 19:06:43","0000-00","0","no battery","V"
"09/09/2020","11:10:44","2","default","115855972","OXY_CH2","105.161","min","190.604","µmol/L","Humid","20.288","deg","77823","µV","30.059","°C","1016.000","hPa","35.3","pmil","0","53.237","deg","23.954","°C","100.000","%a.s.","21.023","deg","23.635","°C","1019.000","hPa","0.861","-0.02617","0.00035","0","0","13.56","Humid","28.00","0","54.00","360311.22","SABD0000000001","AAV1.0.0.11","1.1.2.0","PSt7-10","170328-007","9/30/2017 19:06:43","0000-00","0","no battery","V"
"09/09/2020","11:10:45","2","default","115855972","OXY_CH2","105.178","min","190.618","µmol/L","Humid","20.288","deg","77828","µV","30.056","°C","1015.000","hPa","35.3","pmil","0","53.237","deg","23.954","°C","100.000","%a.s.","21.023","deg","23.635","°C","1019.000","hPa","0.861","-0.02617","0.00035","0","0","13.56","Humid","28.00","0","54.00","360308.76","SABD0000000001","AAV1.0.0.11","1.1.2.0","PSt7-10","170328-007","9/30/2017 19:06:43","0000-00","0","no battery","V"
"09/09/2020","11:10:46","2","default","115855972","OXY_CH2","105.194","min","190.658","µmol/L","Humid","20.289","deg","77821","µV","30.047","°C","1016.000","hPa","35.3","pmil","0","53.237","deg","23.954","°C","100.000","%a.s.","21.023","deg","23.635","°C","1019.000","hPa","0.861","-0.02617","0.00035","0","0","13.56","Humid","28.00","0","54.00","360314.41","SABD0000000001","AAV1.0.0.11","1.1.2.0","PSt7-10","170328-007","9/30/2017 19:06:43","0000-00","0","no battery","V"
"09/09/2020","11:10:47","2","default","115855972","OXY_CH2","105.211","min","190.751","µmol/L","Humid","20.284","deg","77816","µV","30.045","°C","1015.000","hPa","35.3","pmil","0","53.237","deg","23.954","°C","100.000","%a.s.","21.023","deg","23.635","°C","1019.000","hPa","0.861","-0.02617","0.00035","0","0","13.56","Humid","28.00","0","54.00","360306.19","SABD0000000001","AAV1.0.0.11","1.1.2.0","PSt7-10","170328-007","9/30/2017 19:06:43","0000-00","0","no battery","V"
"09/09/2020","11:10:48","2","default","115855972","OXY_CH2","105.228","min","190.639","µmol/L","Humid","20.292","deg","77815","µV","30.041","°C","1015.000","hPa","35.3","pmil","0","53.237","deg","23.954","°C","100.000","%a.s.","21.023","deg","23.635","°C","1019.000","hPa","0.861","-0.02617","0.00035","0","0","13.56","Humid","28.00","0","54.00","360313.39","SABD0000000001","AAV1.0.0.11","1.1.2.0","PSt7-10","170328-007","9/30/2017 19:06:43","0000-00","0","no battery","V"
"09/09/2020","11:10:49","2","default","115855972","OXY_CH2","105.244","min","190.582","µmol/L","Humid","20.292","deg","77809","µV","30.050","°C","1015.000","hPa","35.3","pmil","0","53.237","deg","23.954","°C","100.000","%a.s.","21.023","deg","23.635","°C","1019.000","hPa","0.861","-0.02617","0.00035","0","0","13.56","Humid","28.00","0","54.00","360297.37","SABD0000000001","AAV1.0.0.11","1.1.2.0","PSt7-10","170328-007","9/30/2017 19:06:43","0000-00","0","no battery","V"
"09/09/2020","11:10:50","2","default","115855972","OXY_CH2","105.260","min","190.671","µmol/L","Humid","20.289","deg","77818","µV","30.044","°C","1015.000","hPa","35.3","pmil","0","53.237","deg","23.954","°C","100.000","%a.s.","21.023","deg","23.635","°C","1019.000","hPa","0.861","-0.02617","0.00035","0","0","13.56","Humid","28.00","0","54.00","360293.70","SABD0000000001","AAV1.0.0.11","1.1.2.0","PSt7-10","170328-007","9/30/2017 19:06:43","0000-00","0","no battery","V"
"09/09/2020","11:10:51","2","default","115855972","OXY_CH2","105.277","min","190.714","µmol/L","Humid","20.286","deg","77816","µV","30.047","°C","1016.000","hPa","35.3","pmil","0","53.237","deg","23.954","°C","100.000","%a.s.","21.023","deg","23.635","°C","1019.000","hPa","0.861","-0.02617","0.00035","0","0","13.56","Humid","28.00","0","54.00","360284.36","SABD0000000001","AAV1.0.0.11","1.1.2.0","PSt7-10","170328-007","9/30/2017 19:06:43","0000-00","0","no battery","V"
"09/09/2020","11:10:52","2","default","115855972","OXY_CH2","105.294","min","190.682","µmol/L","Humid","20.290","deg","77814","µV","30.039","°C","1015.000","hPa","35.3","pmil","0","53.237","deg","23.954","°C","100.000","%a.s.","21.023","deg","23.635","°C","1019.000","hPa","0.861","-0.02617","0.00035","0","0","13.56","Humid","28.00","0","54.00","360292.71","SABD0000000001","AAV1.0.0.11","1.1.2.0","PSt7-10","170328-007","9/30/2017 19:06:43","0000-00","0","no battery","V"
"09/09/2020","11:10:53","2","default","115855972","OXY_CH2","105.310","min","190.697","µmol/L","Humid","20.285","deg","77805","µV","30.051","°C","1015.000","hPa","35.3","pmil","0","53.237","deg","23.954","°C","100.000","%a.s.","21.023","deg","23.635","°C","1019.000","hPa","0.861","-0.02617","0.00035","0","0","13.56","Humid","28.00","0","54.00","360278.53","SABD0000000001","AAV1.0.0.11","1.1.2.0","PSt7-10","170328-007","9/30/2017 19:06:43","0000-00","0","no battery","V"
"09/09/2020","11:10:54","2","default","115855972","OXY_CH2","105.327","min","190.664","µmol/L","Humid","20.287","deg","77812","µV","30.052","°C","1016.000","hPa","35.3","pmil","0","53.237","deg","23.954","°C","100.000","%a.s.","21.023","deg","23.635","°C","1019.000","hPa","0.861","-0.02617","0.00035","0","0","13.56","Humid","28.00","0","54.00","360299.59","SABD0000000001","AAV1.0.0.11","1.1.2.0","PSt7-10","170328-007","9/30/2017 19:06:43","0000-00","0","no battery","V"
"09/09/2020","11:10:55","2","default","115855972","OXY_CH2","105.344","min","190.751","µmol/L","Humid","20.286","deg","77812","µV","30.039","°C","1015.000","hPa","35.3","pmil","0","53.237","deg","23.954","°C","100.000","%a.s.","21.023","deg","23.635","°C","1019.000","hPa","0.861","-0.02617","0.00035","0","0","13.56","Humid","28.00","0","54.00","360273.18","SABD0000000001","AAV1.0.0.11","1.1.2.0","PSt7-10","170328-007","9/30/2017 19:06:43","0000-00","0","no battery","V"
"09/09/2020","11:10:56","2","default","115855972","OXY_CH2","105.361","min","190.668","µmol/L","Humid","20.291","deg","77810","µV","30.039","°C","1015.000","hPa","35.3","pmil","0","53.237","deg","23.954","°C","100.000","%a.s.","21.023","deg","23.635","°C","1019.000","hPa","0.861","-0.02617","0.00035","0","0","13.56","Humid","28.00","0","54.00","360282.96","SABD0000000001","AAV1.0.0.11","1.1.2.0","PSt7-10","170328-007","9/30/2017 19:06:43","0000-00","0","no battery","V"
"09/09/2020","11:10:57","2","default","115855972","OXY_CH2","105.378","min","190.687","µmol/L","Humid","20.290","deg","77802","µV","30.040","°C","1016.000","hPa","35.3","pmil","0","53.237","deg","23.954","°C","100.000","%a.s.","21.023","deg","23.635","°C","1019.000","hPa","0.861","-0.02617","0.00035","0","0","13.56","Humid","28.00","0","54.00","360265.55","SABD0000000001","AAV1.0.0.11","1.1.2.0","PSt7-10","170328-007","9/30/2017 19:06:43","0000-00","0","no battery","V"
"09/09/2020","11:10:58","2","default","115855972","OXY_CH2","105.394","min","190.723","µmol/L","Humid","20.285","deg","77793","µV","30.047","°C","1015.000","hPa","35.3","pmil","0","53.237","deg","23.954","°C","100.000","%a.s.","21.023","deg","23.635","°C","1019.000","hPa","0.861","-0.02617","0.00035","0","0","13.56","Humid","28.00","0","54.00","360264.01","SABD0000000001","AAV1.0.0.11","1.1.2.0","PSt7-10","170328-007","9/30/2017 19:06:43","0000-00","0","no battery","V"
"09/09/2020","11:10:59","2","default","115855972","OXY_CH2","105.411","min","190.675","µmol/L","Humid","20.287","deg","77800","µV","30.049","°C","1015.000","hPa","35.3","pmil","0","53.237","deg","23.954","°C","100.000","%a.s.","21.023","deg","23.635","°C","1019.000","hPa","0.861","-0.02617","0.00035","0","0","13.56","Humid","28.00","0","54.00","360265.23","SABD0000000001","AAV1.0.0.11","1.1.2.0","PSt7-10","170328-007","9/30/2017 19:06:43","0000-00","0","no battery","V"
"09/09/2020","11:11:00","2","default","115855972","OXY_CH2","105.428","min","190.802","µmol/L","Humid","20.286","deg","77792","µV","30.031","°C","1015.000","hPa","35.3","pmil","0","53.237","deg","23.954","°C","100.000","%a.s.","21.023","deg","23.635","°C","1019.000","hPa","0.861","-0.02617","0.00035","0","0","13.56","Humid","28.00","0","54.00","360268.93","SABD0000000001","AAV1.0.0.11","1.1.2.0","PSt7-10","170328-007","9/30/2017 19:06:43","0000-00","0","no battery","V"
"09/09/2020","11:11:01","2","default","115855972","OXY_CH2","105.444","min","190.658","µmol/L","Humid","20.287","deg","77803","µV","30.052","°C","1015.000","hPa","35.3","pmil","0","53.237","deg","23.954","°C","100.000","%a.s.","21.023","deg","23.635","°C","1019.000","hPa","0.861","-0.02617","0.00035","0","0","13.56","Humid","28.00","0","54.00","360259.62","SABD0000000001","AAV1.0.0.11","1.1.2.0","PSt7-10","170328-007","9/30/2017 19:06:43","0000-00","0","no battery","V"
"09/09/2020","11:11:02","2","default","115855972","OXY_CH2","105.461","min","190.691","µmol/L","Humid","20.286","deg","77800","µV","30.051","°C","1016.000","hPa","35.3","pmil","0","53.237","deg","23.954","°C","100.000","%a.s.","21.023","deg","23.635","°C","1019.000","hPa","0.861","-0.02617","0.00035","0","0","13.56","Humid","28.00","0","54.00","360245.89","SABD0000000001","AAV1.0.0.11","1.1.2.0","PSt7-10","170328-007","9/30/2017 19:06:43","0000-00","0","no battery","V"
"09/09/2020","11:11:03","2","default","115855972","OXY_CH2","105.478","min","190.739","µmol/L","Humid","20.285","deg","77795","µV","30.046","°C","1016.000","hPa","35.3","pmil","0","53.237","deg","23.954","°C","100.000","%a.s.","21.023","deg","23.635","°C","1019.000","hPa","0.861","-0.02617","0.00035","0","0","13.56","Humid","28.00","0","54.00","360273.06","SABD0000000001","AAV1.0.0.11","1.1.2.0","PSt7-10","170328-007","9/30/2017 19:06:43","0000-00","0","no battery","V"
"09/09/2020","11:11:04","2","default","115855972","OXY_CH2","105.494","min","190.732","µmol/L","Humid","20.283","deg","77784","µV","30.051","°C","1015.000","hPa","35.3","pmil","0","53.237","deg","23.954","°C","100.000","%a.s.","21.023","deg","23.635","°C","1019.000","hPa","0.861","-0.02617","0.00035","0","0","13.56","Humid","28.00","0","54.00","360256.57","SABD0000000001","AAV1.0.0.11","1.1.2.0","PSt7-10","170328-007","9/30/2017 19:06:43","0000-00","0","no battery","V"
"09/09/2020","11:11:05","2","default","115855972","OXY_CH2","105.511","min","190.556","µmol/L","Humid","20.291","deg","77791","µV","30.059","°C","1016.000","hPa","35.3","pmil","0","53.237","deg","23.954","°C","100.000","%a.s.","21.023","deg","23.635","°C","1019.000","hPa","0.861","-0.02617","0.00035","0","0","13.56","Humid","28.00","0","54.00","360254.05","SABD0000000001","AAV1.0.0.11","1.1.2.0","PSt7-10","170328-007","9/30/2017 19:06:43","0000-00","0","no battery","V"
"09/09/2020","11:11:06","2","default","115855972","OXY_CH2","105.528","min","190.868","µmol/L","Humid","20.280","deg","77789","µV","30.038","°C","1015.000","hPa","35.3","pmil","0","53.237","deg","23.954","°C","100.000","%a.s.","21.023","deg","23.635","°C","1019.000","hPa","0.861","-0.02617","0.00035","0","0","13.56","Humid","28.00","0","54.00","360257.56","SABD0000000001","AAV1.0.0.11","1.1.2.0","PSt7-10","170328-007","9/30/2017 19:06:43","0000-00","0","no battery","V"
"09/09/2020","11:11:07","2","default","115855972","OXY_CH2","105.544","min","190.761","µmol/L","Humid","20.286","deg","77786","µV","30.039","°C","1016.000","hPa","35.3","pmil","0","53.237","deg","23.954","°C","100.000","%a.s.","21.023","deg","23.635","°C","1019.000","hPa","0.861","-0.02617","0.00035","0","0","13.56","Humid","28.00","0","54.00","360254.27","SABD0000000001","AAV1.0.0.11","1.1.2.0","PSt7-10","170328-007","9/30/2017 19:06:43","0000-00","0","no battery","V"
"09/09/2020","11:11:08","2","default","115855972","OXY_CH2","105.561","min","190.742","µmol/L","Humid","20.286","deg","77786","µV","30.042","°C","1016.000","hPa","35.3","pmil","0","53.237","deg","23.954","°C","100.000","%a.s.","21.023","deg","23.635","°C","1019.000","hPa","0.861","-0.02617","0.00035","0","0","13.56","Humid","28.00","0","54.00","360253.63","SABD0000000001","AAV1.0.0.11","1.1.2.0","PSt7-10","170328-007","9/30/2017 19:06:43","0000-00","0","no battery","V"
"09/09/2020","11:11:09","2","default","115855972","OXY_CH2","105.578","min","190.666","µmol/L","Humid","20.289","deg","77777","µV","30.045","°C","1015.000","hPa","35.3","pmil","0","53.237","deg","23.954","°C","100.000","%a.s.","21.023","deg","23.635","°C","1019.000","hPa","0.861","-0.02617","0.00035","0","0","13.56","Humid","28.00","0","54.00","360263.48","SABD0000000001","AAV1.0.0.11","1.1.2.0","PSt7-10","170328-007","9/30/2017 19:06:43","0000-00","0","no battery","V"
"09/09/2020","11:11:10","2","default","115855972","OXY_CH2","105.594","min","190.878","µmol/L","Humid","20.280","deg","77782","µV","30.036","°C","1015.000","hPa","35.3","pmil","0","53.237","deg","23.954","°C","100.000","%a.s.","21.023","deg","23.635","°C","1019.000","hPa","0.861","-0.02617","0.00035","0","0","13.56","Humid","28.00","0","54.00","360266.02","SABD0000000001","AAV1.0.0.11","1.1.2.0","PSt7-10","170328-007","9/30/2017 19:06:43","0000-00","0","no battery","V"
"09/09/2020","11:11:11","2","default","115855972","OXY_CH2","105.611","min","190.840","µmol/L","Humid","20.283","deg","77781","µV","30.033","°C","1015.000","hPa","35.3","pmil","0","53.237","deg","23.954","°C","100.000","%a.s.","21.023","deg","23.635","°C","1019.000","hPa","0.861","-0.02617","0.00035","0","0","13.56","Humid","28.00","0","54.00","360257.65","SABD0000000001","AAV1.0.0.11","1.1.2.0","PSt7-10","170328-007","9/30/2017 19:06:43","0000-00","0","no battery","V"
"09/09/2020","11:11:12","2","default","115855972","OXY_CH2","105.628","min","190.769","µmol/L","Humid","20.282","deg","77776","µV","30.048","°C","1015.000","hPa","35.3","pmil","0","53.237","deg","23.954","°C","100.000","%a.s.","21.023","deg","23.635","°C","1019.000","hPa","0.861","-0.02617","0.00035","0","0","13.56","Humid","28.00","0","54.00","360239.82","SABD0000000001","AAV1.0.0.11","1.1.2.0","PSt7-10","170328-007","9/30/2017 19:06:43","0000-00","0","no battery","V"
"09/09/2020","11:11:13","2","default","115855972","OXY_CH2","105.644","min","190.692","µmol/L","Humid","20.282","deg","77772","µV","30.061","°C","1015.000","hPa","35.3","pmil","0","53.237","deg","23.954","°C","100.000","%a.s.","21.023","deg","23.635","°C","1019.000","hPa","0.861","-0.02617","0.00035","0","0","13.56","Humid","28.00","0","54.00","360238.62","SABD0000000001","AAV1.0.0.11","1.1.2.0","PSt7-10","170328-007","9/30/2017 19:06:43","0000-00","0","no battery","V"
"09/09/2020","11:11:14","2","default","115855972","OXY_CH2","105.660","min","190.727","µmol/L","Humid","20.285","deg","77767","µV","30.046","°C","1015.000","hPa","35.3","pmil","0","53.237","deg","23.954","°C","100.000","%a.s.","21.023","deg","23.635","°C","1019.000","hPa","0.861","-0.02617","0.00035","0","0","13.56","Humid","28.00","0","54.00","360238.26","SABD0000000001","AAV1.0.0.11","1.1.2.0","PSt7-10","170328-007","9/30/2017 19:06:43","0000-00","0","no battery","V"
"09/09/2020","11:11:15","2","default","115855972","OXY_CH2","105.678","min","190.690","µmol/L","Humid","20.284","deg","77774","µV","30.055","°C","1015.000","hPa","35.3","pmil","0","53.237","deg","23.954","°C","100.000","%a.s.","21.023","deg","23.635","°C","1019.000","hPa","0.861","-0.02617","0.00035","0","0","13.56","Humid","28.00","0","54.00","360251.93","SABD0000000001","AAV1.0.0.11","1.1.2.0","PSt7-10","170328-007","9/30/2017 19:06:43","0000-00","0","no battery","V"
"09/09/2020","11:11:16","2","default","115855972","OXY_CH2","105.694","min","190.737","µmol/L","Humid","20.281","deg","77774","µV","30.058","°C","1016.000","hPa","35.3","pmil","0","53.237","deg","23.954","°C","100.000","%a.s.","21.023","deg","23.635","°C","1019.000","hPa","0.861","-0.02617","0.00035","0","0","13.56","Humid","28.00","0","54.00","360224.63","SABD0000000001","AAV1.0.0.11","1.1.2.0","PSt7-10","170328-007","9/30/2017 19:06:43","0000-00","0","no battery","V"
"09/09/2020","11:11:17","2","default","115855972","OXY_CH2","105.711","min","190.925","µmol/L","Humid","20.282","deg","77766","µV","30.022","°C","1015.000","hPa","35.3","pmil","0","53.237","deg","23.954","°C","100.000","%a.s.","21.023","deg","23.635","°C","1019.000","hPa","0.861","-0.02617","0.00035","0","0","13.56","Humid","28.00","0","54.00","360245.04","SABD0000000001","AAV1.0.0.11","1.1.2.0","PSt7-10","170328-007","9/30/2017 19:06:43","0000-00","0","no battery","V"
"09/09/2020","11:11:18","2","default","115855972","OXY_CH2","105.727","min","190.732","µmol/L","Humid","20.282","deg","77776","µV","30.054","°C","1015.000","hPa","35.3","pmil","0","53.237","deg","23.954","°C","100.000","%a.s.","21.023","deg","23.635","°C","1019.000","hPa","0.861","-0.02617","0.00035","0","0","13.56","Humid","28.00","0","54.00","360240.29","SABD0000000001","AAV1.0.0.11","1.1.2.0","PSt7-10","170328-007","9/30/2017 19:06:43","0000-00","0","no battery","V"
"09/09/2020","11:11:19","2","default","115855972","OXY_CH2","105.744","min","190.901","µmol/L","Humid","20.277","deg","77767","µV","30.041","°C","1015.000","hPa","35.3","pmil","0","53.237","deg","23.954","°C","100.000","%a.s.","21.023","deg","23.635","°C","1019.000","hPa","0.861","-0.02617","0.00035","0","0","13.56","Humid","28.00","0","54.00","360238.82","SABD0000000001","AAV1.0.0.11","1.1.2.0","PSt7-10","170328-007","9/30/2017 19:06:43","0000-00","0","no battery","V"
"09/09/2020","11:11:20","2","default","115855972","OXY_CH2","105.760","min","190.732","µmol/L","Humid","20.284","deg","77766","µV","30.048","°C","1015.000","hPa","35.3","pmil","0","53.237","deg","23.954","°C","100.000","%a.s.","21.023","deg","23.635","°C","1019.000","hPa","0.861","-0.02617","0.00035","0","0","13.56","Humid","28.00","0","54.00","360224.32","SABD0000000001","AAV1.0.0.11","1.1.2.0","PSt7-10","170328-007","9/30/2017 19:06:43","0000-00","0","no battery","V"
"09/09/2020","11:11:21","2","default","115855972","OXY_CH2","105.777","min","190.696","µmol/L","Humid","20.281","deg","77761","µV","30.063","°C","1015.000","hPa","35.3","pmil","0","53.237","deg","23.954","°C","100.000","%a.s.","21.023","deg","23.635","°C","1019.000","hPa","0.861","-0.02617","0.00035","0","0","13.56","Humid","28.00","0","54.00","360227.70","SABD0000000001","AAV1.0.0.11","1.1.2.0","PSt7-10","170328-007","9/30/2017 19:06:43","0000-00","0","no battery","V"
"09/09/2020","11:11:22","2","default","115855972","OXY_CH2","105.794","min","190.714","µmol/L","Humid","20.281","deg","77757","µV","30.062","°C","1016.000","hPa","35.3","pmil","0","53.237","deg","23.954","°C","100.000","%a.s.","21.023","deg","23.635","°C","1019.000","hPa","0.861","-0.02617","0.00035","0","0","13.56","Humid","28.00","0","54.00","360227.50","SABD0000000001","AAV1.0.0.11","1.1.2.0","PSt7-10","170328-007","9/30/2017 19:06:43","0000-00","0","no battery","V"
"09/09/2020","11:11:23","2","default","115855972","OXY_CH2","105.811","min","190.740","µmol/L","Humid","20.280","deg","77761","µV","30.059","°C","1015.000","hPa","35.3","pmil","0","53.237","deg","23.954","°C","100.000","%a.s.","21.023","deg","23.635","°C","1019.000","hPa","0.861","-0.02617","0.00035","0","0","13.56","Humid","28.00","0","54.00","360231.76","SABD0000000001","AAV1.0.0.11","1.1.2.0","PSt7-10","170328-007","9/30/2017 19:06:43","0000-00","0","no battery","V"
"09/09/2020","11:11:24","2","default","115855972","OXY_CH2","105.827","min","190.783","µmol/L","Humid","20.279","deg","77755","µV","30.056","°C","1016.000","hPa","35.3","pmil","0","53.237","deg","23.954","°C","100.000","%a.s.","21.023","deg","23.635","°C","1019.000","hPa","0.861","-0.02617","0.00035","0","0","13.56","Humid","28.00","0","54.00","360219.38","SABD0000000001","AAV1.0.0.11","1.1.2.0","PSt7-10","170328-007","9/30/2017 19:06:43","0000-00","0","no battery","V"
"09/09/2020","11:11:25","2","default","115855972","OXY_CH2","105.844","min","190.787","µmol/L","Humid","20.279","deg","77756","µV","30.054","°C","1015.000","hPa","35.3","pmil","0","53.237","deg","23.954","°C","100.000","%a.s.","21.023","deg","23.635","°C","1019.000","hPa","0.861","-0.02617","0.00035","0","0","13.56","Humid","28.00","0","54.00","360230.71","SABD0000000001","AAV1.0.0.11","1.1.2.0","PSt7-10","170328-007","9/30/2017 19:06:43","0000-00","0","no battery","V"
"09/09/2020","11:11:26","2","default","115855972","OXY_CH2","105.861","min","190.845","µmol/L","Humid","20.278","deg","77755","µV","30.049","°C","1016.000","hPa","35.3","pmil","0","53.237","deg","23.954","°C","100.000","%a.s.","21.023","deg","23.635","°C","1019.000","hPa","0.861","-0.02617","0.00035","0","0","13.56","Humid","28.00","0","54.00","360222.06","SABD0000000001","AAV1.0.0.11","1.1.2.0","PSt7-10","170328-007","9/30/2017 19:06:43","0000-00","0","no battery","V"
"09/09/2020","11:11:27","2","default","115855972","OXY_CH2","105.878","min","190.861","µmol/L","Humid","20.274","deg","77749","µV","30.058","°C","1016.000","hPa","35.3","pmil","0","53.237","deg","23.954","°C","100.000","%a.s.","21.023","deg","23.635","°C","1019.000","hPa","0.861","-0.02617","0.00035","0","0","13.56","Humid","28.00","0","54.00","360212.49","SABD0000000001","AAV1.0.0.11","1.1.2.0","PSt7-10","170328-007","9/30/2017 19:06:43","0000-00","0","no battery","V"
"09/09/2020","11:11:28","2","default","115855972","OXY_CH2","105.894","min","190.799","µmol/L","Humid","20.279","deg","77752","µV","30.053","°C","1016.000","hPa","35.3","pmil","0","53.237","deg","23.954","°C","100.000","%a.s.","21.023","deg","23.635","°C","1019.000","hPa","0.861","-0.02617","0.00035","0","0","13.56","Humid","28.00","0","54.00","360204.41","SABD0000000001","AAV1.0.0.11","1.1.2.0","PSt7-10","170328-007","9/30/2017 19:06:43","0000-00","0","no battery","V"
"09/09/2020","11:11:29","2","default","115855972","OXY_CH2","105.911","min","190.855","µmol/L","Humid","20.280","deg","77751","µV","30.041","°C","1016.000","hPa","35.3","pmil","0","53.237","deg","23.954","°C","100.000","%a.s.","21.023","deg","23.635","°C","1019.000","hPa","0.861","-0.02617","0.00035","0","0","13.56","Humid","28.00","0","54.00","360227.08","SABD0000000001","AAV1.0.0.11","1.1.2.0","PSt7-10","170328-007","9/30/2017 19:06:43","0000-00","0","no battery","V"
"09/09/2020","11:11:30","2","default","115855972","OXY_CH2","105.927","min","190.924","µmol/L","Humid","20.281","deg","77745","µV","30.027","°C","1016.000","hPa","35.3","pmil","0","53.237","deg","23.954","°C","100.000","%a.s.","21.023","deg","23.635","°C","1019.000","hPa","0.861","-0.02617","0.00035","0","0","13.56","Humid","28.00","0","54.00","360214.47","SABD0000000001","AAV1.0.0.11","1.1.2.0","PSt7-10","170328-007","9/30/2017 19:06:43","0000-00","0","no battery","V"
"09/09/2020","11:11:31","2","default","115855972","OXY_CH2","105.944","min","190.733","µmol/L","Humid","20.282","deg","77737","µV","30.054","°C","1015.000","hPa","35.3","pmil","0","53.237","deg","23.954","°C","100.000","%a.s.","21.023","deg","23.635","°C","1019.000","hPa","0.861","-0.02617","0.00035","0","0","13.56","Humid","28.00","0","54.00","360213.19","SABD0000000001","AAV1.0.0.11","1.1.2.0","PSt7-10","170328-007","9/30/2017 19:06:43","0000-00","0","no battery","V"
"09/09/2020","11:11:32","2","default","115855972","OXY_CH2","105.961","min","190.673","µmol/L","Humid","20.285","deg","77750","µV","30.057","°C","1016.000","hPa","35.3","pmil","0","53.237","deg","23.954","°C","100.000","%a.s.","21.023","deg","23.635","°C","1019.000","hPa","0.861","-0.02617","0.00035","0","0","13.56","Humid","28.00","0","54.00","360217.83","SABD0000000001","AAV1.0.0.11","1.1.2.0","PSt7-10","170328-007","9/30/2017 19:06:43","0000-00","0","no battery","V"
"09/09/2020","11:11:33","2","default","115855972","OXY_CH2","105.978","min","190.752","µmol/L","Humid","20.282","deg","77738","µV","30.051","°C","1015.000","hPa","35.3","pmil","0","53.237","deg","23.954","°C","100.000","%a.s.","21.023","deg","23.635","°C","1019.000","hPa","0.861","-0.02617","0.00035","0","0","13.56","Humid","28.00","0","54.00","360207.54","SABD0000000001","AAV1.0.0.11","1.1.2.0","PSt7-10","170328-007","9/30/2017 19:06:43","0000-00","0","no battery","V"
"09/09/2020","11:11:34","2","default","115855972","OXY_CH2","105.994","min","190.872","µmol/L","Humid","20.281","deg","77735","µV","30.035","°C","1016.000","hPa","35.3","pmil","0","53.237","deg","23.954","°C","100.000","%a.s.","21.023","deg","23.635","°C","1019.000","hPa","0.861","-0.02617","0.00035","0","0","13.56","Humid","28.00","0","54.00","360200.55","SABD0000000001","AAV1.0.0.11","1.1.2.0","PSt7-10","170328-007","9/30/2017 19:06:43","0000-00","0","no battery","V"
"09/09/2020","11:11:35","2","default","115855972","OXY_CH2","106.011","min","190.800","µmol/L","Humid","20.282","deg","77742","µV","30.043","°C","1015.000","hPa","35.3","pmil","0","53.237","deg","23.954","°C","100.000","%a.s.","21.023","deg","23.635","°C","1019.000","hPa","0.861","-0.02617","0.00035","0","0","13.56","Humid","28.00","0","54.00","360203.69","SABD0000000001","AAV1.0.0.11","1.1.2.0","PSt7-10","170328-007","9/30/2017 19:06:43","0000-00","0","no battery","V"
"09/09/2020","11:11:36","2","default","115855972","OXY_CH2","106.027","min","190.881","µmol/L","Humid","20.278","deg","77733","µV","30.043","°C","1016.000","hPa","35.3","pmil","0","53.237","deg","23.954","°C","100.000","%a.s.","21.023","deg","23.635","°C","1019.000","hPa","0.861","-0.02617","0.00035","0","0","13.56","Humid","28.00","0","54.00","360199.34","SABD0000000001","AAV1.0.0.11","1.1.2.0","PSt7-10","170328-007","9/30/2017 19:06:43","0000-00","0","no battery","V"
"09/09/2020","11:11:37","2","default","115855972","OXY_CH2","106.044","min","190.810","µmol/L","Humid","20.281","deg","77739","µV","30.044","°C","1015.000","hPa","35.3","pmil","0","53.237","deg","23.954","°C","100.000","%a.s.","21.023","deg","23.635","°C","1019.000","hPa","0.861","-0.02617","0.00035","0","0","13.56","Humid","28.00","0","54.00","360192.04","SABD0000000001","AAV1.0.0.11","1.1.2.0","PSt7-10","170328-007","9/30/2017 19:06:43","0000-00","0","no battery","V"
"09/09/2020","11:11:38","2","default","115855972","OXY_CH2","106.060","min","190.938","µmol/L","Humid","20.276","deg","77731","µV","30.038","°C","1015.000","hPa","35.3","pmil","0","53.237","deg","23.954","°C","100.000","%a.s.","21.023","deg","23.635","°C","1019.000","hPa","0.861","-0.02617","0.00035","0","0","13.56","Humid","28.00","0","54.00","360194.42","SABD0000000001","AAV1.0.0.11","1.1.2.0","PSt7-10","170328-007","9/30/2017 19:06:43","0000-00","0","no battery","V"
"09/09/2020","11:11:39","2","default","115855972","OXY_CH2","106.077","min","190.968","µmol/L","Humid","20.276","deg","77739","µV","30.034","°C","1016.000","hPa","35.3","pmil","0","53.237","deg","23.954","°C","100.000","%a.s.","21.023","deg","23.635","°C","1019.000","hPa","0.861","-0.02617","0.00035","0","0","13.56","Humid","28.00","0","54.00","360203.67","SABD0000000001","AAV1.0.0.11","1.1.2.0","PSt7-10","170328-007","9/30/2017 19:06:43","0000-00","0","no battery","V"
"09/09/2020","11:11:40","2","default","115855972","OXY_CH2","106.094","min","190.848","µmol/L","Humid","20.278","deg","77732","µV","30.048","°C","1016.000","hPa","35.3","pmil","0","53.237","deg","23.954","°C","100.000","%a.s.","21.023","deg","23.635","°C","1019.000","hPa","0.861","-0.02617","0.00035","0","0","13.56","Humid","28.00","0","54.00","360184.40","SABD0000000001","AAV1.0.0.11","1.1.2.0","PSt7-10","170328-007","9/30/2017 19:06:43","0000-00","0","no battery","V"
"09/09/2020","11:11:41","2","default","115855972","OXY_CH2","106.111","min","190.783","µmol/L","Humid","20.277","deg","77733","µV","30.061","°C","1015.000","hPa","35.3","pmil","0","53.237","deg","23.954","°C","100.000","%a.s.","21.023","deg","23.635","°C","1019.000","hPa","0.861","-0.02617","0.00035","0","0","13.56","Humid","28.00","0","54.00","360172.75","SABD0000000001","AAV1.0.0.11","1.1.2.0","PSt7-10","170328-007","9/30/2017 19:06:43","0000-00","0","no battery","V"
"09/09/2020","11:11:42","2","default","115855972","OXY_CH2","106.127","min","190.786","µmol/L","Humid","20.279","deg","77723","µV","30.054","°C","1015.000","hPa","35.3","pmil","0","53.237","deg","23.954","°C","100.000","%a.s.","21.023","deg","23.635","°C","1019.000","hPa","0.861","-0.02617","0.00035","0","0","13.56","Humid","28.00","0","54.00","360161.95","SABD0000000001","AAV1.0.0.11","1.1.2.0","PSt7-10","170328-007","9/30/2017 19:06:43","0000-00","0","no battery","V"
"09/09/2020","11:11:43","2","default","115855972","OXY_CH2","106.144","min","190.868","µmol/L","Humid","20.276","deg","77727","µV","30.049","°C","1015.000","hPa","35.3","pmil","0","53.237","deg","23.954","°C","100.000","%a.s.","21.023","deg","23.635","°C","1019.000","hPa","0.861","-0.02617","0.00035","0","0","13.56","Humid","28.00","0","54.00","360189.09","SABD0000000001","AAV1.0.0.11","1.1.2.0","PSt7-10","170328-007","9/30/2017 19:06:43","0000-00","0","no battery","V"
"09/09/2020","11:11:44","2","default","115855972","OXY_CH2","106.161","min","190.881","µmol/L","Humid","20.275","deg","77727","µV","30.050","°C","1015.000","hPa","35.3","pmil","0","53.237","deg","23.954","°C","100.000","%a.s.","21.023","deg","23.635","°C","1019.000","hPa","0.861","-0.02617","0.00035","0","0","13.56","Humid","28.00","0","54.00","360184.50","SABD0000000001","AAV1.0.0.11","1.1.2.0","PSt7-10","170328-007","9/30/2017 19:06:43","0000-00","0","no battery","V"
"09/09/2020","11:11:45","2","default","115855972","OXY_CH2","106.177","min","190.946","µmol/L","Humid","20.275","deg","77723","µV","30.041","°C","1016.000","hPa","35.3","pmil","0","53.237","deg","23.954","°C","100.000","%a.s.","21.023","deg","23.635","°C","1019.000","hPa","0.861","-0.02617","0.00035","0","0","13.56","Humid","28.00","0","54.00","360181.79","SABD0000000001","AAV1.0.0.11","1.1.2.0","PSt7-10","170328-007","9/30/2017 19:06:43","0000-00","0","no battery","V"
"09/09/2020","11:11:46","2","default","115855972","OXY_CH2","106.194","min","190.793","µmol/L","Humid","20.279","deg","77725","µV","30.053","°C","1015.000","hPa","35.3","pmil","0","53.237","deg","23.954","°C","100.000","%a.s.","21.023","deg","23.635","°C","1019.000","hPa","0.861","-0.02617","0.00035","0","0","13.56","Humid","28.00","0","54.00","360167.31","SABD0000000001","AAV1.0.0.11","1.1.2.0","PSt7-10","170328-007","9/30/2017 19:06:43","0000-00","0","no battery","V"
"09/09/2020","11:11:47","2","default","115855972","OXY_CH2","106.211","min","190.889","µmol/L","Humid","20.277","deg","77723","µV","30.043","°C","1015.000","hPa","35.3","pmil","0","53.237","deg","23.954","°C","100.000","%a.s.","21.023","deg","23.635","°C","1019.000","hPa","0.861","-0.02617","0.00035","0","0","13.56","Humid","28.00","0","54.00","360189.21","SABD0000000001","AAV1.0.0.11","1.1.2.0","PSt7-10","170328-007","9/30/2017 19:06:43","0000-00","0","no battery","V"
"09/09/2020","11:11:48","2","default","115855972","OXY_CH2","106.227","min","190.876","µmol/L","Humid","20.275","deg","77710","µV","30.052","°C","1016.000","hPa","35.3","pmil","0","53.237","deg","23.954","°C","100.000","%a.s.","21.023","deg","23.635","°C","1019.000","hPa","0.861","-0.02617","0.00035","0","0","13.56","Humid","28.00","0","54.00","360181.27","SABD0000000001","AAV1.0.0.11","1.1.2.0","PSt7-10","170328-007","9/30/2017 19:06:43","0000-00","0","no battery","V"
"09/09/2020","11:11:49","2","default","115855972","OXY_CH2","106.244","min","190.867","µmol/L","Humid","20.276","deg","77721","µV","30.049","°C","1015.000","hPa","35.3","pmil","0","53.237","deg","23.954","°C","100.000","%a.s.","21.023","deg","23.635","°C","1019.000","hPa","0.861","-0.02617","0.00035","0","0","13.56","Humid","28.00","0","54.00","360190.63","SABD0000000001","AAV1.0.0.11","1.1.2.0","PSt7-10","170328-007","9/30/2017 19:06:43","0000-00","0","no battery","V"
"09/09/2020","11:11:50","2","default","115855972","OXY_CH2","106.261","min","190.848","µmol/L","Humid","20.276","deg","77720","µV","30.053","°C","1015.000","hPa","35.3","pmil","0","53.237","deg","23.954","°C","100.000","%a.s.","21.023","deg","23.635","°C","1019.000","hPa","0.861","-0.02617","0.00035","0","0","13.56","Humid","28.00","0","54.00","360181.16","SABD0000000001","AAV1.0.0.11","1.1.2.0","PSt7-10","170328-007","9/30/2017 19:06:43","0000-00","0","no battery","V"
"09/09/2020","11:11:51","2","default","115855972","OXY_CH2","106.278","min","190.868","µmol/L","Humid","20.277","deg","77716","µV","30.046","°C","1015.000","hPa","35.3","pmil","0","53.237","deg","23.954","°C","100.000","%a.s.","21.023","deg","23.635","°C","1019.000","hPa","0.861","-0.02617","0.00035","0","0","13.56","Humid","28.00","0","54.00","360176.34","SABD0000000001","AAV1.0.0.11","1.1.2.0","PSt7-10","170328-007","9/30/2017 19:06:43","0000-00","0","no battery","V"
"09/09/2020","11:11:52","2","default","115855972","OXY_CH2","106.294","min","190.808","µmol/L","Humid","20.279","deg","77718","µV","30.050","°C","1015.000","hPa","35.3","pmil","0","53.237","deg","23.954","°C","100.000","%a.s.","21.023","deg","23.635","°C","1019.000","hPa","0.861","-0.02617","0.00035","0","0","13.56","Humid","28.00","0","54.00","360182.55","SABD0000000001","AAV1.0.0.11","1.1.2.0","PSt7-10","170328-007","9/30/2017 19:06:43","0000-00","0","no battery","V"
"09/09/2020","11:11:53","2","default","115855972","OXY_CH2","106.311","min","190.967","µmol/L","Humid","20.273","deg","77712","µV","30.042","°C","1015.000","hPa","35.3","pmil","0","53.237","deg","23.954","°C","100.000","%a.s.","21.023","deg","23.635","°C","1019.000","hPa","0.861","-0.02617","0.00035","0","0","13.56","Humid","28.00","0","54.00","360185.14","SABD0000000001","AAV1.0.0.11","1.1.2.0","PSt7-10","170328-007","9/30/2017 19:06:43","0000-00","0","no battery","V"
"09/09/2020","11:11:54","2","default","115855972","OXY_CH2","106.327","min","190.949","µmol/L","Humid","20.275","deg","77707","µV","30.039","°C","1015.000","hPa","35.3","pmil","0","53.237","deg","23.954","°C","100.000","%a.s.","21.023","deg","23.635","°C","1019.000","hPa","0.861","-0.02617","0.00035","0","0","13.56","Humid","28.00","0","54.00","360162.69","SABD0000000001","AAV1.0.0.11","1.1.2.0","PSt7-10","170328-007","9/30/2017 19:06:43","0000-00","0","no battery","V"
"09/09/2020","11:11:55","2","default","115855972","OXY_CH2","106.344","min","190.953","µmol/L","Humid","20.276","deg","77714","µV","30.037","°C","1016.000","hPa","35.3","pmil","0","53.237","deg","23.954","°C","100.000","%a.s.","21.023","deg","23.635","°C","1019.000","hPa","0.861","-0.02617","0.00035","0","0","13.56","Humid","28.00","0","54.00","360182.86","SABD0000000001","AAV1.0.0.11","1.1.2.0","PSt7-10","170328-007","9/30/2017 19:06:43","0000-00","0","no battery","V"
"09/09/2020","11:11:56","2","default","115855972","OXY_CH2","106.361","min","190.860","µmol/L","Humid","20.275","deg","77709","µV","30.053","°C","1015.000","hPa","35.3","pmil","0","53.237","deg","23.954","°C","100.000","%a.s.","21.023","deg","23.635","°C","1019.000","hPa","0.861","-0.02617","0.00035","0","0","13.56","Humid","28.00","0","54.00","360189.65","SABD0000000001","AAV1.0.0.11","1.1.2.0","PSt7-10","170328-007","9/30/2017 19:06:43","0000-00","0","no battery","V"
"09/09/2020","11:11:57","2","default","115855972","OXY_CH2","106.377","min","190.981","µmol/L","Humid","20.273","deg","77709","µV","30.039","°C","1015.000","hPa","35.3","pmil","0","53.237","deg","23.954","°C","100.000","%a.s.","21.023","deg","23.635","°C","1019.000","hPa","0.861","-0.02617","0.00035","0","0","13.56","Humid","28.00","0","54.00","360185.83","SABD0000000001","AAV1.0.0.11","1.1.2.0","PSt7-10","170328-007","9/30/2017 19:06:43","0000-00","0","no battery","V"
"09/09/2020","11:11:58","2","default","115855972","OXY_CH2","106.394","min","191.052","µmol/L","Humid","20.271","deg","77707","µV","30.033","°C","1015.000","hPa","35.3","pmil","0","53.237","deg","23.954","°C","100.000","%a.s.","21.023","deg","23.635","°C","1019.000","hPa","0.861","-0.02617","0.00035","0","0","13.56","Humid","28.00","0","54.00","360187.29","SABD0000000001","AAV1.0.0.11","1.1.2.0","PSt7-10","170328-007","9/30/2017 19:06:43","0000-00","0","no battery","V"
"09/09/2020","11:11:59","2","default","115855972","OXY_CH2","106.411","min","190.832","µmol/L","Humid","20.275","deg","77708","µV","30.058","°C","1015.000","hPa","35.3","pmil","0","53.237","deg","23.954","°C","100.000","%a.s.","21.023","deg","23.635","°C","1019.000","hPa","0.861","-0.02617","0.00035","0","0","13.56","Humid","28.00","0","54.00","360172.74","SABD0000000001","AAV1.0.0.11","1.1.2.0","PSt7-10","170328-007","9/30/2017 19:06:43","0000-00","0","no battery","V"
"09/09/2020","11:12:00","2","default","115855972","OXY_CH2","106.427","min","190.909","µmol/L","Humid","20.272","deg","77704","µV","30.054","°C","1015.000","hPa","35.3","pmil","0","53.237","deg","23.954","°C","100.000","%a.s.","21.023","deg","23.635","°C","1019.000","hPa","0.861","-0.02617","0.00035","0","0","13.56","Humid","28.00","0","54.00","360177.78","SABD0000000001","AAV1.0.0.11","1.1.2.0","PSt7-10","170328-007","9/30/2017 19:06:43","0000-00","0","no battery","V"
"09/09/2020","11:12:01","2","default","115855972","OXY_CH2","106.444","min","190.869","µmol/L","Humid","20.272","deg","77703","µV","30.061","°C","1015.000","hPa","35.3","pmil","0","53.237","deg","23.954","°C","100.000","%a.s.","21.023","deg","23.635","°C","1019.000","hPa","0.861","-0.02617","0.00035","0","0","13.56","Humid","28.00","0","54.00","360179.50","SABD0000000001","AAV1.0.0.11","1.1.2.0","PSt7-10","170328-007","9/30/2017 19:06:43","0000-00","0","no battery","V"
"09/09/2020","11:12:02","2","default","115855972","OXY_CH2","106.461","min","190.886","µmol/L","Humid","20.276","deg","77698","µV","30.046","°C","1015.000","hPa","35.3","pmil","0","53.237","deg","23.954","°C","100.000","%a.s.","21.023","deg","23.635","°C","1019.000","hPa","0.861","-0.02617","0.00035","0","0","13.56","Humid","28.00","0","54.00","360173.31","SABD0000000001","AAV1.0.0.11","1.1.2.0","PSt7-10","170328-007","9/30/2017 19:06:43","0000-00","0","no battery","V"
"09/09/2020","11:12:03","2","default","115855972","OXY_CH2","106.477","min","191.098","µmol/L","Humid","20.270","deg","77696","µV","30.030","°C","1016.000","hPa","35.3","pmil","0","53.237","deg","23.954","°C","100.000","%a.s.","21.023","deg","23.635","°C","1019.000","hPa","0.861","-0.02617","0.00035","0","0","13.56","Humid","28.00","0","54.00","360179.11","SABD0000000001","AAV1.0.0.11","1.1.2.0","PSt7-10","170328-007","9/30/2017 19:06:43","0000-00","0","no battery","V"
"09/09/2020","11:12:04","2","default","115855972","OXY_CH2","106.494","min","190.923","µmol/L","Humid","20.272","deg","77702","µV","30.052","°C","1015.000","hPa","35.3","pmil","0","53.237","deg","23.954","°C","100.000","%a.s.","21.023","deg","23.635","°C","1019.000","hPa","0.861","-0.02617","0.00035","0","0","13.56","Humid","28.00","0","54.00","360171.27","SABD0000000001","AAV1.0.0.11","1.1.2.0","PSt7-10","170328-007","9/30/2017 19:06:43","0000-00","0","no battery","V"
"09/09/2020","11:12:05","2","default","115855972","OXY_CH2","106.510","min","190.881","µmol/L","Humid","20.271","deg","77693","µV","30.062","°C","1015.000","hPa","35.3","pmil","0","53.237","deg","23.954","°C","100.000","%a.s.","21.023","deg","23.635","°C","1019.000","hPa","0.861","-0.02617","0.00035","0","0","13.56","Humid","28.00","0","54.00","360170.39","SABD0000000001","AAV1.0.0.11","1.1.2.0","PSt7-10","170328-007","9/30/2017 19:06:43","0000-00","0","no battery","V"
"09/09/2020","11:12:06","2","default","115855972","OXY_CH2","106.528","min","190.958","µmol/L","Humid","20.272","deg","77696","µV","30.046","°C","1015.000","hPa","35.3","pmil","0","53.237","deg","23.954","°C","100.000","%a.s.","21.023","deg","23.635","°C","1019.000","hPa","0.861","-0.02617","0.00035","0","0","13.56","Humid","28.00","0","54.00","360167.51","SABD0000000001","AAV1.0.0.11","1.1.2.0","PSt7-10","170328-007","9/30/2017 19:06:43","0000-00","0","no battery","V"
"09/09/2020","11:12:07","2","default","115855972","OXY_CH2","106.544","min","190.929","µmol/L","Humid","20.274","deg","77699","µV","30.045","°C","1015.000","hPa","35.3","pmil","0","53.237","deg","23.954","°C","100.000","%a.s.","21.023","deg","23.635","°C","1019.000","hPa","0.861","-0.02617","0.00035","0","0","13.56","Humid","28.00","0","54.00","360174.06","SABD0000000001","AAV1.0.0.11","1.1.2.0","PSt7-10","170328-007","9/30/2017 19:06:43","0000-00","0","no battery","V"
"09/09/2020","11:12:08","2","default","115855972","OXY_CH2","106.561","min","190.854","µmol/L","Humid","20.274","deg","77695","µV","30.057","°C","1015.000","hPa","35.3","pmil","0","53.237","deg","23.954","°C","100.000","%a.s.","21.023","deg","23.635","°C","1019.000","hPa","0.861","-0.02617","0.00035","0","0","13.56","Humid","28.00","0","54.00","360158.98","SABD0000000001","AAV1.0.0.11","1.1.2.0","PSt7-10","170328-007","9/30/2017 19:06:43","0000-00","0","no battery","V"
"09/09/2020","11:12:09","2","default","115855972","OXY_CH2","106.578","min","190.925","µmol/L","Humid","20.272","deg","77698","µV","30.052","°C","1015.000","hPa","35.3","pmil","0","53.237","deg","23.954","°C","100.000","%a.s.","21.023","deg","23.635","°C","1019.000","hPa","0.861","-0.02617","0.00035","0","0","13.56","Humid","28.00","0","54.00","360160.74","SABD0000000001","AAV1.0.0.11","1.1.2.0","PSt7-10","170328-007","9/30/2017 19:06:43","0000-00","0","no battery","V"
"09/09/2020","11:12:10","2","default","115855972","OXY_CH2","106.594","min","190.994","µmol/L","Humid","20.273","deg","77689","µV","30.037","°C","1015.000","hPa","35.3","pmil","0","53.237","deg","23.954","°C","100.000","%a.s.","21.023","deg","23.635","°C","1019.000","hPa","0.861","-0.02617","0.00035","0","0","13.56","Humid","28.00","0","54.00","360162.13","SABD0000000001","AAV1.0.0.11","1.1.2.0","PSt7-10","170328-007","9/30/2017 19:06:43","0000-00","0","no battery","V"
"09/09/2020","11:12:11","2","default","115855972","OXY_CH2","106.611","min","190.966","µmol/L","Humid","20.275","deg","77695","µV","30.036","°C","1015.000","hPa","35.3","pmil","0","53.237","deg","23.954","°C","100.000","%a.s.","21.023","deg","23.635","°C","1019.000","hPa","0.861","-0.02617","0.00035","0","0","13.56","Humid","28.00","0","54.00","360152.03","SABD0000000001","AAV1.0.0.11","1.1.2.0","PSt7-10","170328-007","9/30/2017 19:06:43","0000-00","0","no battery","V"
"09/09/2020","11:12:12","2","default","115855972","OXY_CH2","106.628","min","191.105","µmol/L","Humid","20.267","deg","77685","µV","30.036","°C","1015.000","hPa","35.3","pmil","0","53.237","deg","23.954","°C","100.000","%a.s.","21.023","deg","23.635","°C","1019.000","hPa","0.861","-0.02617","0.00035","0","0","13.56","Humid","28.00","0","54.00","360159.58","SABD0000000001","AAV1.0.0.11","1.1.2.0","PSt7-10","170328-007","9/30/2017 19:06:43","0000-00","0","no battery","V"
"09/09/2020","11:12:13","2","default","115855972","OXY_CH2","106.644","min","190.932","µmol/L","Humid","20.272","deg","77682","µV","30.050","°C","1015.000","hPa","35.3","pmil","0","53.237","deg","23.954","°C","100.000","%a.s.","21.023","deg","23.635","°C","1019.000","hPa","0.861","-0.02617","0.00035","0","0","13.56","Humid","28.00","0","54.00","360153.25","SABD0000000001","AAV1.0.0.11","1.1.2.0","PSt7-10","170328-007","9/30/2017 19:06:43","0000-00","0","no battery","V"
"09/09/2020","11:12:14","2","default","115855972","OXY_CH2","106.661","min","191.040","µmol/L","Humid","20.270","deg","77687","µV","30.038","°C","1015.000","hPa","35.3","pmil","0","53.237","deg","23.954","°C","100.000","%a.s.","21.023","deg","23.635","°C","1019.000","hPa","0.861","-0.02617","0.00035","0","0","13.56","Humid","28.00","0","54.00","360156.96","SABD0000000001","AAV1.0.0.11","1.1.2.0","PSt7-10","170328-007","9/30/2017 19:06:43","0000-00","0","no battery","V"
"09/09/2020","11:12:15","2","default","115855972","OXY_CH2","106.677","min","190.853","µmol/L","Humid","20.276","deg","77681","µV","30.052","°C","1015.000","hPa","35.3","pmil","0","53.237","deg","23.954","°C","100.000","%a.s.","21.023","deg","23.635","°C","1019.000","hPa","0.861","-0.02617","0.00035","0","0","13.56","Humid","28.00","0","54.00","360146.77","SABD0000000001","AAV1.0.0.11","1.1.2.0","PSt7-10","170328-007","9/30/2017 19:06:43","0000-00","0","no battery","V"
"09/09/2020","11:12:16","2","default","115855972","OXY_CH2","106.694","min","191.114","µmol/L","Humid","20.268","deg","77690","µV","30.032","°C","1015.000","hPa","35.3","pmil","0","53.237","deg","23.954","°C","100.000","%a.s.","21.023","deg","23.635","°C","1019.000","hPa","0.861","-0.02617","0.00035","0","0","13.56","Humid","28.00","0","54.00","360164.49","SABD0000000001","AAV1.0.0.11","1.1.2.0","PSt7-10","170328-007","9/30/2017 19:06:43","0000-00","0","no battery","V"
"09/09/2020","11:12:17","2","default","115855972","OXY_CH2","106.711","min","191.079","µmol/L","Humid","20.266","deg","77685","µV","30.044","°C","1015.000","hPa","35.3","pmil","0","53.237","deg","23.954","°C","100.000","%a.s.","21.023","deg","23.635","°C","1019.000","hPa","0.861","-0.02617","0.00035","0","0","13.56","Humid","28.00","0","54.00","360154.03","SABD0000000001","AAV1.0.0.11","1.1.2.0","PSt7-10","170328-007","9/30/2017 19:06:43","0000-00","0","no battery","V"
"09/09/2020","11:12:18","2","default","115855972","OXY_CH2","106.727","min","191.123","µmol/L","Humid","20.264","deg","77683","µV","30.042","°C","1015.000","hPa","35.3","pmil","0","53.237","deg","23.954","°C","100.000","%a.s.","21.023","deg","23.635","°C","1019.000","hPa","0.861","-0.02617","0.00035","0","0","13.56","Humid","28.00","0","54.00","360143.26","SABD0000000001","AAV1.0.0.11","1.1.2.0","PSt7-10","170328-007","9/30/2017 19:06:43","0000-00","0","no battery","V"
"09/09/2020","11:12:19","2","default","115855972","OXY_CH2","106.744","min","190.931","µmol/L","Humid","20.267","deg","77678","µV","30.065","°C","1015.000","hPa","35.3","pmil","0","53.237","deg","23.954","°C","100.000","%a.s.","21.023","deg","23.635","°C","1019.000","hPa","0.861","-0.02617","0.00035","0","0","13.56","Humid","28.00","0","54.00","360148.81","SABD0000000001","AAV1.0.0.11","1.1.2.0","PSt7-10","170328-007","9/30/2017 19:06:43","0000-00","0","no battery","V"
"09/09/2020","11:12:20","2","default","115855972","OXY_CH2","106.761","min","191.036","µmol/L","Humid","20.263","deg","77670","µV","30.060","°C","1015.000","hPa","35.3","pmil","0","53.237","deg","23.954","°C","100.000","%a.s.","21.023","deg","23.635","°C","1019.000","hPa","0.861","-0.02617","0.00035","0","0","13.56","Humid","28.00","0","54.00","360142.07","SABD0000000001","AAV1.0.0.11","1.1.2.0","PSt7-10","170328-007","9/30/2017 19:06:43","0000-00","0","no battery","V"
"09/09/2020","11:12:21","2","default","115855972","OXY_CH2","106.777","min","190.854","µmol/L","Humid","20.272","deg","77678","µV","30.063","°C","1015.000","hPa","35.3","pmil","0","53.237","deg","23.954","°C","100.000","%a.s.","21.023","deg","23.635","°C","1019.000","hPa","0.861","-0.02617","0.00035","0","0","13.56","Humid","28.00","0","54.00","360150.49","SABD0000000001","AAV1.0.0.11","1.1.2.0","PSt7-10","170328-007","9/30/2017 19:06:43","0000-00","0","no battery","V"
"09/09/2020","11:12:22","2","default","115855972","OXY_CH2","106.794","min","190.886","µmol/L","Humid","20.272","deg","77671","µV","30.058","°C","1015.000","hPa","35.3","pmil","0","53.237","deg","23.954","°C","100.000","%a.s.","21.023","deg","23.635","°C","1019.000","hPa","0.861","-0.02617","0.00035","0","0","13.56","Humid","28.00","0","54.00","360146.16","SABD0000000001","AAV1.0.0.11","1.1.2.0","PSt7-10","170328-007","9/30/2017 19:06:43","0000-00","0","no battery","V"
"09/09/2020","11:12:23","2","default","115855972","OXY_CH2","106.810","min","190.944","µmol/L","Humid","20.270","deg","77679","µV","30.054","°C","1015.000","hPa","35.3","pmil","0","53.237","deg","23.954","°C","100.000","%a.s.","21.023","deg","23.635","°C","1019.000","hPa","0.861","-0.02617","0.00035","0","0","13.56","Humid","28.00","0","54.00","360138.57","SABD0000000001","AAV1.0.0.11","1.1.2.0","PSt7-10","170328-007","9/30/2017 19:06:43","0000-00","0","no battery","V"
"09/09/2020","11:12:24","2","default","115855972","OXY_CH2","106.827","min","191.004","µmol/L","Humid","20.266","deg","77668","µV","30.056","°C","1015.000","hPa","35.3","pmil","0","53.237","deg","23.954","°C","100.000","%a.s.","21.023","deg","23.635","°C","1019.000","hPa","0.861","-0.02617","0.00035","0","0","13.56","Humid","28.00","0","54.00","360143.36","SABD0000000001","AAV1.0.0.11","1.1.2.0","PSt7-10","170328-007","9/30/2017 19:06:43","0000-00","0","no battery","V"
"09/09/2020","11:12:25","2","default","115855972","OXY_CH2","106.844","min","190.922","µmol/L","Humid","20.270","deg","77672","µV","30.058","°C","1015.000","hPa","35.3","pmil","0","53.237","deg","23.954","°C","100.000","%a.s.","21.023","deg","23.635","°C","1019.000","hPa","0.861","-0.02617","0.00035","0","0","13.56","Humid","28.00","0","54.00","360131.77","SABD0000000001","AAV1.0.0.11","1.1.2.0","PSt7-10","170328-007","9/30/2017 19:06:43","0000-00","0","no battery","V"
"09/09/2020","11:12:26","2","default","115855972","OXY_CH2","106.861","min","190.946","µmol/L","Humid","20.273","deg","77673","µV","30.045","°C","1015.000","hPa","35.3","pmil","0","53.237","deg","23.954","°C","100.000","%a.s.","21.023","deg","23.635","°C","1019.000","hPa","0.861","-0.02617","0.00035","0","0","13.56","Humid","28.00","0","54.00","360137.51","SABD0000000001","AAV1.0.0.11","1.1.2.0","PSt7-10","170328-007","9/30/2017 19:06:43","0000-00","0","no battery","V"
"09/09/2020","11:12:27","2","default","115855972","OXY_CH2","106.877","min","191.122","µmol/L","Humid","20.263","deg","77666","µV","30.047","°C","1016.000","hPa","35.3","pmil","0","53.237","deg","23.954","°C","100.000","%a.s.","21.023","deg","23.635","°C","1019.000","hPa","0.861","-0.02617","0.00035","0","0","13.56","Humid","28.00","0","54.00","360132.62","SABD0000000001","AAV1.0.0.11","1.1.2.0","PSt7-10","170328-007","9/30/2017 19:06:43","0000-00","0","no battery","V"
"09/09/2020","11:12:28","2","default","115855972","OXY_CH2","106.894","min","191.101","µmol/L","Humid","20.266","deg","77669","µV","30.040","°C","1015.000","hPa","35.3","pmil","0","53.237","deg","23.954","°C","100.000","%a.s.","21.023","deg","23.635","°C","1019.000","hPa","0.861","-0.02617","0.00035","0","0","13.56","Humid","28.00","0","54.00","360134.68","SABD0000000001","AAV1.0.0.11","1.1.2.0","PSt7-10","170328-007","9/30/2017 19:06:43","0000-00","0","no battery","V"
"09/09/2020","11:12:29","2","default","115855972","OXY_CH2","106.911","min","191.117","µmol/L","Humid","20.265","deg","77667","µV","30.042","°C","1016.000","hPa","35.3","pmil","0","53.237","deg","23.954","°C","100.000","%a.s.","21.023","deg","23.635","°C","1019.000","hPa","0.861","-0.02617","0.00035","0","0","13.56","Humid","28.00","0","54.00","360142.50","SABD0000000001","AAV1.0.0.11","1.1.2.0","PSt7-10","170328-007","9/30/2017 19:06:43","0000-00","0","no battery","V"
"09/09/2020","11:12:30","2","default","115855972","OXY_CH2","106.928","min","191.050","µmol/L","Humid","20.269","deg","77664","µV","30.040","°C","1015.000","hPa","35.3","pmil","0","53.237","deg","23.954","°C","100.000","%a.s.","21.023","deg","23.635","°C","1019.000","hPa","0.861","-0.02617","0.00035","0","0","13.56","Humid","28.00","0","54.00","360133.94","SABD0000000001","AAV1.0.0.11","1.1.2.0","PSt7-10","170328-007","9/30/2017 19:06:43","0000-00","0","no battery","V"
"09/09/2020","11:12:31","2","default","115855972","OXY_CH2","106.944","min","191.215","µmol/L","Humid","20.263","deg","77665","µV","30.031","°C","1016.000","hPa","35.3","pmil","0","53.237","deg","23.954","°C","100.000","%a.s.","21.023","deg","23.635","°C","1019.000","hPa","0.861","-0.02617","0.00035","0","0","13.56","Humid","28.00","0","54.00","360125.93","SABD0000000001","AAV1.0.0.11","1.1.2.0","PSt7-10","170328-007","9/30/2017 19:06:43","0000-00","0","no battery","V"
"09/09/2020","11:12:32","2","default","115855972","OXY_CH2","106.961","min","190.999","µmol/L","Humid","20.268","deg","77661","µV","30.051","°C","1015.000","hPa","35.3","pmil","0","53.237","deg","23.954","°C","100.000","%a.s.","21.023","deg","23.635","°C","1019.000","hPa","0.861","-0.02617","0.00035","0","0","13.56","Humid","28.00","0","54.00","360124.68","SABD0000000001","AAV1.0.0.11","1.1.2.0","PSt7-10","170328-007","9/30/2017 19:06:43","0000-00","0","no battery","V"
"09/09/2020","11:12:33","2","default","115855972","OXY_CH2","106.978","min","191.118","µmol/L","Humid","20.265","deg","77663","µV","30.040","°C","1015.000","hPa","35.3","pmil","0","53.237","deg","23.954","°C","100.000","%a.s.","21.023","deg","23.635","°C","1019.000","hPa","0.861","-0.02617","0.00035","0","0","13.56","Humid","28.00","0","54.00","360125.96","SABD0000000001","AAV1.0.0.11","1.1.2.0","PSt7-10","170328-007","9/30/2017 19:06:43","0000-00","0","no battery","V"
"09/09/2020","11:12:34","2","default","115855972","OXY_CH2","106.994","min","191.093","µmol/L","Humid","20.267","deg","77655","µV","30.038","°C","1015.000","hPa","35.3","pmil","0","53.237","deg","23.954","°C","100.000","%a.s.","21.023","deg","23.635","°C","1019.000","hPa","0.861","-0.02617","0.00035","0","0","13.56","Humid","28.00","0","54.00","360113.36","SABD0000000001","AAV1.0.0.11","1.1.2.0","PSt7-10","170328-007","9/30/2017 19:06:43","0000-00","0","no battery","V"
"09/09/2020","11:12:35","2","default","115855972","OXY_CH2","107.011","min","191.167","µmol/L","Humid","20.263","deg","77661","µV","30.038","°C","1015.000","hPa","35.3","pmil","0","53.237","deg","23.954","°C","100.000","%a.s.","21.023","deg","23.635","°C","1019.000","hPa","0.861","-0.02617","0.00035","0","0","13.56","Humid","28.00","0","54.00","360116.79","SABD0000000001","AAV1.0.0.11","1.1.2.0","PSt7-10","170328-007","9/30/2017 19:06:43","0000-00","0","no battery","V"
"09/09/2020","11:12:36","2","default","115855972","OXY_CH2","107.027","min","191.226","µmol/L","Humid","20.263","deg","77654","µV","30.028","°C","1015.000","hPa","35.3","pmil","0","53.237","deg","23.954","°C","100.000","%a.s.","21.023","deg","23.635","°C","1019.000","hPa","0.861","-0.02617","0.00035","0","0","13.56","Humid","28.00","0","54.00","360117.19","SABD0000000001","AAV1.0.0.11","1.1.2.0","PSt7-10","170328-007","9/30/2017 19:06:43","0000-00","0","no battery","V"
"09/09/2020","11:12:37","2","default","115855972","OXY_CH2","107.044","min","191.014","µmol/L","Humid","20.265","deg","77655","µV","30.057","°C","1015.000","hPa","35.3","pmil","0","53.237","deg","23.954","°C","100.000","%a.s.","21.023","deg","23.635","°C","1019.000","hPa","0.861","-0.02617","0.00035","0","0","13.56","Humid","28.00","0","54.00","360118.58","SABD0000000001","AAV1.0.0.11","1.1.2.0","PSt7-10","170328-007","9/30/2017 19:06:43","0000-00","0","no battery","V"
"09/09/2020","11:12:38","2","default","115855972","OXY_CH2","107.060","min","191.083","µmol/L","Humid","20.262","deg","77653","µV","30.056","°C","1016.000","hPa","35.3","pmil","0","53.237","deg","23.954","°C","100.000","%a.s.","21.023","deg","23.635","°C","1019.000","hPa","0.861","-0.02617","0.00035","0","0","13.56","Humid","28.00","0","54.00","360117.93","SABD0000000001","AAV1.0.0.11","1.1.2.0","PSt7-10","170328-007","9/30/2017 19:06:43","0000-00","0","no battery","V"
"09/09/2020","11:12:39","2","default","115855972","OXY_CH2","107.077","min","190.924","µmol/L","Humid","20.269","deg","77656","µV","30.060","°C","1015.000","hPa","35.3","pmil","0","53.237","deg","23.954","°C","100.000","%a.s.","21.023","deg","23.635","°C","1019.000","hPa","0.861","-0.02617","0.00035","0","0","13.56","Humid","28.00","0","54.00","360115.16","SABD0000000001","AAV1.0.0.11","1.1.2.0","PSt7-10","170328-007","9/30/2017 19:06:43","0000-00","0","no battery","V"
"09/09/2020","11:12:40","2","default","115855972","OXY_CH2","107.094","min","191.046","µmol/L","Humid","20.264","deg","77654","µV","30.055","°C","1015.000","hPa","35.3","pmil","0","53.237","deg","23.954","°C","100.000","%a.s.","21.023","deg","23.635","°C","1019.000","hPa","0.861","-0.02617","0.00035","0","0","13.56","Humid","28.00","0","54.00","360119.15","SABD0000000001","AAV1.0.0.11","1.1.2.0","PSt7-10","170328-007","9/30/2017 19:06:43","0000-00","0","no battery","V"
"09/09/2020","11:12:41","2","default","115855972","OXY_CH2","107.110","min","190.971","µmol/L","Humid","20.268","deg","77647","µV","30.056","°C","1015.000","hPa","35.3","pmil","0","53.237","deg","23.954","°C","100.000","%a.s.","21.023","deg","23.635","°C","1019.000","hPa","0.861","-0.02617","0.00035","0","0","13.56","Humid","28.00","0","54.00","360106.90","SABD0000000001","AAV1.0.0.11","1.1.2.0","PSt7-10","170328-007","9/30/2017 19:06:43","0000-00","0","no battery","V"
"09/09/2020","11:12:42","2","default","115855972","OXY_CH2","107.127","min","191.124","µmol/L","Humid","20.261","deg","77648","µV","30.051","°C","1015.000","hPa","35.3","pmil","0","53.237","deg","23.954","°C","100.000","%a.s.","21.023","deg","23.635","°C","1019.000","hPa","0.861","-0.02617","0.00035","0","0","13.56","Humid","28.00","0","54.00","360112.62","SABD0000000001","AAV1.0.0.11","1.1.2.0","PSt7-10","170328-007","9/30/2017 19:06:43","0000-00","0","no battery","V"
"09/09/2020","11:12:43","2","default","115855972","OXY_CH2","107.144","min","191.125","µmol/L","Humid","20.262","deg","77637","µV","30.048","°C","1015.000","hPa","35.3","pmil","0","53.237","deg","23.954","°C","100.000","%a.s.","21.023","deg","23.635","°C","1019.000","hPa","0.861","-0.02617","0.00035","0","0","13.56","Humid","28.00","0","54.00","360114.11","SABD0000000001","AAV1.0.0.11","1.1.2.0","PSt7-10","170328-007","9/30/2017 19:06:43","0000-00","0","no battery","V"
"09/09/2020","11:12:44","2","default","115855972","OXY_CH2","107.161","min","191.132","µmol/L","Humid","20.263","deg","77644","µV","30.044","°C","1015.000","hPa","35.3","pmil","0","53.237","deg","23.954","°C","100.000","%a.s.","21.023","deg","23.635","°C","1019.000","hPa","0.861","-0.02617","0.00035","0","0","13.56","Humid","28.00","0","54.00","360108.65","SABD0000000001","AAV1.0.0.11","1.1.2.0","PSt7-10","170328-007","9/30/2017 19:06:43","0000-00","0","no battery","V"
"09/09/2020","11:12:45","2","default","115855972","OXY_CH2","107.177","min","191.094","µmol/L","Humid","20.264","deg","77637","µV","30.047","°C","1015.000","hPa","35.3","pmil","0","53.237","deg","23.954","°C","100.000","%a.s.","21.023","deg","23.635","°C","1019.000","hPa","0.861","-0.02617","0.00035","0","0","13.56","Humid","28.00","0","54.00","360096.67","SABD0000000001","AAV1.0.0.11","1.1.2.0","PSt7-10","170328-007","9/30/2017 19:06:43","0000-00","0","no battery","V"
"09/09/2020","11:12:46","2","default","115855972","OXY_CH2","107.194","min","191.159","µmol/L","Humid","20.261","deg","77637","µV","30.045","°C","1015.000","hPa","35.3","pmil","0","53.237","deg","23.954","°C","100.000","%a.s.","21.023","deg","23.635","°C","1019.000","hPa","0.861","-0.02617","0.00035","0","0","13.56","Humid","28.00","0","54.00","360105.96","SABD0000000001","AAV1.0.0.11","1.1.2.0","PSt7-10","170328-007","9/30/2017 19:06:43","0000-00","0","no battery","V"
"09/09/2020","11:12:47","2","default","115855972","OXY_CH2","107.211","min","191.088","µmol/L","Humid","20.265","deg","77644","µV","30.045","°C","1015.000","hPa","35.3","pmil","0","53.237","deg","23.954","°C","100.000","%a.s.","21.023","deg","23.635","°C","1019.000","hPa","0.861","-0.02617","0.00035","0","0","13.56","Humid","28.00","0","54.00","360109.05","SABD0000000001","AAV1.0.0.11","1.1.2.0","PSt7-10","170328-007","9/30/2017 19:06:43","0000-00","0","no battery","V"
"09/09/2020","11:12:48","2","default","115855972","OXY_CH2","107.228","min","191.136","µmol/L","Humid","20.263","deg","77635","µV","30.043","°C","1015.000","hPa","35.3","pmil","0","53.237","deg","23.954","°C","100.000","%a.s.","21.023","deg","23.635","°C","1019.000","hPa","0.861","-0.02617","0.00035","0","0","13.56","Humid","28.00","0","54.00","360114.54","SABD0000000001","AAV1.0.0.11","1.1.2.0","PSt7-10","170328-007","9/30/2017 19:06:43","0000-00","0","no battery","V"
"09/09/2020","11:12:49","2","default","115855972","OXY_CH2","107.244","min","191.143","µmol/L","Humid","20.262","deg","77627","µV","30.045","°C","1015.000","hPa","35.3","pmil","0","53.237","deg","23.954","°C","100.000","%a.s.","21.023","deg","23.635","°C","1019.000","hPa","0.861","-0.02617","0.00035","0","0","13.56","Humid","28.00","0","54.00","360103.75","SABD0000000001","AAV1.0.0.11","1.1.2.0","PSt7-10","170328-007","9/30/2017 19:06:43","0000-00","0","no battery","V"
"09/09/2020","11:12:50","2","default","115855972","OXY_CH2","107.260","min","191.041","µmol/L","Humid","20.266","deg","77635","µV","30.050","°C","1015.000","hPa","35.3","pmil","0","53.237","deg","23.954","°C","100.000","%a.s.","21.023","deg","23.635","°C","1019.000","hPa","0.861","-0.02617","0.00035","0","0","13.56","Humid","28.00","0","54.00","360105.17","SABD0000000001","AAV1.0.0.11","1.1.2.0","PSt7-10","170328-007","9/30/2017 19:06:43","0000-00","0","no battery","V"
"09/09/2020","11:12:51","2","default","115855972","OXY_CH2","107.277","min","191.059","µmol/L","Humid","20.263","deg","77637","µV","30.056","°C","1015.000","hPa","35.3","pmil","0","53.237","deg","23.954","°C","100.000","%a.s.","21.023","deg","23.635","°C","1019.000","hPa","0.861","-0.02617","0.00035","0","0","13.56","Humid","28.00","0","54.00","360101.79","SABD0000000001","AAV1.0.0.11","1.1.2.0","PSt7-10","170328-007","9/30/2017 19:06:43","0000-00","0","no battery","V"
"09/09/2020","11:12:52","2","default","115855972","OXY_CH2","107.294","min","191.043","µmol/L","Humid","20.268","deg","77635","µV","30.044","°C","1015.000","hPa","35.3","pmil","0","53.237","deg","23.954","°C","100.000","%a.s.","21.023","deg","23.635","°C","1019.000","hPa","0.861","-0.02617","0.00035","0","0","13.56","Humid","28.00","0","54.00","360102.33","SABD0000000001","AAV1.0.0.11","1.1.2.0","PSt7-10","170328-007","9/30/2017 19:06:43","0000-00","0","no battery","V"
"09/09/2020","11:12:53","2","default","115855972","OXY_CH2","107.311","min","191.058","µmol/L","Humid","20.262","deg","77636","µV","30.059","°C","1015.000","hPa","35.3","pmil","0","53.237","deg","23.954","°C","100.000","%a.s.","21.023","deg","23.635","°C","1019.000","hPa","0.861","-0.02617","0.00035","0","0","13.56","Humid","28.00","0","54.00","360113.93","SABD0000000001","AAV1.0.0.11","1.1.2.0","PSt7-10","170328-007","9/30/2017 19:06:43","0000-00","0","no battery","V"
"09/09/2020","11:12:54","2","default","115855972","OXY_CH2","107.327","min","191.101","µmol/L","Humid","20.263","deg","77627","µV","30.049","°C","1015.000","hPa","35.3","pmil","0","53.237","deg","23.954","°C","100.000","%a.s.","21.023","deg","23.635","°C","1019.000","hPa","0.861","-0.02617","0.00035","0","0","13.56","Humid","28.00","0","54.00","360091.73","SABD0000000001","AAV1.0.0.11","1.1.2.0","PSt7-10","170328-007","9/30/2017 19:06:43","0000-00","0","no battery","V"
"09/09/2020","11:12:55","2","default","115855972","OXY_CH2","107.344","min","191.192","µmol/L","Humid","20.263","deg","77635","µV","30.034","°C","1015.000","hPa","35.3","pmil","0","53.237","deg","23.954","°C","100.000","%a.s.","21.023","deg","23.635","°C","1019.000","hPa","0.861","-0.02617","0.00035","0","0","13.56","Humid","28.00","0","54.00","360107.62","SABD0000000001","AAV1.0.0.11","1.1.2.0","PSt7-10","170328-007","9/30/2017 19:06:43","0000-00","0","no battery","V"
"09/09/2020","11:12:56","2","default","115855972","OXY_CH2","107.361","min","191.121","µmol/L","Humid","20.260","deg","77623","µV","30.054","°C","1015.000","hPa","35.3","pmil","0","53.237","deg","23.954","°C","100.000","%a.s.","21.023","deg","23.635","°C","1019.000","hPa","0.861","-0.02617","0.00035","0","0","13.56","Humid","28.00","0","54.00","360108.97","SABD0000000001","AAV1.0.0.11","1.1.2.0","PSt7-10","170328-007","9/30/2017 19:06:43","0000-00","0","no battery","V"
"09/09/2020","11:12:57","2","default","115855972","OXY_CH2","107.377","min","191.075","µmol/L","Humid","20.262","deg","77623","µV","30.056","°C","1015.000","hPa","35.3","pmil","0","53.237","deg","23.954","°C","100.000","%a.s.","21.023","deg","23.635","°C","1019.000","hPa","0.861","-0.02617","0.00035","0","0","13.56","Humid","28.00","0","54.00","360095.30","SABD0000000001","AAV1.0.0.11","1.1.2.0","PSt7-10","170328-007","9/30/2017 19:06:43","0000-00","0","no battery","V"
"09/09/2020","11:12:58","2","default","115855972","OXY_CH2","107.394","min","191.073","µmol/L","Humid","20.261","deg","77624","µV","30.059","°C","1015.000","hPa","35.3","pmil","0","53.237","deg","23.954","°C","100.000","%a.s.","21.023","deg","23.635","°C","1019.000","hPa","0.861","-0.02617","0.00035","0","0","13.56","Humid","28.00","0","54.00","360108.76","SABD0000000001","AAV1.0.0.11","1.1.2.0","PSt7-10","170328-007","9/30/2017 19:06:43","0000-00","0","no battery","V"
"09/09/2020","11:12:59","2","default","115855972","OXY_CH2","107.410","min","191.198","µmol/L","Humid","20.260","deg","77618","µV","30.041","°C","1015.000","hPa","35.3","pmil","0","53.237","deg","23.954","°C","100.000","%a.s.","21.023","deg","23.635","°C","1019.000","hPa","0.861","-0.02617","0.00035","0","0","13.56","Humid","28.00","0","54.00","360096.95","SABD0000000001","AAV1.0.0.11","1.1.2.0","PSt7-10","170328-007","9/30/2017 19:06:43","0000-00","0","no battery","V"
"09/09/2020","11:13:00","2","default","115855972","OXY_CH2","107.427","min","191.175","µmol/L","Humid","20.259","deg","77624","µV","30.048","°C","1015.000","hPa","35.3","pmil","0","53.237","deg","23.954","°C","100.000","%a.s.","21.023","deg","23.635","°C","1019.000","hPa","0.861","-0.02617","0.00035","0","0","13.56","Humid","28.00","0","54.00","360097.86","SABD0000000001","AAV1.0.0.11","1.1.2.0","PSt7-10","170328-007","9/30/2017 19:06:43","0000-00","0","no battery","V"
"09/09/2020","11:13:01","2","default","115855972","OXY_CH2","107.444","min","191.032","µmol/L","Humid","20.261","deg","77624","µV","30.066","°C","1015.000","hPa","35.3","pmil","0","53.237","deg","23.954","°C","100.000","%a.s.","21.023","deg","23.635","°C","1019.000","hPa","0.861","-0.02617","0.00035","0","0","13.56","Humid","28.00","0","54.00","360100.92","SABD0000000001","AAV1.0.0.11","1.1.2.0","PSt7-10","170328-007","9/30/2017 19:06:43","0000-00","0","no battery","V"
"09/09/2020","11:13:02","2","default","115855972","OXY_CH2","107.460","min","191.157","µmol/L","Humid","20.260","deg","77616","µV","30.048","°C","1015.000","hPa","35.3","pmil","0","53.237","deg","23.954","°C","100.000","%a.s.","21.023","deg","23.635","°C","1019.000","hPa","0.861","-0.02617","0.00035","0","0","13.56","Humid","28.00","0","54.00","360098.44","SABD0000000001","AAV1.0.0.11","1.1.2.0","PSt7-10","170328-007","9/30/2017 19:06:43","0000-00","0","no battery","V"
"09/09/2020","11:13:03","2","default","115855972","OXY_CH2","107.477","min","191.177","µmol/L","Humid","20.260","deg","77620","µV","30.045","°C","1015.000","hPa","35.3","pmil","0","53.237","deg","23.954","°C","100.000","%a.s.","21.023","deg","23.635","°C","1019.000","hPa","0.861","-0.02617","0.00035","0","0","13.56","Humid","28.00","0","54.00","360095.49","SABD0000000001","AAV1.0.0.11","1.1.2.0","PSt7-10","170328-007","9/30/2017 19:06:43","0000-00","0","no battery","V"
"09/09/2020","11:13:04","2","default","115855972","OXY_CH2","107.494","min","191.136","µmol/L","Humid","20.262","deg","77617","µV","30.046","°C","1015.000","hPa","35.3","pmil","0","53.237","deg","23.954","°C","100.000","%a.s.","21.023","deg","23.635","°C","1019.000","hPa","0.861","-0.02617","0.00035","0","0","13.56","Humid","28.00","0","54.00","360092.48","SABD0000000001","AAV1.0.0.11","1.1.2.0","PSt7-10","170328-007","9/30/2017 19:06:43","0000-00","0","no battery","V"
"09/09/2020","11:13:05","2","default","115855972","OXY_CH2","107.511","min","191.161","µmol/L","Humid","20.261","deg","77615","µV","30.045","°C","1015.000","hPa","35.3","pmil","0","53.237","deg","23.954","°C","100.000","%a.s.","21.023","deg","23.635","°C","1019.000","hPa","0.861","-0.02617","0.00035","0","0","13.56","Humid","28.00","0","54.00","360088.82","SABD0000000001","AAV1.0.0.11","1.1.2.0","PSt7-10","170328-007","9/30/2017 19:06:43","0000-00","0","no battery","V"
"09/09/2020","11:13:06","2","default","115855972","OXY_CH2","107.528","min","191.121","µmol/L","Humid","20.262","deg","77619","µV","30.048","°C","1015.000","hPa","35.3","pmil","0","53.237","deg","23.954","°C","100.000","%a.s.","21.023","deg","23.635","°C","1019.000","hPa","0.861","-0.02617","0.00035","0","0","13.56","Humid","28.00","0","54.00","360102.72","SABD0000000001","AAV1.0.0.11","1.1.2.0","PSt7-10","170328-007","9/30/2017 19:06:43","0000-00","0","no battery","V"
"09/09/2020","11:13:07","2","default","115855972","OXY_CH2","107.544","min","191.232","µmol/L","Humid","20.256","deg","77618","µV","30.047","°C","1015.000","hPa","35.3","pmil","0","53.237","deg","23.954","°C","100.000","%a.s.","21.023","deg","23.635","°C","1019.000","hPa","0.861","-0.02617","0.00035","0","0","13.56","Humid","28.00","0","54.00","360104.47","SABD0000000001","AAV1.0.0.11","1.1.2.0","PSt7-10","170328-007","9/30/2017 19:06:43","0000-00","0","no battery","V"
"09/09/2020","11:13:08","2","default","115855972","OXY_CH2","107.561","min","191.139","µmol/L","Humid","20.260","deg","77613","µV","30.051","°C","1015.000","hPa","35.3","pmil","0","53.237","deg","23.954","°C","100.000","%a.s.","21.023","deg","23.635","°C","1019.000","hPa","0.861","-0.02617","0.00035","0","0","13.56","Humid","28.00","0","54.00","360098.25","SABD0000000001","AAV1.0.0.11","1.1.2.0","PSt7-10","170328-007","9/30/2017 19:06:43","0000-00","0","no battery","V"
"09/09/2020","11:13:09","2","default","115855972","OXY_CH2","107.577","min","191.174","µmol/L","Humid","20.259","deg","77614","µV","30.048","°C","1015.000","hPa","35.3","pmil","0","53.237","deg","23.954","°C","100.000","%a.s.","21.023","deg","23.635","°C","1019.000","hPa","0.861","-0.02617","0.00035","0","0","13.56","Humid","28.00","0","54.00","360089.20","SABD0000000001","AAV1.0.0.11","1.1.2.0","PSt7-10","170328-007","9/30/2017 19:06:43","0000-00","0","no battery","V"
"09/09/2020","11:13:10","2","default","115855972","OXY_CH2","107.594","min","191.187","µmol/L","Humid","20.262","deg","77610","µV","30.037","°C","1015.000","hPa","35.3","pmil","0","53.237","deg","23.954","°C","100.000","%a.s.","21.023","deg","23.635","°C","1019.000","hPa","0.861","-0.02617","0.00035","0","0","13.56","Humid","28.00","0","54.00","360090.73","SABD0000000001","AAV1.0.0.11","1.1.2.0","PSt7-10","170328-007","9/30/2017 19:06:43","0000-00","0","no battery","V"
"09/09/2020","11:13:11","2","default","115855972","OXY_CH2","107.611","min","191.243","µmol/L","Humid","20.256","deg","77611","µV","30.046","°C","1015.000","hPa","35.3","pmil","0","53.237","deg","23.954","°C","100.000","%a.s.","21.023","deg","23.635","°C","1019.000","hPa","0.861","-0.02617","0.00035","0","0","13.56","Humid","28.00","0","54.00","360085.93","SABD0000000001","AAV1.0.0.11","1.1.2.0","PSt7-10","170328-007","9/30/2017 19:06:43","0000-00","0","no battery","V"
"09/09/2020","11:13:12","2","default","115855972","OXY_CH2","107.627","min","191.196","µmol/L","Humid","20.262","deg","77611","µV","30.036","°C","1015.000","hPa","35.3","pmil","0","53.237","deg","23.954","°C","100.000","%a.s.","21.023","deg","23.635","°C","1019.000","hPa","0.861","-0.02617","0.00035","0","0","13.56","Humid","28.00","0","54.00","360084.45","SABD0000000001","AAV1.0.0.11","1.1.2.0","PSt7-10","170328-007","9/30/2017 19:06:43","0000-00","0","no battery","V"
"09/09/2020","11:13:13","2","default","115855972","OXY_CH2","107.644","min","191.236","µmol/L","Humid","20.258","deg","77603","µV","30.041","°C","1015.000","hPa","35.3","pmil","0","53.237","deg","23.954","°C","100.000","%a.s.","21.023","deg","23.635","°C","1019.000","hPa","0.861","-0.02617","0.00035","0","0","13.56","Humid","28.00","0","54.00","360088.74","SABD0000000001","AAV1.0.0.11","1.1.2.0","PSt7-10","170328-007","9/30/2017 19:06:43","0000-00","0","no battery","V"
"09/09/2020","11:13:14","2","default","115855972","OXY_CH2","107.661","min","191.298","µmol/L","Humid","20.254","deg","77603","µV","30.042","°C","1015.000","hPa","35.3","pmil","0","53.237","deg","23.954","°C","100.000","%a.s.","21.023","deg","23.635","°C","1019.000","hPa","0.861","-0.02617","0.00035","0","0","13.56","Humid","28.00","0","54.00","360085.53","SABD0000000001","AAV1.0.0.11","1.1.2.0","PSt7-10","170328-007","9/30/2017 19:06:43","0000-00","0","no battery","V"
"09/09/2020","11:13:15","2","default","115855972","OXY_CH2","107.677","min","191.241","µmol/L","Humid","20.259","deg","77607","µV","30.039","°C","1016.000","hPa","35.3","pmil","0","53.237","deg","23.954","°C","100.000","%a.s.","21.023","deg","23.635","°C","1019.000","hPa","0.861","-0.02617","0.00035","0","0","13.56","Humid","28.00","0","54.00","360083.07","SABD0000000001","AAV1.0.0.11","1.1.2.0","PSt7-10","170328-007","9/30/2017 19:06:43","0000-00","0","no battery","V"
"09/09/2020","11:13:16","2","default","115855972","OXY_CH2","107.694","min","191.140","µmol/L","Humid","20.260","deg","77606","µV","30.051","°C","1015.000","hPa","35.3","pmil","0","53.237","deg","23.954","°C","100.000","%a.s.","21.023","deg","23.635","°C","1019.000","hPa","0.861","-0.02617","0.00035","0","0","13.56","Humid","28.00","0","54.00","360077.93","SABD0000000001","AAV1.0.0.11","1.1.2.0","PSt7-10","170328-007","9/30/2017 19:06:43","0000-00","0","no battery","V"
"09/09/2020","11:13:17","2","default","115855972","OXY_CH2","107.710","min","191.248","µmol/L","Humid","20.257","deg","77601","µV","30.042","°C","1015.000","hPa","35.3","pmil","0","53.237","deg","23.954","°C","100.000","%a.s.","21.023","deg","23.635","°C","1019.000","hPa","0.861","-0.02617","0.00035","0","0","13.56","Humid","28.00","0","54.00","360069.38","SABD0000000001","AAV1.0.0.11","1.1.2.0","PSt7-10","170328-007","9/30/2017 19:06:43","0000-00","0","no battery","V"
"09/09/2020","11:13:18","2","default","115855972","OXY_CH2","107.727","min","191.261","µmol/L","Humid","20.257","deg","77599","µV","30.040","°C","1015.000","hPa","35.3","pmil","0","53.237","deg","23.954","°C","100.000","%a.s.","21.023","deg","23.635","°C","1019.000","hPa","0.861","-0.02617","0.00035","0","0","13.56","Humid","28.00","0","54.00","360060.24","SABD0000000001","AAV1.0.0.11","1.1.2.0","PSt7-10","170328-007","9/30/2017 19:06:43","0000-00","0","no battery","V"
"09/09/2020","11:13:19","2","default","115855972","OXY_CH2","107.744","min","191.264","µmol/L","Humid","20.253","deg","77591","µV","30.051","°C","1015.000","hPa","35.3","pmil","0","53.237","deg","23.954","°C","100.000","%a.s.","21.023","deg","23.635","°C","1019.000","hPa","0.861","-0.02617","0.00035","0","0","13.56","Humid","28.00","0","54.00","360082.68","SABD0000000001","AAV1.0.0.11","1.1.2.0","PSt7-10","170328-007","9/30/2017 19:06:43","0000-00","0","no battery","V"
"09/09/2020","11:13:20","2","default","115855972","OXY_CH2","107.760","min","191.213","µmol/L","Humid","20.256","deg","77584","µV","30.052","°C","1016.000","hPa","35.3","pmil","0","53.237","deg","23.954","°C","100.000","%a.s.","21.023","deg","23.635","°C","1019.000","hPa","0.861","-0.02617","0.00035","0","0","13.56","Humid","28.00","0","54.00","360063.22","SABD0000000001","AAV1.0.0.11","1.1.2.0","PSt7-10","170328-007","9/30/2017 19:06:43","0000-00","0","no battery","V"
"09/09/2020","11:13:21","2","default","115855972","OXY_CH2","107.777","min","191.122","µmol/L","Humid","20.259","deg","77597","µV","30.057","°C","1015.000","hPa","35.3","pmil","0","53.237","deg","23.954","°C","100.000","%a.s.","21.023","deg","23.635","°C","1019.000","hPa","0.861","-0.02617","0.00035","0","0","13.56","Humid","28.00","0","54.00","360092.01","SABD0000000001","AAV1.0.0.11","1.1.2.0","PSt7-10","170328-007","9/30/2017 19:06:43","0000-00","0","no battery","V"
"09/09/2020","11:13:22","2","default","115855972","OXY_CH2","107.794","min","191.247","µmol/L","Humid","20.255","deg","77591","µV","30.048","°C","1015.000","hPa","35.3","pmil","0","53.237","deg","23.954","°C","100.000","%a.s.","21.023","deg","23.635","°C","1019.000","hPa","0.861","-0.02617","0.00035","0","0","13.56","Humid","28.00","0","54.00","360069.35","SABD0000000001","AAV1.0.0.11","1.1.2.0","PSt7-10","170328-007","9/30/2017 19:06:43","0000-00","0","no battery","V"
"09/09/2020","11:13:23","2","default","115855972","OXY_CH2","107.810","min","191.168","µmol/L","Humid","20.262","deg","77593","µV","30.041","°C","1015.000","hPa","35.3","pmil","0","53.237","deg","23.954","°C","100.000","%a.s.","21.023","deg","23.635","°C","1019.000","hPa","0.861","-0.02617","0.00035","0","0","13.56","Humid","28.00","0","54.00","360059.08","SABD0000000001","AAV1.0.0.11","1.1.2.0","PSt7-10","170328-007","9/30/2017 19:06:43","0000-00","0","no battery","V"
"09/09/2020","11:13:24","2","default","115855972","OXY_CH2","107.827","min","191.284","µmol/L","Humid","20.252","deg","77603","µV","30.051","°C","1015.000","hPa","35.3","pmil","0","53.237","deg","23.954","°C","100.000","%a.s.","21.023","deg","23.635","°C","1019.000","hPa","0.861","-0.02617","0.00035","0","0","13.56","Humid","28.00","0","54.00","360061.96","SABD0000000001","AAV1.0.0.11","1.1.2.0","PSt7-10","170328-007","9/30/2017 19:06:43","0000-00","0","no battery","V"
"09/09/2020","11:13:25","2","default","115855972","OXY_CH2","107.844","min","191.312","µmol/L","Humid","20.251","deg","77592","µV","30.049","°C","1015.000","hPa","35.3","pmil","0","53.237","deg","23.954","°C","100.000","%a.s.","21.023","deg","23.635","°C","1019.000","hPa","0.861","-0.02617","0.00035","0","0","13.56","Humid","28.00","0","54.00","360070.23","SABD0000000001","AAV1.0.0.11","1.1.2.0","PSt7-10","170328-007","9/30/2017 19:06:43","0000-00","0","no battery","V"
"09/09/2020","11:13:26","2","default","115855972","OXY_CH2","107.861","min","191.180","µmol/L","Humid","20.255","deg","77590","µV","30.059","°C","1015.000","hPa","35.3","pmil","0","53.237","deg","23.954","°C","100.000","%a.s.","21.023","deg","23.635","°C","1019.000","hPa","0.861","-0.02617","0.00035","0","0","13.56","Humid","28.00","0","54.00","360073.44","SABD0000000001","AAV1.0.0.11","1.1.2.0","PSt7-10","170328-007","9/30/2017 19:06:43","0000-00","0","no battery","V"
"09/09/2020","11:13:27","2","default","115855972","OXY_CH2","107.878","min","191.373","µmol/L","Humid","20.251","deg","77590","µV","30.039","°C","1015.000","hPa","35.3","pmil","0","53.237","deg","23.954","°C","100.000","%a.s.","21.023","deg","23.635","°C","1019.000","hPa","0.861","-0.02617","0.00035","0","0","13.56","Humid","28.00","0","54.00","360077.06","SABD0000000001","AAV1.0.0.11","1.1.2.0","PSt7-10","170328-007","9/30/2017 19:06:43","0000-00","0","no battery","V"
"09/09/2020","11:13:28","2","default","115855972","OXY_CH2","107.894","min","191.275","µmol/L","Humid","20.255","deg","77588","µV","30.043","°C","1015.000","hPa","35.3","pmil","0","53.237","deg","23.954","°C","100.000","%a.s.","21.023","deg","23.635","°C","1019.000","hPa","0.861","-0.02617","0.00035","0","0","13.56","Humid","28.00","0","54.00","360068.67","SABD0000000001","AAV1.0.0.11","1.1.2.0","PSt7-10","170328-007","9/30/2017 19:06:43","0000-00","0","no battery","V"
"09/09/2020","11:13:29","2","default","115855972","OXY_CH2","107.911","min","191.162","µmol/L","Humid","20.256","deg","77585","µV","30.059","°C","1015.000","hPa","35.3","pmil","0","53.237","deg","23.954","°C","100.000","%a.s.","21.023","deg","23.635","°C","1019.000","hPa","0.861","-0.02617","0.00035","0","0","13.56","Humid","28.00","0","54.00","360072.40","SABD0000000001","AAV1.0.0.11","1.1.2.0","PSt7-10","170328-007","9/30/2017 19:06:43","0000-00","0","no battery","V"
"09/09/2020","11:13:30","2","default","115855972","OXY_CH2","107.927","min","191.306","µmol/L","Humid","20.258","deg","77586","µV","30.029","°C","1015.000","hPa","35.3","pmil","0","53.237","deg","23.954","°C","100.000","%a.s.","21.023","deg","23.635","°C","1019.000","hPa","0.861","-0.02617","0.00035","0","0","13.56","Humid","28.00","0","54.00","360077.35","SABD0000000001","AAV1.0.0.11","1.1.2.0","PSt7-10","170328-007","9/30/2017 19:06:43","0000-00","0","no battery","V"
"09/09/2020","11:13:31","2","default","115855972","OXY_CH2","107.944","min","191.364","µmol/L","Humid","20.254","deg","77588","µV","30.031","°C","1015.000","hPa","35.3","pmil","0","53.237","deg","23.954","°C","100.000","%a.s.","21.023","deg","23.635","°C","1019.000","hPa","0.861","-0.02617","0.00035","0","0","13.56","Humid","28.00","0","54.00","360073.64","SABD0000000001","AAV1.0.0.11","1.1.2.0","PSt7-10","170328-007","9/30/2017 19:06:43","0000-00","0","no battery","V"
"09/09/2020","11:13:32","2","default","115855972","OXY_CH2","107.961","min","191.237","µmol/L","Humid","20.259","deg","77585","µV","30.038","°C","1015.000","hPa","35.3","pmil","0","53.237","deg","23.954","°C","100.000","%a.s.","21.023","deg","23.635","°C","1019.000","hPa","0.861","-0.02617","0.00035","0","0","13.56","Humid","28.00","0","54.00","360066.68","SABD0000000001","AAV1.0.0.11","1.1.2.0","PSt7-10","170328-007","9/30/2017 19:06:43","0000-00","0","no battery","V"
"09/09/2020","11:13:33","2","default","115855972","OXY_CH2","107.978","min","191.252","µmol/L","Humid","20.257","deg","77583","µV","30.041","°C","1015.000","hPa","35.3","pmil","0","53.237","deg","23.954","°C","100.000","%a.s.","21.023","deg","23.635","°C","1019.000","hPa","0.861","-0.02617","0.00035","0","0","13.56","Humid","28.00","0","54.00","360065.46","SABD0000000001","AAV1.0.0.11","1.1.2.0","PSt7-10","170328-007","9/30/2017 19:06:43","0000-00","0","no battery","V"
"09/09/2020","11:13:34","2","default","115855972","OXY_CH2","107.994","min","191.183","µmol/L","Humid","20.256","deg","77582","µV","30.056","°C","1015.000","hPa","35.3","pmil","0","53.237","deg","23.954","°C","100.000","%a.s.","21.023","deg","23.635","°C","1019.000","hPa","0.861","-0.02617","0.00035","0","0","13.56","Humid","28.00","0","54.00","360068.60","SABD0000000001","AAV1.0.0.11","1.1.2.0","PSt7-10","170328-007","9/30/2017 19:06:43","0000-00","0","no battery","V"
"09/09/2020","11:13:35","2","default","115855972","OXY_CH2","108.011","min","191.184","µmol/L","Humid","20.251","deg","77584","µV","30.070","°C","1015.000","hPa","35.3","pmil","0","53.237","deg","23.954","°C","100.000","%a.s.","21.023","deg","23.635","°C","1019.000","hPa","0.861","-0.02617","0.00035","0","0","13.56","Humid","28.00","0","54.00","360074.97","SABD0000000001","AAV1.0.0.11","1.1.2.0","PSt7-10","170328-007","9/30/2017 19:06:43","0000-00","0","no battery","V"
"09/09/2020","11:13:36","2","default","115855972","OXY_CH2","108.027","min","191.121","µmol/L","Humid","20.253","deg","77582","µV","30.075","°C","1015.000","hPa","35.3","pmil","0","53.237","deg","23.954","°C","100.000","%a.s.","21.023","deg","23.635","°C","1019.000","hPa","0.861","-0.02617","0.00035","0","0","13.56","Humid","28.00","0","54.00","360074.64","SABD0000000001","AAV1.0.0.11","1.1.2.0","PSt7-10","170328-007","9/30/2017 19:06:43","0000-00","0","no battery","V"
"09/09/2020","11:13:37","2","default","115855972","OXY_CH2","108.044","min","191.153","µmol/L","Humid","20.257","deg","77580","µV","30.058","°C","1015.000","hPa","35.3","pmil","0","53.237","deg","23.954","°C","100.000","%a.s.","21.023","deg","23.635","°C","1019.000","hPa","0.861","-0.02617","0.00035","0","0","13.56","Humid","28.00","0","54.00","360060.88","SABD0000000001","AAV1.0.0.11","1.1.2.0","PSt7-10","170328-007","9/30/2017 19:06:43","0000-00","0","no battery","V"
"09/09/2020","11:13:38","2","default","115855972","OXY_CH2","108.061","min","191.345","µmol/L","Humid","20.249","deg","77573","µV","30.049","°C","1015.000","hPa","35.3","pmil","0","53.237","deg","23.954","°C","100.000","%a.s.","21.023","deg","23.635","°C","1019.000","hPa","0.861","-0.02617","0.00035","0","0","13.56","Humid","28.00","0","54.00","360061.97","SABD0000000001","AAV1.0.0.11","1.1.2.0","PSt7-10","170328-007","9/30/2017 19:06:43","0000-00","0","no battery","V"
"09/09/2020","11:13:39","2","default","115855972","OXY_CH2","108.077","min","191.201","µmol/L","Humid","20.257","deg","77571","µV","30.050","°C","1015.000","hPa","35.3","pmil","0","53.237","deg","23.954","°C","100.000","%a.s.","21.023","deg","23.635","°C","1019.000","hPa","0.861","-0.02617","0.00035","0","0","13.56","Humid","28.00","0","54.00","360059.96","SABD0000000001","AAV1.0.0.11","1.1.2.0","PSt7-10","170328-007","9/30/2017 19:06:43","0000-00","0","no battery","V"
"09/09/2020","11:13:40","2","default","115855972","OXY_CH2","108.094","min","191.162","µmol/L","Humid","20.258","deg","77573","µV","30.053","°C","1015.000","hPa","35.3","pmil","0","53.237","deg","23.954","°C","100.000","%a.s.","21.023","deg","23.635","°C","1019.000","hPa","0.861","-0.02617","0.00035","0","0","13.56","Humid","28.00","0","54.00","360074.56","SABD0000000001","AAV1.0.0.11","1.1.2.0","PSt7-10","170328-007","9/30/2017 19:06:43","0000-00","0","no battery","V"
"09/09/2020","11:13:41","2","default","115855972","OXY_CH2","108.111","min","191.355","µmol/L","Humid","20.250","deg","77563","µV","30.045","°C","1015.000","hPa","35.3","pmil","0","53.237","deg","23.954","°C","100.000","%a.s.","21.023","deg","23.635","°C","1019.000","hPa","0.861","-0.02617","0.00035","0","0","13.56","Humid","28.00","0","54.00","360071.53","SABD0000000001","AAV1.0.0.11","1.1.2.0","PSt7-10","170328-007","9/30/2017 19:06:43","0000-00","0","no battery","V"
"09/09/2020","11:13:42","2","default","115855972","OXY_CH2","108.127","min","191.341","µmol/L","Humid","20.250","deg","77581","µV","30.047","°C","1015.000","hPa","35.3","pmil","0","53.237","deg","23.954","°C","100.000","%a.s.","21.023","deg","23.635","°C","1019.000","hPa","0.861","-0.02617","0.00035","0","0","13.56","Humid","28.00","0","54.00","360051.16","SABD0000000001","AAV1.0.0.11","1.1.2.0","PSt7-10","170328-007","9/30/2017 19:06:43","0000-00","0","no battery","V"
"09/09/2020","11:13:43","2","default","115855972","OXY_CH2","108.144","min","191.358","µmol/L","Humid","20.251","deg","77571","µV","30.041","°C","1015.000","hPa","35.3","pmil","0","53.237","deg","23.954","°C","100.000","%a.s.","21.023","deg","23.635","°C","1019.000","hPa","0.861","-0.02617","0.00035","0","0","13.56","Humid","28.00","0","54.00","360064.91","SABD0000000001","AAV1.0.0.11","1.1.2.0","PSt7-10","170328-007","9/30/2017 19:06:43","0000-00","0","no battery","V"
"09/09/2020","11:13:44","2","default","115855972","OXY_CH2","108.161","min","191.278","µmol/L","Humid","20.253","deg","77572","µV","30.049","°C","1015.000","hPa","35.3","pmil","0","53.237","deg","23.954","°C","100.000","%a.s.","21.023","deg","23.635","°C","1019.000","hPa","0.861","-0.02617","0.00035","0","0","13.56","Humid","28.00","0","54.00","360067.83","SABD0000000001","AAV1.0.0.11","1.1.2.0","PSt7-10","170328-007","9/30/2017 19:06:43","0000-00","0","no battery","V"
"09/09/2020","11:13:45","2","default","115855972","OXY_CH2","108.177","min","191.276","µmol/L","Humid","20.250","deg","77567","µV","30.058","°C","1015.000","hPa","35.3","pmil","0","53.237","deg","23.954","°C","100.000","%a.s.","21.023","deg","23.635","°C","1019.000","hPa","0.861","-0.02617","0.00035","0","0","13.56","Humid","28.00","0","54.00","360065.69","SABD0000000001","AAV1.0.0.11","1.1.2.0","PSt7-10","170328-007","9/30/2017 19:06:43","0000-00","0","no battery","V"
"09/09/2020","11:13:46","2","default","115855972","OXY_CH2","108.194","min","191.365","µmol/L","Humid","20.249","deg","77558","µV","30.046","°C","1015.000","hPa","35.3","pmil","0","53.237","deg","23.954","°C","100.000","%a.s.","21.023","deg","23.635","°C","1019.000","hPa","0.861","-0.02617","0.00035","0","0","13.56","Humid","28.00","0","54.00","360055.14","SABD0000000001","AAV1.0.0.11","1.1.2.0","PSt7-10","170328-007","9/30/2017 19:06:43","0000-00","0","no battery","V"
"09/09/2020","11:13:47","2","default","115855972","OXY_CH2","108.210","min","191.350","µmol/L","Humid","20.251","deg","77568","µV","30.044","°C","1016.000","hPa","35.3","pmil","0","53.237","deg","23.954","°C","100.000","%a.s.","21.023","deg","23.635","°C","1019.000","hPa","0.861","-0.02617","0.00035","0","0","13.56","Humid","28.00","0","54.00","360059.54","SABD0000000001","AAV1.0.0.11","1.1.2.0","PSt7-10","170328-007","9/30/2017 19:06:43","0000-00","0","no battery","V"
"09/09/2020","11:13:48","2","default","115855972","OXY_CH2","108.227","min","191.335","µmol/L","Humid","20.250","deg","77567","µV","30.048","°C","1015.000","hPa","35.3","pmil","0","53.237","deg","23.954","°C","100.000","%a.s.","21.023","deg","23.635","°C","1019.000","hPa","0.861","-0.02617","0.00035","0","0","13.56","Humid","28.00","0","54.00","360065.78","SABD0000000001","AAV1.0.0.11","1.1.2.0","PSt7-10","170328-007","9/30/2017 19:06:43","0000-00","0","no battery","V"
"09/09/2020","11:13:49","2","default","115855972","OXY_CH2","108.244","min","191.408","µmol/L","Humid","20.248","deg","77562","µV","30.042","°C","1015.000","hPa","35.3","pmil","0","53.237","deg","23.954","°C","100.000","%a.s.","21.023","deg","23.635","°C","1019.000","hPa","0.861","-0.02617","0.00035","0","0","13.56","Humid","28.00","0","54.00","360055.35","SABD0000000001","AAV1.0.0.11","1.1.2.0","PSt7-10","170328-007","9/30/2017 19:06:43","0000-00","0","no battery","V"
"09/09/2020","11:13:50","2","default","115855972","OXY_CH2","108.260","min","191.380","µmol/L","Humid","20.248","deg","77560","µV","30.046","°C","1015.000","hPa","35.3","pmil","0","53.237","deg","23.954","°C","100.000","%a.s.","21.023","deg","23.635","°C","1019.000","hPa","0.861","-0.02617","0.00035","0","0","13.56","Humid","28.00","0","54.00","360059.77","SABD0000000001","AAV1.0.0.11","1.1.2.0","PSt7-10","170328-007","9/30/2017 19:06:43","0000-00","0","no battery","V"
"09/09/2020","11:13:51","2","default","115855972","OXY_CH2","108.278","min","191.456","µmol/L","Humid","20.244","deg","77559","µV","30.046","°C","1015.000","hPa","35.3","pmil","0","53.237","deg","23.954","°C","100.000","%a.s.","21.023","deg","23.635","°C","1019.000","hPa","0.861","-0.02617","0.00035","0","0","13.56","Humid","28.00","0","54.00","360053.71","SABD0000000001","AAV1.0.0.11","1.1.2.0","PSt7-10","170328-007","9/30/2017 19:06:43","0000-00","0","no battery","V"
"09/09/2020","11:13:52","2","default","115855972","OXY_CH2","108.294","min","191.328","µmol/L","Humid","20.252","deg","77560","µV","30.043","°C","1015.000","hPa","35.3","pmil","0","53.237","deg","23.954","°C","100.000","%a.s.","21.023","deg","23.635","°C","1019.000","hPa","0.861","-0.02617","0.00035","0","0","13.56","Humid","28.00","0","54.00","360052.53","SABD0000000001","AAV1.0.0.11","1.1.2.0","PSt7-10","170328-007","9/30/2017 19:06:43","0000-00","0","no battery","V"
"09/09/2020","11:13:53","2","default","115855972","OXY_CH2","108.311","min","191.348","µmol/L","Humid","20.250","deg","77558","µV","30.046","°C","1015.000","hPa","35.3","pmil","0","53.237","deg","23.954","°C","100.000","%a.s.","21.023","deg","23.635","°C","1019.000","hPa","0.861","-0.02617","0.00035","0","0","13.56","Humid","28.00","0","54.00","360056.99","SABD0000000001","AAV1.0.0.11","1.1.2.0","PSt7-10","170328-007","9/30/2017 19:06:43","0000-00","0","no battery","V"
"09/09/2020","11:13:54","2","default","115855972","OXY_CH2","108.327","min","191.308","µmol/L","Humid","20.247","deg","77556","µV","30.061","°C","1015.000","hPa","35.3","pmil","0","53.237","deg","23.954","°C","100.000","%a.s.","21.023","deg","23.635","°C","1019.000","hPa","0.861","-0.02617","0.00035","0","0","13.56","Humid","28.00","0","54.00","360043.69","SABD0000000001","AAV1.0.0.11","1.1.2.0","PSt7-10","170328-007","9/30/2017 19:06:43","0000-00","0","no battery","V"
"09/09/2020","11:13:55","2","default","115855972","OXY_CH2","108.344","min","191.244","µmol/L","Humid","20.249","deg","77549","µV","30.066","°C","1015.000","hPa","35.3","pmil","0","53.237","deg","23.954","°C","100.000","%a.s.","21.023","deg","23.635","°C","1019.000","hPa","0.861","-0.02617","0.00035","0","0","13.56","Humid","28.00","0","54.00","360029.52","SABD0000000001","AAV1.0.0.11","1.1.2.0","PSt7-10","170328-007","9/30/2017 19:06:43","0000-00","0","no battery","V"
"09/09/2020","11:13:56","2","default","115855972","OXY_CH2","108.361","min","191.320","µmol/L","Humid","20.248","deg","77556","µV","30.056","°C","1015.000","hPa","35.3","pmil","0","53.237","deg","23.954","°C","100.000","%a.s.","21.023","deg","23.635","°C","1019.000","hPa","0.861","-0.02617","0.00035","0","0","13.56","Humid","28.00","0","54.00","360055.74","SABD0000000001","AAV1.0.0.11","1.1.2.0","PSt7-10","170328-007","9/30/2017 19:06:43","0000-00","0","no battery","V"
"09/09/2020","11:13:57","2","default","115855972","OXY_CH2","108.377","min","191.327","µmol/L","Humid","20.250","deg","77544","µV","30.049","°C","1015.000","hPa","35.3","pmil","0","53.237","deg","23.954","°C","100.000","%a.s.","21.023","deg","23.635","°C","1019.000","hPa","0.861","-0.02617","0.00035","0","0","13.56","Humid","28.00","0","54.00","360044.08","SABD0000000001","AAV1.0.0.11","1.1.2.0","PSt7-10","170328-007","9/30/2017 19:06:43","0000-00","0","no battery","V"
"09/09/2020","11:13:58","2","default","115855972","OXY_CH2","108.394","min","191.377","µmol/L","Humid","20.245","deg","77547","µV","30.056","°C","1015.000","hPa","35.3","pmil","0","53.237","deg","23.954","°C","100.000","%a.s.","21.023","deg","23.635","°C","1019.000","hPa","0.861","-0.02617","0.00035","0","0","13.56","Humid","28.00","0","54.00","360037.37","SABD0000000001","AAV1.0.0.11","1.1.2.0","PSt7-10","170328-007","9/30/2017 19:06:43","0000-00","0","no battery","V"
"09/09/2020","11:13:59","2","default","115855972","OXY_CH2","108.411","min","191.329","µmol/L","Humid","20.250","deg","77549","µV","30.049","°C","1015.000","hPa","35.3","pmil","0","53.237","deg","23.954","°C","100.000","%a.s.","21.023","deg","23.635","°C","1019.000","hPa","0.861","-0.02617","0.00035","0","0","13.56","Humid","28.00","0","54.00","360028.77","SABD0000000001","AAV1.0.0.11","1.1.2.0","PSt7-10","170328-007","9/30/2017 19:06:43","0000-00","0","no battery","V"
"09/09/2020","11:14:00","2","default","115855972","OXY_CH2","108.428","min","191.391","µmol/L","Humid","20.244","deg","77542","µV","30.056","°C","1015.000","hPa","35.3","pmil","0","53.237","deg","23.954","°C","100.000","%a.s.","21.023","deg","23.635","°C","1019.000","hPa","0.861","-0.02617","0.00035","0","0","13.56","Humid","28.00","0","54.00","360042.98","SABD0000000001","AAV1.0.0.11","1.1.2.0","PSt7-10","170328-007","9/30/2017 19:06:43","0000-00","0","no battery","V"
"09/09/2020","11:14:01","2","default","115855972","OXY_CH2","108.444","min","191.303","µmol/L","Humid","20.248","deg","77547","µV","30.059","°C","1015.000","hPa","35.3","pmil","0","53.237","deg","23.954","°C","100.000","%a.s.","21.023","deg","23.635","°C","1019.000","hPa","0.861","-0.02617","0.00035","0","0","13.56","Humid","28.00","0","54.00","360031.77","SABD0000000001","AAV1.0.0.11","1.1.2.0","PSt7-10","170328-007","9/30/2017 19:06:43","0000-00","0","no battery","V"
"09/09/2020","11:14:02","2","default","115855972","OXY_CH2","108.461","min","191.423","µmol/L","Humid","20.247","deg","77543","µV","30.042","°C","1015.000","hPa","35.3","pmil","0","53.237","deg","23.954","°C","100.000","%a.s.","21.023","deg","23.635","°C","1019.000","hPa","0.861","-0.02617","0.00035","0","0","13.56","Humid","28.00","0","54.00","360042.24","SABD0000000001","AAV1.0.0.11","1.1.2.0","PSt7-10","170328-007","9/30/2017 19:06:43","0000-00","0","no battery","V"
"09/09/2020","11:14:03","2","default","115855972","OXY_CH2","108.478","min","191.272","µmol/L","Humid","20.250","deg","77544","µV","30.058","°C","1015.000","hPa","35.3","pmil","0","53.237","deg","23.954","°C","100.000","%a.s.","21.023","deg","23.635","°C","1019.000","hPa","0.861","-0.02617","0.00035","0","0","13.56","Humid","28.00","0","54.00","360031.73","SABD0000000001","AAV1.0.0.11","1.1.2.0","PSt7-10","170328-007","9/30/2017 19:06:43","0000-00","0","no battery","V"
"09/09/2020","11:14:04","2","default","115855972","OXY_CH2","108.494","min","191.282","µmol/L","Humid","20.251","deg","77541","µV","30.054","°C","1015.000","hPa","35.3","pmil","0","53.237","deg","23.954","°C","100.000","%a.s.","21.023","deg","23.635","°C","1019.000","hPa","0.861","-0.02617","0.00035","0","0","13.56","Humid","28.00","0","54.00","360039.41","SABD0000000001","AAV1.0.0.11","1.1.2.0","PSt7-10","170328-007","9/30/2017 19:06:43","0000-00","0","no battery","V"
"09/09/2020","11:14:05","2","default","115855972","OXY_CH2","108.511","min","191.424","µmol/L","Humid","20.244","deg","77540","µV","30.051","°C","1015.000","hPa","35.3","pmil","0","53.237","deg","23.954","°C","100.000","%a.s.","21.023","deg","23.635","°C","1019.000","hPa","0.861","-0.02617","0.00035","0","0","13.56","Humid","28.00","0","54.00","360046.45","SABD0000000001","AAV1.0.0.11","1.1.2.0","PSt7-10","170328-007","9/30/2017 19:06:43","0000-00","0","no battery","V"
"09/09/2020","11:14:06","2","default","115855972","OXY_CH2","108.527","min","191.435","µmol/L","Humid","20.248","deg","77538","µV","30.037","°C","1015.000","hPa","35.3","pmil","0","53.237","deg","23.954","°C","100.000","%a.s.","21.023","deg","23.635","°C","1019.000","hPa","0.861","-0.02617","0.00035","0","0","13.56","Humid","28.00","0","54.00","360039.60","SABD0000000001","AAV1.0.0.11","1.1.2.0","PSt7-10","170328-007","9/30/2017 19:06:43","0000-00","0","no battery","V"
"09/09/2020","11:14:07","2","default","115855972","OXY_CH2","108.544","min","191.331","µmol/L","Humid","20.249","deg","77542","µV","30.051","°C","1015.000","hPa","35.3","pmil","0","53.237","deg","23.954","°C","100.000","%a.s.","21.023","deg","23.635","°C","1019.000","hPa","0.861","-0.02617","0.00035","0","0","13.56","Humid","28.00","0","54.00","360030.56","SABD0000000001","AAV1.0.0.11","1.1.2.0","PSt7-10","170328-007","9/30/2017 19:06:43","0000-00","0","no battery","V"
"09/09/2020","11:14:08","2","default","115855972","OXY_CH2","108.561","min","191.472","µmol/L","Humid","20.246","deg","77533","µV","30.037","°C","1015.000","hPa","35.3","pmil","0","53.237","deg","23.954","°C","100.000","%a.s.","21.023","deg","23.635","°C","1019.000","hPa","0.861","-0.02617","0.00035","0","0","13.56","Humid","28.00","0","54.00","360026.89","SABD0000000001","AAV1.0.0.11","1.1.2.0","PSt7-10","170328-007","9/30/2017 19:06:43","0000-00","0","no battery","V"
"09/09/2020","11:14:09","2","default","115855972","OXY_CH2","108.578","min","191.441","µmol/L","Humid","20.242","deg","77536","µV","30.054","°C","1015.000","hPa","35.3","pmil","0","53.237","deg","23.954","°C","100.000","%a.s.","21.023","deg","23.635","°C","1019.000","hPa","0.861","-0.02617","0.00035","0","0","13.56","Humid","28.00","0","54.00","360041.97","SABD0000000001","AAV1.0.0.11","1.1.2.0","PSt7-10","170328-007","9/30/2017 19:06:43","0000-00","0","no battery","V"
"09/09/2020","11:14:10","2","default","115855972","OXY_CH2","108.594","min","191.439","µmol/L","Humid","20.242","deg","77525","µV","30.054","°C","1015.000","hPa","35.3","pmil","0","53.237","deg","23.954","°C","100.000","%a.s.","21.023","deg","23.635","°C","1019.000","hPa","0.861","-0.02617","0.00035","0","0","13.56","Humid","28.00","0","54.00","360033.04","SABD0000000001","AAV1.0.0.11","1.1.2.0","PSt7-10","170328-007","9/30/2017 19:06:43","0000-00","0","no battery","V"
"09/09/2020","11:14:11","2","default","115855972","OXY_CH2","108.611","min","191.495","µmol/L","Humid","20.247","deg","77531","µV","30.030","°C","1015.000","hPa","35.3","pmil","0","53.237","deg","23.954","°C","100.000","%a.s.","21.023","deg","23.635","°C","1019.000","hPa","0.861","-0.02617","0.00035","0","0","13.56","Humid","28.00","0","54.00","360029.31","SABD0000000001","AAV1.0.0.11","1.1.2.0","PSt7-10","170328-007","9/30/2017 19:06:43","0000-00","0","no battery","V"
"09/09/2020","11:14:12","2","default","115855972","OXY_CH2","108.627","min","191.339","µmol/L","Humid","20.248","deg","77528","µV","30.053","°C","1015.000","hPa","35.3","pmil","0","53.237","deg","23.954","°C","100.000","%a.s.","21.023","deg","23.635","°C","1019.000","hPa","0.861","-0.02617","0.00035","0","0","13.56","Humid","28.00","0","54.00","360032.40","SABD0000000001","AAV1.0.0.11","1.1.2.0","PSt7-10","170328-007","9/30/2017 19:06:43","0000-00","0","no battery","V"
"09/09/2020","11:14:13","2","default","115855972","OXY_CH2","108.644","min","191.425","µmol/L","Humid","20.243","deg","77529","µV","30.053","°C","1015.000","hPa","35.3","pmil","0","53.237","deg","23.954","°C","100.000","%a.s.","21.023","deg","23.635","°C","1019.000","hPa","0.861","-0.02617","0.00035","0","0","13.56","Humid","28.00","0","54.00","360039.79","SABD0000000001","AAV1.0.0.11","1.1.2.0","PSt7-10","170328-007","9/30/2017 19:06:43","0000-00","0","no battery","V"
"09/09/2020","11:14:14","2","default","115855972","OXY_CH2","108.660","min","191.380","µmol/L","Humid","20.247","deg","77529","µV","30.049","°C","1015.000","hPa","35.3","pmil","0","53.237","deg","23.954","°C","100.000","%a.s.","21.023","deg","23.635","°C","1019.000","hPa","0.861","-0.02617","0.00035","0","0","13.56","Humid","28.00","0","54.00","360023.17","SABD0000000001","AAV1.0.0.11","1.1.2.0","PSt7-10","170328-007","9/30/2017 19:06:43","0000-00","0","no battery","V"
"09/09/2020","11:14:15","2","default","115855972","OXY_CH2","108.678","min","191.458","µmol/L","Humid","20.242","deg","77530","µV","30.051","°C","1015.000","hPa","35.3","pmil","0","53.237","deg","23.954","°C","100.000","%a.s.","21.023","deg","23.635","°C","1019.000","hPa","0.861","-0.02617","0.00035","0","0","13.56","Humid","28.00","0","54.00","360048.99","SABD0000000001","AAV1.0.0.11","1.1.2.0","PSt7-10","170328-007","9/30/2017 19:06:43","0000-00","0","no battery","V"
"09/09/2020","11:14:16","2","default","115855972","OXY_CH2","108.694","min","191.309","µmol/L","Humid","20.248","deg","77526","µV","30.058","°C","1015.000","hPa","35.3","pmil","0","53.237","deg","23.954","°C","100.000","%a.s.","21.023","deg","23.635","°C","1019.000","hPa","0.861","-0.02617","0.00035","0","0","13.56","Humid","28.00","0","54.00","360027.81","SABD0000000001","AAV1.0.0.11","1.1.2.0","PSt7-10","170328-007","9/30/2017 19:06:43","0000-00","0","no battery","V"
"09/09/2020","11:14:17","2","default","115855972","OXY_CH2","108.711","min","191.343","µmol/L","Humid","20.244","deg","77525","µV","30.064","°C","1015.000","hPa","35.3","pmil","0","53.237","deg","23.954","°C","100.000","%a.s.","21.023","deg","23.635","°C","1019.000","hPa","0.861","-0.02617","0.00035","0","0","13.56","Humid","28.00","0","54.00","360032.87","SABD0000000001","AAV1.0.0.11","1.1.2.0","PSt7-10","170328-007","9/30/2017 19:06:43","0000-00","0","no battery","V"
"09/09/2020","11:14:18","2","default","115855972","OXY_CH2","108.727","min","191.340","µmol/L","Humid","20.246","deg","77520","µV","30.059","°C","1015.000","hPa","35.3","pmil","0","53.237","deg","23.954","°C","100.000","%a.s.","21.023","deg","23.635","°C","1019.000","hPa","0.861","-0.02617","0.00035","0","0","13.56","Humid","28.00","0","54.00","360012.82","SABD0000000001","AAV1.0.0.11","1.1.2.0","PSt7-10","170328-007","9/30/2017 19:06:43","0000-00","0","no battery","V"
"09/09/2020","11:14:19","2","default","115855972","OXY_CH2","108.744","min","191.441","µmol/L","Humid","20.245","deg","77524","µV","30.045","°C","1015.000","hPa","35.3","pmil","0","53.237","deg","23.954","°C","100.000","%a.s.","21.023","deg","23.635","°C","1019.000","hPa","0.861","-0.02617","0.00035","0","0","13.56","Humid","28.00","0","54.00","360021.68","SABD0000000001","AAV1.0.0.11","1.1.2.0","PSt7-10","170328-007","9/30/2017 19:06:43","0000-00","0","no battery","V"
"09/09/2020","11:14:20","2","default","115855972","OXY_CH2","108.761","min","191.355","µmol/L","Humid","20.245","deg","77521","µV","30.059","°C","1015.000","hPa","35.3","pmil","0","53.237","deg","23.954","°C","100.000","%a.s.","21.023","deg","23.635","°C","1019.000","hPa","0.861","-0.02617","0.00035","0","0","13.56","Humid","28.00","0","54.00","360019.81","SABD0000000001","AAV1.0.0.11","1.1.2.0","PSt7-10","170328-007","9/30/2017 19:06:43","0000-00","0","no battery","V"
"09/09/2020","11:14:21","2","default","115855972","OXY_CH2","108.777","min","191.257","µmol/L","Humid","20.250","deg","77516","µV","30.061","°C","1015.000","hPa","35.3","pmil","0","53.237","deg","23.954","°C","100.000","%a.s.","21.023","deg","23.635","°C","1019.000","hPa","0.861","-0.02617","0.00035","0","0","13.56","Humid","28.00","0","54.00","360022.34","SABD0000000001","AAV1.0.0.11","1.1.2.0","PSt7-10","170328-007","9/30/2017 19:06:43","0000-00","0","no battery","V"
"09/09/2020","11:14:22","2","default","115855972","OXY_CH2","108.794","min","191.483","µmol/L","Humid","20.242","deg","77517","µV","30.047","°C","1015.000","hPa","35.3","pmil","0","53.237","deg","23.954","°C","100.000","%a.s.","21.023","deg","23.635","°C","1019.000","hPa","0.861","-0.02617","0.00035","0","0","13.56","Humid","28.00","0","54.00","360003.78","SABD0000000001","AAV1.0.0.11","1.1.2.0","PSt7-10","170328-007","9/30/2017 19:06:43","0000-00","0","no battery","V"
"09/09/2020","11:14:23","2","default","115855972","OXY_CH2","108.811","min","191.474","µmol/L","Humid","20.244","deg","77519","µV","30.043","°C","1015.000","hPa","35.3","pmil","0","53.237","deg","23.954","°C","100.000","%a.s.","21.023","deg","23.635","°C","1019.000","hPa","0.861","-0.02617","0.00035","0","0","13.56","Humid","28.00","0","54.00","360021.04","SABD0000000001","AAV1.0.0.11","1.1.2.0","PSt7-10","170328-007","9/30/2017 19:06:43","0000-00","0","no battery","V"
"09/09/2020","11:14:24","2","default","115855972","OXY_CH2","108.828","min","191.445","µmol/L","Humid","20.245","deg","77515","µV","30.044","°C","1015.000","hPa","35.3","pmil","0","53.237","deg","23.954","°C","100.000","%a.s.","21.023","deg","23.635","°C","1019.000","hPa","0.861","-0.02617","0.00035","0","0","13.56","Humid","28.00","0","54.00","360039.66","SABD0000000001","AAV1.0.0.11","1.1.2.0","PSt7-10","170328-007","9/30/2017 19:06:43","0000-00","0","no battery","V"
"09/09/2020","11:14:25","2","default","115855972","OXY_CH2","108.844","min","191.621","µmol/L","Humid","20.240","deg","77513","µV","30.030","°C","1015.000","hPa","35.3","pmil","0","53.237","deg","23.954","°C","100.000","%a.s.","21.023","deg","23.635","°C","1019.000","hPa","0.861","-0.02617","0.00035","0","0","13.56","Humid","28.00","0","54.00","360028.36","SABD0000000001","AAV1.0.0.11","1.1.2.0","PSt7-10","170328-007","9/30/2017 19:06:43","0000-00","0","no battery","V"
"09/09/2020","11:14:26","2","default","115855972","OXY_CH2","108.861","min","191.422","µmol/L","Humid","20.245","deg","77511","µV","30.048","°C","1015.000","hPa","35.3","pmil","0","53.237","deg","23.954","°C","100.000","%a.s.","21.023","deg","23.635","°C","1019.000","hPa","0.861","-0.02617","0.00035","0","0","13.56","Humid","28.00","0","54.00","360024.24","SABD0000000001","AAV1.0.0.11","1.1.2.0","PSt7-10","170328-007","9/30/2017 19:06:43","0000-00","0","no battery","V"
"09/09/2020","11:14:27","2","default","115855972","OXY_CH2","108.877","min","191.554","µmol/L","Humid","20.239","deg","77514","µV","30.044","°C","1015.000","hPa","35.3","pmil","0","53.237","deg","23.954","°C","100.000","%a.s.","21.023","deg","23.635","°C","1019.000","hPa","0.861","-0.02617","0.00035","0","0","13.56","Humid","28.00","0","54.00","360013.39","SABD0000000001","AAV1.0.0.11","1.1.2.0","PSt7-10","170328-007","9/30/2017 19:06:43","0000-00","0","no battery","V"
"09/09/2020","11:14:28","2","default","115855972","OXY_CH2","108.894","min","191.536","µmol/L","Humid","20.238","deg","77514","µV","30.050","°C","1015.000","hPa","35.3","pmil","0","53.237","deg","23.954","°C","100.000","%a.s.","21.023","deg","23.635","°C","1019.000","hPa","0.861","-0.02617","0.00035","0","0","13.56","Humid","28.00","0","54.00","360033.51","SABD0000000001","AAV1.0.0.11","1.1.2.0","PSt7-10","170328-007","9/30/2017 19:06:43","0000-00","0","no battery","V"
"09/09/2020","11:14:29","2","default","115855972","OXY_CH2","108.910","min","191.550","µmol/L","Humid","20.241","deg","77517","µV","30.039","°C","1015.000","hPa","35.3","pmil","0","53.237","deg","23.954","°C","100.000","%a.s.","21.023","deg","23.635","°C","1019.000","hPa","0.861","-0.02617","0.00035","0","0","13.56","Humid","28.00","0","54.00","360024.69","SABD0000000001","AAV1.0.0.11","1.1.2.0","PSt7-10","170328-007","9/30/2017 19:06:43","0000-00","0","no battery","V"
"09/09/2020","11:14:30","2","default","115855972","OXY_CH2","108.927","min","191.656","µmol/L","Humid","20.237","deg","77514","µV","30.033","°C","1015.000","hPa","35.3","pmil","0","53.237","deg","23.954","°C","100.000","%a.s.","21.023","deg","23.635","°C","1019.000","hPa","0.861","-0.02617","0.00035","0","0","13.56","Humid","28.00","0","54.00","360021.46","SABD0000000001","AAV1.0.0.11","1.1.2.0","PSt7-10","170328-007","9/30/2017 19:06:43","0000-00","0","no battery","V"
"09/09/2020","11:14:31","2","default","115855972","OXY_CH2","108.944","min","191.412","µmol/L","Humid","20.243","deg","77517","µV","30.056","°C","1015.000","hPa","35.3","pmil","0","53.237","deg","23.954","°C","100.000","%a.s.","21.023","deg","23.635","°C","1019.000","hPa","0.861","-0.02617","0.00035","0","0","13.56","Humid","28.00","0","54.00","360020.18","SABD0000000001","AAV1.0.0.11","1.1.2.0","PSt7-10","170328-007","9/30/2017 19:06:43","0000-00","0","no battery","V"
"09/09/2020","11:14:32","2","default","115855972","OXY_CH2","108.960","min","191.505","µmol/L","Humid","20.236","deg","77504","µV","30.061","°C","1015.000","hPa","35.3","pmil","0","53.237","deg","23.954","°C","100.000","%a.s.","21.023","deg","23.635","°C","1019.000","hPa","0.861","-0.02617","0.00035","0","0","13.56","Humid","28.00","0","54.00","360015.33","SABD0000000001","AAV1.0.0.11","1.1.2.0","PSt7-10","170328-007","9/30/2017 19:06:43","0000-00","0","no battery","V"
"09/09/2020","11:14:33","2","default","115855972","OXY_CH2","108.977","min","191.449","µmol/L","Humid","20.240","deg","77508","µV","30.058","°C","1015.000","hPa","35.3","pmil","0","53.237","deg","23.954","°C","100.000","%a.s.","21.023","deg","23.635","°C","1019.000","hPa","0.861","-0.02617","0.00035","0","0","13.56","Humid","28.00","0","54.00","360020.29","SABD0000000001","AAV1.0.0.11","1.1.2.0","PSt7-10","170328-007","9/30/2017 19:06:43","0000-00","0","no battery","V"
"09/09/2020","11:14:34","2","default","115855972","OXY_CH2","108.994","min","191.491","µmol/L","Humid","20.243","deg","77514","µV","30.043","°C","1015.000","hPa","35.3","pmil","0","53.237","deg","23.954","°C","100.000","%a.s.","21.023","deg","23.635","°C","1019.000","hPa","0.861","-0.02617","0.00035","0","0","13.56","Humid","28.00","0","54.00","360022.56","SABD0000000001","AAV1.0.0.11","1.1.2.0","PSt7-10","170328-007","9/30/2017 19:06:43","0000-00","0","no battery","V"
"09/09/2020","11:14:35","2","default","115855972","OXY_CH2","109.011","min","191.588","µmol/L","Humid","20.235","deg","77507","µV","30.050","°C","1015.000","hPa","35.3","pmil","0","53.237","deg","23.954","°C","100.000","%a.s.","21.023","deg","23.635","°C","1019.000","hPa","0.861","-0.02617","0.00035","0","0","13.56","Humid","28.00","0","54.00","360012.50","SABD0000000001","AAV1.0.0.11","1.1.2.0","PSt7-10","170328-007","9/30/2017 19:06:43","0000-00","0","no battery","V"
"09/09/2020","11:14:36","2","default","115855972","OXY_CH2","109.027","min","191.467","µmol/L","Humid","20.239","deg","77511","µV","30.058","°C","1015.000","hPa","35.3","pmil","0","53.237","deg","23.954","°C","100.000","%a.s.","21.023","deg","23.635","°C","1019.000","hPa","0.861","-0.02617","0.00035","0","0","13.56","Humid","28.00","0","54.00","360011.74","SABD0000000001","AAV1.0.0.11","1.1.2.0","PSt7-10","170328-007","9/30/2017 19:06:43","0000-00","0","no battery","V"
"09/09/2020","11:14:37","2","default","115855972","OXY_CH2","109.044","min","191.493","µmol/L","Humid","20.238","deg","77507","µV","30.057","°C","1015.000","hPa","35.3","pmil","0","53.237","deg","23.954","°C","100.000","%a.s.","21.023","deg","23.635","°C","1019.000","hPa","0.861","-0.02617","0.00035","0","0","13.56","Humid","28.00","0","54.00","360003.44","SABD0000000001","AAV1.0.0.11","1.1.2.0","PSt7-10","170328-007","9/30/2017 19:06:43","0000-00","0","no battery","V"
"09/09/2020","11:14:38","2","default","115855972","OXY_CH2","109.061","min","191.530","µmol/L","Humid","20.237","deg","77504","µV","30.054","°C","1015.000","hPa","35.3","pmil","0","53.237","deg","23.954","°C","100.000","%a.s.","21.023","deg","23.635","°C","1019.000","hPa","0.861","-0.02617","0.00035","0","0","13.56","Humid","28.00","0","54.00","360005.84","SABD0000000001","AAV1.0.0.11","1.1.2.0","PSt7-10","170328-007","9/30/2017 19:06:43","0000-00","0","no battery","V"
"09/09/2020","11:14:39","2","default","115855972","OXY_CH2","109.077","min","191.488","µmol/L","Humid","20.240","deg","77497","µV","30.052","°C","1015.000","hPa","35.3","pmil","0","53.237","deg","23.954","°C","100.000","%a.s.","21.023","deg","23.635","°C","1019.000","hPa","0.861","-0.02617","0.00035","0","0","13.56","Humid","28.00","0","54.00","360003.93","SABD0000000001","AAV1.0.0.11","1.1.2.0","PSt7-10","170328-007","9/30/2017 19:06:43","0000-00","0","no battery","V"
"09/09/2020","11:14:40","2","default","115855972","OXY_CH2","109.094","min","191.373","µmol/L","Humid","20.244","deg","77502","µV","30.059","°C","1015.000","hPa","35.3","pmil","0","53.237","deg","23.954","°C","100.000","%a.s.","21.023","deg","23.635","°C","1019.000","hPa","0.861","-0.02617","0.00035","0","0","13.56","Humid","28.00","0","54.00","359993.62","SABD0000000001","AAV1.0.0.11","1.1.2.0","PSt7-10","170328-007","9/30/2017 19:06:43","0000-00","0","no battery","V"
"09/09/2020","11:14:41","2","default","115855972","OXY_CH2","109.111","min","191.426","µmol/L","Humid","20.242","deg","77500","µV","30.056","°C","1015.000","hPa","35.3","pmil","0","53.237","deg","23.954","°C","100.000","%a.s.","21.023","deg","23.635","°C","1019.000","hPa","0.861","-0.02617","0.00035","0","0","13.56","Humid","28.00","0","54.00","360008.99","SABD0000000001","AAV1.0.0.11","1.1.2.0","PSt7-10","170328-007","9/30/2017 19:06:43","0000-00","0","no battery","V"
"09/09/2020","11:14:42","2","default","115855972","OXY_CH2","109.127","min","191.526","µmol/L","Humid","20.238","deg","77499","µV","30.051","°C","1015.000","hPa","35.3","pmil","0","53.237","deg","23.954","°C","100.000","%a.s.","21.023","deg","23.635","°C","1019.000","hPa","0.861","-0.02617","0.00035","0","0","13.56","Humid","28.00","0","54.00","359998.04","SABD0000000001","AAV1.0.0.11","1.1.2.0","PSt7-10","170328-007","9/30/2017 19:06:43","0000-00","0","no battery","V"
"09/09/2020","11:14:43","2","default","115855972","OXY_CH2","109.144","min","191.554","µmol/L","Humid","20.237","deg","77499","µV","30.050","°C","1015.000","hPa","35.3","pmil","0","53.237","deg","23.954","°C","100.000","%a.s.","21.023","deg","23.635","°C","1019.000","hPa","0.861","-0.02617","0.00035","0","0","13.56","Humid","28.00","0","54.00","360001.56","SABD0000000001","AAV1.0.0.11","1.1.2.0","PSt7-10","170328-007","9/30/2017 19:06:43","0000-00","0","no battery","V"
"09/09/2020","11:14:44","2","default","115855972","OXY_CH2","109.161","min","191.485","µmol/L","Humid","20.240","deg","77497","µV","30.052","°C","1015.000","hPa","35.3","pmil","0","53.237","deg","23.954","°C","100.000","%a.s.","21.023","deg","23.635","°C","1019.000","hPa","0.861","-0.02617","0.00035","0","0","13.56","Humid","28.00","0","54.00","360015.04","SABD0000000001","AAV1.0.0.11","1.1.2.0","PSt7-10","170328-007","9/30/2017 19:06:43","0000-00","0","no battery","V"
"09/09/2020","11:14:45","2","default","115855972","OXY_CH2","109.177","min","191.527","µmol/L","Humid","20.238","deg","77492","µV","30.051","°C","1015.000","hPa","35.3","pmil","0","53.237","deg","23.954","°C","100.000","%a.s.","21.023","deg","23.635","°C","1019.000","hPa","0.861","-0.02617","0.00035","0","0","13.56","Humid","28.00","0","54.00","359992.18","SABD0000000001","AAV1.0.0.11","1.1.2.0","PSt7-10","170328-007","9/30/2017 19:06:43","0000-00","0","no battery","V"
"09/09/2020","11:14:46","2","default","115855972","OXY_CH2","109.194","min","191.639","µmol/L","Humid","20.235","deg","77500","µV","30.042","°C","1015.000","hPa","35.3","pmil","0","53.237","deg","23.954","°C","100.000","%a.s.","21.023","deg","23.635","°C","1019.000","hPa","0.861","-0.02617","0.00035","0","0","13.56","Humid","28.00","0","54.00","360002.97","SABD0000000001","AAV1.0.0.11","1.1.2.0","PSt7-10","170328-007","9/30/2017 19:06:43","0000-00","0","no battery","V"
"09/09/2020","11:14:47","2","default","115855972","OXY_CH2","109.211","min","191.633","µmol/L","Humid","20.237","deg","77497","µV","30.037","°C","1015.000","hPa","35.3","pmil","0","53.237","deg","23.954","°C","100.000","%a.s.","21.023","deg","23.635","°C","1019.000","hPa","0.861","-0.02617","0.00035","0","0","13.56","Humid","28.00","0","54.00","360004.07","SABD0000000001","AAV1.0.0.11","1.1.2.0","PSt7-10","170328-007","9/30/2017 19:06:43","0000-00","0","no battery","V"
"09/09/2020","11:14:48","2","default","115855972","OXY_CH2","109.227","min","191.711","µmol/L","Humid","20.233","deg","77499","µV","30.036","°C","1015.000","hPa","35.3","pmil","0","53.237","deg","23.954","°C","100.000","%a.s.","21.023","deg","23.635","°C","1019.000","hPa","0.861","-0.02617","0.00035","0","0","13.56","Humid","28.00","0","54.00","360001.83","SABD0000000001","AAV1.0.0.11","1.1.2.0","PSt7-10","170328-007","9/30/2017 19:06:43","0000-00","0","no battery","V"
"09/09/2020","11:14:49","2","default","115855972","OXY_CH2","109.244","min","191.643","µmol/L","Humid","20.239","deg","77500","µV","30.029","°C","1015.000","hPa","35.3","pmil","0","53.237","deg","23.954","°C","100.000","%a.s.","21.023","deg","23.635","°C","1019.000","hPa","0.861","-0.02617","0.00035","0","0","13.56","Humid","28.00","0","54.00","360008.56","SABD0000000001","AAV1.0.0.11","1.1.2.0","PSt7-10","170328-007","9/30/2017 19:06:43","0000-00","0","no battery","V"
"09/09/2020","11:14:50","2","default","115855972","OXY_CH2","109.260","min","191.568","µmol/L","Humid","20.240","deg","77488","µV","30.039","°C","1015.000","hPa","35.3","pmil","0","53.237","deg","23.954","°C","100.000","%a.s.","21.023","deg","23.635","°C","1019.000","hPa","0.861","-0.02617","0.00035","0","0","13.56","Humid","28.00","0","54.00","360004.81","SABD0000000001","AAV1.0.0.11","1.1.2.0","PSt7-10","170328-007","9/30/2017 19:06:43","0000-00","0","no battery","V"
"09/09/2020","11:14:51","2","default","115855972","OXY_CH2","109.277","min","191.566","µmol/L","Humid","20.233","deg","77488","µV","30.059","°C","1015.000","hPa","35.3","pmil","0","53.237","deg","23.954","°C","100.000","%a.s.","21.023","deg","23.635","°C","1019.000","hPa","0.861","-0.02617","0.00035","0","0","13.56","Humid","28.00","0","54.00","360000.73","SABD0000000001","AAV1.0.0.11","1.1.2.0","PSt7-10","170328-007","9/30/2017 19:06:43","0000-00","0","no battery","V"
"09/09/2020","11:14:52","2","default","115855972","OXY_CH2","109.294","min","191.456","µmol/L","Humid","20.238","deg","77489","µV","30.063","°C","1015.000","hPa","35.3","pmil","0","53.237","deg","23.954","°C","100.000","%a.s.","21.023","deg","23.635","°C","1019.000","hPa","0.861","-0.02617","0.00035","0","0","13.56","Humid","28.00","0","54.00","360007.04","SABD0000000001","AAV1.0.0.11","1.1.2.0","PSt7-10","170328-007","9/30/2017 19:06:43","0000-00","0","no battery","V"
"09/09/2020","11:14:53","2","default","115855972","OXY_CH2","109.311","min","191.519","µmol/L","Humid","20.239","deg","77490","µV","30.050","°C","1015.000","hPa","35.3","pmil","0","53.237","deg","23.954","°C","100.000","%a.s.","21.023","deg","23.635","°C","1019.000","hPa","0.861","-0.02617","0.00035","0","0","13.56","Humid","28.00","0","54.00","360002.75","SABD0000000001","AAV1.0.0.11","1.1.2.0","PSt7-10","170328-007","9/30/2017 19:06:43","0000-00","0","no battery","V"
"09/09/2020","11:14:54","2","default","115855972","OXY_CH2","109.328","min","191.524","µmol/L","Humid","20.237","deg","77485","µV","30.055","°C","1015.000","hPa","35.3","pmil","0","53.237","deg","23.954","°C","100.000","%a.s.","21.023","deg","23.635","°C","1019.000","hPa","0.861","-0.02617","0.00035","0","0","13.56","Humid","28.00","0","54.00","359984.89","SABD0000000001","AAV1.0.0.11","1.1.2.0","PSt7-10","170328-007","9/30/2017 19:06:43","0000-00","0","no battery","V"
"09/09/2020","11:14:55","2","default","115855972","OXY_CH2","109.344","min","191.557","µmol/L","Humid","20.236","deg","77487","µV","30.052","°C","1015.000","hPa","35.3","pmil","0","53.237","deg","23.954","°C","100.000","%a.s.","21.023","deg","23.635","°C","1019.000","hPa","0.861","-0.02617","0.00035","0","0","13.56","Humid","28.00","0","54.00","359989.64","SABD0000000001","AAV1.0.0.11","1.1.2.0","PSt7-10","170328-007","9/30/2017 19:06:43","0000-00","0","no battery","V"
"09/09/2020","11:14:56","2","default","115855972","OXY_CH2","109.361","min","191.622","µmol/L","Humid","20.235","deg","77489","µV","30.044","°C","1015.000","hPa","35.3","pmil","0","53.237","deg","23.954","°C","100.000","%a.s.","21.023","deg","23.635","°C","1019.000","hPa","0.861","-0.02617","0.00035","0","0","13.56","Humid","28.00","0","54.00","359991.71","SABD0000000001","AAV1.0.0.11","1.1.2.0","PSt7-10","170328-007","9/30/2017 19:06:43","0000-00","0","no battery","V"
"09/09/2020","11:14:57","2","default","115855972","OXY_CH2","109.378","min","191.624","µmol/L","Humid","20.234","deg","77486","µV","30.047","°C","1015.000","hPa","35.3","pmil","0","53.237","deg","23.954","°C","100.000","%a.s.","21.023","deg","23.635","°C","1019.000","hPa","0.861","-0.02617","0.00035","0","0","13.56","Humid","28.00","0","54.00","359995.01","SABD0000000001","AAV1.0.0.11","1.1.2.0","PSt7-10","170328-007","9/30/2017 19:06:43","0000-00","0","no battery","V"
"09/09/2020","11:14:58","2","default","115855972","OXY_CH2","109.394","min","191.602","µmol/L","Humid","20.235","deg","77481","µV","30.048","°C","1015.000","hPa","35.3","pmil","0","53.237","deg","23.954","°C","100.000","%a.s.","21.023","deg","23.635","°C","1019.000","hPa","0.861","-0.02617","0.00035","0","0","13.56","Humid","28.00","0","54.00","359988.52","SABD0000000001","AAV1.0.0.11","1.1.2.0","PSt7-10","170328-007","9/30/2017 19:06:43","0000-00","0","no battery","V"
"09/09/2020","11:14:59","2","default","115855972","OXY_CH2","109.411","min","191.654","µmol/L","Humid","20.233","deg","77483","µV","30.045","°C","1015.000","hPa","35.3","pmil","0","53.237","deg","23.954","°C","100.000","%a.s.","21.023","deg","23.635","°C","1019.000","hPa","0.861","-0.02617","0.00035","0","0","13.56","Humid","28.00","0","54.00","359998.07","SABD0000000001","AAV1.0.0.11","1.1.2.0","PSt7-10","170328-007","9/30/2017 19:06:43","0000-00","0","no battery","V"
"09/09/2020","11:15:00","2","default","115855972","OXY_CH2","109.428","min","191.636","µmol/L","Humid","20.234","deg","77475","µV","30.045","°C","1015.000","hPa","35.3","pmil","0","53.237","deg","23.954","°C","100.000","%a.s.","21.023","deg","23.635","°C","1019.000","hPa","0.861","-0.02617","0.00035","0","0","13.56","Humid","28.00","0","54.00","359993.27","SABD0000000001","AAV1.0.0.11","1.1.2.0","PSt7-10","170328-007","9/30/2017 19:06:43","0000-00","0","no battery","V"
"09/09/2020","11:15:01","2","default","115855972","OXY_CH2","109.444","min","191.608","µmol/L","Humid","20.232","deg","77476","µV","30.056","°C","1015.000","hPa","35.3","pmil","0","53.237","deg","23.954","°C","100.000","%a.s.","21.023","deg","23.635","°C","1019.000","hPa","0.861","-0.02617","0.00035","0","0","13.56","Humid","28.00","0","54.00","359986.05","SABD0000000001","AAV1.0.0.11","1.1.2.0","PSt7-10","170328-007","9/30/2017 19:06:43","0000-00","0","no battery","V"
"09/09/2020","11:15:02","2","default","115855972","OXY_CH2","109.461","min","191.631","µmol/L","Humid","20.233","deg","77475","µV","30.049","°C","1015.000","hPa","35.3","pmil","0","53.237","deg","23.954","°C","100.000","%a.s.","21.023","deg","23.635","°C","1019.000","hPa","0.861","-0.02617","0.00035","0","0","13.56","Humid","28.00","0","54.00","359985.25","SABD0000000001","AAV1.0.0.11","1.1.2.0","PSt7-10","170328-007","9/30/2017 19:06:43","0000-00","0","no battery","V"
"09/09/2020","11:15:03","2","default","115855972","OXY_CH2","109.478","min","191.575","µmol/L","Humid","20.235","deg","77478","µV","30.052","°C","1015.000","hPa","35.3","pmil","0","53.237","deg","23.954","°C","100.000","%a.s.","21.023","deg","23.635","°C","1019.000","hPa","0.861","-0.02617","0.00035","0","0","13.56","Humid","28.00","0","54.00","359991.81","SABD0000000001","AAV1.0.0.11","1.1.2.0","PSt7-10","170328-007","9/30/2017 19:06:43","0000-00","0","no battery","V"
"09/09/2020","11:15:04","2","default","115855972","OXY_CH2","109.494","min","191.620","µmol/L","Humid","20.237","deg","77475","µV","30.039","°C","1015.000","hPa","35.3","pmil","0","53.237","deg","23.954","°C","100.000","%a.s.","21.023","deg","23.635","°C","1019.000","hPa","0.861","-0.02617","0.00035","0","0","13.56","Humid","28.00","0","54.00","359990.68","SABD0000000001","AAV1.0.0.11","1.1.2.0","PSt7-10","170328-007","9/30/2017 19:06:43","0000-00","0","no battery","V"
"09/09/2020","11:15:05","2","default","115855972","OXY_CH2","109.511","min","191.508","µmol/L","Humid","20.238","deg","77471","µV","30.054","°C","1015.000","hPa","35.3","pmil","0","53.237","deg","23.954","°C","100.000","%a.s.","21.023","deg","23.635","°C","1019.000","hPa","0.861","-0.02617","0.00035","0","0","13.56","Humid","28.00","0","54.00","359999.68","SABD0000000001","AAV1.0.0.11","1.1.2.0","PSt7-10","170328-007","9/30/2017 19:06:43","0000-00","0","no battery","V"
"09/09/2020","11:15:06","2","default","115855972","OXY_CH2","109.527","min","191.594","µmol/L","Humid","20.232","deg","77478","µV","30.058","°C","1015.000","hPa","35.3","pmil","0","53.237","deg","23.954","°C","100.000","%a.s.","21.023","deg","23.635","°C","1019.000","hPa","0.861","-0.02617","0.00035","0","0","13.56","Humid","28.00","0","54.00","359980.44","SABD0000000001","AAV1.0.0.11","1.1.2.0","PSt7-10","170328-007","9/30/2017 19:06:43","0000-00","0","no battery","V"
"09/09/2020","11:15:07","2","default","115855972","OXY_CH2","109.544","min","191.705","µmol/L","Humid","20.233","deg","77469","µV","30.037","°C","1015.000","hPa","35.3","pmil","0","53.237","deg","23.954","°C","100.000","%a.s.","21.023","deg","23.635","°C","1019.000","hPa","0.861","-0.02617","0.00035","0","0","13.56","Humid","28.00","0","54.00","359978.63","SABD0000000001","AAV1.0.0.11","1.1.2.0","PSt7-10","170328-007","9/30/2017 19:06:43","0000-00","0","no battery","V"
"09/09/2020","11:15:08","2","default","115855972","OXY_CH2","109.561","min","191.781","µmol/L","Humid","20.230","deg","77468","µV","30.033","°C","1015.000","hPa","35.3","pmil","0","53.237","deg","23.954","°C","100.000","%a.s.","21.023","deg","23.635","°C","1019.000","hPa","0.861","-0.02617","0.00035","0","0","13.56","Humid","28.00","0","54.00","359975.70","SABD0000000001","AAV1.0.0.11","1.1.2.0","PSt7-10","170328-007","9/30/2017 19:06:43","0000-00","0","no battery","V"
"09/09/2020","11:15:09","2","default","115855972","OXY_CH2","109.577","min","191.579","µmol/L","Humid","20.232","deg","77479","µV","30.060","°C","1015.000","hPa","35.3","pmil","0","53.237","deg","23.954","°C","100.000","%a.s.","21.023","deg","23.635","°C","1019.000","hPa","0.861","-0.02617","0.00035","0","0","13.56","Humid","28.00","0","54.00","359997.78","SABD0000000001","AAV1.0.0.11","1.1.2.0","PSt7-10","170328-007","9/30/2017 19:06:43","0000-00","0","no battery","V"
"09/09/2020","11:15:10","2","default","115855972","OXY_CH2","109.594","min","191.503","µmol/L","Humid","20.232","deg","77464","µV","30.073","°C","1015.000","hPa","35.3","pmil","0","53.237","deg","23.954","°C","100.000","%a.s.","21.023","deg","23.635","°C","1019.000","hPa","0.861","-0.02617","0.00035","0","0","13.56","Humid","28.00","0","54.00","359969.75","SABD0000000001","AAV1.0.0.11","1.1.2.0","PSt7-10","170328-007","9/30/2017 19:06:43","0000-00","0","no battery","V"
"09/09/2020","11:15:11","2","default","115855972","OXY_CH2","109.610","min","191.456","µmol/L","Humid","20.237","deg","77461","µV","30.066","°C","1015.000","hPa","35.3","pmil","0","53.237","deg","23.954","°C","100.000","%a.s.","21.023","deg","23.635","°C","1019.000","hPa","0.861","-0.02617","0.00035","0","0","13.56","Humid","28.00","0","54.00","359968.83","SABD0000000001","AAV1.0.0.11","1.1.2.0","PSt7-10","170328-007","9/30/2017 19:06:43","0000-00","0","no battery","V"
"09/09/2020","11:15:12","2","default","115855972","OXY_CH2","109.627","min","191.533","µmol/L","Humid","20.234","deg","77464","µV","30.062","°C","1015.000","hPa","35.3","pmil","0","53.237","deg","23.954","°C","100.000","%a.s.","21.023","deg","23.635","°C","1019.000","hPa","0.861","-0.02617","0.00035","0","0","13.56","Humid","28.00","0","54.00","359982.26","SABD0000000001","AAV1.0.0.11","1.1.2.0","PSt7-10","170328-007","9/30/2017 19:06:43","0000-00","0","no battery","V"
"09/09/2020","11:15:13","2","default","115855972","OXY_CH2","109.644","min","191.510","µmol/L","Humid","20.233","deg","77464","µV","30.069","°C","1015.000","hPa","35.3","pmil","0","53.237","deg","23.954","°C","100.000","%a.s.","21.023","deg","23.635","°C","1019.000","hPa","0.861","-0.02617","0.00035","0","0","13.56","Humid","28.00","0","54.00","359984.47","SABD0000000001","AAV1.0.0.11","1.1.2.0","PSt7-10","170328-007","9/30/2017 19:06:43","0000-00","0","no battery","V"
"09/09/2020","11:15:14","2","default","115855972","OXY_CH2","109.661","min","191.622","µmol/L","Humid","20.230","deg","77465","µV","30.059","°C","1015.000","hPa","35.3","pmil","0","53.237","deg","23.954","°C","100.000","%a.s.","21.023","deg","23.635","°C","1019.000","hPa","0.861","-0.02617","0.00035","0","0","13.56","Humid","28.00","0","54.00","359968.57","SABD0000000001","AAV1.0.0.11","1.1.2.0","PSt7-10","170328-007","9/30/2017 19:06:43","0000-00","0","no battery","V"
"09/09/2020","11:15:15","2","default","115855972","OXY_CH2","109.677","min","191.583","µmol/L","Humid","20.231","deg","77466","µV","30.063","°C","1015.000","hPa","35.3","pmil","0","53.237","deg","23.954","°C","100.000","%a.s.","21.023","deg","23.635","°C","1019.000","hPa","0.861","-0.02617","0.00035","0","0","13.56","Humid","28.00","0","54.00","359984.68","SABD0000000001","AAV1.0.0.11","1.1.2.0","PSt7-10","170328-007","9/30/2017 19:06:43","0000-00","0","no battery","V"
"09/09/2020","11:15:16","2","default","115855972","OXY_CH2","109.694","min","191.576","µmol/L","Humid","20.237","deg","77466","µV","30.046","°C","1015.000","hPa","35.3","pmil","0","53.237","deg","23.954","°C","100.000","%a.s.","21.023","deg","23.635","°C","1019.000","hPa","0.861","-0.02617","0.00035","0","0","13.56","Humid","28.00","0","54.00","359979.82","SABD0000000001","AAV1.0.0.11","1.1.2.0","PSt7-10","170328-007","9/30/2017 19:06:43","0000-00","0","no battery","V"
"09/09/2020","11:15:17","2","default","115855972","OXY_CH2","109.711","min","191.579","µmol/L","Humid","20.235","deg","77455","µV","30.051","°C","1015.000","hPa","35.3","pmil","0","53.237","deg","23.954","°C","100.000","%a.s.","21.023","deg","23.635","°C","1019.000","hPa","0.861","-0.02617","0.00035","0","0","13.56","Humid","28.00","0","54.00","359958.81","SABD0000000001","AAV1.0.0.11","1.1.2.0","PSt7-10","170328-007","9/30/2017 19:06:43","0000-00","0","no battery","V"
"09/09/2020","11:15:18","2","default","115855972","OXY_CH2","109.728","min","191.732","µmol/L","Humid","20.231","deg","77454","µV","30.038","°C","1015.000","hPa","35.3","pmil","0","53.237","deg","23.954","°C","100.000","%a.s.","21.023","deg","23.635","°C","1019.000","hPa","0.861","-0.02617","0.00035","0","0","13.56","Humid","28.00","0","54.00","359975.05","SABD0000000001","AAV1.0.0.11","1.1.2.0","PSt7-10","170328-007","9/30/2017 19:06:43","0000-00","0","no battery","V"
"09/09/2020","11:15:19","2","default","115855972","OXY_CH2","109.744","min","191.727","µmol/L","Humid","20.230","deg","77454","µV","30.042","°C","1015.000","hPa","35.3","pmil","0","53.237","deg","23.954","°C","100.000","%a.s.","21.023","deg","23.635","°C","1019.000","hPa","0.861","-0.02617","0.00035","0","0","13.56","Humid","28.00","0","54.00","359959.12","SABD0000000001","AAV1.0.0.11","1.1.2.0","PSt7-10","170328-007","9/30/2017 19:06:43","0000-00","0","no battery","V"
"09/09/2020","11:15:20","2","default","115855972","OXY_CH2","109.760","min","191.777","µmol/L","Humid","20.225","deg","77447","µV","30.048","°C","1015.000","hPa","35.3","pmil","0","53.237","deg","23.954","°C","100.000","%a.s.","21.023","deg","23.635","°C","1019.000","hPa","0.861","-0.02617","0.00035","0","0","13.56","Humid","28.00","0","54.00","359956.37","SABD0000000001","AAV1.0.0.11","1.1.2.0","PSt7-10","170328-007","9/30/2017 19:06:43","0000-00","0","no battery","V"
"09/09/2020","11:15:21","2","default","115855972","OXY_CH2","109.777","min","191.687","µmol/L","Humid","20.231","deg","77455","µV","30.045","°C","1015.000","hPa","35.3","pmil","0","53.237","deg","23.954","°C","100.000","%a.s.","21.023","deg","23.635","°C","1019.000","hPa","0.861","-0.02617","0.00035","0","0","13.56","Humid","28.00","0","54.00","359972.42","SABD0000000001","AAV1.0.0.11","1.1.2.0","PSt7-10","170328-007","9/30/2017 19:06:43","0000-00","0","no battery","V"
"09/09/2020","11:15:22","2","default","115855972","OXY_CH2","109.794","min","191.685","µmol/L","Humid","20.231","deg","77455","µV","30.046","°C","1015.000","hPa","35.3","pmil","0","53.237","deg","23.954","°C","100.000","%a.s.","21.023","deg","23.635","°C","1019.000","hPa","0.861","-0.02617","0.00035","0","0","13.56","Humid","28.00","0","54.00","359982.82","SABD0000000001","AAV1.0.0.11","1.1.2.0","PSt7-10","170328-007","9/30/2017 19:06:43","0000-00","0","no battery","V"
"09/09/2020","11:15:23","2","default","115855972","OXY_CH2","109.810","min","191.692","µmol/L","Humid","20.230","deg","77447","µV","30.048","°C","1015.000","hPa","35.3","pmil","0","53.237","deg","23.954","°C","100.000","%a.s.","21.023","deg","23.635","°C","1019.000","hPa","0.861","-0.02617","0.00035","0","0","13.56","Humid","28.00","0","54.00","359969.99","SABD0000000001","AAV1.0.0.11","1.1.2.0","PSt7-10","170328-007","9/30/2017 19:06:43","0000-00","0","no battery","V"
"09/09/2020","11:15:24","2","default","115855972","OXY_CH2","109.827","min","191.651","µmol/L","Humid","20.230","deg","77450","µV","30.054","°C","1015.000","hPa","35.3","pmil","0","53.237","deg","23.954","°C","100.000","%a.s.","21.023","deg","23.635","°C","1019.000","hPa","0.861","-0.02617","0.00035","0","0","13.56","Humid","28.00","0","54.00","359975.82","SABD0000000001","AAV1.0.0.11","1.1.2.0","PSt7-10","170328-007","9/30/2017 19:06:43","0000-00","0","no battery","V"
"09/09/2020","11:15:25","2","default","115855972","OXY_CH2","109.844","min","191.730","µmol/L","Humid","20.229","deg","77449","µV","30.044","°C","1015.000","hPa","35.3","pmil","0","53.237","deg","23.954","°C","100.000","%a.s.","21.023","deg","23.635","°C","1019.000","hPa","0.861","-0.02617","0.00035","0","0","13.56","Humid","28.00","0","54.00","359974.14","SABD0000000001","AAV1.0.0.11","1.1.2.0","PSt7-10","170328-007","9/30/2017 19:06:43","0000-00","0","no battery","V"
"09/09/2020","11:15:26","2","default","115855972","OXY_CH2","109.860","min","191.736","µmol/L","Humid","20.224","deg","77449","µV","30.058","°C","1015.000","hPa","35.3","pmil","0","53.237","deg","23.954","°C","100.000","%a.s.","21.023","deg","23.635","°C","1019.000","hPa","0.861","-0.02617","0.00035","0","0","13.56","Humid","28.00","0","54.00","359959.14","SABD0000000001","AAV1.0.0.11","1.1.2.0","PSt7-10","170328-007","9/30/2017 19:06:43","0000-00","0","no battery","V"
"09/09/2020","11:15:27","2","default","115855972","OXY_CH2","109.878","min","191.679","µmol/L","Humid","20.230","deg","77443","µV","30.050","°C","1015.000","hPa","35.3","pmil","0","53.237","deg","23.954","°C","100.000","%a.s.","21.023","deg","23.635","°C","1019.000","hPa","0.861","-0.02617","0.00035","0","0","13.56","Humid","28.00","0","54.00","359968.24","SABD0000000001","AAV1.0.0.11","1.1.2.0","PSt7-10","170328-007","9/30/2017 19:06:43","0000-00","0","no battery","V"
"09/09/2020","11:15:28","2","default","115855972","OXY_CH2","109.894","min","191.701","µmol/L","Humid","20.229","deg","77448","µV","30.049","°C","1015.000","hPa","35.3","pmil","0","53.237","deg","23.954","°C","100.000","%a.s.","21.023","deg","23.635","°C","1019.000","hPa","0.861","-0.02617","0.00035","0","0","13.56","Humid","28.00","0","54.00","359973.76","SABD0000000001","AAV1.0.0.11","1.1.2.0","PSt7-10","170328-007","9/30/2017 19:06:43","0000-00","0","no battery","V"
"09/09/2020","11:15:29","2","default","115855972","OXY_CH2","109.911","min","191.647","µmol/L","Humid","20.229","deg","77443","µV","30.058","°C","1015.000","hPa","35.3","pmil","0","53.237","deg","23.954","°C","100.000","%a.s.","21.023","deg","23.635","°C","1019.000","hPa","0.861","-0.02617","0.00035","0","0","13.56","Humid","28.00","0","54.00","359963.03","SABD0000000001","AAV1.0.0.11","1.1.2.0","PSt7-10","170328-007","9/30/2017 19:06:43","0000-00","0","no battery","V"
"09/09/2020","11:15:30","2","default","115855972","OXY_CH2","109.928","min","191.640","µmol/L","Humid","20.227","deg","77449","µV","30.065","°C","1015.000","hPa","35.3","pmil","0","53.237","deg","23.954","°C","100.000","%a.s.","21.023","deg","23.635","°C","1019.000","hPa","0.861","-0.02617","0.00035","0","0","13.56","Humid","28.00","0","54.00","359951.34","SABD0000000001","AAV1.0.0.11","1.1.2.0","PSt7-10","170328-007","9/30/2017 19:06:43","0000-00","0","no battery","V"
"09/09/2020","11:15:31","2","default","115855972","OXY_CH2","109.944","min","191.743","µmol/L","Humid","20.226","deg","77443","µV","30.051","°C","1015.000","hPa","35.3","pmil","0","53.237","deg","23.954","°C","100.000","%a.s.","21.023","deg","23.635","°C","1019.000","hPa","0.861","-0.02617","0.00035","0","0","13.56","Humid","28.00","0","54.00","359958.79","SABD0000000001","AAV1.0.0.11","1.1.2.0","PSt7-10","170328-007","9/30/2017 19:06:43","0000-00","0","no battery","V"
"09/09/2020","11:15:32","2","default","115855972","OXY_CH2","109.961","min","191.621","µmol/L","Humid","20.229","deg","77448","µV","30.062","°C","1015.000","hPa","35.3","pmil","0","53.237","deg","23.954","°C","100.000","%a.s.","21.023","deg","23.635","°C","1019.000","hPa","0.861","-0.02617","0.00035","0","0","13.56","Humid","28.00","0","54.00","359970.55","SABD0000000001","AAV1.0.0.11","1.1.2.0","PSt7-10","170328-007","9/30/2017 19:06:43","0000-00","0","no battery","V"
"09/09/2020","11:15:33","2","default","115855972","OXY_CH2","109.977","min","191.696","µmol/L","Humid","20.227","deg","77440","µV","30.056","°C","1015.000","hPa","35.3","pmil","0","53.237","deg","23.954","°C","100.000","%a.s.","21.023","deg","23.635","°C","1019.000","hPa","0.861","-0.02617","0.00035","0","0","13.56","Humid","28.00","0","54.00","359957.42","SABD0000000001","AAV1.0.0.11","1.1.2.0","PSt7-10","170328-007","9/30/2017 19:06:43","0000-00","0","no battery","V"
"09/09/2020","11:15:34","2","default","115855972","OXY_CH2","109.994","min","191.657","µmol/L","Humid","20.231","deg","77442","µV","30.050","°C","1015.000","hPa","35.3","pmil","0","53.237","deg","23.954","°C","100.000","%a.s.","21.023","deg","23.635","°C","1019.000","hPa","0.861","-0.02617","0.00035","0","0","13.56","Humid","28.00","0","54.00","359964.52","SABD0000000001","AAV1.0.0.11","1.1.2.0","PSt7-10","170328-007","9/30/2017 19:06:43","0000-00","0","no battery","V"
"09/09/2020","11:15:35","2","default","115855972","OXY_CH2","110.011","min","191.723","µmol/L","Humid","20.230","deg","77436","µV","30.042","°C","1015.000","hPa","35.3","pmil","0","53.237","deg","23.954","°C","100.000","%a.s.","21.023","deg","23.635","°C","1019.000","hPa","0.861","-0.02617","0.00035","0","0","13.56","Humid","28.00","0","54.00","359948.61","SABD0000000001","AAV1.0.0.11","1.1.2.0","PSt7-10","170328-007","9/30/2017 19:06:43","0000-00","0","no battery","V"
"09/09/2020","11:15:36","2","default","115855972","OXY_CH2","110.027","min","191.755","µmol/L","Humid","20.226","deg","77439","µV","30.049","°C","1015.000","hPa","35.3","pmil","0","53.237","deg","23.954","°C","100.000","%a.s.","21.023","deg","23.635","°C","1019.000","hPa","0.861","-0.02617","0.00035","0","0","13.56","Humid","28.00","0","54.00","359958.02","SABD0000000001","AAV1.0.0.11","1.1.2.0","PSt7-10","170328-007","9/30/2017 19:06:43","0000-00","0","no battery","V"
"09/09/2020","11:15:37","2","default","115855972","OXY_CH2","110.044","min","191.652","µmol/L","Humid","20.230","deg","77449","µV","30.054","°C","1015.000","hPa","35.3","pmil","0","53.237","deg","23.954","°C","100.000","%a.s.","21.023","deg","23.635","°C","1019.000","hPa","0.861","-0.02617","0.00035","0","0","13.56","Humid","28.00","0","54.00","359964.48","SABD0000000001","AAV1.0.0.11","1.1.2.0","PSt7-10","170328-007","9/30/2017 19:06:43","0000-00","0","no battery","V"
"09/09/2020","11:15:38","2","default","115855972","OXY_CH2","110.061","min","191.568","µmol/L","Humid","20.234","deg","77436","µV","30.056","°C","1015.000","hPa","35.3","pmil","0","53.237","deg","23.954","°C","100.000","%a.s.","21.023","deg","23.635","°C","1019.000","hPa","0.861","-0.02617","0.00035","0","0","13.56","Humid","28.00","0","54.00","359947.29","SABD0000000001","AAV1.0.0.11","1.1.2.0","PSt7-10","170328-007","9/30/2017 19:06:43","0000-00","0","no battery","V"
"09/09/2020","11:15:39","2","default","115855972","OXY_CH2","110.077","min","191.659","µmol/L","Humid","20.229","deg","77433","µV","30.056","°C","1015.000","hPa","35.3","pmil","0","53.237","deg","23.954","°C","100.000","%a.s.","21.023","deg","23.635","°C","1019.000","hPa","0.861","-0.02617","0.00035","0","0","13.56","Humid","28.00","0","54.00","359957.67","SABD0000000001","AAV1.0.0.11","1.1.2.0","PSt7-10","170328-007","9/30/2017 19:06:43","0000-00","0","no battery","V"
"09/09/2020","11:15:40","2","default","115855972","OXY_CH2","110.094","min","191.726","µmol/L","Humid","20.228","deg","77429","µV","30.048","°C","1015.000","hPa","35.3","pmil","0","53.237","deg","23.954","°C","100.000","%a.s.","21.023","deg","23.635","°C","1019.000","hPa","0.861","-0.02617","0.00035","0","0","13.56","Humid","28.00","0","54.00","359958.33","SABD0000000001","AAV1.0.0.11","1.1.2.0","PSt7-10","170328-007","9/30/2017 19:06:43","0000-00","0","no battery","V"
"09/09/2020","11:15:41","2","default","115855972","OXY_CH2","110.111","min","191.848","µmol/L","Humid","20.227","deg","77423","µV","30.031","°C","1015.000","hPa","35.3","pmil","0","53.237","deg","23.954","°C","100.000","%a.s.","21.023","deg","23.635","°C","1019.000","hPa","0.861","-0.02617","0.00035","0","0","13.56","Humid","28.00","0","54.00","359940.91","SABD0000000001","AAV1.0.0.11","1.1.2.0","PSt7-10","170328-007","9/30/2017 19:06:43","0000-00","0","no battery","V"
"09/09/2020","11:15:42","2","default","115855972","OXY_CH2","110.127","min","191.724","µmol/L","Humid","20.228","deg","77426","µV","30.048","°C","1015.000","hPa","35.3","pmil","0","53.237","deg","23.954","°C","100.000","%a.s.","21.023","deg","23.635","°C","1019.000","hPa","0.861","-0.02617","0.00035","0","0","13.56","Humid","28.00","0","54.00","359941.77","SABD0000000001","AAV1.0.0.11","1.1.2.0","PSt7-10","170328-007","9/30/2017 19:06:43","0000-00","0","no battery","V"
"09/09/2020","11:15:43","2","default","115855972","OXY_CH2","110.144","min","191.861","µmol/L","Humid","20.219","deg","77428","µV","30.052","°C","1015.000","hPa","35.3","pmil","0","53.237","deg","23.954","°C","100.000","%a.s.","21.023","deg","23.635","°C","1019.000","hPa","0.861","-0.02617","0.00035","0","0","13.56","Humid","28.00","0","54.00","359950.05","SABD0000000001","AAV1.0.0.11","1.1.2.0","PSt7-10","170328-007","9/30/2017 19:06:43","0000-00","0","no battery","V"
"09/09/2020","11:15:44","2","default","115855972","OXY_CH2","110.161","min","191.721","µmol/L","Humid","20.226","deg","77427","µV","30.054","°C","1015.000","hPa","35.3","pmil","0","53.237","deg","23.954","°C","100.000","%a.s.","21.023","deg","23.635","°C","1019.000","hPa","0.861","-0.02617","0.00035","0","0","13.56","Humid","28.00","0","54.00","359950.48","SABD0000000001","AAV1.0.0.11","1.1.2.0","PSt7-10","170328-007","9/30/2017 19:06:43","0000-00","0","no battery","V"
"09/09/2020","11:15:45","2","default","115855972","OXY_CH2","110.177","min","191.718","µmol/L","Humid","20.227","deg","77418","µV","30.052","°C","1015.000","hPa","35.3","pmil","0","53.237","deg","23.954","°C","100.000","%a.s.","21.023","deg","23.635","°C","1019.000","hPa","0.861","-0.02617","0.00035","0","0","13.56","Humid","28.00","0","54.00","359938.66","SABD0000000001","AAV1.0.0.11","1.1.2.0","PSt7-10","170328-007","9/30/2017 19:06:43","0000-00","0","no battery","V"
"09/09/2020","11:15:46","2","default","115855972","OXY_CH2","110.194","min","191.846","µmol/L","Humid","20.227","deg","77421","µV","30.031","°C","1015.000","hPa","35.3","pmil","0","53.237","deg","23.954","°C","100.000","%a.s.","21.023","deg","23.635","°C","1019.000","hPa","0.861","-0.02617","0.00035","0","0","13.56","Humid","28.00","0","54.00","359949.69","SABD0000000001","AAV1.0.0.11","1.1.2.0","PSt7-10","170328-007","9/30/2017 19:06:43","0000-00","0","no battery","V"
"09/09/2020","11:15:47","2","default","115855972","OXY_CH2","110.211","min","191.715","µmol/L","Humid","20.229","deg","77427","µV","30.047","°C","1015.000","hPa","35.3","pmil","0","53.237","deg","23.954","°C","100.000","%a.s.","21.023","deg","23.635","°C","1019.000","hPa","0.861","-0.02617","0.00035","0","0","13.56","Humid","28.00","0","54.00","359945.83","SABD0000000001","AAV1.0.0.11","1.1.2.0","PSt7-10","170328-007","9/30/2017 19:06:43","0000-00","0","no battery","V"
"09/09/2020","11:15:48","2","default","115855972","OXY_CH2","110.228","min","191.734","µmol/L","Humid","20.224","deg","77421","µV","30.058","°C","1015.000","hPa","35.3","pmil","0","53.237","deg","23.954","°C","100.000","%a.s.","21.023","deg","23.635","°C","1019.000","hPa","0.861","-0.02617","0.00035","0","0","13.56","Humid","28.00","0","54.00","359941.89","SABD0000000001","AAV1.0.0.11","1.1.2.0","PSt7-10","170328-007","9/30/2017 19:06:43","0000-00","0","no battery","V"
"09/09/2020","11:15:49","2","default","115855972","OXY_CH2","110.244","min","191.680","µmol/L","Humid","20.228","deg","77417","µV","30.055","°C","1015.000","hPa","35.3","pmil","0","53.237","deg","23.954","°C","100.000","%a.s.","21.023","deg","23.635","°C","1019.000","hPa","0.861","-0.02617","0.00035","0","0","13.56","Humid","28.00","0","54.00","359943.47","SABD0000000001","AAV1.0.0.11","1.1.2.0","PSt7-10","170328-007","9/30/2017 19:06:43","0000-00","0","no battery","V"
"09/09/2020","11:15:50","2","default","115855972","OXY_CH2","110.261","min","191.758","µmol/L","Humid","20.227","deg","77416","µV","30.045","°C","1015.000","hPa","35.3","pmil","0","53.237","deg","23.954","°C","100.000","%a.s.","21.023","deg","23.635","°C","1019.000","hPa","0.861","-0.02617","0.00035","0","0","13.56","Humid","28.00","0","54.00","359949.29","SABD0000000001","AAV1.0.0.11","1.1.2.0","PSt7-10","170328-007","9/30/2017 19:06:43","0000-00","0","no battery","V"
"09/09/2020","11:15:51","2","default","115855972","OXY_CH2","110.278","min","191.868","µmol/L","Humid","20.221","deg","77413","µV","30.045","°C","1015.000","hPa","35.3","pmil","0","53.237","deg","23.954","°C","100.000","%a.s.","21.023","deg","23.635","°C","1019.000","hPa","0.861","-0.02617","0.00035","0","0","13.56","Humid","28.00","0","54.00","359932.94","SABD0000000001","AAV1.0.0.11","1.1.2.0","PSt7-10","170328-007","9/30/2017 19:06:43","0000-00","0","no battery","V"
"09/09/2020","11:15:52","2","default","115855972","OXY_CH2","110.294","min","191.702","µmol/L","Humid","20.226","deg","77416","µV","30.058","°C","1015.000","hPa","35.3","pmil","0","53.237","deg","23.954","°C","100.000","%a.s.","21.023","deg","23.635","°C","1019.000","hPa","0.861","-0.02617","0.00035","0","0","13.56","Humid","28.00","0","54.00","359936.95","SABD0000000001","AAV1.0.0.11","1.1.2.0","PSt7-10","170328-007","9/30/2017 19:06:43","0000-00","0","no battery","V"
"09/09/2020","11:15:53","2","default","115855972","OXY_CH2","110.311","min","191.726","µmol/L","Humid","20.225","deg","77421","µV","30.056","°C","1015.000","hPa","35.3","pmil","0","53.237","deg","23.954","°C","100.000","%a.s.","21.023","deg","23.635","°C","1019.000","hPa","0.861","-0.02617","0.00035","0","0","13.56","Humid","28.00","0","54.00","359930.76","SABD0000000001","AAV1.0.0.11","1.1.2.0","PSt7-10","170328-007","9/30/2017 19:06:43","0000-00","0","no battery","V"
"09/09/2020","11:15:54","2","default","115855972","OXY_CH2","110.328","min","191.851","µmol/L","Humid","20.222","deg","77407","µV","30.045","°C","1015.000","hPa","35.3","pmil","0","53.237","deg","23.954","°C","100.000","%a.s.","21.023","deg","23.635","°C","1019.000","hPa","0.861","-0.02617","0.00035","0","0","13.56","Humid","28.00","0","54.00","359925.98","SABD0000000001","AAV1.0.0.11","1.1.2.0","PSt7-10","170328-007","9/30/2017 19:06:43","0000-00","0","no battery","V"
"09/09/2020","11:15:55","2","default","115855972","OXY_CH2","110.344","min","191.856","µmol/L","Humid","20.222","deg","77414","µV","30.044","°C","1015.000","hPa","35.3","pmil","0","53.237","deg","23.954","°C","100.000","%a.s.","21.023","deg","23.635","°C","1019.000","hPa","0.861","-0.02617","0.00035","0","0","13.56","Humid","28.00","0","54.00","359934.46","SABD0000000001","AAV1.0.0.11","1.1.2.0","PSt7-10","170328-007","9/30/2017 19:06:43","0000-00","0","no battery","V"
"09/09/2020","11:15:56","2","default","115855972","OXY_CH2","110.361","min","191.845","µmol/L","Humid","20.223","deg","77412","µV","30.043","°C","1015.000","hPa","35.3","pmil","0","53.237","deg","23.954","°C","100.000","%a.s.","21.023","deg","23.635","°C","1019.000","hPa","0.861","-0.02617","0.00035","0","0","13.56","Humid","28.00","0","54.00","359917.50","SABD0000000001","AAV1.0.0.11","1.1.2.0","PSt7-10","170328-007","9/30/2017 19:06:43","0000-00","0","no battery","V"
"09/09/2020","11:15:57","2","default","115855972","OXY_CH2","110.377","min","191.726","µmol/L","Humid","20.225","deg","77414","µV","30.057","°C","1015.000","hPa","35.3","pmil","0","53.237","deg","23.954","°C","100.000","%a.s.","21.023","deg","23.635","°C","1019.000","hPa","0.861","-0.02617","0.00035","0","0","13.56","Humid","28.00","0","54.00","359936.74","SABD0000000001","AAV1.0.0.11","1.1.2.0","PSt7-10","170328-007","9/30/2017 19:06:43","0000-00","0","no battery","V"
"09/09/2020","11:15:58","2","default","115855972","OXY_CH2","110.394","min","191.775","µmol/L","Humid","20.223","deg","77419","µV","30.054","°C","1015.000","hPa","35.3","pmil","0","53.237","deg","23.954","°C","100.000","%a.s.","21.023","deg","23.635","°C","1019.000","hPa","0.861","-0.02617","0.00035","0","0","13.56","Humid","28.00","0","54.00","359943.61","SABD0000000001","AAV1.0.0.11","1.1.2.0","PSt7-10","170328-007","9/30/2017 19:06:43","0000-00","0","no battery","V"
"09/09/2020","11:15:59","2","default","115855972","OXY_CH2","110.411","min","191.821","µmol/L","Humid","20.226","deg","77406","µV","30.038","°C","1015.000","hPa","35.3","pmil","0","53.237","deg","23.954","°C","100.000","%a.s.","21.023","deg","23.635","°C","1019.000","hPa","0.861","-0.02617","0.00035","0","0","13.56","Humid","28.00","0","54.00","359924.73","SABD0000000001","AAV1.0.0.11","1.1.2.0","PSt7-10","170328-007","9/30/2017 19:06:43","0000-00","0","no battery","V"
"09/09/2020","11:16:00","2","default","115855972","OXY_CH2","110.427","min","191.760","µmol/L","Humid","20.225","deg","77406","µV","30.051","°C","1015.000","hPa","35.3","pmil","0","53.237","deg","23.954","°C","100.000","%a.s.","21.023","deg","23.635","°C","1019.000","hPa","0.861","-0.02617","0.00035","0","0","13.56","Humid","28.00","0","54.00","359932.40","SABD0000000001","AAV1.0.0.11","1.1.2.0","PSt7-10","170328-007","9/30/2017 19:06:43","0000-00","0","no battery","V"
"09/09/2020","11:16:01","2","default","115855972","OXY_CH2","110.444","min","191.859","µmol/L","Humid","20.222","deg","77409","µV","30.043","°C","1015.000","hPa","35.3","pmil","0","53.237","deg","23.954","°C","100.000","%a.s.","21.023","deg","23.635","°C","1019.000","hPa","0.861","-0.02617","0.00035","0","0","13.56","Humid","28.00","0","54.00","359928.88","SABD0000000001","AAV1.0.0.11","1.1.2.0","PSt7-10","170328-007","9/30/2017 19:06:43","0000-00","0","no battery","V"
"09/09/2020","11:16:02","2","default","115855972","OXY_CH2","110.460","min","191.855","µmol/L","Humid","20.223","deg","77408","µV","30.041","°C","1015.000","hPa","35.3","pmil","0","53.237","deg","23.954","°C","100.000","%a.s.","21.023","deg","23.635","°C","1019.000","hPa","0.861","-0.02617","0.00035","0","0","13.56","Humid","28.00","0","54.00","359930.27","SABD0000000001","AAV1.0.0.11","1.1.2.0","PSt7-10","170328-007","9/30/2017 19:06:43","0000-00","0","no battery","V"
"09/09/2020","11:16:03","2","default","115855972","OXY_CH2","110.477","min","191.857","µmol/L","Humid","20.220","deg","77405","µV","30.050","°C","1015.000","hPa","35.3","pmil","0","53.237","deg","23.954","°C","100.000","%a.s.","21.023","deg","23.635","°C","1019.000","hPa","0.861","-0.02617","0.00035","0","0","13.56","Humid","28.00","0","54.00","359935.85","SABD0000000001","AAV1.0.0.11","1.1.2.0","PSt7-10","170328-007","9/30/2017 19:06:43","0000-00","0","no battery","V"
"09/09/2020","11:16:04","2","default","115855972","OXY_CH2","110.494","min","191.889","µmol/L","Humid","20.222","deg","77409","µV","30.038","°C","1015.000","hPa","35.3","pmil","0","53.237","deg","23.954","°C","100.000","%a.s.","21.023","deg","23.635","°C","1019.000","hPa","0.861","-0.02617","0.00035","0","0","13.56","Humid","28.00","0","54.00","359941.50","SABD0000000001","AAV1.0.0.11","1.1.2.0","PSt7-10","170328-007","9/30/2017 19:06:43","0000-00","0","no battery","V"
"09/09/2020","11:16:05","2","default","115855972","OXY_CH2","110.510","min","191.981","µmol/L","Humid","20.217","deg","77411","µV","30.038","°C","1015.000","hPa","35.3","pmil","0","53.237","deg","23.954","°C","100.000","%a.s.","21.023","deg","23.635","°C","1019.000","hPa","0.861","-0.02617","0.00035","0","0","13.56","Humid","28.00","0","54.00","359923.82","SABD0000000001","AAV1.0.0.11","1.1.2.0","PSt7-10","170328-007","9/30/2017 19:06:43","0000-00","0","no battery","V"
"09/09/2020","11:16:06","2","default","115855972","OXY_CH2","110.527","min","191.845","µmol/L","Humid","20.222","deg","77392","µV","30.046","°C","1015.000","hPa","35.3","pmil","0","53.237","deg","23.954","°C","100.000","%a.s.","21.023","deg","23.635","°C","1019.000","hPa","0.861","-0.02617","0.00035","0","0","13.56","Humid","28.00","0","54.00","359901.06","SABD0000000001","AAV1.0.0.11","1.1.2.0","PSt7-10","170328-007","9/30/2017 19:06:43","0000-00","0","no battery","V"
"09/09/2020","11:16:07","2","default","115855972","OXY_CH2","110.544","min","191.859","µmol/L","Humid","20.218","deg","77396","µV","30.055","°C","1015.000","hPa","35.3","pmil","0","53.237","deg","23.954","°C","100.000","%a.s.","21.023","deg","23.635","°C","1019.000","hPa","0.861","-0.02617","0.00035","0","0","13.56","Humid","28.00","0","54.00","359924.88","SABD0000000001","AAV1.0.0.11","1.1.2.0","PSt7-10","170328-007","9/30/2017 19:06:43","0000-00","0","no battery","V"
"09/09/2020","11:16:08","2","default","115855972","OXY_CH2","110.561","min","191.792","µmol/L","Humid","20.221","deg","77404","µV","30.057","°C","1015.000","hPa","35.3","pmil","0","53.237","deg","23.954","°C","100.000","%a.s.","21.023","deg","23.635","°C","1019.000","hPa","0.861","-0.02617","0.00035","0","0","13.56","Humid","28.00","0","54.00","359917.30","SABD0000000001","AAV1.0.0.11","1.1.2.0","PSt7-10","170328-007","9/30/2017 19:06:43","0000-00","0","no battery","V"
"09/09/2020","11:16:09","2","default","115855972","OXY_CH2","110.577","min","191.776","µmol/L","Humid","20.224","deg","77394","µV","30.051","°C","1015.000","hPa","35.3","pmil","0","53.237","deg","23.954","°C","100.000","%a.s.","21.023","deg","23.635","°C","1019.000","hPa","0.861","-0.02617","0.00035","0","0","13.56","Humid","28.00","0","54.00","359917.69","SABD0000000001","AAV1.0.0.11","1.1.2.0","PSt7-10","170328-007","9/30/2017 19:06:43","0000-00","0","no battery","V"
"09/09/2020","11:16:10","2","default","115855972","OXY_CH2","110.594","min","191.758","µmol/L","Humid","20.224","deg","77399","µV","30.054","°C","1015.000","hPa","35.3","pmil","0","53.237","deg","23.954","°C","100.000","%a.s.","21.023","deg","23.635","°C","1019.000","hPa","0.861","-0.02617","0.00035","0","0","13.56","Humid","28.00","0","54.00","359915.56","SABD0000000001","AAV1.0.0.11","1.1.2.0","PSt7-10","170328-007","9/30/2017 19:06:43","0000-00","0","no battery","V"
"09/09/2020","11:16:11","2","default","115855972","OXY_CH2","110.610","min","191.774","µmol/L","Humid","20.225","deg","77392","µV","30.049","°C","1015.000","hPa","35.3","pmil","0","53.237","deg","23.954","°C","100.000","%a.s.","21.023","deg","23.635","°C","1019.000","hPa","0.861","-0.02617","0.00035","0","0","13.56","Humid","28.00","0","54.00","359906.58","SABD0000000001","AAV1.0.0.11","1.1.2.0","PSt7-10","170328-007","9/30/2017 19:06:43","0000-00","0","no battery","V"
"09/09/2020","11:16:12","2","default","115855972","OXY_CH2","110.627","min","191.808","µmol/L","Humid","20.221","deg","77396","µV","30.055","°C","1015.000","hPa","35.3","pmil","0","53.237","deg","23.954","°C","100.000","%a.s.","21.023","deg","23.635","°C","1019.000","hPa","0.861","-0.02617","0.00035","0","0","13.56","Humid","28.00","0","54.00","359928.78","SABD0000000001","AAV1.0.0.11","1.1.2.0","PSt7-10","170328-007","9/30/2017 19:06:43","0000-00","0","no battery","V"
"09/09/2020","11:16:13","2","default","115855972","OXY_CH2","110.644","min","191.951","µmol/L","Humid","20.213","deg","77399","µV","30.055","°C","1015.000","hPa","35.3","pmil","0","53.237","deg","23.954","°C","100.000","%a.s.","21.023","deg","23.635","°C","1019.000","hPa","0.861","-0.02617","0.00035","0","0","13.56","Humid","28.00","0","54.00","359924.26","SABD0000000001","AAV1.0.0.11","1.1.2.0","PSt7-10","170328-007","9/30/2017 19:06:43","0000-00","0","no battery","V"
"09/09/2020","11:16:14","2","default","115855972","OXY_CH2","110.661","min","191.805","µmol/L","Humid","20.224","deg","77404","µV","30.046","°C","1015.000","hPa","35.3","pmil","0","53.237","deg","23.954","°C","100.000","%a.s.","21.023","deg","23.635","°C","1019.000","hPa","0.861","-0.02617","0.00035","0","0","13.56","Humid","28.00","0","54.00","359921.26","SABD0000000001","AAV1.0.0.11","1.1.2.0","PSt7-10","170328-007","9/30/2017 19:06:43","0000-00","0","no battery","V"
"09/09/2020","11:16:15","2","default","115855972","OXY_CH2","110.677","min","191.899","µmol/L","Humid","20.218","deg","77392","µV","30.048","°C","1015.000","hPa","35.3","pmil","0","53.237","deg","23.954","°C","100.000","%a.s.","21.023","deg","23.635","°C","1019.000","hPa","0.861","-0.02617","0.00035","0","0","13.56","Humid","28.00","0","54.00","359924.26","SABD0000000001","AAV1.0.0.11","1.1.2.0","PSt7-10","170328-007","9/30/2017 19:06:43","0000-00","0","no battery","V"
"09/09/2020","11:16:16","2","default","115855972","OXY_CH2","110.694","min","191.749","µmol/L","Humid","20.224","deg","77394","µV","30.056","°C","1015.000","hPa","35.3","pmil","0","53.237","deg","23.954","°C","100.000","%a.s.","21.023","deg","23.635","°C","1019.000","hPa","0.861","-0.02617","0.00035","0","0","13.56","Humid","28.00","0","54.00","359912.96","SABD0000000001","AAV1.0.0.11","1.1.2.0","PSt7-10","170328-007","9/30/2017 19:06:43","0000-00","0","no battery","V"
"09/09/2020","11:16:17","2","default","115855972","OXY_CH2","110.710","min","191.718","µmol/L","Humid","20.223","deg","77395","µV","30.064","°C","1015.000","hPa","35.3","pmil","0","53.237","deg","23.954","°C","100.000","%a.s.","21.023","deg","23.635","°C","1019.000","hPa","0.861","-0.02617","0.00035","0","0","13.56","Humid","28.00","0","54.00","359919.64","SABD0000000001","AAV1.0.0.11","1.1.2.0","PSt7-10","170328-007","9/30/2017 19:06:43","0000-00","0","no battery","V"
"09/09/2020","11:16:18","2","default","115855972","OXY_CH2","110.727","min","191.795","µmol/L","Humid","20.221","deg","77395","µV","30.057","°C","1015.000","hPa","35.3","pmil","0","53.237","deg","23.954","°C","100.000","%a.s.","21.023","deg","23.635","°C","1019.000","hPa","0.861","-0.02617","0.00035","0","0","13.56","Humid","28.00","0","54.00","359922.44","SABD0000000001","AAV1.0.0.11","1.1.2.0","PSt7-10","170328-007","9/30/2017 19:06:43","0000-00","0","no battery","V"
"09/09/2020","11:16:19","2","default","115855972","OXY_CH2","110.744","min","191.909","µmol/L","Humid","20.217","deg","77391","µV","30.050","°C","1015.000","hPa","35.3","pmil","0","53.237","deg","23.954","°C","100.000","%a.s.","21.023","deg","23.635","°C","1019.000","hPa","0.861","-0.02617","0.00035","0","0","13.56","Humid","28.00","0","54.00","359928.34","SABD0000000001","AAV1.0.0.11","1.1.2.0","PSt7-10","170328-007","9/30/2017 19:06:43","0000-00","0","no battery","V"
"09/09/2020","11:16:20","2","default","115855972","OXY_CH2","110.760","min","191.792","µmol/L","Humid","20.223","deg","77392","µV","30.052","°C","1015.000","hPa","35.3","pmil","0","53.237","deg","23.954","°C","100.000","%a.s.","21.023","deg","23.635","°C","1019.000","hPa","0.861","-0.02617","0.00035","0","0","13.56","Humid","28.00","0","54.00","359914.56","SABD0000000001","AAV1.0.0.11","1.1.2.0","PSt7-10","170328-007","9/30/2017 19:06:43","0000-00","0","no battery","V"
"09/09/2020","11:16:21","2","default","115855972","OXY_CH2","110.777","min","191.986","µmol/L","Humid","20.216","deg","77383","µV","30.040","°C","1015.000","hPa","35.3","pmil","0","53.237","deg","23.954","°C","100.000","%a.s.","21.023","deg","23.635","°C","1019.000","hPa","0.861","-0.02617","0.00035","0","0","13.56","Humid","28.00","0","54.00","359902.39","SABD0000000001","AAV1.0.0.11","1.1.2.0","PSt7-10","170328-007","9/30/2017 19:06:43","0000-00","0","no battery","V"
"09/09/2020","11:16:22","2","default","115855972","OXY_CH2","110.794","min","191.835","µmol/L","Humid","20.221","deg","77389","µV","30.050","°C","1015.000","hPa","35.3","pmil","0","53.237","deg","23.954","°C","100.000","%a.s.","21.023","deg","23.635","°C","1019.000","hPa","0.861","-0.02617","0.00035","0","0","13.56","Humid","28.00","0","54.00","359910.95","SABD0000000001","AAV1.0.0.11","1.1.2.0","PSt7-10","170328-007","9/30/2017 19:06:43","0000-00","0","no battery","V"
"09/09/2020","11:16:23","2","default","115855972","OXY_CH2","110.811","min","191.942","µmol/L","Humid","20.219","deg","77383","µV","30.038","°C","1015.000","hPa","35.3","pmil","0","53.237","deg","23.954","°C","100.000","%a.s.","21.023","deg","23.635","°C","1019.000","hPa","0.861","-0.02617","0.00035","0","0","13.56","Humid","28.00","0","54.00","359900.82","SABD0000000001","AAV1.0.0.11","1.1.2.0","PSt7-10","170328-007","9/30/2017 19:06:43","0000-00","0","no battery","V"
"09/09/2020","11:16:24","2","default","115855972","OXY_CH2","110.827","min","192.001","µmol/L","Humid","20.217","deg","77386","µV","30.035","°C","1015.000","hPa","35.3","pmil","0","53.237","deg","23.954","°C","100.000","%a.s.","21.023","deg","23.635","°C","1019.000","hPa","0.861","-0.02617","0.00035","0","0","13.56","Humid","28.00","0","54.00","359912.06","SABD0000000001","AAV1.0.0.11","1.1.2.0","PSt7-10","170328-007","9/30/2017 19:06:43","0000-00","0","no battery","V"
"09/09/2020","11:16:25","2","default","115855972","OXY_CH2","110.844","min","191.941","µmol/L","Humid","20.218","deg","77386","µV","30.042","°C","1015.000","hPa","35.3","pmil","0","53.237","deg","23.954","°C","100.000","%a.s.","21.023","deg","23.635","°C","1019.000","hPa","0.861","-0.02617","0.00035","0","0","13.56","Humid","28.00","0","54.00","359913.40","SABD0000000001","AAV1.0.0.11","1.1.2.0","PSt7-10","170328-007","9/30/2017 19:06:43","0000-00","0","no battery","V"
"09/09/2020","11:16:26","2","default","115855972","OXY_CH2","110.860","min","191.807","µmol/L","Humid","20.220","deg","77376","µV","30.058","°C","1015.000","hPa","35.3","pmil","0","53.237","deg","23.954","°C","100.000","%a.s.","21.023","deg","23.635","°C","1019.000","hPa","0.861","-0.02617","0.00035","0","0","13.56","Humid","28.00","0","54.00","359903.44","SABD0000000001","AAV1.0.0.11","1.1.2.0","PSt7-10","170328-007","9/30/2017 19:06:43","0000-00","0","no battery","V"
"09/09/2020","11:16:27","2","default","115855972","OXY_CH2","110.878","min","191.845","µmol/L","Humid","20.216","deg","77382","µV","30.063","°C","1015.000","hPa","35.3","pmil","0","53.237","deg","23.954","°C","100.000","%a.s.","21.023","deg","23.635","°C","1019.000","hPa","0.861","-0.02617","0.00035","0","0","13.56","Humid","28.00","0","54.00","359903.60","SABD0000000001","AAV1.0.0.11","1.1.2.0","PSt7-10","170328-007","9/30/2017 19:06:43","0000-00","0","no battery","V"
"09/09/2020","11:16:28","2","default","115855972","OXY_CH2","110.894","min","191.794","µmol/L","Humid","20.219","deg","77387","µV","30.063","°C","1015.000","hPa","35.3","pmil","0","53.237","deg","23.954","°C","100.000","%a.s.","21.023","deg","23.635","°C","1019.000","hPa","0.861","-0.02617","0.00035","0","0","13.56","Humid","28.00","0","54.00","359906.84","SABD0000000001","AAV1.0.0.11","1.1.2.0","PSt7-10","170328-007","9/30/2017 19:06:43","0000-00","0","no battery","V"
"09/09/2020","11:16:29","2","default","115855972","OXY_CH2","110.911","min","191.900","µmol/L","Humid","20.216","deg","77376","µV","30.054","°C","1015.000","hPa","35.3","pmil","0","53.237","deg","23.954","°C","100.000","%a.s.","21.023","deg","23.635","°C","1019.000","hPa","0.861","-0.02617","0.00035","0","0","13.56","Humid","28.00","0","54.00","359901.06","SABD0000000001","AAV1.0.0.11","1.1.2.0","PSt7-10","170328-007","9/30/2017 19:06:43","0000-00","0","no battery","V"
"09/09/2020","11:16:30","2","default","115855972","OXY_CH2","110.928","min","191.843","µmol/L","Humid","20.219","deg","77378","µV","30.055","°C","1015.000","hPa","35.3","pmil","0","53.237","deg","23.954","°C","100.000","%a.s.","21.023","deg","23.635","°C","1019.000","hPa","0.861","-0.02617","0.00035","0","0","13.56","Humid","28.00","0","54.00","359900.02","SABD0000000001","AAV1.0.0.11","1.1.2.0","PSt7-10","170328-007","9/30/2017 19:06:43","0000-00","0","no battery","V"
"09/09/2020","11:16:31","2","default","115855972","OXY_CH2","110.944","min","191.903","µmol/L","Humid","20.216","deg","77377","µV","30.054","°C","1015.000","hPa","35.3","pmil","0","53.237","deg","23.954","°C","100.000","%a.s.","21.023","deg","23.635","°C","1019.000","hPa","0.861","-0.02617","0.00035","0","0","13.56","Humid","28.00","0","54.00","359889.92","SABD0000000001","AAV1.0.0.11","1.1.2.0","PSt7-10","170328-007","9/30/2017 19:06:43","0000-00","0","no battery","V"
"09/09/2020","11:16:32","2","default","115855972","OXY_CH2","110.961","min","191.956","µmol/L","Humid","20.217","deg","77371","µV","30.042","°C","1015.000","hPa","35.3","pmil","0","53.237","deg","23.954","°C","100.000","%a.s.","21.023","deg","23.635","°C","1019.000","hPa","0.861","-0.02617","0.00035","0","0","13.56","Humid","28.00","0","54.00","359879.71","SABD0000000001","AAV1.0.0.11","1.1.2.0","PSt7-10","170328-007","9/30/2017 19:06:43","0000-00","0","no battery","V"
"09/09/2020","11:16:33","2","default","115855972","OXY_CH2","110.978","min","191.881","µmol/L","Humid","20.217","deg","77373","µV","30.054","°C","1015.000","hPa","35.3","pmil","0","53.237","deg","23.954","°C","100.000","%a.s.","21.023","deg","23.635","°C","1019.000","hPa","0.861","-0.02617","0.00035","0","0","13.56","Humid","28.00","0","54.00","359888.70","SABD0000000001","AAV1.0.0.11","1.1.2.0","PSt7-10","170328-007","9/30/2017 19:06:43","0000-00","0","no battery","V"
"09/09/2020","11:16:34","2","default","115855972","OXY_CH2","110.994","min","191.962","µmol/L","Humid","20.215","deg","77371","µV","30.047","°C","1015.000","hPa","35.3","pmil","0","53.237","deg","23.954","°C","100.000","%a.s.","21.023","deg","23.635","°C","1019.000","hPa","0.861","-0.02617","0.00035","0","0","13.56","Humid","28.00","0","54.00","359896.86","SABD0000000001","AAV1.0.0.11","1.1.2.0","PSt7-10","170328-007","9/30/2017 19:06:43","0000-00","0","no battery","V"
"09/09/2020","11:16:35","2","default","115855972","OXY_CH2","111.011","min","191.799","µmol/L","Humid","20.223","deg","77370","µV","30.050","°C","1015.000","hPa","35.3","pmil","0","53.237","deg","23.954","°C","100.000","%a.s.","21.023","deg","23.635","°C","1019.000","hPa","0.861","-0.02617","0.00035","0","0","13.56","Humid","28.00","0","54.00","359885.62","SABD0000000001","AAV1.0.0.11","1.1.2.0","PSt7-10","170328-007","9/30/2017 19:06:43","0000-00","0","no battery","V"
"09/09/2020","11:16:36","2","default","115855972","OXY_CH2","111.028","min","191.955","µmol/L","Humid","20.211","deg","77369","µV","30.060","°C","1015.000","hPa","35.3","pmil","0","53.237","deg","23.954","°C","100.000","%a.s.","21.023","deg","23.635","°C","1019.000","hPa","0.861","-0.02617","0.00035","0","0","13.56","Humid","28.00","0","54.00","359882.66","SABD0000000001","AAV1.0.0.11","1.1.2.0","PSt7-10","170328-007","9/30/2017 19:06:43","0000-00","0","no battery","V"
"09/09/2020","11:16:37","2","default","115855972","OXY_CH2","111.044","min","191.964","µmol/L","Humid","20.216","deg","77368","µV","30.044","°C","1015.000","hPa","35.3","pmil","0","53.237","deg","23.954","°C","100.000","%a.s.","21.023","deg","23.635","°C","1019.000","hPa","0.861","-0.02617","0.00035","0","0","13.56","Humid","28.00","0","54.00","359885.01","SABD0000000001","AAV1.0.0.11","1.1.2.0","PSt7-10","170328-007","9/30/2017 19:06:43","0000-00","0","no battery","V"
"09/09/2020","11:16:38","2","default","115855972","OXY_CH2","111.061","min","192.003","µmol/L","Humid","20.214","deg","77369","µV","30.043","°C","1015.000","hPa","35.3","pmil","0","53.237","deg","23.954","°C","100.000","%a.s.","21.023","deg","23.635","°C","1019.000","hPa","0.861","-0.02617","0.00035","0","0","13.56","Humid","28.00","0","54.00","359892.91","SABD0000000001","AAV1.0.0.11","1.1.2.0","PSt7-10","170328-007","9/30/2017 19:06:43","0000-00","0","no battery","V"
"09/09/2020","11:16:39","2","default","115855972","OXY_CH2","111.078","min","192.013","µmol/L","Humid","20.214","deg","77369","µV","30.041","°C","1015.000","hPa","35.3","pmil","0","53.237","deg","23.954","°C","100.000","%a.s.","21.023","deg","23.635","°C","1019.000","hPa","0.861","-0.02617","0.00035","0","0","13.56","Humid","28.00","0","54.00","359886.68","SABD0000000001","AAV1.0.0.11","1.1.2.0","PSt7-10","170328-007","9/30/2017 19:06:43","0000-00","0","no battery","V"
"09/09/2020","11:16:40","2","default","115855972","OXY_CH2","111.094","min","191.948","µmol/L","Humid","20.214","deg","77364","µV","30.052","°C","1015.000","hPa","35.3","pmil","0","53.237","deg","23.954","°C","100.000","%a.s.","21.023","deg","23.635","°C","1019.000","hPa","0.861","-0.02617","0.00035","0","0","13.56","Humid","28.00","0","54.00","359901.15","SABD0000000001","AAV1.0.0.11","1.1.2.0","PSt7-10","170328-007","9/30/2017 19:06:43","0000-00","0","no battery","V"
"09/09/2020","11:16:41","2","default","115855972","OXY_CH2","111.111","min","191.922","µmol/L","Humid","20.216","deg","77368","µV","30.051","°C","1015.000","hPa","35.3","pmil","0","53.237","deg","23.954","°C","100.000","%a.s.","21.023","deg","23.635","°C","1019.000","hPa","0.861","-0.02617","0.00035","0","0","13.56","Humid","28.00","0","54.00","359882.34","SABD0000000001","AAV1.0.0.11","1.1.2.0","PSt7-10","170328-007","9/30/2017 19:06:43","0000-00","0","no battery","V"
"09/09/2020","11:16:42","2","default","115855972","OXY_CH2","111.128","min","192.008","µmol/L","Humid","20.210","deg","77365","µV","30.054","°C","1015.000","hPa","35.3","pmil","0","53.237","deg","23.954","°C","100.000","%a.s.","21.023","deg","23.635","°C","1019.000","hPa","0.861","-0.02617","0.00035","0","0","13.56","Humid","28.00","0","54.00","359886.54","SABD0000000001","AAV1.0.0.11","1.1.2.0","PSt7-10","170328-007","9/30/2017 19:06:43","0000-00","0","no battery","V"
"09/09/2020","11:16:43","2","default","115855972","OXY_CH2","111.144","min","191.986","µmol/L","Humid","20.214","deg","77362","µV","30.046","°C","1015.000","hPa","35.3","pmil","0","53.237","deg","23.954","°C","100.000","%a.s.","21.023","deg","23.635","°C","1019.000","hPa","0.861","-0.02617","0.00035","0","0","13.56","Humid","28.00","0","54.00","359875.52","SABD0000000001","AAV1.0.0.11","1.1.2.0","PSt7-10","170328-007","9/30/2017 19:06:43","0000-00","0","no battery","V"
"09/09/2020","11:16:44","2","default","115855972","OXY_CH2","111.161","min","191.929","µmol/L","Humid","20.218","deg","77362","µV","30.043","°C","1015.000","hPa","35.3","pmil","0","53.237","deg","23.954","°C","100.000","%a.s.","21.023","deg","23.635","°C","1019.000","hPa","0.861","-0.02617","0.00035","0","0","13.56","Humid","28.00","0","54.00","359882.22","SABD0000000001","AAV1.0.0.11","1.1.2.0","PSt7-10","170328-007","9/30/2017 19:06:43","0000-00","0","no battery","V"
"09/09/2020","11:16:45","2","default","115855972","OXY_CH2","111.178","min","191.923","µmol/L","Humid","20.213","deg","77363","µV","30.059","°C","1015.000","hPa","35.3","pmil","0","53.237","deg","23.954","°C","100.000","%a.s.","21.023","deg","23.635","°C","1019.000","hPa","0.861","-0.02617","0.00035","0","0","13.56","Humid","28.00","0","54.00","359878.69","SABD0000000001","AAV1.0.0.11","1.1.2.0","PSt7-10","170328-007","9/30/2017 19:06:43","0000-00","0","no battery","V"
"09/09/2020","11:16:46","2","default","115855972","OXY_CH2","111.194","min","191.893","µmol/L","Humid","20.214","deg","77358","µV","30.061","°C","1015.000","hPa","35.3","pmil","0","53.237","deg","23.954","°C","100.000","%a.s.","21.023","deg","23.635","°C","1019.000","hPa","0.861","-0.02617","0.00035","0","0","13.56","Humid","28.00","0","54.00","359884.00","SABD0000000001","AAV1.0.0.11","1.1.2.0","PSt7-10","170328-007","9/30/2017 19:06:43","0000-00","0","no battery","V"
"09/09/2020","11:16:47","2","default","115855972","OXY_CH2","111.211","min","191.865","µmol/L","Humid","20.216","deg","77363","µV","30.060","°C","1015.000","hPa","35.3","pmil","0","53.237","deg","23.954","°C","100.000","%a.s.","21.023","deg","23.635","°C","1019.000","hPa","0.861","-0.02617","0.00035","0","0","13.56","Humid","28.00","0","54.00","359889.23","SABD0000000001","AAV1.0.0.11","1.1.2.0","PSt7-10","170328-007","9/30/2017 19:06:43","0000-00","0","no battery","V"
"09/09/2020","11:16:48","2","default","115855972","OXY_CH2","111.227","min","191.943","µmol/L","Humid","20.211","deg","77355","µV","30.062","°C","1015.000","hPa","35.3","pmil","0","53.237","deg","23.954","°C","100.000","%a.s.","21.023","deg","23.635","°C","1019.000","hPa","0.861","-0.02617","0.00035","0","0","13.56","Humid","28.00","0","54.00","359870.01","SABD0000000001","AAV1.0.0.11","1.1.2.0","PSt7-10","170328-007","9/30/2017 19:06:43","0000-00","0","no battery","V"
"09/09/2020","11:16:49","2","default","115855972","OXY_CH2","111.244","min","191.876","µmol/L","Humid","20.218","deg","77351","µV","30.052","°C","1015.000","hPa","35.3","pmil","0","53.237","deg","23.954","°C","100.000","%a.s.","21.023","deg","23.635","°C","1019.000","hPa","0.861","-0.02617","0.00035","0","0","13.56","Humid","28.00","0","54.00","359868.31","SABD0000000001","AAV1.0.0.11","1.1.2.0","PSt7-10","170328-007","9/30/2017 19:06:43","0000-00","0","no battery","V"
"09/09/2020","11:16:50","2","default","115855972","OXY_CH2","111.260","min","191.970","µmol/L","Humid","20.211","deg","77359","µV","30.057","°C","1015.000","hPa","35.3","pmil","0","53.237","deg","23.954","°C","100.000","%a.s.","21.023","deg","23.635","°C","1019.000","hPa","0.861","-0.02617","0.00035","0","0","13.56","Humid","28.00","0","54.00","359881.14","SABD0000000001","AAV1.0.0.11","1.1.2.0","PSt7-10","170328-007","9/30/2017 19:06:43","0000-00","0","no battery","V"
"09/09/2020","11:16:51","2","default","115855972","OXY_CH2","111.277","min","192.057","µmol/L","Humid","20.209","deg","77354","µV","30.049","°C","1015.000","hPa","35.3","pmil","0","53.237","deg","23.954","°C","100.000","%a.s.","21.023","deg","23.635","°C","1019.000","hPa","0.861","-0.02617","0.00035","0","0","13.56","Humid","28.00","0","54.00","359871.18","SABD0000000001","AAV1.0.0.11","1.1.2.0","PSt7-10","170328-007","9/30/2017 19:06:43","0000-00","0","no battery","V"
"09/09/2020","11:16:52","2","default","115855972","OXY_CH2","111.294","min","191.933","µmol/L","Humid","20.215","deg","77353","µV","30.052","°C","1015.000","hPa","35.3","pmil","0","53.237","deg","23.954","°C","100.000","%a.s.","21.023","deg","23.635","°C","1019.000","hPa","0.861","-0.02617","0.00035","0","0","13.56","Humid","28.00","0","54.00","359877.55","SABD0000000001","AAV1.0.0.11","1.1.2.0","PSt7-10","170328-007","9/30/2017 19:06:43","0000-00","0","no battery","V"
"09/09/2020","11:16:53","2","default","115855972","OXY_CH2","111.310","min","192.174","µmol/L","Humid","20.208","deg","77348","µV","30.032","°C","1015.000","hPa","35.3","pmil","0","53.237","deg","23.954","°C","100.000","%a.s.","21.023","deg","23.635","°C","1019.000","hPa","0.861","-0.02617","0.00035","0","0","13.56","Humid","28.00","0","54.00","359868.46","SABD0000000001","AAV1.0.0.11","1.1.2.0","PSt7-10","170328-007","9/30/2017 19:06:43","0000-00","0","no battery","V"
"09/09/2020","11:16:54","2","default","115855972","OXY_CH2","111.327","min","192.084","µmol/L","Humid","20.208","deg","77352","µV","30.047","°C","1015.000","hPa","35.3","pmil","0","53.237","deg","23.954","°C","100.000","%a.s.","21.023","deg","23.635","°C","1019.000","hPa","0.861","-0.02617","0.00035","0","0","13.56","Humid","28.00","0","54.00","359860.64","SABD0000000001","AAV1.0.0.11","1.1.2.0","PSt7-10","170328-007","9/30/2017 19:06:43","0000-00","0","no battery","V"
"09/09/2020","11:16:55","2","default","115855972","OXY_CH2","111.344","min","192.068","µmol/L","Humid","20.208","deg","77351","µV","30.050","°C","1015.000","hPa","35.3","pmil","0","53.237","deg","23.954","°C","100.000","%a.s.","21.023","deg","23.635","°C","1019.000","hPa","0.861","-0.02617","0.00035","0","0","13.56","Humid","28.00","0","54.00","359870.94","SABD0000000001","AAV1.0.0.11","1.1.2.0","PSt7-10","170328-007","9/30/2017 19:06:43","0000-00","0","no battery","V"
"09/09/2020","11:16:56","2","default","115855972","OXY_CH2","111.361","min","192.043","µmol/L","Humid","20.211","deg","77360","µV","30.045","°C","1015.000","hPa","35.3","pmil","0","53.237","deg","23.954","°C","100.000","%a.s.","21.023","deg","23.635","°C","1019.000","hPa","0.861","-0.02617","0.00035","0","0","13.56","Humid","28.00","0","54.00","359866.04","SABD0000000001","AAV1.0.0.11","1.1.2.0","PSt7-10","170328-007","9/30/2017 19:06:43","0000-00","0","no battery","V"
"09/09/2020","11:16:57","2","default","115855972","OXY_CH2","111.377","min","191.911","µmol/L","Humid","20.215","deg","77344","µV","30.055","°C","1015.000","hPa","35.3","pmil","0","53.237","deg","23.954","°C","100.000","%a.s.","21.023","deg","23.635","°C","1019.000","hPa","0.861","-0.02617","0.00035","0","0","13.56","Humid","28.00","0","54.00","359877.39","SABD0000000001","AAV1.0.0.11","1.1.2.0","PSt7-10","170328-007","9/30/2017 19:06:43","0000-00","0","no battery","V"
"09/09/2020","11:16:58","2","default","115855972","OXY_CH2","111.394","min","191.983","µmol/L","Humid","20.211","deg","77343","µV","30.055","°C","1015.000","hPa","35.3","pmil","0","53.237","deg","23.954","°C","100.000","%a.s.","21.023","deg","23.635","°C","1019.000","hPa","0.861","-0.02617","0.00035","0","0","13.56","Humid","28.00","0","54.00","359866.32","SABD0000000001","AAV1.0.0.11","1.1.2.0","PSt7-10","170328-007","9/30/2017 19:06:43","0000-00","0","no battery","V"
"09/09/2020","11:16:59","2","default","115855972","OXY_CH2","111.411","min","192.082","µmol/L","Humid","20.209","deg","77338","µV","30.045","°C","1015.000","hPa","35.3","pmil","0","53.237","deg","23.954","°C","100.000","%a.s.","21.023","deg","23.635","°C","1019.000","hPa","0.861","-0.02617","0.00035","0","0","13.56","Humid","28.00","0","54.00","359860.92","SABD0000000001","AAV1.0.0.11","1.1.2.0","PSt7-10","170328-007","9/30/2017 19:06:43","0000-00","0","no battery","V"
"09/09/2020","11:17:00","2","default","115855972","OXY_CH2","111.427","min","191.927","µmol/L","Humid","20.213","deg","77338","µV","30.058","°C","1015.000","hPa","35.3","pmil","0","53.237","deg","23.954","°C","100.000","%a.s.","21.023","deg","23.635","°C","1019.000","hPa","0.861","-0.02617","0.00035","0","0","13.56","Humid","28.00","0","54.00","359864.46","SABD0000000001","AAV1.0.0.11","1.1.2.0","PSt7-10","170328-007","9/30/2017 19:06:43","0000-00","0","no battery","V"
"09/09/2020","11:17:01","2","default","115855972","OXY_CH2","111.444","min","192.097","µmol/L","Humid","20.211","deg","77339","µV","30.036","°C","1015.000","hPa","35.3","pmil","0","53.237","deg","23.954","°C","100.000","%a.s.","21.023","deg","23.635","°C","1019.000","hPa","0.861","-0.02617","0.00035","0","0","13.56","Humid","28.00","0","54.00","359860.56","SABD0000000001","AAV1.0.0.11","1.1.2.0","PSt7-10","170328-007","9/30/2017 19:06:43","0000-00","0","no battery","V"
"09/09/2020","11:17:02","2","default","115855972","OXY_CH2","111.460","min","192.142","µmol/L","Humid","20.208","deg","77329","µV","30.038","°C","1015.000","hPa","35.3","pmil","0","53.237","deg","23.954","°C","100.000","%a.s.","21.023","deg","23.635","°C","1019.000","hPa","0.861","-0.02617","0.00035","0","0","13.56","Humid","28.00","0","54.00","359848.05","SABD0000000001","AAV1.0.0.11","1.1.2.0","PSt7-10","170328-007","9/30/2017 19:06:43","0000-00","0","no battery","V"
"09/09/2020","11:17:03","2","default","115855972","OXY_CH2","111.477","min","192.167","µmol/L","Humid","20.209","deg","77333","µV","30.031","°C","1015.000","hPa","35.3","pmil","0","53.237","deg","23.954","°C","100.000","%a.s.","21.023","deg","23.635","°C","1019.000","hPa","0.861","-0.02617","0.00035","0","0","13.56","Humid","28.00","0","54.00","359851.54","SABD0000000001","AAV1.0.0.11","1.1.2.0","PSt7-10","170328-007","9/30/2017 19:06:43","0000-00","0","no battery","V"
"09/09/2020","11:17:04","2","default","115855972","OXY_CH2","111.494","min","191.943","µmol/L","Humid","20.212","deg","77331","µV","30.059","°C","1015.000","hPa","35.3","pmil","0","53.237","deg","23.954","°C","100.000","%a.s.","21.023","deg","23.635","°C","1019.000","hPa","0.861","-0.02617","0.00035","0","0","13.56","Humid","28.00","0","54.00","359865.14","SABD0000000001","AAV1.0.0.11","1.1.2.0","PSt7-10","170328-007","9/30/2017 19:06:43","0000-00","0","no battery","V"
"09/09/2020","11:17:05","2","default","115855972","OXY_CH2","111.511","min","192.063","µmol/L","Humid","20.206","deg","77334","µV","30.057","°C","1015.000","hPa","35.3","pmil","0","53.237","deg","23.954","°C","100.000","%a.s.","21.023","deg","23.635","°C","1019.000","hPa","0.861","-0.02617","0.00035","0","0","13.56","Humid","28.00","0","54.00","359858.16","SABD0000000001","AAV1.0.0.11","1.1.2.0","PSt7-10","170328-007","9/30/2017 19:06:43","0000-00","0","no battery","V"
"09/09/2020","11:17:06","2","default","115855972","OXY_CH2","111.527","min","192.055","µmol/L","Humid","20.209","deg","77333","µV","30.049","°C","1015.000","hPa","35.3","pmil","0","53.237","deg","23.954","°C","100.000","%a.s.","21.023","deg","23.635","°C","1019.000","hPa","0.861","-0.02617","0.00035","0","0","13.56","Humid","28.00","0","54.00","359846.57","SABD0000000001","AAV1.0.0.11","1.1.2.0","PSt7-10","170328-007","9/30/2017 19:06:43","0000-00","0","no battery","V"
"09/09/2020","11:17:07","2","default","115855972","OXY_CH2","111.544","min","192.024","µmol/L","Humid","20.210","deg","77344","µV","30.051","°C","1015.000","hPa","35.3","pmil","0","53.237","deg","23.954","°C","100.000","%a.s.","21.023","deg","23.635","°C","1019.000","hPa","0.861","-0.02617","0.00035","0","0","13.56","Humid","28.00","0","54.00","359865.01","SABD0000000001","AAV1.0.0.11","1.1.2.0","PSt7-10","170328-007","9/30/2017 19:06:43","0000-00","0","no battery","V"
"09/09/2020","11:17:08","2","default","115855972","OXY_CH2","111.560","min","191.967","µmol/L","Humid","20.211","deg","77324","µV","30.058","°C","1015.000","hPa","35.3","pmil","0","53.237","deg","23.954","°C","100.000","%a.s.","21.023","deg","23.635","°C","1019.000","hPa","0.861","-0.02617","0.00035","0","0","13.56","Humid","28.00","0","54.00","359861.63","SABD0000000001","AAV1.0.0.11","1.1.2.0","PSt7-10","170328-007","9/30/2017 19:06:43","0000-00","0","no battery","V"
"09/09/2020","11:17:09","2","default","115855972","OXY_CH2","111.578","min","192.084","µmol/L","Humid","20.205","deg","77327","µV","30.056","°C","1015.000","hPa","35.3","pmil","0","53.237","deg","23.954","°C","100.000","%a.s.","21.023","deg","23.635","°C","1019.000","hPa","0.861","-0.02617","0.00035","0","0","13.56","Humid","28.00","0","54.00","359859.86","SABD0000000001","AAV1.0.0.11","1.1.2.0","PSt7-10","170328-007","9/30/2017 19:06:43","0000-00","0","no battery","V"
"09/09/2020","11:17:10","2","default","115855972","OXY_CH2","111.594","min","192.056","µmol/L","Humid","20.208","deg","77327","µV","30.052","°C","1015.000","hPa","35.3","pmil","0","53.237","deg","23.954","°C","100.000","%a.s.","21.023","deg","23.635","°C","1019.000","hPa","0.861","-0.02617","0.00035","0","0","13.56","Humid","28.00","0","54.00","359843.96","SABD0000000001","AAV1.0.0.11","1.1.2.0","PSt7-10","170328-007","9/30/2017 19:06:43","0000-00","0","no battery","V"
"09/09/2020","11:17:11","2","default","115855972","OXY_CH2","111.610","min","192.059","µmol/L","Humid","20.211","deg","77325","µV","30.043","°C","1015.000","hPa","35.3","pmil","0","53.237","deg","23.954","°C","100.000","%a.s.","21.023","deg","23.635","°C","1019.000","hPa","0.861","-0.02617","0.00035","0","0","13.56","Humid","28.00","0","54.00","359849.40","SABD0000000001","AAV1.0.0.11","1.1.2.0","PSt7-10","170328-007","9/30/2017 19:06:43","0000-00","0","no battery","V"
"09/09/2020","11:17:12","2","default","115855972","OXY_CH2","111.627","min","191.998","µmol/L","Humid","20.210","deg","77323","µV","30.055","°C","1015.000","hPa","35.3","pmil","0","53.237","deg","23.954","°C","100.000","%a.s.","21.023","deg","23.635","°C","1019.000","hPa","0.861","-0.02617","0.00035","0","0","13.56","Humid","28.00","0","54.00","359849.01","SABD0000000001","AAV1.0.0.11","1.1.2.0","PSt7-10","170328-007","9/30/2017 19:06:43","0000-00","0","no battery","V"
"09/09/2020","11:17:13","2","default","115855972","OXY_CH2","111.644","min","192.082","µmol/L","Humid","20.205","deg","77324","µV","30.056","°C","1015.000","hPa","35.3","pmil","0","53.237","deg","23.954","°C","100.000","%a.s.","21.023","deg","23.635","°C","1019.000","hPa","0.861","-0.02617","0.00035","0","0","13.56","Humid","28.00","0","54.00","359858.03","SABD0000000001","AAV1.0.0.11","1.1.2.0","PSt7-10","170328-007","9/30/2017 19:06:43","0000-00","0","no battery","V"
"09/09/2020","11:17:14","2","default","115855972","OXY_CH2","111.661","min","192.034","µmol/L","Humid","20.207","deg","77328","µV","30.058","°C","1015.000","hPa","35.3","pmil","0","53.237","deg","23.954","°C","100.000","%a.s.","21.023","deg","23.635","°C","1019.000","hPa","0.861","-0.02617","0.00035","0","0","13.56","Humid","28.00","0","54.00","359853.61","SABD0000000001","AAV1.0.0.11","1.1.2.0","PSt7-10","170328-007","9/30/2017 19:06:43","0000-00","0","no battery","V"
"09/09/2020","11:17:15","2","default","115855972","OXY_CH2","111.677","min","192.167","µmol/L","Humid","20.199","deg","77323","µV","30.060","°C","1015.000","hPa","35.3","pmil","0","53.237","deg","23.954","°C","100.000","%a.s.","21.023","deg","23.635","°C","1019.000","hPa","0.861","-0.02617","0.00035","0","0","13.56","Humid","28.00","0","54.00","359849.41","SABD0000000001","AAV1.0.0.11","1.1.2.0","PSt7-10","170328-007","9/30/2017 19:06:43","0000-00","0","no battery","V"
"09/09/2020","11:17:16","2","default","115855972","OXY_CH2","111.694","min","192.051","µmol/L","Humid","20.210","deg","77329","µV","30.047","°C","1015.000","hPa","35.3","pmil","0","53.237","deg","23.954","°C","100.000","%a.s.","21.023","deg","23.635","°C","1019.000","hPa","0.861","-0.02617","0.00035","0","0","13.56","Humid","28.00","0","54.00","359853.71","SABD0000000001","AAV1.0.0.11","1.1.2.0","PSt7-10","170328-007","9/30/2017 19:06:43","0000-00","0","no battery","V"
"09/09/2020","11:17:17","2","default","115855972","OXY_CH2","111.710","min","192.108","µmol/L","Humid","20.208","deg","77325","µV","30.043","°C","1015.000","hPa","35.3","pmil","0","53.237","deg","23.954","°C","100.000","%a.s.","21.023","deg","23.635","°C","1019.000","hPa","0.861","-0.02617","0.00035","0","0","13.56","Humid","28.00","0","54.00","359864.79","SABD0000000001","AAV1.0.0.11","1.1.2.0","PSt7-10","170328-007","9/30/2017 19:06:43","0000-00","0","no battery","V"
"09/09/2020","11:17:18","2","default","115855972","OXY_CH2","111.727","min","192.143","µmol/L","Humid","20.204","deg","77323","µV","30.049","°C","1015.000","hPa","35.3","pmil","0","53.237","deg","23.954","°C","100.000","%a.s.","21.023","deg","23.635","°C","1019.000","hPa","0.861","-0.02617","0.00035","0","0","13.56","Humid","28.00","0","54.00","359849.53","SABD0000000001","AAV1.0.0.11","1.1.2.0","PSt7-10","170328-007","9/30/2017 19:06:43","0000-00","0","no battery","V"
"09/09/2020","11:17:19","2","default","115855972","OXY_CH2","111.744","min","192.103","µmol/L","Humid","20.203","deg","77323","µV","30.059","°C","1015.000","hPa","35.3","pmil","0","53.237","deg","23.954","°C","100.000","%a.s.","21.023","deg","23.635","°C","1019.000","hPa","0.861","-0.02617","0.00035","0","0","13.56","Humid","28.00","0","54.00","359855.36","SABD0000000001","AAV1.0.0.11","1.1.2.0","PSt7-10","170328-007","9/30/2017 19:06:43","0000-00","0","no battery","V"
"09/09/2020","11:17:20","2","default","115855972","OXY_CH2","111.760","min","192.056","µmol/L","Humid","20.208","deg","77325","µV","30.052","°C","1015.000","hPa","35.3","pmil","0","53.237","deg","23.954","°C","100.000","%a.s.","21.023","deg","23.635","°C","1019.000","hPa","0.861","-0.02617","0.00035","0","0","13.56","Humid","28.00","0","54.00","359861.00","SABD0000000001","AAV1.0.0.11","1.1.2.0","PSt7-10","170328-007","9/30/2017 19:06:43","0000-00","0","no battery","V"
"09/09/2020","11:17:21","2","default","115855972","OXY_CH2","111.778","min","192.264","µmol/L","Humid","20.199","deg","77318","µV","30.044","°C","1015.000","hPa","35.3","pmil","0","53.237","deg","23.954","°C","100.000","%a.s.","21.023","deg","23.635","°C","1019.000","hPa","0.861","-0.02617","0.00035","0","0","13.56","Humid","28.00","0","54.00","359872.96","SABD0000000001","AAV1.0.0.11","1.1.2.0","PSt7-10","170328-007","9/30/2017 19:06:43","0000-00","0","no battery","V"
"09/09/2020","11:17:22","2","default","115855972","OXY_CH2","111.794","min","192.264","µmol/L","Humid","20.203","deg","77314","µV","30.032","°C","1015.000","hPa","35.3","pmil","0","53.237","deg","23.954","°C","100.000","%a.s.","21.023","deg","23.635","°C","1019.000","hPa","0.861","-0.02617","0.00035","0","0","13.56","Humid","28.00","0","54.00","359851.31","SABD0000000001","AAV1.0.0.11","1.1.2.0","PSt7-10","170328-007","9/30/2017 19:06:43","0000-00","0","no battery","V"
"09/09/2020","11:17:23","2","default","115855972","OXY_CH2","111.811","min","192.086","µmol/L","Humid","20.205","deg","77314","µV","30.056","°C","1015.000","hPa","35.3","pmil","0","53.237","deg","23.954","°C","100.000","%a.s.","21.023","deg","23.635","°C","1019.000","hPa","0.861","-0.02617","0.00035","0","0","13.56","Humid","28.00","0","54.00","359843.61","SABD0000000001","AAV1.0.0.11","1.1.2.0","PSt7-10","170328-007","9/30/2017 19:06:43","0000-00","0","no battery","V"
"09/09/2020","11:17:24","2","default","115855972","OXY_CH2","111.827","min","192.036","µmol/L","Humid","20.209","deg","77319","µV","30.052","°C","1015.000","hPa","35.3","pmil","0","53.237","deg","23.954","°C","100.000","%a.s.","21.023","deg","23.635","°C","1019.000","hPa","0.861","-0.02617","0.00035","0","0","13.56","Humid","28.00","0","54.00","359861.42","SABD0000000001","AAV1.0.0.11","1.1.2.0","PSt7-10","170328-007","9/30/2017 19:06:43","0000-00","0","no battery","V"
"09/09/2020","11:17:25","2","default","115855972","OXY_CH2","111.844","min","192.079","µmol/L","Humid","20.206","deg","77316","µV","30.054","°C","1015.000","hPa","35.3","pmil","0","53.237","deg","23.954","°C","100.000","%a.s.","21.023","deg","23.635","°C","1019.000","hPa","0.861","-0.02617","0.00035","0","0","13.56","Humid","28.00","0","54.00","359854.93","SABD0000000001","AAV1.0.0.11","1.1.2.0","PSt7-10","170328-007","9/30/2017 19:06:43","0000-00","0","no battery","V"
"09/09/2020","11:17:26","2","default","115855972","OXY_CH2","111.861","min","192.083","µmol/L","Humid","20.206","deg","77307","µV","30.053","°C","1015.000","hPa","35.3","pmil","0","53.237","deg","23.954","°C","100.000","%a.s.","21.023","deg","23.635","°C","1019.000","hPa","0.861","-0.02617","0.00035","0","0","13.56","Humid","28.00","0","54.00","359844.11","SABD0000000001","AAV1.0.0.11","1.1.2.0","PSt7-10","170328-007","9/30/2017 19:06:43","0000-00","0","no battery","V"
"09/09/2020","11:17:27","2","default","115855972","OXY_CH2","111.878","min","192.005","µmol/L","Humid","20.209","deg","77312","µV","30.057","°C","1015.000","hPa","35.3","pmil","0","53.237","deg","23.954","°C","100.000","%a.s.","21.023","deg","23.635","°C","1019.000","hPa","0.861","-0.02617","0.00035","0","0","13.56","Humid","28.00","0","54.00","359851.12","SABD0000000001","AAV1.0.0.11","1.1.2.0","PSt7-10","170328-007","9/30/2017 19:06:43","0000-00","0","no battery","V"
"09/09/2020","11:17:28","2","default","115855972","OXY_CH2","111.894","min","192.099","µmol/L","Humid","20.204","deg","77307","µV","30.056","°C","1015.000","hPa","35.3","pmil","0","53.237","deg","23.954","°C","100.000","%a.s.","21.023","deg","23.635","°C","1019.000","hPa","0.861","-0.02617","0.00035","0","0","13.56","Humid","28.00","0","54.00","359850.94","SABD0000000001","AAV1.0.0.11","1.1.2.0","PSt7-10","170328-007","9/30/2017 19:06:43","0000-00","0","no battery","V"
"09/09/2020","11:17:29","2","default","115855972","OXY_CH2","111.910","min","192.112","µmol/L","Humid","20.209","deg","77310","µV","30.040","°C","1015.000","hPa","35.3","pmil","0","53.237","deg","23.954","°C","100.000","%a.s.","21.023","deg","23.635","°C","1019.000","hPa","0.861","-0.02617","0.00035","0","0","13.56","Humid","28.00","0","54.00","359849.33","SABD0000000001","AAV1.0.0.11","1.1.2.0","PSt7-10","170328-007","9/30/2017 19:06:43","0000-00","0","no battery","V"
"09/09/2020","11:17:30","2","default","115855972","OXY_CH2","111.927","min","192.151","µmol/L","Humid","20.203","deg","77312","µV","30.051","°C","1015.000","hPa","35.3","pmil","0","53.237","deg","23.954","°C","100.000","%a.s.","21.023","deg","23.635","°C","1019.000","hPa","0.861","-0.02617","0.00035","0","0","13.56","Humid","28.00","0","54.00","359854.10","SABD0000000001","AAV1.0.0.11","1.1.2.0","PSt7-10","170328-007","9/30/2017 19:06:43","0000-00","0","no battery","V"
"09/09/2020","11:17:31","2","default","115855972","OXY_CH2","111.944","min","192.181","µmol/L","Humid","20.201","deg","77304","µV","30.052","°C","1015.000","hPa","35.3","pmil","0","53.237","deg","23.954","°C","100.000","%a.s.","21.023","deg","23.635","°C","1019.000","hPa","0.861","-0.02617","0.00035","0","0","13.56","Humid","28.00","0","54.00","359846.54","SABD0000000001","AAV1.0.0.11","1.1.2.0","PSt7-10","170328-007","9/30/2017 19:06:43","0000-00","0","no battery","V"
"09/09/2020","11:17:32","2","default","115855972","OXY_CH2","111.960","min","192.177","µmol/L","Humid","20.202","deg","77306","µV","30.050","°C","1015.000","hPa","35.3","pmil","0","53.237","deg","23.954","°C","100.000","%a.s.","21.023","deg","23.635","°C","1019.000","hPa","0.861","-0.02617","0.00035","0","0","13.56","Humid","28.00","0","54.00","359849.10","SABD0000000001","AAV1.0.0.11","1.1.2.0","PSt7-10","170328-007","9/30/2017 19:06:43","0000-00","0","no battery","V"
"09/09/2020","11:17:33","2","default","115855972","OXY_CH2","111.978","min","192.179","µmol/L","Humid","20.204","deg","77307","µV","30.043","°C","1015.000","hPa","35.3","pmil","0","53.237","deg","23.954","°C","100.000","%a.s.","21.023","deg","23.635","°C","1019.000","hPa","0.861","-0.02617","0.00035","0","0","13.56","Humid","28.00","0","54.00","359844.61","SABD0000000001","AAV1.0.0.11","1.1.2.0","PSt7-10","170328-007","9/30/2017 19:06:43","0000-00","0","no battery","V"
"09/09/2020","11:17:34","2","default","115855972","OXY_CH2","111.994","min","192.153","µmol/L","Humid","20.203","deg","77303","µV","30.050","°C","1015.000","hPa","35.3","pmil","0","53.237","deg","23.954","°C","100.000","%a.s.","21.023","deg","23.635","°C","1019.000","hPa","0.861","-0.02617","0.00035","0","0","13.56","Humid","28.00","0","54.00","359849.42","SABD0000000001","AAV1.0.0.11","1.1.2.0","PSt7-10","170328-007","9/30/2017 19:06:43","0000-00","0","no battery","V"
"09/09/2020","11:17:35","2","default","115855972","OXY_CH2","112.011","min","192.217","µmol/L","Humid","20.199","deg","77310","µV","30.052","°C","1015.000","hPa","35.3","pmil","0","53.237","deg","23.954","°C","100.000","%a.s.","21.023","deg","23.635","°C","1019.000","hPa","0.861","-0.02617","0.00035","0","0","13.56","Humid","28.00","0","54.00","359849.31","SABD0000000001","AAV1.0.0.11","1.1.2.0","PSt7-10","170328-007","9/30/2017 19:06:43","0000-00","0","no battery","V"
"09/09/2020","11:17:36","2","default","115855972","OXY_CH2","112.027","min","192.264","µmol/L","Humid","20.198","deg","77303","µV","30.047","°C","1015.000","hPa","35.3","pmil","0","53.237","deg","23.954","°C","100.000","%a.s.","21.023","deg","23.635","°C","1019.000","hPa","0.861","-0.02617","0.00035","0","0","13.56","Humid","28.00","0","54.00","359833.73","SABD0000000001","AAV1.0.0.11","1.1.2.0","PSt7-10","170328-007","9/30/2017 19:06:43","0000-00","0","no battery","V"
"09/09/2020","11:17:37","2","default","115855972","OXY_CH2","112.044","min","192.239","µmol/L","Humid","20.200","deg","77304","µV","30.045","°C","1015.000","hPa","35.3","pmil","0","53.237","deg","23.954","°C","100.000","%a.s.","21.023","deg","23.635","°C","1019.000","hPa","0.861","-0.02617","0.00035","0","0","13.56","Humid","28.00","0","54.00","359842.09","SABD0000000001","AAV1.0.0.11","1.1.2.0","PSt7-10","170328-007","9/30/2017 19:06:43","0000-00","0","no battery","V"
"09/09/2020","11:17:38","2","default","115855972","OXY_CH2","112.061","min","192.200","µmol/L","Humid","20.202","deg","77296","µV","30.046","°C","1015.000","hPa","35.3","pmil","0","53.237","deg","23.954","°C","100.000","%a.s.","21.023","deg","23.635","°C","1019.000","hPa","0.861","-0.02617","0.00035","0","0","13.56","Humid","28.00","0","54.00","359841.24","SABD0000000001","AAV1.0.0.11","1.1.2.0","PSt7-10","170328-007","9/30/2017 19:06:43","0000-00","0","no battery","V"
"09/09/2020","11:17:39","2","default","115855972","OXY_CH2","112.077","min","192.177","µmol/L","Humid","20.204","deg","77302","µV","30.044","°C","1015.000","hPa","35.3","pmil","0","53.237","deg","23.954","°C","100.000","%a.s.","21.023","deg","23.635","°C","1019.000","hPa","0.861","-0.02617","0.00035","0","0","13.56","Humid","28.00","0","54.00","359835.50","SABD0000000001","AAV1.0.0.11","1.1.2.0","PSt7-10","170328-007","9/30/2017 19:06:43","0000-00","0","no battery","V"
"09/09/2020","11:17:40","2","default","115855972","OXY_CH2","112.094","min","192.198","µmol/L","Humid","20.206","deg","77294","µV","30.034","°C","1015.000","hPa","35.3","pmil","0","53.237","deg","23.954","°C","100.000","%a.s.","21.023","deg","23.635","°C","1019.000","hPa","0.861","-0.02617","0.00035","0","0","13.56","Humid","28.00","0","54.00","359832.04","SABD0000000001","AAV1.0.0.11","1.1.2.0","PSt7-10","170328-007","9/30/2017 19:06:43","0000-00","0","no battery","V"
"09/09/2020","11:17:41","2","default","115855972","OXY_CH2","112.110","min","192.142","µmol/L","Humid","20.202","deg","77296","µV","30.055","°C","1015.000","hPa","35.3","pmil","0","53.237","deg","23.954","°C","100.000","%a.s.","21.023","deg","23.635","°C","1019.000","hPa","0.861","-0.02617","0.00035","0","0","13.56","Humid","28.00","0","54.00","359839.56","SABD0000000001","AAV1.0.0.11","1.1.2.0","PSt7-10","170328-007","9/30/2017 19:06:43","0000-00","0","no battery","V"
"09/09/2020","11:17:42","2","default","115855972","OXY_CH2","112.127","min","192.071","µmol/L","Humid","20.202","deg","77294","µV","30.067","°C","1015.000","hPa","35.3","pmil","0","53.237","deg","23.954","°C","100.000","%a.s.","21.023","deg","23.635","°C","1019.000","hPa","0.861","-0.02617","0.00035","0","0","13.56","Humid","28.00","0","54.00","359836.47","SABD0000000001","AAV1.0.0.11","1.1.2.0","PSt7-10","170328-007","9/30/2017 19:06:43","0000-00","0","no battery","V"
"09/09/2020","11:17:43","2","default","115855972","OXY_CH2","112.144","min","192.088","µmol/L","Humid","20.202","deg","77292","µV","30.064","°C","1015.000","hPa","35.3","pmil","0","53.237","deg","23.954","°C","100.000","%a.s.","21.023","deg","23.635","°C","1019.000","hPa","0.861","-0.02617","0.00035","0","0","13.56","Humid","28.00","0","54.00","359831.47","SABD0000000001","AAV1.0.0.11","1.1.2.0","PSt7-10","170328-007","9/30/2017 19:06:43","0000-00","0","no battery","V"
"09/09/2020","11:17:44","2","default","115855972","OXY_CH2","112.161","min","192.036","µmol/L","Humid","20.205","deg","77294","µV","30.064","°C","1015.000","hPa","35.3","pmil","0","53.237","deg","23.954","°C","100.000","%a.s.","21.023","deg","23.635","°C","1019.000","hPa","0.861","-0.02617","0.00035","0","0","13.56","Humid","28.00","0","54.00","359827.85","SABD0000000001","AAV1.0.0.11","1.1.2.0","PSt7-10","170328-007","9/30/2017 19:06:43","0000-00","0","no battery","V"
"09/09/2020","11:17:45","2","default","115855972","OXY_CH2","112.178","min","192.242","µmol/L","Humid","20.197","deg","77294","µV","30.054","°C","1015.000","hPa","35.3","pmil","0","53.237","deg","23.954","°C","100.000","%a.s.","21.023","deg","23.635","°C","1019.000","hPa","0.861","-0.02617","0.00035","0","0","13.56","Humid","28.00","0","54.00","359831.24","SABD0000000001","AAV1.0.0.11","1.1.2.0","PSt7-10","170328-007","9/30/2017 19:06:43","0000-00","0","no battery","V"
"09/09/2020","11:17:46","2","default","115855972","OXY_CH2","112.194","min","192.203","µmol/L","Humid","20.203","deg","77292","µV","30.042","°C","1015.000","hPa","35.3","pmil","0","53.237","deg","23.954","°C","100.000","%a.s.","21.023","deg","23.635","°C","1019.000","hPa","0.861","-0.02617","0.00035","0","0","13.56","Humid","28.00","0","54.00","359819.51","SABD0000000001","AAV1.0.0.11","1.1.2.0","PSt7-10","170328-007","9/30/2017 19:06:43","0000-00","0","no battery","V"
"09/09/2020","11:17:47","2","default","115855972","OXY_CH2","112.211","min","192.138","µmol/L","Humid","20.202","deg","77292","µV","30.056","°C","1015.000","hPa","35.3","pmil","0","53.237","deg","23.954","°C","100.000","%a.s.","21.023","deg","23.635","°C","1019.000","hPa","0.861","-0.02617","0.00035","0","0","13.56","Humid","28.00","0","54.00","359819.32","SABD0000000001","AAV1.0.0.11","1.1.2.0","PSt7-10","170328-007","9/30/2017 19:06:43","0000-00","0","no battery","V"
"09/09/2020","11:17:48","2","default","115855972","OXY_CH2","112.228","min","192.179","µmol/L","Humid","20.201","deg","77292","µV","30.052","°C","1015.000","hPa","35.3","pmil","0","53.237","deg","23.954","°C","100.000","%a.s.","21.023","deg","23.635","°C","1019.000","hPa","0.861","-0.02617","0.00035","0","0","13.56","Humid","28.00","0","54.00","359823.21","SABD0000000001","AAV1.0.0.11","1.1.2.0","PSt7-10","170328-007","9/30/2017 19:06:43","0000-00","0","no battery","V"
"09/09/2020","11:17:49","2","default","115855972","OXY_CH2","112.244","min","192.315","µmol/L","Humid","20.195","deg","77284","µV","30.047","°C","1015.000","hPa","35.3","pmil","0","53.237","deg","23.954","°C","100.000","%a.s.","21.023","deg","23.635","°C","1019.000","hPa","0.861","-0.02617","0.00035","0","0","13.56","Humid","28.00","0","54.00","359826.53","SABD0000000001","AAV1.0.0.11","1.1.2.0","PSt7-10","170328-007","9/30/2017 19:06:43","0000-00","0","no battery","V"
"09/09/2020","11:17:50","2","default","115855972","OXY_CH2","112.261","min","192.275","µmol/L","Humid","20.198","deg","77282","µV","30.045","°C","1015.000","hPa","35.3","pmil","0","53.237","deg","23.954","°C","100.000","%a.s.","21.023","deg","23.635","°C","1019.000","hPa","0.861","-0.02617","0.00035","0","0","13.56","Humid","28.00","0","54.00","359817.43","SABD0000000001","AAV1.0.0.11","1.1.2.0","PSt7-10","170328-007","9/30/2017 19:06:43","0000-00","0","no battery","V"
"09/09/2020","11:17:51","2","default","115855972","OXY_CH2","112.277","min","192.184","µmol/L","Humid","20.200","deg","77283","µV","30.054","°C","1015.000","hPa","35.3","pmil","0","53.237","deg","23.954","°C","100.000","%a.s.","21.023","deg","23.635","°C","1019.000","hPa","0.861","-0.02617","0.00035","0","0","13.56","Humid","28.00","0","54.00","359821.31","SABD0000000001","AAV1.0.0.11","1.1.2.0","PSt7-10","170328-007","9/30/2017 19:06:43","0000-00","0","no battery","V"
"09/09/2020","11:17:52","2","default","115855972","OXY_CH2","112.294","min","192.202","µmol/L","Humid","20.198","deg","77286","µV","30.057","°C","1015.000","hPa","35.3","pmil","0","53.237","deg","23.954","°C","100.000","%a.s.","21.023","deg","23.635","°C","1019.000","hPa","0.861","-0.02617","0.00035","0","0","13.56","Humid","28.00","0","54.00","359828.22","SABD0000000001","AAV1.0.0.11","1.1.2.0","PSt7-10","170328-007","9/30/2017 19:06:43","0000-00","0","no battery","V"
"09/09/2020","11:17:53","2","default","115855972","OXY_CH2","112.310","min","192.131","µmol/L","Humid","20.205","deg","77280","µV","30.048","°C","1015.000","hPa","35.3","pmil","0","53.237","deg","23.954","°C","100.000","%a.s.","21.023","deg","23.635","°C","1019.000","hPa","0.861","-0.02617","0.00035","0","0","13.56","Humid","28.00","0","54.00","359815.86","SABD0000000001","AAV1.0.0.11","1.1.2.0","PSt7-10","170328-007","9/30/2017 19:06:43","0000-00","0","no battery","V"
"09/09/2020","11:17:54","2","default","115855972","OXY_CH2","112.327","min","192.193","µmol/L","Humid","20.201","deg","77278","µV","30.050","°C","1015.000","hPa","35.3","pmil","0","53.237","deg","23.954","°C","100.000","%a.s.","21.023","deg","23.635","°C","1019.000","hPa","0.861","-0.02617","0.00035","0","0","13.56","Humid","28.00","0","54.00","359820.19","SABD0000000001","AAV1.0.0.11","1.1.2.0","PSt7-10","170328-007","9/30/2017 19:06:43","0000-00","0","no battery","V"
"09/09/2020","11:17:55","2","default","115855972","OXY_CH2","112.344","min","192.285","µmol/L","Humid","20.199","deg","77278","µV","30.041","°C","1015.000","hPa","35.3","pmil","0","53.237","deg","23.954","°C","100.000","%a.s.","21.023","deg","23.635","°C","1019.000","hPa","0.861","-0.02617","0.00035","0","0","13.56","Humid","28.00","0","54.00","359825.64","SABD0000000001","AAV1.0.0.11","1.1.2.0","PSt7-10","170328-007","9/30/2017 19:06:43","0000-00","0","no battery","V"
"09/09/2020","11:17:56","2","default","115855972","OXY_CH2","112.360","min","192.129","µmol/L","Humid","20.203","deg","77273","µV","30.054","°C","1015.000","hPa","35.3","pmil","0","53.237","deg","23.954","°C","100.000","%a.s.","21.023","deg","23.635","°C","1019.000","hPa","0.861","-0.02617","0.00035","0","0","13.56","Humid","28.00","0","54.00","359812.80","SABD0000000001","AAV1.0.0.11","1.1.2.0","PSt7-10","170328-007","9/30/2017 19:06:43","0000-00","0","no battery","V"
"09/09/2020","11:17:57","2","default","115855972","OXY_CH2","112.377","min","192.189","µmol/L","Humid","20.200","deg","77279","µV","30.053","°C","1015.000","hPa","35.3","pmil","0","53.237","deg","23.954","°C","100.000","%a.s.","21.023","deg","23.635","°C","1019.000","hPa","0.861","-0.02617","0.00035","0","0","13.56","Humid","28.00","0","54.00","359804.79","SABD0000000001","AAV1.0.0.11","1.1.2.0","PSt7-10","170328-007","9/30/2017 19:06:43","0000-00","0","no battery","V"
"09/09/2020","11:17:58","2","default","115855972","OXY_CH2","112.394","min","192.328","µmol/L","Humid","20.197","deg","77279","µV","30.039","°C","1015.000","hPa","35.3","pmil","0","53.237","deg","23.954","°C","100.000","%a.s.","21.023","deg","23.635","°C","1019.000","hPa","0.861","-0.02617","0.00035","0","0","13.56","Humid","28.00","0","54.00","359820.77","SABD0000000001","AAV1.0.0.11","1.1.2.0","PSt7-10","170328-007","9/30/2017 19:06:43","0000-00","0","no battery","V"
"09/09/2020","11:17:59","2","default","115855972","OXY_CH2","112.411","min","192.356","µmol/L","Humid","20.197","deg","77277","µV","30.035","°C","1015.000","hPa","35.3","pmil","0","53.237","deg","23.954","°C","100.000","%a.s.","21.023","deg","23.635","°C","1019.000","hPa","0.861","-0.02617","0.00035","0","0","13.56","Humid","28.00","0","54.00","359819.34","SABD0000000001","AAV1.0.0.11","1.1.2.0","PSt7-10","170328-007","9/30/2017 19:06:43","0000-00","0","no battery","V"
"09/09/2020","11:18:00","2","default","115855972","OXY_CH2","112.427","min","192.399","µmol/L","Humid","20.195","deg","77272","µV","30.033","°C","1015.000","hPa","35.3","pmil","0","53.237","deg","23.954","°C","100.000","%a.s.","21.023","deg","23.635","°C","1019.000","hPa","0.861","-0.02617","0.00035","0","0","13.56","Humid","28.00","0","54.00","359830.05","SABD0000000001","AAV1.0.0.11","1.1.2.0","PSt7-10","170328-007","9/30/2017 19:06:43","0000-00","0","no battery","V"
"09/09/2020","11:18:01","2","default","115855972","OXY_CH2","112.444","min","192.179","µmol/L","Humid","20.198","deg","77274","µV","30.061","°C","1015.000","hPa","35.3","pmil","0","53.237","deg","23.954","°C","100.000","%a.s.","21.023","deg","23.635","°C","1019.000","hPa","0.861","-0.02617","0.00035","0","0","13.56","Humid","28.00","0","54.00","359831.03","SABD0000000001","AAV1.0.0.11","1.1.2.0","PSt7-10","170328-007","9/30/2017 19:06:43","0000-00","0","no battery","V"
"09/09/2020","11:18:02","2","default","115855972","OXY_CH2","112.460","min","192.163","µmol/L","Humid","20.200","deg","77274","µV","30.058","°C","1015.000","hPa","35.3","pmil","0","53.237","deg","23.954","°C","100.000","%a.s.","21.023","deg","23.635","°C","1019.000","hPa","0.861","-0.02617","0.00035","0","0","13.56","Humid","28.00","0","54.00","359812.84","SABD0000000001","AAV1.0.0.11","1.1.2.0","PSt7-10","170328-007","9/30/2017 19:06:43","0000-00","0","no battery","V"
"09/09/2020","11:18:03","2","default","115855972","OXY_CH2","112.478","min","192.298","µmol/L","Humid","20.196","deg","77273","µV","30.047","°C","1015.000","hPa","35.3","pmil","0","53.237","deg","23.954","°C","100.000","%a.s.","21.023","deg","23.635","°C","1019.000","hPa","0.861","-0.02617","0.00035","0","0","13.56","Humid","28.00","0","54.00","359814.34","SABD0000000001","AAV1.0.0.11","1.1.2.0","PSt7-10","170328-007","9/30/2017 19:06:43","0000-00","0","no battery","V"
"09/09/2020","11:18:04","2","default","115855972","OXY_CH2","112.494","min","192.200","µmol/L","Humid","20.198","deg","77269","µV","30.057","°C","1015.000","hPa","35.3","pmil","0","53.237","deg","23.954","°C","100.000","%a.s.","21.023","deg","23.635","°C","1019.000","hPa","0.861","-0.02617","0.00035","0","0","13.56","Humid","28.00","0","54.00","359819.13","SABD0000000001","AAV1.0.0.11","1.1.2.0","PSt7-10","170328-007","9/30/2017 19:06:43","0000-00","0","no battery","V"
"09/09/2020","11:18:05","2","default","115855972","OXY_CH2","112.511","min","192.293","µmol/L","Humid","20.194","deg","77274","µV","30.054","°C","1015.000","hPa","35.3","pmil","0","53.237","deg","23.954","°C","100.000","%a.s.","21.023","deg","23.635","°C","1019.000","hPa","0.861","-0.02617","0.00035","0","0","13.56","Humid","28.00","0","54.00","359821.23","SABD0000000001","AAV1.0.0.11","1.1.2.0","PSt7-10","170328-007","9/30/2017 19:06:43","0000-00","0","no battery","V"
"09/09/2020","11:18:06","2","default","115855972","OXY_CH2","112.527","min","192.248","µmol/L","Humid","20.198","deg","77272","µV","30.049","°C","1015.000","hPa","35.3","pmil","0","53.237","deg","23.954","°C","100.000","%a.s.","21.023","deg","23.635","°C","1019.000","hPa","0.861","-0.02617","0.00035","0","0","13.56","Humid","28.00","0","54.00","359816.19","SABD0000000001","AAV1.0.0.11","1.1.2.0","PSt7-10","170328-007","9/30/2017 19:06:43","0000-00","0","no battery","V"
"09/09/2020","11:18:07","2","default","115855972","OXY_CH2","112.544","min","192.226","µmol/L","Humid","20.195","deg","77264","µV","30.062","°C","1015.000","hPa","35.3","pmil","0","53.237","deg","23.954","°C","100.000","%a.s.","21.023","deg","23.635","°C","1019.000","hPa","0.861","-0.02617","0.00035","0","0","13.56","Humid","28.00","0","54.00","359814.47","SABD0000000001","AAV1.0.0.11","1.1.2.0","PSt7-10","170328-007","9/30/2017 19:06:43","0000-00","0","no battery","V"
"09/09/2020","11:18:08","2","default","115855972","OXY_CH2","112.560","min","192.354","µmol/L","Humid","20.194","deg","77267","µV","30.044","°C","1015.000","hPa","35.3","pmil","0","53.237","deg","23.954","°C","100.000","%a.s.","21.023","deg","23.635","°C","1019.000","hPa","0.861","-0.02617","0.00035","0","0","13.56","Humid","28.00","0","54.00","359803.51","SABD0000000001","AAV1.0.0.11","1.1.2.0","PSt7-10","170328-007","9/30/2017 19:06:43","0000-00","0","no battery","V"
"09/09/2020","11:18:09","2","default","115855972","OXY_CH2","112.577","min","192.195","µmol/L","Humid","20.202","deg","77263","µV","30.047","°C","1015.000","hPa","35.3","pmil","0","53.237","deg","23.954","°C","100.000","%a.s.","21.023","deg","23.635","°C","1019.000","hPa","0.861","-0.02617","0.00035","0","0","13.56","Humid","28.00","0","54.00","359808.69","SABD0000000001","AAV1.0.0.11","1.1.2.0","PSt7-10","170328-007","9/30/2017 19:06:43","0000-00","0","no battery","V"
"09/09/2020","11:18:10","2","default","115855972","OXY_CH2","112.594","min","192.292","µmol/L","Humid","20.197","deg","77268","µV","30.045","°C","1015.000","hPa","35.3","pmil","0","53.237","deg","23.954","°C","100.000","%a.s.","21.023","deg","23.635","°C","1019.000","hPa","0.861","-0.02617","0.00035","0","0","13.56","Humid","28.00","0","54.00","359801.63","SABD0000000001","AAV1.0.0.11","1.1.2.0","PSt7-10","170328-007","9/30/2017 19:06:43","0000-00","0","no battery","V"
"09/09/2020","11:18:11","2","default","115855972","OXY_CH2","112.610","min","192.304","µmol/L","Humid","20.193","deg","77261","µV","30.055","°C","1015.000","hPa","35.3","pmil","0","53.237","deg","23.954","°C","100.000","%a.s.","21.023","deg","23.635","°C","1019.000","hPa","0.861","-0.02617","0.00035","0","0","13.56","Humid","28.00","0","54.00","359792.12","SABD0000000001","AAV1.0.0.11","1.1.2.0","PSt7-10","170328-007","9/30/2017 19:06:43","0000-00","0","no battery","V"
"09/09/2020","11:18:12","2","default","115855972","OXY_CH2","112.627","min","192.303","µmol/L","Humid","20.195","deg","77270","µV","30.049","°C","1015.000","hPa","35.3","pmil","0","53.237","deg","23.954","°C","100.000","%a.s.","21.023","deg","23.635","°C","1019.000","hPa","0.861","-0.02617","0.00035","0","0","13.56","Humid","28.00","0","54.00","359809.79","SABD0000000001","AAV1.0.0.11","1.1.2.0","PSt7-10","170328-007","9/30/2017 19:06:43","0000-00","0","no battery","V"
"09/09/2020","11:18:13","2","default","115855972","OXY_CH2","112.644","min","192.380","µmol/L","Humid","20.192","deg","77262","µV","30.045","°C","1015.000","hPa","35.3","pmil","0","53.237","deg","23.954","°C","100.000","%a.s.","21.023","deg","23.635","°C","1019.000","hPa","0.861","-0.02617","0.00035","0","0","13.56","Humid","28.00","0","54.00","359800.78","SABD0000000001","AAV1.0.0.11","1.1.2.0","PSt7-10","170328-007","9/30/2017 19:06:43","0000-00","0","no battery","V"
"09/09/2020","11:18:14","2","default","115855972","OXY_CH2","112.661","min","192.222","µmol/L","Humid","20.198","deg","77259","µV","30.054","°C","1015.000","hPa","35.3","pmil","0","53.237","deg","23.954","°C","100.000","%a.s.","21.023","deg","23.635","°C","1019.000","hPa","0.861","-0.02617","0.00035","0","0","13.56","Humid","28.00","0","54.00","359815.33","SABD0000000001","AAV1.0.0.11","1.1.2.0","PSt7-10","170328-007","9/30/2017 19:06:43","0000-00","0","no battery","V"
"09/09/2020","11:18:15","2","default","115855972","OXY_CH2","112.678","min","192.249","µmol/L","Humid","20.198","deg","77257","µV","30.049","°C","1015.000","hPa","35.3","pmil","0","53.237","deg","23.954","°C","100.000","%a.s.","21.023","deg","23.635","°C","1019.000","hPa","0.861","-0.02617","0.00035","0","0","13.56","Humid","28.00","0","54.00","359817.57","SABD0000000001","AAV1.0.0.11","1.1.2.0","PSt7-10","170328-007","9/30/2017 19:06:43","0000-00","0","no battery","V"
"09/09/2020","11:18:16","2","default","115855972","OXY_CH2","112.694","min","192.350","µmol/L","Humid","20.193","deg","77259","µV","30.047","°C","1015.000","hPa","35.3","pmil","0","53.237","deg","23.954","°C","100.000","%a.s.","21.023","deg","23.635","°C","1019.000","hPa","0.861","-0.02617","0.00035","0","0","13.56","Humid","28.00","0","54.00","359799.63","SABD0000000001","AAV1.0.0.11","1.1.2.0","PSt7-10","170328-007","9/30/2017 19:06:43","0000-00","0","no battery","V"
"09/09/2020","11:18:17","2","default","115855972","OXY_CH2","112.711","min","192.340","µmol/L","Humid","20.194","deg","77259","µV","30.046","°C","1015.000","hPa","35.3","pmil","0","53.237","deg","23.954","°C","100.000","%a.s.","21.023","deg","23.635","°C","1019.000","hPa","0.861","-0.02617","0.00035","0","0","13.56","Humid","28.00","0","54.00","359806.18","SABD0000000001","AAV1.0.0.11","1.1.2.0","PSt7-10","170328-007","9/30/2017 19:06:43","0000-00","0","no battery","V"
"09/09/2020","11:18:18","2","default","115855972","OXY_CH2","112.728","min","192.406","µmol/L","Humid","20.194","deg","77261","µV","30.035","°C","1015.000","hPa","35.3","pmil","0","53.237","deg","23.954","°C","100.000","%a.s.","21.023","deg","23.635","°C","1019.000","hPa","0.861","-0.02617","0.00035","0","0","13.56","Humid","28.00","0","54.00","359795.33","SABD0000000001","AAV1.0.0.11","1.1.2.0","PSt7-10","170328-007","9/30/2017 19:06:43","0000-00","0","no battery","V"
"09/09/2020","11:18:19","2","default","115855972","OXY_CH2","112.744","min","192.402","µmol/L","Humid","20.196","deg","77253","µV","30.030","°C","1015.000","hPa","35.3","pmil","0","53.237","deg","23.954","°C","100.000","%a.s.","21.023","deg","23.635","°C","1019.000","hPa","0.861","-0.02617","0.00035","0","0","13.56","Humid","28.00","0","54.00","359799.01","SABD0000000001","AAV1.0.0.11","1.1.2.0","PSt7-10","170328-007","9/30/2017 19:06:43","0000-00","0","no battery","V"
"09/09/2020","11:18:20","2","default","115855972","OXY_CH2","112.760","min","192.277","µmol/L","Humid","20.192","deg","77246","µV","30.062","°C","1015.000","hPa","35.3","pmil","0","53.237","deg","23.954","°C","100.000","%a.s.","21.023","deg","23.635","°C","1019.000","hPa","0.861","-0.02617","0.00035","0","0","13.56","Humid","28.00","0","54.00","359783.04","SABD0000000001","AAV1.0.0.11","1.1.2.0","PSt7-10","170328-007","9/30/2017 19:06:43","0000-00","0","no battery","V"
"09/09/2020","11:18:21","2","default","115855972","OXY_CH2","112.777","min","192.369","µmol/L","Humid","20.190","deg","77253","µV","30.053","°C","1015.000","hPa","35.3","pmil","0","53.237","deg","23.954","°C","100.000","%a.s.","21.023","deg","23.635","°C","1019.000","hPa","0.861","-0.02617","0.00035","0","0","13.56","Humid","28.00","0","54.00","359803.30","SABD0000000001","AAV1.0.0.11","1.1.2.0","PSt7-10","170328-007","9/30/2017 19:06:43","0000-00","0","no battery","V"
"09/09/2020","11:18:22","2","default","115855972","OXY_CH2","112.794","min","192.350","µmol/L","Humid","20.193","deg","77252","µV","30.047","°C","1015.000","hPa","35.3","pmil","0","53.237","deg","23.954","°C","100.000","%a.s.","21.023","deg","23.635","°C","1019.000","hPa","0.861","-0.02617","0.00035","0","0","13.56","Humid","28.00","0","54.00","359790.44","SABD0000000001","AAV1.0.0.11","1.1.2.0","PSt7-10","170328-007","9/30/2017 19:06:43","0000-00","0","no battery","V"
"09/09/2020","11:18:23","2","default","115855972","OXY_CH2","112.811","min","192.380","µmol/L","Humid","20.189","deg","77250","µV","30.054","°C","1015.000","hPa","35.3","pmil","0","53.237","deg","23.954","°C","100.000","%a.s.","21.023","deg","23.635","°C","1019.000","hPa","0.861","-0.02617","0.00035","0","0","13.56","Humid","28.00","0","54.00","359795.33","SABD0000000001","AAV1.0.0.11","1.1.2.0","PSt7-10","170328-007","9/30/2017 19:06:43","0000-00","0","no battery","V"
"09/09/2020","11:18:24","2","default","115855972","OXY_CH2","112.827","min","192.369","µmol/L","Humid","20.190","deg","77249","µV","30.053","°C","1015.000","hPa","35.3","pmil","0","53.237","deg","23.954","°C","100.000","%a.s.","21.023","deg","23.635","°C","1019.000","hPa","0.861","-0.02617","0.00035","0","0","13.56","Humid","28.00","0","54.00","359788.86","SABD0000000001","AAV1.0.0.11","1.1.2.0","PSt7-10","170328-007","9/30/2017 19:06:43","0000-00","0","no battery","V"
"09/09/2020","11:18:25","2","default","115855972","OXY_CH2","112.844","min","192.266","µmol/L","Humid","20.194","deg","77250","µV","30.058","°C","1015.000","hPa","35.3","pmil","0","53.237","deg","23.954","°C","100.000","%a.s.","21.023","deg","23.635","°C","1019.000","hPa","0.861","-0.02617","0.00035","0","0","13.56","Humid","28.00","0","54.00","359796.13","SABD0000000001","AAV1.0.0.11","1.1.2.0","PSt7-10","170328-007","9/30/2017 19:06:43","0000-00","0","no battery","V"
"09/09/2020","11:18:26","2","default","115855972","OXY_CH2","112.860","min","192.302","µmol/L","Humid","20.192","deg","77246","µV","30.058","°C","1015.000","hPa","35.3","pmil","0","53.237","deg","23.954","°C","100.000","%a.s.","21.023","deg","23.635","°C","1019.000","hPa","0.861","-0.02617","0.00035","0","0","13.56","Humid","28.00","0","54.00","359786.30","SABD0000000001","AAV1.0.0.11","1.1.2.0","PSt7-10","170328-007","9/30/2017 19:06:43","0000-00","0","no battery","V"
"09/09/2020","11:18:27","2","default","115855972","OXY_CH2","112.877","min","192.344","µmol/L","Humid","20.189","deg","77242","µV","30.060","°C","1015.000","hPa","35.3","pmil","0","53.237","deg","23.954","°C","100.000","%a.s.","21.023","deg","23.635","°C","1019.000","hPa","0.861","-0.02617","0.00035","0","0","13.56","Humid","28.00","0","54.00","359780.87","SABD0000000001","AAV1.0.0.11","1.1.2.0","PSt7-10","170328-007","9/30/2017 19:06:43","0000-00","0","no battery","V"
"09/09/2020","11:18:28","2","default","115855972","OXY_CH2","112.894","min","192.399","µmol/L","Humid","20.192","deg","77241","µV","30.042","°C","1015.000","hPa","35.3","pmil","0","53.237","deg","23.954","°C","100.000","%a.s.","21.023","deg","23.635","°C","1019.000","hPa","0.861","-0.02617","0.00035","0","0","13.56","Humid","28.00","0","54.00","359783.75","SABD0000000001","AAV1.0.0.11","1.1.2.0","PSt7-10","170328-007","9/30/2017 19:06:43","0000-00","0","no battery","V"
"09/09/2020","11:18:29","2","default","115855972","OXY_CH2","112.910","min","192.338","µmol/L","Humid","20.193","deg","77238","µV","30.049","°C","1015.000","hPa","35.3","pmil","0","53.237","deg","23.954","°C","100.000","%a.s.","21.023","deg","23.635","°C","1019.000","hPa","0.861","-0.02617","0.00035","0","0","13.56","Humid","28.00","0","54.00","359764.07","SABD0000000001","AAV1.0.0.11","1.1.2.0","PSt7-10","170328-007","9/30/2017 19:06:43","0000-00","0","no battery","V"
"09/09/2020","11:18:30","2","default","115855972","OXY_CH2","112.927","min","192.434","µmol/L","Humid","20.188","deg","77241","µV","30.048","°C","1015.000","hPa","35.3","pmil","0","53.237","deg","23.954","°C","100.000","%a.s.","21.023","deg","23.635","°C","1019.000","hPa","0.861","-0.02617","0.00035","0","0","13.56","Humid","28.00","0","54.00","359794.98","SABD0000000001","AAV1.0.0.11","1.1.2.0","PSt7-10","170328-007","9/30/2017 19:06:43","0000-00","0","no battery","V"
"09/09/2020","11:18:31","2","default","115855972","OXY_CH2","112.944","min","192.304","µmol/L","Humid","20.192","deg","77238","µV","30.058","°C","1015.000","hPa","35.3","pmil","0","53.237","deg","23.954","°C","100.000","%a.s.","21.023","deg","23.635","°C","1019.000","hPa","0.861","-0.02617","0.00035","0","0","13.56","Humid","28.00","0","54.00","359790.94","SABD0000000001","AAV1.0.0.11","1.1.2.0","PSt7-10","170328-007","9/30/2017 19:06:43","0000-00","0","no battery","V"
"09/09/2020","11:18:32","2","default","115855972","OXY_CH2","112.960","min","192.358","µmol/L","Humid","20.191","deg","77233","µV","30.052","°C","1015.000","hPa","35.3","pmil","0","53.237","deg","23.954","°C","100.000","%a.s.","21.023","deg","23.635","°C","1019.000","hPa","0.861","-0.02617","0.00035","0","0","13.56","Humid","28.00","0","54.00","359783.31","SABD0000000001","AAV1.0.0.11","1.1.2.0","PSt7-10","170328-007","9/30/2017 19:06:43","0000-00","0","no battery","V"
"09/09/2020","11:18:33","2","default","115855972","OXY_CH2","112.977","min","192.322","µmol/L","Humid","20.192","deg","77238","µV","30.055","°C","1015.000","hPa","35.3","pmil","0","53.237","deg","23.954","°C","100.000","%a.s.","21.023","deg","23.635","°C","1019.000","hPa","0.861","-0.02617","0.00035","0","0","13.56","Humid","28.00","0","54.00","359782.04","SABD0000000001","AAV1.0.0.11","1.1.2.0","PSt7-10","170328-007","9/30/2017 19:06:43","0000-00","0","no battery","V"
"09/09/2020","11:18:34","2","default","115855972","OXY_CH2","112.994","min","192.435","µmol/L","Humid","20.191","deg","77241","µV","30.039","°C","1015.000","hPa","35.3","pmil","0","53.237","deg","23.954","°C","100.000","%a.s.","21.023","deg","23.635","°C","1019.000","hPa","0.861","-0.02617","0.00035","0","0","13.56","Humid","28.00","0","54.00","359778.44","SABD0000000001","AAV1.0.0.11","1.1.2.0","PSt7-10","170328-007","9/30/2017 19:06:43","0000-00","0","no battery","V"
"09/09/2020","11:18:35","2","default","115855972","OXY_CH2","113.010","min","192.422","µmol/L","Humid","20.191","deg","77238","µV","30.041","°C","1015.000","hPa","35.3","pmil","0","53.237","deg","23.954","°C","100.000","%a.s.","21.023","deg","23.635","°C","1019.000","hPa","0.861","-0.02617","0.00035","0","0","13.56","Humid","28.00","0","54.00","359783.05","SABD0000000001","AAV1.0.0.11","1.1.2.0","PSt7-10","170328-007","9/30/2017 19:06:43","0000-00","0","no battery","V"
"09/09/2020","11:18:36","2","default","115855972","OXY_CH2","113.027","min","192.331","µmol/L","Humid","20.192","deg","77235","µV","30.053","°C","1015.000","hPa","35.3","pmil","0","53.237","deg","23.954","°C","100.000","%a.s.","21.023","deg","23.635","°C","1019.000","hPa","0.861","-0.02617","0.00035","0","0","13.56","Humid","28.00","0","54.00","359787.25","SABD0000000001","AAV1.0.0.11","1.1.2.0","PSt7-10","170328-007","9/30/2017 19:06:43","0000-00","0","no battery","V"
"09/09/2020","11:18:37","2","default","115855972","OXY_CH2","113.044","min","192.333","µmol/L","Humid","20.191","deg","77238","µV","30.056","°C","1015.000","hPa","35.3","pmil","0","53.237","deg","23.954","°C","100.000","%a.s.","21.023","deg","23.635","°C","1019.000","hPa","0.861","-0.02617","0.00035","0","0","13.56","Humid","28.00","0","54.00","359784.71","SABD0000000001","AAV1.0.0.11","1.1.2.0","PSt7-10","170328-007","9/30/2017 19:06:43","0000-00","0","no battery","V"
"09/09/2020","11:18:38","2","default","115855972","OXY_CH2","113.061","min","192.450","µmol/L","Humid","20.186","deg","77229","µV","30.051","°C","1015.000","hPa","35.3","pmil","0","53.237","deg","23.954","°C","100.000","%a.s.","21.023","deg","23.635","°C","1019.000","hPa","0.861","-0.02617","0.00035","0","0","13.56","Humid","28.00","0","54.00","359766.03","SABD0000000001","AAV1.0.0.11","1.1.2.0","PSt7-10","170328-007","9/30/2017 19:06:43","0000-00","0","no battery","V"
"09/09/2020","11:18:39","2","default","115855972","OXY_CH2","113.078","min","192.338","µmol/L","Humid","20.190","deg","77233","µV","30.058","°C","1015.000","hPa","35.3","pmil","0","53.237","deg","23.954","°C","100.000","%a.s.","21.023","deg","23.635","°C","1019.000","hPa","0.861","-0.02617","0.00035","0","0","13.56","Humid","28.00","0","54.00","359771.06","SABD0000000001","AAV1.0.0.11","1.1.2.0","PSt7-10","170328-007","9/30/2017 19:06:43","0000-00","0","no battery","V"
"09/09/2020","11:18:40","2","default","115855972","OXY_CH2","113.094","min","192.314","µmol/L","Humid","20.189","deg","77238","µV","30.065","°C","1015.000","hPa","35.3","pmil","0","53.237","deg","23.954","°C","100.000","%a.s.","21.023","deg","23.635","°C","1019.000","hPa","0.861","-0.02617","0.00035","0","0","13.56","Humid","28.00","0","54.00","359790.72","SABD0000000001","AAV1.0.0.11","1.1.2.0","PSt7-10","170328-007","9/30/2017 19:06:43","0000-00","0","no battery","V"
"09/09/2020","11:18:41","2","default","115855972","OXY_CH2","113.111","min","192.509","µmol/L","Humid","20.185","deg","77232","µV","30.045","°C","1015.000","hPa","35.3","pmil","0","53.237","deg","23.954","°C","100.000","%a.s.","21.023","deg","23.635","°C","1019.000","hPa","0.861","-0.02617","0.00035","0","0","13.56","Humid","28.00","0","54.00","359785.28","SABD0000000001","AAV1.0.0.11","1.1.2.0","PSt7-10","170328-007","9/30/2017 19:06:43","0000-00","0","no battery","V"
"09/09/2020","11:18:42","2","default","115855972","OXY_CH2","113.127","min","192.304","µmol/L","Humid","20.190","deg","77230","µV","30.064","°C","1015.000","hPa","35.3","pmil","0","53.237","deg","23.954","°C","100.000","%a.s.","21.023","deg","23.635","°C","1019.000","hPa","0.861","-0.02617","0.00035","0","0","13.56","Humid","28.00","0","54.00","359773.63","SABD0000000001","AAV1.0.0.11","1.1.2.0","PSt7-10","170328-007","9/30/2017 19:06:43","0000-00","0","no battery","V"
"09/09/2020","11:18:43","2","default","115855972","OXY_CH2","113.144","min","192.496","µmol/L","Humid","20.184","deg","77232","µV","30.050","°C","1015.000","hPa","35.3","pmil","0","53.237","deg","23.954","°C","100.000","%a.s.","21.023","deg","23.635","°C","1019.000","hPa","0.861","-0.02617","0.00035","0","0","13.56","Humid","28.00","0","54.00","359771.35","SABD0000000001","AAV1.0.0.11","1.1.2.0","PSt7-10","170328-007","9/30/2017 19:06:43","0000-00","0","no battery","V"
"09/09/2020","11:18:44","2","default","115855972","OXY_CH2","113.161","min","192.522","µmol/L","Humid","20.184","deg","77221","µV","30.045","°C","1015.000","hPa","35.3","pmil","0","53.237","deg","23.954","°C","100.000","%a.s.","21.023","deg","23.635","°C","1019.000","hPa","0.861","-0.02617","0.00035","0","0","13.56","Humid","28.00","0","54.00","359759.89","SABD0000000001","AAV1.0.0.11","1.1.2.0","PSt7-10","170328-007","9/30/2017 19:06:43","0000-00","0","no battery","V"
"09/09/2020","11:18:45","2","default","115855972","OXY_CH2","113.178","min","192.303","µmol/L","Humid","20.191","deg","77221","µV","30.061","°C","1015.000","hPa","35.3","pmil","0","53.237","deg","23.954","°C","100.000","%a.s.","21.023","deg","23.635","°C","1019.000","hPa","0.861","-0.02617","0.00035","0","0","13.56","Humid","28.00","0","54.00","359774.51","SABD0000000001","AAV1.0.0.11","1.1.2.0","PSt7-10","170328-007","9/30/2017 19:06:43","0000-00","0","no battery","V"
"09/09/2020","11:18:46","2","default","115855972","OXY_CH2","113.194","min","192.432","µmol/L","Humid","20.189","deg","77221","µV","30.046","°C","1015.000","hPa","35.3","pmil","0","53.237","deg","23.954","°C","100.000","%a.s.","21.023","deg","23.635","°C","1019.000","hPa","0.861","-0.02617","0.00035","0","0","13.56","Humid","28.00","0","54.00","359755.43","SABD0000000001","AAV1.0.0.11","1.1.2.0","PSt7-10","170328-007","9/30/2017 19:06:43","0000-00","0","no battery","V"
"09/09/2020","11:18:47","2","default","115855972","OXY_CH2","113.211","min","192.425","µmol/L","Humid","20.189","deg","77218","µV","30.047","°C","1015.000","hPa","35.3","pmil","0","53.237","deg","23.954","°C","100.000","%a.s.","21.023","deg","23.635","°C","1019.000","hPa","0.861","-0.02617","0.00035","0","0","13.56","Humid","28.00","0","54.00","359756.25","SABD0000000001","AAV1.0.0.11","1.1.2.0","PSt7-10","170328-007","9/30/2017 19:06:43","0000-00","0","no battery","V"
"09/09/2020","11:18:48","2","default","115855972","OXY_CH2","113.228","min","192.370","µmol/L","Humid","20.187","deg","77218","µV","30.062","°C","1015.000","hPa","35.3","pmil","0","53.237","deg","23.954","°C","100.000","%a.s.","21.023","deg","23.635","°C","1019.000","hPa","0.861","-0.02617","0.00035","0","0","13.56","Humid","28.00","0","54.00","359771.76","SABD0000000001","AAV1.0.0.11","1.1.2.0","PSt7-10","170328-007","9/30/2017 19:06:43","0000-00","0","no battery","V"
"09/09/2020","11:18:49","2","default","115855972","OXY_CH2","113.244","min","192.405","µmol/L","Humid","20.187","deg","77218","µV","30.056","°C","1015.000","hPa","35.3","pmil","0","53.237","deg","23.954","°C","100.000","%a.s.","21.023","deg","23.635","°C","1019.000","hPa","0.861","-0.02617","0.00035","0","0","13.56","Humid","28.00","0","54.00","359770.91","SABD0000000001","AAV1.0.0.11","1.1.2.0","PSt7-10","170328-007","9/30/2017 19:06:43","0000-00","0","no battery","V"
"09/09/2020","11:18:50","2","default","115855972","OXY_CH2","113.261","min","192.430","µmol/L","Humid","20.186","deg","77223","µV","30.055","°C","1015.000","hPa","35.3","pmil","0","53.237","deg","23.954","°C","100.000","%a.s.","21.023","deg","23.635","°C","1019.000","hPa","0.861","-0.02617","0.00035","0","0","13.56","Humid","28.00","0","54.00","359764.26","SABD0000000001","AAV1.0.0.11","1.1.2.0","PSt7-10","170328-007","9/30/2017 19:06:43","0000-00","0","no battery","V"
"09/09/2020","11:18:51","2","default","115855972","OXY_CH2","113.278","min","192.419","µmol/L","Humid","20.190","deg","77219","µV","30.045","°C","1015.000","hPa","35.3","pmil","0","53.237","deg","23.954","°C","100.000","%a.s.","21.023","deg","23.635","°C","1019.000","hPa","0.861","-0.02617","0.00035","0","0","13.56","Humid","28.00","0","54.00","359777.32","SABD0000000001","AAV1.0.0.11","1.1.2.0","PSt7-10","170328-007","9/30/2017 19:06:43","0000-00","0","no battery","V"
"09/09/2020","11:18:52","2","default","115855972","OXY_CH2","113.294","min","192.586","µmol/L","Humid","20.185","deg","77214","µV","30.032","°C","1015.000","hPa","35.3","pmil","0","53.237","deg","23.954","°C","100.000","%a.s.","21.023","deg","23.635","°C","1019.000","hPa","0.861","-0.02617","0.00035","0","0","13.56","Humid","28.00","0","54.00","359768.90","SABD0000000001","AAV1.0.0.11","1.1.2.0","PSt7-10","170328-007","9/30/2017 19:06:43","0000-00","0","no battery","V"
"09/09/2020","11:18:53","2","default","115855972","OXY_CH2","113.311","min","192.432","µmol/L","Humid","20.187","deg","77214","µV","30.051","°C","1015.000","hPa","35.3","pmil","0","53.237","deg","23.954","°C","100.000","%a.s.","21.023","deg","23.635","°C","1019.000","hPa","0.861","-0.02617","0.00035","0","0","13.56","Humid","28.00","0","54.00","359770.24","SABD0000000001","AAV1.0.0.11","1.1.2.0","PSt7-10","170328-007","9/30/2017 19:06:43","0000-00","0","no battery","V"
"09/09/2020","11:18:54","2","default","115855972","OXY_CH2","113.328","min","192.414","µmol/L","Humid","20.186","deg","77215","µV","30.057","°C","1015.000","hPa","35.3","pmil","0","53.237","deg","23.954","°C","100.000","%a.s.","21.023","deg","23.635","°C","1019.000","hPa","0.861","-0.02617","0.00035","0","0","13.56","Humid","28.00","0","54.00","359765.70","SABD0000000001","AAV1.0.0.11","1.1.2.0","PSt7-10","170328-007","9/30/2017 19:06:43","0000-00","0","no battery","V"
"09/09/2020","11:18:55","2","default","115855972","OXY_CH2","113.344","min","192.395","µmol/L","Humid","20.188","deg","77210","µV","30.055","°C","1015.000","hPa","35.3","pmil","0","53.237","deg","23.954","°C","100.000","%a.s.","21.023","deg","23.635","°C","1019.000","hPa","0.861","-0.02617","0.00035","0","0","13.56","Humid","28.00","0","54.00","359760.14","SABD0000000001","AAV1.0.0.11","1.1.2.0","PSt7-10","170328-007","9/30/2017 19:06:43","0000-00","0","no battery","V"
"09/09/2020","11:18:56","2","default","115855972","OXY_CH2","113.360","min","192.661","µmol/L","Humid","20.183","deg","77208","µV","30.026","°C","1015.000","hPa","35.3","pmil","0","53.237","deg","23.954","°C","100.000","%a.s.","21.023","deg","23.635","°C","1019.000","hPa","0.861","-0.02617","0.00035","0","0","13.56","Humid","28.00","0","54.00","359754.82","SABD0000000001","AAV1.0.0.11","1.1.2.0","PSt7-10","170328-007","9/30/2017 19:06:43","0000-00","0","no battery","V"
"09/09/2020","11:18:57","2","default","115855972","OXY_CH2","113.377","min","192.470","µmol/L","Humid","20.186","deg","77213","µV","30.048","°C","1015.000","hPa","35.3","pmil","0","53.237","deg","23.954","°C","100.000","%a.s.","21.023","deg","23.635","°C","1019.000","hPa","0.861","-0.02617","0.00035","0","0","13.56","Humid","28.00","0","54.00","359765.28","SABD0000000001","AAV1.0.0.11","1.1.2.0","PSt7-10","170328-007","9/30/2017 19:06:43","0000-00","0","no battery","V"
"09/09/2020","11:18:58","2","default","115855972","OXY_CH2","113.394","min","192.332","µmol/L","Humid","20.184","deg","77206","µV","30.077","°C","1015.000","hPa","35.3","pmil","0","53.237","deg","23.954","°C","100.000","%a.s.","21.023","deg","23.635","°C","1019.000","hPa","0.861","-0.02617","0.00035","0","0","13.56","Humid","28.00","0","54.00","359755.04","SABD0000000001","AAV1.0.0.11","1.1.2.0","PSt7-10","170328-007","9/30/2017 19:06:43","0000-00","0","no battery","V"
"09/09/2020","11:18:59","2","default","115855972","OXY_CH2","113.411","min","192.438","µmol/L","Humid","20.185","deg","77214","µV","30.056","°C","1015.000","hPa","35.3","pmil","0","53.237","deg","23.954","°C","100.000","%a.s.","21.023","deg","23.635","°C","1019.000","hPa","0.861","-0.02617","0.00035","0","0","13.56","Humid","28.00","0","54.00","359758.05","SABD0000000001","AAV1.0.0.11","1.1.2.0","PSt7-10","170328-007","9/30/2017 19:06:43","0000-00","0","no battery","V"
"09/09/2020","11:19:00","2","default","115855972","OXY_CH2","113.428","min","192.437","µmol/L","Humid","20.185","deg","77212","µV","30.056","°C","1015.000","hPa","35.3","pmil","0","53.237","deg","23.954","°C","100.000","%a.s.","21.023","deg","23.635","°C","1019.000","hPa","0.861","-0.02617","0.00035","0","0","13.56","Humid","28.00","0","54.00","359751.65","SABD0000000001","AAV1.0.0.11","1.1.2.0","PSt7-10","170328-007","9/30/2017 19:06:43","0000-00","0","no battery","V"
"09/09/2020","11:19:01","2","default","115855972","OXY_CH2","113.444","min","192.392","µmol/L","Humid","20.186","deg","77213","µV","30.061","°C","1015.000","hPa","35.3","pmil","0","53.237","deg","23.954","°C","100.000","%a.s.","21.023","deg","23.635","°C","1019.000","hPa","0.861","-0.02617","0.00035","0","0","13.56","Humid","28.00","0","54.00","359755.14","SABD0000000001","AAV1.0.0.11","1.1.2.0","PSt7-10","170328-007","9/30/2017 19:06:43","0000-00","0","no battery","V"
"09/09/2020","11:19:02","2","default","115855972","OXY_CH2","113.461","min","192.392","µmol/L","Humid","20.187","deg","77205","µV","30.058","°C","1015.000","hPa","35.3","pmil","0","53.237","deg","23.954","°C","100.000","%a.s.","21.023","deg","23.635","°C","1019.000","hPa","0.861","-0.02617","0.00035","0","0","13.56","Humid","28.00","0","54.00","359755.16","SABD0000000001","AAV1.0.0.11","1.1.2.0","PSt7-10","170328-007","9/30/2017 19:06:43","0000-00","0","no battery","V"
"09/09/2020","11:19:03","2","default","115855972","OXY_CH2","113.478","min","192.519","µmol/L","Humid","20.184","deg","77207","µV","30.046","°C","1015.000","hPa","35.3","pmil","0","53.237","deg","23.954","°C","100.000","%a.s.","21.023","deg","23.635","°C","1019.000","hPa","0.861","-0.02617","0.00035","0","0","13.56","Humid","28.00","0","54.00","359759.38","SABD0000000001","AAV1.0.0.11","1.1.2.0","PSt7-10","170328-007","9/30/2017 19:06:43","0000-00","0","no battery","V"
"09/09/2020","11:19:04","2","default","115855972","OXY_CH2","113.494","min","192.366","µmol/L","Humid","20.190","deg","77210","µV","30.053","°C","1015.000","hPa","35.3","pmil","0","53.237","deg","23.954","°C","100.000","%a.s.","21.023","deg","23.635","°C","1019.000","hPa","0.861","-0.02617","0.00035","0","0","13.56","Humid","28.00","0","54.00","359748.18","SABD0000000001","AAV1.0.0.11","1.1.2.0","PSt7-10","170328-007","9/30/2017 19:06:43","0000-00","0","no battery","V"
"09/09/2020","11:19:05","2","default","115855972","OXY_CH2","113.511","min","192.461","µmol/L","Humid","20.185","deg","77203","µV","30.052","°C","1015.000","hPa","35.3","pmil","0","53.237","deg","23.954","°C","100.000","%a.s.","21.023","deg","23.635","°C","1019.000","hPa","0.861","-0.02617","0.00035","0","0","13.56","Humid","28.00","0","54.00","359743.15","SABD0000000001","AAV1.0.0.11","1.1.2.0","PSt7-10","170328-007","9/30/2017 19:06:43","0000-00","0","no battery","V"
"09/09/2020","11:19:06","2","default","115855972","OXY_CH2","113.528","min","192.532","µmol/L","Humid","20.185","deg","77213","µV","30.041","°C","1015.000","hPa","35.3","pmil","0","53.237","deg","23.954","°C","100.000","%a.s.","21.023","deg","23.635","°C","1019.000","hPa","0.861","-0.02617","0.00035","0","0","13.56","Humid","28.00","0","54.00","359750.09","SABD0000000001","AAV1.0.0.11","1.1.2.0","PSt7-10","170328-007","9/30/2017 19:06:43","0000-00","0","no battery","V"
"09/09/2020","11:19:07","2","default","115855972","OXY_CH2","113.544","min","192.606","µmol/L","Humid","20.181","deg","77202","µV","30.040","°C","1015.000","hPa","35.3","pmil","0","53.237","deg","23.954","°C","100.000","%a.s.","21.023","deg","23.635","°C","1019.000","hPa","0.861","-0.02617","0.00035","0","0","13.56","Humid","28.00","0","54.00","359747.19","SABD0000000001","AAV1.0.0.11","1.1.2.0","PSt7-10","170328-007","9/30/2017 19:06:43","0000-00","0","no battery","V"
"09/09/2020","11:19:08","2","default","115855972","OXY_CH2","113.561","min","192.443","µmol/L","Humid","20.185","deg","77200","µV","30.055","°C","1015.000","hPa","35.3","pmil","0","53.237","deg","23.954","°C","100.000","%a.s.","21.023","deg","23.635","°C","1019.000","hPa","0.861","-0.02617","0.00035","0","0","13.56","Humid","28.00","0","54.00","359745.99","SABD0000000001","AAV1.0.0.11","1.1.2.0","PSt7-10","170328-007","9/30/2017 19:06:43","0000-00","0","no battery","V"
"09/09/2020","11:19:09","2","default","115855972","OXY_CH2","113.577","min","192.448","µmol/L","Humid","20.186","deg","77196","µV","30.052","°C","1015.000","hPa","35.3","pmil","0","53.237","deg","23.954","°C","100.000","%a.s.","21.023","deg","23.635","°C","1019.000","hPa","0.861","-0.02617","0.00035","0","0","13.56","Humid","28.00","0","54.00","359746.43","SABD0000000001","AAV1.0.0.11","1.1.2.0","PSt7-10","170328-007","9/30/2017 19:06:43","0000-00","0","no battery","V"
"09/09/2020","11:19:10","2","default","115855972","OXY_CH2","113.594","min","192.497","µmol/L","Humid","20.185","deg","77204","µV","30.047","°C","1015.000","hPa","35.3","pmil","0","53.237","deg","23.954","°C","100.000","%a.s.","21.023","deg","23.635","°C","1019.000","hPa","0.861","-0.02617","0.00035","0","0","13.56","Humid","28.00","0","54.00","359743.09","SABD0000000001","AAV1.0.0.11","1.1.2.0","PSt7-10","170328-007","9/30/2017 19:06:43","0000-00","0","no battery","V"
"09/09/2020","11:19:11","2","default","115855972","OXY_CH2","113.610","min","192.468","µmol/L","Humid","20.186","deg","77203","µV","30.049","°C","1015.000","hPa","35.3","pmil","0","53.237","deg","23.954","°C","100.000","%a.s.","21.023","deg","23.635","°C","1019.000","hPa","0.861","-0.02617","0.00035","0","0","13.56","Humid","28.00","0","54.00","359754.67","SABD0000000001","AAV1.0.0.11","1.1.2.0","PSt7-10","170328-007","9/30/2017 19:06:43","0000-00","0","no battery","V"
"09/09/2020","11:19:12","2","default","115855972","OXY_CH2","113.627","min","192.506","µmol/L","Humid","20.183","deg","77201","µV","30.051","°C","1015.000","hPa","35.3","pmil","0","53.237","deg","23.954","°C","100.000","%a.s.","21.023","deg","23.635","°C","1019.000","hPa","0.861","-0.02617","0.00035","0","0","13.56","Humid","28.00","0","54.00","359739.51","SABD0000000001","AAV1.0.0.11","1.1.2.0","PSt7-10","170328-007","9/30/2017 19:06:43","0000-00","0","no battery","V"
"09/09/2020","11:19:13","2","default","115855972","OXY_CH2","113.644","min","192.581","µmol/L","Humid","20.182","deg","77194","µV","30.042","°C","1015.000","hPa","35.3","pmil","0","53.237","deg","23.954","°C","100.000","%a.s.","21.023","deg","23.635","°C","1019.000","hPa","0.861","-0.02617","0.00035","0","0","13.56","Humid","28.00","0","54.00","359745.28","SABD0000000001","AAV1.0.0.11","1.1.2.0","PSt7-10","170328-007","9/30/2017 19:06:43","0000-00","0","no battery","V"
"09/09/2020","11:19:14","2","default","115855972","OXY_CH2","113.660","min","192.508","µmol/L","Humid","20.184","deg","77196","µV","30.048","°C","1015.000","hPa","35.3","pmil","0","53.237","deg","23.954","°C","100.000","%a.s.","21.023","deg","23.635","°C","1019.000","hPa","0.861","-0.02617","0.00035","0","0","13.56","Humid","28.00","0","54.00","359748.78","SABD0000000001","AAV1.0.0.11","1.1.2.0","PSt7-10","170328-007","9/30/2017 19:06:43","0000-00","0","no battery","V"
"09/09/2020","11:19:15","2","default","115855972","OXY_CH2","113.677","min","192.635","µmol/L","Humid","20.181","deg","77199","µV","30.036","°C","1015.000","hPa","35.3","pmil","0","53.237","deg","23.954","°C","100.000","%a.s.","21.023","deg","23.635","°C","1019.000","hPa","0.861","-0.02617","0.00035","0","0","13.56","Humid","28.00","0","54.00","359737.90","SABD0000000001","AAV1.0.0.11","1.1.2.0","PSt7-10","170328-007","9/30/2017 19:06:43","0000-00","0","no battery","V"
"09/09/2020","11:19:16","2","default","115855972","OXY_CH2","113.694","min","192.483","µmol/L","Humid","20.187","deg","77187","µV","30.043","°C","1015.000","hPa","35.3","pmil","0","53.237","deg","23.954","°C","100.000","%a.s.","21.023","deg","23.635","°C","1019.000","hPa","0.861","-0.02617","0.00035","0","0","13.56","Humid","28.00","0","54.00","359740.84","SABD0000000001","AAV1.0.0.11","1.1.2.0","PSt7-10","170328-007","9/30/2017 19:06:43","0000-00","0","no battery","V"
"09/09/2020","11:19:17","2","default","115855972","OXY_CH2","113.711","min","192.436","µmol/L","Humid","20.182","deg","77191","µV","30.065","°C","1015.000","hPa","35.3","pmil","0","53.237","deg","23.954","°C","100.000","%a.s.","21.023","deg","23.635","°C","1019.000","hPa","0.861","-0.02617","0.00035","0","0","13.56","Humid","28.00","0","54.00","359740.27","SABD0000000001","AAV1.0.0.11","1.1.2.0","PSt7-10","170328-007","9/30/2017 19:06:43","0000-00","0","no battery","V"
"09/09/2020","11:19:18","2","default","115855972","OXY_CH2","113.727","min","192.470","µmol/L","Humid","20.183","deg","77184","µV","30.057","°C","1015.000","hPa","35.3","pmil","0","53.237","deg","23.954","°C","100.000","%a.s.","21.023","deg","23.635","°C","1019.000","hPa","0.861","-0.02617","0.00035","0","0","13.56","Humid","28.00","0","54.00","359734.23","SABD0000000001","AAV1.0.0.11","1.1.2.0","PSt7-10","170328-007","9/30/2017 19:06:43","0000-00","0","no battery","V"
"09/09/2020","11:19:19","2","default","115855972","OXY_CH2","113.744","min","192.496","µmol/L","Humid","20.180","deg","77191","µV","30.061","°C","1015.000","hPa","35.3","pmil","0","53.237","deg","23.954","°C","100.000","%a.s.","21.023","deg","23.635","°C","1019.000","hPa","0.861","-0.02617","0.00035","0","0","13.56","Humid","28.00","0","54.00","359733.51","SABD0000000001","AAV1.0.0.11","1.1.2.0","PSt7-10","170328-007","9/30/2017 19:06:43","0000-00","0","no battery","V"
"09/09/2020","11:19:20","2","default","115855972","OXY_CH2","113.760","min","192.634","µmol/L","Humid","20.179","deg","77190","µV","30.042","°C","1015.000","hPa","35.3","pmil","0","53.237","deg","23.954","°C","100.000","%a.s.","21.023","deg","23.635","°C","1019.000","hPa","0.861","-0.02617","0.00035","0","0","13.56","Humid","28.00","0","54.00","359732.27","SABD0000000001","AAV1.0.0.11","1.1.2.0","PSt7-10","170328-007","9/30/2017 19:06:43","0000-00","0","no battery","V"
"09/09/2020","11:19:21","2","default","115855972","OXY_CH2","113.777","min","192.593","µmol/L","Humid","20.180","deg","77186","µV","30.045","°C","1015.000","hPa","35.3","pmil","0","53.237","deg","23.954","°C","100.000","%a.s.","21.023","deg","23.635","°C","1019.000","hPa","0.861","-0.02617","0.00035","0","0","13.56","Humid","28.00","0","54.00","359736.32","SABD0000000001","AAV1.0.0.11","1.1.2.0","PSt7-10","170328-007","9/30/2017 19:06:43","0000-00","0","no battery","V"
"09/09/2020","11:19:22","2","default","115855972","OXY_CH2","113.794","min","192.529","µmol/L","Humid","20.179","deg","77184","µV","30.059","°C","1015.000","hPa","35.3","pmil","0","53.237","deg","23.954","°C","100.000","%a.s.","21.023","deg","23.635","°C","1019.000","hPa","0.861","-0.02617","0.00035","0","0","13.56","Humid","28.00","0","54.00","359741.65","SABD0000000001","AAV1.0.0.11","1.1.2.0","PSt7-10","170328-007","9/30/2017 19:06:43","0000-00","0","no battery","V"
"09/09/2020","11:19:23","2","default","115855972","OXY_CH2","113.810","min","192.539","µmol/L","Humid","20.179","deg","77182","µV","30.057","°C","1015.000","hPa","35.3","pmil","0","53.237","deg","23.954","°C","100.000","%a.s.","21.023","deg","23.635","°C","1019.000","hPa","0.861","-0.02617","0.00035","0","0","13.56","Humid","28.00","0","54.00","359735.17","SABD0000000001","AAV1.0.0.11","1.1.2.0","PSt7-10","170328-007","9/30/2017 19:06:43","0000-00","0","no battery","V"
"09/09/2020","11:19:24","2","default","115855972","OXY_CH2","113.827","min","192.462","µmol/L","Humid","20.184","deg","77193","µV","30.055","°C","1015.000","hPa","35.3","pmil","0","53.237","deg","23.954","°C","100.000","%a.s.","21.023","deg","23.635","°C","1019.000","hPa","0.861","-0.02617","0.00035","0","0","13.56","Humid","28.00","0","54.00","359747.99","SABD0000000001","AAV1.0.0.11","1.1.2.0","PSt7-10","170328-007","9/30/2017 19:06:43","0000-00","0","no battery","V"
"09/09/2020","11:19:25","2","default","115855972","OXY_CH2","113.844","min","192.623","µmol/L","Humid","20.178","deg","77182","µV","30.046","°C","1015.000","hPa","35.3","pmil","0","53.237","deg","23.954","°C","100.000","%a.s.","21.023","deg","23.635","°C","1019.000","hPa","0.861","-0.02617","0.00035","0","0","13.56","Humid","28.00","0","54.00","359746.80","SABD0000000001","AAV1.0.0.11","1.1.2.0","PSt7-10","170328-007","9/30/2017 19:06:43","0000-00","0","no battery","V"
"09/09/2020","11:19:26","2","default","115855972","OXY_CH2","113.860","min","192.534","µmol/L","Humid","20.183","deg","77180","µV","30.046","°C","1015.000","hPa","35.3","pmil","0","53.237","deg","23.954","°C","100.000","%a.s.","21.023","deg","23.635","°C","1019.000","hPa","0.861","-0.02617","0.00035","0","0","13.56","Humid","28.00","0","54.00","359749.21","SABD0000000001","AAV1.0.0.11","1.1.2.0","PSt7-10","170328-007","9/30/2017 19:06:43","0000-00","0","no battery","V"
"09/09/2020","11:19:27","2","default","115855972","OXY_CH2","113.877","min","192.596","µmol/L","Humid","20.180","deg","77179","µV","30.045","°C","1015.000","hPa","35.3","pmil","0","53.237","deg","23.954","°C","100.000","%a.s.","21.023","deg","23.635","°C","1019.000","hPa","0.861","-0.02617","0.00035","0","0","13.56","Humid","28.00","0","54.00","359736.57","SABD0000000001","AAV1.0.0.11","1.1.2.0","PSt7-10","170328-007","9/30/2017 19:06:43","0000-00","0","no battery","V"
"09/09/2020","11:19:28","2","default","115855972","OXY_CH2","113.894","min","192.575","µmol/L","Humid","20.180","deg","77179","µV","30.049","°C","1015.000","hPa","35.3","pmil","0","53.237","deg","23.954","°C","100.000","%a.s.","21.023","deg","23.635","°C","1019.000","hPa","0.861","-0.02617","0.00035","0","0","13.56","Humid","28.00","0","54.00","359722.31","SABD0000000001","AAV1.0.0.11","1.1.2.0","PSt7-10","170328-007","9/30/2017 19:06:43","0000-00","0","no battery","V"
"09/09/2020","11:19:29","2","default","115855972","OXY_CH2","113.911","min","192.602","µmol/L","Humid","20.180","deg","77178","µV","30.044","°C","1015.000","hPa","35.3","pmil","0","53.237","deg","23.954","°C","100.000","%a.s.","21.023","deg","23.635","°C","1019.000","hPa","0.861","-0.02617","0.00035","0","0","13.56","Humid","28.00","0","54.00","359744.41","SABD0000000001","AAV1.0.0.11","1.1.2.0","PSt7-10","170328-007","9/30/2017 19:06:43","0000-00","0","no battery","V"
"09/09/2020","11:19:30","2","default","115855972","OXY_CH2","113.927","min","192.530","µmol/L","Humid","20.179","deg","77175","µV","30.059","°C","1015.000","hPa","35.3","pmil","0","53.237","deg","23.954","°C","100.000","%a.s.","21.023","deg","23.635","°C","1019.000","hPa","0.861","-0.02617","0.00035","0","0","13.56","Humid","28.00","0","54.00","359722.98","SABD0000000001","AAV1.0.0.11","1.1.2.0","PSt7-10","170328-007","9/30/2017 19:06:43","0000-00","0","no battery","V"
"09/09/2020","11:19:31","2","default","115855972","OXY_CH2","113.944","min","192.551","µmol/L","Humid","20.180","deg","77177","µV","30.052","°C","1015.000","hPa","35.3","pmil","0","53.237","deg","23.954","°C","100.000","%a.s.","21.023","deg","23.635","°C","1019.000","hPa","0.861","-0.02617","0.00035","0","0","13.56","Humid","28.00","0","54.00","359731.79","SABD0000000001","AAV1.0.0.11","1.1.2.0","PSt7-10","170328-007","9/30/2017 19:06:43","0000-00","0","no battery","V"
"09/09/2020","11:19:32","2","default","115855972","OXY_CH2","113.961","min","192.454","µmol/L","Humid","20.185","deg","77175","µV","30.054","°C","1015.000","hPa","35.3","pmil","0","53.237","deg","23.954","°C","100.000","%a.s.","21.023","deg","23.635","°C","1019.000","hPa","0.861","-0.02617","0.00035","0","0","13.56","Humid","28.00","0","54.00","359731.49","SABD0000000001","AAV1.0.0.11","1.1.2.0","PSt7-10","170328-007","9/30/2017 19:06:43","0000-00","0","no battery","V"
"09/09/2020","11:19:33","2","default","115855972","OXY_CH2","113.977","min","192.734","µmol/L","Humid","20.173","deg","77177","µV","30.043","°C","1015.000","hPa","35.3","pmil","0","53.237","deg","23.954","°C","100.000","%a.s.","21.023","deg","23.635","°C","1019.000","hPa","0.861","-0.02617","0.00035","0","0","13.56","Humid","28.00","0","54.00","359731.16","SABD0000000001","AAV1.0.0.11","1.1.2.0","PSt7-10","170328-007","9/30/2017 19:06:43","0000-00","0","no battery","V"
"09/09/2020","11:19:34","2","default","115855972","OXY_CH2","113.994","min","192.666","µmol/L","Humid","20.178","deg","77173","µV","30.039","°C","1015.000","hPa","35.3","pmil","0","53.237","deg","23.954","°C","100.000","%a.s.","21.023","deg","23.635","°C","1019.000","hPa","0.861","-0.02617","0.00035","0","0","13.56","Humid","28.00","0","54.00","359747.49","SABD0000000001","AAV1.0.0.11","1.1.2.0","PSt7-10","170328-007","9/30/2017 19:06:43","0000-00","0","no battery","V"
"09/09/2020","11:19:35","2","default","115855972","OXY_CH2","114.010","min","192.558","µmol/L","Humid","20.184","deg","77176","µV","30.040","°C","1015.000","hPa","35.3","pmil","0","53.237","deg","23.954","°C","100.000","%a.s.","21.023","deg","23.635","°C","1019.000","hPa","0.861","-0.02617","0.00035","0","0","13.56","Humid","28.00","0","54.00","359724.89","SABD0000000001","AAV1.0.0.11","1.1.2.0","PSt7-10","170328-007","9/30/2017 19:06:43","0000-00","0","no battery","V"
"09/09/2020","11:19:36","2","default","115855972","OXY_CH2","114.027","min","192.589","µmol/L","Humid","20.178","deg","77169","µV","30.052","°C","1015.000","hPa","35.3","pmil","0","53.237","deg","23.954","°C","100.000","%a.s.","21.023","deg","23.635","°C","1019.000","hPa","0.861","-0.02617","0.00035","0","0","13.56","Humid","28.00","0","54.00","359734.93","SABD0000000001","AAV1.0.0.11","1.1.2.0","PSt7-10","170328-007","9/30/2017 19:06:43","0000-00","0","no battery","V"
"09/09/2020","11:19:37","2","default","115855972","OXY_CH2","114.044","min","192.528","µmol/L","Humid","20.180","deg","77169","µV","30.056","°C","1015.000","hPa","35.3","pmil","0","53.237","deg","23.954","°C","100.000","%a.s.","21.023","deg","23.635","°C","1019.000","hPa","0.861","-0.02617","0.00035","0","0","13.56","Humid","28.00","0","54.00","359734.33","SABD0000000001","AAV1.0.0.11","1.1.2.0","PSt7-10","170328-007","9/30/2017 19:06:43","0000-00","0","no battery","V"
"09/09/2020","11:19:38","2","default","115855972","OXY_CH2","114.061","min","192.536","µmol/L","Humid","20.178","deg","77172","µV","30.061","°C","1015.000","hPa","35.3","pmil","0","53.237","deg","23.954","°C","100.000","%a.s.","21.023","deg","23.635","°C","1019.000","hPa","0.861","-0.02617","0.00035","0","0","13.56","Humid","28.00","0","54.00","359733.63","SABD0000000001","AAV1.0.0.11","1.1.2.0","PSt7-10","170328-007","9/30/2017 19:06:43","0000-00","0","no battery","V"
"09/09/2020","11:19:39","2","default","115855972","OXY_CH2","114.078","min","192.589","µmol/L","Humid","20.179","deg","77173","µV","30.049","°C","1015.000","hPa","35.3","pmil","0","53.237","deg","23.954","°C","100.000","%a.s.","21.023","deg","23.635","°C","1019.000","hPa","0.861","-0.02617","0.00035","0","0","13.56","Humid","28.00","0","54.00","359738.56","SABD0000000001","AAV1.0.0.11","1.1.2.0","PSt7-10","170328-007","9/30/2017 19:06:43","0000-00","0","no battery","V"
"09/09/2020","11:19:40","2","default","115855972","OXY_CH2","114.094","min","192.610","µmol/L","Humid","20.177","deg","77162","µV","30.051","°C","1015.000","hPa","35.3","pmil","0","53.237","deg","23.954","°C","100.000","%a.s.","21.023","deg","23.635","°C","1019.000","hPa","0.861","-0.02617","0.00035","0","0","13.56","Humid","28.00","0","54.00","359741.56","SABD0000000001","AAV1.0.0.11","1.1.2.0","PSt7-10","170328-007","9/30/2017 19:06:43","0000-00","0","no battery","V"
"09/09/2020","11:19:41","2","default","115855972","OXY_CH2","114.111","min","192.618","µmol/L","Humid","20.178","deg","77161","µV","30.047","°C","1015.000","hPa","35.3","pmil","0","53.237","deg","23.954","°C","100.000","%a.s.","21.023","deg","23.635","°C","1019.000","hPa","0.861","-0.02617","0.00035","0","0","13.56","Humid","28.00","0","54.00","359726.34","SABD0000000001","AAV1.0.0.11","1.1.2.0","PSt7-10","170328-007","9/30/2017 19:06:43","0000-00","0","no battery","V"
"09/09/2020","11:19:42","2","default","115855972","OXY_CH2","114.128","min","192.604","µmol/L","Humid","20.176","deg","77161","µV","30.055","°C","1015.000","hPa","35.3","pmil","0","53.237","deg","23.954","°C","100.000","%a.s.","21.023","deg","23.635","°C","1019.000","hPa","0.861","-0.02617","0.00035","0","0","13.56","Humid","28.00","0","54.00","359728.03","SABD0000000001","AAV1.0.0.11","1.1.2.0","PSt7-10","170328-007","9/30/2017 19:06:43","0000-00","0","no battery","V"
"09/09/2020","11:19:43","2","default","115855972","OXY_CH2","114.144","min","192.725","µmol/L","Humid","20.174","deg","77166","µV","30.041","°C","1015.000","hPa","35.3","pmil","0","53.237","deg","23.954","°C","100.000","%a.s.","21.023","deg","23.635","°C","1019.000","hPa","0.861","-0.02617","0.00035","0","0","13.56","Humid","28.00","0","54.00","359733.19","SABD0000000001","AAV1.0.0.11","1.1.2.0","PSt7-10","170328-007","9/30/2017 19:06:43","0000-00","0","no battery","V"
"09/09/2020","11:19:44","2","default","115855972","OXY_CH2","114.161","min","192.673","µmol/L","Humid","20.177","deg","77158","µV","30.041","°C","1015.000","hPa","35.3","pmil","0","53.237","deg","23.954","°C","100.000","%a.s.","21.023","deg","23.635","°C","1019.000","hPa","0.861","-0.02617","0.00035","0","0","13.56","Humid","28.00","0","54.00","359734.69","SABD0000000001","AAV1.0.0.11","1.1.2.0","PSt7-10","170328-007","9/30/2017 19:06:43","0000-00","0","no battery","V"
"09/09/2020","11:19:45","2","default","115855972","OXY_CH2","114.178","min","192.674","µmol/L","Humid","20.175","deg","77158","µV","30.047","°C","1015.000","hPa","35.3","pmil","0","53.237","deg","23.954","°C","100.000","%a.s.","21.023","deg","23.635","°C","1019.000","hPa","0.861","-0.02617","0.00035","0","0","13.56","Humid","28.00","0","54.00","359734.64","SABD0000000001","AAV1.0.0.11","1.1.2.0","PSt7-10","170328-007","9/30/2017 19:06:43","0000-00","0","no battery","V"
"09/09/2020","11:19:46","2","default","115855972","OXY_CH2","114.194","min","192.649","µmol/L","Humid","20.177","deg","77164","µV","30.045","°C","1015.000","hPa","35.3","pmil","0","53.237","deg","23.954","°C","100.000","%a.s.","21.023","deg","23.635","°C","1019.000","hPa","0.861","-0.02617","0.00035","0","0","13.56","Humid","28.00","0","54.00","359740.28","SABD0000000001","AAV1.0.0.11","1.1.2.0","PSt7-10","170328-007","9/30/2017 19:06:43","0000-00","0","no battery","V"
"09/09/2020","11:19:47","2","default","115855972","OXY_CH2","114.210","min","192.649","µmol/L","Humid","20.178","deg","77160","µV","30.042","°C","1015.000","hPa","35.3","pmil","0","53.237","deg","23.954","°C","100.000","%a.s.","21.023","deg","23.635","°C","1019.000","hPa","0.861","-0.02617","0.00035","0","0","13.56","Humid","28.00","0","54.00","359729.39","SABD0000000001","AAV1.0.0.11","1.1.2.0","PSt7-10","170328-007","9/30/2017 19:06:43","0000-00","0","no battery","V"
"09/09/2020","11:19:48","2","default","115855972","OXY_CH2","114.228","min","192.680","µmol/L","Humid","20.176","deg","77159","µV","30.043","°C","1015.000","hPa","35.3","pmil","0","53.237","deg","23.954","°C","100.000","%a.s.","21.023","deg","23.635","°C","1019.000","hPa","0.861","-0.02617","0.00035","0","0","13.56","Humid","28.00","0","54.00","359748.05","SABD0000000001","AAV1.0.0.11","1.1.2.0","PSt7-10","170328-007","9/30/2017 19:06:43","0000-00","0","no battery","V"
"09/09/2020","11:19:49","2","default","115855972","OXY_CH2","114.244","min","192.563","µmol/L","Humid","20.180","deg","77154","µV","30.050","°C","1015.000","hPa","35.3","pmil","0","53.237","deg","23.954","°C","100.000","%a.s.","21.023","deg","23.635","°C","1019.000","hPa","0.861","-0.02617","0.00035","0","0","13.56","Humid","28.00","0","54.00","359733.29","SABD0000000001","AAV1.0.0.11","1.1.2.0","PSt7-10","170328-007","9/30/2017 19:06:43","0000-00","0","no battery","V"
"09/09/2020","11:19:50","2","default","115855972","OXY_CH2","114.261","min","192.774","µmol/L","Humid","20.172","deg","77159","µV","30.039","°C","1015.000","hPa","35.3","pmil","0","53.237","deg","23.954","°C","100.000","%a.s.","21.023","deg","23.635","°C","1019.000","hPa","0.861","-0.02617","0.00035","0","0","13.56","Humid","28.00","0","54.00","359733.90","SABD0000000001","AAV1.0.0.11","1.1.2.0","PSt7-10","170328-007","9/30/2017 19:06:43","0000-00","0","no battery","V"
"09/09/2020","11:19:51","2","default","115855972","OXY_CH2","114.277","min","192.778","µmol/L","Humid","20.171","deg","77155","µV","30.041","°C","1015.000","hPa","35.3","pmil","0","53.237","deg","23.954","°C","100.000","%a.s.","21.023","deg","23.635","°C","1019.000","hPa","0.861","-0.02617","0.00035","0","0","13.56","Humid","28.00","0","54.00","359738.15","SABD0000000001","AAV1.0.0.11","1.1.2.0","PSt7-10","170328-007","9/30/2017 19:06:43","0000-00","0","no battery","V"
"09/09/2020","11:19:52","2","default","115855972","OXY_CH2","114.294","min","192.679","µmol/L","Humid","20.176","deg","77158","µV","30.043","°C","1015.000","hPa","35.3","pmil","0","53.237","deg","23.954","°C","100.000","%a.s.","21.023","deg","23.635","°C","1019.000","hPa","0.861","-0.02617","0.00035","0","0","13.56","Humid","28.00","0","54.00","359751.20","SABD0000000001","AAV1.0.0.11","1.1.2.0","PSt7-10","170328-007","9/30/2017 19:06:43","0000-00","0","no battery","V"
"09/09/2020","11:19:53","2","default","115855972","OXY_CH2","114.310","min","192.843","µmol/L","Humid","20.170","deg","77156","µV","30.034","°C","1015.000","hPa","35.3","pmil","0","53.237","deg","23.954","°C","100.000","%a.s.","21.023","deg","23.635","°C","1019.000","hPa","0.861","-0.02617","0.00035","0","0","13.56","Humid","28.00","0","54.00","359732.83","SABD0000000001","AAV1.0.0.11","1.1.2.0","PSt7-10","170328-007","9/30/2017 19:06:43","0000-00","0","no battery","V"
"09/09/2020","11:19:54","2","default","115855972","OXY_CH2","114.327","min","192.722","µmol/L","Humid","20.177","deg","77150","µV","30.033","°C","1015.000","hPa","35.3","pmil","0","53.237","deg","23.954","°C","100.000","%a.s.","21.023","deg","23.635","°C","1019.000","hPa","0.861","-0.02617","0.00035","0","0","13.56","Humid","28.00","0","54.00","359725.97","SABD0000000001","AAV1.0.0.11","1.1.2.0","PSt7-10","170328-007","9/30/2017 19:06:43","0000-00","0","no battery","V"
"09/09/2020","11:19:55","2","default","115855972","OXY_CH2","114.344","min","192.578","µmol/L","Humid","20.179","deg","77153","µV","30.051","°C","1015.000","hPa","35.3","pmil","0","53.237","deg","23.954","°C","100.000","%a.s.","21.023","deg","23.635","°C","1019.000","hPa","0.861","-0.02617","0.00035","0","0","13.56","Humid","28.00","0","54.00","359738.88","SABD0000000001","AAV1.0.0.11","1.1.2.0","PSt7-10","170328-007","9/30/2017 19:06:43","0000-00","0","no battery","V"
"09/09/2020","11:19:56","2","default","115855972","OXY_CH2","114.360","min","192.568","µmol/L","Humid","20.175","deg","77149","µV","30.064","°C","1015.000","hPa","35.3","pmil","0","53.237","deg","23.954","°C","100.000","%a.s.","21.023","deg","23.635","°C","1019.000","hPa","0.861","-0.02617","0.00035","0","0","13.56","Humid","28.00","0","54.00","359732.11","SABD0000000001","AAV1.0.0.11","1.1.2.0","PSt7-10","170328-007","9/30/2017 19:06:43","0000-00","0","no battery","V"
"09/09/2020","11:19:57","2","default","115855972","OXY_CH2","114.377","min","192.580","µmol/L","Humid","20.175","deg","77148","µV","30.062","°C","1015.000","hPa","35.3","pmil","0","53.237","deg","23.954","°C","100.000","%a.s.","21.023","deg","23.635","°C","1019.000","hPa","0.861","-0.02617","0.00035","0","0","13.56","Humid","28.00","0","54.00","359739.73","SABD0000000001","AAV1.0.0.11","1.1.2.0","PSt7-10","170328-007","9/30/2017 19:06:43","0000-00","0","no battery","V"
"09/09/2020","11:19:58","2","default","115855972","OXY_CH2","114.394","min","192.659","µmol/L","Humid","20.175","deg","77149","µV","30.049","°C","1015.000","hPa","35.3","pmil","0","53.237","deg","23.954","°C","100.000","%a.s.","21.023","deg","23.635","°C","1019.000","hPa","0.861","-0.02617","0.00035","0","0","13.56","Humid","28.00","0","54.00","359732.44","SABD0000000001","AAV1.0.0.11","1.1.2.0","PSt7-10","170328-007","9/30/2017 19:06:43","0000-00","0","no battery","V"
"09/09/2020","11:19:59","2","default","115855972","OXY_CH2","114.411","min","192.666","µmol/L","Humid","20.172","deg","77144","µV","30.057","°C","1015.000","hPa","35.3","pmil","0","53.237","deg","23.954","°C","100.000","%a.s.","21.023","deg","23.635","°C","1019.000","hPa","0.861","-0.02617","0.00035","0","0","13.56","Humid","28.00","0","54.00","359723.40","SABD0000000001","AAV1.0.0.11","1.1.2.0","PSt7-10","170328-007","9/30/2017 19:06:43","0000-00","0","no battery","V"
"09/09/2020","11:20:00","2","default","115855972","OXY_CH2","114.427","min","192.647","µmol/L","Humid","20.176","deg","77147","µV","30.048","°C","1015.000","hPa","35.3","pmil","0","53.237","deg","23.954","°C","100.000","%a.s.","21.023","deg","23.635","°C","1019.000","hPa","0.861","-0.02617","0.00035","0","0","13.56","Humid","28.00","0","54.00","359732.61","SABD0000000001","AAV1.0.0.11","1.1.2.0","PSt7-10","170328-007","9/30/2017 19:06:43","0000-00","0","no battery","V"
"09/09/2020","11:20:01","2","default","115855972","OXY_CH2","114.444","min","192.675","µmol/L","Humid","20.173","deg","77143","µV","30.053","°C","1015.000","hPa","35.3","pmil","0","53.237","deg","23.954","°C","100.000","%a.s.","21.023","deg","23.635","°C","1019.000","hPa","0.861","-0.02617","0.00035","0","0","13.56","Humid","28.00","0","54.00","359720.31","SABD0000000001","AAV1.0.0.11","1.1.2.0","PSt7-10","170328-007","9/30/2017 19:06:43","0000-00","0","no battery","V"
"09/09/2020","11:20:02","2","default","115855972","OXY_CH2","114.461","min","192.615","µmol/L","Humid","20.178","deg","77145","µV","30.048","°C","1015.000","hPa","35.3","pmil","0","53.237","deg","23.954","°C","100.000","%a.s.","21.023","deg","23.635","°C","1019.000","hPa","0.861","-0.02617","0.00035","0","0","13.56","Humid","28.00","0","54.00","359728.64","SABD0000000001","AAV1.0.0.11","1.1.2.0","PSt7-10","170328-007","9/30/2017 19:06:43","0000-00","0","no battery","V"
"09/09/2020","11:20:03","2","default","115855972","OXY_CH2","114.478","min","192.700","µmol/L","Humid","20.171","deg","77145","µV","30.054","°C","1015.000","hPa","35.3","pmil","0","53.237","deg","23.954","°C","100.000","%a.s.","21.023","deg","23.635","°C","1019.000","hPa","0.861","-0.02617","0.00035","0","0","13.56","Humid","28.00","0","54.00","359727.34","SABD0000000001","AAV1.0.0.11","1.1.2.0","PSt7-10","170328-007","9/30/2017 19:06:43","0000-00","0","no battery","V"
"09/09/2020","11:20:04","2","default","115855972","OXY_CH2","114.494","min","192.819","µmol/L","Humid","20.169","deg","77145","µV","30.041","°C","1015.000","hPa","35.3","pmil","0","53.237","deg","23.954","°C","100.000","%a.s.","21.023","deg","23.635","°C","1019.000","hPa","0.861","-0.02617","0.00035","0","0","13.56","Humid","28.00","0","54.00","359731.73","SABD0000000001","AAV1.0.0.11","1.1.2.0","PSt7-10","170328-007","9/30/2017 19:06:43","0000-00","0","no battery","V"
"09/09/2020","11:20:05","2","default","115855972","OXY_CH2","114.510","min","192.650","µmol/L","Humid","20.173","deg","77146","µV","30.057","°C","1015.000","hPa","35.3","pmil","0","53.237","deg","23.954","°C","100.000","%a.s.","21.023","deg","23.635","°C","1019.000","hPa","0.861","-0.02617","0.00035","0","0","13.56","Humid","28.00","0","54.00","359724.38","SABD0000000001","AAV1.0.0.11","1.1.2.0","PSt7-10","170328-007","9/30/2017 19:06:43","0000-00","0","no battery","V"
"09/09/2020","11:20:06","2","default","115855972","OXY_CH2","114.527","min","192.645","µmol/L","Humid","20.176","deg","77140","µV","30.049","°C","1015.000","hPa","35.3","pmil","0","53.237","deg","23.954","°C","100.000","%a.s.","21.023","deg","23.635","°C","1019.000","hPa","0.861","-0.02617","0.00035","0","0","13.56","Humid","28.00","0","54.00","359730.73","SABD0000000001","AAV1.0.0.11","1.1.2.0","PSt7-10","170328-007","9/30/2017 19:06:43","0000-00","0","no battery","V"
"09/09/2020","11:20:07","2","default","115855972","OXY_CH2","114.544","min","192.822","µmol/L","Humid","20.171","deg","77144","µV","30.034","°C","1015.000","hPa","35.3","pmil","0","53.237","deg","23.954","°C","100.000","%a.s.","21.023","deg","23.635","°C","1019.000","hPa","0.861","-0.02617","0.00035","0","0","13.56","Humid","28.00","0","54.00","359721.29","SABD0000000001","AAV1.0.0.11","1.1.2.0","PSt7-10","170328-007","9/30/2017 19:06:43","0000-00","0","no battery","V"
"09/09/2020","11:20:08","2","default","115855972","OXY_CH2","114.560","min","192.801","µmol/L","Humid","20.171","deg","77145","µV","30.038","°C","1015.000","hPa","35.3","pmil","0","53.237","deg","23.954","°C","100.000","%a.s.","21.023","deg","23.635","°C","1019.000","hPa","0.861","-0.02617","0.00035","0","0","13.56","Humid","28.00","0","54.00","359715.54","SABD0000000001","AAV1.0.0.11","1.1.2.0","PSt7-10","170328-007","9/30/2017 19:06:43","0000-00","0","no battery","V"
"09/09/2020","11:20:09","2","default","115855972","OXY_CH2","114.577","min","192.772","µmol/L","Humid","20.172","deg","77137","µV","30.039","°C","1015.000","hPa","35.3","pmil","0","53.237","deg","23.954","°C","100.000","%a.s.","21.023","deg","23.635","°C","1019.000","hPa","0.861","-0.02617","0.00035","0","0","13.56","Humid","28.00","0","54.00","359706.96","SABD0000000001","AAV1.0.0.11","1.1.2.0","PSt7-10","170328-007","9/30/2017 19:06:43","0000-00","0","no battery","V"
"09/09/2020","11:20:10","2","default","115855972","OXY_CH2","114.594","min","192.919","µmol/L","Humid","20.166","deg","77145","µV","30.033","°C","1015.000","hPa","35.3","pmil","0","53.237","deg","23.954","°C","100.000","%a.s.","21.023","deg","23.635","°C","1019.000","hPa","0.861","-0.02617","0.00035","0","0","13.56","Humid","28.00","0","54.00","359720.74","SABD0000000001","AAV1.0.0.11","1.1.2.0","PSt7-10","170328-007","9/30/2017 19:06:43","0000-00","0","no battery","V"
"09/09/2020","11:20:11","2","default","115855972","OXY_CH2","114.610","min","192.755","µmol/L","Humid","20.173","deg","77135","µV","30.039","°C","1015.000","hPa","35.3","pmil","0","53.237","deg","23.954","°C","100.000","%a.s.","21.023","deg","23.635","°C","1019.000","hPa","0.861","-0.02617","0.00035","0","0","13.56","Humid","28.00","0","54.00","359706.03","SABD0000000001","AAV1.0.0.11","1.1.2.0","PSt7-10","170328-007","9/30/2017 19:06:43","0000-00","0","no battery","V"
"09/09/2020","11:20:12","2","default","115855972","OXY_CH2","114.627","min","192.821","µmol/L","Humid","20.168","deg","77136","µV","30.043","°C","1015.000","hPa","35.3","pmil","0","53.237","deg","23.954","°C","100.000","%a.s.","21.023","deg","23.635","°C","1019.000","hPa","0.861","-0.02617","0.00035","0","0","13.56","Humid","28.00","0","54.00","359714.41","SABD0000000001","AAV1.0.0.11","1.1.2.0","PSt7-10","170328-007","9/30/2017 19:06:43","0000-00","0","no battery","V"
"09/09/2020","11:20:13","2","default","115855972","OXY_CH2","114.644","min","192.615","µmol/L","Humid","20.173","deg","77141","µV","30.062","°C","1015.000","hPa","35.3","pmil","0","53.237","deg","23.954","°C","100.000","%a.s.","21.023","deg","23.635","°C","1019.000","hPa","0.861","-0.02617","0.00035","0","0","13.56","Humid","28.00","0","54.00","359719.98","SABD0000000001","AAV1.0.0.11","1.1.2.0","PSt7-10","170328-007","9/30/2017 19:06:43","0000-00","0","no battery","V"
"09/09/2020","11:20:14","2","default","115855972","OXY_CH2","114.661","min","192.708","µmol/L","Humid","20.168","deg","77135","µV","30.062","°C","1015.000","hPa","35.3","pmil","0","53.237","deg","23.954","°C","100.000","%a.s.","21.023","deg","23.635","°C","1019.000","hPa","0.861","-0.02617","0.00035","0","0","13.56","Humid","28.00","0","54.00","359703.92","SABD0000000001","AAV1.0.0.11","1.1.2.0","PSt7-10","170328-007","9/30/2017 19:06:43","0000-00","0","no battery","V"
"09/09/2020","11:20:15","2","default","115855972","OXY_CH2","114.677","min","192.625","µmol/L","Humid","20.174","deg","77136","µV","30.058","°C","1015.000","hPa","35.3","pmil","0","53.237","deg","23.954","°C","100.000","%a.s.","21.023","deg","23.635","°C","1019.000","hPa","0.861","-0.02617","0.00035","0","0","13.56","Humid","28.00","0","54.00","359717.11","SABD0000000001","AAV1.0.0.11","1.1.2.0","PSt7-10","170328-007","9/30/2017 19:06:43","0000-00","0","no battery","V"
"09/09/2020","11:20:16","2","default","115855972","OXY_CH2","114.694","min","192.735","µmol/L","Humid","20.169","deg","77126","µV","30.054","°C","1015.000","hPa","35.3","pmil","0","53.237","deg","23.954","°C","100.000","%a.s.","21.023","deg","23.635","°C","1019.000","hPa","0.861","-0.02617","0.00035","0","0","13.56","Humid","28.00","0","54.00","359721.93","SABD0000000001","AAV1.0.0.11","1.1.2.0","PSt7-10","170328-007","9/30/2017 19:06:43","0000-00","0","no battery","V"
"09/09/2020","11:20:17","2","default","115855972","OXY_CH2","114.710","min","192.598","µmol/L","Humid","20.177","deg","77123","µV","30.054","°C","1015.000","hPa","35.3","pmil","0","53.237","deg","23.954","°C","100.000","%a.s.","21.023","deg","23.635","°C","1019.000","hPa","0.861","-0.02617","0.00035","0","0","13.56","Humid","28.00","0","54.00","359700.09","SABD0000000001","AAV1.0.0.11","1.1.2.0","PSt7-10","170328-007","9/30/2017 19:06:43","0000-00","0","no battery","V"
"09/09/2020","11:20:18","2","default","115855972","OXY_CH2","114.727","min","192.771","µmol/L","Humid","20.168","deg","77128","µV","30.051","°C","1015.000","hPa","35.3","pmil","0","53.237","deg","23.954","°C","100.000","%a.s.","21.023","deg","23.635","°C","1019.000","hPa","0.861","-0.02617","0.00035","0","0","13.56","Humid","28.00","0","54.00","359696.44","SABD0000000001","AAV1.0.0.11","1.1.2.0","PSt7-10","170328-007","9/30/2017 19:06:43","0000-00","0","no battery","V"
"09/09/2020","11:20:19","2","default","115855972","OXY_CH2","114.744","min","192.655","µmol/L","Humid","20.173","deg","77133","µV","30.056","°C","1015.000","hPa","35.3","pmil","0","53.237","deg","23.954","°C","100.000","%a.s.","21.023","deg","23.635","°C","1019.000","hPa","0.861","-0.02617","0.00035","0","0","13.56","Humid","28.00","0","54.00","359701.00","SABD0000000001","AAV1.0.0.11","1.1.2.0","PSt7-10","170328-007","9/30/2017 19:06:43","0000-00","0","no battery","V"
"09/09/2020","11:20:20","2","default","115855972","OXY_CH2","114.763","min","192.746","µmol/L","Humid","20.168","deg","77126","µV","30.056","°C","1015.000","hPa","35.3","pmil","0","53.237","deg","23.954","°C","100.000","%a.s.","21.023","deg","23.635","°C","1019.000","hPa","0.861","-0.02617","0.00035","0","0","13.56","Humid","28.00","0","54.00","359722.69","SABD0000000001","AAV1.0.0.11","1.1.2.0","PSt7-10","170328-007","9/30/2017 19:06:43","0000-00","0","no battery","V"
"09/09/2020","11:20:21","2","default","115855972","OXY_CH2","114.778","min","192.755","µmol/L","Humid","20.170","deg","77126","µV","30.048","°C","1015.000","hPa","35.3","pmil","0","53.237","deg","23.954","°C","100.000","%a.s.","21.023","deg","23.635","°C","1019.000","hPa","0.861","-0.02617","0.00035","0","0","13.56","Humid","28.00","0","54.00","359698.86","SABD0000000001","AAV1.0.0.11","1.1.2.0","PSt7-10","170328-007","9/30/2017 19:06:43","0000-00","0","no battery","V"
"09/09/2020","11:20:22","2","default","115855972","OXY_CH2","114.796","min","192.864","µmol/L","Humid","20.169","deg","77122","µV","30.033","°C","1015.000","hPa","35.3","pmil","0","53.237","deg","23.954","°C","100.000","%a.s.","21.023","deg","23.635","°C","1019.000","hPa","0.861","-0.02617","0.00035","0","0","13.56","Humid","28.00","0","54.00","359711.02","SABD0000000001","AAV1.0.0.11","1.1.2.0","PSt7-10","170328-007","9/30/2017 19:06:43","0000-00","0","no battery","V"
"09/09/2020","11:20:23","2","default","115855972","OXY_CH2","114.811","min","192.685","µmol/L","Humid","20.176","deg","77118","µV","30.042","°C","1015.000","hPa","35.3","pmil","0","53.237","deg","23.954","°C","100.000","%a.s.","21.023","deg","23.635","°C","1019.000","hPa","0.861","-0.02617","0.00035","0","0","13.56","Humid","28.00","0","54.00","359693.74","SABD0000000001","AAV1.0.0.11","1.1.2.0","PSt7-10","170328-007","9/30/2017 19:06:43","0000-00","0","no battery","V"
"09/09/2020","11:20:24","2","default","115855972","OXY_CH2","114.828","min","192.787","µmol/L","Humid","20.170","deg","77119","µV","30.043","°C","1015.000","hPa","35.3","pmil","0","53.237","deg","23.954","°C","100.000","%a.s.","21.023","deg","23.635","°C","1019.000","hPa","0.861","-0.02617","0.00035","0","0","13.56","Humid","28.00","0","54.00","359707.08","SABD0000000001","AAV1.0.0.11","1.1.2.0","PSt7-10","170328-007","9/30/2017 19:06:43","0000-00","0","no battery","V"
"09/09/2020","11:20:25","2","default","115855972","OXY_CH2","114.844","min","192.807","µmol/L","Humid","20.168","deg","77123","µV","30.046","°C","1015.000","hPa","35.3","pmil","0","53.237","deg","23.954","°C","100.000","%a.s.","21.023","deg","23.635","°C","1019.000","hPa","0.861","-0.02617","0.00035","0","0","13.56","Humid","28.00","0","54.00","359693.88","SABD0000000001","AAV1.0.0.11","1.1.2.0","PSt7-10","170328-007","9/30/2017 19:06:43","0000-00","0","no battery","V"
"09/09/2020","11:21:53","2","default","115855972","OXY_CH2","116.307","min","193.227","µmol/L","Humid","20.141","deg","77212","µV","30.056","°C","1015.000","hPa","35.3","pmil","0","53.237","deg","23.954","°C","100.000","%a.s.","21.023","deg","23.635","°C","1019.000","hPa","0.861","-0.02617","0.00035","0","0","13.56","Humid","28.00","0","54.00","360024.43","SABD0000000001","AAV1.0.0.11","1.1.2.0","PSt7-10","170328-007","9/30/2017 19:06:43","0000-00","0","no battery","V"
"09/09/2020","11:21:54","2","default","115855972","OXY_CH2","116.329","min","193.238","µmol/L","Humid","20.143","deg","77192","µV","30.048","°C","1015.000","hPa","35.3","pmil","0","53.237","deg","23.954","°C","100.000","%a.s.","21.023","deg","23.635","°C","1019.000","hPa","0.861","-0.02617","0.00035","0","0","13.56","Humid","28.00","0","54.00","359985.78","SABD0000000001","AAV1.0.0.11","1.1.2.0","PSt7-10","170328-007","9/30/2017 19:06:43","0000-00","0","no battery","V"
"09/09/2020","11:21:55","2","default","115855972","OXY_CH2","116.344","min","193.184","µmol/L","Humid","20.143","deg","77175","µV","30.057","°C","1015.000","hPa","35.3","pmil","0","53.237","deg","23.954","°C","100.000","%a.s.","21.023","deg","23.635","°C","1019.000","hPa","0.861","-0.02617","0.00035","0","0","13.56","Humid","28.00","0","54.00","359947.14","SABD0000000001","AAV1.0.0.11","1.1.2.0","PSt7-10","170328-007","9/30/2017 19:06:43","0000-00","0","no battery","V"
"09/09/2020","11:21:56","2","default","115855972","OXY_CH2","116.361","min","193.345","µmol/L","Humid","20.141","deg","77172","µV","30.037","°C","1015.000","hPa","35.3","pmil","0","53.237","deg","23.954","°C","100.000","%a.s.","21.023","deg","23.635","°C","1019.000","hPa","0.861","-0.02617","0.00035","0","0","13.56","Humid","28.00","0","54.00","359921.27","SABD0000000001","AAV1.0.0.11","1.1.2.0","PSt7-10","170328-007","9/30/2017 19:06:43","0000-00","0","no battery","V"
"09/09/2020","11:21:57","2","default","115855972","OXY_CH2","116.377","min","193.210","µmol/L","Humid","20.146","deg","77165","µV","30.044","°C","1015.000","hPa","35.3","pmil","0","53.237","deg","23.954","°C","100.000","%a.s.","21.023","deg","23.635","°C","1019.000","hPa","0.861","-0.02617","0.00035","0","0","13.56","Humid","28.00","0","54.00","359909.49","SABD0000000001","AAV1.0.0.11","1.1.2.0","PSt7-10","170328-007","9/30/2017 19:06:43","0000-00","0","no battery","V"
"09/09/2020","11:21:58","2","default","115855972","OXY_CH2","116.394","min","193.149","µmol/L","Humid","20.148","deg","77153","µV","30.048","°C","1015.000","hPa","35.3","pmil","0","53.237","deg","23.954","°C","100.000","%a.s.","21.023","deg","23.635","°C","1019.000","hPa","0.861","-0.02617","0.00035","0","0","13.56","Humid","28.00","0","54.00","359887.96","SABD0000000001","AAV1.0.0.11","1.1.2.0","PSt7-10","170328-007","9/30/2017 19:06:43","0000-00","0","no battery","V"
"09/09/2020","11:21:59","2","default","115855972","OXY_CH2","116.411","min","193.115","µmol/L","Humid","20.148","deg","77156","µV","30.054","°C","1015.000","hPa","35.3","pmil","0","53.237","deg","23.954","°C","100.000","%a.s.","21.023","deg","23.635","°C","1019.000","hPa","0.861","-0.02617","0.00035","0","0","13.56","Humid","28.00","0","54.00","359874.79","SABD0000000001","AAV1.0.0.11","1.1.2.0","PSt7-10","170328-007","9/30/2017 19:06:43","0000-00","0","no battery","V"
"09/09/2020","11:22:00","2","default","115855972","OXY_CH2","116.427","min","193.132","µmol/L","Humid","20.148","deg","77158","µV","30.051","°C","1015.000","hPa","35.3","pmil","0","53.237","deg","23.954","°C","100.000","%a.s.","21.023","deg","23.635","°C","1019.000","hPa","0.861","-0.02617","0.00035","0","0","13.56","Humid","28.00","0","54.00","359870.25","SABD0000000001","AAV1.0.0.11","1.1.2.0","PSt7-10","170328-007","9/30/2017 19:06:43","0000-00","0","no battery","V"
"09/09/2020","11:22:01","2","default","115855972","OXY_CH2","116.444","min","193.173","µmol/L","Humid","20.147","deg","77152","µV","30.047","°C","1015.000","hPa","35.3","pmil","0","53.237","deg","23.954","°C","100.000","%a.s.","21.023","deg","23.635","°C","1019.000","hPa","0.861","-0.02617","0.00035","0","0","13.56","Humid","28.00","0","54.00","359876.70","SABD0000000001","AAV1.0.0.11","1.1.2.0","PSt7-10","170328-007","9/30/2017 19:06:43","0000-00","0","no battery","V"
"09/09/2020","11:22:02","2","default","115855972","OXY_CH2","116.460","min","193.208","µmol/L","Humid","20.145","deg","77146","µV","30.047","°C","1015.000","hPa","35.3","pmil","0","53.237","deg","23.954","°C","100.000","%a.s.","21.023","deg","23.635","°C","1019.000","hPa","0.861","-0.02617","0.00035","0","0","13.56","Humid","28.00","0","54.00","359866.77","SABD0000000001","AAV1.0.0.11","1.1.2.0","PSt7-10","170328-007","9/30/2017 19:06:43","0000-00","0","no battery","V"
"09/09/2020","11:22:03","2","default","115855972","OXY_CH2","116.477","min","193.182","µmol/L","Humid","20.147","deg","77150","µV","30.046","°C","1015.000","hPa","35.3","pmil","0","53.237","deg","23.954","°C","100.000","%a.s.","21.023","deg","23.635","°C","1019.000","hPa","0.861","-0.02617","0.00035","0","0","13.56","Humid","28.00","0","54.00","359876.22","SABD0000000001","AAV1.0.0.11","1.1.2.0","PSt7-10","170328-007","9/30/2017 19:06:43","0000-00","0","no battery","V"
"09/09/2020","11:22:04","2","default","115855972","OXY_CH2","116.494","min","193.249","µmol/L","Humid","20.142","deg","77141","µV","30.049","°C","1015.000","hPa","35.3","pmil","0","53.237","deg","23.954","°C","100.000","%a.s.","21.023","deg","23.635","°C","1019.000","hPa","0.861","-0.02617","0.00035","0","0","13.56","Humid","28.00","0","54.00","359865.63","SABD0000000001","AAV1.0.0.11","1.1.2.0","PSt7-10","170328-007","9/30/2017 19:06:43","0000-00","0","no battery","V"
"09/09/2020","11:22:05","2","default","115855972","OXY_CH2","116.510","min","193.228","µmol/L","Humid","20.148","deg","77136","µV","30.035","°C","1015.000","hPa","35.3","pmil","0","53.237","deg","23.954","°C","100.000","%a.s.","21.023","deg","23.635","°C","1019.000","hPa","0.861","-0.02617","0.00035","0","0","13.56","Humid","28.00","0","54.00","359856.92","SABD0000000001","AAV1.0.0.11","1.1.2.0","PSt7-10","170328-007","9/30/2017 19:06:43","0000-00","0","no battery","V"
"09/09/2020","11:22:06","2","default","115855972","OXY_CH2","116.527","min","193.294","µmol/L","Humid","20.146","deg","77143","µV","30.030","°C","1015.000","hPa","35.3","pmil","0","53.237","deg","23.954","°C","100.000","%a.s.","21.023","deg","23.635","°C","1019.000","hPa","0.861","-0.02617","0.00035","0","0","13.56","Humid","28.00","0","54.00","359848.58","SABD0000000001","AAV1.0.0.11","1.1.2.0","PSt7-10","170328-007","9/30/2017 19:06:43","0000-00","0","no battery","V"
"09/09/2020","11:22:07","2","default","115855972","OXY_CH2","116.544","min","193.265","µmol/L","Humid","20.142","deg","77135","µV","30.047","°C","1015.000","hPa","35.3","pmil","0","53.237","deg","23.954","°C","100.000","%a.s.","21.023","deg","23.635","°C","1019.000","hPa","0.861","-0.02617","0.00035","0","0","13.56","Humid","28.00","0","54.00","359852.17","SABD0000000001","AAV1.0.0.11","1.1.2.0","PSt7-10","170328-007","9/30/2017 19:06:43","0000-00","0","no battery","V"
"09/09/2020","11:22:08","2","default","115855972","OXY_CH2","116.560","min","193.121","µmol/L","Humid","20.142","deg","77135","µV","30.070","°C","1015.000","hPa","35.3","pmil","0","53.237","deg","23.954","°C","100.000","%a.s.","21.023","deg","23.635","°C","1019.000","hPa","0.861","-0.02617","0.00035","0","0","13.56","Humid","28.00","0","54.00","359851.60","SABD0000000001","AAV1.0.0.11","1.1.2.0","PSt7-10","170328-007","9/30/2017 19:06:43","0000-00","0","no battery","V"
"09/09/2020","11:22:09","2","default","115855972","OXY_CH2","116.577","min","193.127","µmol/L","Humid","20.144","deg","77131","µV","30.063","°C","1015.000","hPa","35.3","pmil","0","53.237","deg","23.954","°C","100.000","%a.s.","21.023","deg","23.635","°C","1019.000","hPa","0.861","-0.02617","0.00035","0","0","13.56","Humid","28.00","0","54.00","359854.44","SABD0000000001","AAV1.0.0.11","1.1.2.0","PSt7-10","170328-007","9/30/2017 19:06:43","0000-00","0","no battery","V"
"09/09/2020","11:22:10","2","default","115855972","OXY_CH2","116.594","min","193.120","µmol/L","Humid","20.149","deg","77130","µV","30.050","°C","1015.000","hPa","35.3","pmil","0","53.237","deg","23.954","°C","100.000","%a.s.","21.023","deg","23.635","°C","1019.000","hPa","0.861","-0.02617","0.00035","0","0","13.56","Humid","28.00","0","54.00","359847.41","SABD0000000001","AAV1.0.0.11","1.1.2.0","PSt7-10","170328-007","9/30/2017 19:06:43","0000-00","0","no battery","V"
"09/09/2020","11:22:11","2","default","115855972","OXY_CH2","116.612","min","193.278","µmol/L","Humid","20.140","deg","77132","µV","30.050","°C","1015.000","hPa","35.3","pmil","0","53.237","deg","23.954","°C","100.000","%a.s.","21.023","deg","23.635","°C","1019.000","hPa","0.861","-0.02617","0.00035","0","0","13.56","Humid","28.00","0","54.00","359856.44","SABD0000000001","AAV1.0.0.11","1.1.2.0","PSt7-10","170328-007","9/30/2017 19:06:43","0000-00","0","no battery","V"
"09/09/2020","11:22:12","2","default","115855972","OXY_CH2","116.627","min","193.200","µmol/L","Humid","20.142","deg","77119","µV","30.057","°C","1015.000","hPa","35.3","pmil","0","53.237","deg","23.954","°C","100.000","%a.s.","21.023","deg","23.635","°C","1019.000","hPa","0.861","-0.02617","0.00035","0","0","13.56","Humid","28.00","0","54.00","359843.58","SABD0000000001","AAV1.0.0.11","1.1.2.0","PSt7-10","170328-007","9/30/2017 19:06:43","0000-00","0","no battery","V"
"09/09/2020","11:22:13","2","default","115855972","OXY_CH2","116.644","min","193.153","µmol/L","Humid","20.145","deg","77121","µV","30.056","°C","1015.000","hPa","35.3","pmil","0","53.237","deg","23.954","°C","100.000","%a.s.","21.023","deg","23.635","°C","1019.000","hPa","0.861","-0.02617","0.00035","0","0","13.56","Humid","28.00","0","54.00","359843.89","SABD0000000001","AAV1.0.0.11","1.1.2.0","PSt7-10","170328-007","9/30/2017 19:06:43","0000-00","0","no battery","V"
"09/09/2020","11:22:14","2","default","115855972","OXY_CH2","116.660","min","193.202","µmol/L","Humid","20.143","deg","77122","µV","30.054","°C","1015.000","hPa","35.3","pmil","0","53.237","deg","23.954","°C","100.000","%a.s.","21.023","deg","23.635","°C","1019.000","hPa","0.861","-0.02617","0.00035","0","0","13.56","Humid","28.00","0","54.00","359842.27","SABD0000000001","AAV1.0.0.11","1.1.2.0","PSt7-10","170328-007","9/30/2017 19:06:43","0000-00","0","no battery","V"
"09/09/2020","11:22:15","2","default","115855972","OXY_CH2","116.678","min","193.277","µmol/L","Humid","20.143","deg","77123","µV","30.042","°C","1015.000","hPa","35.3","pmil","0","53.237","deg","23.954","°C","100.000","%a.s.","21.023","deg","23.635","°C","1019.000","hPa","0.861","-0.02617","0.00035","0","0","13.56","Humid","28.00","0","54.00","359839.03","SABD0000000001","AAV1.0.0.11","1.1.2.0","PSt7-10","170328-007","9/30/2017 19:06:43","0000-00","0","no battery","V"
"09/09/2020","11:22:16","2","default","115855972","OXY_CH2","116.694","min","193.260","µmol/L","Humid","20.141","deg","77119","µV","30.050","°C","1015.000","hPa","35.3","pmil","0","53.237","deg","23.954","°C","100.000","%a.s.","21.023","deg","23.635","°C","1019.000","hPa","0.861","-0.02617","0.00035","0","0","13.56","Humid","28.00","0","54.00","359820.81","SABD0000000001","AAV1.0.0.11","1.1.2.0","PSt7-10","170328-007","9/30/2017 19:06:43","0000-00","0","no battery","V"
"09/09/2020","11:22:17","2","default","115855972","OXY_CH2","116.711","min","193.277","µmol/L","Humid","20.140","deg","77121","µV","30.051","°C","1015.000","hPa","35.3","pmil","0","53.237","deg","23.954","°C","100.000","%a.s.","21.023","deg","23.635","°C","1019.000","hPa","0.861","-0.02617","0.00035","0","0","13.56","Humid","28.00","0","54.00","359825.80","SABD0000000001","AAV1.0.0.11","1.1.2.0","PSt7-10","170328-007","9/30/2017 19:06:43","0000-00","0","no battery","V"
"09/09/2020","11:22:18","2","default","115855972","OXY_CH2","116.728","min","193.191","µmol/L","Humid","20.144","deg","77112","µV","30.053","°C","1015.000","hPa","35.3","pmil","0","53.237","deg","23.954","°C","100.000","%a.s.","21.023","deg","23.635","°C","1019.000","hPa","0.861","-0.02617","0.00035","0","0","13.56","Humid","28.00","0","54.00","359842.23","SABD0000000001","AAV1.0.0.11","1.1.2.0","PSt7-10","170328-007","9/30/2017 19:06:43","0000-00","0","no battery","V"
"09/09/2020","11:22:19","2","default","115855972","OXY_CH2","116.744","min","193.234","µmol/L","Humid","20.146","deg","77112","µV","30.040","°C","1015.000","hPa","35.3","pmil","0","53.237","deg","23.954","°C","100.000","%a.s.","21.023","deg","23.635","°C","1019.000","hPa","0.861","-0.02617","0.00035","0","0","13.56","Humid","28.00","0","54.00","359830.39","SABD0000000001","AAV1.0.0.11","1.1.2.0","PSt7-10","170328-007","9/30/2017 19:06:43","0000-00","0","no battery","V"
"09/09/2020","11:22:20","2","default","115855972","OXY_CH2","116.760","min","193.239","µmol/L","Humid","20.144","deg","77107","µV","30.045","°C","1015.000","hPa","35.3","pmil","0","53.237","deg","23.954","°C","100.000","%a.s.","21.023","deg","23.635","°C","1019.000","hPa","0.861","-0.02617","0.00035","0","0","13.56","Humid","28.00","0","54.00","359822.63","SABD0000000001","AAV1.0.0.11","1.1.2.0","PSt7-10","170328-007","9/30/2017 19:06:43","0000-00","0","no battery","V"
"09/09/2020","11:22:21","2","default","115855972","OXY_CH2","116.777","min","193.293","µmol/L","Humid","20.141","deg","77103","µV","30.045","°C","1015.000","hPa","35.3","pmil","0","53.237","deg","23.954","°C","100.000","%a.s.","21.023","deg","23.635","°C","1019.000","hPa","0.861","-0.02617","0.00035","0","0","13.56","Humid","28.00","0","54.00","359827.06","SABD0000000001","AAV1.0.0.11","1.1.2.0","PSt7-10","170328-007","9/30/2017 19:06:43","0000-00","0","no battery","V"
"09/09/2020","11:22:22","2","default","115855972","OXY_CH2","116.794","min","193.261","µmol/L","Humid","20.143","deg","77106","µV","30.044","°C","1015.000","hPa","35.3","pmil","0","53.237","deg","23.954","°C","100.000","%a.s.","21.023","deg","23.635","°C","1019.000","hPa","0.861","-0.02617","0.00035","0","0","13.56","Humid","28.00","0","54.00","359821.95","SABD0000000001","AAV1.0.0.11","1.1.2.0","PSt7-10","170328-007","9/30/2017 19:06:43","0000-00","0","no battery","V"
"09/09/2020","11:22:23","2","default","115855972","OXY_CH2","116.811","min","193.329","µmol/L","Humid","20.140","deg","77101","µV","30.042","°C","1015.000","hPa","35.3","pmil","0","53.237","deg","23.954","°C","100.000","%a.s.","21.023","deg","23.635","°C","1019.000","hPa","0.861","-0.02617","0.00035","0","0","13.56","Humid","28.00","0","54.00","359822.60","SABD0000000001","AAV1.0.0.11","1.1.2.0","PSt7-10","170328-007","9/30/2017 19:06:43","0000-00","0","no battery","V"
"09/09/2020","11:22:24","2","default","115855972","OXY_CH2","116.828","min","193.360","µmol/L","Humid","20.137","deg","77101","µV","30.046","°C","1015.000","hPa","35.3","pmil","0","53.237","deg","23.954","°C","100.000","%a.s.","21.023","deg","23.635","°C","1019.000","hPa","0.861","-0.02617","0.00035","0","0","13.56","Humid","28.00","0","54.00","359804.05","SABD0000000001","AAV1.0.0.11","1.1.2.0","PSt7-10","170328-007","9/30/2017 19:06:43","0000-00","0","no battery","V"
"09/09/2020","11:22:25","2","default","115855972","OXY_CH2","116.844","min","193.250","µmol/L","Humid","20.143","deg","77096","µV","30.046","°C","1015.000","hPa","35.3","pmil","0","53.237","deg","23.954","°C","100.000","%a.s.","21.023","deg","23.635","°C","1019.000","hPa","0.861","-0.02617","0.00035","0","0","13.56","Humid","28.00","0","54.00","359808.48","SABD0000000001","AAV1.0.0.11","1.1.2.0","PSt7-10","170328-007","9/30/2017 19:06:43","0000-00","0","no battery","V"
"09/09/2020","11:22:26","2","default","115855972","OXY_CH2","116.861","min","193.227","µmol/L","Humid","20.142","deg","77105","µV","30.053","°C","1015.000","hPa","35.3","pmil","0","53.237","deg","23.954","°C","100.000","%a.s.","21.023","deg","23.635","°C","1019.000","hPa","0.861","-0.02617","0.00035","0","0","13.56","Humid","28.00","0","54.00","359821.99","SABD0000000001","AAV1.0.0.11","1.1.2.0","PSt7-10","170328-007","9/30/2017 19:06:43","0000-00","0","no battery","V"
"09/09/2020","11:22:27","2","default","115855972","OXY_CH2","116.877","min","193.139","µmol/L","Humid","20.144","deg","77098","µV","30.061","°C","1015.000","hPa","35.3","pmil","0","53.237","deg","23.954","°C","100.000","%a.s.","21.023","deg","23.635","°C","1019.000","hPa","0.861","-0.02617","0.00035","0","0","13.56","Humid","28.00","0","54.00","359809.10","SABD0000000001","AAV1.0.0.11","1.1.2.0","PSt7-10","170328-007","9/30/2017 19:06:43","0000-00","0","no battery","V"
"09/09/2020","11:22:28","2","default","115855972","OXY_CH2","116.894","min","193.126","µmol/L","Humid","20.143","deg","77093","µV","30.067","°C","1015.000","hPa","35.3","pmil","0","53.237","deg","23.954","°C","100.000","%a.s.","21.023","deg","23.635","°C","1019.000","hPa","0.861","-0.02617","0.00035","0","0","13.56","Humid","28.00","0","54.00","359808.13","SABD0000000001","AAV1.0.0.11","1.1.2.0","PSt7-10","170328-007","9/30/2017 19:06:43","0000-00","0","no battery","V"
"09/09/2020","11:22:29","2","default","115855972","OXY_CH2","116.911","min","193.204","µmol/L","Humid","20.140","deg","77088","µV","30.062","°C","1015.000","hPa","35.3","pmil","0","53.237","deg","23.954","°C","100.000","%a.s.","21.023","deg","23.635","°C","1019.000","hPa","0.861","-0.02617","0.00035","0","0","13.56","Humid","28.00","0","54.00","359820.32","SABD0000000001","AAV1.0.0.11","1.1.2.0","PSt7-10","170328-007","9/30/2017 19:06:43","0000-00","0","no battery","V"
"09/09/2020","11:22:30","2","default","115855972","OXY_CH2","116.927","min","193.311","µmol/L","Humid","20.138","deg","77086","µV","30.051","°C","1015.000","hPa","35.3","pmil","0","53.237","deg","23.954","°C","100.000","%a.s.","21.023","deg","23.635","°C","1019.000","hPa","0.861","-0.02617","0.00035","0","0","13.56","Humid","28.00","0","54.00","359796.77","SABD0000000001","AAV1.0.0.11","1.1.2.0","PSt7-10","170328-007","9/30/2017 19:06:43","0000-00","0","no battery","V"
"09/09/2020","11:22:31","2","default","115855972","OXY_CH2","116.944","min","193.114","µmol/L","Humid","20.143","deg","77080","µV","30.069","°C","1015.000","hPa","35.3","pmil","0","53.237","deg","23.954","°C","100.000","%a.s.","21.023","deg","23.635","°C","1019.000","hPa","0.861","-0.02617","0.00035","0","0","13.56","Humid","28.00","0","54.00","359800.22","SABD0000000001","AAV1.0.0.11","1.1.2.0","PSt7-10","170328-007","9/30/2017 19:06:43","0000-00","0","no battery","V"
"09/09/2020","11:22:32","2","default","115855972","OXY_CH2","116.961","min","193.270","µmol/L","Humid","20.138","deg","77087","µV","30.058","°C","1015.000","hPa","35.3","pmil","0","53.237","deg","23.954","°C","100.000","%a.s.","21.023","deg","23.635","°C","1019.000","hPa","0.861","-0.02617","0.00035","0","0","13.56","Humid","28.00","0","54.00","359796.73","SABD0000000001","AAV1.0.0.11","1.1.2.0","PSt7-10","170328-007","9/30/2017 19:06:43","0000-00","0","no battery","V"
"09/09/2020","11:22:33","2","default","115855972","OXY_CH2","116.978","min","193.202","µmol/L","Humid","20.140","deg","77083","µV","30.063","°C","1015.000","hPa","35.3","pmil","0","53.237","deg","23.954","°C","100.000","%a.s.","21.023","deg","23.635","°C","1019.000","hPa","0.861","-0.02617","0.00035","0","0","13.56","Humid","28.00","0","54.00","359800.39","SABD0000000001","AAV1.0.0.11","1.1.2.0","PSt7-10","170328-007","9/30/2017 19:06:43","0000-00","0","no battery","V"
"09/09/2020","11:22:34","2","default","115855972","OXY_CH2","116.994","min","193.220","µmol/L","Humid","20.140","deg","77081","µV","30.060","°C","1015.000","hPa","35.3","pmil","0","53.237","deg","23.954","°C","100.000","%a.s.","21.023","deg","23.635","°C","1019.000","hPa","0.861","-0.02617","0.00035","0","0","13.56","Humid","28.00","0","54.00","359809.00","SABD0000000001","AAV1.0.0.11","1.1.2.0","PSt7-10","170328-007","9/30/2017 19:06:43","0000-00","0","no battery","V"
"09/09/2020","11:22:35","2","default","115855972","OXY_CH2","117.011","min","193.302","µmol/L","Humid","20.137","deg","77088","µV","30.055","°C","1015.000","hPa","35.3","pmil","0","53.237","deg","23.954","°C","100.000","%a.s.","21.023","deg","23.635","°C","1019.000","hPa","0.861","-0.02617","0.00035","0","0","13.56","Humid","28.00","0","54.00","359794.96","SABD0000000001","AAV1.0.0.11","1.1.2.0","PSt7-10","170328-007","9/30/2017 19:06:43","0000-00","0","no battery","V"
"09/09/2020","11:22:36","2","default","115855972","OXY_CH2","117.027","min","193.224","µmol/L","Humid","20.141","deg","77079","µV","30.056","°C","1015.000","hPa","35.3","pmil","0","53.237","deg","23.954","°C","100.000","%a.s.","21.023","deg","23.635","°C","1019.000","hPa","0.861","-0.02617","0.00035","0","0","13.56","Humid","28.00","0","54.00","359792.12","SABD0000000001","AAV1.0.0.11","1.1.2.0","PSt7-10","170328-007","9/30/2017 19:06:43","0000-00","0","no battery","V"
"09/09/2020","11:22:37","2","default","115855972","OXY_CH2","117.044","min","193.218","µmol/L","Humid","20.141","deg","77080","µV","30.057","°C","1015.000","hPa","35.3","pmil","0","53.237","deg","23.954","°C","100.000","%a.s.","21.023","deg","23.635","°C","1019.000","hPa","0.861","-0.02617","0.00035","0","0","13.56","Humid","28.00","0","54.00","359786.13","SABD0000000001","AAV1.0.0.11","1.1.2.0","PSt7-10","170328-007","9/30/2017 19:06:43","0000-00","0","no battery","V"
"09/09/2020","11:22:38","2","default","115855972","OXY_CH2","117.060","min","193.270","µmol/L","Humid","20.141","deg","77081","µV","30.049","°C","1015.000","hPa","35.3","pmil","0","53.237","deg","23.954","°C","100.000","%a.s.","21.023","deg","23.635","°C","1019.000","hPa","0.861","-0.02617","0.00035","0","0","13.56","Humid","28.00","0","54.00","359794.02","SABD0000000001","AAV1.0.0.11","1.1.2.0","PSt7-10","170328-007","9/30/2017 19:06:43","0000-00","0","no battery","V"
"09/09/2020","11:22:39","2","default","115855972","OXY_CH2","117.077","min","193.420","µmol/L","Humid","20.135","deg","77077","µV","30.042","°C","1015.000","hPa","35.3","pmil","0","53.237","deg","23.954","°C","100.000","%a.s.","21.023","deg","23.635","°C","1019.000","hPa","0.861","-0.02617","0.00035","0","0","13.56","Humid","28.00","0","54.00","359768.98","SABD0000000001","AAV1.0.0.11","1.1.2.0","PSt7-10","170328-007","9/30/2017 19:06:43","0000-00","0","no battery","V"
"09/09/2020","11:22:40","2","default","115855972","OXY_CH2","117.094","min","193.383","µmol/L","Humid","20.138","deg","77071","µV","30.039","°C","1015.000","hPa","35.3","pmil","0","53.237","deg","23.954","°C","100.000","%a.s.","21.023","deg","23.635","°C","1019.000","hPa","0.861","-0.02617","0.00035","0","0","13.56","Humid","28.00","0","54.00","359781.67","SABD0000000001","AAV1.0.0.11","1.1.2.0","PSt7-10","170328-007","9/30/2017 19:06:43","0000-00","0","no battery","V"
"09/09/2020","11:22:41","2","default","115855972","OXY_CH2","117.111","min","193.352","µmol/L","Humid","20.137","deg","77072","µV","30.047","°C","1015.000","hPa","35.3","pmil","0","53.237","deg","23.954","°C","100.000","%a.s.","21.023","deg","23.635","°C","1019.000","hPa","0.861","-0.02617","0.00035","0","0","13.56","Humid","28.00","0","54.00","359778.15","SABD0000000001","AAV1.0.0.11","1.1.2.0","PSt7-10","170328-007","9/30/2017 19:06:43","0000-00","0","no battery","V"
"09/09/2020","11:22:42","2","default","115855972","OXY_CH2","117.128","min","193.385","µmol/L","Humid","20.135","deg","77076","µV","30.048","°C","1015.000","hPa","35.3","pmil","0","53.237","deg","23.954","°C","100.000","%a.s.","21.023","deg","23.635","°C","1019.000","hPa","0.861","-0.02617","0.00035","0","0","13.56","Humid","28.00","0","54.00","359781.84","SABD0000000001","AAV1.0.0.11","1.1.2.0","PSt7-10","170328-007","9/30/2017 19:06:43","0000-00","0","no battery","V"
"09/09/2020","11:22:43","2","default","115855972","OXY_CH2","117.144","min","193.274","µmol/L","Humid","20.141","deg","77072","µV","30.048","°C","1015.000","hPa","35.3","pmil","0","53.237","deg","23.954","°C","100.000","%a.s.","21.023","deg","23.635","°C","1019.000","hPa","0.861","-0.02617","0.00035","0","0","13.56","Humid","28.00","0","54.00","359780.79","SABD0000000001","AAV1.0.0.11","1.1.2.0","PSt7-10","170328-007","9/30/2017 19:06:43","0000-00","0","no battery","V"
"09/09/2020","11:22:44","2","default","115855972","OXY_CH2","117.161","min","193.340","µmol/L","Humid","20.139","deg","77069","µV","30.043","°C","1015.000","hPa","35.3","pmil","0","53.237","deg","23.954","°C","100.000","%a.s.","21.023","deg","23.635","°C","1019.000","hPa","0.861","-0.02617","0.00035","0","0","13.56","Humid","28.00","0","54.00","359765.90","SABD0000000001","AAV1.0.0.11","1.1.2.0","PSt7-10","170328-007","9/30/2017 19:06:43","0000-00","0","no battery","V"
"09/09/2020","11:22:45","2","default","115855972","OXY_CH2","117.177","min","193.349","µmol/L","Humid","20.139","deg","77066","µV","30.042","°C","1015.000","hPa","35.3","pmil","0","53.237","deg","23.954","°C","100.000","%a.s.","21.023","deg","23.635","°C","1019.000","hPa","0.861","-0.02617","0.00035","0","0","13.56","Humid","28.00","0","54.00","359764.93","SABD0000000001","AAV1.0.0.11","1.1.2.0","PSt7-10","170328-007","9/30/2017 19:06:43","0000-00","0","no battery","V"
"09/09/2020","11:22:46","2","default","115855972","OXY_CH2","117.194","min","193.204","µmol/L","Humid","20.138","deg","77062","µV","30.068","°C","1015.000","hPa","35.3","pmil","0","53.237","deg","23.954","°C","100.000","%a.s.","21.023","deg","23.635","°C","1019.000","hPa","0.861","-0.02617","0.00035","0","0","13.56","Humid","28.00","0","54.00","359766.81","SABD0000000001","AAV1.0.0.11","1.1.2.0","PSt7-10","170328-007","9/30/2017 19:06:43","0000-00","0","no battery","V"
"09/09/2020","11:22:47","2","default","115855972","OXY_CH2","117.211","min","193.271","µmol/L","Humid","20.134","deg","77062","µV","30.069","°C","1015.000","hPa","35.3","pmil","0","53.237","deg","23.954","°C","100.000","%a.s.","21.023","deg","23.635","°C","1019.000","hPa","0.861","-0.02617","0.00035","0","0","13.56","Humid","28.00","0","54.00","359761.34","SABD0000000001","AAV1.0.0.11","1.1.2.0","PSt7-10","170328-007","9/30/2017 19:06:43","0000-00","0","no battery","V"
"09/09/2020","11:22:48","2","default","115855972","OXY_CH2","117.228","min","193.331","µmol/L","Humid","20.137","deg","77061","µV","30.051","°C","1015.000","hPa","35.3","pmil","0","53.237","deg","23.954","°C","100.000","%a.s.","21.023","deg","23.635","°C","1019.000","hPa","0.861","-0.02617","0.00035","0","0","13.56","Humid","28.00","0","54.00","359772.87","SABD0000000001","AAV1.0.0.11","1.1.2.0","PSt7-10","170328-007","9/30/2017 19:06:43","0000-00","0","no battery","V"
"09/09/2020","11:22:49","2","default","115855972","OXY_CH2","117.244","min","193.263","µmol/L","Humid","20.141","deg","77060","µV","30.050","°C","1015.000","hPa","35.3","pmil","0","53.237","deg","23.954","°C","100.000","%a.s.","21.023","deg","23.635","°C","1019.000","hPa","0.861","-0.02617","0.00035","0","0","13.56","Humid","28.00","0","54.00","359756.63","SABD0000000001","AAV1.0.0.11","1.1.2.0","PSt7-10","170328-007","9/30/2017 19:06:43","0000-00","0","no battery","V"
"09/09/2020","11:22:50","2","default","115855972","OXY_CH2","117.261","min","193.320","µmol/L","Humid","20.138","deg","77058","µV","30.049","°C","1015.000","hPa","35.3","pmil","0","53.237","deg","23.954","°C","100.000","%a.s.","21.023","deg","23.635","°C","1019.000","hPa","0.861","-0.02617","0.00035","0","0","13.56","Humid","28.00","0","54.00","359766.30","SABD0000000001","AAV1.0.0.11","1.1.2.0","PSt7-10","170328-007","9/30/2017 19:06:43","0000-00","0","no battery","V"
"09/09/2020","11:22:51","2","default","115855972","OXY_CH2","117.277","min","193.326","µmol/L","Humid","20.137","deg","77062","µV","30.051","°C","1015.000","hPa","35.3","pmil","0","53.237","deg","23.954","°C","100.000","%a.s.","21.023","deg","23.635","°C","1019.000","hPa","0.861","-0.02617","0.00035","0","0","13.56","Humid","28.00","0","54.00","359764.57","SABD0000000001","AAV1.0.0.11","1.1.2.0","PSt7-10","170328-007","9/30/2017 19:06:43","0000-00","0","no battery","V"
"09/09/2020","11:22:52","2","default","115855972","OXY_CH2","117.294","min","193.255","µmol/L","Humid","20.138","deg","77060","µV","30.060","°C","1015.000","hPa","35.3","pmil","0","53.237","deg","23.954","°C","100.000","%a.s.","21.023","deg","23.635","°C","1019.000","hPa","0.861","-0.02617","0.00035","0","0","13.56","Humid","28.00","0","54.00","359760.55","SABD0000000001","AAV1.0.0.11","1.1.2.0","PSt7-10","170328-007","9/30/2017 19:06:43","0000-00","0","no battery","V"
"09/09/2020","11:22:53","2","default","115855972","OXY_CH2","117.310","min","193.417","µmol/L","Humid","20.132","deg","77054","µV","30.051","°C","1015.000","hPa","35.3","pmil","0","53.237","deg","23.954","°C","100.000","%a.s.","21.023","deg","23.635","°C","1019.000","hPa","0.861","-0.02617","0.00035","0","0","13.56","Humid","28.00","0","54.00","359756.47","SABD0000000001","AAV1.0.0.11","1.1.2.0","PSt7-10","170328-007","9/30/2017 19:06:43","0000-00","0","no battery","V"
"09/09/2020","11:22:54","2","default","115855972","OXY_CH2","117.327","min","193.279","µmol/L","Humid","20.140","deg","77049","µV","30.050","°C","1015.000","hPa","35.3","pmil","0","53.237","deg","23.954","°C","100.000","%a.s.","21.023","deg","23.635","°C","1019.000","hPa","0.861","-0.02617","0.00035","0","0","13.56","Humid","28.00","0","54.00","359764.57","SABD0000000001","AAV1.0.0.11","1.1.2.0","PSt7-10","170328-007","9/30/2017 19:06:43","0000-00","0","no battery","V"
"09/09/2020","11:22:55","2","default","115855972","OXY_CH2","117.344","min","193.316","µmol/L","Humid","20.135","deg","77050","µV","30.059","°C","1015.000","hPa","35.3","pmil","0","53.237","deg","23.954","°C","100.000","%a.s.","21.023","deg","23.635","°C","1019.000","hPa","0.861","-0.02617","0.00035","0","0","13.56","Humid","28.00","0","54.00","359764.40","SABD0000000001","AAV1.0.0.11","1.1.2.0","PSt7-10","170328-007","9/30/2017 19:06:43","0000-00","0","no battery","V"
"09/09/2020","11:22:56","2","default","115855972","OXY_CH2","117.361","min","193.200","µmol/L","Humid","20.142","deg","77047","µV","30.057","°C","1015.000","hPa","35.3","pmil","0","53.237","deg","23.954","°C","100.000","%a.s.","21.023","deg","23.635","°C","1019.000","hPa","0.861","-0.02617","0.00035","0","0","13.56","Humid","28.00","0","54.00","359754.54","SABD0000000001","AAV1.0.0.11","1.1.2.0","PSt7-10","170328-007","9/30/2017 19:06:43","0000-00","0","no battery","V"
"09/09/2020","11:22:57","2","default","115855972","OXY_CH2","117.379","min","193.220","µmol/L","Humid","20.139","deg","77049","µV","30.063","°C","1015.000","hPa","35.3","pmil","0","53.237","deg","23.954","°C","100.000","%a.s.","21.023","deg","23.635","°C","1019.000","hPa","0.861","-0.02617","0.00035","0","0","13.56","Humid","28.00","0","54.00","359756.69","SABD0000000001","AAV1.0.0.11","1.1.2.0","PSt7-10","170328-007","9/30/2017 19:06:43","0000-00","0","no battery","V"
"09/09/2020","11:22:58","2","default","115855972","OXY_CH2","117.394","min","193.436","µmol/L","Humid","20.133","deg","77042","µV","30.045","°C","1015.000","hPa","35.3","pmil","0","53.237","deg","23.954","°C","100.000","%a.s.","21.023","deg","23.635","°C","1019.000","hPa","0.861","-0.02617","0.00035","0","0","13.56","Humid","28.00","0","54.00","359752.53","SABD0000000001","AAV1.0.0.11","1.1.2.0","PSt7-10","170328-007","9/30/2017 19:06:43","0000-00","0","no battery","V"
"09/09/2020","11:22:59","2","default","115855972","OXY_CH2","117.410","min","193.359","µmol/L","Humid","20.136","deg","77037","µV","30.049","°C","1015.000","hPa","35.3","pmil","0","53.237","deg","23.954","°C","100.000","%a.s.","21.023","deg","23.635","°C","1019.000","hPa","0.861","-0.02617","0.00035","0","0","13.56","Humid","28.00","0","54.00","359739.67","SABD0000000001","AAV1.0.0.11","1.1.2.0","PSt7-10","170328-007","9/30/2017 19:06:43","0000-00","0","no battery","V"
"09/09/2020","11:23:00","2","default","115855972","OXY_CH2","117.428","min","193.370","µmol/L","Humid","20.137","deg","77044","µV","30.044","°C","1015.000","hPa","35.3","pmil","0","53.237","deg","23.954","°C","100.000","%a.s.","21.023","deg","23.635","°C","1019.000","hPa","0.861","-0.02617","0.00035","0","0","13.56","Humid","28.00","0","54.00","359740.39","SABD0000000001","AAV1.0.0.11","1.1.2.0","PSt7-10","170328-007","9/30/2017 19:06:43","0000-00","0","no battery","V"
"09/09/2020","11:23:01","2","default","115855972","OXY_CH2","117.444","min","193.357","µmol/L","Humid","20.137","deg","77033","µV","30.046","°C","1015.000","hPa","35.3","pmil","0","53.237","deg","23.954","°C","100.000","%a.s.","21.023","deg","23.635","°C","1019.000","hPa","0.861","-0.02617","0.00035","0","0","13.56","Humid","28.00","0","54.00","359752.62","SABD0000000001","AAV1.0.0.11","1.1.2.0","PSt7-10","170328-007","9/30/2017 19:06:43","0000-00","0","no battery","V"
"09/09/2020","11:23:02","2","default","115855972","OXY_CH2","117.461","min","193.338","µmol/L","Humid","20.134","deg","77043","µV","30.058","°C","1015.000","hPa","35.3","pmil","0","53.237","deg","23.954","°C","100.000","%a.s.","21.023","deg","23.635","°C","1019.000","hPa","0.861","-0.02617","0.00035","0","0","13.56","Humid","28.00","0","54.00","359749.42","SABD0000000001","AAV1.0.0.11","1.1.2.0","PSt7-10","170328-007","9/30/2017 19:06:43","0000-00","0","no battery","V"
"09/09/2020","11:23:03","2","default","115855972","OXY_CH2","117.477","min","193.503","µmol/L","Humid","20.132","deg","77040","µV","30.037","°C","1015.000","hPa","35.3","pmil","0","53.237","deg","23.954","°C","100.000","%a.s.","21.023","deg","23.635","°C","1019.000","hPa","0.861","-0.02617","0.00035","0","0","13.56","Humid","28.00","0","54.00","359745.59","SABD0000000001","AAV1.0.0.11","1.1.2.0","PSt7-10","170328-007","9/30/2017 19:06:43","0000-00","0","no battery","V"
"09/09/2020","11:23:04","2","default","115855972","OXY_CH2","117.494","min","193.434","µmol/L","Humid","20.136","deg","77033","µV","30.037","°C","1015.000","hPa","35.3","pmil","0","53.237","deg","23.954","°C","100.000","%a.s.","21.023","deg","23.635","°C","1019.000","hPa","0.861","-0.02617","0.00035","0","0","13.56","Humid","28.00","0","54.00","359746.95","SABD0000000001","AAV1.0.0.11","1.1.2.0","PSt7-10","170328-007","9/30/2017 19:06:43","0000-00","0","no battery","V"
"09/09/2020","11:23:05","2","default","115855972","OXY_CH2","117.510","min","193.447","µmol/L","Humid","20.128","deg","77033","µV","30.058","°C","1015.000","hPa","35.3","pmil","0","53.237","deg","23.954","°C","100.000","%a.s.","21.023","deg","23.635","°C","1019.000","hPa","0.861","-0.02617","0.00035","0","0","13.56","Humid","28.00","0","54.00","359747.76","SABD0000000001","AAV1.0.0.11","1.1.2.0","PSt7-10","170328-007","9/30/2017 19:06:43","0000-00","0","no battery","V"
"09/09/2020","11:23:06","2","default","115855972","OXY_CH2","117.527","min","193.448","µmol/L","Humid","20.131","deg","77030","µV","30.049","°C","1015.000","hPa","35.3","pmil","0","53.237","deg","23.954","°C","100.000","%a.s.","21.023","deg","23.635","°C","1019.000","hPa","0.861","-0.02617","0.00035","0","0","13.56","Humid","28.00","0","54.00","359731.95","SABD0000000001","AAV1.0.0.11","1.1.2.0","PSt7-10","170328-007","9/30/2017 19:06:43","0000-00","0","no battery","V"
"09/09/2020","11:23:07","2","default","115855972","OXY_CH2","117.544","min","193.295","µmol/L","Humid","20.138","deg","77026","µV","30.054","°C","1015.000","hPa","35.3","pmil","0","53.237","deg","23.954","°C","100.000","%a.s.","21.023","deg","23.635","°C","1019.000","hPa","0.861","-0.02617","0.00035","0","0","13.56","Humid","28.00","0","54.00","359734.98","SABD0000000001","AAV1.0.0.11","1.1.2.0","PSt7-10","170328-007","9/30/2017 19:06:43","0000-00","0","no battery","V"
"09/09/2020","11:23:08","2","default","115855972","OXY_CH2","117.561","min","193.320","µmol/L","Humid","20.135","deg","77030","µV","30.058","°C","1015.000","hPa","35.3","pmil","0","53.237","deg","23.954","°C","100.000","%a.s.","21.023","deg","23.635","°C","1019.000","hPa","0.861","-0.02617","0.00035","0","0","13.56","Humid","28.00","0","54.00","359743.16","SABD0000000001","AAV1.0.0.11","1.1.2.0","PSt7-10","170328-007","9/30/2017 19:06:43","0000-00","0","no battery","V"
"09/09/2020","11:23:09","2","default","115855972","OXY_CH2","117.578","min","193.404","µmol/L","Humid","20.130","deg","77029","µV","30.059","°C","1015.000","hPa","35.3","pmil","0","53.237","deg","23.954","°C","100.000","%a.s.","21.023","deg","23.635","°C","1019.000","hPa","0.861","-0.02617","0.00035","0","0","13.56","Humid","28.00","0","54.00","359756.37","SABD0000000001","AAV1.0.0.11","1.1.2.0","PSt7-10","170328-007","9/30/2017 19:06:43","0000-00","0","no battery","V"
"09/09/2020","11:23:10","2","default","115855972","OXY_CH2","117.594","min","193.444","µmol/L","Humid","20.132","deg","77023","µV","30.047","°C","1015.000","hPa","35.3","pmil","0","53.237","deg","23.954","°C","100.000","%a.s.","21.023","deg","23.635","°C","1019.000","hPa","0.861","-0.02617","0.00035","0","0","13.56","Humid","28.00","0","54.00","359744.14","SABD0000000001","AAV1.0.0.11","1.1.2.0","PSt7-10","170328-007","9/30/2017 19:06:43","0000-00","0","no battery","V"
"09/09/2020","11:23:11","2","default","115855972","OXY_CH2","117.611","min","193.485","µmol/L","Humid","20.129","deg","77020","µV","30.049","°C","1015.000","hPa","35.3","pmil","0","53.237","deg","23.954","°C","100.000","%a.s.","21.023","deg","23.635","°C","1019.000","hPa","0.861","-0.02617","0.00035","0","0","13.56","Humid","28.00","0","54.00","359745.14","SABD0000000001","AAV1.0.0.11","1.1.2.0","PSt7-10","170328-007","9/30/2017 19:06:43","0000-00","0","no battery","V"
"09/09/2020","11:23:12","2","default","115855972","OXY_CH2","117.627","min","193.408","µmol/L","Humid","20.131","deg","77025","µV","30.055","°C","1015.000","hPa","35.3","pmil","0","53.237","deg","23.954","°C","100.000","%a.s.","21.023","deg","23.635","°C","1019.000","hPa","0.861","-0.02617","0.00035","0","0","13.56","Humid","28.00","0","54.00","359730.54","SABD0000000001","AAV1.0.0.11","1.1.2.0","PSt7-10","170328-007","9/30/2017 19:06:43","0000-00","0","no battery","V"
"09/09/2020","11:23:13","2","default","115855972","OXY_CH2","117.644","min","193.472","µmol/L","Humid","20.133","deg","77018","µV","30.039","°C","1015.000","hPa","35.3","pmil","0","53.237","deg","23.954","°C","100.000","%a.s.","21.023","deg","23.635","°C","1019.000","hPa","0.861","-0.02617","0.00035","0","0","13.56","Humid","28.00","0","54.00","359725.42","SABD0000000001","AAV1.0.0.11","1.1.2.0","PSt7-10","170328-007","9/30/2017 19:06:43","0000-00","0","no battery","V"
"09/09/2020","11:23:14","2","default","115855972","OXY_CH2","117.661","min","193.394","µmol/L","Humid","20.132","deg","77020","µV","30.055","°C","1015.000","hPa","35.3","pmil","0","53.237","deg","23.954","°C","100.000","%a.s.","21.023","deg","23.635","°C","1019.000","hPa","0.861","-0.02617","0.00035","0","0","13.56","Humid","28.00","0","54.00","359749.99","SABD0000000001","AAV1.0.0.11","1.1.2.0","PSt7-10","170328-007","9/30/2017 19:06:43","0000-00","0","no battery","V"
"09/09/2020","11:23:15","2","default","115855972","OXY_CH2","117.677","min","193.332","µmol/L","Humid","20.132","deg","77018","µV","30.065","°C","1015.000","hPa","35.3","pmil","0","53.237","deg","23.954","°C","100.000","%a.s.","21.023","deg","23.635","°C","1019.000","hPa","0.861","-0.02617","0.00035","0","0","13.56","Humid","28.00","0","54.00","359738.21","SABD0000000001","AAV1.0.0.11","1.1.2.0","PSt7-10","170328-007","9/30/2017 19:06:43","0000-00","0","no battery","V"
"09/09/2020","11:23:16","2","default","115855972","OXY_CH2","117.694","min","193.408","µmol/L","Humid","20.129","deg","77009","µV","30.061","°C","1015.000","hPa","35.3","pmil","0","53.237","deg","23.954","°C","100.000","%a.s.","21.023","deg","23.635","°C","1019.000","hPa","0.861","-0.02617","0.00035","0","0","13.56","Humid","28.00","0","54.00","359726.18","SABD0000000001","AAV1.0.0.11","1.1.2.0","PSt7-10","170328-007","9/30/2017 19:06:43","0000-00","0","no battery","V"
"09/09/2020","11:23:17","2","default","115855972","OXY_CH2","117.711","min","193.424","µmol/L","Humid","20.131","deg","77013","µV","30.053","°C","1015.000","hPa","35.3","pmil","0","53.237","deg","23.954","°C","100.000","%a.s.","21.023","deg","23.635","°C","1019.000","hPa","0.861","-0.02617","0.00035","0","0","13.56","Humid","28.00","0","54.00","359721.89","SABD0000000001","AAV1.0.0.11","1.1.2.0","PSt7-10","170328-007","9/30/2017 19:06:43","0000-00","0","no battery","V"
"09/09/2020","11:23:18","2","default","115855972","OXY_CH2","117.728","min","193.346","µmol/L","Humid","20.133","deg","77015","µV","30.060","°C","1015.000","hPa","35.3","pmil","0","53.237","deg","23.954","°C","100.000","%a.s.","21.023","deg","23.635","°C","1019.000","hPa","0.861","-0.02617","0.00035","0","0","13.56","Humid","28.00","0","54.00","359723.83","SABD0000000001","AAV1.0.0.11","1.1.2.0","PSt7-10","170328-007","9/30/2017 19:06:43","0000-00","0","no battery","V"
"09/09/2020","11:23:19","2","default","115855972","OXY_CH2","117.744","min","193.430","µmol/L","Humid","20.131","deg","77004","µV","30.052","°C","1015.000","hPa","35.3","pmil","0","53.237","deg","23.954","°C","100.000","%a.s.","21.023","deg","23.635","°C","1019.000","hPa","0.861","-0.02617","0.00035","0","0","13.56","Humid","28.00","0","54.00","359721.43","SABD0000000001","AAV1.0.0.11","1.1.2.0","PSt7-10","170328-007","9/30/2017 19:06:43","0000-00","0","no battery","V"
"09/09/2020","11:23:20","2","default","115855972","OXY_CH2","117.760","min","193.469","µmol/L","Humid","20.130","deg","76995","µV","30.049","°C","1015.000","hPa","35.3","pmil","0","53.237","deg","23.954","°C","100.000","%a.s.","21.023","deg","23.635","°C","1019.000","hPa","0.861","-0.02617","0.00035","0","0","13.56","Humid","28.00","0","54.00","359727.05","SABD0000000001","AAV1.0.0.11","1.1.2.0","PSt7-10","170328-007","9/30/2017 19:06:43","0000-00","0","no battery","V"
"09/09/2020","11:23:21","2","default","115855972","OXY_CH2","117.778","min","193.517","µmol/L","Humid","20.129","deg","77009","µV","30.044","°C","1015.000","hPa","35.3","pmil","0","53.237","deg","23.954","°C","100.000","%a.s.","21.023","deg","23.635","°C","1019.000","hPa","0.861","-0.02617","0.00035","0","0","13.56","Humid","28.00","0","54.00","359727.57","SABD0000000001","AAV1.0.0.11","1.1.2.0","PSt7-10","170328-007","9/30/2017 19:06:43","0000-00","0","no battery","V"
"09/09/2020","11:23:22","2","default","115855972","OXY_CH2","117.794","min","193.386","µmol/L","Humid","20.133","deg","77009","µV","30.053","°C","1015.000","hPa","35.3","pmil","0","53.237","deg","23.954","°C","100.000","%a.s.","21.023","deg","23.635","°C","1019.000","hPa","0.861","-0.02617","0.00035","0","0","13.56","Humid","28.00","0","54.00","359740.82","SABD0000000001","AAV1.0.0.11","1.1.2.0","PSt7-10","170328-007","9/30/2017 19:06:43","0000-00","0","no battery","V"
"09/09/2020","11:23:23","2","default","115855972","OXY_CH2","117.810","min","193.582","µmol/L","Humid","20.127","deg","77003","µV","30.039","°C","1015.000","hPa","35.3","pmil","0","53.237","deg","23.954","°C","100.000","%a.s.","21.023","deg","23.635","°C","1019.000","hPa","0.861","-0.02617","0.00035","0","0","13.56","Humid","28.00","0","54.00","359739.90","SABD0000000001","AAV1.0.0.11","1.1.2.0","PSt7-10","170328-007","9/30/2017 19:06:43","0000-00","0","no battery","V"
"09/09/2020","11:23:24","2","default","115855972","OXY_CH2","117.827","min","193.499","µmol/L","Humid","20.132","deg","77006","µV","30.038","°C","1015.000","hPa","35.3","pmil","0","53.237","deg","23.954","°C","100.000","%a.s.","21.023","deg","23.635","°C","1019.000","hPa","0.861","-0.02617","0.00035","0","0","13.56","Humid","28.00","0","54.00","359723.59","SABD0000000001","AAV1.0.0.11","1.1.2.0","PSt7-10","170328-007","9/30/2017 19:06:43","0000-00","0","no battery","V"
"09/09/2020","11:23:25","2","default","115855972","OXY_CH2","117.844","min","193.404","µmol/L","Humid","20.130","deg","76996","µV","30.059","°C","1015.000","hPa","35.3","pmil","0","53.237","deg","23.954","°C","100.000","%a.s.","21.023","deg","23.635","°C","1019.000","hPa","0.861","-0.02617","0.00035","0","0","13.56","Humid","28.00","0","54.00","359720.77","SABD0000000001","AAV1.0.0.11","1.1.2.0","PSt7-10","170328-007","9/30/2017 19:06:43","0000-00","0","no battery","V"
"09/09/2020","11:23:26","2","default","115855972","OXY_CH2","117.861","min","193.341","µmol/L","Humid","20.130","deg","76994","µV","30.069","°C","1015.000","hPa","35.3","pmil","0","53.237","deg","23.954","°C","100.000","%a.s.","21.023","deg","23.635","°C","1019.000","hPa","0.861","-0.02617","0.00035","0","0","13.56","Humid","28.00","0","54.00","359728.30","SABD0000000001","AAV1.0.0.11","1.1.2.0","PSt7-10","170328-007","9/30/2017 19:06:43","0000-00","0","no battery","V"
"09/09/2020","11:23:27","2","default","115855972","OXY_CH2","117.877","min","193.380","µmol/L","Humid","20.130","deg","76997","µV","30.063","°C","1015.000","hPa","35.3","pmil","0","53.237","deg","23.954","°C","100.000","%a.s.","21.023","deg","23.635","°C","1019.000","hPa","0.861","-0.02617","0.00035","0","0","13.56","Humid","28.00","0","54.00","359713.66","SABD0000000001","AAV1.0.0.11","1.1.2.0","PSt7-10","170328-007","9/30/2017 19:06:43","0000-00","0","no battery","V"
"09/09/2020","11:23:28","2","default","115855972","OXY_CH2","117.894","min","193.494","µmol/L","Humid","20.131","deg","76996","µV","30.042","°C","1015.000","hPa","35.3","pmil","0","53.237","deg","23.954","°C","100.000","%a.s.","21.023","deg","23.635","°C","1019.000","hPa","0.861","-0.02617","0.00035","0","0","13.56","Humid","28.00","0","54.00","359719.48","SABD0000000001","AAV1.0.0.11","1.1.2.0","PSt7-10","170328-007","9/30/2017 19:06:43","0000-00","0","no battery","V"
"09/09/2020","11:23:29","2","default","115855972","OXY_CH2","117.910","min","193.374","µmol/L","Humid","20.134","deg","76991","µV","30.052","°C","1015.000","hPa","35.3","pmil","0","53.237","deg","23.954","°C","100.000","%a.s.","21.023","deg","23.635","°C","1019.000","hPa","0.861","-0.02617","0.00035","0","0","13.56","Humid","28.00","0","54.00","359716.18","SABD0000000001","AAV1.0.0.11","1.1.2.0","PSt7-10","170328-007","9/30/2017 19:06:43","0000-00","0","no battery","V"
"09/09/2020","11:23:30","2","default","115855972","OXY_CH2","117.928","min","193.517","µmol/L","Humid","20.125","deg","76994","µV","30.055","°C","1015.000","hPa","35.3","pmil","0","53.237","deg","23.954","°C","100.000","%a.s.","21.023","deg","23.635","°C","1019.000","hPa","0.861","-0.02617","0.00035","0","0","13.56","Humid","28.00","0","54.00","359722.21","SABD0000000001","AAV1.0.0.11","1.1.2.0","PSt7-10","170328-007","9/30/2017 19:06:43","0000-00","0","no battery","V"
"09/09/2020","11:23:31","2","default","115855972","OXY_CH2","117.944","min","193.526","µmol/L","Humid","20.129","deg","76996","µV","30.042","°C","1015.000","hPa","35.3","pmil","0","53.237","deg","23.954","°C","100.000","%a.s.","21.023","deg","23.635","°C","1019.000","hPa","0.861","-0.02617","0.00035","0","0","13.56","Humid","28.00","0","54.00","359710.03","SABD0000000001","AAV1.0.0.11","1.1.2.0","PSt7-10","170328-007","9/30/2017 19:06:43","0000-00","0","no battery","V"
"09/09/2020","11:23:32","2","default","115855972","OXY_CH2","117.961","min","193.399","µmol/L","Humid","20.133","deg","76990","µV","30.051","°C","1015.000","hPa","35.3","pmil","0","53.237","deg","23.954","°C","100.000","%a.s.","21.023","deg","23.635","°C","1019.000","hPa","0.861","-0.02617","0.00035","0","0","13.56","Humid","28.00","0","54.00","359720.37","SABD0000000001","AAV1.0.0.11","1.1.2.0","PSt7-10","170328-007","9/30/2017 19:06:43","0000-00","0","no battery","V"
"09/09/2020","11:23:33","2","default","115855972","OXY_CH2","117.977","min","193.362","µmol/L","Humid","20.136","deg","76983","µV","30.048","°C","1015.000","hPa","35.3","pmil","0","53.237","deg","23.954","°C","100.000","%a.s.","21.023","deg","23.635","°C","1019.000","hPa","0.861","-0.02617","0.00035","0","0","13.56","Humid","28.00","0","54.00","359699.61","SABD0000000001","AAV1.0.0.11","1.1.2.0","PSt7-10","170328-007","9/30/2017 19:06:43","0000-00","0","no battery","V"
"09/09/2020","11:23:34","2","default","115855972","OXY_CH2","117.994","min","193.542","µmol/L","Humid","20.126","deg","76987","µV","30.048","°C","1015.000","hPa","35.3","pmil","0","53.237","deg","23.954","°C","100.000","%a.s.","21.023","deg","23.635","°C","1019.000","hPa","0.861","-0.02617","0.00035","0","0","13.56","Humid","28.00","0","54.00","359713.22","SABD0000000001","AAV1.0.0.11","1.1.2.0","PSt7-10","170328-007","9/30/2017 19:06:43","0000-00","0","no battery","V"
"09/09/2020","11:23:35","2","default","115855972","OXY_CH2","118.010","min","193.473","µmol/L","Humid","20.129","deg","76984","µV","30.051","°C","1015.000","hPa","35.3","pmil","0","53.237","deg","23.954","°C","100.000","%a.s.","21.023","deg","23.635","°C","1019.000","hPa","0.861","-0.02617","0.00035","0","0","13.56","Humid","28.00","0","54.00","359697.35","SABD0000000001","AAV1.0.0.11","1.1.2.0","PSt7-10","170328-007","9/30/2017 19:06:43","0000-00","0","no battery","V"
"09/09/2020","11:23:36","2","default","115855972","OXY_CH2","118.027","min","193.546","µmol/L","Humid","20.126","deg","76985","µV","30.048","°C","1015.000","hPa","35.3","pmil","0","53.237","deg","23.954","°C","100.000","%a.s.","21.023","deg","23.635","°C","1019.000","hPa","0.861","-0.02617","0.00035","0","0","13.56","Humid","28.00","0","54.00","359701.99","SABD0000000001","AAV1.0.0.11","1.1.2.0","PSt7-10","170328-007","9/30/2017 19:06:43","0000-00","0","no battery","V"
"09/09/2020","11:23:37","2","default","115855972","OXY_CH2","118.044","min","193.420","µmol/L","Humid","20.133","deg","76976","µV","30.048","°C","1015.000","hPa","35.3","pmil","0","53.237","deg","23.954","°C","100.000","%a.s.","21.023","deg","23.635","°C","1019.000","hPa","0.861","-0.02617","0.00035","0","0","13.56","Humid","28.00","0","54.00","359689.76","SABD0000000001","AAV1.0.0.11","1.1.2.0","PSt7-10","170328-007","9/30/2017 19:06:43","0000-00","0","no battery","V"
"09/09/2020","11:23:38","2","default","115855972","OXY_CH2","118.061","min","193.563","µmol/L","Humid","20.125","deg","76980","µV","30.048","°C","1015.000","hPa","35.3","pmil","0","53.237","deg","23.954","°C","100.000","%a.s.","21.023","deg","23.635","°C","1019.000","hPa","0.861","-0.02617","0.00035","0","0","13.56","Humid","28.00","0","54.00","359681.71","SABD0000000001","AAV1.0.0.11","1.1.2.0","PSt7-10","170328-007","9/30/2017 19:06:43","0000-00","0","no battery","V"
"09/09/2020","11:23:39","2","default","115855972","OXY_CH2","118.078","min","193.554","µmol/L","Humid","20.126","deg","76970","µV","30.046","°C","1015.000","hPa","35.3","pmil","0","53.237","deg","23.954","°C","100.000","%a.s.","21.023","deg","23.635","°C","1019.000","hPa","0.861","-0.02617","0.00035","0","0","13.56","Humid","28.00","0","54.00","359687.44","SABD0000000001","AAV1.0.0.11","1.1.2.0","PSt7-10","170328-007","9/30/2017 19:06:43","0000-00","0","no battery","V"
"09/09/2020","11:23:40","2","default","115855972","OXY_CH2","118.094","min","193.638","µmol/L","Humid","20.123","deg","76980","µV","30.041","°C","1015.000","hPa","35.3","pmil","0","53.237","deg","23.954","°C","100.000","%a.s.","21.023","deg","23.635","°C","1019.000","hPa","0.861","-0.02617","0.00035","0","0","13.56","Humid","28.00","0","54.00","359693.63","SABD0000000001","AAV1.0.0.11","1.1.2.0","PSt7-10","170328-007","9/30/2017 19:06:43","0000-00","0","no battery","V"
"09/09/2020","11:23:41","2","default","115855972","OXY_CH2","118.111","min","193.630","µmol/L","Humid","20.124","deg","76981","µV","30.040","°C","1015.000","hPa","35.3","pmil","0","53.237","deg","23.954","°C","100.000","%a.s.","21.023","deg","23.635","°C","1019.000","hPa","0.861","-0.02617","0.00035","0","0","13.56","Humid","28.00","0","54.00","359695.64","SABD0000000001","AAV1.0.0.11","1.1.2.0","PSt7-10","170328-007","9/30/2017 19:06:43","0000-00","0","no battery","V"
"09/09/2020","11:23:42","2","default","115855972","OXY_CH2","118.127","min","193.572","µmol/L","Humid","20.127","deg","76979","µV","30.041","°C","1015.000","hPa","35.3","pmil","0","53.237","deg","23.954","°C","100.000","%a.s.","21.023","deg","23.635","°C","1019.000","hPa","0.861","-0.02617","0.00035","0","0","13.56","Humid","28.00","0","54.00","359690.24","SABD0000000001","AAV1.0.0.11","1.1.2.0","PSt7-10","170328-007","9/30/2017 19:06:43","0000-00","0","no battery","V"
"09/09/2020","11:23:43","2","default","115855972","OXY_CH2","118.144","min","193.464","µmol/L","Humid","20.127","deg","76976","µV","30.058","°C","1015.000","hPa","35.3","pmil","0","53.237","deg","23.954","°C","100.000","%a.s.","21.023","deg","23.635","°C","1019.000","hPa","0.861","-0.02617","0.00035","0","0","13.56","Humid","28.00","0","54.00","359689.69","SABD0000000001","AAV1.0.0.11","1.1.2.0","PSt7-10","170328-007","9/30/2017 19:06:43","0000-00","0","no battery","V"
"09/09/2020","11:23:44","2","default","115855972","OXY_CH2","118.161","min","193.472","µmol/L","Humid","20.128","deg","76968","µV","30.054","°C","1015.000","hPa","35.3","pmil","0","53.237","deg","23.954","°C","100.000","%a.s.","21.023","deg","23.635","°C","1019.000","hPa","0.861","-0.02617","0.00035","0","0","13.56","Humid","28.00","0","54.00","359683.86","SABD0000000001","AAV1.0.0.11","1.1.2.0","PSt7-10","170328-007","9/30/2017 19:06:43","0000-00","0","no battery","V"
"09/09/2020","11:23:45","2","default","115855972","OXY_CH2","118.178","min","193.531","µmol/L","Humid","20.122","deg","76966","µV","30.062","°C","1015.000","hPa","35.3","pmil","0","53.237","deg","23.954","°C","100.000","%a.s.","21.023","deg","23.635","°C","1019.000","hPa","0.861","-0.02617","0.00035","0","0","13.56","Humid","28.00","0","54.00","359687.02","SABD0000000001","AAV1.0.0.11","1.1.2.0","PSt7-10","170328-007","9/30/2017 19:06:43","0000-00","0","no battery","V"
"09/09/2020","11:23:46","2","default","115855972","OXY_CH2","118.194","min","193.554","µmol/L","Humid","20.125","deg","76975","µV","30.049","°C","1015.000","hPa","35.3","pmil","0","53.237","deg","23.954","°C","100.000","%a.s.","21.023","deg","23.635","°C","1019.000","hPa","0.861","-0.02617","0.00035","0","0","13.56","Humid","28.00","0","54.00","359686.62","SABD0000000001","AAV1.0.0.11","1.1.2.0","PSt7-10","170328-007","9/30/2017 19:06:43","0000-00","0","no battery","V"
"09/09/2020","11:23:47","2","default","115855972","OXY_CH2","118.211","min","193.553","µmol/L","Humid","20.121","deg","76962","µV","30.061","°C","1015.000","hPa","35.3","pmil","0","53.237","deg","23.954","°C","100.000","%a.s.","21.023","deg","23.635","°C","1019.000","hPa","0.861","-0.02617","0.00035","0","0","13.56","Humid","28.00","0","54.00","359672.01","SABD0000000001","AAV1.0.0.11","1.1.2.0","PSt7-10","170328-007","9/30/2017 19:06:43","0000-00","0","no battery","V"
"09/09/2020","11:23:48","2","default","115855972","OXY_CH2","118.227","min","193.539","µmol/L","Humid","20.127","deg","76956","µV","30.046","°C","1015.000","hPa","35.3","pmil","0","53.237","deg","23.954","°C","100.000","%a.s.","21.023","deg","23.635","°C","1019.000","hPa","0.861","-0.02617","0.00035","0","0","13.56","Humid","28.00","0","54.00","359678.91","SABD0000000001","AAV1.0.0.11","1.1.2.0","PSt7-10","170328-007","9/30/2017 19:06:43","0000-00","0","no battery","V"
"09/09/2020","11:23:49","2","default","115855972","OXY_CH2","118.244","min","193.508","µmol/L","Humid","20.126","deg","76963","µV","30.054","°C","1015.000","hPa","35.3","pmil","0","53.237","deg","23.954","°C","100.000","%a.s.","21.023","deg","23.635","°C","1019.000","hPa","0.861","-0.02617","0.00035","0","0","13.56","Humid","28.00","0","54.00","359666.50","SABD0000000001","AAV1.0.0.11","1.1.2.0","PSt7-10","170328-007","9/30/2017 19:06:43","0000-00","0","no battery","V"
"09/09/2020","11:23:50","2","default","115855972","OXY_CH2","118.261","min","193.700","µmol/L","Humid","20.122","deg","76960","µV","30.034","°C","1015.000","hPa","35.3","pmil","0","53.237","deg","23.954","°C","100.000","%a.s.","21.023","deg","23.635","°C","1019.000","hPa","0.861","-0.02617","0.00035","0","0","13.56","Humid","28.00","0","54.00","359679.56","SABD0000000001","AAV1.0.0.11","1.1.2.0","PSt7-10","170328-007","9/30/2017 19:06:43","0000-00","0","no battery","V"
"09/09/2020","11:23:51","2","default","115855972","OXY_CH2","118.277","min","193.554","µmol/L","Humid","20.123","deg","76962","µV","30.055","°C","1015.000","hPa","35.3","pmil","0","53.237","deg","23.954","°C","100.000","%a.s.","21.023","deg","23.635","°C","1019.000","hPa","0.861","-0.02617","0.00035","0","0","13.56","Humid","28.00","0","54.00","359680.16","SABD0000000001","AAV1.0.0.11","1.1.2.0","PSt7-10","170328-007","9/30/2017 19:06:43","0000-00","0","no battery","V"
"09/09/2020","11:23:52","2","default","115855972","OXY_CH2","118.294","min","193.556","µmol/L","Humid","20.122","deg","76958","µV","30.058","°C","1015.000","hPa","35.3","pmil","0","53.237","deg","23.954","°C","100.000","%a.s.","21.023","deg","23.635","°C","1019.000","hPa","0.861","-0.02617","0.00035","0","0","13.56","Humid","28.00","0","54.00","359684.30","SABD0000000001","AAV1.0.0.11","1.1.2.0","PSt7-10","170328-007","9/30/2017 19:06:43","0000-00","0","no battery","V"
"09/09/2020","11:23:53","2","default","115855972","OXY_CH2","118.311","min","193.615","µmol/L","Humid","20.122","deg","76958","µV","30.048","°C","1015.000","hPa","35.3","pmil","0","53.237","deg","23.954","°C","100.000","%a.s.","21.023","deg","23.635","°C","1019.000","hPa","0.861","-0.02617","0.00035","0","0","13.56","Humid","28.00","0","54.00","359680.09","SABD0000000001","AAV1.0.0.11","1.1.2.0","PSt7-10","170328-007","9/30/2017 19:06:43","0000-00","0","no battery","V"
"09/09/2020","11:23:54","2","default","115855972","OXY_CH2","118.327","min","193.468","µmol/L","Humid","20.127","deg","76953","µV","30.057","°C","1015.000","hPa","35.3","pmil","0","53.237","deg","23.954","°C","100.000","%a.s.","21.023","deg","23.635","°C","1019.000","hPa","0.861","-0.02617","0.00035","0","0","13.56","Humid","28.00","0","54.00","359688.91","SABD0000000001","AAV1.0.0.11","1.1.2.0","PSt7-10","170328-007","9/30/2017 19:06:43","0000-00","0","no battery","V"
"09/09/2020","11:23:55","2","default","115855972","OXY_CH2","118.344","min","193.525","µmol/L","Humid","20.126","deg","76951","µV","30.051","°C","1015.000","hPa","35.3","pmil","0","53.237","deg","23.954","°C","100.000","%a.s.","21.023","deg","23.635","°C","1019.000","hPa","0.861","-0.02617","0.00035","0","0","13.56","Humid","28.00","0","54.00","359663.22","SABD0000000001","AAV1.0.0.11","1.1.2.0","PSt7-10","170328-007","9/30/2017 19:06:43","0000-00","0","no battery","V"
"09/09/2020","11:23:56","2","default","115855972","OXY_CH2","118.361","min","193.675","µmol/L","Humid","20.121","deg","76950","µV","30.041","°C","1015.000","hPa","35.3","pmil","0","53.237","deg","23.954","°C","100.000","%a.s.","21.023","deg","23.635","°C","1019.000","hPa","0.861","-0.02617","0.00035","0","0","13.56","Humid","28.00","0","54.00","359662.73","SABD0000000001","AAV1.0.0.11","1.1.2.0","PSt7-10","170328-007","9/30/2017 19:06:43","0000-00","0","no battery","V"
"09/09/2020","11:23:57","2","default","115855972","OXY_CH2","118.378","min","193.576","µmol/L","Humid","20.123","deg","76945","µV","30.052","°C","1015.000","hPa","35.3","pmil","0","53.237","deg","23.954","°C","100.000","%a.s.","21.023","deg","23.635","°C","1019.000","hPa","0.861","-0.02617","0.00035","0","0","13.56","Humid","28.00","0","54.00","359656.05","SABD0000000001","AAV1.0.0.11","1.1.2.0","PSt7-10","170328-007","9/30/2017 19:06:43","0000-00","0","no battery","V"
"09/09/2020","11:23:58","2","default","115855972","OXY_CH2","118.394","min","193.513","µmol/L","Humid","20.125","deg","76956","µV","30.056","°C","1015.000","hPa","35.3","pmil","0","53.237","deg","23.954","°C","100.000","%a.s.","21.023","deg","23.635","°C","1019.000","hPa","0.861","-0.02617","0.00035","0","0","13.56","Humid","28.00","0","54.00","359673.72","SABD0000000001","AAV1.0.0.11","1.1.2.0","PSt7-10","170328-007","9/30/2017 19:06:43","0000-00","0","no battery","V"
"09/09/2020","11:23:59","2","default","115855972","OXY_CH2","118.410","min","193.512","µmol/L","Humid","20.127","deg","76945","µV","30.050","°C","1015.000","hPa","35.3","pmil","0","53.237","deg","23.954","°C","100.000","%a.s.","21.023","deg","23.635","°C","1019.000","hPa","0.861","-0.02617","0.00035","0","0","13.56","Humid","28.00","0","54.00","359659.60","SABD0000000001","AAV1.0.0.11","1.1.2.0","PSt7-10","170328-007","9/30/2017 19:06:43","0000-00","0","no battery","V"
"09/09/2020","11:24:00","2","default","115855972","OXY_CH2","118.427","min","193.771","µmol/L","Humid","20.120","deg","76941","µV","30.028","°C","1015.000","hPa","35.3","pmil","0","53.237","deg","23.954","°C","100.000","%a.s.","21.023","deg","23.635","°C","1019.000","hPa","0.861","-0.02617","0.00035","0","0","13.56","Humid","28.00","0","54.00","359665.80","SABD0000000001","AAV1.0.0.11","1.1.2.0","PSt7-10","170328-007","9/30/2017 19:06:43","0000-00","0","no battery","V"
"09/09/2020","11:24:01","2","default","115855972","OXY_CH2","118.444","min","193.611","µmol/L","Humid","20.123","deg","76944","µV","30.046","°C","1015.000","hPa","35.3","pmil","0","53.237","deg","23.954","°C","100.000","%a.s.","21.023","deg","23.635","°C","1019.000","hPa","0.861","-0.02617","0.00035","0","0","13.56","Humid","28.00","0","54.00","359662.07","SABD0000000001","AAV1.0.0.11","1.1.2.0","PSt7-10","170328-007","9/30/2017 19:06:43","0000-00","0","no battery","V"
"09/09/2020","11:24:02","2","default","115855972","OXY_CH2","118.461","min","193.538","µmol/L","Humid","20.124","deg","76944","µV","30.055","°C","1015.000","hPa","35.3","pmil","0","53.237","deg","23.954","°C","100.000","%a.s.","21.023","deg","23.635","°C","1019.000","hPa","0.861","-0.02617","0.00035","0","0","13.56","Humid","28.00","0","54.00","359661.22","SABD0000000001","AAV1.0.0.11","1.1.2.0","PSt7-10","170328-007","9/30/2017 19:06:43","0000-00","0","no battery","V"
"09/09/2020","11:24:03","2","default","115855972","OXY_CH2","118.477","min","193.586","µmol/L","Humid","20.120","deg","76942","µV","30.059","°C","1015.000","hPa","35.3","pmil","0","53.237","deg","23.954","°C","100.000","%a.s.","21.023","deg","23.635","°C","1019.000","hPa","0.861","-0.02617","0.00035","0","0","13.56","Humid","28.00","0","54.00","359659.01","SABD0000000001","AAV1.0.0.11","1.1.2.0","PSt7-10","170328-007","9/30/2017 19:06:43","0000-00","0","no battery","V"
"09/09/2020","11:24:04","2","default","115855972","OXY_CH2","118.494","min","193.589","µmol/L","Humid","20.120","deg","76941","µV","30.058","°C","1015.000","hPa","35.3","pmil","0","53.237","deg","23.954","°C","100.000","%a.s.","21.023","deg","23.635","°C","1019.000","hPa","0.861","-0.02617","0.00035","0","0","13.56","Humid","28.00","0","54.00","359656.60","SABD0000000001","AAV1.0.0.11","1.1.2.0","PSt7-10","170328-007","9/30/2017 19:06:43","0000-00","0","no battery","V"
"09/09/2020","11:24:05","2","default","115855972","OXY_CH2","118.510","min","193.532","µmol/L","Humid","20.124","deg","76944","µV","30.056","°C","1015.000","hPa","35.3","pmil","0","53.237","deg","23.954","°C","100.000","%a.s.","21.023","deg","23.635","°C","1019.000","hPa","0.861","-0.02617","0.00035","0","0","13.56","Humid","28.00","0","54.00","359659.28","SABD0000000001","AAV1.0.0.11","1.1.2.0","PSt7-10","170328-007","9/30/2017 19:06:43","0000-00","0","no battery","V"
"09/09/2020","11:24:06","2","default","115855972","OXY_CH2","118.528","min","193.664","µmol/L","Humid","20.120","deg","76938","µV","30.046","°C","1015.000","hPa","35.3","pmil","0","53.237","deg","23.954","°C","100.000","%a.s.","21.023","deg","23.635","°C","1019.000","hPa","0.861","-0.02617","0.00035","0","0","13.56","Humid","28.00","0","54.00","359651.96","SABD0000000001","AAV1.0.0.11","1.1.2.0","PSt7-10","170328-007","9/30/2017 19:06:43","0000-00","0","no battery","V"
"09/09/2020","11:24:07","2","default","115855972","OXY_CH2","118.544","min","193.666","µmol/L","Humid","20.120","deg","76944","µV","30.046","°C","1015.000","hPa","35.3","pmil","0","53.237","deg","23.954","°C","100.000","%a.s.","21.023","deg","23.635","°C","1019.000","hPa","0.861","-0.02617","0.00035","0","0","13.56","Humid","28.00","0","54.00","359642.88","SABD0000000001","AAV1.0.0.11","1.1.2.0","PSt7-10","170328-007","9/30/2017 19:06:43","0000-00","0","no battery","V"
"09/09/2020","11:24:08","2","default","115855972","OXY_CH2","118.560","min","193.484","µmol/L","Humid","20.123","deg","76936","µV","30.067","°C","1015.000","hPa","35.3","pmil","0","53.237","deg","23.954","°C","100.000","%a.s.","21.023","deg","23.635","°C","1019.000","hPa","0.861","-0.02617","0.00035","0","0","13.56","Humid","28.00","0","54.00","359661.17","SABD0000000001","AAV1.0.0.11","1.1.2.0","PSt7-10","170328-007","9/30/2017 19:06:43","0000-00","0","no battery","V"
"09/09/2020","11:24:09","2","default","115855972","OXY_CH2","118.577","min","193.461","µmol/L","Humid","20.123","deg","76936","µV","30.070","°C","1015.000","hPa","35.3","pmil","0","53.237","deg","23.954","°C","100.000","%a.s.","21.023","deg","23.635","°C","1019.000","hPa","0.861","-0.02617","0.00035","0","0","13.56","Humid","28.00","0","54.00","359649.79","SABD0000000001","AAV1.0.0.11","1.1.2.0","PSt7-10","170328-007","9/30/2017 19:06:43","0000-00","0","no battery","V"
"09/09/2020","11:24:10","2","default","115855972","OXY_CH2","118.594","min","193.580","µmol/L","Humid","20.123","deg","76940","µV","30.051","°C","1015.000","hPa","35.3","pmil","0","53.237","deg","23.954","°C","100.000","%a.s.","21.023","deg","23.635","°C","1019.000","hPa","0.861","-0.02617","0.00035","0","0","13.56","Humid","28.00","0","54.00","359634.51","SABD0000000001","AAV1.0.0.11","1.1.2.0","PSt7-10","170328-007","9/30/2017 19:06:43","0000-00","0","no battery","V"
"09/09/2020","11:24:11","2","default","115855972","OXY_CH2","118.611","min","193.729","µmol/L","Humid","20.120","deg","76936","µV","30.035","°C","1015.000","hPa","35.3","pmil","0","53.237","deg","23.954","°C","100.000","%a.s.","21.023","deg","23.635","°C","1019.000","hPa","0.861","-0.02617","0.00035","0","0","13.56","Humid","28.00","0","54.00","359660.24","SABD0000000001","AAV1.0.0.11","1.1.2.0","PSt7-10","170328-007","9/30/2017 19:06:43","0000-00","0","no battery","V"
"09/09/2020","11:24:12","2","default","115855972","OXY_CH2","118.627","min","193.577","µmol/L","Humid","20.120","deg","76929","µV","30.060","°C","1015.000","hPa","35.3","pmil","0","53.237","deg","23.954","°C","100.000","%a.s.","21.023","deg","23.635","°C","1019.000","hPa","0.861","-0.02617","0.00035","0","0","13.56","Humid","28.00","0","54.00","359652.67","SABD0000000001","AAV1.0.0.11","1.1.2.0","PSt7-10","170328-007","9/30/2017 19:06:43","0000-00","0","no battery","V"
"09/09/2020","11:24:13","2","default","115855972","OXY_CH2","118.644","min","193.717","µmol/L","Humid","20.116","deg","76939","µV","30.049","°C","1015.000","hPa","35.3","pmil","0","53.237","deg","23.954","°C","100.000","%a.s.","21.023","deg","23.635","°C","1019.000","hPa","0.861","-0.02617","0.00035","0","0","13.56","Humid","28.00","0","54.00","359650.39","SABD0000000001","AAV1.0.0.11","1.1.2.0","PSt7-10","170328-007","9/30/2017 19:06:43","0000-00","0","no battery","V"
"09/09/2020","11:24:14","2","default","115855972","OXY_CH2","118.661","min","193.652","µmol/L","Humid","20.121","deg","76931","µV","30.045","°C","1015.000","hPa","35.3","pmil","0","53.237","deg","23.954","°C","100.000","%a.s.","21.023","deg","23.635","°C","1019.000","hPa","0.861","-0.02617","0.00035","0","0","13.56","Humid","28.00","0","54.00","359644.39","SABD0000000001","AAV1.0.0.11","1.1.2.0","PSt7-10","170328-007","9/30/2017 19:06:43","0000-00","0","no battery","V"
"09/09/2020","11:24:15","2","default","115855972","OXY_CH2","118.678","min","193.794","µmol/L","Humid","20.115","deg","76927","µV","30.039","°C","1015.000","hPa","35.3","pmil","0","53.237","deg","23.954","°C","100.000","%a.s.","21.023","deg","23.635","°C","1019.000","hPa","0.861","-0.02617","0.00035","0","0","13.56","Humid","28.00","0","54.00","359642.83","SABD0000000001","AAV1.0.0.11","1.1.2.0","PSt7-10","170328-007","9/30/2017 19:06:43","0000-00","0","no battery","V"
"09/09/2020","11:24:16","2","default","115855972","OXY_CH2","118.694","min","193.670","µmol/L","Humid","20.119","deg","76923","µV","30.048","°C","1015.000","hPa","35.3","pmil","0","53.237","deg","23.954","°C","100.000","%a.s.","21.023","deg","23.635","°C","1019.000","hPa","0.861","-0.02617","0.00035","0","0","13.56","Humid","28.00","0","54.00","359632.82","SABD0000000001","AAV1.0.0.11","1.1.2.0","PSt7-10","170328-007","9/30/2017 19:06:43","0000-00","0","no battery","V"
"09/09/2020","11:24:17","2","default","115855972","OXY_CH2","118.711","min","193.572","µmol/L","Humid","20.122","deg","76926","µV","30.055","°C","1015.000","hPa","35.3","pmil","0","53.237","deg","23.954","°C","100.000","%a.s.","21.023","deg","23.635","°C","1019.000","hPa","0.861","-0.02617","0.00035","0","0","13.56","Humid","28.00","0","54.00","359629.94","SABD0000000001","AAV1.0.0.11","1.1.2.0","PSt7-10","170328-007","9/30/2017 19:06:43","0000-00","0","no battery","V"
"09/09/2020","11:24:18","2","default","115855972","OXY_CH2","118.728","min","193.605","µmol/L","Humid","20.122","deg","76925","µV","30.050","°C","1015.000","hPa","35.3","pmil","0","53.237","deg","23.954","°C","100.000","%a.s.","21.023","deg","23.635","°C","1019.000","hPa","0.861","-0.02617","0.00035","0","0","13.56","Humid","28.00","0","54.00","359646.73","SABD0000000001","AAV1.0.0.11","1.1.2.0","PSt7-10","170328-007","9/30/2017 19:06:43","0000-00","0","no battery","V"
"09/09/2020","11:24:19","2","default","115855972","OXY_CH2","118.744","min","193.686","µmol/L","Humid","20.119","deg","76924","µV","30.045","°C","1015.000","hPa","35.3","pmil","0","53.237","deg","23.954","°C","100.000","%a.s.","21.023","deg","23.635","°C","1019.000","hPa","0.861","-0.02617","0.00035","0","0","13.56","Humid","28.00","0","54.00","359642.94","SABD0000000001","AAV1.0.0.11","1.1.2.0","PSt7-10","170328-007","9/30/2017 19:06:43","0000-00","0","no battery","V"
"09/09/2020","11:24:20","2","default","115855972","OXY_CH2","118.761","min","193.630","µmol/L","Humid","20.122","deg","76923","µV","30.046","°C","1015.000","hPa","35.3","pmil","0","53.237","deg","23.954","°C","100.000","%a.s.","21.023","deg","23.635","°C","1019.000","hPa","0.861","-0.02617","0.00035","0","0","13.56","Humid","28.00","0","54.00","359647.26","SABD0000000001","AAV1.0.0.11","1.1.2.0","PSt7-10","170328-007","9/30/2017 19:06:43","0000-00","0","no battery","V"
"09/09/2020","11:24:21","2","default","115855972","OXY_CH2","118.777","min","193.730","µmol/L","Humid","20.119","deg","76920","µV","30.038","°C","1015.000","hPa","35.3","pmil","0","53.237","deg","23.954","°C","100.000","%a.s.","21.023","deg","23.635","°C","1019.000","hPa","0.861","-0.02617","0.00035","0","0","13.56","Humid","28.00","0","54.00","359635.66","SABD0000000001","AAV1.0.0.11","1.1.2.0","PSt7-10","170328-007","9/30/2017 19:06:43","0000-00","0","no battery","V"
"09/09/2020","11:24:22","2","default","115855972","OXY_CH2","118.794","min","193.537","µmol/L","Humid","20.117","deg","76919","µV","30.076","°C","1015.000","hPa","35.3","pmil","0","53.237","deg","23.954","°C","100.000","%a.s.","21.023","deg","23.635","°C","1019.000","hPa","0.861","-0.02617","0.00035","0","0","13.56","Humid","28.00","0","54.00","359649.93","SABD0000000001","AAV1.0.0.11","1.1.2.0","PSt7-10","170328-007","9/30/2017 19:06:43","0000-00","0","no battery","V"
"09/09/2020","11:24:23","2","default","115855972","OXY_CH2","118.811","min","193.604","µmol/L","Humid","20.119","deg","76909","µV","30.059","°C","1015.000","hPa","35.3","pmil","0","53.237","deg","23.954","°C","100.000","%a.s.","21.023","deg","23.635","°C","1019.000","hPa","0.861","-0.02617","0.00035","0","0","13.56","Humid","28.00","0","54.00","359639.05","SABD0000000001","AAV1.0.0.11","1.1.2.0","PSt7-10","170328-007","9/30/2017 19:06:43","0000-00","0","no battery","V"
"09/09/2020","11:24:24","2","default","115855972","OXY_CH2","118.827","min","193.672","µmol/L","Humid","20.116","deg","76913","µV","30.056","°C","1015.000","hPa","35.3","pmil","0","53.237","deg","23.954","°C","100.000","%a.s.","21.023","deg","23.635","°C","1019.000","hPa","0.861","-0.02617","0.00035","0","0","13.56","Humid","28.00","0","54.00","359628.90","SABD0000000001","AAV1.0.0.11","1.1.2.0","PSt7-10","170328-007","9/30/2017 19:06:43","0000-00","0","no battery","V"
"09/09/2020","11:24:25","2","default","115855972","OXY_CH2","118.844","min","193.573","µmol/L","Humid","20.121","deg","76913","µV","30.058","°C","1015.000","hPa","35.3","pmil","0","53.237","deg","23.954","°C","100.000","%a.s.","21.023","deg","23.635","°C","1019.000","hPa","0.861","-0.02617","0.00035","0","0","13.56","Humid","28.00","0","54.00","359630.56","SABD0000000001","AAV1.0.0.11","1.1.2.0","PSt7-10","170328-007","9/30/2017 19:06:43","0000-00","0","no battery","V"
"09/09/2020","11:24:26","2","default","115855972","OXY_CH2","118.861","min","193.668","µmol/L","Humid","20.114","deg","76912","µV","30.063","°C","1015.000","hPa","35.3","pmil","0","53.237","deg","23.954","°C","100.000","%a.s.","21.023","deg","23.635","°C","1019.000","hPa","0.861","-0.02617","0.00035","0","0","13.56","Humid","28.00","0","54.00","359633.89","SABD0000000001","AAV1.0.0.11","1.1.2.0","PSt7-10","170328-007","9/30/2017 19:06:43","0000-00","0","no battery","V"
"09/09/2020","11:24:27","2","default","115855972","OXY_CH2","118.878","min","193.614","µmol/L","Humid","20.119","deg","76907","µV","30.057","°C","1015.000","hPa","35.3","pmil","0","53.237","deg","23.954","°C","100.000","%a.s.","21.023","deg","23.635","°C","1019.000","hPa","0.861","-0.02617","0.00035","0","0","13.56","Humid","28.00","0","54.00","359635.61","SABD0000000001","AAV1.0.0.11","1.1.2.0","PSt7-10","170328-007","9/30/2017 19:06:43","0000-00","0","no battery","V"
"09/09/2020","11:24:28","2","default","115855972","OXY_CH2","118.894","min","193.707","µmol/L","Humid","20.116","deg","76902","µV","30.051","°C","1015.000","hPa","35.3","pmil","0","53.237","deg","23.954","°C","100.000","%a.s.","21.023","deg","23.635","°C","1019.000","hPa","0.861","-0.02617","0.00035","0","0","13.56","Humid","28.00","0","54.00","359633.36","SABD0000000001","AAV1.0.0.11","1.1.2.0","PSt7-10","170328-007","9/30/2017 19:06:43","0000-00","0","no battery","V"
"09/09/2020","11:24:29","2","default","115855972","OXY_CH2","118.911","min","193.664","µmol/L","Humid","20.119","deg","76908","µV","30.049","°C","1015.000","hPa","35.3","pmil","0","53.237","deg","23.954","°C","100.000","%a.s.","21.023","deg","23.635","°C","1019.000","hPa","0.861","-0.02617","0.00035","0","0","13.56","Humid","28.00","0","54.00","359638.52","SABD0000000001","AAV1.0.0.11","1.1.2.0","PSt7-10","170328-007","9/30/2017 19:06:43","0000-00","0","no battery","V"
"09/09/2020","11:24:30","2","default","115855972","OXY_CH2","118.927","min","193.554","µmol/L","Humid","20.123","deg","76907","µV","30.055","°C","1015.000","hPa","35.3","pmil","0","53.237","deg","23.954","°C","100.000","%a.s.","21.023","deg","23.635","°C","1019.000","hPa","0.861","-0.02617","0.00035","0","0","13.56","Humid","28.00","0","54.00","359642.92","SABD0000000001","AAV1.0.0.11","1.1.2.0","PSt7-10","170328-007","9/30/2017 19:06:43","0000-00","0","no battery","V"
"09/09/2020","11:24:31","2","default","115855972","OXY_CH2","118.944","min","193.646","µmol/L","Humid","20.117","deg","76900","µV","30.058","°C","1015.000","hPa","35.3","pmil","0","53.237","deg","23.954","°C","100.000","%a.s.","21.023","deg","23.635","°C","1019.000","hPa","0.861","-0.02617","0.00035","0","0","13.56","Humid","28.00","0","54.00","359620.12","SABD0000000001","AAV1.0.0.11","1.1.2.0","PSt7-10","170328-007","9/30/2017 19:06:43","0000-00","0","no battery","V"
"09/09/2020","11:24:32","2","default","115855972","OXY_CH2","118.960","min","193.701","µmol/L","Humid","20.113","deg","76904","µV","30.061","°C","1015.000","hPa","35.3","pmil","0","53.237","deg","23.954","°C","100.000","%a.s.","21.023","deg","23.635","°C","1019.000","hPa","0.861","-0.02617","0.00035","0","0","13.56","Humid","28.00","0","54.00","359622.04","SABD0000000001","AAV1.0.0.11","1.1.2.0","PSt7-10","170328-007","9/30/2017 19:06:43","0000-00","0","no battery","V"
"09/09/2020","11:24:33","2","default","115855972","OXY_CH2","118.977","min","193.825","µmol/L","Humid","20.110","deg","76893","µV","30.049","°C","1015.000","hPa","35.3","pmil","0","53.237","deg","23.954","°C","100.000","%a.s.","21.023","deg","23.635","°C","1019.000","hPa","0.861","-0.02617","0.00035","0","0","13.56","Humid","28.00","0","54.00","359629.95","SABD0000000001","AAV1.0.0.11","1.1.2.0","PSt7-10","170328-007","9/30/2017 19:06:43","0000-00","0","no battery","V"
"09/09/2020","11:24:34","2","default","115855972","OXY_CH2","118.994","min","193.698","µmol/L","Humid","20.116","deg","76897","µV","30.052","°C","1015.000","hPa","35.3","pmil","0","53.237","deg","23.954","°C","100.000","%a.s.","21.023","deg","23.635","°C","1019.000","hPa","0.861","-0.02617","0.00035","0","0","13.56","Humid","28.00","0","54.00","359622.74","SABD0000000001","AAV1.0.0.11","1.1.2.0","PSt7-10","170328-007","9/30/2017 19:06:43","0000-00","0","no battery","V"
"09/09/2020","11:24:35","2","default","115855972","OXY_CH2","119.011","min","193.681","µmol/L","Humid","20.116","deg","76894","µV","30.055","°C","1015.000","hPa","35.3","pmil","0","53.237","deg","23.954","°C","100.000","%a.s.","21.023","deg","23.635","°C","1019.000","hPa","0.861","-0.02617","0.00035","0","0","13.56","Humid","28.00","0","54.00","359629.42","SABD0000000001","AAV1.0.0.11","1.1.2.0","PSt7-10","170328-007","9/30/2017 19:06:43","0000-00","0","no battery","V"
"09/09/2020","11:24:36","2","default","115855972","OXY_CH2","119.027","min","193.704","µmol/L","Humid","20.116","deg","76887","µV","30.051","°C","1015.000","hPa","35.3","pmil","0","53.237","deg","23.954","°C","100.000","%a.s.","21.023","deg","23.635","°C","1019.000","hPa","0.861","-0.02617","0.00035","0","0","13.56","Humid","28.00","0","54.00","359632.10","SABD0000000001","AAV1.0.0.11","1.1.2.0","PSt7-10","170328-007","9/30/2017 19:06:43","0000-00","0","no battery","V"
"09/09/2020","11:24:37","2","default","115855972","OXY_CH2","119.044","min","193.639","µmol/L","Humid","20.121","deg","76892","µV","30.047","°C","1015.000","hPa","35.3","pmil","0","53.237","deg","23.954","°C","100.000","%a.s.","21.023","deg","23.635","°C","1019.000","hPa","0.861","-0.02617","0.00035","0","0","13.56","Humid","28.00","0","54.00","359622.09","SABD0000000001","AAV1.0.0.11","1.1.2.0","PSt7-10","170328-007","9/30/2017 19:06:43","0000-00","0","no battery","V"
"09/09/2020","11:24:38","2","default","115855972","OXY_CH2","119.060","min","193.754","µmol/L","Humid","20.114","deg","76891","µV","30.049","°C","1015.000","hPa","35.3","pmil","0","53.237","deg","23.954","°C","100.000","%a.s.","21.023","deg","23.635","°C","1019.000","hPa","0.861","-0.02617","0.00035","0","0","13.56","Humid","28.00","0","54.00","359611.85","SABD0000000001","AAV1.0.0.11","1.1.2.0","PSt7-10","170328-007","9/30/2017 19:06:43","0000-00","0","no battery","V"
"09/09/2020","11:24:39","2","default","115855972","OXY_CH2","119.077","min","193.794","µmol/L","Humid","20.116","deg","76887","µV","30.037","°C","1015.000","hPa","35.3","pmil","0","53.237","deg","23.954","°C","100.000","%a.s.","21.023","deg","23.635","°C","1019.000","hPa","0.861","-0.02617","0.00035","0","0","13.56","Humid","28.00","0","54.00","359621.75","SABD0000000001","AAV1.0.0.11","1.1.2.0","PSt7-10","170328-007","9/30/2017 19:06:43","0000-00","0","no battery","V"
"09/09/2020","11:24:40","2","default","115855972","OXY_CH2","119.094","min","193.728","µmol/L","Humid","20.112","deg","76884","µV","30.059","°C","1015.000","hPa","35.3","pmil","0","53.237","deg","23.954","°C","100.000","%a.s.","21.023","deg","23.635","°C","1019.000","hPa","0.861","-0.02617","0.00035","0","0","13.56","Humid","28.00","0","54.00","359610.46","SABD0000000001","AAV1.0.0.11","1.1.2.0","PSt7-10","170328-007","9/30/2017 19:06:43","0000-00","0","no battery","V"
"09/09/2020","11:24:41","2","default","115855972","OXY_CH2","119.110","min","193.682","µmol/L","Humid","20.115","deg","76889","µV","30.058","°C","1015.000","hPa","35.3","pmil","0","53.237","deg","23.954","°C","100.000","%a.s.","21.023","deg","23.635","°C","1019.000","hPa","0.861","-0.02617","0.00035","0","0","13.56","Humid","28.00","0","54.00","359623.27","SABD0000000001","AAV1.0.0.11","1.1.2.0","PSt7-10","170328-007","9/30/2017 19:06:43","0000-00","0","no battery","V"
"09/09/2020","11:24:42","2","default","115855972","OXY_CH2","119.127","min","193.738","µmol/L","Humid","20.115","deg","76892","µV","30.049","°C","1015.000","hPa","35.3","pmil","0","53.237","deg","23.954","°C","100.000","%a.s.","21.023","deg","23.635","°C","1019.000","hPa","0.861","-0.02617","0.00035","0","0","13.56","Humid","28.00","0","54.00","359619.28","SABD0000000001","AAV1.0.0.11","1.1.2.0","PSt7-10","170328-007","9/30/2017 19:06:43","0000-00","0","no battery","V"
"09/09/2020","11:24:43","2","default","115855972","OXY_CH2","119.144","min","193.709","µmol/L","Humid","20.117","deg","76891","µV","30.047","°C","1015.000","hPa","35.3","pmil","0","53.237","deg","23.954","°C","100.000","%a.s.","21.023","deg","23.635","°C","1019.000","hPa","0.861","-0.02617","0.00035","0","0","13.56","Humid","28.00","0","54.00","359626.76","SABD0000000001","AAV1.0.0.11","1.1.2.0","PSt7-10","170328-007","9/30/2017 19:06:43","0000-00","0","no battery","V"
"09/09/2020","11:24:44","2","default","115855972","OXY_CH2","119.161","min","193.618","µmol/L","Humid","20.118","deg","76882","µV","30.059","°C","1015.000","hPa","35.3","pmil","0","53.237","deg","23.954","°C","100.000","%a.s.","21.023","deg","23.635","°C","1019.000","hPa","0.861","-0.02617","0.00035","0","0","13.56","Humid","28.00","0","54.00","359619.89","SABD0000000001","AAV1.0.0.11","1.1.2.0","PSt7-10","170328-007","9/30/2017 19:06:43","0000-00","0","no battery","V"
"09/09/2020","11:24:45","2","default","115855972","OXY_CH2","119.177","min","193.788","µmol/L","Humid","20.115","deg","76877","µV","30.040","°C","1015.000","hPa","35.3","pmil","0","53.237","deg","23.954","°C","100.000","%a.s.","21.023","deg","23.635","°C","1019.000","hPa","0.861","-0.02617","0.00035","0","0","13.56","Humid","28.00","0","54.00","359614.93","SABD0000000001","AAV1.0.0.11","1.1.2.0","PSt7-10","170328-007","9/30/2017 19:06:43","0000-00","0","no battery","V"
"09/09/2020","11:24:46","2","default","115855972","OXY_CH2","119.194","min","193.741","µmol/L","Humid","20.114","deg","76872","µV","30.051","°C","1015.000","hPa","35.3","pmil","0","53.237","deg","23.954","°C","100.000","%a.s.","21.023","deg","23.635","°C","1019.000","hPa","0.861","-0.02617","0.00035","0","0","13.56","Humid","28.00","0","54.00","359616.30","SABD0000000001","AAV1.0.0.11","1.1.2.0","PSt7-10","170328-007","9/30/2017 19:06:43","0000-00","0","no battery","V"
"09/09/2020","11:24:47","2","default","115855972","OXY_CH2","119.211","min","193.734","µmol/L","Humid","20.114","deg","76880","µV","30.052","°C","1015.000","hPa","35.3","pmil","0","53.237","deg","23.954","°C","100.000","%a.s.","21.023","deg","23.635","°C","1019.000","hPa","0.861","-0.02617","0.00035","0","0","13.56","Humid","28.00","0","54.00","359627.33","SABD0000000001","AAV1.0.0.11","1.1.2.0","PSt7-10","170328-007","9/30/2017 19:06:43","0000-00","0","no battery","V"
"09/09/2020","11:24:48","2","default","115855972","OXY_CH2","119.227","min","193.824","µmol/L","Humid","20.112","deg","76873","µV","30.043","°C","1015.000","hPa","35.3","pmil","0","53.237","deg","23.954","°C","100.000","%a.s.","21.023","deg","23.635","°C","1019.000","hPa","0.861","-0.02617","0.00035","0","0","13.56","Humid","28.00","0","54.00","359610.38","SABD0000000001","AAV1.0.0.11","1.1.2.0","PSt7-10","170328-007","9/30/2017 19:06:43","0000-00","0","no battery","V"
"09/09/2020","11:24:49","2","default","115855972","OXY_CH2","119.244","min","193.839","µmol/L","Humid","20.109","deg","76880","µV","30.050","°C","1015.000","hPa","35.3","pmil","0","53.237","deg","23.954","°C","100.000","%a.s.","21.023","deg","23.635","°C","1019.000","hPa","0.861","-0.02617","0.00035","0","0","13.56","Humid","28.00","0","54.00","359623.26","SABD0000000001","AAV1.0.0.11","1.1.2.0","PSt7-10","170328-007","9/30/2017 19:06:43","0000-00","0","no battery","V"
"09/09/2020","11:24:50","2","default","115855972","OXY_CH2","119.261","min","193.650","µmol/L","Humid","20.118","deg","76877","µV","30.054","°C","1015.000","hPa","35.3","pmil","0","53.237","deg","23.954","°C","100.000","%a.s.","21.023","deg","23.635","°C","1019.000","hPa","0.861","-0.02617","0.00035","0","0","13.56","Humid","28.00","0","54.00","359633.54","SABD0000000001","AAV1.0.0.11","1.1.2.0","PSt7-10","170328-007","9/30/2017 19:06:43","0000-00","0","no battery","V"
"09/09/2020","11:24:51","2","default","115855972","OXY_CH2","119.277","min","193.832","µmol/L","Humid","20.108","deg","76873","µV","30.054","°C","1015.000","hPa","35.3","pmil","0","53.237","deg","23.954","°C","100.000","%a.s.","21.023","deg","23.635","°C","1019.000","hPa","0.861","-0.02617","0.00035","0","0","13.56","Humid","28.00","0","54.00","359612.01","SABD0000000001","AAV1.0.0.11","1.1.2.0","PSt7-10","170328-007","9/30/2017 19:06:43","0000-00","0","no battery","V"
"09/09/2020","11:24:52","2","default","115855972","OXY_CH2","119.294","min","193.859","µmol/L","Humid","20.110","deg","76869","µV","30.043","°C","1015.000","hPa","35.3","pmil","0","53.237","deg","23.954","°C","100.000","%a.s.","21.023","deg","23.635","°C","1019.000","hPa","0.861","-0.02617","0.00035","0","0","13.56","Humid","28.00","0","54.00","359614.94","SABD0000000001","AAV1.0.0.11","1.1.2.0","PSt7-10","170328-007","9/30/2017 19:06:43","0000-00","0","no battery","V"
"09/09/2020","11:24:53","2","default","115855972","OXY_CH2","119.311","min","193.829","µmol/L","Humid","20.112","deg","76871","µV","30.043","°C","1015.000","hPa","35.3","pmil","0","53.237","deg","23.954","°C","100.000","%a.s.","21.023","deg","23.635","°C","1019.000","hPa","0.861","-0.02617","0.00035","0","0","13.56","Humid","28.00","0","54.00","359621.33","SABD0000000001","AAV1.0.0.11","1.1.2.0","PSt7-10","170328-007","9/30/2017 19:06:43","0000-00","0","no battery","V"
"09/09/2020","11:24:54","2","default","115855972","OXY_CH2","119.327","min","193.738","µmol/L","Humid","20.114","deg","76868","µV","30.051","°C","1015.000","hPa","35.3","pmil","0","53.237","deg","23.954","°C","100.000","%a.s.","21.023","deg","23.635","°C","1019.000","hPa","0.861","-0.02617","0.00035","0","0","13.56","Humid","28.00","0","54.00","359621.52","SABD0000000001","AAV1.0.0.11","1.1.2.0","PSt7-10","170328-007","9/30/2017 19:06:43","0000-00","0","no battery","V"
"09/09/2020","11:24:55","2","default","115855972","OXY_CH2","119.344","min","193.719","µmol/L","Humid","20.115","deg","76863","µV","30.052","°C","1015.000","hPa","35.3","pmil","0","53.237","deg","23.954","°C","100.000","%a.s.","21.023","deg","23.635","°C","1019.000","hPa","0.861","-0.02617","0.00035","0","0","13.56","Humid","28.00","0","54.00","359604.02","SABD0000000001","AAV1.0.0.11","1.1.2.0","PSt7-10","170328-007","9/30/2017 19:06:43","0000-00","0","no battery","V"
"09/09/2020","11:24:56","2","default","115855972","OXY_CH2","119.361","min","193.780","µmol/L","Humid","20.112","deg","76872","µV","30.050","°C","1015.000","hPa","35.3","pmil","0","53.237","deg","23.954","°C","100.000","%a.s.","21.023","deg","23.635","°C","1019.000","hPa","0.861","-0.02617","0.00035","0","0","13.56","Humid","28.00","0","54.00","359624.02","SABD0000000001","AAV1.0.0.11","1.1.2.0","PSt7-10","170328-007","9/30/2017 19:06:43","0000-00","0","no battery","V"
"09/09/2020","11:24:57","2","default","115855972","OXY_CH2","119.378","min","193.914","µmol/L","Humid","20.111","deg","76868","µV","30.032","°C","1015.000","hPa","35.3","pmil","0","53.237","deg","23.954","°C","100.000","%a.s.","21.023","deg","23.635","°C","1019.000","hPa","0.861","-0.02617","0.00035","0","0","13.56","Humid","28.00","0","54.00","359621.45","SABD0000000001","AAV1.0.0.11","1.1.2.0","PSt7-10","170328-007","9/30/2017 19:06:43","0000-00","0","no battery","V"
"09/09/2020","11:24:58","2","default","115855972","OXY_CH2","119.394","min","193.913","µmol/L","Humid","20.112","deg","76862","µV","30.029","°C","1015.000","hPa","35.3","pmil","0","53.237","deg","23.954","°C","100.000","%a.s.","21.023","deg","23.635","°C","1019.000","hPa","0.861","-0.02617","0.00035","0","0","13.56","Humid","28.00","0","54.00","359607.65","SABD0000000001","AAV1.0.0.11","1.1.2.0","PSt7-10","170328-007","9/30/2017 19:06:43","0000-00","0","no battery","V"
"09/09/2020","11:24:59","2","default","115855972","OXY_CH2","119.410","min","193.825","µmol/L","Humid","20.107","deg","76859","µV","30.058","°C","1015.000","hPa","35.3","pmil","0","53.237","deg","23.954","°C","100.000","%a.s.","21.023","deg","23.635","°C","1019.000","hPa","0.861","-0.02617","0.00035","0","0","13.56","Humid","28.00","0","54.00","359611.75","SABD0000000001","AAV1.0.0.11","1.1.2.0","PSt7-10","170328-007","9/30/2017 19:06:43","0000-00","0","no battery","V"
"09/09/2020","11:25:00","2","default","115855972","OXY_CH2","119.427","min","193.804","µmol/L","Humid","20.109","deg","76861","µV","30.055","°C","1015.000","hPa","35.3","pmil","0","53.237","deg","23.954","°C","100.000","%a.s.","21.023","deg","23.635","°C","1019.000","hPa","0.861","-0.02617","0.00035","0","0","13.56","Humid","28.00","0","54.00","359601.72","SABD0000000001","AAV1.0.0.11","1.1.2.0","PSt7-10","170328-007","9/30/2017 19:06:43","0000-00","0","no battery","V"
"09/09/2020","11:25:01","2","default","115855972","OXY_CH2","119.444","min","193.755","µmol/L","Humid","20.111","deg","76862","µV","30.057","°C","1015.000","hPa","35.3","pmil","0","53.237","deg","23.954","°C","100.000","%a.s.","21.023","deg","23.635","°C","1019.000","hPa","0.861","-0.02617","0.00035","0","0","13.56","Humid","28.00","0","54.00","359599.97","SABD0000000001","AAV1.0.0.11","1.1.2.0","PSt7-10","170328-007","9/30/2017 19:06:43","0000-00","0","no battery","V"
"09/09/2020","11:25:02","2","default","115855972","OXY_CH2","119.460","min","193.859","µmol/L","Humid","20.106","deg","76861","µV","30.055","°C","1015.000","hPa","35.3","pmil","0","53.237","deg","23.954","°C","100.000","%a.s.","21.023","deg","23.635","°C","1019.000","hPa","0.861","-0.02617","0.00035","0","0","13.56","Humid","28.00","0","54.00","359594.61","SABD0000000001","AAV1.0.0.11","1.1.2.0","PSt7-10","170328-007","9/30/2017 19:06:43","0000-00","0","no battery","V"
"09/09/2020","11:25:03","2","default","115855972","OXY_CH2","119.477","min","193.670","µmol/L","Humid","20.115","deg","76857","µV","30.060","°C","1015.000","hPa","35.3","pmil","0","53.237","deg","23.954","°C","100.000","%a.s.","21.023","deg","23.635","°C","1019.000","hPa","0.861","-0.02617","0.00035","0","0","13.56","Humid","28.00","0","54.00","359617.26","SABD0000000001","AAV1.0.0.11","1.1.2.0","PSt7-10","170328-007","9/30/2017 19:06:43","0000-00","0","no battery","V"
"09/09/2020","11:25:04","2","default","115855972","OXY_CH2","119.494","min","193.763","µmol/L","Humid","20.109","deg","76858","µV","30.062","°C","1015.000","hPa","35.3","pmil","0","53.237","deg","23.954","°C","100.000","%a.s.","21.023","deg","23.635","°C","1019.000","hPa","0.861","-0.02617","0.00035","0","0","13.56","Humid","28.00","0","54.00","359602.04","SABD0000000001","AAV1.0.0.11","1.1.2.0","PSt7-10","170328-007","9/30/2017 19:06:43","0000-00","0","no battery","V"
"09/09/2020","11:25:05","2","default","115855972","OXY_CH2","119.510","min","193.734","µmol/L","Humid","20.109","deg","76864","µV","30.067","°C","1015.000","hPa","35.3","pmil","0","53.237","deg","23.954","°C","100.000","%a.s.","21.023","deg","23.635","°C","1019.000","hPa","0.861","-0.02617","0.00035","0","0","13.56","Humid","28.00","0","54.00","359599.93","SABD0000000001","AAV1.0.0.11","1.1.2.0","PSt7-10","170328-007","9/30/2017 19:06:43","0000-00","0","no battery","V"
"09/09/2020","11:25:06","2","default","115855972","OXY_CH2","119.530","min","193.737","µmol/L","Humid","20.112","deg","76864","µV","30.058","°C","1015.000","hPa","35.3","pmil","0","53.237","deg","23.954","°C","100.000","%a.s.","21.023","deg","23.635","°C","1019.000","hPa","0.861","-0.02617","0.00035","0","0","13.56","Humid","28.00","0","54.00","359617.18","SABD0000000001","AAV1.0.0.11","1.1.2.0","PSt7-10","170328-007","9/30/2017 19:06:43","0000-00","0","no battery","V"
"09/09/2020","11:25:07","2","default","115855972","OXY_CH2","119.544","min","193.753","µmol/L","Humid","20.112","deg","76851","µV","30.055","°C","1015.000","hPa","35.3","pmil","0","53.237","deg","23.954","°C","100.000","%a.s.","21.023","deg","23.635","°C","1019.000","hPa","0.861","-0.02617","0.00035","0","0","13.56","Humid","28.00","0","54.00","359597.36","SABD0000000001","AAV1.0.0.11","1.1.2.0","PSt7-10","170328-007","9/30/2017 19:06:43","0000-00","0","no battery","V"
"09/09/2020","11:25:08","2","default","115855972","OXY_CH2","119.560","min","193.873","µmol/L","Humid","20.108","deg","76853","µV","30.047","°C","1015.000","hPa","35.3","pmil","0","53.237","deg","23.954","°C","100.000","%a.s.","21.023","deg","23.635","°C","1019.000","hPa","0.861","-0.02617","0.00035","0","0","13.56","Humid","28.00","0","54.00","359599.59","SABD0000000001","AAV1.0.0.11","1.1.2.0","PSt7-10","170328-007","9/30/2017 19:06:43","0000-00","0","no battery","V"
"09/09/2020","11:25:09","2","default","115855972","OXY_CH2","119.577","min","193.808","µmol/L","Humid","20.108","deg","76848","µV","30.058","°C","1015.000","hPa","35.3","pmil","0","53.237","deg","23.954","°C","100.000","%a.s.","21.023","deg","23.635","°C","1019.000","hPa","0.861","-0.02617","0.00035","0","0","13.56","Humid","28.00","0","54.00","359586.33","SABD0000000001","AAV1.0.0.11","1.1.2.0","PSt7-10","170328-007","9/30/2017 19:06:43","0000-00","0","no battery","V"
"09/09/2020","11:25:10","2","default","115855972","OXY_CH2","119.594","min","193.772","µmol/L","Humid","20.109","deg","76844","µV","30.061","°C","1015.000","hPa","35.3","pmil","0","53.237","deg","23.954","°C","100.000","%a.s.","21.023","deg","23.635","°C","1019.000","hPa","0.861","-0.02617","0.00035","0","0","13.56","Humid","28.00","0","54.00","359581.61","SABD0000000001","AAV1.0.0.11","1.1.2.0","PSt7-10","170328-007","9/30/2017 19:06:43","0000-00","0","no battery","V"
"09/09/2020","11:25:11","2","default","115855972","OXY_CH2","119.611","min","193.842","µmol/L","Humid","20.105","deg","76842","µV","30.061","°C","1015.000","hPa","35.3","pmil","0","53.237","deg","23.954","°C","100.000","%a.s.","21.023","deg","23.635","°C","1019.000","hPa","0.861","-0.02617","0.00035","0","0","13.56","Humid","28.00","0","54.00","359590.66","SABD0000000001","AAV1.0.0.11","1.1.2.0","PSt7-10","170328-007","9/30/2017 19:06:43","0000-00","0","no battery","V"
"09/09/2020","11:25:12","2","default","115855972","OXY_CH2","119.627","min","193.842","µmol/L","Humid","20.104","deg","76844","µV","30.064","°C","1015.000","hPa","35.3","pmil","0","53.237","deg","23.954","°C","100.000","%a.s.","21.023","deg","23.635","°C","1019.000","hPa","0.861","-0.02617","0.00035","0","0","13.56","Humid","28.00","0","54.00","359596.30","SABD0000000001","AAV1.0.0.11","1.1.2.0","PSt7-10","170328-007","9/30/2017 19:06:43","0000-00","0","no battery","V"
"09/09/2020","11:25:13","2","default","115855972","OXY_CH2","119.645","min","193.963","µmol/L","Humid","20.105","deg","76844","µV","30.041","°C","1015.000","hPa","35.3","pmil","0","53.237","deg","23.954","°C","100.000","%a.s.","21.023","deg","23.635","°C","1019.000","hPa","0.861","-0.02617","0.00035","0","0","13.56","Humid","28.00","0","54.00","359581.71","SABD0000000001","AAV1.0.0.11","1.1.2.0","PSt7-10","170328-007","9/30/2017 19:06:43","0000-00","0","no battery","V"
"09/09/2020","11:25:14","2","default","115855972","OXY_CH2","119.661","min","194.045","µmol/L","Humid","20.103","deg","76843","µV","30.034","°C","1015.000","hPa","35.3","pmil","0","53.237","deg","23.954","°C","100.000","%a.s.","21.023","deg","23.635","°C","1019.000","hPa","0.861","-0.02617","0.00035","0","0","13.56","Humid","28.00","0","54.00","359599.92","SABD0000000001","AAV1.0.0.11","1.1.2.0","PSt7-10","170328-007","9/30/2017 19:06:43","0000-00","0","no battery","V"
"09/09/2020","11:25:15","2","default","115855972","OXY_CH2","119.677","min","193.814","µmol/L","Humid","20.112","deg","76842","µV","30.045","°C","1015.000","hPa","35.3","pmil","0","53.237","deg","23.954","°C","100.000","%a.s.","21.023","deg","23.635","°C","1019.000","hPa","0.861","-0.02617","0.00035","0","0","13.56","Humid","28.00","0","54.00","359582.95","SABD0000000001","AAV1.0.0.11","1.1.2.0","PSt7-10","170328-007","9/30/2017 19:06:43","0000-00","0","no battery","V"
"09/09/2020","11:25:16","2","default","115855972","OXY_CH2","119.694","min","193.900","µmol/L","Humid","20.106","deg","76843","µV","30.049","°C","1015.000","hPa","35.3","pmil","0","53.237","deg","23.954","°C","100.000","%a.s.","21.023","deg","23.635","°C","1019.000","hPa","0.861","-0.02617","0.00035","0","0","13.56","Humid","28.00","0","54.00","359581.21","SABD0000000001","AAV1.0.0.11","1.1.2.0","PSt7-10","170328-007","9/30/2017 19:06:43","0000-00","0","no battery","V"
"09/09/2020","11:25:17","2","default","115855972","OXY_CH2","119.711","min","193.969","µmol/L","Humid","20.104","deg","76837","µV","30.043","°C","1015.000","hPa","35.3","pmil","0","53.237","deg","23.954","°C","100.000","%a.s.","21.023","deg","23.635","°C","1019.000","hPa","0.861","-0.02617","0.00035","0","0","13.56","Humid","28.00","0","54.00","359597.23","SABD0000000001","AAV1.0.0.11","1.1.2.0","PSt7-10","170328-007","9/30/2017 19:06:43","0000-00","0","no battery","V"
"09/09/2020","11:25:18","2","default","115855972","OXY_CH2","119.728","min","193.886","µmol/L","Humid","20.104","deg","76842","µV","30.057","°C","1015.000","hPa","35.3","pmil","0","53.237","deg","23.954","°C","100.000","%a.s.","21.023","deg","23.635","°C","1019.000","hPa","0.861","-0.02617","0.00035","0","0","13.56","Humid","28.00","0","54.00","359594.49","SABD0000000001","AAV1.0.0.11","1.1.2.0","PSt7-10","170328-007","9/30/2017 19:06:43","0000-00","0","no battery","V"
"09/09/2020","11:25:19","2","default","115855972","OXY_CH2","119.744","min","193.859","µmol/L","Humid","20.103","deg","76836","µV","30.064","°C","1015.000","hPa","35.3","pmil","0","53.237","deg","23.954","°C","100.000","%a.s.","21.023","deg","23.635","°C","1019.000","hPa","0.861","-0.02617","0.00035","0","0","13.56","Humid","28.00","0","54.00","359577.32","SABD0000000001","AAV1.0.0.11","1.1.2.0","PSt7-10","170328-007","9/30/2017 19:06:43","0000-00","0","no battery","V"
"09/09/2020","11:25:20","2","default","115855972","OXY_CH2","119.760","min","193.862","µmol/L","Humid","20.107","deg","76827","µV","30.052","°C","1015.000","hPa","35.3","pmil","0","53.237","deg","23.954","°C","100.000","%a.s.","21.023","deg","23.635","°C","1019.000","hPa","0.861","-0.02617","0.00035","0","0","13.56","Humid","28.00","0","54.00","359567.15","SABD0000000001","AAV1.0.0.11","1.1.2.0","PSt7-10","170328-007","9/30/2017 19:06:43","0000-00","0","no battery","V"
"09/09/2020","11:25:21","2","default","115855972","OXY_CH2","119.777","min","193.912","µmol/L","Humid","20.104","deg","76838","µV","30.052","°C","1015.000","hPa","35.3","pmil","0","53.237","deg","23.954","°C","100.000","%a.s.","21.023","deg","23.635","°C","1019.000","hPa","0.861","-0.02617","0.00035","0","0","13.56","Humid","28.00","0","54.00","359598.83","SABD0000000001","AAV1.0.0.11","1.1.2.0","PSt7-10","170328-007","9/30/2017 19:06:43","0000-00","0","no battery","V"
"09/09/2020","11:25:22","2","default","115855972","OXY_CH2","119.794","min","193.888","µmol/L","Humid","20.106","deg","76840","µV","30.050","°C","1015.000","hPa","35.3","pmil","0","53.237","deg","23.954","°C","100.000","%a.s.","21.023","deg","23.635","°C","1019.000","hPa","0.861","-0.02617","0.00035","0","0","13.56","Humid","28.00","0","54.00","359590.51","SABD0000000001","AAV1.0.0.11","1.1.2.0","PSt7-10","170328-007","9/30/2017 19:06:43","0000-00","0","no battery","V"
"09/09/2020","11:25:23","2","default","115855972","OXY_CH2","119.811","min","193.834","µmol/L","Humid","20.105","deg","76839","µV","30.062","°C","1015.000","hPa","35.3","pmil","0","53.237","deg","23.954","°C","100.000","%a.s.","21.023","deg","23.635","°C","1019.000","hPa","0.861","-0.02617","0.00035","0","0","13.56","Humid","28.00","0","54.00","359584.60","SABD0000000001","AAV1.0.0.11","1.1.2.0","PSt7-10","170328-007","9/30/2017 19:06:43","0000-00","0","no battery","V"
"09/09/2020","11:25:24","2","default","115855972","OXY_CH2","119.827","min","193.868","µmol/L","Humid","20.105","deg","76834","µV","30.057","°C","1015.000","hPa","35.3","pmil","0","53.237","deg","23.954","°C","100.000","%a.s.","21.023","deg","23.635","°C","1019.000","hPa","0.861","-0.02617","0.00035","0","0","13.56","Humid","28.00","0","54.00","359583.75","SABD0000000001","AAV1.0.0.11","1.1.2.0","PSt7-10","170328-007","9/30/2017 19:06:43","0000-00","0","no battery","V"
"09/09/2020","11:25:25","2","default","115855972","OXY_CH2","119.844","min","193.940","µmol/L","Humid","20.104","deg","76836","µV","30.048","°C","1015.000","hPa","35.3","pmil","0","53.237","deg","23.954","°C","100.000","%a.s.","21.023","deg","23.635","°C","1019.000","hPa","0.861","-0.02617","0.00035","0","0","13.56","Humid","28.00","0","54.00","359591.10","SABD0000000001","AAV1.0.0.11","1.1.2.0","PSt7-10","170328-007","9/30/2017 19:06:43","0000-00","0","no battery","V"
"09/09/2020","11:25:26","2","default","115855972","OXY_CH2","119.861","min","194.022","µmol/L","Humid","20.102","deg","76830","µV","30.040","°C","1015.000","hPa","35.3","pmil","0","53.237","deg","23.954","°C","100.000","%a.s.","21.023","deg","23.635","°C","1019.000","hPa","0.861","-0.02617","0.00035","0","0","13.56","Humid","28.00","0","54.00","359581.46","SABD0000000001","AAV1.0.0.11","1.1.2.0","PSt7-10","170328-007","9/30/2017 19:06:43","0000-00","0","no battery","V"
"09/09/2020","11:25:27","2","default","115855972","OXY_CH2","119.877","min","194.028","µmol/L","Humid","20.099","deg","76827","µV","30.048","°C","1015.000","hPa","35.3","pmil","0","53.237","deg","23.954","°C","100.000","%a.s.","21.023","deg","23.635","°C","1019.000","hPa","0.861","-0.02617","0.00035","0","0","13.56","Humid","28.00","0","54.00","359584.28","SABD0000000001","AAV1.0.0.11","1.1.2.0","PSt7-10","170328-007","9/30/2017 19:06:43","0000-00","0","no battery","V"
"09/09/2020","11:25:28","2","default","115855972","OXY_CH2","119.894","min","193.983","µmol/L","Humid","20.100","deg","76823","µV","30.053","°C","1015.000","hPa","35.3","pmil","0","53.237","deg","23.954","°C","100.000","%a.s.","21.023","deg","23.635","°C","1019.000","hPa","0.861","-0.02617","0.00035","0","0","13.56","Humid","28.00","0","54.00","359579.95","SABD0000000001","AAV1.0.0.11","1.1.2.0","PSt7-10","170328-007","9/30/2017 19:06:43","0000-00","0","no battery","V"
"09/09/2020","11:25:29","2","default","115855972","OXY_CH2","119.911","min","193.844","µmol/L","Humid","20.107","deg","76832","µV","30.055","°C","1015.000","hPa","35.3","pmil","0","53.237","deg","23.954","°C","100.000","%a.s.","21.023","deg","23.635","°C","1019.000","hPa","0.861","-0.02617","0.00035","0","0","13.56","Humid","28.00","0","54.00","359574.28","SABD0000000001","AAV1.0.0.11","1.1.2.0","PSt7-10","170328-007","9/30/2017 19:06:43","0000-00","0","no battery","V"
"09/09/2020","11:25:30","2","default","115855972","OXY_CH2","119.927","min","194.061","µmol/L","Humid","20.099","deg","76819","µV","30.043","°C","1015.000","hPa","35.3","pmil","0","53.237","deg","23.954","°C","100.000","%a.s.","21.023","deg","23.635","°C","1019.000","hPa","0.861","-0.02617","0.00035","0","0","13.56","Humid","28.00","0","54.00","359567.96","SABD0000000001","AAV1.0.0.11","1.1.2.0","PSt7-10","170328-007","9/30/2017 19:06:43","0000-00","0","no battery","V"
"09/09/2020","11:25:31","2","default","115855972","OXY_CH2","119.944","min","194.070","µmol/L","Humid","20.099","deg","76820","µV","30.041","°C","1015.000","hPa","35.3","pmil","0","53.237","deg","23.954","°C","100.000","%a.s.","21.023","deg","23.635","°C","1019.000","hPa","0.861","-0.02617","0.00035","0","0","13.56","Humid","28.00","0","54.00","359561.01","SABD0000000001","AAV1.0.0.11","1.1.2.0","PSt7-10","170328-007","9/30/2017 19:06:43","0000-00","0","no battery","V"
"09/09/2020","11:25:32","2","default","115855972","OXY_CH2","119.961","min","194.072","µmol/L","Humid","20.100","deg","76815","µV","30.038","°C","1015.000","hPa","35.3","pmil","0","53.237","deg","23.954","°C","100.000","%a.s.","21.023","deg","23.635","°C","1019.000","hPa","0.861","-0.02617","0.00035","0","0","13.56","Humid","28.00","0","54.00","359552.30","SABD0000000001","AAV1.0.0.11","1.1.2.0","PSt7-10","170328-007","9/30/2017 19:06:43","0000-00","0","no battery","V"
"09/09/2020","11:25:33","2","default","115855972","OXY_CH2","119.978","min","193.869","µmol/L","Humid","20.107","deg","76826","µV","30.051","°C","1015.000","hPa","35.3","pmil","0","53.237","deg","23.954","°C","100.000","%a.s.","21.023","deg","23.635","°C","1019.000","hPa","0.861","-0.02617","0.00035","0","0","13.56","Humid","28.00","0","54.00","359586.30","SABD0000000001","AAV1.0.0.11","1.1.2.0","PSt7-10","170328-007","9/30/2017 19:06:43","0000-00","0","no battery","V"
"09/09/2020","11:25:34","2","default","115855972","OXY_CH2","119.994","min","194.025","µmol/L","Humid","20.100","deg","76811","µV","30.046","°C","1015.000","hPa","35.3","pmil","0","53.237","deg","23.954","°C","100.000","%a.s.","21.023","deg","23.635","°C","1019.000","hPa","0.861","-0.02617","0.00035","0","0","13.56","Humid","28.00","0","54.00","359557.67","SABD0000000001","AAV1.0.0.11","1.1.2.0","PSt7-10","170328-007","9/30/2017 19:06:43","0000-00","0","no battery","V"
"09/09/2020","11:25:35","2","default","115855972","OXY_CH2","120.010","min","193.976","µmol/L","Humid","20.105","deg","76815","µV","30.039","°C","1015.000","hPa","35.3","pmil","0","53.237","deg","23.954","°C","100.000","%a.s.","21.023","deg","23.635","°C","1019.000","hPa","0.861","-0.02617","0.00035","0","0","13.56","Humid","28.00","0","54.00","359556.48","SABD0000000001","AAV1.0.0.11","1.1.2.0","PSt7-10","170328-007","9/30/2017 19:06:43","0000-00","0","no battery","V"
"09/09/2020","11:25:36","2","default","115855972","OXY_CH2","120.027","min","193.961","µmol/L","Humid","20.101","deg","76811","µV","30.053","°C","1015.000","hPa","35.3","pmil","0","53.237","deg","23.954","°C","100.000","%a.s.","21.023","deg","23.635","°C","1019.000","hPa","0.861","-0.02617","0.00035","0","0","13.56","Humid","28.00","0","54.00","359574.13","SABD0000000001","AAV1.0.0.11","1.1.2.0","PSt7-10","170328-007","9/30/2017 19:06:43","0000-00","0","no battery","V"
"09/09/2020","11:25:37","2","default","115855972","OXY_CH2","120.044","min","193.870","µmol/L","Humid","20.102","deg","76813","µV","30.065","°C","1015.000","hPa","35.3","pmil","0","53.237","deg","23.954","°C","100.000","%a.s.","21.023","deg","23.635","°C","1019.000","hPa","0.861","-0.02617","0.00035","0","0","13.56","Humid","28.00","0","54.00","359577.94","SABD0000000001","AAV1.0.0.11","1.1.2.0","PSt7-10","170328-007","9/30/2017 19:06:43","0000-00","0","no battery","V"
"09/09/2020","11:25:38","2","default","115855972","OXY_CH2","120.062","min","193.840","µmol/L","Humid","20.105","deg","76812","µV","30.061","°C","1015.000","hPa","35.3","pmil","0","53.237","deg","23.954","°C","100.000","%a.s.","21.023","deg","23.635","°C","1019.000","hPa","0.861","-0.02617","0.00035","0","0","13.56","Humid","28.00","0","54.00","359581.44","SABD0000000001","AAV1.0.0.11","1.1.2.0","PSt7-10","170328-007","9/30/2017 19:06:43","0000-00","0","no battery","V"
"09/09/2020","11:25:39","2","default","115855972","OXY_CH2","120.078","min","193.947","µmol/L","Humid","20.098","deg","76815","µV","30.064","°C","1015.000","hPa","35.3","pmil","0","53.237","deg","23.954","°C","100.000","%a.s.","21.023","deg","23.635","°C","1019.000","hPa","0.861","-0.02617","0.00035","0","0","13.56","Humid","28.00","0","54.00","359574.40","SABD0000000001","AAV1.0.0.11","1.1.2.0","PSt7-10","170328-007","9/30/2017 19:06:43","0000-00","0","no battery","V"
"09/09/2020","11:25:40","2","default","115855972","OXY_CH2","120.094","min","194.029","µmol/L","Humid","20.099","deg","76811","µV","30.048","°C","1015.000","hPa","35.3","pmil","0","53.237","deg","23.954","°C","100.000","%a.s.","21.023","deg","23.635","°C","1019.000","hPa","0.861","-0.02617","0.00035","0","0","13.56","Humid","28.00","0","54.00","359564.65","SABD0000000001","AAV1.0.0.11","1.1.2.0","PSt7-10","170328-007","9/30/2017 19:06:43","0000-00","0","no battery","V"
"09/09/2020","11:25:41","2","default","115855972","OXY_CH2","120.110","min","193.986","µmol/L","Humid","20.104","deg","76810","µV","30.040","°C","1015.000","hPa","35.3","pmil","0","53.237","deg","23.954","°C","100.000","%a.s.","21.023","deg","23.635","°C","1019.000","hPa","0.861","-0.02617","0.00035","0","0","13.56","Humid","28.00","0","54.00","359559.82","SABD0000000001","AAV1.0.0.11","1.1.2.0","PSt7-10","170328-007","9/30/2017 19:06:43","0000-00","0","no battery","V"
"09/09/2020","11:25:42","2","default","115855972","OXY_CH2","120.127","min","193.976","µmol/L","Humid","20.102","deg","76807","µV","30.048","°C","1015.000","hPa","35.3","pmil","0","53.237","deg","23.954","°C","100.000","%a.s.","21.023","deg","23.635","°C","1019.000","hPa","0.861","-0.02617","0.00035","0","0","13.56","Humid","28.00","0","54.00","359566.91","SABD0000000001","AAV1.0.0.11","1.1.2.0","PSt7-10","170328-007","9/30/2017 19:06:43","0000-00","0","no battery","V"
"09/09/2020","11:25:43","2","default","115855972","OXY_CH2","120.144","min","193.955","µmol/L","Humid","20.101","deg","76814","µV","30.054","°C","1015.000","hPa","35.3","pmil","0","53.237","deg","23.954","°C","100.000","%a.s.","21.023","deg","23.635","°C","1019.000","hPa","0.861","-0.02617","0.00035","0","0","13.56","Humid","28.00","0","54.00","359565.43","SABD0000000001","AAV1.0.0.11","1.1.2.0","PSt7-10","170328-007","9/30/2017 19:06:43","0000-00","0","no battery","V"
"09/09/2020","11:25:44","2","default","115855972","OXY_CH2","120.161","min","193.960","µmol/L","Humid","20.100","deg","76808","µV","30.056","°C","1015.000","hPa","35.3","pmil","0","53.237","deg","23.954","°C","100.000","%a.s.","21.023","deg","23.635","°C","1019.000","hPa","0.861","-0.02617","0.00035","0","0","13.56","Humid","28.00","0","54.00","359551.57","SABD0000000001","AAV1.0.0.11","1.1.2.0","PSt7-10","170328-007","9/30/2017 19:06:43","0000-00","0","no battery","V"
"09/09/2020","11:25:45","2","default","115855972","OXY_CH2","120.177","min","193.937","µmol/L","Humid","20.099","deg","76808","µV","30.063","°C","1015.000","hPa","35.3","pmil","0","53.237","deg","23.954","°C","100.000","%a.s.","21.023","deg","23.635","°C","1019.000","hPa","0.861","-0.02617","0.00035","0","0","13.56","Humid","28.00","0","54.00","359556.12","SABD0000000001","AAV1.0.0.11","1.1.2.0","PSt7-10","170328-007","9/30/2017 19:06:43","0000-00","0","no battery","V"
"09/09/2020","11:25:46","2","default","115855972","OXY_CH2","120.194","min","194.009","µmol/L","Humid","20.097","deg","76802","µV","30.057","°C","1015.000","hPa","35.3","pmil","0","53.237","deg","23.954","°C","100.000","%a.s.","21.023","deg","23.635","°C","1019.000","hPa","0.861","-0.02617","0.00035","0","0","13.56","Humid","28.00","0","54.00","359545.28","SABD0000000001","AAV1.0.0.11","1.1.2.0","PSt7-10","170328-007","9/30/2017 19:06:43","0000-00","0","no battery","V"
"09/09/2020","11:25:47","2","default","115855972","OXY_CH2","120.211","min","193.952","µmol/L","Humid","20.100","deg","76806","µV","30.058","°C","1015.000","hPa","35.3","pmil","0","53.237","deg","23.954","°C","100.000","%a.s.","21.023","deg","23.635","°C","1019.000","hPa","0.861","-0.02617","0.00035","0","0","13.56","Humid","28.00","0","54.00","359545.79","SABD0000000001","AAV1.0.0.11","1.1.2.0","PSt7-10","170328-007","9/30/2017 19:06:43","0000-00","0","no battery","V"
"09/09/2020","11:25:48","2","default","115855972","OXY_CH2","120.227","min","194.031","µmol/L","Humid","20.097","deg","76804","µV","30.054","°C","1015.000","hPa","35.3","pmil","0","53.237","deg","23.954","°C","100.000","%a.s.","21.023","deg","23.635","°C","1019.000","hPa","0.861","-0.02617","0.00035","0","0","13.56","Humid","28.00","0","54.00","359550.64","SABD0000000001","AAV1.0.0.11","1.1.2.0","PSt7-10","170328-007","9/30/2017 19:06:43","0000-00","0","no battery","V"
"09/09/2020","11:25:49","2","default","115855972","OXY_CH2","120.244","min","194.056","µmol/L","Humid","20.098","deg","76796","µV","30.047","°C","1015.000","hPa","35.3","pmil","0","53.237","deg","23.954","°C","100.000","%a.s.","21.023","deg","23.635","°C","1019.000","hPa","0.861","-0.02617","0.00035","0","0","13.56","Humid","28.00","0","54.00","359555.45","SABD0000000001","AAV1.0.0.11","1.1.2.0","PSt7-10","170328-007","9/30/2017 19:06:43","0000-00","0","no battery","V"
"09/09/2020","11:25:50","2","default","115855972","OXY_CH2","120.260","min","194.035","µmol/L","Humid","20.099","deg","76801","µV","30.047","°C","1015.000","hPa","35.3","pmil","0","53.237","deg","23.954","°C","100.000","%a.s.","21.023","deg","23.635","°C","1019.000","hPa","0.861","-0.02617","0.00035","0","0","13.56","Humid","28.00","0","54.00","359546.71","SABD0000000001","AAV1.0.0.11","1.1.2.0","PSt7-10","170328-007","9/30/2017 19:06:43","0000-00","0","no battery","V"
"09/09/2020","11:25:51","2","default","115855972","OXY_CH2","120.277","min","193.965","µmol/L","Humid","20.102","deg","76800","µV","30.050","°C","1015.000","hPa","35.3","pmil","0","53.237","deg","23.954","°C","100.000","%a.s.","21.023","deg","23.635","°C","1019.000","hPa","0.861","-0.02617","0.00035","0","0","13.56","Humid","28.00","0","54.00","359548.08","SABD0000000001","AAV1.0.0.11","1.1.2.0","PSt7-10","170328-007","9/30/2017 19:06:43","0000-00","0","no battery","V"
"09/09/2020","11:25:52","2","default","115855972","OXY_CH2","120.294","min","194.010","µmol/L","Humid","20.101","deg","76800","µV","30.045","°C","1015.000","hPa","35.3","pmil","0","53.237","deg","23.954","°C","100.000","%a.s.","21.023","deg","23.635","°C","1019.000","hPa","0.861","-0.02617","0.00035","0","0","13.56","Humid","28.00","0","54.00","359550.51","SABD0000000001","AAV1.0.0.11","1.1.2.0","PSt7-10","170328-007","9/30/2017 19:06:43","0000-00","0","no battery","V"
"09/09/2020","11:25:53","2","default","115855972","OXY_CH2","120.311","min","194.043","µmol/L","Humid","20.100","deg","76800","µV","30.043","°C","1015.000","hPa","35.3","pmil","0","53.237","deg","23.954","°C","100.000","%a.s.","21.023","deg","23.635","°C","1019.000","hPa","0.861","-0.02617","0.00035","0","0","13.56","Humid","28.00","0","54.00","359546.58","SABD0000000001","AAV1.0.0.11","1.1.2.0","PSt7-10","170328-007","9/30/2017 19:06:43","0000-00","0","no battery","V"
"09/09/2020","11:25:54","2","default","115855972","OXY_CH2","120.327","min","194.126","µmol/L","Humid","20.098","deg","76802","µV","30.035","°C","1015.000","hPa","35.3","pmil","0","53.237","deg","23.954","°C","100.000","%a.s.","21.023","deg","23.635","°C","1019.000","hPa","0.861","-0.02617","0.00035","0","0","13.56","Humid","28.00","0","54.00","359541.62","SABD0000000001","AAV1.0.0.11","1.1.2.0","PSt7-10","170328-007","9/30/2017 19:06:43","0000-00","0","no battery","V"
"09/09/2020","11:25:55","2","default","115855972","OXY_CH2","120.344","min","194.077","µmol/L","Humid","20.099","deg","76800","µV","30.040","°C","1015.000","hPa","35.3","pmil","0","53.237","deg","23.954","°C","100.000","%a.s.","21.023","deg","23.635","°C","1019.000","hPa","0.861","-0.02617","0.00035","0","0","13.56","Humid","28.00","0","54.00","359545.97","SABD0000000001","AAV1.0.0.11","1.1.2.0","PSt7-10","170328-007","9/30/2017 19:06:43","0000-00","0","no battery","V"
"09/09/2020","11:25:56","2","default","115855972","OXY_CH2","120.360","min","194.089","µmol/L","Humid","20.096","deg","76792","µV","30.047","°C","1015.000","hPa","35.3","pmil","0","53.237","deg","23.954","°C","100.000","%a.s.","21.023","deg","23.635","°C","1019.000","hPa","0.861","-0.02617","0.00035","0","0","13.56","Humid","28.00","0","54.00","359535.17","SABD0000000001","AAV1.0.0.11","1.1.2.0","PSt7-10","170328-007","9/30/2017 19:06:43","0000-00","0","no battery","V"
"09/09/2020","11:25:57","2","default","115855972","OXY_CH2","120.378","min","194.003","µmol/L","Humid","20.096","deg","76787","µV","30.061","°C","1015.000","hPa","35.3","pmil","0","53.237","deg","23.954","°C","100.000","%a.s.","21.023","deg","23.635","°C","1019.000","hPa","0.861","-0.02617","0.00035","0","0","13.56","Humid","28.00","0","54.00","359538.71","SABD0000000001","AAV1.0.0.11","1.1.2.0","PSt7-10","170328-007","9/30/2017 19:06:43","0000-00","0","no battery","V"
"09/09/2020","11:25:58","2","default","115855972","OXY_CH2","120.394","min","193.995","µmol/L","Humid","20.096","deg","76791","µV","30.062","°C","1015.000","hPa","35.3","pmil","0","53.237","deg","23.954","°C","100.000","%a.s.","21.023","deg","23.635","°C","1019.000","hPa","0.861","-0.02617","0.00035","0","0","13.56","Humid","28.00","0","54.00","359520.29","SABD0000000001","AAV1.0.0.11","1.1.2.0","PSt7-10","170328-007","9/30/2017 19:06:43","0000-00","0","no battery","V"
"09/09/2020","11:25:59","2","default","115855972","OXY_CH2","120.411","min","193.970","µmol/L","Humid","20.098","deg","76793","µV","30.061","°C","1015.000","hPa","35.3","pmil","0","53.237","deg","23.954","°C","100.000","%a.s.","21.023","deg","23.635","°C","1019.000","hPa","0.861","-0.02617","0.00035","0","0","13.56","Humid","28.00","0","54.00","359528.93","SABD0000000001","AAV1.0.0.11","1.1.2.0","PSt7-10","170328-007","9/30/2017 19:06:43","0000-00","0","no battery","V"
"09/09/2020","11:26:00","2","default","115855972","OXY_CH2","120.427","min","193.973","µmol/L","Humid","20.099","deg","76785","µV","30.057","°C","1015.000","hPa","35.3","pmil","0","53.237","deg","23.954","°C","100.000","%a.s.","21.023","deg","23.635","°C","1019.000","hPa","0.861","-0.02617","0.00035","0","0","13.56","Humid","28.00","0","54.00","359531.20","SABD0000000001","AAV1.0.0.11","1.1.2.0","PSt7-10","170328-007","9/30/2017 19:06:43","0000-00","0","no battery","V"
"09/09/2020","11:26:01","2","default","115855972","OXY_CH2","120.444","min","194.065","µmol/L","Humid","20.094","deg","76788","µV","30.057","°C","1015.000","hPa","35.3","pmil","0","53.237","deg","23.954","°C","100.000","%a.s.","21.023","deg","23.635","°C","1019.000","hPa","0.861","-0.02617","0.00035","0","0","13.56","Humid","28.00","0","54.00","359528.43","SABD0000000001","AAV1.0.0.11","1.1.2.0","PSt7-10","170328-007","9/30/2017 19:06:43","0000-00","0","no battery","V"
"09/09/2020","11:26:02","2","default","115855972","OXY_CH2","120.461","min","194.090","µmol/L","Humid","20.094","deg","76783","µV","30.053","°C","1015.000","hPa","35.3","pmil","0","53.237","deg","23.954","°C","100.000","%a.s.","21.023","deg","23.635","°C","1019.000","hPa","0.861","-0.02617","0.00035","0","0","13.56","Humid","28.00","0","54.00","359528.98","SABD0000000001","AAV1.0.0.11","1.1.2.0","PSt7-10","170328-007","9/30/2017 19:06:43","0000-00","0","no battery","V"
"09/09/2020","11:26:03","2","default","115855972","OXY_CH2","120.477","min","194.092","µmol/L","Humid","20.094","deg","76781","µV","30.053","°C","1015.000","hPa","35.3","pmil","0","53.237","deg","23.954","°C","100.000","%a.s.","21.023","deg","23.635","°C","1019.000","hPa","0.861","-0.02617","0.00035","0","0","13.56","Humid","28.00","0","54.00","359529.82","SABD0000000001","AAV1.0.0.11","1.1.2.0","PSt7-10","170328-007","9/30/2017 19:06:43","0000-00","0","no battery","V"
"09/09/2020","11:26:04","2","default","115855972","OXY_CH2","120.494","min","194.108","µmol/L","Humid","20.098","deg","76777","µV","30.038","°C","1015.000","hPa","35.3","pmil","0","53.237","deg","23.954","°C","100.000","%a.s.","21.023","deg","23.635","°C","1019.000","hPa","0.861","-0.02617","0.00035","0","0","13.56","Humid","28.00","0","54.00","359535.55","SABD0000000001","AAV1.0.0.11","1.1.2.0","PSt7-10","170328-007","9/30/2017 19:06:43","0000-00","0","no battery","V"
"09/09/2020","11:26:05","2","default","115855972","OXY_CH2","120.511","min","194.049","µmol/L","Humid","20.095","deg","76785","µV","30.057","°C","1015.000","hPa","35.3","pmil","0","53.237","deg","23.954","°C","100.000","%a.s.","21.023","deg","23.635","°C","1019.000","hPa","0.861","-0.02617","0.00035","0","0","13.56","Humid","28.00","0","54.00","359529.36","SABD0000000001","AAV1.0.0.11","1.1.2.0","PSt7-10","170328-007","9/30/2017 19:06:43","0000-00","0","no battery","V"
"09/09/2020","11:26:06","2","default","115855972","OXY_CH2","120.528","min","194.055","µmol/L","Humid","20.096","deg","76779","µV","30.053","°C","1015.000","hPa","35.3","pmil","0","53.237","deg","23.954","°C","100.000","%a.s.","21.023","deg","23.635","°C","1019.000","hPa","0.861","-0.02617","0.00035","0","0","13.56","Humid","28.00","0","54.00","359530.66","SABD0000000001","AAV1.0.0.11","1.1.2.0","PSt7-10","170328-007","9/30/2017 19:06:43","0000-00","0","no battery","V"
"09/09/2020","11:26:07","2","default","115855972","OXY_CH2","120.544","min","194.077","µmol/L","Humid","20.096","deg","76775","µV","30.049","°C","1015.000","hPa","35.3","pmil","0","53.237","deg","23.954","°C","100.000","%a.s.","21.023","deg","23.635","°C","1019.000","hPa","0.861","-0.02617","0.00035","0","0","13.56","Humid","28.00","0","54.00","359515.90","SABD0000000001","AAV1.0.0.11","1.1.2.0","PSt7-10","170328-007","9/30/2017 19:06:43","0000-00","0","no battery","V"
"09/09/2020","11:26:08","2","default","115855972","OXY_CH2","120.561","min","194.114","µmol/L","Humid","20.095","deg","76775","µV","30.046","°C","1015.000","hPa","35.3","pmil","0","53.237","deg","23.954","°C","100.000","%a.s.","21.023","deg","23.635","°C","1019.000","hPa","0.861","-0.02617","0.00035","0","0","13.56","Humid","28.00","0","54.00","359510.70","SABD0000000001","AAV1.0.0.11","1.1.2.0","PSt7-10","170328-007","9/30/2017 19:06:43","0000-00","0","no battery","V"
"09/09/2020","11:26:09","2","default","115855972","OXY_CH2","120.578","min","194.049","µmol/L","Humid","20.094","deg","76773","µV","30.059","°C","1015.000","hPa","35.3","pmil","0","53.237","deg","23.954","°C","100.000","%a.s.","21.023","deg","23.635","°C","1019.000","hPa","0.861","-0.02617","0.00035","0","0","13.56","Humid","28.00","0","54.00","359522.07","SABD0000000001","AAV1.0.0.11","1.1.2.0","PSt7-10","170328-007","9/30/2017 19:06:43","0000-00","0","no battery","V"
"09/09/2020","11:26:10","2","default","115855972","OXY_CH2","120.594","min","194.116","µmol/L","Humid","20.095","deg","76766","µV","30.046","°C","1015.000","hPa","35.3","pmil","0","53.237","deg","23.954","°C","100.000","%a.s.","21.023","deg","23.635","°C","1019.000","hPa","0.861","-0.02617","0.00035","0","0","13.56","Humid","28.00","0","54.00","359513.61","SABD0000000001","AAV1.0.0.11","1.1.2.0","PSt7-10","170328-007","9/30/2017 19:06:43","0000-00","0","no battery","V"
"09/09/2020","11:26:11","2","default","115855972","OXY_CH2","120.611","min","194.118","µmol/L","Humid","20.097","deg","76773","µV","30.039","°C","1015.000","hPa","35.3","pmil","0","53.237","deg","23.954","°C","100.000","%a.s.","21.023","deg","23.635","°C","1019.000","hPa","0.861","-0.02617","0.00035","0","0","13.56","Humid","28.00","0","54.00","359525.96","SABD0000000001","AAV1.0.0.11","1.1.2.0","PSt7-10","170328-007","9/30/2017 19:06:43","0000-00","0","no battery","V"
"09/09/2020","11:26:12","2","default","115855972","OXY_CH2","120.627","min","194.140","µmol/L","Humid","20.094","deg","76762","µV","30.045","°C","1015.000","hPa","35.3","pmil","0","53.237","deg","23.954","°C","100.000","%a.s.","21.023","deg","23.635","°C","1019.000","hPa","0.861","-0.02617","0.00035","0","0","13.56","Humid","28.00","0","54.00","359516.80","SABD0000000001","AAV1.0.0.11","1.1.2.0","PSt7-10","170328-007","9/30/2017 19:06:43","0000-00","0","no battery","V"
"09/09/2020","11:26:13","2","default","115855972","OXY_CH2","120.644","min","194.091","µmol/L","Humid","20.094","deg","76764","µV","30.053","°C","1015.000","hPa","35.3","pmil","0","53.237","deg","23.954","°C","100.000","%a.s.","21.023","deg","23.635","°C","1019.000","hPa","0.861","-0.02617","0.00035","0","0","13.56","Humid","28.00","0","54.00","359513.20","SABD0000000001","AAV1.0.0.11","1.1.2.0","PSt7-10","170328-007","9/30/2017 19:06:43","0000-00","0","no battery","V"
"09/09/2020","11:26:14","2","default","115855972","OXY_CH2","120.660","min","194.147","µmol/L","Humid","20.094","deg","76764","µV","30.043","°C","1015.000","hPa","35.3","pmil","0","53.237","deg","23.954","°C","100.000","%a.s.","21.023","deg","23.635","°C","1019.000","hPa","0.861","-0.02617","0.00035","0","0","13.56","Humid","28.00","0","54.00","359514.33","SABD0000000001","AAV1.0.0.11","1.1.2.0","PSt7-10","170328-007","9/30/2017 19:06:43","0000-00","0","no battery","V"
"09/09/2020","11:26:15","2","default","115855972","OXY_CH2","120.677","min","193.972","µmol/L","Humid","20.096","deg","76767","µV","30.066","°C","1015.000","hPa","35.3","pmil","0","53.237","deg","23.954","°C","100.000","%a.s.","21.023","deg","23.635","°C","1019.000","hPa","0.861","-0.02617","0.00035","0","0","13.56","Humid","28.00","0","54.00","359513.56","SABD0000000001","AAV1.0.0.11","1.1.2.0","PSt7-10","170328-007","9/30/2017 19:06:43","0000-00","0","no battery","V"
"09/09/2020","11:26:16","2","default","115855972","OXY_CH2","120.694","min","193.892","µmol/L","Humid","20.099","deg","76758","µV","30.070","°C","1015.000","hPa","35.3","pmil","0","53.237","deg","23.954","°C","100.000","%a.s.","21.023","deg","23.635","°C","1019.000","hPa","0.861","-0.02617","0.00035","0","0","13.56","Humid","28.00","0","54.00","359509.97","SABD0000000001","AAV1.0.0.11","1.1.2.0","PSt7-10","170328-007","9/30/2017 19:06:43","0000-00","0","no battery","V"
"09/09/2020","11:26:17","2","default","115855972","OXY_CH2","120.711","min","194.014","µmol/L","Humid","20.095","deg","76758","µV","30.062","°C","1015.000","hPa","35.3","pmil","0","53.237","deg","23.954","°C","100.000","%a.s.","21.023","deg","23.635","°C","1019.000","hPa","0.861","-0.02617","0.00035","0","0","13.56","Humid","28.00","0","54.00","359499.60","SABD0000000001","AAV1.0.0.11","1.1.2.0","PSt7-10","170328-007","9/30/2017 19:06:43","0000-00","0","no battery","V"
"09/09/2020","11:26:18","2","default","115855972","OXY_CH2","120.727","min","194.087","µmol/L","Humid","20.095","deg","76756","µV","30.050","°C","1015.000","hPa","35.3","pmil","0","53.237","deg","23.954","°C","100.000","%a.s.","21.023","deg","23.635","°C","1019.000","hPa","0.861","-0.02617","0.00035","0","0","13.56","Humid","28.00","0","54.00","359490.09","SABD0000000001","AAV1.0.0.11","1.1.2.0","PSt7-10","170328-007","9/30/2017 19:06:43","0000-00","0","no battery","V"
"09/09/2020","11:26:19","2","default","115855972","OXY_CH2","120.744","min","194.038","µmol/L","Humid","20.097","deg","76752","µV","30.052","°C","1015.000","hPa","35.3","pmil","0","53.237","deg","23.954","°C","100.000","%a.s.","21.023","deg","23.635","°C","1019.000","hPa","0.861","-0.02617","0.00035","0","0","13.56","Humid","28.00","0","54.00","359500.74","SABD0000000001","AAV1.0.0.11","1.1.2.0","PSt7-10","170328-007","9/30/2017 19:06:43","0000-00","0","no battery","V"
"09/09/2020","11:26:20","2","default","115855972","OXY_CH2","120.761","min","194.201","µmol/L","Humid","20.092","deg","76758","µV","30.041","°C","1015.000","hPa","35.3","pmil","0","53.237","deg","23.954","°C","100.000","%a.s.","21.023","deg","23.635","°C","1019.000","hPa","0.861","-0.02617","0.00035","0","0","13.56","Humid","28.00","0","54.00","359493.68","SABD0000000001","AAV1.0.0.11","1.1.2.0","PSt7-10","170328-007","9/30/2017 19:06:43","0000-00","0","no battery","V"
"09/09/2020","11:26:21","2","default","115855972","OXY_CH2","120.778","min","194.126","µmol/L","Humid","20.093","deg","76761","µV","30.050","°C","1015.000","hPa","35.3","pmil","0","53.237","deg","23.954","°C","100.000","%a.s.","21.023","deg","23.635","°C","1019.000","hPa","0.861","-0.02617","0.00035","0","0","13.56","Humid","28.00","0","54.00","359479.58","SABD0000000001","AAV1.0.0.11","1.1.2.0","PSt7-10","170328-007","9/30/2017 19:06:43","0000-00","0","no battery","V"
"09/09/2020","11:26:22","2","default","115855972","OXY_CH2","120.794","min","194.069","µmol/L","Humid","20.092","deg","76752","µV","30.062","°C","1015.000","hPa","35.3","pmil","0","53.237","deg","23.954","°C","100.000","%a.s.","21.023","deg","23.635","°C","1019.000","hPa","0.861","-0.02617","0.00035","0","0","13.56","Humid","28.00","0","54.00","359491.48","SABD0000000001","AAV1.0.0.11","1.1.2.0","PSt7-10","170328-007","9/30/2017 19:06:43","0000-00","0","no battery","V"
"09/09/2020","11:26:23","2","default","115855972","OXY_CH2","120.811","min","194.186","µmol/L","Humid","20.092","deg","76751","µV","30.043","°C","1015.000","hPa","35.3","pmil","0","53.237","deg","23.954","°C","100.000","%a.s.","21.023","deg","23.635","°C","1019.000","hPa","0.861","-0.02617","0.00035","0","0","13.56","Humid","28.00","0","54.00","359504.79","SABD0000000001","AAV1.0.0.11","1.1.2.0","PSt7-10","170328-007","9/30/2017 19:06:43","0000-00","0","no battery","V"
"09/09/2020","11:26:24","2","default","115855972","OXY_CH2","120.828","min","194.198","µmol/L","Humid","20.091","deg","76761","µV","30.044","°C","1015.000","hPa","35.3","pmil","0","53.237","deg","23.954","°C","100.000","%a.s.","21.023","deg","23.635","°C","1019.000","hPa","0.861","-0.02617","0.00035","0","0","13.56","Humid","28.00","0","54.00","359513.33","SABD0000000001","AAV1.0.0.11","1.1.2.0","PSt7-10","170328-007","9/30/2017 19:06:43","0000-00","0","no battery","V"
"09/09/2020","11:26:25","2","default","115855972","OXY_CH2","120.844","min","194.062","µmol/L","Humid","20.094","deg","76756","µV","30.057","°C","1015.000","hPa","35.3","pmil","0","53.237","deg","23.954","°C","100.000","%a.s.","21.023","deg","23.635","°C","1019.000","hPa","0.861","-0.02617","0.00035","0","0","13.56","Humid","28.00","0","54.00","359506.06","SABD0000000001","AAV1.0.0.11","1.1.2.0","PSt7-10","170328-007","9/30/2017 19:06:43","0000-00","0","no battery","V"
"09/09/2020","11:26:26","2","default","115855972","OXY_CH2","120.860","min","194.015","µmol/L","Humid","20.095","deg","76747","µV","30.062","°C","1015.000","hPa","35.3","pmil","0","53.237","deg","23.954","°C","100.000","%a.s.","21.023","deg","23.635","°C","1019.000","hPa","0.861","-0.02617","0.00035","0","0","13.56","Humid","28.00","0","54.00","359509.01","SABD0000000001","AAV1.0.0.11","1.1.2.0","PSt7-10","170328-007","9/30/2017 19:06:43","0000-00","0","no battery","V"
"09/09/2020","11:26:27","2","default","115855972","OXY_CH2","120.878","min","194.056","µmol/L","Humid","20.094","deg","76751","µV","30.058","°C","1015.000","hPa","35.3","pmil","0","53.237","deg","23.954","°C","100.000","%a.s.","21.023","deg","23.635","°C","1019.000","hPa","0.861","-0.02617","0.00035","0","0","13.56","Humid","28.00","0","54.00","359509.17","SABD0000000001","AAV1.0.0.11","1.1.2.0","PSt7-10","170328-007","9/30/2017 19:06:43","0000-00","0","no battery","V"
"09/09/2020","11:26:28","2","default","115855972","OXY_CH2","120.894","min","194.107","µmol/L","Humid","20.094","deg","76745","µV","30.050","°C","1015.000","hPa","35.3","pmil","0","53.237","deg","23.954","°C","100.000","%a.s.","21.023","deg","23.635","°C","1019.000","hPa","0.861","-0.02617","0.00035","0","0","13.56","Humid","28.00","0","54.00","359501.98","SABD0000000001","AAV1.0.0.11","1.1.2.0","PSt7-10","170328-007","9/30/2017 19:06:43","0000-00","0","no battery","V"
"09/09/2020","11:26:29","2","default","115855972","OXY_CH2","120.911","min","194.185","µmol/L","Humid","20.088","deg","76746","µV","30.055","°C","1015.000","hPa","35.3","pmil","0","53.237","deg","23.954","°C","100.000","%a.s.","21.023","deg","23.635","°C","1019.000","hPa","0.861","-0.02617","0.00035","0","0","13.56","Humid","28.00","0","54.00","359514.88","SABD0000000001","AAV1.0.0.11","1.1.2.0","PSt7-10","170328-007","9/30/2017 19:06:43","0000-00","0","no battery","V"
"09/09/2020","11:26:30","2","default","115855972","OXY_CH2","120.927","min","194.154","µmol/L","Humid","20.092","deg","76745","µV","30.048","°C","1015.000","hPa","35.3","pmil","0","53.237","deg","23.954","°C","100.000","%a.s.","21.023","deg","23.635","°C","1019.000","hPa","0.861","-0.02617","0.00035","0","0","13.56","Humid","28.00","0","54.00","359508.84","SABD0000000001","AAV1.0.0.11","1.1.2.0","PSt7-10","170328-007","9/30/2017 19:06:43","0000-00","0","no battery","V"
"09/09/2020","11:26:31","2","default","115855972","OXY_CH2","120.944","min","194.134","µmol/L","Humid","20.090","deg","76752","µV","30.057","°C","1015.000","hPa","35.3","pmil","0","53.237","deg","23.954","°C","100.000","%a.s.","21.023","deg","23.635","°C","1019.000","hPa","0.861","-0.02617","0.00035","0","0","13.56","Humid","28.00","0","54.00","359506.45","SABD0000000001","AAV1.0.0.11","1.1.2.0","PSt7-10","170328-007","9/30/2017 19:06:43","0000-00","0","no battery","V"
"09/09/2020","11:26:32","2","default","115855972","OXY_CH2","120.961","min","194.157","µmol/L","Humid","20.094","deg","76747","µV","30.042","°C","1015.000","hPa","35.3","pmil","0","53.237","deg","23.954","°C","100.000","%a.s.","21.023","deg","23.635","°C","1019.000","hPa","0.861","-0.02617","0.00035","0","0","13.56","Humid","28.00","0","54.00","359508.02","SABD0000000001","AAV1.0.0.11","1.1.2.0","PSt7-10","170328-007","9/30/2017 19:06:43","0000-00","0","no battery","V"
"09/09/2020","11:26:33","2","default","115855972","OXY_CH2","120.977","min","194.187","µmol/L","Humid","20.091","deg","76742","µV","30.046","°C","1015.000","hPa","35.3","pmil","0","53.237","deg","23.954","°C","100.000","%a.s.","21.023","deg","23.635","°C","1019.000","hPa","0.861","-0.02617","0.00035","0","0","13.56","Humid","28.00","0","54.00","359513.97","SABD0000000001","AAV1.0.0.11","1.1.2.0","PSt7-10","170328-007","9/30/2017 19:06:43","0000-00","0","no battery","V"
"09/09/2020","11:26:34","2","default","115855972","OXY_CH2","120.994","min","194.197","µmol/L","Humid","20.086","deg","76742","µV","30.059","°C","1015.000","hPa","35.3","pmil","0","53.237","deg","23.954","°C","100.000","%a.s.","21.023","deg","23.635","°C","1019.000","hPa","0.861","-0.02617","0.00035","0","0","13.56","Humid","28.00","0","54.00","359507.83","SABD0000000001","AAV1.0.0.11","1.1.2.0","PSt7-10","170328-007","9/30/2017 19:06:43","0000-00","0","no battery","V"
"09/09/2020","11:26:35","2","default","115855972","OXY_CH2","121.011","min","194.233","µmol/L","Humid","20.085","deg","76746","µV","30.056","°C","1015.000","hPa","35.3","pmil","0","53.237","deg","23.954","°C","100.000","%a.s.","21.023","deg","23.635","°C","1019.000","hPa","0.861","-0.02617","0.00035","0","0","13.56","Humid","28.00","0","54.00","359512.65","SABD0000000001","AAV1.0.0.11","1.1.2.0","PSt7-10","170328-007","9/30/2017 19:06:43","0000-00","0","no battery","V"
"09/09/2020","11:26:36","2","default","115855972","OXY_CH2","121.027","min","194.221","µmol/L","Humid","20.086","deg","76735","µV","30.055","°C","1015.000","hPa","35.3","pmil","0","53.237","deg","23.954","°C","100.000","%a.s.","21.023","deg","23.635","°C","1019.000","hPa","0.861","-0.02617","0.00035","0","0","13.56","Humid","28.00","0","54.00","359494.50","SABD0000000001","AAV1.0.0.11","1.1.2.0","PSt7-10","170328-007","9/30/2017 19:06:43","0000-00","0","no battery","V"
"09/09/2020","11:26:37","2","default","115855972","OXY_CH2","121.044","min","194.051","µmol/L","Humid","20.093","deg","76740","µV","30.062","°C","1015.000","hPa","35.3","pmil","0","53.237","deg","23.954","°C","100.000","%a.s.","21.023","deg","23.635","°C","1019.000","hPa","0.861","-0.02617","0.00035","0","0","13.56","Humid","28.00","0","54.00","359517.24","SABD0000000001","AAV1.0.0.11","1.1.2.0","PSt7-10","170328-007","9/30/2017 19:06:43","0000-00","0","no battery","V"
"09/09/2020","11:26:38","2","default","115855972","OXY_CH2","121.061","min","194.138","µmol/L","Humid","20.090","deg","76741","µV","30.057","°C","1015.000","hPa","35.3","pmil","0","53.237","deg","23.954","°C","100.000","%a.s.","21.023","deg","23.635","°C","1019.000","hPa","0.861","-0.02617","0.00035","0","0","13.56","Humid","28.00","0","54.00","359490.87","SABD0000000001","AAV1.0.0.11","1.1.2.0","PSt7-10","170328-007","9/30/2017 19:06:43","0000-00","0","no battery","V"
"09/09/2020","11:26:39","2","default","115855972","OXY_CH2","121.078","min","194.225","µmol/L","Humid","20.086","deg","76737","µV","30.054","°C","1015.000","hPa","35.3","pmil","0","53.237","deg","23.954","°C","100.000","%a.s.","21.023","deg","23.635","°C","1019.000","hPa","0.861","-0.02617","0.00035","0","0","13.56","Humid","28.00","0","54.00","359496.80","SABD0000000001","AAV1.0.0.11","1.1.2.0","PSt7-10","170328-007","9/30/2017 19:06:43","0000-00","0","no battery","V"
"09/09/2020","11:26:40","2","default","115855972","OXY_CH2","121.094","min","194.128","µmol/L","Humid","20.093","deg","76733","µV","30.050","°C","1015.000","hPa","35.3","pmil","0","53.237","deg","23.954","°C","100.000","%a.s.","21.023","deg","23.635","°C","1019.000","hPa","0.861","-0.02617","0.00035","0","0","13.56","Humid","28.00","0","54.00","359488.12","SABD0000000001","AAV1.0.0.11","1.1.2.0","PSt7-10","170328-007","9/30/2017 19:06:43","0000-00","0","no battery","V"
"09/09/2020","11:26:41","2","default","115855972","OXY_CH2","121.111","min","194.182","µmol/L","Humid","20.089","deg","76739","µV","30.052","°C","1015.000","hPa","35.3","pmil","0","53.237","deg","23.954","°C","100.000","%a.s.","21.023","deg","23.635","°C","1019.000","hPa","0.861","-0.02617","0.00035","0","0","13.56","Humid","28.00","0","54.00","359508.48","SABD0000000001","AAV1.0.0.11","1.1.2.0","PSt7-10","170328-007","9/30/2017 19:06:43","0000-00","0","no battery","V"
"09/09/2020","11:26:42","2","default","115855972","OXY_CH2","121.127","min","194.175","µmol/L","Humid","20.090","deg","76737","µV","30.051","°C","1015.000","hPa","35.3","pmil","0","53.237","deg","23.954","°C","100.000","%a.s.","21.023","deg","23.635","°C","1019.000","hPa","0.861","-0.02617","0.00035","0","0","13.56","Humid","28.00","0","54.00","359504.63","SABD0000000001","AAV1.0.0.11","1.1.2.0","PSt7-10","170328-007","9/30/2017 19:06:43","0000-00","0","no battery","V"
"09/09/2020","11:26:43","2","default","115855972","OXY_CH2","121.144","min","194.203","µmol/L","Humid","20.088","deg","76738","µV","30.052","°C","1015.000","hPa","35.3","pmil","0","53.237","deg","23.954","°C","100.000","%a.s.","21.023","deg","23.635","°C","1019.000","hPa","0.861","-0.02617","0.00035","0","0","13.56","Humid","28.00","0","54.00","359489.87","SABD0000000001","AAV1.0.0.11","1.1.2.0","PSt7-10","170328-007","9/30/2017 19:06:43","0000-00","0","no battery","V"
"09/09/2020","11:26:44","2","default","115855972","OXY_CH2","121.160","min","194.158","µmol/L","Humid","20.088","deg","76728","µV","30.059","°C","1015.000","hPa","35.3","pmil","0","53.237","deg","23.954","°C","100.000","%a.s.","21.023","deg","23.635","°C","1019.000","hPa","0.861","-0.02617","0.00035","0","0","13.56","Humid","28.00","0","54.00","359495.57","SABD0000000001","AAV1.0.0.11","1.1.2.0","PSt7-10","170328-007","9/30/2017 19:06:43","0000-00","0","no battery","V"
"09/09/2020","11:26:45","2","default","115855972","OXY_CH2","121.177","min","194.320","µmol/L","Humid","20.083","deg","76732","µV","30.048","°C","1015.000","hPa","35.3","pmil","0","53.237","deg","23.954","°C","100.000","%a.s.","21.023","deg","23.635","°C","1019.000","hPa","0.861","-0.02617","0.00035","0","0","13.56","Humid","28.00","0","54.00","359499.10","SABD0000000001","AAV1.0.0.11","1.1.2.0","PSt7-10","170328-007","9/30/2017 19:06:43","0000-00","0","no battery","V"
"09/09/2020","11:26:46","2","default","115855972","OXY_CH2","121.194","min","194.213","µmol/L","Humid","20.088","deg","76727","µV","30.050","°C","1015.000","hPa","35.3","pmil","0","53.237","deg","23.954","°C","100.000","%a.s.","21.023","deg","23.635","°C","1019.000","hPa","0.861","-0.02617","0.00035","0","0","13.56","Humid","28.00","0","54.00","359490.57","SABD0000000001","AAV1.0.0.11","1.1.2.0","PSt7-10","170328-007","9/30/2017 19:06:43","0000-00","0","no battery","V"
"09/09/2020","11:26:47","2","default","115855972","OXY_CH2","121.211","min","194.127","µmol/L","Humid","20.091","deg","76734","µV","30.056","°C","1015.000","hPa","35.3","pmil","0","53.237","deg","23.954","°C","100.000","%a.s.","21.023","deg","23.635","°C","1019.000","hPa","0.861","-0.02617","0.00035","0","0","13.56","Humid","28.00","0","54.00","359492.33","SABD0000000001","AAV1.0.0.11","1.1.2.0","PSt7-10","170328-007","9/30/2017 19:06:43","0000-00","0","no battery","V"
"09/09/2020","11:26:48","2","default","115855972","OXY_CH2","121.227","min","194.157","µmol/L","Humid","20.092","deg","76725","µV","30.048","°C","1015.000","hPa","35.3","pmil","0","53.237","deg","23.954","°C","100.000","%a.s.","21.023","deg","23.635","°C","1019.000","hPa","0.861","-0.02617","0.00035","0","0","13.56","Humid","28.00","0","54.00","359493.84","SABD0000000001","AAV1.0.0.11","1.1.2.0","PSt7-10","170328-007","9/30/2017 19:06:43","0000-00","0","no battery","V"
"09/09/2020","11:26:49","2","default","115855972","OXY_CH2","121.244","min","194.131","µmol/L","Humid","20.090","deg","76734","µV","30.058","°C","1015.000","hPa","35.3","pmil","0","53.237","deg","23.954","°C","100.000","%a.s.","21.023","deg","23.635","°C","1019.000","hPa","0.861","-0.02617","0.00035","0","0","13.56","Humid","28.00","0","54.00","359498.70","SABD0000000001","AAV1.0.0.11","1.1.2.0","PSt7-10","170328-007","9/30/2017 19:06:43","0000-00","0","no battery","V"
"09/09/2020","11:26:50","2","default","115855972","OXY_CH2","121.261","min","194.290","µmol/L","Humid","20.086","deg","76722","µV","30.044","°C","1015.000","hPa","35.3","pmil","0","53.237","deg","23.954","°C","100.000","%a.s.","21.023","deg","23.635","°C","1019.000","hPa","0.861","-0.02617","0.00035","0","0","13.56","Humid","28.00","0","54.00","359500.87","SABD0000000001","AAV1.0.0.11","1.1.2.0","PSt7-10","170328-007","9/30/2017 19:06:43","0000-00","0","no battery","V"
"09/09/2020","11:26:51","2","default","115855972","OXY_CH2","121.277","min","194.216","µmol/L","Humid","20.092","deg","76736","µV","30.038","°C","1015.000","hPa","35.3","pmil","0","53.237","deg","23.954","°C","100.000","%a.s.","21.023","deg","23.635","°C","1019.000","hPa","0.861","-0.02617","0.00035","0","0","13.56","Humid","28.00","0","54.00","359497.27","SABD0000000001","AAV1.0.0.11","1.1.2.0","PSt7-10","170328-007","9/30/2017 19:06:43","0000-00","0","no battery","V"
"09/09/2020","11:26:52","2","default","115855972","OXY_CH2","121.294","min","194.269","µmol/L","Humid","20.089","deg","76724","µV","30.038","°C","1015.000","hPa","35.3","pmil","0","53.237","deg","23.954","°C","100.000","%a.s.","21.023","deg","23.635","°C","1019.000","hPa","0.861","-0.02617","0.00035","0","0","13.56","Humid","28.00","0","54.00","359488.60","SABD0000000001","AAV1.0.0.11","1.1.2.0","PSt7-10","170328-007","9/30/2017 19:06:43","0000-00","0","no battery","V"
"09/09/2020","11:26:53","2","default","115855972","OXY_CH2","121.310","min","194.274","µmol/L","Humid","20.087","deg","76719","µV","30.043","°C","1015.000","hPa","35.3","pmil","0","53.237","deg","23.954","°C","100.000","%a.s.","21.023","deg","23.635","°C","1019.000","hPa","0.861","-0.02617","0.00035","0","0","13.56","Humid","28.00","0","54.00","359473.39","SABD0000000001","AAV1.0.0.11","1.1.2.0","PSt7-10","170328-007","9/30/2017 19:06:43","0000-00","0","no battery","V"
"09/09/2020","11:26:54","2","default","115855972","OXY_CH2","121.327","min","194.258","µmol/L","Humid","20.084","deg","76728","µV","30.055","°C","1015.000","hPa","35.3","pmil","0","53.237","deg","23.954","°C","100.000","%a.s.","21.023","deg","23.635","°C","1019.000","hPa","0.861","-0.02617","0.00035","0","0","13.56","Humid","28.00","0","54.00","359506.23","SABD0000000001","AAV1.0.0.11","1.1.2.0","PSt7-10","170328-007","9/30/2017 19:06:43","0000-00","0","no battery","V"
"09/09/2020","11:26:55","2","default","115855972","OXY_CH2","121.344","min","194.191","µmol/L","Humid","20.085","deg","76718","µV","30.063","°C","1015.000","hPa","35.3","pmil","0","53.237","deg","23.954","°C","100.000","%a.s.","21.023","deg","23.635","°C","1019.000","hPa","0.861","-0.02617","0.00035","0","0","13.56","Humid","28.00","0","54.00","359493.06","SABD0000000001","AAV1.0.0.11","1.1.2.0","PSt7-10","170328-007","9/30/2017 19:06:43","0000-00","0","no battery","V"
"09/09/2020","11:26:56","2","default","115855972","OXY_CH2","121.361","min","194.049","µmol/L","Humid","20.093","deg","76726","µV","30.062","°C","1015.000","hPa","35.3","pmil","0","53.237","deg","23.954","°C","100.000","%a.s.","21.023","deg","23.635","°C","1019.000","hPa","0.861","-0.02617","0.00035","0","0","13.56","Humid","28.00","0","54.00","359488.22","SABD0000000001","AAV1.0.0.11","1.1.2.0","PSt7-10","170328-007","9/30/2017 19:06:43","0000-00","0","no battery","V"
"09/09/2020","11:26:57","2","default","115855972","OXY_CH2","121.377","min","194.115","µmol/L","Humid","20.086","deg","76720","µV","30.072","°C","1015.000","hPa","35.3","pmil","0","53.237","deg","23.954","°C","100.000","%a.s.","21.023","deg","23.635","°C","1019.000","hPa","0.861","-0.02617","0.00035","0","0","13.56","Humid","28.00","0","54.00","359506.15","SABD0000000001","AAV1.0.0.11","1.1.2.0","PSt7-10","170328-007","9/30/2017 19:06:43","0000-00","0","no battery","V"
"09/09/2020","11:26:58","2","default","115855972","OXY_CH2","121.394","min","194.243","µmol/L","Humid","20.088","deg","76722","µV","30.045","°C","1015.000","hPa","35.3","pmil","0","53.237","deg","23.954","°C","100.000","%a.s.","21.023","deg","23.635","°C","1019.000","hPa","0.861","-0.02617","0.00035","0","0","13.56","Humid","28.00","0","54.00","359495.04","SABD0000000001","AAV1.0.0.11","1.1.2.0","PSt7-10","170328-007","9/30/2017 19:06:43","0000-00","0","no battery","V"
"09/09/2020","11:26:59","2","default","115855972","OXY_CH2","121.411","min","194.154","µmol/L","Humid","20.085","deg","76716","µV","30.069","°C","1015.000","hPa","35.3","pmil","0","53.237","deg","23.954","°C","100.000","%a.s.","21.023","deg","23.635","°C","1019.000","hPa","0.861","-0.02617","0.00035","0","0","13.56","Humid","28.00","0","54.00","359481.01","SABD0000000001","AAV1.0.0.11","1.1.2.0","PSt7-10","170328-007","9/30/2017 19:06:43","0000-00","0","no battery","V"
"09/09/2020","11:27:00","2","default","115855972","OXY_CH2","121.428","min","194.229","µmol/L","Humid","20.087","deg","76716","µV","30.051","°C","1015.000","hPa","35.3","pmil","0","53.237","deg","23.954","°C","100.000","%a.s.","21.023","deg","23.635","°C","1019.000","hPa","0.861","-0.02617","0.00035","0","0","13.56","Humid","28.00","0","54.00","359493.74","SABD0000000001","AAV1.0.0.11","1.1.2.0","PSt7-10","170328-007","9/30/2017 19:06:43","0000-00","0","no battery","V"
"09/09/2020","11:27:01","2","default","115855972","OXY_CH2","121.444","min","194.280","µmol/L","Humid","20.085","deg","76704","µV","30.048","°C","1015.000","hPa","35.3","pmil","0","53.237","deg","23.954","°C","100.000","%a.s.","21.023","deg","23.635","°C","1019.000","hPa","0.861","-0.02617","0.00035","0","0","13.56","Humid","28.00","0","54.00","359482.40","SABD0000000001","AAV1.0.0.11","1.1.2.0","PSt7-10","170328-007","9/30/2017 19:06:43","0000-00","0","no battery","V"
"09/09/2020","11:27:02","2","default","115855972","OXY_CH2","121.460","min","194.307","µmol/L","Humid","20.079","deg","76715","µV","30.061","°C","1015.000","hPa","35.3","pmil","0","53.237","deg","23.954","°C","100.000","%a.s.","21.023","deg","23.635","°C","1019.000","hPa","0.861","-0.02617","0.00035","0","0","13.56","Humid","28.00","0","54.00","359490.40","SABD0000000001","AAV1.0.0.11","1.1.2.0","PSt7-10","170328-007","9/30/2017 19:06:43","0000-00","0","no battery","V"
"09/09/2020","11:27:03","2","default","115855972","OXY_CH2","121.477","min","194.191","µmol/L","Humid","20.083","deg","76712","µV","30.069","°C","1015.000","hPa","35.3","pmil","0","53.237","deg","23.954","°C","100.000","%a.s.","21.023","deg","23.635","°C","1019.000","hPa","0.861","-0.02617","0.00035","0","0","13.56","Humid","28.00","0","54.00","359476.92","SABD0000000001","AAV1.0.0.11","1.1.2.0","PSt7-10","170328-007","9/30/2017 19:06:43","0000-00","0","no battery","V"
"09/09/2020","11:27:04","2","default","115855972","OXY_CH2","121.494","min","194.340","µmol/L","Humid","20.079","deg","76709","µV","30.056","°C","1015.000","hPa","35.3","pmil","0","53.237","deg","23.954","°C","100.000","%a.s.","21.023","deg","23.635","°C","1019.000","hPa","0.861","-0.02617","0.00035","0","0","13.56","Humid","28.00","0","54.00","359483.91","SABD0000000001","AAV1.0.0.11","1.1.2.0","PSt7-10","170328-007","9/30/2017 19:06:43","0000-00","0","no battery","V"
"09/09/2020","11:27:05","2","default","115855972","OXY_CH2","121.511","min","194.337","µmol/L","Humid","20.087","deg","76704","µV","30.033","°C","1015.000","hPa","35.3","pmil","0","53.237","deg","23.954","°C","100.000","%a.s.","21.023","deg","23.635","°C","1019.000","hPa","0.861","-0.02617","0.00035","0","0","13.56","Humid","28.00","0","54.00","359496.32","SABD0000000001","AAV1.0.0.11","1.1.2.0","PSt7-10","170328-007","9/30/2017 19:06:43","0000-00","0","no battery","V"
"09/09/2020","11:27:06","2","default","115855972","OXY_CH2","121.527","min","194.243","µmol/L","Humid","20.085","deg","76706","µV","30.054","°C","1015.000","hPa","35.3","pmil","0","53.237","deg","23.954","°C","100.000","%a.s.","21.023","deg","23.635","°C","1019.000","hPa","0.861","-0.02617","0.00035","0","0","13.56","Humid","28.00","0","54.00","359477.88","SABD0000000001","AAV1.0.0.11","1.1.2.0","PSt7-10","170328-007","9/30/2017 19:06:43","0000-00","0","no battery","V"
"09/09/2020","11:27:07","2","default","115855972","OXY_CH2","121.544","min","194.278","µmol/L","Humid","20.083","deg","76703","µV","30.054","°C","1015.000","hPa","35.3","pmil","0","53.237","deg","23.954","°C","100.000","%a.s.","21.023","deg","23.635","°C","1019.000","hPa","0.861","-0.02617","0.00035","0","0","13.56","Humid","28.00","0","54.00","359485.78","SABD0000000001","AAV1.0.0.11","1.1.2.0","PSt7-10","170328-007","9/30/2017 19:06:43","0000-00","0","no battery","V"
"09/09/2020","11:27:08","2","default","115855972","OXY_CH2","121.561","min","194.386","µmol/L","Humid","20.082","deg","76701","µV","30.040","°C","1015.000","hPa","35.3","pmil","0","53.237","deg","23.954","°C","100.000","%a.s.","21.023","deg","23.635","°C","1019.000","hPa","0.861","-0.02617","0.00035","0","0","13.56","Humid","28.00","0","54.00","359478.57","SABD0000000001","AAV1.0.0.11","1.1.2.0","PSt7-10","170328-007","9/30/2017 19:06:43","0000-00","0","no battery","V"
"09/09/2020","11:27:09","2","default","115855972","OXY_CH2","121.577","min","194.380","µmol/L","Humid","20.081","deg","76703","µV","30.044","°C","1015.000","hPa","35.3","pmil","0","53.237","deg","23.954","°C","100.000","%a.s.","21.023","deg","23.635","°C","1019.000","hPa","0.861","-0.02617","0.00035","0","0","13.56","Humid","28.00","0","54.00","359473.22","SABD0000000001","AAV1.0.0.11","1.1.2.0","PSt7-10","170328-007","9/30/2017 19:06:43","0000-00","0","no battery","V"
"09/09/2020","11:27:10","2","default","115855972","OXY_CH2","121.594","min","194.272","µmol/L","Humid","20.083","deg","76704","µV","30.055","°C","1015.000","hPa","35.3","pmil","0","53.237","deg","23.954","°C","100.000","%a.s.","21.023","deg","23.635","°C","1019.000","hPa","0.861","-0.02617","0.00035","0","0","13.56","Humid","28.00","0","54.00","359478.58","SABD0000000001","AAV1.0.0.11","1.1.2.0","PSt7-10","170328-007","9/30/2017 19:06:43","0000-00","0","no battery","V"
"09/09/2020","11:27:11","2","default","115855972","OXY_CH2","121.611","min","194.296","µmol/L","Humid","20.083","deg","76700","µV","30.051","°C","1015.000","hPa","35.3","pmil","0","53.237","deg","23.954","°C","100.000","%a.s.","21.023","deg","23.635","°C","1019.000","hPa","0.861","-0.02617","0.00035","0","0","13.56","Humid","28.00","0","54.00","359466.94","SABD0000000001","AAV1.0.0.11","1.1.2.0","PSt7-10","170328-007","9/30/2017 19:06:43","0000-00","0","no battery","V"
"09/09/2020","11:27:12","2","default","115855972","OXY_CH2","121.627","min","194.234","µmol/L","Humid","20.085","deg","76702","µV","30.056","°C","1015.000","hPa","35.3","pmil","0","53.237","deg","23.954","°C","100.000","%a.s.","21.023","deg","23.635","°C","1019.000","hPa","0.861","-0.02617","0.00035","0","0","13.56","Humid","28.00","0","54.00","359468.33","SABD0000000001","AAV1.0.0.11","1.1.2.0","PSt7-10","170328-007","9/30/2017 19:06:43","0000-00","0","no battery","V"
"09/09/2020","11:27:13","2","default","115855972","OXY_CH2","121.644","min","194.348","µmol/L","Humid","20.078","deg","76698","µV","30.058","°C","1015.000","hPa","35.3","pmil","0","53.237","deg","23.954","°C","100.000","%a.s.","21.023","deg","23.635","°C","1019.000","hPa","0.861","-0.02617","0.00035","0","0","13.56","Humid","28.00","0","54.00","359479.35","SABD0000000001","AAV1.0.0.11","1.1.2.0","PSt7-10","170328-007","9/30/2017 19:06:43","0000-00","0","no battery","V"
"09/09/2020","11:27:14","2","default","115855972","OXY_CH2","121.661","min","194.286","µmol/L","Humid","20.080","deg","76699","µV","30.062","°C","1015.000","hPa","35.3","pmil","0","53.237","deg","23.954","°C","100.000","%a.s.","21.023","deg","23.635","°C","1019.000","hPa","0.861","-0.02617","0.00035","0","0","13.56","Humid","28.00","0","54.00","359478.73","SABD0000000001","AAV1.0.0.11","1.1.2.0","PSt7-10","170328-007","9/30/2017 19:06:43","0000-00","0","no battery","V"
"09/09/2020","11:27:15","2","default","115855972","OXY_CH2","121.677","min","194.301","µmol/L","Humid","20.082","deg","76692","µV","30.054","°C","1015.000","hPa","35.3","pmil","0","53.237","deg","23.954","°C","100.000","%a.s.","21.023","deg","23.635","°C","1019.000","hPa","0.861","-0.02617","0.00035","0","0","13.56","Humid","28.00","0","54.00","359474.70","SABD0000000001","AAV1.0.0.11","1.1.2.0","PSt7-10","170328-007","9/30/2017 19:06:43","0000-00","0","no battery","V"
"09/09/2020","11:27:16","2","default","115855972","OXY_CH2","121.694","min","194.353","µmol/L","Humid","20.080","deg","76696","µV","30.051","°C","1015.000","hPa","35.3","pmil","0","53.237","deg","23.954","°C","100.000","%a.s.","21.023","deg","23.635","°C","1019.000","hPa","0.861","-0.02617","0.00035","0","0","13.56","Humid","28.00","0","54.00","359476.08","SABD0000000001","AAV1.0.0.11","1.1.2.0","PSt7-10","170328-007","9/30/2017 19:06:43","0000-00","0","no battery","V"
"09/09/2020","11:27:17","2","default","115855972","OXY_CH2","121.711","min","194.350","µmol/L","Humid","20.076","deg","76695","µV","30.063","°C","1015.000","hPa","35.3","pmil","0","53.237","deg","23.954","°C","100.000","%a.s.","21.023","deg","23.635","°C","1019.000","hPa","0.861","-0.02617","0.00035","0","0","13.56","Humid","28.00","0","54.00","359472.12","SABD0000000001","AAV1.0.0.11","1.1.2.0","PSt7-10","170328-007","9/30/2017 19:06:43","0000-00","0","no battery","V"
"09/09/2020","11:27:18","2","default","115855972","OXY_CH2","121.727","min","194.314","µmol/L","Humid","20.081","deg","76689","µV","30.054","°C","1015.000","hPa","35.3","pmil","0","53.237","deg","23.954","°C","100.000","%a.s.","21.023","deg","23.635","°C","1019.000","hPa","0.861","-0.02617","0.00035","0","0","13.56","Humid","28.00","0","54.00","359474.25","SABD0000000001","AAV1.0.0.11","1.1.2.0","PSt7-10","170328-007","9/30/2017 19:06:43","0000-00","0","no battery","V"
"09/09/2020","11:27:19","2","default","115855972","OXY_CH2","121.744","min","194.383","µmol/L","Humid","20.079","deg","76691","µV","30.049","°C","1015.000","hPa","35.3","pmil","0","53.237","deg","23.954","°C","100.000","%a.s.","21.023","deg","23.635","°C","1019.000","hPa","0.861","-0.02617","0.00035","0","0","13.56","Humid","28.00","0","54.00","359471.03","SABD0000000001","AAV1.0.0.11","1.1.2.0","PSt7-10","170328-007","9/30/2017 19:06:43","0000-00","0","no battery","V"
"09/09/2020","11:27:20","2","default","115855972","OXY_CH2","121.760","min","194.301","µmol/L","Humid","20.081","deg","76689","µV","30.057","°C","1015.000","hPa","35.3","pmil","0","53.237","deg","23.954","°C","100.000","%a.s.","21.023","deg","23.635","°C","1019.000","hPa","0.861","-0.02617","0.00035","0","0","13.56","Humid","28.00","0","54.00","359477.54","SABD0000000001","AAV1.0.0.11","1.1.2.0","PSt7-10","170328-007","9/30/2017 19:06:43","0000-00","0","no battery","V"
"09/09/2020","11:27:21","2","default","115855972","OXY_CH2","121.777","min","194.359","µmol/L","Humid","20.080","deg","76692","µV","30.050","°C","1015.000","hPa","35.3","pmil","0","53.237","deg","23.954","°C","100.000","%a.s.","21.023","deg","23.635","°C","1019.000","hPa","0.861","-0.02617","0.00035","0","0","13.56","Humid","28.00","0","54.00","359487.95","SABD0000000001","AAV1.0.0.11","1.1.2.0","PSt7-10","170328-007","9/30/2017 19:06:43","0000-00","0","no battery","V"
"09/09/2020","11:27:22","2","default","115855972","OXY_CH2","121.794","min","194.313","µmol/L","Humid","20.079","deg","76689","µV","30.061","°C","1015.000","hPa","35.3","pmil","0","53.237","deg","23.954","°C","100.000","%a.s.","21.023","deg","23.635","°C","1019.000","hPa","0.861","-0.02617","0.00035","0","0","13.56","Humid","28.00","0","54.00","359472.99","SABD0000000001","AAV1.0.0.11","1.1.2.0","PSt7-10","170328-007","9/30/2017 19:06:43","0000-00","0","no battery","V"
"09/09/2020","11:27:23","2","default","115855972","OXY_CH2","121.811","min","194.334","µmol/L","Humid","20.080","deg","76681","µV","30.054","°C","1015.000","hPa","35.3","pmil","0","53.237","deg","23.954","°C","100.000","%a.s.","21.023","deg","23.635","°C","1019.000","hPa","0.861","-0.02617","0.00035","0","0","13.56","Humid","28.00","0","54.00","359473.92","SABD0000000001","AAV1.0.0.11","1.1.2.0","PSt7-10","170328-007","9/30/2017 19:06:43","0000-00","0","no battery","V"
"09/09/2020","11:27:24","2","default","115855972","OXY_CH2","121.827","min","194.452","µmol/L","Humid","20.078","deg","76682","µV","30.041","°C","1015.000","hPa","35.3","pmil","0","53.237","deg","23.954","°C","100.000","%a.s.","21.023","deg","23.635","°C","1019.000","hPa","0.861","-0.02617","0.00035","0","0","13.56","Humid","28.00","0","54.00","359461.76","SABD0000000001","AAV1.0.0.11","1.1.2.0","PSt7-10","170328-007","9/30/2017 19:06:43","0000-00","0","no battery","V"
"09/09/2020","11:27:25","2","default","115855972","OXY_CH2","121.844","min","194.424","µmol/L","Humid","20.078","deg","76685","µV","30.045","°C","1015.000","hPa","35.3","pmil","0","53.237","deg","23.954","°C","100.000","%a.s.","21.023","deg","23.635","°C","1019.000","hPa","0.861","-0.02617","0.00035","0","0","13.56","Humid","28.00","0","54.00","359475.05","SABD0000000001","AAV1.0.0.11","1.1.2.0","PSt7-10","170328-007","9/30/2017 19:06:43","0000-00","0","no battery","V"
"09/09/2020","11:27:26","2","default","115855972","OXY_CH2","121.861","min","194.337","µmol/L","Humid","20.081","deg","76682","µV","30.051","°C","1015.000","hPa","35.3","pmil","0","53.237","deg","23.954","°C","100.000","%a.s.","21.023","deg","23.635","°C","1019.000","hPa","0.861","-0.02617","0.00035","0","0","13.56","Humid","28.00","0","54.00","359460.83","SABD0000000001","AAV1.0.0.11","1.1.2.0","PSt7-10","170328-007","9/30/2017 19:06:43","0000-00","0","no battery","V"
"09/09/2020","11:27:27","2","default","115855972","OXY_CH2","121.877","min","194.366","µmol/L","Humid","20.083","deg","76680","µV","30.040","°C","1015.000","hPa","35.3","pmil","0","53.237","deg","23.954","°C","100.000","%a.s.","21.023","deg","23.635","°C","1019.000","hPa","0.861","-0.02617","0.00035","0","0","13.56","Humid","28.00","0","54.00","359462.57","SABD0000000001","AAV1.0.0.11","1.1.2.0","PSt7-10","170328-007","9/30/2017 19:06:43","0000-00","0","no battery","V"
"09/09/2020","11:27:28","2","default","115855972","OXY_CH2","121.894","min","194.343","µmol/L","Humid","20.080","deg","76684","µV","30.053","°C","1015.000","hPa","35.3","pmil","0","53.237","deg","23.954","°C","100.000","%a.s.","21.023","deg","23.635","°C","1019.000","hPa","0.861","-0.02617","0.00035","0","0","13.56","Humid","28.00","0","54.00","359474.62","SABD0000000001","AAV1.0.0.11","1.1.2.0","PSt7-10","170328-007","9/30/2017 19:06:43","0000-00","0","no battery","V"
"09/09/2020","11:27:29","2","default","115855972","OXY_CH2","121.910","min","194.408","µmol/L","Humid","20.081","deg","76681","µV","30.039","°C","1015.000","hPa","35.3","pmil","0","53.237","deg","23.954","°C","100.000","%a.s.","21.023","deg","23.635","°C","1019.000","hPa","0.861","-0.02617","0.00035","0","0","13.56","Humid","28.00","0","54.00","359475.27","SABD0000000001","AAV1.0.0.11","1.1.2.0","PSt7-10","170328-007","9/30/2017 19:06:43","0000-00","0","no battery","V"
"09/09/2020","11:27:30","2","default","115855972","OXY_CH2","121.927","min","194.349","µmol/L","Humid","20.082","deg","76676","µV","30.046","°C","1015.000","hPa","35.3","pmil","0","53.237","deg","23.954","°C","100.000","%a.s.","21.023","deg","23.635","°C","1019.000","hPa","0.861","-0.02617","0.00035","0","0","13.56","Humid","28.00","0","54.00","359478.49","SABD0000000001","AAV1.0.0.11","1.1.2.0","PSt7-10","170328-007","9/30/2017 19:06:43","0000-00","0","no battery","V"
"09/09/2020","11:27:31","2","default","115855972","OXY_CH2","121.944","min","194.380","µmol/L","Humid","20.080","deg","76675","µV","30.047","°C","1015.000","hPa","35.3","pmil","0","53.237","deg","23.954","°C","100.000","%a.s.","21.023","deg","23.635","°C","1019.000","hPa","0.861","-0.02617","0.00035","0","0","13.56","Humid","28.00","0","54.00","359464.96","SABD0000000001","AAV1.0.0.11","1.1.2.0","PSt7-10","170328-007","9/30/2017 19:06:43","0000-00","0","no battery","V"
"09/09/2020","11:27:32","2","default","115855972","OXY_CH2","121.961","min","194.295","µmol/L","Humid","20.078","deg","76675","µV","30.066","°C","1015.000","hPa","35.3","pmil","0","53.237","deg","23.954","°C","100.000","%a.s.","21.023","deg","23.635","°C","1019.000","hPa","0.861","-0.02617","0.00035","0","0","13.56","Humid","28.00","0","54.00","359476.39","SABD0000000001","AAV1.0.0.11","1.1.2.0","PSt7-10","170328-007","9/30/2017 19:06:43","0000-00","0","no battery","V"
"09/09/2020","11:27:33","2","default","115855972","OXY_CH2","121.977","min","194.376","µmol/L","Humid","20.078","deg","76674","µV","30.053","°C","1015.000","hPa","35.3","pmil","0","53.237","deg","23.954","°C","100.000","%a.s.","21.023","deg","23.635","°C","1019.000","hPa","0.861","-0.02617","0.00035","0","0","13.56","Humid","28.00","0","54.00","359465.88","SABD0000000001","AAV1.0.0.11","1.1.2.0","PSt7-10","170328-007","9/30/2017 19:06:43","0000-00","0","no battery","V"
"09/09/2020","11:27:34","2","default","115855972","OXY_CH2","121.994","min","194.371","µmol/L","Humid","20.080","deg","76674","µV","30.048","°C","1015.000","hPa","35.3","pmil","0","53.237","deg","23.954","°C","100.000","%a.s.","21.023","deg","23.635","°C","1019.000","hPa","0.861","-0.02617","0.00035","0","0","13.56","Humid","28.00","0","54.00","359463.96","SABD0000000001","AAV1.0.0.11","1.1.2.0","PSt7-10","170328-007","9/30/2017 19:06:43","0000-00","0","no battery","V"
"09/09/2020","11:27:35","2","default","115855972","OXY_CH2","122.011","min","194.331","µmol/L","Humid","20.080","deg","76670","µV","30.055","°C","1015.000","hPa","35.3","pmil","0","53.237","deg","23.954","°C","100.000","%a.s.","21.023","deg","23.635","°C","1019.000","hPa","0.861","-0.02617","0.00035","0","0","13.56","Humid","28.00","0","54.00","359453.68","SABD0000000001","AAV1.0.0.11","1.1.2.0","PSt7-10","170328-007","9/30/2017 19:06:43","0000-00","0","no battery","V"
"09/09/2020","11:27:36","2","default","115855972","OXY_CH2","122.028","min","194.412","µmol/L","Humid","20.073","deg","76670","µV","30.062","°C","1015.000","hPa","35.3","pmil","0","53.237","deg","23.954","°C","100.000","%a.s.","21.023","deg","23.635","°C","1019.000","hPa","0.861","-0.02617","0.00035","0","0","13.56","Humid","28.00","0","54.00","359460.96","SABD0000000001","AAV1.0.0.11","1.1.2.0","PSt7-10","170328-007","9/30/2017 19:06:43","0000-00","0","no battery","V"
"09/09/2020","11:27:37","2","default","115855972","OXY_CH2","122.044","min","194.354","µmol/L","Humid","20.077","deg","76672","µV","30.060","°C","1015.000","hPa","35.3","pmil","0","53.237","deg","23.954","°C","100.000","%a.s.","21.023","deg","23.635","°C","1019.000","hPa","0.861","-0.02617","0.00035","0","0","13.56","Humid","28.00","0","54.00","359467.27","SABD0000000001","AAV1.0.0.11","1.1.2.0","PSt7-10","170328-007","9/30/2017 19:06:43","0000-00","0","no battery","V"
"09/09/2020","11:27:38","2","default","115855972","OXY_CH2","122.061","min","194.268","µmol/L","Humid","20.080","deg","76665","µV","30.065","°C","1015.000","hPa","35.3","pmil","0","53.237","deg","23.954","°C","100.000","%a.s.","21.023","deg","23.635","°C","1019.000","hPa","0.861","-0.02617","0.00035","0","0","13.56","Humid","28.00","0","54.00","359462.95","SABD0000000001","AAV1.0.0.11","1.1.2.0","PSt7-10","170328-007","9/30/2017 19:06:43","0000-00","0","no battery","V"
"09/09/2020","11:27:39","2","default","115855972","OXY_CH2","122.078","min","194.353","µmol/L","Humid","20.080","deg","76665","µV","30.051","°C","1015.000","hPa","35.3","pmil","0","53.237","deg","23.954","°C","100.000","%a.s.","21.023","deg","23.635","°C","1019.000","hPa","0.861","-0.02617","0.00035","0","0","13.56","Humid","28.00","0","54.00","359472.19","SABD0000000001","AAV1.0.0.11","1.1.2.0","PSt7-10","170328-007","9/30/2017 19:06:43","0000-00","0","no battery","V"
"09/09/2020","11:27:40","2","default","115855972","OXY_CH2","122.094","min","194.416","µmol/L","Humid","20.077","deg","76666","µV","30.050","°C","1015.000","hPa","35.3","pmil","0","53.237","deg","23.954","°C","100.000","%a.s.","21.023","deg","23.635","°C","1019.000","hPa","0.861","-0.02617","0.00035","0","0","13.56","Humid","28.00","0","54.00","359456.77","SABD0000000001","AAV1.0.0.11","1.1.2.0","PSt7-10","170328-007","9/30/2017 19:06:43","0000-00","0","no battery","V"
"09/09/2020","11:27:41","2","default","115855972","OXY_CH2","122.110","min","194.367","µmol/L","Humid","20.077","deg","76668","µV","30.058","°C","1015.000","hPa","35.3","pmil","0","53.237","deg","23.954","°C","100.000","%a.s.","21.023","deg","23.635","°C","1019.000","hPa","0.861","-0.02617","0.00035","0","0","13.56","Humid","28.00","0","54.00","359463.98","SABD0000000001","AAV1.0.0.11","1.1.2.0","PSt7-10","170328-007","9/30/2017 19:06:43","0000-00","0","no battery","V"
"09/09/2020","11:27:42","2","default","115855972","OXY_CH2","122.127","min","194.338","µmol/L","Humid","20.077","deg","76670","µV","30.062","°C","1015.000","hPa","35.3","pmil","0","53.237","deg","23.954","°C","100.000","%a.s.","21.023","deg","23.635","°C","1019.000","hPa","0.861","-0.02617","0.00035","0","0","13.56","Humid","28.00","0","54.00","359459.57","SABD0000000001","AAV1.0.0.11","1.1.2.0","PSt7-10","170328-007","9/30/2017 19:06:43","0000-00","0","no battery","V"
"09/09/2020","11:27:43","2","default","115855972","OXY_CH2","122.144","min","194.345","µmol/L","Humid","20.079","deg","76665","µV","30.055","°C","1015.000","hPa","35.3","pmil","0","53.237","deg","23.954","°C","100.000","%a.s.","21.023","deg","23.635","°C","1019.000","hPa","0.861","-0.02617","0.00035","0","0","13.56","Humid","28.00","0","54.00","359469.30","SABD0000000001","AAV1.0.0.11","1.1.2.0","PSt7-10","170328-007","9/30/2017 19:06:43","0000-00","0","no battery","V"
"09/09/2020","11:27:44","2","default","115855972","OXY_CH2","122.161","min","194.500","µmol/L","Humid","20.073","deg","76666","µV","30.048","°C","1015.000","hPa","35.3","pmil","0","53.237","deg","23.954","°C","100.000","%a.s.","21.023","deg","23.635","°C","1019.000","hPa","0.861","-0.02617","0.00035","0","0","13.56","Humid","28.00","0","54.00","359469.39","SABD0000000001","AAV1.0.0.11","1.1.2.0","PSt7-10","170328-007","9/30/2017 19:06:43","0000-00","0","no battery","V"
"09/09/2020","11:27:45","2","default","115855972","OXY_CH2","122.178","min","194.366","µmol/L","Humid","20.075","deg","76661","µV","30.064","°C","1015.000","hPa","35.3","pmil","0","53.237","deg","23.954","°C","100.000","%a.s.","21.023","deg","23.635","°C","1019.000","hPa","0.861","-0.02617","0.00035","0","0","13.56","Humid","28.00","0","54.00","359456.60","SABD0000000001","AAV1.0.0.11","1.1.2.0","PSt7-10","170328-007","9/30/2017 19:06:43","0000-00","0","no battery","V"
"09/09/2020","11:27:46","2","default","115855972","OXY_CH2","122.194","min","194.453","µmol/L","Humid","20.073","deg","76658","µV","30.055","°C","1015.000","hPa","35.3","pmil","0","53.237","deg","23.954","°C","100.000","%a.s.","21.023","deg","23.635","°C","1019.000","hPa","0.861","-0.02617","0.00035","0","0","13.56","Humid","28.00","0","54.00","359469.39","SABD0000000001","AAV1.0.0.11","1.1.2.0","PSt7-10","170328-007","9/30/2017 19:06:43","0000-00","0","no battery","V"
"09/09/2020","11:27:47","2","default","115855972","OXY_CH2","122.211","min","194.507","µmol/L","Humid","20.073","deg","76660","µV","30.047","°C","1015.000","hPa","35.3","pmil","0","53.237","deg","23.954","°C","100.000","%a.s.","21.023","deg","23.635","°C","1019.000","hPa","0.861","-0.02617","0.00035","0","0","13.56","Humid","28.00","0","54.00","359456.29","SABD0000000001","AAV1.0.0.11","1.1.2.0","PSt7-10","170328-007","9/30/2017 19:06:43","0000-00","0","no battery","V"
"09/09/2020","11:27:48","2","default","115855972","OXY_CH2","122.227","min","194.476","µmol/L","Humid","20.076","deg","76654","µV","30.043","°C","1015.000","hPa","35.3","pmil","0","53.237","deg","23.954","°C","100.000","%a.s.","21.023","deg","23.635","°C","1019.000","hPa","0.861","-0.02617","0.00035","0","0","13.56","Humid","28.00","0","54.00","359450.07","SABD0000000001","AAV1.0.0.11","1.1.2.0","PSt7-10","170328-007","9/30/2017 19:06:43","0000-00","0","no battery","V"
"09/09/2020","11:27:49","2","default","115855972","OXY_CH2","122.244","min","194.432","µmol/L","Humid","20.078","deg","76662","µV","30.044","°C","1015.000","hPa","35.3","pmil","0","53.237","deg","23.954","°C","100.000","%a.s.","21.023","deg","23.635","°C","1019.000","hPa","0.861","-0.02617","0.00035","0","0","13.56","Humid","28.00","0","54.00","359448.06","SABD0000000001","AAV1.0.0.11","1.1.2.0","PSt7-10","170328-007","9/30/2017 19:06:43","0000-00","0","no battery","V"
"09/09/2020","11:27:50","2","default","115855972","OXY_CH2","122.260","min","194.376","µmol/L","Humid","20.078","deg","76652","µV","30.053","°C","1015.000","hPa","35.3","pmil","0","53.237","deg","23.954","°C","100.000","%a.s.","21.023","deg","23.635","°C","1019.000","hPa","0.861","-0.02617","0.00035","0","0","13.56","Humid","28.00","0","54.00","359442.24","SABD0000000001","AAV1.0.0.11","1.1.2.0","PSt7-10","170328-007","9/30/2017 19:06:43","0000-00","0","no battery","V"
"09/09/2020","11:27:51","2","default","115855972","OXY_CH2","122.277","min","194.423","µmol/L","Humid","20.076","deg","76654","µV","30.051","°C","1015.000","hPa","35.3","pmil","0","53.237","deg","23.954","°C","100.000","%a.s.","21.023","deg","23.635","°C","1019.000","hPa","0.861","-0.02617","0.00035","0","0","13.56","Humid","28.00","0","54.00","359458.05","SABD0000000001","AAV1.0.0.11","1.1.2.0","PSt7-10","170328-007","9/30/2017 19:06:43","0000-00","0","no battery","V"
"09/09/2020","11:27:52","2","default","115855972","OXY_CH2","122.294","min","194.424","µmol/L","Humid","20.073","deg","76659","µV","30.060","°C","1015.000","hPa","35.3","pmil","0","53.237","deg","23.954","°C","100.000","%a.s.","21.023","deg","23.635","°C","1019.000","hPa","0.861","-0.02617","0.00035","0","0","13.56","Humid","28.00","0","54.00","359448.07","SABD0000000001","AAV1.0.0.11","1.1.2.0","PSt7-10","170328-007","9/30/2017 19:06:43","0000-00","0","no battery","V"
"09/09/2020","11:27:53","2","default","115855972","OXY_CH2","122.310","min","194.288","µmol/L","Humid","20.079","deg","76658","µV","30.065","°C","1015.000","hPa","35.3","pmil","0","53.237","deg","23.954","°C","100.000","%a.s.","21.023","deg","23.635","°C","1019.000","hPa","0.861","-0.02617","0.00035","0","0","13.56","Humid","28.00","0","54.00","359447.78","SABD0000000001","AAV1.0.0.11","1.1.2.0","PSt7-10","170328-007","9/30/2017 19:06:43","0000-00","0","no battery","V"
"09/09/2020","11:27:54","2","default","115855972","OXY_CH2","122.327","min","194.348","µmol/L","Humid","20.076","deg","76654","µV","30.064","°C","1015.000","hPa","35.3","pmil","0","53.237","deg","23.954","°C","100.000","%a.s.","21.023","deg","23.635","°C","1019.000","hPa","0.861","-0.02617","0.00035","0","0","13.56","Humid","28.00","0","54.00","359441.01","SABD0000000001","AAV1.0.0.11","1.1.2.0","PSt7-10","170328-007","9/30/2017 19:06:43","0000-00","0","no battery","V"
"09/09/2020","11:27:55","2","default","115855972","OXY_CH2","122.344","min","194.536","µmol/L","Humid","20.068","deg","76641","µV","30.056","°C","1015.000","hPa","35.3","pmil","0","53.237","deg","23.954","°C","100.000","%a.s.","21.023","deg","23.635","°C","1019.000","hPa","0.861","-0.02617","0.00035","0","0","13.56","Humid","28.00","0","54.00","359425.67","SABD0000000001","AAV1.0.0.11","1.1.2.0","PSt7-10","170328-007","9/30/2017 19:06:43","0000-00","0","no battery","V"
"09/09/2020","11:27:56","2","default","115855972","OXY_CH2","122.360","min","194.439","µmol/L","Humid","20.077","deg","76645","µV","30.046","°C","1015.000","hPa","35.3","pmil","0","53.237","deg","23.954","°C","100.000","%a.s.","21.023","deg","23.635","°C","1019.000","hPa","0.861","-0.02617","0.00035","0","0","13.56","Humid","28.00","0","54.00","359438.70","SABD0000000001","AAV1.0.0.11","1.1.2.0","PSt7-10","170328-007","9/30/2017 19:06:43","0000-00","0","no battery","V"
"09/09/2020","11:27:57","2","default","115855972","OXY_CH2","122.377","min","194.598","µmol/L","Humid","20.069","deg","76643","µV","30.043","°C","1015.000","hPa","35.3","pmil","0","53.237","deg","23.954","°C","100.000","%a.s.","21.023","deg","23.635","°C","1019.000","hPa","0.861","-0.02617","0.00035","0","0","13.56","Humid","28.00","0","54.00","359439.99","SABD0000000001","AAV1.0.0.11","1.1.2.0","PSt7-10","170328-007","9/30/2017 19:06:43","0000-00","0","no battery","V"
"09/09/2020","11:27:58","2","default","115855972","OXY_CH2","122.394","min","194.564","µmol/L","Humid","20.070","deg","76644","µV","30.046","°C","1015.000","hPa","35.3","pmil","0","53.237","deg","23.954","°C","100.000","%a.s.","21.023","deg","23.635","°C","1019.000","hPa","0.861","-0.02617","0.00035","0","0","13.56","Humid","28.00","0","54.00","359436.32","SABD0000000001","AAV1.0.0.11","1.1.2.0","PSt7-10","170328-007","9/30/2017 19:06:43","0000-00","0","no battery","V"
"09/09/2020","11:27:59","2","default","115855972","OXY_CH2","122.410","min","194.552","µmol/L","Humid","20.071","deg","76643","µV","30.045","°C","1015.000","hPa","35.3","pmil","0","53.237","deg","23.954","°C","100.000","%a.s.","21.023","deg","23.635","°C","1019.000","hPa","0.861","-0.02617","0.00035","0","0","13.56","Humid","28.00","0","54.00","359454.36","SABD0000000001","AAV1.0.0.11","1.1.2.0","PSt7-10","170328-007","9/30/2017 19:06:43","0000-00","0","no battery","V"
"09/09/2020","11:28:00","2","default","115855972","OXY_CH2","122.428","min","194.430","µmol/L","Humid","20.074","deg","76648","µV","30.056","°C","1015.000","hPa","35.3","pmil","0","53.237","deg","23.954","°C","100.000","%a.s.","21.023","deg","23.635","°C","1019.000","hPa","0.861","-0.02617","0.00035","0","0","13.56","Humid","28.00","0","54.00","359453.52","SABD0000000001","AAV1.0.0.11","1.1.2.0","PSt7-10","170328-007","9/30/2017 19:06:43","0000-00","0","no battery","V"
"09/09/2020","11:28:01","2","default","115855972","OXY_CH2","122.444","min","194.381","µmol/L","Humid","20.077","deg","76645","µV","30.055","°C","1015.000","hPa","35.3","pmil","0","53.237","deg","23.954","°C","100.000","%a.s.","21.023","deg","23.635","°C","1019.000","hPa","0.861","-0.02617","0.00035","0","0","13.56","Humid","28.00","0","54.00","359437.68","SABD0000000001","AAV1.0.0.11","1.1.2.0","PSt7-10","170328-007","9/30/2017 19:06:43","0000-00","0","no battery","V"
"09/09/2020","11:28:02","2","default","115855972","OXY_CH2","122.461","min","194.604","µmol/L","Humid","20.067","deg","76633","µV","30.048","°C","1015.000","hPa","35.3","pmil","0","53.237","deg","23.954","°C","100.000","%a.s.","21.023","deg","23.635","°C","1019.000","hPa","0.861","-0.02617","0.00035","0","0","13.56","Humid","28.00","0","54.00","359446.32","SABD0000000001","AAV1.0.0.11","1.1.2.0","PSt7-10","170328-007","9/30/2017 19:06:43","0000-00","0","no battery","V"
"09/09/2020","11:28:03","2","default","115855972","OXY_CH2","122.478","min","194.561","µmol/L","Humid","20.071","deg","76639","µV","30.044","°C","1015.000","hPa","35.3","pmil","0","53.237","deg","23.954","°C","100.000","%a.s.","21.023","deg","23.635","°C","1019.000","hPa","0.861","-0.02617","0.00035","0","0","13.56","Humid","28.00","0","54.00","359449.78","SABD0000000001","AAV1.0.0.11","1.1.2.0","PSt7-10","170328-007","9/30/2017 19:06:43","0000-00","0","no battery","V"
"09/09/2020","11:28:04","2","default","115855972","OXY_CH2","122.494","min","194.565","µmol/L","Humid","20.073","deg","76638","µV","30.037","°C","1015.000","hPa","35.3","pmil","0","53.237","deg","23.954","°C","100.000","%a.s.","21.023","deg","23.635","°C","1019.000","hPa","0.861","-0.02617","0.00035","0","0","13.56","Humid","28.00","0","54.00","359446.23","SABD0000000001","AAV1.0.0.11","1.1.2.0","PSt7-10","170328-007","9/30/2017 19:06:43","0000-00","0","no battery","V"
"09/09/2020","11:28:05","2","default","115855972","OXY_CH2","122.511","min","194.595","µmol/L","Humid","20.067","deg","76632","µV","30.050","°C","1015.000","hPa","35.3","pmil","0","53.237","deg","23.954","°C","100.000","%a.s.","21.023","deg","23.635","°C","1019.000","hPa","0.861","-0.02617","0.00035","0","0","13.56","Humid","28.00","0","54.00","359441.22","SABD0000000001","AAV1.0.0.11","1.1.2.0","PSt7-10","170328-007","9/30/2017 19:06:43","0000-00","0","no battery","V"
"09/09/2020","11:28:06","2","default","115855972","OXY_CH2","122.527","min","194.571","µmol/L","Humid","20.071","deg","76631","µV","30.042","°C","1015.000","hPa","35.3","pmil","0","53.237","deg","23.954","°C","100.000","%a.s.","21.023","deg","23.635","°C","1019.000","hPa","0.861","-0.02617","0.00035","0","0","13.56","Humid","28.00","0","54.00","359436.64","SABD0000000001","AAV1.0.0.11","1.1.2.0","PSt7-10","170328-007","9/30/2017 19:06:43","0000-00","0","no battery","V"
"09/09/2020","11:28:07","2","default","115855972","OXY_CH2","122.544","min","194.471","µmol/L","Humid","20.073","deg","76631","µV","30.052","°C","1015.000","hPa","35.3","pmil","0","53.237","deg","23.954","°C","100.000","%a.s.","21.023","deg","23.635","°C","1019.000","hPa","0.861","-0.02617","0.00035","0","0","13.56","Humid","28.00","0","54.00","359441.75","SABD0000000001","AAV1.0.0.11","1.1.2.0","PSt7-10","170328-007","9/30/2017 19:06:43","0000-00","0","no battery","V"
"09/09/2020","11:28:08","2","default","115855972","OXY_CH2","122.560","min","194.493","µmol/L","Humid","20.073","deg","76632","µV","30.049","°C","1015.000","hPa","35.3","pmil","0","53.237","deg","23.954","°C","100.000","%a.s.","21.023","deg","23.635","°C","1019.000","hPa","0.861","-0.02617","0.00035","0","0","13.56","Humid","28.00","0","54.00","359447.22","SABD0000000001","AAV1.0.0.11","1.1.2.0","PSt7-10","170328-007","9/30/2017 19:06:43","0000-00","0","no battery","V"
"09/09/2020","11:28:09","2","default","115855972","OXY_CH2","122.577","min","194.438","µmol/L","Humid","20.072","deg","76634","µV","30.061","°C","1015.000","hPa","35.3","pmil","0","53.237","deg","23.954","°C","100.000","%a.s.","21.023","deg","23.635","°C","1019.000","hPa","0.861","-0.02617","0.00035","0","0","13.56","Humid","28.00","0","54.00","359436.13","SABD0000000001","AAV1.0.0.11","1.1.2.0","PSt7-10","170328-007","9/30/2017 19:06:43","0000-00","0","no battery","V"
"09/09/2020","11:28:10","2","default","115855972","OXY_CH2","122.594","min","194.505","µmol/L","Humid","20.069","deg","76630","µV","30.059","°C","1015.000","hPa","35.3","pmil","0","53.237","deg","23.954","°C","100.000","%a.s.","21.023","deg","23.635","°C","1019.000","hPa","0.861","-0.02617","0.00035","0","0","13.56","Humid","28.00","0","54.00","359444.18","SABD0000000001","AAV1.0.0.11","1.1.2.0","PSt7-10","170328-007","9/30/2017 19:06:43","0000-00","0","no battery","V"
"09/09/2020","11:28:11","2","default","115855972","OXY_CH2","122.611","min","194.572","µmol/L","Humid","20.066","deg","76631","µV","30.056","°C","1015.000","hPa","35.3","pmil","0","53.237","deg","23.954","°C","100.000","%a.s.","21.023","deg","23.635","°C","1019.000","hPa","0.861","-0.02617","0.00035","0","0","13.56","Humid","28.00","0","54.00","359441.64","SABD0000000001","AAV1.0.0.11","1.1.2.0","PSt7-10","170328-007","9/30/2017 19:06:43","0000-00","0","no battery","V"
"09/09/2020","11:28:12","2","default","115855972","OXY_CH2","122.627","min","194.488","µmol/L","Humid","20.070","deg","76629","µV","30.059","°C","1015.000","hPa","35.3","pmil","0","53.237","deg","23.954","°C","100.000","%a.s.","21.023","deg","23.635","°C","1019.000","hPa","0.861","-0.02617","0.00035","0","0","13.56","Humid","28.00","0","54.00","359430.54","SABD0000000001","AAV1.0.0.11","1.1.2.0","PSt7-10","170328-007","9/30/2017 19:06:43","0000-00","0","no battery","V"
"09/09/2020","11:28:13","2","default","115855972","OXY_CH2","122.644","min","194.507","µmol/L","Humid","20.070","deg","76630","µV","30.055","°C","1015.000","hPa","35.3","pmil","0","53.237","deg","23.954","°C","100.000","%a.s.","21.023","deg","23.635","°C","1019.000","hPa","0.861","-0.02617","0.00035","0","0","13.56","Humid","28.00","0","54.00","359435.76","SABD0000000001","AAV1.0.0.11","1.1.2.0","PSt7-10","170328-007","9/30/2017 19:06:43","0000-00","0","no battery","V"
"09/09/2020","11:28:14","2","default","115855972","OXY_CH2","122.661","min","194.468","µmol/L","Humid","20.072","deg","76626","µV","30.056","°C","1015.000","hPa","35.3","pmil","0","53.237","deg","23.954","°C","100.000","%a.s.","21.023","deg","23.635","°C","1019.000","hPa","0.861","-0.02617","0.00035","0","0","13.56","Humid","28.00","0","54.00","359435.58","SABD0000000001","AAV1.0.0.11","1.1.2.0","PSt7-10","170328-007","9/30/2017 19:06:43","0000-00","0","no battery","V"
"09/09/2020","11:28:15","2","default","115855972","OXY_CH2","122.677","min","194.506","µmol/L","Humid","20.071","deg","76629","µV","30.053","°C","1015.000","hPa","35.3","pmil","0","53.237","deg","23.954","°C","100.000","%a.s.","21.023","deg","23.635","°C","1019.000","hPa","0.861","-0.02617","0.00035","0","0","13.56","Humid","28.00","0","54.00","359448.24","SABD0000000001","AAV1.0.0.11","1.1.2.0","PSt7-10","170328-007","9/30/2017 19:06:43","0000-00","0","no battery","V"
"09/09/2020","11:28:16","2","default","115855972","OXY_CH2","122.694","min","194.482","µmol/L","Humid","20.071","deg","76628","µV","30.056","°C","1015.000","hPa","35.3","pmil","0","53.237","deg","23.954","°C","100.000","%a.s.","21.023","deg","23.635","°C","1019.000","hPa","0.861","-0.02617","0.00035","0","0","13.56","Humid","28.00","0","54.00","359438.22","SABD0000000001","AAV1.0.0.11","1.1.2.0","PSt7-10","170328-007","9/30/2017 19:06:43","0000-00","0","no battery","V"
"09/09/2020","11:28:17","2","default","115855972","OXY_CH2","122.710","min","194.520","µmol/L","Humid","20.069","deg","76621","µV","30.056","°C","1015.000","hPa","35.3","pmil","0","53.237","deg","23.954","°C","100.000","%a.s.","21.023","deg","23.635","°C","1019.000","hPa","0.861","-0.02617","0.00035","0","0","13.56","Humid","28.00","0","54.00","359426.42","SABD0000000001","AAV1.0.0.11","1.1.2.0","PSt7-10","170328-007","9/30/2017 19:06:43","0000-00","0","no battery","V"
"09/09/2020","11:28:18","2","default","115855972","OXY_CH2","122.727","min","194.567","µmol/L","Humid","20.068","deg","76630","µV","30.051","°C","1015.000","hPa","35.3","pmil","0","53.237","deg","23.954","°C","100.000","%a.s.","21.023","deg","23.635","°C","1019.000","hPa","0.861","-0.02617","0.00035","0","0","13.56","Humid","28.00","0","54.00","359445.43","SABD0000000001","AAV1.0.0.11","1.1.2.0","PSt7-10","170328-007","9/30/2017 19:06:43","0000-00","0","no battery","V"
"09/09/2020","11:28:19","2","default","115855972","OXY_CH2","122.744","min","194.529","µmol/L","Humid","20.071","deg","76628","µV","30.049","°C","1015.000","hPa","35.3","pmil","0","53.237","deg","23.954","°C","100.000","%a.s.","21.023","deg","23.635","°C","1019.000","hPa","0.861","-0.02617","0.00035","0","0","13.56","Humid","28.00","0","54.00","359447.83","SABD0000000001","AAV1.0.0.11","1.1.2.0","PSt7-10","170328-007","9/30/2017 19:06:43","0000-00","0","no battery","V"
"09/09/2020","11:28:20","2","default","115855972","OXY_CH2","122.761","min","194.573","µmol/L","Humid","20.067","deg","76622","µV","30.053","°C","1015.000","hPa","35.3","pmil","0","53.237","deg","23.954","°C","100.000","%a.s.","21.023","deg","23.635","°C","1019.000","hPa","0.861","-0.02617","0.00035","0","0","13.56","Humid","28.00","0","54.00","359430.44","SABD0000000001","AAV1.0.0.11","1.1.2.0","PSt7-10","170328-007","9/30/2017 19:06:43","0000-00","0","no battery","V"
"09/09/2020","11:28:21","2","default","115855972","OXY_CH2","122.778","min","194.549","µmol/L","Humid","20.067","deg","76628","µV","30.057","°C","1015.000","hPa","35.3","pmil","0","53.237","deg","23.954","°C","100.000","%a.s.","21.023","deg","23.635","°C","1019.000","hPa","0.861","-0.02617","0.00035","0","0","13.56","Humid","28.00","0","54.00","359445.81","SABD0000000001","AAV1.0.0.11","1.1.2.0","PSt7-10","170328-007","9/30/2017 19:06:43","0000-00","0","no battery","V"
"09/09/2020","11:28:22","2","default","115855972","OXY_CH2","122.794","min","194.534","µmol/L","Humid","20.067","deg","76619","µV","30.060","°C","1015.000","hPa","35.3","pmil","0","53.237","deg","23.954","°C","100.000","%a.s.","21.023","deg","23.635","°C","1019.000","hPa","0.861","-0.02617","0.00035","0","0","13.56","Humid","28.00","0","54.00","359424.27","SABD0000000001","AAV1.0.0.11","1.1.2.0","PSt7-10","170328-007","9/30/2017 19:06:43","0000-00","0","no battery","V"
"09/09/2020","11:28:23","2","default","115855972","OXY_CH2","122.811","min","194.595","µmol/L","Humid","20.067","deg","76619","µV","30.050","°C","1015.000","hPa","35.3","pmil","0","53.237","deg","23.954","°C","100.000","%a.s.","21.023","deg","23.635","°C","1019.000","hPa","0.861","-0.02617","0.00035","0","0","13.56","Humid","28.00","0","54.00","359441.23","SABD0000000001","AAV1.0.0.11","1.1.2.0","PSt7-10","170328-007","9/30/2017 19:06:43","0000-00","0","no battery","V"
"09/09/2020","11:28:24","2","default","115855972","OXY_CH2","122.827","min","194.575","µmol/L","Humid","20.064","deg","76623","µV","30.062","°C","1015.000","hPa","35.3","pmil","0","53.237","deg","23.954","°C","100.000","%a.s.","21.023","deg","23.635","°C","1019.000","hPa","0.861","-0.02617","0.00035","0","0","13.56","Humid","28.00","0","54.00","359431.93","SABD0000000001","AAV1.0.0.11","1.1.2.0","PSt7-10","170328-007","9/30/2017 19:06:43","0000-00","0","no battery","V"
"09/09/2020","11:28:25","2","default","115855972","OXY_CH2","122.844","min","194.440","µmol/L","Humid","20.069","deg","76617","µV","30.069","°C","1015.000","hPa","35.3","pmil","0","53.237","deg","23.954","°C","100.000","%a.s.","21.023","deg","23.635","°C","1019.000","hPa","0.861","-0.02617","0.00035","0","0","13.56","Humid","28.00","0","54.00","359423.27","SABD0000000001","AAV1.0.0.11","1.1.2.0","PSt7-10","170328-007","9/30/2017 19:06:43","0000-00","0","no battery","V"
"09/09/2020","11:28:26","2","default","115855972","OXY_CH2","122.860","min","194.538","µmol/L","Humid","20.071","deg","76616","µV","30.047","°C","1015.000","hPa","35.3","pmil","0","53.237","deg","23.954","°C","100.000","%a.s.","21.023","deg","23.635","°C","1019.000","hPa","0.861","-0.02617","0.00035","0","0","13.56","Humid","28.00","0","54.00","359437.16","SABD0000000001","AAV1.0.0.11","1.1.2.0","PSt7-10","170328-007","9/30/2017 19:06:43","0000-00","0","no battery","V"
"09/09/2020","11:28:27","2","default","115855972","OXY_CH2","122.877","min","194.701","µmol/L","Humid","20.064","deg","76614","µV","30.042","°C","1015.000","hPa","35.3","pmil","0","53.237","deg","23.954","°C","100.000","%a.s.","21.023","deg","23.635","°C","1019.000","hPa","0.861","-0.02617","0.00035","0","0","13.56","Humid","28.00","0","54.00","359427.90","SABD0000000001","AAV1.0.0.11","1.1.2.0","PSt7-10","170328-007","9/30/2017 19:06:43","0000-00","0","no battery","V"
"09/09/2020","11:28:28","2","default","115855972","OXY_CH2","122.894","min","194.709","µmol/L","Humid","20.061","deg","76616","µV","30.049","°C","1015.000","hPa","35.3","pmil","0","53.237","deg","23.954","°C","100.000","%a.s.","21.023","deg","23.635","°C","1019.000","hPa","0.861","-0.02617","0.00035","0","0","13.56","Humid","28.00","0","54.00","359427.51","SABD0000000001","AAV1.0.0.11","1.1.2.0","PSt7-10","170328-007","9/30/2017 19:06:43","0000-00","0","no battery","V"
"09/09/2020","11:28:29","2","default","115855972","OXY_CH2","122.911","min","194.425","µmol/L","Humid","20.069","deg","76612","µV","30.072","°C","1015.000","hPa","35.3","pmil","0","53.237","deg","23.954","°C","100.000","%a.s.","21.023","deg","23.635","°C","1019.000","hPa","0.861","-0.02617","0.00035","0","0","13.56","Humid","28.00","0","54.00","359421.88","SABD0000000001","AAV1.0.0.11","1.1.2.0","PSt7-10","170328-007","9/30/2017 19:06:43","0000-00","0","no battery","V"
"09/09/2020","11:28:30","2","default","115855972","OXY_CH2","122.928","min","194.497","µmol/L","Humid","20.069","deg","76614","µV","30.060","°C","1015.000","hPa","35.3","pmil","0","53.237","deg","23.954","°C","100.000","%a.s.","21.023","deg","23.635","°C","1019.000","hPa","0.861","-0.02617","0.00035","0","0","13.56","Humid","28.00","0","54.00","359435.56","SABD0000000001","AAV1.0.0.11","1.1.2.0","PSt7-10","170328-007","9/30/2017 19:06:43","0000-00","0","no battery","V"
"09/09/2020","11:28:31","2","default","115855972","OXY_CH2","122.944","min","194.623","µmol/L","Humid","20.064","deg","76615","µV","30.054","°C","1015.000","hPa","35.3","pmil","0","53.237","deg","23.954","°C","100.000","%a.s.","21.023","deg","23.635","°C","1019.000","hPa","0.861","-0.02617","0.00035","0","0","13.56","Humid","28.00","0","54.00","359424.59","SABD0000000001","AAV1.0.0.11","1.1.2.0","PSt7-10","170328-007","9/30/2017 19:06:43","0000-00","0","no battery","V"
"09/09/2020","11:28:32","2","default","115855972","OXY_CH2","122.961","min","194.509","µmol/L","Humid","20.065","deg","76612","µV","30.070","°C","1015.000","hPa","35.3","pmil","0","53.237","deg","23.954","°C","100.000","%a.s.","21.023","deg","23.635","°C","1019.000","hPa","0.861","-0.02617","0.00035","0","0","13.56","Humid","28.00","0","54.00","359428.39","SABD0000000001","AAV1.0.0.11","1.1.2.0","PSt7-10","170328-007","9/30/2017 19:06:43","0000-00","0","no battery","V"
"09/09/2020","11:28:33","2","default","115855972","OXY_CH2","122.977","min","194.540","µmol/L","Humid","20.065","deg","76602","µV","30.065","°C","1015.000","hPa","35.3","pmil","0","53.237","deg","23.954","°C","100.000","%a.s.","21.023","deg","23.635","°C","1019.000","hPa","0.861","-0.02617","0.00035","0","0","13.56","Humid","28.00","0","54.00","359418.69","SABD0000000001","AAV1.0.0.11","1.1.2.0","PSt7-10","170328-007","9/30/2017 19:06:43","0000-00","0","no battery","V"
"09/09/2020","11:28:34","2","default","115855972","OXY_CH2","122.994","min","194.627","µmol/L","Humid","20.067","deg","76610","µV","30.045","°C","1015.000","hPa","35.3","pmil","0","53.237","deg","23.954","°C","100.000","%a.s.","21.023","deg","23.635","°C","1019.000","hPa","0.861","-0.02617","0.00035","0","0","13.56","Humid","28.00","0","54.00","359425.51","SABD0000000001","AAV1.0.0.11","1.1.2.0","PSt7-10","170328-007","9/30/2017 19:06:43","0000-00","0","no battery","V"
"09/09/2020","11:28:35","2","default","115855972","OXY_CH2","123.010","min","194.637","µmol/L","Humid","20.064","deg","76601","µV","30.052","°C","1015.000","hPa","35.3","pmil","0","53.237","deg","23.954","°C","100.000","%a.s.","21.023","deg","23.635","°C","1019.000","hPa","0.861","-0.02617","0.00035","0","0","13.56","Humid","28.00","0","54.00","359413.70","SABD0000000001","AAV1.0.0.11","1.1.2.0","PSt7-10","170328-007","9/30/2017 19:06:43","0000-00","0","no battery","V"
"09/09/2020","11:28:36","2","default","115855972","OXY_CH2","123.027","min","194.659","µmol/L","Humid","20.064","deg","76599","µV","30.048","°C","1015.000","hPa","35.3","pmil","0","53.237","deg","23.954","°C","100.000","%a.s.","21.023","deg","23.635","°C","1019.000","hPa","0.861","-0.02617","0.00035","0","0","13.56","Humid","28.00","0","54.00","359413.98","SABD0000000001","AAV1.0.0.11","1.1.2.0","PSt7-10","170328-007","9/30/2017 19:06:43","0000-00","0","no battery","V"
"09/09/2020","11:28:37","2","default","115855972","OXY_CH2","123.044","min","194.622","µmol/L","Humid","20.066","deg","76599","µV","30.048","°C","1015.000","hPa","35.3","pmil","0","53.237","deg","23.954","°C","100.000","%a.s.","21.023","deg","23.635","°C","1019.000","hPa","0.861","-0.02617","0.00035","0","0","13.56","Humid","28.00","0","54.00","359432.01","SABD0000000001","AAV1.0.0.11","1.1.2.0","PSt7-10","170328-007","9/30/2017 19:06:43","0000-00","0","no battery","V"
"09/09/2020","11:28:38","2","default","115855972","OXY_CH2","123.060","min","194.671","µmol/L","Humid","20.063","deg","76607","µV","30.049","°C","1015.000","hPa","35.3","pmil","0","53.237","deg","23.954","°C","100.000","%a.s.","21.023","deg","23.635","°C","1019.000","hPa","0.861","-0.02617","0.00035","0","0","13.56","Humid","28.00","0","54.00","359414.52","SABD0000000001","AAV1.0.0.11","1.1.2.0","PSt7-10","170328-007","9/30/2017 19:06:43","0000-00","0","no battery","V"
"09/09/2020","11:28:39","2","default","115855972","OXY_CH2","123.077","min","194.603","µmol/L","Humid","20.063","deg","76600","µV","30.060","°C","1015.000","hPa","35.3","pmil","0","53.237","deg","23.954","°C","100.000","%a.s.","21.023","deg","23.635","°C","1019.000","hPa","0.861","-0.02617","0.00035","0","0","13.56","Humid","28.00","0","54.00","359405.44","SABD0000000001","AAV1.0.0.11","1.1.2.0","PSt7-10","170328-007","9/30/2017 19:06:43","0000-00","0","no battery","V"
"09/09/2020","11:28:40","2","default","115855972","OXY_CH2","123.094","min","194.663","µmol/L","Humid","20.062","deg","76604","µV","30.054","°C","1015.000","hPa","35.3","pmil","0","53.237","deg","23.954","°C","100.000","%a.s.","21.023","deg","23.635","°C","1019.000","hPa","0.861","-0.02617","0.00035","0","0","13.56","Humid","28.00","0","54.00","359390.58","SABD0000000001","AAV1.0.0.11","1.1.2.0","PSt7-10","170328-007","9/30/2017 19:06:43","0000-00","0","no battery","V"
"09/09/2020","11:28:41","2","default","115855972","OXY_CH2","123.111","min","194.485","µmol/L","Humid","20.068","deg","76601","µV","30.065","°C","1015.000","hPa","35.3","pmil","0","53.237","deg","23.954","°C","100.000","%a.s.","21.023","deg","23.635","°C","1019.000","hPa","0.861","-0.02617","0.00035","0","0","13.56","Humid","28.00","0","54.00","359404.16","SABD0000000001","AAV1.0.0.11","1.1.2.0","PSt7-10","170328-007","9/30/2017 19:06:43","0000-00","0","no battery","V"
"09/09/2020","11:28:42","2","default","115855972","OXY_CH2","123.127","min","194.555","µmol/L","Humid","20.067","deg","76599","µV","30.056","°C","1015.000","hPa","35.3","pmil","0","53.237","deg","23.954","°C","100.000","%a.s.","21.023","deg","23.635","°C","1019.000","hPa","0.861","-0.02617","0.00035","0","0","13.56","Humid","28.00","0","54.00","359401.02","SABD0000000001","AAV1.0.0.11","1.1.2.0","PSt7-10","170328-007","9/30/2017 19:06:43","0000-00","0","no battery","V"
"09/09/2020","11:28:43","2","default","115855972","OXY_CH2","123.144","min","194.588","µmol/L","Humid","20.066","deg","76596","µV","30.054","°C","1015.000","hPa","35.3","pmil","0","53.237","deg","23.954","°C","100.000","%a.s.","21.023","deg","23.635","°C","1019.000","hPa","0.861","-0.02617","0.00035","0","0","13.56","Humid","28.00","0","54.00","359402.35","SABD0000000001","AAV1.0.0.11","1.1.2.0","PSt7-10","170328-007","9/30/2017 19:06:43","0000-00","0","no battery","V"
"09/09/2020","11:28:44","2","default","115855972","OXY_CH2","123.161","min","194.805","µmol/L","Humid","20.054","deg","76590","µV","30.054","°C","1015.000","hPa","35.3","pmil","0","53.237","deg","23.954","°C","100.000","%a.s.","21.023","deg","23.635","°C","1019.000","hPa","0.861","-0.02617","0.00035","0","0","13.56","Humid","28.00","0","54.00","359397.17","SABD0000000001","AAV1.0.0.11","1.1.2.0","PSt7-10","170328-007","9/30/2017 19:06:43","0000-00","0","no battery","V"
"09/09/2020","11:28:45","2","default","115855972","OXY_CH2","123.177","min","194.767","µmol/L","Humid","20.059","deg","76596","µV","30.045","°C","1015.000","hPa","35.3","pmil","0","53.237","deg","23.954","°C","100.000","%a.s.","21.023","deg","23.635","°C","1019.000","hPa","0.861","-0.02617","0.00035","0","0","13.56","Humid","28.00","0","54.00","359398.73","SABD0000000001","AAV1.0.0.11","1.1.2.0","PSt7-10","170328-007","9/30/2017 19:06:43","0000-00","0","no battery","V"
"09/09/2020","11:28:46","2","default","115855972","OXY_CH2","123.194","min","194.712","µmol/L","Humid","20.062","deg","76589","µV","30.046","°C","1015.000","hPa","35.3","pmil","0","53.237","deg","23.954","°C","100.000","%a.s.","21.023","deg","23.635","°C","1019.000","hPa","0.861","-0.02617","0.00035","0","0","13.56","Humid","28.00","0","54.00","359412.34","SABD0000000001","AAV1.0.0.11","1.1.2.0","PSt7-10","170328-007","9/30/2017 19:06:43","0000-00","0","no battery","V"
"09/09/2020","11:28:47","2","default","115855972","OXY_CH2","123.211","min","194.553","µmol/L","Humid","20.063","deg","76588","µV","30.068","°C","1015.000","hPa","35.3","pmil","0","53.237","deg","23.954","°C","100.000","%a.s.","21.023","deg","23.635","°C","1019.000","hPa","0.861","-0.02617","0.00035","0","0","13.56","Humid","28.00","0","54.00","359403.83","SABD0000000001","AAV1.0.0.11","1.1.2.0","PSt7-10","170328-007","9/30/2017 19:06:43","0000-00","0","no battery","V"
"09/09/2020","11:28:48","2","default","115855972","OXY_CH2","123.227","min","194.659","µmol/L","Humid","20.059","deg","76593","µV","30.063","°C","1015.000","hPa","35.3","pmil","0","53.237","deg","23.954","°C","100.000","%a.s.","21.023","deg","23.635","°C","1019.000","hPa","0.861","-0.02617","0.00035","0","0","13.56","Humid","28.00","0","54.00","359409.00","SABD0000000001","AAV1.0.0.11","1.1.2.0","PSt7-10","170328-007","9/30/2017 19:06:43","0000-00","0","no battery","V"
"09/09/2020","11:28:49","2","default","115855972","OXY_CH2","123.244","min","194.589","µmol/L","Humid","20.061","deg","76591","µV","30.068","°C","1015.000","hPa","35.3","pmil","0","53.237","deg","23.954","°C","100.000","%a.s.","21.023","deg","23.635","°C","1019.000","hPa","0.861","-0.02617","0.00035","0","0","13.56","Humid","28.00","0","54.00","359399.08","SABD0000000001","AAV1.0.0.11","1.1.2.0","PSt7-10","170328-007","9/30/2017 19:06:43","0000-00","0","no battery","V"
"09/09/2020","11:28:50","2","default","115855972","OXY_CH2","123.261","min","194.669","µmol/L","Humid","20.063","deg","76588","µV","30.050","°C","1015.000","hPa","35.3","pmil","0","53.237","deg","23.954","°C","100.000","%a.s.","21.023","deg","23.635","°C","1019.000","hPa","0.861","-0.02617","0.00035","0","0","13.56","Humid","28.00","0","54.00","359389.40","SABD0000000001","AAV1.0.0.11","1.1.2.0","PSt7-10","170328-007","9/30/2017 19:06:43","0000-00","0","no battery","V"
"09/09/2020","11:28:51","2","default","115855972","OXY_CH2","123.277","min","194.699","µmol/L","Humid","20.059","deg","76584","µV","30.056","°C","1015.000","hPa","35.3","pmil","0","53.237","deg","23.954","°C","100.000","%a.s.","21.023","deg","23.635","°C","1019.000","hPa","0.861","-0.02617","0.00035","0","0","13.56","Humid","28.00","0","54.00","359398.72","SABD0000000001","AAV1.0.0.11","1.1.2.0","PSt7-10","170328-007","9/30/2017 19:06:43","0000-00","0","no battery","V"
"09/09/2020","11:28:52","2","default","115855972","OXY_CH2","123.294","min","194.519","µmol/L","Humid","20.068","deg","76577","µV","30.059","°C","1015.000","hPa","35.3","pmil","0","53.237","deg","23.954","°C","100.000","%a.s.","21.023","deg","23.635","°C","1019.000","hPa","0.861","-0.02617","0.00035","0","0","13.56","Humid","28.00","0","54.00","359399.37","SABD0000000001","AAV1.0.0.11","1.1.2.0","PSt7-10","170328-007","9/30/2017 19:06:43","0000-00","0","no battery","V"
"09/09/2020","11:28:53","2","default","115855972","OXY_CH2","123.311","min","194.780","µmol/L","Humid","20.056","deg","76585","µV","30.052","°C","1015.000","hPa","35.3","pmil","0","53.237","deg","23.954","°C","100.000","%a.s.","21.023","deg","23.635","°C","1019.000","hPa","0.861","-0.02617","0.00035","0","0","13.56","Humid","28.00","0","54.00","359398.94","SABD0000000001","AAV1.0.0.11","1.1.2.0","PSt7-10","170328-007","9/30/2017 19:06:43","0000-00","0","no battery","V"
"09/09/2020","11:28:54","2","default","115855972","OXY_CH2","123.328","min","194.659","µmol/L","Humid","20.064","deg","76580","µV","30.048","°C","1015.000","hPa","35.3","pmil","0","53.237","deg","23.954","°C","100.000","%a.s.","21.023","deg","23.635","°C","1019.000","hPa","0.861","-0.02617","0.00035","0","0","13.56","Humid","28.00","0","54.00","359410.87","SABD0000000001","AAV1.0.0.11","1.1.2.0","PSt7-10","170328-007","9/30/2017 19:06:43","0000-00","0","no battery","V"
"09/09/2020","11:28:55","2","default","115855972","OXY_CH2","123.344","min","194.751","µmol/L","Humid","20.060","deg","76584","µV","30.045","°C","1015.000","hPa","35.3","pmil","0","53.237","deg","23.954","°C","100.000","%a.s.","21.023","deg","23.635","°C","1019.000","hPa","0.861","-0.02617","0.00035","0","0","13.56","Humid","28.00","0","54.00","359411.64","SABD0000000001","AAV1.0.0.11","1.1.2.0","PSt7-10","170328-007","9/30/2017 19:06:43","0000-00","0","no battery","V"
"09/09/2020","11:28:56","2","default","115855972","OXY_CH2","123.361","min","194.636","µmol/L","Humid","20.061","deg","76588","µV","30.061","°C","1015.000","hPa","35.3","pmil","0","53.237","deg","23.954","°C","100.000","%a.s.","21.023","deg","23.635","°C","1019.000","hPa","0.861","-0.02617","0.00035","0","0","13.56","Humid","28.00","0","54.00","359401.29","SABD0000000001","AAV1.0.0.11","1.1.2.0","PSt7-10","170328-007","9/30/2017 19:06:43","0000-00","0","no battery","V"
"09/09/2020","11:28:57","2","default","115855972","OXY_CH2","123.377","min","194.773","µmol/L","Humid","20.058","deg","76575","µV","30.047","°C","1015.000","hPa","35.3","pmil","0","53.237","deg","23.954","°C","100.000","%a.s.","21.023","deg","23.635","°C","1019.000","hPa","0.861","-0.02617","0.00035","0","0","13.56","Humid","28.00","0","54.00","359388.48","SABD0000000001","AAV1.0.0.11","1.1.2.0","PSt7-10","170328-007","9/30/2017 19:06:43","0000-00","0","no battery","V"
"09/09/2020","11:28:58","2","default","115855972","OXY_CH2","123.394","min","194.737","µmol/L","Humid","20.060","deg","76578","µV","30.047","°C","1015.000","hPa","35.3","pmil","0","53.237","deg","23.954","°C","100.000","%a.s.","21.023","deg","23.635","°C","1019.000","hPa","0.861","-0.02617","0.00035","0","0","13.56","Humid","28.00","0","54.00","359389.58","SABD0000000001","AAV1.0.0.11","1.1.2.0","PSt7-10","170328-007","9/30/2017 19:06:43","0000-00","0","no battery","V"
"09/09/2020","11:28:59","2","default","115855972","OXY_CH2","123.411","min","194.726","µmol/L","Humid","20.062","deg","76583","µV","30.043","°C","1015.000","hPa","35.3","pmil","0","53.237","deg","23.954","°C","100.000","%a.s.","21.023","deg","23.635","°C","1019.000","hPa","0.861","-0.02617","0.00035","0","0","13.56","Humid","28.00","0","54.00","359393.09","SABD0000000001","AAV1.0.0.11","1.1.2.0","PSt7-10","170328-007","9/30/2017 19:06:43","0000-00","0","no battery","V"
"09/09/2020","11:29:00","2","default","115855972","OXY_CH2","123.427","min","194.763","µmol/L","Humid","20.060","deg","76575","µV","30.043","°C","1015.000","hPa","35.3","pmil","0","53.237","deg","23.954","°C","100.000","%a.s.","21.023","deg","23.635","°C","1019.000","hPa","0.861","-0.02617","0.00035","0","0","13.56","Humid","28.00","0","54.00","359381.15","SABD0000000001","AAV1.0.0.11","1.1.2.0","PSt7-10","170328-007","9/30/2017 19:06:43","0000-00","0","no battery","V"
"09/09/2020","11:29:01","2","default","115855972","OXY_CH2","123.444","min","194.624","µmol/L","Humid","20.060","deg","76574","µV","30.066","°C","1015.000","hPa","35.3","pmil","0","53.237","deg","23.954","°C","100.000","%a.s.","21.023","deg","23.635","°C","1019.000","hPa","0.861","-0.02617","0.00035","0","0","13.56","Humid","28.00","0","54.00","359393.69","SABD0000000001","AAV1.0.0.11","1.1.2.0","PSt7-10","170328-007","9/30/2017 19:06:43","0000-00","0","no battery","V"
"09/09/2020","11:29:02","2","default","115855972","OXY_CH2","123.461","min","194.818","µmol/L","Humid","20.056","deg","76573","µV","30.046","°C","1015.000","hPa","35.3","pmil","0","53.237","deg","23.954","°C","100.000","%a.s.","21.023","deg","23.635","°C","1019.000","hPa","0.861","-0.02617","0.00035","0","0","13.56","Humid","28.00","0","54.00","359397.72","SABD0000000001","AAV1.0.0.11","1.1.2.0","PSt7-10","170328-007","9/30/2017 19:06:43","0000-00","0","no battery","V"
"09/09/2020","11:29:03","2","default","115855972","OXY_CH2","123.477","min","194.794","µmol/L","Humid","20.059","deg","76567","µV","30.041","°C","1015.000","hPa","35.3","pmil","0","53.237","deg","23.954","°C","100.000","%a.s.","21.023","deg","23.635","°C","1019.000","hPa","0.861","-0.02617","0.00035","0","0","13.56","Humid","28.00","0","54.00","359389.44","SABD0000000001","AAV1.0.0.11","1.1.2.0","PSt7-10","170328-007","9/30/2017 19:06:43","0000-00","0","no battery","V"
"09/09/2020","11:29:04","2","default","115855972","OXY_CH2","123.494","min","194.698","µmol/L","Humid","20.061","deg","76569","µV","30.051","°C","1015.000","hPa","35.3","pmil","0","53.237","deg","23.954","°C","100.000","%a.s.","21.023","deg","23.635","°C","1019.000","hPa","0.861","-0.02617","0.00035","0","0","13.56","Humid","28.00","0","54.00","359393.45","SABD0000000001","AAV1.0.0.11","1.1.2.0","PSt7-10","170328-007","9/30/2017 19:06:43","0000-00","0","no battery","V"
"09/09/2020","11:29:05","2","default","115855972","OXY_CH2","123.511","min","194.856","µmol/L","Humid","20.052","deg","76571","µV","30.052","°C","1015.000","hPa","35.3","pmil","0","53.237","deg","23.954","°C","100.000","%a.s.","21.023","deg","23.635","°C","1019.000","hPa","0.861","-0.02617","0.00035","0","0","13.56","Humid","28.00","0","54.00","359364.79","SABD0000000001","AAV1.0.0.11","1.1.2.0","PSt7-10","170328-007","9/30/2017 19:06:43","0000-00","0","no battery","V"
"09/09/2020","11:29:06","2","default","115855972","OXY_CH2","123.527","min","194.743","µmol/L","Humid","20.056","deg","76564","µV","30.058","°C","1015.000","hPa","35.3","pmil","0","53.237","deg","23.954","°C","100.000","%a.s.","21.023","deg","23.635","°C","1019.000","hPa","0.861","-0.02617","0.00035","0","0","13.56","Humid","28.00","0","54.00","359380.02","SABD0000000001","AAV1.0.0.11","1.1.2.0","PSt7-10","170328-007","9/30/2017 19:06:43","0000-00","0","no battery","V"
"09/09/2020","11:29:07","2","default","115855972","OXY_CH2","123.544","min","194.696","µmol/L","Humid","20.058","deg","76573","µV","30.060","°C","1015.000","hPa","35.3","pmil","0","53.237","deg","23.954","°C","100.000","%a.s.","21.023","deg","23.635","°C","1019.000","hPa","0.861","-0.02617","0.00035","0","0","13.56","Humid","28.00","0","54.00","359386.35","SABD0000000001","AAV1.0.0.11","1.1.2.0","PSt7-10","170328-007","9/30/2017 19:06:43","0000-00","0","no battery","V"
"09/09/2020","11:29:08","2","default","115855972","OXY_CH2","123.560","min","194.721","µmol/L","Humid","20.059","deg","76565","µV","30.053","°C","1015.000","hPa","35.3","pmil","0","53.237","deg","23.954","°C","100.000","%a.s.","21.023","deg","23.635","°C","1019.000","hPa","0.861","-0.02617","0.00035","0","0","13.56","Humid","28.00","0","54.00","359385.46","SABD0000000001","AAV1.0.0.11","1.1.2.0","PSt7-10","170328-007","9/30/2017 19:06:43","0000-00","0","no battery","V"
"09/09/2020","11:29:09","2","default","115855972","OXY_CH2","123.577","min","194.692","µmol/L","Humid","20.059","deg","76560","µV","30.058","°C","1015.000","hPa","35.3","pmil","0","53.237","deg","23.954","°C","100.000","%a.s.","21.023","deg","23.635","°C","1019.000","hPa","0.861","-0.02617","0.00035","0","0","13.56","Humid","28.00","0","54.00","359366.54","SABD0000000001","AAV1.0.0.11","1.1.2.0","PSt7-10","170328-007","9/30/2017 19:06:43","0000-00","0","no battery","V"
"09/09/2020","11:29:10","2","default","115855972","OXY_CH2","123.594","min","194.644","µmol/L","Humid","20.063","deg","76555","µV","30.054","°C","1015.000","hPa","35.3","pmil","0","53.237","deg","23.954","°C","100.000","%a.s.","21.023","deg","23.635","°C","1019.000","hPa","0.861","-0.02617","0.00035","0","0","13.56","Humid","28.00","0","54.00","359377.27","SABD0000000001","AAV1.0.0.11","1.1.2.0","PSt7-10","170328-007","9/30/2017 19:06:43","0000-00","0","no battery","V"
"09/09/2020","11:29:11","2","default","115855972","OXY_CH2","123.611","min","194.736","µmol/L","Humid","20.057","deg","76566","µV","30.056","°C","1015.000","hPa","35.3","pmil","0","53.237","deg","23.954","°C","100.000","%a.s.","21.023","deg","23.635","°C","1019.000","hPa","0.861","-0.02617","0.00035","0","0","13.56","Humid","28.00","0","54.00","359371.27","SABD0000000001","AAV1.0.0.11","1.1.2.0","PSt7-10","170328-007","9/30/2017 19:06:43","0000-00","0","no battery","V"
"09/09/2020","11:29:12","2","default","115855972","OXY_CH2","123.627","min","194.702","µmol/L","Humid","20.060","deg","76556","µV","30.053","°C","1015.000","hPa","35.3","pmil","0","53.237","deg","23.954","°C","100.000","%a.s.","21.023","deg","23.635","°C","1019.000","hPa","0.861","-0.02617","0.00035","0","0","13.56","Humid","28.00","0","54.00","359375.40","SABD0000000001","AAV1.0.0.11","1.1.2.0","PSt7-10","170328-007","9/30/2017 19:06:43","0000-00","0","no battery","V"
"09/09/2020","11:29:13","2","default","115855972","OXY_CH2","123.644","min","194.605","µmol/L","Humid","20.062","deg","76555","µV","30.063","°C","1015.000","hPa","35.3","pmil","0","53.237","deg","23.954","°C","100.000","%a.s.","21.023","deg","23.635","°C","1019.000","hPa","0.861","-0.02617","0.00035","0","0","13.56","Humid","28.00","0","54.00","359375.62","SABD0000000001","AAV1.0.0.11","1.1.2.0","PSt7-10","170328-007","9/30/2017 19:06:43","0000-00","0","no battery","V"
"09/09/2020","11:29:14","2","default","115855972","OXY_CH2","123.661","min","194.818","µmol/L","Humid","20.057","deg","76554","µV","30.043","°C","1015.000","hPa","35.3","pmil","0","53.237","deg","23.954","°C","100.000","%a.s.","21.023","deg","23.635","°C","1019.000","hPa","0.861","-0.02617","0.00035","0","0","13.56","Humid","28.00","0","54.00","359371.44","SABD0000000001","AAV1.0.0.11","1.1.2.0","PSt7-10","170328-007","9/30/2017 19:06:43","0000-00","0","no battery","V"
"09/09/2020","11:29:15","2","default","115855972","OXY_CH2","123.678","min","194.743","µmol/L","Humid","20.056","deg","76556","µV","30.058","°C","1015.000","hPa","35.3","pmil","0","53.237","deg","23.954","°C","100.000","%a.s.","21.023","deg","23.635","°C","1019.000","hPa","0.861","-0.02617","0.00035","0","0","13.56","Humid","28.00","0","54.00","359383.98","SABD0000000001","AAV1.0.0.11","1.1.2.0","PSt7-10","170328-007","9/30/2017 19:06:43","0000-00","0","no battery","V"
"09/09/2020","11:29:16","2","default","115855972","OXY_CH2","123.694","min","194.694","µmol/L","Humid","20.056","deg","76551","µV","30.066","°C","1015.000","hPa","35.3","pmil","0","53.237","deg","23.954","°C","100.000","%a.s.","21.023","deg","23.635","°C","1019.000","hPa","0.861","-0.02617","0.00035","0","0","13.56","Humid","28.00","0","54.00","359376.17","SABD0000000001","AAV1.0.0.11","1.1.2.0","PSt7-10","170328-007","9/30/2017 19:06:43","0000-00","0","no battery","V"
"09/09/2020","11:29:17","2","default","115855972","OXY_CH2","123.711","min","194.628","µmol/L","Humid","20.057","deg","76548","µV","30.074","°C","1015.000","hPa","35.3","pmil","0","53.237","deg","23.954","°C","100.000","%a.s.","21.023","deg","23.635","°C","1019.000","hPa","0.861","-0.02617","0.00035","0","0","13.56","Humid","28.00","0","54.00","359369.11","SABD0000000001","AAV1.0.0.11","1.1.2.0","PSt7-10","170328-007","9/30/2017 19:06:43","0000-00","0","no battery","V"
"09/09/2020","11:29:18","2","default","115855972","OXY_CH2","123.727","min","194.771","µmol/L","Humid","20.054","deg","76546","µV","30.059","°C","1015.000","hPa","35.3","pmil","0","53.237","deg","23.954","°C","100.000","%a.s.","21.023","deg","23.635","°C","1019.000","hPa","0.861","-0.02617","0.00035","0","0","13.56","Humid","28.00","0","54.00","359357.38","SABD0000000001","AAV1.0.0.11","1.1.2.0","PSt7-10","170328-007","9/30/2017 19:06:43","0000-00","0","no battery","V"
"09/09/2020","11:29:19","2","default","115855972","OXY_CH2","123.744","min","194.761","µmol/L","Humid","20.058","deg","76553","µV","30.049","°C","1015.000","hPa","35.3","pmil","0","53.237","deg","23.954","°C","100.000","%a.s.","21.023","deg","23.635","°C","1019.000","hPa","0.861","-0.02617","0.00035","0","0","13.56","Humid","28.00","0","54.00","359363.19","SABD0000000001","AAV1.0.0.11","1.1.2.0","PSt7-10","170328-007","9/30/2017 19:06:43","0000-00","0","no battery","V"
"09/09/2020","11:29:20","2","default","115855972","OXY_CH2","123.760","min","194.814","µmol/L","Humid","20.053","deg","76544","µV","30.055","°C","1015.000","hPa","35.3","pmil","0","53.237","deg","23.954","°C","100.000","%a.s.","21.023","deg","23.635","°C","1019.000","hPa","0.861","-0.02617","0.00035","0","0","13.56","Humid","28.00","0","54.00","359356.70","SABD0000000001","AAV1.0.0.11","1.1.2.0","PSt7-10","170328-007","9/30/2017 19:06:43","0000-00","0","no battery","V"
"09/09/2020","11:29:21","2","default","115855972","OXY_CH2","123.779","min","194.731","µmol/L","Humid","20.058","deg","76550","µV","30.054","°C","1015.000","hPa","35.3","pmil","0","53.237","deg","23.954","°C","100.000","%a.s.","21.023","deg","23.635","°C","1019.000","hPa","0.861","-0.02617","0.00035","0","0","13.56","Humid","28.00","0","54.00","359386.20","SABD0000000001","AAV1.0.0.11","1.1.2.0","PSt7-10","170328-007","9/30/2017 19:06:43","0000-00","0","no battery","V"
"09/09/2020","11:29:22","2","default","115855972","OXY_CH2","123.794","min","194.797","µmol/L","Humid","20.055","deg","76551","µV","30.052","°C","1015.000","hPa","35.3","pmil","0","53.237","deg","23.954","°C","100.000","%a.s.","21.023","deg","23.635","°C","1019.000","hPa","0.861","-0.02617","0.00035","0","0","13.56","Humid","28.00","0","54.00","359364.98","SABD0000000001","AAV1.0.0.11","1.1.2.0","PSt7-10","170328-007","9/30/2017 19:06:43","0000-00","0","no battery","V"
"09/09/2020","11:29:23","2","default","115855972","OXY_CH2","123.811","min","194.769","µmol/L","Humid","20.057","deg","76543","µV","30.051","°C","1015.000","hPa","35.3","pmil","0","53.237","deg","23.954","°C","100.000","%a.s.","21.023","deg","23.635","°C","1019.000","hPa","0.861","-0.02617","0.00035","0","0","13.56","Humid","28.00","0","54.00","359351.40","SABD0000000001","AAV1.0.0.11","1.1.2.0","PSt7-10","170328-007","9/30/2017 19:06:43","0000-00","0","no battery","V"
"09/09/2020","11:29:24","2","default","115855972","OXY_CH2","123.827","min","194.858","µmol/L","Humid","20.052","deg","76544","µV","30.051","°C","1015.000","hPa","35.3","pmil","0","53.237","deg","23.954","°C","100.000","%a.s.","21.023","deg","23.635","°C","1019.000","hPa","0.861","-0.02617","0.00035","0","0","13.56","Humid","28.00","0","54.00","359370.39","SABD0000000001","AAV1.0.0.11","1.1.2.0","PSt7-10","170328-007","9/30/2017 19:06:43","0000-00","0","no battery","V"
"09/09/2020","11:29:25","2","default","115855972","OXY_CH2","123.844","min","194.817","µmol/L","Humid","20.057","deg","76551","µV","30.043","°C","1015.000","hPa","35.3","pmil","0","53.237","deg","23.954","°C","100.000","%a.s.","21.023","deg","23.635","°C","1019.000","hPa","0.861","-0.02617","0.00035","0","0","13.56","Humid","28.00","0","54.00","359367.45","SABD0000000001","AAV1.0.0.11","1.1.2.0","PSt7-10","170328-007","9/30/2017 19:06:43","0000-00","0","no battery","V"
"09/09/2020","11:29:26","2","default","115855972","OXY_CH2","123.860","min","194.814","µmol/L","Humid","20.052","deg","76545","µV","30.058","°C","1015.000","hPa","35.3","pmil","0","53.237","deg","23.954","°C","100.000","%a.s.","21.023","deg","23.635","°C","1019.000","hPa","0.861","-0.02617","0.00035","0","0","13.56","Humid","28.00","0","54.00","359371.81","SABD0000000001","AAV1.0.0.11","1.1.2.0","PSt7-10","170328-007","9/30/2017 19:06:43","0000-00","0","no battery","V"
"09/09/2020","11:29:27","2","default","115855972","OXY_CH2","123.878","min","194.743","µmol/L","Humid","20.055","deg","76537","µV","30.061","°C","1015.000","hPa","35.3","pmil","0","53.237","deg","23.954","°C","100.000","%a.s.","21.023","deg","23.635","°C","1019.000","hPa","0.861","-0.02617","0.00035","0","0","13.56","Humid","28.00","0","54.00","359362.52","SABD0000000001","AAV1.0.0.11","1.1.2.0","PSt7-10","170328-007","9/30/2017 19:06:43","0000-00","0","no battery","V"
"09/09/2020","11:29:28","2","default","115855972","OXY_CH2","123.894","min","194.708","µmol/L","Humid","20.058","deg","76551","µV","30.058","°C","1015.000","hPa","35.3","pmil","0","53.237","deg","23.954","°C","100.000","%a.s.","21.023","deg","23.635","°C","1019.000","hPa","0.861","-0.02617","0.00035","0","0","13.56","Humid","28.00","0","54.00","359379.81","SABD0000000001","AAV1.0.0.11","1.1.2.0","PSt7-10","170328-007","9/30/2017 19:06:43","0000-00","0","no battery","V"
"09/09/2020","11:29:29","2","default","115855972","OXY_CH2","123.911","min","194.804","µmol/L","Humid","20.053","deg","76545","µV","30.057","°C","1015.000","hPa","35.3","pmil","0","53.237","deg","23.954","°C","100.000","%a.s.","21.023","deg","23.635","°C","1019.000","hPa","0.861","-0.02617","0.00035","0","0","13.56","Humid","28.00","0","54.00","359368.79","SABD0000000001","AAV1.0.0.11","1.1.2.0","PSt7-10","170328-007","9/30/2017 19:06:43","0000-00","0","no battery","V"
"09/09/2020","11:29:30","2","default","115855972","OXY_CH2","123.928","min","194.793","µmol/L","Humid","20.052","deg","76554","µV","30.062","°C","1015.000","hPa","35.3","pmil","0","53.237","deg","23.954","°C","100.000","%a.s.","21.023","deg","23.635","°C","1019.000","hPa","0.861","-0.02617","0.00035","0","0","13.56","Humid","28.00","0","54.00","359363.67","SABD0000000001","AAV1.0.0.11","1.1.2.0","PSt7-10","170328-007","9/30/2017 19:06:43","0000-00","0","no battery","V"
"09/09/2020","11:29:31","2","default","115855972","OXY_CH2","123.944","min","194.694","µmol/L","Humid","20.055","deg","76546","µV","30.069","°C","1015.000","hPa","35.3","pmil","0","53.237","deg","23.954","°C","100.000","%a.s.","21.023","deg","23.635","°C","1019.000","hPa","0.861","-0.02617","0.00035","0","0","13.56","Humid","28.00","0","54.00","359363.72","SABD0000000001","AAV1.0.0.11","1.1.2.0","PSt7-10","170328-007","9/30/2017 19:06:43","0000-00","0","no battery","V"
"09/09/2020","11:29:32","2","default","115855972","OXY_CH2","123.961","min","194.721","µmol/L","Humid","20.056","deg","76541","µV","30.062","°C","1015.000","hPa","35.3","pmil","0","53.237","deg","23.954","°C","100.000","%a.s.","21.023","deg","23.635","°C","1019.000","hPa","0.861","-0.02617","0.00035","0","0","13.56","Humid","28.00","0","54.00","359363.02","SABD0000000001","AAV1.0.0.11","1.1.2.0","PSt7-10","170328-007","9/30/2017 19:06:43","0000-00","0","no battery","V"
"09/09/2020","11:29:33","2","default","115855972","OXY_CH2","123.977","min","194.842","µmol/L","Humid","20.054","deg","76540","µV","30.048","°C","1015.000","hPa","35.3","pmil","0","53.237","deg","23.954","°C","100.000","%a.s.","21.023","deg","23.635","°C","1019.000","hPa","0.861","-0.02617","0.00035","0","0","13.56","Humid","28.00","0","54.00","359352.97","SABD0000000001","AAV1.0.0.11","1.1.2.0","PSt7-10","170328-007","9/30/2017 19:06:43","0000-00","0","no battery","V"
"09/09/2020","11:29:34","2","default","115855972","OXY_CH2","123.994","min","194.998","µmol/L","Humid","20.047","deg","76539","µV","30.043","°C","1015.000","hPa","35.3","pmil","0","53.237","deg","23.954","°C","100.000","%a.s.","21.023","deg","23.635","°C","1019.000","hPa","0.861","-0.02617","0.00035","0","0","13.56","Humid","28.00","0","54.00","359362.05","SABD0000000001","AAV1.0.0.11","1.1.2.0","PSt7-10","170328-007","9/30/2017 19:06:43","0000-00","0","no battery","V"
"09/09/2020","11:29:35","2","default","115855972","OXY_CH2","124.011","min","194.721","µmol/L","Humid","20.058","deg","76543","µV","30.056","°C","1015.000","hPa","35.3","pmil","0","53.237","deg","23.954","°C","100.000","%a.s.","21.023","deg","23.635","°C","1019.000","hPa","0.861","-0.02617","0.00035","0","0","13.56","Humid","28.00","0","54.00","359363.31","SABD0000000001","AAV1.0.0.11","1.1.2.0","PSt7-10","170328-007","9/30/2017 19:06:43","0000-00","0","no battery","V"
"09/09/2020","11:29:36","2","default","115855972","OXY_CH2","124.028","min","194.924","µmol/L","Humid","20.050","deg","76537","µV","30.046","°C","1015.000","hPa","35.3","pmil","0","53.237","deg","23.954","°C","100.000","%a.s.","21.023","deg","23.635","°C","1019.000","hPa","0.861","-0.02617","0.00035","0","0","13.56","Humid","28.00","0","54.00","359344.54","SABD0000000001","AAV1.0.0.11","1.1.2.0","PSt7-10","170328-007","9/30/2017 19:06:43","0000-00","0","no battery","V"
"09/09/2020","11:29:37","2","default","115855972","OXY_CH2","124.044","min","194.963","µmol/L","Humid","20.048","deg","76535","µV","30.046","°C","1015.000","hPa","35.3","pmil","0","53.237","deg","23.954","°C","100.000","%a.s.","21.023","deg","23.635","°C","1019.000","hPa","0.861","-0.02617","0.00035","0","0","13.56","Humid","28.00","0","54.00","359350.32","SABD0000000001","AAV1.0.0.11","1.1.2.0","PSt7-10","170328-007","9/30/2017 19:06:43","0000-00","0","no battery","V"
"09/09/2020","11:29:38","2","default","115855972","OXY_CH2","124.061","min","194.899","µmol/L","Humid","20.047","deg","76538","µV","30.059","°C","1015.000","hPa","35.3","pmil","0","53.237","deg","23.954","°C","100.000","%a.s.","21.023","deg","23.635","°C","1019.000","hPa","0.861","-0.02617","0.00035","0","0","13.56","Humid","28.00","0","54.00","359357.91","SABD0000000001","AAV1.0.0.11","1.1.2.0","PSt7-10","170328-007","9/30/2017 19:06:43","0000-00","0","no battery","V"
"09/09/2020","11:29:39","2","default","115855972","OXY_CH2","124.078","min","194.856","µmol/L","Humid","20.051","deg","76534","µV","30.055","°C","1015.000","hPa","35.3","pmil","0","53.237","deg","23.954","°C","100.000","%a.s.","21.023","deg","23.635","°C","1019.000","hPa","0.861","-0.02617","0.00035","0","0","13.56","Humid","28.00","0","54.00","359356.46","SABD0000000001","AAV1.0.0.11","1.1.2.0","PSt7-10","170328-007","9/30/2017 19:06:43","0000-00","0","no battery","V"
"09/09/2020","11:29:40","2","default","115855972","OXY_CH2","124.094","min","194.861","µmol/L","Humid","20.051","deg","76530","µV","30.054","°C","1015.000","hPa","35.3","pmil","0","53.237","deg","23.954","°C","100.000","%a.s.","21.023","deg","23.635","°C","1019.000","hPa","0.861","-0.02617","0.00035","0","0","13.56","Humid","28.00","0","54.00","359347.57","SABD0000000001","AAV1.0.0.11","1.1.2.0","PSt7-10","170328-007","9/30/2017 19:06:43","0000-00","0","no battery","V"
"09/09/2020","11:29:41","2","default","115855972","OXY_CH2","124.110","min","194.848","µmol/L","Humid","20.053","deg","76532","µV","30.050","°C","1015.000","hPa","35.3","pmil","0","53.237","deg","23.954","°C","100.000","%a.s.","21.023","deg","23.635","°C","1019.000","hPa","0.861","-0.02617","0.00035","0","0","13.56","Humid","28.00","0","54.00","359340.38","SABD0000000001","AAV1.0.0.11","1.1.2.0","PSt7-10","170328-007","9/30/2017 19:06:43","0000-00","0","no battery","V"
"09/09/2020","11:29:42","2","default","115855972","OXY_CH2","124.127","min","194.910","µmol/L","Humid","20.052","deg","76531","µV","30.043","°C","1015.000","hPa","35.3","pmil","0","53.237","deg","23.954","°C","100.000","%a.s.","21.023","deg","23.635","°C","1019.000","hPa","0.861","-0.02617","0.00035","0","0","13.56","Humid","28.00","0","54.00","359332.06","SABD0000000001","AAV1.0.0.11","1.1.2.0","PSt7-10","170328-007","9/30/2017 19:06:43","0000-00","0","no battery","V"
"09/09/2020","11:29:43","2","default","115855972","OXY_CH2","124.144","min","195.033","µmol/L","Humid","20.048","deg","76524","µV","30.035","°C","1015.000","hPa","35.3","pmil","0","53.237","deg","23.954","°C","100.000","%a.s.","21.023","deg","23.635","°C","1019.000","hPa","0.861","-0.02617","0.00035","0","0","13.56","Humid","28.00","0","54.00","359350.57","SABD0000000001","AAV1.0.0.11","1.1.2.0","PSt7-10","170328-007","9/30/2017 19:06:43","0000-00","0","no battery","V"
"09/09/2020","11:29:44","2","default","115855972","OXY_CH2","124.161","min","194.821","µmol/L","Humid","20.049","deg","76526","µV","30.066","°C","1015.000","hPa","35.3","pmil","0","53.237","deg","23.954","°C","100.000","%a.s.","21.023","deg","23.635","°C","1019.000","hPa","0.861","-0.02617","0.00035","0","0","13.56","Humid","28.00","0","54.00","359333.56","SABD0000000001","AAV1.0.0.11","1.1.2.0","PSt7-10","170328-007","9/30/2017 19:06:43","0000-00","0","no battery","V"
"09/09/2020","11:29:45","2","default","115855972","OXY_CH2","124.177","min","194.756","µmol/L","Humid","20.052","deg","76523","µV","30.068","°C","1015.000","hPa","35.3","pmil","0","53.237","deg","23.954","°C","100.000","%a.s.","21.023","deg","23.635","°C","1019.000","hPa","0.861","-0.02617","0.00035","0","0","13.56","Humid","28.00","0","54.00","359334.45","SABD0000000001","AAV1.0.0.11","1.1.2.0","PSt7-10","170328-007","9/30/2017 19:06:43","0000-00","0","no battery","V"
"09/09/2020","11:29:46","2","default","115855972","OXY_CH2","124.194","min","194.818","µmol/L","Humid","20.048","deg","76527","µV","30.070","°C","1015.000","hPa","35.3","pmil","0","53.237","deg","23.954","°C","100.000","%a.s.","21.023","deg","23.635","°C","1019.000","hPa","0.861","-0.02617","0.00035","0","0","13.56","Humid","28.00","0","54.00","359339.13","SABD0000000001","AAV1.0.0.11","1.1.2.0","PSt7-10","170328-007","9/30/2017 19:06:43","0000-00","0","no battery","V"
"09/09/2020","11:29:47","2","default","115855972","OXY_CH2","124.211","min","194.821","µmol/L","Humid","20.051","deg","76530","µV","30.060","°C","1015.000","hPa","35.3","pmil","0","53.237","deg","23.954","°C","100.000","%a.s.","21.023","deg","23.635","°C","1019.000","hPa","0.861","-0.02617","0.00035","0","0","13.56","Humid","28.00","0","54.00","359341.14","SABD0000000001","AAV1.0.0.11","1.1.2.0","PSt7-10","170328-007","9/30/2017 19:06:43","0000-00","0","no battery","V"
"09/09/2020","11:29:48","2","default","115855972","OXY_CH2","124.227","min","194.778","µmol/L","Humid","20.049","deg","76521","µV","30.073","°C","1015.000","hPa","35.3","pmil","0","53.237","deg","23.954","°C","100.000","%a.s.","21.023","deg","23.635","°C","1019.000","hPa","0.861","-0.02617","0.00035","0","0","13.56","Humid","28.00","0","54.00","359361.35","SABD0000000001","AAV1.0.0.11","1.1.2.0","PSt7-10","170328-007","9/30/2017 19:06:43","0000-00","0","no battery","V"
"09/09/2020","11:29:49","2","default","115855972","OXY_CH2","124.244","min","194.814","µmol/L","Humid","20.054","deg","76521","µV","30.053","°C","1015.000","hPa","35.3","pmil","0","53.237","deg","23.954","°C","100.000","%a.s.","21.023","deg","23.635","°C","1019.000","hPa","0.861","-0.02617","0.00035","0","0","13.56","Humid","28.00","0","54.00","359339.18","SABD0000000001","AAV1.0.0.11","1.1.2.0","PSt7-10","170328-007","9/30/2017 19:06:43","0000-00","0","no battery","V"
"09/09/2020","11:29:50","2","default","115855972","OXY_CH2","124.260","min","194.896","µmol/L","Humid","20.047","deg","76531","µV","30.060","°C","1015.000","hPa","35.3","pmil","0","53.237","deg","23.954","°C","100.000","%a.s.","21.023","deg","23.635","°C","1019.000","hPa","0.861","-0.02617","0.00035","0","0","13.56","Humid","28.00","0","54.00","359343.93","SABD0000000001","AAV1.0.0.11","1.1.2.0","PSt7-10","170328-007","9/30/2017 19:06:43","0000-00","0","no battery","V"
"09/09/2020","11:29:51","2","default","115855972","OXY_CH2","124.277","min","194.908","µmol/L","Humid","20.049","deg","76521","µV","30.052","°C","1015.000","hPa","35.3","pmil","0","53.237","deg","23.954","°C","100.000","%a.s.","21.023","deg","23.635","°C","1019.000","hPa","0.861","-0.02617","0.00035","0","0","13.56","Humid","28.00","0","54.00","359341.61","SABD0000000001","AAV1.0.0.11","1.1.2.0","PSt7-10","170328-007","9/30/2017 19:06:43","0000-00","0","no battery","V"
"09/09/2020","11:29:52","2","default","115855972","OXY_CH2","124.294","min","194.990","µmol/L","Humid","20.046","deg","76514","µV","30.047","°C","1015.000","hPa","35.3","pmil","0","53.237","deg","23.954","°C","100.000","%a.s.","21.023","deg","23.635","°C","1019.000","hPa","0.861","-0.02617","0.00035","0","0","13.56","Humid","28.00","0","54.00","359328.67","SABD0000000001","AAV1.0.0.11","1.1.2.0","PSt7-10","170328-007","9/30/2017 19:06:43","0000-00","0","no battery","V"
"09/09/2020","11:29:53","2","default","115855972","OXY_CH2","124.311","min","195.010","µmol/L","Humid","20.046","deg","76514","µV","30.044","°C","1015.000","hPa","35.3","pmil","0","53.237","deg","23.954","°C","100.000","%a.s.","21.023","deg","23.635","°C","1019.000","hPa","0.861","-0.02617","0.00035","0","0","13.56","Humid","28.00","0","54.00","359335.35","SABD0000000001","AAV1.0.0.11","1.1.2.0","PSt7-10","170328-007","9/30/2017 19:06:43","0000-00","0","no battery","V"
"09/09/2020","11:29:54","2","default","115855972","OXY_CH2","124.328","min","194.909","µmol/L","Humid","20.049","deg","76516","µV","30.052","°C","1015.000","hPa","35.3","pmil","0","53.237","deg","23.954","°C","100.000","%a.s.","21.023","deg","23.635","°C","1019.000","hPa","0.861","-0.02617","0.00035","0","0","13.56","Humid","28.00","0","54.00","359339.48","SABD0000000001","AAV1.0.0.11","1.1.2.0","PSt7-10","170328-007","9/30/2017 19:06:43","0000-00","0","no battery","V"
"09/09/2020","11:29:55","2","default","115855972","OXY_CH2","124.344","min","194.950","µmol/L","Humid","20.046","deg","76515","µV","30.054","°C","1015.000","hPa","35.3","pmil","0","53.237","deg","23.954","°C","100.000","%a.s.","21.023","deg","23.635","°C","1019.000","hPa","0.861","-0.02617","0.00035","0","0","13.56","Humid","28.00","0","54.00","359331.47","SABD0000000001","AAV1.0.0.11","1.1.2.0","PSt7-10","170328-007","9/30/2017 19:06:43","0000-00","0","no battery","V"
"09/09/2020","11:29:56","2","default","115855972","OXY_CH2","124.361","min","194.916","µmol/L","Humid","20.049","deg","76515","µV","30.051","°C","1015.000","hPa","35.3","pmil","0","53.237","deg","23.954","°C","100.000","%a.s.","21.023","deg","23.635","°C","1019.000","hPa","0.861","-0.02617","0.00035","0","0","13.56","Humid","28.00","0","54.00","359347.85","SABD0000000001","AAV1.0.0.11","1.1.2.0","PSt7-10","170328-007","9/30/2017 19:06:43","0000-00","0","no battery","V"
"09/09/2020","11:29:57","2","default","115855972","OXY_CH2","124.378","min","194.919","µmol/L","Humid","20.050","deg","76515","µV","30.047","°C","1015.000","hPa","35.3","pmil","0","53.237","deg","23.954","°C","100.000","%a.s.","21.023","deg","23.635","°C","1019.000","hPa","0.861","-0.02617","0.00035","0","0","13.56","Humid","28.00","0","54.00","359339.63","SABD0000000001","AAV1.0.0.11","1.1.2.0","PSt7-10","170328-007","9/30/2017 19:06:43","0000-00","0","no battery","V"
"09/09/2020","11:29:58","2","default","115855972","OXY_CH2","124.394","min","194.828","µmol/L","Humid","20.051","deg","76512","µV","30.059","°C","1015.000","hPa","35.3","pmil","0","53.237","deg","23.954","°C","100.000","%a.s.","21.023","deg","23.635","°C","1019.000","hPa","0.861","-0.02617","0.00035","0","0","13.56","Humid","28.00","0","54.00","359346.30","SABD0000000001","AAV1.0.0.11","1.1.2.0","PSt7-10","170328-007","9/30/2017 19:06:43","0000-00","0","no battery","V"
"09/09/2020","11:29:59","2","default","115855972","OXY_CH2","124.411","min","194.989","µmol/L","Humid","20.048","deg","76511","µV","30.042","°C","1015.000","hPa","35.3","pmil","0","53.237","deg","23.954","°C","100.000","%a.s.","21.023","deg","23.635","°C","1019.000","hPa","0.861","-0.02617","0.00035","0","0","13.56","Humid","28.00","0","54.00","359325.67","SABD0000000001","AAV1.0.0.11","1.1.2.0","PSt7-10","170328-007","9/30/2017 19:06:43","0000-00","0","no battery","V"
"09/09/2020","11:30:00","2","default","115855972","OXY_CH2","124.428","min","194.873","µmol/L","Humid","20.050","deg","76509","µV","30.055","°C","1015.000","hPa","35.3","pmil","0","53.237","deg","23.954","°C","100.000","%a.s.","21.023","deg","23.635","°C","1019.000","hPa","0.861","-0.02617","0.00035","0","0","13.56","Humid","28.00","0","54.00","359321.89","SABD0000000001","AAV1.0.0.11","1.1.2.0","PSt7-10","170328-007","9/30/2017 19:06:43","0000-00","0","no battery","V"
"09/09/2020","11:30:01","2","default","115855972","OXY_CH2","124.444","min","194.928","µmol/L","Humid","20.047","deg","76513","µV","30.055","°C","1015.000","hPa","35.3","pmil","0","53.237","deg","23.954","°C","100.000","%a.s.","21.023","deg","23.635","°C","1019.000","hPa","0.861","-0.02617","0.00035","0","0","13.56","Humid","28.00","0","54.00","359324.33","SABD0000000001","AAV1.0.0.11","1.1.2.0","PSt7-10","170328-007","9/30/2017 19:06:43","0000-00","0","no battery","V"
"09/09/2020","11:30:02","2","default","115855972","OXY_CH2","124.461","min","194.882","µmol/L","Humid","20.049","deg","76509","µV","30.056","°C","1015.000","hPa","35.3","pmil","0","53.237","deg","23.954","°C","100.000","%a.s.","21.023","deg","23.635","°C","1019.000","hPa","0.861","-0.02617","0.00035","0","0","13.56","Humid","28.00","0","54.00","359334.60","SABD0000000001","AAV1.0.0.11","1.1.2.0","PSt7-10","170328-007","9/30/2017 19:06:43","0000-00","0","no battery","V"
"09/09/2020","11:30:03","2","default","115855972","OXY_CH2","124.477","min","195.109","µmol/L","Humid","20.041","deg","76509","µV","30.043","°C","1015.000","hPa","35.3","pmil","0","53.237","deg","23.954","°C","100.000","%a.s.","21.023","deg","23.635","°C","1019.000","hPa","0.861","-0.02617","0.00035","0","0","13.56","Humid","28.00","0","54.00","359332.73","SABD0000000001","AAV1.0.0.11","1.1.2.0","PSt7-10","170328-007","9/30/2017 19:06:43","0000-00","0","no battery","V"
"09/09/2020","11:30:04","2","default","115855972","OXY_CH2","124.494","min","194.975","µmol/L","Humid","20.045","deg","76508","µV","30.053","°C","1015.000","hPa","35.3","pmil","0","53.237","deg","23.954","°C","100.000","%a.s.","21.023","deg","23.635","°C","1019.000","hPa","0.861","-0.02617","0.00035","0","0","13.56","Humid","28.00","0","54.00","359333.18","SABD0000000001","AAV1.0.0.11","1.1.2.0","PSt7-10","170328-007","9/30/2017 19:06:43","0000-00","0","no battery","V"
"09/09/2020","11:30:05","2","default","115855972","OXY_CH2","124.511","min","194.921","µmol/L","Humid","20.044","deg","76509","µV","30.065","°C","1015.000","hPa","35.3","pmil","0","53.237","deg","23.954","°C","100.000","%a.s.","21.023","deg","23.635","°C","1019.000","hPa","0.861","-0.02617","0.00035","0","0","13.56","Humid","28.00","0","54.00","359328.38","SABD0000000001","AAV1.0.0.11","1.1.2.0","PSt7-10","170328-007","9/30/2017 19:06:43","0000-00","0","no battery","V"
"09/09/2020","11:30:06","2","default","115855972","OXY_CH2","124.528","min","194.883","µmol/L","Humid","20.046","deg","76511","µV","30.065","°C","1015.000","hPa","35.3","pmil","0","53.237","deg","23.954","°C","100.000","%a.s.","21.023","deg","23.635","°C","1019.000","hPa","0.861","-0.02617","0.00035","0","0","13.56","Humid","28.00","0","54.00","359324.02","SABD0000000001","AAV1.0.0.11","1.1.2.0","PSt7-10","170328-007","9/30/2017 19:06:43","0000-00","0","no battery","V"
"09/09/2020","11:30:07","2","default","115855972","OXY_CH2","124.544","min","194.927","µmol/L","Humid","20.046","deg","76507","µV","30.058","°C","1015.000","hPa","35.3","pmil","0","53.237","deg","23.954","°C","100.000","%a.s.","21.023","deg","23.635","°C","1019.000","hPa","0.861","-0.02617","0.00035","0","0","13.56","Humid","28.00","0","54.00","359332.66","SABD0000000001","AAV1.0.0.11","1.1.2.0","PSt7-10","170328-007","9/30/2017 19:06:43","0000-00","0","no battery","V"
"09/09/2020","11:30:08","2","default","115855972","OXY_CH2","124.561","min","194.850","µmol/L","Humid","20.048","deg","76505","µV","30.064","°C","1015.000","hPa","35.3","pmil","0","53.237","deg","23.954","°C","100.000","%a.s.","21.023","deg","23.635","°C","1019.000","hPa","0.861","-0.02617","0.00035","0","0","13.56","Humid","28.00","0","54.00","359316.08","SABD0000000001","AAV1.0.0.11","1.1.2.0","PSt7-10","170328-007","9/30/2017 19:06:43","0000-00","0","no battery","V"
"09/09/2020","11:30:09","2","default","115855972","OXY_CH2","124.578","min","194.892","µmol/L","Humid","20.049","deg","76509","µV","30.055","°C","1015.000","hPa","35.3","pmil","0","53.237","deg","23.954","°C","100.000","%a.s.","21.023","deg","23.635","°C","1019.000","hPa","0.861","-0.02617","0.00035","0","0","13.56","Humid","28.00","0","54.00","359326.87","SABD0000000001","AAV1.0.0.11","1.1.2.0","PSt7-10","170328-007","9/30/2017 19:06:43","0000-00","0","no battery","V"
"09/09/2020","11:30:10","2","default","115855972","OXY_CH2","124.594","min","194.957","µmol/L","Humid","20.046","deg","76498","µV","30.053","°C","1015.000","hPa","35.3","pmil","0","53.237","deg","23.954","°C","100.000","%a.s.","21.023","deg","23.635","°C","1019.000","hPa","0.861","-0.02617","0.00035","0","0","13.56","Humid","28.00","0","54.00","359324.30","SABD0000000001","AAV1.0.0.11","1.1.2.0","PSt7-10","170328-007","9/30/2017 19:06:43","0000-00","0","no battery","V"
"09/09/2020","11:30:11","2","default","115855972","OXY_CH2","124.611","min","194.998","µmol/L","Humid","20.044","deg","76510","µV","30.052","°C","1015.000","hPa","35.3","pmil","0","53.237","deg","23.954","°C","100.000","%a.s.","21.023","deg","23.635","°C","1019.000","hPa","0.861","-0.02617","0.00035","0","0","13.56","Humid","28.00","0","54.00","359314.79","SABD0000000001","AAV1.0.0.11","1.1.2.0","PSt7-10","170328-007","9/30/2017 19:06:43","0000-00","0","no battery","V"
"09/09/2020","11:30:12","2","default","115855972","OXY_CH2","124.628","min","195.047","µmol/L","Humid","20.044","deg","76501","µV","30.044","°C","1015.000","hPa","35.3","pmil","0","53.237","deg","23.954","°C","100.000","%a.s.","21.023","deg","23.635","°C","1019.000","hPa","0.861","-0.02617","0.00035","0","0","13.56","Humid","28.00","0","54.00","359325.92","SABD0000000001","AAV1.0.0.11","1.1.2.0","PSt7-10","170328-007","9/30/2017 19:06:43","0000-00","0","no battery","V"
"09/09/2020","11:30:13","2","default","115855972","OXY_CH2","124.644","min","194.999","µmol/L","Humid","20.043","deg","76501","µV","30.055","°C","1015.000","hPa","35.3","pmil","0","53.237","deg","23.954","°C","100.000","%a.s.","21.023","deg","23.635","°C","1019.000","hPa","0.861","-0.02617","0.00035","0","0","13.56","Humid","28.00","0","54.00","359319.76","SABD0000000001","AAV1.0.0.11","1.1.2.0","PSt7-10","170328-007","9/30/2017 19:06:43","0000-00","0","no battery","V"
"09/09/2020","11:30:14","2","default","115855972","OXY_CH2","124.661","min","194.915","µmol/L","Humid","20.047","deg","76503","µV","30.057","°C","1015.000","hPa","35.3","pmil","0","53.237","deg","23.954","°C","100.000","%a.s.","21.023","deg","23.635","°C","1019.000","hPa","0.861","-0.02617","0.00035","0","0","13.56","Humid","28.00","0","54.00","359317.47","SABD0000000001","AAV1.0.0.11","1.1.2.0","PSt7-10","170328-007","9/30/2017 19:06:43","0000-00","0","no battery","V"
"09/09/2020","11:30:15","2","default","115855972","OXY_CH2","124.677","min","194.949","µmol/L","Humid","20.045","deg","76496","µV","30.057","°C","1015.000","hPa","35.3","pmil","0","53.237","deg","23.954","°C","100.000","%a.s.","21.023","deg","23.635","°C","1019.000","hPa","0.861","-0.02617","0.00035","0","0","13.56","Humid","28.00","0","54.00","359320.24","SABD0000000001","AAV1.0.0.11","1.1.2.0","PSt7-10","170328-007","9/30/2017 19:06:43","0000-00","0","no battery","V"
"09/09/2020","11:30:16","2","default","115855972","OXY_CH2","124.694","min","195.016","µmol/L","Humid","20.046","deg","76494","µV","30.043","°C","1015.000","hPa","35.3","pmil","0","53.237","deg","23.954","°C","100.000","%a.s.","21.023","deg","23.635","°C","1019.000","hPa","0.861","-0.02617","0.00035","0","0","13.56","Humid","28.00","0","54.00","359314.81","SABD0000000001","AAV1.0.0.11","1.1.2.0","PSt7-10","170328-007","9/30/2017 19:06:43","0000-00","0","no battery","V"
"09/09/2020","11:30:17","2","default","115855972","OXY_CH2","124.710","min","194.925","µmol/L","Humid","20.044","deg","76501","µV","30.064","°C","1015.000","hPa","35.3","pmil","0","53.237","deg","23.954","°C","100.000","%a.s.","21.023","deg","23.635","°C","1019.000","hPa","0.861","-0.02617","0.00035","0","0","13.56","Humid","28.00","0","54.00","359326.53","SABD0000000001","AAV1.0.0.11","1.1.2.0","PSt7-10","170328-007","9/30/2017 19:06:43","0000-00","0","no battery","V"
"09/09/2020","11:30:18","2","default","115855972","OXY_CH2","124.727","min","194.982","µmol/L","Humid","20.045","deg","76500","µV","30.052","°C","1015.000","hPa","35.3","pmil","0","53.237","deg","23.954","°C","100.000","%a.s.","21.023","deg","23.635","°C","1019.000","hPa","0.861","-0.02617","0.00035","0","0","13.56","Humid","28.00","0","54.00","359309.03","SABD0000000001","AAV1.0.0.11","1.1.2.0","PSt7-10","170328-007","9/30/2017 19:06:43","0000-00","0","no battery","V"
"09/09/2020","11:30:19","2","default","115855972","OXY_CH2","124.744","min","195.043","µmol/L","Humid","20.043","deg","76499","µV","30.048","°C","1015.000","hPa","35.3","pmil","0","53.237","deg","23.954","°C","100.000","%a.s.","21.023","deg","23.635","°C","1019.000","hPa","0.861","-0.02617","0.00035","0","0","13.56","Humid","28.00","0","54.00","359324.06","SABD0000000001","AAV1.0.0.11","1.1.2.0","PSt7-10","170328-007","9/30/2017 19:06:43","0000-00","0","no battery","V"
"09/09/2020","11:30:20","2","default","115855972","OXY_CH2","124.761","min","195.076","µmol/L","Humid","20.044","deg","76492","µV","30.039","°C","1015.000","hPa","35.3","pmil","0","53.237","deg","23.954","°C","100.000","%a.s.","21.023","deg","23.635","°C","1019.000","hPa","0.861","-0.02617","0.00035","0","0","13.56","Humid","28.00","0","54.00","359323.85","SABD0000000001","AAV1.0.0.11","1.1.2.0","PSt7-10","170328-007","9/30/2017 19:06:43","0000-00","0","no battery","V"
"09/09/2020","11:30:21","2","default","115855972","OXY_CH2","124.777","min","195.016","µmol/L","Humid","20.042","deg","76490","µV","30.055","°C","1015.000","hPa","35.3","pmil","0","53.237","deg","23.954","°C","100.000","%a.s.","21.023","deg","23.635","°C","1019.000","hPa","0.861","-0.02617","0.00035","0","0","13.56","Humid","28.00","0","54.00","359331.09","SABD0000000001","AAV1.0.0.11","1.1.2.0","PSt7-10","170328-007","9/30/2017 19:06:43","0000-00","0","no battery","V"
"09/09/2020","11:30:22","2","default","115855972","OXY_CH2","124.794","min","194.987","µmol/L","Humid","20.042","deg","76489","µV","30.060","°C","1015.000","hPa","35.3","pmil","0","53.237","deg","23.954","°C","100.000","%a.s.","21.023","deg","23.635","°C","1019.000","hPa","0.861","-0.02617","0.00035","0","0","13.56","Humid","28.00","0","54.00","359316.18","SABD0000000001","AAV1.0.0.11","1.1.2.0","PSt7-10","170328-007","9/30/2017 19:06:43","0000-00","0","no battery","V"
"09/09/2020","11:30:23","2","default","115855972","OXY_CH2","124.811","min","194.869","µmol/L","Humid","20.045","deg","76486","µV","30.070","°C","1015.000","hPa","35.3","pmil","0","53.237","deg","23.954","°C","100.000","%a.s.","21.023","deg","23.635","°C","1019.000","hPa","0.861","-0.02617","0.00035","0","0","13.56","Humid","28.00","0","54.00","359303.78","SABD0000000001","AAV1.0.0.11","1.1.2.0","PSt7-10","170328-007","9/30/2017 19:06:43","0000-00","0","no battery","V"
"09/09/2020","11:30:24","2","default","115855972","OXY_CH2","124.827","min","195.008","µmol/L","Humid","20.044","deg","76494","µV","30.050","°C","1015.000","hPa","35.3","pmil","0","53.237","deg","23.954","°C","100.000","%a.s.","21.023","deg","23.635","°C","1019.000","hPa","0.861","-0.02617","0.00035","0","0","13.56","Humid","28.00","0","54.00","359314.68","SABD0000000001","AAV1.0.0.11","1.1.2.0","PSt7-10","170328-007","9/30/2017 19:06:43","0000-00","0","no battery","V"
"09/09/2020","11:30:25","2","default","115855972","OXY_CH2","124.844","min","195.093","µmol/L","Humid","20.040","deg","76487","µV","30.048","°C","1015.000","hPa","35.3","pmil","0","53.237","deg","23.954","°C","100.000","%a.s.","21.023","deg","23.635","°C","1019.000","hPa","0.861","-0.02617","0.00035","0","0","13.56","Humid","28.00","0","54.00","359302.16","SABD0000000001","AAV1.0.0.11","1.1.2.0","PSt7-10","170328-007","9/30/2017 19:06:43","0000-00","0","no battery","V"
"09/09/2020","11:30:26","2","default","115855972","OXY_CH2","124.860","min","195.082","µmol/L","Humid","20.039","deg","76487","µV","30.053","°C","1015.000","hPa","35.3","pmil","0","53.237","deg","23.954","°C","100.000","%a.s.","21.023","deg","23.635","°C","1019.000","hPa","0.861","-0.02617","0.00035","0","0","13.56","Humid","28.00","0","54.00","359310.85","SABD0000000001","AAV1.0.0.11","1.1.2.0","PSt7-10","170328-007","9/30/2017 19:06:43","0000-00","0","no battery","V"
"09/09/2020","11:30:27","2","default","115855972","OXY_CH2","124.877","min","194.976","µmol/L","Humid","20.044","deg","76492","µV","30.056","°C","1015.000","hPa","35.3","pmil","0","53.237","deg","23.954","°C","100.000","%a.s.","21.023","deg","23.635","°C","1019.000","hPa","0.861","-0.02617","0.00035","0","0","13.56","Humid","28.00","0","54.00","359315.37","SABD0000000001","AAV1.0.0.11","1.1.2.0","PSt7-10","170328-007","9/30/2017 19:06:43","0000-00","0","no battery","V"
"09/09/2020","11:30:28","2","default","115855972","OXY_CH2","124.894","min","194.981","µmol/L","Humid","20.042","deg","76489","µV","30.061","°C","1015.000","hPa","35.3","pmil","0","53.237","deg","23.954","°C","100.000","%a.s.","21.023","deg","23.635","°C","1019.000","hPa","0.861","-0.02617","0.00035","0","0","13.56","Humid","28.00","0","54.00","359307.97","SABD0000000001","AAV1.0.0.11","1.1.2.0","PSt7-10","170328-007","9/30/2017 19:06:43","0000-00","0","no battery","V"
"09/09/2020","11:30:29","2","default","115855972","OXY_CH2","124.911","min","194.948","µmol/L","Humid","20.044","deg","76482","µV","30.060","°C","1015.000","hPa","35.3","pmil","0","53.237","deg","23.954","°C","100.000","%a.s.","21.023","deg","23.635","°C","1019.000","hPa","0.861","-0.02617","0.00035","0","0","13.56","Humid","28.00","0","54.00","359297.46","SABD0000000001","AAV1.0.0.11","1.1.2.0","PSt7-10","170328-007","9/30/2017 19:06:43","0000-00","0","no battery","V"
"09/09/2020","11:30:30","2","default","115855972","OXY_CH2","124.927","min","194.933","µmol/L","Humid","20.045","deg","76477","µV","30.060","°C","1015.000","hPa","35.3","pmil","0","53.237","deg","23.954","°C","100.000","%a.s.","21.023","deg","23.635","°C","1019.000","hPa","0.861","-0.02617","0.00035","0","0","13.56","Humid","28.00","0","54.00","359295.14","SABD0000000001","AAV1.0.0.11","1.1.2.0","PSt7-10","170328-007","9/30/2017 19:06:43","0000-00","0","no battery","V"
"09/09/2020","11:30:31","2","default","115855972","OXY_CH2","124.944","min","195.001","µmol/L","Humid","20.041","deg","76474","µV","30.060","°C","1015.000","hPa","35.3","pmil","0","53.237","deg","23.954","°C","100.000","%a.s.","21.023","deg","23.635","°C","1019.000","hPa","0.861","-0.02617","0.00035","0","0","13.56","Humid","28.00","0","54.00","359301.77","SABD0000000001","AAV1.0.0.11","1.1.2.0","PSt7-10","170328-007","9/30/2017 19:06:43","0000-00","0","no battery","V"
"09/09/2020","11:30:32","2","default","115855972","OXY_CH2","124.961","min","194.975","µmol/L","Humid","20.042","deg","76486","µV","30.062","°C","1015.000","hPa","35.3","pmil","0","53.237","deg","23.954","°C","100.000","%a.s.","21.023","deg","23.635","°C","1019.000","hPa","0.861","-0.02617","0.00035","0","0","13.56","Humid","28.00","0","54.00","359300.19","SABD0000000001","AAV1.0.0.11","1.1.2.0","PSt7-10","170328-007","9/30/2017 19:06:43","0000-00","0","no battery","V"
"09/09/2020","11:30:33","2","default","115855972","OXY_CH2","124.977","min","195.096","µmol/L","Humid","20.036","deg","76481","µV","30.060","°C","1015.000","hPa","35.3","pmil","0","53.237","deg","23.954","°C","100.000","%a.s.","21.023","deg","23.635","°C","1019.000","hPa","0.861","-0.02617","0.00035","0","0","13.56","Humid","28.00","0","54.00","359293.89","SABD0000000001","AAV1.0.0.11","1.1.2.0","PSt7-10","170328-007","9/30/2017 19:06:43","0000-00","0","no battery","V"
"09/09/2020","11:30:34","2","default","115855972","OXY_CH2","124.994","min","195.042","µmol/L","Humid","20.044","deg","76476","µV","30.045","°C","1015.000","hPa","35.3","pmil","0","53.237","deg","23.954","°C","100.000","%a.s.","21.023","deg","23.635","°C","1019.000","hPa","0.861","-0.02617","0.00035","0","0","13.56","Humid","28.00","0","54.00","359298.51","SABD0000000001","AAV1.0.0.11","1.1.2.0","PSt7-10","170328-007","9/30/2017 19:06:43","0000-00","0","no battery","V"
"09/09/2020","11:30:35","2","default","115855972","OXY_CH2","125.010","min","195.110","µmol/L","Humid","20.037","deg","76477","µV","30.055","°C","1015.000","hPa","35.3","pmil","0","53.237","deg","23.954","°C","100.000","%a.s.","21.023","deg","23.635","°C","1019.000","hPa","0.861","-0.02617","0.00035","0","0","13.56","Humid","28.00","0","54.00","359296.71","SABD0000000001","AAV1.0.0.11","1.1.2.0","PSt7-10","170328-007","9/30/2017 19:06:43","0000-00","0","no battery","V"
"09/09/2020","11:30:36","2","default","115855972","OXY_CH2","125.028","min","195.102","µmol/L","Humid","20.039","deg","76472","µV","30.050","°C","1015.000","hPa","35.3","pmil","0","53.237","deg","23.954","°C","100.000","%a.s.","21.023","deg","23.635","°C","1019.000","hPa","0.861","-0.02617","0.00035","0","0","13.56","Humid","28.00","0","54.00","359295.60","SABD0000000001","AAV1.0.0.11","1.1.2.0","PSt7-10","170328-007","9/30/2017 19:06:43","0000-00","0","no battery","V"
"09/09/2020","11:30:37","2","default","115855972","OXY_CH2","125.044","min","195.033","µmol/L","Humid","20.039","deg","76475","µV","30.061","°C","1015.000","hPa","35.3","pmil","0","53.237","deg","23.954","°C","100.000","%a.s.","21.023","deg","23.635","°C","1019.000","hPa","0.861","-0.02617","0.00035","0","0","13.56","Humid","28.00","0","54.00","359295.73","SABD0000000001","AAV1.0.0.11","1.1.2.0","PSt7-10","170328-007","9/30/2017 19:06:43","0000-00","0","no battery","V"
"09/09/2020","11:30:38","2","default","115855972","OXY_CH2","125.061","min","195.057","µmol/L","Humid","20.039","deg","76473","µV","30.057","°C","1015.000","hPa","35.3","pmil","0","53.237","deg","23.954","°C","100.000","%a.s.","21.023","deg","23.635","°C","1019.000","hPa","0.861","-0.02617","0.00035","0","0","13.56","Humid","28.00","0","54.00","359308.65","SABD0000000001","AAV1.0.0.11","1.1.2.0","PSt7-10","170328-007","9/30/2017 19:06:43","0000-00","0","no battery","V"
"09/09/2020","11:30:39","2","default","115855972","OXY_CH2","125.077","min","195.061","µmol/L","Humid","20.041","deg","76474","µV","30.051","°C","1015.000","hPa","35.3","pmil","0","53.237","deg","23.954","°C","100.000","%a.s.","21.023","deg","23.635","°C","1019.000","hPa","0.861","-0.02617","0.00035","0","0","13.56","Humid","28.00","0","54.00","359286.89","SABD0000000001","AAV1.0.0.11","1.1.2.0","PSt7-10","170328-007","9/30/2017 19:06:43","0000-00","0","no battery","V"
"09/09/2020","11:30:40","2","default","115855972","OXY_CH2","125.094","min","195.109","µmol/L","Humid","20.037","deg","76476","µV","30.055","°C","1015.000","hPa","35.3","pmil","0","53.237","deg","23.954","°C","100.000","%a.s.","21.023","deg","23.635","°C","1019.000","hPa","0.861","-0.02617","0.00035","0","0","13.56","Humid","28.00","0","54.00","359295.94","SABD0000000001","AAV1.0.0.11","1.1.2.0","PSt7-10","170328-007","9/30/2017 19:06:43","0000-00","0","no battery","V"
"09/09/2020","11:30:41","2","default","115855972","OXY_CH2","125.110","min","195.100","µmol/L","Humid","20.040","deg","76467","µV","30.047","°C","1015.000","hPa","35.3","pmil","0","53.237","deg","23.954","°C","100.000","%a.s.","21.023","deg","23.635","°C","1019.000","hPa","0.861","-0.02617","0.00035","0","0","13.56","Humid","28.00","0","54.00","359284.26","SABD0000000001","AAV1.0.0.11","1.1.2.0","PSt7-10","170328-007","9/30/2017 19:06:43","0000-00","0","no battery","V"
"09/09/2020","11:30:42","2","default","115855972","OXY_CH2","125.128","min","195.038","µmol/L","Humid","20.037","deg","76472","µV","30.066","°C","1015.000","hPa","35.3","pmil","0","53.237","deg","23.954","°C","100.000","%a.s.","21.023","deg","23.635","°C","1019.000","hPa","0.861","-0.02617","0.00035","0","0","13.56","Humid","28.00","0","54.00","359287.50","SABD0000000001","AAV1.0.0.11","1.1.2.0","PSt7-10","170328-007","9/30/2017 19:06:43","0000-00","0","no battery","V"
"09/09/2020","11:30:43","2","default","115855972","OXY_CH2","125.144","min","194.916","µmol/L","Humid","20.041","deg","76471","µV","30.074","°C","1015.000","hPa","35.3","pmil","0","53.237","deg","23.954","°C","100.000","%a.s.","21.023","deg","23.635","°C","1019.000","hPa","0.861","-0.02617","0.00035","0","0","13.56","Humid","28.00","0","54.00","359282.53","SABD0000000001","AAV1.0.0.11","1.1.2.0","PSt7-10","170328-007","9/30/2017 19:06:43","0000-00","0","no battery","V"
"09/09/2020","11:30:44","2","default","115855972","OXY_CH2","125.161","min","195.047","µmol/L","Humid","20.039","deg","76463","µV","30.059","°C","1015.000","hPa","35.3","pmil","0","53.237","deg","23.954","°C","100.000","%a.s.","21.023","deg","23.635","°C","1019.000","hPa","0.861","-0.02617","0.00035","0","0","13.56","Humid","28.00","0","54.00","359291.88","SABD0000000001","AAV1.0.0.11","1.1.2.0","PSt7-10","170328-007","9/30/2017 19:06:43","0000-00","0","no battery","V"
"09/09/2020","11:30:45","2","default","115855972","OXY_CH2","125.177","min","195.021","µmol/L","Humid","20.039","deg","76468","µV","30.063","°C","1015.000","hPa","35.3","pmil","0","53.237","deg","23.954","°C","100.000","%a.s.","21.023","deg","23.635","°C","1019.000","hPa","0.861","-0.02617","0.00035","0","0","13.56","Humid","28.00","0","54.00","359301.33","SABD0000000001","AAV1.0.0.11","1.1.2.0","PSt7-10","170328-007","9/30/2017 19:06:43","0000-00","0","no battery","V"
"09/09/2020","11:30:46","2","default","115855972","OXY_CH2","125.194","min","195.038","µmol/L","Humid","20.039","deg","76468","µV","30.060","°C","1015.000","hPa","35.3","pmil","0","53.237","deg","23.954","°C","100.000","%a.s.","21.023","deg","23.635","°C","1019.000","hPa","0.861","-0.02617","0.00035","0","0","13.56","Humid","28.00","0","54.00","359291.64","SABD0000000001","AAV1.0.0.11","1.1.2.0","PSt7-10","170328-007","9/30/2017 19:06:43","0000-00","0","no battery","V"
"09/09/2020","11:30:47","2","default","115855972","OXY_CH2","125.211","min","195.080","µmol/L","Humid","20.038","deg","76460","µV","30.056","°C","1015.000","hPa","35.3","pmil","0","53.237","deg","23.954","°C","100.000","%a.s.","21.023","deg","23.635","°C","1019.000","hPa","0.861","-0.02617","0.00035","0","0","13.56","Humid","28.00","0","54.00","359292.14","SABD0000000001","AAV1.0.0.11","1.1.2.0","PSt7-10","170328-007","9/30/2017 19:06:43","0000-00","0","no battery","V"
"09/09/2020","11:30:48","2","default","115855972","OXY_CH2","125.227","min","195.098","µmol/L","Humid","20.036","deg","76462","µV","30.059","°C","1015.000","hPa","35.3","pmil","0","53.237","deg","23.954","°C","100.000","%a.s.","21.023","deg","23.635","°C","1019.000","hPa","0.861","-0.02617","0.00035","0","0","13.56","Humid","28.00","0","54.00","359286.14","SABD0000000001","AAV1.0.0.11","1.1.2.0","PSt7-10","170328-007","9/30/2017 19:06:43","0000-00","0","no battery","V"
"09/09/2020","11:30:49","2","default","115855972","OXY_CH2","125.244","min","195.074","µmol/L","Humid","20.034","deg","76466","µV","30.069","°C","1015.000","hPa","35.3","pmil","0","53.237","deg","23.954","°C","100.000","%a.s.","21.023","deg","23.635","°C","1019.000","hPa","0.861","-0.02617","0.00035","0","0","13.56","Humid","28.00","0","54.00","359283.11","SABD0000000001","AAV1.0.0.11","1.1.2.0","PSt7-10","170328-007","9/30/2017 19:06:43","0000-00","0","no battery","V"
"09/09/2020","11:30:50","2","default","115855972","OXY_CH2","125.261","min","195.213","µmol/L","Humid","20.036","deg","76462","µV","30.041","°C","1015.000","hPa","35.3","pmil","0","53.237","deg","23.954","°C","100.000","%a.s.","21.023","deg","23.635","°C","1019.000","hPa","0.861","-0.02617","0.00035","0","0","13.56","Humid","28.00","0","54.00","359292.14","SABD0000000001","AAV1.0.0.11","1.1.2.0","PSt7-10","170328-007","9/30/2017 19:06:43","0000-00","0","no battery","V"
"09/09/2020","11:30:51","2","default","115855972","OXY_CH2","125.277","min","195.012","µmol/L","Humid","20.038","deg","76463","µV","30.067","°C","1015.000","hPa","35.3","pmil","0","53.237","deg","23.954","°C","100.000","%a.s.","21.023","deg","23.635","°C","1019.000","hPa","0.861","-0.02617","0.00035","0","0","13.56","Humid","28.00","0","54.00","359289.61","SABD0000000001","AAV1.0.0.11","1.1.2.0","PSt7-10","170328-007","9/30/2017 19:06:43","0000-00","0","no battery","V"
"09/09/2020","11:30:52","2","default","115855972","OXY_CH2","125.294","min","195.073","µmol/L","Humid","20.036","deg","76465","µV","30.063","°C","1015.000","hPa","35.3","pmil","0","53.237","deg","23.954","°C","100.000","%a.s.","21.023","deg","23.635","°C","1019.000","hPa","0.861","-0.02617","0.00035","0","0","13.56","Humid","28.00","0","54.00","359282.32","SABD0000000001","AAV1.0.0.11","1.1.2.0","PSt7-10","170328-007","9/30/2017 19:06:43","0000-00","0","no battery","V"
"09/09/2020","11:30:53","2","default","115855972","OXY_CH2","125.311","min","195.147","µmol/L","Humid","20.033","deg","76452","µV","30.060","°C","1015.000","hPa","35.3","pmil","0","53.237","deg","23.954","°C","100.000","%a.s.","21.023","deg","23.635","°C","1019.000","hPa","0.861","-0.02617","0.00035","0","0","13.56","Humid","28.00","0","54.00","359279.36","SABD0000000001","AAV1.0.0.11","1.1.2.0","PSt7-10","170328-007","9/30/2017 19:06:43","0000-00","0","no battery","V"
"09/09/2020","11:30:54","2","default","115855972","OXY_CH2","125.327","min","195.221","µmol/L","Humid","20.030","deg","76460","µV","30.057","°C","1015.000","hPa","35.3","pmil","0","53.237","deg","23.954","°C","100.000","%a.s.","21.023","deg","23.635","°C","1019.000","hPa","0.861","-0.02617","0.00035","0","0","13.56","Humid","28.00","0","54.00","359273.50","SABD0000000001","AAV1.0.0.11","1.1.2.0","PSt7-10","170328-007","9/30/2017 19:06:43","0000-00","0","no battery","V"
"09/09/2020","11:30:55","2","default","115855972","OXY_CH2","125.344","min","195.243","µmol/L","Humid","20.034","deg","76462","µV","30.042","°C","1015.000","hPa","35.3","pmil","0","53.237","deg","23.954","°C","100.000","%a.s.","21.023","deg","23.635","°C","1019.000","hPa","0.861","-0.02617","0.00035","0","0","13.56","Humid","28.00","0","54.00","359273.72","SABD0000000001","AAV1.0.0.11","1.1.2.0","PSt7-10","170328-007","9/30/2017 19:06:43","0000-00","0","no battery","V"
"09/09/2020","11:30:56","2","default","115855972","OXY_CH2","125.361","min","195.244","µmol/L","Humid","20.034","deg","76464","µV","30.042","°C","1015.000","hPa","35.3","pmil","0","53.237","deg","23.954","°C","100.000","%a.s.","21.023","deg","23.635","°C","1019.000","hPa","0.861","-0.02617","0.00035","0","0","13.56","Humid","28.00","0","54.00","359285.99","SABD0000000001","AAV1.0.0.11","1.1.2.0","PSt7-10","170328-007","9/30/2017 19:06:43","0000-00","0","no battery","V"
"09/09/2020","11:30:57","2","default","115855972","OXY_CH2","125.378","min","195.127","µmol/L","Humid","20.038","deg","76462","µV","30.049","°C","1015.000","hPa","35.3","pmil","0","53.237","deg","23.954","°C","100.000","%a.s.","21.023","deg","23.635","°C","1019.000","hPa","0.861","-0.02617","0.00035","0","0","13.56","Humid","28.00","0","54.00","359283.66","SABD0000000001","AAV1.0.0.11","1.1.2.0","PSt7-10","170328-007","9/30/2017 19:06:43","0000-00","0","no battery","V"
"09/09/2020","11:30:58","2","default","115855972","OXY_CH2","125.394","min","195.248","µmol/L","Humid","20.032","deg","76452","µV","30.047","°C","1015.000","hPa","35.3","pmil","0","53.237","deg","23.954","°C","100.000","%a.s.","21.023","deg","23.635","°C","1019.000","hPa","0.861","-0.02617","0.00035","0","0","13.56","Humid","28.00","0","54.00","359278.85","SABD0000000001","AAV1.0.0.11","1.1.2.0","PSt7-10","170328-007","9/30/2017 19:06:43","0000-00","0","no battery","V"
"09/09/2020","11:30:59","2","default","115855972","OXY_CH2","125.411","min","195.207","µmol/L","Humid","20.032","deg","76459","µV","30.053","°C","1015.000","hPa","35.3","pmil","0","53.237","deg","23.954","°C","100.000","%a.s.","21.023","deg","23.635","°C","1019.000","hPa","0.861","-0.02617","0.00035","0","0","13.56","Humid","28.00","0","54.00","359281.78","SABD0000000001","AAV1.0.0.11","1.1.2.0","PSt7-10","170328-007","9/30/2017 19:06:43","0000-00","0","no battery","V"
"09/09/2020","11:31:00","2","default","115855972","OXY_CH2","125.427","min","195.139","µmol/L","Humid","20.036","deg","76451","µV","30.053","°C","1015.000","hPa","35.3","pmil","0","53.237","deg","23.954","°C","100.000","%a.s.","21.023","deg","23.635","°C","1019.000","hPa","0.861","-0.02617","0.00035","0","0","13.56","Humid","28.00","0","54.00","359267.79","SABD0000000001","AAV1.0.0.11","1.1.2.0","PSt7-10","170328-007","9/30/2017 19:06:43","0000-00","0","no battery","V"
"09/09/2020","11:31:01","2","default","115855972","OXY_CH2","125.444","min","195.048","µmol/L","Humid","20.034","deg","76453","µV","30.073","°C","1015.000","hPa","35.3","pmil","0","53.237","deg","23.954","°C","100.000","%a.s.","21.023","deg","23.635","°C","1019.000","hPa","0.861","-0.02617","0.00035","0","0","13.56","Humid","28.00","0","54.00","359283.72","SABD0000000001","AAV1.0.0.11","1.1.2.0","PSt7-10","170328-007","9/30/2017 19:06:43","0000-00","0","no battery","V"
"09/09/2020","11:31:02","2","default","115855972","OXY_CH2","125.460","min","195.096","µmol/L","Humid","20.036","deg","76455","µV","30.060","°C","1015.000","hPa","35.3","pmil","0","53.237","deg","23.954","°C","100.000","%a.s.","21.023","deg","23.635","°C","1019.000","hPa","0.861","-0.02617","0.00035","0","0","13.56","Humid","28.00","0","54.00","359277.16","SABD0000000001","AAV1.0.0.11","1.1.2.0","PSt7-10","170328-007","9/30/2017 19:06:43","0000-00","0","no battery","V"
"09/09/2020","11:31:03","2","default","115855972","OXY_CH2","125.478","min","195.155","µmol/L","Humid","20.037","deg","76448","µV","30.047","°C","1015.000","hPa","35.3","pmil","0","53.237","deg","23.954","°C","100.000","%a.s.","21.023","deg","23.635","°C","1019.000","hPa","0.861","-0.02617","0.00035","0","0","13.56","Humid","28.00","0","54.00","359276.54","SABD0000000001","AAV1.0.0.11","1.1.2.0","PSt7-10","170328-007","9/30/2017 19:06:43","0000-00","0","no battery","V"
"09/09/2020","11:31:04","2","default","115855972","OXY_CH2","125.494","min","195.273","µmol/L","Humid","20.032","deg","76453","µV","30.043","°C","1015.000","hPa","35.3","pmil","0","53.237","deg","23.954","°C","100.000","%a.s.","21.023","deg","23.635","°C","1019.000","hPa","0.861","-0.02617","0.00035","0","0","13.56","Humid","28.00","0","54.00","359276.88","SABD0000000001","AAV1.0.0.11","1.1.2.0","PSt7-10","170328-007","9/30/2017 19:06:43","0000-00","0","no battery","V"
"09/09/2020","11:31:05","2","default","115855972","OXY_CH2","125.511","min","195.080","µmol/L","Humid","20.038","deg","76455","µV","30.056","°C","1015.000","hPa","35.3","pmil","0","53.237","deg","23.954","°C","100.000","%a.s.","21.023","deg","23.635","°C","1019.000","hPa","0.861","-0.02617","0.00035","0","0","13.56","Humid","28.00","0","54.00","359285.89","SABD0000000001","AAV1.0.0.11","1.1.2.0","PSt7-10","170328-007","9/30/2017 19:06:43","0000-00","0","no battery","V"
"09/09/2020","11:31:06","2","default","115855972","OXY_CH2","125.528","min","195.195","µmol/L","Humid","20.033","deg","76448","µV","30.052","°C","1015.000","hPa","35.3","pmil","0","53.237","deg","23.954","°C","100.000","%a.s.","21.023","deg","23.635","°C","1019.000","hPa","0.861","-0.02617","0.00035","0","0","13.56","Humid","28.00","0","54.00","359280.15","SABD0000000001","AAV1.0.0.11","1.1.2.0","PSt7-10","170328-007","9/30/2017 19:06:43","0000-00","0","no battery","V"
"09/09/2020","11:31:07","2","default","115855972","OXY_CH2","125.544","min","195.011","µmol/L","Humid","20.040","deg","76447","µV","30.062","°C","1015.000","hPa","35.3","pmil","0","53.237","deg","23.954","°C","100.000","%a.s.","21.023","deg","23.635","°C","1019.000","hPa","0.861","-0.02617","0.00035","0","0","13.56","Humid","28.00","0","54.00","359288.98","SABD0000000001","AAV1.0.0.11","1.1.2.0","PSt7-10","170328-007","9/30/2017 19:06:43","0000-00","0","no battery","V"
"09/09/2020","11:31:08","2","default","115855972","OXY_CH2","125.561","min","195.249","µmol/L","Humid","20.029","deg","76447","µV","30.056","°C","1015.000","hPa","35.3","pmil","0","53.237","deg","23.954","°C","100.000","%a.s.","21.023","deg","23.635","°C","1019.000","hPa","0.861","-0.02617","0.00035","0","0","13.56","Humid","28.00","0","54.00","359278.86","SABD0000000001","AAV1.0.0.11","1.1.2.0","PSt7-10","170328-007","9/30/2017 19:06:43","0000-00","0","no battery","V"
"09/09/2020","11:31:09","2","default","115855972","OXY_CH2","125.578","min","195.149","µmol/L","Humid","20.036","deg","76448","µV","30.051","°C","1015.000","hPa","35.3","pmil","0","53.237","deg","23.954","°C","100.000","%a.s.","21.023","deg","23.635","°C","1019.000","hPa","0.861","-0.02617","0.00035","0","0","13.56","Humid","28.00","0","54.00","359278.06","SABD0000000001","AAV1.0.0.11","1.1.2.0","PSt7-10","170328-007","9/30/2017 19:06:43","0000-00","0","no battery","V"
"09/09/2020","11:31:10","2","default","115855972","OXY_CH2","125.594","min","195.115","µmol/L","Humid","20.037","deg","76440","µV","30.054","°C","1015.000","hPa","35.3","pmil","0","53.237","deg","23.954","°C","100.000","%a.s.","21.023","deg","23.635","°C","1019.000","hPa","0.861","-0.02617","0.00035","0","0","13.56","Humid","28.00","0","54.00","359265.44","SABD0000000001","AAV1.0.0.11","1.1.2.0","PSt7-10","170328-007","9/30/2017 19:06:43","0000-00","0","no battery","V"
"09/09/2020","11:31:11","2","default","115855972","OXY_CH2","125.611","min","195.110","µmol/L","Humid","20.034","deg","76441","µV","30.063","°C","1015.000","hPa","35.3","pmil","0","53.237","deg","23.954","°C","100.000","%a.s.","21.023","deg","23.635","°C","1019.000","hPa","0.861","-0.02617","0.00035","0","0","13.56","Humid","28.00","0","54.00","359261.16","SABD0000000001","AAV1.0.0.11","1.1.2.0","PSt7-10","170328-007","9/30/2017 19:06:43","0000-00","0","no battery","V"
"09/09/2020","11:31:12","2","default","115855972","OXY_CH2","125.628","min","195.081","µmol/L","Humid","20.036","deg","76440","µV","30.062","°C","1015.000","hPa","35.3","pmil","0","53.237","deg","23.954","°C","100.000","%a.s.","21.023","deg","23.635","°C","1019.000","hPa","0.861","-0.02617","0.00035","0","0","13.56","Humid","28.00","0","54.00","359277.89","SABD0000000001","AAV1.0.0.11","1.1.2.0","PSt7-10","170328-007","9/30/2017 19:06:43","0000-00","0","no battery","V"
"09/09/2020","11:31:13","2","default","115855972","OXY_CH2","125.644","min","195.197","µmol/L","Humid","20.030","deg","76436","µV","30.061","°C","1015.000","hPa","35.3","pmil","0","53.237","deg","23.954","°C","100.000","%a.s.","21.023","deg","23.635","°C","1019.000","hPa","0.861","-0.02617","0.00035","0","0","13.56","Humid","28.00","0","54.00","359267.14","SABD0000000001","AAV1.0.0.11","1.1.2.0","PSt7-10","170328-007","9/30/2017 19:06:43","0000-00","0","no battery","V"
"09/09/2020","11:31:14","2","default","115855972","OXY_CH2","125.661","min","195.229","µmol/L","Humid","20.034","deg","76436","µV","30.044","°C","1015.000","hPa","35.3","pmil","0","53.237","deg","23.954","°C","100.000","%a.s.","21.023","deg","23.635","°C","1019.000","hPa","0.861","-0.02617","0.00035","0","0","13.56","Humid","28.00","0","54.00","359269.33","SABD0000000001","AAV1.0.0.11","1.1.2.0","PSt7-10","170328-007","9/30/2017 19:06:43","0000-00","0","no battery","V"
"09/09/2020","11:31:15","2","default","115855972","OXY_CH2","125.678","min","195.289","µmol/L","Humid","20.030","deg","76438","µV","30.046","°C","1015.000","hPa","35.3","pmil","0","53.237","deg","23.954","°C","100.000","%a.s.","21.023","deg","23.635","°C","1019.000","hPa","0.861","-0.02617","0.00035","0","0","13.56","Humid","28.00","0","54.00","359291.94","SABD0000000001","AAV1.0.0.11","1.1.2.0","PSt7-10","170328-007","9/30/2017 19:06:43","0000-00","0","no battery","V"
"09/09/2020","11:31:16","2","default","115855972","OXY_CH2","125.694","min","195.266","µmol/L","Humid","20.029","deg","76437","µV","30.053","°C","1015.000","hPa","35.3","pmil","0","53.237","deg","23.954","°C","100.000","%a.s.","21.023","deg","23.635","°C","1019.000","hPa","0.861","-0.02617","0.00035","0","0","13.56","Humid","28.00","0","54.00","359276.77","SABD0000000001","AAV1.0.0.11","1.1.2.0","PSt7-10","170328-007","9/30/2017 19:06:43","0000-00","0","no battery","V"
"09/09/2020","11:31:17","2","default","115855972","OXY_CH2","125.711","min","195.359","µmol/L","Humid","20.032","deg","76437","µV","30.029","°C","1015.000","hPa","35.3","pmil","0","53.237","deg","23.954","°C","100.000","%a.s.","21.023","deg","23.635","°C","1019.000","hPa","0.861","-0.02617","0.00035","0","0","13.56","Humid","28.00","0","54.00","359260.06","SABD0000000001","AAV1.0.0.11","1.1.2.0","PSt7-10","170328-007","9/30/2017 19:06:43","0000-00","0","no battery","V"
"09/09/2020","11:31:18","2","default","115855972","OXY_CH2","125.728","min","195.263","µmol/L","Humid","20.032","deg","76433","µV","30.044","°C","1015.000","hPa","35.3","pmil","0","53.237","deg","23.954","°C","100.000","%a.s.","21.023","deg","23.635","°C","1019.000","hPa","0.861","-0.02617","0.00035","0","0","13.56","Humid","28.00","0","54.00","359270.77","SABD0000000001","AAV1.0.0.11","1.1.2.0","PSt7-10","170328-007","9/30/2017 19:06:43","0000-00","0","no battery","V"
"09/09/2020","11:31:19","2","default","115855972","OXY_CH2","125.744","min","195.157","µmol/L","Humid","20.030","deg","76434","µV","30.067","°C","1015.000","hPa","35.3","pmil","0","53.237","deg","23.954","°C","100.000","%a.s.","21.023","deg","23.635","°C","1019.000","hPa","0.861","-0.02617","0.00035","0","0","13.56","Humid","28.00","0","54.00","359278.10","SABD0000000001","AAV1.0.0.11","1.1.2.0","PSt7-10","170328-007","9/30/2017 19:06:43","0000-00","0","no battery","V"
"09/09/2020","11:31:20","2","default","115855972","OXY_CH2","125.761","min","195.214","µmol/L","Humid","20.029","deg","76429","µV","30.061","°C","1015.000","hPa","35.3","pmil","0","53.237","deg","23.954","°C","100.000","%a.s.","21.023","deg","23.635","°C","1019.000","hPa","0.861","-0.02617","0.00035","0","0","13.56","Humid","28.00","0","54.00","359271.93","SABD0000000001","AAV1.0.0.11","1.1.2.0","PSt7-10","170328-007","9/30/2017 19:06:43","0000-00","0","no battery","V"
"09/09/2020","11:31:21","2","default","115855972","OXY_CH2","125.777","min","195.183","µmol/L","Humid","20.031","deg","76427","µV","30.060","°C","1015.000","hPa","35.3","pmil","0","53.237","deg","23.954","°C","100.000","%a.s.","21.023","deg","23.635","°C","1019.000","hPa","0.861","-0.02617","0.00035","0","0","13.56","Humid","28.00","0","54.00","359272.81","SABD0000000001","AAV1.0.0.11","1.1.2.0","PSt7-10","170328-007","9/30/2017 19:06:43","0000-00","0","no battery","V"
"09/09/2020","11:31:22","2","default","115855972","OXY_CH2","125.794","min","195.215","µmol/L","Humid","20.033","deg","76426","µV","30.049","°C","1015.000","hPa","35.3","pmil","0","53.237","deg","23.954","°C","100.000","%a.s.","21.023","deg","23.635","°C","1019.000","hPa","0.861","-0.02617","0.00035","0","0","13.56","Humid","28.00","0","54.00","359273.31","SABD0000000001","AAV1.0.0.11","1.1.2.0","PSt7-10","170328-007","9/30/2017 19:06:43","0000-00","0","no battery","V"
"09/09/2020","11:31:23","2","default","115855972","OXY_CH2","125.811","min","195.247","µmol/L","Humid","20.032","deg","76433","µV","30.047","°C","1015.000","hPa","35.3","pmil","0","53.237","deg","23.954","°C","100.000","%a.s.","21.023","deg","23.635","°C","1019.000","hPa","0.861","-0.02617","0.00035","0","0","13.56","Humid","28.00","0","54.00","359268.50","SABD0000000001","AAV1.0.0.11","1.1.2.0","PSt7-10","170328-007","9/30/2017 19:06:43","0000-00","0","no battery","V"
"09/09/2020","11:31:24","2","default","115855972","OXY_CH2","125.828","min","195.311","µmol/L","Humid","20.029","deg","76424","µV","30.045","°C","1015.000","hPa","35.3","pmil","0","53.237","deg","23.954","°C","100.000","%a.s.","21.023","deg","23.635","°C","1019.000","hPa","0.861","-0.02617","0.00035","0","0","13.56","Humid","28.00","0","54.00","359269.23","SABD0000000001","AAV1.0.0.11","1.1.2.0","PSt7-10","170328-007","9/30/2017 19:06:43","0000-00","0","no battery","V"
"09/09/2020","11:31:25","2","default","115855972","OXY_CH2","125.844","min","195.150","µmol/L","Humid","20.035","deg","76423","µV","30.054","°C","1015.000","hPa","35.3","pmil","0","53.237","deg","23.954","°C","100.000","%a.s.","21.023","deg","23.635","°C","1019.000","hPa","0.861","-0.02617","0.00035","0","0","13.56","Humid","28.00","0","54.00","359265.38","SABD0000000001","AAV1.0.0.11","1.1.2.0","PSt7-10","170328-007","9/30/2017 19:06:43","0000-00","0","no battery","V"
"09/09/2020","11:31:26","2","default","115855972","OXY_CH2","125.861","min","195.156","µmol/L","Humid","20.034","deg","76429","µV","30.056","°C","1015.000","hPa","35.3","pmil","0","53.237","deg","23.954","°C","100.000","%a.s.","21.023","deg","23.635","°C","1019.000","hPa","0.861","-0.02617","0.00035","0","0","13.56","Humid","28.00","0","54.00","359266.20","SABD0000000001","AAV1.0.0.11","1.1.2.0","PSt7-10","170328-007","9/30/2017 19:06:43","0000-00","0","no battery","V"
"09/09/2020","11:31:27","2","default","115855972","OXY_CH2","125.878","min","195.217","µmol/L","Humid","20.031","deg","76425","µV","30.055","°C","1015.000","hPa","35.3","pmil","0","53.237","deg","23.954","°C","100.000","%a.s.","21.023","deg","23.635","°C","1019.000","hPa","0.861","-0.02617","0.00035","0","0","13.56","Humid","28.00","0","54.00","359268.14","SABD0000000001","AAV1.0.0.11","1.1.2.0","PSt7-10","170328-007","9/30/2017 19:06:43","0000-00","0","no battery","V"
"09/09/2020","11:31:28","2","default","115855972","OXY_CH2","125.894","min","195.275","µmol/L","Humid","20.028","deg","76419","µV","30.054","°C","1015.000","hPa","35.3","pmil","0","53.237","deg","23.954","°C","100.000","%a.s.","21.023","deg","23.635","°C","1019.000","hPa","0.861","-0.02617","0.00035","0","0","13.56","Humid","28.00","0","54.00","359265.94","SABD0000000001","AAV1.0.0.11","1.1.2.0","PSt7-10","170328-007","9/30/2017 19:06:43","0000-00","0","no battery","V"
"09/09/2020","11:31:29","2","default","115855972","OXY_CH2","125.911","min","195.283","µmol/L","Humid","20.028","deg","76415","µV","30.053","°C","1015.000","hPa","35.3","pmil","0","53.237","deg","23.954","°C","100.000","%a.s.","21.023","deg","23.635","°C","1019.000","hPa","0.861","-0.02617","0.00035","0","0","13.56","Humid","28.00","0","54.00","359273.04","SABD0000000001","AAV1.0.0.11","1.1.2.0","PSt7-10","170328-007","9/30/2017 19:06:43","0000-00","0","no battery","V"
"09/09/2020","11:31:30","2","default","115855972","OXY_CH2","125.928","min","195.169","µmol/L","Humid","20.029","deg","76421","µV","30.068","°C","1015.000","hPa","35.3","pmil","0","53.237","deg","23.954","°C","100.000","%a.s.","21.023","deg","23.635","°C","1019.000","hPa","0.861","-0.02617","0.00035","0","0","13.56","Humid","28.00","0","54.00","359264.97","SABD0000000001","AAV1.0.0.11","1.1.2.0","PSt7-10","170328-007","9/30/2017 19:06:43","0000-00","0","no battery","V"
"09/09/2020","11:31:31","2","default","115855972","OXY_CH2","125.944","min","195.157","µmol/L","Humid","20.030","deg","76420","µV","30.067","°C","1015.000","hPa","35.3","pmil","0","53.237","deg","23.954","°C","100.000","%a.s.","21.023","deg","23.635","°C","1019.000","hPa","0.861","-0.02617","0.00035","0","0","13.56","Humid","28.00","0","54.00","359273.54","SABD0000000001","AAV1.0.0.11","1.1.2.0","PSt7-10","170328-007","9/30/2017 19:06:43","0000-00","0","no battery","V"
"09/09/2020","11:31:32","2","default","115855972","OXY_CH2","125.961","min","195.274","µmol/L","Humid","20.025","deg","76418","µV","30.063","°C","1015.000","hPa","35.3","pmil","0","53.237","deg","23.954","°C","100.000","%a.s.","21.023","deg","23.635","°C","1019.000","hPa","0.861","-0.02617","0.00035","0","0","13.56","Humid","28.00","0","54.00","359269.98","SABD0000000001","AAV1.0.0.11","1.1.2.0","PSt7-10","170328-007","9/30/2017 19:06:43","0000-00","0","no battery","V"
"09/09/2020","11:31:33","2","default","115855972","OXY_CH2","125.977","min","195.274","µmol/L","Humid","20.029","deg","76418","µV","30.051","°C","1015.000","hPa","35.3","pmil","0","53.237","deg","23.954","°C","100.000","%a.s.","21.023","deg","23.635","°C","1019.000","hPa","0.861","-0.02617","0.00035","0","0","13.56","Humid","28.00","0","54.00","359260.91","SABD0000000001","AAV1.0.0.11","1.1.2.0","PSt7-10","170328-007","9/30/2017 19:06:43","0000-00","0","no battery","V"
"09/09/2020","11:31:34","2","default","115855972","OXY_CH2","125.994","min","195.402","µmol/L","Humid","20.029","deg","76416","µV","30.031","°C","1015.000","hPa","35.3","pmil","0","53.237","deg","23.954","°C","100.000","%a.s.","21.023","deg","23.635","°C","1019.000","hPa","0.861","-0.02617","0.00035","0","0","13.56","Humid","28.00","0","54.00","359265.19","SABD0000000001","AAV1.0.0.11","1.1.2.0","PSt7-10","170328-007","9/30/2017 19:06:43","0000-00","0","no battery","V"
"09/09/2020","11:31:35","2","default","115855972","OXY_CH2","126.010","min","195.209","µmol/L","Humid","20.033","deg","76413","µV","30.050","°C","1015.000","hPa","35.3","pmil","0","53.237","deg","23.954","°C","100.000","%a.s.","21.023","deg","23.635","°C","1019.000","hPa","0.861","-0.02617","0.00035","0","0","13.56","Humid","28.00","0","54.00","359253.21","SABD0000000001","AAV1.0.0.11","1.1.2.0","PSt7-10","170328-007","9/30/2017 19:06:43","0000-00","0","no battery","V"
"09/09/2020","11:31:36","2","default","115855972","OXY_CH2","126.027","min","195.270","µmol/L","Humid","20.027","deg","76410","µV","30.058","°C","1015.000","hPa","35.3","pmil","0","53.237","deg","23.954","°C","100.000","%a.s.","21.023","deg","23.635","°C","1019.000","hPa","0.861","-0.02617","0.00035","0","0","13.56","Humid","28.00","0","54.00","359271.89","SABD0000000001","AAV1.0.0.11","1.1.2.0","PSt7-10","170328-007","9/30/2017 19:06:43","0000-00","0","no battery","V"
"09/09/2020","11:31:37","2","default","115855972","OXY_CH2","126.044","min","195.354","µmol/L","Humid","20.026","deg","76416","µV","30.047","°C","1015.000","hPa","35.3","pmil","0","53.237","deg","23.954","°C","100.000","%a.s.","21.023","deg","23.635","°C","1019.000","hPa","0.861","-0.02617","0.00035","0","0","13.56","Humid","28.00","0","54.00","359265.08","SABD0000000001","AAV1.0.0.11","1.1.2.0","PSt7-10","170328-007","9/30/2017 19:06:43","0000-00","0","no battery","V"
"09/09/2020","11:31:38","2","default","115855972","OXY_CH2","126.061","min","195.298","µmol/L","Humid","20.027","deg","76410","µV","30.053","°C","1015.000","hPa","35.3","pmil","0","53.237","deg","23.954","°C","100.000","%a.s.","21.023","deg","23.635","°C","1019.000","hPa","0.861","-0.02617","0.00035","0","0","13.56","Humid","28.00","0","54.00","359262.82","SABD0000000001","AAV1.0.0.11","1.1.2.0","PSt7-10","170328-007","9/30/2017 19:06:43","0000-00","0","no battery","V"
"09/09/2020","11:31:39","2","default","115855972","OXY_CH2","126.077","min","195.284","µmol/L","Humid","20.026","deg","76412","µV","30.059","°C","1015.000","hPa","35.3","pmil","0","53.237","deg","23.954","°C","100.000","%a.s.","21.023","deg","23.635","°C","1019.000","hPa","0.861","-0.02617","0.00035","0","0","13.56","Humid","28.00","0","54.00","359264.47","SABD0000000001","AAV1.0.0.11","1.1.2.0","PSt7-10","170328-007","9/30/2017 19:06:43","0000-00","0","no battery","V"
"09/09/2020","11:31:40","2","default","115855972","OXY_CH2","126.094","min","195.225","µmol/L","Humid","20.027","deg","76410","µV","30.065","°C","1015.000","hPa","35.3","pmil","0","53.237","deg","23.954","°C","100.000","%a.s.","21.023","deg","23.635","°C","1019.000","hPa","0.861","-0.02617","0.00035","0","0","13.56","Humid","28.00","0","54.00","359276.05","SABD0000000001","AAV1.0.0.11","1.1.2.0","PSt7-10","170328-007","9/30/2017 19:06:43","0000-00","0","no battery","V"
"09/09/2020","11:31:41","2","default","115855972","OXY_CH2","126.111","min","195.267","µmol/L","Humid","20.028","deg","76407","µV","30.055","°C","1015.000","hPa","35.3","pmil","0","53.237","deg","23.954","°C","100.000","%a.s.","21.023","deg","23.635","°C","1019.000","hPa","0.861","-0.02617","0.00035","0","0","13.56","Humid","28.00","0","54.00","359257.99","SABD0000000001","AAV1.0.0.11","1.1.2.0","PSt7-10","170328-007","9/30/2017 19:06:43","0000-00","0","no battery","V"
"09/09/2020","11:31:42","2","default","115855972","OXY_CH2","126.127","min","195.212","µmol/L","Humid","20.031","deg","76406","µV","30.056","°C","1015.000","hPa","35.3","pmil","0","53.237","deg","23.954","°C","100.000","%a.s.","21.023","deg","23.635","°C","1019.000","hPa","0.861","-0.02617","0.00035","0","0","13.56","Humid","28.00","0","54.00","359248.25","SABD0000000001","AAV1.0.0.11","1.1.2.0","PSt7-10","170328-007","9/30/2017 19:06:43","0000-00","0","no battery","V"
"09/09/2020","11:31:43","2","default","115855972","OXY_CH2","126.144","min","195.263","µmol/L","Humid","20.027","deg","76414","µV","30.059","°C","1015.000","hPa","35.3","pmil","0","53.237","deg","23.954","°C","100.000","%a.s.","21.023","deg","23.635","°C","1019.000","hPa","0.861","-0.02617","0.00035","0","0","13.56","Humid","28.00","0","54.00","359268.68","SABD0000000001","AAV1.0.0.11","1.1.2.0","PSt7-10","170328-007","9/30/2017 19:06:43","0000-00","0","no battery","V"
"09/09/2020","11:31:44","2","default","115855972","OXY_CH2","126.161","min","195.224","µmol/L","Humid","20.030","deg","76411","µV","30.057","°C","1015.000","hPa","35.3","pmil","0","53.237","deg","23.954","°C","100.000","%a.s.","21.023","deg","23.635","°C","1019.000","hPa","0.861","-0.02617","0.00035","0","0","13.56","Humid","28.00","0","54.00","359260.89","SABD0000000001","AAV1.0.0.11","1.1.2.0","PSt7-10","170328-007","9/30/2017 19:06:43","0000-00","0","no battery","V"
"09/09/2020","11:31:45","2","default","115855972","OXY_CH2","126.177","min","195.248","µmol/L","Humid","20.029","deg","76403","µV","30.056","°C","1015.000","hPa","35.3","pmil","0","53.237","deg","23.954","°C","100.000","%a.s.","21.023","deg","23.635","°C","1019.000","hPa","0.861","-0.02617","0.00035","0","0","13.56","Humid","28.00","0","54.00","359251.66","SABD0000000001","AAV1.0.0.11","1.1.2.0","PSt7-10","170328-007","9/30/2017 19:06:43","0000-00","0","no battery","V"
"09/09/2020","11:31:46","2","default","115855972","OXY_CH2","126.194","min","195.308","µmol/L","Humid","20.030","deg","76406","µV","30.043","°C","1015.000","hPa","35.3","pmil","0","53.237","deg","23.954","°C","100.000","%a.s.","21.023","deg","23.635","°C","1019.000","hPa","0.861","-0.02617","0.00035","0","0","13.56","Humid","28.00","0","54.00","359254.50","SABD0000000001","AAV1.0.0.11","1.1.2.0","PSt7-10","170328-007","9/30/2017 19:06:43","0000-00","0","no battery","V"
"09/09/2020","11:31:47","2","default","115855972","OXY_CH2","126.211","min","195.352","µmol/L","Humid","20.024","deg","76407","µV","30.053","°C","1015.000","hPa","35.3","pmil","0","53.237","deg","23.954","°C","100.000","%a.s.","21.023","deg","23.635","°C","1019.000","hPa","0.861","-0.02617","0.00035","0","0","13.56","Humid","28.00","0","54.00","359253.89","SABD0000000001","AAV1.0.0.11","1.1.2.0","PSt7-10","170328-007","9/30/2017 19:06:43","0000-00","0","no battery","V"
"09/09/2020","11:31:48","2","default","115855972","OXY_CH2","126.228","min","195.319","µmol/L","Humid","20.027","deg","76400","µV","30.050","°C","1015.000","hPa","35.3","pmil","0","53.237","deg","23.954","°C","100.000","%a.s.","21.023","deg","23.635","°C","1019.000","hPa","0.861","-0.02617","0.00035","0","0","13.56","Humid","28.00","0","54.00","359248.61","SABD0000000001","AAV1.0.0.11","1.1.2.0","PSt7-10","170328-007","9/30/2017 19:06:43","0000-00","0","no battery","V"
"09/09/2020","11:31:49","2","default","115855972","OXY_CH2","126.244","min","195.112","µmol/L","Humid","20.030","deg","76406","µV","30.075","°C","1015.000","hPa","35.3","pmil","0","53.237","deg","23.954","°C","100.000","%a.s.","21.023","deg","23.635","°C","1019.000","hPa","0.861","-0.02617","0.00035","0","0","13.56","Humid","28.00","0","54.00","359241.81","SABD0000000001","AAV1.0.0.11","1.1.2.0","PSt7-10","170328-007","9/30/2017 19:06:43","0000-00","0","no battery","V"
"09/09/2020","11:31:50","2","default","115855972","OXY_CH2","126.261","min","195.343","µmol/L","Humid","20.022","deg","76409","µV","30.061","°C","1015.000","hPa","35.3","pmil","0","53.237","deg","23.954","°C","100.000","%a.s.","21.023","deg","23.635","°C","1019.000","hPa","0.861","-0.02617","0.00035","0","0","13.56","Humid","28.00","0","54.00","359239.55","SABD0000000001","AAV1.0.0.11","1.1.2.0","PSt7-10","170328-007","9/30/2017 19:06:43","0000-00","0","no battery","V"
"09/09/2020","11:31:51","2","default","115855972","OXY_CH2","126.278","min","195.317","µmol/L","Humid","20.026","deg","76402","µV","30.053","°C","1015.000","hPa","35.3","pmil","0","53.237","deg","23.954","°C","100.000","%a.s.","21.023","deg","23.635","°C","1019.000","hPa","0.861","-0.02617","0.00035","0","0","13.56","Humid","28.00","0","54.00","359249.49","SABD0000000001","AAV1.0.0.11","1.1.2.0","PSt7-10","170328-007","9/30/2017 19:06:43","0000-00","0","no battery","V"
"09/09/2020","11:31:52","2","default","115855972","OXY_CH2","126.294","min","195.365","µmol/L","Humid","20.023","deg","76402","µV","30.054","°C","1015.000","hPa","35.3","pmil","0","53.237","deg","23.954","°C","100.000","%a.s.","21.023","deg","23.635","°C","1019.000","hPa","0.861","-0.02617","0.00035","0","0","13.56","Humid","28.00","0","54.00","359254.07","SABD0000000001","AAV1.0.0.11","1.1.2.0","PSt7-10","170328-007","9/30/2017 19:06:43","0000-00","0","no battery","V"
"09/09/2020","11:31:53","2","default","115855972","OXY_CH2","126.311","min","195.277","µmol/L","Humid","20.027","deg","76399","µV","30.057","°C","1015.000","hPa","35.3","pmil","0","53.237","deg","23.954","°C","100.000","%a.s.","21.023","deg","23.635","°C","1019.000","hPa","0.861","-0.02617","0.00035","0","0","13.56","Humid","28.00","0","54.00","359261.28","SABD0000000001","AAV1.0.0.11","1.1.2.0","PSt7-10","170328-007","9/30/2017 19:06:43","0000-00","0","no battery","V"
"09/09/2020","11:31:54","2","default","115855972","OXY_CH2","126.327","min","195.254","µmol/L","Humid","20.026","deg","76399","µV","30.063","°C","1015.000","hPa","35.3","pmil","0","53.237","deg","23.954","°C","100.000","%a.s.","21.023","deg","23.635","°C","1019.000","hPa","0.861","-0.02617","0.00035","0","0","13.56","Humid","28.00","0","54.00","359252.76","SABD0000000001","AAV1.0.0.11","1.1.2.0","PSt7-10","170328-007","9/30/2017 19:06:43","0000-00","0","no battery","V"
"09/09/2020","11:31:55","2","default","115855972","OXY_CH2","126.344","min","195.441","µmol/L","Humid","20.023","deg","76398","µV","30.042","°C","1015.000","hPa","35.3","pmil","0","53.237","deg","23.954","°C","100.000","%a.s.","21.023","deg","23.635","°C","1019.000","hPa","0.861","-0.02617","0.00035","0","0","13.56","Humid","28.00","0","54.00","359245.23","SABD0000000001","AAV1.0.0.11","1.1.2.0","PSt7-10","170328-007","9/30/2017 19:06:43","0000-00","0","no battery","V"
"09/09/2020","11:31:56","2","default","115855972","OXY_CH2","126.360","min","195.351","µmol/L","Humid","20.024","deg","76392","µV","30.054","°C","1015.000","hPa","35.3","pmil","0","53.237","deg","23.954","°C","100.000","%a.s.","21.023","deg","23.635","°C","1019.000","hPa","0.861","-0.02617","0.00035","0","0","13.56","Humid","28.00","0","54.00","359249.55","SABD0000000001","AAV1.0.0.11","1.1.2.0","PSt7-10","170328-007","9/30/2017 19:06:43","0000-00","0","no battery","V"
"09/09/2020","11:31:57","2","default","115855972","OXY_CH2","126.379","min","195.460","µmol/L","Humid","20.021","deg","76396","µV","30.045","°C","1015.000","hPa","35.3","pmil","0","53.237","deg","23.954","°C","100.000","%a.s.","21.023","deg","23.635","°C","1019.000","hPa","0.861","-0.02617","0.00035","0","0","13.56","Humid","28.00","0","54.00","359249.09","SABD0000000001","AAV1.0.0.11","1.1.2.0","PSt7-10","170328-007","9/30/2017 19:06:43","0000-00","0","no battery","V"
"09/09/2020","11:31:58","2","default","115855972","OXY_CH2","126.394","min","195.397","µmol/L","Humid","20.021","deg","76390","µV","30.055","°C","1015.000","hPa","35.3","pmil","0","53.237","deg","23.954","°C","100.000","%a.s.","21.023","deg","23.635","°C","1019.000","hPa","0.861","-0.02617","0.00035","0","0","13.56","Humid","28.00","0","54.00","359247.79","SABD0000000001","AAV1.0.0.11","1.1.2.0","PSt7-10","170328-007","9/30/2017 19:06:43","0000-00","0","no battery","V"
"09/09/2020","11:31:59","2","default","115855972","OXY_CH2","126.411","min","195.268","µmol/L","Humid","20.024","deg","76395","µV","30.067","°C","1015.000","hPa","35.3","pmil","0","53.237","deg","23.954","°C","100.000","%a.s.","21.023","deg","23.635","°C","1019.000","hPa","0.861","-0.02617","0.00035","0","0","13.56","Humid","28.00","0","54.00","359253.33","SABD0000000001","AAV1.0.0.11","1.1.2.0","PSt7-10","170328-007","9/30/2017 19:06:43","0000-00","0","no battery","V"
"09/09/2020","11:32:00","2","default","115855972","OXY_CH2","126.427","min","195.292","µmol/L","Humid","20.023","deg","76394","µV","30.066","°C","1015.000","hPa","35.3","pmil","0","53.237","deg","23.954","°C","100.000","%a.s.","21.023","deg","23.635","°C","1019.000","hPa","0.861","-0.02617","0.00035","0","0","13.56","Humid","28.00","0","54.00","359247.14","SABD0000000001","AAV1.0.0.11","1.1.2.0","PSt7-10","170328-007","9/30/2017 19:06:43","0000-00","0","no battery","V"
"09/09/2020","11:32:01","2","default","115855972","OXY_CH2","126.444","min","195.418","µmol/L","Humid","20.020","deg","76396","µV","30.055","°C","1015.000","hPa","35.3","pmil","0","53.237","deg","23.954","°C","100.000","%a.s.","21.023","deg","23.635","°C","1019.000","hPa","0.861","-0.02617","0.00035","0","0","13.56","Humid","28.00","0","54.00","359236.32","SABD0000000001","AAV1.0.0.11","1.1.2.0","PSt7-10","170328-007","9/30/2017 19:06:43","0000-00","0","no battery","V"
"09/09/2020","11:32:02","2","default","115855972","OXY_CH2","126.461","min","195.277","µmol/L","Humid","20.024","deg","76395","µV","30.066","°C","1015.000","hPa","35.3","pmil","0","53.237","deg","23.954","°C","100.000","%a.s.","21.023","deg","23.635","°C","1019.000","hPa","0.861","-0.02617","0.00035","0","0","13.56","Humid","28.00","0","54.00","359255.34","SABD0000000001","AAV1.0.0.11","1.1.2.0","PSt7-10","170328-007","9/30/2017 19:06:43","0000-00","0","no battery","V"
"09/09/2020","11:32:03","2","default","115855972","OXY_CH2","126.477","min","195.313","µmol/L","Humid","20.021","deg","76388","µV","30.069","°C","1015.000","hPa","35.3","pmil","0","53.237","deg","23.954","°C","100.000","%a.s.","21.023","deg","23.635","°C","1019.000","hPa","0.861","-0.02617","0.00035","0","0","13.56","Humid","28.00","0","54.00","359242.88","SABD0000000001","AAV1.0.0.11","1.1.2.0","PSt7-10","170328-007","9/30/2017 19:06:43","0000-00","0","no battery","V"
"09/09/2020","11:32:04","2","default","115855972","OXY_CH2","126.494","min","195.519","µmol/L","Humid","20.020","deg","76398","µV","30.038","°C","1015.000","hPa","35.3","pmil","0","53.237","deg","23.954","°C","100.000","%a.s.","21.023","deg","23.635","°C","1019.000","hPa","0.861","-0.02617","0.00035","0","0","13.56","Humid","28.00","0","54.00","359253.22","SABD0000000001","AAV1.0.0.11","1.1.2.0","PSt7-10","170328-007","9/30/2017 19:06:43","0000-00","0","no battery","V"
"09/09/2020","11:32:05","2","default","115855972","OXY_CH2","126.511","min","195.418","µmol/L","Humid","20.026","deg","76394","µV","30.037","°C","1015.000","hPa","35.3","pmil","0","53.237","deg","23.954","°C","100.000","%a.s.","21.023","deg","23.635","°C","1019.000","hPa","0.861","-0.02617","0.00035","0","0","13.56","Humid","28.00","0","54.00","359255.09","SABD0000000001","AAV1.0.0.11","1.1.2.0","PSt7-10","170328-007","9/30/2017 19:06:43","0000-00","0","no battery","V"

"Date","Time","delta_t","Device_Serial","Channel","User","Annotation"
