"PreSens Measurement Studio 2","1.1.2.0",""
"Date","Time","Channel","User","SensorID","Sensor_Name","delta_t","Time_Unit","Value","O2_Unit","Mode","Phase","Phase_Unit","Amplitude","Amplitude_Unit","Temp","Temp_Unit","Pressure","Pressure_Unit","Salinity","Salinity_Unit","Error","Cal0","Cal0_Unit","T0","T0_Unit","O2Cal2nd","O2_Unit","Cal2nd","Cal2nd_Unit","T2nd","T2nd_Unit","CalPressure","CalPressure_Unit","f1","dPhi1","dkSv1","dPhi2","dkSv2","m","Cal_Mode","SignalLEDCurrent","User_Signal_Intensity","ReferenceLEDCurrent","Reference_Amplitude","Device_Serial","FwVersion","SwVersion","Sensor_Type","BatchID","Calibration_Date","Sensor_Lot","PreSens_Calibr","Battery_Voltage","Battery_Voltage_Unit"
"11/02/2020","11:14:23","1","default","640513929","OXY_CH1","0.000","min","175.642","µmol/L","Humid","21.681","deg","40909","µV","28.338","°C","1018.000","hPa","35.3","pmil","0","55.520","deg","20.000","°C","100.000","%a.s.","21.750","deg","20.000","°C","977.000","hPa","0.861","-0.02617","0.00035","0","0","13.56","Humid","24.85","0","70.00","288036.67","SABD0000000001","AAV1.0.0.11","1.1.2.0","PSt7-10","170328-006","1/4/2020 10:31:52","0000-00","0","no battery","V"
"11/02/2020","11:14:24","1","default","640513929","OXY_CH1","0.025","min","175.491","µmol/L","Humid","21.692","deg","40910","µV","28.335","°C","1018.000","hPa","35.3","pmil","0","55.520","deg","20.000","°C","100.000","%a.s.","21.750","deg","20.000","°C","977.000","hPa","0.861","-0.02617","0.00035","0","0","13.56","Humid","24.85","0","70.00","287998.15","SABD0000000001","AAV1.0.0.11","1.1.2.0","PSt7-10","170328-006","1/4/2020 10:31:52","0000-00","0","no battery","V"
"11/02/2020","11:14:25","1","default","640513929","OXY_CH1","0.042","min","175.563","µmol/L","Humid","21.693","deg","40899","µV","28.318","°C","1018.000","hPa","35.3","pmil","0","55.520","deg","20.000","°C","100.000","%a.s.","21.750","deg","20.000","°C","977.000","hPa","0.861","-0.02617","0.00035","0","0","13.56","Humid","24.85","0","70.00","287947.89","SABD0000000001","AAV1.0.0.11","1.1.2.0","PSt7-10","170328-006","1/4/2020 10:31:52","0000-00","0","no battery","V"
"11/02/2020","11:14:26","1","default","640513929","OXY_CH1","0.058","min","175.577","µmol/L","Humid","21.692","deg","40897","µV","28.318","°C","1018.000","hPa","35.3","pmil","0","55.520","deg","20.000","°C","100.000","%a.s.","21.750","deg","20.000","°C","977.000","hPa","0.861","-0.02617","0.00035","0","0","13.56","Humid","24.85","0","70.00","287912.68","SABD0000000001","AAV1.0.0.11","1.1.2.0","PSt7-10","170328-006","1/4/2020 10:31:52","0000-00","0","no battery","V"
"11/02/2020","11:14:27","1","default","640513929","OXY_CH1","0.075","min","175.457","µmol/L","Humid","21.695","deg","40890","µV","28.332","°C","1018.000","hPa","35.3","pmil","0","55.520","deg","20.000","°C","100.000","%a.s.","21.750","deg","20.000","°C","977.000","hPa","0.861","-0.02617","0.00035","0","0","13.56","Humid","24.85","0","70.00","287913.08","SABD0000000001","AAV1.0.0.11","1.1.2.0","PSt7-10","170328-006","1/4/2020 10:31:52","0000-00","0","no battery","V"
"11/02/2020","11:14:28","1","default","640513929","OXY_CH1","0.092","min","175.555","µmol/L","Humid","21.692","deg","40898","µV","28.322","°C","1018.000","hPa","35.3","pmil","0","55.520","deg","20.000","°C","100.000","%a.s.","21.750","deg","20.000","°C","977.000","hPa","0.861","-0.02617","0.00035","0","0","13.56","Humid","24.85","0","70.00","287898.72","SABD0000000001","AAV1.0.0.11","1.1.2.0","PSt7-10","170328-006","1/4/2020 10:31:52","0000-00","0","no battery","V"
"11/02/2020","11:14:29","1","default","640513929","OXY_CH1","0.109","min","175.428","µmol/L","Humid","21.702","deg","40893","µV","28.317","°C","1018.000","hPa","35.3","pmil","0","55.520","deg","20.000","°C","100.000","%a.s.","21.750","deg","20.000","°C","977.000","hPa","0.861","-0.02617","0.00035","0","0","13.56","Humid","24.85","0","70.00","287882.67","SABD0000000001","AAV1.0.0.11","1.1.2.0","PSt7-10","170328-006","1/4/2020 10:31:52","0000-00","0","no battery","V"
"11/02/2020","11:14:30","1","default","640513929","OXY_CH1","0.125","min","175.389","µmol/L","Humid","21.704","deg","40892","µV","28.319","°C","1018.000","hPa","35.3","pmil","0","55.520","deg","20.000","°C","100.000","%a.s.","21.750","deg","20.000","°C","977.000","hPa","0.861","-0.02617","0.00035","0","0","13.56","Humid","24.85","0","70.00","287871.37","SABD0000000001","AAV1.0.0.11","1.1.2.0","PSt7-10","170328-006","1/4/2020 10:31:52","0000-00","0","no battery","V"
"11/02/2020","11:14:31","1","default","640513929","OXY_CH1","0.142","min","175.485","µmol/L","Humid","21.698","deg","40901","µV","28.318","°C","1018.000","hPa","35.3","pmil","0","55.520","deg","20.000","°C","100.000","%a.s.","21.750","deg","20.000","°C","977.000","hPa","0.861","-0.02617","0.00035","0","0","13.56","Humid","24.85","0","70.00","287868.92","SABD0000000001","AAV1.0.0.11","1.1.2.0","PSt7-10","170328-006","1/4/2020 10:31:52","0000-00","0","no battery","V"
"11/02/2020","11:14:32","1","default","640513929","OXY_CH1","0.159","min","175.354","µmol/L","Humid","21.705","deg","40900","µV","28.324","°C","1019.000","hPa","35.3","pmil","0","55.520","deg","20.000","°C","100.000","%a.s.","21.750","deg","20.000","°C","977.000","hPa","0.861","-0.02617","0.00035","0","0","13.56","Humid","24.85","0","70.00","287853.16","SABD0000000001","AAV1.0.0.11","1.1.2.0","PSt7-10","170328-006","1/4/2020 10:31:52","0000-00","0","no battery","V"
"11/02/2020","11:14:33","1","default","640513929","OXY_CH1","0.176","min","175.440","µmol/L","Humid","21.701","deg","40900","µV","28.319","°C","1019.000","hPa","35.3","pmil","0","55.520","deg","20.000","°C","100.000","%a.s.","21.750","deg","20.000","°C","977.000","hPa","0.861","-0.02617","0.00035","0","0","13.56","Humid","24.85","0","70.00","287862.67","SABD0000000001","AAV1.0.0.11","1.1.2.0","PSt7-10","170328-006","1/4/2020 10:31:52","0000-00","0","no battery","V"
"11/02/2020","11:14:34","1","default","640513929","OXY_CH1","0.192","min","175.325","µmol/L","Humid","21.710","deg","40897","µV","28.314","°C","1018.000","hPa","35.3","pmil","0","55.520","deg","20.000","°C","100.000","%a.s.","21.750","deg","20.000","°C","977.000","hPa","0.861","-0.02617","0.00035","0","0","13.56","Humid","24.85","0","70.00","287842.51","SABD0000000001","AAV1.0.0.11","1.1.2.0","PSt7-10","170328-006","1/4/2020 10:31:52","0000-00","0","no battery","V"
"11/02/2020","11:14:35","1","default","640513929","OXY_CH1","0.209","min","175.316","µmol/L","Humid","21.712","deg","40899","µV","28.310","°C","1018.000","hPa","35.3","pmil","0","55.520","deg","20.000","°C","100.000","%a.s.","21.750","deg","20.000","°C","977.000","hPa","0.861","-0.02617","0.00035","0","0","13.56","Humid","24.85","0","70.00","287838.06","SABD0000000001","AAV1.0.0.11","1.1.2.0","PSt7-10","170328-006","1/4/2020 10:31:52","0000-00","0","no battery","V"
"11/02/2020","11:14:36","1","default","640513929","OXY_CH1","0.226","min","175.394","µmol/L","Humid","21.708","deg","40891","µV","28.306","°C","1018.000","hPa","35.3","pmil","0","55.520","deg","20.000","°C","100.000","%a.s.","21.750","deg","20.000","°C","977.000","hPa","0.861","-0.02617","0.00035","0","0","13.56","Humid","24.85","0","70.00","287833.56","SABD0000000001","AAV1.0.0.11","1.1.2.0","PSt7-10","170328-006","1/4/2020 10:31:52","0000-00","0","no battery","V"
"11/02/2020","11:14:37","1","default","640513929","OXY_CH1","0.242","min","175.255","µmol/L","Humid","21.716","deg","40897","µV","28.310","°C","1018.000","hPa","35.3","pmil","0","55.520","deg","20.000","°C","100.000","%a.s.","21.750","deg","20.000","°C","977.000","hPa","0.861","-0.02617","0.00035","0","0","13.56","Humid","24.85","0","70.00","287831.88","SABD0000000001","AAV1.0.0.11","1.1.2.0","PSt7-10","170328-006","1/4/2020 10:31:52","0000-00","0","no battery","V"
"11/02/2020","11:14:38","1","default","640513929","OXY_CH1","0.258","min","175.352","µmol/L","Humid","21.709","deg","40897","µV","28.311","°C","1018.000","hPa","35.3","pmil","0","55.520","deg","20.000","°C","100.000","%a.s.","21.750","deg","20.000","°C","977.000","hPa","0.861","-0.02617","0.00035","0","0","13.56","Humid","24.85","0","70.00","287833.72","SABD0000000001","AAV1.0.0.11","1.1.2.0","PSt7-10","170328-006","1/4/2020 10:31:52","0000-00","0","no battery","V"
"11/02/2020","11:14:39","1","default","640513929","OXY_CH1","0.275","min","175.433","µmol/L","Humid","21.708","deg","40892","µV","28.299","°C","1018.000","hPa","35.3","pmil","0","55.520","deg","20.000","°C","100.000","%a.s.","21.750","deg","20.000","°C","977.000","hPa","0.861","-0.02617","0.00035","0","0","13.56","Humid","24.85","0","70.00","287835.52","SABD0000000001","AAV1.0.0.11","1.1.2.0","PSt7-10","170328-006","1/4/2020 10:31:52","0000-00","0","no battery","V"
"11/02/2020","11:14:40","1","default","640513929","OXY_CH1","0.292","min","175.434","µmol/L","Humid","21.707","deg","40895","µV","28.302","°C","1018.000","hPa","35.3","pmil","0","55.520","deg","20.000","°C","100.000","%a.s.","21.750","deg","20.000","°C","977.000","hPa","0.861","-0.02617","0.00035","0","0","13.56","Humid","24.85","0","70.00","287827.38","SABD0000000001","AAV1.0.0.11","1.1.2.0","PSt7-10","170328-006","1/4/2020 10:31:52","0000-00","0","no battery","V"
"11/02/2020","11:14:41","1","default","640513929","OXY_CH1","0.309","min","175.245","µmol/L","Humid","21.716","deg","40901","µV","28.311","°C","1018.000","hPa","35.3","pmil","0","55.520","deg","20.000","°C","100.000","%a.s.","21.750","deg","20.000","°C","977.000","hPa","0.861","-0.02617","0.00035","0","0","13.56","Humid","24.85","0","70.00","287822.30","SABD0000000001","AAV1.0.0.11","1.1.2.0","PSt7-10","170328-006","1/4/2020 10:31:52","0000-00","0","no battery","V"
"11/02/2020","11:14:42","1","default","640513929","OXY_CH1","0.325","min","175.224","µmol/L","Humid","21.714","deg","40908","µV","28.321","°C","1018.000","hPa","35.3","pmil","0","55.520","deg","20.000","°C","100.000","%a.s.","21.750","deg","20.000","°C","977.000","hPa","0.861","-0.02617","0.00035","0","0","13.56","Humid","24.85","0","70.00","287827.24","SABD0000000001","AAV1.0.0.11","1.1.2.0","PSt7-10","170328-006","1/4/2020 10:31:52","0000-00","0","no battery","V"
"11/02/2020","11:14:43","1","default","640513929","OXY_CH1","0.342","min","175.124","µmol/L","Humid","21.722","deg","40904","µV","28.317","°C","1018.000","hPa","35.3","pmil","0","55.520","deg","20.000","°C","100.000","%a.s.","21.750","deg","20.000","°C","977.000","hPa","0.861","-0.02617","0.00035","0","0","13.56","Humid","24.85","0","70.00","287819.20","SABD0000000001","AAV1.0.0.11","1.1.2.0","PSt7-10","170328-006","1/4/2020 10:31:52","0000-00","0","no battery","V"
"11/02/2020","11:14:44","1","default","640513929","OXY_CH1","0.359","min","175.226","µmol/L","Humid","21.717","deg","40901","µV","28.312","°C","1018.000","hPa","35.3","pmil","0","55.520","deg","20.000","°C","100.000","%a.s.","21.750","deg","20.000","°C","977.000","hPa","0.861","-0.02617","0.00035","0","0","13.56","Humid","24.85","0","70.00","287809.67","SABD0000000001","AAV1.0.0.11","1.1.2.0","PSt7-10","170328-006","1/4/2020 10:31:52","0000-00","0","no battery","V"
"11/02/2020","11:14:45","1","default","640513929","OXY_CH1","0.376","min","175.230","µmol/L","Humid","21.716","deg","40907","µV","28.314","°C","1018.000","hPa","35.3","pmil","0","55.520","deg","20.000","°C","100.000","%a.s.","21.750","deg","20.000","°C","977.000","hPa","0.861","-0.02617","0.00035","0","0","13.56","Humid","24.85","0","70.00","287820.90","SABD0000000001","AAV1.0.0.11","1.1.2.0","PSt7-10","170328-006","1/4/2020 10:31:52","0000-00","0","no battery","V"
"11/02/2020","11:14:46","1","default","640513929","OXY_CH1","0.392","min","175.210","µmol/L","Humid","21.721","deg","40907","µV","28.304","°C","1018.000","hPa","35.3","pmil","0","55.520","deg","20.000","°C","100.000","%a.s.","21.750","deg","20.000","°C","977.000","hPa","0.861","-0.02617","0.00035","0","0","13.56","Humid","24.85","0","70.00","287821.01","SABD0000000001","AAV1.0.0.11","1.1.2.0","PSt7-10","170328-006","1/4/2020 10:31:52","0000-00","0","no battery","V"
"11/02/2020","11:14:47","1","default","640513929","OXY_CH1","0.408","min","175.259","µmol/L","Humid","21.714","deg","40910","µV","28.315","°C","1018.000","hPa","35.3","pmil","0","55.520","deg","20.000","°C","100.000","%a.s.","21.750","deg","20.000","°C","977.000","hPa","0.861","-0.02617","0.00035","0","0","13.56","Humid","24.85","0","70.00","287814.20","SABD0000000001","AAV1.0.0.11","1.1.2.0","PSt7-10","170328-006","1/4/2020 10:31:52","0000-00","0","no battery","V"
"11/02/2020","11:14:48","1","default","640513929","OXY_CH1","0.425","min","175.332","µmol/L","Humid","21.710","deg","40914","µV","28.312","°C","1018.000","hPa","35.3","pmil","0","55.520","deg","20.000","°C","100.000","%a.s.","21.750","deg","20.000","°C","977.000","hPa","0.861","-0.02617","0.00035","0","0","13.56","Humid","24.85","0","70.00","287812.01","SABD0000000001","AAV1.0.0.11","1.1.2.0","PSt7-10","170328-006","1/4/2020 10:31:52","0000-00","0","no battery","V"
"11/02/2020","11:14:49","1","default","640513929","OXY_CH1","0.442","min","175.266","µmol/L","Humid","21.723","deg","40915","µV","28.287","°C","1018.000","hPa","35.3","pmil","0","55.520","deg","20.000","°C","100.000","%a.s.","21.750","deg","20.000","°C","977.000","hPa","0.861","-0.02617","0.00035","0","0","13.56","Humid","24.85","0","70.00","287802.58","SABD0000000001","AAV1.0.0.11","1.1.2.0","PSt7-10","170328-006","1/4/2020 10:31:52","0000-00","0","no battery","V"
"11/02/2020","11:14:50","1","default","640513929","OXY_CH1","0.459","min","175.207","µmol/L","Humid","21.723","deg","40912","µV","28.298","°C","1018.000","hPa","35.3","pmil","0","55.520","deg","20.000","°C","100.000","%a.s.","21.750","deg","20.000","°C","977.000","hPa","0.861","-0.02617","0.00035","0","0","13.56","Humid","24.85","0","70.00","287793.48","SABD0000000001","AAV1.0.0.11","1.1.2.0","PSt7-10","170328-006","1/4/2020 10:31:52","0000-00","0","no battery","V"
"11/02/2020","11:14:51","1","default","640513929","OXY_CH1","0.475","min","175.151","µmol/L","Humid","21.727","deg","40912","µV","28.297","°C","1018.000","hPa","35.3","pmil","0","55.520","deg","20.000","°C","100.000","%a.s.","21.750","deg","20.000","°C","977.000","hPa","0.861","-0.02617","0.00035","0","0","13.56","Humid","24.85","0","70.00","287791.72","SABD0000000001","AAV1.0.0.11","1.1.2.0","PSt7-10","170328-006","1/4/2020 10:31:52","0000-00","0","no battery","V"
"11/02/2020","11:14:52","1","default","640513929","OXY_CH1","0.492","min","175.141","µmol/L","Humid","21.726","deg","40905","µV","28.302","°C","1018.000","hPa","35.3","pmil","0","55.520","deg","20.000","°C","100.000","%a.s.","21.750","deg","20.000","°C","977.000","hPa","0.861","-0.02617","0.00035","0","0","13.56","Humid","24.85","0","70.00","287786.01","SABD0000000001","AAV1.0.0.11","1.1.2.0","PSt7-10","170328-006","1/4/2020 10:31:52","0000-00","0","no battery","V"
"11/02/2020","11:14:53","1","default","640513929","OXY_CH1","0.509","min","174.992","µmol/L","Humid","21.735","deg","40917","µV","28.304","°C","1018.000","hPa","35.3","pmil","0","55.520","deg","20.000","°C","100.000","%a.s.","21.750","deg","20.000","°C","977.000","hPa","0.861","-0.02617","0.00035","0","0","13.56","Humid","24.85","0","70.00","287783.09","SABD0000000001","AAV1.0.0.11","1.1.2.0","PSt7-10","170328-006","1/4/2020 10:31:52","0000-00","0","no battery","V"
"11/02/2020","11:14:54","1","default","640513929","OXY_CH1","0.526","min","175.094","µmol/L","Humid","21.730","deg","40914","µV","28.299","°C","1018.000","hPa","35.3","pmil","0","55.520","deg","20.000","°C","100.000","%a.s.","21.750","deg","20.000","°C","977.000","hPa","0.861","-0.02617","0.00035","0","0","13.56","Humid","24.85","0","70.00","287781.62","SABD0000000001","AAV1.0.0.11","1.1.2.0","PSt7-10","170328-006","1/4/2020 10:31:52","0000-00","0","no battery","V"
"11/02/2020","11:14:55","1","default","640513929","OXY_CH1","0.542","min","175.249","µmol/L","Humid","21.718","deg","40915","µV","28.305","°C","1018.000","hPa","35.3","pmil","0","55.520","deg","20.000","°C","100.000","%a.s.","21.750","deg","20.000","°C","977.000","hPa","0.861","-0.02617","0.00035","0","0","13.56","Humid","24.85","0","70.00","287782.37","SABD0000000001","AAV1.0.0.11","1.1.2.0","PSt7-10","170328-006","1/4/2020 10:31:52","0000-00","0","no battery","V"
"11/02/2020","11:14:56","1","default","640513929","OXY_CH1","0.559","min","175.024","µmol/L","Humid","21.734","deg","40917","µV","28.301","°C","1018.000","hPa","35.3","pmil","0","55.520","deg","20.000","°C","100.000","%a.s.","21.750","deg","20.000","°C","977.000","hPa","0.861","-0.02617","0.00035","0","0","13.56","Humid","24.85","0","70.00","287770.80","SABD0000000001","AAV1.0.0.11","1.1.2.0","PSt7-10","170328-006","1/4/2020 10:31:52","0000-00","0","no battery","V"
"11/02/2020","11:14:57","1","default","640513929","OXY_CH1","0.575","min","175.062","µmol/L","Humid","21.735","deg","40920","µV","28.291","°C","1018.000","hPa","35.3","pmil","0","55.520","deg","20.000","°C","100.000","%a.s.","21.750","deg","20.000","°C","977.000","hPa","0.861","-0.02617","0.00035","0","0","13.56","Humid","24.85","0","70.00","287765.85","SABD0000000001","AAV1.0.0.11","1.1.2.0","PSt7-10","170328-006","1/4/2020 10:31:52","0000-00","0","no battery","V"
"11/02/2020","11:14:58","1","default","640513929","OXY_CH1","0.592","min","175.110","µmol/L","Humid","21.735","deg","40920","µV","28.282","°C","1018.000","hPa","35.3","pmil","0","55.520","deg","20.000","°C","100.000","%a.s.","21.750","deg","20.000","°C","977.000","hPa","0.861","-0.02617","0.00035","0","0","13.56","Humid","24.85","0","70.00","287760.16","SABD0000000001","AAV1.0.0.11","1.1.2.0","PSt7-10","170328-006","1/4/2020 10:31:52","0000-00","0","no battery","V"
"11/02/2020","11:14:59","1","default","640513929","OXY_CH1","0.609","min","175.166","µmol/L","Humid","21.729","deg","40917","µV","28.290","°C","1019.000","hPa","35.3","pmil","0","55.520","deg","20.000","°C","100.000","%a.s.","21.750","deg","20.000","°C","977.000","hPa","0.861","-0.02617","0.00035","0","0","13.56","Humid","24.85","0","70.00","287771.25","SABD0000000001","AAV1.0.0.11","1.1.2.0","PSt7-10","170328-006","1/4/2020 10:31:52","0000-00","0","no battery","V"
"11/02/2020","11:15:00","1","default","640513929","OXY_CH1","0.625","min","175.054","µmol/L","Humid","21.738","deg","40925","µV","28.285","°C","1019.000","hPa","35.3","pmil","0","55.520","deg","20.000","°C","100.000","%a.s.","21.750","deg","20.000","°C","977.000","hPa","0.861","-0.02617","0.00035","0","0","13.56","Humid","24.85","0","70.00","287746.41","SABD0000000001","AAV1.0.0.11","1.1.2.0","PSt7-10","170328-006","1/4/2020 10:31:52","0000-00","0","no battery","V"
"11/02/2020","11:15:01","1","default","640513929","OXY_CH1","0.642","min","175.105","µmol/L","Humid","21.729","deg","40917","µV","28.300","°C","1018.000","hPa","35.3","pmil","0","55.520","deg","20.000","°C","100.000","%a.s.","21.750","deg","20.000","°C","977.000","hPa","0.861","-0.02617","0.00035","0","0","13.56","Humid","24.85","0","70.00","287761.52","SABD0000000001","AAV1.0.0.11","1.1.2.0","PSt7-10","170328-006","1/4/2020 10:31:52","0000-00","0","no battery","V"
"11/02/2020","11:15:02","1","default","640513929","OXY_CH1","0.659","min","175.100","µmol/L","Humid","21.731","deg","40922","µV","28.297","°C","1019.000","hPa","35.3","pmil","0","55.520","deg","20.000","°C","100.000","%a.s.","21.750","deg","20.000","°C","977.000","hPa","0.861","-0.02617","0.00035","0","0","13.56","Humid","24.85","0","70.00","287762.25","SABD0000000001","AAV1.0.0.11","1.1.2.0","PSt7-10","170328-006","1/4/2020 10:31:52","0000-00","0","no battery","V"
"11/02/2020","11:15:03","1","default","640513929","OXY_CH1","0.676","min","174.999","µmol/L","Humid","21.739","deg","40921","µV","28.291","°C","1018.000","hPa","35.3","pmil","0","55.520","deg","20.000","°C","100.000","%a.s.","21.750","deg","20.000","°C","977.000","hPa","0.861","-0.02617","0.00035","0","0","13.56","Humid","24.85","0","70.00","287751.59","SABD0000000001","AAV1.0.0.11","1.1.2.0","PSt7-10","170328-006","1/4/2020 10:31:52","0000-00","0","no battery","V"
"11/02/2020","11:15:04","1","default","640513929","OXY_CH1","0.692","min","174.986","µmol/L","Humid","21.739","deg","40918","µV","28.295","°C","1019.000","hPa","35.3","pmil","0","55.520","deg","20.000","°C","100.000","%a.s.","21.750","deg","20.000","°C","977.000","hPa","0.861","-0.02617","0.00035","0","0","13.56","Humid","24.85","0","70.00","287752.56","SABD0000000001","AAV1.0.0.11","1.1.2.0","PSt7-10","170328-006","1/4/2020 10:31:52","0000-00","0","no battery","V"
"11/02/2020","11:15:05","1","default","640513929","OXY_CH1","0.708","min","174.900","µmol/L","Humid","21.742","deg","40932","µV","28.303","°C","1019.000","hPa","35.3","pmil","0","55.520","deg","20.000","°C","100.000","%a.s.","21.750","deg","20.000","°C","977.000","hPa","0.861","-0.02617","0.00035","0","0","13.56","Humid","24.85","0","70.00","287756.67","SABD0000000001","AAV1.0.0.11","1.1.2.0","PSt7-10","170328-006","1/4/2020 10:31:52","0000-00","0","no battery","V"
"11/02/2020","11:15:06","1","default","640513929","OXY_CH1","0.725","min","175.084","µmol/L","Humid","21.734","deg","40925","µV","28.291","°C","1019.000","hPa","35.3","pmil","0","55.520","deg","20.000","°C","100.000","%a.s.","21.750","deg","20.000","°C","977.000","hPa","0.861","-0.02617","0.00035","0","0","13.56","Humid","24.85","0","70.00","287762.72","SABD0000000001","AAV1.0.0.11","1.1.2.0","PSt7-10","170328-006","1/4/2020 10:31:52","0000-00","0","no battery","V"
"11/02/2020","11:15:07","1","default","640513929","OXY_CH1","0.742","min","174.966","µmol/L","Humid","21.742","deg","40927","µV","28.290","°C","1019.000","hPa","35.3","pmil","0","55.520","deg","20.000","°C","100.000","%a.s.","21.750","deg","20.000","°C","977.000","hPa","0.861","-0.02617","0.00035","0","0","13.56","Humid","24.85","0","70.00","287743.48","SABD0000000001","AAV1.0.0.11","1.1.2.0","PSt7-10","170328-006","1/4/2020 10:31:52","0000-00","0","no battery","V"
"11/02/2020","11:15:08","1","default","640513929","OXY_CH1","0.759","min","175.007","µmol/L","Humid","21.742","deg","40927","µV","28.282","°C","1019.000","hPa","35.3","pmil","0","55.520","deg","20.000","°C","100.000","%a.s.","21.750","deg","20.000","°C","977.000","hPa","0.861","-0.02617","0.00035","0","0","13.56","Humid","24.85","0","70.00","287738.57","SABD0000000001","AAV1.0.0.11","1.1.2.0","PSt7-10","170328-006","1/4/2020 10:31:52","0000-00","0","no battery","V"
"11/02/2020","11:15:09","1","default","640513929","OXY_CH1","0.775","min","174.973","µmol/L","Humid","21.743","deg","40925","µV","28.285","°C","1018.000","hPa","35.3","pmil","0","55.520","deg","20.000","°C","100.000","%a.s.","21.750","deg","20.000","°C","977.000","hPa","0.861","-0.02617","0.00035","0","0","13.56","Humid","24.85","0","70.00","287743.07","SABD0000000001","AAV1.0.0.11","1.1.2.0","PSt7-10","170328-006","1/4/2020 10:31:52","0000-00","0","no battery","V"
"11/02/2020","11:15:10","1","default","640513929","OXY_CH1","0.792","min","174.884","µmol/L","Humid","21.746","deg","40929","µV","28.294","°C","1019.000","hPa","35.3","pmil","0","55.520","deg","20.000","°C","100.000","%a.s.","21.750","deg","20.000","°C","977.000","hPa","0.861","-0.02617","0.00035","0","0","13.56","Humid","24.85","0","70.00","287738.85","SABD0000000001","AAV1.0.0.11","1.1.2.0","PSt7-10","170328-006","1/4/2020 10:31:52","0000-00","0","no battery","V"
"11/02/2020","11:15:11","1","default","640513929","OXY_CH1","0.809","min","174.967","µmol/L","Humid","21.742","deg","40929","µV","28.290","°C","1019.000","hPa","35.3","pmil","0","55.520","deg","20.000","°C","100.000","%a.s.","21.750","deg","20.000","°C","977.000","hPa","0.861","-0.02617","0.00035","0","0","13.56","Humid","24.85","0","70.00","287734.24","SABD0000000001","AAV1.0.0.11","1.1.2.0","PSt7-10","170328-006","1/4/2020 10:31:52","0000-00","0","no battery","V"
"11/02/2020","11:15:12","1","default","640513929","OXY_CH1","0.826","min","175.007","µmol/L","Humid","21.738","deg","40925","µV","28.294","°C","1019.000","hPa","35.3","pmil","0","55.520","deg","20.000","°C","100.000","%a.s.","21.750","deg","20.000","°C","977.000","hPa","0.861","-0.02617","0.00035","0","0","13.56","Humid","24.85","0","70.00","287734.93","SABD0000000001","AAV1.0.0.11","1.1.2.0","PSt7-10","170328-006","1/4/2020 10:31:52","0000-00","0","no battery","V"
"11/02/2020","11:15:13","1","default","640513929","OXY_CH1","0.842","min","175.042","µmol/L","Humid","21.744","deg","40930","µV","28.270","°C","1019.000","hPa","35.3","pmil","0","55.520","deg","20.000","°C","100.000","%a.s.","21.750","deg","20.000","°C","977.000","hPa","0.861","-0.02617","0.00035","0","0","13.56","Humid","24.85","0","70.00","287725.36","SABD0000000001","AAV1.0.0.11","1.1.2.0","PSt7-10","170328-006","1/4/2020 10:31:52","0000-00","0","no battery","V"
"11/02/2020","11:15:14","1","default","640513929","OXY_CH1","0.858","min","174.859","µmol/L","Humid","21.752","deg","40936","µV","28.281","°C","1019.000","hPa","35.3","pmil","0","55.520","deg","20.000","°C","100.000","%a.s.","21.750","deg","20.000","°C","977.000","hPa","0.861","-0.02617","0.00035","0","0","13.56","Humid","24.85","0","70.00","287729.55","SABD0000000001","AAV1.0.0.11","1.1.2.0","PSt7-10","170328-006","1/4/2020 10:31:52","0000-00","0","no battery","V"
"11/02/2020","11:15:15","1","default","640513929","OXY_CH1","0.875","min","174.982","µmol/L","Humid","21.745","deg","40938","µV","28.278","°C","1019.000","hPa","35.3","pmil","0","55.520","deg","20.000","°C","100.000","%a.s.","21.750","deg","20.000","°C","977.000","hPa","0.861","-0.02617","0.00035","0","0","13.56","Humid","24.85","0","70.00","287723.70","SABD0000000001","AAV1.0.0.11","1.1.2.0","PSt7-10","170328-006","1/4/2020 10:31:52","0000-00","0","no battery","V"
"11/02/2020","11:15:16","1","default","640513929","OXY_CH1","0.892","min","174.984","µmol/L","Humid","21.747","deg","40933","µV","28.272","°C","1019.000","hPa","35.3","pmil","0","55.520","deg","20.000","°C","100.000","%a.s.","21.750","deg","20.000","°C","977.000","hPa","0.861","-0.02617","0.00035","0","0","13.56","Humid","24.85","0","70.00","287723.76","SABD0000000001","AAV1.0.0.11","1.1.2.0","PSt7-10","170328-006","1/4/2020 10:31:52","0000-00","0","no battery","V"
"11/02/2020","11:15:17","1","default","640513929","OXY_CH1","0.909","min","174.875","µmol/L","Humid","21.749","deg","40937","µV","28.286","°C","1018.000","hPa","35.3","pmil","0","55.520","deg","20.000","°C","100.000","%a.s.","21.750","deg","20.000","°C","977.000","hPa","0.861","-0.02617","0.00035","0","0","13.56","Humid","24.85","0","70.00","287714.10","SABD0000000001","AAV1.0.0.11","1.1.2.0","PSt7-10","170328-006","1/4/2020 10:31:52","0000-00","0","no battery","V"
"11/02/2020","11:15:18","1","default","640513929","OXY_CH1","0.925","min","174.987","µmol/L","Humid","21.746","deg","40944","µV","28.274","°C","1019.000","hPa","35.3","pmil","0","55.520","deg","20.000","°C","100.000","%a.s.","21.750","deg","20.000","°C","977.000","hPa","0.861","-0.02617","0.00035","0","0","13.56","Humid","24.85","0","70.00","287709.30","SABD0000000001","AAV1.0.0.11","1.1.2.0","PSt7-10","170328-006","1/4/2020 10:31:52","0000-00","0","no battery","V"
"11/02/2020","11:15:19","1","default","640513929","OXY_CH1","0.942","min","174.946","µmol/L","Humid","21.750","deg","40941","µV","28.271","°C","1019.000","hPa","35.3","pmil","0","55.520","deg","20.000","°C","100.000","%a.s.","21.750","deg","20.000","°C","977.000","hPa","0.861","-0.02617","0.00035","0","0","13.56","Humid","24.85","0","70.00","287712.93","SABD0000000001","AAV1.0.0.11","1.1.2.0","PSt7-10","170328-006","1/4/2020 10:31:52","0000-00","0","no battery","V"
"11/02/2020","11:15:20","1","default","640513929","OXY_CH1","0.959","min","174.840","µmol/L","Humid","21.750","deg","40941","µV","28.291","°C","1019.000","hPa","35.3","pmil","0","55.520","deg","20.000","°C","100.000","%a.s.","21.750","deg","20.000","°C","977.000","hPa","0.861","-0.02617","0.00035","0","0","13.56","Humid","24.85","0","70.00","287716.35","SABD0000000001","AAV1.0.0.11","1.1.2.0","PSt7-10","170328-006","1/4/2020 10:31:52","0000-00","0","no battery","V"
"11/02/2020","11:15:21","1","default","640513929","OXY_CH1","0.976","min","174.818","µmol/L","Humid","21.756","deg","40933","µV","28.278","°C","1019.000","hPa","35.3","pmil","0","55.520","deg","20.000","°C","100.000","%a.s.","21.750","deg","20.000","°C","977.000","hPa","0.861","-0.02617","0.00035","0","0","13.56","Humid","24.85","0","70.00","287706.72","SABD0000000001","AAV1.0.0.11","1.1.2.0","PSt7-10","170328-006","1/4/2020 10:31:52","0000-00","0","no battery","V"
"11/02/2020","11:15:22","1","default","640513929","OXY_CH1","0.992","min","174.799","µmol/L","Humid","21.754","deg","40937","µV","28.287","°C","1019.000","hPa","35.3","pmil","0","55.520","deg","20.000","°C","100.000","%a.s.","21.750","deg","20.000","°C","977.000","hPa","0.861","-0.02617","0.00035","0","0","13.56","Humid","24.85","0","70.00","287703.44","SABD0000000001","AAV1.0.0.11","1.1.2.0","PSt7-10","170328-006","1/4/2020 10:31:52","0000-00","0","no battery","V"
"11/02/2020","11:15:23","1","default","640513929","OXY_CH1","1.009","min","175.043","µmol/L","Humid","21.741","deg","40941","µV","28.278","°C","1019.000","hPa","35.3","pmil","0","55.520","deg","20.000","°C","100.000","%a.s.","21.750","deg","20.000","°C","977.000","hPa","0.861","-0.02617","0.00035","0","0","13.56","Humid","24.85","0","70.00","287696.49","SABD0000000001","AAV1.0.0.11","1.1.2.0","PSt7-10","170328-006","1/4/2020 10:31:52","0000-00","0","no battery","V"
"11/02/2020","11:15:24","1","default","640513929","OXY_CH1","1.025","min","174.840","µmol/L","Humid","21.756","deg","40945","µV","28.273","°C","1019.000","hPa","35.3","pmil","0","55.520","deg","20.000","°C","100.000","%a.s.","21.750","deg","20.000","°C","977.000","hPa","0.861","-0.02617","0.00035","0","0","13.56","Humid","24.85","0","70.00","287693.67","SABD0000000001","AAV1.0.0.11","1.1.2.0","PSt7-10","170328-006","1/4/2020 10:31:52","0000-00","0","no battery","V"
"11/02/2020","11:15:25","1","default","640513929","OXY_CH1","1.042","min","174.858","µmol/L","Humid","21.752","deg","40949","µV","28.280","°C","1018.000","hPa","35.3","pmil","0","55.520","deg","20.000","°C","100.000","%a.s.","21.750","deg","20.000","°C","977.000","hPa","0.861","-0.02617","0.00035","0","0","13.56","Humid","24.85","0","70.00","287700.66","SABD0000000001","AAV1.0.0.11","1.1.2.0","PSt7-10","170328-006","1/4/2020 10:31:52","0000-00","0","no battery","V"
"11/02/2020","11:15:26","1","default","640513929","OXY_CH1","1.059","min","174.830","µmol/L","Humid","21.760","deg","40945","µV","28.262","°C","1018.000","hPa","35.3","pmil","0","55.520","deg","20.000","°C","100.000","%a.s.","21.750","deg","20.000","°C","977.000","hPa","0.861","-0.02617","0.00035","0","0","13.56","Humid","24.85","0","70.00","287687.40","SABD0000000001","AAV1.0.0.11","1.1.2.0","PSt7-10","170328-006","1/4/2020 10:31:52","0000-00","0","no battery","V"
"11/02/2020","11:15:27","1","default","640513929","OXY_CH1","1.076","min","174.832","µmol/L","Humid","21.762","deg","40947","µV","28.257","°C","1019.000","hPa","35.3","pmil","0","55.520","deg","20.000","°C","100.000","%a.s.","21.750","deg","20.000","°C","977.000","hPa","0.861","-0.02617","0.00035","0","0","13.56","Humid","24.85","0","70.00","287691.78","SABD0000000001","AAV1.0.0.11","1.1.2.0","PSt7-10","170328-006","1/4/2020 10:31:52","0000-00","0","no battery","V"
"11/02/2020","11:15:28","1","default","640513929","OXY_CH1","1.092","min","174.811","µmol/L","Humid","21.762","deg","40944","µV","28.261","°C","1019.000","hPa","35.3","pmil","0","55.520","deg","20.000","°C","100.000","%a.s.","21.750","deg","20.000","°C","977.000","hPa","0.861","-0.02617","0.00035","0","0","13.56","Humid","24.85","0","70.00","287686.00","SABD0000000001","AAV1.0.0.11","1.1.2.0","PSt7-10","170328-006","1/4/2020 10:31:52","0000-00","0","no battery","V"
"11/02/2020","11:15:29","1","default","640513929","OXY_CH1","1.108","min","174.708","µmol/L","Humid","21.765","deg","40943","µV","28.272","°C","1019.000","hPa","35.3","pmil","0","55.520","deg","20.000","°C","100.000","%a.s.","21.750","deg","20.000","°C","977.000","hPa","0.861","-0.02617","0.00035","0","0","13.56","Humid","24.85","0","70.00","287677.64","SABD0000000001","AAV1.0.0.11","1.1.2.0","PSt7-10","170328-006","1/4/2020 10:31:52","0000-00","0","no battery","V"
"11/02/2020","11:15:30","1","default","640513929","OXY_CH1","1.125","min","174.761","µmol/L","Humid","21.761","deg","40937","µV","28.274","°C","1019.000","hPa","35.3","pmil","0","55.520","deg","20.000","°C","100.000","%a.s.","21.750","deg","20.000","°C","977.000","hPa","0.861","-0.02617","0.00035","0","0","13.56","Humid","24.85","0","70.00","287676.81","SABD0000000001","AAV1.0.0.11","1.1.2.0","PSt7-10","170328-006","1/4/2020 10:31:52","0000-00","0","no battery","V"
"11/02/2020","11:15:31","1","default","640513929","OXY_CH1","1.142","min","174.763","µmol/L","Humid","21.766","deg","40950","µV","28.259","°C","1019.000","hPa","35.3","pmil","0","55.520","deg","20.000","°C","100.000","%a.s.","21.750","deg","20.000","°C","977.000","hPa","0.861","-0.02617","0.00035","0","0","13.56","Humid","24.85","0","70.00","287682.31","SABD0000000001","AAV1.0.0.11","1.1.2.0","PSt7-10","170328-006","1/4/2020 10:31:52","0000-00","0","no battery","V"
"11/02/2020","11:15:32","1","default","640513929","OXY_CH1","1.159","min","174.771","µmol/L","Humid","21.763","deg","40951","µV","28.266","°C","1019.000","hPa","35.3","pmil","0","55.520","deg","20.000","°C","100.000","%a.s.","21.750","deg","20.000","°C","977.000","hPa","0.861","-0.02617","0.00035","0","0","13.56","Humid","24.85","0","70.00","287678.20","SABD0000000001","AAV1.0.0.11","1.1.2.0","PSt7-10","170328-006","1/4/2020 10:31:52","0000-00","0","no battery","V"
"11/02/2020","11:15:33","1","default","640513929","OXY_CH1","1.176","min","174.703","µmol/L","Humid","21.766","deg","40951","µV","28.271","°C","1019.000","hPa","35.3","pmil","0","55.520","deg","20.000","°C","100.000","%a.s.","21.750","deg","20.000","°C","977.000","hPa","0.861","-0.02617","0.00035","0","0","13.56","Humid","24.85","0","70.00","287675.12","SABD0000000001","AAV1.0.0.11","1.1.2.0","PSt7-10","170328-006","1/4/2020 10:31:52","0000-00","0","no battery","V"
"11/02/2020","11:15:34","1","default","640513929","OXY_CH1","1.192","min","174.680","µmol/L","Humid","21.770","deg","40947","µV","28.263","°C","1019.000","hPa","35.3","pmil","0","55.520","deg","20.000","°C","100.000","%a.s.","21.750","deg","20.000","°C","977.000","hPa","0.861","-0.02617","0.00035","0","0","13.56","Humid","24.85","0","70.00","287680.14","SABD0000000001","AAV1.0.0.11","1.1.2.0","PSt7-10","170328-006","1/4/2020 10:31:52","0000-00","0","no battery","V"
"11/02/2020","11:15:35","1","default","640513929","OXY_CH1","1.209","min","174.923","µmol/L","Humid","21.757","deg","40947","µV","28.255","°C","1019.000","hPa","35.3","pmil","0","55.520","deg","20.000","°C","100.000","%a.s.","21.750","deg","20.000","°C","977.000","hPa","0.861","-0.02617","0.00035","0","0","13.56","Humid","24.85","0","70.00","287671.12","SABD0000000001","AAV1.0.0.11","1.1.2.0","PSt7-10","170328-006","1/4/2020 10:31:52","0000-00","0","no battery","V"
"11/02/2020","11:15:36","1","default","640513929","OXY_CH1","1.226","min","174.838","µmol/L","Humid","21.762","deg","40954","µV","28.256","°C","1019.000","hPa","35.3","pmil","0","55.520","deg","20.000","°C","100.000","%a.s.","21.750","deg","20.000","°C","977.000","hPa","0.861","-0.02617","0.00035","0","0","13.56","Humid","24.85","0","70.00","287669.74","SABD0000000001","AAV1.0.0.11","1.1.2.0","PSt7-10","170328-006","1/4/2020 10:31:52","0000-00","0","no battery","V"
"11/02/2020","11:15:37","1","default","640513929","OXY_CH1","1.242","min","174.794","µmol/L","Humid","21.768","deg","40952","µV","28.247","°C","1019.000","hPa","35.3","pmil","0","55.520","deg","20.000","°C","100.000","%a.s.","21.750","deg","20.000","°C","977.000","hPa","0.861","-0.02617","0.00035","0","0","13.56","Humid","24.85","0","70.00","287675.89","SABD0000000001","AAV1.0.0.11","1.1.2.0","PSt7-10","170328-006","1/4/2020 10:31:52","0000-00","0","no battery","V"
"11/02/2020","11:15:38","1","default","640513929","OXY_CH1","1.258","min","174.733","µmol/L","Humid","21.772","deg","40948","µV","28.247","°C","1019.000","hPa","35.3","pmil","0","55.520","deg","20.000","°C","100.000","%a.s.","21.750","deg","20.000","°C","977.000","hPa","0.861","-0.02617","0.00035","0","0","13.56","Humid","24.85","0","70.00","287675.07","SABD0000000001","AAV1.0.0.11","1.1.2.0","PSt7-10","170328-006","1/4/2020 10:31:52","0000-00","0","no battery","V"
"11/02/2020","11:15:39","1","default","640513929","OXY_CH1","1.275","min","174.753","µmol/L","Humid","21.767","deg","40959","µV","28.258","°C","1019.000","hPa","35.3","pmil","0","55.520","deg","20.000","°C","100.000","%a.s.","21.750","deg","20.000","°C","977.000","hPa","0.861","-0.02617","0.00035","0","0","13.56","Humid","24.85","0","70.00","287662.71","SABD0000000001","AAV1.0.0.11","1.1.2.0","PSt7-10","170328-006","1/4/2020 10:31:52","0000-00","0","no battery","V"
"11/02/2020","11:15:40","1","default","640513929","OXY_CH1","1.292","min","174.693","µmol/L","Humid","21.767","deg","40967","µV","28.270","°C","1019.000","hPa","35.3","pmil","0","55.520","deg","20.000","°C","100.000","%a.s.","21.750","deg","20.000","°C","977.000","hPa","0.861","-0.02617","0.00035","0","0","13.56","Humid","24.85","0","70.00","287681.27","SABD0000000001","AAV1.0.0.11","1.1.2.0","PSt7-10","170328-006","1/4/2020 10:31:52","0000-00","0","no battery","V"
"11/02/2020","11:15:41","1","default","640513929","OXY_CH1","1.309","min","174.715","µmol/L","Humid","21.768","deg","40965","µV","28.262","°C","1019.000","hPa","35.3","pmil","0","55.520","deg","20.000","°C","100.000","%a.s.","21.750","deg","20.000","°C","977.000","hPa","0.861","-0.02617","0.00035","0","0","13.56","Humid","24.85","0","70.00","287665.63","SABD0000000001","AAV1.0.0.11","1.1.2.0","PSt7-10","170328-006","1/4/2020 10:31:52","0000-00","0","no battery","V"
"11/02/2020","11:15:42","1","default","640513929","OXY_CH1","1.325","min","174.477","µmol/L","Humid","21.786","deg","40963","µV","28.256","°C","1019.000","hPa","35.3","pmil","0","55.520","deg","20.000","°C","100.000","%a.s.","21.750","deg","20.000","°C","977.000","hPa","0.861","-0.02617","0.00035","0","0","13.56","Humid","24.85","0","70.00","287664.88","SABD0000000001","AAV1.0.0.11","1.1.2.0","PSt7-10","170328-006","1/4/2020 10:31:52","0000-00","0","no battery","V"
"11/02/2020","11:15:43","1","default","640513929","OXY_CH1","1.342","min","174.597","µmol/L","Humid","21.775","deg","40957","µV","28.265","°C","1019.000","hPa","35.3","pmil","0","55.520","deg","20.000","°C","100.000","%a.s.","21.750","deg","20.000","°C","977.000","hPa","0.861","-0.02617","0.00035","0","0","13.56","Humid","24.85","0","70.00","287671.09","SABD0000000001","AAV1.0.0.11","1.1.2.0","PSt7-10","170328-006","1/4/2020 10:31:52","0000-00","0","no battery","V"
"11/02/2020","11:15:44","1","default","640513929","OXY_CH1","1.359","min","174.652","µmol/L","Humid","21.773","deg","40967","µV","28.260","°C","1019.000","hPa","35.3","pmil","0","55.520","deg","20.000","°C","100.000","%a.s.","21.750","deg","20.000","°C","977.000","hPa","0.861","-0.02617","0.00035","0","0","13.56","Humid","24.85","0","70.00","287658.11","SABD0000000001","AAV1.0.0.11","1.1.2.0","PSt7-10","170328-006","1/4/2020 10:31:52","0000-00","0","no battery","V"
"11/02/2020","11:15:45","1","default","640513929","OXY_CH1","1.376","min","174.722","µmol/L","Humid","21.768","deg","40973","µV","28.260","°C","1018.000","hPa","35.3","pmil","0","55.520","deg","20.000","°C","100.000","%a.s.","21.750","deg","20.000","°C","977.000","hPa","0.861","-0.02617","0.00035","0","0","13.56","Humid","24.85","0","70.00","287675.38","SABD0000000001","AAV1.0.0.11","1.1.2.0","PSt7-10","170328-006","1/4/2020 10:31:52","0000-00","0","no battery","V"
"11/02/2020","11:15:46","1","default","640513929","OXY_CH1","1.392","min","174.600","µmol/L","Humid","21.777","deg","40968","µV","28.257","°C","1018.000","hPa","35.3","pmil","0","55.520","deg","20.000","°C","100.000","%a.s.","21.750","deg","20.000","°C","977.000","hPa","0.861","-0.02617","0.00035","0","0","13.56","Humid","24.85","0","70.00","287660.44","SABD0000000001","AAV1.0.0.11","1.1.2.0","PSt7-10","170328-006","1/4/2020 10:31:52","0000-00","0","no battery","V"
"11/02/2020","11:15:47","1","default","640513929","OXY_CH1","1.409","min","174.549","µmol/L","Humid","21.781","deg","40975","µV","28.255","°C","1018.000","hPa","35.3","pmil","0","55.520","deg","20.000","°C","100.000","%a.s.","21.750","deg","20.000","°C","977.000","hPa","0.861","-0.02617","0.00035","0","0","13.56","Humid","24.85","0","70.00","287654.91","SABD0000000001","AAV1.0.0.11","1.1.2.0","PSt7-10","170328-006","1/4/2020 10:31:52","0000-00","0","no battery","V"
"11/02/2020","11:15:48","1","default","640513929","OXY_CH1","1.425","min","174.603","µmol/L","Humid","21.776","deg","40975","µV","28.259","°C","1018.000","hPa","35.3","pmil","0","55.520","deg","20.000","°C","100.000","%a.s.","21.750","deg","20.000","°C","977.000","hPa","0.861","-0.02617","0.00035","0","0","13.56","Humid","24.85","0","70.00","287657.37","SABD0000000001","AAV1.0.0.11","1.1.2.0","PSt7-10","170328-006","1/4/2020 10:31:52","0000-00","0","no battery","V"
"11/02/2020","11:15:49","1","default","640513929","OXY_CH1","1.442","min","174.649","µmol/L","Humid","21.774","deg","40979","µV","28.256","°C","1018.000","hPa","35.3","pmil","0","55.520","deg","20.000","°C","100.000","%a.s.","21.750","deg","20.000","°C","977.000","hPa","0.861","-0.02617","0.00035","0","0","13.56","Humid","24.85","0","70.00","287659.91","SABD0000000001","AAV1.0.0.11","1.1.2.0","PSt7-10","170328-006","1/4/2020 10:31:52","0000-00","0","no battery","V"
"11/02/2020","11:15:50","1","default","640513929","OXY_CH1","1.458","min","174.517","µmol/L","Humid","21.786","deg","40982","µV","28.247","°C","1018.000","hPa","35.3","pmil","0","55.520","deg","20.000","°C","100.000","%a.s.","21.750","deg","20.000","°C","977.000","hPa","0.861","-0.02617","0.00035","0","0","13.56","Humid","24.85","0","70.00","287645.36","SABD0000000001","AAV1.0.0.11","1.1.2.0","PSt7-10","170328-006","1/4/2020 10:31:52","0000-00","0","no battery","V"
"11/02/2020","11:15:51","1","default","640513929","OXY_CH1","1.475","min","174.664","µmol/L","Humid","21.778","deg","40987","µV","28.242","°C","1018.000","hPa","35.3","pmil","0","55.520","deg","20.000","°C","100.000","%a.s.","21.750","deg","20.000","°C","977.000","hPa","0.861","-0.02617","0.00035","0","0","13.56","Humid","24.85","0","70.00","287652.09","SABD0000000001","AAV1.0.0.11","1.1.2.0","PSt7-10","170328-006","1/4/2020 10:31:52","0000-00","0","no battery","V"
"11/02/2020","11:15:52","1","default","640513929","OXY_CH1","1.492","min","174.528","µmol/L","Humid","21.784","deg","40986","µV","28.250","°C","1018.000","hPa","35.3","pmil","0","55.520","deg","20.000","°C","100.000","%a.s.","21.750","deg","20.000","°C","977.000","hPa","0.861","-0.02617","0.00035","0","0","13.56","Humid","24.85","0","70.00","287650.23","SABD0000000001","AAV1.0.0.11","1.1.2.0","PSt7-10","170328-006","1/4/2020 10:31:52","0000-00","0","no battery","V"
"11/02/2020","11:15:53","1","default","640513929","OXY_CH1","1.509","min","174.555","µmol/L","Humid","21.780","deg","40987","µV","28.257","°C","1018.000","hPa","35.3","pmil","0","55.520","deg","20.000","°C","100.000","%a.s.","21.750","deg","20.000","°C","977.000","hPa","0.861","-0.02617","0.00035","0","0","13.56","Humid","24.85","0","70.00","287652.02","SABD0000000001","AAV1.0.0.11","1.1.2.0","PSt7-10","170328-006","1/4/2020 10:31:52","0000-00","0","no battery","V"
"11/02/2020","11:15:54","1","default","640513929","OXY_CH1","1.525","min","174.603","µmol/L","Humid","21.782","deg","40989","µV","28.242","°C","1018.000","hPa","35.3","pmil","0","55.520","deg","20.000","°C","100.000","%a.s.","21.750","deg","20.000","°C","977.000","hPa","0.861","-0.02617","0.00035","0","0","13.56","Humid","24.85","0","70.00","287644.27","SABD0000000001","AAV1.0.0.11","1.1.2.0","PSt7-10","170328-006","1/4/2020 10:31:52","0000-00","0","no battery","V"
"11/02/2020","11:15:55","1","default","640513929","OXY_CH1","1.542","min","174.586","µmol/L","Humid","21.782","deg","40988","µV","28.245","°C","1018.000","hPa","35.3","pmil","0","55.520","deg","20.000","°C","100.000","%a.s.","21.750","deg","20.000","°C","977.000","hPa","0.861","-0.02617","0.00035","0","0","13.56","Humid","24.85","0","70.00","287649.49","SABD0000000001","AAV1.0.0.11","1.1.2.0","PSt7-10","170328-006","1/4/2020 10:31:52","0000-00","0","no battery","V"
"11/02/2020","11:15:56","1","default","640513929","OXY_CH1","1.559","min","174.519","µmol/L","Humid","21.788","deg","40991","µV","28.240","°C","1018.000","hPa","35.3","pmil","0","55.520","deg","20.000","°C","100.000","%a.s.","21.750","deg","20.000","°C","977.000","hPa","0.861","-0.02617","0.00035","0","0","13.56","Humid","24.85","0","70.00","287637.66","SABD0000000001","AAV1.0.0.11","1.1.2.0","PSt7-10","170328-006","1/4/2020 10:31:52","0000-00","0","no battery","V"
"11/02/2020","11:15:57","1","default","640513929","OXY_CH1","1.576","min","174.463","µmol/L","Humid","21.791","deg","40991","µV","28.242","°C","1018.000","hPa","35.3","pmil","0","55.520","deg","20.000","°C","100.000","%a.s.","21.750","deg","20.000","°C","977.000","hPa","0.861","-0.02617","0.00035","0","0","13.56","Humid","24.85","0","70.00","287637.06","SABD0000000001","AAV1.0.0.11","1.1.2.0","PSt7-10","170328-006","1/4/2020 10:31:52","0000-00","0","no battery","V"
"11/02/2020","11:15:58","1","default","640513929","OXY_CH1","1.592","min","174.405","µmol/L","Humid","21.792","deg","40998","µV","28.251","°C","1018.000","hPa","35.3","pmil","0","55.520","deg","20.000","°C","100.000","%a.s.","21.750","deg","20.000","°C","977.000","hPa","0.861","-0.02617","0.00035","0","0","13.56","Humid","24.85","0","70.00","287635.37","SABD0000000001","AAV1.0.0.11","1.1.2.0","PSt7-10","170328-006","1/4/2020 10:31:52","0000-00","0","no battery","V"
"11/02/2020","11:15:59","1","default","640513929","OXY_CH1","1.608","min","174.517","µmol/L","Humid","21.784","deg","40991","µV","28.252","°C","1018.000","hPa","35.3","pmil","0","55.520","deg","20.000","°C","100.000","%a.s.","21.750","deg","20.000","°C","977.000","hPa","0.861","-0.02617","0.00035","0","0","13.56","Humid","24.85","0","70.00","287628.00","SABD0000000001","AAV1.0.0.11","1.1.2.0","PSt7-10","170328-006","1/4/2020 10:31:52","0000-00","0","no battery","V"
"11/02/2020","11:16:00","1","default","640513929","OXY_CH1","1.625","min","174.293","µmol/L","Humid","21.800","deg","41001","µV","28.249","°C","1018.000","hPa","35.3","pmil","0","55.520","deg","20.000","°C","100.000","%a.s.","21.750","deg","20.000","°C","977.000","hPa","0.861","-0.02617","0.00035","0","0","13.56","Humid","24.85","0","70.00","287634.05","SABD0000000001","AAV1.0.0.11","1.1.2.0","PSt7-10","170328-006","1/4/2020 10:31:52","0000-00","0","no battery","V"
"11/02/2020","11:16:01","1","default","640513929","OXY_CH1","1.642","min","174.431","µmol/L","Humid","21.792","deg","41000","µV","28.246","°C","1018.000","hPa","35.3","pmil","0","55.520","deg","20.000","°C","100.000","%a.s.","21.750","deg","20.000","°C","977.000","hPa","0.861","-0.02617","0.00035","0","0","13.56","Humid","24.85","0","70.00","287635.06","SABD0000000001","AAV1.0.0.11","1.1.2.0","PSt7-10","170328-006","1/4/2020 10:31:52","0000-00","0","no battery","V"
"11/02/2020","11:16:02","1","default","640513929","OXY_CH1","1.659","min","174.347","µmol/L","Humid","21.795","deg","41003","µV","28.253","°C","1018.000","hPa","35.3","pmil","0","55.520","deg","20.000","°C","100.000","%a.s.","21.750","deg","20.000","°C","977.000","hPa","0.861","-0.02617","0.00035","0","0","13.56","Humid","24.85","0","70.00","287622.66","SABD0000000001","AAV1.0.0.11","1.1.2.0","PSt7-10","170328-006","1/4/2020 10:31:52","0000-00","0","no battery","V"
"11/02/2020","11:16:03","1","default","640513929","OXY_CH1","1.675","min","174.413","µmol/L","Humid","21.794","deg","41006","µV","28.243","°C","1018.000","hPa","35.3","pmil","0","55.520","deg","20.000","°C","100.000","%a.s.","21.750","deg","20.000","°C","977.000","hPa","0.861","-0.02617","0.00035","0","0","13.56","Humid","24.85","0","70.00","287626.77","SABD0000000001","AAV1.0.0.11","1.1.2.0","PSt7-10","170328-006","1/4/2020 10:31:52","0000-00","0","no battery","V"
"11/02/2020","11:16:04","1","default","640513929","OXY_CH1","1.692","min","174.317","µmol/L","Humid","21.798","deg","41000","µV","28.250","°C","1018.000","hPa","35.3","pmil","0","55.520","deg","20.000","°C","100.000","%a.s.","21.750","deg","20.000","°C","977.000","hPa","0.861","-0.02617","0.00035","0","0","13.56","Humid","24.85","0","70.00","287629.36","SABD0000000001","AAV1.0.0.11","1.1.2.0","PSt7-10","170328-006","1/4/2020 10:31:52","0000-00","0","no battery","V"
"11/02/2020","11:16:05","1","default","640513929","OXY_CH1","1.709","min","174.398","µmol/L","Humid","21.798","deg","41002","µV","28.234","°C","1018.000","hPa","35.3","pmil","0","55.520","deg","20.000","°C","100.000","%a.s.","21.750","deg","20.000","°C","977.000","hPa","0.861","-0.02617","0.00035","0","0","13.56","Humid","24.85","0","70.00","287622.72","SABD0000000001","AAV1.0.0.11","1.1.2.0","PSt7-10","170328-006","1/4/2020 10:31:52","0000-00","0","no battery","V"
"11/02/2020","11:16:06","1","default","640513929","OXY_CH1","1.726","min","174.444","µmol/L","Humid","21.793","deg","41007","µV","28.240","°C","1018.000","hPa","35.3","pmil","0","55.520","deg","20.000","°C","100.000","%a.s.","21.750","deg","20.000","°C","977.000","hPa","0.861","-0.02617","0.00035","0","0","13.56","Humid","24.85","0","70.00","287629.33","SABD0000000001","AAV1.0.0.11","1.1.2.0","PSt7-10","170328-006","1/4/2020 10:31:52","0000-00","0","no battery","V"
"11/02/2020","11:16:07","1","default","640513929","OXY_CH1","1.742","min","174.317","µmol/L","Humid","21.804","deg","41012","µV","28.232","°C","1018.000","hPa","35.3","pmil","0","55.520","deg","20.000","°C","100.000","%a.s.","21.750","deg","20.000","°C","977.000","hPa","0.861","-0.02617","0.00035","0","0","13.56","Humid","24.85","0","70.00","287624.92","SABD0000000001","AAV1.0.0.11","1.1.2.0","PSt7-10","170328-006","1/4/2020 10:31:52","0000-00","0","no battery","V"
"11/02/2020","11:16:08","1","default","640513929","OXY_CH1","1.758","min","174.484","µmol/L","Humid","21.795","deg","41014","µV","28.227","°C","1018.000","hPa","35.3","pmil","0","55.520","deg","20.000","°C","100.000","%a.s.","21.750","deg","20.000","°C","977.000","hPa","0.861","-0.02617","0.00035","0","0","13.56","Humid","24.85","0","70.00","287617.90","SABD0000000001","AAV1.0.0.11","1.1.2.0","PSt7-10","170328-006","1/4/2020 10:31:52","0000-00","0","no battery","V"
"11/02/2020","11:16:09","1","default","640513929","OXY_CH1","1.775","min","174.365","µmol/L","Humid","21.800","deg","41011","µV","28.235","°C","1018.000","hPa","35.3","pmil","0","55.520","deg","20.000","°C","100.000","%a.s.","21.750","deg","20.000","°C","977.000","hPa","0.861","-0.02617","0.00035","0","0","13.56","Humid","24.85","0","70.00","287617.57","SABD0000000001","AAV1.0.0.11","1.1.2.0","PSt7-10","170328-006","1/4/2020 10:31:52","0000-00","0","no battery","V"
"11/02/2020","11:16:10","1","default","640513929","OXY_CH1","1.792","min","174.368","µmol/L","Humid","21.799","deg","41010","µV","28.237","°C","1018.000","hPa","35.3","pmil","0","55.520","deg","20.000","°C","100.000","%a.s.","21.750","deg","20.000","°C","977.000","hPa","0.861","-0.02617","0.00035","0","0","13.56","Humid","24.85","0","70.00","287620.43","SABD0000000001","AAV1.0.0.11","1.1.2.0","PSt7-10","170328-006","1/4/2020 10:31:52","0000-00","0","no battery","V"
"11/02/2020","11:16:11","1","default","640513929","OXY_CH1","1.808","min","174.338","µmol/L","Humid","21.805","deg","41016","µV","28.226","°C","1018.000","hPa","35.3","pmil","0","55.520","deg","20.000","°C","100.000","%a.s.","21.750","deg","20.000","°C","977.000","hPa","0.861","-0.02617","0.00035","0","0","13.56","Humid","24.85","0","70.00","287626.47","SABD0000000001","AAV1.0.0.11","1.1.2.0","PSt7-10","170328-006","1/4/2020 10:31:52","0000-00","0","no battery","V"
"11/02/2020","11:16:12","1","default","640513929","OXY_CH1","1.825","min","174.389","µmol/L","Humid","21.800","deg","41016","µV","28.230","°C","1018.000","hPa","35.3","pmil","0","55.520","deg","20.000","°C","100.000","%a.s.","21.750","deg","20.000","°C","977.000","hPa","0.861","-0.02617","0.00035","0","0","13.56","Humid","24.85","0","70.00","287614.67","SABD0000000001","AAV1.0.0.11","1.1.2.0","PSt7-10","170328-006","1/4/2020 10:31:52","0000-00","0","no battery","V"
"11/02/2020","11:16:13","1","default","640513929","OXY_CH1","1.842","min","174.415","µmol/L","Humid","21.799","deg","41012","µV","28.228","°C","1018.000","hPa","35.3","pmil","0","55.520","deg","20.000","°C","100.000","%a.s.","21.750","deg","20.000","°C","977.000","hPa","0.861","-0.02617","0.00035","0","0","13.56","Humid","24.85","0","70.00","287622.14","SABD0000000001","AAV1.0.0.11","1.1.2.0","PSt7-10","170328-006","1/4/2020 10:31:52","0000-00","0","no battery","V"
"11/02/2020","11:16:14","1","default","640513929","OXY_CH1","1.859","min","174.490","µmol/L","Humid","21.798","deg","41021","µV","28.217","°C","1018.000","hPa","35.3","pmil","0","55.520","deg","20.000","°C","100.000","%a.s.","21.750","deg","20.000","°C","977.000","hPa","0.861","-0.02617","0.00035","0","0","13.56","Humid","24.85","0","70.00","287610.16","SABD0000000001","AAV1.0.0.11","1.1.2.0","PSt7-10","170328-006","1/4/2020 10:31:52","0000-00","0","no battery","V"
"11/02/2020","11:16:15","1","default","640513929","OXY_CH1","1.876","min","174.364","µmol/L","Humid","21.805","deg","41017","µV","28.220","°C","1018.000","hPa","35.3","pmil","0","55.520","deg","20.000","°C","100.000","%a.s.","21.750","deg","20.000","°C","977.000","hPa","0.861","-0.02617","0.00035","0","0","13.56","Humid","24.85","0","70.00","287621.14","SABD0000000001","AAV1.0.0.11","1.1.2.0","PSt7-10","170328-006","1/4/2020 10:31:52","0000-00","0","no battery","V"
"11/02/2020","11:16:16","1","default","640513929","OXY_CH1","1.892","min","174.419","µmol/L","Humid","21.800","deg","41013","µV","28.226","°C","1019.000","hPa","35.3","pmil","0","55.520","deg","20.000","°C","100.000","%a.s.","21.750","deg","20.000","°C","977.000","hPa","0.861","-0.02617","0.00035","0","0","13.56","Humid","24.85","0","70.00","287606.62","SABD0000000001","AAV1.0.0.11","1.1.2.0","PSt7-10","170328-006","1/4/2020 10:31:52","0000-00","0","no battery","V"
"11/02/2020","11:16:17","1","default","640513929","OXY_CH1","1.909","min","174.364","µmol/L","Humid","21.805","deg","41018","µV","28.220","°C","1018.000","hPa","35.3","pmil","0","55.520","deg","20.000","°C","100.000","%a.s.","21.750","deg","20.000","°C","977.000","hPa","0.861","-0.02617","0.00035","0","0","13.56","Humid","24.85","0","70.00","287600.63","SABD0000000001","AAV1.0.0.11","1.1.2.0","PSt7-10","170328-006","1/4/2020 10:31:52","0000-00","0","no battery","V"
"11/02/2020","11:16:18","1","default","640513929","OXY_CH1","1.925","min","174.256","µmol/L","Humid","21.804","deg","41022","µV","28.244","°C","1018.000","hPa","35.3","pmil","0","55.520","deg","20.000","°C","100.000","%a.s.","21.750","deg","20.000","°C","977.000","hPa","0.861","-0.02617","0.00035","0","0","13.56","Humid","24.85","0","70.00","287610.83","SABD0000000001","AAV1.0.0.11","1.1.2.0","PSt7-10","170328-006","1/4/2020 10:31:52","0000-00","0","no battery","V"
"11/02/2020","11:16:19","1","default","640513929","OXY_CH1","1.942","min","174.116","µmol/L","Humid","21.817","deg","41020","µV","28.233","°C","1018.000","hPa","35.3","pmil","0","55.520","deg","20.000","°C","100.000","%a.s.","21.750","deg","20.000","°C","977.000","hPa","0.861","-0.02617","0.00035","0","0","13.56","Humid","24.85","0","70.00","287610.26","SABD0000000001","AAV1.0.0.11","1.1.2.0","PSt7-10","170328-006","1/4/2020 10:31:52","0000-00","0","no battery","V"
"11/02/2020","11:16:20","1","default","640513929","OXY_CH1","1.958","min","174.147","µmol/L","Humid","21.815","deg","41026","µV","28.233","°C","1018.000","hPa","35.3","pmil","0","55.520","deg","20.000","°C","100.000","%a.s.","21.750","deg","20.000","°C","977.000","hPa","0.861","-0.02617","0.00035","0","0","13.56","Humid","24.85","0","70.00","287595.03","SABD0000000001","AAV1.0.0.11","1.1.2.0","PSt7-10","170328-006","1/4/2020 10:31:52","0000-00","0","no battery","V"
"11/02/2020","11:16:21","1","default","640513929","OXY_CH1","1.975","min","174.370","µmol/L","Humid","21.803","deg","41030","µV","28.225","°C","1018.000","hPa","35.3","pmil","0","55.520","deg","20.000","°C","100.000","%a.s.","21.750","deg","20.000","°C","977.000","hPa","0.861","-0.02617","0.00035","0","0","13.56","Humid","24.85","0","70.00","287601.58","SABD0000000001","AAV1.0.0.11","1.1.2.0","PSt7-10","170328-006","1/4/2020 10:31:52","0000-00","0","no battery","V"
"11/02/2020","11:16:22","1","default","640513929","OXY_CH1","1.992","min","174.248","µmol/L","Humid","21.811","deg","41022","µV","28.225","°C","1018.000","hPa","35.3","pmil","0","55.520","deg","20.000","°C","100.000","%a.s.","21.750","deg","20.000","°C","977.000","hPa","0.861","-0.02617","0.00035","0","0","13.56","Humid","24.85","0","70.00","287589.15","SABD0000000001","AAV1.0.0.11","1.1.2.0","PSt7-10","170328-006","1/4/2020 10:31:52","0000-00","0","no battery","V"
"11/02/2020","11:16:23","1","default","640513929","OXY_CH1","2.009","min","174.252","µmol/L","Humid","21.811","deg","41028","µV","28.225","°C","1018.000","hPa","35.3","pmil","0","55.520","deg","20.000","°C","100.000","%a.s.","21.750","deg","20.000","°C","977.000","hPa","0.861","-0.02617","0.00035","0","0","13.56","Humid","24.85","0","70.00","287596.74","SABD0000000001","AAV1.0.0.11","1.1.2.0","PSt7-10","170328-006","1/4/2020 10:31:52","0000-00","0","no battery","V"
"11/02/2020","11:16:24","1","default","640513929","OXY_CH1","2.026","min","174.217","µmol/L","Humid","21.815","deg","41039","µV","28.219","°C","1018.000","hPa","35.3","pmil","0","55.520","deg","20.000","°C","100.000","%a.s.","21.750","deg","20.000","°C","977.000","hPa","0.861","-0.02617","0.00035","0","0","13.56","Humid","24.85","0","70.00","287587.06","SABD0000000001","AAV1.0.0.11","1.1.2.0","PSt7-10","170328-006","1/4/2020 10:31:52","0000-00","0","no battery","V"
"11/02/2020","11:16:25","1","default","640513929","OXY_CH1","2.042","min","174.356","µmol/L","Humid","21.808","deg","41037","µV","28.213","°C","1018.000","hPa","35.3","pmil","0","55.520","deg","20.000","°C","100.000","%a.s.","21.750","deg","20.000","°C","977.000","hPa","0.861","-0.02617","0.00035","0","0","13.56","Humid","24.85","0","70.00","287591.54","SABD0000000001","AAV1.0.0.11","1.1.2.0","PSt7-10","170328-006","1/4/2020 10:31:52","0000-00","0","no battery","V"
"11/02/2020","11:16:26","1","default","640513929","OXY_CH1","2.059","min","174.292","µmol/L","Humid","21.813","deg","41034","µV","28.211","°C","1018.000","hPa","35.3","pmil","0","55.520","deg","20.000","°C","100.000","%a.s.","21.750","deg","20.000","°C","977.000","hPa","0.861","-0.02617","0.00035","0","0","13.56","Humid","24.85","0","70.00","287597.62","SABD0000000001","AAV1.0.0.11","1.1.2.0","PSt7-10","170328-006","1/4/2020 10:31:52","0000-00","0","no battery","V"
"11/02/2020","11:16:27","1","default","640513929","OXY_CH1","2.076","min","174.242","µmol/L","Humid","21.810","deg","41029","µV","28.229","°C","1018.000","hPa","35.3","pmil","0","55.520","deg","20.000","°C","100.000","%a.s.","21.750","deg","20.000","°C","977.000","hPa","0.861","-0.02617","0.00035","0","0","13.56","Humid","24.85","0","70.00","287601.25","SABD0000000001","AAV1.0.0.11","1.1.2.0","PSt7-10","170328-006","1/4/2020 10:31:52","0000-00","0","no battery","V"
"11/02/2020","11:16:28","1","default","640513929","OXY_CH1","2.092","min","174.267","µmol/L","Humid","21.813","deg","41035","µV","28.216","°C","1018.000","hPa","35.3","pmil","0","55.520","deg","20.000","°C","100.000","%a.s.","21.750","deg","20.000","°C","977.000","hPa","0.861","-0.02617","0.00035","0","0","13.56","Humid","24.85","0","70.00","287580.59","SABD0000000001","AAV1.0.0.11","1.1.2.0","PSt7-10","170328-006","1/4/2020 10:31:52","0000-00","0","no battery","V"
"11/02/2020","11:16:29","1","default","640513929","OXY_CH1","2.108","min","174.280","µmol/L","Humid","21.810","deg","41033","µV","28.222","°C","1018.000","hPa","35.3","pmil","0","55.520","deg","20.000","°C","100.000","%a.s.","21.750","deg","20.000","°C","977.000","hPa","0.861","-0.02617","0.00035","0","0","13.56","Humid","24.85","0","70.00","287577.21","SABD0000000001","AAV1.0.0.11","1.1.2.0","PSt7-10","170328-006","1/4/2020 10:31:52","0000-00","0","no battery","V"
"11/02/2020","11:16:30","1","default","640513929","OXY_CH1","2.125","min","174.160","µmol/L","Humid","21.821","deg","41034","µV","28.213","°C","1018.000","hPa","35.3","pmil","0","55.520","deg","20.000","°C","100.000","%a.s.","21.750","deg","20.000","°C","977.000","hPa","0.861","-0.02617","0.00035","0","0","13.56","Humid","24.85","0","70.00","287597.45","SABD0000000001","AAV1.0.0.11","1.1.2.0","PSt7-10","170328-006","1/4/2020 10:31:52","0000-00","0","no battery","V"
"11/02/2020","11:16:31","1","default","640513929","OXY_CH1","2.142","min","174.118","µmol/L","Humid","21.822","deg","41038","µV","28.218","°C","1018.000","hPa","35.3","pmil","0","55.520","deg","20.000","°C","100.000","%a.s.","21.750","deg","20.000","°C","977.000","hPa","0.861","-0.02617","0.00035","0","0","13.56","Humid","24.85","0","70.00","287595.31","SABD0000000001","AAV1.0.0.11","1.1.2.0","PSt7-10","170328-006","1/4/2020 10:31:52","0000-00","0","no battery","V"
"11/02/2020","11:16:32","1","default","640513929","OXY_CH1","2.159","min","174.160","µmol/L","Humid","21.824","deg","41040","µV","28.204","°C","1018.000","hPa","35.3","pmil","0","55.520","deg","20.000","°C","100.000","%a.s.","21.750","deg","20.000","°C","977.000","hPa","0.861","-0.02617","0.00035","0","0","13.56","Humid","24.85","0","70.00","287594.06","SABD0000000001","AAV1.0.0.11","1.1.2.0","PSt7-10","170328-006","1/4/2020 10:31:52","0000-00","0","no battery","V"
"11/02/2020","11:16:33","1","default","640513929","OXY_CH1","2.175","min","174.184","µmol/L","Humid","21.825","deg","41038","µV","28.198","°C","1019.000","hPa","35.3","pmil","0","55.520","deg","20.000","°C","100.000","%a.s.","21.750","deg","20.000","°C","977.000","hPa","0.861","-0.02617","0.00035","0","0","13.56","Humid","24.85","0","70.00","287579.78","SABD0000000001","AAV1.0.0.11","1.1.2.0","PSt7-10","170328-006","1/4/2020 10:31:52","0000-00","0","no battery","V"
"11/02/2020","11:16:34","1","default","640513929","OXY_CH1","2.192","min","174.257","µmol/L","Humid","21.822","deg","41037","µV","28.193","°C","1019.000","hPa","35.3","pmil","0","55.520","deg","20.000","°C","100.000","%a.s.","21.750","deg","20.000","°C","977.000","hPa","0.861","-0.02617","0.00035","0","0","13.56","Humid","24.85","0","70.00","287581.37","SABD0000000001","AAV1.0.0.11","1.1.2.0","PSt7-10","170328-006","1/4/2020 10:31:52","0000-00","0","no battery","V"
"11/02/2020","11:16:35","1","default","640513929","OXY_CH1","2.209","min","173.999","µmol/L","Humid","21.833","deg","41037","µV","28.209","°C","1018.000","hPa","35.3","pmil","0","55.520","deg","20.000","°C","100.000","%a.s.","21.750","deg","20.000","°C","977.000","hPa","0.861","-0.02617","0.00035","0","0","13.56","Humid","24.85","0","70.00","287572.41","SABD0000000001","AAV1.0.0.11","1.1.2.0","PSt7-10","170328-006","1/4/2020 10:31:52","0000-00","0","no battery","V"
"11/02/2020","11:16:36","1","default","640513929","OXY_CH1","2.226","min","173.984","µmol/L","Humid","21.831","deg","41037","µV","28.218","°C","1018.000","hPa","35.3","pmil","0","55.520","deg","20.000","°C","100.000","%a.s.","21.750","deg","20.000","°C","977.000","hPa","0.861","-0.02617","0.00035","0","0","13.56","Humid","24.85","0","70.00","287580.96","SABD0000000001","AAV1.0.0.11","1.1.2.0","PSt7-10","170328-006","1/4/2020 10:31:52","0000-00","0","no battery","V"
"11/02/2020","11:16:37","1","default","640513929","OXY_CH1","2.242","min","173.985","µmol/L","Humid","21.827","deg","41039","µV","28.229","°C","1018.000","hPa","35.3","pmil","0","55.520","deg","20.000","°C","100.000","%a.s.","21.750","deg","20.000","°C","977.000","hPa","0.861","-0.02617","0.00035","0","0","13.56","Humid","24.85","0","70.00","287587.10","SABD0000000001","AAV1.0.0.11","1.1.2.0","PSt7-10","170328-006","1/4/2020 10:31:52","0000-00","0","no battery","V"
"11/02/2020","11:16:38","1","default","640513929","OXY_CH1","2.258","min","174.232","µmol/L","Humid","21.818","deg","41037","µV","28.208","°C","1018.000","hPa","35.3","pmil","0","55.520","deg","20.000","°C","100.000","%a.s.","21.750","deg","20.000","°C","977.000","hPa","0.861","-0.02617","0.00035","0","0","13.56","Humid","24.85","0","70.00","287567.84","SABD0000000001","AAV1.0.0.11","1.1.2.0","PSt7-10","170328-006","1/4/2020 10:31:52","0000-00","0","no battery","V"
"11/02/2020","11:16:39","1","default","640513929","OXY_CH1","2.275","min","174.102","µmol/L","Humid","21.827","deg","41038","µV","28.207","°C","1018.000","hPa","35.3","pmil","0","55.520","deg","20.000","°C","100.000","%a.s.","21.750","deg","20.000","°C","977.000","hPa","0.861","-0.02617","0.00035","0","0","13.56","Humid","24.85","0","70.00","287573.00","SABD0000000001","AAV1.0.0.11","1.1.2.0","PSt7-10","170328-006","1/4/2020 10:31:52","0000-00","0","no battery","V"
"11/02/2020","11:16:40","1","default","640513929","OXY_CH1","2.292","min","174.158","µmol/L","Humid","21.821","deg","41042","µV","28.213","°C","1018.000","hPa","35.3","pmil","0","55.520","deg","20.000","°C","100.000","%a.s.","21.750","deg","20.000","°C","977.000","hPa","0.861","-0.02617","0.00035","0","0","13.56","Humid","24.85","0","70.00","287573.80","SABD0000000001","AAV1.0.0.11","1.1.2.0","PSt7-10","170328-006","1/4/2020 10:31:52","0000-00","0","no battery","V"
"11/02/2020","11:16:41","1","default","640513929","OXY_CH1","2.309","min","174.203","µmol/L","Humid","21.822","deg","41043","µV","28.202","°C","1018.000","hPa","35.3","pmil","0","55.520","deg","20.000","°C","100.000","%a.s.","21.750","deg","20.000","°C","977.000","hPa","0.861","-0.02617","0.00035","0","0","13.56","Humid","24.85","0","70.00","287577.86","SABD0000000001","AAV1.0.0.11","1.1.2.0","PSt7-10","170328-006","1/4/2020 10:31:52","0000-00","0","no battery","V"
"11/02/2020","11:16:42","1","default","640513929","OXY_CH1","2.326","min","174.099","µmol/L","Humid","21.829","deg","41047","µV","28.201","°C","1018.000","hPa","35.3","pmil","0","55.520","deg","20.000","°C","100.000","%a.s.","21.750","deg","20.000","°C","977.000","hPa","0.861","-0.02617","0.00035","0","0","13.56","Humid","24.85","0","70.00","287565.31","SABD0000000001","AAV1.0.0.11","1.1.2.0","PSt7-10","170328-006","1/4/2020 10:31:52","0000-00","0","no battery","V"
"11/02/2020","11:16:43","1","default","640513929","OXY_CH1","2.342","min","173.998","µmol/L","Humid","21.833","deg","41050","µV","28.209","°C","1018.000","hPa","35.3","pmil","0","55.520","deg","20.000","°C","100.000","%a.s.","21.750","deg","20.000","°C","977.000","hPa","0.861","-0.02617","0.00035","0","0","13.56","Humid","24.85","0","70.00","287563.02","SABD0000000001","AAV1.0.0.11","1.1.2.0","PSt7-10","170328-006","1/4/2020 10:31:52","0000-00","0","no battery","V"
"11/02/2020","11:16:44","1","default","640513929","OXY_CH1","2.359","min","174.182","µmol/L","Humid","21.825","deg","41046","µV","28.197","°C","1018.000","hPa","35.3","pmil","0","55.520","deg","20.000","°C","100.000","%a.s.","21.750","deg","20.000","°C","977.000","hPa","0.861","-0.02617","0.00035","0","0","13.56","Humid","24.85","0","70.00","287574.50","SABD0000000001","AAV1.0.0.11","1.1.2.0","PSt7-10","170328-006","1/4/2020 10:31:52","0000-00","0","no battery","V"
"11/02/2020","11:16:45","1","default","640513929","OXY_CH1","2.375","min","174.153","µmol/L","Humid","21.826","deg","41054","µV","28.200","°C","1018.000","hPa","35.3","pmil","0","55.520","deg","20.000","°C","100.000","%a.s.","21.750","deg","20.000","°C","977.000","hPa","0.861","-0.02617","0.00035","0","0","13.56","Humid","24.85","0","70.00","287571.12","SABD0000000001","AAV1.0.0.11","1.1.2.0","PSt7-10","170328-006","1/4/2020 10:31:52","0000-00","0","no battery","V"
"11/02/2020","11:16:46","1","default","640513929","OXY_CH1","2.392","min","174.230","µmol/L","Humid","21.824","deg","41054","µV","28.191","°C","1018.000","hPa","35.3","pmil","0","55.520","deg","20.000","°C","100.000","%a.s.","21.750","deg","20.000","°C","977.000","hPa","0.861","-0.02617","0.00035","0","0","13.56","Humid","24.85","0","70.00","287571.30","SABD0000000001","AAV1.0.0.11","1.1.2.0","PSt7-10","170328-006","1/4/2020 10:31:52","0000-00","0","no battery","V"
"11/02/2020","11:16:47","1","default","640513929","OXY_CH1","2.408","min","173.977","µmol/L","Humid","21.840","deg","41061","µV","28.193","°C","1018.000","hPa","35.3","pmil","0","55.520","deg","20.000","°C","100.000","%a.s.","21.750","deg","20.000","°C","977.000","hPa","0.861","-0.02617","0.00035","0","0","13.56","Humid","24.85","0","70.00","287575.86","SABD0000000001","AAV1.0.0.11","1.1.2.0","PSt7-10","170328-006","1/4/2020 10:31:52","0000-00","0","no battery","V"
"11/02/2020","11:16:48","1","default","640513929","OXY_CH1","2.425","min","174.017","µmol/L","Humid","21.832","deg","41058","µV","28.208","°C","1018.000","hPa","35.3","pmil","0","55.520","deg","20.000","°C","100.000","%a.s.","21.750","deg","20.000","°C","977.000","hPa","0.861","-0.02617","0.00035","0","0","13.56","Humid","24.85","0","70.00","287571.72","SABD0000000001","AAV1.0.0.11","1.1.2.0","PSt7-10","170328-006","1/4/2020 10:31:52","0000-00","0","no battery","V"
"11/02/2020","11:16:49","1","default","640513929","OXY_CH1","2.442","min","173.870","µmol/L","Humid","21.840","deg","41062","µV","28.213","°C","1018.000","hPa","35.3","pmil","0","55.520","deg","20.000","°C","100.000","%a.s.","21.750","deg","20.000","°C","977.000","hPa","0.861","-0.02617","0.00035","0","0","13.56","Humid","24.85","0","70.00","287569.05","SABD0000000001","AAV1.0.0.11","1.1.2.0","PSt7-10","170328-006","1/4/2020 10:31:52","0000-00","0","no battery","V"
"11/02/2020","11:16:50","1","default","640513929","OXY_CH1","2.459","min","174.045","µmol/L","Humid","21.831","deg","41063","µV","28.206","°C","1018.000","hPa","35.3","pmil","0","55.520","deg","20.000","°C","100.000","%a.s.","21.750","deg","20.000","°C","977.000","hPa","0.861","-0.02617","0.00035","0","0","13.56","Humid","24.85","0","70.00","287559.63","SABD0000000001","AAV1.0.0.11","1.1.2.0","PSt7-10","170328-006","1/4/2020 10:31:52","0000-00","0","no battery","V"
"11/02/2020","11:16:51","1","default","640513929","OXY_CH1","2.476","min","174.047","µmol/L","Humid","21.832","deg","41064","µV","28.203","°C","1018.000","hPa","35.3","pmil","0","55.520","deg","20.000","°C","100.000","%a.s.","21.750","deg","20.000","°C","977.000","hPa","0.861","-0.02617","0.00035","0","0","13.56","Humid","24.85","0","70.00","287574.61","SABD0000000001","AAV1.0.0.11","1.1.2.0","PSt7-10","170328-006","1/4/2020 10:31:52","0000-00","0","no battery","V"
"11/02/2020","11:16:52","1","default","640513929","OXY_CH1","2.492","min","174.026","µmol/L","Humid","21.838","deg","41071","µV","28.191","°C","1019.000","hPa","35.3","pmil","0","55.520","deg","20.000","°C","100.000","%a.s.","21.750","deg","20.000","°C","977.000","hPa","0.861","-0.02617","0.00035","0","0","13.56","Humid","24.85","0","70.00","287554.85","SABD0000000001","AAV1.0.0.11","1.1.2.0","PSt7-10","170328-006","1/4/2020 10:31:52","0000-00","0","no battery","V"
"11/02/2020","11:16:53","1","default","640513929","OXY_CH1","2.509","min","173.947","µmol/L","Humid","21.842","deg","41073","µV","28.193","°C","1018.000","hPa","35.3","pmil","0","55.520","deg","20.000","°C","100.000","%a.s.","21.750","deg","20.000","°C","977.000","hPa","0.861","-0.02617","0.00035","0","0","13.56","Humid","24.85","0","70.00","287559.71","SABD0000000001","AAV1.0.0.11","1.1.2.0","PSt7-10","170328-006","1/4/2020 10:31:52","0000-00","0","no battery","V"
"11/02/2020","11:16:54","1","default","640513929","OXY_CH1","2.526","min","174.187","µmol/L","Humid","21.832","deg","41074","µV","28.176","°C","1018.000","hPa","35.3","pmil","0","55.520","deg","20.000","°C","100.000","%a.s.","21.750","deg","20.000","°C","977.000","hPa","0.861","-0.02617","0.00035","0","0","13.56","Humid","24.85","0","70.00","287556.38","SABD0000000001","AAV1.0.0.11","1.1.2.0","PSt7-10","170328-006","1/4/2020 10:31:52","0000-00","0","no battery","V"
"11/02/2020","11:16:55","1","default","640513929","OXY_CH1","2.542","min","173.985","µmol/L","Humid","21.836","deg","41080","µV","28.203","°C","1018.000","hPa","35.3","pmil","0","55.520","deg","20.000","°C","100.000","%a.s.","21.750","deg","20.000","°C","977.000","hPa","0.861","-0.02617","0.00035","0","0","13.56","Humid","24.85","0","70.00","287561.77","SABD0000000001","AAV1.0.0.11","1.1.2.0","PSt7-10","170328-006","1/4/2020 10:31:52","0000-00","0","no battery","V"
"11/02/2020","11:16:56","1","default","640513929","OXY_CH1","2.558","min","174.095","µmol/L","Humid","21.829","deg","41083","µV","28.202","°C","1018.000","hPa","35.3","pmil","0","55.520","deg","20.000","°C","100.000","%a.s.","21.750","deg","20.000","°C","977.000","hPa","0.861","-0.02617","0.00035","0","0","13.56","Humid","24.85","0","70.00","287557.35","SABD0000000001","AAV1.0.0.11","1.1.2.0","PSt7-10","170328-006","1/4/2020 10:31:52","0000-00","0","no battery","V"
"11/02/2020","11:16:57","1","default","640513929","OXY_CH1","2.575","min","174.015","µmol/L","Humid","21.838","deg","41086","µV","28.193","°C","1019.000","hPa","35.3","pmil","0","55.520","deg","20.000","°C","100.000","%a.s.","21.750","deg","20.000","°C","977.000","hPa","0.861","-0.02617","0.00035","0","0","13.56","Humid","24.85","0","70.00","287566.39","SABD0000000001","AAV1.0.0.11","1.1.2.0","PSt7-10","170328-006","1/4/2020 10:31:52","0000-00","0","no battery","V"
"11/02/2020","11:16:58","1","default","640513929","OXY_CH1","2.592","min","173.796","µmol/L","Humid","21.850","deg","41091","µV","28.199","°C","1018.000","hPa","35.3","pmil","0","55.520","deg","20.000","°C","100.000","%a.s.","21.750","deg","20.000","°C","977.000","hPa","0.861","-0.02617","0.00035","0","0","13.56","Humid","24.85","0","70.00","287568.52","SABD0000000001","AAV1.0.0.11","1.1.2.0","PSt7-10","170328-006","1/4/2020 10:31:52","0000-00","0","no battery","V"
"11/02/2020","11:16:59","1","default","640513929","OXY_CH1","2.609","min","173.836","µmol/L","Humid","21.850","deg","41086","µV","28.191","°C","1018.000","hPa","35.3","pmil","0","55.520","deg","20.000","°C","100.000","%a.s.","21.750","deg","20.000","°C","977.000","hPa","0.861","-0.02617","0.00035","0","0","13.56","Humid","24.85","0","70.00","287558.37","SABD0000000001","AAV1.0.0.11","1.1.2.0","PSt7-10","170328-006","1/4/2020 10:31:52","0000-00","0","no battery","V"
"11/02/2020","11:17:00","1","default","640513929","OXY_CH1","2.625","min","173.880","µmol/L","Humid","21.846","deg","41089","µV","28.194","°C","1018.000","hPa","35.3","pmil","0","55.520","deg","20.000","°C","100.000","%a.s.","21.750","deg","20.000","°C","977.000","hPa","0.861","-0.02617","0.00035","0","0","13.56","Humid","24.85","0","70.00","287559.32","SABD0000000001","AAV1.0.0.11","1.1.2.0","PSt7-10","170328-006","1/4/2020 10:31:52","0000-00","0","no battery","V"
"11/02/2020","11:17:01","1","default","640513929","OXY_CH1","2.642","min","173.856","µmol/L","Humid","21.850","deg","41093","µV","28.187","°C","1018.000","hPa","35.3","pmil","0","55.520","deg","20.000","°C","100.000","%a.s.","21.750","deg","20.000","°C","977.000","hPa","0.861","-0.02617","0.00035","0","0","13.56","Humid","24.85","0","70.00","287557.07","SABD0000000001","AAV1.0.0.11","1.1.2.0","PSt7-10","170328-006","1/4/2020 10:31:52","0000-00","0","no battery","V"
"11/02/2020","11:17:02","1","default","640513929","OXY_CH1","2.659","min","173.872","µmol/L","Humid","21.849","deg","41090","µV","28.188","°C","1019.000","hPa","35.3","pmil","0","55.520","deg","20.000","°C","100.000","%a.s.","21.750","deg","20.000","°C","977.000","hPa","0.861","-0.02617","0.00035","0","0","13.56","Humid","24.85","0","70.00","287547.78","SABD0000000001","AAV1.0.0.11","1.1.2.0","PSt7-10","170328-006","1/4/2020 10:31:52","0000-00","0","no battery","V"
"11/02/2020","11:17:03","1","default","640513929","OXY_CH1","2.676","min","173.838","µmol/L","Humid","21.852","deg","41096","µV","28.185","°C","1018.000","hPa","35.3","pmil","0","55.520","deg","20.000","°C","100.000","%a.s.","21.750","deg","20.000","°C","977.000","hPa","0.861","-0.02617","0.00035","0","0","13.56","Humid","24.85","0","70.00","287541.46","SABD0000000001","AAV1.0.0.11","1.1.2.0","PSt7-10","170328-006","1/4/2020 10:31:52","0000-00","0","no battery","V"
"11/02/2020","11:17:04","1","default","640513929","OXY_CH1","2.692","min","173.799","µmol/L","Humid","21.850","deg","41093","µV","28.198","°C","1018.000","hPa","35.3","pmil","0","55.520","deg","20.000","°C","100.000","%a.s.","21.750","deg","20.000","°C","977.000","hPa","0.861","-0.02617","0.00035","0","0","13.56","Humid","24.85","0","70.00","287538.68","SABD0000000001","AAV1.0.0.11","1.1.2.0","PSt7-10","170328-006","1/4/2020 10:31:52","0000-00","0","no battery","V"
"11/02/2020","11:17:05","1","default","640513929","OXY_CH1","2.709","min","173.849","µmol/L","Humid","21.847","deg","41103","µV","28.198","°C","1019.000","hPa","35.3","pmil","0","55.520","deg","20.000","°C","100.000","%a.s.","21.750","deg","20.000","°C","977.000","hPa","0.861","-0.02617","0.00035","0","0","13.56","Humid","24.85","0","70.00","287552.76","SABD0000000001","AAV1.0.0.11","1.1.2.0","PSt7-10","170328-006","1/4/2020 10:31:52","0000-00","0","no battery","V"
"11/02/2020","11:17:06","1","default","640513929","OXY_CH1","2.726","min","173.779","µmol/L","Humid","21.855","deg","41104","µV","28.189","°C","1019.000","hPa","35.3","pmil","0","55.520","deg","20.000","°C","100.000","%a.s.","21.750","deg","20.000","°C","977.000","hPa","0.861","-0.02617","0.00035","0","0","13.56","Humid","24.85","0","70.00","287540.09","SABD0000000001","AAV1.0.0.11","1.1.2.0","PSt7-10","170328-006","1/4/2020 10:31:52","0000-00","0","no battery","V"
"11/02/2020","11:17:07","1","default","640513929","OXY_CH1","2.742","min","173.800","µmol/L","Humid","21.855","deg","41104","µV","28.183","°C","1018.000","hPa","35.3","pmil","0","55.520","deg","20.000","°C","100.000","%a.s.","21.750","deg","20.000","°C","977.000","hPa","0.861","-0.02617","0.00035","0","0","13.56","Humid","24.85","0","70.00","287548.18","SABD0000000001","AAV1.0.0.11","1.1.2.0","PSt7-10","170328-006","1/4/2020 10:31:52","0000-00","0","no battery","V"
"11/02/2020","11:17:08","1","default","640513929","OXY_CH1","2.759","min","173.795","µmol/L","Humid","21.857","deg","41104","µV","28.180","°C","1019.000","hPa","35.3","pmil","0","55.520","deg","20.000","°C","100.000","%a.s.","21.750","deg","20.000","°C","977.000","hPa","0.861","-0.02617","0.00035","0","0","13.56","Humid","24.85","0","70.00","287550.07","SABD0000000001","AAV1.0.0.11","1.1.2.0","PSt7-10","170328-006","1/4/2020 10:31:52","0000-00","0","no battery","V"
"11/02/2020","11:17:09","1","default","640513929","OXY_CH1","2.776","min","173.869","µmol/L","Humid","21.851","deg","41113","µV","28.182","°C","1018.000","hPa","35.3","pmil","0","55.520","deg","20.000","°C","100.000","%a.s.","21.750","deg","20.000","°C","977.000","hPa","0.861","-0.02617","0.00035","0","0","13.56","Humid","24.85","0","70.00","287538.95","SABD0000000001","AAV1.0.0.11","1.1.2.0","PSt7-10","170328-006","1/4/2020 10:31:52","0000-00","0","no battery","V"
"11/02/2020","11:17:10","1","default","640513929","OXY_CH1","2.792","min","173.771","µmol/L","Humid","21.853","deg","41116","µV","28.195","°C","1018.000","hPa","35.3","pmil","0","55.520","deg","20.000","°C","100.000","%a.s.","21.750","deg","20.000","°C","977.000","hPa","0.861","-0.02617","0.00035","0","0","13.56","Humid","24.85","0","70.00","287544.60","SABD0000000001","AAV1.0.0.11","1.1.2.0","PSt7-10","170328-006","1/4/2020 10:31:52","0000-00","0","no battery","V"
"11/02/2020","11:17:11","1","default","640513929","OXY_CH1","2.808","min","173.805","µmol/L","Humid","21.855","deg","41118","µV","28.184","°C","1019.000","hPa","35.3","pmil","0","55.520","deg","20.000","°C","100.000","%a.s.","21.750","deg","20.000","°C","977.000","hPa","0.861","-0.02617","0.00035","0","0","13.56","Humid","24.85","0","70.00","287541.09","SABD0000000001","AAV1.0.0.11","1.1.2.0","PSt7-10","170328-006","1/4/2020 10:31:52","0000-00","0","no battery","V"
"11/02/2020","11:17:12","1","default","640513929","OXY_CH1","2.825","min","173.834","µmol/L","Humid","21.855","deg","41120","µV","28.177","°C","1018.000","hPa","35.3","pmil","0","55.520","deg","20.000","°C","100.000","%a.s.","21.750","deg","20.000","°C","977.000","hPa","0.861","-0.02617","0.00035","0","0","13.56","Humid","24.85","0","70.00","287541.33","SABD0000000001","AAV1.0.0.11","1.1.2.0","PSt7-10","170328-006","1/4/2020 10:31:52","0000-00","0","no battery","V"
"11/02/2020","11:17:13","1","default","640513929","OXY_CH1","2.842","min","173.771","µmol/L","Humid","21.861","deg","41120","µV","28.173","°C","1019.000","hPa","35.3","pmil","0","55.520","deg","20.000","°C","100.000","%a.s.","21.750","deg","20.000","°C","977.000","hPa","0.861","-0.02617","0.00035","0","0","13.56","Humid","24.85","0","70.00","287535.06","SABD0000000001","AAV1.0.0.11","1.1.2.0","PSt7-10","170328-006","1/4/2020 10:31:52","0000-00","0","no battery","V"
"11/02/2020","11:17:14","1","default","640513929","OXY_CH1","2.859","min","173.710","µmol/L","Humid","21.861","deg","41121","µV","28.184","°C","1019.000","hPa","35.3","pmil","0","55.520","deg","20.000","°C","100.000","%a.s.","21.750","deg","20.000","°C","977.000","hPa","0.861","-0.02617","0.00035","0","0","13.56","Humid","24.85","0","70.00","287541.50","SABD0000000001","AAV1.0.0.11","1.1.2.0","PSt7-10","170328-006","1/4/2020 10:31:52","0000-00","0","no battery","V"
"11/02/2020","11:17:15","1","default","640513929","OXY_CH1","2.876","min","173.611","µmol/L","Humid","21.864","deg","41126","µV","28.194","°C","1018.000","hPa","35.3","pmil","0","55.520","deg","20.000","°C","100.000","%a.s.","21.750","deg","20.000","°C","977.000","hPa","0.861","-0.02617","0.00035","0","0","13.56","Humid","24.85","0","70.00","287536.35","SABD0000000001","AAV1.0.0.11","1.1.2.0","PSt7-10","170328-006","1/4/2020 10:31:52","0000-00","0","no battery","V"
"11/02/2020","11:17:16","1","default","640513929","OXY_CH1","2.892","min","173.732","µmol/L","Humid","21.863","deg","41128","µV","28.173","°C","1018.000","hPa","35.3","pmil","0","55.520","deg","20.000","°C","100.000","%a.s.","21.750","deg","20.000","°C","977.000","hPa","0.861","-0.02617","0.00035","0","0","13.56","Humid","24.85","0","70.00","287536.33","SABD0000000001","AAV1.0.0.11","1.1.2.0","PSt7-10","170328-006","1/4/2020 10:31:52","0000-00","0","no battery","V"
"11/02/2020","11:17:17","1","default","640513929","OXY_CH1","2.909","min","173.706","µmol/L","Humid","21.862","deg","41125","µV","28.182","°C","1019.000","hPa","35.3","pmil","0","55.520","deg","20.000","°C","100.000","%a.s.","21.750","deg","20.000","°C","977.000","hPa","0.861","-0.02617","0.00035","0","0","13.56","Humid","24.85","0","70.00","287541.55","SABD0000000001","AAV1.0.0.11","1.1.2.0","PSt7-10","170328-006","1/4/2020 10:31:52","0000-00","0","no battery","V"
"11/02/2020","11:17:18","1","default","640513929","OXY_CH1","2.925","min","173.737","µmol/L","Humid","21.860","deg","41123","µV","28.181","°C","1018.000","hPa","35.3","pmil","0","55.520","deg","20.000","°C","100.000","%a.s.","21.750","deg","20.000","°C","977.000","hPa","0.861","-0.02617","0.00035","0","0","13.56","Humid","24.85","0","70.00","287522.87","SABD0000000001","AAV1.0.0.11","1.1.2.0","PSt7-10","170328-006","1/4/2020 10:31:52","0000-00","0","no battery","V"
"11/02/2020","11:17:19","1","default","640513929","OXY_CH1","2.942","min","173.663","µmol/L","Humid","21.866","deg","41126","µV","28.178","°C","1018.000","hPa","35.3","pmil","0","55.520","deg","20.000","°C","100.000","%a.s.","21.750","deg","20.000","°C","977.000","hPa","0.861","-0.02617","0.00035","0","0","13.56","Humid","24.85","0","70.00","287539.46","SABD0000000001","AAV1.0.0.11","1.1.2.0","PSt7-10","170328-006","1/4/2020 10:31:52","0000-00","0","no battery","V"
"11/02/2020","11:17:20","1","default","640513929","OXY_CH1","2.958","min","173.635","µmol/L","Humid","21.866","deg","41133","µV","28.183","°C","1018.000","hPa","35.3","pmil","0","55.520","deg","20.000","°C","100.000","%a.s.","21.750","deg","20.000","°C","977.000","hPa","0.861","-0.02617","0.00035","0","0","13.56","Humid","24.85","0","70.00","287522.77","SABD0000000001","AAV1.0.0.11","1.1.2.0","PSt7-10","170328-006","1/4/2020 10:31:52","0000-00","0","no battery","V"
"11/02/2020","11:17:21","1","default","640513929","OXY_CH1","2.975","min","173.808","µmol/L","Humid","21.860","deg","41132","µV","28.168","°C","1019.000","hPa","35.3","pmil","0","55.520","deg","20.000","°C","100.000","%a.s.","21.750","deg","20.000","°C","977.000","hPa","0.861","-0.02617","0.00035","0","0","13.56","Humid","24.85","0","70.00","287535.47","SABD0000000001","AAV1.0.0.11","1.1.2.0","PSt7-10","170328-006","1/4/2020 10:31:52","0000-00","0","no battery","V"
"11/02/2020","11:17:22","1","default","640513929","OXY_CH1","2.992","min","173.637","µmol/L","Humid","21.870","deg","41130","µV","28.171","°C","1018.000","hPa","35.3","pmil","0","55.520","deg","20.000","°C","100.000","%a.s.","21.750","deg","20.000","°C","977.000","hPa","0.861","-0.02617","0.00035","0","0","13.56","Humid","24.85","0","70.00","287523.22","SABD0000000001","AAV1.0.0.11","1.1.2.0","PSt7-10","170328-006","1/4/2020 10:31:52","0000-00","0","no battery","V"
"11/02/2020","11:17:23","1","default","640513929","OXY_CH1","3.009","min","173.702","µmol/L","Humid","21.863","deg","41129","µV","28.179","°C","1018.000","hPa","35.3","pmil","0","55.520","deg","20.000","°C","100.000","%a.s.","21.750","deg","20.000","°C","977.000","hPa","0.861","-0.02617","0.00035","0","0","13.56","Humid","24.85","0","70.00","287527.01","SABD0000000001","AAV1.0.0.11","1.1.2.0","PSt7-10","170328-006","1/4/2020 10:31:52","0000-00","0","no battery","V"
"11/02/2020","11:17:24","1","default","640513929","OXY_CH1","3.026","min","173.675","µmol/L","Humid","21.867","deg","41134","µV","28.172","°C","1018.000","hPa","35.3","pmil","0","55.520","deg","20.000","°C","100.000","%a.s.","21.750","deg","20.000","°C","977.000","hPa","0.861","-0.02617","0.00035","0","0","13.56","Humid","24.85","0","70.00","287520.50","SABD0000000001","AAV1.0.0.11","1.1.2.0","PSt7-10","170328-006","1/4/2020 10:31:52","0000-00","0","no battery","V"
"11/02/2020","11:17:25","1","default","640513929","OXY_CH1","3.042","min","173.644","µmol/L","Humid","21.868","deg","41132","µV","28.175","°C","1018.000","hPa","35.3","pmil","0","55.520","deg","20.000","°C","100.000","%a.s.","21.750","deg","20.000","°C","977.000","hPa","0.861","-0.02617","0.00035","0","0","13.56","Humid","24.85","0","70.00","287520.60","SABD0000000001","AAV1.0.0.11","1.1.2.0","PSt7-10","170328-006","1/4/2020 10:31:52","0000-00","0","no battery","V"
"11/02/2020","11:17:26","1","default","640513929","OXY_CH1","3.059","min","173.674","µmol/L","Humid","21.873","deg","41127","µV","28.155","°C","1018.000","hPa","35.3","pmil","0","55.520","deg","20.000","°C","100.000","%a.s.","21.750","deg","20.000","°C","977.000","hPa","0.861","-0.02617","0.00035","0","0","13.56","Humid","24.85","0","70.00","287531.58","SABD0000000001","AAV1.0.0.11","1.1.2.0","PSt7-10","170328-006","1/4/2020 10:31:52","0000-00","0","no battery","V"
"11/02/2020","11:17:27","1","default","640513929","OXY_CH1","3.075","min","173.667","µmol/L","Humid","21.870","deg","41136","µV","28.165","°C","1018.000","hPa","35.3","pmil","0","55.520","deg","20.000","°C","100.000","%a.s.","21.750","deg","20.000","°C","977.000","hPa","0.861","-0.02617","0.00035","0","0","13.56","Humid","24.85","0","70.00","287519.13","SABD0000000001","AAV1.0.0.11","1.1.2.0","PSt7-10","170328-006","1/4/2020 10:31:52","0000-00","0","no battery","V"
"11/02/2020","11:17:28","1","default","640513929","OXY_CH1","3.092","min","173.626","µmol/L","Humid","21.873","deg","41136","µV","28.164","°C","1018.000","hPa","35.3","pmil","0","55.520","deg","20.000","°C","100.000","%a.s.","21.750","deg","20.000","°C","977.000","hPa","0.861","-0.02617","0.00035","0","0","13.56","Humid","24.85","0","70.00","287520.96","SABD0000000001","AAV1.0.0.11","1.1.2.0","PSt7-10","170328-006","1/4/2020 10:31:52","0000-00","0","no battery","V"
"11/02/2020","11:17:29","1","default","640513929","OXY_CH1","3.108","min","173.617","µmol/L","Humid","21.871","deg","41136","µV","28.172","°C","1018.000","hPa","35.3","pmil","0","55.520","deg","20.000","°C","100.000","%a.s.","21.750","deg","20.000","°C","977.000","hPa","0.861","-0.02617","0.00035","0","0","13.56","Humid","24.85","0","70.00","287516.53","SABD0000000001","AAV1.0.0.11","1.1.2.0","PSt7-10","170328-006","1/4/2020 10:31:52","0000-00","0","no battery","V"
"11/02/2020","11:17:30","1","default","640513929","OXY_CH1","3.125","min","173.525","µmol/L","Humid","21.879","deg","41136","µV","28.166","°C","1018.000","hPa","35.3","pmil","0","55.520","deg","20.000","°C","100.000","%a.s.","21.750","deg","20.000","°C","977.000","hPa","0.861","-0.02617","0.00035","0","0","13.56","Humid","24.85","0","70.00","287513.87","SABD0000000001","AAV1.0.0.11","1.1.2.0","PSt7-10","170328-006","1/4/2020 10:31:52","0000-00","0","no battery","V"
"11/02/2020","11:17:31","1","default","640513929","OXY_CH1","3.142","min","173.744","µmol/L","Humid","21.873","deg","41140","µV","28.141","°C","1018.000","hPa","35.3","pmil","0","55.520","deg","20.000","°C","100.000","%a.s.","21.750","deg","20.000","°C","977.000","hPa","0.861","-0.02617","0.00035","0","0","13.56","Humid","24.85","0","70.00","287521.13","SABD0000000001","AAV1.0.0.11","1.1.2.0","PSt7-10","170328-006","1/4/2020 10:31:52","0000-00","0","no battery","V"
"11/02/2020","11:17:32","1","default","640513929","OXY_CH1","3.159","min","173.651","µmol/L","Humid","21.877","deg","41141","µV","28.148","°C","1018.000","hPa","35.3","pmil","0","55.520","deg","20.000","°C","100.000","%a.s.","21.750","deg","20.000","°C","977.000","hPa","0.861","-0.02617","0.00035","0","0","13.56","Humid","24.85","0","70.00","287512.69","SABD0000000001","AAV1.0.0.11","1.1.2.0","PSt7-10","170328-006","1/4/2020 10:31:52","0000-00","0","no battery","V"
"11/02/2020","11:17:33","1","default","640513929","OXY_CH1","3.175","min","173.433","µmol/L","Humid","21.883","deg","41127","µV","28.173","°C","1018.000","hPa","35.3","pmil","0","55.520","deg","20.000","°C","100.000","%a.s.","21.750","deg","20.000","°C","977.000","hPa","0.861","-0.02617","0.00035","0","0","13.56","Humid","24.85","0","70.00","287516.17","SABD0000000001","AAV1.0.0.11","1.1.2.0","PSt7-10","170328-006","1/4/2020 10:31:52","0000-00","0","no battery","V"
"11/02/2020","11:17:34","1","default","640513929","OXY_CH1","3.192","min","173.393","µmol/L","Humid","21.884","deg","41129","µV","28.177","°C","1018.000","hPa","35.3","pmil","0","55.520","deg","20.000","°C","100.000","%a.s.","21.750","deg","20.000","°C","977.000","hPa","0.861","-0.02617","0.00035","0","0","13.56","Humid","24.85","0","70.00","287516.46","SABD0000000001","AAV1.0.0.11","1.1.2.0","PSt7-10","170328-006","1/4/2020 10:31:52","0000-00","0","no battery","V"
"11/02/2020","11:17:35","1","default","640513929","OXY_CH1","3.209","min","173.547","µmol/L","Humid","21.879","deg","41128","µV","28.162","°C","1018.000","hPa","35.3","pmil","0","55.520","deg","20.000","°C","100.000","%a.s.","21.750","deg","20.000","°C","977.000","hPa","0.861","-0.02617","0.00035","0","0","13.56","Humid","24.85","0","70.00","287510.55","SABD0000000001","AAV1.0.0.11","1.1.2.0","PSt7-10","170328-006","1/4/2020 10:31:52","0000-00","0","no battery","V"
"11/02/2020","11:17:36","1","default","640513929","OXY_CH1","3.226","min","173.568","µmol/L","Humid","21.880","deg","41134","µV","28.155","°C","1018.000","hPa","35.3","pmil","0","55.520","deg","20.000","°C","100.000","%a.s.","21.750","deg","20.000","°C","977.000","hPa","0.861","-0.02617","0.00035","0","0","13.56","Humid","24.85","0","70.00","287518.46","SABD0000000001","AAV1.0.0.11","1.1.2.0","PSt7-10","170328-006","1/4/2020 10:31:52","0000-00","0","no battery","V"
"11/02/2020","11:17:37","1","default","640513929","OXY_CH1","3.242","min","173.551","µmol/L","Humid","21.880","deg","41142","µV","28.158","°C","1018.000","hPa","35.3","pmil","0","55.520","deg","20.000","°C","100.000","%a.s.","21.750","deg","20.000","°C","977.000","hPa","0.861","-0.02617","0.00035","0","0","13.56","Humid","24.85","0","70.00","287509.93","SABD0000000001","AAV1.0.0.11","1.1.2.0","PSt7-10","170328-006","1/4/2020 10:31:52","0000-00","0","no battery","V"
"11/02/2020","11:17:38","1","default","640513929","OXY_CH1","3.258","min","173.449","µmol/L","Humid","21.882","deg","41141","µV","28.172","°C","1018.000","hPa","35.3","pmil","0","55.520","deg","20.000","°C","100.000","%a.s.","21.750","deg","20.000","°C","977.000","hPa","0.861","-0.02617","0.00035","0","0","13.56","Humid","24.85","0","70.00","287514.82","SABD0000000001","AAV1.0.0.11","1.1.2.0","PSt7-10","170328-006","1/4/2020 10:31:52","0000-00","0","no battery","V"
"11/02/2020","11:17:39","1","default","640513929","OXY_CH1","3.275","min","173.405","µmol/L","Humid","21.889","deg","41138","µV","28.160","°C","1018.000","hPa","35.3","pmil","0","55.520","deg","20.000","°C","100.000","%a.s.","21.750","deg","20.000","°C","977.000","hPa","0.861","-0.02617","0.00035","0","0","13.56","Humid","24.85","0","70.00","287511.88","SABD0000000001","AAV1.0.0.11","1.1.2.0","PSt7-10","170328-006","1/4/2020 10:31:52","0000-00","0","no battery","V"
"11/02/2020","11:17:40","1","default","640513929","OXY_CH1","3.292","min","173.586","µmol/L","Humid","21.882","deg","41139","µV","28.146","°C","1018.000","hPa","35.3","pmil","0","55.520","deg","20.000","°C","100.000","%a.s.","21.750","deg","20.000","°C","977.000","hPa","0.861","-0.02617","0.00035","0","0","13.56","Humid","24.85","0","70.00","287508.56","SABD0000000001","AAV1.0.0.11","1.1.2.0","PSt7-10","170328-006","1/4/2020 10:31:52","0000-00","0","no battery","V"
"11/02/2020","11:17:41","1","default","640513929","OXY_CH1","3.308","min","173.548","µmol/L","Humid","21.883","deg","41146","µV","28.150","°C","1018.000","hPa","35.3","pmil","0","55.520","deg","20.000","°C","100.000","%a.s.","21.750","deg","20.000","°C","977.000","hPa","0.861","-0.02617","0.00035","0","0","13.56","Humid","24.85","0","70.00","287501.55","SABD0000000001","AAV1.0.0.11","1.1.2.0","PSt7-10","170328-006","1/4/2020 10:31:52","0000-00","0","no battery","V"
"11/02/2020","11:17:42","1","default","640513929","OXY_CH1","3.325","min","173.592","µmol/L","Humid","21.880","deg","41144","µV","28.150","°C","1018.000","hPa","35.3","pmil","0","55.520","deg","20.000","°C","100.000","%a.s.","21.750","deg","20.000","°C","977.000","hPa","0.861","-0.02617","0.00035","0","0","13.56","Humid","24.85","0","70.00","287506.15","SABD0000000001","AAV1.0.0.11","1.1.2.0","PSt7-10","170328-006","1/4/2020 10:31:52","0000-00","0","no battery","V"
"11/02/2020","11:17:43","1","default","640513929","OXY_CH1","3.342","min","173.449","µmol/L","Humid","21.886","deg","41152","µV","28.161","°C","1018.000","hPa","35.3","pmil","0","55.520","deg","20.000","°C","100.000","%a.s.","21.750","deg","20.000","°C","977.000","hPa","0.861","-0.02617","0.00035","0","0","13.56","Humid","24.85","0","70.00","287500.25","SABD0000000001","AAV1.0.0.11","1.1.2.0","PSt7-10","170328-006","1/4/2020 10:31:52","0000-00","0","no battery","V"
"11/02/2020","11:17:44","1","default","640513929","OXY_CH1","3.359","min","173.275","µmol/L","Humid","21.896","deg","41151","µV","28.165","°C","1018.000","hPa","35.3","pmil","0","55.520","deg","20.000","°C","100.000","%a.s.","21.750","deg","20.000","°C","977.000","hPa","0.861","-0.02617","0.00035","0","0","13.56","Humid","24.85","0","70.00","287500.19","SABD0000000001","AAV1.0.0.11","1.1.2.0","PSt7-10","170328-006","1/4/2020 10:31:52","0000-00","0","no battery","V"
"11/02/2020","11:17:45","1","default","640513929","OXY_CH1","3.376","min","173.524","µmol/L","Humid","21.883","deg","41161","µV","28.155","°C","1018.000","hPa","35.3","pmil","0","55.520","deg","20.000","°C","100.000","%a.s.","21.750","deg","20.000","°C","977.000","hPa","0.861","-0.02617","0.00035","0","0","13.56","Humid","24.85","0","70.00","287501.46","SABD0000000001","AAV1.0.0.11","1.1.2.0","PSt7-10","170328-006","1/4/2020 10:31:52","0000-00","0","no battery","V"
"11/02/2020","11:17:46","1","default","640513929","OXY_CH1","3.392","min","173.368","µmol/L","Humid","21.894","deg","41168","µV","28.153","°C","1018.000","hPa","35.3","pmil","0","55.520","deg","20.000","°C","100.000","%a.s.","21.750","deg","20.000","°C","977.000","hPa","0.861","-0.02617","0.00035","0","0","13.56","Humid","24.85","0","70.00","287503.74","SABD0000000001","AAV1.0.0.11","1.1.2.0","PSt7-10","170328-006","1/4/2020 10:31:52","0000-00","0","no battery","V"
"11/02/2020","11:17:47","1","default","640513929","OXY_CH1","3.409","min","173.441","µmol/L","Humid","21.890","deg","41167","µV","28.150","°C","1018.000","hPa","35.3","pmil","0","55.520","deg","20.000","°C","100.000","%a.s.","21.750","deg","20.000","°C","977.000","hPa","0.861","-0.02617","0.00035","0","0","13.56","Humid","24.85","0","70.00","287508.02","SABD0000000001","AAV1.0.0.11","1.1.2.0","PSt7-10","170328-006","1/4/2020 10:31:52","0000-00","0","no battery","V"
"11/02/2020","11:17:48","1","default","640513929","OXY_CH1","3.426","min","173.399","µmol/L","Humid","21.892","deg","41174","µV","28.153","°C","1018.000","hPa","35.3","pmil","0","55.520","deg","20.000","°C","100.000","%a.s.","21.750","deg","20.000","°C","977.000","hPa","0.861","-0.02617","0.00035","0","0","13.56","Humid","24.85","0","70.00","287503.18","SABD0000000001","AAV1.0.0.11","1.1.2.0","PSt7-10","170328-006","1/4/2020 10:31:52","0000-00","0","no battery","V"
"11/02/2020","11:17:49","1","default","640513929","OXY_CH1","3.442","min","173.369","µmol/L","Humid","21.899","deg","41173","µV","28.138","°C","1018.000","hPa","35.3","pmil","0","55.520","deg","20.000","°C","100.000","%a.s.","21.750","deg","20.000","°C","977.000","hPa","0.861","-0.02617","0.00035","0","0","13.56","Humid","24.85","0","70.00","287505.87","SABD0000000001","AAV1.0.0.11","1.1.2.0","PSt7-10","170328-006","1/4/2020 10:31:52","0000-00","0","no battery","V"
"11/02/2020","11:17:50","1","default","640513929","OXY_CH1","3.458","min","173.514","µmol/L","Humid","21.890","deg","41177","µV","28.138","°C","1019.000","hPa","35.3","pmil","0","55.520","deg","20.000","°C","100.000","%a.s.","21.750","deg","20.000","°C","977.000","hPa","0.861","-0.02617","0.00035","0","0","13.56","Humid","24.85","0","70.00","287496.63","SABD0000000001","AAV1.0.0.11","1.1.2.0","PSt7-10","170328-006","1/4/2020 10:31:52","0000-00","0","no battery","V"
"11/02/2020","11:17:51","1","default","640513929","OXY_CH1","3.475","min","173.420","µmol/L","Humid","21.897","deg","41169","µV","28.135","°C","1019.000","hPa","35.3","pmil","0","55.520","deg","20.000","°C","100.000","%a.s.","21.750","deg","20.000","°C","977.000","hPa","0.861","-0.02617","0.00035","0","0","13.56","Humid","24.85","0","70.00","287495.44","SABD0000000001","AAV1.0.0.11","1.1.2.0","PSt7-10","170328-006","1/4/2020 10:31:52","0000-00","0","no battery","V"
"11/02/2020","11:17:52","1","default","640513929","OXY_CH1","3.492","min","173.453","µmol/L","Humid","21.895","deg","41180","µV","28.135","°C","1019.000","hPa","35.3","pmil","0","55.520","deg","20.000","°C","100.000","%a.s.","21.750","deg","20.000","°C","977.000","hPa","0.861","-0.02617","0.00035","0","0","13.56","Humid","24.85","0","70.00","287500.74","SABD0000000001","AAV1.0.0.11","1.1.2.0","PSt7-10","170328-006","1/4/2020 10:31:52","0000-00","0","no battery","V"
"11/02/2020","11:17:53","1","default","640513929","OXY_CH1","3.509","min","173.227","µmol/L","Humid","21.900","deg","41187","µV","28.164","°C","1019.000","hPa","35.3","pmil","0","55.520","deg","20.000","°C","100.000","%a.s.","21.750","deg","20.000","°C","977.000","hPa","0.861","-0.02617","0.00035","0","0","13.56","Humid","24.85","0","70.00","287501.26","SABD0000000001","AAV1.0.0.11","1.1.2.0","PSt7-10","170328-006","1/4/2020 10:31:52","0000-00","0","no battery","V"
"11/02/2020","11:17:54","1","default","640513929","OXY_CH1","3.525","min","173.310","µmol/L","Humid","21.896","deg","41184","µV","28.160","°C","1019.000","hPa","35.3","pmil","0","55.520","deg","20.000","°C","100.000","%a.s.","21.750","deg","20.000","°C","977.000","hPa","0.861","-0.02617","0.00035","0","0","13.56","Humid","24.85","0","70.00","287490.47","SABD0000000001","AAV1.0.0.11","1.1.2.0","PSt7-10","170328-006","1/4/2020 10:31:52","0000-00","0","no battery","V"
"11/02/2020","11:17:55","1","default","640513929","OXY_CH1","3.542","min","173.303","µmol/L","Humid","21.902","deg","41190","µV","28.144","°C","1019.000","hPa","35.3","pmil","0","55.520","deg","20.000","°C","100.000","%a.s.","21.750","deg","20.000","°C","977.000","hPa","0.861","-0.02617","0.00035","0","0","13.56","Humid","24.85","0","70.00","287495.41","SABD0000000001","AAV1.0.0.11","1.1.2.0","PSt7-10","170328-006","1/4/2020 10:31:52","0000-00","0","no battery","V"
"11/02/2020","11:17:56","1","default","640513929","OXY_CH1","3.559","min","173.333","µmol/L","Humid","21.897","deg","41191","µV","28.152","°C","1019.000","hPa","35.3","pmil","0","55.520","deg","20.000","°C","100.000","%a.s.","21.750","deg","20.000","°C","977.000","hPa","0.861","-0.02617","0.00035","0","0","13.56","Humid","24.85","0","70.00","287487.71","SABD0000000001","AAV1.0.0.11","1.1.2.0","PSt7-10","170328-006","1/4/2020 10:31:52","0000-00","0","no battery","V"
"11/02/2020","11:17:57","1","default","640513929","OXY_CH1","3.576","min","173.363","µmol/L","Humid","21.897","deg","41188","µV","28.146","°C","1019.000","hPa","35.3","pmil","0","55.520","deg","20.000","°C","100.000","%a.s.","21.750","deg","20.000","°C","977.000","hPa","0.861","-0.02617","0.00035","0","0","13.56","Humid","24.85","0","70.00","287485.50","SABD0000000001","AAV1.0.0.11","1.1.2.0","PSt7-10","170328-006","1/4/2020 10:31:52","0000-00","0","no battery","V"
"11/02/2020","11:17:58","1","default","640513929","OXY_CH1","3.592","min","173.254","µmol/L","Humid","21.904","deg","41189","µV","28.147","°C","1019.000","hPa","35.3","pmil","0","55.520","deg","20.000","°C","100.000","%a.s.","21.750","deg","20.000","°C","977.000","hPa","0.861","-0.02617","0.00035","0","0","13.56","Humid","24.85","0","70.00","287485.46","SABD0000000001","AAV1.0.0.11","1.1.2.0","PSt7-10","170328-006","1/4/2020 10:31:52","0000-00","0","no battery","V"
"11/02/2020","11:17:59","1","default","640513929","OXY_CH1","3.609","min","173.239","µmol/L","Humid","21.905","deg","41190","µV","28.147","°C","1019.000","hPa","35.3","pmil","0","55.520","deg","20.000","°C","100.000","%a.s.","21.750","deg","20.000","°C","977.000","hPa","0.861","-0.02617","0.00035","0","0","13.56","Humid","24.85","0","70.00","287481.87","SABD0000000001","AAV1.0.0.11","1.1.2.0","PSt7-10","170328-006","1/4/2020 10:31:52","0000-00","0","no battery","V"
"11/02/2020","11:18:00","1","default","640513929","OXY_CH1","3.625","min","173.281","µmol/L","Humid","21.906","deg","41194","µV","28.136","°C","1019.000","hPa","35.3","pmil","0","55.520","deg","20.000","°C","100.000","%a.s.","21.750","deg","20.000","°C","977.000","hPa","0.861","-0.02617","0.00035","0","0","13.56","Humid","24.85","0","70.00","287482.82","SABD0000000001","AAV1.0.0.11","1.1.2.0","PSt7-10","170328-006","1/4/2020 10:31:52","0000-00","0","no battery","V"
"11/02/2020","11:18:01","1","default","640513929","OXY_CH1","3.642","min","173.259","µmol/L","Humid","21.906","deg","41195","µV","28.140","°C","1019.000","hPa","35.3","pmil","0","55.520","deg","20.000","°C","100.000","%a.s.","21.750","deg","20.000","°C","977.000","hPa","0.861","-0.02617","0.00035","0","0","13.56","Humid","24.85","0","70.00","287484.17","SABD0000000001","AAV1.0.0.11","1.1.2.0","PSt7-10","170328-006","1/4/2020 10:31:52","0000-00","0","no battery","V"
"11/02/2020","11:18:02","1","default","640513929","OXY_CH1","3.658","min","173.139","µmol/L","Humid","21.911","deg","41193","µV","28.149","°C","1019.000","hPa","35.3","pmil","0","55.520","deg","20.000","°C","100.000","%a.s.","21.750","deg","20.000","°C","977.000","hPa","0.861","-0.02617","0.00035","0","0","13.56","Humid","24.85","0","70.00","287475.99","SABD0000000001","AAV1.0.0.11","1.1.2.0","PSt7-10","170328-006","1/4/2020 10:31:52","0000-00","0","no battery","V"
"11/02/2020","11:18:03","1","default","640513929","OXY_CH1","3.675","min","173.080","µmol/L","Humid","21.913","deg","41193","µV","28.155","°C","1019.000","hPa","35.3","pmil","0","55.520","deg","20.000","°C","100.000","%a.s.","21.750","deg","20.000","°C","977.000","hPa","0.861","-0.02617","0.00035","0","0","13.56","Humid","24.85","0","70.00","287473.27","SABD0000000001","AAV1.0.0.11","1.1.2.0","PSt7-10","170328-006","1/4/2020 10:31:52","0000-00","0","no battery","V"
"11/02/2020","11:18:04","1","default","640513929","OXY_CH1","3.692","min","173.297","µmol/L","Humid","21.903","deg","41196","µV","28.140","°C","1018.000","hPa","35.3","pmil","0","55.520","deg","20.000","°C","100.000","%a.s.","21.750","deg","20.000","°C","977.000","hPa","0.861","-0.02617","0.00035","0","0","13.56","Humid","24.85","0","70.00","287478.11","SABD0000000001","AAV1.0.0.11","1.1.2.0","PSt7-10","170328-006","1/4/2020 10:31:52","0000-00","0","no battery","V"
"11/02/2020","11:18:05","1","default","640513929","OXY_CH1","3.709","min","173.212","µmol/L","Humid","21.910","deg","41199","µV","28.138","°C","1019.000","hPa","35.3","pmil","0","55.520","deg","20.000","°C","100.000","%a.s.","21.750","deg","20.000","°C","977.000","hPa","0.861","-0.02617","0.00035","0","0","13.56","Humid","24.85","0","70.00","287477.97","SABD0000000001","AAV1.0.0.11","1.1.2.0","PSt7-10","170328-006","1/4/2020 10:31:52","0000-00","0","no battery","V"
"11/02/2020","11:18:06","1","default","640513929","OXY_CH1","3.726","min","173.264","µmol/L","Humid","21.904","deg","41204","µV","28.144","°C","1018.000","hPa","35.3","pmil","0","55.520","deg","20.000","°C","100.000","%a.s.","21.750","deg","20.000","°C","977.000","hPa","0.861","-0.02617","0.00035","0","0","13.56","Humid","24.85","0","70.00","287476.79","SABD0000000001","AAV1.0.0.11","1.1.2.0","PSt7-10","170328-006","1/4/2020 10:31:52","0000-00","0","no battery","V"
"11/02/2020","11:18:07","1","default","640513929","OXY_CH1","3.742","min","173.164","µmol/L","Humid","21.914","deg","41199","µV","28.134","°C","1018.000","hPa","35.3","pmil","0","55.520","deg","20.000","°C","100.000","%a.s.","21.750","deg","20.000","°C","977.000","hPa","0.861","-0.02617","0.00035","0","0","13.56","Humid","24.85","0","70.00","287466.72","SABD0000000001","AAV1.0.0.11","1.1.2.0","PSt7-10","170328-006","1/4/2020 10:31:52","0000-00","0","no battery","V"
"11/02/2020","11:18:08","1","default","640513929","OXY_CH1","3.759","min","173.300","µmol/L","Humid","21.908","deg","41206","µV","28.125","°C","1018.000","hPa","35.3","pmil","0","55.520","deg","20.000","°C","100.000","%a.s.","21.750","deg","20.000","°C","977.000","hPa","0.861","-0.02617","0.00035","0","0","13.56","Humid","24.85","0","70.00","287483.61","SABD0000000001","AAV1.0.0.11","1.1.2.0","PSt7-10","170328-006","1/4/2020 10:31:52","0000-00","0","no battery","V"
"11/02/2020","11:18:09","1","default","640513929","OXY_CH1","3.775","min","173.242","µmol/L","Humid","21.913","deg","41210","µV","28.122","°C","1018.000","hPa","35.3","pmil","0","55.520","deg","20.000","°C","100.000","%a.s.","21.750","deg","20.000","°C","977.000","hPa","0.861","-0.02617","0.00035","0","0","13.56","Humid","24.85","0","70.00","287481.65","SABD0000000001","AAV1.0.0.11","1.1.2.0","PSt7-10","170328-006","1/4/2020 10:31:52","0000-00","0","no battery","V"
"11/02/2020","11:18:10","1","default","640513929","OXY_CH1","3.792","min","173.209","µmol/L","Humid","21.915","deg","41213","µV","28.123","°C","1018.000","hPa","35.3","pmil","0","55.520","deg","20.000","°C","100.000","%a.s.","21.750","deg","20.000","°C","977.000","hPa","0.861","-0.02617","0.00035","0","0","13.56","Humid","24.85","0","70.00","287472.20","SABD0000000001","AAV1.0.0.11","1.1.2.0","PSt7-10","170328-006","1/4/2020 10:31:52","0000-00","0","no battery","V"
"11/02/2020","11:18:11","1","default","640513929","OXY_CH1","3.808","min","173.136","µmol/L","Humid","21.910","deg","41214","µV","28.151","°C","1018.000","hPa","35.3","pmil","0","55.520","deg","20.000","°C","100.000","%a.s.","21.750","deg","20.000","°C","977.000","hPa","0.861","-0.02617","0.00035","0","0","13.56","Humid","24.85","0","70.00","287473.20","SABD0000000001","AAV1.0.0.11","1.1.2.0","PSt7-10","170328-006","1/4/2020 10:31:52","0000-00","0","no battery","V"
"11/02/2020","11:18:12","1","default","640513929","OXY_CH1","3.825","min","173.081","µmol/L","Humid","21.913","deg","41216","µV","28.155","°C","1019.000","hPa","35.3","pmil","0","55.520","deg","20.000","°C","100.000","%a.s.","21.750","deg","20.000","°C","977.000","hPa","0.861","-0.02617","0.00035","0","0","13.56","Humid","24.85","0","70.00","287468.91","SABD0000000001","AAV1.0.0.11","1.1.2.0","PSt7-10","170328-006","1/4/2020 10:31:52","0000-00","0","no battery","V"
"11/02/2020","11:18:13","1","default","640513929","OXY_CH1","3.842","min","173.023","µmol/L","Humid","21.921","deg","41226","µV","28.143","°C","1019.000","hPa","35.3","pmil","0","55.520","deg","20.000","°C","100.000","%a.s.","21.750","deg","20.000","°C","977.000","hPa","0.861","-0.02617","0.00035","0","0","13.56","Humid","24.85","0","70.00","287472.11","SABD0000000001","AAV1.0.0.11","1.1.2.0","PSt7-10","170328-006","1/4/2020 10:31:52","0000-00","0","no battery","V"
"11/02/2020","11:18:14","1","default","640513929","OXY_CH1","3.859","min","173.044","µmol/L","Humid","21.923","deg","41235","µV","28.133","°C","1019.000","hPa","35.3","pmil","0","55.520","deg","20.000","°C","100.000","%a.s.","21.750","deg","20.000","°C","977.000","hPa","0.861","-0.02617","0.00035","0","0","13.56","Humid","24.85","0","70.00","287476.68","SABD0000000001","AAV1.0.0.11","1.1.2.0","PSt7-10","170328-006","1/4/2020 10:31:52","0000-00","0","no battery","V"
"11/02/2020","11:18:15","1","default","640513929","OXY_CH1","3.875","min","173.091","µmol/L","Humid","21.919","deg","41230","µV","28.135","°C","1019.000","hPa","35.3","pmil","0","55.520","deg","20.000","°C","100.000","%a.s.","21.750","deg","20.000","°C","977.000","hPa","0.861","-0.02617","0.00035","0","0","13.56","Humid","24.85","0","70.00","287464.13","SABD0000000001","AAV1.0.0.11","1.1.2.0","PSt7-10","170328-006","1/4/2020 10:31:52","0000-00","0","no battery","V"
"11/02/2020","11:18:16","1","default","640513929","OXY_CH1","3.892","min","172.986","µmol/L","Humid","21.928","deg","41229","µV","28.128","°C","1018.000","hPa","35.3","pmil","0","55.520","deg","20.000","°C","100.000","%a.s.","21.750","deg","20.000","°C","977.000","hPa","0.861","-0.02617","0.00035","0","0","13.56","Humid","24.85","0","70.00","287472.48","SABD0000000001","AAV1.0.0.11","1.1.2.0","PSt7-10","170328-006","1/4/2020 10:31:52","0000-00","0","no battery","V"
"11/02/2020","11:18:17","1","default","640513929","OXY_CH1","3.909","min","173.092","µmol/L","Humid","21.923","deg","41237","µV","28.123","°C","1019.000","hPa","35.3","pmil","0","55.520","deg","20.000","°C","100.000","%a.s.","21.750","deg","20.000","°C","977.000","hPa","0.861","-0.02617","0.00035","0","0","13.56","Humid","24.85","0","70.00","287470.07","SABD0000000001","AAV1.0.0.11","1.1.2.0","PSt7-10","170328-006","1/4/2020 10:31:52","0000-00","0","no battery","V"
"11/02/2020","11:18:18","1","default","640513929","OXY_CH1","3.926","min","173.110","µmol/L","Humid","21.924","deg","41234","µV","28.117","°C","1019.000","hPa","35.3","pmil","0","55.520","deg","20.000","°C","100.000","%a.s.","21.750","deg","20.000","°C","977.000","hPa","0.861","-0.02617","0.00035","0","0","13.56","Humid","24.85","0","70.00","287471.63","SABD0000000001","AAV1.0.0.11","1.1.2.0","PSt7-10","170328-006","1/4/2020 10:31:52","0000-00","0","no battery","V"
"11/02/2020","11:18:19","1","default","640513929","OXY_CH1","3.942","min","173.019","µmol/L","Humid","21.929","deg","41240","µV","28.120","°C","1019.000","hPa","35.3","pmil","0","55.520","deg","20.000","°C","100.000","%a.s.","21.750","deg","20.000","°C","977.000","hPa","0.861","-0.02617","0.00035","0","0","13.56","Humid","24.85","0","70.00","287461.26","SABD0000000001","AAV1.0.0.11","1.1.2.0","PSt7-10","170328-006","1/4/2020 10:31:52","0000-00","0","no battery","V"
"11/02/2020","11:18:20","1","default","640513929","OXY_CH1","3.958","min","173.061","µmol/L","Humid","21.924","deg","41244","µV","28.126","°C","1019.000","hPa","35.3","pmil","0","55.520","deg","20.000","°C","100.000","%a.s.","21.750","deg","20.000","°C","977.000","hPa","0.861","-0.02617","0.00035","0","0","13.56","Humid","24.85","0","70.00","287460.89","SABD0000000001","AAV1.0.0.11","1.1.2.0","PSt7-10","170328-006","1/4/2020 10:31:52","0000-00","0","no battery","V"
"11/02/2020","11:18:21","1","default","640513929","OXY_CH1","3.975","min","172.898","µmol/L","Humid","21.933","deg","41245","µV","28.132","°C","1019.000","hPa","35.3","pmil","0","55.520","deg","20.000","°C","100.000","%a.s.","21.750","deg","20.000","°C","977.000","hPa","0.861","-0.02617","0.00035","0","0","13.56","Humid","24.85","0","70.00","287473.30","SABD0000000001","AAV1.0.0.11","1.1.2.0","PSt7-10","170328-006","1/4/2020 10:31:52","0000-00","0","no battery","V"
"11/02/2020","11:18:22","1","default","640513929","OXY_CH1","3.992","min","172.951","µmol/L","Humid","21.928","deg","41248","µV","28.136","°C","1019.000","hPa","35.3","pmil","0","55.520","deg","20.000","°C","100.000","%a.s.","21.750","deg","20.000","°C","977.000","hPa","0.861","-0.02617","0.00035","0","0","13.56","Humid","24.85","0","70.00","287475.40","SABD0000000001","AAV1.0.0.11","1.1.2.0","PSt7-10","170328-006","1/4/2020 10:31:52","0000-00","0","no battery","V"
"11/02/2020","11:18:23","1","default","640513929","OXY_CH1","4.008","min","173.181","µmol/L","Humid","21.918","deg","41242","µV","28.121","°C","1019.000","hPa","35.3","pmil","0","55.520","deg","20.000","°C","100.000","%a.s.","21.750","deg","20.000","°C","977.000","hPa","0.861","-0.02617","0.00035","0","0","13.56","Humid","24.85","0","70.00","287463.44","SABD0000000001","AAV1.0.0.11","1.1.2.0","PSt7-10","170328-006","1/4/2020 10:31:52","0000-00","0","no battery","V"
"11/02/2020","11:18:24","1","default","640513929","OXY_CH1","4.025","min","172.991","µmol/L","Humid","21.930","deg","41247","µV","28.122","°C","1019.000","hPa","35.3","pmil","0","55.520","deg","20.000","°C","100.000","%a.s.","21.750","deg","20.000","°C","977.000","hPa","0.861","-0.02617","0.00035","0","0","13.56","Humid","24.85","0","70.00","287459.44","SABD0000000001","AAV1.0.0.11","1.1.2.0","PSt7-10","170328-006","1/4/2020 10:31:52","0000-00","0","no battery","V"
"11/02/2020","11:18:25","1","default","640513929","OXY_CH1","4.042","min","172.956","µmol/L","Humid","21.933","deg","41248","µV","28.121","°C","1019.000","hPa","35.3","pmil","0","55.520","deg","20.000","°C","100.000","%a.s.","21.750","deg","20.000","°C","977.000","hPa","0.861","-0.02617","0.00035","0","0","13.56","Humid","24.85","0","70.00","287464.64","SABD0000000001","AAV1.0.0.11","1.1.2.0","PSt7-10","170328-006","1/4/2020 10:31:52","0000-00","0","no battery","V"
"11/02/2020","11:18:26","1","default","640513929","OXY_CH1","4.059","min","172.986","µmol/L","Humid","21.932","deg","41248","µV","28.116","°C","1018.000","hPa","35.3","pmil","0","55.520","deg","20.000","°C","100.000","%a.s.","21.750","deg","20.000","°C","977.000","hPa","0.861","-0.02617","0.00035","0","0","13.56","Humid","24.85","0","70.00","287478.88","SABD0000000001","AAV1.0.0.11","1.1.2.0","PSt7-10","170328-006","1/4/2020 10:31:52","0000-00","0","no battery","V"
"11/02/2020","11:18:27","1","default","640513929","OXY_CH1","4.076","min","172.942","µmol/L","Humid","21.930","deg","41248","µV","28.131","°C","1018.000","hPa","35.3","pmil","0","55.520","deg","20.000","°C","100.000","%a.s.","21.750","deg","20.000","°C","977.000","hPa","0.861","-0.02617","0.00035","0","0","13.56","Humid","24.85","0","70.00","287459.53","SABD0000000001","AAV1.0.0.11","1.1.2.0","PSt7-10","170328-006","1/4/2020 10:31:52","0000-00","0","no battery","V"
"11/02/2020","11:18:28","1","default","640513929","OXY_CH1","4.092","min","172.938","µmol/L","Humid","21.933","deg","41242","µV","28.124","°C","1019.000","hPa","35.3","pmil","0","55.520","deg","20.000","°C","100.000","%a.s.","21.750","deg","20.000","°C","977.000","hPa","0.861","-0.02617","0.00035","0","0","13.56","Humid","24.85","0","70.00","287467.59","SABD0000000001","AAV1.0.0.11","1.1.2.0","PSt7-10","170328-006","1/4/2020 10:31:52","0000-00","0","no battery","V"
"11/02/2020","11:18:29","1","default","640513929","OXY_CH1","4.109","min","173.070","µmol/L","Humid","21.929","deg","41251","µV","28.109","°C","1018.000","hPa","35.3","pmil","0","55.520","deg","20.000","°C","100.000","%a.s.","21.750","deg","20.000","°C","977.000","hPa","0.861","-0.02617","0.00035","0","0","13.56","Humid","24.85","0","70.00","287459.69","SABD0000000001","AAV1.0.0.11","1.1.2.0","PSt7-10","170328-006","1/4/2020 10:31:52","0000-00","0","no battery","V"
"11/02/2020","11:18:30","1","default","640513929","OXY_CH1","4.125","min","172.918","µmol/L","Humid","21.932","deg","41246","µV","28.129","°C","1018.000","hPa","35.3","pmil","0","55.520","deg","20.000","°C","100.000","%a.s.","21.750","deg","20.000","°C","977.000","hPa","0.861","-0.02617","0.00035","0","0","13.56","Humid","24.85","0","70.00","287461.90","SABD0000000001","AAV1.0.0.11","1.1.2.0","PSt7-10","170328-006","1/4/2020 10:31:52","0000-00","0","no battery","V"
"11/02/2020","11:18:31","1","default","640513929","OXY_CH1","4.142","min","172.859","µmol/L","Humid","21.935","deg","41248","µV","28.132","°C","1018.000","hPa","35.3","pmil","0","55.520","deg","20.000","°C","100.000","%a.s.","21.750","deg","20.000","°C","977.000","hPa","0.861","-0.02617","0.00035","0","0","13.56","Humid","24.85","0","70.00","287462.94","SABD0000000001","AAV1.0.0.11","1.1.2.0","PSt7-10","170328-006","1/4/2020 10:31:52","0000-00","0","no battery","V"
"11/02/2020","11:18:32","1","default","640513929","OXY_CH1","4.158","min","172.997","µmol/L","Humid","21.930","deg","41245","µV","28.120","°C","1018.000","hPa","35.3","pmil","0","55.520","deg","20.000","°C","100.000","%a.s.","21.750","deg","20.000","°C","977.000","hPa","0.861","-0.02617","0.00035","0","0","13.56","Humid","24.85","0","70.00","287452.61","SABD0000000001","AAV1.0.0.11","1.1.2.0","PSt7-10","170328-006","1/4/2020 10:31:52","0000-00","0","no battery","V"
"11/02/2020","11:18:33","1","default","640513929","OXY_CH1","4.175","min","172.753","µmol/L","Humid","21.943","deg","41258","µV","28.129","°C","1018.000","hPa","35.3","pmil","0","55.520","deg","20.000","°C","100.000","%a.s.","21.750","deg","20.000","°C","977.000","hPa","0.861","-0.02617","0.00035","0","0","13.56","Humid","24.85","0","70.00","287460.01","SABD0000000001","AAV1.0.0.11","1.1.2.0","PSt7-10","170328-006","1/4/2020 10:31:52","0000-00","0","no battery","V"
"11/02/2020","11:18:34","1","default","640513929","OXY_CH1","4.192","min","172.902","µmol/L","Humid","21.936","deg","41262","µV","28.122","°C","1019.000","hPa","35.3","pmil","0","55.520","deg","20.000","°C","100.000","%a.s.","21.750","deg","20.000","°C","977.000","hPa","0.861","-0.02617","0.00035","0","0","13.56","Humid","24.85","0","70.00","287471.88","SABD0000000001","AAV1.0.0.11","1.1.2.0","PSt7-10","170328-006","1/4/2020 10:31:52","0000-00","0","no battery","V"
"11/02/2020","11:18:35","1","default","640513929","OXY_CH1","4.209","min","172.848","µmol/L","Humid","21.940","deg","41266","µV","28.120","°C","1018.000","hPa","35.3","pmil","0","55.520","deg","20.000","°C","100.000","%a.s.","21.750","deg","20.000","°C","977.000","hPa","0.861","-0.02617","0.00035","0","0","13.56","Humid","24.85","0","70.00","287465.54","SABD0000000001","AAV1.0.0.11","1.1.2.0","PSt7-10","170328-006","1/4/2020 10:31:52","0000-00","0","no battery","V"
"11/02/2020","11:18:36","1","default","640513929","OXY_CH1","4.225","min","172.863","µmol/L","Humid","21.939","deg","41263","µV","28.120","°C","1018.000","hPa","35.3","pmil","0","55.520","deg","20.000","°C","100.000","%a.s.","21.750","deg","20.000","°C","977.000","hPa","0.861","-0.02617","0.00035","0","0","13.56","Humid","24.85","0","70.00","287460.60","SABD0000000001","AAV1.0.0.11","1.1.2.0","PSt7-10","170328-006","1/4/2020 10:31:52","0000-00","0","no battery","V"
"11/02/2020","11:18:37","1","default","640513929","OXY_CH1","4.242","min","172.854","µmol/L","Humid","21.940","deg","41266","µV","28.119","°C","1018.000","hPa","35.3","pmil","0","55.520","deg","20.000","°C","100.000","%a.s.","21.750","deg","20.000","°C","977.000","hPa","0.861","-0.02617","0.00035","0","0","13.56","Humid","24.85","0","70.00","287449.47","SABD0000000001","AAV1.0.0.11","1.1.2.0","PSt7-10","170328-006","1/4/2020 10:31:52","0000-00","0","no battery","V"
"11/02/2020","11:18:38","1","default","640513929","OXY_CH1","4.259","min","172.833","µmol/L","Humid","21.941","deg","41269","µV","28.120","°C","1018.000","hPa","35.3","pmil","0","55.520","deg","20.000","°C","100.000","%a.s.","21.750","deg","20.000","°C","977.000","hPa","0.861","-0.02617","0.00035","0","0","13.56","Humid","24.85","0","70.00","287455.89","SABD0000000001","AAV1.0.0.11","1.1.2.0","PSt7-10","170328-006","1/4/2020 10:31:52","0000-00","0","no battery","V"
"11/02/2020","11:18:39","1","default","640513929","OXY_CH1","4.276","min","172.892","µmol/L","Humid","21.943","deg","41268","µV","28.102","°C","1018.000","hPa","35.3","pmil","0","55.520","deg","20.000","°C","100.000","%a.s.","21.750","deg","20.000","°C","977.000","hPa","0.861","-0.02617","0.00035","0","0","13.56","Humid","24.85","0","70.00","287468.29","SABD0000000001","AAV1.0.0.11","1.1.2.0","PSt7-10","170328-006","1/4/2020 10:31:52","0000-00","0","no battery","V"
"11/02/2020","11:18:40","1","default","640513929","OXY_CH1","4.292","min","172.794","µmol/L","Humid","21.948","deg","41270","µV","28.107","°C","1018.000","hPa","35.3","pmil","0","55.520","deg","20.000","°C","100.000","%a.s.","21.750","deg","20.000","°C","977.000","hPa","0.861","-0.02617","0.00035","0","0","13.56","Humid","24.85","0","70.00","287462.63","SABD0000000001","AAV1.0.0.11","1.1.2.0","PSt7-10","170328-006","1/4/2020 10:31:52","0000-00","0","no battery","V"
"11/02/2020","11:18:41","1","default","640513929","OXY_CH1","4.308","min","172.772","µmol/L","Humid","21.950","deg","41275","µV","28.105","°C","1018.000","hPa","35.3","pmil","0","55.520","deg","20.000","°C","100.000","%a.s.","21.750","deg","20.000","°C","977.000","hPa","0.861","-0.02617","0.00035","0","0","13.56","Humid","24.85","0","70.00","287461.23","SABD0000000001","AAV1.0.0.11","1.1.2.0","PSt7-10","170328-006","1/4/2020 10:31:52","0000-00","0","no battery","V"
"11/02/2020","11:18:42","1","default","640513929","OXY_CH1","4.325","min","172.801","µmol/L","Humid","21.948","deg","41273","µV","28.106","°C","1018.000","hPa","35.3","pmil","0","55.520","deg","20.000","°C","100.000","%a.s.","21.750","deg","20.000","°C","977.000","hPa","0.861","-0.02617","0.00035","0","0","13.56","Humid","24.85","0","70.00","287452.76","SABD0000000001","AAV1.0.0.11","1.1.2.0","PSt7-10","170328-006","1/4/2020 10:31:52","0000-00","0","no battery","V"
"11/02/2020","11:18:43","1","default","640513929","OXY_CH1","4.342","min","172.941","µmol/L","Humid","21.941","deg","41283","µV","28.099","°C","1018.000","hPa","35.3","pmil","0","55.520","deg","20.000","°C","100.000","%a.s.","21.750","deg","20.000","°C","977.000","hPa","0.861","-0.02617","0.00035","0","0","13.56","Humid","24.85","0","70.00","287451.95","SABD0000000001","AAV1.0.0.11","1.1.2.0","PSt7-10","170328-006","1/4/2020 10:31:52","0000-00","0","no battery","V"
"11/02/2020","11:18:44","1","default","640513929","OXY_CH1","4.359","min","172.757","µmol/L","Humid","21.952","deg","41285","µV","28.103","°C","1018.000","hPa","35.3","pmil","0","55.520","deg","20.000","°C","100.000","%a.s.","21.750","deg","20.000","°C","977.000","hPa","0.861","-0.02617","0.00035","0","0","13.56","Humid","24.85","0","70.00","287467.33","SABD0000000001","AAV1.0.0.11","1.1.2.0","PSt7-10","170328-006","1/4/2020 10:31:52","0000-00","0","no battery","V"
"11/02/2020","11:18:45","1","default","640513929","OXY_CH1","4.375","min","172.735","µmol/L","Humid","21.951","deg","41276","µV","28.110","°C","1018.000","hPa","35.3","pmil","0","55.520","deg","20.000","°C","100.000","%a.s.","21.750","deg","20.000","°C","977.000","hPa","0.861","-0.02617","0.00035","0","0","13.56","Humid","24.85","0","70.00","287455.97","SABD0000000001","AAV1.0.0.11","1.1.2.0","PSt7-10","170328-006","1/4/2020 10:31:52","0000-00","0","no battery","V"
"11/02/2020","11:18:46","1","default","640513929","OXY_CH1","4.392","min","172.674","µmol/L","Humid","21.956","deg","41277","µV","28.107","°C","1018.000","hPa","35.3","pmil","0","55.520","deg","20.000","°C","100.000","%a.s.","21.750","deg","20.000","°C","977.000","hPa","0.861","-0.02617","0.00035","0","0","13.56","Humid","24.85","0","70.00","287447.71","SABD0000000001","AAV1.0.0.11","1.1.2.0","PSt7-10","170328-006","1/4/2020 10:31:52","0000-00","0","no battery","V"
"11/02/2020","11:18:47","1","default","640513929","OXY_CH1","4.409","min","172.789","µmol/L","Humid","21.948","deg","41278","µV","28.108","°C","1018.000","hPa","35.3","pmil","0","55.520","deg","20.000","°C","100.000","%a.s.","21.750","deg","20.000","°C","977.000","hPa","0.861","-0.02617","0.00035","0","0","13.56","Humid","24.85","0","70.00","287445.96","SABD0000000001","AAV1.0.0.11","1.1.2.0","PSt7-10","170328-006","1/4/2020 10:31:52","0000-00","0","no battery","V"
"11/02/2020","11:18:48","1","default","640513929","OXY_CH1","4.426","min","172.811","µmol/L","Humid","21.944","deg","41284","µV","28.115","°C","1018.000","hPa","35.3","pmil","0","55.520","deg","20.000","°C","100.000","%a.s.","21.750","deg","20.000","°C","977.000","hPa","0.861","-0.02617","0.00035","0","0","13.56","Humid","24.85","0","70.00","287442.11","SABD0000000001","AAV1.0.0.11","1.1.2.0","PSt7-10","170328-006","1/4/2020 10:31:52","0000-00","0","no battery","V"
"11/02/2020","11:18:49","1","default","640513929","OXY_CH1","4.442","min","172.825","µmol/L","Humid","21.951","deg","41287","µV","28.093","°C","1019.000","hPa","35.3","pmil","0","55.520","deg","20.000","°C","100.000","%a.s.","21.750","deg","20.000","°C","977.000","hPa","0.861","-0.02617","0.00035","0","0","13.56","Humid","24.85","0","70.00","287440.14","SABD0000000001","AAV1.0.0.11","1.1.2.0","PSt7-10","170328-006","1/4/2020 10:31:52","0000-00","0","no battery","V"
"11/02/2020","11:18:50","1","default","640513929","OXY_CH1","4.459","min","172.735","µmol/L","Humid","21.950","deg","41292","µV","28.114","°C","1019.000","hPa","35.3","pmil","0","55.520","deg","20.000","°C","100.000","%a.s.","21.750","deg","20.000","°C","977.000","hPa","0.861","-0.02617","0.00035","0","0","13.56","Humid","24.85","0","70.00","287444.27","SABD0000000001","AAV1.0.0.11","1.1.2.0","PSt7-10","170328-006","1/4/2020 10:31:52","0000-00","0","no battery","V"
"11/02/2020","11:18:51","1","default","640513929","OXY_CH1","4.476","min","172.727","µmol/L","Humid","21.950","deg","41291","µV","28.114","°C","1018.000","hPa","35.3","pmil","0","55.520","deg","20.000","°C","100.000","%a.s.","21.750","deg","20.000","°C","977.000","hPa","0.861","-0.02617","0.00035","0","0","13.56","Humid","24.85","0","70.00","287430.23","SABD0000000001","AAV1.0.0.11","1.1.2.0","PSt7-10","170328-006","1/4/2020 10:31:52","0000-00","0","no battery","V"
"11/02/2020","11:18:52","1","default","640513929","OXY_CH1","4.492","min","172.859","µmol/L","Humid","21.949","deg","41295","µV","28.091","°C","1018.000","hPa","35.3","pmil","0","55.520","deg","20.000","°C","100.000","%a.s.","21.750","deg","20.000","°C","977.000","hPa","0.861","-0.02617","0.00035","0","0","13.56","Humid","24.85","0","70.00","287448.45","SABD0000000001","AAV1.0.0.11","1.1.2.0","PSt7-10","170328-006","1/4/2020 10:31:52","0000-00","0","no battery","V"
"11/02/2020","11:18:53","1","default","640513929","OXY_CH1","4.508","min","172.816","µmol/L","Humid","21.950","deg","41287","µV","28.097","°C","1018.000","hPa","35.3","pmil","0","55.520","deg","20.000","°C","100.000","%a.s.","21.750","deg","20.000","°C","977.000","hPa","0.861","-0.02617","0.00035","0","0","13.56","Humid","24.85","0","70.00","287431.60","SABD0000000001","AAV1.0.0.11","1.1.2.0","PSt7-10","170328-006","1/4/2020 10:31:52","0000-00","0","no battery","V"
"11/02/2020","11:18:54","1","default","640513929","OXY_CH1","4.525","min","172.705","µmol/L","Humid","21.959","deg","41290","µV","28.092","°C","1018.000","hPa","35.3","pmil","0","55.520","deg","20.000","°C","100.000","%a.s.","21.750","deg","20.000","°C","977.000","hPa","0.861","-0.02617","0.00035","0","0","13.56","Humid","24.85","0","70.00","287441.45","SABD0000000001","AAV1.0.0.11","1.1.2.0","PSt7-10","170328-006","1/4/2020 10:31:52","0000-00","0","no battery","V"
"11/02/2020","11:18:55","1","default","640513929","OXY_CH1","4.542","min","172.678","µmol/L","Humid","21.955","deg","41299","µV","28.109","°C","1018.000","hPa","35.3","pmil","0","55.520","deg","20.000","°C","100.000","%a.s.","21.750","deg","20.000","°C","977.000","hPa","0.861","-0.02617","0.00035","0","0","13.56","Humid","24.85","0","70.00","287439.40","SABD0000000001","AAV1.0.0.11","1.1.2.0","PSt7-10","170328-006","1/4/2020 10:31:52","0000-00","0","no battery","V"
"11/02/2020","11:18:56","1","default","640513929","OXY_CH1","4.559","min","172.742","µmol/L","Humid","21.954","deg","41307","µV","28.100","°C","1018.000","hPa","35.3","pmil","0","55.520","deg","20.000","°C","100.000","%a.s.","21.750","deg","20.000","°C","977.000","hPa","0.861","-0.02617","0.00035","0","0","13.56","Humid","24.85","0","70.00","287446.39","SABD0000000001","AAV1.0.0.11","1.1.2.0","PSt7-10","170328-006","1/4/2020 10:31:52","0000-00","0","no battery","V"
"11/02/2020","11:18:57","1","default","640513929","OXY_CH1","4.575","min","172.689","µmol/L","Humid","21.959","deg","41303","µV","28.097","°C","1019.000","hPa","35.3","pmil","0","55.520","deg","20.000","°C","100.000","%a.s.","21.750","deg","20.000","°C","977.000","hPa","0.861","-0.02617","0.00035","0","0","13.56","Humid","24.85","0","70.00","287431.30","SABD0000000001","AAV1.0.0.11","1.1.2.0","PSt7-10","170328-006","1/4/2020 10:31:52","0000-00","0","no battery","V"
"11/02/2020","11:18:58","1","default","640513929","OXY_CH1","4.592","min","172.617","µmol/L","Humid","21.961","deg","41309","µV","28.105","°C","1019.000","hPa","35.3","pmil","0","55.520","deg","20.000","°C","100.000","%a.s.","21.750","deg","20.000","°C","977.000","hPa","0.861","-0.02617","0.00035","0","0","13.56","Humid","24.85","0","70.00","287441.60","SABD0000000001","AAV1.0.0.11","1.1.2.0","PSt7-10","170328-006","1/4/2020 10:31:52","0000-00","0","no battery","V"
"11/02/2020","11:18:59","1","default","640513929","OXY_CH1","4.609","min","172.689","µmol/L","Humid","21.959","deg","41307","µV","28.097","°C","1019.000","hPa","35.3","pmil","0","55.520","deg","20.000","°C","100.000","%a.s.","21.750","deg","20.000","°C","977.000","hPa","0.861","-0.02617","0.00035","0","0","13.56","Humid","24.85","0","70.00","287432.56","SABD0000000001","AAV1.0.0.11","1.1.2.0","PSt7-10","170328-006","1/4/2020 10:31:52","0000-00","0","no battery","V"
"11/02/2020","11:19:00","1","default","640513929","OXY_CH1","4.626","min","172.681","µmol/L","Humid","21.962","deg","41307","µV","28.089","°C","1019.000","hPa","35.3","pmil","0","55.520","deg","20.000","°C","100.000","%a.s.","21.750","deg","20.000","°C","977.000","hPa","0.861","-0.02617","0.00035","0","0","13.56","Humid","24.85","0","70.00","287437.05","SABD0000000001","AAV1.0.0.11","1.1.2.0","PSt7-10","170328-006","1/4/2020 10:31:52","0000-00","0","no battery","V"
"11/02/2020","11:19:01","1","default","640513929","OXY_CH1","4.642","min","172.472","µmol/L","Humid","21.973","deg","41309","µV","28.098","°C","1019.000","hPa","35.3","pmil","0","55.520","deg","20.000","°C","100.000","%a.s.","21.750","deg","20.000","°C","977.000","hPa","0.861","-0.02617","0.00035","0","0","13.56","Humid","24.85","0","70.00","287417.98","SABD0000000001","AAV1.0.0.11","1.1.2.0","PSt7-10","170328-006","1/4/2020 10:31:52","0000-00","0","no battery","V"
"11/02/2020","11:19:02","1","default","640513929","OXY_CH1","4.658","min","172.678","µmol/L","Humid","21.962","deg","41325","µV","28.090","°C","1019.000","hPa","35.3","pmil","0","55.520","deg","20.000","°C","100.000","%a.s.","21.750","deg","20.000","°C","977.000","hPa","0.861","-0.02617","0.00035","0","0","13.56","Humid","24.85","0","70.00","287432.17","SABD0000000001","AAV1.0.0.11","1.1.2.0","PSt7-10","170328-006","1/4/2020 10:31:52","0000-00","0","no battery","V"
"11/02/2020","11:19:03","1","default","640513929","OXY_CH1","4.675","min","172.495","µmol/L","Humid","21.975","deg","41318","µV","28.088","°C","1019.000","hPa","35.3","pmil","0","55.520","deg","20.000","°C","100.000","%a.s.","21.750","deg","20.000","°C","977.000","hPa","0.861","-0.02617","0.00035","0","0","13.56","Humid","24.85","0","70.00","287431.81","SABD0000000001","AAV1.0.0.11","1.1.2.0","PSt7-10","170328-006","1/4/2020 10:31:52","0000-00","0","no battery","V"
"11/02/2020","11:19:04","1","default","640513929","OXY_CH1","4.692","min","172.614","µmol/L","Humid","21.964","deg","41329","µV","28.097","°C","1019.000","hPa","35.3","pmil","0","55.520","deg","20.000","°C","100.000","%a.s.","21.750","deg","20.000","°C","977.000","hPa","0.861","-0.02617","0.00035","0","0","13.56","Humid","24.85","0","70.00","287427.84","SABD0000000001","AAV1.0.0.11","1.1.2.0","PSt7-10","170328-006","1/4/2020 10:31:52","0000-00","0","no battery","V"
"11/02/2020","11:19:05","1","default","640513929","OXY_CH1","4.709","min","172.534","µmol/L","Humid","21.970","deg","41323","µV","28.095","°C","1019.000","hPa","35.3","pmil","0","55.520","deg","20.000","°C","100.000","%a.s.","21.750","deg","20.000","°C","977.000","hPa","0.861","-0.02617","0.00035","0","0","13.56","Humid","24.85","0","70.00","287419.74","SABD0000000001","AAV1.0.0.11","1.1.2.0","PSt7-10","170328-006","1/4/2020 10:31:52","0000-00","0","no battery","V"
"11/02/2020","11:19:06","1","default","640513929","OXY_CH1","4.725","min","172.617","µmol/L","Humid","21.967","deg","41329","µV","28.086","°C","1018.000","hPa","35.3","pmil","0","55.520","deg","20.000","°C","100.000","%a.s.","21.750","deg","20.000","°C","977.000","hPa","0.861","-0.02617","0.00035","0","0","13.56","Humid","24.85","0","70.00","287433.92","SABD0000000001","AAV1.0.0.11","1.1.2.0","PSt7-10","170328-006","1/4/2020 10:31:52","0000-00","0","no battery","V"
"11/02/2020","11:19:07","1","default","640513929","OXY_CH1","4.742","min","172.636","µmol/L","Humid","21.973","deg","41322","µV","28.065","°C","1018.000","hPa","35.3","pmil","0","55.520","deg","20.000","°C","100.000","%a.s.","21.750","deg","20.000","°C","977.000","hPa","0.861","-0.02617","0.00035","0","0","13.56","Humid","24.85","0","70.00","287417.46","SABD0000000001","AAV1.0.0.11","1.1.2.0","PSt7-10","170328-006","1/4/2020 10:31:52","0000-00","0","no battery","V"
"11/02/2020","11:19:08","1","default","640513929","OXY_CH1","4.759","min","172.445","µmol/L","Humid","21.972","deg","41325","µV","28.105","°C","1018.000","hPa","35.3","pmil","0","55.520","deg","20.000","°C","100.000","%a.s.","21.750","deg","20.000","°C","977.000","hPa","0.861","-0.02617","0.00035","0","0","13.56","Humid","24.85","0","70.00","287419.68","SABD0000000001","AAV1.0.0.11","1.1.2.0","PSt7-10","170328-006","1/4/2020 10:31:52","0000-00","0","no battery","V"
"11/02/2020","11:19:09","1","default","640513929","OXY_CH1","4.776","min","172.410","µmol/L","Humid","21.979","deg","41326","µV","28.091","°C","1018.000","hPa","35.3","pmil","0","55.520","deg","20.000","°C","100.000","%a.s.","21.750","deg","20.000","°C","977.000","hPa","0.861","-0.02617","0.00035","0","0","13.56","Humid","24.85","0","70.00","287423.54","SABD0000000001","AAV1.0.0.11","1.1.2.0","PSt7-10","170328-006","1/4/2020 10:31:52","0000-00","0","no battery","V"
"11/02/2020","11:19:10","1","default","640513929","OXY_CH1","4.792","min","172.507","µmol/L","Humid","21.973","deg","41327","µV","28.091","°C","1019.000","hPa","35.3","pmil","0","55.520","deg","20.000","°C","100.000","%a.s.","21.750","deg","20.000","°C","977.000","hPa","0.861","-0.02617","0.00035","0","0","13.56","Humid","24.85","0","70.00","287419.90","SABD0000000001","AAV1.0.0.11","1.1.2.0","PSt7-10","170328-006","1/4/2020 10:31:52","0000-00","0","no battery","V"
"11/02/2020","11:19:11","1","default","640513929","OXY_CH1","4.808","min","172.477","µmol/L","Humid","21.973","deg","41328","µV","28.097","°C","1019.000","hPa","35.3","pmil","0","55.520","deg","20.000","°C","100.000","%a.s.","21.750","deg","20.000","°C","977.000","hPa","0.861","-0.02617","0.00035","0","0","13.56","Humid","24.85","0","70.00","287419.70","SABD0000000001","AAV1.0.0.11","1.1.2.0","PSt7-10","170328-006","1/4/2020 10:31:52","0000-00","0","no battery","V"
"11/02/2020","11:19:12","1","default","640513929","OXY_CH1","4.825","min","172.481","µmol/L","Humid","21.974","deg","41329","µV","28.093","°C","1019.000","hPa","35.3","pmil","0","55.520","deg","20.000","°C","100.000","%a.s.","21.750","deg","20.000","°C","977.000","hPa","0.861","-0.02617","0.00035","0","0","13.56","Humid","24.85","0","70.00","287403.75","SABD0000000001","AAV1.0.0.11","1.1.2.0","PSt7-10","170328-006","1/4/2020 10:31:52","0000-00","0","no battery","V"
"11/02/2020","11:19:13","1","default","640513929","OXY_CH1","4.842","min","172.346","µmol/L","Humid","21.983","deg","41330","µV","28.094","°C","1019.000","hPa","35.3","pmil","0","55.520","deg","20.000","°C","100.000","%a.s.","21.750","deg","20.000","°C","977.000","hPa","0.861","-0.02617","0.00035","0","0","13.56","Humid","24.85","0","70.00","287416.77","SABD0000000001","AAV1.0.0.11","1.1.2.0","PSt7-10","170328-006","1/4/2020 10:31:52","0000-00","0","no battery","V"
"11/02/2020","11:19:14","1","default","640513929","OXY_CH1","4.859","min","172.367","µmol/L","Humid","21.981","deg","41338","µV","28.095","°C","1019.000","hPa","35.3","pmil","0","55.520","deg","20.000","°C","100.000","%a.s.","21.750","deg","20.000","°C","977.000","hPa","0.861","-0.02617","0.00035","0","0","13.56","Humid","24.85","0","70.00","287418.64","SABD0000000001","AAV1.0.0.11","1.1.2.0","PSt7-10","170328-006","1/4/2020 10:31:52","0000-00","0","no battery","V"
"11/02/2020","11:19:15","1","default","640513929","OXY_CH1","4.875","min","172.441","µmol/L","Humid","21.981","deg","41344","µV","28.081","°C","1019.000","hPa","35.3","pmil","0","55.520","deg","20.000","°C","100.000","%a.s.","21.750","deg","20.000","°C","977.000","hPa","0.861","-0.02617","0.00035","0","0","13.56","Humid","24.85","0","70.00","287409.31","SABD0000000001","AAV1.0.0.11","1.1.2.0","PSt7-10","170328-006","1/4/2020 10:31:52","0000-00","0","no battery","V"
"11/02/2020","11:19:16","1","default","640513929","OXY_CH1","4.892","min","172.532","µmol/L","Humid","21.977","deg","41339","µV","28.075","°C","1019.000","hPa","35.3","pmil","0","55.520","deg","20.000","°C","100.000","%a.s.","21.750","deg","20.000","°C","977.000","hPa","0.861","-0.02617","0.00035","0","0","13.56","Humid","24.85","0","70.00","287414.62","SABD0000000001","AAV1.0.0.11","1.1.2.0","PSt7-10","170328-006","1/4/2020 10:31:52","0000-00","0","no battery","V"
"11/02/2020","11:19:17","1","default","640513929","OXY_CH1","4.909","min","172.345","µmol/L","Humid","21.985","deg","41345","µV","28.088","°C","1019.000","hPa","35.3","pmil","0","55.520","deg","20.000","°C","100.000","%a.s.","21.750","deg","20.000","°C","977.000","hPa","0.861","-0.02617","0.00035","0","0","13.56","Humid","24.85","0","70.00","287416.61","SABD0000000001","AAV1.0.0.11","1.1.2.0","PSt7-10","170328-006","1/4/2020 10:31:52","0000-00","0","no battery","V"
"11/02/2020","11:19:18","1","default","640513929","OXY_CH1","4.926","min","172.442","µmol/L","Humid","21.984","deg","41339","µV","28.072","°C","1019.000","hPa","35.3","pmil","0","55.520","deg","20.000","°C","100.000","%a.s.","21.750","deg","20.000","°C","977.000","hPa","0.861","-0.02617","0.00035","0","0","13.56","Humid","24.85","0","70.00","287408.84","SABD0000000001","AAV1.0.0.11","1.1.2.0","PSt7-10","170328-006","1/4/2020 10:31:52","0000-00","0","no battery","V"
"11/02/2020","11:19:19","1","default","640513929","OXY_CH1","4.942","min","172.505","µmol/L","Humid","21.975","deg","41355","µV","28.086","°C","1019.000","hPa","35.3","pmil","0","55.520","deg","20.000","°C","100.000","%a.s.","21.750","deg","20.000","°C","977.000","hPa","0.861","-0.02617","0.00035","0","0","13.56","Humid","24.85","0","70.00","287406.60","SABD0000000001","AAV1.0.0.11","1.1.2.0","PSt7-10","170328-006","1/4/2020 10:31:52","0000-00","0","no battery","V"
"11/02/2020","11:19:20","1","default","640513929","OXY_CH1","4.958","min","172.404","µmol/L","Humid","21.984","deg","41348","µV","28.079","°C","1019.000","hPa","35.3","pmil","0","55.520","deg","20.000","°C","100.000","%a.s.","21.750","deg","20.000","°C","977.000","hPa","0.861","-0.02617","0.00035","0","0","13.56","Humid","24.85","0","70.00","287401.52","SABD0000000001","AAV1.0.0.11","1.1.2.0","PSt7-10","170328-006","1/4/2020 10:31:52","0000-00","0","no battery","V"
"11/02/2020","11:19:21","1","default","640513929","OXY_CH1","4.975","min","172.370","µmol/L","Humid","21.986","deg","41357","µV","28.080","°C","1019.000","hPa","35.3","pmil","0","55.520","deg","20.000","°C","100.000","%a.s.","21.750","deg","20.000","°C","977.000","hPa","0.861","-0.02617","0.00035","0","0","13.56","Humid","24.85","0","70.00","287409.35","SABD0000000001","AAV1.0.0.11","1.1.2.0","PSt7-10","170328-006","1/4/2020 10:31:52","0000-00","0","no battery","V"
"11/02/2020","11:19:22","1","default","640513929","OXY_CH1","4.992","min","172.314","µmol/L","Humid","21.989","deg","41356","µV","28.082","°C","1019.000","hPa","35.3","pmil","0","55.520","deg","20.000","°C","100.000","%a.s.","21.750","deg","20.000","°C","977.000","hPa","0.861","-0.02617","0.00035","0","0","13.56","Humid","24.85","0","70.00","287402.90","SABD0000000001","AAV1.0.0.11","1.1.2.0","PSt7-10","170328-006","1/4/2020 10:31:52","0000-00","0","no battery","V"
"11/02/2020","11:19:23","1","default","640513929","OXY_CH1","5.009","min","172.379","µmol/L","Humid","21.985","deg","41353","µV","28.081","°C","1019.000","hPa","35.3","pmil","0","55.520","deg","20.000","°C","100.000","%a.s.","21.750","deg","20.000","°C","977.000","hPa","0.861","-0.02617","0.00035","0","0","13.56","Humid","24.85","0","70.00","287402.10","SABD0000000001","AAV1.0.0.11","1.1.2.0","PSt7-10","170328-006","1/4/2020 10:31:52","0000-00","0","no battery","V"
"11/02/2020","11:19:24","1","default","640513929","OXY_CH1","5.025","min","172.320","µmol/L","Humid","21.993","deg","41360","µV","28.069","°C","1019.000","hPa","35.3","pmil","0","55.520","deg","20.000","°C","100.000","%a.s.","21.750","deg","20.000","°C","977.000","hPa","0.861","-0.02617","0.00035","0","0","13.56","Humid","24.85","0","70.00","287401.73","SABD0000000001","AAV1.0.0.11","1.1.2.0","PSt7-10","170328-006","1/4/2020 10:31:52","0000-00","0","no battery","V"
"11/02/2020","11:19:25","1","default","640513929","OXY_CH1","5.042","min","172.363","µmol/L","Humid","21.989","deg","41370","µV","28.073","°C","1019.000","hPa","35.3","pmil","0","55.520","deg","20.000","°C","100.000","%a.s.","21.750","deg","20.000","°C","977.000","hPa","0.861","-0.02617","0.00035","0","0","13.56","Humid","24.85","0","70.00","287392.33","SABD0000000001","AAV1.0.0.11","1.1.2.0","PSt7-10","170328-006","1/4/2020 10:31:52","0000-00","0","no battery","V"
"11/02/2020","11:19:26","1","default","640513929","OXY_CH1","5.059","min","172.449","µmol/L","Humid","21.988","deg","41366","µV","28.058","°C","1018.000","hPa","35.3","pmil","0","55.520","deg","20.000","°C","100.000","%a.s.","21.750","deg","20.000","°C","977.000","hPa","0.861","-0.02617","0.00035","0","0","13.56","Humid","24.85","0","70.00","287408.57","SABD0000000001","AAV1.0.0.11","1.1.2.0","PSt7-10","170328-006","1/4/2020 10:31:52","0000-00","0","no battery","V"
"11/02/2020","11:19:27","1","default","640513929","OXY_CH1","5.076","min","172.384","µmol/L","Humid","21.991","deg","41363","µV","28.061","°C","1018.000","hPa","35.3","pmil","0","55.520","deg","20.000","°C","100.000","%a.s.","21.750","deg","20.000","°C","977.000","hPa","0.861","-0.02617","0.00035","0","0","13.56","Humid","24.85","0","70.00","287404.80","SABD0000000001","AAV1.0.0.11","1.1.2.0","PSt7-10","170328-006","1/4/2020 10:31:52","0000-00","0","no battery","V"
"11/02/2020","11:19:28","1","default","640513929","OXY_CH1","5.092","min","172.365","µmol/L","Humid","21.986","deg","41371","µV","28.080","°C","1018.000","hPa","35.3","pmil","0","55.520","deg","20.000","°C","100.000","%a.s.","21.750","deg","20.000","°C","977.000","hPa","0.861","-0.02617","0.00035","0","0","13.56","Humid","24.85","0","70.00","287397.10","SABD0000000001","AAV1.0.0.11","1.1.2.0","PSt7-10","170328-006","1/4/2020 10:31:52","0000-00","0","no battery","V"
"11/02/2020","11:19:29","1","default","640513929","OXY_CH1","5.109","min","172.256","µmol/L","Humid","21.991","deg","41380","µV","28.086","°C","1018.000","hPa","35.3","pmil","0","55.520","deg","20.000","°C","100.000","%a.s.","21.750","deg","20.000","°C","977.000","hPa","0.861","-0.02617","0.00035","0","0","13.56","Humid","24.85","0","70.00","287407.58","SABD0000000001","AAV1.0.0.11","1.1.2.0","PSt7-10","170328-006","1/4/2020 10:31:52","0000-00","0","no battery","V"
"11/02/2020","11:19:30","1","default","640513929","OXY_CH1","5.126","min","172.166","µmol/L","Humid","21.997","deg","41372","µV","28.087","°C","1018.000","hPa","35.3","pmil","0","55.520","deg","20.000","°C","100.000","%a.s.","21.750","deg","20.000","°C","977.000","hPa","0.861","-0.02617","0.00035","0","0","13.56","Humid","24.85","0","70.00","287404.40","SABD0000000001","AAV1.0.0.11","1.1.2.0","PSt7-10","170328-006","1/4/2020 10:31:52","0000-00","0","no battery","V"
"11/02/2020","11:19:31","1","default","640513929","OXY_CH1","5.142","min","172.355","µmol/L","Humid","21.985","deg","41379","µV","28.085","°C","1018.000","hPa","35.3","pmil","0","55.520","deg","20.000","°C","100.000","%a.s.","21.750","deg","20.000","°C","977.000","hPa","0.861","-0.02617","0.00035","0","0","13.56","Humid","24.85","0","70.00","287396.65","SABD0000000001","AAV1.0.0.11","1.1.2.0","PSt7-10","170328-006","1/4/2020 10:31:52","0000-00","0","no battery","V"
"11/02/2020","11:19:32","1","default","640513929","OXY_CH1","5.158","min","172.194","µmol/L","Humid","21.995","deg","41375","µV","28.087","°C","1018.000","hPa","35.3","pmil","0","55.520","deg","20.000","°C","100.000","%a.s.","21.750","deg","20.000","°C","977.000","hPa","0.861","-0.02617","0.00035","0","0","13.56","Humid","24.85","0","70.00","287395.22","SABD0000000001","AAV1.0.0.11","1.1.2.0","PSt7-10","170328-006","1/4/2020 10:31:52","0000-00","0","no battery","V"
"11/02/2020","11:19:33","1","default","640513929","OXY_CH1","5.175","min","172.231","µmol/L","Humid","21.996","deg","41378","µV","28.077","°C","1018.000","hPa","35.3","pmil","0","55.520","deg","20.000","°C","100.000","%a.s.","21.750","deg","20.000","°C","977.000","hPa","0.861","-0.02617","0.00035","0","0","13.56","Humid","24.85","0","70.00","287390.06","SABD0000000001","AAV1.0.0.11","1.1.2.0","PSt7-10","170328-006","1/4/2020 10:31:52","0000-00","0","no battery","V"
"11/02/2020","11:19:34","1","default","640513929","OXY_CH1","5.192","min","172.276","µmol/L","Humid","21.992","deg","41374","µV","28.080","°C","1018.000","hPa","35.3","pmil","0","55.520","deg","20.000","°C","100.000","%a.s.","21.750","deg","20.000","°C","977.000","hPa","0.861","-0.02617","0.00035","0","0","13.56","Humid","24.85","0","70.00","287393.85","SABD0000000001","AAV1.0.0.11","1.1.2.0","PSt7-10","170328-006","1/4/2020 10:31:52","0000-00","0","no battery","V"
"11/02/2020","11:19:35","1","default","640513929","OXY_CH1","5.209","min","172.290","µmol/L","Humid","21.993","deg","41380","µV","28.074","°C","1018.000","hPa","35.3","pmil","0","55.520","deg","20.000","°C","100.000","%a.s.","21.750","deg","20.000","°C","977.000","hPa","0.861","-0.02617","0.00035","0","0","13.56","Humid","24.85","0","70.00","287389.49","SABD0000000001","AAV1.0.0.11","1.1.2.0","PSt7-10","170328-006","1/4/2020 10:31:52","0000-00","0","no battery","V"
"11/02/2020","11:19:36","1","default","640513929","OXY_CH1","5.225","min","172.172","µmol/L","Humid","22.001","deg","41386","µV","28.074","°C","1018.000","hPa","35.3","pmil","0","55.520","deg","20.000","°C","100.000","%a.s.","21.750","deg","20.000","°C","977.000","hPa","0.861","-0.02617","0.00035","0","0","13.56","Humid","24.85","0","70.00","287388.65","SABD0000000001","AAV1.0.0.11","1.1.2.0","PSt7-10","170328-006","1/4/2020 10:31:52","0000-00","0","no battery","V"
"11/02/2020","11:19:37","1","default","640513929","OXY_CH1","5.242","min","172.243","µmol/L","Humid","21.994","deg","41392","µV","28.080","°C","1018.000","hPa","35.3","pmil","0","55.520","deg","20.000","°C","100.000","%a.s.","21.750","deg","20.000","°C","977.000","hPa","0.861","-0.02617","0.00035","0","0","13.56","Humid","24.85","0","70.00","287389.61","SABD0000000001","AAV1.0.0.11","1.1.2.0","PSt7-10","170328-006","1/4/2020 10:31:52","0000-00","0","no battery","V"
"11/02/2020","11:19:38","1","default","640513929","OXY_CH1","5.259","min","172.301","µmol/L","Humid","21.992","deg","41390","µV","28.075","°C","1018.000","hPa","35.3","pmil","0","55.520","deg","20.000","°C","100.000","%a.s.","21.750","deg","20.000","°C","977.000","hPa","0.861","-0.02617","0.00035","0","0","13.56","Humid","24.85","0","70.00","287392.64","SABD0000000001","AAV1.0.0.11","1.1.2.0","PSt7-10","170328-006","1/4/2020 10:31:52","0000-00","0","no battery","V"
"11/02/2020","11:19:39","1","default","640513929","OXY_CH1","5.276","min","172.073","µmol/L","Humid","22.008","deg","41384","µV","28.073","°C","1018.000","hPa","35.3","pmil","0","55.520","deg","20.000","°C","100.000","%a.s.","21.750","deg","20.000","°C","977.000","hPa","0.861","-0.02617","0.00035","0","0","13.56","Humid","24.85","0","70.00","287382.77","SABD0000000001","AAV1.0.0.11","1.1.2.0","PSt7-10","170328-006","1/4/2020 10:31:52","0000-00","0","no battery","V"
"11/02/2020","11:19:40","1","default","640513929","OXY_CH1","5.292","min","172.098","µmol/L","Humid","22.006","deg","41392","µV","28.074","°C","1018.000","hPa","35.3","pmil","0","55.520","deg","20.000","°C","100.000","%a.s.","21.750","deg","20.000","°C","977.000","hPa","0.861","-0.02617","0.00035","0","0","13.56","Humid","24.85","0","70.00","287388.00","SABD0000000001","AAV1.0.0.11","1.1.2.0","PSt7-10","170328-006","1/4/2020 10:31:52","0000-00","0","no battery","V"
"11/02/2020","11:19:41","1","default","640513929","OXY_CH1","5.309","min","172.169","µmol/L","Humid","22.002","deg","41390","µV","28.071","°C","1018.000","hPa","35.3","pmil","0","55.520","deg","20.000","°C","100.000","%a.s.","21.750","deg","20.000","°C","977.000","hPa","0.861","-0.02617","0.00035","0","0","13.56","Humid","24.85","0","70.00","287376.71","SABD0000000001","AAV1.0.0.11","1.1.2.0","PSt7-10","170328-006","1/4/2020 10:31:52","0000-00","0","no battery","V"
"11/02/2020","11:19:42","1","default","640513929","OXY_CH1","5.326","min","172.224","µmol/L","Humid","22.002","deg","41390","µV","28.061","°C","1018.000","hPa","35.3","pmil","0","55.520","deg","20.000","°C","100.000","%a.s.","21.750","deg","20.000","°C","977.000","hPa","0.861","-0.02617","0.00035","0","0","13.56","Humid","24.85","0","70.00","287382.64","SABD0000000001","AAV1.0.0.11","1.1.2.0","PSt7-10","170328-006","1/4/2020 10:31:52","0000-00","0","no battery","V"
"11/02/2020","11:19:43","1","default","640513929","OXY_CH1","5.342","min","172.073","µmol/L","Humid","22.011","deg","41387","µV","28.064","°C","1018.000","hPa","35.3","pmil","0","55.520","deg","20.000","°C","100.000","%a.s.","21.750","deg","20.000","°C","977.000","hPa","0.861","-0.02617","0.00035","0","0","13.56","Humid","24.85","0","70.00","287380.71","SABD0000000001","AAV1.0.0.11","1.1.2.0","PSt7-10","170328-006","1/4/2020 10:31:52","0000-00","0","no battery","V"
"11/02/2020","11:19:44","1","default","640513929","OXY_CH1","5.358","min","172.136","µmol/L","Humid","22.008","deg","41393","µV","28.060","°C","1018.000","hPa","35.3","pmil","0","55.520","deg","20.000","°C","100.000","%a.s.","21.750","deg","20.000","°C","977.000","hPa","0.861","-0.02617","0.00035","0","0","13.56","Humid","24.85","0","70.00","287373.24","SABD0000000001","AAV1.0.0.11","1.1.2.0","PSt7-10","170328-006","1/4/2020 10:31:52","0000-00","0","no battery","V"
"11/02/2020","11:19:45","1","default","640513929","OXY_CH1","5.375","min","172.224","µmol/L","Humid","22.005","deg","41401","µV","28.052","°C","1018.000","hPa","35.3","pmil","0","55.520","deg","20.000","°C","100.000","%a.s.","21.750","deg","20.000","°C","977.000","hPa","0.861","-0.02617","0.00035","0","0","13.56","Humid","24.85","0","70.00","287379.07","SABD0000000001","AAV1.0.0.11","1.1.2.0","PSt7-10","170328-006","1/4/2020 10:31:52","0000-00","0","no battery","V"
"11/02/2020","11:19:46","1","default","640513929","OXY_CH1","5.392","min","172.133","µmol/L","Humid","22.007","deg","41399","µV","28.065","°C","1019.000","hPa","35.3","pmil","0","55.520","deg","20.000","°C","100.000","%a.s.","21.750","deg","20.000","°C","977.000","hPa","0.861","-0.02617","0.00035","0","0","13.56","Humid","24.85","0","70.00","287385.11","SABD0000000001","AAV1.0.0.11","1.1.2.0","PSt7-10","170328-006","1/4/2020 10:31:52","0000-00","0","no battery","V"
"11/02/2020","11:19:47","1","default","640513929","OXY_CH1","5.409","min","172.006","µmol/L","Humid","22.012","deg","41389","µV","28.075","°C","1019.000","hPa","35.3","pmil","0","55.520","deg","20.000","°C","100.000","%a.s.","21.750","deg","20.000","°C","977.000","hPa","0.861","-0.02617","0.00035","0","0","13.56","Humid","24.85","0","70.00","287373.31","SABD0000000001","AAV1.0.0.11","1.1.2.0","PSt7-10","170328-006","1/4/2020 10:31:52","0000-00","0","no battery","V"
"11/02/2020","11:19:48","1","default","640513929","OXY_CH1","5.425","min","172.134","µmol/L","Humid","22.005","deg","41394","µV","28.070","°C","1018.000","hPa","35.3","pmil","0","55.520","deg","20.000","°C","100.000","%a.s.","21.750","deg","20.000","°C","977.000","hPa","0.861","-0.02617","0.00035","0","0","13.56","Humid","24.85","0","70.00","287366.21","SABD0000000001","AAV1.0.0.11","1.1.2.0","PSt7-10","170328-006","1/4/2020 10:31:52","0000-00","0","no battery","V"
"11/02/2020","11:19:49","1","default","640513929","OXY_CH1","5.442","min","172.045","µmol/L","Humid","22.011","deg","41387","µV","28.069","°C","1018.000","hPa","35.3","pmil","0","55.520","deg","20.000","°C","100.000","%a.s.","21.750","deg","20.000","°C","977.000","hPa","0.861","-0.02617","0.00035","0","0","13.56","Humid","24.85","0","70.00","287375.42","SABD0000000001","AAV1.0.0.11","1.1.2.0","PSt7-10","170328-006","1/4/2020 10:31:52","0000-00","0","no battery","V"
"11/02/2020","11:19:50","1","default","640513929","OXY_CH1","5.459","min","172.008","µmol/L","Humid","22.013","deg","41394","µV","28.071","°C","1018.000","hPa","35.3","pmil","0","55.520","deg","20.000","°C","100.000","%a.s.","21.750","deg","20.000","°C","977.000","hPa","0.861","-0.02617","0.00035","0","0","13.56","Humid","24.85","0","70.00","287369.12","SABD0000000001","AAV1.0.0.11","1.1.2.0","PSt7-10","170328-006","1/4/2020 10:31:52","0000-00","0","no battery","V"
"11/02/2020","11:19:51","1","default","640513929","OXY_CH1","5.476","min","171.948","µmol/L","Humid","22.019","deg","41393","µV","28.065","°C","1018.000","hPa","35.3","pmil","0","55.520","deg","20.000","°C","100.000","%a.s.","21.750","deg","20.000","°C","977.000","hPa","0.861","-0.02617","0.00035","0","0","13.56","Humid","24.85","0","70.00","287366.75","SABD0000000001","AAV1.0.0.11","1.1.2.0","PSt7-10","170328-006","1/4/2020 10:31:52","0000-00","0","no battery","V"
"11/02/2020","11:19:52","1","default","640513929","OXY_CH1","5.492","min","172.166","µmol/L","Humid","22.009","deg","41397","µV","28.053","°C","1019.000","hPa","35.3","pmil","0","55.520","deg","20.000","°C","100.000","%a.s.","21.750","deg","20.000","°C","977.000","hPa","0.861","-0.02617","0.00035","0","0","13.56","Humid","24.85","0","70.00","287376.36","SABD0000000001","AAV1.0.0.11","1.1.2.0","PSt7-10","170328-006","1/4/2020 10:31:52","0000-00","0","no battery","V"
"11/02/2020","11:19:53","1","default","640513929","OXY_CH1","5.508","min","172.037","µmol/L","Humid","22.013","deg","41398","µV","28.065","°C","1018.000","hPa","35.3","pmil","0","55.520","deg","20.000","°C","100.000","%a.s.","21.750","deg","20.000","°C","977.000","hPa","0.861","-0.02617","0.00035","0","0","13.56","Humid","24.85","0","70.00","287364.21","SABD0000000001","AAV1.0.0.11","1.1.2.0","PSt7-10","170328-006","1/4/2020 10:31:52","0000-00","0","no battery","V"
"11/02/2020","11:19:54","1","default","640513929","OXY_CH1","5.525","min","172.159","µmol/L","Humid","22.010","deg","41396","µV","28.051","°C","1019.000","hPa","35.3","pmil","0","55.520","deg","20.000","°C","100.000","%a.s.","21.750","deg","20.000","°C","977.000","hPa","0.861","-0.02617","0.00035","0","0","13.56","Humid","24.85","0","70.00","287377.76","SABD0000000001","AAV1.0.0.11","1.1.2.0","PSt7-10","170328-006","1/4/2020 10:31:52","0000-00","0","no battery","V"
"11/02/2020","11:19:55","1","default","640513929","OXY_CH1","5.542","min","172.036","µmol/L","Humid","22.016","deg","41398","µV","28.057","°C","1018.000","hPa","35.3","pmil","0","55.520","deg","20.000","°C","100.000","%a.s.","21.750","deg","20.000","°C","977.000","hPa","0.861","-0.02617","0.00035","0","0","13.56","Humid","24.85","0","70.00","287357.82","SABD0000000001","AAV1.0.0.11","1.1.2.0","PSt7-10","170328-006","1/4/2020 10:31:52","0000-00","0","no battery","V"
"11/02/2020","11:19:56","1","default","640513929","OXY_CH1","5.559","min","172.071","µmol/L","Humid","22.016","deg","41403","µV","28.050","°C","1018.000","hPa","35.3","pmil","0","55.520","deg","20.000","°C","100.000","%a.s.","21.750","deg","20.000","°C","977.000","hPa","0.861","-0.02617","0.00035","0","0","13.56","Humid","24.85","0","70.00","287371.11","SABD0000000001","AAV1.0.0.11","1.1.2.0","PSt7-10","170328-006","1/4/2020 10:31:52","0000-00","0","no battery","V"
"11/02/2020","11:19:57","1","default","640513929","OXY_CH1","5.575","min","172.029","µmol/L","Humid","22.017","deg","41406","µV","28.055","°C","1018.000","hPa","35.3","pmil","0","55.520","deg","20.000","°C","100.000","%a.s.","21.750","deg","20.000","°C","977.000","hPa","0.861","-0.02617","0.00035","0","0","13.56","Humid","24.85","0","70.00","287353.04","SABD0000000001","AAV1.0.0.11","1.1.2.0","PSt7-10","170328-006","1/4/2020 10:31:52","0000-00","0","no battery","V"
"11/02/2020","11:19:58","1","default","640513929","OXY_CH1","5.592","min","172.034","µmol/L","Humid","22.020","deg","41404","µV","28.045","°C","1018.000","hPa","35.3","pmil","0","55.520","deg","20.000","°C","100.000","%a.s.","21.750","deg","20.000","°C","977.000","hPa","0.861","-0.02617","0.00035","0","0","13.56","Humid","24.85","0","70.00","287365.18","SABD0000000001","AAV1.0.0.11","1.1.2.0","PSt7-10","170328-006","1/4/2020 10:31:52","0000-00","0","no battery","V"
"11/02/2020","11:19:59","1","default","640513929","OXY_CH1","5.609","min","172.102","µmol/L","Humid","22.013","deg","41411","µV","28.054","°C","1019.000","hPa","35.3","pmil","0","55.520","deg","20.000","°C","100.000","%a.s.","21.750","deg","20.000","°C","977.000","hPa","0.861","-0.02617","0.00035","0","0","13.56","Humid","24.85","0","70.00","287368.79","SABD0000000001","AAV1.0.0.11","1.1.2.0","PSt7-10","170328-006","1/4/2020 10:31:52","0000-00","0","no battery","V"
"11/02/2020","11:20:00","1","default","640513929","OXY_CH1","5.626","min","171.878","µmol/L","Humid","22.026","deg","41411","µV","28.058","°C","1018.000","hPa","35.3","pmil","0","55.520","deg","20.000","°C","100.000","%a.s.","21.750","deg","20.000","°C","977.000","hPa","0.861","-0.02617","0.00035","0","0","13.56","Humid","24.85","0","70.00","287357.60","SABD0000000001","AAV1.0.0.11","1.1.2.0","PSt7-10","170328-006","1/4/2020 10:31:52","0000-00","0","no battery","V"
"11/02/2020","11:20:01","1","default","640513929","OXY_CH1","5.642","min","171.971","µmol/L","Humid","22.021","deg","41416","µV","28.056","°C","1019.000","hPa","35.3","pmil","0","55.520","deg","20.000","°C","100.000","%a.s.","21.750","deg","20.000","°C","977.000","hPa","0.861","-0.02617","0.00035","0","0","13.56","Humid","24.85","0","70.00","287345.83","SABD0000000001","AAV1.0.0.11","1.1.2.0","PSt7-10","170328-006","1/4/2020 10:31:52","0000-00","0","no battery","V"
"11/02/2020","11:20:02","1","default","640513929","OXY_CH1","5.659","min","171.924","µmol/L","Humid","22.025","deg","41417","µV","28.054","°C","1019.000","hPa","35.3","pmil","0","55.520","deg","20.000","°C","100.000","%a.s.","21.750","deg","20.000","°C","977.000","hPa","0.861","-0.02617","0.00035","0","0","13.56","Humid","24.85","0","70.00","287357.05","SABD0000000001","AAV1.0.0.11","1.1.2.0","PSt7-10","170328-006","1/4/2020 10:31:52","0000-00","0","no battery","V"
"11/02/2020","11:20:03","1","default","640513929","OXY_CH1","5.676","min","172.007","µmol/L","Humid","22.028","deg","41415","µV","28.029","°C","1019.000","hPa","35.3","pmil","0","55.520","deg","20.000","°C","100.000","%a.s.","21.750","deg","20.000","°C","977.000","hPa","0.861","-0.02617","0.00035","0","0","13.56","Humid","24.85","0","70.00","287359.56","SABD0000000001","AAV1.0.0.11","1.1.2.0","PSt7-10","170328-006","1/4/2020 10:31:52","0000-00","0","no battery","V"
"11/02/2020","11:20:04","1","default","640513929","OXY_CH1","5.692","min","171.872","µmol/L","Humid","22.032","deg","41424","µV","28.042","°C","1018.000","hPa","35.3","pmil","0","55.520","deg","20.000","°C","100.000","%a.s.","21.750","deg","20.000","°C","977.000","hPa","0.861","-0.02617","0.00035","0","0","13.56","Humid","24.85","0","70.00","287366.12","SABD0000000001","AAV1.0.0.11","1.1.2.0","PSt7-10","170328-006","1/4/2020 10:31:52","0000-00","0","no battery","V"
"11/02/2020","11:20:05","1","default","640513929","OXY_CH1","5.708","min","171.834","µmol/L","Humid","22.025","deg","41426","µV","28.070","°C","1018.000","hPa","35.3","pmil","0","55.520","deg","20.000","°C","100.000","%a.s.","21.750","deg","20.000","°C","977.000","hPa","0.861","-0.02617","0.00035","0","0","13.56","Humid","24.85","0","70.00","287356.63","SABD0000000001","AAV1.0.0.11","1.1.2.0","PSt7-10","170328-006","1/4/2020 10:31:52","0000-00","0","no battery","V"
"11/02/2020","11:20:06","1","default","640513929","OXY_CH1","5.725","min","171.755","µmol/L","Humid","22.031","deg","41432","µV","28.068","°C","1018.000","hPa","35.3","pmil","0","55.520","deg","20.000","°C","100.000","%a.s.","21.750","deg","20.000","°C","977.000","hPa","0.861","-0.02617","0.00035","0","0","13.56","Humid","24.85","0","70.00","287356.16","SABD0000000001","AAV1.0.0.11","1.1.2.0","PSt7-10","170328-006","1/4/2020 10:31:52","0000-00","0","no battery","V"
"11/02/2020","11:20:07","1","default","640513929","OXY_CH1","5.742","min","171.942","µmol/L","Humid","22.020","deg","41430","µV","28.063","°C","1018.000","hPa","35.3","pmil","0","55.520","deg","20.000","°C","100.000","%a.s.","21.750","deg","20.000","°C","977.000","hPa","0.861","-0.02617","0.00035","0","0","13.56","Humid","24.85","0","70.00","287354.73","SABD0000000001","AAV1.0.0.11","1.1.2.0","PSt7-10","170328-006","1/4/2020 10:31:52","0000-00","0","no battery","V"
"11/02/2020","11:20:08","1","default","640513929","OXY_CH1","5.759","min","171.923","µmol/L","Humid","22.025","deg","41432","µV","28.052","°C","1018.000","hPa","35.3","pmil","0","55.520","deg","20.000","°C","100.000","%a.s.","21.750","deg","20.000","°C","977.000","hPa","0.861","-0.02617","0.00035","0","0","13.56","Humid","24.85","0","70.00","287352.10","SABD0000000001","AAV1.0.0.11","1.1.2.0","PSt7-10","170328-006","1/4/2020 10:31:52","0000-00","0","no battery","V"
"11/02/2020","11:20:09","1","default","640513929","OXY_CH1","5.775","min","171.924","µmol/L","Humid","22.025","deg","41438","µV","28.052","°C","1018.000","hPa","35.3","pmil","0","55.520","deg","20.000","°C","100.000","%a.s.","21.750","deg","20.000","°C","977.000","hPa","0.861","-0.02617","0.00035","0","0","13.56","Humid","24.85","0","70.00","287349.98","SABD0000000001","AAV1.0.0.11","1.1.2.0","PSt7-10","170328-006","1/4/2020 10:31:52","0000-00","0","no battery","V"
"11/02/2020","11:20:10","1","default","640513929","OXY_CH1","5.792","min","171.904","µmol/L","Humid","22.029","deg","41440","µV","28.045","°C","1018.000","hPa","35.3","pmil","0","55.520","deg","20.000","°C","100.000","%a.s.","21.750","deg","20.000","°C","977.000","hPa","0.861","-0.02617","0.00035","0","0","13.56","Humid","24.85","0","70.00","287359.66","SABD0000000001","AAV1.0.0.11","1.1.2.0","PSt7-10","170328-006","1/4/2020 10:31:52","0000-00","0","no battery","V"
"11/02/2020","11:20:11","1","default","640513929","OXY_CH1","5.809","min","171.905","µmol/L","Humid","22.029","deg","41441","µV","28.046","°C","1019.000","hPa","35.3","pmil","0","55.520","deg","20.000","°C","100.000","%a.s.","21.750","deg","20.000","°C","977.000","hPa","0.861","-0.02617","0.00035","0","0","13.56","Humid","24.85","0","70.00","287355.03","SABD0000000001","AAV1.0.0.11","1.1.2.0","PSt7-10","170328-006","1/4/2020 10:31:52","0000-00","0","no battery","V"
"11/02/2020","11:20:12","1","default","640513929","OXY_CH1","5.825","min","171.893","µmol/L","Humid","22.030","deg","41445","µV","28.045","°C","1019.000","hPa","35.3","pmil","0","55.520","deg","20.000","°C","100.000","%a.s.","21.750","deg","20.000","°C","977.000","hPa","0.861","-0.02617","0.00035","0","0","13.56","Humid","24.85","0","70.00","287340.99","SABD0000000001","AAV1.0.0.11","1.1.2.0","PSt7-10","170328-006","1/4/2020 10:31:52","0000-00","0","no battery","V"
"11/02/2020","11:20:13","1","default","640513929","OXY_CH1","5.842","min","171.889","µmol/L","Humid","22.032","deg","41447","µV","28.040","°C","1019.000","hPa","35.3","pmil","0","55.520","deg","20.000","°C","100.000","%a.s.","21.750","deg","20.000","°C","977.000","hPa","0.861","-0.02617","0.00035","0","0","13.56","Humid","24.85","0","70.00","287346.05","SABD0000000001","AAV1.0.0.11","1.1.2.0","PSt7-10","170328-006","1/4/2020 10:31:52","0000-00","0","no battery","V"
"11/02/2020","11:20:14","1","default","640513929","OXY_CH1","5.859","min","171.909","µmol/L","Humid","22.033","deg","41448","µV","28.033","°C","1019.000","hPa","35.3","pmil","0","55.520","deg","20.000","°C","100.000","%a.s.","21.750","deg","20.000","°C","977.000","hPa","0.861","-0.02617","0.00035","0","0","13.56","Humid","24.85","0","70.00","287350.94","SABD0000000001","AAV1.0.0.11","1.1.2.0","PSt7-10","170328-006","1/4/2020 10:31:52","0000-00","0","no battery","V"
"11/02/2020","11:20:15","1","default","640513929","OXY_CH1","5.876","min","171.812","µmol/L","Humid","22.037","deg","41451","µV","28.040","°C","1019.000","hPa","35.3","pmil","0","55.520","deg","20.000","°C","100.000","%a.s.","21.750","deg","20.000","°C","977.000","hPa","0.861","-0.02617","0.00035","0","0","13.56","Humid","24.85","0","70.00","287350.00","SABD0000000001","AAV1.0.0.11","1.1.2.0","PSt7-10","170328-006","1/4/2020 10:31:52","0000-00","0","no battery","V"
"11/02/2020","11:20:16","1","default","640513929","OXY_CH1","5.892","min","171.672","µmol/L","Humid","22.043","deg","41447","µV","28.050","°C","1019.000","hPa","35.3","pmil","0","55.520","deg","20.000","°C","100.000","%a.s.","21.750","deg","20.000","°C","977.000","hPa","0.861","-0.02617","0.00035","0","0","13.56","Humid","24.85","0","70.00","287345.11","SABD0000000001","AAV1.0.0.11","1.1.2.0","PSt7-10","170328-006","1/4/2020 10:31:52","0000-00","0","no battery","V"
"11/02/2020","11:20:17","1","default","640513929","OXY_CH1","5.909","min","171.739","µmol/L","Humid","22.041","deg","41445","µV","28.043","°C","1019.000","hPa","35.3","pmil","0","55.520","deg","20.000","°C","100.000","%a.s.","21.750","deg","20.000","°C","977.000","hPa","0.861","-0.02617","0.00035","0","0","13.56","Humid","24.85","0","70.00","287352.52","SABD0000000001","AAV1.0.0.11","1.1.2.0","PSt7-10","170328-006","1/4/2020 10:31:52","0000-00","0","no battery","V"
"11/02/2020","11:20:18","1","default","640513929","OXY_CH1","5.925","min","171.903","µmol/L","Humid","22.034","deg","41445","µV","28.031","°C","1019.000","hPa","35.3","pmil","0","55.520","deg","20.000","°C","100.000","%a.s.","21.750","deg","20.000","°C","977.000","hPa","0.861","-0.02617","0.00035","0","0","13.56","Humid","24.85","0","70.00","287338.78","SABD0000000001","AAV1.0.0.11","1.1.2.0","PSt7-10","170328-006","1/4/2020 10:31:52","0000-00","0","no battery","V"
"11/02/2020","11:20:19","1","default","640513929","OXY_CH1","5.942","min","171.876","µmol/L","Humid","22.037","deg","41458","µV","28.028","°C","1019.000","hPa","35.3","pmil","0","55.520","deg","20.000","°C","100.000","%a.s.","21.750","deg","20.000","°C","977.000","hPa","0.861","-0.02617","0.00035","0","0","13.56","Humid","24.85","0","70.00","287341.28","SABD0000000001","AAV1.0.0.11","1.1.2.0","PSt7-10","170328-006","1/4/2020 10:31:52","0000-00","0","no battery","V"
"11/02/2020","11:20:20","1","default","640513929","OXY_CH1","5.959","min","171.833","µmol/L","Humid","22.042","deg","41450","µV","28.022","°C","1019.000","hPa","35.3","pmil","0","55.520","deg","20.000","°C","100.000","%a.s.","21.750","deg","20.000","°C","977.000","hPa","0.861","-0.02617","0.00035","0","0","13.56","Humid","24.85","0","70.00","287349.79","SABD0000000001","AAV1.0.0.11","1.1.2.0","PSt7-10","170328-006","1/4/2020 10:31:52","0000-00","0","no battery","V"
"11/02/2020","11:20:21","1","default","640513929","OXY_CH1","5.975","min","171.864","µmol/L","Humid","22.037","deg","41455","µV","28.030","°C","1019.000","hPa","35.3","pmil","0","55.520","deg","20.000","°C","100.000","%a.s.","21.750","deg","20.000","°C","977.000","hPa","0.861","-0.02617","0.00035","0","0","13.56","Humid","24.85","0","70.00","287339.01","SABD0000000001","AAV1.0.0.11","1.1.2.0","PSt7-10","170328-006","1/4/2020 10:31:52","0000-00","0","no battery","V"
"11/02/2020","11:20:22","1","default","640513929","OXY_CH1","5.992","min","171.768","µmol/L","Humid","22.045","deg","41449","µV","28.026","°C","1019.000","hPa","35.3","pmil","0","55.520","deg","20.000","°C","100.000","%a.s.","21.750","deg","20.000","°C","977.000","hPa","0.861","-0.02617","0.00035","0","0","13.56","Humid","24.85","0","70.00","287332.77","SABD0000000001","AAV1.0.0.11","1.1.2.0","PSt7-10","170328-006","1/4/2020 10:31:52","0000-00","0","no battery","V"
"11/02/2020","11:20:23","1","default","640513929","OXY_CH1","6.009","min","171.670","µmol/L","Humid","22.050","deg","41448","µV","28.031","°C","1019.000","hPa","35.3","pmil","0","55.520","deg","20.000","°C","100.000","%a.s.","21.750","deg","20.000","°C","977.000","hPa","0.861","-0.02617","0.00035","0","0","13.56","Humid","24.85","0","70.00","287338.98","SABD0000000001","AAV1.0.0.11","1.1.2.0","PSt7-10","170328-006","1/4/2020 10:31:52","0000-00","0","no battery","V"
"11/02/2020","11:20:24","1","default","640513929","OXY_CH1","6.026","min","171.674","µmol/L","Humid","22.050","deg","41455","µV","28.030","°C","1019.000","hPa","35.3","pmil","0","55.520","deg","20.000","°C","100.000","%a.s.","21.750","deg","20.000","°C","977.000","hPa","0.861","-0.02617","0.00035","0","0","13.56","Humid","24.85","0","70.00","287342.59","SABD0000000001","AAV1.0.0.11","1.1.2.0","PSt7-10","170328-006","1/4/2020 10:31:52","0000-00","0","no battery","V"
"11/02/2020","11:20:25","1","default","640513929","OXY_CH1","6.042","min","171.680","µmol/L","Humid","22.044","deg","41448","µV","28.046","°C","1019.000","hPa","35.3","pmil","0","55.520","deg","20.000","°C","100.000","%a.s.","21.750","deg","20.000","°C","977.000","hPa","0.861","-0.02617","0.00035","0","0","13.56","Humid","24.85","0","70.00","287335.69","SABD0000000001","AAV1.0.0.11","1.1.2.0","PSt7-10","170328-006","1/4/2020 10:31:52","0000-00","0","no battery","V"
"11/02/2020","11:20:26","1","default","640513929","OXY_CH1","6.059","min","171.691","µmol/L","Humid","22.042","deg","41453","µV","28.050","°C","1019.000","hPa","35.3","pmil","0","55.520","deg","20.000","°C","100.000","%a.s.","21.750","deg","20.000","°C","977.000","hPa","0.861","-0.02617","0.00035","0","0","13.56","Humid","24.85","0","70.00","287335.43","SABD0000000001","AAV1.0.0.11","1.1.2.0","PSt7-10","170328-006","1/4/2020 10:31:52","0000-00","0","no battery","V"
"11/02/2020","11:20:27","1","default","640513929","OXY_CH1","6.075","min","171.660","µmol/L","Humid","22.051","deg","41462","µV","28.029","°C","1019.000","hPa","35.3","pmil","0","55.520","deg","20.000","°C","100.000","%a.s.","21.750","deg","20.000","°C","977.000","hPa","0.861","-0.02617","0.00035","0","0","13.56","Humid","24.85","0","70.00","287327.96","SABD0000000001","AAV1.0.0.11","1.1.2.0","PSt7-10","170328-006","1/4/2020 10:31:52","0000-00","0","no battery","V"
"11/02/2020","11:20:28","1","default","640513929","OXY_CH1","6.092","min","171.759","µmol/L","Humid","22.045","deg","41455","µV","28.028","°C","1019.000","hPa","35.3","pmil","0","55.520","deg","20.000","°C","100.000","%a.s.","21.750","deg","20.000","°C","977.000","hPa","0.861","-0.02617","0.00035","0","0","13.56","Humid","24.85","0","70.00","287334.75","SABD0000000001","AAV1.0.0.11","1.1.2.0","PSt7-10","170328-006","1/4/2020 10:31:52","0000-00","0","no battery","V"
"11/02/2020","11:20:29","1","default","640513929","OXY_CH1","6.108","min","171.638","µmol/L","Humid","22.051","deg","41458","µV","28.034","°C","1019.000","hPa","35.3","pmil","0","55.520","deg","20.000","°C","100.000","%a.s.","21.750","deg","20.000","°C","977.000","hPa","0.861","-0.02617","0.00035","0","0","13.56","Humid","24.85","0","70.00","287326.18","SABD0000000001","AAV1.0.0.11","1.1.2.0","PSt7-10","170328-006","1/4/2020 10:31:52","0000-00","0","no battery","V"
"11/02/2020","11:20:30","1","default","640513929","OXY_CH1","6.125","min","171.635","µmol/L","Humid","22.050","deg","41460","µV","28.037","°C","1019.000","hPa","35.3","pmil","0","55.520","deg","20.000","°C","100.000","%a.s.","21.750","deg","20.000","°C","977.000","hPa","0.861","-0.02617","0.00035","0","0","13.56","Humid","24.85","0","70.00","287340.28","SABD0000000001","AAV1.0.0.11","1.1.2.0","PSt7-10","170328-006","1/4/2020 10:31:52","0000-00","0","no battery","V"
"11/02/2020","11:20:31","1","default","640513929","OXY_CH1","6.142","min","171.664","µmol/L","Humid","22.048","deg","41454","µV","28.038","°C","1019.000","hPa","35.3","pmil","0","55.520","deg","20.000","°C","100.000","%a.s.","21.750","deg","20.000","°C","977.000","hPa","0.861","-0.02617","0.00035","0","0","13.56","Humid","24.85","0","70.00","287321.66","SABD0000000001","AAV1.0.0.11","1.1.2.0","PSt7-10","170328-006","1/4/2020 10:31:52","0000-00","0","no battery","V"
"11/02/2020","11:20:32","1","default","640513929","OXY_CH1","6.159","min","171.686","µmol/L","Humid","22.053","deg","41461","µV","28.019","°C","1019.000","hPa","35.3","pmil","0","55.520","deg","20.000","°C","100.000","%a.s.","21.750","deg","20.000","°C","977.000","hPa","0.861","-0.02617","0.00035","0","0","13.56","Humid","24.85","0","70.00","287336.09","SABD0000000001","AAV1.0.0.11","1.1.2.0","PSt7-10","170328-006","1/4/2020 10:31:52","0000-00","0","no battery","V"
"11/02/2020","11:20:33","1","default","640513929","OXY_CH1","6.176","min","171.641","µmol/L","Humid","22.053","deg","41464","µV","28.027","°C","1019.000","hPa","35.3","pmil","0","55.520","deg","20.000","°C","100.000","%a.s.","21.750","deg","20.000","°C","977.000","hPa","0.861","-0.02617","0.00035","0","0","13.56","Humid","24.85","0","70.00","287333.86","SABD0000000001","AAV1.0.0.11","1.1.2.0","PSt7-10","170328-006","1/4/2020 10:31:52","0000-00","0","no battery","V"
"11/02/2020","11:20:34","1","default","640513929","OXY_CH1","6.192","min","171.690","µmol/L","Humid","22.052","deg","41465","µV","28.021","°C","1019.000","hPa","35.3","pmil","0","55.520","deg","20.000","°C","100.000","%a.s.","21.750","deg","20.000","°C","977.000","hPa","0.861","-0.02617","0.00035","0","0","13.56","Humid","24.85","0","70.00","287330.45","SABD0000000001","AAV1.0.0.11","1.1.2.0","PSt7-10","170328-006","1/4/2020 10:31:52","0000-00","0","no battery","V"
"11/02/2020","11:20:35","1","default","640513929","OXY_CH1","6.209","min","171.655","µmol/L","Humid","22.051","deg","41466","µV","28.031","°C","1019.000","hPa","35.3","pmil","0","55.520","deg","20.000","°C","100.000","%a.s.","21.750","deg","20.000","°C","977.000","hPa","0.861","-0.02617","0.00035","0","0","13.56","Humid","24.85","0","70.00","287325.01","SABD0000000001","AAV1.0.0.11","1.1.2.0","PSt7-10","170328-006","1/4/2020 10:31:52","0000-00","0","no battery","V"
"11/02/2020","11:20:36","1","default","640513929","OXY_CH1","6.225","min","171.567","µmol/L","Humid","22.055","deg","41468","µV","28.036","°C","1019.000","hPa","35.3","pmil","0","55.520","deg","20.000","°C","100.000","%a.s.","21.750","deg","20.000","°C","977.000","hPa","0.861","-0.02617","0.00035","0","0","13.56","Humid","24.85","0","70.00","287338.50","SABD0000000001","AAV1.0.0.11","1.1.2.0","PSt7-10","170328-006","1/4/2020 10:31:52","0000-00","0","no battery","V"
"11/02/2020","11:20:37","1","default","640513929","OXY_CH1","6.242","min","171.555","µmol/L","Humid","22.059","deg","41466","µV","28.027","°C","1019.000","hPa","35.3","pmil","0","55.520","deg","20.000","°C","100.000","%a.s.","21.750","deg","20.000","°C","977.000","hPa","0.861","-0.02617","0.00035","0","0","13.56","Humid","24.85","0","70.00","287329.33","SABD0000000001","AAV1.0.0.11","1.1.2.0","PSt7-10","170328-006","1/4/2020 10:31:52","0000-00","0","no battery","V"
"11/02/2020","11:20:38","1","default","640513929","OXY_CH1","6.258","min","171.555","µmol/L","Humid","22.062","deg","41471","µV","28.018","°C","1019.000","hPa","35.3","pmil","0","55.520","deg","20.000","°C","100.000","%a.s.","21.750","deg","20.000","°C","977.000","hPa","0.861","-0.02617","0.00035","0","0","13.56","Humid","24.85","0","70.00","287334.84","SABD0000000001","AAV1.0.0.11","1.1.2.0","PSt7-10","170328-006","1/4/2020 10:31:52","0000-00","0","no battery","V"
"11/02/2020","11:20:39","1","default","640513929","OXY_CH1","6.275","min","171.560","µmol/L","Humid","22.064","deg","41467","µV","28.011","°C","1019.000","hPa","35.3","pmil","0","55.520","deg","20.000","°C","100.000","%a.s.","21.750","deg","20.000","°C","977.000","hPa","0.861","-0.02617","0.00035","0","0","13.56","Humid","24.85","0","70.00","287330.34","SABD0000000001","AAV1.0.0.11","1.1.2.0","PSt7-10","170328-006","1/4/2020 10:31:52","0000-00","0","no battery","V"
"11/02/2020","11:20:40","1","default","640513929","OXY_CH1","6.292","min","171.534","µmol/L","Humid","22.064","deg","41475","µV","28.016","°C","1019.000","hPa","35.3","pmil","0","55.520","deg","20.000","°C","100.000","%a.s.","21.750","deg","20.000","°C","977.000","hPa","0.861","-0.02617","0.00035","0","0","13.56","Humid","24.85","0","70.00","287314.99","SABD0000000001","AAV1.0.0.11","1.1.2.0","PSt7-10","170328-006","1/4/2020 10:31:52","0000-00","0","no battery","V"
"11/02/2020","11:20:41","1","default","640513929","OXY_CH1","6.309","min","171.620","µmol/L","Humid","22.056","deg","41468","µV","28.023","°C","1019.000","hPa","35.3","pmil","0","55.520","deg","20.000","°C","100.000","%a.s.","21.750","deg","20.000","°C","977.000","hPa","0.861","-0.02617","0.00035","0","0","13.56","Humid","24.85","0","70.00","287323.04","SABD0000000001","AAV1.0.0.11","1.1.2.0","PSt7-10","170328-006","1/4/2020 10:31:52","0000-00","0","no battery","V"
"11/02/2020","11:20:42","1","default","640513929","OXY_CH1","6.326","min","171.590","µmol/L","Humid","22.062","deg","41471","µV","28.011","°C","1019.000","hPa","35.3","pmil","0","55.520","deg","20.000","°C","100.000","%a.s.","21.750","deg","20.000","°C","977.000","hPa","0.861","-0.02617","0.00035","0","0","13.56","Humid","24.85","0","70.00","287321.92","SABD0000000001","AAV1.0.0.11","1.1.2.0","PSt7-10","170328-006","1/4/2020 10:31:52","0000-00","0","no battery","V"
"11/02/2020","11:20:43","1","default","640513929","OXY_CH1","6.342","min","171.511","µmol/L","Humid","22.068","deg","41481","µV","28.009","°C","1019.000","hPa","35.3","pmil","0","55.520","deg","20.000","°C","100.000","%a.s.","21.750","deg","20.000","°C","977.000","hPa","0.861","-0.02617","0.00035","0","0","13.56","Humid","24.85","0","70.00","287319.96","SABD0000000001","AAV1.0.0.11","1.1.2.0","PSt7-10","170328-006","1/4/2020 10:31:52","0000-00","0","no battery","V"
"11/02/2020","11:20:44","1","default","640513929","OXY_CH1","6.359","min","171.478","µmol/L","Humid","22.064","deg","41475","µV","28.027","°C","1019.000","hPa","35.3","pmil","0","55.520","deg","20.000","°C","100.000","%a.s.","21.750","deg","20.000","°C","977.000","hPa","0.861","-0.02617","0.00035","0","0","13.56","Humid","24.85","0","70.00","287316.44","SABD0000000001","AAV1.0.0.11","1.1.2.0","PSt7-10","170328-006","1/4/2020 10:31:52","0000-00","0","no battery","V"
"11/02/2020","11:20:45","1","default","640513929","OXY_CH1","6.375","min","171.437","µmol/L","Humid","22.067","deg","41479","µV","28.027","°C","1019.000","hPa","35.3","pmil","0","55.520","deg","20.000","°C","100.000","%a.s.","21.750","deg","20.000","°C","977.000","hPa","0.861","-0.02617","0.00035","0","0","13.56","Humid","24.85","0","70.00","287314.86","SABD0000000001","AAV1.0.0.11","1.1.2.0","PSt7-10","170328-006","1/4/2020 10:31:52","0000-00","0","no battery","V"
"11/02/2020","11:20:46","1","default","640513929","OXY_CH1","6.392","min","171.536","µmol/L","Humid","22.064","deg","41475","µV","28.016","°C","1019.000","hPa","35.3","pmil","0","55.520","deg","20.000","°C","100.000","%a.s.","21.750","deg","20.000","°C","977.000","hPa","0.861","-0.02617","0.00035","0","0","13.56","Humid","24.85","0","70.00","287306.49","SABD0000000001","AAV1.0.0.11","1.1.2.0","PSt7-10","170328-006","1/4/2020 10:31:52","0000-00","0","no battery","V"
"11/02/2020","11:20:47","1","default","640513929","OXY_CH1","6.408","min","171.471","µmol/L","Humid","22.071","deg","41477","µV","28.008","°C","1019.000","hPa","35.3","pmil","0","55.520","deg","20.000","°C","100.000","%a.s.","21.750","deg","20.000","°C","977.000","hPa","0.861","-0.02617","0.00035","0","0","13.56","Humid","24.85","0","70.00","287319.23","SABD0000000001","AAV1.0.0.11","1.1.2.0","PSt7-10","170328-006","1/4/2020 10:31:52","0000-00","0","no battery","V"
"11/02/2020","11:20:48","1","default","640513929","OXY_CH1","6.425","min","171.390","µmol/L","Humid","22.072","deg","41481","µV","28.020","°C","1018.000","hPa","35.3","pmil","0","55.520","deg","20.000","°C","100.000","%a.s.","21.750","deg","20.000","°C","977.000","hPa","0.861","-0.02617","0.00035","0","0","13.56","Humid","24.85","0","70.00","287316.54","SABD0000000001","AAV1.0.0.11","1.1.2.0","PSt7-10","170328-006","1/4/2020 10:31:52","0000-00","0","no battery","V"
"11/02/2020","11:20:49","1","default","640513929","OXY_CH1","6.442","min","171.475","µmol/L","Humid","22.069","deg","41480","µV","28.013","°C","1019.000","hPa","35.3","pmil","0","55.520","deg","20.000","°C","100.000","%a.s.","21.750","deg","20.000","°C","977.000","hPa","0.861","-0.02617","0.00035","0","0","13.56","Humid","24.85","0","70.00","287315.79","SABD0000000001","AAV1.0.0.11","1.1.2.0","PSt7-10","170328-006","1/4/2020 10:31:52","0000-00","0","no battery","V"
"11/02/2020","11:20:50","1","default","640513929","OXY_CH1","6.459","min","171.613","µmol/L","Humid","22.065","deg","41481","µV","27.998","°C","1019.000","hPa","35.3","pmil","0","55.520","deg","20.000","°C","100.000","%a.s.","21.750","deg","20.000","°C","977.000","hPa","0.861","-0.02617","0.00035","0","0","13.56","Humid","24.85","0","70.00","287314.58","SABD0000000001","AAV1.0.0.11","1.1.2.0","PSt7-10","170328-006","1/4/2020 10:31:52","0000-00","0","no battery","V"
"11/02/2020","11:20:51","1","default","640513929","OXY_CH1","6.475","min","171.558","µmol/L","Humid","22.070","deg","41478","µV","27.994","°C","1019.000","hPa","35.3","pmil","0","55.520","deg","20.000","°C","100.000","%a.s.","21.750","deg","20.000","°C","977.000","hPa","0.861","-0.02617","0.00035","0","0","13.56","Humid","24.85","0","70.00","287307.82","SABD0000000001","AAV1.0.0.11","1.1.2.0","PSt7-10","170328-006","1/4/2020 10:31:52","0000-00","0","no battery","V"
"11/02/2020","11:20:52","1","default","640513929","OXY_CH1","6.492","min","171.449","µmol/L","Humid","22.072","deg","41489","µV","28.010","°C","1019.000","hPa","35.3","pmil","0","55.520","deg","20.000","°C","100.000","%a.s.","21.750","deg","20.000","°C","977.000","hPa","0.861","-0.02617","0.00035","0","0","13.56","Humid","24.85","0","70.00","287321.63","SABD0000000001","AAV1.0.0.11","1.1.2.0","PSt7-10","170328-006","1/4/2020 10:31:52","0000-00","0","no battery","V"
"11/02/2020","11:20:53","1","default","640513929","OXY_CH1","6.509","min","171.304","µmol/L","Humid","22.078","deg","41489","µV","28.021","°C","1019.000","hPa","35.3","pmil","0","55.520","deg","20.000","°C","100.000","%a.s.","21.750","deg","20.000","°C","977.000","hPa","0.861","-0.02617","0.00035","0","0","13.56","Humid","24.85","0","70.00","287311.65","SABD0000000001","AAV1.0.0.11","1.1.2.0","PSt7-10","170328-006","1/4/2020 10:31:52","0000-00","0","no battery","V"
"11/02/2020","11:20:54","1","default","640513929","OXY_CH1","6.526","min","171.396","µmol/L","Humid","22.073","deg","41499","µV","28.017","°C","1019.000","hPa","35.3","pmil","0","55.520","deg","20.000","°C","100.000","%a.s.","21.750","deg","20.000","°C","977.000","hPa","0.861","-0.02617","0.00035","0","0","13.56","Humid","24.85","0","70.00","287307.23","SABD0000000001","AAV1.0.0.11","1.1.2.0","PSt7-10","170328-006","1/4/2020 10:31:52","0000-00","0","no battery","V"
"11/02/2020","11:20:55","1","default","640513929","OXY_CH1","6.542","min","171.466","µmol/L","Humid","22.073","deg","41493","µV","28.002","°C","1018.000","hPa","35.3","pmil","0","55.520","deg","20.000","°C","100.000","%a.s.","21.750","deg","20.000","°C","977.000","hPa","0.861","-0.02617","0.00035","0","0","13.56","Humid","24.85","0","70.00","287319.34","SABD0000000001","AAV1.0.0.11","1.1.2.0","PSt7-10","170328-006","1/4/2020 10:31:52","0000-00","0","no battery","V"
"11/02/2020","11:20:56","1","default","640513929","OXY_CH1","6.558","min","171.355","µmol/L","Humid","22.081","deg","41493","µV","28.002","°C","1019.000","hPa","35.3","pmil","0","55.520","deg","20.000","°C","100.000","%a.s.","21.750","deg","20.000","°C","977.000","hPa","0.861","-0.02617","0.00035","0","0","13.56","Humid","24.85","0","70.00","287295.96","SABD0000000001","AAV1.0.0.11","1.1.2.0","PSt7-10","170328-006","1/4/2020 10:31:52","0000-00","0","no battery","V"
"11/02/2020","11:20:57","1","default","640513929","OXY_CH1","6.575","min","171.430","µmol/L","Humid","22.075","deg","41499","µV","28.005","°C","1019.000","hPa","35.3","pmil","0","55.520","deg","20.000","°C","100.000","%a.s.","21.750","deg","20.000","°C","977.000","hPa","0.861","-0.02617","0.00035","0","0","13.56","Humid","24.85","0","70.00","287322.72","SABD0000000001","AAV1.0.0.11","1.1.2.0","PSt7-10","170328-006","1/4/2020 10:31:52","0000-00","0","no battery","V"
"11/02/2020","11:20:58","1","default","640513929","OXY_CH1","6.592","min","171.350","µmol/L","Humid","22.083","deg","41503","µV","27.997","°C","1019.000","hPa","35.3","pmil","0","55.520","deg","20.000","°C","100.000","%a.s.","21.750","deg","20.000","°C","977.000","hPa","0.861","-0.02617","0.00035","0","0","13.56","Humid","24.85","0","70.00","287315.22","SABD0000000001","AAV1.0.0.11","1.1.2.0","PSt7-10","170328-006","1/4/2020 10:31:52","0000-00","0","no battery","V"
"11/02/2020","11:20:59","1","default","640513929","OXY_CH1","6.609","min","171.253","µmol/L","Humid","22.083","deg","41501","µV","28.016","°C","1019.000","hPa","35.3","pmil","0","55.520","deg","20.000","°C","100.000","%a.s.","21.750","deg","20.000","°C","977.000","hPa","0.861","-0.02617","0.00035","0","0","13.56","Humid","24.85","0","70.00","287307.61","SABD0000000001","AAV1.0.0.11","1.1.2.0","PSt7-10","170328-006","1/4/2020 10:31:52","0000-00","0","no battery","V"
"11/02/2020","11:21:00","1","default","640513929","OXY_CH1","6.625","min","171.426","µmol/L","Humid","22.078","deg","41504","µV","27.997","°C","1019.000","hPa","35.3","pmil","0","55.520","deg","20.000","°C","100.000","%a.s.","21.750","deg","20.000","°C","977.000","hPa","0.861","-0.02617","0.00035","0","0","13.56","Humid","24.85","0","70.00","287302.00","SABD0000000001","AAV1.0.0.11","1.1.2.0","PSt7-10","170328-006","1/4/2020 10:31:52","0000-00","0","no battery","V"
"11/02/2020","11:21:01","1","default","640513929","OXY_CH1","6.642","min","171.307","µmol/L","Humid","22.085","deg","41498","µV","28.000","°C","1019.000","hPa","35.3","pmil","0","55.520","deg","20.000","°C","100.000","%a.s.","21.750","deg","20.000","°C","977.000","hPa","0.861","-0.02617","0.00035","0","0","13.56","Humid","24.85","0","70.00","287312.03","SABD0000000001","AAV1.0.0.11","1.1.2.0","PSt7-10","170328-006","1/4/2020 10:31:52","0000-00","0","no battery","V"
"11/02/2020","11:21:02","1","default","640513929","OXY_CH1","6.659","min","171.403","µmol/L","Humid","22.078","deg","41505","µV","28.001","°C","1019.000","hPa","35.3","pmil","0","55.520","deg","20.000","°C","100.000","%a.s.","21.750","deg","20.000","°C","977.000","hPa","0.861","-0.02617","0.00035","0","0","13.56","Humid","24.85","0","70.00","287305.90","SABD0000000001","AAV1.0.0.11","1.1.2.0","PSt7-10","170328-006","1/4/2020 10:31:52","0000-00","0","no battery","V"
"11/02/2020","11:21:03","1","default","640513929","OXY_CH1","6.676","min","171.148","µmol/L","Humid","22.093","deg","41499","µV","28.008","°C","1019.000","hPa","35.3","pmil","0","55.520","deg","20.000","°C","100.000","%a.s.","21.750","deg","20.000","°C","977.000","hPa","0.861","-0.02617","0.00035","0","0","13.56","Humid","24.85","0","70.00","287311.22","SABD0000000001","AAV1.0.0.11","1.1.2.0","PSt7-10","170328-006","1/4/2020 10:31:52","0000-00","0","no battery","V"
"11/02/2020","11:21:04","1","default","640513929","OXY_CH1","6.692","min","171.247","µmol/L","Humid","22.088","deg","41497","µV","28.003","°C","1019.000","hPa","35.3","pmil","0","55.520","deg","20.000","°C","100.000","%a.s.","21.750","deg","20.000","°C","977.000","hPa","0.861","-0.02617","0.00035","0","0","13.56","Humid","24.85","0","70.00","287305.09","SABD0000000001","AAV1.0.0.11","1.1.2.0","PSt7-10","170328-006","1/4/2020 10:31:52","0000-00","0","no battery","V"
"11/02/2020","11:21:05","1","default","640513929","OXY_CH1","6.709","min","171.202","µmol/L","Humid","22.090","deg","41502","µV","28.006","°C","1019.000","hPa","35.3","pmil","0","55.520","deg","20.000","°C","100.000","%a.s.","21.750","deg","20.000","°C","977.000","hPa","0.861","-0.02617","0.00035","0","0","13.56","Humid","24.85","0","70.00","287305.05","SABD0000000001","AAV1.0.0.11","1.1.2.0","PSt7-10","170328-006","1/4/2020 10:31:52","0000-00","0","no battery","V"
"11/02/2020","11:21:06","1","default","640513929","OXY_CH1","6.725","min","171.261","µmol/L","Humid","22.090","deg","41498","µV","27.994","°C","1019.000","hPa","35.3","pmil","0","55.520","deg","20.000","°C","100.000","%a.s.","21.750","deg","20.000","°C","977.000","hPa","0.861","-0.02617","0.00035","0","0","13.56","Humid","24.85","0","70.00","287314.70","SABD0000000001","AAV1.0.0.11","1.1.2.0","PSt7-10","170328-006","1/4/2020 10:31:52","0000-00","0","no battery","V"
"11/02/2020","11:21:07","1","default","640513929","OXY_CH1","6.742","min","171.275","µmol/L","Humid","22.090","deg","41499","µV","27.992","°C","1019.000","hPa","35.3","pmil","0","55.520","deg","20.000","°C","100.000","%a.s.","21.750","deg","20.000","°C","977.000","hPa","0.861","-0.02617","0.00035","0","0","13.56","Humid","24.85","0","70.00","287291.46","SABD0000000001","AAV1.0.0.11","1.1.2.0","PSt7-10","170328-006","1/4/2020 10:31:52","0000-00","0","no battery","V"
"11/02/2020","11:21:08","1","default","640513929","OXY_CH1","6.758","min","171.245","µmol/L","Humid","22.084","deg","41503","µV","28.015","°C","1019.000","hPa","35.3","pmil","0","55.520","deg","20.000","°C","100.000","%a.s.","21.750","deg","20.000","°C","977.000","hPa","0.861","-0.02617","0.00035","0","0","13.56","Humid","24.85","0","70.00","287296.26","SABD0000000001","AAV1.0.0.11","1.1.2.0","PSt7-10","170328-006","1/4/2020 10:31:52","0000-00","0","no battery","V"
"11/02/2020","11:21:09","1","default","640513929","OXY_CH1","6.775","min","171.267","µmol/L","Humid","22.091","deg","41505","µV","27.990","°C","1019.000","hPa","35.3","pmil","0","55.520","deg","20.000","°C","100.000","%a.s.","21.750","deg","20.000","°C","977.000","hPa","0.861","-0.02617","0.00035","0","0","13.56","Humid","24.85","0","70.00","287295.67","SABD0000000001","AAV1.0.0.11","1.1.2.0","PSt7-10","170328-006","1/4/2020 10:31:52","0000-00","0","no battery","V"
"11/02/2020","11:21:10","1","default","640513929","OXY_CH1","6.792","min","171.348","µmol/L","Humid","22.086","deg","41510","µV","27.989","°C","1019.000","hPa","35.3","pmil","0","55.520","deg","20.000","°C","100.000","%a.s.","21.750","deg","20.000","°C","977.000","hPa","0.861","-0.02617","0.00035","0","0","13.56","Humid","24.85","0","70.00","287296.39","SABD0000000001","AAV1.0.0.11","1.1.2.0","PSt7-10","170328-006","1/4/2020 10:31:52","0000-00","0","no battery","V"
"11/02/2020","11:21:11","1","default","640513929","OXY_CH1","6.809","min","171.289","µmol/L","Humid","22.092","deg","41509","µV","27.983","°C","1019.000","hPa","35.3","pmil","0","55.520","deg","20.000","°C","100.000","%a.s.","21.750","deg","20.000","°C","977.000","hPa","0.861","-0.02617","0.00035","0","0","13.56","Humid","24.85","0","70.00","287300.44","SABD0000000001","AAV1.0.0.11","1.1.2.0","PSt7-10","170328-006","1/4/2020 10:31:52","0000-00","0","no battery","V"
"11/02/2020","11:21:12","1","default","640513929","OXY_CH1","6.826","min","171.191","µmol/L","Humid","22.095","deg","41512","µV","27.994","°C","1019.000","hPa","35.3","pmil","0","55.520","deg","20.000","°C","100.000","%a.s.","21.750","deg","20.000","°C","977.000","hPa","0.861","-0.02617","0.00035","0","0","13.56","Humid","24.85","0","70.00","287285.32","SABD0000000001","AAV1.0.0.11","1.1.2.0","PSt7-10","170328-006","1/4/2020 10:31:52","0000-00","0","no battery","V"
"11/02/2020","11:21:13","1","default","640513929","OXY_CH1","6.842","min","171.227","µmol/L","Humid","22.090","deg","41512","µV","28.001","°C","1019.000","hPa","35.3","pmil","0","55.520","deg","20.000","°C","100.000","%a.s.","21.750","deg","20.000","°C","977.000","hPa","0.861","-0.02617","0.00035","0","0","13.56","Humid","24.85","0","70.00","287284.58","SABD0000000001","AAV1.0.0.11","1.1.2.0","PSt7-10","170328-006","1/4/2020 10:31:52","0000-00","0","no battery","V"
"11/02/2020","11:21:14","1","default","640513929","OXY_CH1","6.859","min","171.128","µmol/L","Humid","22.097","deg","41515","µV","28.000","°C","1019.000","hPa","35.3","pmil","0","55.520","deg","20.000","°C","100.000","%a.s.","21.750","deg","20.000","°C","977.000","hPa","0.861","-0.02617","0.00035","0","0","13.56","Humid","24.85","0","70.00","287286.13","SABD0000000001","AAV1.0.0.11","1.1.2.0","PSt7-10","170328-006","1/4/2020 10:31:52","0000-00","0","no battery","V"
"11/02/2020","11:21:15","1","default","640513929","OXY_CH1","6.876","min","171.279","µmol/L","Humid","22.091","deg","41518","µV","27.988","°C","1019.000","hPa","35.3","pmil","0","55.520","deg","20.000","°C","100.000","%a.s.","21.750","deg","20.000","°C","977.000","hPa","0.861","-0.02617","0.00035","0","0","13.56","Humid","24.85","0","70.00","287285.50","SABD0000000001","AAV1.0.0.11","1.1.2.0","PSt7-10","170328-006","1/4/2020 10:31:52","0000-00","0","no battery","V"
"11/02/2020","11:21:16","1","default","640513929","OXY_CH1","6.892","min","171.208","µmol/L","Humid","22.094","deg","41521","µV","27.993","°C","1019.000","hPa","35.3","pmil","0","55.520","deg","20.000","°C","100.000","%a.s.","21.750","deg","20.000","°C","977.000","hPa","0.861","-0.02617","0.00035","0","0","13.56","Humid","24.85","0","70.00","287295.45","SABD0000000001","AAV1.0.0.11","1.1.2.0","PSt7-10","170328-006","1/4/2020 10:31:52","0000-00","0","no battery","V"
"11/02/2020","11:21:17","1","default","640513929","OXY_CH1","6.908","min","171.260","µmol/L","Humid","22.092","deg","41518","µV","27.989","°C","1019.000","hPa","35.3","pmil","0","55.520","deg","20.000","°C","100.000","%a.s.","21.750","deg","20.000","°C","977.000","hPa","0.861","-0.02617","0.00035","0","0","13.56","Humid","24.85","0","70.00","287286.81","SABD0000000001","AAV1.0.0.11","1.1.2.0","PSt7-10","170328-006","1/4/2020 10:31:52","0000-00","0","no battery","V"
"11/02/2020","11:21:18","1","default","640513929","OXY_CH1","6.925","min","171.208","µmol/L","Humid","22.098","deg","41516","µV","27.981","°C","1019.000","hPa","35.3","pmil","0","55.520","deg","20.000","°C","100.000","%a.s.","21.750","deg","20.000","°C","977.000","hPa","0.861","-0.02617","0.00035","0","0","13.56","Humid","24.85","0","70.00","287284.89","SABD0000000001","AAV1.0.0.11","1.1.2.0","PSt7-10","170328-006","1/4/2020 10:31:52","0000-00","0","no battery","V"
"11/02/2020","11:21:19","1","default","640513929","OXY_CH1","6.942","min","171.111","µmol/L","Humid","22.104","deg","41521","µV","27.983","°C","1019.000","hPa","35.3","pmil","0","55.520","deg","20.000","°C","100.000","%a.s.","21.750","deg","20.000","°C","977.000","hPa","0.861","-0.02617","0.00035","0","0","13.56","Humid","24.85","0","70.00","287286.30","SABD0000000001","AAV1.0.0.11","1.1.2.0","PSt7-10","170328-006","1/4/2020 10:31:52","0000-00","0","no battery","V"
"11/02/2020","11:21:20","1","default","640513929","OXY_CH1","6.959","min","171.240","µmol/L","Humid","22.098","deg","41533","µV","27.975","°C","1019.000","hPa","35.3","pmil","0","55.520","deg","20.000","°C","100.000","%a.s.","21.750","deg","20.000","°C","977.000","hPa","0.861","-0.02617","0.00035","0","0","13.56","Humid","24.85","0","70.00","287293.55","SABD0000000001","AAV1.0.0.11","1.1.2.0","PSt7-10","170328-006","1/4/2020 10:31:52","0000-00","0","no battery","V"
"11/02/2020","11:21:21","1","default","640513929","OXY_CH1","6.975","min","171.057","µmol/L","Humid","22.109","deg","41530","µV","27.979","°C","1019.000","hPa","35.3","pmil","0","55.520","deg","20.000","°C","100.000","%a.s.","21.750","deg","20.000","°C","977.000","hPa","0.861","-0.02617","0.00035","0","0","13.56","Humid","24.85","0","70.00","287275.88","SABD0000000001","AAV1.0.0.11","1.1.2.0","PSt7-10","170328-006","1/4/2020 10:31:52","0000-00","0","no battery","V"
"11/02/2020","11:21:22","1","default","640513929","OXY_CH1","6.992","min","171.141","µmol/L","Humid","22.095","deg","41535","µV","28.003","°C","1019.000","hPa","35.3","pmil","0","55.520","deg","20.000","°C","100.000","%a.s.","21.750","deg","20.000","°C","977.000","hPa","0.861","-0.02617","0.00035","0","0","13.56","Humid","24.85","0","70.00","287275.97","SABD0000000001","AAV1.0.0.11","1.1.2.0","PSt7-10","170328-006","1/4/2020 10:31:52","0000-00","0","no battery","V"
"11/02/2020","11:21:23","1","default","640513929","OXY_CH1","7.009","min","171.006","µmol/L","Humid","22.110","deg","41535","µV","27.986","°C","1019.000","hPa","35.3","pmil","0","55.520","deg","20.000","°C","100.000","%a.s.","21.750","deg","20.000","°C","977.000","hPa","0.861","-0.02617","0.00035","0","0","13.56","Humid","24.85","0","70.00","287282.69","SABD0000000001","AAV1.0.0.11","1.1.2.0","PSt7-10","170328-006","1/4/2020 10:31:52","0000-00","0","no battery","V"
"11/02/2020","11:21:24","1","default","640513929","OXY_CH1","7.026","min","171.182","µmol/L","Humid","22.100","deg","41526","µV","27.981","°C","1019.000","hPa","35.3","pmil","0","55.520","deg","20.000","°C","100.000","%a.s.","21.750","deg","20.000","°C","977.000","hPa","0.861","-0.02617","0.00035","0","0","13.56","Humid","24.85","0","70.00","287273.46","SABD0000000001","AAV1.0.0.11","1.1.2.0","PSt7-10","170328-006","1/4/2020 10:31:52","0000-00","0","no battery","V"
"11/02/2020","11:21:25","1","default","640513929","OXY_CH1","7.042","min","170.959","µmol/L","Humid","22.111","deg","41534","µV","27.993","°C","1019.000","hPa","35.3","pmil","0","55.520","deg","20.000","°C","100.000","%a.s.","21.750","deg","20.000","°C","977.000","hPa","0.861","-0.02617","0.00035","0","0","13.56","Humid","24.85","0","70.00","287276.29","SABD0000000001","AAV1.0.0.11","1.1.2.0","PSt7-10","170328-006","1/4/2020 10:31:52","0000-00","0","no battery","V"
"11/02/2020","11:21:26","1","default","640513929","OXY_CH1","7.059","min","171.010","µmol/L","Humid","22.107","deg","41528","µV","27.994","°C","1019.000","hPa","35.3","pmil","0","55.520","deg","20.000","°C","100.000","%a.s.","21.750","deg","20.000","°C","977.000","hPa","0.861","-0.02617","0.00035","0","0","13.56","Humid","24.85","0","70.00","287269.41","SABD0000000001","AAV1.0.0.11","1.1.2.0","PSt7-10","170328-006","1/4/2020 10:31:52","0000-00","0","no battery","V"
"11/02/2020","11:21:27","1","default","640513929","OXY_CH1","7.075","min","171.123","µmol/L","Humid","22.102","deg","41528","µV","27.987","°C","1019.000","hPa","35.3","pmil","0","55.520","deg","20.000","°C","100.000","%a.s.","21.750","deg","20.000","°C","977.000","hPa","0.861","-0.02617","0.00035","0","0","13.56","Humid","24.85","0","70.00","287278.32","SABD0000000001","AAV1.0.0.11","1.1.2.0","PSt7-10","170328-006","1/4/2020 10:31:52","0000-00","0","no battery","V"
"11/02/2020","11:21:28","1","default","640513929","OXY_CH1","7.092","min","171.070","µmol/L","Humid","22.102","deg","41520","µV","27.997","°C","1019.000","hPa","35.3","pmil","0","55.520","deg","20.000","°C","100.000","%a.s.","21.750","deg","20.000","°C","977.000","hPa","0.861","-0.02617","0.00035","0","0","13.56","Humid","24.85","0","70.00","287269.56","SABD0000000001","AAV1.0.0.11","1.1.2.0","PSt7-10","170328-006","1/4/2020 10:31:52","0000-00","0","no battery","V"
"11/02/2020","11:21:29","1","default","640513929","OXY_CH1","7.109","min","170.973","µmol/L","Humid","22.113","deg","41531","µV","27.984","°C","1019.000","hPa","35.3","pmil","0","55.520","deg","20.000","°C","100.000","%a.s.","21.750","deg","20.000","°C","977.000","hPa","0.861","-0.02617","0.00035","0","0","13.56","Humid","24.85","0","70.00","287269.25","SABD0000000001","AAV1.0.0.11","1.1.2.0","PSt7-10","170328-006","1/4/2020 10:31:52","0000-00","0","no battery","V"
"11/02/2020","11:21:30","1","default","640513929","OXY_CH1","7.125","min","170.939","µmol/L","Humid","22.115","deg","41534","µV","27.985","°C","1019.000","hPa","35.3","pmil","0","55.520","deg","20.000","°C","100.000","%a.s.","21.750","deg","20.000","°C","977.000","hPa","0.861","-0.02617","0.00035","0","0","13.56","Humid","24.85","0","70.00","287271.42","SABD0000000001","AAV1.0.0.11","1.1.2.0","PSt7-10","170328-006","1/4/2020 10:31:52","0000-00","0","no battery","V"
"11/02/2020","11:21:31","1","default","640513929","OXY_CH1","7.142","min","170.988","µmol/L","Humid","22.113","deg","41535","µV","27.981","°C","1019.000","hPa","35.3","pmil","0","55.520","deg","20.000","°C","100.000","%a.s.","21.750","deg","20.000","°C","977.000","hPa","0.861","-0.02617","0.00035","0","0","13.56","Humid","24.85","0","70.00","287271.31","SABD0000000001","AAV1.0.0.11","1.1.2.0","PSt7-10","170328-006","1/4/2020 10:31:52","0000-00","0","no battery","V"
"11/02/2020","11:21:32","1","default","640513929","OXY_CH1","7.159","min","171.147","µmol/L","Humid","22.103","deg","41532","µV","27.979","°C","1019.000","hPa","35.3","pmil","0","55.520","deg","20.000","°C","100.000","%a.s.","21.750","deg","20.000","°C","977.000","hPa","0.861","-0.02617","0.00035","0","0","13.56","Humid","24.85","0","70.00","287267.93","SABD0000000001","AAV1.0.0.11","1.1.2.0","PSt7-10","170328-006","1/4/2020 10:31:52","0000-00","0","no battery","V"
"11/02/2020","11:21:33","1","default","640513929","OXY_CH1","7.176","min","170.972","µmol/L","Humid","22.109","deg","41534","µV","27.996","°C","1019.000","hPa","35.3","pmil","0","55.520","deg","20.000","°C","100.000","%a.s.","21.750","deg","20.000","°C","977.000","hPa","0.861","-0.02617","0.00035","0","0","13.56","Humid","24.85","0","70.00","287280.55","SABD0000000001","AAV1.0.0.11","1.1.2.0","PSt7-10","170328-006","1/4/2020 10:31:52","0000-00","0","no battery","V"
"11/02/2020","11:21:34","1","default","640513929","OXY_CH1","7.192","min","170.902","µmol/L","Humid","22.121","deg","41540","µV","27.975","°C","1019.000","hPa","35.3","pmil","0","55.520","deg","20.000","°C","100.000","%a.s.","21.750","deg","20.000","°C","977.000","hPa","0.861","-0.02617","0.00035","0","0","13.56","Humid","24.85","0","70.00","287272.44","SABD0000000001","AAV1.0.0.11","1.1.2.0","PSt7-10","170328-006","1/4/2020 10:31:52","0000-00","0","no battery","V"
"11/02/2020","11:21:35","1","default","640513929","OXY_CH1","7.209","min","171.108","µmol/L","Humid","22.106","deg","41545","µV","27.978","°C","1019.000","hPa","35.3","pmil","0","55.520","deg","20.000","°C","100.000","%a.s.","21.750","deg","20.000","°C","977.000","hPa","0.861","-0.02617","0.00035","0","0","13.56","Humid","24.85","0","70.00","287278.82","SABD0000000001","AAV1.0.0.11","1.1.2.0","PSt7-10","170328-006","1/4/2020 10:31:52","0000-00","0","no battery","V"
"11/02/2020","11:21:36","1","default","640513929","OXY_CH1","7.225","min","171.003","µmol/L","Humid","22.113","deg","41541","µV","27.978","°C","1019.000","hPa","35.3","pmil","0","55.520","deg","20.000","°C","100.000","%a.s.","21.750","deg","20.000","°C","977.000","hPa","0.861","-0.02617","0.00035","0","0","13.56","Humid","24.85","0","70.00","287271.91","SABD0000000001","AAV1.0.0.11","1.1.2.0","PSt7-10","170328-006","1/4/2020 10:31:52","0000-00","0","no battery","V"
"11/02/2020","11:21:37","1","default","640513929","OXY_CH1","7.242","min","170.895","µmol/L","Humid","22.121","deg","41549","µV","27.976","°C","1019.000","hPa","35.3","pmil","0","55.520","deg","20.000","°C","100.000","%a.s.","21.750","deg","20.000","°C","977.000","hPa","0.861","-0.02617","0.00035","0","0","13.56","Humid","24.85","0","70.00","287274.13","SABD0000000001","AAV1.0.0.11","1.1.2.0","PSt7-10","170328-006","1/4/2020 10:31:52","0000-00","0","no battery","V"
"11/02/2020","11:21:38","1","default","640513929","OXY_CH1","7.258","min","171.082","µmol/L","Humid","22.112","deg","41547","µV","27.966","°C","1019.000","hPa","35.3","pmil","0","55.520","deg","20.000","°C","100.000","%a.s.","21.750","deg","20.000","°C","977.000","hPa","0.861","-0.02617","0.00035","0","0","13.56","Humid","24.85","0","70.00","287261.89","SABD0000000001","AAV1.0.0.11","1.1.2.0","PSt7-10","170328-006","1/4/2020 10:31:52","0000-00","0","no battery","V"
"11/02/2020","11:21:39","1","default","640513929","OXY_CH1","7.275","min","171.049","µmol/L","Humid","22.114","deg","41547","µV","27.966","°C","1019.000","hPa","35.3","pmil","0","55.520","deg","20.000","°C","100.000","%a.s.","21.750","deg","20.000","°C","977.000","hPa","0.861","-0.02617","0.00035","0","0","13.56","Humid","24.85","0","70.00","287269.75","SABD0000000001","AAV1.0.0.11","1.1.2.0","PSt7-10","170328-006","1/4/2020 10:31:52","0000-00","0","no battery","V"
"11/02/2020","11:21:40","1","default","640513929","OXY_CH1","7.292","min","170.915","µmol/L","Humid","22.122","deg","41549","µV","27.969","°C","1019.000","hPa","35.3","pmil","0","55.520","deg","20.000","°C","100.000","%a.s.","21.750","deg","20.000","°C","977.000","hPa","0.861","-0.02617","0.00035","0","0","13.56","Humid","24.85","0","70.00","287272.52","SABD0000000001","AAV1.0.0.11","1.1.2.0","PSt7-10","170328-006","1/4/2020 10:31:52","0000-00","0","no battery","V"
"11/02/2020","11:21:41","1","default","640513929","OXY_CH1","7.309","min","170.888","µmol/L","Humid","22.123","deg","41557","µV","27.972","°C","1019.000","hPa","35.3","pmil","0","55.520","deg","20.000","°C","100.000","%a.s.","21.750","deg","20.000","°C","977.000","hPa","0.861","-0.02617","0.00035","0","0","13.56","Humid","24.85","0","70.00","287269.89","SABD0000000001","AAV1.0.0.11","1.1.2.0","PSt7-10","170328-006","1/4/2020 10:31:52","0000-00","0","no battery","V"
"11/02/2020","11:21:42","1","default","640513929","OXY_CH1","7.326","min","170.879","µmol/L","Humid","22.123","deg","41556","µV","27.974","°C","1019.000","hPa","35.3","pmil","0","55.520","deg","20.000","°C","100.000","%a.s.","21.750","deg","20.000","°C","977.000","hPa","0.861","-0.02617","0.00035","0","0","13.56","Humid","24.85","0","70.00","287276.94","SABD0000000001","AAV1.0.0.11","1.1.2.0","PSt7-10","170328-006","1/4/2020 10:31:52","0000-00","0","no battery","V"
"11/02/2020","11:21:43","1","default","640513929","OXY_CH1","7.342","min","170.906","µmol/L","Humid","22.122","deg","41562","µV","27.971","°C","1019.000","hPa","35.3","pmil","0","55.520","deg","20.000","°C","100.000","%a.s.","21.750","deg","20.000","°C","977.000","hPa","0.861","-0.02617","0.00035","0","0","13.56","Humid","24.85","0","70.00","287266.48","SABD0000000001","AAV1.0.0.11","1.1.2.0","PSt7-10","170328-006","1/4/2020 10:31:52","0000-00","0","no battery","V"
"11/02/2020","11:21:44","1","default","640513929","OXY_CH1","7.359","min","170.913","µmol/L","Humid","22.122","deg","41561","µV","27.970","°C","1019.000","hPa","35.3","pmil","0","55.520","deg","20.000","°C","100.000","%a.s.","21.750","deg","20.000","°C","977.000","hPa","0.861","-0.02617","0.00035","0","0","13.56","Humid","24.85","0","70.00","287265.56","SABD0000000001","AAV1.0.0.11","1.1.2.0","PSt7-10","170328-006","1/4/2020 10:31:52","0000-00","0","no battery","V"
"11/02/2020","11:21:45","1","default","640513929","OXY_CH1","7.376","min","170.753","µmol/L","Humid","22.128","deg","41564","µV","27.984","°C","1019.000","hPa","35.3","pmil","0","55.520","deg","20.000","°C","100.000","%a.s.","21.750","deg","20.000","°C","977.000","hPa","0.861","-0.02617","0.00035","0","0","13.56","Humid","24.85","0","70.00","287276.02","SABD0000000001","AAV1.0.0.11","1.1.2.0","PSt7-10","170328-006","1/4/2020 10:31:52","0000-00","0","no battery","V"
"11/02/2020","11:21:46","1","default","640513929","OXY_CH1","7.392","min","170.821","µmol/L","Humid","22.122","deg","41568","µV","27.988","°C","1019.000","hPa","35.3","pmil","0","55.520","deg","20.000","°C","100.000","%a.s.","21.750","deg","20.000","°C","977.000","hPa","0.861","-0.02617","0.00035","0","0","13.56","Humid","24.85","0","70.00","287271.43","SABD0000000001","AAV1.0.0.11","1.1.2.0","PSt7-10","170328-006","1/4/2020 10:31:52","0000-00","0","no battery","V"
"11/02/2020","11:21:47","1","default","640513929","OXY_CH1","7.408","min","170.892","µmol/L","Humid","22.126","deg","41566","µV","27.962","°C","1019.000","hPa","35.3","pmil","0","55.520","deg","20.000","°C","100.000","%a.s.","21.750","deg","20.000","°C","977.000","hPa","0.861","-0.02617","0.00035","0","0","13.56","Humid","24.85","0","70.00","287263.65","SABD0000000001","AAV1.0.0.11","1.1.2.0","PSt7-10","170328-006","1/4/2020 10:31:52","0000-00","0","no battery","V"
"11/02/2020","11:21:48","1","default","640513929","OXY_CH1","7.425","min","170.884","µmol/L","Humid","22.124","deg","41568","µV","27.970","°C","1019.000","hPa","35.3","pmil","0","55.520","deg","20.000","°C","100.000","%a.s.","21.750","deg","20.000","°C","977.000","hPa","0.861","-0.02617","0.00035","0","0","13.56","Humid","24.85","0","70.00","287260.00","SABD0000000001","AAV1.0.0.11","1.1.2.0","PSt7-10","170328-006","1/4/2020 10:31:52","0000-00","0","no battery","V"
"11/02/2020","11:21:49","1","default","640513929","OXY_CH1","7.442","min","170.899","µmol/L","Humid","22.122","deg","41576","µV","27.972","°C","1019.000","hPa","35.3","pmil","0","55.520","deg","20.000","°C","100.000","%a.s.","21.750","deg","20.000","°C","977.000","hPa","0.861","-0.02617","0.00035","0","0","13.56","Humid","24.85","0","70.00","287263.54","SABD0000000001","AAV1.0.0.11","1.1.2.0","PSt7-10","170328-006","1/4/2020 10:31:52","0000-00","0","no battery","V"
"11/02/2020","11:21:50","1","default","640513929","OXY_CH1","7.459","min","170.875","µmol/L","Humid","22.126","deg","41573","µV","27.965","°C","1019.000","hPa","35.3","pmil","0","55.520","deg","20.000","°C","100.000","%a.s.","21.750","deg","20.000","°C","977.000","hPa","0.861","-0.02617","0.00035","0","0","13.56","Humid","24.85","0","70.00","287274.38","SABD0000000001","AAV1.0.0.11","1.1.2.0","PSt7-10","170328-006","1/4/2020 10:31:52","0000-00","0","no battery","V"
"11/02/2020","11:21:51","1","default","640513929","OXY_CH1","7.476","min","170.775","µmol/L","Humid","22.130","deg","41578","µV","27.974","°C","1019.000","hPa","35.3","pmil","0","55.520","deg","20.000","°C","100.000","%a.s.","21.750","deg","20.000","°C","977.000","hPa","0.861","-0.02617","0.00035","0","0","13.56","Humid","24.85","0","70.00","287274.24","SABD0000000001","AAV1.0.0.11","1.1.2.0","PSt7-10","170328-006","1/4/2020 10:31:52","0000-00","0","no battery","V"
"11/02/2020","11:21:52","1","default","640513929","OXY_CH1","7.492","min","170.743","µmol/L","Humid","22.134","deg","41580","µV","27.968","°C","1019.000","hPa","35.3","pmil","0","55.520","deg","20.000","°C","100.000","%a.s.","21.750","deg","20.000","°C","977.000","hPa","0.861","-0.02617","0.00035","0","0","13.56","Humid","24.85","0","70.00","287262.39","SABD0000000001","AAV1.0.0.11","1.1.2.0","PSt7-10","170328-006","1/4/2020 10:31:52","0000-00","0","no battery","V"
"11/02/2020","11:21:53","1","default","640513929","OXY_CH1","7.509","min","170.744","µmol/L","Humid","22.134","deg","41584","µV","27.968","°C","1019.000","hPa","35.3","pmil","0","55.520","deg","20.000","°C","100.000","%a.s.","21.750","deg","20.000","°C","977.000","hPa","0.861","-0.02617","0.00035","0","0","13.56","Humid","24.85","0","70.00","287265.97","SABD0000000001","AAV1.0.0.11","1.1.2.0","PSt7-10","170328-006","1/4/2020 10:31:52","0000-00","0","no battery","V"
"11/02/2020","11:21:54","1","default","640513929","OXY_CH1","7.526","min","170.821","µmol/L","Humid","22.128","deg","41585","µV","27.970","°C","1019.000","hPa","35.3","pmil","0","55.520","deg","20.000","°C","100.000","%a.s.","21.750","deg","20.000","°C","977.000","hPa","0.861","-0.02617","0.00035","0","0","13.56","Humid","24.85","0","70.00","287267.60","SABD0000000001","AAV1.0.0.11","1.1.2.0","PSt7-10","170328-006","1/4/2020 10:31:52","0000-00","0","no battery","V"
"11/02/2020","11:21:55","1","default","640513929","OXY_CH1","7.542","min","170.705","µmol/L","Humid","22.138","deg","41584","µV","27.964","°C","1019.000","hPa","35.3","pmil","0","55.520","deg","20.000","°C","100.000","%a.s.","21.750","deg","20.000","°C","977.000","hPa","0.861","-0.02617","0.00035","0","0","13.56","Humid","24.85","0","70.00","287261.26","SABD0000000001","AAV1.0.0.11","1.1.2.0","PSt7-10","170328-006","1/4/2020 10:31:52","0000-00","0","no battery","V"
"11/02/2020","11:21:56","1","default","640513929","OXY_CH1","7.558","min","170.765","µmol/L","Humid","22.136","deg","41586","µV","27.958","°C","1019.000","hPa","35.3","pmil","0","55.520","deg","20.000","°C","100.000","%a.s.","21.750","deg","20.000","°C","977.000","hPa","0.861","-0.02617","0.00035","0","0","13.56","Humid","24.85","0","70.00","287265.66","SABD0000000001","AAV1.0.0.11","1.1.2.0","PSt7-10","170328-006","1/4/2020 10:31:52","0000-00","0","no battery","V"
"11/02/2020","11:21:57","1","default","640513929","OXY_CH1","7.575","min","170.798","µmol/L","Humid","22.130","deg","41596","µV","27.969","°C","1019.000","hPa","35.3","pmil","0","55.520","deg","20.000","°C","100.000","%a.s.","21.750","deg","20.000","°C","977.000","hPa","0.861","-0.02617","0.00035","0","0","13.56","Humid","24.85","0","70.00","287261.87","SABD0000000001","AAV1.0.0.11","1.1.2.0","PSt7-10","170328-006","1/4/2020 10:31:52","0000-00","0","no battery","V"
"11/02/2020","11:21:58","1","default","640513929","OXY_CH1","7.592","min","170.903","µmol/L","Humid","22.131","deg","41597","µV","27.946","°C","1019.000","hPa","35.3","pmil","0","55.520","deg","20.000","°C","100.000","%a.s.","21.750","deg","20.000","°C","977.000","hPa","0.861","-0.02617","0.00035","0","0","13.56","Humid","24.85","0","70.00","287253.11","SABD0000000001","AAV1.0.0.11","1.1.2.0","PSt7-10","170328-006","1/4/2020 10:31:52","0000-00","0","no battery","V"
"11/02/2020","11:21:59","1","default","640513929","OXY_CH1","7.609","min","170.802","µmol/L","Humid","22.134","deg","41595","µV","27.957","°C","1019.000","hPa","35.3","pmil","0","55.520","deg","20.000","°C","100.000","%a.s.","21.750","deg","20.000","°C","977.000","hPa","0.861","-0.02617","0.00035","0","0","13.56","Humid","24.85","0","70.00","287264.33","SABD0000000001","AAV1.0.0.11","1.1.2.0","PSt7-10","170328-006","1/4/2020 10:31:52","0000-00","0","no battery","V"
"11/02/2020","11:22:00","1","default","640513929","OXY_CH1","7.625","min","170.705","µmol/L","Humid","22.136","deg","41601","µV","27.970","°C","1019.000","hPa","35.3","pmil","0","55.520","deg","20.000","°C","100.000","%a.s.","21.750","deg","20.000","°C","977.000","hPa","0.861","-0.02617","0.00035","0","0","13.56","Humid","24.85","0","70.00","287264.68","SABD0000000001","AAV1.0.0.11","1.1.2.0","PSt7-10","170328-006","1/4/2020 10:31:52","0000-00","0","no battery","V"
"11/02/2020","11:22:01","1","default","640513929","OXY_CH1","7.642","min","170.697","µmol/L","Humid","22.139","deg","41600","µV","27.963","°C","1019.000","hPa","35.3","pmil","0","55.520","deg","20.000","°C","100.000","%a.s.","21.750","deg","20.000","°C","977.000","hPa","0.861","-0.02617","0.00035","0","0","13.56","Humid","24.85","0","70.00","287255.88","SABD0000000001","AAV1.0.0.11","1.1.2.0","PSt7-10","170328-006","1/4/2020 10:31:52","0000-00","0","no battery","V"
"11/02/2020","11:22:02","1","default","640513929","OXY_CH1","7.659","min","170.636","µmol/L","Humid","22.143","deg","41606","µV","27.963","°C","1019.000","hPa","35.3","pmil","0","55.520","deg","20.000","°C","100.000","%a.s.","21.750","deg","20.000","°C","977.000","hPa","0.861","-0.02617","0.00035","0","0","13.56","Humid","24.85","0","70.00","287248.21","SABD0000000001","AAV1.0.0.11","1.1.2.0","PSt7-10","170328-006","1/4/2020 10:31:52","0000-00","0","no battery","V"
"11/02/2020","11:22:03","1","default","640513929","OXY_CH1","7.675","min","170.750","µmol/L","Humid","22.137","deg","41605","µV","27.958","°C","1019.000","hPa","35.3","pmil","0","55.520","deg","20.000","°C","100.000","%a.s.","21.750","deg","20.000","°C","977.000","hPa","0.861","-0.02617","0.00035","0","0","13.56","Humid","24.85","0","70.00","287253.68","SABD0000000001","AAV1.0.0.11","1.1.2.0","PSt7-10","170328-006","1/4/2020 10:31:52","0000-00","0","no battery","V"
"11/02/2020","11:22:04","1","default","640513929","OXY_CH1","7.692","min","170.713","µmol/L","Humid","22.139","deg","41600","µV","27.960","°C","1019.000","hPa","35.3","pmil","0","55.520","deg","20.000","°C","100.000","%a.s.","21.750","deg","20.000","°C","977.000","hPa","0.861","-0.02617","0.00035","0","0","13.56","Humid","24.85","0","70.00","287259.80","SABD0000000001","AAV1.0.0.11","1.1.2.0","PSt7-10","170328-006","1/4/2020 10:31:52","0000-00","0","no battery","V"
"11/02/2020","11:22:05","1","default","640513929","OXY_CH1","7.708","min","170.631","µmol/L","Humid","22.143","deg","41601","µV","27.964","°C","1019.000","hPa","35.3","pmil","0","55.520","deg","20.000","°C","100.000","%a.s.","21.750","deg","20.000","°C","977.000","hPa","0.861","-0.02617","0.00035","0","0","13.56","Humid","24.85","0","70.00","287257.49","SABD0000000001","AAV1.0.0.11","1.1.2.0","PSt7-10","170328-006","1/4/2020 10:31:52","0000-00","0","no battery","V"
"11/02/2020","11:22:06","1","default","640513929","OXY_CH1","7.725","min","170.570","µmol/L","Humid","22.149","deg","41606","µV","27.959","°C","1019.000","hPa","35.3","pmil","0","55.520","deg","20.000","°C","100.000","%a.s.","21.750","deg","20.000","°C","977.000","hPa","0.861","-0.02617","0.00035","0","0","13.56","Humid","24.85","0","70.00","287247.78","SABD0000000001","AAV1.0.0.11","1.1.2.0","PSt7-10","170328-006","1/4/2020 10:31:52","0000-00","0","no battery","V"
"11/02/2020","11:22:07","1","default","640513929","OXY_CH1","7.742","min","170.625","µmol/L","Humid","22.145","deg","41608","µV","27.960","°C","1019.000","hPa","35.3","pmil","0","55.520","deg","20.000","°C","100.000","%a.s.","21.750","deg","20.000","°C","977.000","hPa","0.861","-0.02617","0.00035","0","0","13.56","Humid","24.85","0","70.00","287251.58","SABD0000000001","AAV1.0.0.11","1.1.2.0","PSt7-10","170328-006","1/4/2020 10:31:52","0000-00","0","no battery","V"
"11/02/2020","11:22:08","1","default","640513929","OXY_CH1","7.759","min","170.648","µmol/L","Humid","22.143","deg","41610","µV","27.961","°C","1019.000","hPa","35.3","pmil","0","55.520","deg","20.000","°C","100.000","%a.s.","21.750","deg","20.000","°C","977.000","hPa","0.861","-0.02617","0.00035","0","0","13.56","Humid","24.85","0","70.00","287250.19","SABD0000000001","AAV1.0.0.11","1.1.2.0","PSt7-10","170328-006","1/4/2020 10:31:52","0000-00","0","no battery","V"
"11/02/2020","11:22:09","1","default","640513929","OXY_CH1","7.775","min","170.651","µmol/L","Humid","22.142","deg","41615","µV","27.963","°C","1019.000","hPa","35.3","pmil","0","55.520","deg","20.000","°C","100.000","%a.s.","21.750","deg","20.000","°C","977.000","hPa","0.861","-0.02617","0.00035","0","0","13.56","Humid","24.85","0","70.00","287239.37","SABD0000000001","AAV1.0.0.11","1.1.2.0","PSt7-10","170328-006","1/4/2020 10:31:52","0000-00","0","no battery","V"
"11/02/2020","11:22:10","1","default","640513929","OXY_CH1","7.792","min","170.535","µmol/L","Humid","22.150","deg","41621","µV","27.963","°C","1019.000","hPa","35.3","pmil","0","55.520","deg","20.000","°C","100.000","%a.s.","21.750","deg","20.000","°C","977.000","hPa","0.861","-0.02617","0.00035","0","0","13.56","Humid","24.85","0","70.00","287254.51","SABD0000000001","AAV1.0.0.11","1.1.2.0","PSt7-10","170328-006","1/4/2020 10:31:52","0000-00","0","no battery","V"
"11/02/2020","11:22:11","1","default","640513929","OXY_CH1","7.809","min","170.762","µmol/L","Humid","22.139","deg","41620","µV","27.950","°C","1019.000","hPa","35.3","pmil","0","55.520","deg","20.000","°C","100.000","%a.s.","21.750","deg","20.000","°C","977.000","hPa","0.861","-0.02617","0.00035","0","0","13.56","Humid","24.85","0","70.00","287248.10","SABD0000000001","AAV1.0.0.11","1.1.2.0","PSt7-10","170328-006","1/4/2020 10:31:52","0000-00","0","no battery","V"
"11/02/2020","11:22:12","1","default","640513929","OXY_CH1","7.826","min","170.634","µmol/L","Humid","22.147","deg","41623","µV","27.952","°C","1019.000","hPa","35.3","pmil","0","55.520","deg","20.000","°C","100.000","%a.s.","21.750","deg","20.000","°C","977.000","hPa","0.861","-0.02617","0.00035","0","0","13.56","Humid","24.85","0","70.00","287251.79","SABD0000000001","AAV1.0.0.11","1.1.2.0","PSt7-10","170328-006","1/4/2020 10:31:52","0000-00","0","no battery","V"
"11/02/2020","11:22:13","1","default","640513929","OXY_CH1","7.842","min","170.634","µmol/L","Humid","22.149","deg","41623","µV","27.946","°C","1019.000","hPa","35.3","pmil","0","55.520","deg","20.000","°C","100.000","%a.s.","21.750","deg","20.000","°C","977.000","hPa","0.861","-0.02617","0.00035","0","0","13.56","Humid","24.85","0","70.00","287241.15","SABD0000000001","AAV1.0.0.11","1.1.2.0","PSt7-10","170328-006","1/4/2020 10:31:52","0000-00","0","no battery","V"
"11/02/2020","11:22:14","1","default","640513929","OXY_CH1","7.859","min","170.600","µmol/L","Humid","22.152","deg","41625","µV","27.944","°C","1019.000","hPa","35.3","pmil","0","55.520","deg","20.000","°C","100.000","%a.s.","21.750","deg","20.000","°C","977.000","hPa","0.861","-0.02617","0.00035","0","0","13.56","Humid","24.85","0","70.00","287245.82","SABD0000000001","AAV1.0.0.11","1.1.2.0","PSt7-10","170328-006","1/4/2020 10:31:52","0000-00","0","no battery","V"
"11/02/2020","11:22:15","1","default","640513929","OXY_CH1","7.875","min","170.596","µmol/L","Humid","22.148","deg","41633","µV","27.957","°C","1019.000","hPa","35.3","pmil","0","55.520","deg","20.000","°C","100.000","%a.s.","21.750","deg","20.000","°C","977.000","hPa","0.861","-0.02617","0.00035","0","0","13.56","Humid","24.85","0","70.00","287244.54","SABD0000000001","AAV1.0.0.11","1.1.2.0","PSt7-10","170328-006","1/4/2020 10:31:52","0000-00","0","no battery","V"
"11/02/2020","11:22:16","1","default","640513929","OXY_CH1","7.892","min","170.603","µmol/L","Humid","22.150","deg","41632","µV","27.949","°C","1019.000","hPa","35.3","pmil","0","55.520","deg","20.000","°C","100.000","%a.s.","21.750","deg","20.000","°C","977.000","hPa","0.861","-0.02617","0.00035","0","0","13.56","Humid","24.85","0","70.00","287245.18","SABD0000000001","AAV1.0.0.11","1.1.2.0","PSt7-10","170328-006","1/4/2020 10:31:52","0000-00","0","no battery","V"
"11/02/2020","11:22:17","1","default","640513929","OXY_CH1","7.909","min","170.641","µmol/L","Humid","22.150","deg","41642","µV","27.942","°C","1019.000","hPa","35.3","pmil","0","55.520","deg","20.000","°C","100.000","%a.s.","21.750","deg","20.000","°C","977.000","hPa","0.861","-0.02617","0.00035","0","0","13.56","Humid","24.85","0","70.00","287244.47","SABD0000000001","AAV1.0.0.11","1.1.2.0","PSt7-10","170328-006","1/4/2020 10:31:52","0000-00","0","no battery","V"
"11/02/2020","11:22:18","1","default","640513929","OXY_CH1","7.925","min","170.628","µmol/L","Humid","22.153","deg","41637","µV","27.936","°C","1019.000","hPa","35.3","pmil","0","55.520","deg","20.000","°C","100.000","%a.s.","21.750","deg","20.000","°C","977.000","hPa","0.861","-0.02617","0.00035","0","0","13.56","Humid","24.85","0","70.00","287236.33","SABD0000000001","AAV1.0.0.11","1.1.2.0","PSt7-10","170328-006","1/4/2020 10:31:52","0000-00","0","no battery","V"
"11/02/2020","11:22:19","1","default","640513929","OXY_CH1","7.942","min","170.445","µmol/L","Humid","22.157","deg","41645","µV","27.960","°C","1019.000","hPa","35.3","pmil","0","55.520","deg","20.000","°C","100.000","%a.s.","21.750","deg","20.000","°C","977.000","hPa","0.861","-0.02617","0.00035","0","0","13.56","Humid","24.85","0","70.00","287232.50","SABD0000000001","AAV1.0.0.11","1.1.2.0","PSt7-10","170328-006","1/4/2020 10:31:52","0000-00","0","no battery","V"
"11/02/2020","11:22:20","1","default","640513929","OXY_CH1","7.959","min","170.479","µmol/L","Humid","22.154","deg","41640","µV","27.962","°C","1019.000","hPa","35.3","pmil","0","55.520","deg","20.000","°C","100.000","%a.s.","21.750","deg","20.000","°C","977.000","hPa","0.861","-0.02617","0.00035","0","0","13.56","Humid","24.85","0","70.00","287231.56","SABD0000000001","AAV1.0.0.11","1.1.2.0","PSt7-10","170328-006","1/4/2020 10:31:52","0000-00","0","no battery","V"
"11/02/2020","11:22:21","1","default","640513929","OXY_CH1","7.976","min","170.307","µmol/L","Humid","22.168","deg","41648","µV","27.956","°C","1019.000","hPa","35.3","pmil","0","55.520","deg","20.000","°C","100.000","%a.s.","21.750","deg","20.000","°C","977.000","hPa","0.861","-0.02617","0.00035","0","0","13.56","Humid","24.85","0","70.00","287233.98","SABD0000000001","AAV1.0.0.11","1.1.2.0","PSt7-10","170328-006","1/4/2020 10:31:52","0000-00","0","no battery","V"
"11/02/2020","11:22:22","1","default","640513929","OXY_CH1","7.992","min","170.484","µmol/L","Humid","22.156","deg","41648","µV","27.956","°C","1019.000","hPa","35.3","pmil","0","55.520","deg","20.000","°C","100.000","%a.s.","21.750","deg","20.000","°C","977.000","hPa","0.861","-0.02617","0.00035","0","0","13.56","Humid","24.85","0","70.00","287234.13","SABD0000000001","AAV1.0.0.11","1.1.2.0","PSt7-10","170328-006","1/4/2020 10:31:52","0000-00","0","no battery","V"
"11/02/2020","11:22:23","1","default","640513929","OXY_CH1","8.009","min","170.463","µmol/L","Humid","22.161","deg","41652","µV","27.945","°C","1019.000","hPa","35.3","pmil","0","55.520","deg","20.000","°C","100.000","%a.s.","21.750","deg","20.000","°C","977.000","hPa","0.861","-0.02617","0.00035","0","0","13.56","Humid","24.85","0","70.00","287241.63","SABD0000000001","AAV1.0.0.11","1.1.2.0","PSt7-10","170328-006","1/4/2020 10:31:52","0000-00","0","no battery","V"
"11/02/2020","11:22:24","1","default","640513929","OXY_CH1","8.025","min","170.419","µmol/L","Humid","22.159","deg","41653","µV","27.960","°C","1019.000","hPa","35.3","pmil","0","55.520","deg","20.000","°C","100.000","%a.s.","21.750","deg","20.000","°C","977.000","hPa","0.861","-0.02617","0.00035","0","0","13.56","Humid","24.85","0","70.00","287239.82","SABD0000000001","AAV1.0.0.11","1.1.2.0","PSt7-10","170328-006","1/4/2020 10:31:52","0000-00","0","no battery","V"
"11/02/2020","11:22:25","1","default","640513929","OXY_CH1","8.042","min","170.384","µmol/L","Humid","22.160","deg","41653","µV","27.964","°C","1019.000","hPa","35.3","pmil","0","55.520","deg","20.000","°C","100.000","%a.s.","21.750","deg","20.000","°C","977.000","hPa","0.861","-0.02617","0.00035","0","0","13.56","Humid","24.85","0","70.00","287238.69","SABD0000000001","AAV1.0.0.11","1.1.2.0","PSt7-10","170328-006","1/4/2020 10:31:52","0000-00","0","no battery","V"
"11/02/2020","11:22:26","1","default","640513929","OXY_CH1","8.059","min","170.463","µmol/L","Humid","22.158","deg","41653","µV","27.953","°C","1018.000","hPa","35.3","pmil","0","55.520","deg","20.000","°C","100.000","%a.s.","21.750","deg","20.000","°C","977.000","hPa","0.861","-0.02617","0.00035","0","0","13.56","Humid","24.85","0","70.00","287241.52","SABD0000000001","AAV1.0.0.11","1.1.2.0","PSt7-10","170328-006","1/4/2020 10:31:52","0000-00","0","no battery","V"
"11/02/2020","11:22:27","1","default","640513929","OXY_CH1","8.075","min","170.295","µmol/L","Humid","22.169","deg","41658","µV","27.955","°C","1019.000","hPa","35.3","pmil","0","55.520","deg","20.000","°C","100.000","%a.s.","21.750","deg","20.000","°C","977.000","hPa","0.861","-0.02617","0.00035","0","0","13.56","Humid","24.85","0","70.00","287232.78","SABD0000000001","AAV1.0.0.11","1.1.2.0","PSt7-10","170328-006","1/4/2020 10:31:52","0000-00","0","no battery","V"
"11/02/2020","11:22:28","1","default","640513929","OXY_CH1","8.092","min","170.316","µmol/L","Humid","22.170","deg","41659","µV","27.948","°C","1019.000","hPa","35.3","pmil","0","55.520","deg","20.000","°C","100.000","%a.s.","21.750","deg","20.000","°C","977.000","hPa","0.861","-0.02617","0.00035","0","0","13.56","Humid","24.85","0","70.00","287231.44","SABD0000000001","AAV1.0.0.11","1.1.2.0","PSt7-10","170328-006","1/4/2020 10:31:52","0000-00","0","no battery","V"
"11/02/2020","11:22:29","1","default","640513929","OXY_CH1","8.109","min","170.377","µmol/L","Humid","22.160","deg","41658","µV","27.965","°C","1019.000","hPa","35.3","pmil","0","55.520","deg","20.000","°C","100.000","%a.s.","21.750","deg","20.000","°C","977.000","hPa","0.861","-0.02617","0.00035","0","0","13.56","Humid","24.85","0","70.00","287250.86","SABD0000000001","AAV1.0.0.11","1.1.2.0","PSt7-10","170328-006","1/4/2020 10:31:52","0000-00","0","no battery","V"
"11/02/2020","11:22:30","1","default","640513929","OXY_CH1","8.126","min","170.345","µmol/L","Humid","22.165","deg","41660","µV","27.957","°C","1019.000","hPa","35.3","pmil","0","55.520","deg","20.000","°C","100.000","%a.s.","21.750","deg","20.000","°C","977.000","hPa","0.861","-0.02617","0.00035","0","0","13.56","Humid","24.85","0","70.00","287234.78","SABD0000000001","AAV1.0.0.11","1.1.2.0","PSt7-10","170328-006","1/4/2020 10:31:52","0000-00","0","no battery","V"
"11/02/2020","11:22:31","1","default","640513929","OXY_CH1","8.142","min","170.280","µmol/L","Humid","22.172","deg","41665","µV","27.949","°C","1019.000","hPa","35.3","pmil","0","55.520","deg","20.000","°C","100.000","%a.s.","21.750","deg","20.000","°C","977.000","hPa","0.861","-0.02617","0.00035","0","0","13.56","Humid","24.85","0","70.00","287233.32","SABD0000000001","AAV1.0.0.11","1.1.2.0","PSt7-10","170328-006","1/4/2020 10:31:52","0000-00","0","no battery","V"
"11/02/2020","11:22:32","1","default","640513929","OXY_CH1","8.159","min","170.425","µmol/L","Humid","22.166","deg","41661","µV","27.938","°C","1019.000","hPa","35.3","pmil","0","55.520","deg","20.000","°C","100.000","%a.s.","21.750","deg","20.000","°C","977.000","hPa","0.861","-0.02617","0.00035","0","0","13.56","Humid","24.85","0","70.00","287238.04","SABD0000000001","AAV1.0.0.11","1.1.2.0","PSt7-10","170328-006","1/4/2020 10:31:52","0000-00","0","no battery","V"
"11/02/2020","11:22:33","1","default","640513929","OXY_CH1","8.175","min","170.365","µmol/L","Humid","22.170","deg","41662","µV","27.938","°C","1019.000","hPa","35.3","pmil","0","55.520","deg","20.000","°C","100.000","%a.s.","21.750","deg","20.000","°C","977.000","hPa","0.861","-0.02617","0.00035","0","0","13.56","Humid","24.85","0","70.00","287231.22","SABD0000000001","AAV1.0.0.11","1.1.2.0","PSt7-10","170328-006","1/4/2020 10:31:52","0000-00","0","no battery","V"
"11/02/2020","11:22:34","1","default","640513929","OXY_CH1","8.192","min","170.318","µmol/L","Humid","22.172","deg","41663","µV","27.942","°C","1019.000","hPa","35.3","pmil","0","55.520","deg","20.000","°C","100.000","%a.s.","21.750","deg","20.000","°C","977.000","hPa","0.861","-0.02617","0.00035","0","0","13.56","Humid","24.85","0","70.00","287238.72","SABD0000000001","AAV1.0.0.11","1.1.2.0","PSt7-10","170328-006","1/4/2020 10:31:52","0000-00","0","no battery","V"
"11/02/2020","11:22:35","1","default","640513929","OXY_CH1","8.208","min","170.372","µmol/L","Humid","22.171","deg","41662","µV","27.934","°C","1019.000","hPa","35.3","pmil","0","55.520","deg","20.000","°C","100.000","%a.s.","21.750","deg","20.000","°C","977.000","hPa","0.861","-0.02617","0.00035","0","0","13.56","Humid","24.85","0","70.00","287225.17","SABD0000000001","AAV1.0.0.11","1.1.2.0","PSt7-10","170328-006","1/4/2020 10:31:52","0000-00","0","no battery","V"
"11/02/2020","11:22:36","1","default","640513929","OXY_CH1","8.225","min","170.310","µmol/L","Humid","22.175","deg","41664","µV","27.935","°C","1019.000","hPa","35.3","pmil","0","55.520","deg","20.000","°C","100.000","%a.s.","21.750","deg","20.000","°C","977.000","hPa","0.861","-0.02617","0.00035","0","0","13.56","Humid","24.85","0","70.00","287230.64","SABD0000000001","AAV1.0.0.11","1.1.2.0","PSt7-10","170328-006","1/4/2020 10:31:52","0000-00","0","no battery","V"
"11/02/2020","11:22:37","1","default","640513929","OXY_CH1","8.242","min","170.468","µmol/L","Humid","22.168","deg","41667","µV","27.924","°C","1019.000","hPa","35.3","pmil","0","55.520","deg","20.000","°C","100.000","%a.s.","21.750","deg","20.000","°C","977.000","hPa","0.861","-0.02617","0.00035","0","0","13.56","Humid","24.85","0","70.00","287233.12","SABD0000000001","AAV1.0.0.11","1.1.2.0","PSt7-10","170328-006","1/4/2020 10:31:52","0000-00","0","no battery","V"
"11/02/2020","11:22:38","1","default","640513929","OXY_CH1","8.259","min","170.316","µmol/L","Humid","22.172","deg","41667","µV","27.942","°C","1019.000","hPa","35.3","pmil","0","55.520","deg","20.000","°C","100.000","%a.s.","21.750","deg","20.000","°C","977.000","hPa","0.861","-0.02617","0.00035","0","0","13.56","Humid","24.85","0","70.00","287221.03","SABD0000000001","AAV1.0.0.11","1.1.2.0","PSt7-10","170328-006","1/4/2020 10:31:52","0000-00","0","no battery","V"
"11/02/2020","11:22:39","1","default","640513929","OXY_CH1","8.275","min","170.208","µmol/L","Humid","22.180","deg","41670","µV","27.940","°C","1019.000","hPa","35.3","pmil","0","55.520","deg","20.000","°C","100.000","%a.s.","21.750","deg","20.000","°C","977.000","hPa","0.861","-0.02617","0.00035","0","0","13.56","Humid","24.85","0","70.00","287223.72","SABD0000000001","AAV1.0.0.11","1.1.2.0","PSt7-10","170328-006","1/4/2020 10:31:52","0000-00","0","no battery","V"
"11/02/2020","11:22:40","1","default","640513929","OXY_CH1","8.292","min","170.297","µmol/L","Humid","22.175","deg","41670","µV","27.937","°C","1019.000","hPa","35.3","pmil","0","55.520","deg","20.000","°C","100.000","%a.s.","21.750","deg","20.000","°C","977.000","hPa","0.861","-0.02617","0.00035","0","0","13.56","Humid","24.85","0","70.00","287235.62","SABD0000000001","AAV1.0.0.11","1.1.2.0","PSt7-10","170328-006","1/4/2020 10:31:52","0000-00","0","no battery","V"
"11/02/2020","11:22:41","1","default","640513929","OXY_CH1","8.309","min","170.292","µmol/L","Humid","22.174","deg","41668","µV","27.941","°C","1019.000","hPa","35.3","pmil","0","55.520","deg","20.000","°C","100.000","%a.s.","21.750","deg","20.000","°C","977.000","hPa","0.861","-0.02617","0.00035","0","0","13.56","Humid","24.85","0","70.00","287220.73","SABD0000000001","AAV1.0.0.11","1.1.2.0","PSt7-10","170328-006","1/4/2020 10:31:52","0000-00","0","no battery","V"
"11/02/2020","11:22:42","1","default","640513929","OXY_CH1","8.326","min","170.326","µmol/L","Humid","22.174","deg","41677","µV","27.934","°C","1019.000","hPa","35.3","pmil","0","55.520","deg","20.000","°C","100.000","%a.s.","21.750","deg","20.000","°C","977.000","hPa","0.861","-0.02617","0.00035","0","0","13.56","Humid","24.85","0","70.00","287221.86","SABD0000000001","AAV1.0.0.11","1.1.2.0","PSt7-10","170328-006","1/4/2020 10:31:52","0000-00","0","no battery","V"
"11/02/2020","11:22:43","1","default","640513929","OXY_CH1","8.342","min","170.337","µmol/L","Humid","22.170","deg","41674","µV","27.944","°C","1019.000","hPa","35.3","pmil","0","55.520","deg","20.000","°C","100.000","%a.s.","21.750","deg","20.000","°C","977.000","hPa","0.861","-0.02617","0.00035","0","0","13.56","Humid","24.85","0","70.00","287215.24","SABD0000000001","AAV1.0.0.11","1.1.2.0","PSt7-10","170328-006","1/4/2020 10:31:52","0000-00","0","no battery","V"
"11/02/2020","11:22:44","1","default","640513929","OXY_CH1","8.359","min","170.311","µmol/L","Humid","22.176","deg","41673","µV","27.931","°C","1019.000","hPa","35.3","pmil","0","55.520","deg","20.000","°C","100.000","%a.s.","21.750","deg","20.000","°C","977.000","hPa","0.861","-0.02617","0.00035","0","0","13.56","Humid","24.85","0","70.00","287219.16","SABD0000000001","AAV1.0.0.11","1.1.2.0","PSt7-10","170328-006","1/4/2020 10:31:52","0000-00","0","no battery","V"
"11/02/2020","11:22:45","1","default","640513929","OXY_CH1","8.375","min","170.281","µmol/L","Humid","22.181","deg","41684","µV","27.923","°C","1019.000","hPa","35.3","pmil","0","55.520","deg","20.000","°C","100.000","%a.s.","21.750","deg","20.000","°C","977.000","hPa","0.861","-0.02617","0.00035","0","0","13.56","Humid","24.85","0","70.00","287215.98","SABD0000000001","AAV1.0.0.11","1.1.2.0","PSt7-10","170328-006","1/4/2020 10:31:52","0000-00","0","no battery","V"
"11/02/2020","11:22:46","1","default","640513929","OXY_CH1","8.392","min","170.127","µmol/L","Humid","22.189","deg","41686","µV","27.930","°C","1019.000","hPa","35.3","pmil","0","55.520","deg","20.000","°C","100.000","%a.s.","21.750","deg","20.000","°C","977.000","hPa","0.861","-0.02617","0.00035","0","0","13.56","Humid","24.85","0","70.00","287212.72","SABD0000000001","AAV1.0.0.11","1.1.2.0","PSt7-10","170328-006","1/4/2020 10:31:52","0000-00","0","no battery","V"
"11/02/2020","11:22:47","1","default","640513929","OXY_CH1","8.409","min","170.173","µmol/L","Humid","22.187","deg","41685","µV","27.927","°C","1019.000","hPa","35.3","pmil","0","55.520","deg","20.000","°C","100.000","%a.s.","21.750","deg","20.000","°C","977.000","hPa","0.861","-0.02617","0.00035","0","0","13.56","Humid","24.85","0","70.00","287216.72","SABD0000000001","AAV1.0.0.11","1.1.2.0","PSt7-10","170328-006","1/4/2020 10:31:52","0000-00","0","no battery","V"
"11/02/2020","11:22:48","1","default","640513929","OXY_CH1","8.425","min","170.241","µmol/L","Humid","22.183","deg","41688","µV","27.925","°C","1019.000","hPa","35.3","pmil","0","55.520","deg","20.000","°C","100.000","%a.s.","21.750","deg","20.000","°C","977.000","hPa","0.861","-0.02617","0.00035","0","0","13.56","Humid","24.85","0","70.00","287217.79","SABD0000000001","AAV1.0.0.11","1.1.2.0","PSt7-10","170328-006","1/4/2020 10:31:52","0000-00","0","no battery","V"
"11/02/2020","11:22:49","1","default","640513929","OXY_CH1","8.442","min","170.044","µmol/L","Humid","22.192","deg","41689","µV","27.938","°C","1019.000","hPa","35.3","pmil","0","55.520","deg","20.000","°C","100.000","%a.s.","21.750","deg","20.000","°C","977.000","hPa","0.861","-0.02617","0.00035","0","0","13.56","Humid","24.85","0","70.00","287210.11","SABD0000000001","AAV1.0.0.11","1.1.2.0","PSt7-10","170328-006","1/4/2020 10:31:52","0000-00","0","no battery","V"
"11/02/2020","11:22:50","1","default","640513929","OXY_CH1","8.459","min","170.239","µmol/L","Humid","22.184","deg","41692","µV","27.923","°C","1019.000","hPa","35.3","pmil","0","55.520","deg","20.000","°C","100.000","%a.s.","21.750","deg","20.000","°C","977.000","hPa","0.861","-0.02617","0.00035","0","0","13.56","Humid","24.85","0","70.00","287229.79","SABD0000000001","AAV1.0.0.11","1.1.2.0","PSt7-10","170328-006","1/4/2020 10:31:52","0000-00","0","no battery","V"
"11/02/2020","11:22:51","1","default","640513929","OXY_CH1","8.476","min","170.173","µmol/L","Humid","22.186","deg","41694","µV","27.930","°C","1019.000","hPa","35.3","pmil","0","55.520","deg","20.000","°C","100.000","%a.s.","21.750","deg","20.000","°C","977.000","hPa","0.861","-0.02617","0.00035","0","0","13.56","Humid","24.85","0","70.00","287216.45","SABD0000000001","AAV1.0.0.11","1.1.2.0","PSt7-10","170328-006","1/4/2020 10:31:52","0000-00","0","no battery","V"
"11/02/2020","11:22:52","1","default","640513929","OXY_CH1","8.492","min","170.103","µmol/L","Humid","22.192","deg","41694","µV","27.926","°C","1019.000","hPa","35.3","pmil","0","55.520","deg","20.000","°C","100.000","%a.s.","21.750","deg","20.000","°C","977.000","hPa","0.861","-0.02617","0.00035","0","0","13.56","Humid","24.85","0","70.00","287203.71","SABD0000000001","AAV1.0.0.11","1.1.2.0","PSt7-10","170328-006","1/4/2020 10:31:52","0000-00","0","no battery","V"
"11/02/2020","11:22:53","1","default","640513929","OXY_CH1","8.509","min","170.169","µmol/L","Humid","22.190","deg","41692","µV","27.919","°C","1019.000","hPa","35.3","pmil","0","55.520","deg","20.000","°C","100.000","%a.s.","21.750","deg","20.000","°C","977.000","hPa","0.861","-0.02617","0.00035","0","0","13.56","Humid","24.85","0","70.00","287220.61","SABD0000000001","AAV1.0.0.11","1.1.2.0","PSt7-10","170328-006","1/4/2020 10:31:52","0000-00","0","no battery","V"
"11/02/2020","11:22:54","1","default","640513929","OXY_CH1","8.525","min","170.063","µmol/L","Humid","22.194","deg","41699","µV","27.928","°C","1019.000","hPa","35.3","pmil","0","55.520","deg","20.000","°C","100.000","%a.s.","21.750","deg","20.000","°C","977.000","hPa","0.861","-0.02617","0.00035","0","0","13.56","Humid","24.85","0","70.00","287200.16","SABD0000000001","AAV1.0.0.11","1.1.2.0","PSt7-10","170328-006","1/4/2020 10:31:52","0000-00","0","no battery","V"
"11/02/2020","11:22:55","1","default","640513929","OXY_CH1","8.542","min","170.237","µmol/L","Humid","22.188","deg","41697","µV","27.911","°C","1019.000","hPa","35.3","pmil","0","55.520","deg","20.000","°C","100.000","%a.s.","21.750","deg","20.000","°C","977.000","hPa","0.861","-0.02617","0.00035","0","0","13.56","Humid","24.85","0","70.00","287212.76","SABD0000000001","AAV1.0.0.11","1.1.2.0","PSt7-10","170328-006","1/4/2020 10:31:52","0000-00","0","no battery","V"
"11/02/2020","11:22:56","1","default","640513929","OXY_CH1","8.558","min","170.185","µmol/L","Humid","22.187","deg","41699","µV","27.924","°C","1019.000","hPa","35.3","pmil","0","55.520","deg","20.000","°C","100.000","%a.s.","21.750","deg","20.000","°C","977.000","hPa","0.861","-0.02617","0.00035","0","0","13.56","Humid","24.85","0","70.00","287223.39","SABD0000000001","AAV1.0.0.11","1.1.2.0","PSt7-10","170328-006","1/4/2020 10:31:52","0000-00","0","no battery","V"
"11/02/2020","11:22:57","1","default","640513929","OXY_CH1","8.575","min","169.965","µmol/L","Humid","22.200","deg","41706","µV","27.930","°C","1019.000","hPa","35.3","pmil","0","55.520","deg","20.000","°C","100.000","%a.s.","21.750","deg","20.000","°C","977.000","hPa","0.861","-0.02617","0.00035","0","0","13.56","Humid","24.85","0","70.00","287204.50","SABD0000000001","AAV1.0.0.11","1.1.2.0","PSt7-10","170328-006","1/4/2020 10:31:52","0000-00","0","no battery","V"
"11/02/2020","11:22:58","1","default","640513929","OXY_CH1","8.592","min","170.096","µmol/L","Humid","22.191","deg","41705","µV","27.931","°C","1019.000","hPa","35.3","pmil","0","55.520","deg","20.000","°C","100.000","%a.s.","21.750","deg","20.000","°C","977.000","hPa","0.861","-0.02617","0.00035","0","0","13.56","Humid","24.85","0","70.00","287214.58","SABD0000000001","AAV1.0.0.11","1.1.2.0","PSt7-10","170328-006","1/4/2020 10:31:52","0000-00","0","no battery","V"
"11/02/2020","11:22:59","1","default","640513929","OXY_CH1","8.609","min","170.055","µmol/L","Humid","22.194","deg","41706","µV","27.930","°C","1019.000","hPa","35.3","pmil","0","55.520","deg","20.000","°C","100.000","%a.s.","21.750","deg","20.000","°C","977.000","hPa","0.861","-0.02617","0.00035","0","0","13.56","Humid","24.85","0","70.00","287200.95","SABD0000000001","AAV1.0.0.11","1.1.2.0","PSt7-10","170328-006","1/4/2020 10:31:52","0000-00","0","no battery","V"
"11/02/2020","11:23:00","1","default","640513929","OXY_CH1","8.626","min","170.114","µmol/L","Humid","22.195","deg","41703","µV","27.915","°C","1019.000","hPa","35.3","pmil","0","55.520","deg","20.000","°C","100.000","%a.s.","21.750","deg","20.000","°C","977.000","hPa","0.861","-0.02617","0.00035","0","0","13.56","Humid","24.85","0","70.00","287201.86","SABD0000000001","AAV1.0.0.11","1.1.2.0","PSt7-10","170328-006","1/4/2020 10:31:52","0000-00","0","no battery","V"
"11/02/2020","11:23:01","1","default","640513929","OXY_CH1","8.642","min","170.216","µmol/L","Humid","22.189","deg","41708","µV","27.912","°C","1019.000","hPa","35.3","pmil","0","55.520","deg","20.000","°C","100.000","%a.s.","21.750","deg","20.000","°C","977.000","hPa","0.861","-0.02617","0.00035","0","0","13.56","Humid","24.85","0","70.00","287204.93","SABD0000000001","AAV1.0.0.11","1.1.2.0","PSt7-10","170328-006","1/4/2020 10:31:52","0000-00","0","no battery","V"
"11/02/2020","11:23:02","1","default","640513929","OXY_CH1","8.659","min","170.003","µmol/L","Humid","22.199","deg","41717","µV","27.926","°C","1019.000","hPa","35.3","pmil","0","55.520","deg","20.000","°C","100.000","%a.s.","21.750","deg","20.000","°C","977.000","hPa","0.861","-0.02617","0.00035","0","0","13.56","Humid","24.85","0","70.00","287214.58","SABD0000000001","AAV1.0.0.11","1.1.2.0","PSt7-10","170328-006","1/4/2020 10:31:52","0000-00","0","no battery","V"
"11/02/2020","11:23:03","1","default","640513929","OXY_CH1","8.675","min","169.882","µmol/L","Humid","22.207","deg","41717","µV","27.927","°C","1019.000","hPa","35.3","pmil","0","55.520","deg","20.000","°C","100.000","%a.s.","21.750","deg","20.000","°C","977.000","hPa","0.861","-0.02617","0.00035","0","0","13.56","Humid","24.85","0","70.00","287196.54","SABD0000000001","AAV1.0.0.11","1.1.2.0","PSt7-10","170328-006","1/4/2020 10:31:52","0000-00","0","no battery","V"
"11/02/2020","11:23:04","1","default","640513929","OXY_CH1","8.692","min","170.029","µmol/L","Humid","22.198","deg","41716","µV","27.923","°C","1019.000","hPa","35.3","pmil","0","55.520","deg","20.000","°C","100.000","%a.s.","21.750","deg","20.000","°C","977.000","hPa","0.861","-0.02617","0.00035","0","0","13.56","Humid","24.85","0","70.00","287202.59","SABD0000000001","AAV1.0.0.11","1.1.2.0","PSt7-10","170328-006","1/4/2020 10:31:52","0000-00","0","no battery","V"
"11/02/2020","11:23:05","1","default","640513929","OXY_CH1","8.709","min","169.945","µmol/L","Humid","22.209","deg","41722","µV","27.908","°C","1019.000","hPa","35.3","pmil","0","55.520","deg","20.000","°C","100.000","%a.s.","21.750","deg","20.000","°C","977.000","hPa","0.861","-0.02617","0.00035","0","0","13.56","Humid","24.85","0","70.00","287205.29","SABD0000000001","AAV1.0.0.11","1.1.2.0","PSt7-10","170328-006","1/4/2020 10:31:52","0000-00","0","no battery","V"
"11/02/2020","11:23:06","1","default","640513929","OXY_CH1","8.725","min","170.013","µmol/L","Humid","22.200","deg","41729","µV","27.921","°C","1019.000","hPa","35.3","pmil","0","55.520","deg","20.000","°C","100.000","%a.s.","21.750","deg","20.000","°C","977.000","hPa","0.861","-0.02617","0.00035","0","0","13.56","Humid","24.85","0","70.00","287192.62","SABD0000000001","AAV1.0.0.11","1.1.2.0","PSt7-10","170328-006","1/4/2020 10:31:52","0000-00","0","no battery","V"
"11/02/2020","11:23:07","1","default","640513929","OXY_CH1","8.742","min","169.937","µmol/L","Humid","22.203","deg","41730","µV","27.927","°C","1019.000","hPa","35.3","pmil","0","55.520","deg","20.000","°C","100.000","%a.s.","21.750","deg","20.000","°C","977.000","hPa","0.861","-0.02617","0.00035","0","0","13.56","Humid","24.85","0","70.00","287199.73","SABD0000000001","AAV1.0.0.11","1.1.2.0","PSt7-10","170328-006","1/4/2020 10:31:52","0000-00","0","no battery","V"
"11/02/2020","11:23:08","1","default","640513929","OXY_CH1","8.759","min","169.890","µmol/L","Humid","22.207","deg","41730","µV","27.924","°C","1018.000","hPa","35.3","pmil","0","55.520","deg","20.000","°C","100.000","%a.s.","21.750","deg","20.000","°C","977.000","hPa","0.861","-0.02617","0.00035","0","0","13.56","Humid","24.85","0","70.00","287201.90","SABD0000000001","AAV1.0.0.11","1.1.2.0","PSt7-10","170328-006","1/4/2020 10:31:52","0000-00","0","no battery","V"
"11/02/2020","11:23:09","1","default","640513929","OXY_CH1","8.776","min","169.955","µmol/L","Humid","22.210","deg","41731","µV","27.903","°C","1019.000","hPa","35.3","pmil","0","55.520","deg","20.000","°C","100.000","%a.s.","21.750","deg","20.000","°C","977.000","hPa","0.861","-0.02617","0.00035","0","0","13.56","Humid","24.85","0","70.00","287203.99","SABD0000000001","AAV1.0.0.11","1.1.2.0","PSt7-10","170328-006","1/4/2020 10:31:52","0000-00","0","no battery","V"
"11/02/2020","11:23:10","1","default","640513929","OXY_CH1","8.792","min","169.946","µmol/L","Humid","22.208","deg","41732","µV","27.910","°C","1018.000","hPa","35.3","pmil","0","55.520","deg","20.000","°C","100.000","%a.s.","21.750","deg","20.000","°C","977.000","hPa","0.861","-0.02617","0.00035","0","0","13.56","Humid","24.85","0","70.00","287181.67","SABD0000000001","AAV1.0.0.11","1.1.2.0","PSt7-10","170328-006","1/4/2020 10:31:52","0000-00","0","no battery","V"
"11/02/2020","11:23:11","1","default","640513929","OXY_CH1","8.808","min","170.110","µmol/L","Humid","22.201","deg","41732","µV","27.897","°C","1018.000","hPa","35.3","pmil","0","55.520","deg","20.000","°C","100.000","%a.s.","21.750","deg","20.000","°C","977.000","hPa","0.861","-0.02617","0.00035","0","0","13.56","Humid","24.85","0","70.00","287195.74","SABD0000000001","AAV1.0.0.11","1.1.2.0","PSt7-10","170328-006","1/4/2020 10:31:52","0000-00","0","no battery","V"
"11/02/2020","11:23:12","1","default","640513929","OXY_CH1","8.825","min","170.169","µmol/L","Humid","22.196","deg","41739","µV","27.900","°C","1018.000","hPa","35.3","pmil","0","55.520","deg","20.000","°C","100.000","%a.s.","21.750","deg","20.000","°C","977.000","hPa","0.861","-0.02617","0.00035","0","0","13.56","Humid","24.85","0","70.00","287196.55","SABD0000000001","AAV1.0.0.11","1.1.2.0","PSt7-10","170328-006","1/4/2020 10:31:52","0000-00","0","no battery","V"
"11/02/2020","11:23:13","1","default","640513929","OXY_CH1","8.842","min","169.995","µmol/L","Humid","22.205","deg","41737","µV","27.909","°C","1018.000","hPa","35.3","pmil","0","55.520","deg","20.000","°C","100.000","%a.s.","21.750","deg","20.000","°C","977.000","hPa","0.861","-0.02617","0.00035","0","0","13.56","Humid","24.85","0","70.00","287193.54","SABD0000000001","AAV1.0.0.11","1.1.2.0","PSt7-10","170328-006","1/4/2020 10:31:52","0000-00","0","no battery","V"
"11/02/2020","11:23:14","1","default","640513929","OXY_CH1","8.859","min","169.952","µmol/L","Humid","22.207","deg","41734","µV","27.911","°C","1018.000","hPa","35.3","pmil","0","55.520","deg","20.000","°C","100.000","%a.s.","21.750","deg","20.000","°C","977.000","hPa","0.861","-0.02617","0.00035","0","0","13.56","Humid","24.85","0","70.00","287195.72","SABD0000000001","AAV1.0.0.11","1.1.2.0","PSt7-10","170328-006","1/4/2020 10:31:52","0000-00","0","no battery","V"
"11/02/2020","11:23:15","1","default","640513929","OXY_CH1","8.875","min","169.871","µmol/L","Humid","22.215","deg","41738","µV","27.905","°C","1019.000","hPa","35.3","pmil","0","55.520","deg","20.000","°C","100.000","%a.s.","21.750","deg","20.000","°C","977.000","hPa","0.861","-0.02617","0.00035","0","0","13.56","Humid","24.85","0","70.00","287189.11","SABD0000000001","AAV1.0.0.11","1.1.2.0","PSt7-10","170328-006","1/4/2020 10:31:52","0000-00","0","no battery","V"
"11/02/2020","11:23:16","1","default","640513929","OXY_CH1","8.892","min","170.034","µmol/L","Humid","22.205","deg","41735","µV","27.901","°C","1018.000","hPa","35.3","pmil","0","55.520","deg","20.000","°C","100.000","%a.s.","21.750","deg","20.000","°C","977.000","hPa","0.861","-0.02617","0.00035","0","0","13.56","Humid","24.85","0","70.00","287194.25","SABD0000000001","AAV1.0.0.11","1.1.2.0","PSt7-10","170328-006","1/4/2020 10:31:52","0000-00","0","no battery","V"
"11/02/2020","11:23:17","1","default","640513929","OXY_CH1","8.909","min","169.791","µmol/L","Humid","22.215","deg","41733","µV","27.920","°C","1018.000","hPa","35.3","pmil","0","55.520","deg","20.000","°C","100.000","%a.s.","21.750","deg","20.000","°C","977.000","hPa","0.861","-0.02617","0.00035","0","0","13.56","Humid","24.85","0","70.00","287193.42","SABD0000000001","AAV1.0.0.11","1.1.2.0","PSt7-10","170328-006","1/4/2020 10:31:52","0000-00","0","no battery","V"
"11/02/2020","11:23:18","1","default","640513929","OXY_CH1","8.926","min","169.786","µmol/L","Humid","22.214","deg","41737","µV","27.924","°C","1018.000","hPa","35.3","pmil","0","55.520","deg","20.000","°C","100.000","%a.s.","21.750","deg","20.000","°C","977.000","hPa","0.861","-0.02617","0.00035","0","0","13.56","Humid","24.85","0","70.00","287188.44","SABD0000000001","AAV1.0.0.11","1.1.2.0","PSt7-10","170328-006","1/4/2020 10:31:52","0000-00","0","no battery","V"
"11/02/2020","11:23:19","1","default","640513929","OXY_CH1","8.942","min","169.784","µmol/L","Humid","22.220","deg","41732","µV","27.907","°C","1018.000","hPa","35.3","pmil","0","55.520","deg","20.000","°C","100.000","%a.s.","21.750","deg","20.000","°C","977.000","hPa","0.861","-0.02617","0.00035","0","0","13.56","Humid","24.85","0","70.00","287188.53","SABD0000000001","AAV1.0.0.11","1.1.2.0","PSt7-10","170328-006","1/4/2020 10:31:52","0000-00","0","no battery","V"
"11/02/2020","11:23:20","1","default","640513929","OXY_CH1","8.958","min","169.871","µmol/L","Humid","22.214","deg","41744","µV","27.907","°C","1018.000","hPa","35.3","pmil","0","55.520","deg","20.000","°C","100.000","%a.s.","21.750","deg","20.000","°C","977.000","hPa","0.861","-0.02617","0.00035","0","0","13.56","Humid","24.85","0","70.00","287189.54","SABD0000000001","AAV1.0.0.11","1.1.2.0","PSt7-10","170328-006","1/4/2020 10:31:52","0000-00","0","no battery","V"
"11/02/2020","11:23:21","1","default","640513929","OXY_CH1","8.975","min","169.781","µmol/L","Humid","22.220","deg","41746","µV","27.907","°C","1018.000","hPa","35.3","pmil","0","55.520","deg","20.000","°C","100.000","%a.s.","21.750","deg","20.000","°C","977.000","hPa","0.861","-0.02617","0.00035","0","0","13.56","Humid","24.85","0","70.00","287187.97","SABD0000000001","AAV1.0.0.11","1.1.2.0","PSt7-10","170328-006","1/4/2020 10:31:52","0000-00","0","no battery","V"
"11/02/2020","11:23:22","1","default","640513929","OXY_CH1","8.992","min","169.885","µmol/L","Humid","22.213","deg","41746","µV","27.907","°C","1018.000","hPa","35.3","pmil","0","55.520","deg","20.000","°C","100.000","%a.s.","21.750","deg","20.000","°C","977.000","hPa","0.861","-0.02617","0.00035","0","0","13.56","Humid","24.85","0","70.00","287186.51","SABD0000000001","AAV1.0.0.11","1.1.2.0","PSt7-10","170328-006","1/4/2020 10:31:52","0000-00","0","no battery","V"
"11/02/2020","11:23:23","1","default","640513929","OXY_CH1","9.009","min","169.845","µmol/L","Humid","22.217","deg","41759","µV","27.903","°C","1018.000","hPa","35.3","pmil","0","55.520","deg","20.000","°C","100.000","%a.s.","21.750","deg","20.000","°C","977.000","hPa","0.861","-0.02617","0.00035","0","0","13.56","Humid","24.85","0","70.00","287180.61","SABD0000000001","AAV1.0.0.11","1.1.2.0","PSt7-10","170328-006","1/4/2020 10:31:52","0000-00","0","no battery","V"
"11/02/2020","11:23:24","1","default","640513929","OXY_CH1","9.025","min","169.934","µmol/L","Humid","22.212","deg","41759","µV","27.900","°C","1018.000","hPa","35.3","pmil","0","55.520","deg","20.000","°C","100.000","%a.s.","21.750","deg","20.000","°C","977.000","hPa","0.861","-0.02617","0.00035","0","0","13.56","Humid","24.85","0","70.00","287186.67","SABD0000000001","AAV1.0.0.11","1.1.2.0","PSt7-10","170328-006","1/4/2020 10:31:52","0000-00","0","no battery","V"
"11/02/2020","11:23:25","1","default","640513929","OXY_CH1","9.042","min","169.783","µmol/L","Humid","22.223","deg","41751","µV","27.898","°C","1018.000","hPa","35.3","pmil","0","55.520","deg","20.000","°C","100.000","%a.s.","21.750","deg","20.000","°C","977.000","hPa","0.861","-0.02617","0.00035","0","0","13.56","Humid","24.85","0","70.00","287178.92","SABD0000000001","AAV1.0.0.11","1.1.2.0","PSt7-10","170328-006","1/4/2020 10:31:52","0000-00","0","no battery","V"
"11/02/2020","11:23:26","1","default","640513929","OXY_CH1","9.059","min","169.760","µmol/L","Humid","22.221","deg","41759","µV","27.909","°C","1018.000","hPa","35.3","pmil","0","55.520","deg","20.000","°C","100.000","%a.s.","21.750","deg","20.000","°C","977.000","hPa","0.861","-0.02617","0.00035","0","0","13.56","Humid","24.85","0","70.00","287179.44","SABD0000000001","AAV1.0.0.11","1.1.2.0","PSt7-10","170328-006","1/4/2020 10:31:52","0000-00","0","no battery","V"
"11/02/2020","11:23:27","1","default","640513929","OXY_CH1","9.076","min","169.820","µmol/L","Humid","22.215","deg","41766","µV","27.914","°C","1018.000","hPa","35.3","pmil","0","55.520","deg","20.000","°C","100.000","%a.s.","21.750","deg","20.000","°C","977.000","hPa","0.861","-0.02617","0.00035","0","0","13.56","Humid","24.85","0","70.00","287185.24","SABD0000000001","AAV1.0.0.11","1.1.2.0","PSt7-10","170328-006","1/4/2020 10:31:52","0000-00","0","no battery","V"
"11/02/2020","11:23:28","1","default","640513929","OXY_CH1","9.092","min","169.888","µmol/L","Humid","22.218","deg","41758","µV","27.892","°C","1018.000","hPa","35.3","pmil","0","55.520","deg","20.000","°C","100.000","%a.s.","21.750","deg","20.000","°C","977.000","hPa","0.861","-0.02617","0.00035","0","0","13.56","Humid","24.85","0","70.00","287177.89","SABD0000000001","AAV1.0.0.11","1.1.2.0","PSt7-10","170328-006","1/4/2020 10:31:52","0000-00","0","no battery","V"
"11/02/2020","11:23:29","1","default","640513929","OXY_CH1","9.108","min","169.773","µmol/L","Humid","22.223","deg","41758","µV","27.900","°C","1018.000","hPa","35.3","pmil","0","55.520","deg","20.000","°C","100.000","%a.s.","21.750","deg","20.000","°C","977.000","hPa","0.861","-0.02617","0.00035","0","0","13.56","Humid","24.85","0","70.00","287173.93","SABD0000000001","AAV1.0.0.11","1.1.2.0","PSt7-10","170328-006","1/4/2020 10:31:52","0000-00","0","no battery","V"
"11/02/2020","11:23:30","1","default","640513929","OXY_CH1","9.125","min","169.800","µmol/L","Humid","22.223","deg","41770","µV","27.895","°C","1018.000","hPa","35.3","pmil","0","55.520","deg","20.000","°C","100.000","%a.s.","21.750","deg","20.000","°C","977.000","hPa","0.861","-0.02617","0.00035","0","0","13.56","Humid","24.85","0","70.00","287173.45","SABD0000000001","AAV1.0.0.11","1.1.2.0","PSt7-10","170328-006","1/4/2020 10:31:52","0000-00","0","no battery","V"
"11/02/2020","11:23:31","1","default","640513929","OXY_CH1","9.142","min","169.831","µmol/L","Humid","22.222","deg","41773","µV","27.892","°C","1018.000","hPa","35.3","pmil","0","55.520","deg","20.000","°C","100.000","%a.s.","21.750","deg","20.000","°C","977.000","hPa","0.861","-0.02617","0.00035","0","0","13.56","Humid","24.85","0","70.00","287180.25","SABD0000000001","AAV1.0.0.11","1.1.2.0","PSt7-10","170328-006","1/4/2020 10:31:52","0000-00","0","no battery","V"
"11/02/2020","11:23:32","1","default","640513929","OXY_CH1","9.159","min","169.653","µmol/L","Humid","22.233","deg","41772","µV","27.895","°C","1018.000","hPa","35.3","pmil","0","55.520","deg","20.000","°C","100.000","%a.s.","21.750","deg","20.000","°C","977.000","hPa","0.861","-0.02617","0.00035","0","0","13.56","Humid","24.85","0","70.00","287171.89","SABD0000000001","AAV1.0.0.11","1.1.2.0","PSt7-10","170328-006","1/4/2020 10:31:52","0000-00","0","no battery","V"
"11/02/2020","11:23:33","1","default","640513929","OXY_CH1","9.175","min","169.761","µmol/L","Humid","22.225","deg","41775","µV","27.897","°C","1018.000","hPa","35.3","pmil","0","55.520","deg","20.000","°C","100.000","%a.s.","21.750","deg","20.000","°C","977.000","hPa","0.861","-0.02617","0.00035","0","0","13.56","Humid","24.85","0","70.00","287170.07","SABD0000000001","AAV1.0.0.11","1.1.2.0","PSt7-10","170328-006","1/4/2020 10:31:52","0000-00","0","no battery","V"
"11/02/2020","11:23:34","1","default","640513929","OXY_CH1","9.192","min","169.803","µmol/L","Humid","22.226","deg","41778","µV","27.886","°C","1018.000","hPa","35.3","pmil","0","55.520","deg","20.000","°C","100.000","%a.s.","21.750","deg","20.000","°C","977.000","hPa","0.861","-0.02617","0.00035","0","0","13.56","Humid","24.85","0","70.00","287175.49","SABD0000000001","AAV1.0.0.11","1.1.2.0","PSt7-10","170328-006","1/4/2020 10:31:52","0000-00","0","no battery","V"
"11/02/2020","11:23:35","1","default","640513929","OXY_CH1","9.209","min","169.632","µmol/L","Humid","22.231","deg","41773","µV","27.905","°C","1018.000","hPa","35.3","pmil","0","55.520","deg","20.000","°C","100.000","%a.s.","21.750","deg","20.000","°C","977.000","hPa","0.861","-0.02617","0.00035","0","0","13.56","Humid","24.85","0","70.00","287178.37","SABD0000000001","AAV1.0.0.11","1.1.2.0","PSt7-10","170328-006","1/4/2020 10:31:52","0000-00","0","no battery","V"
"11/02/2020","11:23:36","1","default","640513929","OXY_CH1","9.226","min","169.702","µmol/L","Humid","22.224","deg","41781","µV","27.912","°C","1018.000","hPa","35.3","pmil","0","55.520","deg","20.000","°C","100.000","%a.s.","21.750","deg","20.000","°C","977.000","hPa","0.861","-0.02617","0.00035","0","0","13.56","Humid","24.85","0","70.00","287180.54","SABD0000000001","AAV1.0.0.11","1.1.2.0","PSt7-10","170328-006","1/4/2020 10:31:52","0000-00","0","no battery","V"
"11/02/2020","11:23:37","1","default","640513929","OXY_CH1","9.242","min","169.698","µmol/L","Humid","22.228","deg","41777","µV","27.901","°C","1018.000","hPa","35.3","pmil","0","55.520","deg","20.000","°C","100.000","%a.s.","21.750","deg","20.000","°C","977.000","hPa","0.861","-0.02617","0.00035","0","0","13.56","Humid","24.85","0","70.00","287171.72","SABD0000000001","AAV1.0.0.11","1.1.2.0","PSt7-10","170328-006","1/4/2020 10:31:52","0000-00","0","no battery","V"
"11/02/2020","11:23:38","1","default","640513929","OXY_CH1","9.259","min","169.710","µmol/L","Humid","22.233","deg","41781","µV","27.884","°C","1018.000","hPa","35.3","pmil","0","55.520","deg","20.000","°C","100.000","%a.s.","21.750","deg","20.000","°C","977.000","hPa","0.861","-0.02617","0.00035","0","0","13.56","Humid","24.85","0","70.00","287162.26","SABD0000000001","AAV1.0.0.11","1.1.2.0","PSt7-10","170328-006","1/4/2020 10:31:52","0000-00","0","no battery","V"
"11/02/2020","11:23:39","1","default","640513929","OXY_CH1","9.276","min","169.705","µmol/L","Humid","22.227","deg","41784","µV","27.904","°C","1019.000","hPa","35.3","pmil","0","55.520","deg","20.000","°C","100.000","%a.s.","21.750","deg","20.000","°C","977.000","hPa","0.861","-0.02617","0.00035","0","0","13.56","Humid","24.85","0","70.00","287176.80","SABD0000000001","AAV1.0.0.11","1.1.2.0","PSt7-10","170328-006","1/4/2020 10:31:52","0000-00","0","no battery","V"
"11/02/2020","11:23:40","1","default","640513929","OXY_CH1","9.292","min","169.645","µmol/L","Humid","22.229","deg","41781","µV","27.908","°C","1018.000","hPa","35.3","pmil","0","55.520","deg","20.000","°C","100.000","%a.s.","21.750","deg","20.000","°C","977.000","hPa","0.861","-0.02617","0.00035","0","0","13.56","Humid","24.85","0","70.00","287175.21","SABD0000000001","AAV1.0.0.11","1.1.2.0","PSt7-10","170328-006","1/4/2020 10:31:52","0000-00","0","no battery","V"
"11/02/2020","11:23:41","1","default","640513929","OXY_CH1","9.308","min","169.625","µmol/L","Humid","22.233","deg","41793","µV","27.901","°C","1018.000","hPa","35.3","pmil","0","55.520","deg","20.000","°C","100.000","%a.s.","21.750","deg","20.000","°C","977.000","hPa","0.861","-0.02617","0.00035","0","0","13.56","Humid","24.85","0","70.00","287165.08","SABD0000000001","AAV1.0.0.11","1.1.2.0","PSt7-10","170328-006","1/4/2020 10:31:52","0000-00","0","no battery","V"
"11/02/2020","11:23:42","1","default","640513929","OXY_CH1","9.325","min","169.697","µmol/L","Humid","22.233","deg","41789","µV","27.886","°C","1018.000","hPa","35.3","pmil","0","55.520","deg","20.000","°C","100.000","%a.s.","21.750","deg","20.000","°C","977.000","hPa","0.861","-0.02617","0.00035","0","0","13.56","Humid","24.85","0","70.00","287167.81","SABD0000000001","AAV1.0.0.11","1.1.2.0","PSt7-10","170328-006","1/4/2020 10:31:52","0000-00","0","no battery","V"
"11/02/2020","11:23:43","1","default","640513929","OXY_CH1","9.342","min","169.700","µmol/L","Humid","22.235","deg","41794","µV","27.880","°C","1018.000","hPa","35.3","pmil","0","55.520","deg","20.000","°C","100.000","%a.s.","21.750","deg","20.000","°C","977.000","hPa","0.861","-0.02617","0.00035","0","0","13.56","Humid","24.85","0","70.00","287176.98","SABD0000000001","AAV1.0.0.11","1.1.2.0","PSt7-10","170328-006","1/4/2020 10:31:52","0000-00","0","no battery","V"
"11/02/2020","11:23:44","1","default","640513929","OXY_CH1","9.359","min","169.705","µmol/L","Humid","22.231","deg","41791","µV","27.892","°C","1019.000","hPa","35.3","pmil","0","55.520","deg","20.000","°C","100.000","%a.s.","21.750","deg","20.000","°C","977.000","hPa","0.861","-0.02617","0.00035","0","0","13.56","Humid","24.85","0","70.00","287168.57","SABD0000000001","AAV1.0.0.11","1.1.2.0","PSt7-10","170328-006","1/4/2020 10:31:52","0000-00","0","no battery","V"
"11/02/2020","11:23:45","1","default","640513929","OXY_CH1","9.375","min","169.648","µmol/L","Humid","22.232","deg","41794","µV","27.899","°C","1018.000","hPa","35.3","pmil","0","55.520","deg","20.000","°C","100.000","%a.s.","21.750","deg","20.000","°C","977.000","hPa","0.861","-0.02617","0.00035","0","0","13.56","Humid","24.85","0","70.00","287172.53","SABD0000000001","AAV1.0.0.11","1.1.2.0","PSt7-10","170328-006","1/4/2020 10:31:52","0000-00","0","no battery","V"
"11/02/2020","11:23:46","1","default","640513929","OXY_CH1","9.392","min","169.724","µmol/L","Humid","22.233","deg","41793","µV","27.881","°C","1018.000","hPa","35.3","pmil","0","55.520","deg","20.000","°C","100.000","%a.s.","21.750","deg","20.000","°C","977.000","hPa","0.861","-0.02617","0.00035","0","0","13.56","Humid","24.85","0","70.00","287182.98","SABD0000000001","AAV1.0.0.11","1.1.2.0","PSt7-10","170328-006","1/4/2020 10:31:52","0000-00","0","no battery","V"
"11/02/2020","11:23:47","1","default","640513929","OXY_CH1","9.409","min","169.570","µmol/L","Humid","22.240","deg","41799","µV","27.891","°C","1018.000","hPa","35.3","pmil","0","55.520","deg","20.000","°C","100.000","%a.s.","21.750","deg","20.000","°C","977.000","hPa","0.861","-0.02617","0.00035","0","0","13.56","Humid","24.85","0","70.00","287171.12","SABD0000000001","AAV1.0.0.11","1.1.2.0","PSt7-10","170328-006","1/4/2020 10:31:52","0000-00","0","no battery","V"
"11/02/2020","11:23:48","1","default","640513929","OXY_CH1","9.426","min","169.530","µmol/L","Humid","22.248","deg","41802","µV","27.876","°C","1018.000","hPa","35.3","pmil","0","55.520","deg","20.000","°C","100.000","%a.s.","21.750","deg","20.000","°C","977.000","hPa","0.861","-0.02617","0.00035","0","0","13.56","Humid","24.85","0","70.00","287176.61","SABD0000000001","AAV1.0.0.11","1.1.2.0","PSt7-10","170328-006","1/4/2020 10:31:52","0000-00","0","no battery","V"
"11/02/2020","11:23:49","1","default","640513929","OXY_CH1","9.442","min","169.605","µmol/L","Humid","22.244","deg","41805","µV","27.873","°C","1018.000","hPa","35.3","pmil","0","55.520","deg","20.000","°C","100.000","%a.s.","21.750","deg","20.000","°C","977.000","hPa","0.861","-0.02617","0.00035","0","0","13.56","Humid","24.85","0","70.00","287175.04","SABD0000000001","AAV1.0.0.11","1.1.2.0","PSt7-10","170328-006","1/4/2020 10:31:52","0000-00","0","no battery","V"
"11/02/2020","11:23:50","1","default","640513929","OXY_CH1","9.458","min","169.584","µmol/L","Humid","22.242","deg","41808","µV","27.883","°C","1018.000","hPa","35.3","pmil","0","55.520","deg","20.000","°C","100.000","%a.s.","21.750","deg","20.000","°C","977.000","hPa","0.861","-0.02617","0.00035","0","0","13.56","Humid","24.85","0","70.00","287169.10","SABD0000000001","AAV1.0.0.11","1.1.2.0","PSt7-10","170328-006","1/4/2020 10:31:52","0000-00","0","no battery","V"
"11/02/2020","11:23:51","1","default","640513929","OXY_CH1","9.475","min","169.491","µmol/L","Humid","22.252","deg","41808","µV","27.872","°C","1018.000","hPa","35.3","pmil","0","55.520","deg","20.000","°C","100.000","%a.s.","21.750","deg","20.000","°C","977.000","hPa","0.861","-0.02617","0.00035","0","0","13.56","Humid","24.85","0","70.00","287153.15","SABD0000000001","AAV1.0.0.11","1.1.2.0","PSt7-10","170328-006","1/4/2020 10:31:52","0000-00","0","no battery","V"
"11/02/2020","11:23:52","1","default","640513929","OXY_CH1","9.492","min","169.620","µmol/L","Humid","22.241","deg","41814","µV","27.878","°C","1018.000","hPa","35.3","pmil","0","55.520","deg","20.000","°C","100.000","%a.s.","21.750","deg","20.000","°C","977.000","hPa","0.861","-0.02617","0.00035","0","0","13.56","Humid","24.85","0","70.00","287162.71","SABD0000000001","AAV1.0.0.11","1.1.2.0","PSt7-10","170328-006","1/4/2020 10:31:52","0000-00","0","no battery","V"
"11/02/2020","11:23:53","1","default","640513929","OXY_CH1","9.509","min","169.439","µmol/L","Humid","22.255","deg","41818","µV","27.874","°C","1018.000","hPa","35.3","pmil","0","55.520","deg","20.000","°C","100.000","%a.s.","21.750","deg","20.000","°C","977.000","hPa","0.861","-0.02617","0.00035","0","0","13.56","Humid","24.85","0","70.00","287165.36","SABD0000000001","AAV1.0.0.11","1.1.2.0","PSt7-10","170328-006","1/4/2020 10:31:52","0000-00","0","no battery","V"
"11/02/2020","11:23:54","1","default","640513929","OXY_CH1","9.525","min","169.490","µmol/L","Humid","22.253","deg","41827","µV","27.869","°C","1018.000","hPa","35.3","pmil","0","55.520","deg","20.000","°C","100.000","%a.s.","21.750","deg","20.000","°C","977.000","hPa","0.861","-0.02617","0.00035","0","0","13.56","Humid","24.85","0","70.00","287173.85","SABD0000000001","AAV1.0.0.11","1.1.2.0","PSt7-10","170328-006","1/4/2020 10:31:52","0000-00","0","no battery","V"
"11/02/2020","11:23:55","1","default","640513929","OXY_CH1","9.542","min","169.359","µmol/L","Humid","22.254","deg","41823","µV","27.893","°C","1018.000","hPa","35.3","pmil","0","55.520","deg","20.000","°C","100.000","%a.s.","21.750","deg","20.000","°C","977.000","hPa","0.861","-0.02617","0.00035","0","0","13.56","Humid","24.85","0","70.00","287162.70","SABD0000000001","AAV1.0.0.11","1.1.2.0","PSt7-10","170328-006","1/4/2020 10:31:52","0000-00","0","no battery","V"
"11/02/2020","11:23:56","1","default","640513929","OXY_CH1","9.559","min","169.386","µmol/L","Humid","22.250","deg","41815","µV","27.900","°C","1019.000","hPa","35.3","pmil","0","55.520","deg","20.000","°C","100.000","%a.s.","21.750","deg","20.000","°C","977.000","hPa","0.861","-0.02617","0.00035","0","0","13.56","Humid","24.85","0","70.00","287151.97","SABD0000000001","AAV1.0.0.11","1.1.2.0","PSt7-10","170328-006","1/4/2020 10:31:52","0000-00","0","no battery","V"
"11/02/2020","11:23:57","1","default","640513929","OXY_CH1","9.576","min","169.317","µmol/L","Humid","22.257","deg","41821","µV","27.892","°C","1018.000","hPa","35.3","pmil","0","55.520","deg","20.000","°C","100.000","%a.s.","21.750","deg","20.000","°C","977.000","hPa","0.861","-0.02617","0.00035","0","0","13.56","Humid","24.85","0","70.00","287152.48","SABD0000000001","AAV1.0.0.11","1.1.2.0","PSt7-10","170328-006","1/4/2020 10:31:52","0000-00","0","no battery","V"
"11/02/2020","11:23:58","1","default","640513929","OXY_CH1","9.592","min","169.436","µmol/L","Humid","22.249","deg","41820","µV","27.892","°C","1018.000","hPa","35.3","pmil","0","55.520","deg","20.000","°C","100.000","%a.s.","21.750","deg","20.000","°C","977.000","hPa","0.861","-0.02617","0.00035","0","0","13.56","Humid","24.85","0","70.00","287156.55","SABD0000000001","AAV1.0.0.11","1.1.2.0","PSt7-10","170328-006","1/4/2020 10:31:52","0000-00","0","no battery","V"
"11/02/2020","11:23:59","1","default","640513929","OXY_CH1","9.609","min","169.387","µmol/L","Humid","22.255","deg","41821","µV","27.884","°C","1018.000","hPa","35.3","pmil","0","55.520","deg","20.000","°C","100.000","%a.s.","21.750","deg","20.000","°C","977.000","hPa","0.861","-0.02617","0.00035","0","0","13.56","Humid","24.85","0","70.00","287165.66","SABD0000000001","AAV1.0.0.11","1.1.2.0","PSt7-10","170328-006","1/4/2020 10:31:52","0000-00","0","no battery","V"
"11/02/2020","11:24:00","1","default","640513929","OXY_CH1","9.625","min","169.416","µmol/L","Humid","22.252","deg","41833","µV","27.887","°C","1018.000","hPa","35.3","pmil","0","55.520","deg","20.000","°C","100.000","%a.s.","21.750","deg","20.000","°C","977.000","hPa","0.861","-0.02617","0.00035","0","0","13.56","Humid","24.85","0","70.00","287154.51","SABD0000000001","AAV1.0.0.11","1.1.2.0","PSt7-10","170328-006","1/4/2020 10:31:52","0000-00","0","no battery","V"
"11/02/2020","11:24:01","1","default","640513929","OXY_CH1","9.642","min","169.329","µmol/L","Humid","22.259","deg","41831","µV","27.884","°C","1018.000","hPa","35.3","pmil","0","55.520","deg","20.000","°C","100.000","%a.s.","21.750","deg","20.000","°C","977.000","hPa","0.861","-0.02617","0.00035","0","0","13.56","Humid","24.85","0","70.00","287160.66","SABD0000000001","AAV1.0.0.11","1.1.2.0","PSt7-10","170328-006","1/4/2020 10:31:52","0000-00","0","no battery","V"
"11/02/2020","11:24:02","1","default","640513929","OXY_CH1","9.658","min","169.294","µmol/L","Humid","22.261","deg","41829","µV","27.885","°C","1018.000","hPa","35.3","pmil","0","55.520","deg","20.000","°C","100.000","%a.s.","21.750","deg","20.000","°C","977.000","hPa","0.861","-0.02617","0.00035","0","0","13.56","Humid","24.85","0","70.00","287150.85","SABD0000000001","AAV1.0.0.11","1.1.2.0","PSt7-10","170328-006","1/4/2020 10:31:52","0000-00","0","no battery","V"
"11/02/2020","11:24:03","1","default","640513929","OXY_CH1","9.675","min","169.388","µmol/L","Humid","22.255","deg","41838","µV","27.884","°C","1018.000","hPa","35.3","pmil","0","55.520","deg","20.000","°C","100.000","%a.s.","21.750","deg","20.000","°C","977.000","hPa","0.861","-0.02617","0.00035","0","0","13.56","Humid","24.85","0","70.00","287151.63","SABD0000000001","AAV1.0.0.11","1.1.2.0","PSt7-10","170328-006","1/4/2020 10:31:52","0000-00","0","no battery","V"
"11/02/2020","11:24:04","1","default","640513929","OXY_CH1","9.692","min","169.501","µmol/L","Humid","22.250","deg","41841","µV","27.876","°C","1018.000","hPa","35.3","pmil","0","55.520","deg","20.000","°C","100.000","%a.s.","21.750","deg","20.000","°C","977.000","hPa","0.861","-0.02617","0.00035","0","0","13.56","Humid","24.85","0","70.00","287150.87","SABD0000000001","AAV1.0.0.11","1.1.2.0","PSt7-10","170328-006","1/4/2020 10:31:52","0000-00","0","no battery","V"
"11/02/2020","11:24:05","1","default","640513929","OXY_CH1","9.709","min","169.462","µmol/L","Humid","22.252","deg","41843","µV","27.878","°C","1018.000","hPa","35.3","pmil","0","55.520","deg","20.000","°C","100.000","%a.s.","21.750","deg","20.000","°C","977.000","hPa","0.861","-0.02617","0.00035","0","0","13.56","Humid","24.85","0","70.00","287155.07","SABD0000000001","AAV1.0.0.11","1.1.2.0","PSt7-10","170328-006","1/4/2020 10:31:52","0000-00","0","no battery","V"
"11/02/2020","11:24:06","1","default","640513929","OXY_CH1","9.725","min","169.282","µmol/L","Humid","22.264","deg","41851","µV","27.879","°C","1018.000","hPa","35.3","pmil","0","55.520","deg","20.000","°C","100.000","%a.s.","21.750","deg","20.000","°C","977.000","hPa","0.861","-0.02617","0.00035","0","0","13.56","Humid","24.85","0","70.00","287136.91","SABD0000000001","AAV1.0.0.11","1.1.2.0","PSt7-10","170328-006","1/4/2020 10:31:52","0000-00","0","no battery","V"
"11/02/2020","11:24:07","1","default","640513929","OXY_CH1","9.742","min","169.260","µmol/L","Humid","22.265","deg","41854","µV","27.880","°C","1018.000","hPa","35.3","pmil","0","55.520","deg","20.000","°C","100.000","%a.s.","21.750","deg","20.000","°C","977.000","hPa","0.861","-0.02617","0.00035","0","0","13.56","Humid","24.85","0","70.00","287163.44","SABD0000000001","AAV1.0.0.11","1.1.2.0","PSt7-10","170328-006","1/4/2020 10:31:52","0000-00","0","no battery","V"
"11/02/2020","11:24:08","1","default","640513929","OXY_CH1","9.759","min","169.216","µmol/L","Humid","22.272","deg","41849","µV","27.869","°C","1018.000","hPa","35.3","pmil","0","55.520","deg","20.000","°C","100.000","%a.s.","21.750","deg","20.000","°C","977.000","hPa","0.861","-0.02617","0.00035","0","0","13.56","Humid","24.85","0","70.00","287164.16","SABD0000000001","AAV1.0.0.11","1.1.2.0","PSt7-10","170328-006","1/4/2020 10:31:52","0000-00","0","no battery","V"
"11/02/2020","11:24:09","1","default","640513929","OXY_CH1","9.775","min","169.367","µmol/L","Humid","22.258","deg","41848","µV","27.879","°C","1018.000","hPa","35.3","pmil","0","55.520","deg","20.000","°C","100.000","%a.s.","21.750","deg","20.000","°C","977.000","hPa","0.861","-0.02617","0.00035","0","0","13.56","Humid","24.85","0","70.00","287149.25","SABD0000000001","AAV1.0.0.11","1.1.2.0","PSt7-10","170328-006","1/4/2020 10:31:52","0000-00","0","no battery","V"
"11/02/2020","11:24:10","1","default","640513929","OXY_CH1","9.792","min","169.327","µmol/L","Humid","22.265","deg","41857","µV","27.867","°C","1018.000","hPa","35.3","pmil","0","55.520","deg","20.000","°C","100.000","%a.s.","21.750","deg","20.000","°C","977.000","hPa","0.861","-0.02617","0.00035","0","0","13.56","Humid","24.85","0","70.00","287157.02","SABD0000000001","AAV1.0.0.11","1.1.2.0","PSt7-10","170328-006","1/4/2020 10:31:52","0000-00","0","no battery","V"
"11/02/2020","11:24:11","1","default","640513929","OXY_CH1","9.808","min","169.416","µmol/L","Humid","22.260","deg","41856","µV","27.864","°C","1018.000","hPa","35.3","pmil","0","55.520","deg","20.000","°C","100.000","%a.s.","21.750","deg","20.000","°C","977.000","hPa","0.861","-0.02617","0.00035","0","0","13.56","Humid","24.85","0","70.00","287144.67","SABD0000000001","AAV1.0.0.11","1.1.2.0","PSt7-10","170328-006","1/4/2020 10:31:52","0000-00","0","no battery","V"
"11/02/2020","11:24:12","1","default","640513929","OXY_CH1","9.825","min","169.288","µmol/L","Humid","22.267","deg","41867","µV","27.869","°C","1018.000","hPa","35.3","pmil","0","55.520","deg","20.000","°C","100.000","%a.s.","21.750","deg","20.000","°C","977.000","hPa","0.861","-0.02617","0.00035","0","0","13.56","Humid","24.85","0","70.00","287156.47","SABD0000000001","AAV1.0.0.11","1.1.2.0","PSt7-10","170328-006","1/4/2020 10:31:52","0000-00","0","no battery","V"
"11/02/2020","11:24:13","1","default","640513929","OXY_CH1","9.842","min","169.358","µmol/L","Humid","22.262","deg","41864","µV","27.870","°C","1018.000","hPa","35.3","pmil","0","55.520","deg","20.000","°C","100.000","%a.s.","21.750","deg","20.000","°C","977.000","hPa","0.861","-0.02617","0.00035","0","0","13.56","Humid","24.85","0","70.00","287154.51","SABD0000000001","AAV1.0.0.11","1.1.2.0","PSt7-10","170328-006","1/4/2020 10:31:52","0000-00","0","no battery","V"
"11/02/2020","11:24:14","1","default","640513929","OXY_CH1","9.859","min","169.190","µmol/L","Humid","22.268","deg","41858","µV","27.886","°C","1018.000","hPa","35.3","pmil","0","55.520","deg","20.000","°C","100.000","%a.s.","21.750","deg","20.000","°C","977.000","hPa","0.861","-0.02617","0.00035","0","0","13.56","Humid","24.85","0","70.00","287149.62","SABD0000000001","AAV1.0.0.11","1.1.2.0","PSt7-10","170328-006","1/4/2020 10:31:52","0000-00","0","no battery","V"
"11/02/2020","11:24:15","1","default","640513929","OXY_CH1","9.875","min","169.151","µmol/L","Humid","22.274","deg","41858","µV","27.876","°C","1018.000","hPa","35.3","pmil","0","55.520","deg","20.000","°C","100.000","%a.s.","21.750","deg","20.000","°C","977.000","hPa","0.861","-0.02617","0.00035","0","0","13.56","Humid","24.85","0","70.00","287130.26","SABD0000000001","AAV1.0.0.11","1.1.2.0","PSt7-10","170328-006","1/4/2020 10:31:52","0000-00","0","no battery","V"
"11/02/2020","11:24:16","1","default","640513929","OXY_CH1","9.892","min","169.335","µmol/L","Humid","22.263","deg","41858","µV","27.871","°C","1018.000","hPa","35.3","pmil","0","55.520","deg","20.000","°C","100.000","%a.s.","21.750","deg","20.000","°C","977.000","hPa","0.861","-0.02617","0.00035","0","0","13.56","Humid","24.85","0","70.00","287149.24","SABD0000000001","AAV1.0.0.11","1.1.2.0","PSt7-10","170328-006","1/4/2020 10:31:52","0000-00","0","no battery","V"
"11/02/2020","11:24:17","1","default","640513929","OXY_CH1","9.909","min","169.227","µmol/L","Humid","22.272","deg","41867","µV","27.867","°C","1018.000","hPa","35.3","pmil","0","55.520","deg","20.000","°C","100.000","%a.s.","21.750","deg","20.000","°C","977.000","hPa","0.861","-0.02617","0.00035","0","0","13.56","Humid","24.85","0","70.00","287149.66","SABD0000000001","AAV1.0.0.11","1.1.2.0","PSt7-10","170328-006","1/4/2020 10:31:52","0000-00","0","no battery","V"
"11/02/2020","11:24:18","1","default","640513929","OXY_CH1","9.926","min","169.180","µmol/L","Humid","22.273","deg","41866","µV","27.873","°C","1018.000","hPa","35.3","pmil","0","55.520","deg","20.000","°C","100.000","%a.s.","21.750","deg","20.000","°C","977.000","hPa","0.861","-0.02617","0.00035","0","0","13.56","Humid","24.85","0","70.00","287159.11","SABD0000000001","AAV1.0.0.11","1.1.2.0","PSt7-10","170328-006","1/4/2020 10:31:52","0000-00","0","no battery","V"
"11/02/2020","11:24:19","1","default","640513929","OXY_CH1","9.942","min","169.245","µmol/L","Humid","22.270","deg","41865","µV","27.869","°C","1018.000","hPa","35.3","pmil","0","55.520","deg","20.000","°C","100.000","%a.s.","21.750","deg","20.000","°C","977.000","hPa","0.861","-0.02617","0.00035","0","0","13.56","Humid","24.85","0","70.00","287156.27","SABD0000000001","AAV1.0.0.11","1.1.2.0","PSt7-10","170328-006","1/4/2020 10:31:52","0000-00","0","no battery","V"
"11/02/2020","11:24:20","1","default","640513929","OXY_CH1","9.958","min","169.193","µmol/L","Humid","22.275","deg","41871","µV","27.865","°C","1018.000","hPa","35.3","pmil","0","55.520","deg","20.000","°C","100.000","%a.s.","21.750","deg","20.000","°C","977.000","hPa","0.861","-0.02617","0.00035","0","0","13.56","Humid","24.85","0","70.00","287145.32","SABD0000000001","AAV1.0.0.11","1.1.2.0","PSt7-10","170328-006","1/4/2020 10:31:52","0000-00","0","no battery","V"
"11/02/2020","11:24:21","1","default","640513929","OXY_CH1","9.975","min","169.257","µmol/L","Humid","22.271","deg","41874","µV","27.864","°C","1018.000","hPa","35.3","pmil","0","55.520","deg","20.000","°C","100.000","%a.s.","21.750","deg","20.000","°C","977.000","hPa","0.861","-0.02617","0.00035","0","0","13.56","Humid","24.85","0","70.00","287141.64","SABD0000000001","AAV1.0.0.11","1.1.2.0","PSt7-10","170328-006","1/4/2020 10:31:52","0000-00","0","no battery","V"
"11/02/2020","11:24:22","1","default","640513929","OXY_CH1","9.992","min","169.255","µmol/L","Humid","22.272","deg","41876","µV","27.861","°C","1018.000","hPa","35.3","pmil","0","55.520","deg","20.000","°C","100.000","%a.s.","21.750","deg","20.000","°C","977.000","hPa","0.861","-0.02617","0.00035","0","0","13.56","Humid","24.85","0","70.00","287136.44","SABD0000000001","AAV1.0.0.11","1.1.2.0","PSt7-10","170328-006","1/4/2020 10:31:52","0000-00","0","no battery","V"
"11/02/2020","11:24:23","1","default","640513929","OXY_CH1","10.009","min","169.207","µmol/L","Humid","22.270","deg","41885","µV","27.876","°C","1018.000","hPa","35.3","pmil","0","55.520","deg","20.000","°C","100.000","%a.s.","21.750","deg","20.000","°C","977.000","hPa","0.861","-0.02617","0.00035","0","0","13.56","Humid","24.85","0","70.00","287149.38","SABD0000000001","AAV1.0.0.11","1.1.2.0","PSt7-10","170328-006","1/4/2020 10:31:52","0000-00","0","no battery","V"
"11/02/2020","11:24:24","1","default","640513929","OXY_CH1","10.025","min","169.228","µmol/L","Humid","22.270","deg","41884","µV","27.872","°C","1018.000","hPa","35.3","pmil","0","55.520","deg","20.000","°C","100.000","%a.s.","21.750","deg","20.000","°C","977.000","hPa","0.861","-0.02617","0.00035","0","0","13.56","Humid","24.85","0","70.00","287132.78","SABD0000000001","AAV1.0.0.11","1.1.2.0","PSt7-10","170328-006","1/4/2020 10:31:52","0000-00","0","no battery","V"
"11/02/2020","11:24:25","1","default","640513929","OXY_CH1","10.042","min","169.159","µmol/L","Humid","22.277","deg","41884","µV","27.866","°C","1018.000","hPa","35.3","pmil","0","55.520","deg","20.000","°C","100.000","%a.s.","21.750","deg","20.000","°C","977.000","hPa","0.861","-0.02617","0.00035","0","0","13.56","Humid","24.85","0","70.00","287136.23","SABD0000000001","AAV1.0.0.11","1.1.2.0","PSt7-10","170328-006","1/4/2020 10:31:52","0000-00","0","no battery","V"
"11/02/2020","11:24:26","1","default","640513929","OXY_CH1","10.059","min","169.177","µmol/L","Humid","22.276","deg","41891","µV","27.865","°C","1018.000","hPa","35.3","pmil","0","55.520","deg","20.000","°C","100.000","%a.s.","21.750","deg","20.000","°C","977.000","hPa","0.861","-0.02617","0.00035","0","0","13.56","Humid","24.85","0","70.00","287142.27","SABD0000000001","AAV1.0.0.11","1.1.2.0","PSt7-10","170328-006","1/4/2020 10:31:52","0000-00","0","no battery","V"
"11/02/2020","11:24:27","1","default","640513929","OXY_CH1","10.076","min","169.254","µmol/L","Humid","22.275","deg","41889","µV","27.853","°C","1018.000","hPa","35.3","pmil","0","55.520","deg","20.000","°C","100.000","%a.s.","21.750","deg","20.000","°C","977.000","hPa","0.861","-0.02617","0.00035","0","0","13.56","Humid","24.85","0","70.00","287138.54","SABD0000000001","AAV1.0.0.11","1.1.2.0","PSt7-10","170328-006","1/4/2020 10:31:52","0000-00","0","no battery","V"
"11/02/2020","11:24:28","1","default","640513929","OXY_CH1","10.092","min","169.166","µmol/L","Humid","22.279","deg","41896","µV","27.858","°C","1018.000","hPa","35.3","pmil","0","55.520","deg","20.000","°C","100.000","%a.s.","21.750","deg","20.000","°C","977.000","hPa","0.861","-0.02617","0.00035","0","0","13.56","Humid","24.85","0","70.00","287132.06","SABD0000000001","AAV1.0.0.11","1.1.2.0","PSt7-10","170328-006","1/4/2020 10:31:52","0000-00","0","no battery","V"
"11/02/2020","11:24:29","1","default","640513929","OXY_CH1","10.109","min","169.057","µmol/L","Humid","22.282","deg","41890","µV","27.871","°C","1018.000","hPa","35.3","pmil","0","55.520","deg","20.000","°C","100.000","%a.s.","21.750","deg","20.000","°C","977.000","hPa","0.861","-0.02617","0.00035","0","0","13.56","Humid","24.85","0","70.00","287132.11","SABD0000000001","AAV1.0.0.11","1.1.2.0","PSt7-10","170328-006","1/4/2020 10:31:52","0000-00","0","no battery","V"
"11/02/2020","11:24:30","1","default","640513929","OXY_CH1","10.125","min","169.020","µmol/L","Humid","22.289","deg","41897","µV","27.858","°C","1018.000","hPa","35.3","pmil","0","55.520","deg","20.000","°C","100.000","%a.s.","21.750","deg","20.000","°C","977.000","hPa","0.861","-0.02617","0.00035","0","0","13.56","Humid","24.85","0","70.00","287136.83","SABD0000000001","AAV1.0.0.11","1.1.2.0","PSt7-10","170328-006","1/4/2020 10:31:52","0000-00","0","no battery","V"
"11/02/2020","11:24:31","1","default","640513929","OXY_CH1","10.142","min","169.120","µmol/L","Humid","22.283","deg","41899","µV","27.856","°C","1018.000","hPa","35.3","pmil","0","55.520","deg","20.000","°C","100.000","%a.s.","21.750","deg","20.000","°C","977.000","hPa","0.861","-0.02617","0.00035","0","0","13.56","Humid","24.85","0","70.00","287149.54","SABD0000000001","AAV1.0.0.11","1.1.2.0","PSt7-10","170328-006","1/4/2020 10:31:52","0000-00","0","no battery","V"
"11/02/2020","11:24:32","1","default","640513929","OXY_CH1","10.158","min","169.209","µmol/L","Humid","22.276","deg","41900","µV","27.859","°C","1018.000","hPa","35.3","pmil","0","55.520","deg","20.000","°C","100.000","%a.s.","21.750","deg","20.000","°C","977.000","hPa","0.861","-0.02617","0.00035","0","0","13.56","Humid","24.85","0","70.00","287131.53","SABD0000000001","AAV1.0.0.11","1.1.2.0","PSt7-10","170328-006","1/4/2020 10:31:52","0000-00","0","no battery","V"
"11/02/2020","11:24:33","1","default","640513929","OXY_CH1","10.175","min","169.046","µmol/L","Humid","22.284","deg","41907","µV","27.868","°C","1018.000","hPa","35.3","pmil","0","55.520","deg","20.000","°C","100.000","%a.s.","21.750","deg","20.000","°C","977.000","hPa","0.861","-0.02617","0.00035","0","0","13.56","Humid","24.85","0","70.00","287137.55","SABD0000000001","AAV1.0.0.11","1.1.2.0","PSt7-10","170328-006","1/4/2020 10:31:52","0000-00","0","no battery","V"
"11/02/2020","11:24:34","1","default","640513929","OXY_CH1","10.192","min","169.061","µmol/L","Humid","22.286","deg","41899","µV","27.859","°C","1018.000","hPa","35.3","pmil","0","55.520","deg","20.000","°C","100.000","%a.s.","21.750","deg","20.000","°C","977.000","hPa","0.861","-0.02617","0.00035","0","0","13.56","Humid","24.85","0","70.00","287128.75","SABD0000000001","AAV1.0.0.11","1.1.2.0","PSt7-10","170328-006","1/4/2020 10:31:52","0000-00","0","no battery","V"
"11/02/2020","11:24:35","1","default","640513929","OXY_CH1","10.209","min","168.977","µmol/L","Humid","22.289","deg","41901","µV","27.867","°C","1018.000","hPa","35.3","pmil","0","55.520","deg","20.000","°C","100.000","%a.s.","21.750","deg","20.000","°C","977.000","hPa","0.861","-0.02617","0.00035","0","0","13.56","Humid","24.85","0","70.00","287129.41","SABD0000000001","AAV1.0.0.11","1.1.2.0","PSt7-10","170328-006","1/4/2020 10:31:52","0000-00","0","no battery","V"
"11/02/2020","11:24:36","1","default","640513929","OXY_CH1","10.225","min","169.110","µmol/L","Humid","22.284","deg","41904","µV","27.855","°C","1018.000","hPa","35.3","pmil","0","55.520","deg","20.000","°C","100.000","%a.s.","21.750","deg","20.000","°C","977.000","hPa","0.861","-0.02617","0.00035","0","0","13.56","Humid","24.85","0","70.00","287130.87","SABD0000000001","AAV1.0.0.11","1.1.2.0","PSt7-10","170328-006","1/4/2020 10:31:52","0000-00","0","no battery","V"
"11/02/2020","11:24:37","1","default","640513929","OXY_CH1","10.242","min","168.920","µmol/L","Humid","22.293","deg","41905","µV","27.867","°C","1018.000","hPa","35.3","pmil","0","55.520","deg","20.000","°C","100.000","%a.s.","21.750","deg","20.000","°C","977.000","hPa","0.861","-0.02617","0.00035","0","0","13.56","Humid","24.85","0","70.00","287130.09","SABD0000000001","AAV1.0.0.11","1.1.2.0","PSt7-10","170328-006","1/4/2020 10:31:52","0000-00","0","no battery","V"
"11/02/2020","11:24:38","1","default","640513929","OXY_CH1","10.259","min","169.074","µmol/L","Humid","22.287","deg","41915","µV","27.854","°C","1018.000","hPa","35.3","pmil","0","55.520","deg","20.000","°C","100.000","%a.s.","21.750","deg","20.000","°C","977.000","hPa","0.861","-0.02617","0.00035","0","0","13.56","Humid","24.85","0","70.00","287136.74","SABD0000000001","AAV1.0.0.11","1.1.2.0","PSt7-10","170328-006","1/4/2020 10:31:52","0000-00","0","no battery","V"
"11/02/2020","11:24:39","1","default","640513929","OXY_CH1","10.276","min","169.012","µmol/L","Humid","22.292","deg","41912","µV","27.851","°C","1018.000","hPa","35.3","pmil","0","55.520","deg","20.000","°C","100.000","%a.s.","21.750","deg","20.000","°C","977.000","hPa","0.861","-0.02617","0.00035","0","0","13.56","Humid","24.85","0","70.00","287128.88","SABD0000000001","AAV1.0.0.11","1.1.2.0","PSt7-10","170328-006","1/4/2020 10:31:52","0000-00","0","no battery","V"
"11/02/2020","11:24:40","1","default","640513929","OXY_CH1","10.292","min","169.066","µmol/L","Humid","22.288","deg","41914","µV","27.852","°C","1018.000","hPa","35.3","pmil","0","55.520","deg","20.000","°C","100.000","%a.s.","21.750","deg","20.000","°C","977.000","hPa","0.861","-0.02617","0.00035","0","0","13.56","Humid","24.85","0","70.00","287141.27","SABD0000000001","AAV1.0.0.11","1.1.2.0","PSt7-10","170328-006","1/4/2020 10:31:52","0000-00","0","no battery","V"
"11/02/2020","11:24:41","1","default","640513929","OXY_CH1","10.308","min","168.941","µmol/L","Humid","22.293","deg","41912","µV","27.863","°C","1018.000","hPa","35.3","pmil","0","55.520","deg","20.000","°C","100.000","%a.s.","21.750","deg","20.000","°C","977.000","hPa","0.861","-0.02617","0.00035","0","0","13.56","Humid","24.85","0","70.00","287130.09","SABD0000000001","AAV1.0.0.11","1.1.2.0","PSt7-10","170328-006","1/4/2020 10:31:52","0000-00","0","no battery","V"
"11/02/2020","11:24:42","1","default","640513929","OXY_CH1","10.325","min","168.995","µmol/L","Humid","22.293","deg","41921","µV","27.852","°C","1018.000","hPa","35.3","pmil","0","55.520","deg","20.000","°C","100.000","%a.s.","21.750","deg","20.000","°C","977.000","hPa","0.861","-0.02617","0.00035","0","0","13.56","Humid","24.85","0","70.00","287141.46","SABD0000000001","AAV1.0.0.11","1.1.2.0","PSt7-10","170328-006","1/4/2020 10:31:52","0000-00","0","no battery","V"
"11/02/2020","11:24:43","1","default","640513929","OXY_CH1","10.342","min","168.999","µmol/L","Humid","22.292","deg","41919","µV","27.854","°C","1018.000","hPa","35.3","pmil","0","55.520","deg","20.000","°C","100.000","%a.s.","21.750","deg","20.000","°C","977.000","hPa","0.861","-0.02617","0.00035","0","0","13.56","Humid","24.85","0","70.00","287132.50","SABD0000000001","AAV1.0.0.11","1.1.2.0","PSt7-10","170328-006","1/4/2020 10:31:52","0000-00","0","no battery","V"
"11/02/2020","11:24:44","1","default","640513929","OXY_CH1","10.359","min","168.959","µmol/L","Humid","22.295","deg","41920","µV","27.853","°C","1018.000","hPa","35.3","pmil","0","55.520","deg","20.000","°C","100.000","%a.s.","21.750","deg","20.000","°C","977.000","hPa","0.861","-0.02617","0.00035","0","0","13.56","Humid","24.85","0","70.00","287126.95","SABD0000000001","AAV1.0.0.11","1.1.2.0","PSt7-10","170328-006","1/4/2020 10:31:52","0000-00","0","no battery","V"
"11/02/2020","11:24:45","1","default","640513929","OXY_CH1","10.375","min","168.935","µmol/L","Humid","22.296","deg","41921","µV","27.855","°C","1018.000","hPa","35.3","pmil","0","55.520","deg","20.000","°C","100.000","%a.s.","21.750","deg","20.000","°C","977.000","hPa","0.861","-0.02617","0.00035","0","0","13.56","Humid","24.85","0","70.00","287132.33","SABD0000000001","AAV1.0.0.11","1.1.2.0","PSt7-10","170328-006","1/4/2020 10:31:52","0000-00","0","no battery","V"
"11/02/2020","11:24:46","1","default","640513929","OXY_CH1","10.392","min","168.981","µmol/L","Humid","22.295","deg","41927","µV","27.849","°C","1018.000","hPa","35.3","pmil","0","55.520","deg","20.000","°C","100.000","%a.s.","21.750","deg","20.000","°C","977.000","hPa","0.861","-0.02617","0.00035","0","0","13.56","Humid","24.85","0","70.00","287123.55","SABD0000000001","AAV1.0.0.11","1.1.2.0","PSt7-10","170328-006","1/4/2020 10:31:52","0000-00","0","no battery","V"
"11/02/2020","11:24:47","1","default","640513929","OXY_CH1","10.409","min","168.974","µmol/L","Humid","22.298","deg","41925","µV","27.842","°C","1018.000","hPa","35.3","pmil","0","55.520","deg","20.000","°C","100.000","%a.s.","21.750","deg","20.000","°C","977.000","hPa","0.861","-0.02617","0.00035","0","0","13.56","Humid","24.85","0","70.00","287125.44","SABD0000000001","AAV1.0.0.11","1.1.2.0","PSt7-10","170328-006","1/4/2020 10:31:52","0000-00","0","no battery","V"
"11/02/2020","11:24:48","1","default","640513929","OXY_CH1","10.426","min","168.925","µmol/L","Humid","22.302","deg","41930","µV","27.840","°C","1018.000","hPa","35.3","pmil","0","55.520","deg","20.000","°C","100.000","%a.s.","21.750","deg","20.000","°C","977.000","hPa","0.861","-0.02617","0.00035","0","0","13.56","Humid","24.85","0","70.00","287128.32","SABD0000000001","AAV1.0.0.11","1.1.2.0","PSt7-10","170328-006","1/4/2020 10:31:52","0000-00","0","no battery","V"
"11/02/2020","11:24:49","1","default","640513929","OXY_CH1","10.442","min","168.929","µmol/L","Humid","22.300","deg","41930","µV","27.845","°C","1018.000","hPa","35.3","pmil","0","55.520","deg","20.000","°C","100.000","%a.s.","21.750","deg","20.000","°C","977.000","hPa","0.861","-0.02617","0.00035","0","0","13.56","Humid","24.85","0","70.00","287134.68","SABD0000000001","AAV1.0.0.11","1.1.2.0","PSt7-10","170328-006","1/4/2020 10:31:52","0000-00","0","no battery","V"
"11/02/2020","11:24:50","1","default","640513929","OXY_CH1","10.458","min","168.949","µmol/L","Humid","22.299","deg","41932","µV","27.844","°C","1018.000","hPa","35.3","pmil","0","55.520","deg","20.000","°C","100.000","%a.s.","21.750","deg","20.000","°C","977.000","hPa","0.861","-0.02617","0.00035","0","0","13.56","Humid","24.85","0","70.00","287122.57","SABD0000000001","AAV1.0.0.11","1.1.2.0","PSt7-10","170328-006","1/4/2020 10:31:52","0000-00","0","no battery","V"
"11/02/2020","11:24:51","1","default","640513929","OXY_CH1","10.475","min","168.842","µmol/L","Humid","22.307","deg","41933","µV","27.842","°C","1018.000","hPa","35.3","pmil","0","55.520","deg","20.000","°C","100.000","%a.s.","21.750","deg","20.000","°C","977.000","hPa","0.861","-0.02617","0.00035","0","0","13.56","Humid","24.85","0","70.00","287126.55","SABD0000000001","AAV1.0.0.11","1.1.2.0","PSt7-10","170328-006","1/4/2020 10:31:52","0000-00","0","no battery","V"
"11/02/2020","11:24:52","1","default","640513929","OXY_CH1","10.492","min","168.739","µmol/L","Humid","22.307","deg","41935","µV","27.862","°C","1018.000","hPa","35.3","pmil","0","55.520","deg","20.000","°C","100.000","%a.s.","21.750","deg","20.000","°C","977.000","hPa","0.861","-0.02617","0.00035","0","0","13.56","Humid","24.85","0","70.00","287120.74","SABD0000000001","AAV1.0.0.11","1.1.2.0","PSt7-10","170328-006","1/4/2020 10:31:52","0000-00","0","no battery","V"
"11/02/2020","11:24:53","1","default","640513929","OXY_CH1","10.509","min","168.633","µmol/L","Humid","22.311","deg","41933","µV","27.872","°C","1018.000","hPa","35.3","pmil","0","55.520","deg","20.000","°C","100.000","%a.s.","21.750","deg","20.000","°C","977.000","hPa","0.861","-0.02617","0.00035","0","0","13.56","Humid","24.85","0","70.00","287120.99","SABD0000000001","AAV1.0.0.11","1.1.2.0","PSt7-10","170328-006","1/4/2020 10:31:52","0000-00","0","no battery","V"
"11/02/2020","11:24:54","1","default","640513929","OXY_CH1","10.525","min","168.853","µmol/L","Humid","22.306","deg","41931","µV","27.842","°C","1018.000","hPa","35.3","pmil","0","55.520","deg","20.000","°C","100.000","%a.s.","21.750","deg","20.000","°C","977.000","hPa","0.861","-0.02617","0.00035","0","0","13.56","Humid","24.85","0","70.00","287122.60","SABD0000000001","AAV1.0.0.11","1.1.2.0","PSt7-10","170328-006","1/4/2020 10:31:52","0000-00","0","no battery","V"
"11/02/2020","11:24:55","1","default","640513929","OXY_CH1","10.542","min","168.746","µmol/L","Humid","22.310","deg","41932","µV","27.852","°C","1018.000","hPa","35.3","pmil","0","55.520","deg","20.000","°C","100.000","%a.s.","21.750","deg","20.000","°C","977.000","hPa","0.861","-0.02617","0.00035","0","0","13.56","Humid","24.85","0","70.00","287120.47","SABD0000000001","AAV1.0.0.11","1.1.2.0","PSt7-10","170328-006","1/4/2020 10:31:52","0000-00","0","no battery","V"
"11/02/2020","11:24:56","1","default","640513929","OXY_CH1","10.559","min","168.963","µmol/L","Humid","22.297","deg","41938","µV","27.847","°C","1018.000","hPa","35.3","pmil","0","55.520","deg","20.000","°C","100.000","%a.s.","21.750","deg","20.000","°C","977.000","hPa","0.861","-0.02617","0.00035","0","0","13.56","Humid","24.85","0","70.00","287125.23","SABD0000000001","AAV1.0.0.11","1.1.2.0","PSt7-10","170328-006","1/4/2020 10:31:52","0000-00","0","no battery","V"
"11/02/2020","11:24:57","1","default","640513929","OXY_CH1","10.576","min","168.916","µmol/L","Humid","22.301","deg","41943","µV","27.844","°C","1018.000","hPa","35.3","pmil","0","55.520","deg","20.000","°C","100.000","%a.s.","21.750","deg","20.000","°C","977.000","hPa","0.861","-0.02617","0.00035","0","0","13.56","Humid","24.85","0","70.00","287125.92","SABD0000000001","AAV1.0.0.11","1.1.2.0","PSt7-10","170328-006","1/4/2020 10:31:52","0000-00","0","no battery","V"
"11/02/2020","11:24:58","1","default","640513929","OXY_CH1","10.592","min","168.791","µmol/L","Humid","22.309","deg","41941","µV","27.846","°C","1018.000","hPa","35.3","pmil","0","55.520","deg","20.000","°C","100.000","%a.s.","21.750","deg","20.000","°C","977.000","hPa","0.861","-0.02617","0.00035","0","0","13.56","Humid","24.85","0","70.00","287115.06","SABD0000000001","AAV1.0.0.11","1.1.2.0","PSt7-10","170328-006","1/4/2020 10:31:52","0000-00","0","no battery","V"
"11/02/2020","11:24:59","1","default","640513929","OXY_CH1","10.609","min","168.791","µmol/L","Humid","22.312","deg","41941","µV","27.837","°C","1018.000","hPa","35.3","pmil","0","55.520","deg","20.000","°C","100.000","%a.s.","21.750","deg","20.000","°C","977.000","hPa","0.861","-0.02617","0.00035","0","0","13.56","Humid","24.85","0","70.00","287115.22","SABD0000000001","AAV1.0.0.11","1.1.2.0","PSt7-10","170328-006","1/4/2020 10:31:52","0000-00","0","no battery","V"
"11/02/2020","11:25:00","1","default","640513929","OXY_CH1","10.625","min","168.825","µmol/L","Humid","22.309","deg","41937","µV","27.839","°C","1018.000","hPa","35.3","pmil","0","55.520","deg","20.000","°C","100.000","%a.s.","21.750","deg","20.000","°C","977.000","hPa","0.861","-0.02617","0.00035","0","0","13.56","Humid","24.85","0","70.00","287126.79","SABD0000000001","AAV1.0.0.11","1.1.2.0","PSt7-10","170328-006","1/4/2020 10:31:52","0000-00","0","no battery","V"
"11/02/2020","11:25:01","1","default","640513929","OXY_CH1","10.642","min","168.843","µmol/L","Humid","22.307","deg","41948","µV","27.842","°C","1018.000","hPa","35.3","pmil","0","55.520","deg","20.000","°C","100.000","%a.s.","21.750","deg","20.000","°C","977.000","hPa","0.861","-0.02617","0.00035","0","0","13.56","Humid","24.85","0","70.00","287111.34","SABD0000000001","AAV1.0.0.11","1.1.2.0","PSt7-10","170328-006","1/4/2020 10:31:52","0000-00","0","no battery","V"
"11/02/2020","11:25:02","1","default","640513929","OXY_CH1","10.658","min","168.753","µmol/L","Humid","22.312","deg","41946","µV","27.845","°C","1018.000","hPa","35.3","pmil","0","55.520","deg","20.000","°C","100.000","%a.s.","21.750","deg","20.000","°C","977.000","hPa","0.861","-0.02617","0.00035","0","0","13.56","Humid","24.85","0","70.00","287111.61","SABD0000000001","AAV1.0.0.11","1.1.2.0","PSt7-10","170328-006","1/4/2020 10:31:52","0000-00","0","no battery","V"
"11/02/2020","11:25:03","1","default","640513929","OXY_CH1","10.675","min","168.707","µmol/L","Humid","22.313","deg","41940","µV","27.851","°C","1018.000","hPa","35.3","pmil","0","55.520","deg","20.000","°C","100.000","%a.s.","21.750","deg","20.000","°C","977.000","hPa","0.861","-0.02617","0.00035","0","0","13.56","Humid","24.85","0","70.00","287116.96","SABD0000000001","AAV1.0.0.11","1.1.2.0","PSt7-10","170328-006","1/4/2020 10:31:52","0000-00","0","no battery","V"
"11/02/2020","11:25:04","1","default","640513929","OXY_CH1","10.692","min","168.798","µmol/L","Humid","22.314","deg","41950","µV","27.830","°C","1018.000","hPa","35.3","pmil","0","55.520","deg","20.000","°C","100.000","%a.s.","21.750","deg","20.000","°C","977.000","hPa","0.861","-0.02617","0.00035","0","0","13.56","Humid","24.85","0","70.00","287115.70","SABD0000000001","AAV1.0.0.11","1.1.2.0","PSt7-10","170328-006","1/4/2020 10:31:52","0000-00","0","no battery","V"
"11/02/2020","11:25:05","1","default","640513929","OXY_CH1","10.709","min","168.785","µmol/L","Humid","22.312","deg","41955","µV","27.839","°C","1018.000","hPa","35.3","pmil","0","55.520","deg","20.000","°C","100.000","%a.s.","21.750","deg","20.000","°C","977.000","hPa","0.861","-0.02617","0.00035","0","0","13.56","Humid","24.85","0","70.00","287107.31","SABD0000000001","AAV1.0.0.11","1.1.2.0","PSt7-10","170328-006","1/4/2020 10:31:52","0000-00","0","no battery","V"
"11/02/2020","11:25:06","1","default","640513929","OXY_CH1","10.726","min","168.784","µmol/L","Humid","22.316","deg","41952","µV","27.827","°C","1018.000","hPa","35.3","pmil","0","55.520","deg","20.000","°C","100.000","%a.s.","21.750","deg","20.000","°C","977.000","hPa","0.861","-0.02617","0.00035","0","0","13.56","Humid","24.85","0","70.00","287113.79","SABD0000000001","AAV1.0.0.11","1.1.2.0","PSt7-10","170328-006","1/4/2020 10:31:52","0000-00","0","no battery","V"
"11/02/2020","11:25:07","1","default","640513929","OXY_CH1","10.742","min","168.677","µmol/L","Humid","22.321","deg","41955","µV","27.834","°C","1018.000","hPa","35.3","pmil","0","55.520","deg","20.000","°C","100.000","%a.s.","21.750","deg","20.000","°C","977.000","hPa","0.861","-0.02617","0.00035","0","0","13.56","Humid","24.85","0","70.00","287107.42","SABD0000000001","AAV1.0.0.11","1.1.2.0","PSt7-10","170328-006","1/4/2020 10:31:52","0000-00","0","no battery","V"
"11/02/2020","11:25:08","1","default","640513929","OXY_CH1","10.759","min","168.692","µmol/L","Humid","22.319","deg","41950","µV","27.837","°C","1018.000","hPa","35.3","pmil","0","55.520","deg","20.000","°C","100.000","%a.s.","21.750","deg","20.000","°C","977.000","hPa","0.861","-0.02617","0.00035","0","0","13.56","Humid","24.85","0","70.00","287111.02","SABD0000000001","AAV1.0.0.11","1.1.2.0","PSt7-10","170328-006","1/4/2020 10:31:52","0000-00","0","no battery","V"
"11/02/2020","11:25:09","1","default","640513929","OXY_CH1","10.775","min","168.781","µmol/L","Humid","22.318","deg","41957","µV","27.822","°C","1018.000","hPa","35.3","pmil","0","55.520","deg","20.000","°C","100.000","%a.s.","21.750","deg","20.000","°C","977.000","hPa","0.861","-0.02617","0.00035","0","0","13.56","Humid","24.85","0","70.00","287111.74","SABD0000000001","AAV1.0.0.11","1.1.2.0","PSt7-10","170328-006","1/4/2020 10:31:52","0000-00","0","no battery","V"
"11/02/2020","11:25:10","1","default","640513929","OXY_CH1","10.792","min","168.713","µmol/L","Humid","22.321","deg","41963","µV","27.827","°C","1018.000","hPa","35.3","pmil","0","55.520","deg","20.000","°C","100.000","%a.s.","21.750","deg","20.000","°C","977.000","hPa","0.861","-0.02617","0.00035","0","0","13.56","Humid","24.85","0","70.00","287106.78","SABD0000000001","AAV1.0.0.11","1.1.2.0","PSt7-10","170328-006","1/4/2020 10:31:52","0000-00","0","no battery","V"
"11/02/2020","11:25:11","1","default","640513929","OXY_CH1","10.808","min","168.563","µmol/L","Humid","22.323","deg","41961","µV","27.851","°C","1018.000","hPa","35.3","pmil","0","55.520","deg","20.000","°C","100.000","%a.s.","21.750","deg","20.000","°C","977.000","hPa","0.861","-0.02617","0.00035","0","0","13.56","Humid","24.85","0","70.00","287104.78","SABD0000000001","AAV1.0.0.11","1.1.2.0","PSt7-10","170328-006","1/4/2020 10:31:52","0000-00","0","no battery","V"
"11/02/2020","11:25:12","1","default","640513929","OXY_CH1","10.825","min","168.536","µmol/L","Humid","22.326","deg","41957","µV","27.848","°C","1018.000","hPa","35.3","pmil","0","55.520","deg","20.000","°C","100.000","%a.s.","21.750","deg","20.000","°C","977.000","hPa","0.861","-0.02617","0.00035","0","0","13.56","Humid","24.85","0","70.00","287112.87","SABD0000000001","AAV1.0.0.11","1.1.2.0","PSt7-10","170328-006","1/4/2020 10:31:52","0000-00","0","no battery","V"
"11/02/2020","11:25:13","1","default","640513929","OXY_CH1","10.842","min","168.567","µmol/L","Humid","22.326","deg","41961","µV","27.842","°C","1018.000","hPa","35.3","pmil","0","55.520","deg","20.000","°C","100.000","%a.s.","21.750","deg","20.000","°C","977.000","hPa","0.861","-0.02617","0.00035","0","0","13.56","Humid","24.85","0","70.00","287113.18","SABD0000000001","AAV1.0.0.11","1.1.2.0","PSt7-10","170328-006","1/4/2020 10:31:52","0000-00","0","no battery","V"
"11/02/2020","11:25:14","1","default","640513929","OXY_CH1","10.859","min","168.696","µmol/L","Humid","22.318","deg","41965","µV","27.839","°C","1018.000","hPa","35.3","pmil","0","55.520","deg","20.000","°C","100.000","%a.s.","21.750","deg","20.000","°C","977.000","hPa","0.861","-0.02617","0.00035","0","0","13.56","Humid","24.85","0","70.00","287113.85","SABD0000000001","AAV1.0.0.11","1.1.2.0","PSt7-10","170328-006","1/4/2020 10:31:52","0000-00","0","no battery","V"
"11/02/2020","11:25:15","1","default","640513929","OXY_CH1","10.875","min","168.605","µmol/L","Humid","22.327","deg","41973","µV","27.831","°C","1018.000","hPa","35.3","pmil","0","55.520","deg","20.000","°C","100.000","%a.s.","21.750","deg","20.000","°C","977.000","hPa","0.861","-0.02617","0.00035","0","0","13.56","Humid","24.85","0","70.00","287113.74","SABD0000000001","AAV1.0.0.11","1.1.2.0","PSt7-10","170328-006","1/4/2020 10:31:52","0000-00","0","no battery","V"
"11/02/2020","11:25:16","1","default","640513929","OXY_CH1","10.892","min","168.477","µmol/L","Humid","22.333","deg","41973","µV","27.839","°C","1018.000","hPa","35.3","pmil","0","55.520","deg","20.000","°C","100.000","%a.s.","21.750","deg","20.000","°C","977.000","hPa","0.861","-0.02617","0.00035","0","0","13.56","Humid","24.85","0","70.00","287110.53","SABD0000000001","AAV1.0.0.11","1.1.2.0","PSt7-10","170328-006","1/4/2020 10:31:52","0000-00","0","no battery","V"
"11/02/2020","11:25:17","1","default","640513929","OXY_CH1","10.909","min","168.533","µmol/L","Humid","22.330","deg","41980","µV","27.837","°C","1018.000","hPa","35.3","pmil","0","55.520","deg","20.000","°C","100.000","%a.s.","21.750","deg","20.000","°C","977.000","hPa","0.861","-0.02617","0.00035","0","0","13.56","Humid","24.85","0","70.00","287110.96","SABD0000000001","AAV1.0.0.11","1.1.2.0","PSt7-10","170328-006","1/4/2020 10:31:52","0000-00","0","no battery","V"
"11/02/2020","11:25:18","1","default","640513929","OXY_CH1","10.926","min","168.601","µmol/L","Humid","22.326","deg","41983","µV","27.835","°C","1018.000","hPa","35.3","pmil","0","55.520","deg","20.000","°C","100.000","%a.s.","21.750","deg","20.000","°C","977.000","hPa","0.861","-0.02617","0.00035","0","0","13.56","Humid","24.85","0","70.00","287107.73","SABD0000000001","AAV1.0.0.11","1.1.2.0","PSt7-10","170328-006","1/4/2020 10:31:52","0000-00","0","no battery","V"
"11/02/2020","11:25:19","1","default","640513929","OXY_CH1","10.942","min","168.700","µmol/L","Humid","22.320","deg","41984","µV","27.832","°C","1018.000","hPa","35.3","pmil","0","55.520","deg","20.000","°C","100.000","%a.s.","21.750","deg","20.000","°C","977.000","hPa","0.861","-0.02617","0.00035","0","0","13.56","Humid","24.85","0","70.00","287091.43","SABD0000000001","AAV1.0.0.11","1.1.2.0","PSt7-10","170328-006","1/4/2020 10:31:52","0000-00","0","no battery","V"
"11/02/2020","11:25:20","1","default","640513929","OXY_CH1","10.959","min","168.527","µmol/L","Humid","22.330","deg","41981","µV","27.838","°C","1018.000","hPa","35.3","pmil","0","55.520","deg","20.000","°C","100.000","%a.s.","21.750","deg","20.000","°C","977.000","hPa","0.861","-0.02617","0.00035","0","0","13.56","Humid","24.85","0","70.00","287104.49","SABD0000000001","AAV1.0.0.11","1.1.2.0","PSt7-10","170328-006","1/4/2020 10:31:52","0000-00","0","no battery","V"
"11/02/2020","11:25:21","1","default","640513929","OXY_CH1","10.976","min","168.466","µmol/L","Humid","22.336","deg","41980","µV","27.833","°C","1018.000","hPa","35.3","pmil","0","55.520","deg","20.000","°C","100.000","%a.s.","21.750","deg","20.000","°C","977.000","hPa","0.861","-0.02617","0.00035","0","0","13.56","Humid","24.85","0","70.00","287113.95","SABD0000000001","AAV1.0.0.11","1.1.2.0","PSt7-10","170328-006","1/4/2020 10:31:52","0000-00","0","no battery","V"
"11/02/2020","11:25:22","1","default","640513929","OXY_CH1","10.992","min","168.769","µmol/L","Humid","22.322","deg","41983","µV","27.813","°C","1018.000","hPa","35.3","pmil","0","55.520","deg","20.000","°C","100.000","%a.s.","21.750","deg","20.000","°C","977.000","hPa","0.861","-0.02617","0.00035","0","0","13.56","Humid","24.85","0","70.00","287096.17","SABD0000000001","AAV1.0.0.11","1.1.2.0","PSt7-10","170328-006","1/4/2020 10:31:52","0000-00","0","no battery","V"
"11/02/2020","11:25:23","1","default","640513929","OXY_CH1","11.009","min","168.700","µmol/L","Humid","22.327","deg","41983","µV","27.812","°C","1018.000","hPa","35.3","pmil","0","55.520","deg","20.000","°C","100.000","%a.s.","21.750","deg","20.000","°C","977.000","hPa","0.861","-0.02617","0.00035","0","0","13.56","Humid","24.85","0","70.00","287104.13","SABD0000000001","AAV1.0.0.11","1.1.2.0","PSt7-10","170328-006","1/4/2020 10:31:52","0000-00","0","no battery","V"
"11/02/2020","11:25:24","1","default","640513929","OXY_CH1","11.025","min","168.652","µmol/L","Humid","22.329","deg","41982","µV","27.816","°C","1018.000","hPa","35.3","pmil","0","55.520","deg","20.000","°C","100.000","%a.s.","21.750","deg","20.000","°C","977.000","hPa","0.861","-0.02617","0.00035","0","0","13.56","Humid","24.85","0","70.00","287104.11","SABD0000000001","AAV1.0.0.11","1.1.2.0","PSt7-10","170328-006","1/4/2020 10:31:52","0000-00","0","no battery","V"
"11/02/2020","11:25:25","1","default","640513929","OXY_CH1","11.042","min","168.571","µmol/L","Humid","22.331","deg","41988","µV","27.826","°C","1018.000","hPa","35.3","pmil","0","55.520","deg","20.000","°C","100.000","%a.s.","21.750","deg","20.000","°C","977.000","hPa","0.861","-0.02617","0.00035","0","0","13.56","Humid","24.85","0","70.00","287107.95","SABD0000000001","AAV1.0.0.11","1.1.2.0","PSt7-10","170328-006","1/4/2020 10:31:52","0000-00","0","no battery","V"
"11/02/2020","11:25:26","1","default","640513929","OXY_CH1","11.058","min","168.658","µmol/L","Humid","22.328","deg","41986","µV","27.818","°C","1018.000","hPa","35.3","pmil","0","55.520","deg","20.000","°C","100.000","%a.s.","21.750","deg","20.000","°C","977.000","hPa","0.861","-0.02617","0.00035","0","0","13.56","Humid","24.85","0","70.00","287102.11","SABD0000000001","AAV1.0.0.11","1.1.2.0","PSt7-10","170328-006","1/4/2020 10:31:52","0000-00","0","no battery","V"
"11/02/2020","11:25:27","1","default","640513929","OXY_CH1","11.075","min","168.633","µmol/L","Humid","22.329","deg","42000","µV","27.820","°C","1018.000","hPa","35.3","pmil","0","55.520","deg","20.000","°C","100.000","%a.s.","21.750","deg","20.000","°C","977.000","hPa","0.861","-0.02617","0.00035","0","0","13.56","Humid","24.85","0","70.00","287107.46","SABD0000000001","AAV1.0.0.11","1.1.2.0","PSt7-10","170328-006","1/4/2020 10:31:52","0000-00","0","no battery","V"
"11/02/2020","11:25:28","1","default","640513929","OXY_CH1","11.092","min","168.526","µmol/L","Humid","22.340","deg","41997","µV","27.809","°C","1018.000","hPa","35.3","pmil","0","55.520","deg","20.000","°C","100.000","%a.s.","21.750","deg","20.000","°C","977.000","hPa","0.861","-0.02617","0.00035","0","0","13.56","Humid","24.85","0","70.00","287100.52","SABD0000000001","AAV1.0.0.11","1.1.2.0","PSt7-10","170328-006","1/4/2020 10:31:52","0000-00","0","no battery","V"
"11/02/2020","11:25:29","1","default","640513929","OXY_CH1","11.109","min","168.588","µmol/L","Humid","22.337","deg","42002","µV","27.805","°C","1018.000","hPa","35.3","pmil","0","55.520","deg","20.000","°C","100.000","%a.s.","21.750","deg","20.000","°C","977.000","hPa","0.861","-0.02617","0.00035","0","0","13.56","Humid","24.85","0","70.00","287095.01","SABD0000000001","AAV1.0.0.11","1.1.2.0","PSt7-10","170328-006","1/4/2020 10:31:52","0000-00","0","no battery","V"
"11/02/2020","11:25:30","1","default","640513929","OXY_CH1","11.126","min","168.464","µmol/L","Humid","22.335","deg","42001","µV","27.836","°C","1018.000","hPa","35.3","pmil","0","55.520","deg","20.000","°C","100.000","%a.s.","21.750","deg","20.000","°C","977.000","hPa","0.861","-0.02617","0.00035","0","0","13.56","Humid","24.85","0","70.00","287096.27","SABD0000000001","AAV1.0.0.11","1.1.2.0","PSt7-10","170328-006","1/4/2020 10:31:52","0000-00","0","no battery","V"
"11/02/2020","11:25:31","1","default","640513929","OXY_CH1","11.142","min","168.412","µmol/L","Humid","22.343","deg","42006","µV","27.823","°C","1018.000","hPa","35.3","pmil","0","55.520","deg","20.000","°C","100.000","%a.s.","21.750","deg","20.000","°C","977.000","hPa","0.861","-0.02617","0.00035","0","0","13.56","Humid","24.85","0","70.00","287085.45","SABD0000000001","AAV1.0.0.11","1.1.2.0","PSt7-10","170328-006","1/4/2020 10:31:52","0000-00","0","no battery","V"
"11/02/2020","11:25:32","1","default","640513929","OXY_CH1","11.159","min","168.528","µmol/L","Humid","22.335","deg","42006","µV","27.823","°C","1018.000","hPa","35.3","pmil","0","55.520","deg","20.000","°C","100.000","%a.s.","21.750","deg","20.000","°C","977.000","hPa","0.861","-0.02617","0.00035","0","0","13.56","Humid","24.85","0","70.00","287092.89","SABD0000000001","AAV1.0.0.11","1.1.2.0","PSt7-10","170328-006","1/4/2020 10:31:52","0000-00","0","no battery","V"
"11/02/2020","11:25:33","1","default","640513929","OXY_CH1","11.175","min","168.350","µmol/L","Humid","22.349","deg","42008","µV","27.818","°C","1018.000","hPa","35.3","pmil","0","55.520","deg","20.000","°C","100.000","%a.s.","21.750","deg","20.000","°C","977.000","hPa","0.861","-0.02617","0.00035","0","0","13.56","Humid","24.85","0","70.00","287093.71","SABD0000000001","AAV1.0.0.11","1.1.2.0","PSt7-10","170328-006","1/4/2020 10:31:52","0000-00","0","no battery","V"
"11/02/2020","11:25:34","1","default","640513929","OXY_CH1","11.192","min","168.316","µmol/L","Humid","22.349","deg","42005","µV","27.825","°C","1018.000","hPa","35.3","pmil","0","55.520","deg","20.000","°C","100.000","%a.s.","21.750","deg","20.000","°C","977.000","hPa","0.861","-0.02617","0.00035","0","0","13.56","Humid","24.85","0","70.00","287095.48","SABD0000000001","AAV1.0.0.11","1.1.2.0","PSt7-10","170328-006","1/4/2020 10:31:52","0000-00","0","no battery","V"
"11/02/2020","11:25:35","1","default","640513929","OXY_CH1","11.208","min","168.310","µmol/L","Humid","22.351","deg","42010","µV","27.821","°C","1018.000","hPa","35.3","pmil","0","55.520","deg","20.000","°C","100.000","%a.s.","21.750","deg","20.000","°C","977.000","hPa","0.861","-0.02617","0.00035","0","0","13.56","Humid","24.85","0","70.00","287096.72","SABD0000000001","AAV1.0.0.11","1.1.2.0","PSt7-10","170328-006","1/4/2020 10:31:52","0000-00","0","no battery","V"
"11/02/2020","11:25:36","1","default","640513929","OXY_CH1","11.225","min","168.344","µmol/L","Humid","22.345","deg","42007","µV","27.831","°C","1018.000","hPa","35.3","pmil","0","55.520","deg","20.000","°C","100.000","%a.s.","21.750","deg","20.000","°C","977.000","hPa","0.861","-0.02617","0.00035","0","0","13.56","Humid","24.85","0","70.00","287106.73","SABD0000000001","AAV1.0.0.11","1.1.2.0","PSt7-10","170328-006","1/4/2020 10:31:52","0000-00","0","no battery","V"
"11/02/2020","11:25:37","1","default","640513929","OXY_CH1","11.242","min","168.388","µmol/L","Humid","22.345","deg","42014","µV","27.822","°C","1018.000","hPa","35.3","pmil","0","55.520","deg","20.000","°C","100.000","%a.s.","21.750","deg","20.000","°C","977.000","hPa","0.861","-0.02617","0.00035","0","0","13.56","Humid","24.85","0","70.00","287092.67","SABD0000000001","AAV1.0.0.11","1.1.2.0","PSt7-10","170328-006","1/4/2020 10:31:52","0000-00","0","no battery","V"
"11/02/2020","11:25:38","1","default","640513929","OXY_CH1","11.259","min","168.532","µmol/L","Humid","22.341","deg","42009","µV","27.805","°C","1018.000","hPa","35.3","pmil","0","55.520","deg","20.000","°C","100.000","%a.s.","21.750","deg","20.000","°C","977.000","hPa","0.861","-0.02617","0.00035","0","0","13.56","Humid","24.85","0","70.00","287095.71","SABD0000000001","AAV1.0.0.11","1.1.2.0","PSt7-10","170328-006","1/4/2020 10:31:52","0000-00","0","no battery","V"
"11/02/2020","11:25:39","1","default","640513929","OXY_CH1","11.275","min","168.474","µmol/L","Humid","22.342","deg","42015","µV","27.814","°C","1018.000","hPa","35.3","pmil","0","55.520","deg","20.000","°C","100.000","%a.s.","21.750","deg","20.000","°C","977.000","hPa","0.861","-0.02617","0.00035","0","0","13.56","Humid","24.85","0","70.00","287094.05","SABD0000000001","AAV1.0.0.11","1.1.2.0","PSt7-10","170328-006","1/4/2020 10:31:52","0000-00","0","no battery","V"
"11/02/2020","11:25:40","1","default","640513929","OXY_CH1","11.292","min","168.377","µmol/L","Humid","22.349","deg","42016","µV","27.813","°C","1018.000","hPa","35.3","pmil","0","55.520","deg","20.000","°C","100.000","%a.s.","21.750","deg","20.000","°C","977.000","hPa","0.861","-0.02617","0.00035","0","0","13.56","Humid","24.85","0","70.00","287100.50","SABD0000000001","AAV1.0.0.11","1.1.2.0","PSt7-10","170328-006","1/4/2020 10:31:52","0000-00","0","no battery","V"
"11/02/2020","11:25:41","1","default","640513929","OXY_CH1","11.309","min","168.328","µmol/L","Humid","22.352","deg","42019","µV","27.814","°C","1018.000","hPa","35.3","pmil","0","55.520","deg","20.000","°C","100.000","%a.s.","21.750","deg","20.000","°C","977.000","hPa","0.861","-0.02617","0.00035","0","0","13.56","Humid","24.85","0","70.00","287098.60","SABD0000000001","AAV1.0.0.11","1.1.2.0","PSt7-10","170328-006","1/4/2020 10:31:52","0000-00","0","no battery","V"
"11/02/2020","11:25:42","1","default","640513929","OXY_CH1","11.326","min","168.363","µmol/L","Humid","22.351","deg","42021","µV","27.810","°C","1018.000","hPa","35.3","pmil","0","55.520","deg","20.000","°C","100.000","%a.s.","21.750","deg","20.000","°C","977.000","hPa","0.861","-0.02617","0.00035","0","0","13.56","Humid","24.85","0","70.00","287087.33","SABD0000000001","AAV1.0.0.11","1.1.2.0","PSt7-10","170328-006","1/4/2020 10:31:52","0000-00","0","no battery","V"
"11/02/2020","11:25:43","1","default","640513929","OXY_CH1","11.342","min","168.336","µmol/L","Humid","22.355","deg","42018","µV","27.804","°C","1018.000","hPa","35.3","pmil","0","55.520","deg","20.000","°C","100.000","%a.s.","21.750","deg","20.000","°C","977.000","hPa","0.861","-0.02617","0.00035","0","0","13.56","Humid","24.85","0","70.00","287093.08","SABD0000000001","AAV1.0.0.11","1.1.2.0","PSt7-10","170328-006","1/4/2020 10:31:52","0000-00","0","no battery","V"
"11/02/2020","11:25:44","1","default","640513929","OXY_CH1","11.359","min","168.358","µmol/L","Humid","22.350","deg","42027","µV","27.814","°C","1018.000","hPa","35.3","pmil","0","55.520","deg","20.000","°C","100.000","%a.s.","21.750","deg","20.000","°C","977.000","hPa","0.861","-0.02617","0.00035","0","0","13.56","Humid","24.85","0","70.00","287084.01","SABD0000000001","AAV1.0.0.11","1.1.2.0","PSt7-10","170328-006","1/4/2020 10:31:52","0000-00","0","no battery","V"
"11/02/2020","11:25:45","1","default","640513929","OXY_CH1","11.375","min","168.302","µmol/L","Humid","22.357","deg","42029","µV","27.805","°C","1018.000","hPa","35.3","pmil","0","55.520","deg","20.000","°C","100.000","%a.s.","21.750","deg","20.000","°C","977.000","hPa","0.861","-0.02617","0.00035","0","0","13.56","Humid","24.85","0","70.00","287090.72","SABD0000000001","AAV1.0.0.11","1.1.2.0","PSt7-10","170328-006","1/4/2020 10:31:52","0000-00","0","no battery","V"
"11/02/2020","11:25:46","1","default","640513929","OXY_CH1","11.392","min","168.349","µmol/L","Humid","22.354","deg","42028","µV","27.804","°C","1018.000","hPa","35.3","pmil","0","55.520","deg","20.000","°C","100.000","%a.s.","21.750","deg","20.000","°C","977.000","hPa","0.861","-0.02617","0.00035","0","0","13.56","Humid","24.85","0","70.00","287085.48","SABD0000000001","AAV1.0.0.11","1.1.2.0","PSt7-10","170328-006","1/4/2020 10:31:52","0000-00","0","no battery","V"
"11/02/2020","11:25:47","1","default","640513929","OXY_CH1","11.409","min","168.302","µmol/L","Humid","22.354","deg","42030","µV","27.813","°C","1018.000","hPa","35.3","pmil","0","55.520","deg","20.000","°C","100.000","%a.s.","21.750","deg","20.000","°C","977.000","hPa","0.861","-0.02617","0.00035","0","0","13.56","Humid","24.85","0","70.00","287083.72","SABD0000000001","AAV1.0.0.11","1.1.2.0","PSt7-10","170328-006","1/4/2020 10:31:52","0000-00","0","no battery","V"
"11/02/2020","11:25:48","1","default","640513929","OXY_CH1","11.425","min","168.179","µmol/L","Humid","22.368","deg","42026","µV","27.798","°C","1018.000","hPa","35.3","pmil","0","55.520","deg","20.000","°C","100.000","%a.s.","21.750","deg","20.000","°C","977.000","hPa","0.861","-0.02617","0.00035","0","0","13.56","Humid","24.85","0","70.00","287076.61","SABD0000000001","AAV1.0.0.11","1.1.2.0","PSt7-10","170328-006","1/4/2020 10:31:52","0000-00","0","no battery","V"
"11/02/2020","11:25:49","1","default","640513929","OXY_CH1","11.442","min","168.401","µmol/L","Humid","22.348","deg","42025","µV","27.811","°C","1018.000","hPa","35.3","pmil","0","55.520","deg","20.000","°C","100.000","%a.s.","21.750","deg","20.000","°C","977.000","hPa","0.861","-0.02617","0.00035","0","0","13.56","Humid","24.85","0","70.00","287089.43","SABD0000000001","AAV1.0.0.11","1.1.2.0","PSt7-10","170328-006","1/4/2020 10:31:52","0000-00","0","no battery","V"
"11/02/2020","11:25:50","1","default","640513929","OXY_CH1","11.459","min","168.208","µmol/L","Humid","22.361","deg","42028","µV","27.812","°C","1018.000","hPa","35.3","pmil","0","55.520","deg","20.000","°C","100.000","%a.s.","21.750","deg","20.000","°C","977.000","hPa","0.861","-0.02617","0.00035","0","0","13.56","Humid","24.85","0","70.00","287080.17","SABD0000000001","AAV1.0.0.11","1.1.2.0","PSt7-10","170328-006","1/4/2020 10:31:52","0000-00","0","no battery","V"
"11/02/2020","11:25:51","1","default","640513929","OXY_CH1","11.476","min","168.288","µmol/L","Humid","22.354","deg","42035","µV","27.816","°C","1018.000","hPa","35.3","pmil","0","55.520","deg","20.000","°C","100.000","%a.s.","21.750","deg","20.000","°C","977.000","hPa","0.861","-0.02617","0.00035","0","0","13.56","Humid","24.85","0","70.00","287086.91","SABD0000000001","AAV1.0.0.11","1.1.2.0","PSt7-10","170328-006","1/4/2020 10:31:52","0000-00","0","no battery","V"
"11/02/2020","11:25:52","1","default","640513929","OXY_CH1","11.492","min","168.288","µmol/L","Humid","22.355","deg","42035","µV","27.813","°C","1018.000","hPa","35.3","pmil","0","55.520","deg","20.000","°C","100.000","%a.s.","21.750","deg","20.000","°C","977.000","hPa","0.861","-0.02617","0.00035","0","0","13.56","Humid","24.85","0","70.00","287090.23","SABD0000000001","AAV1.0.0.11","1.1.2.0","PSt7-10","170328-006","1/4/2020 10:31:52","0000-00","0","no battery","V"
"11/02/2020","11:25:53","1","default","640513929","OXY_CH1","11.509","min","168.256","µmol/L","Humid","22.359","deg","42035","µV","27.808","°C","1018.000","hPa","35.3","pmil","0","55.520","deg","20.000","°C","100.000","%a.s.","21.750","deg","20.000","°C","977.000","hPa","0.861","-0.02617","0.00035","0","0","13.56","Humid","24.85","0","70.00","287072.75","SABD0000000001","AAV1.0.0.11","1.1.2.0","PSt7-10","170328-006","1/4/2020 10:31:52","0000-00","0","no battery","V"
"11/02/2020","11:25:54","1","default","640513929","OXY_CH1","11.525","min","168.337","µmol/L","Humid","22.353","deg","42042","µV","27.809","°C","1018.000","hPa","35.3","pmil","0","55.520","deg","20.000","°C","100.000","%a.s.","21.750","deg","20.000","°C","977.000","hPa","0.861","-0.02617","0.00035","0","0","13.56","Humid","24.85","0","70.00","287076.71","SABD0000000001","AAV1.0.0.11","1.1.2.0","PSt7-10","170328-006","1/4/2020 10:31:52","0000-00","0","no battery","V"
"11/02/2020","11:25:55","1","default","640513929","OXY_CH1","11.542","min","168.233","µmol/L","Humid","22.362","deg","42040","µV","27.804","°C","1018.000","hPa","35.3","pmil","0","55.520","deg","20.000","°C","100.000","%a.s.","21.750","deg","20.000","°C","977.000","hPa","0.861","-0.02617","0.00035","0","0","13.56","Humid","24.85","0","70.00","287086.84","SABD0000000001","AAV1.0.0.11","1.1.2.0","PSt7-10","170328-006","1/4/2020 10:31:52","0000-00","0","no battery","V"
"11/02/2020","11:25:56","1","default","640513929","OXY_CH1","11.558","min","168.242","µmol/L","Humid","22.364","deg","42040","µV","27.796","°C","1018.000","hPa","35.3","pmil","0","55.520","deg","20.000","°C","100.000","%a.s.","21.750","deg","20.000","°C","977.000","hPa","0.861","-0.02617","0.00035","0","0","13.56","Humid","24.85","0","70.00","287084.01","SABD0000000001","AAV1.0.0.11","1.1.2.0","PSt7-10","170328-006","1/4/2020 10:31:52","0000-00","0","no battery","V"
"11/02/2020","11:25:57","1","default","640513929","OXY_CH1","11.575","min","168.196","µmol/L","Humid","22.369","deg","42039","µV","27.791","°C","1018.000","hPa","35.3","pmil","0","55.520","deg","20.000","°C","100.000","%a.s.","21.750","deg","20.000","°C","977.000","hPa","0.861","-0.02617","0.00035","0","0","13.56","Humid","24.85","0","70.00","287074.37","SABD0000000001","AAV1.0.0.11","1.1.2.0","PSt7-10","170328-006","1/4/2020 10:31:52","0000-00","0","no battery","V"
"11/02/2020","11:25:58","1","default","640513929","OXY_CH1","11.592","min","168.055","µmol/L","Humid","22.372","deg","42038","µV","27.811","°C","1018.000","hPa","35.3","pmil","0","55.520","deg","20.000","°C","100.000","%a.s.","21.750","deg","20.000","°C","977.000","hPa","0.861","-0.02617","0.00035","0","0","13.56","Humid","24.85","0","70.00","287075.05","SABD0000000001","AAV1.0.0.11","1.1.2.0","PSt7-10","170328-006","1/4/2020 10:31:52","0000-00","0","no battery","V"
"11/02/2020","11:25:59","1","default","640513929","OXY_CH1","11.609","min","168.204","µmol/L","Humid","22.365","deg","42041","µV","27.801","°C","1018.000","hPa","35.3","pmil","0","55.520","deg","20.000","°C","100.000","%a.s.","21.750","deg","20.000","°C","977.000","hPa","0.861","-0.02617","0.00035","0","0","13.56","Humid","24.85","0","70.00","287080.90","SABD0000000001","AAV1.0.0.11","1.1.2.0","PSt7-10","170328-006","1/4/2020 10:31:52","0000-00","0","no battery","V"
"11/02/2020","11:26:00","1","default","640513929","OXY_CH1","11.625","min","168.173","µmol/L","Humid","22.368","deg","42040","µV","27.799","°C","1018.000","hPa","35.3","pmil","0","55.520","deg","20.000","°C","100.000","%a.s.","21.750","deg","20.000","°C","977.000","hPa","0.861","-0.02617","0.00035","0","0","13.56","Humid","24.85","0","70.00","287076.39","SABD0000000001","AAV1.0.0.11","1.1.2.0","PSt7-10","170328-006","1/4/2020 10:31:52","0000-00","0","no battery","V"
"11/02/2020","11:26:01","1","default","640513929","OXY_CH1","11.642","min","168.164","µmol/L","Humid","22.368","deg","42042","µV","27.801","°C","1018.000","hPa","35.3","pmil","0","55.520","deg","20.000","°C","100.000","%a.s.","21.750","deg","20.000","°C","977.000","hPa","0.861","-0.02617","0.00035","0","0","13.56","Humid","24.85","0","70.00","287076.07","SABD0000000001","AAV1.0.0.11","1.1.2.0","PSt7-10","170328-006","1/4/2020 10:31:52","0000-00","0","no battery","V"
"11/02/2020","11:26:02","1","default","640513929","OXY_CH1","11.659","min","168.188","µmol/L","Humid","22.371","deg","42044","µV","27.787","°C","1018.000","hPa","35.3","pmil","0","55.520","deg","20.000","°C","100.000","%a.s.","21.750","deg","20.000","°C","977.000","hPa","0.861","-0.02617","0.00035","0","0","13.56","Humid","24.85","0","70.00","287074.51","SABD0000000001","AAV1.0.0.11","1.1.2.0","PSt7-10","170328-006","1/4/2020 10:31:52","0000-00","0","no battery","V"
"11/02/2020","11:26:03","1","default","640513929","OXY_CH1","11.676","min","168.154","µmol/L","Humid","22.371","deg","42042","µV","27.794","°C","1018.000","hPa","35.3","pmil","0","55.520","deg","20.000","°C","100.000","%a.s.","21.750","deg","20.000","°C","977.000","hPa","0.861","-0.02617","0.00035","0","0","13.56","Humid","24.85","0","70.00","287074.04","SABD0000000001","AAV1.0.0.11","1.1.2.0","PSt7-10","170328-006","1/4/2020 10:31:52","0000-00","0","no battery","V"
"11/02/2020","11:26:04","1","default","640513929","OXY_CH1","11.692","min","168.108","µmol/L","Humid","22.373","deg","42037","µV","27.797","°C","1018.000","hPa","35.3","pmil","0","55.520","deg","20.000","°C","100.000","%a.s.","21.750","deg","20.000","°C","977.000","hPa","0.861","-0.02617","0.00035","0","0","13.56","Humid","24.85","0","70.00","287070.34","SABD0000000001","AAV1.0.0.11","1.1.2.0","PSt7-10","170328-006","1/4/2020 10:31:52","0000-00","0","no battery","V"
"11/02/2020","11:26:05","1","default","640513929","OXY_CH1","11.708","min","168.075","µmol/L","Humid","22.377","deg","42042","µV","27.792","°C","1018.000","hPa","35.3","pmil","0","55.520","deg","20.000","°C","100.000","%a.s.","21.750","deg","20.000","°C","977.000","hPa","0.861","-0.02617","0.00035","0","0","13.56","Humid","24.85","0","70.00","287070.20","SABD0000000001","AAV1.0.0.11","1.1.2.0","PSt7-10","170328-006","1/4/2020 10:31:52","0000-00","0","no battery","V"
"11/02/2020","11:27:42","1","default","640513929","OXY_CH1","13.331","min","167.125","µmol/L","Humid","22.461","deg","42299","µV","27.742","°C","1019.000","hPa","35.3","pmil","0","55.520","deg","20.000","°C","100.000","%a.s.","21.750","deg","20.000","°C","977.000","hPa","0.861","-0.02617","0.00035","0","0","13.56","Humid","24.85","0","70.00","287248.23","SABD0000000001","AAV1.0.0.11","1.1.2.0","PSt7-10","170328-006","1/4/2020 10:31:52","0000-00","0","no battery","V"
"11/02/2020","11:27:43","1","default","640513929","OXY_CH1","13.342","min","167.095","µmol/L","Humid","22.465","deg","42290","µV","27.736","°C","1019.000","hPa","35.3","pmil","0","55.520","deg","20.000","°C","100.000","%a.s.","21.750","deg","20.000","°C","977.000","hPa","0.861","-0.02617","0.00035","0","0","13.56","Humid","24.85","0","70.00","287183.86","SABD0000000001","AAV1.0.0.11","1.1.2.0","PSt7-10","170328-006","1/4/2020 10:31:52","0000-00","0","no battery","V"
"11/02/2020","11:27:44","1","default","640513929","OXY_CH1","13.359","min","167.230","µmol/L","Humid","22.455","deg","42286","µV","27.738","°C","1019.000","hPa","35.3","pmil","0","55.520","deg","20.000","°C","100.000","%a.s.","21.750","deg","20.000","°C","977.000","hPa","0.861","-0.02617","0.00035","0","0","13.56","Humid","24.85","0","70.00","287186.86","SABD0000000001","AAV1.0.0.11","1.1.2.0","PSt7-10","170328-006","1/4/2020 10:31:52","0000-00","0","no battery","V"
"11/02/2020","11:27:45","1","default","640513929","OXY_CH1","13.376","min","167.016","µmol/L","Humid","22.463","deg","42291","µV","27.757","°C","1018.000","hPa","35.3","pmil","0","55.520","deg","20.000","°C","100.000","%a.s.","21.750","deg","20.000","°C","977.000","hPa","0.861","-0.02617","0.00035","0","0","13.56","Humid","24.85","0","70.00","287168.34","SABD0000000001","AAV1.0.0.11","1.1.2.0","PSt7-10","170328-006","1/4/2020 10:31:52","0000-00","0","no battery","V"
"11/02/2020","11:27:46","1","default","640513929","OXY_CH1","13.392","min","167.132","µmol/L","Humid","22.463","deg","42283","µV","27.734","°C","1019.000","hPa","35.3","pmil","0","55.520","deg","20.000","°C","100.000","%a.s.","21.750","deg","20.000","°C","977.000","hPa","0.861","-0.02617","0.00035","0","0","13.56","Humid","24.85","0","70.00","287149.42","SABD0000000001","AAV1.0.0.11","1.1.2.0","PSt7-10","170328-006","1/4/2020 10:31:52","0000-00","0","no battery","V"
"11/02/2020","11:27:47","1","default","640513929","OXY_CH1","13.409","min","167.026","µmol/L","Humid","22.463","deg","42288","µV","27.756","°C","1019.000","hPa","35.3","pmil","0","55.520","deg","20.000","°C","100.000","%a.s.","21.750","deg","20.000","°C","977.000","hPa","0.861","-0.02617","0.00035","0","0","13.56","Humid","24.85","0","70.00","287146.08","SABD0000000001","AAV1.0.0.11","1.1.2.0","PSt7-10","170328-006","1/4/2020 10:31:52","0000-00","0","no battery","V"
"11/02/2020","11:27:48","1","default","640513929","OXY_CH1","13.426","min","167.057","µmol/L","Humid","22.466","deg","42279","µV","27.741","°C","1019.000","hPa","35.3","pmil","0","55.520","deg","20.000","°C","100.000","%a.s.","21.750","deg","20.000","°C","977.000","hPa","0.861","-0.02617","0.00035","0","0","13.56","Humid","24.85","0","70.00","287134.37","SABD0000000001","AAV1.0.0.11","1.1.2.0","PSt7-10","170328-006","1/4/2020 10:31:52","0000-00","0","no battery","V"
"11/02/2020","11:27:49","1","default","640513929","OXY_CH1","13.442","min","166.980","µmol/L","Humid","22.470","deg","42281","µV","27.744","°C","1018.000","hPa","35.3","pmil","0","55.520","deg","20.000","°C","100.000","%a.s.","21.750","deg","20.000","°C","977.000","hPa","0.861","-0.02617","0.00035","0","0","13.56","Humid","24.85","0","70.00","287125.85","SABD0000000001","AAV1.0.0.11","1.1.2.0","PSt7-10","170328-006","1/4/2020 10:31:52","0000-00","0","no battery","V"
"11/02/2020","11:27:50","1","default","640513929","OXY_CH1","13.459","min","166.916","µmol/L","Humid","22.474","deg","42283","µV","27.745","°C","1018.000","hPa","35.3","pmil","0","55.520","deg","20.000","°C","100.000","%a.s.","21.750","deg","20.000","°C","977.000","hPa","0.861","-0.02617","0.00035","0","0","13.56","Humid","24.85","0","70.00","287134.86","SABD0000000001","AAV1.0.0.11","1.1.2.0","PSt7-10","170328-006","1/4/2020 10:31:52","0000-00","0","no battery","V"
"11/02/2020","11:27:51","1","default","640513929","OXY_CH1","13.475","min","167.014","µmol/L","Humid","22.472","deg","42281","µV","27.732","°C","1019.000","hPa","35.3","pmil","0","55.520","deg","20.000","°C","100.000","%a.s.","21.750","deg","20.000","°C","977.000","hPa","0.861","-0.02617","0.00035","0","0","13.56","Humid","24.85","0","70.00","287115.42","SABD0000000001","AAV1.0.0.11","1.1.2.0","PSt7-10","170328-006","1/4/2020 10:31:52","0000-00","0","no battery","V"
"11/02/2020","11:27:52","1","default","640513929","OXY_CH1","13.492","min","167.019","µmol/L","Humid","22.469","deg","42291","µV","27.740","°C","1019.000","hPa","35.3","pmil","0","55.520","deg","20.000","°C","100.000","%a.s.","21.750","deg","20.000","°C","977.000","hPa","0.861","-0.02617","0.00035","0","0","13.56","Humid","24.85","0","70.00","287129.54","SABD0000000001","AAV1.0.0.11","1.1.2.0","PSt7-10","170328-006","1/4/2020 10:31:52","0000-00","0","no battery","V"
"11/02/2020","11:27:53","1","default","640513929","OXY_CH1","13.508","min","166.876","µmol/L","Humid","22.478","deg","42288","µV","27.742","°C","1018.000","hPa","35.3","pmil","0","55.520","deg","20.000","°C","100.000","%a.s.","21.750","deg","20.000","°C","977.000","hPa","0.861","-0.02617","0.00035","0","0","13.56","Humid","24.85","0","70.00","287127.10","SABD0000000001","AAV1.0.0.11","1.1.2.0","PSt7-10","170328-006","1/4/2020 10:31:52","0000-00","0","no battery","V"
"11/02/2020","11:27:54","1","default","640513929","OXY_CH1","13.525","min","167.008","µmol/L","Humid","22.470","deg","42289","µV","27.738","°C","1018.000","hPa","35.3","pmil","0","55.520","deg","20.000","°C","100.000","%a.s.","21.750","deg","20.000","°C","977.000","hPa","0.861","-0.02617","0.00035","0","0","13.56","Humid","24.85","0","70.00","287131.78","SABD0000000001","AAV1.0.0.11","1.1.2.0","PSt7-10","170328-006","1/4/2020 10:31:52","0000-00","0","no battery","V"
"11/02/2020","11:27:55","1","default","640513929","OXY_CH1","13.542","min","167.041","µmol/L","Humid","22.467","deg","42294","µV","27.741","°C","1019.000","hPa","35.3","pmil","0","55.520","deg","20.000","°C","100.000","%a.s.","21.750","deg","20.000","°C","977.000","hPa","0.861","-0.02617","0.00035","0","0","13.56","Humid","24.85","0","70.00","287138.16","SABD0000000001","AAV1.0.0.11","1.1.2.0","PSt7-10","170328-006","1/4/2020 10:31:52","0000-00","0","no battery","V"
"11/02/2020","11:27:56","1","default","640513929","OXY_CH1","13.559","min","167.098","µmol/L","Humid","22.471","deg","42298","µV","27.717","°C","1018.000","hPa","35.3","pmil","0","55.520","deg","20.000","°C","100.000","%a.s.","21.750","deg","20.000","°C","977.000","hPa","0.861","-0.02617","0.00035","0","0","13.56","Humid","24.85","0","70.00","287136.23","SABD0000000001","AAV1.0.0.11","1.1.2.0","PSt7-10","170328-006","1/4/2020 10:31:52","0000-00","0","no battery","V"
"11/02/2020","11:27:57","1","default","640513929","OXY_CH1","13.575","min","166.878","µmol/L","Humid","22.480","deg","42289","µV","27.735","°C","1018.000","hPa","35.3","pmil","0","55.520","deg","20.000","°C","100.000","%a.s.","21.750","deg","20.000","°C","977.000","hPa","0.861","-0.02617","0.00035","0","0","13.56","Humid","24.85","0","70.00","287125.61","SABD0000000001","AAV1.0.0.11","1.1.2.0","PSt7-10","170328-006","1/4/2020 10:31:52","0000-00","0","no battery","V"
"11/02/2020","11:27:58","1","default","640513929","OXY_CH1","13.592","min","166.968","µmol/L","Humid","22.481","deg","42301","µV","27.714","°C","1018.000","hPa","35.3","pmil","0","55.520","deg","20.000","°C","100.000","%a.s.","21.750","deg","20.000","°C","977.000","hPa","0.861","-0.02617","0.00035","0","0","13.56","Humid","24.85","0","70.00","287130.11","SABD0000000001","AAV1.0.0.11","1.1.2.0","PSt7-10","170328-006","1/4/2020 10:31:52","0000-00","0","no battery","V"
"11/02/2020","11:27:59","1","default","640513929","OXY_CH1","13.609","min","166.947","µmol/L","Humid","22.477","deg","42297","µV","27.730","°C","1018.000","hPa","35.3","pmil","0","55.520","deg","20.000","°C","100.000","%a.s.","21.750","deg","20.000","°C","977.000","hPa","0.861","-0.02617","0.00035","0","0","13.56","Humid","24.85","0","70.00","287127.56","SABD0000000001","AAV1.0.0.11","1.1.2.0","PSt7-10","170328-006","1/4/2020 10:31:52","0000-00","0","no battery","V"
"11/02/2020","11:28:00","1","default","640513929","OXY_CH1","13.626","min","166.927","µmol/L","Humid","22.480","deg","42303","µV","27.725","°C","1018.000","hPa","35.3","pmil","0","55.520","deg","20.000","°C","100.000","%a.s.","21.750","deg","20.000","°C","977.000","hPa","0.861","-0.02617","0.00035","0","0","13.56","Humid","24.85","0","70.00","287122.62","SABD0000000001","AAV1.0.0.11","1.1.2.0","PSt7-10","170328-006","1/4/2020 10:31:52","0000-00","0","no battery","V"
"11/02/2020","11:28:01","1","default","640513929","OXY_CH1","13.642","min","166.997","µmol/L","Humid","22.478","deg","42297","µV","27.717","°C","1018.000","hPa","35.3","pmil","0","55.520","deg","20.000","°C","100.000","%a.s.","21.750","deg","20.000","°C","977.000","hPa","0.861","-0.02617","0.00035","0","0","13.56","Humid","24.85","0","70.00","287120.80","SABD0000000001","AAV1.0.0.11","1.1.2.0","PSt7-10","170328-006","1/4/2020 10:31:52","0000-00","0","no battery","V"
"11/02/2020","11:28:02","1","default","640513929","OXY_CH1","13.658","min","166.761","µmol/L","Humid","22.489","deg","42298","µV","27.733","°C","1018.000","hPa","35.3","pmil","0","55.520","deg","20.000","°C","100.000","%a.s.","21.750","deg","20.000","°C","977.000","hPa","0.861","-0.02617","0.00035","0","0","13.56","Humid","24.85","0","70.00","287134.47","SABD0000000001","AAV1.0.0.11","1.1.2.0","PSt7-10","170328-006","1/4/2020 10:31:52","0000-00","0","no battery","V"
"11/02/2020","11:28:03","1","default","640513929","OXY_CH1","13.675","min","166.839","µmol/L","Humid","22.482","deg","42303","µV","27.738","°C","1018.000","hPa","35.3","pmil","0","55.520","deg","20.000","°C","100.000","%a.s.","21.750","deg","20.000","°C","977.000","hPa","0.861","-0.02617","0.00035","0","0","13.56","Humid","24.85","0","70.00","287121.39","SABD0000000001","AAV1.0.0.11","1.1.2.0","PSt7-10","170328-006","1/4/2020 10:31:52","0000-00","0","no battery","V"
"11/02/2020","11:28:04","1","default","640513929","OXY_CH1","13.692","min","166.874","µmol/L","Humid","22.483","deg","42296","µV","27.727","°C","1018.000","hPa","35.3","pmil","0","55.520","deg","20.000","°C","100.000","%a.s.","21.750","deg","20.000","°C","977.000","hPa","0.861","-0.02617","0.00035","0","0","13.56","Humid","24.85","0","70.00","287128.93","SABD0000000001","AAV1.0.0.11","1.1.2.0","PSt7-10","170328-006","1/4/2020 10:31:52","0000-00","0","no battery","V"
"11/02/2020","11:28:05","1","default","640513929","OXY_CH1","13.709","min","166.818","µmol/L","Humid","22.488","deg","42301","µV","27.724","°C","1018.000","hPa","35.3","pmil","0","55.520","deg","20.000","°C","100.000","%a.s.","21.750","deg","20.000","°C","977.000","hPa","0.861","-0.02617","0.00035","0","0","13.56","Humid","24.85","0","70.00","287113.55","SABD0000000001","AAV1.0.0.11","1.1.2.0","PSt7-10","170328-006","1/4/2020 10:31:52","0000-00","0","no battery","V"
"11/02/2020","11:28:06","1","default","640513929","OXY_CH1","13.725","min","166.841","µmol/L","Humid","22.484","deg","42298","µV","27.731","°C","1018.000","hPa","35.3","pmil","0","55.520","deg","20.000","°C","100.000","%a.s.","21.750","deg","20.000","°C","977.000","hPa","0.861","-0.02617","0.00035","0","0","13.56","Humid","24.85","0","70.00","287118.20","SABD0000000001","AAV1.0.0.11","1.1.2.0","PSt7-10","170328-006","1/4/2020 10:31:52","0000-00","0","no battery","V"
"11/02/2020","11:28:07","1","default","640513929","OXY_CH1","13.742","min","166.846","µmol/L","Humid","22.487","deg","42299","µV","27.723","°C","1019.000","hPa","35.3","pmil","0","55.520","deg","20.000","°C","100.000","%a.s.","21.750","deg","20.000","°C","977.000","hPa","0.861","-0.02617","0.00035","0","0","13.56","Humid","24.85","0","70.00","287115.86","SABD0000000001","AAV1.0.0.11","1.1.2.0","PSt7-10","170328-006","1/4/2020 10:31:52","0000-00","0","no battery","V"
"11/02/2020","11:28:08","1","default","640513929","OXY_CH1","13.759","min","166.838","µmol/L","Humid","22.489","deg","42305","µV","27.717","°C","1018.000","hPa","35.3","pmil","0","55.520","deg","20.000","°C","100.000","%a.s.","21.750","deg","20.000","°C","977.000","hPa","0.861","-0.02617","0.00035","0","0","13.56","Humid","24.85","0","70.00","287105.23","SABD0000000001","AAV1.0.0.11","1.1.2.0","PSt7-10","170328-006","1/4/2020 10:31:52","0000-00","0","no battery","V"
"11/02/2020","11:28:09","1","default","640513929","OXY_CH1","13.776","min","166.845","µmol/L","Humid","22.487","deg","42310","µV","27.722","°C","1018.000","hPa","35.3","pmil","0","55.520","deg","20.000","°C","100.000","%a.s.","21.750","deg","20.000","°C","977.000","hPa","0.861","-0.02617","0.00035","0","0","13.56","Humid","24.85","0","70.00","287118.74","SABD0000000001","AAV1.0.0.11","1.1.2.0","PSt7-10","170328-006","1/4/2020 10:31:52","0000-00","0","no battery","V"
"11/02/2020","11:28:10","1","default","640513929","OXY_CH1","13.792","min","166.710","µmol/L","Humid","22.495","deg","42308","µV","27.726","°C","1018.000","hPa","35.3","pmil","0","55.520","deg","20.000","°C","100.000","%a.s.","21.750","deg","20.000","°C","977.000","hPa","0.861","-0.02617","0.00035","0","0","13.56","Humid","24.85","0","70.00","287112.51","SABD0000000001","AAV1.0.0.11","1.1.2.0","PSt7-10","170328-006","1/4/2020 10:31:52","0000-00","0","no battery","V"
"11/02/2020","11:28:11","1","default","640513929","OXY_CH1","13.809","min","166.751","µmol/L","Humid","22.491","deg","42307","µV","27.729","°C","1018.000","hPa","35.3","pmil","0","55.520","deg","20.000","°C","100.000","%a.s.","21.750","deg","20.000","°C","977.000","hPa","0.861","-0.02617","0.00035","0","0","13.56","Humid","24.85","0","70.00","287102.97","SABD0000000001","AAV1.0.0.11","1.1.2.0","PSt7-10","170328-006","1/4/2020 10:31:52","0000-00","0","no battery","V"
"11/02/2020","11:28:12","1","default","640513929","OXY_CH1","13.825","min","166.741","µmol/L","Humid","22.492","deg","42311","µV","27.730","°C","1019.000","hPa","35.3","pmil","0","55.520","deg","20.000","°C","100.000","%a.s.","21.750","deg","20.000","°C","977.000","hPa","0.861","-0.02617","0.00035","0","0","13.56","Humid","24.85","0","70.00","287119.23","SABD0000000001","AAV1.0.0.11","1.1.2.0","PSt7-10","170328-006","1/4/2020 10:31:52","0000-00","0","no battery","V"
"11/02/2020","11:28:13","1","default","640513929","OXY_CH1","13.842","min","166.768","µmol/L","Humid","22.493","deg","42310","µV","27.721","°C","1019.000","hPa","35.3","pmil","0","55.520","deg","20.000","°C","100.000","%a.s.","21.750","deg","20.000","°C","977.000","hPa","0.861","-0.02617","0.00035","0","0","13.56","Humid","24.85","0","70.00","287110.10","SABD0000000001","AAV1.0.0.11","1.1.2.0","PSt7-10","170328-006","1/4/2020 10:31:52","0000-00","0","no battery","V"
"11/02/2020","11:28:14","1","default","640513929","OXY_CH1","13.859","min","166.738","µmol/L","Humid","22.498","deg","42320","µV","27.713","°C","1019.000","hPa","35.3","pmil","0","55.520","deg","20.000","°C","100.000","%a.s.","21.750","deg","20.000","°C","977.000","hPa","0.861","-0.02617","0.00035","0","0","13.56","Humid","24.85","0","70.00","287116.77","SABD0000000001","AAV1.0.0.11","1.1.2.0","PSt7-10","170328-006","1/4/2020 10:31:52","0000-00","0","no battery","V"
"11/02/2020","11:28:15","1","default","640513929","OXY_CH1","13.875","min","166.704","µmol/L","Humid","22.500","deg","42318","µV","27.714","°C","1019.000","hPa","35.3","pmil","0","55.520","deg","20.000","°C","100.000","%a.s.","21.750","deg","20.000","°C","977.000","hPa","0.861","-0.02617","0.00035","0","0","13.56","Humid","24.85","0","70.00","287107.93","SABD0000000001","AAV1.0.0.11","1.1.2.0","PSt7-10","170328-006","1/4/2020 10:31:52","0000-00","0","no battery","V"
"11/02/2020","11:28:16","1","default","640513929","OXY_CH1","13.892","min","166.742","µmol/L","Humid","22.498","deg","42313","µV","27.712","°C","1019.000","hPa","35.3","pmil","0","55.520","deg","20.000","°C","100.000","%a.s.","21.750","deg","20.000","°C","977.000","hPa","0.861","-0.02617","0.00035","0","0","13.56","Humid","24.85","0","70.00","287107.52","SABD0000000001","AAV1.0.0.11","1.1.2.0","PSt7-10","170328-006","1/4/2020 10:31:52","0000-00","0","no battery","V"
"11/02/2020","11:28:17","1","default","640513929","OXY_CH1","13.909","min","166.693","µmol/L","Humid","22.499","deg","42320","µV","27.719","°C","1019.000","hPa","35.3","pmil","0","55.520","deg","20.000","°C","100.000","%a.s.","21.750","deg","20.000","°C","977.000","hPa","0.861","-0.02617","0.00035","0","0","13.56","Humid","24.85","0","70.00","287100.39","SABD0000000001","AAV1.0.0.11","1.1.2.0","PSt7-10","170328-006","1/4/2020 10:31:52","0000-00","0","no battery","V"
"11/02/2020","11:28:18","1","default","640513929","OXY_CH1","13.926","min","166.797","µmol/L","Humid","22.498","deg","42321","µV","27.701","°C","1019.000","hPa","35.3","pmil","0","55.520","deg","20.000","°C","100.000","%a.s.","21.750","deg","20.000","°C","977.000","hPa","0.861","-0.02617","0.00035","0","0","13.56","Humid","24.85","0","70.00","287107.32","SABD0000000001","AAV1.0.0.11","1.1.2.0","PSt7-10","170328-006","1/4/2020 10:31:52","0000-00","0","no battery","V"
"11/02/2020","11:28:19","1","default","640513929","OXY_CH1","13.942","min","166.661","µmol/L","Humid","22.505","deg","42318","µV","27.708","°C","1019.000","hPa","35.3","pmil","0","55.520","deg","20.000","°C","100.000","%a.s.","21.750","deg","20.000","°C","977.000","hPa","0.861","-0.02617","0.00035","0","0","13.56","Humid","24.85","0","70.00","287097.31","SABD0000000001","AAV1.0.0.11","1.1.2.0","PSt7-10","170328-006","1/4/2020 10:31:52","0000-00","0","no battery","V"
"11/02/2020","11:28:20","1","default","640513929","OXY_CH1","13.959","min","166.817","µmol/L","Humid","22.498","deg","42319","µV","27.697","°C","1019.000","hPa","35.3","pmil","0","55.520","deg","20.000","°C","100.000","%a.s.","21.750","deg","20.000","°C","977.000","hPa","0.861","-0.02617","0.00035","0","0","13.56","Humid","24.85","0","70.00","287104.20","SABD0000000001","AAV1.0.0.11","1.1.2.0","PSt7-10","170328-006","1/4/2020 10:31:52","0000-00","0","no battery","V"
"11/02/2020","11:28:21","1","default","640513929","OXY_CH1","13.976","min","166.627","µmol/L","Humid","22.499","deg","42316","µV","27.732","°C","1019.000","hPa","35.3","pmil","0","55.520","deg","20.000","°C","100.000","%a.s.","21.750","deg","20.000","°C","977.000","hPa","0.861","-0.02617","0.00035","0","0","13.56","Humid","24.85","0","70.00","287101.38","SABD0000000001","AAV1.0.0.11","1.1.2.0","PSt7-10","170328-006","1/4/2020 10:31:52","0000-00","0","no battery","V"
"11/02/2020","11:28:22","1","default","640513929","OXY_CH1","13.992","min","166.572","µmol/L","Humid","22.502","deg","42319","µV","27.735","°C","1019.000","hPa","35.3","pmil","0","55.520","deg","20.000","°C","100.000","%a.s.","21.750","deg","20.000","°C","977.000","hPa","0.861","-0.02617","0.00035","0","0","13.56","Humid","24.85","0","70.00","287105.14","SABD0000000001","AAV1.0.0.11","1.1.2.0","PSt7-10","170328-006","1/4/2020 10:31:52","0000-00","0","no battery","V"
"11/02/2020","11:28:23","1","default","640513929","OXY_CH1","14.009","min","166.671","µmol/L","Humid","22.502","deg","42316","µV","27.715","°C","1019.000","hPa","35.3","pmil","0","55.520","deg","20.000","°C","100.000","%a.s.","21.750","deg","20.000","°C","977.000","hPa","0.861","-0.02617","0.00035","0","0","13.56","Humid","24.85","0","70.00","287099.94","SABD0000000001","AAV1.0.0.11","1.1.2.0","PSt7-10","170328-006","1/4/2020 10:31:52","0000-00","0","no battery","V"
"11/02/2020","11:28:24","1","default","640513929","OXY_CH1","14.025","min","166.633","µmol/L","Humid","22.502","deg","42316","µV","27.723","°C","1019.000","hPa","35.3","pmil","0","55.520","deg","20.000","°C","100.000","%a.s.","21.750","deg","20.000","°C","977.000","hPa","0.861","-0.02617","0.00035","0","0","13.56","Humid","24.85","0","70.00","287092.14","SABD0000000001","AAV1.0.0.11","1.1.2.0","PSt7-10","170328-006","1/4/2020 10:31:52","0000-00","0","no battery","V"
"11/02/2020","11:28:25","1","default","640513929","OXY_CH1","14.042","min","166.713","µmol/L","Humid","22.501","deg","42310","µV","27.709","°C","1019.000","hPa","35.3","pmil","0","55.520","deg","20.000","°C","100.000","%a.s.","21.750","deg","20.000","°C","977.000","hPa","0.861","-0.02617","0.00035","0","0","13.56","Humid","24.85","0","70.00","287092.73","SABD0000000001","AAV1.0.0.11","1.1.2.0","PSt7-10","170328-006","1/4/2020 10:31:52","0000-00","0","no battery","V"
"11/02/2020","11:28:26","1","default","640513929","OXY_CH1","14.058","min","166.624","µmol/L","Humid","22.508","deg","42316","µV","27.707","°C","1019.000","hPa","35.3","pmil","0","55.520","deg","20.000","°C","100.000","%a.s.","21.750","deg","20.000","°C","977.000","hPa","0.861","-0.02617","0.00035","0","0","13.56","Humid","24.85","0","70.00","287088.48","SABD0000000001","AAV1.0.0.11","1.1.2.0","PSt7-10","170328-006","1/4/2020 10:31:52","0000-00","0","no battery","V"
"11/02/2020","11:28:27","1","default","640513929","OXY_CH1","14.075","min","166.546","µmol/L","Humid","22.512","deg","42313","µV","27.711","°C","1019.000","hPa","35.3","pmil","0","55.520","deg","20.000","°C","100.000","%a.s.","21.750","deg","20.000","°C","977.000","hPa","0.861","-0.02617","0.00035","0","0","13.56","Humid","24.85","0","70.00","287092.84","SABD0000000001","AAV1.0.0.11","1.1.2.0","PSt7-10","170328-006","1/4/2020 10:31:52","0000-00","0","no battery","V"
"11/02/2020","11:28:28","1","default","640513929","OXY_CH1","14.092","min","166.596","µmol/L","Humid","22.507","deg","42324","µV","27.716","°C","1019.000","hPa","35.3","pmil","0","55.520","deg","20.000","°C","100.000","%a.s.","21.750","deg","20.000","°C","977.000","hPa","0.861","-0.02617","0.00035","0","0","13.56","Humid","24.85","0","70.00","287097.86","SABD0000000001","AAV1.0.0.11","1.1.2.0","PSt7-10","170328-006","1/4/2020 10:31:52","0000-00","0","no battery","V"
"11/02/2020","11:28:29","1","default","640513929","OXY_CH1","14.109","min","166.614","µmol/L","Humid","22.509","deg","42318","µV","27.706","°C","1019.000","hPa","35.3","pmil","0","55.520","deg","20.000","°C","100.000","%a.s.","21.750","deg","20.000","°C","977.000","hPa","0.861","-0.02617","0.00035","0","0","13.56","Humid","24.85","0","70.00","287088.00","SABD0000000001","AAV1.0.0.11","1.1.2.0","PSt7-10","170328-006","1/4/2020 10:31:52","0000-00","0","no battery","V"
"11/02/2020","11:28:30","1","default","640513929","OXY_CH1","14.126","min","166.527","µmol/L","Humid","22.517","deg","42314","µV","27.701","°C","1019.000","hPa","35.3","pmil","0","55.520","deg","20.000","°C","100.000","%a.s.","21.750","deg","20.000","°C","977.000","hPa","0.861","-0.02617","0.00035","0","0","13.56","Humid","24.85","0","70.00","287096.09","SABD0000000001","AAV1.0.0.11","1.1.2.0","PSt7-10","170328-006","1/4/2020 10:31:52","0000-00","0","no battery","V"
"11/02/2020","11:28:31","1","default","640513929","OXY_CH1","14.142","min","166.565","µmol/L","Humid","22.511","deg","42316","µV","27.710","°C","1019.000","hPa","35.3","pmil","0","55.520","deg","20.000","°C","100.000","%a.s.","21.750","deg","20.000","°C","977.000","hPa","0.861","-0.02617","0.00035","0","0","13.56","Humid","24.85","0","70.00","287087.77","SABD0000000001","AAV1.0.0.11","1.1.2.0","PSt7-10","170328-006","1/4/2020 10:31:52","0000-00","0","no battery","V"
"11/02/2020","11:28:32","1","default","640513929","OXY_CH1","14.159","min","166.468","µmol/L","Humid","22.514","deg","42322","µV","27.721","°C","1019.000","hPa","35.3","pmil","0","55.520","deg","20.000","°C","100.000","%a.s.","21.750","deg","20.000","°C","977.000","hPa","0.861","-0.02617","0.00035","0","0","13.56","Humid","24.85","0","70.00","287095.08","SABD0000000001","AAV1.0.0.11","1.1.2.0","PSt7-10","170328-006","1/4/2020 10:31:52","0000-00","0","no battery","V"
"11/02/2020","11:28:33","1","default","640513929","OXY_CH1","14.175","min","166.544","µmol/L","Humid","22.509","deg","42321","µV","27.720","°C","1019.000","hPa","35.3","pmil","0","55.520","deg","20.000","°C","100.000","%a.s.","21.750","deg","20.000","°C","977.000","hPa","0.861","-0.02617","0.00035","0","0","13.56","Humid","24.85","0","70.00","287093.55","SABD0000000001","AAV1.0.0.11","1.1.2.0","PSt7-10","170328-006","1/4/2020 10:31:52","0000-00","0","no battery","V"
"11/02/2020","11:28:34","1","default","640513929","OXY_CH1","14.192","min","166.621","µmol/L","Humid","22.511","deg","42317","µV","27.699","°C","1019.000","hPa","35.3","pmil","0","55.520","deg","20.000","°C","100.000","%a.s.","21.750","deg","20.000","°C","977.000","hPa","0.861","-0.02617","0.00035","0","0","13.56","Humid","24.85","0","70.00","287091.02","SABD0000000001","AAV1.0.0.11","1.1.2.0","PSt7-10","170328-006","1/4/2020 10:31:52","0000-00","0","no battery","V"
"11/02/2020","11:28:35","1","default","640513929","OXY_CH1","14.208","min","166.548","µmol/L","Humid","22.516","deg","42330","µV","27.699","°C","1019.000","hPa","35.3","pmil","0","55.520","deg","20.000","°C","100.000","%a.s.","21.750","deg","20.000","°C","977.000","hPa","0.861","-0.02617","0.00035","0","0","13.56","Humid","24.85","0","70.00","287077.76","SABD0000000001","AAV1.0.0.11","1.1.2.0","PSt7-10","170328-006","1/4/2020 10:31:52","0000-00","0","no battery","V"
"11/02/2020","11:28:36","1","default","640513929","OXY_CH1","14.225","min","166.638","µmol/L","Humid","22.511","deg","42328","µV","27.695","°C","1019.000","hPa","35.3","pmil","0","55.520","deg","20.000","°C","100.000","%a.s.","21.750","deg","20.000","°C","977.000","hPa","0.861","-0.02617","0.00035","0","0","13.56","Humid","24.85","0","70.00","287088.47","SABD0000000001","AAV1.0.0.11","1.1.2.0","PSt7-10","170328-006","1/4/2020 10:31:52","0000-00","0","no battery","V"
"11/02/2020","11:28:37","1","default","640513929","OXY_CH1","14.242","min","166.660","µmol/L","Humid","22.506","deg","42327","µV","27.705","°C","1019.000","hPa","35.3","pmil","0","55.520","deg","20.000","°C","100.000","%a.s.","21.750","deg","20.000","°C","977.000","hPa","0.861","-0.02617","0.00035","0","0","13.56","Humid","24.85","0","70.00","287077.81","SABD0000000001","AAV1.0.0.11","1.1.2.0","PSt7-10","170328-006","1/4/2020 10:31:52","0000-00","0","no battery","V"
"11/02/2020","11:28:38","1","default","640513929","OXY_CH1","14.259","min","166.595","µmol/L","Humid","22.514","deg","42335","µV","27.695","°C","1019.000","hPa","35.3","pmil","0","55.520","deg","20.000","°C","100.000","%a.s.","21.750","deg","20.000","°C","977.000","hPa","0.861","-0.02617","0.00035","0","0","13.56","Humid","24.85","0","70.00","287083.06","SABD0000000001","AAV1.0.0.11","1.1.2.0","PSt7-10","170328-006","1/4/2020 10:31:52","0000-00","0","no battery","V"
"11/02/2020","11:28:39","1","default","640513929","OXY_CH1","14.275","min","166.508","µmol/L","Humid","22.520","deg","42343","µV","27.696","°C","1019.000","hPa","35.3","pmil","0","55.520","deg","20.000","°C","100.000","%a.s.","21.750","deg","20.000","°C","977.000","hPa","0.861","-0.02617","0.00035","0","0","13.56","Humid","24.85","0","70.00","287083.59","SABD0000000001","AAV1.0.0.11","1.1.2.0","PSt7-10","170328-006","1/4/2020 10:31:52","0000-00","0","no battery","V"
"11/02/2020","11:28:40","1","default","640513929","OXY_CH1","14.292","min","166.586","µmol/L","Humid","22.514","deg","42348","µV","27.696","°C","1018.000","hPa","35.3","pmil","0","55.520","deg","20.000","°C","100.000","%a.s.","21.750","deg","20.000","°C","977.000","hPa","0.861","-0.02617","0.00035","0","0","13.56","Humid","24.85","0","70.00","287081.62","SABD0000000001","AAV1.0.0.11","1.1.2.0","PSt7-10","170328-006","1/4/2020 10:31:52","0000-00","0","no battery","V"
"11/02/2020","11:28:41","1","default","640513929","OXY_CH1","14.309","min","166.418","µmol/L","Humid","22.522","deg","42353","µV","27.707","°C","1018.000","hPa","35.3","pmil","0","55.520","deg","20.000","°C","100.000","%a.s.","21.750","deg","20.000","°C","977.000","hPa","0.861","-0.02617","0.00035","0","0","13.56","Humid","24.85","0","70.00","287076.41","SABD0000000001","AAV1.0.0.11","1.1.2.0","PSt7-10","170328-006","1/4/2020 10:31:52","0000-00","0","no battery","V"
"11/02/2020","11:28:42","1","default","640513929","OXY_CH1","14.326","min","166.271","µmol/L","Humid","22.526","deg","42347","µV","27.725","°C","1018.000","hPa","35.3","pmil","0","55.520","deg","20.000","°C","100.000","%a.s.","21.750","deg","20.000","°C","977.000","hPa","0.861","-0.02617","0.00035","0","0","13.56","Humid","24.85","0","70.00","287086.39","SABD0000000001","AAV1.0.0.11","1.1.2.0","PSt7-10","170328-006","1/4/2020 10:31:52","0000-00","0","no battery","V"
"11/02/2020","11:28:43","1","default","640513929","OXY_CH1","14.342","min","166.432","µmol/L","Humid","22.520","deg","42359","µV","27.711","°C","1019.000","hPa","35.3","pmil","0","55.520","deg","20.000","°C","100.000","%a.s.","21.750","deg","20.000","°C","977.000","hPa","0.861","-0.02617","0.00035","0","0","13.56","Humid","24.85","0","70.00","287082.40","SABD0000000001","AAV1.0.0.11","1.1.2.0","PSt7-10","170328-006","1/4/2020 10:31:52","0000-00","0","no battery","V"
"11/02/2020","11:28:44","1","default","640513929","OXY_CH1","14.359","min","166.403","µmol/L","Humid","22.522","deg","42353","µV","27.711","°C","1019.000","hPa","35.3","pmil","0","55.520","deg","20.000","°C","100.000","%a.s.","21.750","deg","20.000","°C","977.000","hPa","0.861","-0.02617","0.00035","0","0","13.56","Humid","24.85","0","70.00","287079.37","SABD0000000001","AAV1.0.0.11","1.1.2.0","PSt7-10","170328-006","1/4/2020 10:31:52","0000-00","0","no battery","V"
"11/02/2020","11:28:45","1","default","640513929","OXY_CH1","14.375","min","166.446","µmol/L","Humid","22.518","deg","42353","µV","27.713","°C","1018.000","hPa","35.3","pmil","0","55.520","deg","20.000","°C","100.000","%a.s.","21.750","deg","20.000","°C","977.000","hPa","0.861","-0.02617","0.00035","0","0","13.56","Humid","24.85","0","70.00","287084.51","SABD0000000001","AAV1.0.0.11","1.1.2.0","PSt7-10","170328-006","1/4/2020 10:31:52","0000-00","0","no battery","V"
"11/02/2020","11:28:46","1","default","640513929","OXY_CH1","14.392","min","166.376","µmol/L","Humid","22.526","deg","42357","µV","27.704","°C","1018.000","hPa","35.3","pmil","0","55.520","deg","20.000","°C","100.000","%a.s.","21.750","deg","20.000","°C","977.000","hPa","0.861","-0.02617","0.00035","0","0","13.56","Humid","24.85","0","70.00","287071.46","SABD0000000001","AAV1.0.0.11","1.1.2.0","PSt7-10","170328-006","1/4/2020 10:31:52","0000-00","0","no battery","V"
"11/02/2020","11:28:47","1","default","640513929","OXY_CH1","14.408","min","166.389","µmol/L","Humid","22.526","deg","42364","µV","27.701","°C","1018.000","hPa","35.3","pmil","0","55.520","deg","20.000","°C","100.000","%a.s.","21.750","deg","20.000","°C","977.000","hPa","0.861","-0.02617","0.00035","0","0","13.56","Humid","24.85","0","70.00","287082.69","SABD0000000001","AAV1.0.0.11","1.1.2.0","PSt7-10","170328-006","1/4/2020 10:31:52","0000-00","0","no battery","V"
"11/02/2020","11:28:48","1","default","640513929","OXY_CH1","14.425","min","166.381","µmol/L","Humid","22.527","deg","42364","µV","27.700","°C","1018.000","hPa","35.3","pmil","0","55.520","deg","20.000","°C","100.000","%a.s.","21.750","deg","20.000","°C","977.000","hPa","0.861","-0.02617","0.00035","0","0","13.56","Humid","24.85","0","70.00","287076.97","SABD0000000001","AAV1.0.0.11","1.1.2.0","PSt7-10","170328-006","1/4/2020 10:31:52","0000-00","0","no battery","V"
"11/02/2020","11:28:49","1","default","640513929","OXY_CH1","14.442","min","166.408","µmol/L","Humid","22.524","deg","42371","µV","27.703","°C","1018.000","hPa","35.3","pmil","0","55.520","deg","20.000","°C","100.000","%a.s.","21.750","deg","20.000","°C","977.000","hPa","0.861","-0.02617","0.00035","0","0","13.56","Humid","24.85","0","70.00","287066.48","SABD0000000001","AAV1.0.0.11","1.1.2.0","PSt7-10","170328-006","1/4/2020 10:31:52","0000-00","0","no battery","V"
"11/02/2020","11:28:50","1","default","640513929","OXY_CH1","14.459","min","166.377","µmol/L","Humid","22.524","deg","42362","µV","27.710","°C","1018.000","hPa","35.3","pmil","0","55.520","deg","20.000","°C","100.000","%a.s.","21.750","deg","20.000","°C","977.000","hPa","0.861","-0.02617","0.00035","0","0","13.56","Humid","24.85","0","70.00","287071.00","SABD0000000001","AAV1.0.0.11","1.1.2.0","PSt7-10","170328-006","1/4/2020 10:31:52","0000-00","0","no battery","V"
"11/02/2020","11:28:51","1","default","640513929","OXY_CH1","14.476","min","166.622","µmol/L","Humid","22.513","deg","42357","µV","27.692","°C","1018.000","hPa","35.3","pmil","0","55.520","deg","20.000","°C","100.000","%a.s.","21.750","deg","20.000","°C","977.000","hPa","0.861","-0.02617","0.00035","0","0","13.56","Humid","24.85","0","70.00","287079.07","SABD0000000001","AAV1.0.0.11","1.1.2.0","PSt7-10","170328-006","1/4/2020 10:31:52","0000-00","0","no battery","V"
"11/02/2020","11:28:52","1","default","640513929","OXY_CH1","14.492","min","166.332","µmol/L","Humid","22.526","deg","42364","µV","27.713","°C","1018.000","hPa","35.3","pmil","0","55.520","deg","20.000","°C","100.000","%a.s.","21.750","deg","20.000","°C","977.000","hPa","0.861","-0.02617","0.00035","0","0","13.56","Humid","24.85","0","70.00","287070.18","SABD0000000001","AAV1.0.0.11","1.1.2.0","PSt7-10","170328-006","1/4/2020 10:31:52","0000-00","0","no battery","V"
"11/02/2020","11:28:53","1","default","640513929","OXY_CH1","14.509","min","166.298","µmol/L","Humid","22.534","deg","42357","µV","27.697","°C","1018.000","hPa","35.3","pmil","0","55.520","deg","20.000","°C","100.000","%a.s.","21.750","deg","20.000","°C","977.000","hPa","0.861","-0.02617","0.00035","0","0","13.56","Humid","24.85","0","70.00","287068.69","SABD0000000001","AAV1.0.0.11","1.1.2.0","PSt7-10","170328-006","1/4/2020 10:31:52","0000-00","0","no battery","V"
"11/02/2020","11:28:54","1","default","640513929","OXY_CH1","14.525","min","166.339","µmol/L","Humid","22.534","deg","42363","µV","27.688","°C","1018.000","hPa","35.3","pmil","0","55.520","deg","20.000","°C","100.000","%a.s.","21.750","deg","20.000","°C","977.000","hPa","0.861","-0.02617","0.00035","0","0","13.56","Humid","24.85","0","70.00","287070.53","SABD0000000001","AAV1.0.0.11","1.1.2.0","PSt7-10","170328-006","1/4/2020 10:31:52","0000-00","0","no battery","V"
"11/02/2020","11:28:55","1","default","640513929","OXY_CH1","14.542","min","166.386","µmol/L","Humid","22.532","deg","42367","µV","27.685","°C","1018.000","hPa","35.3","pmil","0","55.520","deg","20.000","°C","100.000","%a.s.","21.750","deg","20.000","°C","977.000","hPa","0.861","-0.02617","0.00035","0","0","13.56","Humid","24.85","0","70.00","287080.01","SABD0000000001","AAV1.0.0.11","1.1.2.0","PSt7-10","170328-006","1/4/2020 10:31:52","0000-00","0","no battery","V"
"11/02/2020","11:28:56","1","default","640513929","OXY_CH1","14.558","min","166.319","µmol/L","Humid","22.537","deg","42369","µV","27.684","°C","1018.000","hPa","35.3","pmil","0","55.520","deg","20.000","°C","100.000","%a.s.","21.750","deg","20.000","°C","977.000","hPa","0.861","-0.02617","0.00035","0","0","13.56","Humid","24.85","0","70.00","287060.30","SABD0000000001","AAV1.0.0.11","1.1.2.0","PSt7-10","170328-006","1/4/2020 10:31:52","0000-00","0","no battery","V"
"11/02/2020","11:28:57","1","default","640513929","OXY_CH1","14.575","min","166.408","µmol/L","Humid","22.530","deg","42374","µV","27.686","°C","1018.000","hPa","35.3","pmil","0","55.520","deg","20.000","°C","100.000","%a.s.","21.750","deg","20.000","°C","977.000","hPa","0.861","-0.02617","0.00035","0","0","13.56","Humid","24.85","0","70.00","287063.36","SABD0000000001","AAV1.0.0.11","1.1.2.0","PSt7-10","170328-006","1/4/2020 10:31:52","0000-00","0","no battery","V"
"11/02/2020","11:28:58","1","default","640513929","OXY_CH1","14.592","min","166.448","µmol/L","Humid","22.528","deg","42372","µV","27.683","°C","1018.000","hPa","35.3","pmil","0","55.520","deg","20.000","°C","100.000","%a.s.","21.750","deg","20.000","°C","977.000","hPa","0.861","-0.02617","0.00035","0","0","13.56","Humid","24.85","0","70.00","287056.89","SABD0000000001","AAV1.0.0.11","1.1.2.0","PSt7-10","170328-006","1/4/2020 10:31:52","0000-00","0","no battery","V"
"11/02/2020","11:28:59","1","default","640513929","OXY_CH1","14.609","min","166.200","µmol/L","Humid","22.537","deg","42372","µV","27.708","°C","1018.000","hPa","35.3","pmil","0","55.520","deg","20.000","°C","100.000","%a.s.","21.750","deg","20.000","°C","977.000","hPa","0.861","-0.02617","0.00035","0","0","13.56","Humid","24.85","0","70.00","287061.04","SABD0000000001","AAV1.0.0.11","1.1.2.0","PSt7-10","170328-006","1/4/2020 10:31:52","0000-00","0","no battery","V"
"11/02/2020","11:29:00","1","default","640513929","OXY_CH1","14.625","min","166.215","µmol/L","Humid","22.537","deg","42378","µV","27.705","°C","1018.000","hPa","35.3","pmil","0","55.520","deg","20.000","°C","100.000","%a.s.","21.750","deg","20.000","°C","977.000","hPa","0.861","-0.02617","0.00035","0","0","13.56","Humid","24.85","0","70.00","287069.06","SABD0000000001","AAV1.0.0.11","1.1.2.0","PSt7-10","170328-006","1/4/2020 10:31:52","0000-00","0","no battery","V"
"11/02/2020","11:29:01","1","default","640513929","OXY_CH1","14.642","min","166.266","µmol/L","Humid","22.535","deg","42380","µV","27.700","°C","1018.000","hPa","35.3","pmil","0","55.520","deg","20.000","°C","100.000","%a.s.","21.750","deg","20.000","°C","977.000","hPa","0.861","-0.02617","0.00035","0","0","13.56","Humid","24.85","0","70.00","287057.34","SABD0000000001","AAV1.0.0.11","1.1.2.0","PSt7-10","170328-006","1/4/2020 10:31:52","0000-00","0","no battery","V"
"11/02/2020","11:29:02","1","default","640513929","OXY_CH1","14.659","min","166.209","µmol/L","Humid","22.538","deg","42380","µV","27.703","°C","1018.000","hPa","35.3","pmil","0","55.520","deg","20.000","°C","100.000","%a.s.","21.750","deg","20.000","°C","977.000","hPa","0.861","-0.02617","0.00035","0","0","13.56","Humid","24.85","0","70.00","287053.89","SABD0000000001","AAV1.0.0.11","1.1.2.0","PSt7-10","170328-006","1/4/2020 10:31:52","0000-00","0","no battery","V"
"11/02/2020","11:29:03","1","default","640513929","OXY_CH1","14.676","min","166.315","µmol/L","Humid","22.532","deg","42388","µV","27.699","°C","1018.000","hPa","35.3","pmil","0","55.520","deg","20.000","°C","100.000","%a.s.","21.750","deg","20.000","°C","977.000","hPa","0.861","-0.02617","0.00035","0","0","13.56","Humid","24.85","0","70.00","287060.53","SABD0000000001","AAV1.0.0.11","1.1.2.0","PSt7-10","170328-006","1/4/2020 10:31:52","0000-00","0","no battery","V"
"11/02/2020","11:29:04","1","default","640513929","OXY_CH1","14.692","min","166.276","µmol/L","Humid","22.538","deg","42376","µV","27.690","°C","1018.000","hPa","35.3","pmil","0","55.520","deg","20.000","°C","100.000","%a.s.","21.750","deg","20.000","°C","977.000","hPa","0.861","-0.02617","0.00035","0","0","13.56","Humid","24.85","0","70.00","287067.09","SABD0000000001","AAV1.0.0.11","1.1.2.0","PSt7-10","170328-006","1/4/2020 10:31:52","0000-00","0","no battery","V"
"11/02/2020","11:29:05","1","default","640513929","OXY_CH1","14.708","min","166.210","µmol/L","Humid","22.542","deg","42382","µV","27.691","°C","1018.000","hPa","35.3","pmil","0","55.520","deg","20.000","°C","100.000","%a.s.","21.750","deg","20.000","°C","977.000","hPa","0.861","-0.02617","0.00035","0","0","13.56","Humid","24.85","0","70.00","287056.16","SABD0000000001","AAV1.0.0.11","1.1.2.0","PSt7-10","170328-006","1/4/2020 10:31:52","0000-00","0","no battery","V"
"11/02/2020","11:29:06","1","default","640513929","OXY_CH1","14.725","min","166.251","µmol/L","Humid","22.539","deg","42380","µV","27.692","°C","1018.000","hPa","35.3","pmil","0","55.520","deg","20.000","°C","100.000","%a.s.","21.750","deg","20.000","°C","977.000","hPa","0.861","-0.02617","0.00035","0","0","13.56","Humid","24.85","0","70.00","287054.98","SABD0000000001","AAV1.0.0.11","1.1.2.0","PSt7-10","170328-006","1/4/2020 10:31:52","0000-00","0","no battery","V"
"11/02/2020","11:29:07","1","default","640513929","OXY_CH1","14.742","min","166.293","µmol/L","Humid","22.541","deg","42395","µV","27.679","°C","1019.000","hPa","35.3","pmil","0","55.520","deg","20.000","°C","100.000","%a.s.","21.750","deg","20.000","°C","977.000","hPa","0.861","-0.02617","0.00035","0","0","13.56","Humid","24.85","0","70.00","287046.18","SABD0000000001","AAV1.0.0.11","1.1.2.0","PSt7-10","170328-006","1/4/2020 10:31:52","0000-00","0","no battery","V"
"11/02/2020","11:29:08","1","default","640513929","OXY_CH1","14.759","min","166.229","µmol/L","Humid","22.545","deg","42390","µV","27.680","°C","1019.000","hPa","35.3","pmil","0","55.520","deg","20.000","°C","100.000","%a.s.","21.750","deg","20.000","°C","977.000","hPa","0.861","-0.02617","0.00035","0","0","13.56","Humid","24.85","0","70.00","287063.36","SABD0000000001","AAV1.0.0.11","1.1.2.0","PSt7-10","170328-006","1/4/2020 10:31:52","0000-00","0","no battery","V"
"11/02/2020","11:29:09","1","default","640513929","OXY_CH1","14.775","min","166.249","µmol/L","Humid","22.543","deg","42393","µV","27.682","°C","1019.000","hPa","35.3","pmil","0","55.520","deg","20.000","°C","100.000","%a.s.","21.750","deg","20.000","°C","977.000","hPa","0.861","-0.02617","0.00035","0","0","13.56","Humid","24.85","0","70.00","287051.46","SABD0000000001","AAV1.0.0.11","1.1.2.0","PSt7-10","170328-006","1/4/2020 10:31:52","0000-00","0","no battery","V"
"11/02/2020","11:29:10","1","default","640513929","OXY_CH1","14.792","min","166.322","µmol/L","Humid","22.541","deg","42392","µV","27.673","°C","1019.000","hPa","35.3","pmil","0","55.520","deg","20.000","°C","100.000","%a.s.","21.750","deg","20.000","°C","977.000","hPa","0.861","-0.02617","0.00035","0","0","13.56","Humid","24.85","0","70.00","287049.96","SABD0000000001","AAV1.0.0.11","1.1.2.0","PSt7-10","170328-006","1/4/2020 10:31:52","0000-00","0","no battery","V"
"11/02/2020","11:29:11","1","default","640513929","OXY_CH1","14.809","min","166.243","µmol/L","Humid","22.542","deg","42389","µV","27.686","°C","1019.000","hPa","35.3","pmil","0","55.520","deg","20.000","°C","100.000","%a.s.","21.750","deg","20.000","°C","977.000","hPa","0.861","-0.02617","0.00035","0","0","13.56","Humid","24.85","0","70.00","287046.86","SABD0000000001","AAV1.0.0.11","1.1.2.0","PSt7-10","170328-006","1/4/2020 10:31:52","0000-00","0","no battery","V"
"11/02/2020","11:29:12","1","default","640513929","OXY_CH1","14.826","min","166.160","µmol/L","Humid","22.549","deg","42397","µV","27.683","°C","1019.000","hPa","35.3","pmil","0","55.520","deg","20.000","°C","100.000","%a.s.","21.750","deg","20.000","°C","977.000","hPa","0.861","-0.02617","0.00035","0","0","13.56","Humid","24.85","0","70.00","287049.53","SABD0000000001","AAV1.0.0.11","1.1.2.0","PSt7-10","170328-006","1/4/2020 10:31:52","0000-00","0","no battery","V"
"11/02/2020","11:29:13","1","default","640513929","OXY_CH1","14.842","min","166.214","µmol/L","Humid","22.543","deg","42391","µV","27.689","°C","1019.000","hPa","35.3","pmil","0","55.520","deg","20.000","°C","100.000","%a.s.","21.750","deg","20.000","°C","977.000","hPa","0.861","-0.02617","0.00035","0","0","13.56","Humid","24.85","0","70.00","287047.24","SABD0000000001","AAV1.0.0.11","1.1.2.0","PSt7-10","170328-006","1/4/2020 10:31:52","0000-00","0","no battery","V"
"11/02/2020","11:29:14","1","default","640513929","OXY_CH1","14.858","min","166.251","µmol/L","Humid","22.544","deg","42391","µV","27.678","°C","1019.000","hPa","35.3","pmil","0","55.520","deg","20.000","°C","100.000","%a.s.","21.750","deg","20.000","°C","977.000","hPa","0.861","-0.02617","0.00035","0","0","13.56","Humid","24.85","0","70.00","287050.15","SABD0000000001","AAV1.0.0.11","1.1.2.0","PSt7-10","170328-006","1/4/2020 10:31:52","0000-00","0","no battery","V"
"11/02/2020","11:29:15","1","default","640513929","OXY_CH1","14.875","min","166.218","µmol/L","Humid","22.545","deg","42397","µV","27.682","°C","1019.000","hPa","35.3","pmil","0","55.520","deg","20.000","°C","100.000","%a.s.","21.750","deg","20.000","°C","977.000","hPa","0.861","-0.02617","0.00035","0","0","13.56","Humid","24.85","0","70.00","287043.01","SABD0000000001","AAV1.0.0.11","1.1.2.0","PSt7-10","170328-006","1/4/2020 10:31:52","0000-00","0","no battery","V"
"11/02/2020","11:29:16","1","default","640513929","OXY_CH1","14.892","min","166.210","µmol/L","Humid","22.551","deg","42392","µV","27.667","°C","1019.000","hPa","35.3","pmil","0","55.520","deg","20.000","°C","100.000","%a.s.","21.750","deg","20.000","°C","977.000","hPa","0.861","-0.02617","0.00035","0","0","13.56","Humid","24.85","0","70.00","287047.92","SABD0000000001","AAV1.0.0.11","1.1.2.0","PSt7-10","170328-006","1/4/2020 10:31:52","0000-00","0","no battery","V"
"11/02/2020","11:29:17","1","default","640513929","OXY_CH1","14.909","min","166.121","µmol/L","Humid","22.552","deg","42402","µV","27.682","°C","1019.000","hPa","35.3","pmil","0","55.520","deg","20.000","°C","100.000","%a.s.","21.750","deg","20.000","°C","977.000","hPa","0.861","-0.02617","0.00035","0","0","13.56","Humid","24.85","0","70.00","287054.53","SABD0000000001","AAV1.0.0.11","1.1.2.0","PSt7-10","170328-006","1/4/2020 10:31:52","0000-00","0","no battery","V"
"11/02/2020","11:29:18","1","default","640513929","OXY_CH1","14.925","min","166.108","µmol/L","Humid","22.555","deg","42393","µV","27.676","°C","1019.000","hPa","35.3","pmil","0","55.520","deg","20.000","°C","100.000","%a.s.","21.750","deg","20.000","°C","977.000","hPa","0.861","-0.02617","0.00035","0","0","13.56","Humid","24.85","0","70.00","287044.63","SABD0000000001","AAV1.0.0.11","1.1.2.0","PSt7-10","170328-006","1/4/2020 10:31:52","0000-00","0","no battery","V"
"11/02/2020","11:29:19","1","default","640513929","OXY_CH1","14.942","min","166.051","µmol/L","Humid","22.555","deg","42394","µV","27.687","°C","1019.000","hPa","35.3","pmil","0","55.520","deg","20.000","°C","100.000","%a.s.","21.750","deg","20.000","°C","977.000","hPa","0.861","-0.02617","0.00035","0","0","13.56","Humid","24.85","0","70.00","287027.83","SABD0000000001","AAV1.0.0.11","1.1.2.0","PSt7-10","170328-006","1/4/2020 10:31:52","0000-00","0","no battery","V"
"11/02/2020","11:29:20","1","default","640513929","OXY_CH1","14.959","min","165.933","µmol/L","Humid","22.558","deg","42399","µV","27.703","°C","1019.000","hPa","35.3","pmil","0","55.520","deg","20.000","°C","100.000","%a.s.","21.750","deg","20.000","°C","977.000","hPa","0.861","-0.02617","0.00035","0","0","13.56","Humid","24.85","0","70.00","287038.46","SABD0000000001","AAV1.0.0.11","1.1.2.0","PSt7-10","170328-006","1/4/2020 10:31:52","0000-00","0","no battery","V"
"11/02/2020","11:29:21","1","default","640513929","OXY_CH1","14.976","min","166.093","µmol/L","Humid","22.554","deg","42399","µV","27.682","°C","1019.000","hPa","35.3","pmil","0","55.520","deg","20.000","°C","100.000","%a.s.","21.750","deg","20.000","°C","977.000","hPa","0.861","-0.02617","0.00035","0","0","13.56","Humid","24.85","0","70.00","287041.36","SABD0000000001","AAV1.0.0.11","1.1.2.0","PSt7-10","170328-006","1/4/2020 10:31:52","0000-00","0","no battery","V"
"11/02/2020","11:29:22","1","default","640513929","OXY_CH1","14.992","min","166.020","µmol/L","Humid","22.558","deg","42405","µV","27.685","°C","1019.000","hPa","35.3","pmil","0","55.520","deg","20.000","°C","100.000","%a.s.","21.750","deg","20.000","°C","977.000","hPa","0.861","-0.02617","0.00035","0","0","13.56","Humid","24.85","0","70.00","287037.87","SABD0000000001","AAV1.0.0.11","1.1.2.0","PSt7-10","170328-006","1/4/2020 10:31:52","0000-00","0","no battery","V"
"11/02/2020","11:29:23","1","default","640513929","OXY_CH1","15.008","min","166.104","µmol/L","Humid","22.553","deg","42410","µV","27.682","°C","1019.000","hPa","35.3","pmil","0","55.520","deg","20.000","°C","100.000","%a.s.","21.750","deg","20.000","°C","977.000","hPa","0.861","-0.02617","0.00035","0","0","13.56","Humid","24.85","0","70.00","287041.47","SABD0000000001","AAV1.0.0.11","1.1.2.0","PSt7-10","170328-006","1/4/2020 10:31:52","0000-00","0","no battery","V"
"11/02/2020","11:29:24","1","default","640513929","OXY_CH1","15.025","min","166.183","µmol/L","Humid","22.552","deg","42405","µV","27.669","°C","1019.000","hPa","35.3","pmil","0","55.520","deg","20.000","°C","100.000","%a.s.","21.750","deg","20.000","°C","977.000","hPa","0.861","-0.02617","0.00035","0","0","13.56","Humid","24.85","0","70.00","287042.25","SABD0000000001","AAV1.0.0.11","1.1.2.0","PSt7-10","170328-006","1/4/2020 10:31:52","0000-00","0","no battery","V"
"11/02/2020","11:29:25","1","default","640513929","OXY_CH1","15.042","min","166.055","µmol/L","Humid","22.555","deg","42408","µV","27.687","°C","1019.000","hPa","35.3","pmil","0","55.520","deg","20.000","°C","100.000","%a.s.","21.750","deg","20.000","°C","977.000","hPa","0.861","-0.02617","0.00035","0","0","13.56","Humid","24.85","0","70.00","287050.61","SABD0000000001","AAV1.0.0.11","1.1.2.0","PSt7-10","170328-006","1/4/2020 10:31:52","0000-00","0","no battery","V"
"11/02/2020","11:29:26","1","default","640513929","OXY_CH1","15.059","min","166.074","µmol/L","Humid","22.555","deg","42411","µV","27.683","°C","1019.000","hPa","35.3","pmil","0","55.520","deg","20.000","°C","100.000","%a.s.","21.750","deg","20.000","°C","977.000","hPa","0.861","-0.02617","0.00035","0","0","13.56","Humid","24.85","0","70.00","287041.11","SABD0000000001","AAV1.0.0.11","1.1.2.0","PSt7-10","170328-006","1/4/2020 10:31:52","0000-00","0","no battery","V"
"11/02/2020","11:29:27","1","default","640513929","OXY_CH1","15.075","min","166.090","µmol/L","Humid","22.558","deg","42413","µV","27.671","°C","1019.000","hPa","35.3","pmil","0","55.520","deg","20.000","°C","100.000","%a.s.","21.750","deg","20.000","°C","977.000","hPa","0.861","-0.02617","0.00035","0","0","13.56","Humid","24.85","0","70.00","287037.65","SABD0000000001","AAV1.0.0.11","1.1.2.0","PSt7-10","170328-006","1/4/2020 10:31:52","0000-00","0","no battery","V"
"11/02/2020","11:29:28","1","default","640513929","OXY_CH1","15.092","min","166.055","µmol/L","Humid","22.560","deg","42416","µV","27.672","°C","1019.000","hPa","35.3","pmil","0","55.520","deg","20.000","°C","100.000","%a.s.","21.750","deg","20.000","°C","977.000","hPa","0.861","-0.02617","0.00035","0","0","13.56","Humid","24.85","0","70.00","287042.91","SABD0000000001","AAV1.0.0.11","1.1.2.0","PSt7-10","170328-006","1/4/2020 10:31:52","0000-00","0","no battery","V"
"11/02/2020","11:29:29","1","default","640513929","OXY_CH1","15.109","min","165.982","µmol/L","Humid","22.564","deg","42418","µV","27.675","°C","1019.000","hPa","35.3","pmil","0","55.520","deg","20.000","°C","100.000","%a.s.","21.750","deg","20.000","°C","977.000","hPa","0.861","-0.02617","0.00035","0","0","13.56","Humid","24.85","0","70.00","287036.99","SABD0000000001","AAV1.0.0.11","1.1.2.0","PSt7-10","170328-006","1/4/2020 10:31:52","0000-00","0","no battery","V"
"11/02/2020","11:29:30","1","default","640513929","OXY_CH1","15.126","min","165.956","µmol/L","Humid","22.566","deg","42424","µV","27.675","°C","1019.000","hPa","35.3","pmil","0","55.520","deg","20.000","°C","100.000","%a.s.","21.750","deg","20.000","°C","977.000","hPa","0.861","-0.02617","0.00035","0","0","13.56","Humid","24.85","0","70.00","287040.28","SABD0000000001","AAV1.0.0.11","1.1.2.0","PSt7-10","170328-006","1/4/2020 10:31:52","0000-00","0","no battery","V"
"11/02/2020","11:29:31","1","default","640513929","OXY_CH1","15.142","min","166.105","µmol/L","Humid","22.559","deg","42416","µV","27.665","°C","1019.000","hPa","35.3","pmil","0","55.520","deg","20.000","°C","100.000","%a.s.","21.750","deg","20.000","°C","977.000","hPa","0.861","-0.02617","0.00035","0","0","13.56","Humid","24.85","0","70.00","287033.83","SABD0000000001","AAV1.0.0.11","1.1.2.0","PSt7-10","170328-006","1/4/2020 10:31:52","0000-00","0","no battery","V"
"11/02/2020","11:29:32","1","default","640513929","OXY_CH1","15.159","min","165.961","µmol/L","Humid","22.566","deg","42418","µV","27.674","°C","1019.000","hPa","35.3","pmil","0","55.520","deg","20.000","°C","100.000","%a.s.","21.750","deg","20.000","°C","977.000","hPa","0.861","-0.02617","0.00035","0","0","13.56","Humid","24.85","0","70.00","287043.83","SABD0000000001","AAV1.0.0.11","1.1.2.0","PSt7-10","170328-006","1/4/2020 10:31:52","0000-00","0","no battery","V"
"11/02/2020","11:29:33","1","default","640513929","OXY_CH1","15.175","min","166.136","µmol/L","Humid","22.559","deg","42421","µV","27.658","°C","1019.000","hPa","35.3","pmil","0","55.520","deg","20.000","°C","100.000","%a.s.","21.750","deg","20.000","°C","977.000","hPa","0.861","-0.02617","0.00035","0","0","13.56","Humid","24.85","0","70.00","287034.94","SABD0000000001","AAV1.0.0.11","1.1.2.0","PSt7-10","170328-006","1/4/2020 10:31:52","0000-00","0","no battery","V"
"11/02/2020","11:29:34","1","default","640513929","OXY_CH1","15.192","min","166.148","µmol/L","Humid","22.557","deg","42430","µV","27.662","°C","1019.000","hPa","35.3","pmil","0","55.520","deg","20.000","°C","100.000","%a.s.","21.750","deg","20.000","°C","977.000","hPa","0.861","-0.02617","0.00035","0","0","13.56","Humid","24.85","0","70.00","287028.89","SABD0000000001","AAV1.0.0.11","1.1.2.0","PSt7-10","170328-006","1/4/2020 10:31:52","0000-00","0","no battery","V"
"11/02/2020","11:29:35","1","default","640513929","OXY_CH1","15.208","min","165.982","µmol/L","Humid","22.567","deg","42430","µV","27.667","°C","1019.000","hPa","35.3","pmil","0","55.520","deg","20.000","°C","100.000","%a.s.","21.750","deg","20.000","°C","977.000","hPa","0.861","-0.02617","0.00035","0","0","13.56","Humid","24.85","0","70.00","287025.19","SABD0000000001","AAV1.0.0.11","1.1.2.0","PSt7-10","170328-006","1/4/2020 10:31:52","0000-00","0","no battery","V"
"11/02/2020","11:29:36","1","default","640513929","OXY_CH1","15.225","min","166.053","µmol/L","Humid","22.563","deg","42424","µV","27.664","°C","1019.000","hPa","35.3","pmil","0","55.520","deg","20.000","°C","100.000","%a.s.","21.750","deg","20.000","°C","977.000","hPa","0.861","-0.02617","0.00035","0","0","13.56","Humid","24.85","0","70.00","287027.41","SABD0000000001","AAV1.0.0.11","1.1.2.0","PSt7-10","170328-006","1/4/2020 10:31:52","0000-00","0","no battery","V"
"11/02/2020","11:29:37","1","default","640513929","OXY_CH1","15.242","min","165.964","µmol/L","Humid","22.566","deg","42426","µV","27.673","°C","1019.000","hPa","35.3","pmil","0","55.520","deg","20.000","°C","100.000","%a.s.","21.750","deg","20.000","°C","977.000","hPa","0.861","-0.02617","0.00035","0","0","13.56","Humid","24.85","0","70.00","287036.58","SABD0000000001","AAV1.0.0.11","1.1.2.0","PSt7-10","170328-006","1/4/2020 10:31:52","0000-00","0","no battery","V"
"11/02/2020","11:29:38","1","default","640513929","OXY_CH1","15.259","min","165.971","µmol/L","Humid","22.565","deg","42423","µV","27.675","°C","1019.000","hPa","35.3","pmil","0","55.520","deg","20.000","°C","100.000","%a.s.","21.750","deg","20.000","°C","977.000","hPa","0.861","-0.02617","0.00035","0","0","13.56","Humid","24.85","0","70.00","287023.19","SABD0000000001","AAV1.0.0.11","1.1.2.0","PSt7-10","170328-006","1/4/2020 10:31:52","0000-00","0","no battery","V"
"11/02/2020","11:29:39","1","default","640513929","OXY_CH1","15.275","min","165.981","µmol/L","Humid","22.561","deg","42430","µV","27.684","°C","1019.000","hPa","35.3","pmil","0","55.520","deg","20.000","°C","100.000","%a.s.","21.750","deg","20.000","°C","977.000","hPa","0.861","-0.02617","0.00035","0","0","13.56","Humid","24.85","0","70.00","287034.79","SABD0000000001","AAV1.0.0.11","1.1.2.0","PSt7-10","170328-006","1/4/2020 10:31:52","0000-00","0","no battery","V"
"11/02/2020","11:29:40","1","default","640513929","OXY_CH1","15.292","min","165.778","µmol/L","Humid","22.575","deg","42432","µV","27.684","°C","1018.000","hPa","35.3","pmil","0","55.520","deg","20.000","°C","100.000","%a.s.","21.750","deg","20.000","°C","977.000","hPa","0.861","-0.02617","0.00035","0","0","13.56","Humid","24.85","0","70.00","287034.06","SABD0000000001","AAV1.0.0.11","1.1.2.0","PSt7-10","170328-006","1/4/2020 10:31:52","0000-00","0","no battery","V"
"11/02/2020","11:29:41","1","default","640513929","OXY_CH1","15.309","min","165.875","µmol/L","Humid","22.569","deg","42429","µV","27.681","°C","1018.000","hPa","35.3","pmil","0","55.520","deg","20.000","°C","100.000","%a.s.","21.750","deg","20.000","°C","977.000","hPa","0.861","-0.02617","0.00035","0","0","13.56","Humid","24.85","0","70.00","287026.57","SABD0000000001","AAV1.0.0.11","1.1.2.0","PSt7-10","170328-006","1/4/2020 10:31:52","0000-00","0","no battery","V"
"11/02/2020","11:29:42","1","default","640513929","OXY_CH1","15.326","min","165.922","µmol/L","Humid","22.572","deg","42433","µV","27.663","°C","1018.000","hPa","35.3","pmil","0","55.520","deg","20.000","°C","100.000","%a.s.","21.750","deg","20.000","°C","977.000","hPa","0.861","-0.02617","0.00035","0","0","13.56","Humid","24.85","0","70.00","287023.00","SABD0000000001","AAV1.0.0.11","1.1.2.0","PSt7-10","170328-006","1/4/2020 10:31:52","0000-00","0","no battery","V"
"11/02/2020","11:29:43","1","default","640513929","OXY_CH1","15.342","min","165.859","µmol/L","Humid","22.572","deg","42428","µV","27.676","°C","1018.000","hPa","35.3","pmil","0","55.520","deg","20.000","°C","100.000","%a.s.","21.750","deg","20.000","°C","977.000","hPa","0.861","-0.02617","0.00035","0","0","13.56","Humid","24.85","0","70.00","287026.73","SABD0000000001","AAV1.0.0.11","1.1.2.0","PSt7-10","170328-006","1/4/2020 10:31:52","0000-00","0","no battery","V"
"11/02/2020","11:29:44","1","default","640513929","OXY_CH1","15.359","min","165.876","µmol/L","Humid","22.571","deg","42432","µV","27.675","°C","1018.000","hPa","35.3","pmil","0","55.520","deg","20.000","°C","100.000","%a.s.","21.750","deg","20.000","°C","977.000","hPa","0.861","-0.02617","0.00035","0","0","13.56","Humid","24.85","0","70.00","287025.24","SABD0000000001","AAV1.0.0.11","1.1.2.0","PSt7-10","170328-006","1/4/2020 10:31:52","0000-00","0","no battery","V"
"11/02/2020","11:29:45","1","default","640513929","OXY_CH1","15.375","min","165.855","µmol/L","Humid","22.573","deg","42427","µV","27.674","°C","1018.000","hPa","35.3","pmil","0","55.520","deg","20.000","°C","100.000","%a.s.","21.750","deg","20.000","°C","977.000","hPa","0.861","-0.02617","0.00035","0","0","13.56","Humid","24.85","0","70.00","287024.02","SABD0000000001","AAV1.0.0.11","1.1.2.0","PSt7-10","170328-006","1/4/2020 10:31:52","0000-00","0","no battery","V"
"11/02/2020","11:29:46","1","default","640513929","OXY_CH1","15.392","min","165.921","µmol/L","Humid","22.572","deg","42428","µV","27.665","°C","1019.000","hPa","35.3","pmil","0","55.520","deg","20.000","°C","100.000","%a.s.","21.750","deg","20.000","°C","977.000","hPa","0.861","-0.02617","0.00035","0","0","13.56","Humid","24.85","0","70.00","287015.99","SABD0000000001","AAV1.0.0.11","1.1.2.0","PSt7-10","170328-006","1/4/2020 10:31:52","0000-00","0","no battery","V"
"11/02/2020","11:29:47","1","default","640513929","OXY_CH1","15.408","min","165.895","µmol/L","Humid","22.569","deg","42429","µV","27.678","°C","1018.000","hPa","35.3","pmil","0","55.520","deg","20.000","°C","100.000","%a.s.","21.750","deg","20.000","°C","977.000","hPa","0.861","-0.02617","0.00035","0","0","13.56","Humid","24.85","0","70.00","287023.50","SABD0000000001","AAV1.0.0.11","1.1.2.0","PSt7-10","170328-006","1/4/2020 10:31:52","0000-00","0","no battery","V"
"11/02/2020","11:29:48","1","default","640513929","OXY_CH1","15.425","min","165.835","µmol/L","Humid","22.576","deg","42432","µV","27.669","°C","1018.000","hPa","35.3","pmil","0","55.520","deg","20.000","°C","100.000","%a.s.","21.750","deg","20.000","°C","977.000","hPa","0.861","-0.02617","0.00035","0","0","13.56","Humid","24.85","0","70.00","287010.99","SABD0000000001","AAV1.0.0.11","1.1.2.0","PSt7-10","170328-006","1/4/2020 10:31:52","0000-00","0","no battery","V"
"11/02/2020","11:29:49","1","default","640513929","OXY_CH1","15.442","min","165.709","µmol/L","Humid","22.586","deg","42431","µV","27.666","°C","1018.000","hPa","35.3","pmil","0","55.520","deg","20.000","°C","100.000","%a.s.","21.750","deg","20.000","°C","977.000","hPa","0.861","-0.02617","0.00035","0","0","13.56","Humid","24.85","0","70.00","287026.95","SABD0000000001","AAV1.0.0.11","1.1.2.0","PSt7-10","170328-006","1/4/2020 10:31:52","0000-00","0","no battery","V"
"11/02/2020","11:29:50","1","default","640513929","OXY_CH1","15.459","min","165.984","µmol/L","Humid","22.574","deg","42438","µV","27.645","°C","1018.000","hPa","35.3","pmil","0","55.520","deg","20.000","°C","100.000","%a.s.","21.750","deg","20.000","°C","977.000","hPa","0.861","-0.02617","0.00035","0","0","13.56","Humid","24.85","0","70.00","287016.20","SABD0000000001","AAV1.0.0.11","1.1.2.0","PSt7-10","170328-006","1/4/2020 10:31:52","0000-00","0","no battery","V"
"11/02/2020","11:29:51","1","default","640513929","OXY_CH1","15.475","min","165.997","µmol/L","Humid","22.574","deg","42440","µV","27.642","°C","1018.000","hPa","35.3","pmil","0","55.520","deg","20.000","°C","100.000","%a.s.","21.750","deg","20.000","°C","977.000","hPa","0.861","-0.02617","0.00035","0","0","13.56","Humid","24.85","0","70.00","287020.28","SABD0000000001","AAV1.0.0.11","1.1.2.0","PSt7-10","170328-006","1/4/2020 10:31:52","0000-00","0","no battery","V"
"11/02/2020","11:29:52","1","default","640513929","OXY_CH1","15.492","min","165.859","µmol/L","Humid","22.579","deg","42432","µV","27.656","°C","1018.000","hPa","35.3","pmil","0","55.520","deg","20.000","°C","100.000","%a.s.","21.750","deg","20.000","°C","977.000","hPa","0.861","-0.02617","0.00035","0","0","13.56","Humid","24.85","0","70.00","287017.12","SABD0000000001","AAV1.0.0.11","1.1.2.0","PSt7-10","170328-006","1/4/2020 10:31:52","0000-00","0","no battery","V"
"11/02/2020","11:29:53","1","default","640513929","OXY_CH1","15.509","min","165.812","µmol/L","Humid","22.581","deg","42436","µV","27.660","°C","1018.000","hPa","35.3","pmil","0","55.520","deg","20.000","°C","100.000","%a.s.","21.750","deg","20.000","°C","977.000","hPa","0.861","-0.02617","0.00035","0","0","13.56","Humid","24.85","0","70.00","287014.37","SABD0000000001","AAV1.0.0.11","1.1.2.0","PSt7-10","170328-006","1/4/2020 10:31:52","0000-00","0","no battery","V"
"11/02/2020","11:29:54","1","default","640513929","OXY_CH1","15.526","min","165.823","µmol/L","Humid","22.585","deg","42438","µV","27.646","°C","1018.000","hPa","35.3","pmil","0","55.520","deg","20.000","°C","100.000","%a.s.","21.750","deg","20.000","°C","977.000","hPa","0.861","-0.02617","0.00035","0","0","13.56","Humid","24.85","0","70.00","287008.54","SABD0000000001","AAV1.0.0.11","1.1.2.0","PSt7-10","170328-006","1/4/2020 10:31:52","0000-00","0","no battery","V"
"11/02/2020","11:29:55","1","default","640513929","OXY_CH1","15.542","min","165.896","µmol/L","Humid","22.577","deg","42438","µV","27.654","°C","1018.000","hPa","35.3","pmil","0","55.520","deg","20.000","°C","100.000","%a.s.","21.750","deg","20.000","°C","977.000","hPa","0.861","-0.02617","0.00035","0","0","13.56","Humid","24.85","0","70.00","287011.81","SABD0000000001","AAV1.0.0.11","1.1.2.0","PSt7-10","170328-006","1/4/2020 10:31:52","0000-00","0","no battery","V"
"11/02/2020","11:29:56","1","default","640513929","OXY_CH1","15.559","min","165.805","µmol/L","Humid","22.578","deg","42444","µV","27.670","°C","1018.000","hPa","35.3","pmil","0","55.520","deg","20.000","°C","100.000","%a.s.","21.750","deg","20.000","°C","977.000","hPa","0.861","-0.02617","0.00035","0","0","13.56","Humid","24.85","0","70.00","287013.54","SABD0000000001","AAV1.0.0.11","1.1.2.0","PSt7-10","170328-006","1/4/2020 10:31:52","0000-00","0","no battery","V"
"11/02/2020","11:29:57","1","default","640513929","OXY_CH1","15.575","min","165.804","µmol/L","Humid","22.579","deg","42442","µV","27.667","°C","1018.000","hPa","35.3","pmil","0","55.520","deg","20.000","°C","100.000","%a.s.","21.750","deg","20.000","°C","977.000","hPa","0.861","-0.02617","0.00035","0","0","13.56","Humid","24.85","0","70.00","287004.90","SABD0000000001","AAV1.0.0.11","1.1.2.0","PSt7-10","170328-006","1/4/2020 10:31:52","0000-00","0","no battery","V"
"11/02/2020","11:29:58","1","default","640513929","OXY_CH1","15.592","min","165.810","µmol/L","Humid","22.580","deg","42446","µV","27.663","°C","1018.000","hPa","35.3","pmil","0","55.520","deg","20.000","°C","100.000","%a.s.","21.750","deg","20.000","°C","977.000","hPa","0.861","-0.02617","0.00035","0","0","13.56","Humid","24.85","0","70.00","287009.50","SABD0000000001","AAV1.0.0.11","1.1.2.0","PSt7-10","170328-006","1/4/2020 10:31:52","0000-00","0","no battery","V"
"11/02/2020","11:29:59","1","default","640513929","OXY_CH1","15.608","min","165.820","µmol/L","Humid","22.582","deg","42449","µV","27.655","°C","1018.000","hPa","35.3","pmil","0","55.520","deg","20.000","°C","100.000","%a.s.","21.750","deg","20.000","°C","977.000","hPa","0.861","-0.02617","0.00035","0","0","13.56","Humid","24.85","0","70.00","287009.82","SABD0000000001","AAV1.0.0.11","1.1.2.0","PSt7-10","170328-006","1/4/2020 10:31:52","0000-00","0","no battery","V"
"11/02/2020","11:30:00","1","default","640513929","OXY_CH1","15.625","min","165.734","µmol/L","Humid","22.587","deg","42459","µV","27.658","°C","1018.000","hPa","35.3","pmil","0","55.520","deg","20.000","°C","100.000","%a.s.","21.750","deg","20.000","°C","977.000","hPa","0.861","-0.02617","0.00035","0","0","13.56","Humid","24.85","0","70.00","287010.79","SABD0000000001","AAV1.0.0.11","1.1.2.0","PSt7-10","170328-006","1/4/2020 10:31:52","0000-00","0","no battery","V"
"11/02/2020","11:30:01","1","default","640513929","OXY_CH1","15.642","min","165.811","µmol/L","Humid","22.580","deg","42450","µV","27.663","°C","1018.000","hPa","35.3","pmil","0","55.520","deg","20.000","°C","100.000","%a.s.","21.750","deg","20.000","°C","977.000","hPa","0.861","-0.02617","0.00035","0","0","13.56","Humid","24.85","0","70.00","287005.96","SABD0000000001","AAV1.0.0.11","1.1.2.0","PSt7-10","170328-006","1/4/2020 10:31:52","0000-00","0","no battery","V"
"11/02/2020","11:30:02","1","default","640513929","OXY_CH1","15.659","min","165.814","µmol/L","Humid","22.581","deg","42454","µV","27.659","°C","1018.000","hPa","35.3","pmil","0","55.520","deg","20.000","°C","100.000","%a.s.","21.750","deg","20.000","°C","977.000","hPa","0.861","-0.02617","0.00035","0","0","13.56","Humid","24.85","0","70.00","287014.36","SABD0000000001","AAV1.0.0.11","1.1.2.0","PSt7-10","170328-006","1/4/2020 10:31:52","0000-00","0","no battery","V"
"11/02/2020","11:30:03","1","default","640513929","OXY_CH1","15.675","min","165.767","µmol/L","Humid","22.582","deg","42456","µV","27.666","°C","1018.000","hPa","35.3","pmil","0","55.520","deg","20.000","°C","100.000","%a.s.","21.750","deg","20.000","°C","977.000","hPa","0.861","-0.02617","0.00035","0","0","13.56","Humid","24.85","0","70.00","287009.39","SABD0000000001","AAV1.0.0.11","1.1.2.0","PSt7-10","170328-006","1/4/2020 10:31:52","0000-00","0","no battery","V"
"11/02/2020","11:30:04","1","default","640513929","OXY_CH1","15.692","min","165.807","µmol/L","Humid","22.585","deg","42461","µV","27.649","°C","1018.000","hPa","35.3","pmil","0","55.520","deg","20.000","°C","100.000","%a.s.","21.750","deg","20.000","°C","977.000","hPa","0.861","-0.02617","0.00035","0","0","13.56","Humid","24.85","0","70.00","287010.82","SABD0000000001","AAV1.0.0.11","1.1.2.0","PSt7-10","170328-006","1/4/2020 10:31:52","0000-00","0","no battery","V"
"11/02/2020","11:30:05","1","default","640513929","OXY_CH1","15.709","min","165.548","µmol/L","Humid","22.600","deg","42467","µV","27.659","°C","1018.000","hPa","35.3","pmil","0","55.520","deg","20.000","°C","100.000","%a.s.","21.750","deg","20.000","°C","977.000","hPa","0.861","-0.02617","0.00035","0","0","13.56","Humid","24.85","0","70.00","287008.24","SABD0000000001","AAV1.0.0.11","1.1.2.0","PSt7-10","170328-006","1/4/2020 10:31:52","0000-00","0","no battery","V"
"11/02/2020","11:30:06","1","default","640513929","OXY_CH1","15.726","min","165.729","µmol/L","Humid","22.585","deg","42466","µV","27.665","°C","1018.000","hPa","35.3","pmil","0","55.520","deg","20.000","°C","100.000","%a.s.","21.750","deg","20.000","°C","977.000","hPa","0.861","-0.02617","0.00035","0","0","13.56","Humid","24.85","0","70.00","287012.23","SABD0000000001","AAV1.0.0.11","1.1.2.0","PSt7-10","170328-006","1/4/2020 10:31:52","0000-00","0","no battery","V"
"11/02/2020","11:30:07","1","default","640513929","OXY_CH1","15.742","min","165.769","µmol/L","Humid","22.584","deg","42463","µV","27.660","°C","1018.000","hPa","35.3","pmil","0","55.520","deg","20.000","°C","100.000","%a.s.","21.750","deg","20.000","°C","977.000","hPa","0.861","-0.02617","0.00035","0","0","13.56","Humid","24.85","0","70.00","287007.48","SABD0000000001","AAV1.0.0.11","1.1.2.0","PSt7-10","170328-006","1/4/2020 10:31:52","0000-00","0","no battery","V"
"11/02/2020","11:30:08","1","default","640513929","OXY_CH1","15.758","min","165.542","µmol/L","Humid","22.600","deg","42456","µV","27.660","°C","1018.000","hPa","35.3","pmil","0","55.520","deg","20.000","°C","100.000","%a.s.","21.750","deg","20.000","°C","977.000","hPa","0.861","-0.02617","0.00035","0","0","13.56","Humid","24.85","0","70.00","287003.48","SABD0000000001","AAV1.0.0.11","1.1.2.0","PSt7-10","170328-006","1/4/2020 10:31:52","0000-00","0","no battery","V"
"11/02/2020","11:30:09","1","default","640513929","OXY_CH1","15.775","min","165.709","µmol/L","Humid","22.590","deg","42472","µV","27.655","°C","1018.000","hPa","35.3","pmil","0","55.520","deg","20.000","°C","100.000","%a.s.","21.750","deg","20.000","°C","977.000","hPa","0.861","-0.02617","0.00035","0","0","13.56","Humid","24.85","0","70.00","287008.98","SABD0000000001","AAV1.0.0.11","1.1.2.0","PSt7-10","170328-006","1/4/2020 10:31:52","0000-00","0","no battery","V"
"11/02/2020","11:30:10","1","default","640513929","OXY_CH1","15.792","min","165.727","µmol/L","Humid","22.591","deg","42472","µV","27.648","°C","1018.000","hPa","35.3","pmil","0","55.520","deg","20.000","°C","100.000","%a.s.","21.750","deg","20.000","°C","977.000","hPa","0.861","-0.02617","0.00035","0","0","13.56","Humid","24.85","0","70.00","287003.24","SABD0000000001","AAV1.0.0.11","1.1.2.0","PSt7-10","170328-006","1/4/2020 10:31:52","0000-00","0","no battery","V"
"11/02/2020","11:30:11","1","default","640513929","OXY_CH1","15.809","min","165.716","µmol/L","Humid","22.591","deg","42477","µV","27.650","°C","1018.000","hPa","35.3","pmil","0","55.520","deg","20.000","°C","100.000","%a.s.","21.750","deg","20.000","°C","977.000","hPa","0.861","-0.02617","0.00035","0","0","13.56","Humid","24.85","0","70.00","287007.56","SABD0000000001","AAV1.0.0.11","1.1.2.0","PSt7-10","170328-006","1/4/2020 10:31:52","0000-00","0","no battery","V"
"11/02/2020","11:30:12","1","default","640513929","OXY_CH1","15.825","min","165.589","µmol/L","Humid","22.599","deg","42474","µV","27.653","°C","1018.000","hPa","35.3","pmil","0","55.520","deg","20.000","°C","100.000","%a.s.","21.750","deg","20.000","°C","977.000","hPa","0.861","-0.02617","0.00035","0","0","13.56","Humid","24.85","0","70.00","286997.66","SABD0000000001","AAV1.0.0.11","1.1.2.0","PSt7-10","170328-006","1/4/2020 10:31:52","0000-00","0","no battery","V"
"11/02/2020","11:30:13","1","default","640513929","OXY_CH1","15.842","min","165.621","µmol/L","Humid","22.596","deg","42483","µV","27.655","°C","1018.000","hPa","35.3","pmil","0","55.520","deg","20.000","°C","100.000","%a.s.","21.750","deg","20.000","°C","977.000","hPa","0.861","-0.02617","0.00035","0","0","13.56","Humid","24.85","0","70.00","287007.55","SABD0000000001","AAV1.0.0.11","1.1.2.0","PSt7-10","170328-006","1/4/2020 10:31:52","0000-00","0","no battery","V"
"11/02/2020","11:30:14","1","default","640513929","OXY_CH1","15.859","min","165.741","µmol/L","Humid","22.591","deg","42481","µV","27.645","°C","1018.000","hPa","35.3","pmil","0","55.520","deg","20.000","°C","100.000","%a.s.","21.750","deg","20.000","°C","977.000","hPa","0.861","-0.02617","0.00035","0","0","13.56","Humid","24.85","0","70.00","287011.82","SABD0000000001","AAV1.0.0.11","1.1.2.0","PSt7-10","170328-006","1/4/2020 10:31:52","0000-00","0","no battery","V"
"11/02/2020","11:30:15","1","default","640513929","OXY_CH1","15.876","min","165.793","µmol/L","Humid","22.592","deg","42483","µV","27.632","°C","1018.000","hPa","35.3","pmil","0","55.520","deg","20.000","°C","100.000","%a.s.","21.750","deg","20.000","°C","977.000","hPa","0.861","-0.02617","0.00035","0","0","13.56","Humid","24.85","0","70.00","286999.92","SABD0000000001","AAV1.0.0.11","1.1.2.0","PSt7-10","170328-006","1/4/2020 10:31:52","0000-00","0","no battery","V"
"11/02/2020","11:30:16","1","default","640513929","OXY_CH1","15.892","min","165.557","µmol/L","Humid","22.599","deg","42487","µV","27.660","°C","1018.000","hPa","35.3","pmil","0","55.520","deg","20.000","°C","100.000","%a.s.","21.750","deg","20.000","°C","977.000","hPa","0.861","-0.02617","0.00035","0","0","13.56","Humid","24.85","0","70.00","287002.04","SABD0000000001","AAV1.0.0.11","1.1.2.0","PSt7-10","170328-006","1/4/2020 10:31:52","0000-00","0","no battery","V"
"11/02/2020","11:30:17","1","default","640513929","OXY_CH1","15.908","min","165.507","µmol/L","Humid","22.602","deg","42485","µV","27.661","°C","1018.000","hPa","35.3","pmil","0","55.520","deg","20.000","°C","100.000","%a.s.","21.750","deg","20.000","°C","977.000","hPa","0.861","-0.02617","0.00035","0","0","13.56","Humid","24.85","0","70.00","286988.80","SABD0000000001","AAV1.0.0.11","1.1.2.0","PSt7-10","170328-006","1/4/2020 10:31:52","0000-00","0","no battery","V"
"11/02/2020","11:30:18","1","default","640513929","OXY_CH1","15.925","min","165.626","µmol/L","Humid","22.596","deg","42490","µV","27.654","°C","1018.000","hPa","35.3","pmil","0","55.520","deg","20.000","°C","100.000","%a.s.","21.750","deg","20.000","°C","977.000","hPa","0.861","-0.02617","0.00035","0","0","13.56","Humid","24.85","0","70.00","286998.55","SABD0000000001","AAV1.0.0.11","1.1.2.0","PSt7-10","170328-006","1/4/2020 10:31:52","0000-00","0","no battery","V"
"11/02/2020","11:30:19","1","default","640513929","OXY_CH1","15.942","min","165.572","µmol/L","Humid","22.601","deg","42493","µV","27.651","°C","1018.000","hPa","35.3","pmil","0","55.520","deg","20.000","°C","100.000","%a.s.","21.750","deg","20.000","°C","977.000","hPa","0.861","-0.02617","0.00035","0","0","13.56","Humid","24.85","0","70.00","286999.02","SABD0000000001","AAV1.0.0.11","1.1.2.0","PSt7-10","170328-006","1/4/2020 10:31:52","0000-00","0","no battery","V"
"11/02/2020","11:30:20","1","default","640513929","OXY_CH1","15.959","min","165.573","µmol/L","Humid","22.600","deg","42500","µV","27.653","°C","1018.000","hPa","35.3","pmil","0","55.520","deg","20.000","°C","100.000","%a.s.","21.750","deg","20.000","°C","977.000","hPa","0.861","-0.02617","0.00035","0","0","13.56","Humid","24.85","0","70.00","286991.71","SABD0000000001","AAV1.0.0.11","1.1.2.0","PSt7-10","170328-006","1/4/2020 10:31:52","0000-00","0","no battery","V"
"11/02/2020","11:30:21","1","default","640513929","OXY_CH1","15.975","min","165.599","µmol/L","Humid","22.602","deg","42494","µV","27.642","°C","1018.000","hPa","35.3","pmil","0","55.520","deg","20.000","°C","100.000","%a.s.","21.750","deg","20.000","°C","977.000","hPa","0.861","-0.02617","0.00035","0","0","13.56","Humid","24.85","0","70.00","287006.18","SABD0000000001","AAV1.0.0.11","1.1.2.0","PSt7-10","170328-006","1/4/2020 10:31:52","0000-00","0","no battery","V"
"11/02/2020","11:30:22","1","default","640513929","OXY_CH1","15.992","min","165.480","µmol/L","Humid","22.607","deg","42493","µV","27.652","°C","1018.000","hPa","35.3","pmil","0","55.520","deg","20.000","°C","100.000","%a.s.","21.750","deg","20.000","°C","977.000","hPa","0.861","-0.02617","0.00035","0","0","13.56","Humid","24.85","0","70.00","286988.46","SABD0000000001","AAV1.0.0.11","1.1.2.0","PSt7-10","170328-006","1/4/2020 10:31:52","0000-00","0","no battery","V"
"11/02/2020","11:30:23","1","default","640513929","OXY_CH1","16.009","min","165.524","µmol/L","Humid","22.604","deg","42497","µV","27.652","°C","1018.000","hPa","35.3","pmil","0","55.520","deg","20.000","°C","100.000","%a.s.","21.750","deg","20.000","°C","977.000","hPa","0.861","-0.02617","0.00035","0","0","13.56","Humid","24.85","0","70.00","286985.57","SABD0000000001","AAV1.0.0.11","1.1.2.0","PSt7-10","170328-006","1/4/2020 10:31:52","0000-00","0","no battery","V"
"11/02/2020","11:30:24","1","default","640513929","OXY_CH1","16.026","min","165.476","µmol/L","Humid","22.608","deg","42492","µV","27.650","°C","1018.000","hPa","35.3","pmil","0","55.520","deg","20.000","°C","100.000","%a.s.","21.750","deg","20.000","°C","977.000","hPa","0.861","-0.02617","0.00035","0","0","13.56","Humid","24.85","0","70.00","286992.41","SABD0000000001","AAV1.0.0.11","1.1.2.0","PSt7-10","170328-006","1/4/2020 10:31:52","0000-00","0","no battery","V"
"11/02/2020","11:30:25","1","default","640513929","OXY_CH1","16.042","min","165.476","µmol/L","Humid","22.609","deg","42488","µV","27.647","°C","1018.000","hPa","35.3","pmil","0","55.520","deg","20.000","°C","100.000","%a.s.","21.750","deg","20.000","°C","977.000","hPa","0.861","-0.02617","0.00035","0","0","13.56","Humid","24.85","0","70.00","286981.50","SABD0000000001","AAV1.0.0.11","1.1.2.0","PSt7-10","170328-006","1/4/2020 10:31:52","0000-00","0","no battery","V"
"11/02/2020","11:30:26","1","default","640513929","OXY_CH1","16.059","min","165.485","µmol/L","Humid","22.605","deg","42500","µV","27.657","°C","1018.000","hPa","35.3","pmil","0","55.520","deg","20.000","°C","100.000","%a.s.","21.750","deg","20.000","°C","977.000","hPa","0.861","-0.02617","0.00035","0","0","13.56","Humid","24.85","0","70.00","286987.35","SABD0000000001","AAV1.0.0.11","1.1.2.0","PSt7-10","170328-006","1/4/2020 10:31:52","0000-00","0","no battery","V"
"11/02/2020","11:30:27","1","default","640513929","OXY_CH1","16.075","min","165.431","µmol/L","Humid","22.610","deg","42499","µV","27.654","°C","1018.000","hPa","35.3","pmil","0","55.520","deg","20.000","°C","100.000","%a.s.","21.750","deg","20.000","°C","977.000","hPa","0.861","-0.02617","0.00035","0","0","13.56","Humid","24.85","0","70.00","286981.42","SABD0000000001","AAV1.0.0.11","1.1.2.0","PSt7-10","170328-006","1/4/2020 10:31:52","0000-00","0","no battery","V"
"11/02/2020","11:30:28","1","default","640513929","OXY_CH1","16.092","min","165.507","µmol/L","Humid","22.610","deg","42499","µV","27.638","°C","1018.000","hPa","35.3","pmil","0","55.520","deg","20.000","°C","100.000","%a.s.","21.750","deg","20.000","°C","977.000","hPa","0.861","-0.02617","0.00035","0","0","13.56","Humid","24.85","0","70.00","286991.11","SABD0000000001","AAV1.0.0.11","1.1.2.0","PSt7-10","170328-006","1/4/2020 10:31:52","0000-00","0","no battery","V"
"11/02/2020","11:30:29","1","default","640513929","OXY_CH1","16.108","min","165.523","µmol/L","Humid","22.608","deg","42497","µV","27.640","°C","1018.000","hPa","35.3","pmil","0","55.520","deg","20.000","°C","100.000","%a.s.","21.750","deg","20.000","°C","977.000","hPa","0.861","-0.02617","0.00035","0","0","13.56","Humid","24.85","0","70.00","286987.13","SABD0000000001","AAV1.0.0.11","1.1.2.0","PSt7-10","170328-006","1/4/2020 10:31:52","0000-00","0","no battery","V"
"11/02/2020","11:30:30","1","default","640513929","OXY_CH1","16.125","min","165.565","µmol/L","Humid","22.607","deg","42501","µV","27.635","°C","1018.000","hPa","35.3","pmil","0","55.520","deg","20.000","°C","100.000","%a.s.","21.750","deg","20.000","°C","977.000","hPa","0.861","-0.02617","0.00035","0","0","13.56","Humid","24.85","0","70.00","286998.05","SABD0000000001","AAV1.0.0.11","1.1.2.0","PSt7-10","170328-006","1/4/2020 10:31:52","0000-00","0","no battery","V"
"11/02/2020","11:30:31","1","default","640513929","OXY_CH1","16.142","min","165.565","µmol/L","Humid","22.607","deg","42504","µV","27.635","°C","1018.000","hPa","35.3","pmil","0","55.520","deg","20.000","°C","100.000","%a.s.","21.750","deg","20.000","°C","977.000","hPa","0.861","-0.02617","0.00035","0","0","13.56","Humid","24.85","0","70.00","286996.07","SABD0000000001","AAV1.0.0.11","1.1.2.0","PSt7-10","170328-006","1/4/2020 10:31:52","0000-00","0","no battery","V"
"11/02/2020","11:30:32","1","default","640513929","OXY_CH1","16.159","min","165.458","µmol/L","Humid","22.613","deg","42508","µV","27.639","°C","1018.000","hPa","35.3","pmil","0","55.520","deg","20.000","°C","100.000","%a.s.","21.750","deg","20.000","°C","977.000","hPa","0.861","-0.02617","0.00035","0","0","13.56","Humid","24.85","0","70.00","287000.31","SABD0000000001","AAV1.0.0.11","1.1.2.0","PSt7-10","170328-006","1/4/2020 10:31:52","0000-00","0","no battery","V"
"11/02/2020","11:30:33","1","default","640513929","OXY_CH1","16.175","min","165.463","µmol/L","Humid","22.615","deg","42504","µV","27.633","°C","1018.000","hPa","35.3","pmil","0","55.520","deg","20.000","°C","100.000","%a.s.","21.750","deg","20.000","°C","977.000","hPa","0.861","-0.02617","0.00035","0","0","13.56","Humid","24.85","0","70.00","286973.77","SABD0000000001","AAV1.0.0.11","1.1.2.0","PSt7-10","170328-006","1/4/2020 10:31:52","0000-00","0","no battery","V"
"11/02/2020","11:30:34","1","default","640513929","OXY_CH1","16.192","min","165.428","µmol/L","Humid","22.620","deg","42507","µV","27.625","°C","1018.000","hPa","35.3","pmil","0","55.520","deg","20.000","°C","100.000","%a.s.","21.750","deg","20.000","°C","977.000","hPa","0.861","-0.02617","0.00035","0","0","13.56","Humid","24.85","0","70.00","286980.38","SABD0000000001","AAV1.0.0.11","1.1.2.0","PSt7-10","170328-006","1/4/2020 10:31:52","0000-00","0","no battery","V"
"11/02/2020","11:30:35","1","default","640513929","OXY_CH1","16.209","min","165.347","µmol/L","Humid","22.616","deg","42509","µV","27.653","°C","1018.000","hPa","35.3","pmil","0","55.520","deg","20.000","°C","100.000","%a.s.","21.750","deg","20.000","°C","977.000","hPa","0.861","-0.02617","0.00035","0","0","13.56","Humid","24.85","0","70.00","286991.23","SABD0000000001","AAV1.0.0.11","1.1.2.0","PSt7-10","170328-006","1/4/2020 10:31:52","0000-00","0","no battery","V"
"11/02/2020","11:30:36","1","default","640513929","OXY_CH1","16.226","min","165.322","µmol/L","Humid","22.617","deg","42499","µV","27.656","°C","1018.000","hPa","35.3","pmil","0","55.520","deg","20.000","°C","100.000","%a.s.","21.750","deg","20.000","°C","977.000","hPa","0.861","-0.02617","0.00035","0","0","13.56","Humid","24.85","0","70.00","286993.21","SABD0000000001","AAV1.0.0.11","1.1.2.0","PSt7-10","170328-006","1/4/2020 10:31:52","0000-00","0","no battery","V"
"11/02/2020","11:30:37","1","default","640513929","OXY_CH1","16.242","min","165.297","µmol/L","Humid","22.621","deg","42500","µV","27.649","°C","1018.000","hPa","35.3","pmil","0","55.520","deg","20.000","°C","100.000","%a.s.","21.750","deg","20.000","°C","977.000","hPa","0.861","-0.02617","0.00035","0","0","13.56","Humid","24.85","0","70.00","286979.12","SABD0000000001","AAV1.0.0.11","1.1.2.0","PSt7-10","170328-006","1/4/2020 10:31:52","0000-00","0","no battery","V"
"11/02/2020","11:30:38","1","default","640513929","OXY_CH1","16.259","min","165.353","µmol/L","Humid","22.619","deg","42501","µV","27.643","°C","1018.000","hPa","35.3","pmil","0","55.520","deg","20.000","°C","100.000","%a.s.","21.750","deg","20.000","°C","977.000","hPa","0.861","-0.02617","0.00035","0","0","13.56","Humid","24.85","0","70.00","286983.25","SABD0000000001","AAV1.0.0.11","1.1.2.0","PSt7-10","170328-006","1/4/2020 10:31:52","0000-00","0","no battery","V"
"11/02/2020","11:30:39","1","default","640513929","OXY_CH1","16.275","min","165.415","µmol/L","Humid","22.617","deg","42503","µV","27.637","°C","1018.000","hPa","35.3","pmil","0","55.520","deg","20.000","°C","100.000","%a.s.","21.750","deg","20.000","°C","977.000","hPa","0.861","-0.02617","0.00035","0","0","13.56","Humid","24.85","0","70.00","286984.11","SABD0000000001","AAV1.0.0.11","1.1.2.0","PSt7-10","170328-006","1/4/2020 10:31:52","0000-00","0","no battery","V"
"11/02/2020","11:30:40","1","default","640513929","OXY_CH1","16.292","min","165.474","µmol/L","Humid","22.616","deg","42512","µV","27.627","°C","1018.000","hPa","35.3","pmil","0","55.520","deg","20.000","°C","100.000","%a.s.","21.750","deg","20.000","°C","977.000","hPa","0.861","-0.02617","0.00035","0","0","13.56","Humid","24.85","0","70.00","286988.30","SABD0000000001","AAV1.0.0.11","1.1.2.0","PSt7-10","170328-006","1/4/2020 10:31:52","0000-00","0","no battery","V"
"11/02/2020","11:30:41","1","default","640513929","OXY_CH1","16.309","min","165.414","µmol/L","Humid","22.618","deg","42510","µV","27.634","°C","1018.000","hPa","35.3","pmil","0","55.520","deg","20.000","°C","100.000","%a.s.","21.750","deg","20.000","°C","977.000","hPa","0.861","-0.02617","0.00035","0","0","13.56","Humid","24.85","0","70.00","286983.53","SABD0000000001","AAV1.0.0.11","1.1.2.0","PSt7-10","170328-006","1/4/2020 10:31:52","0000-00","0","no battery","V"
"11/02/2020","11:30:42","1","default","640513929","OXY_CH1","16.325","min","165.352","µmol/L","Humid","22.621","deg","42508","µV","27.638","°C","1018.000","hPa","35.3","pmil","0","55.520","deg","20.000","°C","100.000","%a.s.","21.750","deg","20.000","°C","977.000","hPa","0.861","-0.02617","0.00035","0","0","13.56","Humid","24.85","0","70.00","286975.72","SABD0000000001","AAV1.0.0.11","1.1.2.0","PSt7-10","170328-006","1/4/2020 10:31:52","0000-00","0","no battery","V"
"11/02/2020","11:30:43","1","default","640513929","OXY_CH1","16.342","min","165.474","µmol/L","Humid","22.615","deg","42508","µV","27.630","°C","1018.000","hPa","35.3","pmil","0","55.520","deg","20.000","°C","100.000","%a.s.","21.750","deg","20.000","°C","977.000","hPa","0.861","-0.02617","0.00035","0","0","13.56","Humid","24.85","0","70.00","286979.74","SABD0000000001","AAV1.0.0.11","1.1.2.0","PSt7-10","170328-006","1/4/2020 10:31:52","0000-00","0","no battery","V"
"11/02/2020","11:30:44","1","default","640513929","OXY_CH1","16.359","min","165.368","µmol/L","Humid","22.620","deg","42514","µV","27.638","°C","1018.000","hPa","35.3","pmil","0","55.520","deg","20.000","°C","100.000","%a.s.","21.750","deg","20.000","°C","977.000","hPa","0.861","-0.02617","0.00035","0","0","13.56","Humid","24.85","0","70.00","286982.32","SABD0000000001","AAV1.0.0.11","1.1.2.0","PSt7-10","170328-006","1/4/2020 10:31:52","0000-00","0","no battery","V"
"11/02/2020","11:30:45","1","default","640513929","OXY_CH1","16.376","min","165.396","µmol/L","Humid","22.620","deg","42519","µV","27.632","°C","1018.000","hPa","35.3","pmil","0","55.520","deg","20.000","°C","100.000","%a.s.","21.750","deg","20.000","°C","977.000","hPa","0.861","-0.02617","0.00035","0","0","13.56","Humid","24.85","0","70.00","286993.98","SABD0000000001","AAV1.0.0.11","1.1.2.0","PSt7-10","170328-006","1/4/2020 10:31:52","0000-00","0","no battery","V"
"11/02/2020","11:30:46","1","default","640513929","OXY_CH1","16.392","min","165.374","µmol/L","Humid","22.623","deg","42508","µV","27.628","°C","1018.000","hPa","35.3","pmil","0","55.520","deg","20.000","°C","100.000","%a.s.","21.750","deg","20.000","°C","977.000","hPa","0.861","-0.02617","0.00035","0","0","13.56","Humid","24.85","0","70.00","286977.59","SABD0000000001","AAV1.0.0.11","1.1.2.0","PSt7-10","170328-006","1/4/2020 10:31:52","0000-00","0","no battery","V"
"11/02/2020","11:30:47","1","default","640513929","OXY_CH1","16.409","min","165.517","µmol/L","Humid","22.614","deg","42515","µV","27.625","°C","1018.000","hPa","35.3","pmil","0","55.520","deg","20.000","°C","100.000","%a.s.","21.750","deg","20.000","°C","977.000","hPa","0.861","-0.02617","0.00035","0","0","13.56","Humid","24.85","0","70.00","286967.59","SABD0000000001","AAV1.0.0.11","1.1.2.0","PSt7-10","170328-006","1/4/2020 10:31:52","0000-00","0","no battery","V"
"11/02/2020","11:30:48","1","default","640513929","OXY_CH1","16.426","min","165.435","µmol/L","Humid","22.620","deg","42515","µV","27.624","°C","1018.000","hPa","35.3","pmil","0","55.520","deg","20.000","°C","100.000","%a.s.","21.750","deg","20.000","°C","977.000","hPa","0.861","-0.02617","0.00035","0","0","13.56","Humid","24.85","0","70.00","286977.36","SABD0000000001","AAV1.0.0.11","1.1.2.0","PSt7-10","170328-006","1/4/2020 10:31:52","0000-00","0","no battery","V"
"11/02/2020","11:30:49","1","default","640513929","OXY_CH1","16.442","min","165.300","µmol/L","Humid","22.630","deg","42517","µV","27.623","°C","1018.000","hPa","35.3","pmil","0","55.520","deg","20.000","°C","100.000","%a.s.","21.750","deg","20.000","°C","977.000","hPa","0.861","-0.02617","0.00035","0","0","13.56","Humid","24.85","0","70.00","286969.20","SABD0000000001","AAV1.0.0.11","1.1.2.0","PSt7-10","170328-006","1/4/2020 10:31:52","0000-00","0","no battery","V"
"11/02/2020","11:30:50","1","default","640513929","OXY_CH1","16.458","min","165.393","µmol/L","Humid","22.629","deg","42522","µV","27.606","°C","1018.000","hPa","35.3","pmil","0","55.520","deg","20.000","°C","100.000","%a.s.","21.750","deg","20.000","°C","977.000","hPa","0.861","-0.02617","0.00035","0","0","13.56","Humid","24.85","0","70.00","286982.97","SABD0000000001","AAV1.0.0.11","1.1.2.0","PSt7-10","170328-006","1/4/2020 10:31:52","0000-00","0","no battery","V"
"11/02/2020","11:30:51","1","default","640513929","OXY_CH1","16.475","min","165.334","µmol/L","Humid","22.625","deg","42524","µV","27.630","°C","1018.000","hPa","35.3","pmil","0","55.520","deg","20.000","°C","100.000","%a.s.","21.750","deg","20.000","°C","977.000","hPa","0.861","-0.02617","0.00035","0","0","13.56","Humid","24.85","0","70.00","286981.57","SABD0000000001","AAV1.0.0.11","1.1.2.0","PSt7-10","170328-006","1/4/2020 10:31:52","0000-00","0","no battery","V"
"11/02/2020","11:30:52","1","default","640513929","OXY_CH1","16.492","min","165.198","µmol/L","Humid","22.634","deg","42524","µV","27.632","°C","1018.000","hPa","35.3","pmil","0","55.520","deg","20.000","°C","100.000","%a.s.","21.750","deg","20.000","°C","977.000","hPa","0.861","-0.02617","0.00035","0","0","13.56","Humid","24.85","0","70.00","286980.96","SABD0000000001","AAV1.0.0.11","1.1.2.0","PSt7-10","170328-006","1/4/2020 10:31:52","0000-00","0","no battery","V"
"11/02/2020","11:30:53","1","default","640513929","OXY_CH1","16.509","min","165.224","µmol/L","Humid","22.635","deg","42529","µV","27.624","°C","1018.000","hPa","35.3","pmil","0","55.520","deg","20.000","°C","100.000","%a.s.","21.750","deg","20.000","°C","977.000","hPa","0.861","-0.02617","0.00035","0","0","13.56","Humid","24.85","0","70.00","286980.10","SABD0000000001","AAV1.0.0.11","1.1.2.0","PSt7-10","170328-006","1/4/2020 10:31:52","0000-00","0","no battery","V"
"11/02/2020","11:30:54","1","default","640513929","OXY_CH1","16.525","min","165.161","µmol/L","Humid","22.630","deg","42535","µV","27.651","°C","1018.000","hPa","35.3","pmil","0","55.520","deg","20.000","°C","100.000","%a.s.","21.750","deg","20.000","°C","977.000","hPa","0.861","-0.02617","0.00035","0","0","13.56","Humid","24.85","0","70.00","286969.33","SABD0000000001","AAV1.0.0.11","1.1.2.0","PSt7-10","170328-006","1/4/2020 10:31:52","0000-00","0","no battery","V"
"11/02/2020","11:30:55","1","default","640513929","OXY_CH1","16.542","min","165.218","µmol/L","Humid","22.633","deg","42534","µV","27.631","°C","1018.000","hPa","35.3","pmil","0","55.520","deg","20.000","°C","100.000","%a.s.","21.750","deg","20.000","°C","977.000","hPa","0.861","-0.02617","0.00035","0","0","13.56","Humid","24.85","0","70.00","286967.77","SABD0000000001","AAV1.0.0.11","1.1.2.0","PSt7-10","170328-006","1/4/2020 10:31:52","0000-00","0","no battery","V"
"11/02/2020","11:30:56","1","default","640513929","OXY_CH1","16.559","min","165.314","µmol/L","Humid","22.626","deg","42531","µV","27.631","°C","1018.000","hPa","35.3","pmil","0","55.520","deg","20.000","°C","100.000","%a.s.","21.750","deg","20.000","°C","977.000","hPa","0.861","-0.02617","0.00035","0","0","13.56","Humid","24.85","0","70.00","286971.88","SABD0000000001","AAV1.0.0.11","1.1.2.0","PSt7-10","170328-006","1/4/2020 10:31:52","0000-00","0","no battery","V"
"11/02/2020","11:30:57","1","default","640513929","OXY_CH1","16.576","min","165.287","µmol/L","Humid","22.628","deg","42532","µV","27.631","°C","1018.000","hPa","35.3","pmil","0","55.520","deg","20.000","°C","100.000","%a.s.","21.750","deg","20.000","°C","977.000","hPa","0.861","-0.02617","0.00035","0","0","13.56","Humid","24.85","0","70.00","286964.51","SABD0000000001","AAV1.0.0.11","1.1.2.0","PSt7-10","170328-006","1/4/2020 10:31:52","0000-00","0","no battery","V"
"11/02/2020","11:30:58","1","default","640513929","OXY_CH1","16.592","min","165.255","µmol/L","Humid","22.631","deg","42534","µV","27.629","°C","1018.000","hPa","35.3","pmil","0","55.520","deg","20.000","°C","100.000","%a.s.","21.750","deg","20.000","°C","977.000","hPa","0.861","-0.02617","0.00035","0","0","13.56","Humid","24.85","0","70.00","286958.99","SABD0000000001","AAV1.0.0.11","1.1.2.0","PSt7-10","170328-006","1/4/2020 10:31:52","0000-00","0","no battery","V"
"11/02/2020","11:30:59","1","default","640513929","OXY_CH1","16.609","min","165.225","µmol/L","Humid","22.635","deg","42534","µV","27.623","°C","1018.000","hPa","35.3","pmil","0","55.520","deg","20.000","°C","100.000","%a.s.","21.750","deg","20.000","°C","977.000","hPa","0.861","-0.02617","0.00035","0","0","13.56","Humid","24.85","0","70.00","286958.09","SABD0000000001","AAV1.0.0.11","1.1.2.0","PSt7-10","170328-006","1/4/2020 10:31:52","0000-00","0","no battery","V"
"11/02/2020","11:31:00","1","default","640513929","OXY_CH1","16.625","min","165.257","µmol/L","Humid","22.633","deg","42538","µV","27.623","°C","1018.000","hPa","35.3","pmil","0","55.520","deg","20.000","°C","100.000","%a.s.","21.750","deg","20.000","°C","977.000","hPa","0.861","-0.02617","0.00035","0","0","13.56","Humid","24.85","0","70.00","286954.87","SABD0000000001","AAV1.0.0.11","1.1.2.0","PSt7-10","170328-006","1/4/2020 10:31:52","0000-00","0","no battery","V"
"11/02/2020","11:31:01","1","default","640513929","OXY_CH1","16.642","min","165.249","µmol/L","Humid","22.636","deg","42534","µV","27.616","°C","1018.000","hPa","35.3","pmil","0","55.520","deg","20.000","°C","100.000","%a.s.","21.750","deg","20.000","°C","977.000","hPa","0.861","-0.02617","0.00035","0","0","13.56","Humid","24.85","0","70.00","286960.65","SABD0000000001","AAV1.0.0.11","1.1.2.0","PSt7-10","170328-006","1/4/2020 10:31:52","0000-00","0","no battery","V"
"11/02/2020","11:31:02","1","default","640513929","OXY_CH1","16.658","min","165.256","µmol/L","Humid","22.633","deg","42536","µV","27.623","°C","1018.000","hPa","35.3","pmil","0","55.520","deg","20.000","°C","100.000","%a.s.","21.750","deg","20.000","°C","977.000","hPa","0.861","-0.02617","0.00035","0","0","13.56","Humid","24.85","0","70.00","286951.78","SABD0000000001","AAV1.0.0.11","1.1.2.0","PSt7-10","170328-006","1/4/2020 10:31:52","0000-00","0","no battery","V"
"11/02/2020","11:31:03","1","default","640513929","OXY_CH1","16.675","min","165.217","µmol/L","Humid","22.636","deg","42548","µV","27.622","°C","1018.000","hPa","35.3","pmil","0","55.520","deg","20.000","°C","100.000","%a.s.","21.750","deg","20.000","°C","977.000","hPa","0.861","-0.02617","0.00035","0","0","13.56","Humid","24.85","0","70.00","286958.72","SABD0000000001","AAV1.0.0.11","1.1.2.0","PSt7-10","170328-006","1/4/2020 10:31:52","0000-00","0","no battery","V"
"11/02/2020","11:31:04","1","default","640513929","OXY_CH1","16.692","min","165.265","µmol/L","Humid","22.639","deg","42546","µV","27.604","°C","1018.000","hPa","35.3","pmil","0","55.520","deg","20.000","°C","100.000","%a.s.","21.750","deg","20.000","°C","977.000","hPa","0.861","-0.02617","0.00035","0","0","13.56","Humid","24.85","0","70.00","286969.07","SABD0000000001","AAV1.0.0.11","1.1.2.0","PSt7-10","170328-006","1/4/2020 10:31:52","0000-00","0","no battery","V"
"11/02/2020","11:31:05","1","default","640513929","OXY_CH1","16.709","min","165.134","µmol/L","Humid","22.641","deg","42543","µV","27.625","°C","1018.000","hPa","35.3","pmil","0","55.520","deg","20.000","°C","100.000","%a.s.","21.750","deg","20.000","°C","977.000","hPa","0.861","-0.02617","0.00035","0","0","13.56","Humid","24.85","0","70.00","286960.63","SABD0000000001","AAV1.0.0.11","1.1.2.0","PSt7-10","170328-006","1/4/2020 10:31:52","0000-00","0","no battery","V"
"11/02/2020","11:31:06","1","default","640513929","OXY_CH1","16.726","min","165.226","µmol/L","Humid","22.638","deg","42549","µV","27.615","°C","1018.000","hPa","35.3","pmil","0","55.520","deg","20.000","°C","100.000","%a.s.","21.750","deg","20.000","°C","977.000","hPa","0.861","-0.02617","0.00035","0","0","13.56","Humid","24.85","0","70.00","286963.50","SABD0000000001","AAV1.0.0.11","1.1.2.0","PSt7-10","170328-006","1/4/2020 10:31:52","0000-00","0","no battery","V"
"11/02/2020","11:31:07","1","default","640513929","OXY_CH1","16.742","min","165.275","µmol/L","Humid","22.637","deg","42554","µV","27.607","°C","1018.000","hPa","35.3","pmil","0","55.520","deg","20.000","°C","100.000","%a.s.","21.750","deg","20.000","°C","977.000","hPa","0.861","-0.02617","0.00035","0","0","13.56","Humid","24.85","0","70.00","286967.24","SABD0000000001","AAV1.0.0.11","1.1.2.0","PSt7-10","170328-006","1/4/2020 10:31:52","0000-00","0","no battery","V"
"11/02/2020","11:31:08","1","default","640513929","OXY_CH1","16.759","min","165.185","µmol/L","Humid","22.641","deg","42555","µV","27.614","°C","1018.000","hPa","35.3","pmil","0","55.520","deg","20.000","°C","100.000","%a.s.","21.750","deg","20.000","°C","977.000","hPa","0.861","-0.02617","0.00035","0","0","13.56","Humid","24.85","0","70.00","286970.39","SABD0000000001","AAV1.0.0.11","1.1.2.0","PSt7-10","170328-006","1/4/2020 10:31:52","0000-00","0","no battery","V"
"11/02/2020","11:31:09","1","default","640513929","OXY_CH1","16.776","min","165.164","µmol/L","Humid","22.641","deg","42552","µV","27.619","°C","1018.000","hPa","35.3","pmil","0","55.520","deg","20.000","°C","100.000","%a.s.","21.750","deg","20.000","°C","977.000","hPa","0.861","-0.02617","0.00035","0","0","13.56","Humid","24.85","0","70.00","286965.24","SABD0000000001","AAV1.0.0.11","1.1.2.0","PSt7-10","170328-006","1/4/2020 10:31:52","0000-00","0","no battery","V"
"11/02/2020","11:31:10","1","default","640513929","OXY_CH1","16.792","min","165.122","µmol/L","Humid","22.650","deg","42554","µV","27.601","°C","1018.000","hPa","35.3","pmil","0","55.520","deg","20.000","°C","100.000","%a.s.","21.750","deg","20.000","°C","977.000","hPa","0.861","-0.02617","0.00035","0","0","13.56","Humid","24.85","0","70.00","286957.44","SABD0000000001","AAV1.0.0.11","1.1.2.0","PSt7-10","170328-006","1/4/2020 10:31:52","0000-00","0","no battery","V"
"11/02/2020","11:31:11","1","default","640513929","OXY_CH1","16.808","min","165.170","µmol/L","Humid","22.642","deg","42558","µV","27.614","°C","1018.000","hPa","35.3","pmil","0","55.520","deg","20.000","°C","100.000","%a.s.","21.750","deg","20.000","°C","977.000","hPa","0.861","-0.02617","0.00035","0","0","13.56","Humid","24.85","0","70.00","286954.68","SABD0000000001","AAV1.0.0.11","1.1.2.0","PSt7-10","170328-006","1/4/2020 10:31:52","0000-00","0","no battery","V"
"11/02/2020","11:31:12","1","default","640513929","OXY_CH1","16.825","min","165.185","µmol/L","Humid","22.640","deg","42556","µV","27.617","°C","1018.000","hPa","35.3","pmil","0","55.520","deg","20.000","°C","100.000","%a.s.","21.750","deg","20.000","°C","977.000","hPa","0.861","-0.02617","0.00035","0","0","13.56","Humid","24.85","0","70.00","286969.43","SABD0000000001","AAV1.0.0.11","1.1.2.0","PSt7-10","170328-006","1/4/2020 10:31:52","0000-00","0","no battery","V"
"11/02/2020","11:31:13","1","default","640513929","OXY_CH1","16.842","min","165.039","µmol/L","Humid","22.646","deg","42561","µV","27.630","°C","1018.000","hPa","35.3","pmil","0","55.520","deg","20.000","°C","100.000","%a.s.","21.750","deg","20.000","°C","977.000","hPa","0.861","-0.02617","0.00035","0","0","13.56","Humid","24.85","0","70.00","286965.26","SABD0000000001","AAV1.0.0.11","1.1.2.0","PSt7-10","170328-006","1/4/2020 10:31:52","0000-00","0","no battery","V"
"11/02/2020","11:31:14","1","default","640513929","OXY_CH1","16.859","min","165.031","µmol/L","Humid","22.650","deg","42566","µV","27.620","°C","1018.000","hPa","35.3","pmil","0","55.520","deg","20.000","°C","100.000","%a.s.","21.750","deg","20.000","°C","977.000","hPa","0.861","-0.02617","0.00035","0","0","13.56","Humid","24.85","0","70.00","286964.42","SABD0000000001","AAV1.0.0.11","1.1.2.0","PSt7-10","170328-006","1/4/2020 10:31:52","0000-00","0","no battery","V"
"11/02/2020","11:31:15","1","default","640513929","OXY_CH1","16.875","min","165.010","µmol/L","Humid","22.649","deg","42564","µV","27.627","°C","1018.000","hPa","35.3","pmil","0","55.520","deg","20.000","°C","100.000","%a.s.","21.750","deg","20.000","°C","977.000","hPa","0.861","-0.02617","0.00035","0","0","13.56","Humid","24.85","0","70.00","286956.44","SABD0000000001","AAV1.0.0.11","1.1.2.0","PSt7-10","170328-006","1/4/2020 10:31:52","0000-00","0","no battery","V"
"11/02/2020","11:31:16","1","default","640513929","OXY_CH1","16.892","min","165.155","µmol/L","Humid","22.647","deg","42568","µV","27.603","°C","1018.000","hPa","35.3","pmil","0","55.520","deg","20.000","°C","100.000","%a.s.","21.750","deg","20.000","°C","977.000","hPa","0.861","-0.02617","0.00035","0","0","13.56","Humid","24.85","0","70.00","286961.69","SABD0000000001","AAV1.0.0.11","1.1.2.0","PSt7-10","170328-006","1/4/2020 10:31:52","0000-00","0","no battery","V"
"11/02/2020","11:31:17","1","default","640513929","OXY_CH1","16.909","min","165.043","µmol/L","Humid","22.648","deg","42572","µV","27.623","°C","1018.000","hPa","35.3","pmil","0","55.520","deg","20.000","°C","100.000","%a.s.","21.750","deg","20.000","°C","977.000","hPa","0.861","-0.02617","0.00035","0","0","13.56","Humid","24.85","0","70.00","286941.57","SABD0000000001","AAV1.0.0.11","1.1.2.0","PSt7-10","170328-006","1/4/2020 10:31:52","0000-00","0","no battery","V"
"11/02/2020","11:31:18","1","default","640513929","OXY_CH1","16.926","min","165.222","µmol/L","Humid","22.639","deg","42572","µV","27.612","°C","1018.000","hPa","35.3","pmil","0","55.520","deg","20.000","°C","100.000","%a.s.","21.750","deg","20.000","°C","977.000","hPa","0.861","-0.02617","0.00035","0","0","13.56","Humid","24.85","0","70.00","286954.14","SABD0000000001","AAV1.0.0.11","1.1.2.0","PSt7-10","170328-006","1/4/2020 10:31:52","0000-00","0","no battery","V"
"11/02/2020","11:31:19","1","default","640513929","OXY_CH1","16.942","min","165.191","µmol/L","Humid","22.640","deg","42572","µV","27.616","°C","1018.000","hPa","35.3","pmil","0","55.520","deg","20.000","°C","100.000","%a.s.","21.750","deg","20.000","°C","977.000","hPa","0.861","-0.02617","0.00035","0","0","13.56","Humid","24.85","0","70.00","286955.42","SABD0000000001","AAV1.0.0.11","1.1.2.0","PSt7-10","170328-006","1/4/2020 10:31:52","0000-00","0","no battery","V"
"11/02/2020","11:31:20","1","default","640513929","OXY_CH1","16.958","min","165.037","µmol/L","Humid","22.651","deg","42580","µV","27.616","°C","1018.000","hPa","35.3","pmil","0","55.520","deg","20.000","°C","100.000","%a.s.","21.750","deg","20.000","°C","977.000","hPa","0.861","-0.02617","0.00035","0","0","13.56","Humid","24.85","0","70.00","286938.50","SABD0000000001","AAV1.0.0.11","1.1.2.0","PSt7-10","170328-006","1/4/2020 10:31:52","0000-00","0","no battery","V"
"11/02/2020","11:31:21","1","default","640513929","OXY_CH1","16.975","min","165.013","µmol/L","Humid","22.652","deg","42582","µV","27.618","°C","1018.000","hPa","35.3","pmil","0","55.520","deg","20.000","°C","100.000","%a.s.","21.750","deg","20.000","°C","977.000","hPa","0.861","-0.02617","0.00035","0","0","13.56","Humid","24.85","0","70.00","286952.37","SABD0000000001","AAV1.0.0.11","1.1.2.0","PSt7-10","170328-006","1/4/2020 10:31:52","0000-00","0","no battery","V"
"11/02/2020","11:31:22","1","default","640513929","OXY_CH1","16.992","min","165.066","µmol/L","Humid","22.651","deg","42586","µV","27.610","°C","1018.000","hPa","35.3","pmil","0","55.520","deg","20.000","°C","100.000","%a.s.","21.750","deg","20.000","°C","977.000","hPa","0.861","-0.02617","0.00035","0","0","13.56","Humid","24.85","0","70.00","286937.16","SABD0000000001","AAV1.0.0.11","1.1.2.0","PSt7-10","170328-006","1/4/2020 10:31:52","0000-00","0","no battery","V"
"11/02/2020","11:31:23","1","default","640513929","OXY_CH1","17.009","min","165.024","µmol/L","Humid","22.653","deg","42580","µV","27.613","°C","1018.000","hPa","35.3","pmil","0","55.520","deg","20.000","°C","100.000","%a.s.","21.750","deg","20.000","°C","977.000","hPa","0.861","-0.02617","0.00035","0","0","13.56","Humid","24.85","0","70.00","286963.29","SABD0000000001","AAV1.0.0.11","1.1.2.0","PSt7-10","170328-006","1/4/2020 10:31:52","0000-00","0","no battery","V"
"11/02/2020","11:31:24","1","default","640513929","OXY_CH1","17.025","min","165.095","µmol/L","Humid","22.652","deg","42578","µV","27.601","°C","1018.000","hPa","35.3","pmil","0","55.520","deg","20.000","°C","100.000","%a.s.","21.750","deg","20.000","°C","977.000","hPa","0.861","-0.02617","0.00035","0","0","13.56","Humid","24.85","0","70.00","286950.90","SABD0000000001","AAV1.0.0.11","1.1.2.0","PSt7-10","170328-006","1/4/2020 10:31:52","0000-00","0","no battery","V"
"11/02/2020","11:31:25","1","default","640513929","OXY_CH1","17.042","min","164.851","µmol/L","Humid","22.663","deg","42589","µV","27.619","°C","1018.000","hPa","35.3","pmil","0","55.520","deg","20.000","°C","100.000","%a.s.","21.750","deg","20.000","°C","977.000","hPa","0.861","-0.02617","0.00035","0","0","13.56","Humid","24.85","0","70.00","286944.73","SABD0000000001","AAV1.0.0.11","1.1.2.0","PSt7-10","170328-006","1/4/2020 10:31:52","0000-00","0","no battery","V"
"11/02/2020","11:31:26","1","default","640513929","OXY_CH1","17.059","min","165.075","µmol/L","Humid","22.649","deg","42583","µV","27.614","°C","1018.000","hPa","35.3","pmil","0","55.520","deg","20.000","°C","100.000","%a.s.","21.750","deg","20.000","°C","977.000","hPa","0.861","-0.02617","0.00035","0","0","13.56","Humid","24.85","0","70.00","286946.18","SABD0000000001","AAV1.0.0.11","1.1.2.0","PSt7-10","170328-006","1/4/2020 10:31:52","0000-00","0","no battery","V"
"11/02/2020","11:31:27","1","default","640513929","OXY_CH1","17.076","min","165.004","µmol/L","Humid","22.652","deg","42593","µV","27.620","°C","1018.000","hPa","35.3","pmil","0","55.520","deg","20.000","°C","100.000","%a.s.","21.750","deg","20.000","°C","977.000","hPa","0.861","-0.02617","0.00035","0","0","13.56","Humid","24.85","0","70.00","286943.39","SABD0000000001","AAV1.0.0.11","1.1.2.0","PSt7-10","170328-006","1/4/2020 10:31:52","0000-00","0","no battery","V"
"11/02/2020","11:31:28","1","default","640513929","OXY_CH1","17.092","min","165.117","µmol/L","Humid","22.645","deg","42590","µV","27.617","°C","1018.000","hPa","35.3","pmil","0","55.520","deg","20.000","°C","100.000","%a.s.","21.750","deg","20.000","°C","977.000","hPa","0.861","-0.02617","0.00035","0","0","13.56","Humid","24.85","0","70.00","286945.35","SABD0000000001","AAV1.0.0.11","1.1.2.0","PSt7-10","170328-006","1/4/2020 10:31:52","0000-00","0","no battery","V"
"11/02/2020","11:31:29","1","default","640513929","OXY_CH1","17.109","min","165.087","µmol/L","Humid","22.652","deg","42594","µV","27.603","°C","1018.000","hPa","35.3","pmil","0","55.520","deg","20.000","°C","100.000","%a.s.","21.750","deg","20.000","°C","977.000","hPa","0.861","-0.02617","0.00035","0","0","13.56","Humid","24.85","0","70.00","286953.97","SABD0000000001","AAV1.0.0.11","1.1.2.0","PSt7-10","170328-006","1/4/2020 10:31:52","0000-00","0","no battery","V"
"11/02/2020","11:31:30","1","default","640513929","OXY_CH1","17.125","min","164.946","µmol/L","Humid","22.663","deg","42595","µV","27.600","°C","1018.000","hPa","35.3","pmil","0","55.520","deg","20.000","°C","100.000","%a.s.","21.750","deg","20.000","°C","977.000","hPa","0.861","-0.02617","0.00035","0","0","13.56","Humid","24.85","0","70.00","286943.27","SABD0000000001","AAV1.0.0.11","1.1.2.0","PSt7-10","170328-006","1/4/2020 10:31:52","0000-00","0","no battery","V"
"11/02/2020","11:31:31","1","default","640513929","OXY_CH1","17.142","min","165.086","µmol/L","Humid","22.654","deg","42593","µV","27.597","°C","1018.000","hPa","35.3","pmil","0","55.520","deg","20.000","°C","100.000","%a.s.","21.750","deg","20.000","°C","977.000","hPa","0.861","-0.02617","0.00035","0","0","13.56","Humid","24.85","0","70.00","286953.23","SABD0000000001","AAV1.0.0.11","1.1.2.0","PSt7-10","170328-006","1/4/2020 10:31:52","0000-00","0","no battery","V"
"11/02/2020","11:31:32","1","default","640513929","OXY_CH1","17.158","min","164.858","µmol/L","Humid","22.665","deg","42594","µV","27.612","°C","1018.000","hPa","35.3","pmil","0","55.520","deg","20.000","°C","100.000","%a.s.","21.750","deg","20.000","°C","977.000","hPa","0.861","-0.02617","0.00035","0","0","13.56","Humid","24.85","0","70.00","286939.98","SABD0000000001","AAV1.0.0.11","1.1.2.0","PSt7-10","170328-006","1/4/2020 10:31:52","0000-00","0","no battery","V"
"11/02/2020","11:31:33","1","default","640513929","OXY_CH1","17.175","min","164.929","µmol/L","Humid","22.659","deg","42594","µV","27.615","°C","1018.000","hPa","35.3","pmil","0","55.520","deg","20.000","°C","100.000","%a.s.","21.750","deg","20.000","°C","977.000","hPa","0.861","-0.02617","0.00035","0","0","13.56","Humid","24.85","0","70.00","286939.28","SABD0000000001","AAV1.0.0.11","1.1.2.0","PSt7-10","170328-006","1/4/2020 10:31:52","0000-00","0","no battery","V"
"11/02/2020","11:31:34","1","default","640513929","OXY_CH1","17.192","min","164.941","µmol/L","Humid","22.660","deg","42596","µV","27.610","°C","1018.000","hPa","35.3","pmil","0","55.520","deg","20.000","°C","100.000","%a.s.","21.750","deg","20.000","°C","977.000","hPa","0.861","-0.02617","0.00035","0","0","13.56","Humid","24.85","0","70.00","286938.16","SABD0000000001","AAV1.0.0.11","1.1.2.0","PSt7-10","170328-006","1/4/2020 10:31:52","0000-00","0","no battery","V"
"11/02/2020","11:31:35","1","default","640513929","OXY_CH1","17.209","min","165.126","µmol/L","Humid","22.650","deg","42598","µV","27.601","°C","1018.000","hPa","35.3","pmil","0","55.520","deg","20.000","°C","100.000","%a.s.","21.750","deg","20.000","°C","977.000","hPa","0.861","-0.02617","0.00035","0","0","13.56","Humid","24.85","0","70.00","286935.32","SABD0000000001","AAV1.0.0.11","1.1.2.0","PSt7-10","170328-006","1/4/2020 10:31:52","0000-00","0","no battery","V"
"11/02/2020","11:31:36","1","default","640513929","OXY_CH1","17.226","min","164.922","µmol/L","Humid","22.665","deg","42597","µV","27.599","°C","1018.000","hPa","35.3","pmil","0","55.520","deg","20.000","°C","100.000","%a.s.","21.750","deg","20.000","°C","977.000","hPa","0.861","-0.02617","0.00035","0","0","13.56","Humid","24.85","0","70.00","286944.27","SABD0000000001","AAV1.0.0.11","1.1.2.0","PSt7-10","170328-006","1/4/2020 10:31:52","0000-00","0","no battery","V"
"11/02/2020","11:31:37","1","default","640513929","OXY_CH1","17.242","min","164.892","µmol/L","Humid","22.665","deg","42602","µV","27.605","°C","1018.000","hPa","35.3","pmil","0","55.520","deg","20.000","°C","100.000","%a.s.","21.750","deg","20.000","°C","977.000","hPa","0.861","-0.02617","0.00035","0","0","13.56","Humid","24.85","0","70.00","286935.36","SABD0000000001","AAV1.0.0.11","1.1.2.0","PSt7-10","170328-006","1/4/2020 10:31:52","0000-00","0","no battery","V"
"11/02/2020","11:31:38","1","default","640513929","OXY_CH1","17.259","min","164.948","µmol/L","Humid","22.663","deg","42601","µV","27.599","°C","1018.000","hPa","35.3","pmil","0","55.520","deg","20.000","°C","100.000","%a.s.","21.750","deg","20.000","°C","977.000","hPa","0.861","-0.02617","0.00035","0","0","13.56","Humid","24.85","0","70.00","286930.36","SABD0000000001","AAV1.0.0.11","1.1.2.0","PSt7-10","170328-006","1/4/2020 10:31:52","0000-00","0","no battery","V"
"11/02/2020","11:31:39","1","default","640513929","OXY_CH1","17.276","min","164.916","µmol/L","Humid","22.664","deg","42596","µV","27.603","°C","1018.000","hPa","35.3","pmil","0","55.520","deg","20.000","°C","100.000","%a.s.","21.750","deg","20.000","°C","977.000","hPa","0.861","-0.02617","0.00035","0","0","13.56","Humid","24.85","0","70.00","286933.61","SABD0000000001","AAV1.0.0.11","1.1.2.0","PSt7-10","170328-006","1/4/2020 10:31:52","0000-00","0","no battery","V"
"11/02/2020","11:31:40","1","default","640513929","OXY_CH1","17.292","min","165.102","µmol/L","Humid","22.652","deg","42603","µV","27.600","°C","1018.000","hPa","35.3","pmil","0","55.520","deg","20.000","°C","100.000","%a.s.","21.750","deg","20.000","°C","977.000","hPa","0.861","-0.02617","0.00035","0","0","13.56","Humid","24.85","0","70.00","286924.27","SABD0000000001","AAV1.0.0.11","1.1.2.0","PSt7-10","170328-006","1/4/2020 10:31:52","0000-00","0","no battery","V"
"11/02/2020","11:31:41","1","default","640513929","OXY_CH1","17.308","min","164.860","µmol/L","Humid","22.668","deg","42599","µV","27.603","°C","1018.000","hPa","35.3","pmil","0","55.520","deg","20.000","°C","100.000","%a.s.","21.750","deg","20.000","°C","977.000","hPa","0.861","-0.02617","0.00035","0","0","13.56","Humid","24.85","0","70.00","286926.48","SABD0000000001","AAV1.0.0.11","1.1.2.0","PSt7-10","170328-006","1/4/2020 10:31:52","0000-00","0","no battery","V"
"11/02/2020","11:31:42","1","default","640513929","OXY_CH1","17.325","min","164.825","µmol/L","Humid","22.667","deg","42604","µV","27.613","°C","1018.000","hPa","35.3","pmil","0","55.520","deg","20.000","°C","100.000","%a.s.","21.750","deg","20.000","°C","977.000","hPa","0.861","-0.02617","0.00035","0","0","13.56","Humid","24.85","0","70.00","286929.44","SABD0000000001","AAV1.0.0.11","1.1.2.0","PSt7-10","170328-006","1/4/2020 10:31:52","0000-00","0","no battery","V"
"11/02/2020","11:31:43","1","default","640513929","OXY_CH1","17.342","min","164.841","µmol/L","Humid","22.667","deg","42607","µV","27.610","°C","1018.000","hPa","35.3","pmil","0","55.520","deg","20.000","°C","100.000","%a.s.","21.750","deg","20.000","°C","977.000","hPa","0.861","-0.02617","0.00035","0","0","13.56","Humid","24.85","0","70.00","286936.01","SABD0000000001","AAV1.0.0.11","1.1.2.0","PSt7-10","170328-006","1/4/2020 10:31:52","0000-00","0","no battery","V"
"11/02/2020","11:31:44","1","default","640513929","OXY_CH1","17.359","min","164.866","µmol/L","Humid","22.672","deg","42606","µV","27.590","°C","1018.000","hPa","35.3","pmil","0","55.520","deg","20.000","°C","100.000","%a.s.","21.750","deg","20.000","°C","977.000","hPa","0.861","-0.02617","0.00035","0","0","13.56","Humid","24.85","0","70.00","286921.40","SABD0000000001","AAV1.0.0.11","1.1.2.0","PSt7-10","170328-006","1/4/2020 10:31:52","0000-00","0","no battery","V"
"11/02/2020","11:31:45","1","default","640513929","OXY_CH1","17.375","min","164.849","µmol/L","Humid","22.671","deg","42604","µV","27.597","°C","1018.000","hPa","35.3","pmil","0","55.520","deg","20.000","°C","100.000","%a.s.","21.750","deg","20.000","°C","977.000","hPa","0.861","-0.02617","0.00035","0","0","13.56","Humid","24.85","0","70.00","286924.99","SABD0000000001","AAV1.0.0.11","1.1.2.0","PSt7-10","170328-006","1/4/2020 10:31:52","0000-00","0","no battery","V"
"11/02/2020","11:31:46","1","default","640513929","OXY_CH1","17.392","min","164.916","µmol/L","Humid","22.667","deg","42611","µV","27.594","°C","1018.000","hPa","35.3","pmil","0","55.520","deg","20.000","°C","100.000","%a.s.","21.750","deg","20.000","°C","977.000","hPa","0.861","-0.02617","0.00035","0","0","13.56","Humid","24.85","0","70.00","286928.80","SABD0000000001","AAV1.0.0.11","1.1.2.0","PSt7-10","170328-006","1/4/2020 10:31:52","0000-00","0","no battery","V"
"11/02/2020","11:31:47","1","default","640513929","OXY_CH1","17.409","min","164.892","µmol/L","Humid","22.668","deg","42612","µV","27.596","°C","1018.000","hPa","35.3","pmil","0","55.520","deg","20.000","°C","100.000","%a.s.","21.750","deg","20.000","°C","977.000","hPa","0.861","-0.02617","0.00035","0","0","13.56","Humid","24.85","0","70.00","286920.05","SABD0000000001","AAV1.0.0.11","1.1.2.0","PSt7-10","170328-006","1/4/2020 10:31:52","0000-00","0","no battery","V"
"11/02/2020","11:31:48","1","default","640513929","OXY_CH1","17.425","min","164.907","µmol/L","Humid","22.669","deg","42605","µV","27.590","°C","1018.000","hPa","35.3","pmil","0","55.520","deg","20.000","°C","100.000","%a.s.","21.750","deg","20.000","°C","977.000","hPa","0.861","-0.02617","0.00035","0","0","13.56","Humid","24.85","0","70.00","286937.98","SABD0000000001","AAV1.0.0.11","1.1.2.0","PSt7-10","170328-006","1/4/2020 10:31:52","0000-00","0","no battery","V"
"11/02/2020","11:31:49","1","default","640513929","OXY_CH1","17.442","min","164.911","µmol/L","Humid","22.673","deg","42612","µV","27.578","°C","1018.000","hPa","35.3","pmil","0","55.520","deg","20.000","°C","100.000","%a.s.","21.750","deg","20.000","°C","977.000","hPa","0.861","-0.02617","0.00035","0","0","13.56","Humid","24.85","0","70.00","286918.99","SABD0000000001","AAV1.0.0.11","1.1.2.0","PSt7-10","170328-006","1/4/2020 10:31:52","0000-00","0","no battery","V"
"11/02/2020","11:31:50","1","default","640513929","OXY_CH1","17.459","min","164.734","µmol/L","Humid","22.678","deg","42614","µV","27.601","°C","1019.000","hPa","35.3","pmil","0","55.520","deg","20.000","°C","100.000","%a.s.","21.750","deg","20.000","°C","977.000","hPa","0.861","-0.02617","0.00035","0","0","13.56","Humid","24.85","0","70.00","286925.99","SABD0000000001","AAV1.0.0.11","1.1.2.0","PSt7-10","170328-006","1/4/2020 10:31:52","0000-00","0","no battery","V"
"11/02/2020","11:31:51","1","default","640513929","OXY_CH1","17.476","min","164.779","µmol/L","Humid","22.671","deg","42610","µV","27.612","°C","1019.000","hPa","35.3","pmil","0","55.520","deg","20.000","°C","100.000","%a.s.","21.750","deg","20.000","°C","977.000","hPa","0.861","-0.02617","0.00035","0","0","13.56","Humid","24.85","0","70.00","286919.74","SABD0000000001","AAV1.0.0.11","1.1.2.0","PSt7-10","170328-006","1/4/2020 10:31:52","0000-00","0","no battery","V"
"11/02/2020","11:31:52","1","default","640513929","OXY_CH1","17.492","min","164.758","µmol/L","Humid","22.673","deg","42614","µV","27.611","°C","1019.000","hPa","35.3","pmil","0","55.520","deg","20.000","°C","100.000","%a.s.","21.750","deg","20.000","°C","977.000","hPa","0.861","-0.02617","0.00035","0","0","13.56","Humid","24.85","0","70.00","286930.07","SABD0000000001","AAV1.0.0.11","1.1.2.0","PSt7-10","170328-006","1/4/2020 10:31:52","0000-00","0","no battery","V"
"11/02/2020","11:31:53","1","default","640513929","OXY_CH1","17.508","min","164.714","µmol/L","Humid","22.682","deg","42620","µV","27.593","°C","1018.000","hPa","35.3","pmil","0","55.520","deg","20.000","°C","100.000","%a.s.","21.750","deg","20.000","°C","977.000","hPa","0.861","-0.02617","0.00035","0","0","13.56","Humid","24.85","0","70.00","286922.04","SABD0000000001","AAV1.0.0.11","1.1.2.0","PSt7-10","170328-006","1/4/2020 10:31:52","0000-00","0","no battery","V"
"11/02/2020","11:31:54","1","default","640513929","OXY_CH1","17.525","min","164.808","µmol/L","Humid","22.673","deg","42627","µV","27.600","°C","1019.000","hPa","35.3","pmil","0","55.520","deg","20.000","°C","100.000","%a.s.","21.750","deg","20.000","°C","977.000","hPa","0.861","-0.02617","0.00035","0","0","13.56","Humid","24.85","0","70.00","286917.07","SABD0000000001","AAV1.0.0.11","1.1.2.0","PSt7-10","170328-006","1/4/2020 10:31:52","0000-00","0","no battery","V"
"11/02/2020","11:31:55","1","default","640513929","OXY_CH1","17.542","min","164.834","µmol/L","Humid","22.675","deg","42626","µV","27.589","°C","1019.000","hPa","35.3","pmil","0","55.520","deg","20.000","°C","100.000","%a.s.","21.750","deg","20.000","°C","977.000","hPa","0.861","-0.02617","0.00035","0","0","13.56","Humid","24.85","0","70.00","286931.03","SABD0000000001","AAV1.0.0.11","1.1.2.0","PSt7-10","170328-006","1/4/2020 10:31:52","0000-00","0","no battery","V"
"11/02/2020","11:31:56","1","default","640513929","OXY_CH1","17.559","min","164.710","µmol/L","Humid","22.681","deg","42620","µV","27.598","°C","1019.000","hPa","35.3","pmil","0","55.520","deg","20.000","°C","100.000","%a.s.","21.750","deg","20.000","°C","977.000","hPa","0.861","-0.02617","0.00035","0","0","13.56","Humid","24.85","0","70.00","286922.76","SABD0000000001","AAV1.0.0.11","1.1.2.0","PSt7-10","170328-006","1/4/2020 10:31:52","0000-00","0","no battery","V"
"11/02/2020","11:31:57","1","default","640513929","OXY_CH1","17.575","min","164.740","µmol/L","Humid","22.680","deg","42625","µV","27.594","°C","1019.000","hPa","35.3","pmil","0","55.520","deg","20.000","°C","100.000","%a.s.","21.750","deg","20.000","°C","977.000","hPa","0.861","-0.02617","0.00035","0","0","13.56","Humid","24.85","0","70.00","286918.52","SABD0000000001","AAV1.0.0.11","1.1.2.0","PSt7-10","170328-006","1/4/2020 10:31:52","0000-00","0","no battery","V"
"11/02/2020","11:31:58","1","default","640513929","OXY_CH1","17.592","min","164.812","µmol/L","Humid","22.681","deg","42632","µV","27.577","°C","1019.000","hPa","35.3","pmil","0","55.520","deg","20.000","°C","100.000","%a.s.","21.750","deg","20.000","°C","977.000","hPa","0.861","-0.02617","0.00035","0","0","13.56","Humid","24.85","0","70.00","286926.92","SABD0000000001","AAV1.0.0.11","1.1.2.0","PSt7-10","170328-006","1/4/2020 10:31:52","0000-00","0","no battery","V"
"11/02/2020","11:31:59","1","default","640513929","OXY_CH1","17.609","min","164.810","µmol/L","Humid","22.679","deg","42624","µV","27.583","°C","1019.000","hPa","35.3","pmil","0","55.520","deg","20.000","°C","100.000","%a.s.","21.750","deg","20.000","°C","977.000","hPa","0.861","-0.02617","0.00035","0","0","13.56","Humid","24.85","0","70.00","286921.98","SABD0000000001","AAV1.0.0.11","1.1.2.0","PSt7-10","170328-006","1/4/2020 10:31:52","0000-00","0","no battery","V"
"11/02/2020","11:32:00","1","default","640513929","OXY_CH1","17.625","min","164.662","µmol/L","Humid","22.686","deg","42625","µV","27.593","°C","1019.000","hPa","35.3","pmil","0","55.520","deg","20.000","°C","100.000","%a.s.","21.750","deg","20.000","°C","977.000","hPa","0.861","-0.02617","0.00035","0","0","13.56","Humid","24.85","0","70.00","286909.73","SABD0000000001","AAV1.0.0.11","1.1.2.0","PSt7-10","170328-006","1/4/2020 10:31:52","0000-00","0","no battery","V"
"11/02/2020","11:32:01","1","default","640513929","OXY_CH1","17.642","min","164.718","µmol/L","Humid","22.683","deg","42631","µV","27.590","°C","1019.000","hPa","35.3","pmil","0","55.520","deg","20.000","°C","100.000","%a.s.","21.750","deg","20.000","°C","977.000","hPa","0.861","-0.02617","0.00035","0","0","13.56","Humid","24.85","0","70.00","286915.94","SABD0000000001","AAV1.0.0.11","1.1.2.0","PSt7-10","170328-006","1/4/2020 10:31:52","0000-00","0","no battery","V"
"11/02/2020","11:32:02","1","default","640513929","OXY_CH1","17.659","min","164.686","µmol/L","Humid","22.683","deg","42633","µV","27.595","°C","1018.000","hPa","35.3","pmil","0","55.520","deg","20.000","°C","100.000","%a.s.","21.750","deg","20.000","°C","977.000","hPa","0.861","-0.02617","0.00035","0","0","13.56","Humid","24.85","0","70.00","286905.24","SABD0000000001","AAV1.0.0.11","1.1.2.0","PSt7-10","170328-006","1/4/2020 10:31:52","0000-00","0","no battery","V"
"11/02/2020","11:32:03","1","default","640513929","OXY_CH1","17.675","min","164.767","µmol/L","Humid","22.682","deg","42630","µV","27.583","°C","1019.000","hPa","35.3","pmil","0","55.520","deg","20.000","°C","100.000","%a.s.","21.750","deg","20.000","°C","977.000","hPa","0.861","-0.02617","0.00035","0","0","13.56","Humid","24.85","0","70.00","286912.60","SABD0000000001","AAV1.0.0.11","1.1.2.0","PSt7-10","170328-006","1/4/2020 10:31:52","0000-00","0","no battery","V"
"11/02/2020","11:32:04","1","default","640513929","OXY_CH1","17.692","min","164.662","µmol/L","Humid","22.684","deg","42628","µV","27.598","°C","1018.000","hPa","35.3","pmil","0","55.520","deg","20.000","°C","100.000","%a.s.","21.750","deg","20.000","°C","977.000","hPa","0.861","-0.02617","0.00035","0","0","13.56","Humid","24.85","0","70.00","286913.97","SABD0000000001","AAV1.0.0.11","1.1.2.0","PSt7-10","170328-006","1/4/2020 10:31:52","0000-00","0","no battery","V"
"11/02/2020","11:32:05","1","default","640513929","OXY_CH1","17.709","min","164.727","µmol/L","Humid","22.680","deg","42640","µV","27.597","°C","1019.000","hPa","35.3","pmil","0","55.520","deg","20.000","°C","100.000","%a.s.","21.750","deg","20.000","°C","977.000","hPa","0.861","-0.02617","0.00035","0","0","13.56","Humid","24.85","0","70.00","286925.94","SABD0000000001","AAV1.0.0.11","1.1.2.0","PSt7-10","170328-006","1/4/2020 10:31:52","0000-00","0","no battery","V"
"11/02/2020","11:32:06","1","default","640513929","OXY_CH1","17.725","min","164.817","µmol/L","Humid","22.685","deg","42635","µV","27.563","°C","1018.000","hPa","35.3","pmil","0","55.520","deg","20.000","°C","100.000","%a.s.","21.750","deg","20.000","°C","977.000","hPa","0.861","-0.02617","0.00035","0","0","13.56","Humid","24.85","0","70.00","286921.87","SABD0000000001","AAV1.0.0.11","1.1.2.0","PSt7-10","170328-006","1/4/2020 10:31:52","0000-00","0","no battery","V"
"11/02/2020","11:32:07","1","default","640513929","OXY_CH1","17.742","min","164.627","µmol/L","Humid","22.689","deg","42631","µV","27.590","°C","1018.000","hPa","35.3","pmil","0","55.520","deg","20.000","°C","100.000","%a.s.","21.750","deg","20.000","°C","977.000","hPa","0.861","-0.02617","0.00035","0","0","13.56","Humid","24.85","0","70.00","286919.78","SABD0000000001","AAV1.0.0.11","1.1.2.0","PSt7-10","170328-006","1/4/2020 10:31:52","0000-00","0","no battery","V"
"11/02/2020","11:32:08","1","default","640513929","OXY_CH1","17.759","min","164.812","µmol/L","Humid","22.683","deg","42635","µV","27.569","°C","1018.000","hPa","35.3","pmil","0","55.520","deg","20.000","°C","100.000","%a.s.","21.750","deg","20.000","°C","977.000","hPa","0.861","-0.02617","0.00035","0","0","13.56","Humid","24.85","0","70.00","286918.32","SABD0000000001","AAV1.0.0.11","1.1.2.0","PSt7-10","170328-006","1/4/2020 10:31:52","0000-00","0","no battery","V"
"11/02/2020","11:32:09","1","default","640513929","OXY_CH1","17.776","min","164.713","µmol/L","Humid","22.687","deg","42632","µV","27.578","°C","1018.000","hPa","35.3","pmil","0","55.520","deg","20.000","°C","100.000","%a.s.","21.750","deg","20.000","°C","977.000","hPa","0.861","-0.02617","0.00035","0","0","13.56","Humid","24.85","0","70.00","286911.63","SABD0000000001","AAV1.0.0.11","1.1.2.0","PSt7-10","170328-006","1/4/2020 10:31:52","0000-00","0","no battery","V"
"11/02/2020","11:32:10","1","default","640513929","OXY_CH1","17.792","min","164.735","µmol/L","Humid","22.684","deg","42631","µV","27.582","°C","1018.000","hPa","35.3","pmil","0","55.520","deg","20.000","°C","100.000","%a.s.","21.750","deg","20.000","°C","977.000","hPa","0.861","-0.02617","0.00035","0","0","13.56","Humid","24.85","0","70.00","286910.94","SABD0000000001","AAV1.0.0.11","1.1.2.0","PSt7-10","170328-006","1/4/2020 10:31:52","0000-00","0","no battery","V"
"11/02/2020","11:32:11","1","default","640513929","OXY_CH1","17.809","min","164.684","µmol/L","Humid","22.686","deg","42640","µV","27.587","°C","1018.000","hPa","35.3","pmil","0","55.520","deg","20.000","°C","100.000","%a.s.","21.750","deg","20.000","°C","977.000","hPa","0.861","-0.02617","0.00035","0","0","13.56","Humid","24.85","0","70.00","286909.10","SABD0000000001","AAV1.0.0.11","1.1.2.0","PSt7-10","170328-006","1/4/2020 10:31:52","0000-00","0","no battery","V"
"11/02/2020","11:32:12","1","default","640513929","OXY_CH1","17.826","min","164.544","µmol/L","Humid","22.690","deg","42643","µV","27.604","°C","1018.000","hPa","35.3","pmil","0","55.520","deg","20.000","°C","100.000","%a.s.","21.750","deg","20.000","°C","977.000","hPa","0.861","-0.02617","0.00035","0","0","13.56","Humid","24.85","0","70.00","286907.05","SABD0000000001","AAV1.0.0.11","1.1.2.0","PSt7-10","170328-006","1/4/2020 10:31:52","0000-00","0","no battery","V"
"11/02/2020","11:32:13","1","default","640513929","OXY_CH1","17.842","min","164.628","µmol/L","Humid","22.690","deg","42637","µV","27.587","°C","1018.000","hPa","35.3","pmil","0","55.520","deg","20.000","°C","100.000","%a.s.","21.750","deg","20.000","°C","977.000","hPa","0.861","-0.02617","0.00035","0","0","13.56","Humid","24.85","0","70.00","286907.17","SABD0000000001","AAV1.0.0.11","1.1.2.0","PSt7-10","170328-006","1/4/2020 10:31:52","0000-00","0","no battery","V"
"11/02/2020","11:32:14","1","default","640513929","OXY_CH1","17.858","min","164.537","µmol/L","Humid","22.695","deg","42649","µV","27.591","°C","1018.000","hPa","35.3","pmil","0","55.520","deg","20.000","°C","100.000","%a.s.","21.750","deg","20.000","°C","977.000","hPa","0.861","-0.02617","0.00035","0","0","13.56","Humid","24.85","0","70.00","286895.27","SABD0000000001","AAV1.0.0.11","1.1.2.0","PSt7-10","170328-006","1/4/2020 10:31:52","0000-00","0","no battery","V"
"11/02/2020","11:32:15","1","default","640513929","OXY_CH1","17.875","min","164.643","µmol/L","Humid","22.694","deg","42647","µV","27.572","°C","1018.000","hPa","35.3","pmil","0","55.520","deg","20.000","°C","100.000","%a.s.","21.750","deg","20.000","°C","977.000","hPa","0.861","-0.02617","0.00035","0","0","13.56","Humid","24.85","0","70.00","286910.09","SABD0000000001","AAV1.0.0.11","1.1.2.0","PSt7-10","170328-006","1/4/2020 10:31:52","0000-00","0","no battery","V"
"11/02/2020","11:32:16","1","default","640513929","OXY_CH1","17.892","min","164.646","µmol/L","Humid","22.693","deg","42646","µV","27.575","°C","1018.000","hPa","35.3","pmil","0","55.520","deg","20.000","°C","100.000","%a.s.","21.750","deg","20.000","°C","977.000","hPa","0.861","-0.02617","0.00035","0","0","13.56","Humid","24.85","0","70.00","286904.57","SABD0000000001","AAV1.0.0.11","1.1.2.0","PSt7-10","170328-006","1/4/2020 10:31:52","0000-00","0","no battery","V"
"11/02/2020","11:32:17","1","default","640513929","OXY_CH1","17.909","min","164.572","µmol/L","Humid","22.695","deg","42647","µV","27.584","°C","1018.000","hPa","35.3","pmil","0","55.520","deg","20.000","°C","100.000","%a.s.","21.750","deg","20.000","°C","977.000","hPa","0.861","-0.02617","0.00035","0","0","13.56","Humid","24.85","0","70.00","286908.44","SABD0000000001","AAV1.0.0.11","1.1.2.0","PSt7-10","170328-006","1/4/2020 10:31:52","0000-00","0","no battery","V"
"11/02/2020","11:32:18","1","default","640513929","OXY_CH1","17.925","min","164.562","µmol/L","Humid","22.696","deg","42642","µV","27.583","°C","1018.000","hPa","35.3","pmil","0","55.520","deg","20.000","°C","100.000","%a.s.","21.750","deg","20.000","°C","977.000","hPa","0.861","-0.02617","0.00035","0","0","13.56","Humid","24.85","0","70.00","286909.95","SABD0000000001","AAV1.0.0.11","1.1.2.0","PSt7-10","170328-006","1/4/2020 10:31:52","0000-00","0","no battery","V"
"11/02/2020","11:32:19","1","default","640513929","OXY_CH1","17.942","min","164.633","µmol/L","Humid","22.696","deg","42644","µV","27.569","°C","1018.000","hPa","35.3","pmil","0","55.520","deg","20.000","°C","100.000","%a.s.","21.750","deg","20.000","°C","977.000","hPa","0.861","-0.02617","0.00035","0","0","13.56","Humid","24.85","0","70.00","286906.60","SABD0000000001","AAV1.0.0.11","1.1.2.0","PSt7-10","170328-006","1/4/2020 10:31:52","0000-00","0","no battery","V"
"11/02/2020","11:32:20","1","default","640513929","OXY_CH1","17.959","min","164.470","µmol/L","Humid","22.700","deg","42644","µV","27.591","°C","1018.000","hPa","35.3","pmil","0","55.520","deg","20.000","°C","100.000","%a.s.","21.750","deg","20.000","°C","977.000","hPa","0.861","-0.02617","0.00035","0","0","13.56","Humid","24.85","0","70.00","286912.58","SABD0000000001","AAV1.0.0.11","1.1.2.0","PSt7-10","170328-006","1/4/2020 10:31:52","0000-00","0","no battery","V"
"11/02/2020","11:32:21","1","default","640513929","OXY_CH1","17.976","min","164.466","µmol/L","Humid","22.700","deg","42646","µV","27.592","°C","1018.000","hPa","35.3","pmil","0","55.520","deg","20.000","°C","100.000","%a.s.","21.750","deg","20.000","°C","977.000","hPa","0.861","-0.02617","0.00035","0","0","13.56","Humid","24.85","0","70.00","286917.62","SABD0000000001","AAV1.0.0.11","1.1.2.0","PSt7-10","170328-006","1/4/2020 10:31:52","0000-00","0","no battery","V"
"11/02/2020","11:32:22","1","default","640513929","OXY_CH1","17.992","min","164.503","µmol/L","Humid","22.702","deg","42648","µV","27.578","°C","1018.000","hPa","35.3","pmil","0","55.520","deg","20.000","°C","100.000","%a.s.","21.750","deg","20.000","°C","977.000","hPa","0.861","-0.02617","0.00035","0","0","13.56","Humid","24.85","0","70.00","286907.81","SABD0000000001","AAV1.0.0.11","1.1.2.0","PSt7-10","170328-006","1/4/2020 10:31:52","0000-00","0","no battery","V"
"11/02/2020","11:32:23","1","default","640513929","OXY_CH1","18.009","min","164.518","µmol/L","Humid","22.702","deg","42639","µV","27.575","°C","1018.000","hPa","35.3","pmil","0","55.520","deg","20.000","°C","100.000","%a.s.","21.750","deg","20.000","°C","977.000","hPa","0.861","-0.02617","0.00035","0","0","13.56","Humid","24.85","0","70.00","286908.94","SABD0000000001","AAV1.0.0.11","1.1.2.0","PSt7-10","170328-006","1/4/2020 10:31:52","0000-00","0","no battery","V"
"11/02/2020","11:32:24","1","default","640513929","OXY_CH1","18.025","min","164.544","µmol/L","Humid","22.698","deg","42649","µV","27.581","°C","1018.000","hPa","35.3","pmil","0","55.520","deg","20.000","°C","100.000","%a.s.","21.750","deg","20.000","°C","977.000","hPa","0.861","-0.02617","0.00035","0","0","13.56","Humid","24.85","0","70.00","286907.94","SABD0000000001","AAV1.0.0.11","1.1.2.0","PSt7-10","170328-006","1/4/2020 10:31:52","0000-00","0","no battery","V"
"11/02/2020","11:32:25","1","default","640513929","OXY_CH1","18.042","min","164.443","µmol/L","Humid","22.706","deg","42651","µV","27.580","°C","1019.000","hPa","35.3","pmil","0","55.520","deg","20.000","°C","100.000","%a.s.","21.750","deg","20.000","°C","977.000","hPa","0.861","-0.02617","0.00035","0","0","13.56","Humid","24.85","0","70.00","286922.08","SABD0000000001","AAV1.0.0.11","1.1.2.0","PSt7-10","170328-006","1/4/2020 10:31:52","0000-00","0","no battery","V"
"11/02/2020","11:32:26","1","default","640513929","OXY_CH1","18.058","min","164.542","µmol/L","Humid","22.697","deg","42656","µV","27.586","°C","1019.000","hPa","35.3","pmil","0","55.520","deg","20.000","°C","100.000","%a.s.","21.750","deg","20.000","°C","977.000","hPa","0.861","-0.02617","0.00035","0","0","13.56","Humid","24.85","0","70.00","286901.47","SABD0000000001","AAV1.0.0.11","1.1.2.0","PSt7-10","170328-006","1/4/2020 10:31:52","0000-00","0","no battery","V"
"11/02/2020","11:32:27","1","default","640513929","OXY_CH1","18.075","min","164.529","µmol/L","Humid","22.702","deg","42657","µV","27.574","°C","1019.000","hPa","35.3","pmil","0","55.520","deg","20.000","°C","100.000","%a.s.","21.750","deg","20.000","°C","977.000","hPa","0.861","-0.02617","0.00035","0","0","13.56","Humid","24.85","0","70.00","286920.39","SABD0000000001","AAV1.0.0.11","1.1.2.0","PSt7-10","170328-006","1/4/2020 10:31:52","0000-00","0","no battery","V"
"11/02/2020","11:32:28","1","default","640513929","OXY_CH1","18.092","min","164.496","µmol/L","Humid","22.705","deg","42654","µV","27.572","°C","1019.000","hPa","35.3","pmil","0","55.520","deg","20.000","°C","100.000","%a.s.","21.750","deg","20.000","°C","977.000","hPa","0.861","-0.02617","0.00035","0","0","13.56","Humid","24.85","0","70.00","286907.98","SABD0000000001","AAV1.0.0.11","1.1.2.0","PSt7-10","170328-006","1/4/2020 10:31:52","0000-00","0","no battery","V"
"11/02/2020","11:32:29","1","default","640513929","OXY_CH1","18.109","min","164.627","µmol/L","Humid","22.696","deg","42657","µV","27.571","°C","1019.000","hPa","35.3","pmil","0","55.520","deg","20.000","°C","100.000","%a.s.","21.750","deg","20.000","°C","977.000","hPa","0.861","-0.02617","0.00035","0","0","13.56","Humid","24.85","0","70.00","286913.81","SABD0000000001","AAV1.0.0.11","1.1.2.0","PSt7-10","170328-006","1/4/2020 10:31:52","0000-00","0","no battery","V"
"11/02/2020","11:32:30","1","default","640513929","OXY_CH1","18.126","min","164.432","µmol/L","Humid","22.704","deg","42655","µV","27.588","°C","1019.000","hPa","35.3","pmil","0","55.520","deg","20.000","°C","100.000","%a.s.","21.750","deg","20.000","°C","977.000","hPa","0.861","-0.02617","0.00035","0","0","13.56","Humid","24.85","0","70.00","286899.71","SABD0000000001","AAV1.0.0.11","1.1.2.0","PSt7-10","170328-006","1/4/2020 10:31:52","0000-00","0","no battery","V"
"11/02/2020","11:32:31","1","default","640513929","OXY_CH1","18.142","min","164.458","µmol/L","Humid","22.707","deg","42661","µV","27.574","°C","1019.000","hPa","35.3","pmil","0","55.520","deg","20.000","°C","100.000","%a.s.","21.750","deg","20.000","°C","977.000","hPa","0.861","-0.02617","0.00035","0","0","13.56","Humid","24.85","0","70.00","286913.74","SABD0000000001","AAV1.0.0.11","1.1.2.0","PSt7-10","170328-006","1/4/2020 10:31:52","0000-00","0","no battery","V"
"11/02/2020","11:32:32","1","default","640513929","OXY_CH1","18.159","min","164.405","µmol/L","Humid","22.707","deg","42659","µV","27.585","°C","1019.000","hPa","35.3","pmil","0","55.520","deg","20.000","°C","100.000","%a.s.","21.750","deg","20.000","°C","977.000","hPa","0.861","-0.02617","0.00035","0","0","13.56","Humid","24.85","0","70.00","286911.27","SABD0000000001","AAV1.0.0.11","1.1.2.0","PSt7-10","170328-006","1/4/2020 10:31:52","0000-00","0","no battery","V"
"11/02/2020","11:32:33","1","default","640513929","OXY_CH1","18.176","min","164.391","µmol/L","Humid","22.708","deg","42662","µV","27.585","°C","1019.000","hPa","35.3","pmil","0","55.520","deg","20.000","°C","100.000","%a.s.","21.750","deg","20.000","°C","977.000","hPa","0.861","-0.02617","0.00035","0","0","13.56","Humid","24.85","0","70.00","286908.10","SABD0000000001","AAV1.0.0.11","1.1.2.0","PSt7-10","170328-006","1/4/2020 10:31:52","0000-00","0","no battery","V"
"11/02/2020","11:32:34","1","default","640513929","OXY_CH1","18.192","min","164.452","µmol/L","Humid","22.708","deg","42656","µV","27.573","°C","1019.000","hPa","35.3","pmil","0","55.520","deg","20.000","°C","100.000","%a.s.","21.750","deg","20.000","°C","977.000","hPa","0.861","-0.02617","0.00035","0","0","13.56","Humid","24.85","0","70.00","286903.80","SABD0000000001","AAV1.0.0.11","1.1.2.0","PSt7-10","170328-006","1/4/2020 10:31:52","0000-00","0","no battery","V"
"11/02/2020","11:32:35","1","default","640513929","OXY_CH1","18.209","min","164.410","µmol/L","Humid","22.712","deg","42659","µV","27.570","°C","1019.000","hPa","35.3","pmil","0","55.520","deg","20.000","°C","100.000","%a.s.","21.750","deg","20.000","°C","977.000","hPa","0.861","-0.02617","0.00035","0","0","13.56","Humid","24.85","0","70.00","286899.71","SABD0000000001","AAV1.0.0.11","1.1.2.0","PSt7-10","170328-006","1/4/2020 10:31:52","0000-00","0","no battery","V"
"11/02/2020","11:32:36","1","default","640513929","OXY_CH1","18.225","min","164.561","µmol/L","Humid","22.703","deg","42661","µV","27.565","°C","1019.000","hPa","35.3","pmil","0","55.520","deg","20.000","°C","100.000","%a.s.","21.750","deg","20.000","°C","977.000","hPa","0.861","-0.02617","0.00035","0","0","13.56","Humid","24.85","0","70.00","286912.92","SABD0000000001","AAV1.0.0.11","1.1.2.0","PSt7-10","170328-006","1/4/2020 10:31:52","0000-00","0","no battery","V"
"11/02/2020","11:32:37","1","default","640513929","OXY_CH1","18.242","min","164.449","µmol/L","Humid","22.710","deg","42662","µV","27.567","°C","1019.000","hPa","35.3","pmil","0","55.520","deg","20.000","°C","100.000","%a.s.","21.750","deg","20.000","°C","977.000","hPa","0.861","-0.02617","0.00035","0","0","13.56","Humid","24.85","0","70.00","286905.90","SABD0000000001","AAV1.0.0.11","1.1.2.0","PSt7-10","170328-006","1/4/2020 10:31:52","0000-00","0","no battery","V"
"11/02/2020","11:32:38","1","default","640513929","OXY_CH1","18.259","min","164.375","µmol/L","Humid","22.715","deg","42661","µV","27.567","°C","1018.000","hPa","35.3","pmil","0","55.520","deg","20.000","°C","100.000","%a.s.","21.750","deg","20.000","°C","977.000","hPa","0.861","-0.02617","0.00035","0","0","13.56","Humid","24.85","0","70.00","286904.71","SABD0000000001","AAV1.0.0.11","1.1.2.0","PSt7-10","170328-006","1/4/2020 10:31:52","0000-00","0","no battery","V"
"11/02/2020","11:32:39","1","default","640513929","OXY_CH1","18.275","min","164.518","µmol/L","Humid","22.708","deg","42664","µV","27.558","°C","1018.000","hPa","35.3","pmil","0","55.520","deg","20.000","°C","100.000","%a.s.","21.750","deg","20.000","°C","977.000","hPa","0.861","-0.02617","0.00035","0","0","13.56","Humid","24.85","0","70.00","286896.59","SABD0000000001","AAV1.0.0.11","1.1.2.0","PSt7-10","170328-006","1/4/2020 10:31:52","0000-00","0","no battery","V"
"11/02/2020","11:32:40","1","default","640513929","OXY_CH1","18.292","min","164.441","µmol/L","Humid","22.709","deg","42669","µV","27.572","°C","1019.000","hPa","35.3","pmil","0","55.520","deg","20.000","°C","100.000","%a.s.","21.750","deg","20.000","°C","977.000","hPa","0.861","-0.02617","0.00035","0","0","13.56","Humid","24.85","0","70.00","286902.44","SABD0000000001","AAV1.0.0.11","1.1.2.0","PSt7-10","170328-006","1/4/2020 10:31:52","0000-00","0","no battery","V"
"11/02/2020","11:32:41","1","default","640513929","OXY_CH1","18.309","min","164.494","µmol/L","Humid","22.710","deg","42677","µV","27.557","°C","1018.000","hPa","35.3","pmil","0","55.520","deg","20.000","°C","100.000","%a.s.","21.750","deg","20.000","°C","977.000","hPa","0.861","-0.02617","0.00035","0","0","13.56","Humid","24.85","0","70.00","286906.16","SABD0000000001","AAV1.0.0.11","1.1.2.0","PSt7-10","170328-006","1/4/2020 10:31:52","0000-00","0","no battery","V"
"11/02/2020","11:32:42","1","default","640513929","OXY_CH1","18.326","min","164.411","µmol/L","Humid","22.712","deg","42669","µV","27.569","°C","1019.000","hPa","35.3","pmil","0","55.520","deg","20.000","°C","100.000","%a.s.","21.750","deg","20.000","°C","977.000","hPa","0.861","-0.02617","0.00035","0","0","13.56","Humid","24.85","0","70.00","286908.80","SABD0000000001","AAV1.0.0.11","1.1.2.0","PSt7-10","170328-006","1/4/2020 10:31:52","0000-00","0","no battery","V"
"11/02/2020","11:32:43","1","default","640513929","OXY_CH1","18.342","min","164.280","µmol/L","Humid","22.721","deg","42679","µV","27.571","°C","1019.000","hPa","35.3","pmil","0","55.520","deg","20.000","°C","100.000","%a.s.","21.750","deg","20.000","°C","977.000","hPa","0.861","-0.02617","0.00035","0","0","13.56","Humid","24.85","0","70.00","286901.61","SABD0000000001","AAV1.0.0.11","1.1.2.0","PSt7-10","170328-006","1/4/2020 10:31:52","0000-00","0","no battery","V"
"11/02/2020","11:32:44","1","default","640513929","OXY_CH1","18.359","min","164.314","µmol/L","Humid","22.716","deg","42678","µV","27.577","°C","1018.000","hPa","35.3","pmil","0","55.520","deg","20.000","°C","100.000","%a.s.","21.750","deg","20.000","°C","977.000","hPa","0.861","-0.02617","0.00035","0","0","13.56","Humid","24.85","0","70.00","286906.92","SABD0000000001","AAV1.0.0.11","1.1.2.0","PSt7-10","170328-006","1/4/2020 10:31:52","0000-00","0","no battery","V"
"11/02/2020","11:32:45","1","default","640513929","OXY_CH1","18.375","min","164.274","µmol/L","Humid","22.721","deg","42675","µV","27.572","°C","1019.000","hPa","35.3","pmil","0","55.520","deg","20.000","°C","100.000","%a.s.","21.750","deg","20.000","°C","977.000","hPa","0.861","-0.02617","0.00035","0","0","13.56","Humid","24.85","0","70.00","286898.20","SABD0000000001","AAV1.0.0.11","1.1.2.0","PSt7-10","170328-006","1/4/2020 10:31:52","0000-00","0","no battery","V"
"11/02/2020","11:32:46","1","default","640513929","OXY_CH1","18.392","min","164.375","µmol/L","Humid","22.716","deg","42678","µV","27.564","°C","1018.000","hPa","35.3","pmil","0","55.520","deg","20.000","°C","100.000","%a.s.","21.750","deg","20.000","°C","977.000","hPa","0.861","-0.02617","0.00035","0","0","13.56","Humid","24.85","0","70.00","286894.78","SABD0000000001","AAV1.0.0.11","1.1.2.0","PSt7-10","170328-006","1/4/2020 10:31:52","0000-00","0","no battery","V"
"11/02/2020","11:32:47","1","default","640513929","OXY_CH1","18.409","min","164.352","µmol/L","Humid","22.721","deg","42679","µV","27.554","°C","1018.000","hPa","35.3","pmil","0","55.520","deg","20.000","°C","100.000","%a.s.","21.750","deg","20.000","°C","977.000","hPa","0.861","-0.02617","0.00035","0","0","13.56","Humid","24.85","0","70.00","286893.24","SABD0000000001","AAV1.0.0.11","1.1.2.0","PSt7-10","170328-006","1/4/2020 10:31:52","0000-00","0","no battery","V"
"11/02/2020","11:32:48","1","default","640513929","OXY_CH1","18.425","min","164.327","µmol/L","Humid","22.719","deg","42687","µV","27.567","°C","1019.000","hPa","35.3","pmil","0","55.520","deg","20.000","°C","100.000","%a.s.","21.750","deg","20.000","°C","977.000","hPa","0.861","-0.02617","0.00035","0","0","13.56","Humid","24.85","0","70.00","286896.59","SABD0000000001","AAV1.0.0.11","1.1.2.0","PSt7-10","170328-006","1/4/2020 10:31:52","0000-00","0","no battery","V"
"11/02/2020","11:32:49","1","default","640513929","OXY_CH1","18.442","min","164.222","µmol/L","Humid","22.726","deg","42678","µV","27.567","°C","1018.000","hPa","35.3","pmil","0","55.520","deg","20.000","°C","100.000","%a.s.","21.750","deg","20.000","°C","977.000","hPa","0.861","-0.02617","0.00035","0","0","13.56","Humid","24.85","0","70.00","286893.54","SABD0000000001","AAV1.0.0.11","1.1.2.0","PSt7-10","170328-006","1/4/2020 10:31:52","0000-00","0","no battery","V"
"11/02/2020","11:32:50","1","default","640513929","OXY_CH1","18.459","min","164.307","µmol/L","Humid","22.719","deg","42675","µV","27.569","°C","1018.000","hPa","35.3","pmil","0","55.520","deg","20.000","°C","100.000","%a.s.","21.750","deg","20.000","°C","977.000","hPa","0.861","-0.02617","0.00035","0","0","13.56","Humid","24.85","0","70.00","286899.14","SABD0000000001","AAV1.0.0.11","1.1.2.0","PSt7-10","170328-006","1/4/2020 10:31:52","0000-00","0","no battery","V"
"11/02/2020","11:32:51","1","default","640513929","OXY_CH1","18.476","min","164.299","µmol/L","Humid","22.722","deg","42675","µV","27.562","°C","1018.000","hPa","35.3","pmil","0","55.520","deg","20.000","°C","100.000","%a.s.","21.750","deg","20.000","°C","977.000","hPa","0.861","-0.02617","0.00035","0","0","13.56","Humid","24.85","0","70.00","286909.57","SABD0000000001","AAV1.0.0.11","1.1.2.0","PSt7-10","170328-006","1/4/2020 10:31:52","0000-00","0","no battery","V"
"11/02/2020","11:32:52","1","default","640513929","OXY_CH1","18.492","min","164.306","µmol/L","Humid","22.724","deg","42682","µV","27.555","°C","1018.000","hPa","35.3","pmil","0","55.520","deg","20.000","°C","100.000","%a.s.","21.750","deg","20.000","°C","977.000","hPa","0.861","-0.02617","0.00035","0","0","13.56","Humid","24.85","0","70.00","286901.83","SABD0000000001","AAV1.0.0.11","1.1.2.0","PSt7-10","170328-006","1/4/2020 10:31:52","0000-00","0","no battery","V"
"11/02/2020","11:32:53","1","default","640513929","OXY_CH1","18.509","min","164.367","µmol/L","Humid","22.716","deg","42690","µV","27.566","°C","1018.000","hPa","35.3","pmil","0","55.520","deg","20.000","°C","100.000","%a.s.","21.750","deg","20.000","°C","977.000","hPa","0.861","-0.02617","0.00035","0","0","13.56","Humid","24.85","0","70.00","286898.07","SABD0000000001","AAV1.0.0.11","1.1.2.0","PSt7-10","170328-006","1/4/2020 10:31:52","0000-00","0","no battery","V"
"11/02/2020","11:32:54","1","default","640513929","OXY_CH1","18.526","min","164.119","µmol/L","Humid","22.727","deg","42687","µV","27.585","°C","1018.000","hPa","35.3","pmil","0","55.520","deg","20.000","°C","100.000","%a.s.","21.750","deg","20.000","°C","977.000","hPa","0.861","-0.02617","0.00035","0","0","13.56","Humid","24.85","0","70.00","286887.69","SABD0000000001","AAV1.0.0.11","1.1.2.0","PSt7-10","170328-006","1/4/2020 10:31:52","0000-00","0","no battery","V"
"11/02/2020","11:32:55","1","default","640513929","OXY_CH1","18.542","min","164.214","µmol/L","Humid","22.722","deg","42688","µV","27.580","°C","1018.000","hPa","35.3","pmil","0","55.520","deg","20.000","°C","100.000","%a.s.","21.750","deg","20.000","°C","977.000","hPa","0.861","-0.02617","0.00035","0","0","13.56","Humid","24.85","0","70.00","286898.45","SABD0000000001","AAV1.0.0.11","1.1.2.0","PSt7-10","170328-006","1/4/2020 10:31:52","0000-00","0","no battery","V"
"11/02/2020","11:32:56","1","default","640513929","OXY_CH1","18.558","min","164.374","µmol/L","Humid","22.723","deg","42690","µV","27.544","°C","1018.000","hPa","35.3","pmil","0","55.520","deg","20.000","°C","100.000","%a.s.","21.750","deg","20.000","°C","977.000","hPa","0.861","-0.02617","0.00035","0","0","13.56","Humid","24.85","0","70.00","286904.99","SABD0000000001","AAV1.0.0.11","1.1.2.0","PSt7-10","170328-006","1/4/2020 10:31:52","0000-00","0","no battery","V"
"11/02/2020","11:32:57","1","default","640513929","OXY_CH1","18.575","min","164.279","µmol/L","Humid","22.727","deg","42701","µV","27.552","°C","1018.000","hPa","35.3","pmil","0","55.520","deg","20.000","°C","100.000","%a.s.","21.750","deg","20.000","°C","977.000","hPa","0.861","-0.02617","0.00035","0","0","13.56","Humid","24.85","0","70.00","286894.77","SABD0000000001","AAV1.0.0.11","1.1.2.0","PSt7-10","170328-006","1/4/2020 10:31:52","0000-00","0","no battery","V"
"11/02/2020","11:32:58","1","default","640513929","OXY_CH1","18.592","min","164.228","µmol/L","Humid","22.733","deg","42702","µV","27.545","°C","1018.000","hPa","35.3","pmil","0","55.520","deg","20.000","°C","100.000","%a.s.","21.750","deg","20.000","°C","977.000","hPa","0.861","-0.02617","0.00035","0","0","13.56","Humid","24.85","0","70.00","286897.37","SABD0000000001","AAV1.0.0.11","1.1.2.0","PSt7-10","170328-006","1/4/2020 10:31:52","0000-00","0","no battery","V"
"11/02/2020","11:32:59","1","default","640513929","OXY_CH1","18.609","min","164.178","µmol/L","Humid","22.730","deg","42698","µV","27.564","°C","1018.000","hPa","35.3","pmil","0","55.520","deg","20.000","°C","100.000","%a.s.","21.750","deg","20.000","°C","977.000","hPa","0.861","-0.02617","0.00035","0","0","13.56","Humid","24.85","0","70.00","286909.88","SABD0000000001","AAV1.0.0.11","1.1.2.0","PSt7-10","170328-006","1/4/2020 10:31:52","0000-00","0","no battery","V"
"11/02/2020","11:33:00","1","default","640513929","OXY_CH1","18.625","min","164.276","µmol/L","Humid","22.729","deg","42704","µV","27.547","°C","1018.000","hPa","35.3","pmil","0","55.520","deg","20.000","°C","100.000","%a.s.","21.750","deg","20.000","°C","977.000","hPa","0.861","-0.02617","0.00035","0","0","13.56","Humid","24.85","0","70.00","286903.19","SABD0000000001","AAV1.0.0.11","1.1.2.0","PSt7-10","170328-006","1/4/2020 10:31:52","0000-00","0","no battery","V"
"11/02/2020","11:33:01","1","default","640513929","OXY_CH1","18.642","min","164.182","µmol/L","Humid","22.738","deg","42710","µV","27.540","°C","1018.000","hPa","35.3","pmil","0","55.520","deg","20.000","°C","100.000","%a.s.","21.750","deg","20.000","°C","977.000","hPa","0.861","-0.02617","0.00035","0","0","13.56","Humid","24.85","0","70.00","286888.85","SABD0000000001","AAV1.0.0.11","1.1.2.0","PSt7-10","170328-006","1/4/2020 10:31:52","0000-00","0","no battery","V"
"11/02/2020","11:33:02","1","default","640513929","OXY_CH1","18.659","min","164.287","µmol/L","Humid","22.729","deg","42708","µV","27.545","°C","1018.000","hPa","35.3","pmil","0","55.520","deg","20.000","°C","100.000","%a.s.","21.750","deg","20.000","°C","977.000","hPa","0.861","-0.02617","0.00035","0","0","13.56","Humid","24.85","0","70.00","286898.12","SABD0000000001","AAV1.0.0.11","1.1.2.0","PSt7-10","170328-006","1/4/2020 10:31:52","0000-00","0","no battery","V"
"11/02/2020","11:33:03","1","default","640513929","OXY_CH1","18.676","min","164.296","µmol/L","Humid","22.729","deg","42713","µV","27.543","°C","1018.000","hPa","35.3","pmil","0","55.520","deg","20.000","°C","100.000","%a.s.","21.750","deg","20.000","°C","977.000","hPa","0.861","-0.02617","0.00035","0","0","13.56","Humid","24.85","0","70.00","286887.71","SABD0000000001","AAV1.0.0.11","1.1.2.0","PSt7-10","170328-006","1/4/2020 10:31:52","0000-00","0","no battery","V"
"11/02/2020","11:33:04","1","default","640513929","OXY_CH1","18.692","min","164.333","µmol/L","Humid","22.722","deg","42708","µV","27.555","°C","1018.000","hPa","35.3","pmil","0","55.520","deg","20.000","°C","100.000","%a.s.","21.750","deg","20.000","°C","977.000","hPa","0.861","-0.02617","0.00035","0","0","13.56","Humid","24.85","0","70.00","286894.46","SABD0000000001","AAV1.0.0.11","1.1.2.0","PSt7-10","170328-006","1/4/2020 10:31:52","0000-00","0","no battery","V"
"11/02/2020","11:33:05","1","default","640513929","OXY_CH1","18.709","min","164.151","µmol/L","Humid","22.738","deg","42709","µV","27.547","°C","1018.000","hPa","35.3","pmil","0","55.520","deg","20.000","°C","100.000","%a.s.","21.750","deg","20.000","°C","977.000","hPa","0.861","-0.02617","0.00035","0","0","13.56","Humid","24.85","0","70.00","286896.68","SABD0000000001","AAV1.0.0.11","1.1.2.0","PSt7-10","170328-006","1/4/2020 10:31:52","0000-00","0","no battery","V"
"11/02/2020","11:33:06","1","default","640513929","OXY_CH1","18.725","min","164.265","µmol/L","Humid","22.731","deg","42711","µV","27.544","°C","1018.000","hPa","35.3","pmil","0","55.520","deg","20.000","°C","100.000","%a.s.","21.750","deg","20.000","°C","977.000","hPa","0.861","-0.02617","0.00035","0","0","13.56","Humid","24.85","0","70.00","286896.38","SABD0000000001","AAV1.0.0.11","1.1.2.0","PSt7-10","170328-006","1/4/2020 10:31:52","0000-00","0","no battery","V"
"11/02/2020","11:33:07","1","default","640513929","OXY_CH1","18.742","min","164.224","µmol/L","Humid","22.735","deg","42710","µV","27.540","°C","1018.000","hPa","35.3","pmil","0","55.520","deg","20.000","°C","100.000","%a.s.","21.750","deg","20.000","°C","977.000","hPa","0.861","-0.02617","0.00035","0","0","13.56","Humid","24.85","0","70.00","286892.41","SABD0000000001","AAV1.0.0.11","1.1.2.0","PSt7-10","170328-006","1/4/2020 10:31:52","0000-00","0","no battery","V"
"11/02/2020","11:33:08","1","default","640513929","OXY_CH1","18.758","min","164.148","µmol/L","Humid","22.732","deg","42716","µV","27.565","°C","1018.000","hPa","35.3","pmil","0","55.520","deg","20.000","°C","100.000","%a.s.","21.750","deg","20.000","°C","977.000","hPa","0.861","-0.02617","0.00035","0","0","13.56","Humid","24.85","0","70.00","286888.34","SABD0000000001","AAV1.0.0.11","1.1.2.0","PSt7-10","170328-006","1/4/2020 10:31:52","0000-00","0","no battery","V"
"11/02/2020","11:33:09","1","default","640513929","OXY_CH1","18.775","min","164.114","µmol/L","Humid","22.734","deg","42710","µV","27.566","°C","1018.000","hPa","35.3","pmil","0","55.520","deg","20.000","°C","100.000","%a.s.","21.750","deg","20.000","°C","977.000","hPa","0.861","-0.02617","0.00035","0","0","13.56","Humid","24.85","0","70.00","286879.08","SABD0000000001","AAV1.0.0.11","1.1.2.0","PSt7-10","170328-006","1/4/2020 10:31:52","0000-00","0","no battery","V"
"11/02/2020","11:33:10","1","default","640513929","OXY_CH1","18.792","min","164.038","µmol/L","Humid","22.743","deg","42725","µV","27.556","°C","1018.000","hPa","35.3","pmil","0","55.520","deg","20.000","°C","100.000","%a.s.","21.750","deg","20.000","°C","977.000","hPa","0.861","-0.02617","0.00035","0","0","13.56","Humid","24.85","0","70.00","286891.47","SABD0000000001","AAV1.0.0.11","1.1.2.0","PSt7-10","170328-006","1/4/2020 10:31:52","0000-00","0","no battery","V"
"11/02/2020","11:33:11","1","default","640513929","OXY_CH1","18.809","min","164.131","µmol/L","Humid","22.739","deg","42716","µV","27.548","°C","1018.000","hPa","35.3","pmil","0","55.520","deg","20.000","°C","100.000","%a.s.","21.750","deg","20.000","°C","977.000","hPa","0.861","-0.02617","0.00035","0","0","13.56","Humid","24.85","0","70.00","286896.93","SABD0000000001","AAV1.0.0.11","1.1.2.0","PSt7-10","170328-006","1/4/2020 10:31:52","0000-00","0","no battery","V"
"11/02/2020","11:33:12","1","default","640513929","OXY_CH1","18.825","min","164.156","µmol/L","Humid","22.736","deg","42726","µV","27.551","°C","1018.000","hPa","35.3","pmil","0","55.520","deg","20.000","°C","100.000","%a.s.","21.750","deg","20.000","°C","977.000","hPa","0.861","-0.02617","0.00035","0","0","13.56","Humid","24.85","0","70.00","286897.65","SABD0000000001","AAV1.0.0.11","1.1.2.0","PSt7-10","170328-006","1/4/2020 10:31:52","0000-00","0","no battery","V"
"11/02/2020","11:33:13","1","default","640513929","OXY_CH1","18.842","min","164.126","µmol/L","Humid","22.741","deg","42723","µV","27.543","°C","1018.000","hPa","35.3","pmil","0","55.520","deg","20.000","°C","100.000","%a.s.","21.750","deg","20.000","°C","977.000","hPa","0.861","-0.02617","0.00035","0","0","13.56","Humid","24.85","0","70.00","286903.71","SABD0000000001","AAV1.0.0.11","1.1.2.0","PSt7-10","170328-006","1/4/2020 10:31:52","0000-00","0","no battery","V"
"11/02/2020","11:33:14","1","default","640513929","OXY_CH1","18.859","min","164.130","µmol/L","Humid","22.737","deg","42729","µV","27.554","°C","1018.000","hPa","35.3","pmil","0","55.520","deg","20.000","°C","100.000","%a.s.","21.750","deg","20.000","°C","977.000","hPa","0.861","-0.02617","0.00035","0","0","13.56","Humid","24.85","0","70.00","286896.06","SABD0000000001","AAV1.0.0.11","1.1.2.0","PSt7-10","170328-006","1/4/2020 10:31:52","0000-00","0","no battery","V"
"11/02/2020","11:33:15","1","default","640513929","OXY_CH1","18.876","min","164.039","µmol/L","Humid","22.745","deg","42728","µV","27.550","°C","1018.000","hPa","35.3","pmil","0","55.520","deg","20.000","°C","100.000","%a.s.","21.750","deg","20.000","°C","977.000","hPa","0.861","-0.02617","0.00035","0","0","13.56","Humid","24.85","0","70.00","286885.38","SABD0000000001","AAV1.0.0.11","1.1.2.0","PSt7-10","170328-006","1/4/2020 10:31:52","0000-00","0","no battery","V"
"11/02/2020","11:33:16","1","default","640513929","OXY_CH1","18.892","min","164.173","µmol/L","Humid","22.735","deg","42728","µV","27.551","°C","1018.000","hPa","35.3","pmil","0","55.520","deg","20.000","°C","100.000","%a.s.","21.750","deg","20.000","°C","977.000","hPa","0.861","-0.02617","0.00035","0","0","13.56","Humid","24.85","0","70.00","286892.07","SABD0000000001","AAV1.0.0.11","1.1.2.0","PSt7-10","170328-006","1/4/2020 10:31:52","0000-00","0","no battery","V"
"11/02/2020","11:33:17","1","default","640513929","OXY_CH1","18.909","min","164.055","µmol/L","Humid","22.743","deg","42732","µV","27.552","°C","1018.000","hPa","35.3","pmil","0","55.520","deg","20.000","°C","100.000","%a.s.","21.750","deg","20.000","°C","977.000","hPa","0.861","-0.02617","0.00035","0","0","13.56","Humid","24.85","0","70.00","286885.06","SABD0000000001","AAV1.0.0.11","1.1.2.0","PSt7-10","170328-006","1/4/2020 10:31:52","0000-00","0","no battery","V"
"11/02/2020","11:33:18","1","default","640513929","OXY_CH1","18.925","min","164.161","µmol/L","Humid","22.734","deg","42735","µV","27.556","°C","1018.000","hPa","35.3","pmil","0","55.520","deg","20.000","°C","100.000","%a.s.","21.750","deg","20.000","°C","977.000","hPa","0.861","-0.02617","0.00035","0","0","13.56","Humid","24.85","0","70.00","286884.24","SABD0000000001","AAV1.0.0.11","1.1.2.0","PSt7-10","170328-006","1/4/2020 10:31:52","0000-00","0","no battery","V"
"11/02/2020","11:33:19","1","default","640513929","OXY_CH1","18.942","min","164.077","µmol/L","Humid","22.744","deg","42735","µV","27.545","°C","1018.000","hPa","35.3","pmil","0","55.520","deg","20.000","°C","100.000","%a.s.","21.750","deg","20.000","°C","977.000","hPa","0.861","-0.02617","0.00035","0","0","13.56","Humid","24.85","0","70.00","286885.33","SABD0000000001","AAV1.0.0.11","1.1.2.0","PSt7-10","170328-006","1/4/2020 10:31:52","0000-00","0","no battery","V"
"11/02/2020","11:33:20","1","default","640513929","OXY_CH1","18.959","min","163.841","µmol/L","Humid","22.755","deg","42743","µV","27.562","°C","1018.000","hPa","35.3","pmil","0","55.520","deg","20.000","°C","100.000","%a.s.","21.750","deg","20.000","°C","977.000","hPa","0.861","-0.02617","0.00035","0","0","13.56","Humid","24.85","0","70.00","286887.75","SABD0000000001","AAV1.0.0.11","1.1.2.0","PSt7-10","170328-006","1/4/2020 10:31:52","0000-00","0","no battery","V"
"11/02/2020","11:33:21","1","default","640513929","OXY_CH1","18.975","min","164.098","µmol/L","Humid","22.745","deg","42746","µV","27.537","°C","1018.000","hPa","35.3","pmil","0","55.520","deg","20.000","°C","100.000","%a.s.","21.750","deg","20.000","°C","977.000","hPa","0.861","-0.02617","0.00035","0","0","13.56","Humid","24.85","0","70.00","286888.69","SABD0000000001","AAV1.0.0.11","1.1.2.0","PSt7-10","170328-006","1/4/2020 10:31:52","0000-00","0","no battery","V"
"11/02/2020","11:33:22","1","default","640513929","OXY_CH1","18.992","min","163.920","µmol/L","Humid","22.754","deg","42742","µV","27.548","°C","1018.000","hPa","35.3","pmil","0","55.520","deg","20.000","°C","100.000","%a.s.","21.750","deg","20.000","°C","977.000","hPa","0.861","-0.02617","0.00035","0","0","13.56","Humid","24.85","0","70.00","286886.76","SABD0000000001","AAV1.0.0.11","1.1.2.0","PSt7-10","170328-006","1/4/2020 10:31:52","0000-00","0","no battery","V"
"11/02/2020","11:33:23","1","default","640513929","OXY_CH1","19.009","min","163.963","µmol/L","Humid","22.753","deg","42747","µV","27.542","°C","1018.000","hPa","35.3","pmil","0","55.520","deg","20.000","°C","100.000","%a.s.","21.750","deg","20.000","°C","977.000","hPa","0.861","-0.02617","0.00035","0","0","13.56","Humid","24.85","0","70.00","286892.28","SABD0000000001","AAV1.0.0.11","1.1.2.0","PSt7-10","170328-006","1/4/2020 10:31:52","0000-00","0","no battery","V"
"11/02/2020","11:33:24","1","default","640513929","OXY_CH1","19.026","min","164.082","µmol/L","Humid","22.746","deg","42742","µV","27.538","°C","1018.000","hPa","35.3","pmil","0","55.520","deg","20.000","°C","100.000","%a.s.","21.750","deg","20.000","°C","977.000","hPa","0.861","-0.02617","0.00035","0","0","13.56","Humid","24.85","0","70.00","286894.43","SABD0000000001","AAV1.0.0.11","1.1.2.0","PSt7-10","170328-006","1/4/2020 10:31:52","0000-00","0","no battery","V"
"11/02/2020","11:33:25","1","default","640513929","OXY_CH1","19.042","min","164.029","µmol/L","Humid","22.749","deg","42753","µV","27.540","°C","1018.000","hPa","35.3","pmil","0","55.520","deg","20.000","°C","100.000","%a.s.","21.750","deg","20.000","°C","977.000","hPa","0.861","-0.02617","0.00035","0","0","13.56","Humid","24.85","0","70.00","286891.83","SABD0000000001","AAV1.0.0.11","1.1.2.0","PSt7-10","170328-006","1/4/2020 10:31:52","0000-00","0","no battery","V"
"11/02/2020","11:33:26","1","default","640513929","OXY_CH1","19.058","min","163.995","µmol/L","Humid","22.750","deg","42753","µV","27.544","°C","1018.000","hPa","35.3","pmil","0","55.520","deg","20.000","°C","100.000","%a.s.","21.750","deg","20.000","°C","977.000","hPa","0.861","-0.02617","0.00035","0","0","13.56","Humid","24.85","0","70.00","286889.19","SABD0000000001","AAV1.0.0.11","1.1.2.0","PSt7-10","170328-006","1/4/2020 10:31:52","0000-00","0","no battery","V"
"11/02/2020","11:33:27","1","default","640513929","OXY_CH1","19.075","min","163.976","µmol/L","Humid","22.746","deg","42755","µV","27.560","°C","1018.000","hPa","35.3","pmil","0","55.520","deg","20.000","°C","100.000","%a.s.","21.750","deg","20.000","°C","977.000","hPa","0.861","-0.02617","0.00035","0","0","13.56","Humid","24.85","0","70.00","286882.08","SABD0000000001","AAV1.0.0.11","1.1.2.0","PSt7-10","170328-006","1/4/2020 10:31:52","0000-00","0","no battery","V"
"11/02/2020","11:33:28","1","default","640513929","OXY_CH1","19.092","min","163.931","µmol/L","Humid","22.755","deg","42752","µV","27.543","°C","1018.000","hPa","35.3","pmil","0","55.520","deg","20.000","°C","100.000","%a.s.","21.750","deg","20.000","°C","977.000","hPa","0.861","-0.02617","0.00035","0","0","13.56","Humid","24.85","0","70.00","286893.52","SABD0000000001","AAV1.0.0.11","1.1.2.0","PSt7-10","170328-006","1/4/2020 10:31:52","0000-00","0","no battery","V"
"11/02/2020","11:33:29","1","default","640513929","OXY_CH1","19.109","min","163.965","µmol/L","Humid","22.754","deg","42749","µV","27.539","°C","1018.000","hPa","35.3","pmil","0","55.520","deg","20.000","°C","100.000","%a.s.","21.750","deg","20.000","°C","977.000","hPa","0.861","-0.02617","0.00035","0","0","13.56","Humid","24.85","0","70.00","286888.89","SABD0000000001","AAV1.0.0.11","1.1.2.0","PSt7-10","170328-006","1/4/2020 10:31:52","0000-00","0","no battery","V"
"11/02/2020","11:33:30","1","default","640513929","OXY_CH1","19.125","min","164.025","µmol/L","Humid","22.745","deg","42756","µV","27.552","°C","1018.000","hPa","35.3","pmil","0","55.520","deg","20.000","°C","100.000","%a.s.","21.750","deg","20.000","°C","977.000","hPa","0.861","-0.02617","0.00035","0","0","13.56","Humid","24.85","0","70.00","286884.18","SABD0000000001","AAV1.0.0.11","1.1.2.0","PSt7-10","170328-006","1/4/2020 10:31:52","0000-00","0","no battery","V"
"11/02/2020","11:33:31","1","default","640513929","OXY_CH1","19.142","min","163.960","µmol/L","Humid","22.750","deg","42757","µV","27.552","°C","1018.000","hPa","35.3","pmil","0","55.520","deg","20.000","°C","100.000","%a.s.","21.750","deg","20.000","°C","977.000","hPa","0.861","-0.02617","0.00035","0","0","13.56","Humid","24.85","0","70.00","286894.14","SABD0000000001","AAV1.0.0.11","1.1.2.0","PSt7-10","170328-006","1/4/2020 10:31:52","0000-00","0","no battery","V"
"11/02/2020","11:33:32","1","default","640513929","OXY_CH1","19.159","min","164.160","µmol/L","Humid","22.742","deg","42762","µV","27.533","°C","1018.000","hPa","35.3","pmil","0","55.520","deg","20.000","°C","100.000","%a.s.","21.750","deg","20.000","°C","977.000","hPa","0.861","-0.02617","0.00035","0","0","13.56","Humid","24.85","0","70.00","286896.06","SABD0000000001","AAV1.0.0.11","1.1.2.0","PSt7-10","170328-006","1/4/2020 10:31:52","0000-00","0","no battery","V"
"11/02/2020","11:33:33","1","default","640513929","OXY_CH1","19.176","min","163.928","µmol/L","Humid","22.757","deg","42758","µV","27.538","°C","1018.000","hPa","35.3","pmil","0","55.520","deg","20.000","°C","100.000","%a.s.","21.750","deg","20.000","°C","977.000","hPa","0.861","-0.02617","0.00035","0","0","13.56","Humid","24.85","0","70.00","286898.52","SABD0000000001","AAV1.0.0.11","1.1.2.0","PSt7-10","170328-006","1/4/2020 10:31:52","0000-00","0","no battery","V"
"11/02/2020","11:33:34","1","default","640513929","OXY_CH1","19.192","min","163.901","µmol/L","Humid","22.759","deg","42761","µV","27.538","°C","1018.000","hPa","35.3","pmil","0","55.520","deg","20.000","°C","100.000","%a.s.","21.750","deg","20.000","°C","977.000","hPa","0.861","-0.02617","0.00035","0","0","13.56","Humid","24.85","0","70.00","286881.62","SABD0000000001","AAV1.0.0.11","1.1.2.0","PSt7-10","170328-006","1/4/2020 10:31:52","0000-00","0","no battery","V"
"11/02/2020","11:33:35","1","default","640513929","OXY_CH1","19.209","min","164.031","µmol/L","Humid","22.754","deg","42752","µV","27.525","°C","1018.000","hPa","35.3","pmil","0","55.520","deg","20.000","°C","100.000","%a.s.","21.750","deg","20.000","°C","977.000","hPa","0.861","-0.02617","0.00035","0","0","13.56","Humid","24.85","0","70.00","286886.15","SABD0000000001","AAV1.0.0.11","1.1.2.0","PSt7-10","170328-006","1/4/2020 10:31:52","0000-00","0","no battery","V"
"11/02/2020","11:33:36","1","default","640513929","OXY_CH1","19.225","min","163.916","µmol/L","Humid","22.755","deg","42761","µV","27.546","°C","1018.000","hPa","35.3","pmil","0","55.520","deg","20.000","°C","100.000","%a.s.","21.750","deg","20.000","°C","977.000","hPa","0.861","-0.02617","0.00035","0","0","13.56","Humid","24.85","0","70.00","286881.03","SABD0000000001","AAV1.0.0.11","1.1.2.0","PSt7-10","170328-006","1/4/2020 10:31:52","0000-00","0","no battery","V"
"11/02/2020","11:33:37","1","default","640513929","OXY_CH1","19.242","min","163.953","µmol/L","Humid","22.758","deg","42759","µV","27.530","°C","1018.000","hPa","35.3","pmil","0","55.520","deg","20.000","°C","100.000","%a.s.","21.750","deg","20.000","°C","977.000","hPa","0.861","-0.02617","0.00035","0","0","13.56","Humid","24.85","0","70.00","286876.03","SABD0000000001","AAV1.0.0.11","1.1.2.0","PSt7-10","170328-006","1/4/2020 10:31:52","0000-00","0","no battery","V"
"11/02/2020","11:33:38","1","default","640513929","OXY_CH1","19.258","min","163.973","µmol/L","Humid","22.756","deg","42763","µV","27.532","°C","1018.000","hPa","35.3","pmil","0","55.520","deg","20.000","°C","100.000","%a.s.","21.750","deg","20.000","°C","977.000","hPa","0.861","-0.02617","0.00035","0","0","13.56","Humid","24.85","0","70.00","286877.13","SABD0000000001","AAV1.0.0.11","1.1.2.0","PSt7-10","170328-006","1/4/2020 10:31:52","0000-00","0","no battery","V"
"11/02/2020","11:33:39","1","default","640513929","OXY_CH1","19.275","min","163.945","µmol/L","Humid","22.760","deg","42762","µV","27.526","°C","1018.000","hPa","35.3","pmil","0","55.520","deg","20.000","°C","100.000","%a.s.","21.750","deg","20.000","°C","977.000","hPa","0.861","-0.02617","0.00035","0","0","13.56","Humid","24.85","0","70.00","286880.00","SABD0000000001","AAV1.0.0.11","1.1.2.0","PSt7-10","170328-006","1/4/2020 10:31:52","0000-00","0","no battery","V"
"11/02/2020","11:33:40","1","default","640513929","OXY_CH1","19.292","min","163.872","µmol/L","Humid","22.765","deg","42762","µV","27.527","°C","1018.000","hPa","35.3","pmil","0","55.520","deg","20.000","°C","100.000","%a.s.","21.750","deg","20.000","°C","977.000","hPa","0.861","-0.02617","0.00035","0","0","13.56","Humid","24.85","0","70.00","286880.20","SABD0000000001","AAV1.0.0.11","1.1.2.0","PSt7-10","170328-006","1/4/2020 10:31:52","0000-00","0","no battery","V"
"11/02/2020","11:33:41","1","default","640513929","OXY_CH1","19.309","min","163.896","µmol/L","Humid","22.760","deg","42766","µV","27.536","°C","1018.000","hPa","35.3","pmil","0","55.520","deg","20.000","°C","100.000","%a.s.","21.750","deg","20.000","°C","977.000","hPa","0.861","-0.02617","0.00035","0","0","13.56","Humid","24.85","0","70.00","286891.07","SABD0000000001","AAV1.0.0.11","1.1.2.0","PSt7-10","170328-006","1/4/2020 10:31:52","0000-00","0","no battery","V"
"11/02/2020","11:33:42","1","default","640513929","OXY_CH1","19.325","min","163.821","µmol/L","Humid","22.764","deg","42765","µV","27.540","°C","1018.000","hPa","35.3","pmil","0","55.520","deg","20.000","°C","100.000","%a.s.","21.750","deg","20.000","°C","977.000","hPa","0.861","-0.02617","0.00035","0","0","13.56","Humid","24.85","0","70.00","286871.23","SABD0000000001","AAV1.0.0.11","1.1.2.0","PSt7-10","170328-006","1/4/2020 10:31:52","0000-00","0","no battery","V"
"11/02/2020","11:33:43","1","default","640513929","OXY_CH1","19.342","min","163.905","µmol/L","Humid","22.761","deg","42768","µV","27.531","°C","1018.000","hPa","35.3","pmil","0","55.520","deg","20.000","°C","100.000","%a.s.","21.750","deg","20.000","°C","977.000","hPa","0.861","-0.02617","0.00035","0","0","13.56","Humid","24.85","0","70.00","286879.29","SABD0000000001","AAV1.0.0.11","1.1.2.0","PSt7-10","170328-006","1/4/2020 10:31:52","0000-00","0","no battery","V"
"11/02/2020","11:33:44","1","default","640513929","OXY_CH1","19.359","min","163.822","µmol/L","Humid","22.767","deg","42771","µV","27.531","°C","1018.000","hPa","35.3","pmil","0","55.520","deg","20.000","°C","100.000","%a.s.","21.750","deg","20.000","°C","977.000","hPa","0.861","-0.02617","0.00035","0","0","13.56","Humid","24.85","0","70.00","286868.22","SABD0000000001","AAV1.0.0.11","1.1.2.0","PSt7-10","170328-006","1/4/2020 10:31:52","0000-00","0","no battery","V"
"11/02/2020","11:33:45","1","default","640513929","OXY_CH1","19.376","min","163.892","µmol/L","Humid","22.763","deg","42771","µV","27.528","°C","1018.000","hPa","35.3","pmil","0","55.520","deg","20.000","°C","100.000","%a.s.","21.750","deg","20.000","°C","977.000","hPa","0.861","-0.02617","0.00035","0","0","13.56","Humid","24.85","0","70.00","286878.78","SABD0000000001","AAV1.0.0.11","1.1.2.0","PSt7-10","170328-006","1/4/2020 10:31:52","0000-00","0","no battery","V"
"11/02/2020","11:33:46","1","default","640513929","OXY_CH1","19.392","min","163.751","µmol/L","Humid","22.763","deg","42777","µV","27.557","°C","1018.000","hPa","35.3","pmil","0","55.520","deg","20.000","°C","100.000","%a.s.","21.750","deg","20.000","°C","977.000","hPa","0.861","-0.02617","0.00035","0","0","13.56","Humid","24.85","0","70.00","286868.92","SABD0000000001","AAV1.0.0.11","1.1.2.0","PSt7-10","170328-006","1/4/2020 10:31:52","0000-00","0","no battery","V"
"11/02/2020","11:33:47","1","default","640513929","OXY_CH1","19.408","min","163.749","µmol/L","Humid","22.767","deg","42772","µV","27.546","°C","1018.000","hPa","35.3","pmil","0","55.520","deg","20.000","°C","100.000","%a.s.","21.750","deg","20.000","°C","977.000","hPa","0.861","-0.02617","0.00035","0","0","13.56","Humid","24.85","0","70.00","286877.92","SABD0000000001","AAV1.0.0.11","1.1.2.0","PSt7-10","170328-006","1/4/2020 10:31:52","0000-00","0","no battery","V"
"11/02/2020","11:33:48","1","default","640513929","OXY_CH1","19.425","min","163.738","µmol/L","Humid","22.771","deg","42777","µV","27.537","°C","1018.000","hPa","35.3","pmil","0","55.520","deg","20.000","°C","100.000","%a.s.","21.750","deg","20.000","°C","977.000","hPa","0.861","-0.02617","0.00035","0","0","13.56","Humid","24.85","0","70.00","286872.17","SABD0000000001","AAV1.0.0.11","1.1.2.0","PSt7-10","170328-006","1/4/2020 10:31:52","0000-00","0","no battery","V"
"11/02/2020","11:33:49","1","default","640513929","OXY_CH1","19.442","min","163.843","µmol/L","Humid","22.771","deg","42785","µV","27.515","°C","1018.000","hPa","35.3","pmil","0","55.520","deg","20.000","°C","100.000","%a.s.","21.750","deg","20.000","°C","977.000","hPa","0.861","-0.02617","0.00035","0","0","13.56","Humid","24.85","0","70.00","286871.50","SABD0000000001","AAV1.0.0.11","1.1.2.0","PSt7-10","170328-006","1/4/2020 10:31:52","0000-00","0","no battery","V"
"11/02/2020","11:33:50","1","default","640513929","OXY_CH1","19.459","min","163.703","µmol/L","Humid","22.772","deg","42790","µV","27.541","°C","1018.000","hPa","35.3","pmil","0","55.520","deg","20.000","°C","100.000","%a.s.","21.750","deg","20.000","°C","977.000","hPa","0.861","-0.02617","0.00035","0","0","13.56","Humid","24.85","0","70.00","286871.57","SABD0000000001","AAV1.0.0.11","1.1.2.0","PSt7-10","170328-006","1/4/2020 10:31:52","0000-00","0","no battery","V"
"11/02/2020","11:33:51","1","default","640513929","OXY_CH1","19.475","min","163.686","µmol/L","Humid","22.772","deg","42788","µV","27.545","°C","1018.000","hPa","35.3","pmil","0","55.520","deg","20.000","°C","100.000","%a.s.","21.750","deg","20.000","°C","977.000","hPa","0.861","-0.02617","0.00035","0","0","13.56","Humid","24.85","0","70.00","286878.49","SABD0000000001","AAV1.0.0.11","1.1.2.0","PSt7-10","170328-006","1/4/2020 10:31:52","0000-00","0","no battery","V"
"11/02/2020","11:33:52","1","default","640513929","OXY_CH1","19.492","min","163.888","µmol/L","Humid","22.760","deg","42791","µV","27.537","°C","1018.000","hPa","35.3","pmil","0","55.520","deg","20.000","°C","100.000","%a.s.","21.750","deg","20.000","°C","977.000","hPa","0.861","-0.02617","0.00035","0","0","13.56","Humid","24.85","0","70.00","286875.62","SABD0000000001","AAV1.0.0.11","1.1.2.0","PSt7-10","170328-006","1/4/2020 10:31:52","0000-00","0","no battery","V"
"11/02/2020","11:33:53","1","default","640513929","OXY_CH1","19.509","min","163.759","µmol/L","Humid","22.773","deg","42799","µV","27.527","°C","1018.000","hPa","35.3","pmil","0","55.520","deg","20.000","°C","100.000","%a.s.","21.750","deg","20.000","°C","977.000","hPa","0.861","-0.02617","0.00035","0","0","13.56","Humid","24.85","0","70.00","286873.58","SABD0000000001","AAV1.0.0.11","1.1.2.0","PSt7-10","170328-006","1/4/2020 10:31:52","0000-00","0","no battery","V"
"11/02/2020","11:33:54","1","default","640513929","OXY_CH1","19.526","min","163.816","µmol/L","Humid","22.770","deg","42798","µV","27.524","°C","1018.000","hPa","35.3","pmil","0","55.520","deg","20.000","°C","100.000","%a.s.","21.750","deg","20.000","°C","977.000","hPa","0.861","-0.02617","0.00035","0","0","13.56","Humid","24.85","0","70.00","286873.56","SABD0000000001","AAV1.0.0.11","1.1.2.0","PSt7-10","170328-006","1/4/2020 10:31:52","0000-00","0","no battery","V"
"11/02/2020","11:33:55","1","default","640513929","OXY_CH1","19.542","min","163.710","µmol/L","Humid","22.772","deg","42796","µV","27.540","°C","1018.000","hPa","35.3","pmil","0","55.520","deg","20.000","°C","100.000","%a.s.","21.750","deg","20.000","°C","977.000","hPa","0.861","-0.02617","0.00035","0","0","13.56","Humid","24.85","0","70.00","286859.79","SABD0000000001","AAV1.0.0.11","1.1.2.0","PSt7-10","170328-006","1/4/2020 10:31:52","0000-00","0","no battery","V"
"11/02/2020","11:33:56","1","default","640513929","OXY_CH1","19.559","min","163.638","µmol/L","Humid","22.778","deg","42798","µV","27.537","°C","1018.000","hPa","35.3","pmil","0","55.520","deg","20.000","°C","100.000","%a.s.","21.750","deg","20.000","°C","977.000","hPa","0.861","-0.02617","0.00035","0","0","13.56","Humid","24.85","0","70.00","286868.30","SABD0000000001","AAV1.0.0.11","1.1.2.0","PSt7-10","170328-006","1/4/2020 10:31:52","0000-00","0","no battery","V"
"11/02/2020","11:33:57","1","default","640513929","OXY_CH1","19.575","min","163.729","µmol/L","Humid","22.770","deg","42797","µV","27.542","°C","1018.000","hPa","35.3","pmil","0","55.520","deg","20.000","°C","100.000","%a.s.","21.750","deg","20.000","°C","977.000","hPa","0.861","-0.02617","0.00035","0","0","13.56","Humid","24.85","0","70.00","286878.79","SABD0000000001","AAV1.0.0.11","1.1.2.0","PSt7-10","170328-006","1/4/2020 10:31:52","0000-00","0","no battery","V"
"11/02/2020","11:33:58","1","default","640513929","OXY_CH1","19.592","min","163.662","µmol/L","Humid","22.781","deg","42804","µV","27.524","°C","1018.000","hPa","35.3","pmil","0","55.520","deg","20.000","°C","100.000","%a.s.","21.750","deg","20.000","°C","977.000","hPa","0.861","-0.02617","0.00035","0","0","13.56","Humid","24.85","0","70.00","286863.49","SABD0000000001","AAV1.0.0.11","1.1.2.0","PSt7-10","170328-006","1/4/2020 10:31:52","0000-00","0","no battery","V"
"11/02/2020","11:33:59","1","default","640513929","OXY_CH1","19.609","min","163.673","µmol/L","Humid","22.781","deg","42808","µV","27.521","°C","1018.000","hPa","35.3","pmil","0","55.520","deg","20.000","°C","100.000","%a.s.","21.750","deg","20.000","°C","977.000","hPa","0.861","-0.02617","0.00035","0","0","13.56","Humid","24.85","0","70.00","286860.43","SABD0000000001","AAV1.0.0.11","1.1.2.0","PSt7-10","170328-006","1/4/2020 10:31:52","0000-00","0","no battery","V"
"11/02/2020","11:34:00","1","default","640513929","OXY_CH1","19.625","min","163.667","µmol/L","Humid","22.781","deg","42807","µV","27.523","°C","1018.000","hPa","35.3","pmil","0","55.520","deg","20.000","°C","100.000","%a.s.","21.750","deg","20.000","°C","977.000","hPa","0.861","-0.02617","0.00035","0","0","13.56","Humid","24.85","0","70.00","286873.91","SABD0000000001","AAV1.0.0.11","1.1.2.0","PSt7-10","170328-006","1/4/2020 10:31:52","0000-00","0","no battery","V"
"11/02/2020","11:34:01","1","default","640513929","OXY_CH1","19.642","min","163.735","µmol/L","Humid","22.777","deg","42811","µV","27.520","°C","1018.000","hPa","35.3","pmil","0","55.520","deg","20.000","°C","100.000","%a.s.","21.750","deg","20.000","°C","977.000","hPa","0.861","-0.02617","0.00035","0","0","13.56","Humid","24.85","0","70.00","286873.95","SABD0000000001","AAV1.0.0.11","1.1.2.0","PSt7-10","170328-006","1/4/2020 10:31:52","0000-00","0","no battery","V"
"11/02/2020","11:34:02","1","default","640513929","OXY_CH1","19.659","min","163.683","µmol/L","Humid","22.780","deg","42815","µV","27.522","°C","1018.000","hPa","35.3","pmil","0","55.520","deg","20.000","°C","100.000","%a.s.","21.750","deg","20.000","°C","977.000","hPa","0.861","-0.02617","0.00035","0","0","13.56","Humid","24.85","0","70.00","286877.42","SABD0000000001","AAV1.0.0.11","1.1.2.0","PSt7-10","170328-006","1/4/2020 10:31:52","0000-00","0","no battery","V"
"11/02/2020","11:34:03","1","default","640513929","OXY_CH1","19.676","min","163.677","µmol/L","Humid","22.783","deg","42816","µV","27.515","°C","1018.000","hPa","35.3","pmil","0","55.520","deg","20.000","°C","100.000","%a.s.","21.750","deg","20.000","°C","977.000","hPa","0.861","-0.02617","0.00035","0","0","13.56","Humid","24.85","0","70.00","286867.06","SABD0000000001","AAV1.0.0.11","1.1.2.0","PSt7-10","170328-006","1/4/2020 10:31:52","0000-00","0","no battery","V"
"11/02/2020","11:34:04","1","default","640513929","OXY_CH1","19.692","min","163.708","µmol/L","Humid","22.779","deg","42820","µV","27.520","°C","1018.000","hPa","35.3","pmil","0","55.520","deg","20.000","°C","100.000","%a.s.","21.750","deg","20.000","°C","977.000","hPa","0.861","-0.02617","0.00035","0","0","13.56","Humid","24.85","0","70.00","286872.01","SABD0000000001","AAV1.0.0.11","1.1.2.0","PSt7-10","170328-006","1/4/2020 10:31:52","0000-00","0","no battery","V"
"11/02/2020","11:34:05","1","default","640513929","OXY_CH1","19.709","min","163.750","µmol/L","Humid","22.773","deg","42817","µV","27.529","°C","1018.000","hPa","35.3","pmil","0","55.520","deg","20.000","°C","100.000","%a.s.","21.750","deg","20.000","°C","977.000","hPa","0.861","-0.02617","0.00035","0","0","13.56","Humid","24.85","0","70.00","286872.95","SABD0000000001","AAV1.0.0.11","1.1.2.0","PSt7-10","170328-006","1/4/2020 10:31:52","0000-00","0","no battery","V"
"11/02/2020","11:34:06","1","default","640513929","OXY_CH1","19.725","min","163.620","µmol/L","Humid","22.780","deg","42826","µV","27.535","°C","1018.000","hPa","35.3","pmil","0","55.520","deg","20.000","°C","100.000","%a.s.","21.750","deg","20.000","°C","977.000","hPa","0.861","-0.02617","0.00035","0","0","13.56","Humid","24.85","0","70.00","286857.33","SABD0000000001","AAV1.0.0.11","1.1.2.0","PSt7-10","170328-006","1/4/2020 10:31:52","0000-00","0","no battery","V"
"11/02/2020","11:34:07","1","default","640513929","OXY_CH1","19.742","min","163.634","µmol/L","Humid","22.781","deg","42826","µV","27.529","°C","1018.000","hPa","35.3","pmil","0","55.520","deg","20.000","°C","100.000","%a.s.","21.750","deg","20.000","°C","977.000","hPa","0.861","-0.02617","0.00035","0","0","13.56","Humid","24.85","0","70.00","286868.29","SABD0000000001","AAV1.0.0.11","1.1.2.0","PSt7-10","170328-006","1/4/2020 10:31:52","0000-00","0","no battery","V"
"11/02/2020","11:34:08","1","default","640513929","OXY_CH1","19.759","min","163.718","µmol/L","Humid","22.779","deg","42821","µV","27.518","°C","1018.000","hPa","35.3","pmil","0","55.520","deg","20.000","°C","100.000","%a.s.","21.750","deg","20.000","°C","977.000","hPa","0.861","-0.02617","0.00035","0","0","13.56","Humid","24.85","0","70.00","286860.37","SABD0000000001","AAV1.0.0.11","1.1.2.0","PSt7-10","170328-006","1/4/2020 10:31:52","0000-00","0","no battery","V"
"11/02/2020","11:34:09","1","default","640513929","OXY_CH1","19.775","min","163.515","µmol/L","Humid","22.792","deg","42829","µV","27.522","°C","1018.000","hPa","35.3","pmil","0","55.520","deg","20.000","°C","100.000","%a.s.","21.750","deg","20.000","°C","977.000","hPa","0.861","-0.02617","0.00035","0","0","13.56","Humid","24.85","0","70.00","286854.18","SABD0000000001","AAV1.0.0.11","1.1.2.0","PSt7-10","170328-006","1/4/2020 10:31:52","0000-00","0","no battery","V"
"11/02/2020","11:34:10","1","default","640513929","OXY_CH1","19.792","min","163.551","µmol/L","Humid","22.788","deg","42833","µV","27.527","°C","1018.000","hPa","35.3","pmil","0","55.520","deg","20.000","°C","100.000","%a.s.","21.750","deg","20.000","°C","977.000","hPa","0.861","-0.02617","0.00035","0","0","13.56","Humid","24.85","0","70.00","286865.65","SABD0000000001","AAV1.0.0.11","1.1.2.0","PSt7-10","170328-006","1/4/2020 10:31:52","0000-00","0","no battery","V"
"11/02/2020","11:34:11","1","default","640513929","OXY_CH1","19.809","min","163.590","µmol/L","Humid","22.789","deg","42835","µV","27.516","°C","1018.000","hPa","35.3","pmil","0","55.520","deg","20.000","°C","100.000","%a.s.","21.750","deg","20.000","°C","977.000","hPa","0.861","-0.02617","0.00035","0","0","13.56","Humid","24.85","0","70.00","286871.91","SABD0000000001","AAV1.0.0.11","1.1.2.0","PSt7-10","170328-006","1/4/2020 10:31:52","0000-00","0","no battery","V"
"11/02/2020","11:34:12","1","default","640513929","OXY_CH1","19.826","min","163.655","µmol/L","Humid","22.786","deg","42832","µV","27.511","°C","1018.000","hPa","35.3","pmil","0","55.520","deg","20.000","°C","100.000","%a.s.","21.750","deg","20.000","°C","977.000","hPa","0.861","-0.02617","0.00035","0","0","13.56","Humid","24.85","0","70.00","286860.53","SABD0000000001","AAV1.0.0.11","1.1.2.0","PSt7-10","170328-006","1/4/2020 10:31:52","0000-00","0","no battery","V"
"11/02/2020","11:34:13","1","default","640513929","OXY_CH1","19.842","min","163.594","µmol/L","Humid","22.788","deg","42832","µV","27.518","°C","1018.000","hPa","35.3","pmil","0","55.520","deg","20.000","°C","100.000","%a.s.","21.750","deg","20.000","°C","977.000","hPa","0.861","-0.02617","0.00035","0","0","13.56","Humid","24.85","0","70.00","286860.11","SABD0000000001","AAV1.0.0.11","1.1.2.0","PSt7-10","170328-006","1/4/2020 10:31:52","0000-00","0","no battery","V"
"11/02/2020","11:34:14","1","default","640513929","OXY_CH1","19.859","min","163.607","µmol/L","Humid","22.792","deg","42830","µV","27.503","°C","1018.000","hPa","35.3","pmil","0","55.520","deg","20.000","°C","100.000","%a.s.","21.750","deg","20.000","°C","977.000","hPa","0.861","-0.02617","0.00035","0","0","13.56","Humid","24.85","0","70.00","286865.00","SABD0000000001","AAV1.0.0.11","1.1.2.0","PSt7-10","170328-006","1/4/2020 10:31:52","0000-00","0","no battery","V"
"11/02/2020","11:34:15","1","default","640513929","OXY_CH1","19.875","min","163.603","µmol/L","Humid","22.781","deg","42836","µV","27.536","°C","1018.000","hPa","35.3","pmil","0","55.520","deg","20.000","°C","100.000","%a.s.","21.750","deg","20.000","°C","977.000","hPa","0.861","-0.02617","0.00035","0","0","13.56","Humid","24.85","0","70.00","286848.95","SABD0000000001","AAV1.0.0.11","1.1.2.0","PSt7-10","170328-006","1/4/2020 10:31:52","0000-00","0","no battery","V"
"11/02/2020","11:34:16","1","default","640513929","OXY_CH1","19.892","min","163.697","µmol/L","Humid","22.784","deg","42836","µV","27.508","°C","1018.000","hPa","35.3","pmil","0","55.520","deg","20.000","°C","100.000","%a.s.","21.750","deg","20.000","°C","977.000","hPa","0.861","-0.02617","0.00035","0","0","13.56","Humid","24.85","0","70.00","286861.41","SABD0000000001","AAV1.0.0.11","1.1.2.0","PSt7-10","170328-006","1/4/2020 10:31:52","0000-00","0","no battery","V"
"11/02/2020","11:34:17","1","default","640513929","OXY_CH1","19.909","min","163.619","µmol/L","Humid","22.791","deg","42843","µV","27.504","°C","1018.000","hPa","35.3","pmil","0","55.520","deg","20.000","°C","100.000","%a.s.","21.750","deg","20.000","°C","977.000","hPa","0.861","-0.02617","0.00035","0","0","13.56","Humid","24.85","0","70.00","286860.13","SABD0000000001","AAV1.0.0.11","1.1.2.0","PSt7-10","170328-006","1/4/2020 10:31:52","0000-00","0","no battery","V"
"11/02/2020","11:34:18","1","default","640513929","OXY_CH1","19.925","min","163.632","µmol/L","Humid","22.789","deg","42837","µV","27.507","°C","1018.000","hPa","35.3","pmil","0","55.520","deg","20.000","°C","100.000","%a.s.","21.750","deg","20.000","°C","977.000","hPa","0.861","-0.02617","0.00035","0","0","13.56","Humid","24.85","0","70.00","286857.73","SABD0000000001","AAV1.0.0.11","1.1.2.0","PSt7-10","170328-006","1/4/2020 10:31:52","0000-00","0","no battery","V"
"11/02/2020","11:34:19","1","default","640513929","OXY_CH1","19.942","min","163.606","µmol/L","Humid","22.793","deg","42843","µV","27.501","°C","1018.000","hPa","35.3","pmil","0","55.520","deg","20.000","°C","100.000","%a.s.","21.750","deg","20.000","°C","977.000","hPa","0.861","-0.02617","0.00035","0","0","13.56","Humid","24.85","0","70.00","286863.90","SABD0000000001","AAV1.0.0.11","1.1.2.0","PSt7-10","170328-006","1/4/2020 10:31:52","0000-00","0","no battery","V"
"11/02/2020","11:34:20","1","default","640513929","OXY_CH1","19.959","min","163.514","µmol/L","Humid","22.798","deg","42841","µV","27.505","°C","1018.000","hPa","35.3","pmil","0","55.520","deg","20.000","°C","100.000","%a.s.","21.750","deg","20.000","°C","977.000","hPa","0.861","-0.02617","0.00035","0","0","13.56","Humid","24.85","0","70.00","286855.16","SABD0000000001","AAV1.0.0.11","1.1.2.0","PSt7-10","170328-006","1/4/2020 10:31:52","0000-00","0","no battery","V"
"11/02/2020","11:34:21","1","default","640513929","OXY_CH1","19.976","min","163.618","µmol/L","Humid","22.796","deg","42848","µV","27.490","°C","1018.000","hPa","35.3","pmil","0","55.520","deg","20.000","°C","100.000","%a.s.","21.750","deg","20.000","°C","977.000","hPa","0.861","-0.02617","0.00035","0","0","13.56","Humid","24.85","0","70.00","286861.16","SABD0000000001","AAV1.0.0.11","1.1.2.0","PSt7-10","170328-006","1/4/2020 10:31:52","0000-00","0","no battery","V"
"11/02/2020","11:34:22","1","default","640513929","OXY_CH1","19.992","min","163.552","µmol/L","Humid","22.793","deg","42844","µV","27.512","°C","1018.000","hPa","35.3","pmil","0","55.520","deg","20.000","°C","100.000","%a.s.","21.750","deg","20.000","°C","977.000","hPa","0.861","-0.02617","0.00035","0","0","13.56","Humid","24.85","0","70.00","286858.56","SABD0000000001","AAV1.0.0.11","1.1.2.0","PSt7-10","170328-006","1/4/2020 10:31:52","0000-00","0","no battery","V"
"11/02/2020","11:34:23","1","default","640513929","OXY_CH1","20.009","min","163.589","µmol/L","Humid","22.791","deg","42847","µV","27.510","°C","1018.000","hPa","35.3","pmil","0","55.520","deg","20.000","°C","100.000","%a.s.","21.750","deg","20.000","°C","977.000","hPa","0.861","-0.02617","0.00035","0","0","13.56","Humid","24.85","0","70.00","286850.66","SABD0000000001","AAV1.0.0.11","1.1.2.0","PSt7-10","170328-006","1/4/2020 10:31:52","0000-00","0","no battery","V"
"11/02/2020","11:34:24","1","default","640513929","OXY_CH1","20.025","min","163.570","µmol/L","Humid","22.794","deg","42843","µV","27.505","°C","1018.000","hPa","35.3","pmil","0","55.520","deg","20.000","°C","100.000","%a.s.","21.750","deg","20.000","°C","977.000","hPa","0.861","-0.02617","0.00035","0","0","13.56","Humid","24.85","0","70.00","286852.10","SABD0000000001","AAV1.0.0.11","1.1.2.0","PSt7-10","170328-006","1/4/2020 10:31:52","0000-00","0","no battery","V"
"11/02/2020","11:34:25","1","default","640513929","OXY_CH1","20.042","min","163.436","µmol/L","Humid","22.802","deg","42853","µV","27.510","°C","1018.000","hPa","35.3","pmil","0","55.520","deg","20.000","°C","100.000","%a.s.","21.750","deg","20.000","°C","977.000","hPa","0.861","-0.02617","0.00035","0","0","13.56","Humid","24.85","0","70.00","286866.97","SABD0000000001","AAV1.0.0.11","1.1.2.0","PSt7-10","170328-006","1/4/2020 10:31:52","0000-00","0","no battery","V"
"11/02/2020","11:34:26","1","default","640513929","OXY_CH1","20.058","min","163.487","µmol/L","Humid","22.799","deg","42849","µV","27.508","°C","1018.000","hPa","35.3","pmil","0","55.520","deg","20.000","°C","100.000","%a.s.","21.750","deg","20.000","°C","977.000","hPa","0.861","-0.02617","0.00035","0","0","13.56","Humid","24.85","0","70.00","286855.24","SABD0000000001","AAV1.0.0.11","1.1.2.0","PSt7-10","170328-006","1/4/2020 10:31:52","0000-00","0","no battery","V"
"11/02/2020","11:34:27","1","default","640513929","OXY_CH1","20.075","min","163.328","µmol/L","Humid","22.805","deg","42854","µV","27.524","°C","1018.000","hPa","35.3","pmil","0","55.520","deg","20.000","°C","100.000","%a.s.","21.750","deg","20.000","°C","977.000","hPa","0.861","-0.02617","0.00035","0","0","13.56","Humid","24.85","0","70.00","286843.15","SABD0000000001","AAV1.0.0.11","1.1.2.0","PSt7-10","170328-006","1/4/2020 10:31:52","0000-00","0","no battery","V"
"11/02/2020","11:34:28","1","default","640513929","OXY_CH1","20.092","min","163.489","µmol/L","Humid","22.798","deg","42856","µV","27.510","°C","1018.000","hPa","35.3","pmil","0","55.520","deg","20.000","°C","100.000","%a.s.","21.750","deg","20.000","°C","977.000","hPa","0.861","-0.02617","0.00035","0","0","13.56","Humid","24.85","0","70.00","286858.93","SABD0000000001","AAV1.0.0.11","1.1.2.0","PSt7-10","170328-006","1/4/2020 10:31:52","0000-00","0","no battery","V"
"11/02/2020","11:34:29","1","default","640513929","OXY_CH1","20.109","min","163.515","µmol/L","Humid","22.795","deg","42858","µV","27.514","°C","1018.000","hPa","35.3","pmil","0","55.520","deg","20.000","°C","100.000","%a.s.","21.750","deg","20.000","°C","977.000","hPa","0.861","-0.02617","0.00035","0","0","13.56","Humid","24.85","0","70.00","286857.75","SABD0000000001","AAV1.0.0.11","1.1.2.0","PSt7-10","170328-006","1/4/2020 10:31:52","0000-00","0","no battery","V"
"11/02/2020","11:34:30","1","default","640513929","OXY_CH1","20.126","min","163.525","µmol/L","Humid","22.798","deg","42861","µV","27.503","°C","1018.000","hPa","35.3","pmil","0","55.520","deg","20.000","°C","100.000","%a.s.","21.750","deg","20.000","°C","977.000","hPa","0.861","-0.02617","0.00035","0","0","13.56","Humid","24.85","0","70.00","286851.28","SABD0000000001","AAV1.0.0.11","1.1.2.0","PSt7-10","170328-006","1/4/2020 10:31:52","0000-00","0","no battery","V"
"11/02/2020","11:34:31","1","default","640513929","OXY_CH1","20.142","min","163.431","µmol/L","Humid","22.801","deg","42861","µV","27.514","°C","1018.000","hPa","35.3","pmil","0","55.520","deg","20.000","°C","100.000","%a.s.","21.750","deg","20.000","°C","977.000","hPa","0.861","-0.02617","0.00035","0","0","13.56","Humid","24.85","0","70.00","286846.32","SABD0000000001","AAV1.0.0.11","1.1.2.0","PSt7-10","170328-006","1/4/2020 10:31:52","0000-00","0","no battery","V"
"11/02/2020","11:34:32","1","default","640513929","OXY_CH1","20.159","min","163.281","µmol/L","Humid","22.812","deg","42852","µV","27.513","°C","1018.000","hPa","35.3","pmil","0","55.520","deg","20.000","°C","100.000","%a.s.","21.750","deg","20.000","°C","977.000","hPa","0.861","-0.02617","0.00035","0","0","13.56","Humid","24.85","0","70.00","286851.22","SABD0000000001","AAV1.0.0.11","1.1.2.0","PSt7-10","170328-006","1/4/2020 10:31:52","0000-00","0","no battery","V"
"11/02/2020","11:34:33","1","default","640513929","OXY_CH1","20.175","min","163.387","µmol/L","Humid","22.804","deg","42859","µV","27.514","°C","1018.000","hPa","35.3","pmil","0","55.520","deg","20.000","°C","100.000","%a.s.","21.750","deg","20.000","°C","977.000","hPa","0.861","-0.02617","0.00035","0","0","13.56","Humid","24.85","0","70.00","286854.42","SABD0000000001","AAV1.0.0.11","1.1.2.0","PSt7-10","170328-006","1/4/2020 10:31:52","0000-00","0","no battery","V"
"11/02/2020","11:34:34","1","default","640513929","OXY_CH1","20.192","min","163.352","µmol/L","Humid","22.807","deg","42860","µV","27.513","°C","1018.000","hPa","35.3","pmil","0","55.520","deg","20.000","°C","100.000","%a.s.","21.750","deg","20.000","°C","977.000","hPa","0.861","-0.02617","0.00035","0","0","13.56","Humid","24.85","0","70.00","286849.96","SABD0000000001","AAV1.0.0.11","1.1.2.0","PSt7-10","170328-006","1/4/2020 10:31:52","0000-00","0","no battery","V"
"11/02/2020","11:34:35","1","default","640513929","OXY_CH1","20.208","min","163.376","µmol/L","Humid","22.805","deg","42856","µV","27.514","°C","1018.000","hPa","35.3","pmil","0","55.520","deg","20.000","°C","100.000","%a.s.","21.750","deg","20.000","°C","977.000","hPa","0.861","-0.02617","0.00035","0","0","13.56","Humid","24.85","0","70.00","286850.97","SABD0000000001","AAV1.0.0.11","1.1.2.0","PSt7-10","170328-006","1/4/2020 10:31:52","0000-00","0","no battery","V"
"11/02/2020","11:34:36","1","default","640513929","OXY_CH1","20.225","min","163.533","µmol/L","Humid","22.800","deg","42858","µV","27.496","°C","1018.000","hPa","35.3","pmil","0","55.520","deg","20.000","°C","100.000","%a.s.","21.750","deg","20.000","°C","977.000","hPa","0.861","-0.02617","0.00035","0","0","13.56","Humid","24.85","0","70.00","286849.90","SABD0000000001","AAV1.0.0.11","1.1.2.0","PSt7-10","170328-006","1/4/2020 10:31:52","0000-00","0","no battery","V"
"11/02/2020","11:34:37","1","default","640513929","OXY_CH1","20.242","min","163.400","µmol/L","Humid","22.806","deg","42862","µV","27.506","°C","1018.000","hPa","35.3","pmil","0","55.520","deg","20.000","°C","100.000","%a.s.","21.750","deg","20.000","°C","977.000","hPa","0.861","-0.02617","0.00035","0","0","13.56","Humid","24.85","0","70.00","286852.77","SABD0000000001","AAV1.0.0.11","1.1.2.0","PSt7-10","170328-006","1/4/2020 10:31:52","0000-00","0","no battery","V"
"11/02/2020","11:34:38","1","default","640513929","OXY_CH1","20.259","min","163.385","µmol/L","Humid","22.807","deg","42865","µV","27.506","°C","1018.000","hPa","35.3","pmil","0","55.520","deg","20.000","°C","100.000","%a.s.","21.750","deg","20.000","°C","977.000","hPa","0.861","-0.02617","0.00035","0","0","13.56","Humid","24.85","0","70.00","286848.53","SABD0000000001","AAV1.0.0.11","1.1.2.0","PSt7-10","170328-006","1/4/2020 10:31:52","0000-00","0","no battery","V"
"11/02/2020","11:34:39","1","default","640513929","OXY_CH1","20.276","min","163.272","µmol/L","Humid","22.815","deg","42863","µV","27.506","°C","1018.000","hPa","35.3","pmil","0","55.520","deg","20.000","°C","100.000","%a.s.","21.750","deg","20.000","°C","977.000","hPa","0.861","-0.02617","0.00035","0","0","13.56","Humid","24.85","0","70.00","286849.25","SABD0000000001","AAV1.0.0.11","1.1.2.0","PSt7-10","170328-006","1/4/2020 10:31:52","0000-00","0","no battery","V"
"11/02/2020","11:34:40","1","default","640513929","OXY_CH1","20.292","min","163.396","µmol/L","Humid","22.809","deg","42865","µV","27.498","°C","1018.000","hPa","35.3","pmil","0","55.520","deg","20.000","°C","100.000","%a.s.","21.750","deg","20.000","°C","977.000","hPa","0.861","-0.02617","0.00035","0","0","13.56","Humid","24.85","0","70.00","286841.80","SABD0000000001","AAV1.0.0.11","1.1.2.0","PSt7-10","170328-006","1/4/2020 10:31:52","0000-00","0","no battery","V"
"11/02/2020","11:34:41","1","default","640513929","OXY_CH1","20.309","min","163.405","µmol/L","Humid","22.809","deg","42867","µV","27.496","°C","1018.000","hPa","35.3","pmil","0","55.520","deg","20.000","°C","100.000","%a.s.","21.750","deg","20.000","°C","977.000","hPa","0.861","-0.02617","0.00035","0","0","13.56","Humid","24.85","0","70.00","286845.41","SABD0000000001","AAV1.0.0.11","1.1.2.0","PSt7-10","170328-006","1/4/2020 10:31:52","0000-00","0","no battery","V"
"11/02/2020","11:34:42","1","default","640513929","OXY_CH1","20.325","min","163.482","µmol/L","Humid","22.805","deg","42866","µV","27.492","°C","1018.000","hPa","35.3","pmil","0","55.520","deg","20.000","°C","100.000","%a.s.","21.750","deg","20.000","°C","977.000","hPa","0.861","-0.02617","0.00035","0","0","13.56","Humid","24.85","0","70.00","286857.64","SABD0000000001","AAV1.0.0.11","1.1.2.0","PSt7-10","170328-006","1/4/2020 10:31:52","0000-00","0","no battery","V"
"11/02/2020","11:34:43","1","default","640513929","OXY_CH1","20.342","min","163.321","µmol/L","Humid","22.810","deg","42866","µV","27.511","°C","1018.000","hPa","35.3","pmil","0","55.520","deg","20.000","°C","100.000","%a.s.","21.750","deg","20.000","°C","977.000","hPa","0.861","-0.02617","0.00035","0","0","13.56","Humid","24.85","0","70.00","286854.46","SABD0000000001","AAV1.0.0.11","1.1.2.0","PSt7-10","170328-006","1/4/2020 10:31:52","0000-00","0","no battery","V"
"11/02/2020","11:34:44","1","default","640513929","OXY_CH1","20.358","min","163.325","µmol/L","Humid","22.812","deg","42870","µV","27.504","°C","1018.000","hPa","35.3","pmil","0","55.520","deg","20.000","°C","100.000","%a.s.","21.750","deg","20.000","°C","977.000","hPa","0.861","-0.02617","0.00035","0","0","13.56","Humid","24.85","0","70.00","286851.45","SABD0000000001","AAV1.0.0.11","1.1.2.0","PSt7-10","170328-006","1/4/2020 10:31:52","0000-00","0","no battery","V"
"11/02/2020","11:34:45","1","default","640513929","OXY_CH1","20.375","min","163.245","µmol/L","Humid","22.816","deg","42865","µV","27.509","°C","1018.000","hPa","35.3","pmil","0","55.520","deg","20.000","°C","100.000","%a.s.","21.750","deg","20.000","°C","977.000","hPa","0.861","-0.02617","0.00035","0","0","13.56","Humid","24.85","0","70.00","286851.38","SABD0000000001","AAV1.0.0.11","1.1.2.0","PSt7-10","170328-006","1/4/2020 10:31:52","0000-00","0","no battery","V"
"11/02/2020","11:34:46","1","default","640513929","OXY_CH1","20.392","min","163.239","µmol/L","Humid","22.816","deg","42872","µV","27.511","°C","1018.000","hPa","35.3","pmil","0","55.520","deg","20.000","°C","100.000","%a.s.","21.750","deg","20.000","°C","977.000","hPa","0.861","-0.02617","0.00035","0","0","13.56","Humid","24.85","0","70.00","286846.38","SABD0000000001","AAV1.0.0.11","1.1.2.0","PSt7-10","170328-006","1/4/2020 10:31:52","0000-00","0","no battery","V"
"11/02/2020","11:34:47","1","default","640513929","OXY_CH1","20.409","min","163.385","µmol/L","Humid","22.809","deg","42876","µV","27.500","°C","1018.000","hPa","35.3","pmil","0","55.520","deg","20.000","°C","100.000","%a.s.","21.750","deg","20.000","°C","977.000","hPa","0.861","-0.02617","0.00035","0","0","13.56","Humid","24.85","0","70.00","286850.89","SABD0000000001","AAV1.0.0.11","1.1.2.0","PSt7-10","170328-006","1/4/2020 10:31:52","0000-00","0","no battery","V"
"11/02/2020","11:34:48","1","default","640513929","OXY_CH1","20.426","min","163.110","µmol/L","Humid","22.828","deg","42882","µV","27.503","°C","1018.000","hPa","35.3","pmil","0","55.520","deg","20.000","°C","100.000","%a.s.","21.750","deg","20.000","°C","977.000","hPa","0.861","-0.02617","0.00035","0","0","13.56","Humid","24.85","0","70.00","286847.23","SABD0000000001","AAV1.0.0.11","1.1.2.0","PSt7-10","170328-006","1/4/2020 10:31:52","0000-00","0","no battery","V"
"11/02/2020","11:34:49","1","default","640513929","OXY_CH1","20.442","min","163.214","µmol/L","Humid","22.823","deg","42877","µV","27.495","°C","1018.000","hPa","35.3","pmil","0","55.520","deg","20.000","°C","100.000","%a.s.","21.750","deg","20.000","°C","977.000","hPa","0.861","-0.02617","0.00035","0","0","13.56","Humid","24.85","0","70.00","286849.32","SABD0000000001","AAV1.0.0.11","1.1.2.0","PSt7-10","170328-006","1/4/2020 10:31:52","0000-00","0","no battery","V"
"11/02/2020","11:34:50","1","default","640513929","OXY_CH1","20.459","min","163.235","µmol/L","Humid","22.821","deg","42873","µV","27.497","°C","1018.000","hPa","35.3","pmil","0","55.520","deg","20.000","°C","100.000","%a.s.","21.750","deg","20.000","°C","977.000","hPa","0.861","-0.02617","0.00035","0","0","13.56","Humid","24.85","0","70.00","286846.91","SABD0000000001","AAV1.0.0.11","1.1.2.0","PSt7-10","170328-006","1/4/2020 10:31:52","0000-00","0","no battery","V"
"11/02/2020","11:34:51","1","default","640513929","OXY_CH1","20.475","min","163.203","µmol/L","Humid","22.822","deg","42878","µV","27.501","°C","1018.000","hPa","35.3","pmil","0","55.520","deg","20.000","°C","100.000","%a.s.","21.750","deg","20.000","°C","977.000","hPa","0.861","-0.02617","0.00035","0","0","13.56","Humid","24.85","0","70.00","286849.19","SABD0000000001","AAV1.0.0.11","1.1.2.0","PSt7-10","170328-006","1/4/2020 10:31:52","0000-00","0","no battery","V"
"11/02/2020","11:34:52","1","default","640513929","OXY_CH1","20.492","min","163.267","µmol/L","Humid","22.820","deg","42886","µV","27.493","°C","1018.000","hPa","35.3","pmil","0","55.520","deg","20.000","°C","100.000","%a.s.","21.750","deg","20.000","°C","977.000","hPa","0.861","-0.02617","0.00035","0","0","13.56","Humid","24.85","0","70.00","286852.02","SABD0000000001","AAV1.0.0.11","1.1.2.0","PSt7-10","170328-006","1/4/2020 10:31:52","0000-00","0","no battery","V"
"11/02/2020","11:34:53","1","default","640513929","OXY_CH1","20.508","min","163.304","µmol/L","Humid","22.819","deg","42877","µV","27.488","°C","1018.000","hPa","35.3","pmil","0","55.520","deg","20.000","°C","100.000","%a.s.","21.750","deg","20.000","°C","977.000","hPa","0.861","-0.02617","0.00035","0","0","13.56","Humid","24.85","0","70.00","286857.30","SABD0000000001","AAV1.0.0.11","1.1.2.0","PSt7-10","170328-006","1/4/2020 10:31:52","0000-00","0","no battery","V"
"11/02/2020","11:34:54","1","default","640513929","OXY_CH1","20.525","min","163.202","µmol/L","Humid","22.820","deg","42880","µV","27.507","°C","1018.000","hPa","35.3","pmil","0","55.520","deg","20.000","°C","100.000","%a.s.","21.750","deg","20.000","°C","977.000","hPa","0.861","-0.02617","0.00035","0","0","13.56","Humid","24.85","0","70.00","286846.60","SABD0000000001","AAV1.0.0.11","1.1.2.0","PSt7-10","170328-006","1/4/2020 10:31:52","0000-00","0","no battery","V"
"11/02/2020","11:34:55","1","default","640513929","OXY_CH1","20.542","min","163.134","µmol/L","Humid","22.828","deg","42883","µV","27.498","°C","1018.000","hPa","35.3","pmil","0","55.520","deg","20.000","°C","100.000","%a.s.","21.750","deg","20.000","°C","977.000","hPa","0.861","-0.02617","0.00035","0","0","13.56","Humid","24.85","0","70.00","286850.67","SABD0000000001","AAV1.0.0.11","1.1.2.0","PSt7-10","170328-006","1/4/2020 10:31:52","0000-00","0","no battery","V"
"11/02/2020","11:34:56","1","default","640513929","OXY_CH1","20.559","min","163.198","µmol/L","Humid","22.828","deg","42880","µV","27.484","°C","1018.000","hPa","35.3","pmil","0","55.520","deg","20.000","°C","100.000","%a.s.","21.750","deg","20.000","°C","977.000","hPa","0.861","-0.02617","0.00035","0","0","13.56","Humid","24.85","0","70.00","286847.58","SABD0000000001","AAV1.0.0.11","1.1.2.0","PSt7-10","170328-006","1/4/2020 10:31:52","0000-00","0","no battery","V"
"11/02/2020","11:34:57","1","default","640513929","OXY_CH1","20.576","min","163.156","µmol/L","Humid","22.832","deg","42876","µV","27.482","°C","1018.000","hPa","35.3","pmil","0","55.520","deg","20.000","°C","100.000","%a.s.","21.750","deg","20.000","°C","977.000","hPa","0.861","-0.02617","0.00035","0","0","13.56","Humid","24.85","0","70.00","286847.18","SABD0000000001","AAV1.0.0.11","1.1.2.0","PSt7-10","170328-006","1/4/2020 10:31:52","0000-00","0","no battery","V"
"11/02/2020","11:34:58","1","default","640513929","OXY_CH1","20.592","min","163.187","µmol/L","Humid","22.829","deg","42885","µV","27.484","°C","1018.000","hPa","35.3","pmil","0","55.520","deg","20.000","°C","100.000","%a.s.","21.750","deg","20.000","°C","977.000","hPa","0.861","-0.02617","0.00035","0","0","13.56","Humid","24.85","0","70.00","286838.58","SABD0000000001","AAV1.0.0.11","1.1.2.0","PSt7-10","170328-006","1/4/2020 10:31:52","0000-00","0","no battery","V"
"11/02/2020","11:34:59","1","default","640513929","OXY_CH1","20.609","min","163.169","µmol/L","Humid","22.829","deg","42885","µV","27.488","°C","1018.000","hPa","35.3","pmil","0","55.520","deg","20.000","°C","100.000","%a.s.","21.750","deg","20.000","°C","977.000","hPa","0.861","-0.02617","0.00035","0","0","13.56","Humid","24.85","0","70.00","286850.68","SABD0000000001","AAV1.0.0.11","1.1.2.0","PSt7-10","170328-006","1/4/2020 10:31:52","0000-00","0","no battery","V"
"11/02/2020","11:35:00","1","default","640513929","OXY_CH1","20.626","min","163.250","µmol/L","Humid","22.824","deg","42883","µV","27.485","°C","1018.000","hPa","35.3","pmil","0","55.520","deg","20.000","°C","100.000","%a.s.","21.750","deg","20.000","°C","977.000","hPa","0.861","-0.02617","0.00035","0","0","13.56","Humid","24.85","0","70.00","286841.49","SABD0000000001","AAV1.0.0.11","1.1.2.0","PSt7-10","170328-006","1/4/2020 10:31:52","0000-00","0","no battery","V"
"11/02/2020","11:35:01","1","default","640513929","OXY_CH1","20.642","min","163.293","µmol/L","Humid","22.822","deg","42887","µV","27.482","°C","1018.000","hPa","35.3","pmil","0","55.520","deg","20.000","°C","100.000","%a.s.","21.750","deg","20.000","°C","977.000","hPa","0.861","-0.02617","0.00035","0","0","13.56","Humid","24.85","0","70.00","286851.86","SABD0000000001","AAV1.0.0.11","1.1.2.0","PSt7-10","170328-006","1/4/2020 10:31:52","0000-00","0","no battery","V"
"11/02/2020","11:35:02","1","default","640513929","OXY_CH1","20.658","min","163.132","µmol/L","Humid","22.828","deg","42894","µV","27.498","°C","1018.000","hPa","35.3","pmil","0","55.520","deg","20.000","°C","100.000","%a.s.","21.750","deg","20.000","°C","977.000","hPa","0.861","-0.02617","0.00035","0","0","13.56","Humid","24.85","0","70.00","286846.21","SABD0000000001","AAV1.0.0.11","1.1.2.0","PSt7-10","170328-006","1/4/2020 10:31:52","0000-00","0","no battery","V"
"11/02/2020","11:35:03","1","default","640513929","OXY_CH1","20.675","min","163.173","µmol/L","Humid","22.825","deg","42898","µV","27.498","°C","1018.000","hPa","35.3","pmil","0","55.520","deg","20.000","°C","100.000","%a.s.","21.750","deg","20.000","°C","977.000","hPa","0.861","-0.02617","0.00035","0","0","13.56","Humid","24.85","0","70.00","286838.08","SABD0000000001","AAV1.0.0.11","1.1.2.0","PSt7-10","170328-006","1/4/2020 10:31:52","0000-00","0","no battery","V"
"11/02/2020","11:35:04","1","default","640513929","OXY_CH1","20.692","min","163.110","µmol/L","Humid","22.828","deg","42892","µV","27.503","°C","1018.000","hPa","35.3","pmil","0","55.520","deg","20.000","°C","100.000","%a.s.","21.750","deg","20.000","°C","977.000","hPa","0.861","-0.02617","0.00035","0","0","13.56","Humid","24.85","0","70.00","286848.32","SABD0000000001","AAV1.0.0.11","1.1.2.0","PSt7-10","170328-006","1/4/2020 10:31:52","0000-00","0","no battery","V"
"11/02/2020","11:35:05","1","default","640513929","OXY_CH1","20.709","min","163.238","µmol/L","Humid","22.825","deg","42907","µV","27.485","°C","1018.000","hPa","35.3","pmil","0","55.520","deg","20.000","°C","100.000","%a.s.","21.750","deg","20.000","°C","977.000","hPa","0.861","-0.02617","0.00035","0","0","13.56","Humid","24.85","0","70.00","286840.46","SABD0000000001","AAV1.0.0.11","1.1.2.0","PSt7-10","170328-006","1/4/2020 10:31:52","0000-00","0","no battery","V"
"11/02/2020","11:35:06","1","default","640513929","OXY_CH1","20.725","min","163.218","µmol/L","Humid","22.824","deg","42903","µV","27.492","°C","1018.000","hPa","35.3","pmil","0","55.520","deg","20.000","°C","100.000","%a.s.","21.750","deg","20.000","°C","977.000","hPa","0.861","-0.02617","0.00035","0","0","13.56","Humid","24.85","0","70.00","286838.09","SABD0000000001","AAV1.0.0.11","1.1.2.0","PSt7-10","170328-006","1/4/2020 10:31:52","0000-00","0","no battery","V"
"11/02/2020","11:35:07","1","default","640513929","OXY_CH1","20.742","min","163.156","µmol/L","Humid","22.827","deg","42906","µV","27.496","°C","1018.000","hPa","35.3","pmil","0","55.520","deg","20.000","°C","100.000","%a.s.","21.750","deg","20.000","°C","977.000","hPa","0.861","-0.02617","0.00035","0","0","13.56","Humid","24.85","0","70.00","286833.89","SABD0000000001","AAV1.0.0.11","1.1.2.0","PSt7-10","170328-006","1/4/2020 10:31:52","0000-00","0","no battery","V"
"11/02/2020","11:35:08","1","default","640513929","OXY_CH1","20.759","min","163.129","µmol/L","Humid","22.831","deg","42910","µV","27.490","°C","1018.000","hPa","35.3","pmil","0","55.520","deg","20.000","°C","100.000","%a.s.","21.750","deg","20.000","°C","977.000","hPa","0.861","-0.02617","0.00035","0","0","13.56","Humid","24.85","0","70.00","286836.22","SABD0000000001","AAV1.0.0.11","1.1.2.0","PSt7-10","170328-006","1/4/2020 10:31:52","0000-00","0","no battery","V"
"11/02/2020","11:35:09","1","default","640513929","OXY_CH1","20.776","min","163.094","µmol/L","Humid","22.833","deg","42907","µV","27.492","°C","1018.000","hPa","35.3","pmil","0","55.520","deg","20.000","°C","100.000","%a.s.","21.750","deg","20.000","°C","977.000","hPa","0.861","-0.02617","0.00035","0","0","13.56","Humid","24.85","0","70.00","286839.72","SABD0000000001","AAV1.0.0.11","1.1.2.0","PSt7-10","170328-006","1/4/2020 10:31:52","0000-00","0","no battery","V"
"11/02/2020","11:35:10","1","default","640513929","OXY_CH1","20.792","min","163.156","µmol/L","Humid","22.832","deg","42912","µV","27.482","°C","1018.000","hPa","35.3","pmil","0","55.520","deg","20.000","°C","100.000","%a.s.","21.750","deg","20.000","°C","977.000","hPa","0.861","-0.02617","0.00035","0","0","13.56","Humid","24.85","0","70.00","286835.06","SABD0000000001","AAV1.0.0.11","1.1.2.0","PSt7-10","170328-006","1/4/2020 10:31:52","0000-00","0","no battery","V"
"11/02/2020","11:35:11","1","default","640513929","OXY_CH1","20.809","min","163.027","µmol/L","Humid","22.837","deg","42912","µV","27.494","°C","1018.000","hPa","35.3","pmil","0","55.520","deg","20.000","°C","100.000","%a.s.","21.750","deg","20.000","°C","977.000","hPa","0.861","-0.02617","0.00035","0","0","13.56","Humid","24.85","0","70.00","286844.48","SABD0000000001","AAV1.0.0.11","1.1.2.0","PSt7-10","170328-006","1/4/2020 10:31:52","0000-00","0","no battery","V"
"11/02/2020","11:35:12","1","default","640513929","OXY_CH1","20.826","min","163.174","µmol/L","Humid","22.829","deg","42911","µV","27.486","°C","1018.000","hPa","35.3","pmil","0","55.520","deg","20.000","°C","100.000","%a.s.","21.750","deg","20.000","°C","977.000","hPa","0.861","-0.02617","0.00035","0","0","13.56","Humid","24.85","0","70.00","286836.97","SABD0000000001","AAV1.0.0.11","1.1.2.0","PSt7-10","170328-006","1/4/2020 10:31:52","0000-00","0","no battery","V"
"11/02/2020","11:35:13","1","default","640513929","OXY_CH1","20.842","min","163.084","µmol/L","Humid","22.836","deg","42921","µV","27.485","°C","1018.000","hPa","35.3","pmil","0","55.520","deg","20.000","°C","100.000","%a.s.","21.750","deg","20.000","°C","977.000","hPa","0.861","-0.02617","0.00035","0","0","13.56","Humid","24.85","0","70.00","286846.35","SABD0000000001","AAV1.0.0.11","1.1.2.0","PSt7-10","170328-006","1/4/2020 10:31:52","0000-00","0","no battery","V"
"11/02/2020","11:35:14","1","default","640513929","OXY_CH1","20.858","min","163.128","µmol/L","Humid","22.834","deg","42913","µV","27.482","°C","1018.000","hPa","35.3","pmil","0","55.520","deg","20.000","°C","100.000","%a.s.","21.750","deg","20.000","°C","977.000","hPa","0.861","-0.02617","0.00035","0","0","13.56","Humid","24.85","0","70.00","286840.85","SABD0000000001","AAV1.0.0.11","1.1.2.0","PSt7-10","170328-006","1/4/2020 10:31:52","0000-00","0","no battery","V"
"11/02/2020","11:35:15","1","default","640513929","OXY_CH1","20.875","min","163.009","µmol/L","Humid","22.841","deg","42922","µV","27.486","°C","1018.000","hPa","35.3","pmil","0","55.520","deg","20.000","°C","100.000","%a.s.","21.750","deg","20.000","°C","977.000","hPa","0.861","-0.02617","0.00035","0","0","13.56","Humid","24.85","0","70.00","286830.09","SABD0000000001","AAV1.0.0.11","1.1.2.0","PSt7-10","170328-006","1/4/2020 10:31:52","0000-00","0","no battery","V"
"11/02/2020","11:35:16","1","default","640513929","OXY_CH1","20.892","min","163.141","µmol/L","Humid","22.833","deg","42920","µV","27.482","°C","1018.000","hPa","35.3","pmil","0","55.520","deg","20.000","°C","100.000","%a.s.","21.750","deg","20.000","°C","977.000","hPa","0.861","-0.02617","0.00035","0","0","13.56","Humid","24.85","0","70.00","286840.17","SABD0000000001","AAV1.0.0.11","1.1.2.0","PSt7-10","170328-006","1/4/2020 10:31:52","0000-00","0","no battery","V"
"11/02/2020","11:35:17","1","default","640513929","OXY_CH1","20.909","min","163.041","µmol/L","Humid","22.838","deg","42920","µV","27.488","°C","1018.000","hPa","35.3","pmil","0","55.520","deg","20.000","°C","100.000","%a.s.","21.750","deg","20.000","°C","977.000","hPa","0.861","-0.02617","0.00035","0","0","13.56","Humid","24.85","0","70.00","286833.13","SABD0000000001","AAV1.0.0.11","1.1.2.0","PSt7-10","170328-006","1/4/2020 10:31:52","0000-00","0","no battery","V"
"11/02/2020","11:35:18","1","default","640513929","OXY_CH1","20.925","min","163.064","µmol/L","Humid","22.840","deg","42918","µV","27.478","°C","1018.000","hPa","35.3","pmil","0","55.520","deg","20.000","°C","100.000","%a.s.","21.750","deg","20.000","°C","977.000","hPa","0.861","-0.02617","0.00035","0","0","13.56","Humid","24.85","0","70.00","286830.86","SABD0000000001","AAV1.0.0.11","1.1.2.0","PSt7-10","170328-006","1/4/2020 10:31:52","0000-00","0","no battery","V"
"11/02/2020","11:35:19","1","default","640513929","OXY_CH1","20.942","min","163.142","µmol/L","Humid","22.838","deg","42925","µV","27.467","°C","1018.000","hPa","35.3","pmil","0","55.520","deg","20.000","°C","100.000","%a.s.","21.750","deg","20.000","°C","977.000","hPa","0.861","-0.02617","0.00035","0","0","13.56","Humid","24.85","0","70.00","286832.50","SABD0000000001","AAV1.0.0.11","1.1.2.0","PSt7-10","170328-006","1/4/2020 10:31:52","0000-00","0","no battery","V"
"11/02/2020","11:35:20","1","default","640513929","OXY_CH1","20.959","min","163.102","µmol/L","Humid","22.842","deg","42925","µV","27.464","°C","1018.000","hPa","35.3","pmil","0","55.520","deg","20.000","°C","100.000","%a.s.","21.750","deg","20.000","°C","977.000","hPa","0.861","-0.02617","0.00035","0","0","13.56","Humid","24.85","0","70.00","286828.64","SABD0000000001","AAV1.0.0.11","1.1.2.0","PSt7-10","170328-006","1/4/2020 10:31:52","0000-00","0","no battery","V"
"11/02/2020","11:35:21","1","default","640513929","OXY_CH1","20.976","min","162.902","µmol/L","Humid","22.847","deg","42928","µV","27.491","°C","1018.000","hPa","35.3","pmil","0","55.520","deg","20.000","°C","100.000","%a.s.","21.750","deg","20.000","°C","977.000","hPa","0.861","-0.02617","0.00035","0","0","13.56","Humid","24.85","0","70.00","286824.47","SABD0000000001","AAV1.0.0.11","1.1.2.0","PSt7-10","170328-006","1/4/2020 10:31:52","0000-00","0","no battery","V"
"11/02/2020","11:35:22","1","default","640513929","OXY_CH1","20.992","min","163.009","µmol/L","Humid","22.838","deg","42931","µV","27.495","°C","1018.000","hPa","35.3","pmil","0","55.520","deg","20.000","°C","100.000","%a.s.","21.750","deg","20.000","°C","977.000","hPa","0.861","-0.02617","0.00035","0","0","13.56","Humid","24.85","0","70.00","286826.06","SABD0000000001","AAV1.0.0.11","1.1.2.0","PSt7-10","170328-006","1/4/2020 10:31:52","0000-00","0","no battery","V"
"11/02/2020","11:35:23","1","default","640513929","OXY_CH1","21.008","min","162.989","µmol/L","Humid","22.846","deg","42925","µV","27.476","°C","1018.000","hPa","35.3","pmil","0","55.520","deg","20.000","°C","100.000","%a.s.","21.750","deg","20.000","°C","977.000","hPa","0.861","-0.02617","0.00035","0","0","13.56","Humid","24.85","0","70.00","286834.89","SABD0000000001","AAV1.0.0.11","1.1.2.0","PSt7-10","170328-006","1/4/2020 10:31:52","0000-00","0","no battery","V"
"11/02/2020","11:35:24","1","default","640513929","OXY_CH1","21.025","min","163.038","µmol/L","Humid","22.840","deg","42931","µV","27.483","°C","1018.000","hPa","35.3","pmil","0","55.520","deg","20.000","°C","100.000","%a.s.","21.750","deg","20.000","°C","977.000","hPa","0.861","-0.02617","0.00035","0","0","13.56","Humid","24.85","0","70.00","286829.04","SABD0000000001","AAV1.0.0.11","1.1.2.0","PSt7-10","170328-006","1/4/2020 10:31:52","0000-00","0","no battery","V"
"11/02/2020","11:35:25","1","default","640513929","OXY_CH1","21.042","min","162.989","µmol/L","Humid","22.841","deg","42932","µV","27.490","°C","1018.000","hPa","35.3","pmil","0","55.520","deg","20.000","°C","100.000","%a.s.","21.750","deg","20.000","°C","977.000","hPa","0.861","-0.02617","0.00035","0","0","13.56","Humid","24.85","0","70.00","286825.14","SABD0000000001","AAV1.0.0.11","1.1.2.0","PSt7-10","170328-006","1/4/2020 10:31:52","0000-00","0","no battery","V"
"11/02/2020","11:35:26","1","default","640513929","OXY_CH1","21.059","min","162.896","µmol/L","Humid","22.850","deg","42930","µV","27.484","°C","1018.000","hPa","35.3","pmil","0","55.520","deg","20.000","°C","100.000","%a.s.","21.750","deg","20.000","°C","977.000","hPa","0.861","-0.02617","0.00035","0","0","13.56","Humid","24.85","0","70.00","286829.25","SABD0000000001","AAV1.0.0.11","1.1.2.0","PSt7-10","170328-006","1/4/2020 10:31:52","0000-00","0","no battery","V"
"11/02/2020","11:35:27","1","default","640513929","OXY_CH1","21.075","min","163.036","µmol/L","Humid","22.843","deg","42930","µV","27.475","°C","1018.000","hPa","35.3","pmil","0","55.520","deg","20.000","°C","100.000","%a.s.","21.750","deg","20.000","°C","977.000","hPa","0.861","-0.02617","0.00035","0","0","13.56","Humid","24.85","0","70.00","286818.86","SABD0000000001","AAV1.0.0.11","1.1.2.0","PSt7-10","170328-006","1/4/2020 10:31:52","0000-00","0","no battery","V"
"11/02/2020","11:35:28","1","default","640513929","OXY_CH1","21.092","min","162.964","µmol/L","Humid","22.848","deg","42936","µV","27.475","°C","1018.000","hPa","35.3","pmil","0","55.520","deg","20.000","°C","100.000","%a.s.","21.750","deg","20.000","°C","977.000","hPa","0.861","-0.02617","0.00035","0","0","13.56","Humid","24.85","0","70.00","286837.96","SABD0000000001","AAV1.0.0.11","1.1.2.0","PSt7-10","170328-006","1/4/2020 10:31:52","0000-00","0","no battery","V"
"11/02/2020","11:35:29","1","default","640513929","OXY_CH1","21.109","min","162.867","µmol/L","Humid","22.854","deg","42941","µV","27.478","°C","1018.000","hPa","35.3","pmil","0","55.520","deg","20.000","°C","100.000","%a.s.","21.750","deg","20.000","°C","977.000","hPa","0.861","-0.02617","0.00035","0","0","13.56","Humid","24.85","0","70.00","286827.34","SABD0000000001","AAV1.0.0.11","1.1.2.0","PSt7-10","170328-006","1/4/2020 10:31:52","0000-00","0","no battery","V"
"11/02/2020","11:35:30","1","default","640513929","OXY_CH1","21.126","min","162.964","µmol/L","Humid","22.846","deg","42940","µV","27.481","°C","1018.000","hPa","35.3","pmil","0","55.520","deg","20.000","°C","100.000","%a.s.","21.750","deg","20.000","°C","977.000","hPa","0.861","-0.02617","0.00035","0","0","13.56","Humid","24.85","0","70.00","286821.00","SABD0000000001","AAV1.0.0.11","1.1.2.0","PSt7-10","170328-006","1/4/2020 10:31:52","0000-00","0","no battery","V"
"11/02/2020","11:35:31","1","default","640513929","OXY_CH1","21.142","min","162.909","µmol/L","Humid","22.850","deg","42939","µV","27.481","°C","1018.000","hPa","35.3","pmil","0","55.520","deg","20.000","°C","100.000","%a.s.","21.750","deg","20.000","°C","977.000","hPa","0.861","-0.02617","0.00035","0","0","13.56","Humid","24.85","0","70.00","286824.56","SABD0000000001","AAV1.0.0.11","1.1.2.0","PSt7-10","170328-006","1/4/2020 10:31:52","0000-00","0","no battery","V"
"11/02/2020","11:35:32","1","default","640513929","OXY_CH1","21.159","min","162.902","µmol/L","Humid","22.851","deg","42938","µV","27.480","°C","1018.000","hPa","35.3","pmil","0","55.520","deg","20.000","°C","100.000","%a.s.","21.750","deg","20.000","°C","977.000","hPa","0.861","-0.02617","0.00035","0","0","13.56","Humid","24.85","0","70.00","286827.09","SABD0000000001","AAV1.0.0.11","1.1.2.0","PSt7-10","170328-006","1/4/2020 10:31:52","0000-00","0","no battery","V"
"11/02/2020","11:35:33","1","default","640513929","OXY_CH1","21.175","min","162.828","µmol/L","Humid","22.852","deg","42941","µV","27.492","°C","1018.000","hPa","35.3","pmil","0","55.520","deg","20.000","°C","100.000","%a.s.","21.750","deg","20.000","°C","977.000","hPa","0.861","-0.02617","0.00035","0","0","13.56","Humid","24.85","0","70.00","286831.22","SABD0000000001","AAV1.0.0.11","1.1.2.0","PSt7-10","170328-006","1/4/2020 10:31:52","0000-00","0","no battery","V"
"11/02/2020","11:35:34","1","default","640513929","OXY_CH1","21.192","min","162.851","µmol/L","Humid","22.857","deg","42939","µV","27.473","°C","1018.000","hPa","35.3","pmil","0","55.520","deg","20.000","°C","100.000","%a.s.","21.750","deg","20.000","°C","977.000","hPa","0.861","-0.02617","0.00035","0","0","13.56","Humid","24.85","0","70.00","286832.60","SABD0000000001","AAV1.0.0.11","1.1.2.0","PSt7-10","170328-006","1/4/2020 10:31:52","0000-00","0","no battery","V"
"11/02/2020","11:35:35","1","default","640513929","OXY_CH1","21.208","min","162.897","µmol/L","Humid","22.855","deg","42942","µV","27.469","°C","1018.000","hPa","35.3","pmil","0","55.520","deg","20.000","°C","100.000","%a.s.","21.750","deg","20.000","°C","977.000","hPa","0.861","-0.02617","0.00035","0","0","13.56","Humid","24.85","0","70.00","286829.63","SABD0000000001","AAV1.0.0.11","1.1.2.0","PSt7-10","170328-006","1/4/2020 10:31:52","0000-00","0","no battery","V"
"11/02/2020","11:35:36","1","default","640513929","OXY_CH1","21.225","min","162.936","µmol/L","Humid","22.852","deg","42939","µV","27.470","°C","1018.000","hPa","35.3","pmil","0","55.520","deg","20.000","°C","100.000","%a.s.","21.750","deg","20.000","°C","977.000","hPa","0.861","-0.02617","0.00035","0","0","13.56","Humid","24.85","0","70.00","286820.12","SABD0000000001","AAV1.0.0.11","1.1.2.0","PSt7-10","170328-006","1/4/2020 10:31:52","0000-00","0","no battery","V"
"11/02/2020","11:35:37","1","default","640513929","OXY_CH1","21.242","min","163.014","µmol/L","Humid","22.846","deg","42939","µV","27.471","°C","1018.000","hPa","35.3","pmil","0","55.520","deg","20.000","°C","100.000","%a.s.","21.750","deg","20.000","°C","977.000","hPa","0.861","-0.02617","0.00035","0","0","13.56","Humid","24.85","0","70.00","286822.72","SABD0000000001","AAV1.0.0.11","1.1.2.0","PSt7-10","170328-006","1/4/2020 10:31:52","0000-00","0","no battery","V"
"11/02/2020","11:35:38","1","default","640513929","OXY_CH1","21.259","min","162.856","µmol/L","Humid","22.858","deg","42945","µV","27.469","°C","1018.000","hPa","35.3","pmil","0","55.520","deg","20.000","°C","100.000","%a.s.","21.750","deg","20.000","°C","977.000","hPa","0.861","-0.02617","0.00035","0","0","13.56","Humid","24.85","0","70.00","286812.02","SABD0000000001","AAV1.0.0.11","1.1.2.0","PSt7-10","170328-006","1/4/2020 10:31:52","0000-00","0","no battery","V"
"11/02/2020","11:35:39","1","default","640513929","OXY_CH1","21.275","min","162.865","µmol/L","Humid","22.862","deg","42947","µV","27.455","°C","1018.000","hPa","35.3","pmil","0","55.520","deg","20.000","°C","100.000","%a.s.","21.750","deg","20.000","°C","977.000","hPa","0.861","-0.02617","0.00035","0","0","13.56","Humid","24.85","0","70.00","286822.45","SABD0000000001","AAV1.0.0.11","1.1.2.0","PSt7-10","170328-006","1/4/2020 10:31:52","0000-00","0","no battery","V"
"11/02/2020","11:35:40","1","default","640513929","OXY_CH1","21.292","min","162.667","µmol/L","Humid","22.867","deg","42945","µV","27.483","°C","1018.000","hPa","35.3","pmil","0","55.520","deg","20.000","°C","100.000","%a.s.","21.750","deg","20.000","°C","977.000","hPa","0.861","-0.02617","0.00035","0","0","13.56","Humid","24.85","0","70.00","286821.21","SABD0000000001","AAV1.0.0.11","1.1.2.0","PSt7-10","170328-006","1/4/2020 10:31:52","0000-00","0","no battery","V"
"11/02/2020","11:35:41","1","default","640513929","OXY_CH1","21.309","min","162.778","µmol/L","Humid","22.858","deg","42939","µV","27.485","°C","1018.000","hPa","35.3","pmil","0","55.520","deg","20.000","°C","100.000","%a.s.","21.750","deg","20.000","°C","977.000","hPa","0.861","-0.02617","0.00035","0","0","13.56","Humid","24.85","0","70.00","286813.06","SABD0000000001","AAV1.0.0.11","1.1.2.0","PSt7-10","170328-006","1/4/2020 10:31:52","0000-00","0","no battery","V"
"11/02/2020","11:35:42","1","default","640513929","OXY_CH1","21.326","min","162.831","µmol/L","Humid","22.855","deg","42944","µV","27.483","°C","1018.000","hPa","35.3","pmil","0","55.520","deg","20.000","°C","100.000","%a.s.","21.750","deg","20.000","°C","977.000","hPa","0.861","-0.02617","0.00035","0","0","13.56","Humid","24.85","0","70.00","286817.53","SABD0000000001","AAV1.0.0.11","1.1.2.0","PSt7-10","170328-006","1/4/2020 10:31:52","0000-00","0","no battery","V"
"11/02/2020","11:35:43","1","default","640513929","OXY_CH1","21.342","min","162.749","µmol/L","Humid","22.861","deg","42944","µV","27.483","°C","1018.000","hPa","35.3","pmil","0","55.520","deg","20.000","°C","100.000","%a.s.","21.750","deg","20.000","°C","977.000","hPa","0.861","-0.02617","0.00035","0","0","13.56","Humid","24.85","0","70.00","286827.59","SABD0000000001","AAV1.0.0.11","1.1.2.0","PSt7-10","170328-006","1/4/2020 10:31:52","0000-00","0","no battery","V"
"11/02/2020","11:35:44","1","default","640513929","OXY_CH1","21.359","min","162.819","µmol/L","Humid","22.863","deg","42943","µV","27.462","°C","1018.000","hPa","35.3","pmil","0","55.520","deg","20.000","°C","100.000","%a.s.","21.750","deg","20.000","°C","977.000","hPa","0.861","-0.02617","0.00035","0","0","13.56","Humid","24.85","0","70.00","286821.44","SABD0000000001","AAV1.0.0.11","1.1.2.0","PSt7-10","170328-006","1/4/2020 10:31:52","0000-00","0","no battery","V"
"11/02/2020","11:35:45","1","default","640513929","OXY_CH1","21.375","min","162.792","µmol/L","Humid","22.860","deg","42950","µV","27.477","°C","1018.000","hPa","35.3","pmil","0","55.520","deg","20.000","°C","100.000","%a.s.","21.750","deg","20.000","°C","977.000","hPa","0.861","-0.02617","0.00035","0","0","13.56","Humid","24.85","0","70.00","286819.14","SABD0000000001","AAV1.0.0.11","1.1.2.0","PSt7-10","170328-006","1/4/2020 10:31:52","0000-00","0","no battery","V"
"11/02/2020","11:35:46","1","default","640513929","OXY_CH1","21.392","min","162.765","µmol/L","Humid","22.865","deg","42950","µV","27.468","°C","1018.000","hPa","35.3","pmil","0","55.520","deg","20.000","°C","100.000","%a.s.","21.750","deg","20.000","°C","977.000","hPa","0.861","-0.02617","0.00035","0","0","13.56","Humid","24.85","0","70.00","286815.02","SABD0000000001","AAV1.0.0.11","1.1.2.0","PSt7-10","170328-006","1/4/2020 10:31:52","0000-00","0","no battery","V"
"11/02/2020","11:35:47","1","default","640513929","OXY_CH1","21.408","min","162.718","µmol/L","Humid","22.868","deg","42952","µV","27.469","°C","1018.000","hPa","35.3","pmil","0","55.520","deg","20.000","°C","100.000","%a.s.","21.750","deg","20.000","°C","977.000","hPa","0.861","-0.02617","0.00035","0","0","13.56","Humid","24.85","0","70.00","286821.63","SABD0000000001","AAV1.0.0.11","1.1.2.0","PSt7-10","170328-006","1/4/2020 10:31:52","0000-00","0","no battery","V"
"11/02/2020","11:35:48","1","default","640513929","OXY_CH1","21.425","min","162.903","µmol/L","Humid","22.855","deg","42948","µV","27.468","°C","1018.000","hPa","35.3","pmil","0","55.520","deg","20.000","°C","100.000","%a.s.","21.750","deg","20.000","°C","977.000","hPa","0.861","-0.02617","0.00035","0","0","13.56","Humid","24.85","0","70.00","286818.66","SABD0000000001","AAV1.0.0.11","1.1.2.0","PSt7-10","170328-006","1/4/2020 10:31:52","0000-00","0","no battery","V"
"11/02/2020","11:35:49","1","default","640513929","OXY_CH1","21.442","min","162.781","µmol/L","Humid","22.863","deg","42952","µV","27.470","°C","1018.000","hPa","35.3","pmil","0","55.520","deg","20.000","°C","100.000","%a.s.","21.750","deg","20.000","°C","977.000","hPa","0.861","-0.02617","0.00035","0","0","13.56","Humid","24.85","0","70.00","286808.31","SABD0000000001","AAV1.0.0.11","1.1.2.0","PSt7-10","170328-006","1/4/2020 10:31:52","0000-00","0","no battery","V"
"11/02/2020","11:35:50","1","default","640513929","OXY_CH1","21.459","min","162.615","µmol/L","Humid","22.872","deg","42952","µV","27.479","°C","1018.000","hPa","35.3","pmil","0","55.520","deg","20.000","°C","100.000","%a.s.","21.750","deg","20.000","°C","977.000","hPa","0.861","-0.02617","0.00035","0","0","13.56","Humid","24.85","0","70.00","286811.44","SABD0000000001","AAV1.0.0.11","1.1.2.0","PSt7-10","170328-006","1/4/2020 10:31:52","0000-00","0","no battery","V"
"11/02/2020","11:35:51","1","default","640513929","OXY_CH1","21.475","min","162.788","µmol/L","Humid","22.863","deg","42958","µV","27.469","°C","1018.000","hPa","35.3","pmil","0","55.520","deg","20.000","°C","100.000","%a.s.","21.750","deg","20.000","°C","977.000","hPa","0.861","-0.02617","0.00035","0","0","13.56","Humid","24.85","0","70.00","286822.43","SABD0000000001","AAV1.0.0.11","1.1.2.0","PSt7-10","170328-006","1/4/2020 10:31:52","0000-00","0","no battery","V"
"11/02/2020","11:35:52","1","default","640513929","OXY_CH1","21.492","min","162.781","µmol/L","Humid","22.864","deg","42956","µV","27.467","°C","1018.000","hPa","35.3","pmil","0","55.520","deg","20.000","°C","100.000","%a.s.","21.750","deg","20.000","°C","977.000","hPa","0.861","-0.02617","0.00035","0","0","13.56","Humid","24.85","0","70.00","286820.65","SABD0000000001","AAV1.0.0.11","1.1.2.0","PSt7-10","170328-006","1/4/2020 10:31:52","0000-00","0","no battery","V"
"11/02/2020","11:35:53","1","default","640513929","OXY_CH1","21.509","min","162.750","µmol/L","Humid","22.868","deg","42956","µV","27.462","°C","1018.000","hPa","35.3","pmil","0","55.520","deg","20.000","°C","100.000","%a.s.","21.750","deg","20.000","°C","977.000","hPa","0.861","-0.02617","0.00035","0","0","13.56","Humid","24.85","0","70.00","286818.08","SABD0000000001","AAV1.0.0.11","1.1.2.0","PSt7-10","170328-006","1/4/2020 10:31:52","0000-00","0","no battery","V"
"11/02/2020","11:35:54","1","default","640513929","OXY_CH1","21.525","min","162.681","µmol/L","Humid","22.874","deg","42958","µV","27.459","°C","1018.000","hPa","35.3","pmil","0","55.520","deg","20.000","°C","100.000","%a.s.","21.750","deg","20.000","°C","977.000","hPa","0.861","-0.02617","0.00035","0","0","13.56","Humid","24.85","0","70.00","286826.04","SABD0000000001","AAV1.0.0.11","1.1.2.0","PSt7-10","170328-006","1/4/2020 10:31:52","0000-00","0","no battery","V"
"11/02/2020","11:35:55","1","default","640513929","OXY_CH1","21.542","min","162.677","µmol/L","Humid","22.874","deg","42954","µV","27.460","°C","1018.000","hPa","35.3","pmil","0","55.520","deg","20.000","°C","100.000","%a.s.","21.750","deg","20.000","°C","977.000","hPa","0.861","-0.02617","0.00035","0","0","13.56","Humid","24.85","0","70.00","286825.78","SABD0000000001","AAV1.0.0.11","1.1.2.0","PSt7-10","170328-006","1/4/2020 10:31:52","0000-00","0","no battery","V"
"11/02/2020","11:35:56","1","default","640513929","OXY_CH1","21.558","min","162.809","µmol/L","Humid","22.864","deg","42961","µV","27.461","°C","1018.000","hPa","35.3","pmil","0","55.520","deg","20.000","°C","100.000","%a.s.","21.750","deg","20.000","°C","977.000","hPa","0.861","-0.02617","0.00035","0","0","13.56","Humid","24.85","0","70.00","286811.46","SABD0000000001","AAV1.0.0.11","1.1.2.0","PSt7-10","170328-006","1/4/2020 10:31:52","0000-00","0","no battery","V"
"11/02/2020","11:35:57","1","default","640513929","OXY_CH1","21.575","min","162.719","µmol/L","Humid","22.870","deg","42968","µV","27.463","°C","1018.000","hPa","35.3","pmil","0","55.520","deg","20.000","°C","100.000","%a.s.","21.750","deg","20.000","°C","977.000","hPa","0.861","-0.02617","0.00035","0","0","13.56","Humid","24.85","0","70.00","286808.52","SABD0000000001","AAV1.0.0.11","1.1.2.0","PSt7-10","170328-006","1/4/2020 10:31:52","0000-00","0","no battery","V"
"11/02/2020","11:35:58","1","default","640513929","OXY_CH1","21.592","min","162.689","µmol/L","Humid","22.876","deg","42966","µV","27.452","°C","1018.000","hPa","35.3","pmil","0","55.520","deg","20.000","°C","100.000","%a.s.","21.750","deg","20.000","°C","977.000","hPa","0.861","-0.02617","0.00035","0","0","13.56","Humid","24.85","0","70.00","286807.08","SABD0000000001","AAV1.0.0.11","1.1.2.0","PSt7-10","170328-006","1/4/2020 10:31:52","0000-00","0","no battery","V"
"11/02/2020","11:35:59","1","default","640513929","OXY_CH1","21.609","min","162.596","µmol/L","Humid","22.884","deg","42960","µV","27.448","°C","1018.000","hPa","35.3","pmil","0","55.520","deg","20.000","°C","100.000","%a.s.","21.750","deg","20.000","°C","977.000","hPa","0.861","-0.02617","0.00035","0","0","13.56","Humid","24.85","0","70.00","286809.93","SABD0000000001","AAV1.0.0.11","1.1.2.0","PSt7-10","170328-006","1/4/2020 10:31:52","0000-00","0","no battery","V"
"11/02/2020","11:36:00","1","default","640513929","OXY_CH1","21.626","min","162.566","µmol/L","Humid","22.876","deg","42973","µV","27.478","°C","1018.000","hPa","35.3","pmil","0","55.520","deg","20.000","°C","100.000","%a.s.","21.750","deg","20.000","°C","977.000","hPa","0.861","-0.02617","0.00035","0","0","13.56","Humid","24.85","0","70.00","286824.71","SABD0000000001","AAV1.0.0.11","1.1.2.0","PSt7-10","170328-006","1/4/2020 10:31:52","0000-00","0","no battery","V"
"11/02/2020","11:36:01","1","default","640513929","OXY_CH1","21.642","min","162.510","µmol/L","Humid","22.883","deg","42968","µV","27.469","°C","1018.000","hPa","35.3","pmil","0","55.520","deg","20.000","°C","100.000","%a.s.","21.750","deg","20.000","°C","977.000","hPa","0.861","-0.02617","0.00035","0","0","13.56","Humid","24.85","0","70.00","286812.36","SABD0000000001","AAV1.0.0.11","1.1.2.0","PSt7-10","170328-006","1/4/2020 10:31:52","0000-00","0","no battery","V"
"11/02/2020","11:36:02","1","default","640513929","OXY_CH1","21.659","min","162.639","µmol/L","Humid","22.873","deg","42973","µV","27.471","°C","1018.000","hPa","35.3","pmil","0","55.520","deg","20.000","°C","100.000","%a.s.","21.750","deg","20.000","°C","977.000","hPa","0.861","-0.02617","0.00035","0","0","13.56","Humid","24.85","0","70.00","286810.99","SABD0000000001","AAV1.0.0.11","1.1.2.0","PSt7-10","170328-006","1/4/2020 10:31:52","0000-00","0","no battery","V"
"11/02/2020","11:36:03","1","default","640513929","OXY_CH1","21.675","min","162.688","µmol/L","Humid","22.873","deg","42976","µV","27.461","°C","1018.000","hPa","35.3","pmil","0","55.520","deg","20.000","°C","100.000","%a.s.","21.750","deg","20.000","°C","977.000","hPa","0.861","-0.02617","0.00035","0","0","13.56","Humid","24.85","0","70.00","286802.63","SABD0000000001","AAV1.0.0.11","1.1.2.0","PSt7-10","170328-006","1/4/2020 10:31:52","0000-00","0","no battery","V"
"11/02/2020","11:36:04","1","default","640513929","OXY_CH1","21.692","min","162.541","µmol/L","Humid","22.883","deg","42981","µV","27.463","°C","1018.000","hPa","35.3","pmil","0","55.520","deg","20.000","°C","100.000","%a.s.","21.750","deg","20.000","°C","977.000","hPa","0.861","-0.02617","0.00035","0","0","13.56","Humid","24.85","0","70.00","286813.99","SABD0000000001","AAV1.0.0.11","1.1.2.0","PSt7-10","170328-006","1/4/2020 10:31:52","0000-00","0","no battery","V"
"11/02/2020","11:36:05","1","default","640513929","OXY_CH1","21.708","min","162.632","µmol/L","Humid","22.876","deg","42980","µV","27.464","°C","1018.000","hPa","35.3","pmil","0","55.520","deg","20.000","°C","100.000","%a.s.","21.750","deg","20.000","°C","977.000","hPa","0.861","-0.02617","0.00035","0","0","13.56","Humid","24.85","0","70.00","286804.82","SABD0000000001","AAV1.0.0.11","1.1.2.0","PSt7-10","170328-006","1/4/2020 10:31:52","0000-00","0","no battery","V"
"11/02/2020","11:36:06","1","default","640513929","OXY_CH1","21.725","min","162.662","µmol/L","Humid","22.879","deg","42992","µV","27.449","°C","1018.000","hPa","35.3","pmil","0","55.520","deg","20.000","°C","100.000","%a.s.","21.750","deg","20.000","°C","977.000","hPa","0.861","-0.02617","0.00035","0","0","13.56","Humid","24.85","0","70.00","286801.67","SABD0000000001","AAV1.0.0.11","1.1.2.0","PSt7-10","170328-006","1/4/2020 10:31:52","0000-00","0","no battery","V"
"11/02/2020","11:36:07","1","default","640513929","OXY_CH1","21.742","min","162.668","µmol/L","Humid","22.874","deg","42988","µV","27.462","°C","1018.000","hPa","35.3","pmil","0","55.520","deg","20.000","°C","100.000","%a.s.","21.750","deg","20.000","°C","977.000","hPa","0.861","-0.02617","0.00035","0","0","13.56","Humid","24.85","0","70.00","286803.13","SABD0000000001","AAV1.0.0.11","1.1.2.0","PSt7-10","170328-006","1/4/2020 10:31:52","0000-00","0","no battery","V"
"11/02/2020","11:36:08","1","default","640513929","OXY_CH1","21.759","min","162.619","µmol/L","Humid","22.882","deg","42984","µV","27.449","°C","1018.000","hPa","35.3","pmil","0","55.520","deg","20.000","°C","100.000","%a.s.","21.750","deg","20.000","°C","977.000","hPa","0.861","-0.02617","0.00035","0","0","13.56","Humid","24.85","0","70.00","286805.77","SABD0000000001","AAV1.0.0.11","1.1.2.0","PSt7-10","170328-006","1/4/2020 10:31:52","0000-00","0","no battery","V"
"11/02/2020","11:36:09","1","default","640513929","OXY_CH1","21.775","min","162.558","µmol/L","Humid","22.885","deg","42985","µV","27.453","°C","1018.000","hPa","35.3","pmil","0","55.520","deg","20.000","°C","100.000","%a.s.","21.750","deg","20.000","°C","977.000","hPa","0.861","-0.02617","0.00035","0","0","13.56","Humid","24.85","0","70.00","286789.26","SABD0000000001","AAV1.0.0.11","1.1.2.0","PSt7-10","170328-006","1/4/2020 10:31:52","0000-00","0","no battery","V"
"11/02/2020","11:36:10","1","default","640513929","OXY_CH1","21.792","min","162.625","µmol/L","Humid","22.881","deg","42989","µV","27.451","°C","1018.000","hPa","35.3","pmil","0","55.520","deg","20.000","°C","100.000","%a.s.","21.750","deg","20.000","°C","977.000","hPa","0.861","-0.02617","0.00035","0","0","13.56","Humid","24.85","0","70.00","286806.04","SABD0000000001","AAV1.0.0.11","1.1.2.0","PSt7-10","170328-006","1/4/2020 10:31:52","0000-00","0","no battery","V"
"11/02/2020","11:36:11","1","default","640513929","OXY_CH1","21.809","min","162.633","µmol/L","Humid","22.876","deg","42987","µV","27.464","°C","1018.000","hPa","35.3","pmil","0","55.520","deg","20.000","°C","100.000","%a.s.","21.750","deg","20.000","°C","977.000","hPa","0.861","-0.02617","0.00035","0","0","13.56","Humid","24.85","0","70.00","286806.36","SABD0000000001","AAV1.0.0.11","1.1.2.0","PSt7-10","170328-006","1/4/2020 10:31:52","0000-00","0","no battery","V"
"11/02/2020","11:36:12","1","default","640513929","OXY_CH1","21.826","min","162.572","µmol/L","Humid","22.886","deg","42987","µV","27.448","°C","1018.000","hPa","35.3","pmil","0","55.520","deg","20.000","°C","100.000","%a.s.","21.750","deg","20.000","°C","977.000","hPa","0.861","-0.02617","0.00035","0","0","13.56","Humid","24.85","0","70.00","286807.74","SABD0000000001","AAV1.0.0.11","1.1.2.0","PSt7-10","170328-006","1/4/2020 10:31:52","0000-00","0","no battery","V"
"11/02/2020","11:36:13","1","default","640513929","OXY_CH1","21.842","min","162.606","µmol/L","Humid","22.881","deg","42994","µV","27.455","°C","1018.000","hPa","35.3","pmil","0","55.520","deg","20.000","°C","100.000","%a.s.","21.750","deg","20.000","°C","977.000","hPa","0.861","-0.02617","0.00035","0","0","13.56","Humid","24.85","0","70.00","286799.98","SABD0000000001","AAV1.0.0.11","1.1.2.0","PSt7-10","170328-006","1/4/2020 10:31:52","0000-00","0","no battery","V"
"11/02/2020","11:36:14","1","default","640513929","OXY_CH1","21.859","min","162.477","µmol/L","Humid","22.890","deg","42990","µV","27.456","°C","1018.000","hPa","35.3","pmil","0","55.520","deg","20.000","°C","100.000","%a.s.","21.750","deg","20.000","°C","977.000","hPa","0.861","-0.02617","0.00035","0","0","13.56","Humid","24.85","0","70.00","286804.44","SABD0000000001","AAV1.0.0.11","1.1.2.0","PSt7-10","170328-006","1/4/2020 10:31:52","0000-00","0","no battery","V"
"11/02/2020","11:36:15","1","default","640513929","OXY_CH1","21.876","min","162.667","µmol/L","Humid","22.878","deg","43001","µV","27.451","°C","1018.000","hPa","35.3","pmil","0","55.520","deg","20.000","°C","100.000","%a.s.","21.750","deg","20.000","°C","977.000","hPa","0.861","-0.02617","0.00035","0","0","13.56","Humid","24.85","0","70.00","286809.37","SABD0000000001","AAV1.0.0.11","1.1.2.0","PSt7-10","170328-006","1/4/2020 10:31:52","0000-00","0","no battery","V"
"11/02/2020","11:36:16","1","default","640513929","OXY_CH1","21.892","min","162.572","µmol/L","Humid","22.888","deg","42996","µV","27.442","°C","1018.000","hPa","35.3","pmil","0","55.520","deg","20.000","°C","100.000","%a.s.","21.750","deg","20.000","°C","977.000","hPa","0.861","-0.02617","0.00035","0","0","13.56","Humid","24.85","0","70.00","286807.82","SABD0000000001","AAV1.0.0.11","1.1.2.0","PSt7-10","170328-006","1/4/2020 10:31:52","0000-00","0","no battery","V"
"11/02/2020","11:36:17","1","default","640513929","OXY_CH1","21.909","min","162.455","µmol/L","Humid","22.892","deg","42991","µV","27.455","°C","1018.000","hPa","35.3","pmil","0","55.520","deg","20.000","°C","100.000","%a.s.","21.750","deg","20.000","°C","977.000","hPa","0.861","-0.02617","0.00035","0","0","13.56","Humid","24.85","0","70.00","286804.52","SABD0000000001","AAV1.0.0.11","1.1.2.0","PSt7-10","170328-006","1/4/2020 10:31:52","0000-00","0","no battery","V"
"11/02/2020","11:36:18","1","default","640513929","OXY_CH1","21.925","min","162.424","µmol/L","Humid","22.890","deg","42997","µV","27.467","°C","1018.000","hPa","35.3","pmil","0","55.520","deg","20.000","°C","100.000","%a.s.","21.750","deg","20.000","°C","977.000","hPa","0.861","-0.02617","0.00035","0","0","13.56","Humid","24.85","0","70.00","286808.00","SABD0000000001","AAV1.0.0.11","1.1.2.0","PSt7-10","170328-006","1/4/2020 10:31:52","0000-00","0","no battery","V"
"11/02/2020","11:36:19","1","default","640513929","OXY_CH1","21.943","min","162.390","µmol/L","Humid","22.893","deg","43004","µV","27.465","°C","1018.000","hPa","35.3","pmil","0","55.520","deg","20.000","°C","100.000","%a.s.","21.750","deg","20.000","°C","977.000","hPa","0.861","-0.02617","0.00035","0","0","13.56","Humid","24.85","0","70.00","286794.05","SABD0000000001","AAV1.0.0.11","1.1.2.0","PSt7-10","170328-006","1/4/2020 10:31:52","0000-00","0","no battery","V"
"11/02/2020","11:36:20","1","default","640513929","OXY_CH1","21.959","min","162.543","µmol/L","Humid","22.884","deg","43003","µV","27.459","°C","1018.000","hPa","35.3","pmil","0","55.520","deg","20.000","°C","100.000","%a.s.","21.750","deg","20.000","°C","977.000","hPa","0.861","-0.02617","0.00035","0","0","13.56","Humid","24.85","0","70.00","286805.01","SABD0000000001","AAV1.0.0.11","1.1.2.0","PSt7-10","170328-006","1/4/2020 10:31:52","0000-00","0","no battery","V"
"11/02/2020","11:36:21","1","default","640513929","OXY_CH1","21.976","min","162.447","µmol/L","Humid","22.890","deg","43004","µV","27.462","°C","1018.000","hPa","35.3","pmil","0","55.520","deg","20.000","°C","100.000","%a.s.","21.750","deg","20.000","°C","977.000","hPa","0.861","-0.02617","0.00035","0","0","13.56","Humid","24.85","0","70.00","286792.81","SABD0000000001","AAV1.0.0.11","1.1.2.0","PSt7-10","170328-006","1/4/2020 10:31:52","0000-00","0","no battery","V"
"11/02/2020","11:36:22","1","default","640513929","OXY_CH1","21.992","min","162.452","µmol/L","Humid","22.891","deg","43010","µV","27.458","°C","1018.000","hPa","35.3","pmil","0","55.520","deg","20.000","°C","100.000","%a.s.","21.750","deg","20.000","°C","977.000","hPa","0.861","-0.02617","0.00035","0","0","13.56","Humid","24.85","0","70.00","286793.63","SABD0000000001","AAV1.0.0.11","1.1.2.0","PSt7-10","170328-006","1/4/2020 10:31:52","0000-00","0","no battery","V"
"11/02/2020","11:36:23","1","default","640513929","OXY_CH1","22.009","min","162.491","µmol/L","Humid","22.889","deg","43007","µV","27.456","°C","1018.000","hPa","35.3","pmil","0","55.520","deg","20.000","°C","100.000","%a.s.","21.750","deg","20.000","°C","977.000","hPa","0.861","-0.02617","0.00035","0","0","13.56","Humid","24.85","0","70.00","286808.95","SABD0000000001","AAV1.0.0.11","1.1.2.0","PSt7-10","170328-006","1/4/2020 10:31:52","0000-00","0","no battery","V"
"11/02/2020","11:36:24","1","default","640513929","OXY_CH1","22.025","min","162.482","µmol/L","Humid","22.893","deg","43010","µV","27.446","°C","1018.000","hPa","35.3","pmil","0","55.520","deg","20.000","°C","100.000","%a.s.","21.750","deg","20.000","°C","977.000","hPa","0.861","-0.02617","0.00035","0","0","13.56","Humid","24.85","0","70.00","286800.64","SABD0000000001","AAV1.0.0.11","1.1.2.0","PSt7-10","170328-006","1/4/2020 10:31:52","0000-00","0","no battery","V"
"11/02/2020","11:36:25","1","default","640513929","OXY_CH1","22.042","min","162.390","µmol/L","Humid","22.900","deg","43006","µV","27.445","°C","1018.000","hPa","35.3","pmil","0","55.520","deg","20.000","°C","100.000","%a.s.","21.750","deg","20.000","°C","977.000","hPa","0.861","-0.02617","0.00035","0","0","13.56","Humid","24.85","0","70.00","286800.95","SABD0000000001","AAV1.0.0.11","1.1.2.0","PSt7-10","170328-006","1/4/2020 10:31:52","0000-00","0","no battery","V"
"11/02/2020","11:36:26","1","default","640513929","OXY_CH1","22.058","min","162.487","µmol/L","Humid","22.891","deg","43010","µV","27.451","°C","1018.000","hPa","35.3","pmil","0","55.520","deg","20.000","°C","100.000","%a.s.","21.750","deg","20.000","°C","977.000","hPa","0.861","-0.02617","0.00035","0","0","13.56","Humid","24.85","0","70.00","286801.22","SABD0000000001","AAV1.0.0.11","1.1.2.0","PSt7-10","170328-006","1/4/2020 10:31:52","0000-00","0","no battery","V"
"11/02/2020","11:36:27","1","default","640513929","OXY_CH1","22.075","min","162.382","µmol/L","Humid","22.899","deg","43012","µV","27.450","°C","1018.000","hPa","35.3","pmil","0","55.520","deg","20.000","°C","100.000","%a.s.","21.750","deg","20.000","°C","977.000","hPa","0.861","-0.02617","0.00035","0","0","13.56","Humid","24.85","0","70.00","286800.50","SABD0000000001","AAV1.0.0.11","1.1.2.0","PSt7-10","170328-006","1/4/2020 10:31:52","0000-00","0","no battery","V"
"11/02/2020","11:36:28","1","default","640513929","OXY_CH1","22.092","min","162.424","µmol/L","Humid","22.897","deg","43012","µV","27.447","°C","1018.000","hPa","35.3","pmil","0","55.520","deg","20.000","°C","100.000","%a.s.","21.750","deg","20.000","°C","977.000","hPa","0.861","-0.02617","0.00035","0","0","13.56","Humid","24.85","0","70.00","286792.72","SABD0000000001","AAV1.0.0.11","1.1.2.0","PSt7-10","170328-006","1/4/2020 10:31:52","0000-00","0","no battery","V"
"11/02/2020","11:36:29","1","default","640513929","OXY_CH1","22.109","min","162.370","µmol/L","Humid","22.896","deg","43012","µV","27.461","°C","1018.000","hPa","35.3","pmil","0","55.520","deg","20.000","°C","100.000","%a.s.","21.750","deg","20.000","°C","977.000","hPa","0.861","-0.02617","0.00035","0","0","13.56","Humid","24.85","0","70.00","286794.42","SABD0000000001","AAV1.0.0.11","1.1.2.0","PSt7-10","170328-006","1/4/2020 10:31:52","0000-00","0","no battery","V"
"11/02/2020","11:36:30","1","default","640513929","OXY_CH1","22.125","min","162.536","µmol/L","Humid","22.894","deg","43014","µV","27.432","°C","1018.000","hPa","35.3","pmil","0","55.520","deg","20.000","°C","100.000","%a.s.","21.750","deg","20.000","°C","977.000","hPa","0.861","-0.02617","0.00035","0","0","13.56","Humid","24.85","0","70.00","286795.44","SABD0000000001","AAV1.0.0.11","1.1.2.0","PSt7-10","170328-006","1/4/2020 10:31:52","0000-00","0","no battery","V"
"11/02/2020","11:36:31","1","default","640513929","OXY_CH1","22.142","min","162.364","µmol/L","Humid","22.902","deg","43020","µV","27.445","°C","1018.000","hPa","35.3","pmil","0","55.520","deg","20.000","°C","100.000","%a.s.","21.750","deg","20.000","°C","977.000","hPa","0.861","-0.02617","0.00035","0","0","13.56","Humid","24.85","0","70.00","286791.54","SABD0000000001","AAV1.0.0.11","1.1.2.0","PSt7-10","170328-006","1/4/2020 10:31:52","0000-00","0","no battery","V"
"11/02/2020","11:36:32","1","default","640513929","OXY_CH1","22.159","min","162.418","µmol/L","Humid","22.902","deg","43017","µV","27.434","°C","1018.000","hPa","35.3","pmil","0","55.520","deg","20.000","°C","100.000","%a.s.","21.750","deg","20.000","°C","977.000","hPa","0.861","-0.02617","0.00035","0","0","13.56","Humid","24.85","0","70.00","286794.27","SABD0000000001","AAV1.0.0.11","1.1.2.0","PSt7-10","170328-006","1/4/2020 10:31:52","0000-00","0","no battery","V"
"11/02/2020","11:36:33","1","default","640513929","OXY_CH1","22.176","min","162.457","µmol/L","Humid","22.896","deg","43005","µV","27.443","°C","1018.000","hPa","35.3","pmil","0","55.520","deg","20.000","°C","100.000","%a.s.","21.750","deg","20.000","°C","977.000","hPa","0.861","-0.02617","0.00035","0","0","13.56","Humid","24.85","0","70.00","286802.29","SABD0000000001","AAV1.0.0.11","1.1.2.0","PSt7-10","170328-006","1/4/2020 10:31:52","0000-00","0","no battery","V"
"11/02/2020","11:36:34","1","default","640513929","OXY_CH1","22.192","min","162.385","µmol/L","Humid","22.900","deg","43012","µV","27.446","°C","1018.000","hPa","35.3","pmil","0","55.520","deg","20.000","°C","100.000","%a.s.","21.750","deg","20.000","°C","977.000","hPa","0.861","-0.02617","0.00035","0","0","13.56","Humid","24.85","0","70.00","286795.93","SABD0000000001","AAV1.0.0.11","1.1.2.0","PSt7-10","170328-006","1/4/2020 10:31:52","0000-00","0","no battery","V"
"11/02/2020","11:36:35","1","default","640513929","OXY_CH1","22.208","min","162.470","µmol/L","Humid","22.897","deg","43017","µV","27.437","°C","1018.000","hPa","35.3","pmil","0","55.520","deg","20.000","°C","100.000","%a.s.","21.750","deg","20.000","°C","977.000","hPa","0.861","-0.02617","0.00035","0","0","13.56","Humid","24.85","0","70.00","286791.15","SABD0000000001","AAV1.0.0.11","1.1.2.0","PSt7-10","170328-006","1/4/2020 10:31:52","0000-00","0","no battery","V"
"11/02/2020","11:36:36","1","default","640513929","OXY_CH1","22.225","min","162.453","µmol/L","Humid","22.900","deg","43017","µV","27.432","°C","1018.000","hPa","35.3","pmil","0","55.520","deg","20.000","°C","100.000","%a.s.","21.750","deg","20.000","°C","977.000","hPa","0.861","-0.02617","0.00035","0","0","13.56","Humid","24.85","0","70.00","286795.26","SABD0000000001","AAV1.0.0.11","1.1.2.0","PSt7-10","170328-006","1/4/2020 10:31:52","0000-00","0","no battery","V"
"11/02/2020","11:36:37","1","default","640513929","OXY_CH1","22.242","min","162.250","µmol/L","Humid","22.908","deg","43019","µV","27.451","°C","1018.000","hPa","35.3","pmil","0","55.520","deg","20.000","°C","100.000","%a.s.","21.750","deg","20.000","°C","977.000","hPa","0.861","-0.02617","0.00035","0","0","13.56","Humid","24.85","0","70.00","286793.89","SABD0000000001","AAV1.0.0.11","1.1.2.0","PSt7-10","170328-006","1/4/2020 10:31:52","0000-00","0","no battery","V"
"11/02/2020","11:36:38","1","default","640513929","OXY_CH1","22.259","min","162.262","µmol/L","Humid","22.905","deg","43019","µV","27.457","°C","1018.000","hPa","35.3","pmil","0","55.520","deg","20.000","°C","100.000","%a.s.","21.750","deg","20.000","°C","977.000","hPa","0.861","-0.02617","0.00035","0","0","13.56","Humid","24.85","0","70.00","286800.94","SABD0000000001","AAV1.0.0.11","1.1.2.0","PSt7-10","170328-006","1/4/2020 10:31:52","0000-00","0","no battery","V"
"11/02/2020","11:36:39","1","default","640513929","OXY_CH1","22.275","min","162.191","µmol/L","Humid","22.908","deg","43026","µV","27.464","°C","1018.000","hPa","35.3","pmil","0","55.520","deg","20.000","°C","100.000","%a.s.","21.750","deg","20.000","°C","977.000","hPa","0.861","-0.02617","0.00035","0","0","13.56","Humid","24.85","0","70.00","286791.18","SABD0000000001","AAV1.0.0.11","1.1.2.0","PSt7-10","170328-006","1/4/2020 10:31:52","0000-00","0","no battery","V"
"11/02/2020","11:36:40","1","default","640513929","OXY_CH1","22.292","min","162.392","µmol/L","Humid","22.900","deg","43024","µV","27.445","°C","1018.000","hPa","35.3","pmil","0","55.520","deg","20.000","°C","100.000","%a.s.","21.750","deg","20.000","°C","977.000","hPa","0.861","-0.02617","0.00035","0","0","13.56","Humid","24.85","0","70.00","286793.18","SABD0000000001","AAV1.0.0.11","1.1.2.0","PSt7-10","170328-006","1/4/2020 10:31:52","0000-00","0","no battery","V"
"11/02/2020","11:36:41","1","default","640513929","OXY_CH1","22.309","min","162.320","µmol/L","Humid","22.904","deg","43027","µV","27.448","°C","1018.000","hPa","35.3","pmil","0","55.520","deg","20.000","°C","100.000","%a.s.","21.750","deg","20.000","°C","977.000","hPa","0.861","-0.02617","0.00035","0","0","13.56","Humid","24.85","0","70.00","286793.78","SABD0000000001","AAV1.0.0.11","1.1.2.0","PSt7-10","170328-006","1/4/2020 10:31:52","0000-00","0","no battery","V"
"11/02/2020","11:36:42","1","default","640513929","OXY_CH1","22.326","min","162.326","µmol/L","Humid","22.909","deg","43032","µV","27.433","°C","1018.000","hPa","35.3","pmil","0","55.520","deg","20.000","°C","100.000","%a.s.","21.750","deg","20.000","°C","977.000","hPa","0.861","-0.02617","0.00035","0","0","13.56","Humid","24.85","0","70.00","286803.72","SABD0000000001","AAV1.0.0.11","1.1.2.0","PSt7-10","170328-006","1/4/2020 10:31:52","0000-00","0","no battery","V"
"11/02/2020","11:36:43","1","default","640513929","OXY_CH1","22.342","min","162.194","µmol/L","Humid","22.913","deg","43034","µV","27.449","°C","1018.000","hPa","35.3","pmil","0","55.520","deg","20.000","°C","100.000","%a.s.","21.750","deg","20.000","°C","977.000","hPa","0.861","-0.02617","0.00035","0","0","13.56","Humid","24.85","0","70.00","286786.99","SABD0000000001","AAV1.0.0.11","1.1.2.0","PSt7-10","170328-006","1/4/2020 10:31:52","0000-00","0","no battery","V"
"11/02/2020","11:36:44","1","default","640513929","OXY_CH1","22.359","min","162.260","µmol/L","Humid","22.910","deg","43031","µV","27.444","°C","1018.000","hPa","35.3","pmil","0","55.520","deg","20.000","°C","100.000","%a.s.","21.750","deg","20.000","°C","977.000","hPa","0.861","-0.02617","0.00035","0","0","13.56","Humid","24.85","0","70.00","286796.91","SABD0000000001","AAV1.0.0.11","1.1.2.0","PSt7-10","170328-006","1/4/2020 10:31:52","0000-00","0","no battery","V"
"11/02/2020","11:36:45","1","default","640513929","OXY_CH1","22.375","min","162.268","µmol/L","Humid","22.908","deg","43041","µV","27.448","°C","1018.000","hPa","35.3","pmil","0","55.520","deg","20.000","°C","100.000","%a.s.","21.750","deg","20.000","°C","977.000","hPa","0.861","-0.02617","0.00035","0","0","13.56","Humid","24.85","0","70.00","286788.32","SABD0000000001","AAV1.0.0.11","1.1.2.0","PSt7-10","170328-006","1/4/2020 10:31:52","0000-00","0","no battery","V"
"11/02/2020","11:36:46","1","default","640513929","OXY_CH1","22.392","min","162.118","µmol/L","Humid","22.920","deg","43044","µV","27.445","°C","1018.000","hPa","35.3","pmil","0","55.520","deg","20.000","°C","100.000","%a.s.","21.750","deg","20.000","°C","977.000","hPa","0.861","-0.02617","0.00035","0","0","13.56","Humid","24.85","0","70.00","286781.09","SABD0000000001","AAV1.0.0.11","1.1.2.0","PSt7-10","170328-006","1/4/2020 10:31:52","0000-00","0","no battery","V"
"11/02/2020","11:36:47","1","default","640513929","OXY_CH1","22.409","min","162.174","µmol/L","Humid","22.914","deg","43049","µV","27.450","°C","1018.000","hPa","35.3","pmil","0","55.520","deg","20.000","°C","100.000","%a.s.","21.750","deg","20.000","°C","977.000","hPa","0.861","-0.02617","0.00035","0","0","13.56","Humid","24.85","0","70.00","286792.90","SABD0000000001","AAV1.0.0.11","1.1.2.0","PSt7-10","170328-006","1/4/2020 10:31:52","0000-00","0","no battery","V"
"11/02/2020","11:36:48","1","default","640513929","OXY_CH1","22.425","min","162.301","µmol/L","Humid","22.912","deg","43039","µV","27.429","°C","1018.000","hPa","35.3","pmil","0","55.520","deg","20.000","°C","100.000","%a.s.","21.750","deg","20.000","°C","977.000","hPa","0.861","-0.02617","0.00035","0","0","13.56","Humid","24.85","0","70.00","286792.50","SABD0000000001","AAV1.0.0.11","1.1.2.0","PSt7-10","170328-006","1/4/2020 10:31:52","0000-00","0","no battery","V"
"11/02/2020","11:36:49","1","default","640513929","OXY_CH1","22.442","min","162.364","µmol/L","Humid","22.908","deg","43049","µV","27.427","°C","1018.000","hPa","35.3","pmil","0","55.520","deg","20.000","°C","100.000","%a.s.","21.750","deg","20.000","°C","977.000","hPa","0.861","-0.02617","0.00035","0","0","13.56","Humid","24.85","0","70.00","286789.69","SABD0000000001","AAV1.0.0.11","1.1.2.0","PSt7-10","170328-006","1/4/2020 10:31:52","0000-00","0","no battery","V"
"11/02/2020","11:36:50","1","default","640513929","OXY_CH1","22.459","min","162.344","µmol/L","Humid","22.909","deg","43053","µV","27.429","°C","1018.000","hPa","35.3","pmil","0","55.520","deg","20.000","°C","100.000","%a.s.","21.750","deg","20.000","°C","977.000","hPa","0.861","-0.02617","0.00035","0","0","13.56","Humid","24.85","0","70.00","286783.72","SABD0000000001","AAV1.0.0.11","1.1.2.0","PSt7-10","170328-006","1/4/2020 10:31:52","0000-00","0","no battery","V"
"11/02/2020","11:36:51","1","default","640513929","OXY_CH1","22.476","min","162.151","µmol/L","Humid","22.922","deg","43052","µV","27.432","°C","1018.000","hPa","35.3","pmil","0","55.520","deg","20.000","°C","100.000","%a.s.","21.750","deg","20.000","°C","977.000","hPa","0.861","-0.02617","0.00035","0","0","13.56","Humid","24.85","0","70.00","286791.97","SABD0000000001","AAV1.0.0.11","1.1.2.0","PSt7-10","170328-006","1/4/2020 10:31:52","0000-00","0","no battery","V"
"11/02/2020","11:36:52","1","default","640513929","OXY_CH1","22.492","min","162.173","µmol/L","Humid","22.919","deg","43052","µV","27.436","°C","1018.000","hPa","35.3","pmil","0","55.520","deg","20.000","°C","100.000","%a.s.","21.750","deg","20.000","°C","977.000","hPa","0.861","-0.02617","0.00035","0","0","13.56","Humid","24.85","0","70.00","286783.00","SABD0000000001","AAV1.0.0.11","1.1.2.0","PSt7-10","170328-006","1/4/2020 10:31:52","0000-00","0","no battery","V"
"11/02/2020","11:36:53","1","default","640513929","OXY_CH1","22.509","min","162.167","µmol/L","Humid","22.924","deg","43056","µV","27.423","°C","1018.000","hPa","35.3","pmil","0","55.520","deg","20.000","°C","100.000","%a.s.","21.750","deg","20.000","°C","977.000","hPa","0.861","-0.02617","0.00035","0","0","13.56","Humid","24.85","0","70.00","286790.99","SABD0000000001","AAV1.0.0.11","1.1.2.0","PSt7-10","170328-006","1/4/2020 10:31:52","0000-00","0","no battery","V"
"11/02/2020","11:36:54","1","default","640513929","OXY_CH1","22.525","min","162.225","µmol/L","Humid","22.922","deg","43054","µV","27.416","°C","1018.000","hPa","35.3","pmil","0","55.520","deg","20.000","°C","100.000","%a.s.","21.750","deg","20.000","°C","977.000","hPa","0.861","-0.02617","0.00035","0","0","13.56","Humid","24.85","0","70.00","286790.97","SABD0000000001","AAV1.0.0.11","1.1.2.0","PSt7-10","170328-006","1/4/2020 10:31:52","0000-00","0","no battery","V"
"11/02/2020","11:36:55","1","default","640513929","OXY_CH1","22.542","min","162.290","µmol/L","Humid","22.916","deg","43053","µV","27.420","°C","1018.000","hPa","35.3","pmil","0","55.520","deg","20.000","°C","100.000","%a.s.","21.750","deg","20.000","°C","977.000","hPa","0.861","-0.02617","0.00035","0","0","13.56","Humid","24.85","0","70.00","286788.02","SABD0000000001","AAV1.0.0.11","1.1.2.0","PSt7-10","170328-006","1/4/2020 10:31:52","0000-00","0","no battery","V"
"11/02/2020","11:36:56","1","default","640513929","OXY_CH1","22.559","min","162.117","µmol/L","Humid","22.922","deg","43052","µV","27.439","°C","1018.000","hPa","35.3","pmil","0","55.520","deg","20.000","°C","100.000","%a.s.","21.750","deg","20.000","°C","977.000","hPa","0.861","-0.02617","0.00035","0","0","13.56","Humid","24.85","0","70.00","286792.71","SABD0000000001","AAV1.0.0.11","1.1.2.0","PSt7-10","170328-006","1/4/2020 10:31:52","0000-00","0","no battery","V"
"11/02/2020","11:36:57","1","default","640513929","OXY_CH1","22.575","min","161.927","µmol/L","Humid","22.931","deg","43052","µV","27.453","°C","1018.000","hPa","35.3","pmil","0","55.520","deg","20.000","°C","100.000","%a.s.","21.750","deg","20.000","°C","977.000","hPa","0.861","-0.02617","0.00035","0","0","13.56","Humid","24.85","0","70.00","286791.01","SABD0000000001","AAV1.0.0.11","1.1.2.0","PSt7-10","170328-006","1/4/2020 10:31:52","0000-00","0","no battery","V"
"11/02/2020","11:36:58","1","default","640513929","OXY_CH1","22.592","min","162.182","µmol/L","Humid","22.914","deg","43052","µV","27.448","°C","1018.000","hPa","35.3","pmil","0","55.520","deg","20.000","°C","100.000","%a.s.","21.750","deg","20.000","°C","977.000","hPa","0.861","-0.02617","0.00035","0","0","13.56","Humid","24.85","0","70.00","286782.54","SABD0000000001","AAV1.0.0.11","1.1.2.0","PSt7-10","170328-006","1/4/2020 10:31:52","0000-00","0","no battery","V"
"11/02/2020","11:36:59","1","default","640513929","OXY_CH1","22.609","min","162.098","µmol/L","Humid","22.921","deg","43056","µV","27.446","°C","1018.000","hPa","35.3","pmil","0","55.520","deg","20.000","°C","100.000","%a.s.","21.750","deg","20.000","°C","977.000","hPa","0.861","-0.02617","0.00035","0","0","13.56","Humid","24.85","0","70.00","286785.00","SABD0000000001","AAV1.0.0.11","1.1.2.0","PSt7-10","170328-006","1/4/2020 10:31:52","0000-00","0","no battery","V"
"11/02/2020","11:37:00","1","default","640513929","OXY_CH1","22.626","min","162.188","µmol/L","Humid","22.915","deg","43062","µV","27.444","°C","1018.000","hPa","35.3","pmil","0","55.520","deg","20.000","°C","100.000","%a.s.","21.750","deg","20.000","°C","977.000","hPa","0.861","-0.02617","0.00035","0","0","13.56","Humid","24.85","0","70.00","286782.99","SABD0000000001","AAV1.0.0.11","1.1.2.0","PSt7-10","170328-006","1/4/2020 10:31:52","0000-00","0","no battery","V"
"11/02/2020","11:37:01","1","default","640513929","OXY_CH1","22.642","min","162.127","µmol/L","Humid","22.922","deg","43063","µV","27.437","°C","1018.000","hPa","35.3","pmil","0","55.520","deg","20.000","°C","100.000","%a.s.","21.750","deg","20.000","°C","977.000","hPa","0.861","-0.02617","0.00035","0","0","13.56","Humid","24.85","0","70.00","286785.24","SABD0000000001","AAV1.0.0.11","1.1.2.0","PSt7-10","170328-006","1/4/2020 10:31:52","0000-00","0","no battery","V"
"11/02/2020","11:37:02","1","default","640513929","OXY_CH1","22.659","min","162.235","µmol/L","Humid","22.916","deg","43062","µV","27.431","°C","1018.000","hPa","35.3","pmil","0","55.520","deg","20.000","°C","100.000","%a.s.","21.750","deg","20.000","°C","977.000","hPa","0.861","-0.02617","0.00035","0","0","13.56","Humid","24.85","0","70.00","286775.73","SABD0000000001","AAV1.0.0.11","1.1.2.0","PSt7-10","170328-006","1/4/2020 10:31:52","0000-00","0","no battery","V"
"11/02/2020","11:39:01","1","default","640513929","OXY_CH1","24.644","min","161.336","µmol/L","Humid","23.001","deg","43327","µV","27.375","°C","1018.000","hPa","35.3","pmil","0","55.520","deg","20.000","°C","100.000","%a.s.","21.750","deg","20.000","°C","977.000","hPa","0.861","-0.02617","0.00035","0","0","13.56","Humid","24.85","0","70.00","286980.91","SABD0000000001","AAV1.0.0.11","1.1.2.0","PSt7-10","170328-006","1/4/2020 10:31:52","0000-00","0","no battery","V"
"11/02/2020","11:39:02","1","default","640513929","OXY_CH1","24.659","min","161.262","µmol/L","Humid","23.012","deg","43316","µV","27.359","°C","1018.000","hPa","35.3","pmil","0","55.520","deg","20.000","°C","100.000","%a.s.","21.750","deg","20.000","°C","977.000","hPa","0.861","-0.02617","0.00035","0","0","13.56","Humid","24.85","0","70.00","286944.91","SABD0000000001","AAV1.0.0.11","1.1.2.0","PSt7-10","170328-006","1/4/2020 10:31:52","0000-00","0","no battery","V"
"11/02/2020","11:39:03","1","default","640513929","OXY_CH1","24.675","min","161.315","µmol/L","Humid","23.011","deg","43322","µV","27.351","°C","1018.000","hPa","35.3","pmil","0","55.520","deg","20.000","°C","100.000","%a.s.","21.750","deg","20.000","°C","977.000","hPa","0.861","-0.02617","0.00035","0","0","13.56","Humid","24.85","0","70.00","286918.82","SABD0000000001","AAV1.0.0.11","1.1.2.0","PSt7-10","170328-006","1/4/2020 10:31:52","0000-00","0","no battery","V"
"11/02/2020","11:39:04","1","default","640513929","OXY_CH1","24.692","min","161.211","µmol/L","Humid","23.013","deg","43315","µV","27.367","°C","1018.000","hPa","35.3","pmil","0","55.520","deg","20.000","°C","100.000","%a.s.","21.750","deg","20.000","°C","977.000","hPa","0.861","-0.02617","0.00035","0","0","13.56","Humid","24.85","0","70.00","286907.20","SABD0000000001","AAV1.0.0.11","1.1.2.0","PSt7-10","170328-006","1/4/2020 10:31:52","0000-00","0","no battery","V"
"11/02/2020","11:39:05","1","default","640513929","OXY_CH1","24.709","min","161.189","µmol/L","Humid","23.013","deg","43318","µV","27.372","°C","1018.000","hPa","35.3","pmil","0","55.520","deg","20.000","°C","100.000","%a.s.","21.750","deg","20.000","°C","977.000","hPa","0.861","-0.02617","0.00035","0","0","13.56","Humid","24.85","0","70.00","286894.28","SABD0000000001","AAV1.0.0.11","1.1.2.0","PSt7-10","170328-006","1/4/2020 10:31:52","0000-00","0","no battery","V"
"11/02/2020","11:39:06","1","default","640513929","OXY_CH1","24.726","min","161.276","µmol/L","Humid","23.011","deg","43315","µV","27.359","°C","1018.000","hPa","35.3","pmil","0","55.520","deg","20.000","°C","100.000","%a.s.","21.750","deg","20.000","°C","977.000","hPa","0.861","-0.02617","0.00035","0","0","13.56","Humid","24.85","0","70.00","286881.69","SABD0000000001","AAV1.0.0.11","1.1.2.0","PSt7-10","170328-006","1/4/2020 10:31:52","0000-00","0","no battery","V"
"11/02/2020","11:39:07","1","default","640513929","OXY_CH1","24.742","min","161.197","µmol/L","Humid","23.017","deg","43317","µV","27.359","°C","1018.000","hPa","35.3","pmil","0","55.520","deg","20.000","°C","100.000","%a.s.","21.750","deg","20.000","°C","977.000","hPa","0.861","-0.02617","0.00035","0","0","13.56","Humid","24.85","0","70.00","286884.39","SABD0000000001","AAV1.0.0.11","1.1.2.0","PSt7-10","170328-006","1/4/2020 10:31:52","0000-00","0","no battery","V"
"11/02/2020","11:39:08","1","default","640513929","OXY_CH1","24.759","min","161.337","µmol/L","Humid","23.008","deg","43316","µV","27.355","°C","1018.000","hPa","35.3","pmil","0","55.520","deg","20.000","°C","100.000","%a.s.","21.750","deg","20.000","°C","977.000","hPa","0.861","-0.02617","0.00035","0","0","13.56","Humid","24.85","0","70.00","286878.15","SABD0000000001","AAV1.0.0.11","1.1.2.0","PSt7-10","170328-006","1/4/2020 10:31:52","0000-00","0","no battery","V"
"11/02/2020","11:39:09","1","default","640513929","OXY_CH1","24.775","min","161.166","µmol/L","Humid","23.015","deg","43311","µV","27.371","°C","1018.000","hPa","35.3","pmil","0","55.520","deg","20.000","°C","100.000","%a.s.","21.750","deg","20.000","°C","977.000","hPa","0.861","-0.02617","0.00035","0","0","13.56","Humid","24.85","0","70.00","286874.87","SABD0000000001","AAV1.0.0.11","1.1.2.0","PSt7-10","170328-006","1/4/2020 10:31:52","0000-00","0","no battery","V"
"11/02/2020","11:39:10","1","default","640513929","OXY_CH1","24.792","min","161.154","µmol/L","Humid","23.015","deg","43311","µV","27.373","°C","1018.000","hPa","35.3","pmil","0","55.520","deg","20.000","°C","100.000","%a.s.","21.750","deg","20.000","°C","977.000","hPa","0.861","-0.02617","0.00035","0","0","13.56","Humid","24.85","0","70.00","286856.26","SABD0000000001","AAV1.0.0.11","1.1.2.0","PSt7-10","170328-006","1/4/2020 10:31:52","0000-00","0","no battery","V"
"11/02/2020","11:39:11","1","default","640513929","OXY_CH1","24.809","min","161.147","µmol/L","Humid","23.014","deg","43307","µV","27.378","°C","1018.000","hPa","35.3","pmil","0","55.520","deg","20.000","°C","100.000","%a.s.","21.750","deg","20.000","°C","977.000","hPa","0.861","-0.02617","0.00035","0","0","13.56","Humid","24.85","0","70.00","286856.47","SABD0000000001","AAV1.0.0.11","1.1.2.0","PSt7-10","170328-006","1/4/2020 10:31:52","0000-00","0","no battery","V"
"11/02/2020","11:39:12","1","default","640513929","OXY_CH1","24.825","min","161.155","µmol/L","Humid","23.016","deg","43311","µV","27.370","°C","1018.000","hPa","35.3","pmil","0","55.520","deg","20.000","°C","100.000","%a.s.","21.750","deg","20.000","°C","977.000","hPa","0.861","-0.02617","0.00035","0","0","13.56","Humid","24.85","0","70.00","286858.68","SABD0000000001","AAV1.0.0.11","1.1.2.0","PSt7-10","170328-006","1/4/2020 10:31:52","0000-00","0","no battery","V"
"11/02/2020","11:39:13","1","default","640513929","OXY_CH1","24.842","min","161.178","µmol/L","Humid","23.014","deg","43320","µV","27.371","°C","1018.000","hPa","35.3","pmil","0","55.520","deg","20.000","°C","100.000","%a.s.","21.750","deg","20.000","°C","977.000","hPa","0.861","-0.02617","0.00035","0","0","13.56","Humid","24.85","0","70.00","286863.46","SABD0000000001","AAV1.0.0.11","1.1.2.0","PSt7-10","170328-006","1/4/2020 10:31:52","0000-00","0","no battery","V"
"11/02/2020","11:39:14","1","default","640513929","OXY_CH1","24.859","min","161.139","µmol/L","Humid","23.016","deg","43312","µV","27.374","°C","1018.000","hPa","35.3","pmil","0","55.520","deg","20.000","°C","100.000","%a.s.","21.750","deg","20.000","°C","977.000","hPa","0.861","-0.02617","0.00035","0","0","13.56","Humid","24.85","0","70.00","286857.72","SABD0000000001","AAV1.0.0.11","1.1.2.0","PSt7-10","170328-006","1/4/2020 10:31:52","0000-00","0","no battery","V"
"11/02/2020","11:39:15","1","default","640513929","OXY_CH1","24.875","min","161.109","µmol/L","Humid","23.020","deg","43315","µV","27.368","°C","1018.000","hPa","35.3","pmil","0","55.520","deg","20.000","°C","100.000","%a.s.","21.750","deg","20.000","°C","977.000","hPa","0.861","-0.02617","0.00035","0","0","13.56","Humid","24.85","0","70.00","286861.77","SABD0000000001","AAV1.0.0.11","1.1.2.0","PSt7-10","170328-006","1/4/2020 10:31:52","0000-00","0","no battery","V"
"11/02/2020","11:39:16","1","default","640513929","OXY_CH1","24.892","min","161.053","µmol/L","Humid","23.022","deg","43306","µV","27.374","°C","1018.000","hPa","35.3","pmil","0","55.520","deg","20.000","°C","100.000","%a.s.","21.750","deg","20.000","°C","977.000","hPa","0.861","-0.02617","0.00035","0","0","13.56","Humid","24.85","0","70.00","286839.46","SABD0000000001","AAV1.0.0.11","1.1.2.0","PSt7-10","170328-006","1/4/2020 10:31:52","0000-00","0","no battery","V"
"11/02/2020","11:39:17","1","default","640513929","OXY_CH1","24.909","min","161.203","µmol/L","Humid","23.015","deg","43308","µV","27.363","°C","1018.000","hPa","35.3","pmil","0","55.520","deg","20.000","°C","100.000","%a.s.","21.750","deg","20.000","°C","977.000","hPa","0.861","-0.02617","0.00035","0","0","13.56","Humid","24.85","0","70.00","286854.21","SABD0000000001","AAV1.0.0.11","1.1.2.0","PSt7-10","170328-006","1/4/2020 10:31:52","0000-00","0","no battery","V"
"11/02/2020","11:39:18","1","default","640513929","OXY_CH1","24.925","min","161.171","µmol/L","Humid","23.020","deg","43310","µV","27.355","°C","1018.000","hPa","35.3","pmil","0","55.520","deg","20.000","°C","100.000","%a.s.","21.750","deg","20.000","°C","977.000","hPa","0.861","-0.02617","0.00035","0","0","13.56","Humid","24.85","0","70.00","286853.87","SABD0000000001","AAV1.0.0.11","1.1.2.0","PSt7-10","170328-006","1/4/2020 10:31:52","0000-00","0","no battery","V"
"11/02/2020","11:39:19","1","default","640513929","OXY_CH1","24.942","min","161.184","µmol/L","Humid","23.021","deg","43308","µV","27.350","°C","1018.000","hPa","35.3","pmil","0","55.520","deg","20.000","°C","100.000","%a.s.","21.750","deg","20.000","°C","977.000","hPa","0.861","-0.02617","0.00035","0","0","13.56","Humid","24.85","0","70.00","286857.95","SABD0000000001","AAV1.0.0.11","1.1.2.0","PSt7-10","170328-006","1/4/2020 10:31:52","0000-00","0","no battery","V"
"11/02/2020","11:39:20","1","default","640513929","OXY_CH1","24.958","min","160.999","µmol/L","Humid","23.022","deg","43308","µV","27.386","°C","1018.000","hPa","35.3","pmil","0","55.520","deg","20.000","°C","100.000","%a.s.","21.750","deg","20.000","°C","977.000","hPa","0.861","-0.02617","0.00035","0","0","13.56","Humid","24.85","0","70.00","286844.08","SABD0000000001","AAV1.0.0.11","1.1.2.0","PSt7-10","170328-006","1/4/2020 10:31:52","0000-00","0","no battery","V"
"11/02/2020","11:39:21","1","default","640513929","OXY_CH1","24.975","min","161.063","µmol/L","Humid","23.022","deg","43312","µV","27.372","°C","1018.000","hPa","35.3","pmil","0","55.520","deg","20.000","°C","100.000","%a.s.","21.750","deg","20.000","°C","977.000","hPa","0.861","-0.02617","0.00035","0","0","13.56","Humid","24.85","0","70.00","286854.92","SABD0000000001","AAV1.0.0.11","1.1.2.0","PSt7-10","170328-006","1/4/2020 10:31:52","0000-00","0","no battery","V"
"11/02/2020","11:39:22","1","default","640513929","OXY_CH1","24.992","min","160.984","µmol/L","Humid","23.027","deg","43316","µV","27.375","°C","1018.000","hPa","35.3","pmil","0","55.520","deg","20.000","°C","100.000","%a.s.","21.750","deg","20.000","°C","977.000","hPa","0.861","-0.02617","0.00035","0","0","13.56","Humid","24.85","0","70.00","286851.27","SABD0000000001","AAV1.0.0.11","1.1.2.0","PSt7-10","170328-006","1/4/2020 10:31:52","0000-00","0","no battery","V"
"11/02/2020","11:39:23","1","default","640513929","OXY_CH1","25.009","min","161.133","µmol/L","Humid","23.026","deg","43323","µV","27.346","°C","1018.000","hPa","35.3","pmil","0","55.520","deg","20.000","°C","100.000","%a.s.","21.750","deg","20.000","°C","977.000","hPa","0.861","-0.02617","0.00035","0","0","13.56","Humid","24.85","0","70.00","286864.13","SABD0000000001","AAV1.0.0.11","1.1.2.0","PSt7-10","170328-006","1/4/2020 10:31:52","0000-00","0","no battery","V"
"11/02/2020","11:39:24","1","default","640513929","OXY_CH1","25.025","min","161.140","µmol/L","Humid","23.020","deg","43317","µV","27.362","°C","1018.000","hPa","35.3","pmil","0","55.520","deg","20.000","°C","100.000","%a.s.","21.750","deg","20.000","°C","977.000","hPa","0.861","-0.02617","0.00035","0","0","13.56","Humid","24.85","0","70.00","286843.23","SABD0000000001","AAV1.0.0.11","1.1.2.0","PSt7-10","170328-006","1/4/2020 10:31:52","0000-00","0","no battery","V"
"11/02/2020","11:39:25","1","default","640513929","OXY_CH1","25.042","min","161.163","µmol/L","Humid","23.017","deg","43319","µV","27.366","°C","1018.000","hPa","35.3","pmil","0","55.520","deg","20.000","°C","100.000","%a.s.","21.750","deg","20.000","°C","977.000","hPa","0.861","-0.02617","0.00035","0","0","13.56","Humid","24.85","0","70.00","286848.79","SABD0000000001","AAV1.0.0.11","1.1.2.0","PSt7-10","170328-006","1/4/2020 10:31:52","0000-00","0","no battery","V"
"11/02/2020","11:39:26","1","default","640513929","OXY_CH1","25.059","min","161.072","µmol/L","Humid","23.025","deg","43319","µV","27.362","°C","1018.000","hPa","35.3","pmil","0","55.520","deg","20.000","°C","100.000","%a.s.","21.750","deg","20.000","°C","977.000","hPa","0.861","-0.02617","0.00035","0","0","13.56","Humid","24.85","0","70.00","286848.25","SABD0000000001","AAV1.0.0.11","1.1.2.0","PSt7-10","170328-006","1/4/2020 10:31:52","0000-00","0","no battery","V"
"11/02/2020","11:39:27","1","default","640513929","OXY_CH1","25.076","min","161.071","µmol/L","Humid","23.027","deg","43316","µV","27.356","°C","1018.000","hPa","35.3","pmil","0","55.520","deg","20.000","°C","100.000","%a.s.","21.750","deg","20.000","°C","977.000","hPa","0.861","-0.02617","0.00035","0","0","13.56","Humid","24.85","0","70.00","286846.38","SABD0000000001","AAV1.0.0.11","1.1.2.0","PSt7-10","170328-006","1/4/2020 10:31:52","0000-00","0","no battery","V"
"11/02/2020","11:39:28","1","default","640513929","OXY_CH1","25.092","min","160.969","µmol/L","Humid","23.032","deg","43316","µV","27.364","°C","1018.000","hPa","35.3","pmil","0","55.520","deg","20.000","°C","100.000","%a.s.","21.750","deg","20.000","°C","977.000","hPa","0.861","-0.02617","0.00035","0","0","13.56","Humid","24.85","0","70.00","286841.24","SABD0000000001","AAV1.0.0.11","1.1.2.0","PSt7-10","170328-006","1/4/2020 10:31:52","0000-00","0","no battery","V"
"11/02/2020","11:39:29","1","default","640513929","OXY_CH1","25.108","min","161.015","µmol/L","Humid","23.025","deg","43319","µV","27.374","°C","1018.000","hPa","35.3","pmil","0","55.520","deg","20.000","°C","100.000","%a.s.","21.750","deg","20.000","°C","977.000","hPa","0.861","-0.02617","0.00035","0","0","13.56","Humid","24.85","0","70.00","286838.57","SABD0000000001","AAV1.0.0.11","1.1.2.0","PSt7-10","170328-006","1/4/2020 10:31:52","0000-00","0","no battery","V"
"11/02/2020","11:39:30","1","default","640513929","OXY_CH1","25.125","min","160.883","µmol/L","Humid","23.034","deg","43324","µV","27.376","°C","1018.000","hPa","35.3","pmil","0","55.520","deg","20.000","°C","100.000","%a.s.","21.750","deg","20.000","°C","977.000","hPa","0.861","-0.02617","0.00035","0","0","13.56","Humid","24.85","0","70.00","286849.84","SABD0000000001","AAV1.0.0.11","1.1.2.0","PSt7-10","170328-006","1/4/2020 10:31:52","0000-00","0","no battery","V"
"11/02/2020","11:39:31","1","default","640513929","OXY_CH1","25.142","min","160.948","µmol/L","Humid","23.031","deg","43316","µV","27.371","°C","1018.000","hPa","35.3","pmil","0","55.520","deg","20.000","°C","100.000","%a.s.","21.750","deg","20.000","°C","977.000","hPa","0.861","-0.02617","0.00035","0","0","13.56","Humid","24.85","0","70.00","286852.96","SABD0000000001","AAV1.0.0.11","1.1.2.0","PSt7-10","170328-006","1/4/2020 10:31:52","0000-00","0","no battery","V"
"11/02/2020","11:39:32","1","default","640513929","OXY_CH1","25.159","min","160.922","µmol/L","Humid","23.034","deg","43320","µV","27.368","°C","1018.000","hPa","35.3","pmil","0","55.520","deg","20.000","°C","100.000","%a.s.","21.750","deg","20.000","°C","977.000","hPa","0.861","-0.02617","0.00035","0","0","13.56","Humid","24.85","0","70.00","286842.00","SABD0000000001","AAV1.0.0.11","1.1.2.0","PSt7-10","170328-006","1/4/2020 10:31:52","0000-00","0","no battery","V"
"11/02/2020","11:39:33","1","default","640513929","OXY_CH1","25.175","min","160.921","µmol/L","Humid","23.030","deg","43321","µV","27.379","°C","1018.000","hPa","35.3","pmil","0","55.520","deg","20.000","°C","100.000","%a.s.","21.750","deg","20.000","°C","977.000","hPa","0.861","-0.02617","0.00035","0","0","13.56","Humid","24.85","0","70.00","286837.32","SABD0000000001","AAV1.0.0.11","1.1.2.0","PSt7-10","170328-006","1/4/2020 10:31:52","0000-00","0","no battery","V"
"11/02/2020","11:39:34","1","default","640513929","OXY_CH1","25.192","min","160.986","µmol/L","Humid","23.028","deg","43319","µV","27.371","°C","1018.000","hPa","35.3","pmil","0","55.520","deg","20.000","°C","100.000","%a.s.","21.750","deg","20.000","°C","977.000","hPa","0.861","-0.02617","0.00035","0","0","13.56","Humid","24.85","0","70.00","286845.03","SABD0000000001","AAV1.0.0.11","1.1.2.0","PSt7-10","170328-006","1/4/2020 10:31:52","0000-00","0","no battery","V"
"11/02/2020","11:39:35","1","default","640513929","OXY_CH1","25.209","min","161.061","µmol/L","Humid","23.026","deg","43324","µV","27.361","°C","1018.000","hPa","35.3","pmil","0","55.520","deg","20.000","°C","100.000","%a.s.","21.750","deg","20.000","°C","977.000","hPa","0.861","-0.02617","0.00035","0","0","13.56","Humid","24.85","0","70.00","286841.84","SABD0000000001","AAV1.0.0.11","1.1.2.0","PSt7-10","170328-006","1/4/2020 10:31:52","0000-00","0","no battery","V"
"11/02/2020","11:39:36","1","default","640513929","OXY_CH1","25.226","min","160.896","µmol/L","Humid","23.038","deg","43322","µV","27.362","°C","1018.000","hPa","35.3","pmil","0","55.520","deg","20.000","°C","100.000","%a.s.","21.750","deg","20.000","°C","977.000","hPa","0.861","-0.02617","0.00035","0","0","13.56","Humid","24.85","0","70.00","286836.89","SABD0000000001","AAV1.0.0.11","1.1.2.0","PSt7-10","170328-006","1/4/2020 10:31:52","0000-00","0","no battery","V"
"11/02/2020","11:39:37","1","default","640513929","OXY_CH1","25.242","min","160.983","µmol/L","Humid","23.033","deg","43322","µV","27.358","°C","1018.000","hPa","35.3","pmil","0","55.520","deg","20.000","°C","100.000","%a.s.","21.750","deg","20.000","°C","977.000","hPa","0.861","-0.02617","0.00035","0","0","13.56","Humid","24.85","0","70.00","286832.13","SABD0000000001","AAV1.0.0.11","1.1.2.0","PSt7-10","170328-006","1/4/2020 10:31:52","0000-00","0","no battery","V"
"11/02/2020","11:39:38","1","default","640513929","OXY_CH1","25.259","min","161.032","µmol/L","Humid","23.029","deg","43330","µV","27.359","°C","1018.000","hPa","35.3","pmil","0","55.520","deg","20.000","°C","100.000","%a.s.","21.750","deg","20.000","°C","977.000","hPa","0.861","-0.02617","0.00035","0","0","13.56","Humid","24.85","0","70.00","286834.23","SABD0000000001","AAV1.0.0.11","1.1.2.0","PSt7-10","170328-006","1/4/2020 10:31:52","0000-00","0","no battery","V"
"11/02/2020","11:39:39","1","default","640513929","OXY_CH1","25.275","min","161.029","µmol/L","Humid","23.031","deg","43326","µV","27.354","°C","1018.000","hPa","35.3","pmil","0","55.520","deg","20.000","°C","100.000","%a.s.","21.750","deg","20.000","°C","977.000","hPa","0.861","-0.02617","0.00035","0","0","13.56","Humid","24.85","0","70.00","286836.74","SABD0000000001","AAV1.0.0.11","1.1.2.0","PSt7-10","170328-006","1/4/2020 10:31:52","0000-00","0","no battery","V"
"11/02/2020","11:39:40","1","default","640513929","OXY_CH1","25.292","min","160.917","µmol/L","Humid","23.035","deg","43322","µV","27.366","°C","1018.000","hPa","35.3","pmil","0","55.520","deg","20.000","°C","100.000","%a.s.","21.750","deg","20.000","°C","977.000","hPa","0.861","-0.02617","0.00035","0","0","13.56","Humid","24.85","0","70.00","286826.25","SABD0000000001","AAV1.0.0.11","1.1.2.0","PSt7-10","170328-006","1/4/2020 10:31:52","0000-00","0","no battery","V"
"11/02/2020","11:39:41","1","default","640513929","OXY_CH1","25.308","min","160.919","µmol/L","Humid","23.035","deg","43326","µV","27.365","°C","1018.000","hPa","35.3","pmil","0","55.520","deg","20.000","°C","100.000","%a.s.","21.750","deg","20.000","°C","977.000","hPa","0.861","-0.02617","0.00035","0","0","13.56","Humid","24.85","0","70.00","286818.33","SABD0000000001","AAV1.0.0.11","1.1.2.0","PSt7-10","170328-006","1/4/2020 10:31:52","0000-00","0","no battery","V"
"11/02/2020","11:39:42","1","default","640513929","OXY_CH1","25.325","min","160.815","µmol/L","Humid","23.043","deg","43318","µV","27.364","°C","1018.000","hPa","35.3","pmil","0","55.520","deg","20.000","°C","100.000","%a.s.","21.750","deg","20.000","°C","977.000","hPa","0.861","-0.02617","0.00035","0","0","13.56","Humid","24.85","0","70.00","286831.05","SABD0000000001","AAV1.0.0.11","1.1.2.0","PSt7-10","170328-006","1/4/2020 10:31:52","0000-00","0","no battery","V"
"11/02/2020","11:39:43","1","default","640513929","OXY_CH1","25.342","min","160.970","µmol/L","Humid","23.036","deg","43317","µV","27.352","°C","1018.000","hPa","35.3","pmil","0","55.520","deg","20.000","°C","100.000","%a.s.","21.750","deg","20.000","°C","977.000","hPa","0.861","-0.02617","0.00035","0","0","13.56","Humid","24.85","0","70.00","286822.00","SABD0000000001","AAV1.0.0.11","1.1.2.0","PSt7-10","170328-006","1/4/2020 10:31:52","0000-00","0","no battery","V"
"11/02/2020","11:39:44","1","default","640513929","OXY_CH1","25.359","min","160.919","µmol/L","Humid","23.038","deg","43324","µV","27.357","°C","1018.000","hPa","35.3","pmil","0","55.520","deg","20.000","°C","100.000","%a.s.","21.750","deg","20.000","°C","977.000","hPa","0.861","-0.02617","0.00035","0","0","13.56","Humid","24.85","0","70.00","286822.49","SABD0000000001","AAV1.0.0.11","1.1.2.0","PSt7-10","170328-006","1/4/2020 10:31:52","0000-00","0","no battery","V"
"11/02/2020","11:39:45","1","default","640513929","OXY_CH1","25.376","min","160.898","µmol/L","Humid","23.037","deg","43321","µV","27.364","°C","1018.000","hPa","35.3","pmil","0","55.520","deg","20.000","°C","100.000","%a.s.","21.750","deg","20.000","°C","977.000","hPa","0.861","-0.02617","0.00035","0","0","13.56","Humid","24.85","0","70.00","286832.13","SABD0000000001","AAV1.0.0.11","1.1.2.0","PSt7-10","170328-006","1/4/2020 10:31:52","0000-00","0","no battery","V"
"11/02/2020","11:39:46","1","default","640513929","OXY_CH1","25.392","min","160.989","µmol/L","Humid","23.035","deg","43327","µV","27.351","°C","1018.000","hPa","35.3","pmil","0","55.520","deg","20.000","°C","100.000","%a.s.","21.750","deg","20.000","°C","977.000","hPa","0.861","-0.02617","0.00035","0","0","13.56","Humid","24.85","0","70.00","286827.07","SABD0000000001","AAV1.0.0.11","1.1.2.0","PSt7-10","170328-006","1/4/2020 10:31:52","0000-00","0","no battery","V"
"11/02/2020","11:39:47","1","default","640513929","OXY_CH1","25.408","min","160.957","µmol/L","Humid","23.037","deg","43320","µV","27.352","°C","1018.000","hPa","35.3","pmil","0","55.520","deg","20.000","°C","100.000","%a.s.","21.750","deg","20.000","°C","977.000","hPa","0.861","-0.02617","0.00035","0","0","13.56","Humid","24.85","0","70.00","286823.14","SABD0000000001","AAV1.0.0.11","1.1.2.0","PSt7-10","170328-006","1/4/2020 10:31:52","0000-00","0","no battery","V"
"11/02/2020","11:39:48","1","default","640513929","OXY_CH1","25.425","min","160.869","µmol/L","Humid","23.043","deg","43332","µV","27.353","°C","1018.000","hPa","35.3","pmil","0","55.520","deg","20.000","°C","100.000","%a.s.","21.750","deg","20.000","°C","977.000","hPa","0.861","-0.02617","0.00035","0","0","13.56","Humid","24.85","0","70.00","286822.18","SABD0000000001","AAV1.0.0.11","1.1.2.0","PSt7-10","170328-006","1/4/2020 10:31:52","0000-00","0","no battery","V"
"11/02/2020","11:39:49","1","default","640513929","OXY_CH1","25.442","min","160.849","µmol/L","Humid","23.039","deg","43327","µV","27.369","°C","1018.000","hPa","35.3","pmil","0","55.520","deg","20.000","°C","100.000","%a.s.","21.750","deg","20.000","°C","977.000","hPa","0.861","-0.02617","0.00035","0","0","13.56","Humid","24.85","0","70.00","286817.45","SABD0000000001","AAV1.0.0.11","1.1.2.0","PSt7-10","170328-006","1/4/2020 10:31:52","0000-00","0","no battery","V"
"11/02/2020","11:39:50","1","default","640513929","OXY_CH1","25.458","min","160.829","µmol/L","Humid","23.043","deg","43327","µV","27.361","°C","1018.000","hPa","35.3","pmil","0","55.520","deg","20.000","°C","100.000","%a.s.","21.750","deg","20.000","°C","977.000","hPa","0.861","-0.02617","0.00035","0","0","13.56","Humid","24.85","0","70.00","286812.41","SABD0000000001","AAV1.0.0.11","1.1.2.0","PSt7-10","170328-006","1/4/2020 10:31:52","0000-00","0","no battery","V"
"11/02/2020","11:39:51","1","default","640513929","OXY_CH1","25.475","min","160.873","µmol/L","Humid","23.043","deg","43337","µV","27.352","°C","1018.000","hPa","35.3","pmil","0","55.520","deg","20.000","°C","100.000","%a.s.","21.750","deg","20.000","°C","977.000","hPa","0.861","-0.02617","0.00035","0","0","13.56","Humid","24.85","0","70.00","286804.84","SABD0000000001","AAV1.0.0.11","1.1.2.0","PSt7-10","170328-006","1/4/2020 10:31:52","0000-00","0","no battery","V"
"11/02/2020","11:39:52","1","default","640513929","OXY_CH1","25.492","min","160.907","µmol/L","Humid","23.041","deg","43330","µV","27.351","°C","1018.000","hPa","35.3","pmil","0","55.520","deg","20.000","°C","100.000","%a.s.","21.750","deg","20.000","°C","977.000","hPa","0.861","-0.02617","0.00035","0","0","13.56","Humid","24.85","0","70.00","286810.12","SABD0000000001","AAV1.0.0.11","1.1.2.0","PSt7-10","170328-006","1/4/2020 10:31:52","0000-00","0","no battery","V"
"11/02/2020","11:39:53","1","default","640513929","OXY_CH1","25.509","min","160.917","µmol/L","Humid","23.043","deg","43336","µV","27.343","°C","1018.000","hPa","35.3","pmil","0","55.520","deg","20.000","°C","100.000","%a.s.","21.750","deg","20.000","°C","977.000","hPa","0.861","-0.02617","0.00035","0","0","13.56","Humid","24.85","0","70.00","286814.66","SABD0000000001","AAV1.0.0.11","1.1.2.0","PSt7-10","170328-006","1/4/2020 10:31:52","0000-00","0","no battery","V"
"11/02/2020","11:39:54","1","default","640513929","OXY_CH1","25.526","min","160.927","µmol/L","Humid","23.039","deg","43331","µV","27.352","°C","1018.000","hPa","35.3","pmil","0","55.520","deg","20.000","°C","100.000","%a.s.","21.750","deg","20.000","°C","977.000","hPa","0.861","-0.02617","0.00035","0","0","13.56","Humid","24.85","0","70.00","286822.76","SABD0000000001","AAV1.0.0.11","1.1.2.0","PSt7-10","170328-006","1/4/2020 10:31:52","0000-00","0","no battery","V"
"11/02/2020","11:39:55","1","default","640513929","OXY_CH1","25.542","min","160.863","µmol/L","Humid","23.048","deg","43335","µV","27.340","°C","1018.000","hPa","35.3","pmil","0","55.520","deg","20.000","°C","100.000","%a.s.","21.750","deg","20.000","°C","977.000","hPa","0.861","-0.02617","0.00035","0","0","13.56","Humid","24.85","0","70.00","286816.08","SABD0000000001","AAV1.0.0.11","1.1.2.0","PSt7-10","170328-006","1/4/2020 10:31:52","0000-00","0","no battery","V"
"11/02/2020","11:39:56","1","default","640513929","OXY_CH1","25.559","min","160.776","µmol/L","Humid","23.047","deg","43330","µV","27.361","°C","1018.000","hPa","35.3","pmil","0","55.520","deg","20.000","°C","100.000","%a.s.","21.750","deg","20.000","°C","977.000","hPa","0.861","-0.02617","0.00035","0","0","13.56","Humid","24.85","0","70.00","286800.41","SABD0000000001","AAV1.0.0.11","1.1.2.0","PSt7-10","170328-006","1/4/2020 10:31:52","0000-00","0","no battery","V"
"11/02/2020","11:39:57","1","default","640513929","OXY_CH1","25.576","min","160.858","µmol/L","Humid","23.049","deg","43331","µV","27.338","°C","1018.000","hPa","35.3","pmil","0","55.520","deg","20.000","°C","100.000","%a.s.","21.750","deg","20.000","°C","977.000","hPa","0.861","-0.02617","0.00035","0","0","13.56","Humid","24.85","0","70.00","286809.85","SABD0000000001","AAV1.0.0.11","1.1.2.0","PSt7-10","170328-006","1/4/2020 10:31:52","0000-00","0","no battery","V"
"11/02/2020","11:39:58","1","default","640513929","OXY_CH1","25.592","min","160.907","µmol/L","Humid","23.045","deg","43328","µV","27.339","°C","1018.000","hPa","35.3","pmil","0","55.520","deg","20.000","°C","100.000","%a.s.","21.750","deg","20.000","°C","977.000","hPa","0.861","-0.02617","0.00035","0","0","13.56","Humid","24.85","0","70.00","286823.21","SABD0000000001","AAV1.0.0.11","1.1.2.0","PSt7-10","170328-006","1/4/2020 10:31:52","0000-00","0","no battery","V"
"11/02/2020","11:39:59","1","default","640513929","OXY_CH1","25.608","min","160.937","µmol/L","Humid","23.042","deg","43322","µV","27.342","°C","1018.000","hPa","35.3","pmil","0","55.520","deg","20.000","°C","100.000","%a.s.","21.750","deg","20.000","°C","977.000","hPa","0.861","-0.02617","0.00035","0","0","13.56","Humid","24.85","0","70.00","286815.31","SABD0000000001","AAV1.0.0.11","1.1.2.0","PSt7-10","170328-006","1/4/2020 10:31:52","0000-00","0","no battery","V"
"11/02/2020","11:40:00","1","default","640513929","OXY_CH1","25.625","min","160.765","µmol/L","Humid","23.052","deg","43330","µV","27.349","°C","1018.000","hPa","35.3","pmil","0","55.520","deg","20.000","°C","100.000","%a.s.","21.750","deg","20.000","°C","977.000","hPa","0.861","-0.02617","0.00035","0","0","13.56","Humid","24.85","0","70.00","286792.05","SABD0000000001","AAV1.0.0.11","1.1.2.0","PSt7-10","170328-006","1/4/2020 10:31:52","0000-00","0","no battery","V"
"11/02/2020","11:40:01","1","default","640513929","OXY_CH1","25.642","min","160.835","µmol/L","Humid","23.052","deg","43326","µV","27.334","°C","1018.000","hPa","35.3","pmil","0","55.520","deg","20.000","°C","100.000","%a.s.","21.750","deg","20.000","°C","977.000","hPa","0.861","-0.02617","0.00035","0","0","13.56","Humid","24.85","0","70.00","286805.41","SABD0000000001","AAV1.0.0.11","1.1.2.0","PSt7-10","170328-006","1/4/2020 10:31:52","0000-00","0","no battery","V"
"11/02/2020","11:40:02","1","default","640513929","OXY_CH1","25.659","min","160.810","µmol/L","Humid","23.052","deg","43327","µV","27.340","°C","1018.000","hPa","35.3","pmil","0","55.520","deg","20.000","°C","100.000","%a.s.","21.750","deg","20.000","°C","977.000","hPa","0.861","-0.02617","0.00035","0","0","13.56","Humid","24.85","0","70.00","286798.67","SABD0000000001","AAV1.0.0.11","1.1.2.0","PSt7-10","170328-006","1/4/2020 10:31:52","0000-00","0","no battery","V"
"11/02/2020","11:40:03","1","default","640513929","OXY_CH1","25.676","min","160.898","µmol/L","Humid","23.045","deg","43327","µV","27.341","°C","1018.000","hPa","35.3","pmil","0","55.520","deg","20.000","°C","100.000","%a.s.","21.750","deg","20.000","°C","977.000","hPa","0.861","-0.02617","0.00035","0","0","13.56","Humid","24.85","0","70.00","286795.58","SABD0000000001","AAV1.0.0.11","1.1.2.0","PSt7-10","170328-006","1/4/2020 10:31:52","0000-00","0","no battery","V"
"11/02/2020","11:40:04","1","default","640513929","OXY_CH1","25.692","min","160.797","µmol/L","Humid","23.055","deg","43328","µV","27.334","°C","1018.000","hPa","35.3","pmil","0","55.520","deg","20.000","°C","100.000","%a.s.","21.750","deg","20.000","°C","977.000","hPa","0.861","-0.02617","0.00035","0","0","13.56","Humid","24.85","0","70.00","286795.76","SABD0000000001","AAV1.0.0.11","1.1.2.0","PSt7-10","170328-006","1/4/2020 10:31:52","0000-00","0","no battery","V"
"11/02/2020","11:40:05","1","default","640513929","OXY_CH1","25.709","min","160.752","µmol/L","Humid","23.058","deg","43325","µV","27.334","°C","1018.000","hPa","35.3","pmil","0","55.520","deg","20.000","°C","100.000","%a.s.","21.750","deg","20.000","°C","977.000","hPa","0.861","-0.02617","0.00035","0","0","13.56","Humid","24.85","0","70.00","286801.99","SABD0000000001","AAV1.0.0.11","1.1.2.0","PSt7-10","170328-006","1/4/2020 10:31:52","0000-00","0","no battery","V"
"11/02/2020","11:40:06","1","default","640513929","OXY_CH1","25.726","min","160.825","µmol/L","Humid","23.051","deg","43329","µV","27.339","°C","1018.000","hPa","35.3","pmil","0","55.520","deg","20.000","°C","100.000","%a.s.","21.750","deg","20.000","°C","977.000","hPa","0.861","-0.02617","0.00035","0","0","13.56","Humid","24.85","0","70.00","286797.91","SABD0000000001","AAV1.0.0.11","1.1.2.0","PSt7-10","170328-006","1/4/2020 10:31:52","0000-00","0","no battery","V"
"11/02/2020","11:40:07","1","default","640513929","OXY_CH1","25.742","min","160.759","µmol/L","Humid","23.050","deg","43319","µV","27.356","°C","1018.000","hPa","35.3","pmil","0","55.520","deg","20.000","°C","100.000","%a.s.","21.750","deg","20.000","°C","977.000","hPa","0.861","-0.02617","0.00035","0","0","13.56","Humid","24.85","0","70.00","286798.34","SABD0000000001","AAV1.0.0.11","1.1.2.0","PSt7-10","170328-006","1/4/2020 10:31:52","0000-00","0","no battery","V"
"11/02/2020","11:40:08","1","default","640513929","OXY_CH1","25.758","min","160.742","µmol/L","Humid","23.051","deg","43321","µV","27.357","°C","1018.000","hPa","35.3","pmil","0","55.520","deg","20.000","°C","100.000","%a.s.","21.750","deg","20.000","°C","977.000","hPa","0.861","-0.02617","0.00035","0","0","13.56","Humid","24.85","0","70.00","286796.02","SABD0000000001","AAV1.0.0.11","1.1.2.0","PSt7-10","170328-006","1/4/2020 10:31:52","0000-00","0","no battery","V"
"11/02/2020","11:40:09","1","default","640513929","OXY_CH1","25.775","min","160.803","µmol/L","Humid","23.051","deg","43321","µV","27.344","°C","1018.000","hPa","35.3","pmil","0","55.520","deg","20.000","°C","100.000","%a.s.","21.750","deg","20.000","°C","977.000","hPa","0.861","-0.02617","0.00035","0","0","13.56","Humid","24.85","0","70.00","286807.36","SABD0000000001","AAV1.0.0.11","1.1.2.0","PSt7-10","170328-006","1/4/2020 10:31:52","0000-00","0","no battery","V"
"11/02/2020","11:40:10","1","default","640513929","OXY_CH1","25.792","min","160.732","µmol/L","Humid","23.057","deg","43312","µV","27.342","°C","1018.000","hPa","35.3","pmil","0","55.520","deg","20.000","°C","100.000","%a.s.","21.750","deg","20.000","°C","977.000","hPa","0.861","-0.02617","0.00035","0","0","13.56","Humid","24.85","0","70.00","286801.11","SABD0000000001","AAV1.0.0.11","1.1.2.0","PSt7-10","170328-006","1/4/2020 10:31:52","0000-00","0","no battery","V"
"11/02/2020","11:40:11","1","default","640513929","OXY_CH1","25.809","min","160.780","µmol/L","Humid","23.053","deg","43317","µV","27.343","°C","1018.000","hPa","35.3","pmil","0","55.520","deg","20.000","°C","100.000","%a.s.","21.750","deg","20.000","°C","977.000","hPa","0.861","-0.02617","0.00035","0","0","13.56","Humid","24.85","0","70.00","286799.62","SABD0000000001","AAV1.0.0.11","1.1.2.0","PSt7-10","170328-006","1/4/2020 10:31:52","0000-00","0","no battery","V"
"11/02/2020","11:40:12","1","default","640513929","OXY_CH1","25.825","min","160.722","µmol/L","Humid","23.055","deg","43323","µV","27.349","°C","1018.000","hPa","35.3","pmil","0","55.520","deg","20.000","°C","100.000","%a.s.","21.750","deg","20.000","°C","977.000","hPa","0.861","-0.02617","0.00035","0","0","13.56","Humid","24.85","0","70.00","286777.34","SABD0000000001","AAV1.0.0.11","1.1.2.0","PSt7-10","170328-006","1/4/2020 10:31:52","0000-00","0","no battery","V"
"11/02/2020","11:40:13","1","default","640513929","OXY_CH1","25.842","min","160.722","µmol/L","Humid","23.056","deg","43319","µV","27.347","°C","1018.000","hPa","35.3","pmil","0","55.520","deg","20.000","°C","100.000","%a.s.","21.750","deg","20.000","°C","977.000","hPa","0.861","-0.02617","0.00035","0","0","13.56","Humid","24.85","0","70.00","286785.15","SABD0000000001","AAV1.0.0.11","1.1.2.0","PSt7-10","170328-006","1/4/2020 10:31:52","0000-00","0","no battery","V"
"11/02/2020","11:40:14","1","default","640513929","OXY_CH1","25.859","min","160.788","µmol/L","Humid","23.053","deg","43322","µV","27.341","°C","1018.000","hPa","35.3","pmil","0","55.520","deg","20.000","°C","100.000","%a.s.","21.750","deg","20.000","°C","977.000","hPa","0.861","-0.02617","0.00035","0","0","13.56","Humid","24.85","0","70.00","286788.43","SABD0000000001","AAV1.0.0.11","1.1.2.0","PSt7-10","170328-006","1/4/2020 10:31:52","0000-00","0","no battery","V"
"11/02/2020","11:40:15","1","default","640513929","OXY_CH1","25.876","min","160.769","µmol/L","Humid","23.057","deg","43321","µV","27.334","°C","1018.000","hPa","35.3","pmil","0","55.520","deg","20.000","°C","100.000","%a.s.","21.750","deg","20.000","°C","977.000","hPa","0.861","-0.02617","0.00035","0","0","13.56","Humid","24.85","0","70.00","286794.44","SABD0000000001","AAV1.0.0.11","1.1.2.0","PSt7-10","170328-006","1/4/2020 10:31:52","0000-00","0","no battery","V"
"11/02/2020","11:40:16","1","default","640513929","OXY_CH1","25.892","min","160.600","µmol/L","Humid","23.069","deg","43330","µV","27.335","°C","1018.000","hPa","35.3","pmil","0","55.520","deg","20.000","°C","100.000","%a.s.","21.750","deg","20.000","°C","977.000","hPa","0.861","-0.02617","0.00035","0","0","13.56","Humid","24.85","0","70.00","286787.14","SABD0000000001","AAV1.0.0.11","1.1.2.0","PSt7-10","170328-006","1/4/2020 10:31:52","0000-00","0","no battery","V"
"11/02/2020","11:40:17","1","default","640513929","OXY_CH1","25.908","min","160.731","µmol/L","Humid","23.055","deg","43329","µV","27.348","°C","1018.000","hPa","35.3","pmil","0","55.520","deg","20.000","°C","100.000","%a.s.","21.750","deg","20.000","°C","977.000","hPa","0.861","-0.02617","0.00035","0","0","13.56","Humid","24.85","0","70.00","286779.84","SABD0000000001","AAV1.0.0.11","1.1.2.0","PSt7-10","170328-006","1/4/2020 10:31:52","0000-00","0","no battery","V"
"11/02/2020","11:40:18","1","default","640513929","OXY_CH1","25.925","min","160.785","µmol/L","Humid","23.051","deg","43325","µV","27.348","°C","1018.000","hPa","35.3","pmil","0","55.520","deg","20.000","°C","100.000","%a.s.","21.750","deg","20.000","°C","977.000","hPa","0.861","-0.02617","0.00035","0","0","13.56","Humid","24.85","0","70.00","286791.00","SABD0000000001","AAV1.0.0.11","1.1.2.0","PSt7-10","170328-006","1/4/2020 10:31:52","0000-00","0","no battery","V"
"11/02/2020","11:40:19","1","default","640513929","OXY_CH1","25.942","min","160.837","µmol/L","Humid","23.053","deg","43327","µV","27.331","°C","1018.000","hPa","35.3","pmil","0","55.520","deg","20.000","°C","100.000","%a.s.","21.750","deg","20.000","°C","977.000","hPa","0.861","-0.02617","0.00035","0","0","13.56","Humid","24.85","0","70.00","286796.52","SABD0000000001","AAV1.0.0.11","1.1.2.0","PSt7-10","170328-006","1/4/2020 10:31:52","0000-00","0","no battery","V"
"11/02/2020","11:40:20","1","default","640513929","OXY_CH1","25.958","min","160.686","µmol/L","Humid","23.064","deg","43328","µV","27.331","°C","1018.000","hPa","35.3","pmil","0","55.520","deg","20.000","°C","100.000","%a.s.","21.750","deg","20.000","°C","977.000","hPa","0.861","-0.02617","0.00035","0","0","13.56","Humid","24.85","0","70.00","286783.26","SABD0000000001","AAV1.0.0.11","1.1.2.0","PSt7-10","170328-006","1/4/2020 10:31:52","0000-00","0","no battery","V"
"11/02/2020","11:40:21","1","default","640513929","OXY_CH1","25.975","min","160.762","µmol/L","Humid","23.059","deg","43335","µV","27.329","°C","1018.000","hPa","35.3","pmil","0","55.520","deg","20.000","°C","100.000","%a.s.","21.750","deg","20.000","°C","977.000","hPa","0.861","-0.02617","0.00035","0","0","13.56","Humid","24.85","0","70.00","286798.48","SABD0000000001","AAV1.0.0.11","1.1.2.0","PSt7-10","170328-006","1/4/2020 10:31:52","0000-00","0","no battery","V"
"11/02/2020","11:40:22","1","default","640513929","OXY_CH1","25.992","min","160.821","µmol/L","Humid","23.051","deg","43334","µV","27.340","°C","1018.000","hPa","35.3","pmil","0","55.520","deg","20.000","°C","100.000","%a.s.","21.750","deg","20.000","°C","977.000","hPa","0.861","-0.02617","0.00035","0","0","13.56","Humid","24.85","0","70.00","286798.80","SABD0000000001","AAV1.0.0.11","1.1.2.0","PSt7-10","170328-006","1/4/2020 10:31:52","0000-00","0","no battery","V"
"11/02/2020","11:40:23","1","default","640513929","OXY_CH1","26.009","min","160.729","µmol/L","Humid","23.062","deg","43332","µV","27.328","°C","1018.000","hPa","35.3","pmil","0","55.520","deg","20.000","°C","100.000","%a.s.","21.750","deg","20.000","°C","977.000","hPa","0.861","-0.02617","0.00035","0","0","13.56","Humid","24.85","0","70.00","286784.99","SABD0000000001","AAV1.0.0.11","1.1.2.0","PSt7-10","170328-006","1/4/2020 10:31:52","0000-00","0","no battery","V"
"11/02/2020","11:40:24","1","default","640513929","OXY_CH1","26.026","min","160.723","µmol/L","Humid","23.061","deg","43339","µV","27.332","°C","1018.000","hPa","35.3","pmil","0","55.520","deg","20.000","°C","100.000","%a.s.","21.750","deg","20.000","°C","977.000","hPa","0.861","-0.02617","0.00035","0","0","13.56","Humid","24.85","0","70.00","286795.74","SABD0000000001","AAV1.0.0.11","1.1.2.0","PSt7-10","170328-006","1/4/2020 10:31:52","0000-00","0","no battery","V"
"11/02/2020","11:40:25","1","default","640513929","OXY_CH1","26.042","min","160.675","µmol/L","Humid","23.069","deg","43336","µV","27.319","°C","1018.000","hPa","35.3","pmil","0","55.520","deg","20.000","°C","100.000","%a.s.","21.750","deg","20.000","°C","977.000","hPa","0.861","-0.02617","0.00035","0","0","13.56","Humid","24.85","0","70.00","286781.09","SABD0000000001","AAV1.0.0.11","1.1.2.0","PSt7-10","170328-006","1/4/2020 10:31:52","0000-00","0","no battery","V"
"11/02/2020","11:40:26","1","default","640513929","OXY_CH1","26.059","min","160.808","µmol/L","Humid","23.060","deg","43340","µV","27.317","°C","1018.000","hPa","35.3","pmil","0","55.520","deg","20.000","°C","100.000","%a.s.","21.750","deg","20.000","°C","977.000","hPa","0.861","-0.02617","0.00035","0","0","13.56","Humid","24.85","0","70.00","286786.77","SABD0000000001","AAV1.0.0.11","1.1.2.0","PSt7-10","170328-006","1/4/2020 10:31:52","0000-00","0","no battery","V"
"11/02/2020","11:40:27","1","default","640513929","OXY_CH1","26.076","min","160.689","µmol/L","Humid","23.061","deg","43340","µV","27.339","°C","1018.000","hPa","35.3","pmil","0","55.520","deg","20.000","°C","100.000","%a.s.","21.750","deg","20.000","°C","977.000","hPa","0.861","-0.02617","0.00035","0","0","13.56","Humid","24.85","0","70.00","286785.88","SABD0000000001","AAV1.0.0.11","1.1.2.0","PSt7-10","170328-006","1/4/2020 10:31:52","0000-00","0","no battery","V"
"11/02/2020","11:40:28","1","default","640513929","OXY_CH1","26.092","min","160.646","µmol/L","Humid","23.060","deg","43337","µV","27.351","°C","1018.000","hPa","35.3","pmil","0","55.520","deg","20.000","°C","100.000","%a.s.","21.750","deg","20.000","°C","977.000","hPa","0.861","-0.02617","0.00035","0","0","13.56","Humid","24.85","0","70.00","286774.94","SABD0000000001","AAV1.0.0.11","1.1.2.0","PSt7-10","170328-006","1/4/2020 10:31:52","0000-00","0","no battery","V"
"11/02/2020","11:40:29","1","default","640513929","OXY_CH1","26.108","min","160.618","µmol/L","Humid","23.066","deg","43344","µV","27.340","°C","1018.000","hPa","35.3","pmil","0","55.520","deg","20.000","°C","100.000","%a.s.","21.750","deg","20.000","°C","977.000","hPa","0.861","-0.02617","0.00035","0","0","13.56","Humid","24.85","0","70.00","286773.26","SABD0000000001","AAV1.0.0.11","1.1.2.0","PSt7-10","170328-006","1/4/2020 10:31:52","0000-00","0","no battery","V"
"11/02/2020","11:40:30","1","default","640513929","OXY_CH1","26.125","min","160.670","µmol/L","Humid","23.064","deg","43343","µV","27.334","°C","1018.000","hPa","35.3","pmil","0","55.520","deg","20.000","°C","100.000","%a.s.","21.750","deg","20.000","°C","977.000","hPa","0.861","-0.02617","0.00035","0","0","13.56","Humid","24.85","0","70.00","286784.07","SABD0000000001","AAV1.0.0.11","1.1.2.0","PSt7-10","170328-006","1/4/2020 10:31:52","0000-00","0","no battery","V"
"11/02/2020","11:40:31","1","default","640513929","OXY_CH1","26.142","min","160.561","µmol/L","Humid","23.070","deg","43344","µV","27.340","°C","1018.000","hPa","35.3","pmil","0","55.520","deg","20.000","°C","100.000","%a.s.","21.750","deg","20.000","°C","977.000","hPa","0.861","-0.02617","0.00035","0","0","13.56","Humid","24.85","0","70.00","286780.75","SABD0000000001","AAV1.0.0.11","1.1.2.0","PSt7-10","170328-006","1/4/2020 10:31:52","0000-00","0","no battery","V"
"11/02/2020","11:40:32","1","default","640513929","OXY_CH1","26.159","min","160.571","µmol/L","Humid","23.072","deg","43344","µV","27.332","°C","1018.000","hPa","35.3","pmil","0","55.520","deg","20.000","°C","100.000","%a.s.","21.750","deg","20.000","°C","977.000","hPa","0.861","-0.02617","0.00035","0","0","13.56","Humid","24.85","0","70.00","286780.23","SABD0000000001","AAV1.0.0.11","1.1.2.0","PSt7-10","170328-006","1/4/2020 10:31:52","0000-00","0","no battery","V"
"11/02/2020","11:40:33","1","default","640513929","OXY_CH1","26.175","min","160.577","µmol/L","Humid","23.068","deg","43338","µV","27.343","°C","1018.000","hPa","35.3","pmil","0","55.520","deg","20.000","°C","100.000","%a.s.","21.750","deg","20.000","°C","977.000","hPa","0.861","-0.02617","0.00035","0","0","13.56","Humid","24.85","0","70.00","286773.69","SABD0000000001","AAV1.0.0.11","1.1.2.0","PSt7-10","170328-006","1/4/2020 10:31:52","0000-00","0","no battery","V"
"11/02/2020","11:40:34","1","default","640513929","OXY_CH1","26.192","min","160.716","µmol/L","Humid","23.065","deg","43340","µV","27.322","°C","1018.000","hPa","35.3","pmil","0","55.520","deg","20.000","°C","100.000","%a.s.","21.750","deg","20.000","°C","977.000","hPa","0.861","-0.02617","0.00035","0","0","13.56","Humid","24.85","0","70.00","286773.72","SABD0000000001","AAV1.0.0.11","1.1.2.0","PSt7-10","170328-006","1/4/2020 10:31:52","0000-00","0","no battery","V"
"11/02/2020","11:40:35","1","default","640513929","OXY_CH1","26.209","min","160.654","µmol/L","Humid","23.070","deg","43347","µV","27.321","°C","1018.000","hPa","35.3","pmil","0","55.520","deg","20.000","°C","100.000","%a.s.","21.750","deg","20.000","°C","977.000","hPa","0.861","-0.02617","0.00035","0","0","13.56","Humid","24.85","0","70.00","286781.91","SABD0000000001","AAV1.0.0.11","1.1.2.0","PSt7-10","170328-006","1/4/2020 10:31:52","0000-00","0","no battery","V"
"11/02/2020","11:40:36","1","default","640513929","OXY_CH1","26.226","min","160.694","µmol/L","Humid","23.062","deg","43350","µV","27.335","°C","1018.000","hPa","35.3","pmil","0","55.520","deg","20.000","°C","100.000","%a.s.","21.750","deg","20.000","°C","977.000","hPa","0.861","-0.02617","0.00035","0","0","13.56","Humid","24.85","0","70.00","286787.83","SABD0000000001","AAV1.0.0.11","1.1.2.0","PSt7-10","170328-006","1/4/2020 10:31:52","0000-00","0","no battery","V"
"11/02/2020","11:40:37","1","default","640513929","OXY_CH1","26.242","min","160.485","µmol/L","Humid","23.077","deg","43348","µV","27.336","°C","1018.000","hPa","35.3","pmil","0","55.520","deg","20.000","°C","100.000","%a.s.","21.750","deg","20.000","°C","977.000","hPa","0.861","-0.02617","0.00035","0","0","13.56","Humid","24.85","0","70.00","286765.14","SABD0000000001","AAV1.0.0.11","1.1.2.0","PSt7-10","170328-006","1/4/2020 10:31:52","0000-00","0","no battery","V"
"11/02/2020","11:40:38","1","default","640513929","OXY_CH1","26.258","min","160.583","µmol/L","Humid","23.071","deg","43342","µV","27.333","°C","1018.000","hPa","35.3","pmil","0","55.520","deg","20.000","°C","100.000","%a.s.","21.750","deg","20.000","°C","977.000","hPa","0.861","-0.02617","0.00035","0","0","13.56","Humid","24.85","0","70.00","286759.38","SABD0000000001","AAV1.0.0.11","1.1.2.0","PSt7-10","170328-006","1/4/2020 10:31:52","0000-00","0","no battery","V"
"11/02/2020","11:40:39","1","default","640513929","OXY_CH1","26.275","min","160.679","µmol/L","Humid","23.068","deg","43346","µV","27.321","°C","1018.000","hPa","35.3","pmil","0","55.520","deg","20.000","°C","100.000","%a.s.","21.750","deg","20.000","°C","977.000","hPa","0.861","-0.02617","0.00035","0","0","13.56","Humid","24.85","0","70.00","286766.26","SABD0000000001","AAV1.0.0.11","1.1.2.0","PSt7-10","170328-006","1/4/2020 10:31:52","0000-00","0","no battery","V"
"11/02/2020","11:40:40","1","default","640513929","OXY_CH1","26.292","min","160.533","µmol/L","Humid","23.073","deg","43344","µV","27.338","°C","1018.000","hPa","35.3","pmil","0","55.520","deg","20.000","°C","100.000","%a.s.","21.750","deg","20.000","°C","977.000","hPa","0.861","-0.02617","0.00035","0","0","13.56","Humid","24.85","0","70.00","286769.32","SABD0000000001","AAV1.0.0.11","1.1.2.0","PSt7-10","170328-006","1/4/2020 10:31:52","0000-00","0","no battery","V"
"11/02/2020","11:40:41","1","default","640513929","OXY_CH1","26.309","min","160.738","µmol/L","Humid","23.065","deg","43348","µV","27.317","°C","1018.000","hPa","35.3","pmil","0","55.520","deg","20.000","°C","100.000","%a.s.","21.750","deg","20.000","°C","977.000","hPa","0.861","-0.02617","0.00035","0","0","13.56","Humid","24.85","0","70.00","286772.59","SABD0000000001","AAV1.0.0.11","1.1.2.0","PSt7-10","170328-006","1/4/2020 10:31:52","0000-00","0","no battery","V"
"11/02/2020","11:40:42","1","default","640513929","OXY_CH1","26.325","min","160.680","µmol/L","Humid","23.068","deg","43347","µV","27.321","°C","1018.000","hPa","35.3","pmil","0","55.520","deg","20.000","°C","100.000","%a.s.","21.750","deg","20.000","°C","977.000","hPa","0.861","-0.02617","0.00035","0","0","13.56","Humid","24.85","0","70.00","286770.54","SABD0000000001","AAV1.0.0.11","1.1.2.0","PSt7-10","170328-006","1/4/2020 10:31:52","0000-00","0","no battery","V"
"11/02/2020","11:40:43","1","default","640513929","OXY_CH1","26.342","min","160.533","µmol/L","Humid","23.077","deg","43353","µV","27.326","°C","1018.000","hPa","35.3","pmil","0","55.520","deg","20.000","°C","100.000","%a.s.","21.750","deg","20.000","°C","977.000","hPa","0.861","-0.02617","0.00035","0","0","13.56","Humid","24.85","0","70.00","286763.16","SABD0000000001","AAV1.0.0.11","1.1.2.0","PSt7-10","170328-006","1/4/2020 10:31:52","0000-00","0","no battery","V"
"11/02/2020","11:40:44","1","default","640513929","OXY_CH1","26.359","min","160.595","µmol/L","Humid","23.074","deg","43359","µV","27.322","°C","1018.000","hPa","35.3","pmil","0","55.520","deg","20.000","°C","100.000","%a.s.","21.750","deg","20.000","°C","977.000","hPa","0.861","-0.02617","0.00035","0","0","13.56","Humid","24.85","0","70.00","286778.10","SABD0000000001","AAV1.0.0.11","1.1.2.0","PSt7-10","170328-006","1/4/2020 10:31:52","0000-00","0","no battery","V"
"11/02/2020","11:40:45","1","default","640513929","OXY_CH1","26.376","min","160.589","µmol/L","Humid","23.073","deg","43359","µV","27.326","°C","1018.000","hPa","35.3","pmil","0","55.520","deg","20.000","°C","100.000","%a.s.","21.750","deg","20.000","°C","977.000","hPa","0.861","-0.02617","0.00035","0","0","13.56","Humid","24.85","0","70.00","286768.92","SABD0000000001","AAV1.0.0.11","1.1.2.0","PSt7-10","170328-006","1/4/2020 10:31:52","0000-00","0","no battery","V"
"11/02/2020","11:40:46","1","default","640513929","OXY_CH1","26.392","min","160.576","µmol/L","Humid","23.071","deg","43361","µV","27.334","°C","1018.000","hPa","35.3","pmil","0","55.520","deg","20.000","°C","100.000","%a.s.","21.750","deg","20.000","°C","977.000","hPa","0.861","-0.02617","0.00035","0","0","13.56","Humid","24.85","0","70.00","286767.46","SABD0000000001","AAV1.0.0.11","1.1.2.0","PSt7-10","170328-006","1/4/2020 10:31:52","0000-00","0","no battery","V"
"11/02/2020","11:40:47","1","default","640513929","OXY_CH1","26.409","min","160.477","µmol/L","Humid","23.077","deg","43359","µV","27.338","°C","1018.000","hPa","35.3","pmil","0","55.520","deg","20.000","°C","100.000","%a.s.","21.750","deg","20.000","°C","977.000","hPa","0.861","-0.02617","0.00035","0","0","13.56","Humid","24.85","0","70.00","286763.13","SABD0000000001","AAV1.0.0.11","1.1.2.0","PSt7-10","170328-006","1/4/2020 10:31:52","0000-00","0","no battery","V"
"11/02/2020","11:40:48","1","default","640513929","OXY_CH1","26.425","min","160.491","µmol/L","Humid","23.080","deg","43367","µV","27.326","°C","1018.000","hPa","35.3","pmil","0","55.520","deg","20.000","°C","100.000","%a.s.","21.750","deg","20.000","°C","977.000","hPa","0.861","-0.02617","0.00035","0","0","13.56","Humid","24.85","0","70.00","286769.25","SABD0000000001","AAV1.0.0.11","1.1.2.0","PSt7-10","170328-006","1/4/2020 10:31:52","0000-00","0","no battery","V"
"11/02/2020","11:40:49","1","default","640513929","OXY_CH1","26.442","min","160.444","µmol/L","Humid","23.083","deg","43357","µV","27.328","°C","1018.000","hPa","35.3","pmil","0","55.520","deg","20.000","°C","100.000","%a.s.","21.750","deg","20.000","°C","977.000","hPa","0.861","-0.02617","0.00035","0","0","13.56","Humid","24.85","0","70.00","286762.51","SABD0000000001","AAV1.0.0.11","1.1.2.0","PSt7-10","170328-006","1/4/2020 10:31:52","0000-00","0","no battery","V"
"11/02/2020","11:40:50","1","default","640513929","OXY_CH1","26.458","min","160.641","µmol/L","Humid","23.071","deg","43359","µV","27.321","°C","1018.000","hPa","35.3","pmil","0","55.520","deg","20.000","°C","100.000","%a.s.","21.750","deg","20.000","°C","977.000","hPa","0.861","-0.02617","0.00035","0","0","13.56","Humid","24.85","0","70.00","286764.23","SABD0000000001","AAV1.0.0.11","1.1.2.0","PSt7-10","170328-006","1/4/2020 10:31:52","0000-00","0","no battery","V"
"11/02/2020","11:40:51","1","default","640513929","OXY_CH1","26.475","min","160.605","µmol/L","Humid","23.072","deg","43363","µV","27.325","°C","1018.000","hPa","35.3","pmil","0","55.520","deg","20.000","°C","100.000","%a.s.","21.750","deg","20.000","°C","977.000","hPa","0.861","-0.02617","0.00035","0","0","13.56","Humid","24.85","0","70.00","286765.23","SABD0000000001","AAV1.0.0.11","1.1.2.0","PSt7-10","170328-006","1/4/2020 10:31:52","0000-00","0","no battery","V"
"11/02/2020","11:40:52","1","default","640513929","OXY_CH1","26.492","min","160.539","µmol/L","Humid","23.079","deg","43372","µV","27.319","°C","1018.000","hPa","35.3","pmil","0","55.520","deg","20.000","°C","100.000","%a.s.","21.750","deg","20.000","°C","977.000","hPa","0.861","-0.02617","0.00035","0","0","13.56","Humid","24.85","0","70.00","286763.15","SABD0000000001","AAV1.0.0.11","1.1.2.0","PSt7-10","170328-006","1/4/2020 10:31:52","0000-00","0","no battery","V"
"11/02/2020","11:40:53","1","default","640513929","OXY_CH1","26.509","min","160.459","µmol/L","Humid","23.084","deg","43373","µV","27.322","°C","1018.000","hPa","35.3","pmil","0","55.520","deg","20.000","°C","100.000","%a.s.","21.750","deg","20.000","°C","977.000","hPa","0.861","-0.02617","0.00035","0","0","13.56","Humid","24.85","0","70.00","286763.65","SABD0000000001","AAV1.0.0.11","1.1.2.0","PSt7-10","170328-006","1/4/2020 10:31:52","0000-00","0","no battery","V"
"11/02/2020","11:40:54","1","default","640513929","OXY_CH1","26.525","min","160.581","µmol/L","Humid","23.076","deg","43370","µV","27.319","°C","1018.000","hPa","35.3","pmil","0","55.520","deg","20.000","°C","100.000","%a.s.","21.750","deg","20.000","°C","977.000","hPa","0.861","-0.02617","0.00035","0","0","13.56","Humid","24.85","0","70.00","286760.60","SABD0000000001","AAV1.0.0.11","1.1.2.0","PSt7-10","170328-006","1/4/2020 10:31:52","0000-00","0","no battery","V"
"11/02/2020","11:40:55","1","default","640513929","OXY_CH1","26.542","min","160.637","µmol/L","Humid","23.073","deg","43370","µV","27.316","°C","1018.000","hPa","35.3","pmil","0","55.520","deg","20.000","°C","100.000","%a.s.","21.750","deg","20.000","°C","977.000","hPa","0.861","-0.02617","0.00035","0","0","13.56","Humid","24.85","0","70.00","286759.04","SABD0000000001","AAV1.0.0.11","1.1.2.0","PSt7-10","170328-006","1/4/2020 10:31:52","0000-00","0","no battery","V"
"11/02/2020","11:40:56","1","default","640513929","OXY_CH1","26.559","min","160.434","µmol/L","Humid","23.084","deg","43371","µV","27.327","°C","1018.000","hPa","35.3","pmil","0","55.520","deg","20.000","°C","100.000","%a.s.","21.750","deg","20.000","°C","977.000","hPa","0.861","-0.02617","0.00035","0","0","13.56","Humid","24.85","0","70.00","286762.39","SABD0000000001","AAV1.0.0.11","1.1.2.0","PSt7-10","170328-006","1/4/2020 10:31:52","0000-00","0","no battery","V"
"11/02/2020","11:40:57","1","default","640513929","OXY_CH1","26.576","min","160.606","µmol/L","Humid","23.074","deg","43376","µV","27.319","°C","1018.000","hPa","35.3","pmil","0","55.520","deg","20.000","°C","100.000","%a.s.","21.750","deg","20.000","°C","977.000","hPa","0.861","-0.02617","0.00035","0","0","13.56","Humid","24.85","0","70.00","286762.74","SABD0000000001","AAV1.0.0.11","1.1.2.0","PSt7-10","170328-006","1/4/2020 10:31:52","0000-00","0","no battery","V"
"11/02/2020","11:40:58","1","default","640513929","OXY_CH1","26.592","min","160.433","µmol/L","Humid","23.085","deg","43372","µV","27.324","°C","1018.000","hPa","35.3","pmil","0","55.520","deg","20.000","°C","100.000","%a.s.","21.750","deg","20.000","°C","977.000","hPa","0.861","-0.02617","0.00035","0","0","13.56","Humid","24.85","0","70.00","286771.24","SABD0000000001","AAV1.0.0.11","1.1.2.0","PSt7-10","170328-006","1/4/2020 10:31:52","0000-00","0","no battery","V"
"11/02/2020","11:40:59","1","default","640513929","OXY_CH1","26.608","min","160.531","µmol/L","Humid","23.080","deg","43375","µV","27.318","°C","1018.000","hPa","35.3","pmil","0","55.520","deg","20.000","°C","100.000","%a.s.","21.750","deg","20.000","°C","977.000","hPa","0.861","-0.02617","0.00035","0","0","13.56","Humid","24.85","0","70.00","286759.81","SABD0000000001","AAV1.0.0.11","1.1.2.0","PSt7-10","170328-006","1/4/2020 10:31:52","0000-00","0","no battery","V"
"11/02/2020","11:41:00","1","default","640513929","OXY_CH1","26.625","min","160.476","µmol/L","Humid","23.084","deg","43371","µV","27.318","°C","1018.000","hPa","35.3","pmil","0","55.520","deg","20.000","°C","100.000","%a.s.","21.750","deg","20.000","°C","977.000","hPa","0.861","-0.02617","0.00035","0","0","13.56","Humid","24.85","0","70.00","286746.38","SABD0000000001","AAV1.0.0.11","1.1.2.0","PSt7-10","170328-006","1/4/2020 10:31:52","0000-00","0","no battery","V"
"11/02/2020","11:41:01","1","default","640513929","OXY_CH1","26.642","min","160.472","µmol/L","Humid","23.084","deg","43379","µV","27.319","°C","1018.000","hPa","35.3","pmil","0","55.520","deg","20.000","°C","100.000","%a.s.","21.750","deg","20.000","°C","977.000","hPa","0.861","-0.02617","0.00035","0","0","13.56","Humid","24.85","0","70.00","286753.88","SABD0000000001","AAV1.0.0.11","1.1.2.0","PSt7-10","170328-006","1/4/2020 10:31:52","0000-00","0","no battery","V"
"11/02/2020","11:41:02","1","default","640513929","OXY_CH1","26.659","min","160.433","µmol/L","Humid","23.088","deg","43368","µV","27.316","°C","1018.000","hPa","35.3","pmil","0","55.520","deg","20.000","°C","100.000","%a.s.","21.750","deg","20.000","°C","977.000","hPa","0.861","-0.02617","0.00035","0","0","13.56","Humid","24.85","0","70.00","286765.15","SABD0000000001","AAV1.0.0.11","1.1.2.0","PSt7-10","170328-006","1/4/2020 10:31:52","0000-00","0","no battery","V"
"11/02/2020","11:41:03","1","default","640513929","OXY_CH1","26.675","min","160.500","µmol/L","Humid","23.083","deg","43379","µV","27.316","°C","1018.000","hPa","35.3","pmil","0","55.520","deg","20.000","°C","100.000","%a.s.","21.750","deg","20.000","°C","977.000","hPa","0.861","-0.02617","0.00035","0","0","13.56","Humid","24.85","0","70.00","286749.42","SABD0000000001","AAV1.0.0.11","1.1.2.0","PSt7-10","170328-006","1/4/2020 10:31:52","0000-00","0","no battery","V"
"11/02/2020","11:41:04","1","default","640513929","OXY_CH1","26.692","min","160.335","µmol/L","Humid","23.089","deg","43380","µV","27.334","°C","1018.000","hPa","35.3","pmil","0","55.520","deg","20.000","°C","100.000","%a.s.","21.750","deg","20.000","°C","977.000","hPa","0.861","-0.02617","0.00035","0","0","13.56","Humid","24.85","0","70.00","286769.16","SABD0000000001","AAV1.0.0.11","1.1.2.0","PSt7-10","170328-006","1/4/2020 10:31:52","0000-00","0","no battery","V"
"11/02/2020","11:41:05","1","default","640513929","OXY_CH1","26.709","min","160.413","µmol/L","Humid","23.082","deg","43373","µV","27.337","°C","1018.000","hPa","35.3","pmil","0","55.520","deg","20.000","°C","100.000","%a.s.","21.750","deg","20.000","°C","977.000","hPa","0.861","-0.02617","0.00035","0","0","13.56","Humid","24.85","0","70.00","286756.37","SABD0000000001","AAV1.0.0.11","1.1.2.0","PSt7-10","170328-006","1/4/2020 10:31:52","0000-00","0","no battery","V"
"11/02/2020","11:41:06","1","default","640513929","OXY_CH1","26.726","min","160.336","µmol/L","Humid","23.092","deg","43379","µV","27.325","°C","1018.000","hPa","35.3","pmil","0","55.520","deg","20.000","°C","100.000","%a.s.","21.750","deg","20.000","°C","977.000","hPa","0.861","-0.02617","0.00035","0","0","13.56","Humid","24.85","0","70.00","286753.57","SABD0000000001","AAV1.0.0.11","1.1.2.0","PSt7-10","170328-006","1/4/2020 10:31:52","0000-00","0","no battery","V"
"11/02/2020","11:41:07","1","default","640513929","OXY_CH1","26.742","min","160.412","µmol/L","Humid","23.085","deg","43380","µV","27.329","°C","1018.000","hPa","35.3","pmil","0","55.520","deg","20.000","°C","100.000","%a.s.","21.750","deg","20.000","°C","977.000","hPa","0.861","-0.02617","0.00035","0","0","13.56","Humid","24.85","0","70.00","286751.82","SABD0000000001","AAV1.0.0.11","1.1.2.0","PSt7-10","170328-006","1/4/2020 10:31:52","0000-00","0","no battery","V"
"11/02/2020","11:41:08","1","default","640513929","OXY_CH1","26.758","min","160.397","µmol/L","Humid","23.087","deg","43377","µV","27.326","°C","1018.000","hPa","35.3","pmil","0","55.520","deg","20.000","°C","100.000","%a.s.","21.750","deg","20.000","°C","977.000","hPa","0.861","-0.02617","0.00035","0","0","13.56","Humid","24.85","0","70.00","286745.98","SABD0000000001","AAV1.0.0.11","1.1.2.0","PSt7-10","170328-006","1/4/2020 10:31:52","0000-00","0","no battery","V"
"11/02/2020","11:41:09","1","default","640513929","OXY_CH1","26.775","min","160.424","µmol/L","Humid","23.087","deg","43378","µV","27.320","°C","1018.000","hPa","35.3","pmil","0","55.520","deg","20.000","°C","100.000","%a.s.","21.750","deg","20.000","°C","977.000","hPa","0.861","-0.02617","0.00035","0","0","13.56","Humid","24.85","0","70.00","286753.80","SABD0000000001","AAV1.0.0.11","1.1.2.0","PSt7-10","170328-006","1/4/2020 10:31:52","0000-00","0","no battery","V"
"11/02/2020","11:41:10","1","default","640513929","OXY_CH1","26.792","min","160.494","µmol/L","Humid","23.084","deg","43385","µV","27.314","°C","1018.000","hPa","35.3","pmil","0","55.520","deg","20.000","°C","100.000","%a.s.","21.750","deg","20.000","°C","977.000","hPa","0.861","-0.02617","0.00035","0","0","13.56","Humid","24.85","0","70.00","286755.56","SABD0000000001","AAV1.0.0.11","1.1.2.0","PSt7-10","170328-006","1/4/2020 10:31:52","0000-00","0","no battery","V"
"11/02/2020","11:41:11","1","default","640513929","OXY_CH1","26.809","min","160.514","µmol/L","Humid","23.082","deg","43386","µV","27.316","°C","1018.000","hPa","35.3","pmil","0","55.520","deg","20.000","°C","100.000","%a.s.","21.750","deg","20.000","°C","977.000","hPa","0.861","-0.02617","0.00035","0","0","13.56","Humid","24.85","0","70.00","286761.68","SABD0000000001","AAV1.0.0.11","1.1.2.0","PSt7-10","170328-006","1/4/2020 10:31:52","0000-00","0","no battery","V"
"11/02/2020","11:41:12","1","default","640513929","OXY_CH1","26.825","min","160.392","µmol/L","Humid","23.089","deg","43377","µV","27.322","°C","1018.000","hPa","35.3","pmil","0","55.520","deg","20.000","°C","100.000","%a.s.","21.750","deg","20.000","°C","977.000","hPa","0.861","-0.02617","0.00035","0","0","13.56","Humid","24.85","0","70.00","286752.99","SABD0000000001","AAV1.0.0.11","1.1.2.0","PSt7-10","170328-006","1/4/2020 10:31:52","0000-00","0","no battery","V"
"11/02/2020","11:41:13","1","default","640513929","OXY_CH1","26.842","min","160.471","µmol/L","Humid","23.088","deg","43381","µV","27.308","°C","1018.000","hPa","35.3","pmil","0","55.520","deg","20.000","°C","100.000","%a.s.","21.750","deg","20.000","°C","977.000","hPa","0.861","-0.02617","0.00035","0","0","13.56","Humid","24.85","0","70.00","286751.68","SABD0000000001","AAV1.0.0.11","1.1.2.0","PSt7-10","170328-006","1/4/2020 10:31:52","0000-00","0","no battery","V"
"11/02/2020","11:41:14","1","default","640513929","OXY_CH1","26.859","min","160.420","µmol/L","Humid","23.090","deg","43387","µV","27.313","°C","1018.000","hPa","35.3","pmil","0","55.520","deg","20.000","°C","100.000","%a.s.","21.750","deg","20.000","°C","977.000","hPa","0.861","-0.02617","0.00035","0","0","13.56","Humid","24.85","0","70.00","286748.11","SABD0000000001","AAV1.0.0.11","1.1.2.0","PSt7-10","170328-006","1/4/2020 10:31:52","0000-00","0","no battery","V"
"11/02/2020","11:41:15","1","default","640513929","OXY_CH1","26.876","min","160.363","µmol/L","Humid","23.085","deg","43390","µV","27.339","°C","1018.000","hPa","35.3","pmil","0","55.520","deg","20.000","°C","100.000","%a.s.","21.750","deg","20.000","°C","977.000","hPa","0.861","-0.02617","0.00035","0","0","13.56","Humid","24.85","0","70.00","286750.60","SABD0000000001","AAV1.0.0.11","1.1.2.0","PSt7-10","170328-006","1/4/2020 10:31:52","0000-00","0","no battery","V"
"11/02/2020","11:41:16","1","default","640513929","OXY_CH1","26.892","min","160.157","µmol/L","Humid","23.101","deg","43391","µV","27.337","°C","1018.000","hPa","35.3","pmil","0","55.520","deg","20.000","°C","100.000","%a.s.","21.750","deg","20.000","°C","977.000","hPa","0.861","-0.02617","0.00035","0","0","13.56","Humid","24.85","0","70.00","286747.97","SABD0000000001","AAV1.0.0.11","1.1.2.0","PSt7-10","170328-006","1/4/2020 10:31:52","0000-00","0","no battery","V"
"11/02/2020","11:41:17","1","default","640513929","OXY_CH1","26.909","min","160.472","µmol/L","Humid","23.089","deg","43393","µV","27.305","°C","1018.000","hPa","35.3","pmil","0","55.520","deg","20.000","°C","100.000","%a.s.","21.750","deg","20.000","°C","977.000","hPa","0.861","-0.02617","0.00035","0","0","13.56","Humid","24.85","0","70.00","286744.54","SABD0000000001","AAV1.0.0.11","1.1.2.0","PSt7-10","170328-006","1/4/2020 10:31:52","0000-00","0","no battery","V"
"11/02/2020","11:41:18","1","default","640513929","OXY_CH1","26.925","min","160.440","µmol/L","Humid","23.093","deg","43389","µV","27.300","°C","1018.000","hPa","35.3","pmil","0","55.520","deg","20.000","°C","100.000","%a.s.","21.750","deg","20.000","°C","977.000","hPa","0.861","-0.02617","0.00035","0","0","13.56","Humid","24.85","0","70.00","286755.51","SABD0000000001","AAV1.0.0.11","1.1.2.0","PSt7-10","170328-006","1/4/2020 10:31:52","0000-00","0","no battery","V"
"11/02/2020","11:41:19","1","default","640513929","OXY_CH1","26.942","min","160.388","µmol/L","Humid","23.092","deg","43397","µV","27.314","°C","1018.000","hPa","35.3","pmil","0","55.520","deg","20.000","°C","100.000","%a.s.","21.750","deg","20.000","°C","977.000","hPa","0.861","-0.02617","0.00035","0","0","13.56","Humid","24.85","0","70.00","286743.51","SABD0000000001","AAV1.0.0.11","1.1.2.0","PSt7-10","170328-006","1/4/2020 10:31:52","0000-00","0","no battery","V"
"11/02/2020","11:41:20","1","default","640513929","OXY_CH1","26.958","min","160.237","µmol/L","Humid","23.101","deg","43394","µV","27.320","°C","1018.000","hPa","35.3","pmil","0","55.520","deg","20.000","°C","100.000","%a.s.","21.750","deg","20.000","°C","977.000","hPa","0.861","-0.02617","0.00035","0","0","13.56","Humid","24.85","0","70.00","286750.58","SABD0000000001","AAV1.0.0.11","1.1.2.0","PSt7-10","170328-006","1/4/2020 10:31:52","0000-00","0","no battery","V"
"11/02/2020","11:41:21","1","default","640513929","OXY_CH1","26.975","min","160.383","µmol/L","Humid","23.096","deg","43400","µV","27.303","°C","1018.000","hPa","35.3","pmil","0","55.520","deg","20.000","°C","100.000","%a.s.","21.750","deg","20.000","°C","977.000","hPa","0.861","-0.02617","0.00035","0","0","13.56","Humid","24.85","0","70.00","286747.17","SABD0000000001","AAV1.0.0.11","1.1.2.0","PSt7-10","170328-006","1/4/2020 10:31:52","0000-00","0","no battery","V"
"11/02/2020","11:41:22","1","default","640513929","OXY_CH1","26.992","min","160.336","µmol/L","Humid","23.099","deg","43403","µV","27.305","°C","1018.000","hPa","35.3","pmil","0","55.520","deg","20.000","°C","100.000","%a.s.","21.750","deg","20.000","°C","977.000","hPa","0.861","-0.02617","0.00035","0","0","13.56","Humid","24.85","0","70.00","286746.35","SABD0000000001","AAV1.0.0.11","1.1.2.0","PSt7-10","170328-006","1/4/2020 10:31:52","0000-00","0","no battery","V"
"11/02/2020","11:41:23","1","default","640513929","OXY_CH1","27.009","min","160.413","µmol/L","Humid","23.091","deg","43404","µV","27.311","°C","1018.000","hPa","35.3","pmil","0","55.520","deg","20.000","°C","100.000","%a.s.","21.750","deg","20.000","°C","977.000","hPa","0.861","-0.02617","0.00035","0","0","13.56","Humid","24.85","0","70.00","286751.41","SABD0000000001","AAV1.0.0.11","1.1.2.0","PSt7-10","170328-006","1/4/2020 10:31:52","0000-00","0","no battery","V"
"11/02/2020","11:41:24","1","default","640513929","OXY_CH1","27.026","min","160.194","µmol/L","Humid","23.104","deg","43395","µV","27.320","°C","1018.000","hPa","35.3","pmil","0","55.520","deg","20.000","°C","100.000","%a.s.","21.750","deg","20.000","°C","977.000","hPa","0.861","-0.02617","0.00035","0","0","13.56","Humid","24.85","0","70.00","286745.27","SABD0000000001","AAV1.0.0.11","1.1.2.0","PSt7-10","170328-006","1/4/2020 10:31:52","0000-00","0","no battery","V"
"11/02/2020","11:41:25","1","default","640513929","OXY_CH1","27.042","min","160.243","µmol/L","Humid","23.098","deg","43399","µV","27.327","°C","1018.000","hPa","35.3","pmil","0","55.520","deg","20.000","°C","100.000","%a.s.","21.750","deg","20.000","°C","977.000","hPa","0.861","-0.02617","0.00035","0","0","13.56","Humid","24.85","0","70.00","286734.21","SABD0000000001","AAV1.0.0.11","1.1.2.0","PSt7-10","170328-006","1/4/2020 10:31:52","0000-00","0","no battery","V"
"11/02/2020","11:41:26","1","default","640513929","OXY_CH1","27.059","min","160.364","µmol/L","Humid","23.098","deg","43397","µV","27.302","°C","1018.000","hPa","35.3","pmil","0","55.520","deg","20.000","°C","100.000","%a.s.","21.750","deg","20.000","°C","977.000","hPa","0.861","-0.02617","0.00035","0","0","13.56","Humid","24.85","0","70.00","286749.38","SABD0000000001","AAV1.0.0.11","1.1.2.0","PSt7-10","170328-006","1/4/2020 10:31:52","0000-00","0","no battery","V"
"11/02/2020","11:41:27","1","default","640513929","OXY_CH1","27.075","min","160.256","µmol/L","Humid","23.100","deg","43399","µV","27.319","°C","1018.000","hPa","35.3","pmil","0","55.520","deg","20.000","°C","100.000","%a.s.","21.750","deg","20.000","°C","977.000","hPa","0.861","-0.02617","0.00035","0","0","13.56","Humid","24.85","0","70.00","286740.11","SABD0000000001","AAV1.0.0.11","1.1.2.0","PSt7-10","170328-006","1/4/2020 10:31:52","0000-00","0","no battery","V"
"11/02/2020","11:41:28","1","default","640513929","OXY_CH1","27.092","min","160.310","µmol/L","Humid","23.096","deg","43402","µV","27.319","°C","1018.000","hPa","35.3","pmil","0","55.520","deg","20.000","°C","100.000","%a.s.","21.750","deg","20.000","°C","977.000","hPa","0.861","-0.02617","0.00035","0","0","13.56","Humid","24.85","0","70.00","286741.70","SABD0000000001","AAV1.0.0.11","1.1.2.0","PSt7-10","170328-006","1/4/2020 10:31:52","0000-00","0","no battery","V"
"11/02/2020","11:41:29","1","default","640513929","OXY_CH1","27.108","min","160.295","µmol/L","Humid","23.100","deg","43410","µV","27.310","°C","1018.000","hPa","35.3","pmil","0","55.520","deg","20.000","°C","100.000","%a.s.","21.750","deg","20.000","°C","977.000","hPa","0.861","-0.02617","0.00035","0","0","13.56","Humid","24.85","0","70.00","286734.84","SABD0000000001","AAV1.0.0.11","1.1.2.0","PSt7-10","170328-006","1/4/2020 10:31:52","0000-00","0","no battery","V"
"11/02/2020","11:41:30","1","default","640513929","OXY_CH1","27.125","min","160.338","µmol/L","Humid","23.097","deg","43412","µV","27.310","°C","1018.000","hPa","35.3","pmil","0","55.520","deg","20.000","°C","100.000","%a.s.","21.750","deg","20.000","°C","977.000","hPa","0.861","-0.02617","0.00035","0","0","13.56","Humid","24.85","0","70.00","286747.19","SABD0000000001","AAV1.0.0.11","1.1.2.0","PSt7-10","170328-006","1/4/2020 10:31:52","0000-00","0","no battery","V"
"11/02/2020","11:41:31","1","default","640513929","OXY_CH1","27.142","min","160.286","µmol/L","Humid","23.105","deg","43411","µV","27.298","°C","1018.000","hPa","35.3","pmil","0","55.520","deg","20.000","°C","100.000","%a.s.","21.750","deg","20.000","°C","977.000","hPa","0.861","-0.02617","0.00035","0","0","13.56","Humid","24.85","0","70.00","286748.38","SABD0000000001","AAV1.0.0.11","1.1.2.0","PSt7-10","170328-006","1/4/2020 10:31:52","0000-00","0","no battery","V"
"11/02/2020","11:41:32","1","default","640513929","OXY_CH1","27.159","min","160.264","µmol/L","Humid","23.106","deg","43411","µV","27.300","°C","1018.000","hPa","35.3","pmil","0","55.520","deg","20.000","°C","100.000","%a.s.","21.750","deg","20.000","°C","977.000","hPa","0.861","-0.02617","0.00035","0","0","13.56","Humid","24.85","0","70.00","286750.83","SABD0000000001","AAV1.0.0.11","1.1.2.0","PSt7-10","170328-006","1/4/2020 10:31:52","0000-00","0","no battery","V"
"11/02/2020","11:41:33","1","default","640513929","OXY_CH1","27.176","min","160.369","µmol/L","Humid","23.098","deg","43413","µV","27.301","°C","1018.000","hPa","35.3","pmil","0","55.520","deg","20.000","°C","100.000","%a.s.","21.750","deg","20.000","°C","977.000","hPa","0.861","-0.02617","0.00035","0","0","13.56","Humid","24.85","0","70.00","286744.15","SABD0000000001","AAV1.0.0.11","1.1.2.0","PSt7-10","170328-006","1/4/2020 10:31:52","0000-00","0","no battery","V"
"11/02/2020","11:41:34","1","default","640513929","OXY_CH1","27.192","min","160.249","µmol/L","Humid","23.102","deg","43414","µV","27.315","°C","1018.000","hPa","35.3","pmil","0","55.520","deg","20.000","°C","100.000","%a.s.","21.750","deg","20.000","°C","977.000","hPa","0.861","-0.02617","0.00035","0","0","13.56","Humid","24.85","0","70.00","286736.30","SABD0000000001","AAV1.0.0.11","1.1.2.0","PSt7-10","170328-006","1/4/2020 10:31:52","0000-00","0","no battery","V"
"11/02/2020","11:41:35","1","default","640513929","OXY_CH1","27.209","min","160.204","µmol/L","Humid","23.104","deg","43416","µV","27.318","°C","1018.000","hPa","35.3","pmil","0","55.520","deg","20.000","°C","100.000","%a.s.","21.750","deg","20.000","°C","977.000","hPa","0.861","-0.02617","0.00035","0","0","13.56","Humid","24.85","0","70.00","286739.60","SABD0000000001","AAV1.0.0.11","1.1.2.0","PSt7-10","170328-006","1/4/2020 10:31:52","0000-00","0","no battery","V"
"11/02/2020","11:41:36","1","default","640513929","OXY_CH1","27.226","min","160.273","µmol/L","Humid","23.104","deg","43423","µV","27.304","°C","1018.000","hPa","35.3","pmil","0","55.520","deg","20.000","°C","100.000","%a.s.","21.750","deg","20.000","°C","977.000","hPa","0.861","-0.02617","0.00035","0","0","13.56","Humid","24.85","0","70.00","286734.06","SABD0000000001","AAV1.0.0.11","1.1.2.0","PSt7-10","170328-006","1/4/2020 10:31:52","0000-00","0","no battery","V"
"11/02/2020","11:41:37","1","default","640513929","OXY_CH1","27.242","min","160.209","µmol/L","Humid","23.106","deg","43416","µV","27.311","°C","1018.000","hPa","35.3","pmil","0","55.520","deg","20.000","°C","100.000","%a.s.","21.750","deg","20.000","°C","977.000","hPa","0.861","-0.02617","0.00035","0","0","13.56","Humid","24.85","0","70.00","286745.89","SABD0000000001","AAV1.0.0.11","1.1.2.0","PSt7-10","170328-006","1/4/2020 10:31:52","0000-00","0","no battery","V"
"11/02/2020","11:41:38","1","default","640513929","OXY_CH1","27.258","min","160.175","µmol/L","Humid","23.108","deg","43423","µV","27.313","°C","1018.000","hPa","35.3","pmil","0","55.520","deg","20.000","°C","100.000","%a.s.","21.750","deg","20.000","°C","977.000","hPa","0.861","-0.02617","0.00035","0","0","13.56","Humid","24.85","0","70.00","286741.10","SABD0000000001","AAV1.0.0.11","1.1.2.0","PSt7-10","170328-006","1/4/2020 10:31:52","0000-00","0","no battery","V"
"11/02/2020","11:41:39","1","default","640513929","OXY_CH1","27.275","min","160.203","µmol/L","Humid","23.107","deg","43420","µV","27.310","°C","1018.000","hPa","35.3","pmil","0","55.520","deg","20.000","°C","100.000","%a.s.","21.750","deg","20.000","°C","977.000","hPa","0.861","-0.02617","0.00035","0","0","13.56","Humid","24.85","0","70.00","286739.52","SABD0000000001","AAV1.0.0.11","1.1.2.0","PSt7-10","170328-006","1/4/2020 10:31:52","0000-00","0","no battery","V"
"11/02/2020","11:41:40","1","default","640513929","OXY_CH1","27.292","min","160.264","µmol/L","Humid","23.108","deg","43423","µV","27.294","°C","1018.000","hPa","35.3","pmil","0","55.520","deg","20.000","°C","100.000","%a.s.","21.750","deg","20.000","°C","977.000","hPa","0.861","-0.02617","0.00035","0","0","13.56","Humid","24.85","0","70.00","286743.82","SABD0000000001","AAV1.0.0.11","1.1.2.0","PSt7-10","170328-006","1/4/2020 10:31:52","0000-00","0","no battery","V"
"11/02/2020","11:41:41","1","default","640513929","OXY_CH1","27.309","min","160.173","µmol/L","Humid","23.115","deg","43424","µV","27.293","°C","1018.000","hPa","35.3","pmil","0","55.520","deg","20.000","°C","100.000","%a.s.","21.750","deg","20.000","°C","977.000","hPa","0.861","-0.02617","0.00035","0","0","13.56","Humid","24.85","0","70.00","286739.40","SABD0000000001","AAV1.0.0.11","1.1.2.0","PSt7-10","170328-006","1/4/2020 10:31:52","0000-00","0","no battery","V"
"11/02/2020","11:41:42","1","default","640513929","OXY_CH1","27.325","min","160.263","µmol/L","Humid","23.104","deg","43418","µV","27.306","°C","1018.000","hPa","35.3","pmil","0","55.520","deg","20.000","°C","100.000","%a.s.","21.750","deg","20.000","°C","977.000","hPa","0.861","-0.02617","0.00035","0","0","13.56","Humid","24.85","0","70.00","286742.23","SABD0000000001","AAV1.0.0.11","1.1.2.0","PSt7-10","170328-006","1/4/2020 10:31:52","0000-00","0","no battery","V"
"11/02/2020","11:41:43","1","default","640513929","OXY_CH1","27.342","min","159.952","µmol/L","Humid","23.124","deg","43417","µV","27.314","°C","1018.000","hPa","35.3","pmil","0","55.520","deg","20.000","°C","100.000","%a.s.","21.750","deg","20.000","°C","977.000","hPa","0.861","-0.02617","0.00035","0","0","13.56","Humid","24.85","0","70.00","286733.95","SABD0000000001","AAV1.0.0.11","1.1.2.0","PSt7-10","170328-006","1/4/2020 10:31:52","0000-00","0","no battery","V"
"11/02/2020","11:41:44","1","default","640513929","OXY_CH1","27.359","min","160.100","µmol/L","Humid","23.115","deg","43414","µV","27.309","°C","1018.000","hPa","35.3","pmil","0","55.520","deg","20.000","°C","100.000","%a.s.","21.750","deg","20.000","°C","977.000","hPa","0.861","-0.02617","0.00035","0","0","13.56","Humid","24.85","0","70.00","286734.30","SABD0000000001","AAV1.0.0.11","1.1.2.0","PSt7-10","170328-006","1/4/2020 10:31:52","0000-00","0","no battery","V"
"11/02/2020","11:41:45","1","default","640513929","OXY_CH1","27.376","min","160.091","µmol/L","Humid","23.117","deg","43419","µV","27.305","°C","1018.000","hPa","35.3","pmil","0","55.520","deg","20.000","°C","100.000","%a.s.","21.750","deg","20.000","°C","977.000","hPa","0.861","-0.02617","0.00035","0","0","13.56","Humid","24.85","0","70.00","286736.15","SABD0000000001","AAV1.0.0.11","1.1.2.0","PSt7-10","170328-006","1/4/2020 10:31:52","0000-00","0","no battery","V"
"11/02/2020","11:41:46","1","default","640513929","OXY_CH1","27.392","min","160.059","µmol/L","Humid","23.116","deg","43418","µV","27.315","°C","1018.000","hPa","35.3","pmil","0","55.520","deg","20.000","°C","100.000","%a.s.","21.750","deg","20.000","°C","977.000","hPa","0.861","-0.02617","0.00035","0","0","13.56","Humid","24.85","0","70.00","286740.11","SABD0000000001","AAV1.0.0.11","1.1.2.0","PSt7-10","170328-006","1/4/2020 10:31:52","0000-00","0","no battery","V"
"11/02/2020","11:41:47","1","default","640513929","OXY_CH1","27.409","min","160.095","µmol/L","Humid","23.112","deg","43423","µV","27.318","°C","1018.000","hPa","35.3","pmil","0","55.520","deg","20.000","°C","100.000","%a.s.","21.750","deg","20.000","°C","977.000","hPa","0.861","-0.02617","0.00035","0","0","13.56","Humid","24.85","0","70.00","286737.83","SABD0000000001","AAV1.0.0.11","1.1.2.0","PSt7-10","170328-006","1/4/2020 10:31:52","0000-00","0","no battery","V"
"11/02/2020","11:41:48","1","default","640513929","OXY_CH1","27.425","min","160.187","µmol/L","Humid","23.109","deg","43415","µV","27.307","°C","1018.000","hPa","35.3","pmil","0","55.520","deg","20.000","°C","100.000","%a.s.","21.750","deg","20.000","°C","977.000","hPa","0.861","-0.02617","0.00035","0","0","13.56","Humid","24.85","0","70.00","286736.23","SABD0000000001","AAV1.0.0.11","1.1.2.0","PSt7-10","170328-006","1/4/2020 10:31:52","0000-00","0","no battery","V"
"11/02/2020","11:41:49","1","default","640513929","OXY_CH1","27.442","min","160.227","µmol/L","Humid","23.112","deg","43425","µV","27.290","°C","1018.000","hPa","35.3","pmil","0","55.520","deg","20.000","°C","100.000","%a.s.","21.750","deg","20.000","°C","977.000","hPa","0.861","-0.02617","0.00035","0","0","13.56","Humid","24.85","0","70.00","286749.25","SABD0000000001","AAV1.0.0.11","1.1.2.0","PSt7-10","170328-006","1/4/2020 10:31:52","0000-00","0","no battery","V"
"11/02/2020","11:41:50","1","default","640513929","OXY_CH1","27.458","min","160.382","µmol/L","Humid","23.105","deg","43422","µV","27.278","°C","1018.000","hPa","35.3","pmil","0","55.520","deg","20.000","°C","100.000","%a.s.","21.750","deg","20.000","°C","977.000","hPa","0.861","-0.02617","0.00035","0","0","13.56","Humid","24.85","0","70.00","286730.58","SABD0000000001","AAV1.0.0.11","1.1.2.0","PSt7-10","170328-006","1/4/2020 10:31:52","0000-00","0","no battery","V"
"11/02/2020","11:41:51","1","default","640513929","OXY_CH1","27.475","min","160.166","µmol/L","Humid","23.114","deg","43429","µV","27.298","°C","1018.000","hPa","35.3","pmil","0","55.520","deg","20.000","°C","100.000","%a.s.","21.750","deg","20.000","°C","977.000","hPa","0.861","-0.02617","0.00035","0","0","13.56","Humid","24.85","0","70.00","286738.00","SABD0000000001","AAV1.0.0.11","1.1.2.0","PSt7-10","170328-006","1/4/2020 10:31:52","0000-00","0","no battery","V"
"11/02/2020","11:41:52","1","default","640513929","OXY_CH1","27.492","min","160.142","µmol/L","Humid","23.115","deg","43426","µV","27.300","°C","1018.000","hPa","35.3","pmil","0","55.520","deg","20.000","°C","100.000","%a.s.","21.750","deg","20.000","°C","977.000","hPa","0.861","-0.02617","0.00035","0","0","13.56","Humid","24.85","0","70.00","286730.92","SABD0000000001","AAV1.0.0.11","1.1.2.0","PSt7-10","170328-006","1/4/2020 10:31:52","0000-00","0","no battery","V"
"11/02/2020","11:41:53","1","default","640513929","OXY_CH1","27.509","min","160.095","µmol/L","Humid","23.121","deg","43426","µV","27.293","°C","1018.000","hPa","35.3","pmil","0","55.520","deg","20.000","°C","100.000","%a.s.","21.750","deg","20.000","°C","977.000","hPa","0.861","-0.02617","0.00035","0","0","13.56","Humid","24.85","0","70.00","286733.12","SABD0000000001","AAV1.0.0.11","1.1.2.0","PSt7-10","170328-006","1/4/2020 10:31:52","0000-00","0","no battery","V"
"11/02/2020","11:41:54","1","default","640513929","OXY_CH1","27.525","min","160.109","µmol/L","Humid","23.117","deg","43430","µV","27.301","°C","1018.000","hPa","35.3","pmil","0","55.520","deg","20.000","°C","100.000","%a.s.","21.750","deg","20.000","°C","977.000","hPa","0.861","-0.02617","0.00035","0","0","13.56","Humid","24.85","0","70.00","286735.32","SABD0000000001","AAV1.0.0.11","1.1.2.0","PSt7-10","170328-006","1/4/2020 10:31:52","0000-00","0","no battery","V"
"11/02/2020","11:41:55","1","default","640513929","OXY_CH1","27.542","min","160.222","µmol/L","Humid","23.110","deg","43424","µV","27.297","°C","1018.000","hPa","35.3","pmil","0","55.520","deg","20.000","°C","100.000","%a.s.","21.750","deg","20.000","°C","977.000","hPa","0.861","-0.02617","0.00035","0","0","13.56","Humid","24.85","0","70.00","286733.02","SABD0000000001","AAV1.0.0.11","1.1.2.0","PSt7-10","170328-006","1/4/2020 10:31:52","0000-00","0","no battery","V"
"11/02/2020","11:41:56","1","default","640513929","OXY_CH1","27.559","min","160.109","µmol/L","Humid","23.117","deg","43431","µV","27.301","°C","1018.000","hPa","35.3","pmil","0","55.520","deg","20.000","°C","100.000","%a.s.","21.750","deg","20.000","°C","977.000","hPa","0.861","-0.02617","0.00035","0","0","13.56","Humid","24.85","0","70.00","286738.82","SABD0000000001","AAV1.0.0.11","1.1.2.0","PSt7-10","170328-006","1/4/2020 10:31:52","0000-00","0","no battery","V"
"11/02/2020","11:41:57","1","default","640513929","OXY_CH1","27.576","min","160.158","µmol/L","Humid","23.112","deg","43435","µV","27.305","°C","1018.000","hPa","35.3","pmil","0","55.520","deg","20.000","°C","100.000","%a.s.","21.750","deg","20.000","°C","977.000","hPa","0.861","-0.02617","0.00035","0","0","13.56","Humid","24.85","0","70.00","286744.62","SABD0000000001","AAV1.0.0.11","1.1.2.0","PSt7-10","170328-006","1/4/2020 10:31:52","0000-00","0","no battery","V"
"11/02/2020","11:41:58","1","default","640513929","OXY_CH1","27.592","min","160.103","µmol/L","Humid","23.121","deg","43429","µV","27.291","°C","1018.000","hPa","35.3","pmil","0","55.520","deg","20.000","°C","100.000","%a.s.","21.750","deg","20.000","°C","977.000","hPa","0.861","-0.02617","0.00035","0","0","13.56","Humid","24.85","0","70.00","286738.89","SABD0000000001","AAV1.0.0.11","1.1.2.0","PSt7-10","170328-006","1/4/2020 10:31:52","0000-00","0","no battery","V"
"11/02/2020","11:41:59","1","default","640513929","OXY_CH1","27.608","min","160.138","µmol/L","Humid","23.116","deg","43437","µV","27.298","°C","1018.000","hPa","35.3","pmil","0","55.520","deg","20.000","°C","100.000","%a.s.","21.750","deg","20.000","°C","977.000","hPa","0.861","-0.02617","0.00035","0","0","13.56","Humid","24.85","0","70.00","286735.95","SABD0000000001","AAV1.0.0.11","1.1.2.0","PSt7-10","170328-006","1/4/2020 10:31:52","0000-00","0","no battery","V"
"11/02/2020","11:42:00","1","default","640513929","OXY_CH1","27.625","min","160.177","µmol/L","Humid","23.120","deg","43433","µV","27.278","°C","1018.000","hPa","35.3","pmil","0","55.520","deg","20.000","°C","100.000","%a.s.","21.750","deg","20.000","°C","977.000","hPa","0.861","-0.02617","0.00035","0","0","13.56","Humid","24.85","0","70.00","286723.25","SABD0000000001","AAV1.0.0.11","1.1.2.0","PSt7-10","170328-006","1/4/2020 10:31:52","0000-00","0","no battery","V"
"11/02/2020","11:42:01","1","default","640513929","OXY_CH1","27.642","min","160.126","µmol/L","Humid","23.119","deg","43438","µV","27.292","°C","1018.000","hPa","35.3","pmil","0","55.520","deg","20.000","°C","100.000","%a.s.","21.750","deg","20.000","°C","977.000","hPa","0.861","-0.02617","0.00035","0","0","13.56","Humid","24.85","0","70.00","286734.27","SABD0000000001","AAV1.0.0.11","1.1.2.0","PSt7-10","170328-006","1/4/2020 10:31:52","0000-00","0","no battery","V"
"11/02/2020","11:42:02","1","default","640513929","OXY_CH1","27.658","min","160.131","µmol/L","Humid","23.111","deg","43439","µV","27.314","°C","1018.000","hPa","35.3","pmil","0","55.520","deg","20.000","°C","100.000","%a.s.","21.750","deg","20.000","°C","977.000","hPa","0.861","-0.02617","0.00035","0","0","13.56","Humid","24.85","0","70.00","286722.57","SABD0000000001","AAV1.0.0.11","1.1.2.0","PSt7-10","170328-006","1/4/2020 10:31:52","0000-00","0","no battery","V"
"11/02/2020","11:42:03","1","default","640513929","OXY_CH1","27.675","min","160.067","µmol/L","Humid","23.122","deg","43445","µV","27.296","°C","1018.000","hPa","35.3","pmil","0","55.520","deg","20.000","°C","100.000","%a.s.","21.750","deg","20.000","°C","977.000","hPa","0.861","-0.02617","0.00035","0","0","13.56","Humid","24.85","0","70.00","286727.36","SABD0000000001","AAV1.0.0.11","1.1.2.0","PSt7-10","170328-006","1/4/2020 10:31:52","0000-00","0","no battery","V"
"11/02/2020","11:42:04","1","default","640513929","OXY_CH1","27.692","min","160.126","µmol/L","Humid","23.119","deg","43439","µV","27.292","°C","1018.000","hPa","35.3","pmil","0","55.520","deg","20.000","°C","100.000","%a.s.","21.750","deg","20.000","°C","977.000","hPa","0.861","-0.02617","0.00035","0","0","13.56","Humid","24.85","0","70.00","286721.79","SABD0000000001","AAV1.0.0.11","1.1.2.0","PSt7-10","170328-006","1/4/2020 10:31:52","0000-00","0","no battery","V"
"11/02/2020","11:42:05","1","default","640513929","OXY_CH1","27.709","min","160.184","µmol/L","Humid","23.114","deg","43442","µV","27.294","°C","1018.000","hPa","35.3","pmil","0","55.520","deg","20.000","°C","100.000","%a.s.","21.750","deg","20.000","°C","977.000","hPa","0.861","-0.02617","0.00035","0","0","13.56","Humid","24.85","0","70.00","286726.52","SABD0000000001","AAV1.0.0.11","1.1.2.0","PSt7-10","170328-006","1/4/2020 10:31:52","0000-00","0","no battery","V"
"11/02/2020","11:42:06","1","default","640513929","OXY_CH1","27.726","min","160.032","µmol/L","Humid","23.123","deg","43446","µV","27.300","°C","1018.000","hPa","35.3","pmil","0","55.520","deg","20.000","°C","100.000","%a.s.","21.750","deg","20.000","°C","977.000","hPa","0.861","-0.02617","0.00035","0","0","13.56","Humid","24.85","0","70.00","286728.79","SABD0000000001","AAV1.0.0.11","1.1.2.0","PSt7-10","170328-006","1/4/2020 10:31:52","0000-00","0","no battery","V"
"11/02/2020","11:42:07","1","default","640513929","OXY_CH1","27.742","min","160.039","µmol/L","Humid","23.123","deg","43446","µV","27.299","°C","1018.000","hPa","35.3","pmil","0","55.520","deg","20.000","°C","100.000","%a.s.","21.750","deg","20.000","°C","977.000","hPa","0.861","-0.02617","0.00035","0","0","13.56","Humid","24.85","0","70.00","286730.61","SABD0000000001","AAV1.0.0.11","1.1.2.0","PSt7-10","170328-006","1/4/2020 10:31:52","0000-00","0","no battery","V"
"11/02/2020","11:42:08","1","default","640513929","OXY_CH1","27.759","min","160.072","µmol/L","Humid","23.122","deg","43444","µV","27.295","°C","1018.000","hPa","35.3","pmil","0","55.520","deg","20.000","°C","100.000","%a.s.","21.750","deg","20.000","°C","977.000","hPa","0.861","-0.02617","0.00035","0","0","13.56","Humid","24.85","0","70.00","286730.75","SABD0000000001","AAV1.0.0.11","1.1.2.0","PSt7-10","170328-006","1/4/2020 10:31:52","0000-00","0","no battery","V"
"11/02/2020","11:42:09","1","default","640513929","OXY_CH1","27.776","min","160.103","µmol/L","Humid","23.120","deg","43443","µV","27.294","°C","1018.000","hPa","35.3","pmil","0","55.520","deg","20.000","°C","100.000","%a.s.","21.750","deg","20.000","°C","977.000","hPa","0.861","-0.02617","0.00035","0","0","13.56","Humid","24.85","0","70.00","286720.91","SABD0000000001","AAV1.0.0.11","1.1.2.0","PSt7-10","170328-006","1/4/2020 10:31:52","0000-00","0","no battery","V"
"11/02/2020","11:42:10","1","default","640513929","OXY_CH1","27.792","min","160.146","µmol/L","Humid","23.122","deg","43443","µV","27.279","°C","1018.000","hPa","35.3","pmil","0","55.520","deg","20.000","°C","100.000","%a.s.","21.750","deg","20.000","°C","977.000","hPa","0.861","-0.02617","0.00035","0","0","13.56","Humid","24.85","0","70.00","286733.10","SABD0000000001","AAV1.0.0.11","1.1.2.0","PSt7-10","170328-006","1/4/2020 10:31:52","0000-00","0","no battery","V"
"11/02/2020","11:42:11","1","default","640513929","OXY_CH1","27.808","min","160.074","µmol/L","Humid","23.123","deg","43441","µV","27.291","°C","1018.000","hPa","35.3","pmil","0","55.520","deg","20.000","°C","100.000","%a.s.","21.750","deg","20.000","°C","977.000","hPa","0.861","-0.02617","0.00035","0","0","13.56","Humid","24.85","0","70.00","286729.85","SABD0000000001","AAV1.0.0.11","1.1.2.0","PSt7-10","170328-006","1/4/2020 10:31:52","0000-00","0","no battery","V"
"11/02/2020","11:42:12","1","default","640513929","OXY_CH1","27.825","min","160.057","µmol/L","Humid","23.125","deg","43447","µV","27.289","°C","1018.000","hPa","35.3","pmil","0","55.520","deg","20.000","°C","100.000","%a.s.","21.750","deg","20.000","°C","977.000","hPa","0.861","-0.02617","0.00035","0","0","13.56","Humid","24.85","0","70.00","286724.46","SABD0000000001","AAV1.0.0.11","1.1.2.0","PSt7-10","170328-006","1/4/2020 10:31:52","0000-00","0","no battery","V"
"11/02/2020","11:42:13","1","default","640513929","OXY_CH1","27.842","min","160.182","µmol/L","Humid","23.119","deg","43446","µV","27.280","°C","1018.000","hPa","35.3","pmil","0","55.520","deg","20.000","°C","100.000","%a.s.","21.750","deg","20.000","°C","977.000","hPa","0.861","-0.02617","0.00035","0","0","13.56","Humid","24.85","0","70.00","286725.56","SABD0000000001","AAV1.0.0.11","1.1.2.0","PSt7-10","170328-006","1/4/2020 10:31:52","0000-00","0","no battery","V"
"11/02/2020","11:42:14","1","default","640513929","OXY_CH1","27.859","min","160.007","µmol/L","Humid","23.130","deg","43443","µV","27.285","°C","1018.000","hPa","35.3","pmil","0","55.520","deg","20.000","°C","100.000","%a.s.","21.750","deg","20.000","°C","977.000","hPa","0.861","-0.02617","0.00035","0","0","13.56","Humid","24.85","0","70.00","286723.11","SABD0000000001","AAV1.0.0.11","1.1.2.0","PSt7-10","170328-006","1/4/2020 10:31:52","0000-00","0","no battery","V"
"11/02/2020","11:42:15","1","default","640513929","OXY_CH1","27.875","min","160.012","µmol/L","Humid","23.130","deg","43440","µV","27.284","°C","1018.000","hPa","35.3","pmil","0","55.520","deg","20.000","°C","100.000","%a.s.","21.750","deg","20.000","°C","977.000","hPa","0.861","-0.02617","0.00035","0","0","13.56","Humid","24.85","0","70.00","286712.19","SABD0000000001","AAV1.0.0.11","1.1.2.0","PSt7-10","170328-006","1/4/2020 10:31:52","0000-00","0","no battery","V"
"11/02/2020","11:42:16","1","default","640513929","OXY_CH1","27.892","min","160.028","µmol/L","Humid","23.127","deg","43445","µV","27.290","°C","1018.000","hPa","35.3","pmil","0","55.520","deg","20.000","°C","100.000","%a.s.","21.750","deg","20.000","°C","977.000","hPa","0.861","-0.02617","0.00035","0","0","13.56","Humid","24.85","0","70.00","286725.99","SABD0000000001","AAV1.0.0.11","1.1.2.0","PSt7-10","170328-006","1/4/2020 10:31:52","0000-00","0","no battery","V"
"11/02/2020","11:42:17","1","default","640513929","OXY_CH1","27.909","min","160.091","µmol/L","Humid","23.123","deg","43438","µV","27.288","°C","1018.000","hPa","35.3","pmil","0","55.520","deg","20.000","°C","100.000","%a.s.","21.750","deg","20.000","°C","977.000","hPa","0.861","-0.02617","0.00035","0","0","13.56","Humid","24.85","0","70.00","286721.05","SABD0000000001","AAV1.0.0.11","1.1.2.0","PSt7-10","170328-006","1/4/2020 10:31:52","0000-00","0","no battery","V"
"11/02/2020","11:42:18","1","default","640513929","OXY_CH1","27.926","min","160.070","µmol/L","Humid","23.125","deg","43440","µV","27.286","°C","1018.000","hPa","35.3","pmil","0","55.520","deg","20.000","°C","100.000","%a.s.","21.750","deg","20.000","°C","977.000","hPa","0.861","-0.02617","0.00035","0","0","13.56","Humid","24.85","0","70.00","286725.35","SABD0000000001","AAV1.0.0.11","1.1.2.0","PSt7-10","170328-006","1/4/2020 10:31:52","0000-00","0","no battery","V"
"11/02/2020","11:42:19","1","default","640513929","OXY_CH1","27.942","min","159.914","µmol/L","Humid","23.140","deg","43438","µV","27.276","°C","1018.000","hPa","35.3","pmil","0","55.520","deg","20.000","°C","100.000","%a.s.","21.750","deg","20.000","°C","977.000","hPa","0.861","-0.02617","0.00035","0","0","13.56","Humid","24.85","0","70.00","286714.53","SABD0000000001","AAV1.0.0.11","1.1.2.0","PSt7-10","170328-006","1/4/2020 10:31:52","0000-00","0","no battery","V"
"11/02/2020","11:42:20","1","default","640513929","OXY_CH1","27.958","min","159.982","µmol/L","Humid","23.136","deg","43448","µV","27.274","°C","1018.000","hPa","35.3","pmil","0","55.520","deg","20.000","°C","100.000","%a.s.","21.750","deg","20.000","°C","977.000","hPa","0.861","-0.02617","0.00035","0","0","13.56","Humid","24.85","0","70.00","286715.65","SABD0000000001","AAV1.0.0.11","1.1.2.0","PSt7-10","170328-006","1/4/2020 10:31:52","0000-00","0","no battery","V"
"11/02/2020","11:42:21","1","default","640513929","OXY_CH1","27.975","min","160.093","µmol/L","Humid","23.123","deg","43452","µV","27.287","°C","1018.000","hPa","35.3","pmil","0","55.520","deg","20.000","°C","100.000","%a.s.","21.750","deg","20.000","°C","977.000","hPa","0.861","-0.02617","0.00035","0","0","13.56","Humid","24.85","0","70.00","286722.35","SABD0000000001","AAV1.0.0.11","1.1.2.0","PSt7-10","170328-006","1/4/2020 10:31:52","0000-00","0","no battery","V"
"11/02/2020","11:42:22","1","default","640513929","OXY_CH1","27.992","min","159.800","µmol/L","Humid","23.138","deg","43446","µV","27.306","°C","1018.000","hPa","35.3","pmil","0","55.520","deg","20.000","°C","100.000","%a.s.","21.750","deg","20.000","°C","977.000","hPa","0.861","-0.02617","0.00035","0","0","13.56","Humid","24.85","0","70.00","286721.65","SABD0000000001","AAV1.0.0.11","1.1.2.0","PSt7-10","170328-006","1/4/2020 10:31:52","0000-00","0","no battery","V"
"11/02/2020","11:42:23","1","default","640513929","OXY_CH1","28.009","min","159.966","µmol/L","Humid","23.131","deg","43448","µV","27.291","°C","1018.000","hPa","35.3","pmil","0","55.520","deg","20.000","°C","100.000","%a.s.","21.750","deg","20.000","°C","977.000","hPa","0.861","-0.02617","0.00035","0","0","13.56","Humid","24.85","0","70.00","286714.11","SABD0000000001","AAV1.0.0.11","1.1.2.0","PSt7-10","170328-006","1/4/2020 10:31:52","0000-00","0","no battery","V"
"11/02/2020","11:42:24","1","default","640513929","OXY_CH1","28.025","min","159.971","µmol/L","Humid","23.130","deg","43448","µV","27.293","°C","1018.000","hPa","35.3","pmil","0","55.520","deg","20.000","°C","100.000","%a.s.","21.750","deg","20.000","°C","977.000","hPa","0.861","-0.02617","0.00035","0","0","13.56","Humid","24.85","0","70.00","286724.47","SABD0000000001","AAV1.0.0.11","1.1.2.0","PSt7-10","170328-006","1/4/2020 10:31:52","0000-00","0","no battery","V"
"11/02/2020","11:42:25","1","default","640513929","OXY_CH1","28.042","min","159.787","µmol/L","Humid","23.144","deg","43448","µV","27.292","°C","1018.000","hPa","35.3","pmil","0","55.520","deg","20.000","°C","100.000","%a.s.","21.750","deg","20.000","°C","977.000","hPa","0.861","-0.02617","0.00035","0","0","13.56","Humid","24.85","0","70.00","286724.96","SABD0000000001","AAV1.0.0.11","1.1.2.0","PSt7-10","170328-006","1/4/2020 10:31:52","0000-00","0","no battery","V"
"11/02/2020","11:42:26","1","default","640513929","OXY_CH1","28.059","min","159.908","µmol/L","Humid","23.137","deg","43444","µV","27.286","°C","1018.000","hPa","35.3","pmil","0","55.520","deg","20.000","°C","100.000","%a.s.","21.750","deg","20.000","°C","977.000","hPa","0.861","-0.02617","0.00035","0","0","13.56","Humid","24.85","0","70.00","286724.36","SABD0000000001","AAV1.0.0.11","1.1.2.0","PSt7-10","170328-006","1/4/2020 10:31:52","0000-00","0","no battery","V"
"11/02/2020","11:42:27","1","default","640513929","OXY_CH1","28.076","min","159.981","µmol/L","Humid","23.132","deg","43446","µV","27.285","°C","1018.000","hPa","35.3","pmil","0","55.520","deg","20.000","°C","100.000","%a.s.","21.750","deg","20.000","°C","977.000","hPa","0.861","-0.02617","0.00035","0","0","13.56","Humid","24.85","0","70.00","286717.99","SABD0000000001","AAV1.0.0.11","1.1.2.0","PSt7-10","170328-006","1/4/2020 10:31:52","0000-00","0","no battery","V"
"11/02/2020","11:42:28","1","default","640513929","OXY_CH1","28.092","min","159.882","µmol/L","Humid","23.139","deg","43444","µV","27.286","°C","1018.000","hPa","35.3","pmil","0","55.520","deg","20.000","°C","100.000","%a.s.","21.750","deg","20.000","°C","977.000","hPa","0.861","-0.02617","0.00035","0","0","13.56","Humid","24.85","0","70.00","286708.97","SABD0000000001","AAV1.0.0.11","1.1.2.0","PSt7-10","170328-006","1/4/2020 10:31:52","0000-00","0","no battery","V"
"11/02/2020","11:42:29","1","default","640513929","OXY_CH1","28.108","min","159.895","µmol/L","Humid","23.138","deg","43446","µV","27.286","°C","1018.000","hPa","35.3","pmil","0","55.520","deg","20.000","°C","100.000","%a.s.","21.750","deg","20.000","°C","977.000","hPa","0.861","-0.02617","0.00035","0","0","13.56","Humid","24.85","0","70.00","286702.62","SABD0000000001","AAV1.0.0.11","1.1.2.0","PSt7-10","170328-006","1/4/2020 10:31:52","0000-00","0","no battery","V"
"11/02/2020","11:42:30","1","default","640513929","OXY_CH1","28.125","min","160.132","µmol/L","Humid","23.129","deg","43440","µV","27.262","°C","1018.000","hPa","35.3","pmil","0","55.520","deg","20.000","°C","100.000","%a.s.","21.750","deg","20.000","°C","977.000","hPa","0.861","-0.02617","0.00035","0","0","13.56","Humid","24.85","0","70.00","286713.01","SABD0000000001","AAV1.0.0.11","1.1.2.0","PSt7-10","170328-006","1/4/2020 10:31:52","0000-00","0","no battery","V"
"11/02/2020","11:42:31","1","default","640513929","OXY_CH1","28.142","min","159.905","µmol/L","Humid","23.138","deg","43440","µV","27.284","°C","1018.000","hPa","35.3","pmil","0","55.520","deg","20.000","°C","100.000","%a.s.","21.750","deg","20.000","°C","977.000","hPa","0.861","-0.02617","0.00035","0","0","13.56","Humid","24.85","0","70.00","286708.07","SABD0000000001","AAV1.0.0.11","1.1.2.0","PSt7-10","170328-006","1/4/2020 10:31:52","0000-00","0","no battery","V"
"11/02/2020","11:42:32","1","default","640513929","OXY_CH1","28.159","min","159.970","µmol/L","Humid","23.133","deg","43445","µV","27.285","°C","1018.000","hPa","35.3","pmil","0","55.520","deg","20.000","°C","100.000","%a.s.","21.750","deg","20.000","°C","977.000","hPa","0.861","-0.02617","0.00035","0","0","13.56","Humid","24.85","0","70.00","286724.59","SABD0000000001","AAV1.0.0.11","1.1.2.0","PSt7-10","170328-006","1/4/2020 10:31:52","0000-00","0","no battery","V"
"11/02/2020","11:42:33","1","default","640513929","OXY_CH1","28.175","min","159.832","µmol/L","Humid","23.142","deg","43445","µV","27.288","°C","1018.000","hPa","35.3","pmil","0","55.520","deg","20.000","°C","100.000","%a.s.","21.750","deg","20.000","°C","977.000","hPa","0.861","-0.02617","0.00035","0","0","13.56","Humid","24.85","0","70.00","286713.84","SABD0000000001","AAV1.0.0.11","1.1.2.0","PSt7-10","170328-006","1/4/2020 10:31:52","0000-00","0","no battery","V"
"11/02/2020","11:42:34","1","default","640513929","OXY_CH1","28.192","min","159.811","µmol/L","Humid","23.145","deg","43446","µV","27.284","°C","1018.000","hPa","35.3","pmil","0","55.520","deg","20.000","°C","100.000","%a.s.","21.750","deg","20.000","°C","977.000","hPa","0.861","-0.02617","0.00035","0","0","13.56","Humid","24.85","0","70.00","286710.74","SABD0000000001","AAV1.0.0.11","1.1.2.0","PSt7-10","170328-006","1/4/2020 10:31:52","0000-00","0","no battery","V"
"11/02/2020","11:42:35","1","default","640513929","OXY_CH1","28.209","min","160.006","µmol/L","Humid","23.131","deg","43446","µV","27.283","°C","1018.000","hPa","35.3","pmil","0","55.520","deg","20.000","°C","100.000","%a.s.","21.750","deg","20.000","°C","977.000","hPa","0.861","-0.02617","0.00035","0","0","13.56","Humid","24.85","0","70.00","286715.21","SABD0000000001","AAV1.0.0.11","1.1.2.0","PSt7-10","170328-006","1/4/2020 10:31:52","0000-00","0","no battery","V"
"11/02/2020","11:42:36","1","default","640513929","OXY_CH1","28.226","min","159.872","µmol/L","Humid","23.143","deg","43447","µV","27.277","°C","1018.000","hPa","35.3","pmil","0","55.520","deg","20.000","°C","100.000","%a.s.","21.750","deg","20.000","°C","977.000","hPa","0.861","-0.02617","0.00035","0","0","13.56","Humid","24.85","0","70.00","286713.20","SABD0000000001","AAV1.0.0.11","1.1.2.0","PSt7-10","170328-006","1/4/2020 10:31:52","0000-00","0","no battery","V"
"11/02/2020","11:42:37","1","default","640513929","OXY_CH1","28.242","min","159.927","µmol/L","Humid","23.142","deg","43450","µV","27.268","°C","1018.000","hPa","35.3","pmil","0","55.520","deg","20.000","°C","100.000","%a.s.","21.750","deg","20.000","°C","977.000","hPa","0.861","-0.02617","0.00035","0","0","13.56","Humid","24.85","0","70.00","286712.43","SABD0000000001","AAV1.0.0.11","1.1.2.0","PSt7-10","170328-006","1/4/2020 10:31:52","0000-00","0","no battery","V"
"11/02/2020","11:42:38","1","default","640513929","OXY_CH1","28.259","min","159.886","µmol/L","Humid","23.142","deg","43446","µV","27.277","°C","1018.000","hPa","35.3","pmil","0","55.520","deg","20.000","°C","100.000","%a.s.","21.750","deg","20.000","°C","977.000","hPa","0.861","-0.02617","0.00035","0","0","13.56","Humid","24.85","0","70.00","286712.50","SABD0000000001","AAV1.0.0.11","1.1.2.0","PSt7-10","170328-006","1/4/2020 10:31:52","0000-00","0","no battery","V"
"11/02/2020","11:42:39","1","default","640513929","OXY_CH1","28.275","min","159.790","µmol/L","Humid","23.142","deg","43452","µV","27.297","°C","1018.000","hPa","35.3","pmil","0","55.520","deg","20.000","°C","100.000","%a.s.","21.750","deg","20.000","°C","977.000","hPa","0.861","-0.02617","0.00035","0","0","13.56","Humid","24.85","0","70.00","286711.58","SABD0000000001","AAV1.0.0.11","1.1.2.0","PSt7-10","170328-006","1/4/2020 10:31:52","0000-00","0","no battery","V"
"11/02/2020","11:42:40","1","default","640513929","OXY_CH1","28.292","min","159.894","µmol/L","Humid","23.134","deg","43446","µV","27.298","°C","1018.000","hPa","35.3","pmil","0","55.520","deg","20.000","°C","100.000","%a.s.","21.750","deg","20.000","°C","977.000","hPa","0.861","-0.02617","0.00035","0","0","13.56","Humid","24.85","0","70.00","286703.13","SABD0000000001","AAV1.0.0.11","1.1.2.0","PSt7-10","170328-006","1/4/2020 10:31:52","0000-00","0","no battery","V"
"11/02/2020","11:42:41","1","default","640513929","OXY_CH1","28.309","min","159.796","µmol/L","Humid","23.144","deg","43448","µV","27.290","°C","1018.000","hPa","35.3","pmil","0","55.520","deg","20.000","°C","100.000","%a.s.","21.750","deg","20.000","°C","977.000","hPa","0.861","-0.02617","0.00035","0","0","13.56","Humid","24.85","0","70.00","286719.46","SABD0000000001","AAV1.0.0.11","1.1.2.0","PSt7-10","170328-006","1/4/2020 10:31:52","0000-00","0","no battery","V"
"11/02/2020","11:42:42","1","default","640513929","OXY_CH1","28.325","min","159.852","µmol/L","Humid","23.146","deg","43444","µV","27.272","°C","1018.000","hPa","35.3","pmil","0","55.520","deg","20.000","°C","100.000","%a.s.","21.750","deg","20.000","°C","977.000","hPa","0.861","-0.02617","0.00035","0","0","13.56","Humid","24.85","0","70.00","286715.74","SABD0000000001","AAV1.0.0.11","1.1.2.0","PSt7-10","170328-006","1/4/2020 10:31:52","0000-00","0","no battery","V"
"11/02/2020","11:42:43","1","default","640513929","OXY_CH1","28.342","min","159.990","µmol/L","Humid","23.134","deg","43443","µV","27.277","°C","1018.000","hPa","35.3","pmil","0","55.520","deg","20.000","°C","100.000","%a.s.","21.750","deg","20.000","°C","977.000","hPa","0.861","-0.02617","0.00035","0","0","13.56","Humid","24.85","0","70.00","286708.20","SABD0000000001","AAV1.0.0.11","1.1.2.0","PSt7-10","170328-006","1/4/2020 10:31:52","0000-00","0","no battery","V"
"11/02/2020","11:42:44","1","default","640513929","OXY_CH1","28.359","min","159.890","µmol/L","Humid","23.144","deg","43441","µV","27.270","°C","1018.000","hPa","35.3","pmil","0","55.520","deg","20.000","°C","100.000","%a.s.","21.750","deg","20.000","°C","977.000","hPa","0.861","-0.02617","0.00035","0","0","13.56","Humid","24.85","0","70.00","286703.59","SABD0000000001","AAV1.0.0.11","1.1.2.0","PSt7-10","170328-006","1/4/2020 10:31:52","0000-00","0","no battery","V"
"11/02/2020","11:42:45","1","default","640513929","OXY_CH1","28.376","min","159.813","µmol/L","Humid","23.144","deg","43441","µV","27.286","°C","1018.000","hPa","35.3","pmil","0","55.520","deg","20.000","°C","100.000","%a.s.","21.750","deg","20.000","°C","977.000","hPa","0.861","-0.02617","0.00035","0","0","13.56","Humid","24.85","0","70.00","286706.37","SABD0000000001","AAV1.0.0.11","1.1.2.0","PSt7-10","170328-006","1/4/2020 10:31:52","0000-00","0","no battery","V"
"11/02/2020","11:42:46","1","default","640513929","OXY_CH1","28.392","min","159.928","µmol/L","Humid","23.138","deg","43437","µV","27.279","°C","1018.000","hPa","35.3","pmil","0","55.520","deg","20.000","°C","100.000","%a.s.","21.750","deg","20.000","°C","977.000","hPa","0.861","-0.02617","0.00035","0","0","13.56","Humid","24.85","0","70.00","286702.07","SABD0000000001","AAV1.0.0.11","1.1.2.0","PSt7-10","170328-006","1/4/2020 10:31:52","0000-00","0","no battery","V"
"11/02/2020","11:42:47","1","default","640513929","OXY_CH1","28.409","min","159.825","µmol/L","Humid","23.144","deg","43447","µV","27.284","°C","1018.000","hPa","35.3","pmil","0","55.520","deg","20.000","°C","100.000","%a.s.","21.750","deg","20.000","°C","977.000","hPa","0.861","-0.02617","0.00035","0","0","13.56","Humid","24.85","0","70.00","286707.84","SABD0000000001","AAV1.0.0.11","1.1.2.0","PSt7-10","170328-006","1/4/2020 10:31:52","0000-00","0","no battery","V"
"11/02/2020","11:42:48","1","default","640513929","OXY_CH1","28.425","min","159.829","µmol/L","Humid","23.149","deg","43443","µV","27.269","°C","1018.000","hPa","35.3","pmil","0","55.520","deg","20.000","°C","100.000","%a.s.","21.750","deg","20.000","°C","977.000","hPa","0.861","-0.02617","0.00035","0","0","13.56","Humid","24.85","0","70.00","286708.08","SABD0000000001","AAV1.0.0.11","1.1.2.0","PSt7-10","170328-006","1/4/2020 10:31:52","0000-00","0","no battery","V"
"11/02/2020","11:42:49","1","default","640513929","OXY_CH1","28.442","min","159.842","µmol/L","Humid","23.143","deg","43449","µV","27.283","°C","1018.000","hPa","35.3","pmil","0","55.520","deg","20.000","°C","100.000","%a.s.","21.750","deg","20.000","°C","977.000","hPa","0.861","-0.02617","0.00035","0","0","13.56","Humid","24.85","0","70.00","286705.01","SABD0000000001","AAV1.0.0.11","1.1.2.0","PSt7-10","170328-006","1/4/2020 10:31:52","0000-00","0","no battery","V"
"11/02/2020","11:42:50","1","default","640513929","OXY_CH1","28.458","min","159.760","µmol/L","Humid","23.154","deg","43453","µV","27.269","°C","1018.000","hPa","35.3","pmil","0","55.520","deg","20.000","°C","100.000","%a.s.","21.750","deg","20.000","°C","977.000","hPa","0.861","-0.02617","0.00035","0","0","13.56","Humid","24.85","0","70.00","286705.44","SABD0000000001","AAV1.0.0.11","1.1.2.0","PSt7-10","170328-006","1/4/2020 10:31:52","0000-00","0","no battery","V"
"11/02/2020","11:42:51","1","default","640513929","OXY_CH1","28.475","min","159.746","µmol/L","Humid","23.156","deg","43448","µV","27.266","°C","1018.000","hPa","35.3","pmil","0","55.520","deg","20.000","°C","100.000","%a.s.","21.750","deg","20.000","°C","977.000","hPa","0.861","-0.02617","0.00035","0","0","13.56","Humid","24.85","0","70.00","286696.27","SABD0000000001","AAV1.0.0.11","1.1.2.0","PSt7-10","170328-006","1/4/2020 10:31:52","0000-00","0","no battery","V"
"11/02/2020","11:42:52","1","default","640513929","OXY_CH1","28.492","min","159.814","µmol/L","Humid","23.148","deg","43451","µV","27.275","°C","1018.000","hPa","35.3","pmil","0","55.520","deg","20.000","°C","100.000","%a.s.","21.750","deg","20.000","°C","977.000","hPa","0.861","-0.02617","0.00035","0","0","13.56","Humid","24.85","0","70.00","286715.59","SABD0000000001","AAV1.0.0.11","1.1.2.0","PSt7-10","170328-006","1/4/2020 10:31:52","0000-00","0","no battery","V"
"11/02/2020","11:42:53","1","default","640513929","OXY_CH1","28.509","min","159.825","µmol/L","Humid","23.153","deg","43457","µV","27.258","°C","1018.000","hPa","35.3","pmil","0","55.520","deg","20.000","°C","100.000","%a.s.","21.750","deg","20.000","°C","977.000","hPa","0.861","-0.02617","0.00035","0","0","13.56","Humid","24.85","0","70.00","286697.88","SABD0000000001","AAV1.0.0.11","1.1.2.0","PSt7-10","170328-006","1/4/2020 10:31:52","0000-00","0","no battery","V"
"11/02/2020","11:42:54","1","default","640513929","OXY_CH1","28.526","min","159.773","µmol/L","Humid","23.153","deg","43450","µV","27.269","°C","1018.000","hPa","35.3","pmil","0","55.520","deg","20.000","°C","100.000","%a.s.","21.750","deg","20.000","°C","977.000","hPa","0.861","-0.02617","0.00035","0","0","13.56","Humid","24.85","0","70.00","286698.17","SABD0000000001","AAV1.0.0.11","1.1.2.0","PSt7-10","170328-006","1/4/2020 10:31:52","0000-00","0","no battery","V"
"11/02/2020","11:42:55","1","default","640513929","OXY_CH1","28.542","min","159.853","µmol/L","Humid","23.149","deg","43450","µV","27.263","°C","1018.000","hPa","35.3","pmil","0","55.520","deg","20.000","°C","100.000","%a.s.","21.750","deg","20.000","°C","977.000","hPa","0.861","-0.02617","0.00035","0","0","13.56","Humid","24.85","0","70.00","286698.64","SABD0000000001","AAV1.0.0.11","1.1.2.0","PSt7-10","170328-006","1/4/2020 10:31:52","0000-00","0","no battery","V"
"11/02/2020","11:42:56","1","default","640513929","OXY_CH1","28.559","min","159.864","µmol/L","Humid","23.151","deg","43456","µV","27.255","°C","1018.000","hPa","35.3","pmil","0","55.520","deg","20.000","°C","100.000","%a.s.","21.750","deg","20.000","°C","977.000","hPa","0.861","-0.02617","0.00035","0","0","13.56","Humid","24.85","0","70.00","286708.66","SABD0000000001","AAV1.0.0.11","1.1.2.0","PSt7-10","170328-006","1/4/2020 10:31:52","0000-00","0","no battery","V"
"11/02/2020","11:42:57","1","default","640513929","OXY_CH1","28.575","min","159.938","µmol/L","Humid","23.144","deg","43458","µV","27.260","°C","1018.000","hPa","35.3","pmil","0","55.520","deg","20.000","°C","100.000","%a.s.","21.750","deg","20.000","°C","977.000","hPa","0.861","-0.02617","0.00035","0","0","13.56","Humid","24.85","0","70.00","286696.78","SABD0000000001","AAV1.0.0.11","1.1.2.0","PSt7-10","170328-006","1/4/2020 10:31:52","0000-00","0","no battery","V"
"11/02/2020","11:42:58","1","default","640513929","OXY_CH1","28.592","min","159.859","µmol/L","Humid","23.155","deg","43463","µV","27.245","°C","1018.000","hPa","35.3","pmil","0","55.520","deg","20.000","°C","100.000","%a.s.","21.750","deg","20.000","°C","977.000","hPa","0.861","-0.02617","0.00035","0","0","13.56","Humid","24.85","0","70.00","286709.12","SABD0000000001","AAV1.0.0.11","1.1.2.0","PSt7-10","170328-006","1/4/2020 10:31:52","0000-00","0","no battery","V"
"11/02/2020","11:42:59","1","default","640513929","OXY_CH1","28.608","min","159.715","µmol/L","Humid","23.153","deg","43461","µV","27.281","°C","1018.000","hPa","35.3","pmil","0","55.520","deg","20.000","°C","100.000","%a.s.","21.750","deg","20.000","°C","977.000","hPa","0.861","-0.02617","0.00035","0","0","13.56","Humid","24.85","0","70.00","286699.07","SABD0000000001","AAV1.0.0.11","1.1.2.0","PSt7-10","170328-006","1/4/2020 10:31:52","0000-00","0","no battery","V"
"11/02/2020","11:43:00","1","default","640513929","OXY_CH1","28.625","min","159.748","µmol/L","Humid","23.153","deg","43455","µV","27.274","°C","1018.000","hPa","35.3","pmil","0","55.520","deg","20.000","°C","100.000","%a.s.","21.750","deg","20.000","°C","977.000","hPa","0.861","-0.02617","0.00035","0","0","13.56","Humid","24.85","0","70.00","286701.42","SABD0000000001","AAV1.0.0.11","1.1.2.0","PSt7-10","170328-006","1/4/2020 10:31:52","0000-00","0","no battery","V"
"11/02/2020","11:43:01","1","default","640513929","OXY_CH1","28.642","min","159.708","µmol/L","Humid","23.157","deg","43463","µV","27.271","°C","1018.000","hPa","35.3","pmil","0","55.520","deg","20.000","°C","100.000","%a.s.","21.750","deg","20.000","°C","977.000","hPa","0.861","-0.02617","0.00035","0","0","13.56","Humid","24.85","0","70.00","286703.30","SABD0000000001","AAV1.0.0.11","1.1.2.0","PSt7-10","170328-006","1/4/2020 10:31:52","0000-00","0","no battery","V"
"11/02/2020","11:43:02","1","default","640513929","OXY_CH1","28.659","min","159.704","µmol/L","Humid","23.158","deg","43463","µV","27.269","°C","1018.000","hPa","35.3","pmil","0","55.520","deg","20.000","°C","100.000","%a.s.","21.750","deg","20.000","°C","977.000","hPa","0.861","-0.02617","0.00035","0","0","13.56","Humid","24.85","0","70.00","286701.65","SABD0000000001","AAV1.0.0.11","1.1.2.0","PSt7-10","170328-006","1/4/2020 10:31:52","0000-00","0","no battery","V"
"11/02/2020","11:43:03","1","default","640513929","OXY_CH1","28.675","min","159.855","µmol/L","Humid","23.147","deg","43468","µV","27.269","°C","1018.000","hPa","35.3","pmil","0","55.520","deg","20.000","°C","100.000","%a.s.","21.750","deg","20.000","°C","977.000","hPa","0.861","-0.02617","0.00035","0","0","13.56","Humid","24.85","0","70.00","286699.03","SABD0000000001","AAV1.0.0.11","1.1.2.0","PSt7-10","170328-006","1/4/2020 10:31:52","0000-00","0","no battery","V"
"11/02/2020","11:43:04","1","default","640513929","OXY_CH1","28.692","min","159.551","µmol/L","Humid","23.168","deg","43472","µV","27.273","°C","1018.000","hPa","35.3","pmil","0","55.520","deg","20.000","°C","100.000","%a.s.","21.750","deg","20.000","°C","977.000","hPa","0.861","-0.02617","0.00035","0","0","13.56","Humid","24.85","0","70.00","286697.81","SABD0000000001","AAV1.0.0.11","1.1.2.0","PSt7-10","170328-006","1/4/2020 10:31:52","0000-00","0","no battery","V"
"11/02/2020","11:43:05","1","default","640513929","OXY_CH1","28.709","min","159.645","µmol/L","Humid","23.162","deg","43466","µV","27.270","°C","1018.000","hPa","35.3","pmil","0","55.520","deg","20.000","°C","100.000","%a.s.","21.750","deg","20.000","°C","977.000","hPa","0.861","-0.02617","0.00035","0","0","13.56","Humid","24.85","0","70.00","286696.95","SABD0000000001","AAV1.0.0.11","1.1.2.0","PSt7-10","170328-006","1/4/2020 10:31:52","0000-00","0","no battery","V"
"11/02/2020","11:43:06","1","default","640513929","OXY_CH1","28.726","min","159.711","µmol/L","Humid","23.158","deg","43469","µV","27.268","°C","1018.000","hPa","35.3","pmil","0","55.520","deg","20.000","°C","100.000","%a.s.","21.750","deg","20.000","°C","977.000","hPa","0.861","-0.02617","0.00035","0","0","13.56","Humid","24.85","0","70.00","286701.82","SABD0000000001","AAV1.0.0.11","1.1.2.0","PSt7-10","170328-006","1/4/2020 10:31:52","0000-00","0","no battery","V"
"11/02/2020","11:43:07","1","default","640513929","OXY_CH1","28.742","min","159.744","µmol/L","Humid","23.160","deg","43472","µV","27.255","°C","1018.000","hPa","35.3","pmil","0","55.520","deg","20.000","°C","100.000","%a.s.","21.750","deg","20.000","°C","977.000","hPa","0.861","-0.02617","0.00035","0","0","13.56","Humid","24.85","0","70.00","286705.13","SABD0000000001","AAV1.0.0.11","1.1.2.0","PSt7-10","170328-006","1/4/2020 10:31:52","0000-00","0","no battery","V"
"11/02/2020","11:43:08","1","default","640513929","OXY_CH1","28.759","min","159.900","µmol/L","Humid","23.151","deg","43477","µV","27.248","°C","1018.000","hPa","35.3","pmil","0","55.520","deg","20.000","°C","100.000","%a.s.","21.750","deg","20.000","°C","977.000","hPa","0.861","-0.02617","0.00035","0","0","13.56","Humid","24.85","0","70.00","286700.01","SABD0000000001","AAV1.0.0.11","1.1.2.0","PSt7-10","170328-006","1/4/2020 10:31:52","0000-00","0","no battery","V"
"11/02/2020","11:43:09","1","default","640513929","OXY_CH1","28.775","min","159.746","µmol/L","Humid","23.157","deg","43474","µV","27.263","°C","1018.000","hPa","35.3","pmil","0","55.520","deg","20.000","°C","100.000","%a.s.","21.750","deg","20.000","°C","977.000","hPa","0.861","-0.02617","0.00035","0","0","13.56","Humid","24.85","0","70.00","286703.36","SABD0000000001","AAV1.0.0.11","1.1.2.0","PSt7-10","170328-006","1/4/2020 10:31:52","0000-00","0","no battery","V"
"11/02/2020","11:43:10","1","default","640513929","OXY_CH1","28.792","min","159.747","µmol/L","Humid","23.157","deg","43478","µV","27.263","°C","1018.000","hPa","35.3","pmil","0","55.520","deg","20.000","°C","100.000","%a.s.","21.750","deg","20.000","°C","977.000","hPa","0.861","-0.02617","0.00035","0","0","13.56","Humid","24.85","0","70.00","286695.38","SABD0000000001","AAV1.0.0.11","1.1.2.0","PSt7-10","170328-006","1/4/2020 10:31:52","0000-00","0","no battery","V"
"11/02/2020","11:43:11","1","default","640513929","OXY_CH1","28.809","min","159.649","µmol/L","Humid","23.163","deg","43478","µV","27.267","°C","1018.000","hPa","35.3","pmil","0","55.520","deg","20.000","°C","100.000","%a.s.","21.750","deg","20.000","°C","977.000","hPa","0.861","-0.02617","0.00035","0","0","13.56","Humid","24.85","0","70.00","286701.88","SABD0000000001","AAV1.0.0.11","1.1.2.0","PSt7-10","170328-006","1/4/2020 10:31:52","0000-00","0","no battery","V"
"11/02/2020","11:43:12","1","default","640513929","OXY_CH1","28.825","min","159.615","µmol/L","Humid","23.167","deg","43490","µV","27.263","°C","1018.000","hPa","35.3","pmil","0","55.520","deg","20.000","°C","100.000","%a.s.","21.750","deg","20.000","°C","977.000","hPa","0.861","-0.02617","0.00035","0","0","13.56","Humid","24.85","0","70.00","286698.89","SABD0000000001","AAV1.0.0.11","1.1.2.0","PSt7-10","170328-006","1/4/2020 10:31:52","0000-00","0","no battery","V"
"11/02/2020","11:43:13","1","default","640513929","OXY_CH1","28.842","min","159.672","µmol/L","Humid","23.162","deg","43485","µV","27.265","°C","1018.000","hPa","35.3","pmil","0","55.520","deg","20.000","°C","100.000","%a.s.","21.750","deg","20.000","°C","977.000","hPa","0.861","-0.02617","0.00035","0","0","13.56","Humid","24.85","0","70.00","286702.24","SABD0000000001","AAV1.0.0.11","1.1.2.0","PSt7-10","170328-006","1/4/2020 10:31:52","0000-00","0","no battery","V"
"11/02/2020","11:43:14","1","default","640513929","OXY_CH1","28.859","min","159.821","µmol/L","Humid","23.158","deg","43483","µV","27.244","°C","1018.000","hPa","35.3","pmil","0","55.520","deg","20.000","°C","100.000","%a.s.","21.750","deg","20.000","°C","977.000","hPa","0.861","-0.02617","0.00035","0","0","13.56","Humid","24.85","0","70.00","286702.47","SABD0000000001","AAV1.0.0.11","1.1.2.0","PSt7-10","170328-006","1/4/2020 10:31:52","0000-00","0","no battery","V"
"11/02/2020","11:43:15","1","default","640513929","OXY_CH1","28.875","min","159.694","µmol/L","Humid","23.162","deg","43492","µV","27.260","°C","1018.000","hPa","35.3","pmil","0","55.520","deg","20.000","°C","100.000","%a.s.","21.750","deg","20.000","°C","977.000","hPa","0.861","-0.02617","0.00035","0","0","13.56","Humid","24.85","0","70.00","286693.88","SABD0000000001","AAV1.0.0.11","1.1.2.0","PSt7-10","170328-006","1/4/2020 10:31:52","0000-00","0","no battery","V"
"11/02/2020","11:43:16","1","default","640513929","OXY_CH1","28.892","min","159.681","µmol/L","Humid","23.165","deg","43492","µV","27.254","°C","1018.000","hPa","35.3","pmil","0","55.520","deg","20.000","°C","100.000","%a.s.","21.750","deg","20.000","°C","977.000","hPa","0.861","-0.02617","0.00035","0","0","13.56","Humid","24.85","0","70.00","286710.40","SABD0000000001","AAV1.0.0.11","1.1.2.0","PSt7-10","170328-006","1/4/2020 10:31:52","0000-00","0","no battery","V"
"11/02/2020","11:43:17","1","default","640513929","OXY_CH1","28.909","min","159.695","µmol/L","Humid","23.161","deg","43486","µV","27.263","°C","1018.000","hPa","35.3","pmil","0","55.520","deg","20.000","°C","100.000","%a.s.","21.750","deg","20.000","°C","977.000","hPa","0.861","-0.02617","0.00035","0","0","13.56","Humid","24.85","0","70.00","286701.34","SABD0000000001","AAV1.0.0.11","1.1.2.0","PSt7-10","170328-006","1/4/2020 10:31:52","0000-00","0","no battery","V"
"11/02/2020","11:43:18","1","default","640513929","OXY_CH1","28.926","min","159.662","µmol/L","Humid","23.165","deg","43491","µV","27.258","°C","1018.000","hPa","35.3","pmil","0","55.520","deg","20.000","°C","100.000","%a.s.","21.750","deg","20.000","°C","977.000","hPa","0.861","-0.02617","0.00035","0","0","13.56","Humid","24.85","0","70.00","286700.18","SABD0000000001","AAV1.0.0.11","1.1.2.0","PSt7-10","170328-006","1/4/2020 10:31:52","0000-00","0","no battery","V"
"11/02/2020","11:43:19","1","default","640513929","OXY_CH1","28.942","min","159.724","µmol/L","Humid","23.159","deg","43494","µV","27.262","°C","1018.000","hPa","35.3","pmil","0","55.520","deg","20.000","°C","100.000","%a.s.","21.750","deg","20.000","°C","977.000","hPa","0.861","-0.02617","0.00035","0","0","13.56","Humid","24.85","0","70.00","286694.67","SABD0000000001","AAV1.0.0.11","1.1.2.0","PSt7-10","170328-006","1/4/2020 10:31:52","0000-00","0","no battery","V"
"11/02/2020","11:43:20","1","default","640513929","OXY_CH1","28.959","min","159.615","µmol/L","Humid","23.166","deg","43496","µV","27.265","°C","1018.000","hPa","35.3","pmil","0","55.520","deg","20.000","°C","100.000","%a.s.","21.750","deg","20.000","°C","977.000","hPa","0.861","-0.02617","0.00035","0","0","13.56","Humid","24.85","0","70.00","286706.52","SABD0000000001","AAV1.0.0.11","1.1.2.0","PSt7-10","170328-006","1/4/2020 10:31:52","0000-00","0","no battery","V"
"11/02/2020","11:43:21","1","default","640513929","OXY_CH1","28.975","min","159.693","µmol/L","Humid","23.164","deg","43496","µV","27.254","°C","1018.000","hPa","35.3","pmil","0","55.520","deg","20.000","°C","100.000","%a.s.","21.750","deg","20.000","°C","977.000","hPa","0.861","-0.02617","0.00035","0","0","13.56","Humid","24.85","0","70.00","286703.12","SABD0000000001","AAV1.0.0.11","1.1.2.0","PSt7-10","170328-006","1/4/2020 10:31:52","0000-00","0","no battery","V"
"11/02/2020","11:43:22","1","default","640513929","OXY_CH1","28.992","min","159.606","µmol/L","Humid","23.167","deg","43496","µV","27.264","°C","1018.000","hPa","35.3","pmil","0","55.520","deg","20.000","°C","100.000","%a.s.","21.750","deg","20.000","°C","977.000","hPa","0.861","-0.02617","0.00035","0","0","13.56","Humid","24.85","0","70.00","286699.82","SABD0000000001","AAV1.0.0.11","1.1.2.0","PSt7-10","170328-006","1/4/2020 10:31:52","0000-00","0","no battery","V"
"11/02/2020","11:43:23","1","default","640513929","OXY_CH1","29.009","min","159.652","µmol/L","Humid","23.166","deg","43497","µV","27.257","°C","1018.000","hPa","35.3","pmil","0","55.520","deg","20.000","°C","100.000","%a.s.","21.750","deg","20.000","°C","977.000","hPa","0.861","-0.02617","0.00035","0","0","13.56","Humid","24.85","0","70.00","286699.72","SABD0000000001","AAV1.0.0.11","1.1.2.0","PSt7-10","170328-006","1/4/2020 10:31:52","0000-00","0","no battery","V"
"11/02/2020","11:43:24","1","default","640513929","OXY_CH1","29.025","min","159.605","µmol/L","Humid","23.170","deg","43500","µV","27.256","°C","1018.000","hPa","35.3","pmil","0","55.520","deg","20.000","°C","100.000","%a.s.","21.750","deg","20.000","°C","977.000","hPa","0.861","-0.02617","0.00035","0","0","13.56","Humid","24.85","0","70.00","286697.07","SABD0000000001","AAV1.0.0.11","1.1.2.0","PSt7-10","170328-006","1/4/2020 10:31:52","0000-00","0","no battery","V"
"11/02/2020","11:43:25","1","default","640513929","OXY_CH1","29.042","min","159.685","µmol/L","Humid","23.165","deg","43508","µV","27.253","°C","1018.000","hPa","35.3","pmil","0","55.520","deg","20.000","°C","100.000","%a.s.","21.750","deg","20.000","°C","977.000","hPa","0.861","-0.02617","0.00035","0","0","13.56","Humid","24.85","0","70.00","286701.21","SABD0000000001","AAV1.0.0.11","1.1.2.0","PSt7-10","170328-006","1/4/2020 10:31:52","0000-00","0","no battery","V"
"11/02/2020","11:43:26","1","default","640513929","OXY_CH1","29.059","min","159.617","µmol/L","Humid","23.170","deg","43508","µV","27.253","°C","1018.000","hPa","35.3","pmil","0","55.520","deg","20.000","°C","100.000","%a.s.","21.750","deg","20.000","°C","977.000","hPa","0.861","-0.02617","0.00035","0","0","13.56","Humid","24.85","0","70.00","286698.78","SABD0000000001","AAV1.0.0.11","1.1.2.0","PSt7-10","170328-006","1/4/2020 10:31:52","0000-00","0","no battery","V"
"11/02/2020","11:43:27","1","default","640513929","OXY_CH1","29.076","min","159.646","µmol/L","Humid","23.163","deg","43508","µV","27.267","°C","1018.000","hPa","35.3","pmil","0","55.520","deg","20.000","°C","100.000","%a.s.","21.750","deg","20.000","°C","977.000","hPa","0.861","-0.02617","0.00035","0","0","13.56","Humid","24.85","0","70.00","286694.41","SABD0000000001","AAV1.0.0.11","1.1.2.0","PSt7-10","170328-006","1/4/2020 10:31:52","0000-00","0","no battery","V"
"11/02/2020","11:43:28","1","default","640513929","OXY_CH1","29.092","min","159.583","µmol/L","Humid","23.167","deg","43510","µV","27.269","°C","1018.000","hPa","35.3","pmil","0","55.520","deg","20.000","°C","100.000","%a.s.","21.750","deg","20.000","°C","977.000","hPa","0.861","-0.02617","0.00035","0","0","13.56","Humid","24.85","0","70.00","286691.21","SABD0000000001","AAV1.0.0.11","1.1.2.0","PSt7-10","170328-006","1/4/2020 10:31:52","0000-00","0","no battery","V"
"11/02/2020","11:43:29","1","default","640513929","OXY_CH1","29.109","min","159.680","µmol/L","Humid","23.167","deg","43507","µV","27.249","°C","1018.000","hPa","35.3","pmil","0","55.520","deg","20.000","°C","100.000","%a.s.","21.750","deg","20.000","°C","977.000","hPa","0.861","-0.02617","0.00035","0","0","13.56","Humid","24.85","0","70.00","286690.74","SABD0000000001","AAV1.0.0.11","1.1.2.0","PSt7-10","170328-006","1/4/2020 10:31:52","0000-00","0","no battery","V"
"11/02/2020","11:43:30","1","default","640513929","OXY_CH1","29.125","min","159.647","µmol/L","Humid","23.168","deg","43516","µV","27.253","°C","1018.000","hPa","35.3","pmil","0","55.520","deg","20.000","°C","100.000","%a.s.","21.750","deg","20.000","°C","977.000","hPa","0.861","-0.02617","0.00035","0","0","13.56","Humid","24.85","0","70.00","286698.15","SABD0000000001","AAV1.0.0.11","1.1.2.0","PSt7-10","170328-006","1/4/2020 10:31:52","0000-00","0","no battery","V"
"11/02/2020","11:43:31","1","default","640513929","OXY_CH1","29.142","min","159.542","µmol/L","Humid","23.177","deg","43523","µV","27.249","°C","1018.000","hPa","35.3","pmil","0","55.520","deg","20.000","°C","100.000","%a.s.","21.750","deg","20.000","°C","977.000","hPa","0.861","-0.02617","0.00035","0","0","13.56","Humid","24.85","0","70.00","286698.22","SABD0000000001","AAV1.0.0.11","1.1.2.0","PSt7-10","170328-006","1/4/2020 10:31:52","0000-00","0","no battery","V"
"11/02/2020","11:43:32","1","default","640513929","OXY_CH1","29.158","min","159.580","µmol/L","Humid","23.175","deg","43511","µV","27.247","°C","1018.000","hPa","35.3","pmil","0","55.520","deg","20.000","°C","100.000","%a.s.","21.750","deg","20.000","°C","977.000","hPa","0.861","-0.02617","0.00035","0","0","13.56","Humid","24.85","0","70.00","286705.53","SABD0000000001","AAV1.0.0.11","1.1.2.0","PSt7-10","170328-006","1/4/2020 10:31:52","0000-00","0","no battery","V"
"11/02/2020","11:43:33","1","default","640513929","OXY_CH1","29.175","min","159.560","µmol/L","Humid","23.173","deg","43514","µV","27.257","°C","1018.000","hPa","35.3","pmil","0","55.520","deg","20.000","°C","100.000","%a.s.","21.750","deg","20.000","°C","977.000","hPa","0.861","-0.02617","0.00035","0","0","13.56","Humid","24.85","0","70.00","286696.36","SABD0000000001","AAV1.0.0.11","1.1.2.0","PSt7-10","170328-006","1/4/2020 10:31:52","0000-00","0","no battery","V"
"11/02/2020","11:43:34","1","default","640513929","OXY_CH1","29.192","min","159.687","µmol/L","Humid","23.170","deg","43521","µV","27.238","°C","1018.000","hPa","35.3","pmil","0","55.520","deg","20.000","°C","100.000","%a.s.","21.750","deg","20.000","°C","977.000","hPa","0.861","-0.02617","0.00035","0","0","13.56","Humid","24.85","0","70.00","286691.60","SABD0000000001","AAV1.0.0.11","1.1.2.0","PSt7-10","170328-006","1/4/2020 10:31:52","0000-00","0","no battery","V"
"11/02/2020","11:43:35","1","default","640513929","OXY_CH1","29.209","min","159.584","µmol/L","Humid","23.176","deg","43519","µV","27.243","°C","1018.000","hPa","35.3","pmil","0","55.520","deg","20.000","°C","100.000","%a.s.","21.750","deg","20.000","°C","977.000","hPa","0.861","-0.02617","0.00035","0","0","13.56","Humid","24.85","0","70.00","286680.61","SABD0000000001","AAV1.0.0.11","1.1.2.0","PSt7-10","170328-006","1/4/2020 10:31:52","0000-00","0","no battery","V"
"11/02/2020","11:43:36","1","default","640513929","OXY_CH1","29.226","min","159.612","µmol/L","Humid","23.174","deg","43520","µV","27.243","°C","1018.000","hPa","35.3","pmil","0","55.520","deg","20.000","°C","100.000","%a.s.","21.750","deg","20.000","°C","977.000","hPa","0.861","-0.02617","0.00035","0","0","13.56","Humid","24.85","0","70.00","286694.42","SABD0000000001","AAV1.0.0.11","1.1.2.0","PSt7-10","170328-006","1/4/2020 10:31:52","0000-00","0","no battery","V"
"11/02/2020","11:43:37","1","default","640513929","OXY_CH1","29.242","min","159.522","µmol/L","Humid","23.173","deg","43526","µV","27.265","°C","1018.000","hPa","35.3","pmil","0","55.520","deg","20.000","°C","100.000","%a.s.","21.750","deg","20.000","°C","977.000","hPa","0.861","-0.02617","0.00035","0","0","13.56","Humid","24.85","0","70.00","286694.20","SABD0000000001","AAV1.0.0.11","1.1.2.0","PSt7-10","170328-006","1/4/2020 10:31:52","0000-00","0","no battery","V"
"11/02/2020","11:43:38","1","default","640513929","OXY_CH1","29.259","min","159.553","µmol/L","Humid","23.174","deg","43523","µV","27.255","°C","1018.000","hPa","35.3","pmil","0","55.520","deg","20.000","°C","100.000","%a.s.","21.750","deg","20.000","°C","977.000","hPa","0.861","-0.02617","0.00035","0","0","13.56","Humid","24.85","0","70.00","286689.98","SABD0000000001","AAV1.0.0.11","1.1.2.0","PSt7-10","170328-006","1/4/2020 10:31:52","0000-00","0","no battery","V"
"11/02/2020","11:43:39","1","default","640513929","OXY_CH1","29.276","min","159.529","µmol/L","Humid","23.177","deg","43530","µV","27.252","°C","1018.000","hPa","35.3","pmil","0","55.520","deg","20.000","°C","100.000","%a.s.","21.750","deg","20.000","°C","977.000","hPa","0.861","-0.02617","0.00035","0","0","13.56","Humid","24.85","0","70.00","286694.75","SABD0000000001","AAV1.0.0.11","1.1.2.0","PSt7-10","170328-006","1/4/2020 10:31:52","0000-00","0","no battery","V"
"11/02/2020","11:43:40","1","default","640513929","OXY_CH1","29.292","min","159.483","µmol/L","Humid","23.181","deg","43533","µV","27.250","°C","1018.000","hPa","35.3","pmil","0","55.520","deg","20.000","°C","100.000","%a.s.","21.750","deg","20.000","°C","977.000","hPa","0.861","-0.02617","0.00035","0","0","13.56","Humid","24.85","0","70.00","286694.48","SABD0000000001","AAV1.0.0.11","1.1.2.0","PSt7-10","170328-006","1/4/2020 10:31:52","0000-00","0","no battery","V"
"11/02/2020","11:43:41","1","default","640513929","OXY_CH1","29.308","min","159.624","µmol/L","Humid","23.170","deg","43527","µV","27.252","°C","1018.000","hPa","35.3","pmil","0","55.520","deg","20.000","°C","100.000","%a.s.","21.750","deg","20.000","°C","977.000","hPa","0.861","-0.02617","0.00035","0","0","13.56","Humid","24.85","0","70.00","286695.62","SABD0000000001","AAV1.0.0.11","1.1.2.0","PSt7-10","170328-006","1/4/2020 10:31:52","0000-00","0","no battery","V"
"11/02/2020","11:43:42","1","default","640513929","OXY_CH1","29.325","min","159.519","µmol/L","Humid","23.180","deg","43528","µV","27.246","°C","1018.000","hPa","35.3","pmil","0","55.520","deg","20.000","°C","100.000","%a.s.","21.750","deg","20.000","°C","977.000","hPa","0.861","-0.02617","0.00035","0","0","13.56","Humid","24.85","0","70.00","286691.59","SABD0000000001","AAV1.0.0.11","1.1.2.0","PSt7-10","170328-006","1/4/2020 10:31:52","0000-00","0","no battery","V"
"11/02/2020","11:43:43","1","default","640513929","OXY_CH1","29.342","min","159.523","µmol/L","Humid","23.179","deg","43528","µV","27.248","°C","1018.000","hPa","35.3","pmil","0","55.520","deg","20.000","°C","100.000","%a.s.","21.750","deg","20.000","°C","977.000","hPa","0.861","-0.02617","0.00035","0","0","13.56","Humid","24.85","0","70.00","286688.52","SABD0000000001","AAV1.0.0.11","1.1.2.0","PSt7-10","170328-006","1/4/2020 10:31:52","0000-00","0","no battery","V"
"11/02/2020","11:43:44","1","default","640513929","OXY_CH1","29.358","min","159.487","µmol/L","Humid","23.179","deg","43532","µV","27.255","°C","1018.000","hPa","35.3","pmil","0","55.520","deg","20.000","°C","100.000","%a.s.","21.750","deg","20.000","°C","977.000","hPa","0.861","-0.02617","0.00035","0","0","13.56","Humid","24.85","0","70.00","286687.15","SABD0000000001","AAV1.0.0.11","1.1.2.0","PSt7-10","170328-006","1/4/2020 10:31:52","0000-00","0","no battery","V"
"11/02/2020","11:43:45","1","default","640513929","OXY_CH1","29.375","min","159.495","µmol/L","Humid","23.180","deg","43534","µV","27.251","°C","1018.000","hPa","35.3","pmil","0","55.520","deg","20.000","°C","100.000","%a.s.","21.750","deg","20.000","°C","977.000","hPa","0.861","-0.02617","0.00035","0","0","13.56","Humid","24.85","0","70.00","286691.64","SABD0000000001","AAV1.0.0.11","1.1.2.0","PSt7-10","170328-006","1/4/2020 10:31:52","0000-00","0","no battery","V"
"11/02/2020","11:43:46","1","default","640513929","OXY_CH1","29.392","min","159.500","µmol/L","Humid","23.178","deg","43531","µV","27.255","°C","1018.000","hPa","35.3","pmil","0","55.520","deg","20.000","°C","100.000","%a.s.","21.750","deg","20.000","°C","977.000","hPa","0.861","-0.02617","0.00035","0","0","13.56","Humid","24.85","0","70.00","286694.11","SABD0000000001","AAV1.0.0.11","1.1.2.0","PSt7-10","170328-006","1/4/2020 10:31:52","0000-00","0","no battery","V"
"11/02/2020","11:43:47","1","default","640513929","OXY_CH1","29.409","min","159.584","µmol/L","Humid","23.174","deg","43525","µV","27.249","°C","1018.000","hPa","35.3","pmil","0","55.520","deg","20.000","°C","100.000","%a.s.","21.750","deg","20.000","°C","977.000","hPa","0.861","-0.02617","0.00035","0","0","13.56","Humid","24.85","0","70.00","286692.15","SABD0000000001","AAV1.0.0.11","1.1.2.0","PSt7-10","170328-006","1/4/2020 10:31:52","0000-00","0","no battery","V"
"11/02/2020","11:43:48","1","default","640513929","OXY_CH1","29.425","min","159.420","µmol/L","Humid","23.184","deg","43535","µV","27.255","°C","1018.000","hPa","35.3","pmil","0","55.520","deg","20.000","°C","100.000","%a.s.","21.750","deg","20.000","°C","977.000","hPa","0.861","-0.02617","0.00035","0","0","13.56","Humid","24.85","0","70.00","286685.93","SABD0000000001","AAV1.0.0.11","1.1.2.0","PSt7-10","170328-006","1/4/2020 10:31:52","0000-00","0","no battery","V"
"11/02/2020","11:43:49","1","default","640513929","OXY_CH1","29.442","min","159.551","µmol/L","Humid","23.179","deg","43531","µV","27.242","°C","1018.000","hPa","35.3","pmil","0","55.520","deg","20.000","°C","100.000","%a.s.","21.750","deg","20.000","°C","977.000","hPa","0.861","-0.02617","0.00035","0","0","13.56","Humid","24.85","0","70.00","286684.12","SABD0000000001","AAV1.0.0.11","1.1.2.0","PSt7-10","170328-006","1/4/2020 10:31:52","0000-00","0","no battery","V"
"11/02/2020","11:43:50","1","default","640513929","OXY_CH1","29.459","min","159.538","µmol/L","Humid","23.181","deg","43532","µV","27.239","°C","1018.000","hPa","35.3","pmil","0","55.520","deg","20.000","°C","100.000","%a.s.","21.750","deg","20.000","°C","977.000","hPa","0.861","-0.02617","0.00035","0","0","13.56","Humid","24.85","0","70.00","286688.04","SABD0000000001","AAV1.0.0.11","1.1.2.0","PSt7-10","170328-006","1/4/2020 10:31:52","0000-00","0","no battery","V"
"11/02/2020","11:43:51","1","default","640513929","OXY_CH1","29.476","min","159.543","µmol/L","Humid","23.178","deg","43532","µV","27.246","°C","1018.000","hPa","35.3","pmil","0","55.520","deg","20.000","°C","100.000","%a.s.","21.750","deg","20.000","°C","977.000","hPa","0.861","-0.02617","0.00035","0","0","13.56","Humid","24.85","0","70.00","286690.32","SABD0000000001","AAV1.0.0.11","1.1.2.0","PSt7-10","170328-006","1/4/2020 10:31:52","0000-00","0","no battery","V"
"11/02/2020","11:43:52","1","default","640513929","OXY_CH1","29.492","min","159.589","µmol/L","Humid","23.177","deg","43538","µV","27.239","°C","1018.000","hPa","35.3","pmil","0","55.520","deg","20.000","°C","100.000","%a.s.","21.750","deg","20.000","°C","977.000","hPa","0.861","-0.02617","0.00035","0","0","13.56","Humid","24.85","0","70.00","286689.18","SABD0000000001","AAV1.0.0.11","1.1.2.0","PSt7-10","170328-006","1/4/2020 10:31:52","0000-00","0","no battery","V"
"11/02/2020","11:43:53","1","default","640513929","OXY_CH1","29.508","min","159.505","µmol/L","Humid","23.184","deg","43539","µV","27.237","°C","1018.000","hPa","35.3","pmil","0","55.520","deg","20.000","°C","100.000","%a.s.","21.750","deg","20.000","°C","977.000","hPa","0.861","-0.02617","0.00035","0","0","13.56","Humid","24.85","0","70.00","286694.64","SABD0000000001","AAV1.0.0.11","1.1.2.0","PSt7-10","170328-006","1/4/2020 10:31:52","0000-00","0","no battery","V"
"11/02/2020","11:43:54","1","default","640513929","OXY_CH1","29.525","min","159.444","µmol/L","Humid","23.191","deg","43536","µV","27.230","°C","1018.000","hPa","35.3","pmil","0","55.520","deg","20.000","°C","100.000","%a.s.","21.750","deg","20.000","°C","977.000","hPa","0.861","-0.02617","0.00035","0","0","13.56","Humid","24.85","0","70.00","286690.72","SABD0000000001","AAV1.0.0.11","1.1.2.0","PSt7-10","170328-006","1/4/2020 10:31:52","0000-00","0","no battery","V"
"11/02/2020","11:43:55","1","default","640513929","OXY_CH1","29.542","min","159.452","µmol/L","Humid","23.189","deg","43539","µV","27.234","°C","1018.000","hPa","35.3","pmil","0","55.520","deg","20.000","°C","100.000","%a.s.","21.750","deg","20.000","°C","977.000","hPa","0.861","-0.02617","0.00035","0","0","13.56","Humid","24.85","0","70.00","286689.13","SABD0000000001","AAV1.0.0.11","1.1.2.0","PSt7-10","170328-006","1/4/2020 10:31:52","0000-00","0","no battery","V"
"11/02/2020","11:43:56","1","default","640513929","OXY_CH1","29.559","min","159.506","µmol/L","Humid","23.181","deg","43542","µV","27.245","°C","1018.000","hPa","35.3","pmil","0","55.520","deg","20.000","°C","100.000","%a.s.","21.750","deg","20.000","°C","977.000","hPa","0.861","-0.02617","0.00035","0","0","13.56","Humid","24.85","0","70.00","286686.15","SABD0000000001","AAV1.0.0.11","1.1.2.0","PSt7-10","170328-006","1/4/2020 10:31:52","0000-00","0","no battery","V"
"11/02/2020","11:43:57","1","default","640513929","OXY_CH1","29.575","min","159.530","µmol/L","Humid","23.181","deg","43541","µV","27.240","°C","1018.000","hPa","35.3","pmil","0","55.520","deg","20.000","°C","100.000","%a.s.","21.750","deg","20.000","°C","977.000","hPa","0.861","-0.02617","0.00035","0","0","13.56","Humid","24.85","0","70.00","286679.72","SABD0000000001","AAV1.0.0.11","1.1.2.0","PSt7-10","170328-006","1/4/2020 10:31:52","0000-00","0","no battery","V"
"11/02/2020","11:43:58","1","default","640513929","OXY_CH1","29.592","min","159.315","µmol/L","Humid","23.195","deg","43546","µV","27.246","°C","1018.000","hPa","35.3","pmil","0","55.520","deg","20.000","°C","100.000","%a.s.","21.750","deg","20.000","°C","977.000","hPa","0.861","-0.02617","0.00035","0","0","13.56","Humid","24.85","0","70.00","286691.30","SABD0000000001","AAV1.0.0.11","1.1.2.0","PSt7-10","170328-006","1/4/2020 10:31:52","0000-00","0","no battery","V"
"11/02/2020","11:43:59","1","default","640513929","OXY_CH1","29.609","min","159.405","µmol/L","Humid","23.189","deg","43548","µV","27.244","°C","1018.000","hPa","35.3","pmil","0","55.520","deg","20.000","°C","100.000","%a.s.","21.750","deg","20.000","°C","977.000","hPa","0.861","-0.02617","0.00035","0","0","13.56","Humid","24.85","0","70.00","286691.07","SABD0000000001","AAV1.0.0.11","1.1.2.0","PSt7-10","170328-006","1/4/2020 10:31:52","0000-00","0","no battery","V"
"11/02/2020","11:44:00","1","default","640513929","OXY_CH1","29.626","min","159.424","µmol/L","Humid","23.187","deg","43543","µV","27.246","°C","1018.000","hPa","35.3","pmil","0","55.520","deg","20.000","°C","100.000","%a.s.","21.750","deg","20.000","°C","977.000","hPa","0.861","-0.02617","0.00035","0","0","13.56","Humid","24.85","0","70.00","286678.97","SABD0000000001","AAV1.0.0.11","1.1.2.0","PSt7-10","170328-006","1/4/2020 10:31:52","0000-00","0","no battery","V"
"11/02/2020","11:44:01","1","default","640513929","OXY_CH1","29.642","min","159.433","µmol/L","Humid","23.188","deg","43542","µV","27.241","°C","1018.000","hPa","35.3","pmil","0","55.520","deg","20.000","°C","100.000","%a.s.","21.750","deg","20.000","°C","977.000","hPa","0.861","-0.02617","0.00035","0","0","13.56","Humid","24.85","0","70.00","286672.71","SABD0000000001","AAV1.0.0.11","1.1.2.0","PSt7-10","170328-006","1/4/2020 10:31:52","0000-00","0","no battery","V"
"11/02/2020","11:44:02","1","default","640513929","OXY_CH1","29.659","min","159.366","µmol/L","Humid","23.191","deg","43549","µV","27.247","°C","1018.000","hPa","35.3","pmil","0","55.520","deg","20.000","°C","100.000","%a.s.","21.750","deg","20.000","°C","977.000","hPa","0.861","-0.02617","0.00035","0","0","13.56","Humid","24.85","0","70.00","286681.37","SABD0000000001","AAV1.0.0.11","1.1.2.0","PSt7-10","170328-006","1/4/2020 10:31:52","0000-00","0","no battery","V"
"11/02/2020","11:44:03","1","default","640513929","OXY_CH1","29.675","min","159.509","µmol/L","Humid","23.186","deg","43548","µV","27.230","°C","1018.000","hPa","35.3","pmil","0","55.520","deg","20.000","°C","100.000","%a.s.","21.750","deg","20.000","°C","977.000","hPa","0.861","-0.02617","0.00035","0","0","13.56","Humid","24.85","0","70.00","286676.33","SABD0000000001","AAV1.0.0.11","1.1.2.0","PSt7-10","170328-006","1/4/2020 10:31:52","0000-00","0","no battery","V"
"11/02/2020","11:44:04","1","default","640513929","OXY_CH1","29.692","min","159.490","µmol/L","Humid","23.189","deg","43552","µV","27.226","°C","1018.000","hPa","35.3","pmil","0","55.520","deg","20.000","°C","100.000","%a.s.","21.750","deg","20.000","°C","977.000","hPa","0.861","-0.02617","0.00035","0","0","13.56","Humid","24.85","0","70.00","286675.99","SABD0000000001","AAV1.0.0.11","1.1.2.0","PSt7-10","170328-006","1/4/2020 10:31:52","0000-00","0","no battery","V"
"11/02/2020","11:44:05","1","default","640513929","OXY_CH1","29.708","min","159.489","µmol/L","Humid","23.185","deg","43564","µV","27.237","°C","1018.000","hPa","35.3","pmil","0","55.520","deg","20.000","°C","100.000","%a.s.","21.750","deg","20.000","°C","977.000","hPa","0.861","-0.02617","0.00035","0","0","13.56","Humid","24.85","0","70.00","286681.69","SABD0000000001","AAV1.0.0.11","1.1.2.0","PSt7-10","170328-006","1/4/2020 10:31:52","0000-00","0","no battery","V"
"11/02/2020","11:44:06","1","default","640513929","OXY_CH1","29.725","min","159.456","µmol/L","Humid","23.183","deg","43561","µV","27.250","°C","1018.000","hPa","35.3","pmil","0","55.520","deg","20.000","°C","100.000","%a.s.","21.750","deg","20.000","°C","977.000","hPa","0.861","-0.02617","0.00035","0","0","13.56","Humid","24.85","0","70.00","286669.13","SABD0000000001","AAV1.0.0.11","1.1.2.0","PSt7-10","170328-006","1/4/2020 10:31:52","0000-00","0","no battery","V"
"11/02/2020","11:44:07","1","default","640513929","OXY_CH1","29.742","min","159.418","µmol/L","Humid","23.189","deg","43560","µV","27.241","°C","1018.000","hPa","35.3","pmil","0","55.520","deg","20.000","°C","100.000","%a.s.","21.750","deg","20.000","°C","977.000","hPa","0.861","-0.02617","0.00035","0","0","13.56","Humid","24.85","0","70.00","286693.77","SABD0000000001","AAV1.0.0.11","1.1.2.0","PSt7-10","170328-006","1/4/2020 10:31:52","0000-00","0","no battery","V"
"11/02/2020","11:44:08","1","default","640513929","OXY_CH1","29.759","min","159.432","µmol/L","Humid","23.190","deg","43559","µV","27.235","°C","1018.000","hPa","35.3","pmil","0","55.520","deg","20.000","°C","100.000","%a.s.","21.750","deg","20.000","°C","977.000","hPa","0.861","-0.02617","0.00035","0","0","13.56","Humid","24.85","0","70.00","286676.23","SABD0000000001","AAV1.0.0.11","1.1.2.0","PSt7-10","170328-006","1/4/2020 10:31:52","0000-00","0","no battery","V"
"11/02/2020","11:44:09","1","default","640513929","OXY_CH1","29.775","min","159.364","µmol/L","Humid","23.194","deg","43561","µV","27.238","°C","1018.000","hPa","35.3","pmil","0","55.520","deg","20.000","°C","100.000","%a.s.","21.750","deg","20.000","°C","977.000","hPa","0.861","-0.02617","0.00035","0","0","13.56","Humid","24.85","0","70.00","286683.72","SABD0000000001","AAV1.0.0.11","1.1.2.0","PSt7-10","170328-006","1/4/2020 10:31:52","0000-00","0","no battery","V"
"11/02/2020","11:44:10","1","default","640513929","OXY_CH1","29.792","min","159.409","µmol/L","Humid","23.191","deg","43562","µV","27.238","°C","1018.000","hPa","35.3","pmil","0","55.520","deg","20.000","°C","100.000","%a.s.","21.750","deg","20.000","°C","977.000","hPa","0.861","-0.02617","0.00035","0","0","13.56","Humid","24.85","0","70.00","286674.42","SABD0000000001","AAV1.0.0.11","1.1.2.0","PSt7-10","170328-006","1/4/2020 10:31:52","0000-00","0","no battery","V"
"11/02/2020","11:44:11","1","default","640513929","OXY_CH1","29.809","min","159.404","µmol/L","Humid","23.193","deg","43563","µV","27.233","°C","1018.000","hPa","35.3","pmil","0","55.520","deg","20.000","°C","100.000","%a.s.","21.750","deg","20.000","°C","977.000","hPa","0.861","-0.02617","0.00035","0","0","13.56","Humid","24.85","0","70.00","286669.02","SABD0000000001","AAV1.0.0.11","1.1.2.0","PSt7-10","170328-006","1/4/2020 10:31:52","0000-00","0","no battery","V"
"11/02/2020","11:44:12","1","default","640513929","OXY_CH1","29.826","min","159.387","µmol/L","Humid","23.193","deg","43567","µV","27.236","°C","1018.000","hPa","35.3","pmil","0","55.520","deg","20.000","°C","100.000","%a.s.","21.750","deg","20.000","°C","977.000","hPa","0.861","-0.02617","0.00035","0","0","13.56","Humid","24.85","0","70.00","286683.61","SABD0000000001","AAV1.0.0.11","1.1.2.0","PSt7-10","170328-006","1/4/2020 10:31:52","0000-00","0","no battery","V"
"11/02/2020","11:44:13","1","default","640513929","OXY_CH1","29.842","min","159.452","µmol/L","Humid","23.191","deg","43566","µV","27.228","°C","1018.000","hPa","35.3","pmil","0","55.520","deg","20.000","°C","100.000","%a.s.","21.750","deg","20.000","°C","977.000","hPa","0.861","-0.02617","0.00035","0","0","13.56","Humid","24.85","0","70.00","286680.72","SABD0000000001","AAV1.0.0.11","1.1.2.0","PSt7-10","170328-006","1/4/2020 10:31:52","0000-00","0","no battery","V"
"11/02/2020","11:44:14","1","default","640513929","OXY_CH1","29.858","min","159.410","µmol/L","Humid","23.196","deg","43572","µV","27.223","°C","1018.000","hPa","35.3","pmil","0","55.520","deg","20.000","°C","100.000","%a.s.","21.750","deg","20.000","°C","977.000","hPa","0.861","-0.02617","0.00035","0","0","13.56","Humid","24.85","0","70.00","286678.61","SABD0000000001","AAV1.0.0.11","1.1.2.0","PSt7-10","170328-006","1/4/2020 10:31:52","0000-00","0","no battery","V"
"11/02/2020","11:44:15","1","default","640513929","OXY_CH1","29.875","min","159.422","µmol/L","Humid","23.197","deg","43569","µV","27.217","°C","1018.000","hPa","35.3","pmil","0","55.520","deg","20.000","°C","100.000","%a.s.","21.750","deg","20.000","°C","977.000","hPa","0.861","-0.02617","0.00035","0","0","13.56","Humid","24.85","0","70.00","286674.88","SABD0000000001","AAV1.0.0.11","1.1.2.0","PSt7-10","170328-006","1/4/2020 10:31:52","0000-00","0","no battery","V"
"11/02/2020","11:44:16","1","default","640513929","OXY_CH1","29.892","min","159.230","µmol/L","Humid","23.203","deg","43566","µV","27.241","°C","1018.000","hPa","35.3","pmil","0","55.520","deg","20.000","°C","100.000","%a.s.","21.750","deg","20.000","°C","977.000","hPa","0.861","-0.02617","0.00035","0","0","13.56","Humid","24.85","0","70.00","286672.97","SABD0000000001","AAV1.0.0.11","1.1.2.0","PSt7-10","170328-006","1/4/2020 10:31:52","0000-00","0","no battery","V"
"11/02/2020","11:44:17","1","default","640513929","OXY_CH1","29.909","min","159.217","µmol/L","Humid","23.203","deg","43572","µV","27.244","°C","1018.000","hPa","35.3","pmil","0","55.520","deg","20.000","°C","100.000","%a.s.","21.750","deg","20.000","°C","977.000","hPa","0.861","-0.02617","0.00035","0","0","13.56","Humid","24.85","0","70.00","286684.98","SABD0000000001","AAV1.0.0.11","1.1.2.0","PSt7-10","170328-006","1/4/2020 10:31:52","0000-00","0","no battery","V"
"11/02/2020","11:44:18","1","default","640513929","OXY_CH1","29.925","min","159.254","µmol/L","Humid","23.202","deg","43573","µV","27.239","°C","1018.000","hPa","35.3","pmil","0","55.520","deg","20.000","°C","100.000","%a.s.","21.750","deg","20.000","°C","977.000","hPa","0.861","-0.02617","0.00035","0","0","13.56","Humid","24.85","0","70.00","286674.36","SABD0000000001","AAV1.0.0.11","1.1.2.0","PSt7-10","170328-006","1/4/2020 10:31:52","0000-00","0","no battery","V"
"11/02/2020","11:44:19","1","default","640513929","OXY_CH1","29.942","min","159.262","µmol/L","Humid","23.198","deg","43580","µV","27.249","°C","1018.000","hPa","35.3","pmil","0","55.520","deg","20.000","°C","100.000","%a.s.","21.750","deg","20.000","°C","977.000","hPa","0.861","-0.02617","0.00035","0","0","13.56","Humid","24.85","0","70.00","286688.33","SABD0000000001","AAV1.0.0.11","1.1.2.0","PSt7-10","170328-006","1/4/2020 10:31:52","0000-00","0","no battery","V"
"11/02/2020","11:44:20","1","default","640513929","OXY_CH1","29.959","min","159.098","µmol/L","Humid","23.209","deg","43577","µV","27.252","°C","1018.000","hPa","35.3","pmil","0","55.520","deg","20.000","°C","100.000","%a.s.","21.750","deg","20.000","°C","977.000","hPa","0.861","-0.02617","0.00035","0","0","13.56","Humid","24.85","0","70.00","286692.12","SABD0000000001","AAV1.0.0.11","1.1.2.0","PSt7-10","170328-006","1/4/2020 10:31:52","0000-00","0","no battery","V"
"11/02/2020","11:44:21","1","default","640513929","OXY_CH1","29.976","min","159.295","µmol/L","Humid","23.201","deg","43580","µV","27.233","°C","1018.000","hPa","35.3","pmil","0","55.520","deg","20.000","°C","100.000","%a.s.","21.750","deg","20.000","°C","977.000","hPa","0.861","-0.02617","0.00035","0","0","13.56","Humid","24.85","0","70.00","286676.52","SABD0000000001","AAV1.0.0.11","1.1.2.0","PSt7-10","170328-006","1/4/2020 10:31:52","0000-00","0","no battery","V"
"11/02/2020","11:44:22","1","default","640513929","OXY_CH1","29.992","min","159.393","µmol/L","Humid","23.194","deg","43585","µV","27.232","°C","1018.000","hPa","35.3","pmil","0","55.520","deg","20.000","°C","100.000","%a.s.","21.750","deg","20.000","°C","977.000","hPa","0.861","-0.02617","0.00035","0","0","13.56","Humid","24.85","0","70.00","286679.51","SABD0000000001","AAV1.0.0.11","1.1.2.0","PSt7-10","170328-006","1/4/2020 10:31:52","0000-00","0","no battery","V"
"11/02/2020","11:44:23","1","default","640513929","OXY_CH1","30.009","min","159.365","µmol/L","Humid","23.199","deg","43581","µV","27.224","°C","1018.000","hPa","35.3","pmil","0","55.520","deg","20.000","°C","100.000","%a.s.","21.750","deg","20.000","°C","977.000","hPa","0.861","-0.02617","0.00035","0","0","13.56","Humid","24.85","0","70.00","286685.63","SABD0000000001","AAV1.0.0.11","1.1.2.0","PSt7-10","170328-006","1/4/2020 10:31:52","0000-00","0","no battery","V"
"11/02/2020","11:44:24","1","default","640513929","OXY_CH1","30.025","min","159.333","µmol/L","Humid","23.198","deg","43579","µV","27.234","°C","1018.000","hPa","35.3","pmil","0","55.520","deg","20.000","°C","100.000","%a.s.","21.750","deg","20.000","°C","977.000","hPa","0.861","-0.02617","0.00035","0","0","13.56","Humid","24.85","0","70.00","286673.12","SABD0000000001","AAV1.0.0.11","1.1.2.0","PSt7-10","170328-006","1/4/2020 10:31:52","0000-00","0","no battery","V"
"11/02/2020","11:44:25","1","default","640513929","OXY_CH1","30.042","min","159.333","µmol/L","Humid","23.197","deg","43594","µV","27.236","°C","1018.000","hPa","35.3","pmil","0","55.520","deg","20.000","°C","100.000","%a.s.","21.750","deg","20.000","°C","977.000","hPa","0.861","-0.02617","0.00035","0","0","13.56","Humid","24.85","0","70.00","286682.40","SABD0000000001","AAV1.0.0.11","1.1.2.0","PSt7-10","170328-006","1/4/2020 10:31:52","0000-00","0","no battery","V"
"11/02/2020","11:44:26","1","default","640513929","OXY_CH1","30.058","min","159.147","µmol/L","Humid","23.210","deg","43590","µV","27.239","°C","1018.000","hPa","35.3","pmil","0","55.520","deg","20.000","°C","100.000","%a.s.","21.750","deg","20.000","°C","977.000","hPa","0.861","-0.02617","0.00035","0","0","13.56","Humid","24.85","0","70.00","286681.24","SABD0000000001","AAV1.0.0.11","1.1.2.0","PSt7-10","170328-006","1/4/2020 10:31:52","0000-00","0","no battery","V"
"11/02/2020","11:44:27","1","default","640513929","OXY_CH1","30.075","min","159.430","µmol/L","Humid","23.193","deg","43591","µV","27.227","°C","1018.000","hPa","35.3","pmil","0","55.520","deg","20.000","°C","100.000","%a.s.","21.750","deg","20.000","°C","977.000","hPa","0.861","-0.02617","0.00035","0","0","13.56","Humid","24.85","0","70.00","286680.38","SABD0000000001","AAV1.0.0.11","1.1.2.0","PSt7-10","170328-006","1/4/2020 10:31:52","0000-00","0","no battery","V"
"11/02/2020","11:44:28","1","default","640513929","OXY_CH1","30.092","min","159.253","µmol/L","Humid","23.203","deg","43592","µV","27.236","°C","1018.000","hPa","35.3","pmil","0","55.520","deg","20.000","°C","100.000","%a.s.","21.750","deg","20.000","°C","977.000","hPa","0.861","-0.02617","0.00035","0","0","13.56","Humid","24.85","0","70.00","286687.90","SABD0000000001","AAV1.0.0.11","1.1.2.0","PSt7-10","170328-006","1/4/2020 10:31:52","0000-00","0","no battery","V"
"11/02/2020","11:44:29","1","default","640513929","OXY_CH1","30.109","min","159.277","µmol/L","Humid","23.207","deg","43589","µV","27.220","°C","1018.000","hPa","35.3","pmil","0","55.520","deg","20.000","°C","100.000","%a.s.","21.750","deg","20.000","°C","977.000","hPa","0.861","-0.02617","0.00035","0","0","13.56","Humid","24.85","0","70.00","286680.39","SABD0000000001","AAV1.0.0.11","1.1.2.0","PSt7-10","170328-006","1/4/2020 10:31:52","0000-00","0","no battery","V"
"11/02/2020","11:44:30","1","default","640513929","OXY_CH1","30.126","min","159.315","µmol/L","Humid","23.201","deg","43595","µV","27.229","°C","1018.000","hPa","35.3","pmil","0","55.520","deg","20.000","°C","100.000","%a.s.","21.750","deg","20.000","°C","977.000","hPa","0.861","-0.02617","0.00035","0","0","13.56","Humid","24.85","0","70.00","286672.18","SABD0000000001","AAV1.0.0.11","1.1.2.0","PSt7-10","170328-006","1/4/2020 10:31:52","0000-00","0","no battery","V"
"11/02/2020","11:44:31","1","default","640513929","OXY_CH1","30.142","min","159.324","µmol/L","Humid","23.201","deg","43594","µV","27.227","°C","1018.000","hPa","35.3","pmil","0","55.520","deg","20.000","°C","100.000","%a.s.","21.750","deg","20.000","°C","977.000","hPa","0.861","-0.02617","0.00035","0","0","13.56","Humid","24.85","0","70.00","286680.36","SABD0000000001","AAV1.0.0.11","1.1.2.0","PSt7-10","170328-006","1/4/2020 10:31:52","0000-00","0","no battery","V"
"11/02/2020","11:44:32","1","default","640513929","OXY_CH1","30.159","min","159.298","µmol/L","Humid","23.203","deg","43588","µV","27.227","°C","1018.000","hPa","35.3","pmil","0","55.520","deg","20.000","°C","100.000","%a.s.","21.750","deg","20.000","°C","977.000","hPa","0.861","-0.02617","0.00035","0","0","13.56","Humid","24.85","0","70.00","286664.13","SABD0000000001","AAV1.0.0.11","1.1.2.0","PSt7-10","170328-006","1/4/2020 10:31:52","0000-00","0","no battery","V"
"11/02/2020","11:44:33","1","default","640513929","OXY_CH1","30.175","min","159.243","µmol/L","Humid","23.207","deg","43592","µV","27.227","°C","1018.000","hPa","35.3","pmil","0","55.520","deg","20.000","°C","100.000","%a.s.","21.750","deg","20.000","°C","977.000","hPa","0.861","-0.02617","0.00035","0","0","13.56","Humid","24.85","0","70.00","286664.86","SABD0000000001","AAV1.0.0.11","1.1.2.0","PSt7-10","170328-006","1/4/2020 10:31:52","0000-00","0","no battery","V"
"11/02/2020","11:44:34","1","default","640513929","OXY_CH1","30.192","min","159.152","µmol/L","Humid","23.210","deg","43589","µV","27.238","°C","1018.000","hPa","35.3","pmil","0","55.520","deg","20.000","°C","100.000","%a.s.","21.750","deg","20.000","°C","977.000","hPa","0.861","-0.02617","0.00035","0","0","13.56","Humid","24.85","0","70.00","286683.06","SABD0000000001","AAV1.0.0.11","1.1.2.0","PSt7-10","170328-006","1/4/2020 10:31:52","0000-00","0","no battery","V"
"11/02/2020","11:44:35","1","default","640513929","OXY_CH1","30.208","min","159.089","µmol/L","Humid","23.212","deg","43588","µV","27.246","°C","1018.000","hPa","35.3","pmil","0","55.520","deg","20.000","°C","100.000","%a.s.","21.750","deg","20.000","°C","977.000","hPa","0.861","-0.02617","0.00035","0","0","13.56","Humid","24.85","0","70.00","286663.21","SABD0000000001","AAV1.0.0.11","1.1.2.0","PSt7-10","170328-006","1/4/2020 10:31:52","0000-00","0","no battery","V"
"11/02/2020","11:44:36","1","default","640513929","OXY_CH1","30.225","min","159.188","µmol/L","Humid","23.209","deg","43594","µV","27.233","°C","1018.000","hPa","35.3","pmil","0","55.520","deg","20.000","°C","100.000","%a.s.","21.750","deg","20.000","°C","977.000","hPa","0.861","-0.02617","0.00035","0","0","13.56","Humid","24.85","0","70.00","286670.57","SABD0000000001","AAV1.0.0.11","1.1.2.0","PSt7-10","170328-006","1/4/2020 10:31:52","0000-00","0","no battery","V"
"11/02/2020","11:44:37","1","default","640513929","OXY_CH1","30.242","min","159.122","µmol/L","Humid","23.213","deg","43593","µV","27.236","°C","1018.000","hPa","35.3","pmil","0","55.520","deg","20.000","°C","100.000","%a.s.","21.750","deg","20.000","°C","977.000","hPa","0.861","-0.02617","0.00035","0","0","13.56","Humid","24.85","0","70.00","286664.48","SABD0000000001","AAV1.0.0.11","1.1.2.0","PSt7-10","170328-006","1/4/2020 10:31:52","0000-00","0","no battery","V"
"11/02/2020","11:44:38","1","default","640513929","OXY_CH1","30.259","min","159.108","µmol/L","Humid","23.213","deg","43586","µV","27.238","°C","1018.000","hPa","35.3","pmil","0","55.520","deg","20.000","°C","100.000","%a.s.","21.750","deg","20.000","°C","977.000","hPa","0.861","-0.02617","0.00035","0","0","13.56","Humid","24.85","0","70.00","286666.40","SABD0000000001","AAV1.0.0.11","1.1.2.0","PSt7-10","170328-006","1/4/2020 10:31:52","0000-00","0","no battery","V"
"11/02/2020","11:44:39","1","default","640513929","OXY_CH1","30.276","min","159.257","µmol/L","Humid","23.206","deg","43586","µV","27.227","°C","1018.000","hPa","35.3","pmil","0","55.520","deg","20.000","°C","100.000","%a.s.","21.750","deg","20.000","°C","977.000","hPa","0.861","-0.02617","0.00035","0","0","13.56","Humid","24.85","0","70.00","286668.71","SABD0000000001","AAV1.0.0.11","1.1.2.0","PSt7-10","170328-006","1/4/2020 10:31:52","0000-00","0","no battery","V"
"11/02/2020","11:44:40","1","default","640513929","OXY_CH1","30.292","min","159.254","µmol/L","Humid","23.207","deg","43595","µV","27.225","°C","1018.000","hPa","35.3","pmil","0","55.520","deg","20.000","°C","100.000","%a.s.","21.750","deg","20.000","°C","977.000","hPa","0.861","-0.02617","0.00035","0","0","13.56","Humid","24.85","0","70.00","286666.54","SABD0000000001","AAV1.0.0.11","1.1.2.0","PSt7-10","170328-006","1/4/2020 10:31:52","0000-00","0","no battery","V"
"11/02/2020","11:44:41","1","default","640513929","OXY_CH1","30.309","min","159.157","µmol/L","Humid","23.211","deg","43599","µV","27.234","°C","1018.000","hPa","35.3","pmil","0","55.520","deg","20.000","°C","100.000","%a.s.","21.750","deg","20.000","°C","977.000","hPa","0.861","-0.02617","0.00035","0","0","13.56","Humid","24.85","0","70.00","286670.50","SABD0000000001","AAV1.0.0.11","1.1.2.0","PSt7-10","170328-006","1/4/2020 10:31:52","0000-00","0","no battery","V"
"11/02/2020","11:44:42","1","default","640513929","OXY_CH1","30.326","min","159.174","µmol/L","Humid","23.213","deg","43595","µV","27.225","°C","1018.000","hPa","35.3","pmil","0","55.520","deg","20.000","°C","100.000","%a.s.","21.750","deg","20.000","°C","977.000","hPa","0.861","-0.02617","0.00035","0","0","13.56","Humid","24.85","0","70.00","286677.67","SABD0000000001","AAV1.0.0.11","1.1.2.0","PSt7-10","170328-006","1/4/2020 10:31:52","0000-00","0","no battery","V"
"11/02/2020","11:44:43","1","default","640513929","OXY_CH1","30.342","min","159.205","µmol/L","Humid","23.212","deg","43606","µV","27.221","°C","1018.000","hPa","35.3","pmil","0","55.520","deg","20.000","°C","100.000","%a.s.","21.750","deg","20.000","°C","977.000","hPa","0.861","-0.02617","0.00035","0","0","13.56","Humid","24.85","0","70.00","286663.07","SABD0000000001","AAV1.0.0.11","1.1.2.0","PSt7-10","170328-006","1/4/2020 10:31:52","0000-00","0","no battery","V"
"11/02/2020","11:44:44","1","default","640513929","OXY_CH1","30.358","min","159.076","µmol/L","Humid","23.219","deg","43607","µV","27.228","°C","1018.000","hPa","35.3","pmil","0","55.520","deg","20.000","°C","100.000","%a.s.","21.750","deg","20.000","°C","977.000","hPa","0.861","-0.02617","0.00035","0","0","13.56","Humid","24.85","0","70.00","286660.69","SABD0000000001","AAV1.0.0.11","1.1.2.0","PSt7-10","170328-006","1/4/2020 10:31:52","0000-00","0","no battery","V"
"11/02/2020","11:44:45","1","default","640513929","OXY_CH1","30.375","min","159.183","µmol/L","Humid","23.212","deg","43602","µV","27.225","°C","1018.000","hPa","35.3","pmil","0","55.520","deg","20.000","°C","100.000","%a.s.","21.750","deg","20.000","°C","977.000","hPa","0.861","-0.02617","0.00035","0","0","13.56","Humid","24.85","0","70.00","286667.22","SABD0000000001","AAV1.0.0.11","1.1.2.0","PSt7-10","170328-006","1/4/2020 10:31:52","0000-00","0","no battery","V"
"11/02/2020","11:44:46","1","default","640513929","OXY_CH1","30.392","min","159.097","µmol/L","Humid","23.215","deg","43603","µV","27.235","°C","1018.000","hPa","35.3","pmil","0","55.520","deg","20.000","°C","100.000","%a.s.","21.750","deg","20.000","°C","977.000","hPa","0.861","-0.02617","0.00035","0","0","13.56","Humid","24.85","0","70.00","286675.38","SABD0000000001","AAV1.0.0.11","1.1.2.0","PSt7-10","170328-006","1/4/2020 10:31:52","0000-00","0","no battery","V"
"11/02/2020","11:44:47","1","default","640513929","OXY_CH1","30.409","min","159.116","µmol/L","Humid","23.217","deg","43615","µV","27.225","°C","1018.000","hPa","35.3","pmil","0","55.520","deg","20.000","°C","100.000","%a.s.","21.750","deg","20.000","°C","977.000","hPa","0.861","-0.02617","0.00035","0","0","13.56","Humid","24.85","0","70.00","286670.17","SABD0000000001","AAV1.0.0.11","1.1.2.0","PSt7-10","170328-006","1/4/2020 10:31:52","0000-00","0","no battery","V"
"11/02/2020","11:44:48","1","default","640513929","OXY_CH1","30.425","min","159.179","µmol/L","Humid","23.213","deg","43610","µV","27.223","°C","1018.000","hPa","35.3","pmil","0","55.520","deg","20.000","°C","100.000","%a.s.","21.750","deg","20.000","°C","977.000","hPa","0.861","-0.02617","0.00035","0","0","13.56","Humid","24.85","0","70.00","286658.39","SABD0000000001","AAV1.0.0.11","1.1.2.0","PSt7-10","170328-006","1/4/2020 10:31:52","0000-00","0","no battery","V"
"11/02/2020","11:44:49","1","default","640513929","OXY_CH1","30.442","min","159.262","µmol/L","Humid","23.210","deg","43617","µV","27.214","°C","1018.000","hPa","35.3","pmil","0","55.520","deg","20.000","°C","100.000","%a.s.","21.750","deg","20.000","°C","977.000","hPa","0.861","-0.02617","0.00035","0","0","13.56","Humid","24.85","0","70.00","286662.00","SABD0000000001","AAV1.0.0.11","1.1.2.0","PSt7-10","170328-006","1/4/2020 10:31:52","0000-00","0","no battery","V"
"11/02/2020","11:44:50","1","default","640513929","OXY_CH1","30.459","min","159.178","µmol/L","Humid","23.213","deg","43616","µV","27.224","°C","1018.000","hPa","35.3","pmil","0","55.520","deg","20.000","°C","100.000","%a.s.","21.750","deg","20.000","°C","977.000","hPa","0.861","-0.02617","0.00035","0","0","13.56","Humid","24.85","0","70.00","286666.70","SABD0000000001","AAV1.0.0.11","1.1.2.0","PSt7-10","170328-006","1/4/2020 10:31:52","0000-00","0","no battery","V"
"11/02/2020","11:44:51","1","default","640513929","OXY_CH1","30.476","min","159.121","µmol/L","Humid","23.219","deg","43616","µV","27.219","°C","1018.000","hPa","35.3","pmil","0","55.520","deg","20.000","°C","100.000","%a.s.","21.750","deg","20.000","°C","977.000","hPa","0.861","-0.02617","0.00035","0","0","13.56","Humid","24.85","0","70.00","286669.31","SABD0000000001","AAV1.0.0.11","1.1.2.0","PSt7-10","170328-006","1/4/2020 10:31:52","0000-00","0","no battery","V"
"11/02/2020","11:44:52","1","default","640513929","OXY_CH1","30.492","min","159.178","µmol/L","Humid","23.218","deg","43614","µV","27.209","°C","1018.000","hPa","35.3","pmil","0","55.520","deg","20.000","°C","100.000","%a.s.","21.750","deg","20.000","°C","977.000","hPa","0.861","-0.02617","0.00035","0","0","13.56","Humid","24.85","0","70.00","286667.67","SABD0000000001","AAV1.0.0.11","1.1.2.0","PSt7-10","170328-006","1/4/2020 10:31:52","0000-00","0","no battery","V"
"11/02/2020","11:44:53","1","default","640513929","OXY_CH1","30.509","min","159.100","µmol/L","Humid","23.214","deg","43609","µV","27.237","°C","1018.000","hPa","35.3","pmil","0","55.520","deg","20.000","°C","100.000","%a.s.","21.750","deg","20.000","°C","977.000","hPa","0.861","-0.02617","0.00035","0","0","13.56","Humid","24.85","0","70.00","286669.18","SABD0000000001","AAV1.0.0.11","1.1.2.0","PSt7-10","170328-006","1/4/2020 10:31:52","0000-00","0","no battery","V"
"11/02/2020","11:44:54","1","default","640513929","OXY_CH1","30.525","min","159.052","µmol/L","Humid","23.220","deg","43607","µV","27.230","°C","1018.000","hPa","35.3","pmil","0","55.520","deg","20.000","°C","100.000","%a.s.","21.750","deg","20.000","°C","977.000","hPa","0.861","-0.02617","0.00035","0","0","13.56","Humid","24.85","0","70.00","286672.07","SABD0000000001","AAV1.0.0.11","1.1.2.0","PSt7-10","170328-006","1/4/2020 10:31:52","0000-00","0","no battery","V"
"11/02/2020","11:44:55","1","default","640513929","OXY_CH1","30.542","min","159.074","µmol/L","Humid","23.220","deg","43615","µV","27.226","°C","1018.000","hPa","35.3","pmil","0","55.520","deg","20.000","°C","100.000","%a.s.","21.750","deg","20.000","°C","977.000","hPa","0.861","-0.02617","0.00035","0","0","13.56","Humid","24.85","0","70.00","286662.16","SABD0000000001","AAV1.0.0.11","1.1.2.0","PSt7-10","170328-006","1/4/2020 10:31:52","0000-00","0","no battery","V"
"11/02/2020","11:44:56","1","default","640513929","OXY_CH1","30.558","min","158.982","µmol/L","Humid","23.230","deg","43615","µV","27.217","°C","1018.000","hPa","35.3","pmil","0","55.520","deg","20.000","°C","100.000","%a.s.","21.750","deg","20.000","°C","977.000","hPa","0.861","-0.02617","0.00035","0","0","13.56","Humid","24.85","0","70.00","286654.83","SABD0000000001","AAV1.0.0.11","1.1.2.0","PSt7-10","170328-006","1/4/2020 10:31:52","0000-00","0","no battery","V"
"11/02/2020","11:44:57","1","default","640513929","OXY_CH1","30.575","min","159.073","µmol/L","Humid","23.221","deg","43622","µV","27.223","°C","1018.000","hPa","35.3","pmil","0","55.520","deg","20.000","°C","100.000","%a.s.","21.750","deg","20.000","°C","977.000","hPa","0.861","-0.02617","0.00035","0","0","13.56","Humid","24.85","0","70.00","286661.93","SABD0000000001","AAV1.0.0.11","1.1.2.0","PSt7-10","170328-006","1/4/2020 10:31:52","0000-00","0","no battery","V"
"11/02/2020","11:44:58","1","default","640513929","OXY_CH1","30.592","min","159.061","µmol/L","Humid","23.226","deg","43620","µV","27.211","°C","1018.000","hPa","35.3","pmil","0","55.520","deg","20.000","°C","100.000","%a.s.","21.750","deg","20.000","°C","977.000","hPa","0.861","-0.02617","0.00035","0","0","13.56","Humid","24.85","0","70.00","286663.92","SABD0000000001","AAV1.0.0.11","1.1.2.0","PSt7-10","170328-006","1/4/2020 10:31:52","0000-00","0","no battery","V"
"11/02/2020","11:44:59","1","default","640513929","OXY_CH1","30.609","min","158.973","µmol/L","Humid","23.225","deg","43627","µV","27.233","°C","1018.000","hPa","35.3","pmil","0","55.520","deg","20.000","°C","100.000","%a.s.","21.750","deg","20.000","°C","977.000","hPa","0.861","-0.02617","0.00035","0","0","13.56","Humid","24.85","0","70.00","286659.33","SABD0000000001","AAV1.0.0.11","1.1.2.0","PSt7-10","170328-006","1/4/2020 10:31:52","0000-00","0","no battery","V"
"11/02/2020","11:45:00","1","default","640513929","OXY_CH1","30.625","min","159.040","µmol/L","Humid","23.222","deg","43624","µV","27.227","°C","1018.000","hPa","35.3","pmil","0","55.520","deg","20.000","°C","100.000","%a.s.","21.750","deg","20.000","°C","977.000","hPa","0.861","-0.02617","0.00035","0","0","13.56","Humid","24.85","0","70.00","286657.76","SABD0000000001","AAV1.0.0.11","1.1.2.0","PSt7-10","170328-006","1/4/2020 10:31:52","0000-00","0","no battery","V"
"11/02/2020","11:45:01","1","default","640513929","OXY_CH1","30.642","min","159.039","µmol/L","Humid","23.226","deg","43625","µV","27.216","°C","1018.000","hPa","35.3","pmil","0","55.520","deg","20.000","°C","100.000","%a.s.","21.750","deg","20.000","°C","977.000","hPa","0.861","-0.02617","0.00035","0","0","13.56","Humid","24.85","0","70.00","286665.36","SABD0000000001","AAV1.0.0.11","1.1.2.0","PSt7-10","170328-006","1/4/2020 10:31:52","0000-00","0","no battery","V"
"11/02/2020","11:45:02","1","default","640513929","OXY_CH1","30.659","min","159.051","µmol/L","Humid","23.227","deg","43628","µV","27.211","°C","1018.000","hPa","35.3","pmil","0","55.520","deg","20.000","°C","100.000","%a.s.","21.750","deg","20.000","°C","977.000","hPa","0.861","-0.02617","0.00035","0","0","13.56","Humid","24.85","0","70.00","286669.91","SABD0000000001","AAV1.0.0.11","1.1.2.0","PSt7-10","170328-006","1/4/2020 10:31:52","0000-00","0","no battery","V"
"11/02/2020","11:45:03","1","default","640513929","OXY_CH1","30.676","min","158.997","µmol/L","Humid","23.225","deg","43629","µV","27.228","°C","1018.000","hPa","35.3","pmil","0","55.520","deg","20.000","°C","100.000","%a.s.","21.750","deg","20.000","°C","977.000","hPa","0.861","-0.02617","0.00035","0","0","13.56","Humid","24.85","0","70.00","286668.36","SABD0000000001","AAV1.0.0.11","1.1.2.0","PSt7-10","170328-006","1/4/2020 10:31:52","0000-00","0","no battery","V"
"11/02/2020","11:45:04","1","default","640513929","OXY_CH1","30.692","min","158.972","µmol/L","Humid","23.225","deg","43629","µV","27.233","°C","1018.000","hPa","35.3","pmil","0","55.520","deg","20.000","°C","100.000","%a.s.","21.750","deg","20.000","°C","977.000","hPa","0.861","-0.02617","0.00035","0","0","13.56","Humid","24.85","0","70.00","286658.36","SABD0000000001","AAV1.0.0.11","1.1.2.0","PSt7-10","170328-006","1/4/2020 10:31:52","0000-00","0","no battery","V"
"11/02/2020","11:45:05","1","default","640513929","OXY_CH1","30.708","min","159.051","µmol/L","Humid","23.222","deg","43647","µV","27.225","°C","1018.000","hPa","35.3","pmil","0","55.520","deg","20.000","°C","100.000","%a.s.","21.750","deg","20.000","°C","977.000","hPa","0.861","-0.02617","0.00035","0","0","13.56","Humid","24.85","0","70.00","286667.03","SABD0000000001","AAV1.0.0.11","1.1.2.0","PSt7-10","170328-006","1/4/2020 10:31:52","0000-00","0","no battery","V"
"11/02/2020","11:45:06","1","default","640513929","OXY_CH1","30.725","min","158.977","µmol/L","Humid","23.228","deg","43633","µV","27.223","°C","1018.000","hPa","35.3","pmil","0","55.520","deg","20.000","°C","100.000","%a.s.","21.750","deg","20.000","°C","977.000","hPa","0.861","-0.02617","0.00035","0","0","13.56","Humid","24.85","0","70.00","286658.59","SABD0000000001","AAV1.0.0.11","1.1.2.0","PSt7-10","170328-006","1/4/2020 10:31:52","0000-00","0","no battery","V"
"11/02/2020","11:45:07","1","default","640513929","OXY_CH1","30.742","min","158.973","µmol/L","Humid","23.230","deg","43640","µV","27.219","°C","1018.000","hPa","35.3","pmil","0","55.520","deg","20.000","°C","100.000","%a.s.","21.750","deg","20.000","°C","977.000","hPa","0.861","-0.02617","0.00035","0","0","13.56","Humid","24.85","0","70.00","286676.59","SABD0000000001","AAV1.0.0.11","1.1.2.0","PSt7-10","170328-006","1/4/2020 10:31:52","0000-00","0","no battery","V"
"11/02/2020","11:45:08","1","default","640513929","OXY_CH1","30.759","min","159.063","µmol/L","Humid","23.223","deg","43642","µV","27.220","°C","1018.000","hPa","35.3","pmil","0","55.520","deg","20.000","°C","100.000","%a.s.","21.750","deg","20.000","°C","977.000","hPa","0.861","-0.02617","0.00035","0","0","13.56","Humid","24.85","0","70.00","286656.06","SABD0000000001","AAV1.0.0.11","1.1.2.0","PSt7-10","170328-006","1/4/2020 10:31:52","0000-00","0","no battery","V"
"11/02/2020","11:45:09","1","default","640513929","OXY_CH1","30.775","min","159.069","µmol/L","Humid","23.224","deg","43638","µV","27.215","°C","1018.000","hPa","35.3","pmil","0","55.520","deg","20.000","°C","100.000","%a.s.","21.750","deg","20.000","°C","977.000","hPa","0.861","-0.02617","0.00035","0","0","13.56","Humid","24.85","0","70.00","286665.56","SABD0000000001","AAV1.0.0.11","1.1.2.0","PSt7-10","170328-006","1/4/2020 10:31:52","0000-00","0","no battery","V"
"11/02/2020","11:45:10","1","default","640513929","OXY_CH1","30.792","min","159.174","µmol/L","Humid","23.221","deg","43642","µV","27.201","°C","1018.000","hPa","35.3","pmil","0","55.520","deg","20.000","°C","100.000","%a.s.","21.750","deg","20.000","°C","977.000","hPa","0.861","-0.02617","0.00035","0","0","13.56","Humid","24.85","0","70.00","286660.90","SABD0000000001","AAV1.0.0.11","1.1.2.0","PSt7-10","170328-006","1/4/2020 10:31:52","0000-00","0","no battery","V"
"11/02/2020","11:45:11","1","default","640513929","OXY_CH1","30.809","min","159.075","µmol/L","Humid","23.231","deg","43639","µV","27.194","°C","1018.000","hPa","35.3","pmil","0","55.520","deg","20.000","°C","100.000","%a.s.","21.750","deg","20.000","°C","977.000","hPa","0.861","-0.02617","0.00035","0","0","13.56","Humid","24.85","0","70.00","286660.88","SABD0000000001","AAV1.0.0.11","1.1.2.0","PSt7-10","170328-006","1/4/2020 10:31:52","0000-00","0","no battery","V"
"11/02/2020","11:45:12","1","default","640513929","OXY_CH1","30.826","min","159.030","µmol/L","Humid","23.230","deg","43640","µV","27.206","°C","1018.000","hPa","35.3","pmil","0","55.520","deg","20.000","°C","100.000","%a.s.","21.750","deg","20.000","°C","977.000","hPa","0.861","-0.02617","0.00035","0","0","13.56","Humid","24.85","0","70.00","286658.76","SABD0000000001","AAV1.0.0.11","1.1.2.0","PSt7-10","170328-006","1/4/2020 10:31:52","0000-00","0","no battery","V"
"11/02/2020","11:45:13","1","default","640513929","OXY_CH1","30.842","min","158.837","µmol/L","Humid","23.237","deg","43632","µV","27.228","°C","1018.000","hPa","35.3","pmil","0","55.520","deg","20.000","°C","100.000","%a.s.","21.750","deg","20.000","°C","977.000","hPa","0.861","-0.02617","0.00035","0","0","13.56","Humid","24.85","0","70.00","286650.60","SABD0000000001","AAV1.0.0.11","1.1.2.0","PSt7-10","170328-006","1/4/2020 10:31:52","0000-00","0","no battery","V"
"11/02/2020","11:45:14","1","default","640513929","OXY_CH1","30.859","min","158.940","µmol/L","Humid","23.233","deg","43638","µV","27.217","°C","1018.000","hPa","35.3","pmil","0","55.520","deg","20.000","°C","100.000","%a.s.","21.750","deg","20.000","°C","977.000","hPa","0.861","-0.02617","0.00035","0","0","13.56","Humid","24.85","0","70.00","286666.55","SABD0000000001","AAV1.0.0.11","1.1.2.0","PSt7-10","170328-006","1/4/2020 10:31:52","0000-00","0","no battery","V"
"11/02/2020","11:45:15","1","default","640513929","OXY_CH1","30.875","min","159.035","µmol/L","Humid","23.226","deg","43638","µV","27.217","°C","1018.000","hPa","35.3","pmil","0","55.520","deg","20.000","°C","100.000","%a.s.","21.750","deg","20.000","°C","977.000","hPa","0.861","-0.02617","0.00035","0","0","13.56","Humid","24.85","0","70.00","286659.77","SABD0000000001","AAV1.0.0.11","1.1.2.0","PSt7-10","170328-006","1/4/2020 10:31:52","0000-00","0","no battery","V"
"11/02/2020","11:45:16","1","default","640513929","OXY_CH1","30.892","min","158.938","µmol/L","Humid","23.234","deg","43644","µV","27.215","°C","1018.000","hPa","35.3","pmil","0","55.520","deg","20.000","°C","100.000","%a.s.","21.750","deg","20.000","°C","977.000","hPa","0.861","-0.02617","0.00035","0","0","13.56","Humid","24.85","0","70.00","286657.92","SABD0000000001","AAV1.0.0.11","1.1.2.0","PSt7-10","170328-006","1/4/2020 10:31:52","0000-00","0","no battery","V"
"11/02/2020","11:45:17","1","default","640513929","OXY_CH1","30.908","min","158.957","µmol/L","Humid","23.232","deg","43638","µV","27.216","°C","1018.000","hPa","35.3","pmil","0","55.520","deg","20.000","°C","100.000","%a.s.","21.750","deg","20.000","°C","977.000","hPa","0.861","-0.02617","0.00035","0","0","13.56","Humid","24.85","0","70.00","286661.66","SABD0000000001","AAV1.0.0.11","1.1.2.0","PSt7-10","170328-006","1/4/2020 10:31:52","0000-00","0","no battery","V"
"11/02/2020","11:45:18","1","default","640513929","OXY_CH1","30.925","min","158.952","µmol/L","Humid","23.235","deg","43638","µV","27.209","°C","1018.000","hPa","35.3","pmil","0","55.520","deg","20.000","°C","100.000","%a.s.","21.750","deg","20.000","°C","977.000","hPa","0.861","-0.02617","0.00035","0","0","13.56","Humid","24.85","0","70.00","286659.29","SABD0000000001","AAV1.0.0.11","1.1.2.0","PSt7-10","170328-006","1/4/2020 10:31:52","0000-00","0","no battery","V"
"11/02/2020","11:45:19","1","default","640513929","OXY_CH1","30.942","min","158.952","µmol/L","Humid","23.234","deg","43646","µV","27.212","°C","1018.000","hPa","35.3","pmil","0","55.520","deg","20.000","°C","100.000","%a.s.","21.750","deg","20.000","°C","977.000","hPa","0.861","-0.02617","0.00035","0","0","13.56","Humid","24.85","0","70.00","286663.03","SABD0000000001","AAV1.0.0.11","1.1.2.0","PSt7-10","170328-006","1/4/2020 10:31:52","0000-00","0","no battery","V"
"11/02/2020","11:45:20","1","default","640513929","OXY_CH1","30.959","min","158.981","µmol/L","Humid","23.232","deg","43644","µV","27.211","°C","1018.000","hPa","35.3","pmil","0","55.520","deg","20.000","°C","100.000","%a.s.","21.750","deg","20.000","°C","977.000","hPa","0.861","-0.02617","0.00035","0","0","13.56","Humid","24.85","0","70.00","286661.41","SABD0000000001","AAV1.0.0.11","1.1.2.0","PSt7-10","170328-006","1/4/2020 10:31:52","0000-00","0","no battery","V"
"11/02/2020","11:45:21","1","default","640513929","OXY_CH1","30.976","min","158.929","µmol/L","Humid","23.234","deg","43649","µV","27.216","°C","1018.000","hPa","35.3","pmil","0","55.520","deg","20.000","°C","100.000","%a.s.","21.750","deg","20.000","°C","977.000","hPa","0.861","-0.02617","0.00035","0","0","13.56","Humid","24.85","0","70.00","286664.90","SABD0000000001","AAV1.0.0.11","1.1.2.0","PSt7-10","170328-006","1/4/2020 10:31:52","0000-00","0","no battery","V"
"11/02/2020","11:45:22","1","default","640513929","OXY_CH1","30.992","min","158.890","µmol/L","Humid","23.236","deg","43651","µV","27.219","°C","1018.000","hPa","35.3","pmil","0","55.520","deg","20.000","°C","100.000","%a.s.","21.750","deg","20.000","°C","977.000","hPa","0.861","-0.02617","0.00035","0","0","13.56","Humid","24.85","0","70.00","286647.85","SABD0000000001","AAV1.0.0.11","1.1.2.0","PSt7-10","170328-006","1/4/2020 10:31:52","0000-00","0","no battery","V"
"11/02/2020","11:45:23","1","default","640513929","OXY_CH1","31.009","min","159.000","µmol/L","Humid","23.230","deg","43655","µV","27.213","°C","1018.000","hPa","35.3","pmil","0","55.520","deg","20.000","°C","100.000","%a.s.","21.750","deg","20.000","°C","977.000","hPa","0.861","-0.02617","0.00035","0","0","13.56","Humid","24.85","0","70.00","286656.84","SABD0000000001","AAV1.0.0.11","1.1.2.0","PSt7-10","170328-006","1/4/2020 10:31:52","0000-00","0","no battery","V"
"11/02/2020","11:45:24","1","default","640513929","OXY_CH1","31.025","min","158.934","µmol/L","Humid","23.234","deg","43650","µV","27.215","°C","1018.000","hPa","35.3","pmil","0","55.520","deg","20.000","°C","100.000","%a.s.","21.750","deg","20.000","°C","977.000","hPa","0.861","-0.02617","0.00035","0","0","13.56","Humid","24.85","0","70.00","286651.04","SABD0000000001","AAV1.0.0.11","1.1.2.0","PSt7-10","170328-006","1/4/2020 10:31:52","0000-00","0","no battery","V"
"11/02/2020","11:45:25","1","default","640513929","OXY_CH1","31.042","min","158.916","µmol/L","Humid","23.233","deg","43655","µV","27.222","°C","1018.000","hPa","35.3","pmil","0","55.520","deg","20.000","°C","100.000","%a.s.","21.750","deg","20.000","°C","977.000","hPa","0.861","-0.02617","0.00035","0","0","13.56","Humid","24.85","0","70.00","286653.10","SABD0000000001","AAV1.0.0.11","1.1.2.0","PSt7-10","170328-006","1/4/2020 10:31:52","0000-00","0","no battery","V"
"11/02/2020","11:45:26","1","default","640513929","OXY_CH1","31.058","min","158.974","µmol/L","Humid","23.236","deg","43656","µV","27.201","°C","1018.000","hPa","35.3","pmil","0","55.520","deg","20.000","°C","100.000","%a.s.","21.750","deg","20.000","°C","977.000","hPa","0.861","-0.02617","0.00035","0","0","13.56","Humid","24.85","0","70.00","286648.68","SABD0000000001","AAV1.0.0.11","1.1.2.0","PSt7-10","170328-006","1/4/2020 10:31:52","0000-00","0","no battery","V"
"11/02/2020","11:45:27","1","default","640513929","OXY_CH1","31.075","min","158.990","µmol/L","Humid","23.234","deg","43661","µV","27.203","°C","1018.000","hPa","35.3","pmil","0","55.520","deg","20.000","°C","100.000","%a.s.","21.750","deg","20.000","°C","977.000","hPa","0.861","-0.02617","0.00035","0","0","13.56","Humid","24.85","0","70.00","286651.78","SABD0000000001","AAV1.0.0.11","1.1.2.0","PSt7-10","170328-006","1/4/2020 10:31:52","0000-00","0","no battery","V"
"11/02/2020","11:45:28","1","default","640513929","OXY_CH1","31.092","min","158.776","µmol/L","Humid","23.247","deg","43661","µV","27.212","°C","1018.000","hPa","35.3","pmil","0","55.520","deg","20.000","°C","100.000","%a.s.","21.750","deg","20.000","°C","977.000","hPa","0.861","-0.02617","0.00035","0","0","13.56","Humid","24.85","0","70.00","286656.78","SABD0000000001","AAV1.0.0.11","1.1.2.0","PSt7-10","170328-006","1/4/2020 10:31:52","0000-00","0","no battery","V"
"11/02/2020","11:45:29","1","default","640513929","OXY_CH1","31.109","min","158.942","µmol/L","Humid","23.239","deg","43669","µV","27.199","°C","1018.000","hPa","35.3","pmil","0","55.520","deg","20.000","°C","100.000","%a.s.","21.750","deg","20.000","°C","977.000","hPa","0.861","-0.02617","0.00035","0","0","13.56","Humid","24.85","0","70.00","286659.61","SABD0000000001","AAV1.0.0.11","1.1.2.0","PSt7-10","170328-006","1/4/2020 10:31:52","0000-00","0","no battery","V"
"11/02/2020","11:45:30","1","default","640513929","OXY_CH1","31.126","min","158.934","µmol/L","Humid","23.240","deg","43666","µV","27.198","°C","1018.000","hPa","35.3","pmil","0","55.520","deg","20.000","°C","100.000","%a.s.","21.750","deg","20.000","°C","977.000","hPa","0.861","-0.02617","0.00035","0","0","13.56","Humid","24.85","0","70.00","286650.39","SABD0000000001","AAV1.0.0.11","1.1.2.0","PSt7-10","170328-006","1/4/2020 10:31:52","0000-00","0","no battery","V"
"11/02/2020","11:45:31","1","default","640513929","OXY_CH1","31.142","min","158.884","µmol/L","Humid","23.240","deg","43663","µV","27.209","°C","1018.000","hPa","35.3","pmil","0","55.520","deg","20.000","°C","100.000","%a.s.","21.750","deg","20.000","°C","977.000","hPa","0.861","-0.02617","0.00035","0","0","13.56","Humid","24.85","0","70.00","286652.76","SABD0000000001","AAV1.0.0.11","1.1.2.0","PSt7-10","170328-006","1/4/2020 10:31:52","0000-00","0","no battery","V"
"11/02/2020","11:45:32","1","default","640513929","OXY_CH1","31.159","min","158.886","µmol/L","Humid","23.236","deg","43660","µV","27.220","°C","1018.000","hPa","35.3","pmil","0","55.520","deg","20.000","°C","100.000","%a.s.","21.750","deg","20.000","°C","977.000","hPa","0.861","-0.02617","0.00035","0","0","13.56","Humid","24.85","0","70.00","286657.34","SABD0000000001","AAV1.0.0.11","1.1.2.0","PSt7-10","170328-006","1/4/2020 10:31:52","0000-00","0","no battery","V"
"11/02/2020","11:45:33","1","default","640513929","OXY_CH1","31.175","min","158.877","µmol/L","Humid","23.235","deg","43668","µV","27.225","°C","1018.000","hPa","35.3","pmil","0","55.520","deg","20.000","°C","100.000","%a.s.","21.750","deg","20.000","°C","977.000","hPa","0.861","-0.02617","0.00035","0","0","13.56","Humid","24.85","0","70.00","286648.25","SABD0000000001","AAV1.0.0.11","1.1.2.0","PSt7-10","170328-006","1/4/2020 10:31:52","0000-00","0","no battery","V"
"11/02/2020","11:45:34","1","default","640513929","OXY_CH1","31.192","min","158.881","µmol/L","Humid","23.241","deg","43669","µV","27.207","°C","1018.000","hPa","35.3","pmil","0","55.520","deg","20.000","°C","100.000","%a.s.","21.750","deg","20.000","°C","977.000","hPa","0.861","-0.02617","0.00035","0","0","13.56","Humid","24.85","0","70.00","286656.94","SABD0000000001","AAV1.0.0.11","1.1.2.0","PSt7-10","170328-006","1/4/2020 10:31:52","0000-00","0","no battery","V"
"11/02/2020","11:45:35","1","default","640513929","OXY_CH1","31.208","min","158.884","µmol/L","Humid","23.236","deg","43664","µV","27.220","°C","1018.000","hPa","35.3","pmil","0","55.520","deg","20.000","°C","100.000","%a.s.","21.750","deg","20.000","°C","977.000","hPa","0.861","-0.02617","0.00035","0","0","13.56","Humid","24.85","0","70.00","286656.21","SABD0000000001","AAV1.0.0.11","1.1.2.0","PSt7-10","170328-006","1/4/2020 10:31:52","0000-00","0","no battery","V"
"11/02/2020","11:45:36","1","default","640513929","OXY_CH1","31.225","min","158.937","µmol/L","Humid","23.234","deg","43667","µV","27.215","°C","1018.000","hPa","35.3","pmil","0","55.520","deg","20.000","°C","100.000","%a.s.","21.750","deg","20.000","°C","977.000","hPa","0.861","-0.02617","0.00035","0","0","13.56","Humid","24.85","0","70.00","286656.85","SABD0000000001","AAV1.0.0.11","1.1.2.0","PSt7-10","170328-006","1/4/2020 10:31:52","0000-00","0","no battery","V"
"11/02/2020","11:45:37","1","default","640513929","OXY_CH1","31.242","min","158.843","µmol/L","Humid","23.240","deg","43669","µV","27.218","°C","1018.000","hPa","35.3","pmil","0","55.520","deg","20.000","°C","100.000","%a.s.","21.750","deg","20.000","°C","977.000","hPa","0.861","-0.02617","0.00035","0","0","13.56","Humid","24.85","0","70.00","286650.82","SABD0000000001","AAV1.0.0.11","1.1.2.0","PSt7-10","170328-006","1/4/2020 10:31:52","0000-00","0","no battery","V"
"11/02/2020","11:45:38","1","default","640513929","OXY_CH1","31.259","min","158.794","µmol/L","Humid","23.245","deg","43668","µV","27.214","°C","1018.000","hPa","35.3","pmil","0","55.520","deg","20.000","°C","100.000","%a.s.","21.750","deg","20.000","°C","977.000","hPa","0.861","-0.02617","0.00035","0","0","13.56","Humid","24.85","0","70.00","286657.42","SABD0000000001","AAV1.0.0.11","1.1.2.0","PSt7-10","170328-006","1/4/2020 10:31:52","0000-00","0","no battery","V"
"11/02/2020","11:45:39","1","default","640513929","OXY_CH1","31.275","min","158.842","µmol/L","Humid","23.244","deg","43669","µV","27.206","°C","1018.000","hPa","35.3","pmil","0","55.520","deg","20.000","°C","100.000","%a.s.","21.750","deg","20.000","°C","977.000","hPa","0.861","-0.02617","0.00035","0","0","13.56","Humid","24.85","0","70.00","286653.03","SABD0000000001","AAV1.0.0.11","1.1.2.0","PSt7-10","170328-006","1/4/2020 10:31:52","0000-00","0","no battery","V"
"11/02/2020","11:45:40","1","default","640513929","OXY_CH1","31.292","min","158.875","µmol/L","Humid","23.243","deg","43668","µV","27.202","°C","1018.000","hPa","35.3","pmil","0","55.520","deg","20.000","°C","100.000","%a.s.","21.750","deg","20.000","°C","977.000","hPa","0.861","-0.02617","0.00035","0","0","13.56","Humid","24.85","0","70.00","286644.73","SABD0000000001","AAV1.0.0.11","1.1.2.0","PSt7-10","170328-006","1/4/2020 10:31:52","0000-00","0","no battery","V"
"11/02/2020","11:45:41","1","default","640513929","OXY_CH1","31.309","min","158.899","µmol/L","Humid","23.241","deg","43680","µV","27.203","°C","1018.000","hPa","35.3","pmil","0","55.520","deg","20.000","°C","100.000","%a.s.","21.750","deg","20.000","°C","977.000","hPa","0.861","-0.02617","0.00035","0","0","13.56","Humid","24.85","0","70.00","286651.34","SABD0000000001","AAV1.0.0.11","1.1.2.0","PSt7-10","170328-006","1/4/2020 10:31:52","0000-00","0","no battery","V"
"11/02/2020","11:45:42","1","default","640513929","OXY_CH1","31.326","min","158.947","µmol/L","Humid","23.236","deg","43680","µV","27.207","°C","1018.000","hPa","35.3","pmil","0","55.520","deg","20.000","°C","100.000","%a.s.","21.750","deg","20.000","°C","977.000","hPa","0.861","-0.02617","0.00035","0","0","13.56","Humid","24.85","0","70.00","286652.62","SABD0000000001","AAV1.0.0.11","1.1.2.0","PSt7-10","170328-006","1/4/2020 10:31:52","0000-00","0","no battery","V"
"11/02/2020","11:45:43","1","default","640513929","OXY_CH1","31.342","min","158.960","µmol/L","Humid","23.241","deg","43682","µV","27.190","°C","1018.000","hPa","35.3","pmil","0","55.520","deg","20.000","°C","100.000","%a.s.","21.750","deg","20.000","°C","977.000","hPa","0.861","-0.02617","0.00035","0","0","13.56","Humid","24.85","0","70.00","286653.16","SABD0000000001","AAV1.0.0.11","1.1.2.0","PSt7-10","170328-006","1/4/2020 10:31:52","0000-00","0","no battery","V"
"11/02/2020","11:45:44","1","default","640513929","OXY_CH1","31.358","min","158.910","µmol/L","Humid","23.244","deg","43682","µV","27.192","°C","1018.000","hPa","35.3","pmil","0","55.520","deg","20.000","°C","100.000","%a.s.","21.750","deg","20.000","°C","977.000","hPa","0.861","-0.02617","0.00035","0","0","13.56","Humid","24.85","0","70.00","286654.64","SABD0000000001","AAV1.0.0.11","1.1.2.0","PSt7-10","170328-006","1/4/2020 10:31:52","0000-00","0","no battery","V"
"11/02/2020","11:45:45","1","default","640513929","OXY_CH1","31.375","min","158.812","µmol/L","Humid","23.248","deg","43679","µV","27.201","°C","1018.000","hPa","35.3","pmil","0","55.520","deg","20.000","°C","100.000","%a.s.","21.750","deg","20.000","°C","977.000","hPa","0.861","-0.02617","0.00035","0","0","13.56","Humid","24.85","0","70.00","286647.33","SABD0000000001","AAV1.0.0.11","1.1.2.0","PSt7-10","170328-006","1/4/2020 10:31:52","0000-00","0","no battery","V"
"11/02/2020","11:45:46","1","default","640513929","OXY_CH1","31.392","min","158.837","µmol/L","Humid","23.251","deg","43685","µV","27.187","°C","1018.000","hPa","35.3","pmil","0","55.520","deg","20.000","°C","100.000","%a.s.","21.750","deg","20.000","°C","977.000","hPa","0.861","-0.02617","0.00035","0","0","13.56","Humid","24.85","0","70.00","286659.51","SABD0000000001","AAV1.0.0.11","1.1.2.0","PSt7-10","170328-006","1/4/2020 10:31:52","0000-00","0","no battery","V"
"11/02/2020","11:45:47","1","default","640513929","OXY_CH1","31.409","min","158.872","µmol/L","Humid","23.245","deg","43681","µV","27.197","°C","1018.000","hPa","35.3","pmil","0","55.520","deg","20.000","°C","100.000","%a.s.","21.750","deg","20.000","°C","977.000","hPa","0.861","-0.02617","0.00035","0","0","13.56","Humid","24.85","0","70.00","286663.16","SABD0000000001","AAV1.0.0.11","1.1.2.0","PSt7-10","170328-006","1/4/2020 10:31:52","0000-00","0","no battery","V"
"11/02/2020","11:45:48","1","default","640513929","OXY_CH1","31.425","min","158.881","µmol/L","Humid","23.247","deg","43687","µV","27.190","°C","1018.000","hPa","35.3","pmil","0","55.520","deg","20.000","°C","100.000","%a.s.","21.750","deg","20.000","°C","977.000","hPa","0.861","-0.02617","0.00035","0","0","13.56","Humid","24.85","0","70.00","286657.43","SABD0000000001","AAV1.0.0.11","1.1.2.0","PSt7-10","170328-006","1/4/2020 10:31:52","0000-00","0","no battery","V"
"11/02/2020","11:45:49","1","default","640513929","OXY_CH1","31.442","min","158.837","µmol/L","Humid","23.250","deg","43684","µV","27.190","°C","1018.000","hPa","35.3","pmil","0","55.520","deg","20.000","°C","100.000","%a.s.","21.750","deg","20.000","°C","977.000","hPa","0.861","-0.02617","0.00035","0","0","13.56","Humid","24.85","0","70.00","286652.84","SABD0000000001","AAV1.0.0.11","1.1.2.0","PSt7-10","170328-006","1/4/2020 10:31:52","0000-00","0","no battery","V"
"11/02/2020","11:45:50","1","default","640513929","OXY_CH1","31.459","min","158.726","µmol/L","Humid","23.258","deg","43694","µV","27.191","°C","1018.000","hPa","35.3","pmil","0","55.520","deg","20.000","°C","100.000","%a.s.","21.750","deg","20.000","°C","977.000","hPa","0.861","-0.02617","0.00035","0","0","13.56","Humid","24.85","0","70.00","286650.48","SABD0000000001","AAV1.0.0.11","1.1.2.0","PSt7-10","170328-006","1/4/2020 10:31:52","0000-00","0","no battery","V"
"11/02/2020","11:45:51","1","default","640513929","OXY_CH1","31.476","min","158.695","µmol/L","Humid","23.252","deg","43689","µV","27.215","°C","1018.000","hPa","35.3","pmil","0","55.520","deg","20.000","°C","100.000","%a.s.","21.750","deg","20.000","°C","977.000","hPa","0.861","-0.02617","0.00035","0","0","13.56","Humid","24.85","0","70.00","286661.07","SABD0000000001","AAV1.0.0.11","1.1.2.0","PSt7-10","170328-006","1/4/2020 10:31:52","0000-00","0","no battery","V"
"11/02/2020","11:45:52","1","default","640513929","OXY_CH1","31.492","min","158.685","µmol/L","Humid","23.255","deg","43686","µV","27.209","°C","1018.000","hPa","35.3","pmil","0","55.520","deg","20.000","°C","100.000","%a.s.","21.750","deg","20.000","°C","977.000","hPa","0.861","-0.02617","0.00035","0","0","13.56","Humid","24.85","0","70.00","286631.10","SABD0000000001","AAV1.0.0.11","1.1.2.0","PSt7-10","170328-006","1/4/2020 10:31:52","0000-00","0","no battery","V"
"11/02/2020","11:45:53","1","default","640513929","OXY_CH1","31.509","min","158.759","µmol/L","Humid","23.252","deg","43694","µV","27.201","°C","1018.000","hPa","35.3","pmil","0","55.520","deg","20.000","°C","100.000","%a.s.","21.750","deg","20.000","°C","977.000","hPa","0.861","-0.02617","0.00035","0","0","13.56","Humid","24.85","0","70.00","286659.30","SABD0000000001","AAV1.0.0.11","1.1.2.0","PSt7-10","170328-006","1/4/2020 10:31:52","0000-00","0","no battery","V"
"11/02/2020","11:45:54","1","default","640513929","OXY_CH1","31.526","min","158.807","µmol/L","Humid","23.248","deg","43698","µV","27.202","°C","1018.000","hPa","35.3","pmil","0","55.520","deg","20.000","°C","100.000","%a.s.","21.750","deg","20.000","°C","977.000","hPa","0.861","-0.02617","0.00035","0","0","13.56","Humid","24.85","0","70.00","286646.46","SABD0000000001","AAV1.0.0.11","1.1.2.0","PSt7-10","170328-006","1/4/2020 10:31:52","0000-00","0","no battery","V"
"11/02/2020","11:45:55","1","default","640513929","OXY_CH1","31.542","min","158.718","µmol/L","Humid","23.254","deg","43701","µV","27.204","°C","1018.000","hPa","35.3","pmil","0","55.520","deg","20.000","°C","100.000","%a.s.","21.750","deg","20.000","°C","977.000","hPa","0.861","-0.02617","0.00035","0","0","13.56","Humid","24.85","0","70.00","286649.62","SABD0000000001","AAV1.0.0.11","1.1.2.0","PSt7-10","170328-006","1/4/2020 10:31:52","0000-00","0","no battery","V"
"11/02/2020","11:45:56","1","default","640513929","OXY_CH1","31.558","min","158.765","µmol/L","Humid","23.250","deg","43698","µV","27.206","°C","1018.000","hPa","35.3","pmil","0","55.520","deg","20.000","°C","100.000","%a.s.","21.750","deg","20.000","°C","977.000","hPa","0.861","-0.02617","0.00035","0","0","13.56","Humid","24.85","0","70.00","286648.91","SABD0000000001","AAV1.0.0.11","1.1.2.0","PSt7-10","170328-006","1/4/2020 10:31:52","0000-00","0","no battery","V"
"11/02/2020","11:45:57","1","default","640513929","OXY_CH1","31.575","min","158.801","µmol/L","Humid","23.248","deg","43702","µV","27.204","°C","1018.000","hPa","35.3","pmil","0","55.520","deg","20.000","°C","100.000","%a.s.","21.750","deg","20.000","°C","977.000","hPa","0.861","-0.02617","0.00035","0","0","13.56","Humid","24.85","0","70.00","286651.84","SABD0000000001","AAV1.0.0.11","1.1.2.0","PSt7-10","170328-006","1/4/2020 10:31:52","0000-00","0","no battery","V"
"11/02/2020","11:45:58","1","default","640513929","OXY_CH1","31.592","min","158.764","µmol/L","Humid","23.257","deg","43699","µV","27.186","°C","1018.000","hPa","35.3","pmil","0","55.520","deg","20.000","°C","100.000","%a.s.","21.750","deg","20.000","°C","977.000","hPa","0.861","-0.02617","0.00035","0","0","13.56","Humid","24.85","0","70.00","286652.76","SABD0000000001","AAV1.0.0.11","1.1.2.0","PSt7-10","170328-006","1/4/2020 10:31:52","0000-00","0","no battery","V"
"11/02/2020","11:45:59","1","default","640513929","OXY_CH1","31.609","min","158.814","µmol/L","Humid","23.253","deg","43698","µV","27.187","°C","1018.000","hPa","35.3","pmil","0","55.520","deg","20.000","°C","100.000","%a.s.","21.750","deg","20.000","°C","977.000","hPa","0.861","-0.02617","0.00035","0","0","13.56","Humid","24.85","0","70.00","286642.09","SABD0000000001","AAV1.0.0.11","1.1.2.0","PSt7-10","170328-006","1/4/2020 10:31:52","0000-00","0","no battery","V"
"11/02/2020","11:46:00","1","default","640513929","OXY_CH1","31.625","min","158.701","µmol/L","Humid","23.259","deg","43702","µV","27.194","°C","1018.000","hPa","35.3","pmil","0","55.520","deg","20.000","°C","100.000","%a.s.","21.750","deg","20.000","°C","977.000","hPa","0.861","-0.02617","0.00035","0","0","13.56","Humid","24.85","0","70.00","286643.57","SABD0000000001","AAV1.0.0.11","1.1.2.0","PSt7-10","170328-006","1/4/2020 10:31:52","0000-00","0","no battery","V"
"11/02/2020","11:46:01","1","default","640513929","OXY_CH1","31.642","min","158.774","µmol/L","Humid","23.254","deg","43698","µV","27.192","°C","1018.000","hPa","35.3","pmil","0","55.520","deg","20.000","°C","100.000","%a.s.","21.750","deg","20.000","°C","977.000","hPa","0.861","-0.02617","0.00035","0","0","13.56","Humid","24.85","0","70.00","286643.24","SABD0000000001","AAV1.0.0.11","1.1.2.0","PSt7-10","170328-006","1/4/2020 10:31:52","0000-00","0","no battery","V"
"11/02/2020","11:46:02","1","default","640513929","OXY_CH1","31.659","min","158.615","µmol/L","Humid","23.260","deg","43704","µV","27.209","°C","1018.000","hPa","35.3","pmil","0","55.520","deg","20.000","°C","100.000","%a.s.","21.750","deg","20.000","°C","977.000","hPa","0.861","-0.02617","0.00035","0","0","13.56","Humid","24.85","0","70.00","286648.09","SABD0000000001","AAV1.0.0.11","1.1.2.0","PSt7-10","170328-006","1/4/2020 10:31:52","0000-00","0","no battery","V"
"11/02/2020","11:46:03","1","default","640513929","OXY_CH1","31.676","min","158.720","µmol/L","Humid","23.263","deg","43698","µV","27.178","°C","1018.000","hPa","35.3","pmil","0","55.520","deg","20.000","°C","100.000","%a.s.","21.750","deg","20.000","°C","977.000","hPa","0.861","-0.02617","0.00035","0","0","13.56","Humid","24.85","0","70.00","286650.84","SABD0000000001","AAV1.0.0.11","1.1.2.0","PSt7-10","170328-006","1/4/2020 10:31:52","0000-00","0","no battery","V"
"11/02/2020","11:46:04","1","default","640513929","OXY_CH1","31.692","min","158.693","µmol/L","Humid","23.264","deg","43704","µV","27.181","°C","1018.000","hPa","35.3","pmil","0","55.520","deg","20.000","°C","100.000","%a.s.","21.750","deg","20.000","°C","977.000","hPa","0.861","-0.02617","0.00035","0","0","13.56","Humid","24.85","0","70.00","286650.90","SABD0000000001","AAV1.0.0.11","1.1.2.0","PSt7-10","170328-006","1/4/2020 10:31:52","0000-00","0","no battery","V"
"11/02/2020","11:46:05","1","default","640513929","OXY_CH1","31.708","min","158.630","µmol/L","Humid","23.263","deg","43705","µV","27.197","°C","1018.000","hPa","35.3","pmil","0","55.520","deg","20.000","°C","100.000","%a.s.","21.750","deg","20.000","°C","977.000","hPa","0.861","-0.02617","0.00035","0","0","13.56","Humid","24.85","0","70.00","286637.01","SABD0000000001","AAV1.0.0.11","1.1.2.0","PSt7-10","170328-006","1/4/2020 10:31:52","0000-00","0","no battery","V"
"11/02/2020","11:46:06","1","default","640513929","OXY_CH1","31.725","min","158.715","µmol/L","Humid","23.259","deg","43706","µV","27.191","°C","1018.000","hPa","35.3","pmil","0","55.520","deg","20.000","°C","100.000","%a.s.","21.750","deg","20.000","°C","977.000","hPa","0.861","-0.02617","0.00035","0","0","13.56","Humid","24.85","0","70.00","286643.93","SABD0000000001","AAV1.0.0.11","1.1.2.0","PSt7-10","170328-006","1/4/2020 10:31:52","0000-00","0","no battery","V"
"11/02/2020","11:46:07","1","default","640513929","OXY_CH1","31.742","min","158.692","µmol/L","Humid","23.262","deg","43708","µV","27.187","°C","1018.000","hPa","35.3","pmil","0","55.520","deg","20.000","°C","100.000","%a.s.","21.750","deg","20.000","°C","977.000","hPa","0.861","-0.02617","0.00035","0","0","13.56","Humid","24.85","0","70.00","286651.41","SABD0000000001","AAV1.0.0.11","1.1.2.0","PSt7-10","170328-006","1/4/2020 10:31:52","0000-00","0","no battery","V"
"11/02/2020","11:46:08","1","default","640513929","OXY_CH1","31.759","min","158.619","µmol/L","Humid","23.265","deg","43714","µV","27.194","°C","1018.000","hPa","35.3","pmil","0","55.520","deg","20.000","°C","100.000","%a.s.","21.750","deg","20.000","°C","977.000","hPa","0.861","-0.02617","0.00035","0","0","13.56","Humid","24.85","0","70.00","286649.28","SABD0000000001","AAV1.0.0.11","1.1.2.0","PSt7-10","170328-006","1/4/2020 10:31:52","0000-00","0","no battery","V"
"11/02/2020","11:46:09","1","default","640513929","OXY_CH1","31.775","min","158.786","µmol/L","Humid","23.257","deg","43710","µV","27.181","°C","1018.000","hPa","35.3","pmil","0","55.520","deg","20.000","°C","100.000","%a.s.","21.750","deg","20.000","°C","977.000","hPa","0.861","-0.02617","0.00035","0","0","13.56","Humid","24.85","0","70.00","286645.54","SABD0000000001","AAV1.0.0.11","1.1.2.0","PSt7-10","170328-006","1/4/2020 10:31:52","0000-00","0","no battery","V"
"11/02/2020","11:46:10","1","default","640513929","OXY_CH1","31.792","min","158.596","µmol/L","Humid","23.265","deg","43715","µV","27.199","°C","1018.000","hPa","35.3","pmil","0","55.520","deg","20.000","°C","100.000","%a.s.","21.750","deg","20.000","°C","977.000","hPa","0.861","-0.02617","0.00035","0","0","13.56","Humid","24.85","0","70.00","286641.15","SABD0000000001","AAV1.0.0.11","1.1.2.0","PSt7-10","170328-006","1/4/2020 10:31:52","0000-00","0","no battery","V"
"11/02/2020","11:46:11","1","default","640513929","OXY_CH1","31.809","min","158.589","µmol/L","Humid","23.267","deg","43714","µV","27.195","°C","1018.000","hPa","35.3","pmil","0","55.520","deg","20.000","°C","100.000","%a.s.","21.750","deg","20.000","°C","977.000","hPa","0.861","-0.02617","0.00035","0","0","13.56","Humid","24.85","0","70.00","286651.50","SABD0000000001","AAV1.0.0.11","1.1.2.0","PSt7-10","170328-006","1/4/2020 10:31:52","0000-00","0","no battery","V"
"11/02/2020","11:46:12","1","default","640513929","OXY_CH1","31.825","min","158.700","µmol/L","Humid","23.258","deg","43710","µV","27.197","°C","1018.000","hPa","35.3","pmil","0","55.520","deg","20.000","°C","100.000","%a.s.","21.750","deg","20.000","°C","977.000","hPa","0.861","-0.02617","0.00035","0","0","13.56","Humid","24.85","0","70.00","286630.18","SABD0000000001","AAV1.0.0.11","1.1.2.0","PSt7-10","170328-006","1/4/2020 10:31:52","0000-00","0","no battery","V"
"11/02/2020","11:46:13","1","default","640513929","OXY_CH1","31.842","min","158.680","µmol/L","Humid","23.263","deg","43704","µV","27.187","°C","1018.000","hPa","35.3","pmil","0","55.520","deg","20.000","°C","100.000","%a.s.","21.750","deg","20.000","°C","977.000","hPa","0.861","-0.02617","0.00035","0","0","13.56","Humid","24.85","0","70.00","286646.10","SABD0000000001","AAV1.0.0.11","1.1.2.0","PSt7-10","170328-006","1/4/2020 10:31:52","0000-00","0","no battery","V"
"11/02/2020","11:46:14","1","default","640513929","OXY_CH1","31.859","min","158.692","µmol/L","Humid","23.259","deg","43717","µV","27.196","°C","1018.000","hPa","35.3","pmil","0","55.520","deg","20.000","°C","100.000","%a.s.","21.750","deg","20.000","°C","977.000","hPa","0.861","-0.02617","0.00035","0","0","13.56","Humid","24.85","0","70.00","286633.72","SABD0000000001","AAV1.0.0.11","1.1.2.0","PSt7-10","170328-006","1/4/2020 10:31:52","0000-00","0","no battery","V"
"11/02/2020","11:46:15","1","default","640513929","OXY_CH1","31.876","min","158.631","µmol/L","Humid","23.264","deg","43713","µV","27.194","°C","1018.000","hPa","35.3","pmil","0","55.520","deg","20.000","°C","100.000","%a.s.","21.750","deg","20.000","°C","977.000","hPa","0.861","-0.02617","0.00035","0","0","13.56","Humid","24.85","0","70.00","286652.39","SABD0000000001","AAV1.0.0.11","1.1.2.0","PSt7-10","170328-006","1/4/2020 10:31:52","0000-00","0","no battery","V"
"11/02/2020","11:46:16","1","default","640513929","OXY_CH1","31.892","min","158.613","µmol/L","Humid","23.267","deg","43716","µV","27.189","°C","1018.000","hPa","35.3","pmil","0","55.520","deg","20.000","°C","100.000","%a.s.","21.750","deg","20.000","°C","977.000","hPa","0.861","-0.02617","0.00035","0","0","13.56","Humid","24.85","0","70.00","286648.39","SABD0000000001","AAV1.0.0.11","1.1.2.0","PSt7-10","170328-006","1/4/2020 10:31:52","0000-00","0","no battery","V"
"11/02/2020","11:46:17","1","default","640513929","OXY_CH1","31.908","min","158.616","µmol/L","Humid","23.266","deg","43720","µV","27.192","°C","1018.000","hPa","35.3","pmil","0","55.520","deg","20.000","°C","100.000","%a.s.","21.750","deg","20.000","°C","977.000","hPa","0.861","-0.02617","0.00035","0","0","13.56","Humid","24.85","0","70.00","286643.04","SABD0000000001","AAV1.0.0.11","1.1.2.0","PSt7-10","170328-006","1/4/2020 10:31:52","0000-00","0","no battery","V"
"11/02/2020","11:46:18","1","default","640513929","OXY_CH1","31.925","min","158.701","µmol/L","Humid","23.261","deg","43717","µV","27.188","°C","1018.000","hPa","35.3","pmil","0","55.520","deg","20.000","°C","100.000","%a.s.","21.750","deg","20.000","°C","977.000","hPa","0.861","-0.02617","0.00035","0","0","13.56","Humid","24.85","0","70.00","286653.21","SABD0000000001","AAV1.0.0.11","1.1.2.0","PSt7-10","170328-006","1/4/2020 10:31:52","0000-00","0","no battery","V"
"11/02/2020","11:46:19","1","default","640513929","OXY_CH1","31.942","min","158.633","µmol/L","Humid","23.265","deg","43713","µV","27.191","°C","1018.000","hPa","35.3","pmil","0","55.520","deg","20.000","°C","100.000","%a.s.","21.750","deg","20.000","°C","977.000","hPa","0.861","-0.02617","0.00035","0","0","13.56","Humid","24.85","0","70.00","286646.31","SABD0000000001","AAV1.0.0.11","1.1.2.0","PSt7-10","170328-006","1/4/2020 10:31:52","0000-00","0","no battery","V"
"11/02/2020","11:46:20","1","default","640513929","OXY_CH1","31.958","min","158.515","µmol/L","Humid","23.270","deg","43711","µV","27.202","°C","1018.000","hPa","35.3","pmil","0","55.520","deg","20.000","°C","100.000","%a.s.","21.750","deg","20.000","°C","977.000","hPa","0.861","-0.02617","0.00035","0","0","13.56","Humid","24.85","0","70.00","286638.71","SABD0000000001","AAV1.0.0.11","1.1.2.0","PSt7-10","170328-006","1/4/2020 10:31:52","0000-00","0","no battery","V"
"11/02/2020","11:46:21","1","default","640513929","OXY_CH1","31.975","min","158.724","µmol/L","Humid","23.258","deg","43724","µV","27.192","°C","1018.000","hPa","35.3","pmil","0","55.520","deg","20.000","°C","100.000","%a.s.","21.750","deg","20.000","°C","977.000","hPa","0.861","-0.02617","0.00035","0","0","13.56","Humid","24.85","0","70.00","286655.17","SABD0000000001","AAV1.0.0.11","1.1.2.0","PSt7-10","170328-006","1/4/2020 10:31:52","0000-00","0","no battery","V"
"11/02/2020","11:46:22","1","default","640513929","OXY_CH1","31.992","min","158.638","µmol/L","Humid","23.267","deg","43723","µV","27.184","°C","1018.000","hPa","35.3","pmil","0","55.520","deg","20.000","°C","100.000","%a.s.","21.750","deg","20.000","°C","977.000","hPa","0.861","-0.02617","0.00035","0","0","13.56","Humid","24.85","0","70.00","286647.93","SABD0000000001","AAV1.0.0.11","1.1.2.0","PSt7-10","170328-006","1/4/2020 10:31:52","0000-00","0","no battery","V"
"11/02/2020","11:46:23","1","default","640513929","OXY_CH1","32.009","min","158.605","µmol/L","Humid","23.269","deg","43722","µV","27.186","°C","1018.000","hPa","35.3","pmil","0","55.520","deg","20.000","°C","100.000","%a.s.","21.750","deg","20.000","°C","977.000","hPa","0.861","-0.02617","0.00035","0","0","13.56","Humid","24.85","0","70.00","286646.59","SABD0000000001","AAV1.0.0.11","1.1.2.0","PSt7-10","170328-006","1/4/2020 10:31:52","0000-00","0","no battery","V"
"11/02/2020","11:46:24","1","default","640513929","OXY_CH1","32.025","min","158.634","µmol/L","Humid","23.271","deg","43724","µV","27.174","°C","1018.000","hPa","35.3","pmil","0","55.520","deg","20.000","°C","100.000","%a.s.","21.750","deg","20.000","°C","977.000","hPa","0.861","-0.02617","0.00035","0","0","13.56","Humid","24.85","0","70.00","286655.18","SABD0000000001","AAV1.0.0.11","1.1.2.0","PSt7-10","170328-006","1/4/2020 10:31:52","0000-00","0","no battery","V"
"11/02/2020","11:46:25","1","default","640513929","OXY_CH1","32.042","min","158.635","µmol/L","Humid","23.270","deg","43719","µV","27.176","°C","1018.000","hPa","35.3","pmil","0","55.520","deg","20.000","°C","100.000","%a.s.","21.750","deg","20.000","°C","977.000","hPa","0.861","-0.02617","0.00035","0","0","13.56","Humid","24.85","0","70.00","286642.22","SABD0000000001","AAV1.0.0.11","1.1.2.0","PSt7-10","170328-006","1/4/2020 10:31:52","0000-00","0","no battery","V"
"11/02/2020","11:46:26","1","default","640513929","OXY_CH1","32.059","min","158.744","µmol/L","Humid","23.263","deg","43730","µV","27.173","°C","1018.000","hPa","35.3","pmil","0","55.520","deg","20.000","°C","100.000","%a.s.","21.750","deg","20.000","°C","977.000","hPa","0.861","-0.02617","0.00035","0","0","13.56","Humid","24.85","0","70.00","286648.20","SABD0000000001","AAV1.0.0.11","1.1.2.0","PSt7-10","170328-006","1/4/2020 10:31:52","0000-00","0","no battery","V"
"11/02/2020","11:46:27","1","default","640513929","OXY_CH1","32.076","min","158.622","µmol/L","Humid","23.269","deg","43730","µV","27.182","°C","1018.000","hPa","35.3","pmil","0","55.520","deg","20.000","°C","100.000","%a.s.","21.750","deg","20.000","°C","977.000","hPa","0.861","-0.02617","0.00035","0","0","13.56","Humid","24.85","0","70.00","286654.87","SABD0000000001","AAV1.0.0.11","1.1.2.0","PSt7-10","170328-006","1/4/2020 10:31:52","0000-00","0","no battery","V"
"11/02/2020","11:46:28","1","default","640513929","OXY_CH1","32.092","min","158.463","µmol/L","Humid","23.280","deg","43731","µV","27.184","°C","1018.000","hPa","35.3","pmil","0","55.520","deg","20.000","°C","100.000","%a.s.","21.750","deg","20.000","°C","977.000","hPa","0.861","-0.02617","0.00035","0","0","13.56","Humid","24.85","0","70.00","286640.43","SABD0000000001","AAV1.0.0.11","1.1.2.0","PSt7-10","170328-006","1/4/2020 10:31:52","0000-00","0","no battery","V"
"11/02/2020","11:46:29","1","default","640513929","OXY_CH1","32.109","min","158.583","µmol/L","Humid","23.265","deg","43731","µV","27.202","°C","1018.000","hPa","35.3","pmil","0","55.520","deg","20.000","°C","100.000","%a.s.","21.750","deg","20.000","°C","977.000","hPa","0.861","-0.02617","0.00035","0","0","13.56","Humid","24.85","0","70.00","286638.83","SABD0000000001","AAV1.0.0.11","1.1.2.0","PSt7-10","170328-006","1/4/2020 10:31:52","0000-00","0","no battery","V"
"11/02/2020","11:46:30","1","default","640513929","OXY_CH1","32.125","min","158.460","µmol/L","Humid","23.271","deg","43731","µV","27.211","°C","1018.000","hPa","35.3","pmil","0","55.520","deg","20.000","°C","100.000","%a.s.","21.750","deg","20.000","°C","977.000","hPa","0.861","-0.02617","0.00035","0","0","13.56","Humid","24.85","0","70.00","286643.34","SABD0000000001","AAV1.0.0.11","1.1.2.0","PSt7-10","170328-006","1/4/2020 10:31:52","0000-00","0","no battery","V"
"11/02/2020","11:46:31","1","default","640513929","OXY_CH1","32.142","min","158.513","µmol/L","Humid","23.272","deg","43726","µV","27.197","°C","1018.000","hPa","35.3","pmil","0","55.520","deg","20.000","°C","100.000","%a.s.","21.750","deg","20.000","°C","977.000","hPa","0.861","-0.02617","0.00035","0","0","13.56","Humid","24.85","0","70.00","286642.28","SABD0000000001","AAV1.0.0.11","1.1.2.0","PSt7-10","170328-006","1/4/2020 10:31:52","0000-00","0","no battery","V"
"11/02/2020","11:46:32","1","default","640513929","OXY_CH1","32.158","min","158.519","µmol/L","Humid","23.272","deg","43732","µV","27.195","°C","1018.000","hPa","35.3","pmil","0","55.520","deg","20.000","°C","100.000","%a.s.","21.750","deg","20.000","°C","977.000","hPa","0.861","-0.02617","0.00035","0","0","13.56","Humid","24.85","0","70.00","286644.24","SABD0000000001","AAV1.0.0.11","1.1.2.0","PSt7-10","170328-006","1/4/2020 10:31:52","0000-00","0","no battery","V"
"11/02/2020","11:46:33","1","default","640513929","OXY_CH1","32.175","min","158.445","µmol/L","Humid","23.279","deg","43728","µV","27.191","°C","1018.000","hPa","35.3","pmil","0","55.520","deg","20.000","°C","100.000","%a.s.","21.750","deg","20.000","°C","977.000","hPa","0.861","-0.02617","0.00035","0","0","13.56","Humid","24.85","0","70.00","286643.04","SABD0000000001","AAV1.0.0.11","1.1.2.0","PSt7-10","170328-006","1/4/2020 10:31:52","0000-00","0","no battery","V"
"11/02/2020","11:46:34","1","default","640513929","OXY_CH1","32.192","min","158.450","µmol/L","Humid","23.279","deg","43734","µV","27.190","°C","1018.000","hPa","35.3","pmil","0","55.520","deg","20.000","°C","100.000","%a.s.","21.750","deg","20.000","°C","977.000","hPa","0.861","-0.02617","0.00035","0","0","13.56","Humid","24.85","0","70.00","286655.85","SABD0000000001","AAV1.0.0.11","1.1.2.0","PSt7-10","170328-006","1/4/2020 10:31:52","0000-00","0","no battery","V"
"11/02/2020","11:46:35","1","default","640513929","OXY_CH1","32.209","min","158.563","µmol/L","Humid","23.273","deg","43730","µV","27.183","°C","1018.000","hPa","35.3","pmil","0","55.520","deg","20.000","°C","100.000","%a.s.","21.750","deg","20.000","°C","977.000","hPa","0.861","-0.02617","0.00035","0","0","13.56","Humid","24.85","0","70.00","286642.42","SABD0000000001","AAV1.0.0.11","1.1.2.0","PSt7-10","170328-006","1/4/2020 10:31:52","0000-00","0","no battery","V"
"11/02/2020","11:46:36","1","default","640513929","OXY_CH1","32.226","min","158.602","µmol/L","Humid","23.274","deg","43730","µV","27.172","°C","1018.000","hPa","35.3","pmil","0","55.520","deg","20.000","°C","100.000","%a.s.","21.750","deg","20.000","°C","977.000","hPa","0.861","-0.02617","0.00035","0","0","13.56","Humid","24.85","0","70.00","286646.38","SABD0000000001","AAV1.0.0.11","1.1.2.0","PSt7-10","170328-006","1/4/2020 10:31:52","0000-00","0","no battery","V"
"11/02/2020","11:46:37","1","default","640513929","OXY_CH1","32.242","min","158.616","µmol/L","Humid","23.273","deg","43733","µV","27.172","°C","1018.000","hPa","35.3","pmil","0","55.520","deg","20.000","°C","100.000","%a.s.","21.750","deg","20.000","°C","977.000","hPa","0.861","-0.02617","0.00035","0","0","13.56","Humid","24.85","0","70.00","286648.66","SABD0000000001","AAV1.0.0.11","1.1.2.0","PSt7-10","170328-006","1/4/2020 10:31:52","0000-00","0","no battery","V"
"11/02/2020","11:46:38","1","default","640513929","OXY_CH1","32.259","min","158.552","µmol/L","Humid","23.272","deg","43731","µV","27.188","°C","1018.000","hPa","35.3","pmil","0","55.520","deg","20.000","°C","100.000","%a.s.","21.750","deg","20.000","°C","977.000","hPa","0.861","-0.02617","0.00035","0","0","13.56","Humid","24.85","0","70.00","286640.72","SABD0000000001","AAV1.0.0.11","1.1.2.0","PSt7-10","170328-006","1/4/2020 10:31:52","0000-00","0","no battery","V"
"11/02/2020","11:46:39","1","default","640513929","OXY_CH1","32.275","min","158.579","µmol/L","Humid","23.271","deg","43721","µV","27.185","°C","1018.000","hPa","35.3","pmil","0","55.520","deg","20.000","°C","100.000","%a.s.","21.750","deg","20.000","°C","977.000","hPa","0.861","-0.02617","0.00035","0","0","13.56","Humid","24.85","0","70.00","286647.29","SABD0000000001","AAV1.0.0.11","1.1.2.0","PSt7-10","170328-006","1/4/2020 10:31:52","0000-00","0","no battery","V"
"11/02/2020","11:46:40","1","default","640513929","OXY_CH1","32.292","min","158.440","µmol/L","Humid","23.280","deg","43725","µV","27.189","°C","1018.000","hPa","35.3","pmil","0","55.520","deg","20.000","°C","100.000","%a.s.","21.750","deg","20.000","°C","977.000","hPa","0.861","-0.02617","0.00035","0","0","13.56","Humid","24.85","0","70.00","286648.26","SABD0000000001","AAV1.0.0.11","1.1.2.0","PSt7-10","170328-006","1/4/2020 10:31:52","0000-00","0","no battery","V"
"11/02/2020","11:46:41","1","default","640513929","OXY_CH1","32.308","min","158.674","µmol/L","Humid","23.271","deg","43731","µV","27.165","°C","1018.000","hPa","35.3","pmil","0","55.520","deg","20.000","°C","100.000","%a.s.","21.750","deg","20.000","°C","977.000","hPa","0.861","-0.02617","0.00035","0","0","13.56","Humid","24.85","0","70.00","286635.38","SABD0000000001","AAV1.0.0.11","1.1.2.0","PSt7-10","170328-006","1/4/2020 10:31:52","0000-00","0","no battery","V"
"11/02/2020","11:46:42","1","default","640513929","OXY_CH1","32.325","min","158.531","µmol/L","Humid","23.277","deg","43728","µV","27.179","°C","1018.000","hPa","35.3","pmil","0","55.520","deg","20.000","°C","100.000","%a.s.","21.750","deg","20.000","°C","977.000","hPa","0.861","-0.02617","0.00035","0","0","13.56","Humid","24.85","0","70.00","286641.41","SABD0000000001","AAV1.0.0.11","1.1.2.0","PSt7-10","170328-006","1/4/2020 10:31:52","0000-00","0","no battery","V"
"11/02/2020","11:46:43","1","default","640513929","OXY_CH1","32.342","min","158.536","µmol/L","Humid","23.280","deg","43740","µV","27.169","°C","1018.000","hPa","35.3","pmil","0","55.520","deg","20.000","°C","100.000","%a.s.","21.750","deg","20.000","°C","977.000","hPa","0.861","-0.02617","0.00035","0","0","13.56","Humid","24.85","0","70.00","286639.44","SABD0000000001","AAV1.0.0.11","1.1.2.0","PSt7-10","170328-006","1/4/2020 10:31:52","0000-00","0","no battery","V"
"11/02/2020","11:46:44","1","default","640513929","OXY_CH1","32.359","min","158.556","µmol/L","Humid","23.277","deg","43736","µV","27.173","°C","1018.000","hPa","35.3","pmil","0","55.520","deg","20.000","°C","100.000","%a.s.","21.750","deg","20.000","°C","977.000","hPa","0.861","-0.02617","0.00035","0","0","13.56","Humid","24.85","0","70.00","286642.16","SABD0000000001","AAV1.0.0.11","1.1.2.0","PSt7-10","170328-006","1/4/2020 10:31:52","0000-00","0","no battery","V"
"11/02/2020","11:46:45","1","default","640513929","OXY_CH1","32.376","min","158.436","µmol/L","Humid","23.286","deg","43738","µV","27.173","°C","1018.000","hPa","35.3","pmil","0","55.520","deg","20.000","°C","100.000","%a.s.","21.750","deg","20.000","°C","977.000","hPa","0.861","-0.02617","0.00035","0","0","13.56","Humid","24.85","0","70.00","286645.17","SABD0000000001","AAV1.0.0.11","1.1.2.0","PSt7-10","170328-006","1/4/2020 10:31:52","0000-00","0","no battery","V"
"11/02/2020","11:46:46","1","default","640513929","OXY_CH1","32.392","min","158.479","µmol/L","Humid","23.285","deg","43738","µV","27.167","°C","1018.000","hPa","35.3","pmil","0","55.520","deg","20.000","°C","100.000","%a.s.","21.750","deg","20.000","°C","977.000","hPa","0.861","-0.02617","0.00035","0","0","13.56","Humid","24.85","0","70.00","286622.83","SABD0000000001","AAV1.0.0.11","1.1.2.0","PSt7-10","170328-006","1/4/2020 10:31:52","0000-00","0","no battery","V"
"11/02/2020","11:46:47","1","default","640513929","OXY_CH1","32.409","min","158.516","µmol/L","Humid","23.286","deg","43740","µV","27.156","°C","1018.000","hPa","35.3","pmil","0","55.520","deg","20.000","°C","100.000","%a.s.","21.750","deg","20.000","°C","977.000","hPa","0.861","-0.02617","0.00035","0","0","13.56","Humid","24.85","0","70.00","286644.40","SABD0000000001","AAV1.0.0.11","1.1.2.0","PSt7-10","170328-006","1/4/2020 10:31:52","0000-00","0","no battery","V"
"11/02/2020","11:46:48","1","default","640513929","OXY_CH1","32.426","min","158.496","µmol/L","Humid","23.280","deg","43741","µV","27.177","°C","1018.000","hPa","35.3","pmil","0","55.520","deg","20.000","°C","100.000","%a.s.","21.750","deg","20.000","°C","977.000","hPa","0.861","-0.02617","0.00035","0","0","13.56","Humid","24.85","0","70.00","286641.77","SABD0000000001","AAV1.0.0.11","1.1.2.0","PSt7-10","170328-006","1/4/2020 10:31:52","0000-00","0","no battery","V"
"11/02/2020","11:46:49","1","default","640513929","OXY_CH1","32.442","min","158.355","µmol/L","Humid","23.286","deg","43745","µV","27.191","°C","1018.000","hPa","35.3","pmil","0","55.520","deg","20.000","°C","100.000","%a.s.","21.750","deg","20.000","°C","977.000","hPa","0.861","-0.02617","0.00035","0","0","13.56","Humid","24.85","0","70.00","286639.54","SABD0000000001","AAV1.0.0.11","1.1.2.0","PSt7-10","170328-006","1/4/2020 10:31:52","0000-00","0","no battery","V"
"11/02/2020","11:46:50","1","default","640513929","OXY_CH1","32.458","min","158.398","µmol/L","Humid","23.289","deg","43743","µV","27.173","°C","1018.000","hPa","35.3","pmil","0","55.520","deg","20.000","°C","100.000","%a.s.","21.750","deg","20.000","°C","977.000","hPa","0.861","-0.02617","0.00035","0","0","13.56","Humid","24.85","0","70.00","286647.37","SABD0000000001","AAV1.0.0.11","1.1.2.0","PSt7-10","170328-006","1/4/2020 10:31:52","0000-00","0","no battery","V"
"11/02/2020","11:46:51","1","default","640513929","OXY_CH1","32.475","min","158.500","µmol/L","Humid","23.281","deg","43749","µV","27.174","°C","1018.000","hPa","35.3","pmil","0","55.520","deg","20.000","°C","100.000","%a.s.","21.750","deg","20.000","°C","977.000","hPa","0.861","-0.02617","0.00035","0","0","13.56","Humid","24.85","0","70.00","286628.03","SABD0000000001","AAV1.0.0.11","1.1.2.0","PSt7-10","170328-006","1/4/2020 10:31:52","0000-00","0","no battery","V"
"11/02/2020","11:46:52","1","default","640513929","OXY_CH1","32.492","min","158.449","µmol/L","Humid","23.285","deg","43741","µV","27.173","°C","1018.000","hPa","35.3","pmil","0","55.520","deg","20.000","°C","100.000","%a.s.","21.750","deg","20.000","°C","977.000","hPa","0.861","-0.02617","0.00035","0","0","13.56","Humid","24.85","0","70.00","286633.42","SABD0000000001","AAV1.0.0.11","1.1.2.0","PSt7-10","170328-006","1/4/2020 10:31:52","0000-00","0","no battery","V"
"11/02/2020","11:46:53","1","default","640513929","OXY_CH1","32.509","min","158.400","µmol/L","Humid","23.286","deg","43745","µV","27.181","°C","1018.000","hPa","35.3","pmil","0","55.520","deg","20.000","°C","100.000","%a.s.","21.750","deg","20.000","°C","977.000","hPa","0.861","-0.02617","0.00035","0","0","13.56","Humid","24.85","0","70.00","286638.37","SABD0000000001","AAV1.0.0.11","1.1.2.0","PSt7-10","170328-006","1/4/2020 10:31:52","0000-00","0","no battery","V"
"11/02/2020","11:46:54","1","default","640513929","OXY_CH1","32.525","min","158.399","µmol/L","Humid","23.285","deg","43749","µV","27.184","°C","1018.000","hPa","35.3","pmil","0","55.520","deg","20.000","°C","100.000","%a.s.","21.750","deg","20.000","°C","977.000","hPa","0.861","-0.02617","0.00035","0","0","13.56","Humid","24.85","0","70.00","286634.52","SABD0000000001","AAV1.0.0.11","1.1.2.0","PSt7-10","170328-006","1/4/2020 10:31:52","0000-00","0","no battery","V"
"11/02/2020","11:46:55","1","default","640513929","OXY_CH1","32.542","min","158.624","µmol/L","Humid","23.275","deg","43747","µV","27.164","°C","1018.000","hPa","35.3","pmil","0","55.520","deg","20.000","°C","100.000","%a.s.","21.750","deg","20.000","°C","977.000","hPa","0.861","-0.02617","0.00035","0","0","13.56","Humid","24.85","0","70.00","286637.15","SABD0000000001","AAV1.0.0.11","1.1.2.0","PSt7-10","170328-006","1/4/2020 10:31:52","0000-00","0","no battery","V"
"11/02/2020","11:46:56","1","default","640513929","OXY_CH1","32.559","min","158.537","µmol/L","Humid","23.283","deg","43750","µV","27.160","°C","1018.000","hPa","35.3","pmil","0","55.520","deg","20.000","°C","100.000","%a.s.","21.750","deg","20.000","°C","977.000","hPa","0.861","-0.02617","0.00035","0","0","13.56","Humid","24.85","0","70.00","286626.22","SABD0000000001","AAV1.0.0.11","1.1.2.0","PSt7-10","170328-006","1/4/2020 10:31:52","0000-00","0","no battery","V"
"11/02/2020","11:46:57","1","default","640513929","OXY_CH1","32.576","min","158.370","µmol/L","Humid","23.295","deg","43750","µV","27.161","°C","1018.000","hPa","35.3","pmil","0","55.520","deg","20.000","°C","100.000","%a.s.","21.750","deg","20.000","°C","977.000","hPa","0.861","-0.02617","0.00035","0","0","13.56","Humid","24.85","0","70.00","286627.68","SABD0000000001","AAV1.0.0.11","1.1.2.0","PSt7-10","170328-006","1/4/2020 10:31:52","0000-00","0","no battery","V"
"11/02/2020","11:46:58","1","default","640513929","OXY_CH1","32.592","min","158.349","µmol/L","Humid","23.291","deg","43752","µV","27.177","°C","1018.000","hPa","35.3","pmil","0","55.520","deg","20.000","°C","100.000","%a.s.","21.750","deg","20.000","°C","977.000","hPa","0.861","-0.02617","0.00035","0","0","13.56","Humid","24.85","0","70.00","286625.92","SABD0000000001","AAV1.0.0.11","1.1.2.0","PSt7-10","170328-006","1/4/2020 10:31:52","0000-00","0","no battery","V"
"11/02/2020","11:46:59","1","default","640513929","OXY_CH1","32.609","min","158.377","µmol/L","Humid","23.289","deg","43758","µV","27.177","°C","1018.000","hPa","35.3","pmil","0","55.520","deg","20.000","°C","100.000","%a.s.","21.750","deg","20.000","°C","977.000","hPa","0.861","-0.02617","0.00035","0","0","13.56","Humid","24.85","0","70.00","286641.19","SABD0000000001","AAV1.0.0.11","1.1.2.0","PSt7-10","170328-006","1/4/2020 10:31:52","0000-00","0","no battery","V"
"11/02/2020","11:47:00","1","default","640513929","OXY_CH1","32.625","min","158.442","µmol/L","Humid","23.286","deg","43759","µV","27.172","°C","1018.000","hPa","35.3","pmil","0","55.520","deg","20.000","°C","100.000","%a.s.","21.750","deg","20.000","°C","977.000","hPa","0.861","-0.02617","0.00035","0","0","13.56","Humid","24.85","0","70.00","286644.42","SABD0000000001","AAV1.0.0.11","1.1.2.0","PSt7-10","170328-006","1/4/2020 10:31:52","0000-00","0","no battery","V"
"11/02/2020","11:47:01","1","default","640513929","OXY_CH1","32.642","min","158.428","µmol/L","Humid","23.287","deg","43762","µV","27.172","°C","1018.000","hPa","35.3","pmil","0","55.520","deg","20.000","°C","100.000","%a.s.","21.750","deg","20.000","°C","977.000","hPa","0.861","-0.02617","0.00035","0","0","13.56","Humid","24.85","0","70.00","286632.75","SABD0000000001","AAV1.0.0.11","1.1.2.0","PSt7-10","170328-006","1/4/2020 10:31:52","0000-00","0","no battery","V"
"11/02/2020","11:47:02","1","default","640513929","OXY_CH1","32.659","min","158.452","µmol/L","Humid","23.284","deg","43765","µV","27.175","°C","1018.000","hPa","35.3","pmil","0","55.520","deg","20.000","°C","100.000","%a.s.","21.750","deg","20.000","°C","977.000","hPa","0.861","-0.02617","0.00035","0","0","13.56","Humid","24.85","0","70.00","286637.09","SABD0000000001","AAV1.0.0.11","1.1.2.0","PSt7-10","170328-006","1/4/2020 10:31:52","0000-00","0","no battery","V"
"11/02/2020","11:47:03","1","default","640513929","OXY_CH1","32.675","min","158.411","µmol/L","Humid","23.289","deg","43766","µV","27.170","°C","1018.000","hPa","35.3","pmil","0","55.520","deg","20.000","°C","100.000","%a.s.","21.750","deg","20.000","°C","977.000","hPa","0.861","-0.02617","0.00035","0","0","13.56","Humid","24.85","0","70.00","286640.77","SABD0000000001","AAV1.0.0.11","1.1.2.0","PSt7-10","170328-006","1/4/2020 10:31:52","0000-00","0","no battery","V"
"11/02/2020","11:47:04","1","default","640513929","OXY_CH1","32.692","min","158.416","µmol/L","Humid","23.292","deg","43764","µV","27.160","°C","1018.000","hPa","35.3","pmil","0","55.520","deg","20.000","°C","100.000","%a.s.","21.750","deg","20.000","°C","977.000","hPa","0.861","-0.02617","0.00035","0","0","13.56","Humid","24.85","0","70.00","286644.10","SABD0000000001","AAV1.0.0.11","1.1.2.0","PSt7-10","170328-006","1/4/2020 10:31:52","0000-00","0","no battery","V"
"11/02/2020","11:47:05","1","default","640513929","OXY_CH1","32.709","min","158.304","µmol/L","Humid","23.296","deg","43763","µV","27.173","°C","1018.000","hPa","35.3","pmil","0","55.520","deg","20.000","°C","100.000","%a.s.","21.750","deg","20.000","°C","977.000","hPa","0.861","-0.02617","0.00035","0","0","13.56","Humid","24.85","0","70.00","286630.78","SABD0000000001","AAV1.0.0.11","1.1.2.0","PSt7-10","170328-006","1/4/2020 10:31:52","0000-00","0","no battery","V"
"11/02/2020","11:47:06","1","default","640513929","OXY_CH1","32.726","min","158.398","µmol/L","Humid","23.290","deg","43761","µV","27.170","°C","1018.000","hPa","35.3","pmil","0","55.520","deg","20.000","°C","100.000","%a.s.","21.750","deg","20.000","°C","977.000","hPa","0.861","-0.02617","0.00035","0","0","13.56","Humid","24.85","0","70.00","286632.55","SABD0000000001","AAV1.0.0.11","1.1.2.0","PSt7-10","170328-006","1/4/2020 10:31:52","0000-00","0","no battery","V"
"11/02/2020","11:47:07","1","default","640513929","OXY_CH1","32.742","min","158.485","µmol/L","Humid","23.284","deg","43763","µV","27.168","°C","1018.000","hPa","35.3","pmil","0","55.520","deg","20.000","°C","100.000","%a.s.","21.750","deg","20.000","°C","977.000","hPa","0.861","-0.02617","0.00035","0","0","13.56","Humid","24.85","0","70.00","286627.81","SABD0000000001","AAV1.0.0.11","1.1.2.0","PSt7-10","170328-006","1/4/2020 10:31:52","0000-00","0","no battery","V"
"11/02/2020","11:47:08","1","default","640513929","OXY_CH1","32.759","min","158.387","µmol/L","Humid","23.289","deg","43769","µV","27.175","°C","1018.000","hPa","35.3","pmil","0","55.520","deg","20.000","°C","100.000","%a.s.","21.750","deg","20.000","°C","977.000","hPa","0.861","-0.02617","0.00035","0","0","13.56","Humid","24.85","0","70.00","286629.43","SABD0000000001","AAV1.0.0.11","1.1.2.0","PSt7-10","170328-006","1/4/2020 10:31:52","0000-00","0","no battery","V"
"11/02/2020","11:47:09","1","default","640513929","OXY_CH1","32.775","min","158.377","µmol/L","Humid","23.291","deg","43773","µV","27.171","°C","1018.000","hPa","35.3","pmil","0","55.520","deg","20.000","°C","100.000","%a.s.","21.750","deg","20.000","°C","977.000","hPa","0.861","-0.02617","0.00035","0","0","13.56","Humid","24.85","0","70.00","286633.46","SABD0000000001","AAV1.0.0.11","1.1.2.0","PSt7-10","170328-006","1/4/2020 10:31:52","0000-00","0","no battery","V"
"11/02/2020","11:47:10","1","default","640513929","OXY_CH1","32.792","min","158.334","µmol/L","Humid","23.294","deg","43772","µV","27.172","°C","1018.000","hPa","35.3","pmil","0","55.520","deg","20.000","°C","100.000","%a.s.","21.750","deg","20.000","°C","977.000","hPa","0.861","-0.02617","0.00035","0","0","13.56","Humid","24.85","0","70.00","286641.27","SABD0000000001","AAV1.0.0.11","1.1.2.0","PSt7-10","170328-006","1/4/2020 10:31:52","0000-00","0","no battery","V"
"11/02/2020","11:47:11","1","default","640513929","OXY_CH1","32.808","min","158.242","µmol/L","Humid","23.301","deg","43776","µV","27.172","°C","1018.000","hPa","35.3","pmil","0","55.520","deg","20.000","°C","100.000","%a.s.","21.750","deg","20.000","°C","977.000","hPa","0.861","-0.02617","0.00035","0","0","13.56","Humid","24.85","0","70.00","286635.40","SABD0000000001","AAV1.0.0.11","1.1.2.0","PSt7-10","170328-006","1/4/2020 10:31:52","0000-00","0","no battery","V"
"11/02/2020","11:47:12","1","default","640513929","OXY_CH1","32.825","min","158.278","µmol/L","Humid","23.300","deg","43783","µV","27.167","°C","1018.000","hPa","35.3","pmil","0","55.520","deg","20.000","°C","100.000","%a.s.","21.750","deg","20.000","°C","977.000","hPa","0.861","-0.02617","0.00035","0","0","13.56","Humid","24.85","0","70.00","286629.00","SABD0000000001","AAV1.0.0.11","1.1.2.0","PSt7-10","170328-006","1/4/2020 10:31:52","0000-00","0","no battery","V"
"11/02/2020","11:47:13","1","default","640513929","OXY_CH1","32.842","min","158.416","µmol/L","Humid","23.290","deg","43770","µV","27.166","°C","1018.000","hPa","35.3","pmil","0","55.520","deg","20.000","°C","100.000","%a.s.","21.750","deg","20.000","°C","977.000","hPa","0.861","-0.02617","0.00035","0","0","13.56","Humid","24.85","0","70.00","286631.17","SABD0000000001","AAV1.0.0.11","1.1.2.0","PSt7-10","170328-006","1/4/2020 10:31:52","0000-00","0","no battery","V"
"11/02/2020","11:47:14","1","default","640513929","OXY_CH1","32.859","min","158.353","µmol/L","Humid","23.297","deg","43774","µV","27.159","°C","1018.000","hPa","35.3","pmil","0","55.520","deg","20.000","°C","100.000","%a.s.","21.750","deg","20.000","°C","977.000","hPa","0.861","-0.02617","0.00035","0","0","13.56","Humid","24.85","0","70.00","286629.83","SABD0000000001","AAV1.0.0.11","1.1.2.0","PSt7-10","170328-006","1/4/2020 10:31:52","0000-00","0","no battery","V"
"11/02/2020","11:47:15","1","default","640513929","OXY_CH1","32.875","min","158.404","µmol/L","Humid","23.294","deg","43774","µV","27.157","°C","1018.000","hPa","35.3","pmil","0","55.520","deg","20.000","°C","100.000","%a.s.","21.750","deg","20.000","°C","977.000","hPa","0.861","-0.02617","0.00035","0","0","13.56","Humid","24.85","0","70.00","286629.57","SABD0000000001","AAV1.0.0.11","1.1.2.0","PSt7-10","170328-006","1/4/2020 10:31:52","0000-00","0","no battery","V"
"11/02/2020","11:47:16","1","default","640513929","OXY_CH1","32.892","min","158.300","µmol/L","Humid","23.296","deg","43777","µV","27.174","°C","1018.000","hPa","35.3","pmil","0","55.520","deg","20.000","°C","100.000","%a.s.","21.750","deg","20.000","°C","977.000","hPa","0.861","-0.02617","0.00035","0","0","13.56","Humid","24.85","0","70.00","286628.98","SABD0000000001","AAV1.0.0.11","1.1.2.0","PSt7-10","170328-006","1/4/2020 10:31:52","0000-00","0","no battery","V"
"11/02/2020","11:47:17","1","default","640513929","OXY_CH1","32.909","min","158.276","µmol/L","Humid","23.299","deg","43776","µV","27.170","°C","1018.000","hPa","35.3","pmil","0","55.520","deg","20.000","°C","100.000","%a.s.","21.750","deg","20.000","°C","977.000","hPa","0.861","-0.02617","0.00035","0","0","13.56","Humid","24.85","0","70.00","286638.47","SABD0000000001","AAV1.0.0.11","1.1.2.0","PSt7-10","170328-006","1/4/2020 10:31:52","0000-00","0","no battery","V"
"11/02/2020","11:47:18","1","default","640513929","OXY_CH1","32.926","min","158.382","µmol/L","Humid","23.295","deg","43777","µV","27.159","°C","1018.000","hPa","35.3","pmil","0","55.520","deg","20.000","°C","100.000","%a.s.","21.750","deg","20.000","°C","977.000","hPa","0.861","-0.02617","0.00035","0","0","13.56","Humid","24.85","0","70.00","286635.95","SABD0000000001","AAV1.0.0.11","1.1.2.0","PSt7-10","170328-006","1/4/2020 10:31:52","0000-00","0","no battery","V"
"11/02/2020","11:47:19","1","default","640513929","OXY_CH1","32.942","min","158.321","µmol/L","Humid","23.296","deg","43779","µV","27.169","°C","1018.000","hPa","35.3","pmil","0","55.520","deg","20.000","°C","100.000","%a.s.","21.750","deg","20.000","°C","977.000","hPa","0.861","-0.02617","0.00035","0","0","13.56","Humid","24.85","0","70.00","286635.32","SABD0000000001","AAV1.0.0.11","1.1.2.0","PSt7-10","170328-006","1/4/2020 10:31:52","0000-00","0","no battery","V"
"11/02/2020","11:47:20","1","default","640513929","OXY_CH1","32.958","min","158.368","µmol/L","Humid","23.297","deg","43781","µV","27.156","°C","1018.000","hPa","35.3","pmil","0","55.520","deg","20.000","°C","100.000","%a.s.","21.750","deg","20.000","°C","977.000","hPa","0.861","-0.02617","0.00035","0","0","13.56","Humid","24.85","0","70.00","286625.85","SABD0000000001","AAV1.0.0.11","1.1.2.0","PSt7-10","170328-006","1/4/2020 10:31:52","0000-00","0","no battery","V"
"11/02/2020","11:47:21","1","default","640513929","OXY_CH1","32.975","min","158.311","µmol/L","Humid","23.299","deg","43778","µV","27.163","°C","1018.000","hPa","35.3","pmil","0","55.520","deg","20.000","°C","100.000","%a.s.","21.750","deg","20.000","°C","977.000","hPa","0.861","-0.02617","0.00035","0","0","13.56","Humid","24.85","0","70.00","286630.35","SABD0000000001","AAV1.0.0.11","1.1.2.0","PSt7-10","170328-006","1/4/2020 10:31:52","0000-00","0","no battery","V"
"11/02/2020","11:47:22","1","default","640513929","OXY_CH1","32.992","min","158.245","µmol/L","Humid","23.303","deg","43774","µV","27.165","°C","1018.000","hPa","35.3","pmil","0","55.520","deg","20.000","°C","100.000","%a.s.","21.750","deg","20.000","°C","977.000","hPa","0.861","-0.02617","0.00035","0","0","13.56","Humid","24.85","0","70.00","286624.34","SABD0000000001","AAV1.0.0.11","1.1.2.0","PSt7-10","170328-006","1/4/2020 10:31:52","0000-00","0","no battery","V"
"11/02/2020","11:47:23","1","default","640513929","OXY_CH1","33.009","min","158.319","µmol/L","Humid","23.301","deg","43777","µV","27.155","°C","1018.000","hPa","35.3","pmil","0","55.520","deg","20.000","°C","100.000","%a.s.","21.750","deg","20.000","°C","977.000","hPa","0.861","-0.02617","0.00035","0","0","13.56","Humid","24.85","0","70.00","286628.99","SABD0000000001","AAV1.0.0.11","1.1.2.0","PSt7-10","170328-006","1/4/2020 10:31:52","0000-00","0","no battery","V"
"11/02/2020","11:47:24","1","default","640513929","OXY_CH1","33.025","min","158.351","µmol/L","Humid","23.302","deg","43774","µV","27.145","°C","1018.000","hPa","35.3","pmil","0","55.520","deg","20.000","°C","100.000","%a.s.","21.750","deg","20.000","°C","977.000","hPa","0.861","-0.02617","0.00035","0","0","13.56","Humid","24.85","0","70.00","286623.10","SABD0000000001","AAV1.0.0.11","1.1.2.0","PSt7-10","170328-006","1/4/2020 10:31:52","0000-00","0","no battery","V"
"11/02/2020","11:47:25","1","default","640513929","OXY_CH1","33.042","min","158.295","µmol/L","Humid","23.301","deg","43777","µV","27.160","°C","1018.000","hPa","35.3","pmil","0","55.520","deg","20.000","°C","100.000","%a.s.","21.750","deg","20.000","°C","977.000","hPa","0.861","-0.02617","0.00035","0","0","13.56","Humid","24.85","0","70.00","286624.15","SABD0000000001","AAV1.0.0.11","1.1.2.0","PSt7-10","170328-006","1/4/2020 10:31:52","0000-00","0","no battery","V"
"11/02/2020","11:47:26","1","default","640513929","OXY_CH1","33.059","min","158.294","µmol/L","Humid","23.297","deg","43782","µV","27.172","°C","1018.000","hPa","35.3","pmil","0","55.520","deg","20.000","°C","100.000","%a.s.","21.750","deg","20.000","°C","977.000","hPa","0.861","-0.02617","0.00035","0","0","13.56","Humid","24.85","0","70.00","286637.74","SABD0000000001","AAV1.0.0.11","1.1.2.0","PSt7-10","170328-006","1/4/2020 10:31:52","0000-00","0","no battery","V"
"11/02/2020","11:47:27","1","default","640513929","OXY_CH1","33.076","min","158.262","µmol/L","Humid","23.299","deg","43782","µV","27.173","°C","1018.000","hPa","35.3","pmil","0","55.520","deg","20.000","°C","100.000","%a.s.","21.750","deg","20.000","°C","977.000","hPa","0.861","-0.02617","0.00035","0","0","13.56","Humid","24.85","0","70.00","286623.21","SABD0000000001","AAV1.0.0.11","1.1.2.0","PSt7-10","170328-006","1/4/2020 10:31:52","0000-00","0","no battery","V"
"11/02/2020","11:47:28","1","default","640513929","OXY_CH1","33.092","min","158.227","µmol/L","Humid","23.302","deg","43785","µV","27.172","°C","1018.000","hPa","35.3","pmil","0","55.520","deg","20.000","°C","100.000","%a.s.","21.750","deg","20.000","°C","977.000","hPa","0.861","-0.02617","0.00035","0","0","13.56","Humid","24.85","0","70.00","286618.30","SABD0000000001","AAV1.0.0.11","1.1.2.0","PSt7-10","170328-006","1/4/2020 10:31:52","0000-00","0","no battery","V"
"11/02/2020","11:47:29","1","default","640513929","OXY_CH1","33.109","min","158.252","µmol/L","Humid","23.303","deg","43787","µV","27.164","°C","1018.000","hPa","35.3","pmil","0","55.520","deg","20.000","°C","100.000","%a.s.","21.750","deg","20.000","°C","977.000","hPa","0.861","-0.02617","0.00035","0","0","13.56","Humid","24.85","0","70.00","286619.14","SABD0000000001","AAV1.0.0.11","1.1.2.0","PSt7-10","170328-006","1/4/2020 10:31:52","0000-00","0","no battery","V"
"11/02/2020","11:47:30","1","default","640513929","OXY_CH1","33.125","min","158.201","µmol/L","Humid","23.309","deg","43787","µV","27.158","°C","1018.000","hPa","35.3","pmil","0","55.520","deg","20.000","°C","100.000","%a.s.","21.750","deg","20.000","°C","977.000","hPa","0.861","-0.02617","0.00035","0","0","13.56","Humid","24.85","0","70.00","286634.81","SABD0000000001","AAV1.0.0.11","1.1.2.0","PSt7-10","170328-006","1/4/2020 10:31:52","0000-00","0","no battery","V"
"11/02/2020","11:47:31","1","default","640513929","OXY_CH1","33.142","min","158.240","µmol/L","Humid","23.306","deg","43789","µV","27.158","°C","1018.000","hPa","35.3","pmil","0","55.520","deg","20.000","°C","100.000","%a.s.","21.750","deg","20.000","°C","977.000","hPa","0.861","-0.02617","0.00035","0","0","13.56","Humid","24.85","0","70.00","286630.81","SABD0000000001","AAV1.0.0.11","1.1.2.0","PSt7-10","170328-006","1/4/2020 10:31:52","0000-00","0","no battery","V"
"11/02/2020","11:47:32","1","default","640513929","OXY_CH1","33.158","min","158.135","µmol/L","Humid","23.309","deg","43790","µV","27.172","°C","1018.000","hPa","35.3","pmil","0","55.520","deg","20.000","°C","100.000","%a.s.","21.750","deg","20.000","°C","977.000","hPa","0.861","-0.02617","0.00035","0","0","13.56","Humid","24.85","0","70.00","286622.18","SABD0000000001","AAV1.0.0.11","1.1.2.0","PSt7-10","170328-006","1/4/2020 10:31:52","0000-00","0","no battery","V"
"11/02/2020","11:47:33","1","default","640513929","OXY_CH1","33.175","min","158.266","µmol/L","Humid","23.305","deg","43785","µV","27.155","°C","1018.000","hPa","35.3","pmil","0","55.520","deg","20.000","°C","100.000","%a.s.","21.750","deg","20.000","°C","977.000","hPa","0.861","-0.02617","0.00035","0","0","13.56","Humid","24.85","0","70.00","286618.67","SABD0000000001","AAV1.0.0.11","1.1.2.0","PSt7-10","170328-006","1/4/2020 10:31:52","0000-00","0","no battery","V"
"11/02/2020","11:47:34","1","default","640513929","OXY_CH1","33.192","min","158.342","µmol/L","Humid","23.298","deg","43790","µV","27.159","°C","1018.000","hPa","35.3","pmil","0","55.520","deg","20.000","°C","100.000","%a.s.","21.750","deg","20.000","°C","977.000","hPa","0.861","-0.02617","0.00035","0","0","13.56","Humid","24.85","0","70.00","286620.17","SABD0000000001","AAV1.0.0.11","1.1.2.0","PSt7-10","170328-006","1/4/2020 10:31:52","0000-00","0","no battery","V"
"11/02/2020","11:47:35","1","default","640513929","OXY_CH1","33.209","min","158.164","µmol/L","Humid","23.312","deg","43793","µV","27.157","°C","1018.000","hPa","35.3","pmil","0","55.520","deg","20.000","°C","100.000","%a.s.","21.750","deg","20.000","°C","977.000","hPa","0.861","-0.02617","0.00035","0","0","13.56","Humid","24.85","0","70.00","286622.51","SABD0000000001","AAV1.0.0.11","1.1.2.0","PSt7-10","170328-006","1/4/2020 10:31:52","0000-00","0","no battery","V"
"11/02/2020","11:47:36","1","default","640513929","OXY_CH1","33.225","min","158.101","µmol/L","Humid","23.314","deg","43792","µV","27.165","°C","1018.000","hPa","35.3","pmil","0","55.520","deg","20.000","°C","100.000","%a.s.","21.750","deg","20.000","°C","977.000","hPa","0.861","-0.02617","0.00035","0","0","13.56","Humid","24.85","0","70.00","286614.46","SABD0000000001","AAV1.0.0.11","1.1.2.0","PSt7-10","170328-006","1/4/2020 10:31:52","0000-00","0","no battery","V"
"11/02/2020","11:47:37","1","default","640513929","OXY_CH1","33.242","min","158.146","µmol/L","Humid","23.311","deg","43802","µV","27.164","°C","1018.000","hPa","35.3","pmil","0","55.520","deg","20.000","°C","100.000","%a.s.","21.750","deg","20.000","°C","977.000","hPa","0.861","-0.02617","0.00035","0","0","13.56","Humid","24.85","0","70.00","286628.84","SABD0000000001","AAV1.0.0.11","1.1.2.0","PSt7-10","170328-006","1/4/2020 10:31:52","0000-00","0","no battery","V"
"11/02/2020","11:47:38","1","default","640513929","OXY_CH1","33.259","min","158.291","µmol/L","Humid","23.305","deg","43800","µV","27.150","°C","1018.000","hPa","35.3","pmil","0","55.520","deg","20.000","°C","100.000","%a.s.","21.750","deg","20.000","°C","977.000","hPa","0.861","-0.02617","0.00035","0","0","13.56","Humid","24.85","0","70.00","286616.95","SABD0000000001","AAV1.0.0.11","1.1.2.0","PSt7-10","170328-006","1/4/2020 10:31:52","0000-00","0","no battery","V"
"11/02/2020","11:47:39","1","default","640513929","OXY_CH1","33.276","min","158.231","µmol/L","Humid","23.309","deg","43805","µV","27.151","°C","1018.000","hPa","35.3","pmil","0","55.520","deg","20.000","°C","100.000","%a.s.","21.750","deg","20.000","°C","977.000","hPa","0.861","-0.02617","0.00035","0","0","13.56","Humid","24.85","0","70.00","286623.16","SABD0000000001","AAV1.0.0.11","1.1.2.0","PSt7-10","170328-006","1/4/2020 10:31:52","0000-00","0","no battery","V"
"11/02/2020","11:47:40","1","default","640513929","OXY_CH1","33.292","min","158.163","µmol/L","Humid","23.309","deg","43806","µV","27.166","°C","1018.000","hPa","35.3","pmil","0","55.520","deg","20.000","°C","100.000","%a.s.","21.750","deg","20.000","°C","977.000","hPa","0.861","-0.02617","0.00035","0","0","13.56","Humid","24.85","0","70.00","286635.52","SABD0000000001","AAV1.0.0.11","1.1.2.0","PSt7-10","170328-006","1/4/2020 10:31:52","0000-00","0","no battery","V"
"11/02/2020","11:47:41","1","default","640513929","OXY_CH1","33.308","min","158.175","µmol/L","Humid","23.308","deg","43806","µV","27.166","°C","1018.000","hPa","35.3","pmil","0","55.520","deg","20.000","°C","100.000","%a.s.","21.750","deg","20.000","°C","977.000","hPa","0.861","-0.02617","0.00035","0","0","13.56","Humid","24.85","0","70.00","286627.43","SABD0000000001","AAV1.0.0.11","1.1.2.0","PSt7-10","170328-006","1/4/2020 10:31:52","0000-00","0","no battery","V"
"11/02/2020","11:47:42","1","default","640513929","OXY_CH1","33.325","min","158.230","µmol/L","Humid","23.306","deg","43805","µV","27.160","°C","1018.000","hPa","35.3","pmil","0","55.520","deg","20.000","°C","100.000","%a.s.","21.750","deg","20.000","°C","977.000","hPa","0.861","-0.02617","0.00035","0","0","13.56","Humid","24.85","0","70.00","286634.31","SABD0000000001","AAV1.0.0.11","1.1.2.0","PSt7-10","170328-006","1/4/2020 10:31:52","0000-00","0","no battery","V"
"11/02/2020","11:47:43","1","default","640513929","OXY_CH1","33.342","min","158.194","µmol/L","Humid","23.313","deg","43810","µV","27.148","°C","1018.000","hPa","35.3","pmil","0","55.520","deg","20.000","°C","100.000","%a.s.","21.750","deg","20.000","°C","977.000","hPa","0.861","-0.02617","0.00035","0","0","13.56","Humid","24.85","0","70.00","286625.40","SABD0000000001","AAV1.0.0.11","1.1.2.0","PSt7-10","170328-006","1/4/2020 10:31:52","0000-00","0","no battery","V"
"11/02/2020","11:47:44","1","default","640513929","OXY_CH1","33.359","min","158.135","µmol/L","Humid","23.315","deg","43808","µV","27.155","°C","1018.000","hPa","35.3","pmil","0","55.520","deg","20.000","°C","100.000","%a.s.","21.750","deg","20.000","°C","977.000","hPa","0.861","-0.02617","0.00035","0","0","13.56","Humid","24.85","0","70.00","286605.68","SABD0000000001","AAV1.0.0.11","1.1.2.0","PSt7-10","170328-006","1/4/2020 10:31:52","0000-00","0","no battery","V"
"11/02/2020","11:47:45","1","default","640513929","OXY_CH1","33.375","min","158.169","µmol/L","Humid","23.309","deg","43808","µV","27.165","°C","1018.000","hPa","35.3","pmil","0","55.520","deg","20.000","°C","100.000","%a.s.","21.750","deg","20.000","°C","977.000","hPa","0.861","-0.02617","0.00035","0","0","13.56","Humid","24.85","0","70.00","286620.50","SABD0000000001","AAV1.0.0.11","1.1.2.0","PSt7-10","170328-006","1/4/2020 10:31:52","0000-00","0","no battery","V"
"11/02/2020","11:47:46","1","default","640513929","OXY_CH1","33.392","min","158.159","µmol/L","Humid","23.314","deg","43803","µV","27.152","°C","1018.000","hPa","35.3","pmil","0","55.520","deg","20.000","°C","100.000","%a.s.","21.750","deg","20.000","°C","977.000","hPa","0.861","-0.02617","0.00035","0","0","13.56","Humid","24.85","0","70.00","286613.36","SABD0000000001","AAV1.0.0.11","1.1.2.0","PSt7-10","170328-006","1/4/2020 10:31:52","0000-00","0","no battery","V"
"11/02/2020","11:47:47","1","default","640513929","OXY_CH1","33.409","min","158.153","µmol/L","Humid","23.317","deg","43812","µV","27.145","°C","1018.000","hPa","35.3","pmil","0","55.520","deg","20.000","°C","100.000","%a.s.","21.750","deg","20.000","°C","977.000","hPa","0.861","-0.02617","0.00035","0","0","13.56","Humid","24.85","0","70.00","286615.87","SABD0000000001","AAV1.0.0.11","1.1.2.0","PSt7-10","170328-006","1/4/2020 10:31:52","0000-00","0","no battery","V"
"11/02/2020","11:47:48","1","default","640513929","OXY_CH1","33.426","min","158.144","µmol/L","Humid","23.316","deg","43806","µV","27.150","°C","1018.000","hPa","35.3","pmil","0","55.520","deg","20.000","°C","100.000","%a.s.","21.750","deg","20.000","°C","977.000","hPa","0.861","-0.02617","0.00035","0","0","13.56","Humid","24.85","0","70.00","286623.88","SABD0000000001","AAV1.0.0.11","1.1.2.0","PSt7-10","170328-006","1/4/2020 10:31:52","0000-00","0","no battery","V"
"11/02/2020","11:47:49","1","default","640513929","OXY_CH1","33.442","min","158.060","µmol/L","Humid","23.320","deg","43799","µV","27.156","°C","1018.000","hPa","35.3","pmil","0","55.520","deg","20.000","°C","100.000","%a.s.","21.750","deg","20.000","°C","977.000","hPa","0.861","-0.02617","0.00035","0","0","13.56","Humid","24.85","0","70.00","286611.97","SABD0000000001","AAV1.0.0.11","1.1.2.0","PSt7-10","170328-006","1/4/2020 10:31:52","0000-00","0","no battery","V"
"11/02/2020","11:47:50","1","default","640513929","OXY_CH1","33.459","min","158.110","µmol/L","Humid","23.317","deg","43803","µV","27.154","°C","1018.000","hPa","35.3","pmil","0","55.520","deg","20.000","°C","100.000","%a.s.","21.750","deg","20.000","°C","977.000","hPa","0.861","-0.02617","0.00035","0","0","13.56","Humid","24.85","0","70.00","286613.58","SABD0000000001","AAV1.0.0.11","1.1.2.0","PSt7-10","170328-006","1/4/2020 10:31:52","0000-00","0","no battery","V"
"11/02/2020","11:47:51","1","default","640513929","OXY_CH1","33.475","min","158.121","µmol/L","Humid","23.317","deg","43809","µV","27.152","°C","1018.000","hPa","35.3","pmil","0","55.520","deg","20.000","°C","100.000","%a.s.","21.750","deg","20.000","°C","977.000","hPa","0.861","-0.02617","0.00035","0","0","13.56","Humid","24.85","0","70.00","286612.73","SABD0000000001","AAV1.0.0.11","1.1.2.0","PSt7-10","170328-006","1/4/2020 10:31:52","0000-00","0","no battery","V"
"11/02/2020","11:47:52","1","default","640513929","OXY_CH1","33.492","min","158.001","µmol/L","Humid","23.324","deg","43809","µV","27.158","°C","1018.000","hPa","35.3","pmil","0","55.520","deg","20.000","°C","100.000","%a.s.","21.750","deg","20.000","°C","977.000","hPa","0.861","-0.02617","0.00035","0","0","13.56","Humid","24.85","0","70.00","286608.30","SABD0000000001","AAV1.0.0.11","1.1.2.0","PSt7-10","170328-006","1/4/2020 10:31:52","0000-00","0","no battery","V"
"11/02/2020","11:47:53","1","default","640513929","OXY_CH1","33.509","min","157.977","µmol/L","Humid","23.327","deg","43798","µV","27.154","°C","1018.000","hPa","35.3","pmil","0","55.520","deg","20.000","°C","100.000","%a.s.","21.750","deg","20.000","°C","977.000","hPa","0.861","-0.02617","0.00035","0","0","13.56","Humid","24.85","0","70.00","286615.53","SABD0000000001","AAV1.0.0.11","1.1.2.0","PSt7-10","170328-006","1/4/2020 10:31:52","0000-00","0","no battery","V"
"11/02/2020","11:47:54","1","default","640513929","OXY_CH1","33.525","min","158.039","µmol/L","Humid","23.324","deg","43809","µV","27.149","°C","1018.000","hPa","35.3","pmil","0","55.520","deg","20.000","°C","100.000","%a.s.","21.750","deg","20.000","°C","977.000","hPa","0.861","-0.02617","0.00035","0","0","13.56","Humid","24.85","0","70.00","286616.98","SABD0000000001","AAV1.0.0.11","1.1.2.0","PSt7-10","170328-006","1/4/2020 10:31:52","0000-00","0","no battery","V"
"11/02/2020","11:47:55","1","default","640513929","OXY_CH1","33.542","min","158.131","µmol/L","Humid","23.316","deg","43801","µV","27.153","°C","1018.000","hPa","35.3","pmil","0","55.520","deg","20.000","°C","100.000","%a.s.","21.750","deg","20.000","°C","977.000","hPa","0.861","-0.02617","0.00035","0","0","13.56","Humid","24.85","0","70.00","286609.48","SABD0000000001","AAV1.0.0.11","1.1.2.0","PSt7-10","170328-006","1/4/2020 10:31:52","0000-00","0","no battery","V"
"11/02/2020","11:47:56","1","default","640513929","OXY_CH1","33.559","min","158.197","µmol/L","Humid","23.315","deg","43807","µV","27.141","°C","1018.000","hPa","35.3","pmil","0","55.520","deg","20.000","°C","100.000","%a.s.","21.750","deg","20.000","°C","977.000","hPa","0.861","-0.02617","0.00035","0","0","13.56","Humid","24.85","0","70.00","286625.51","SABD0000000001","AAV1.0.0.11","1.1.2.0","PSt7-10","170328-006","1/4/2020 10:31:52","0000-00","0","no battery","V"
"11/02/2020","11:47:57","1","default","640513929","OXY_CH1","33.576","min","158.116","µmol/L","Humid","23.320","deg","43803","µV","27.144","°C","1018.000","hPa","35.3","pmil","0","55.520","deg","20.000","°C","100.000","%a.s.","21.750","deg","20.000","°C","977.000","hPa","0.861","-0.02617","0.00035","0","0","13.56","Humid","24.85","0","70.00","286611.91","SABD0000000001","AAV1.0.0.11","1.1.2.0","PSt7-10","170328-006","1/4/2020 10:31:52","0000-00","0","no battery","V"
"11/02/2020","11:47:58","1","default","640513929","OXY_CH1","33.592","min","158.110","µmol/L","Humid","23.320","deg","43809","µV","27.146","°C","1018.000","hPa","35.3","pmil","0","55.520","deg","20.000","°C","100.000","%a.s.","21.750","deg","20.000","°C","977.000","hPa","0.861","-0.02617","0.00035","0","0","13.56","Humid","24.85","0","70.00","286614.19","SABD0000000001","AAV1.0.0.11","1.1.2.0","PSt7-10","170328-006","1/4/2020 10:31:52","0000-00","0","no battery","V"
"11/02/2020","11:47:59","1","default","640513929","OXY_CH1","33.609","min","158.156","µmol/L","Humid","23.319","deg","43806","µV","27.139","°C","1018.000","hPa","35.3","pmil","0","55.520","deg","20.000","°C","100.000","%a.s.","21.750","deg","20.000","°C","977.000","hPa","0.861","-0.02617","0.00035","0","0","13.56","Humid","24.85","0","70.00","286613.95","SABD0000000001","AAV1.0.0.11","1.1.2.0","PSt7-10","170328-006","1/4/2020 10:31:52","0000-00","0","no battery","V"
"11/02/2020","11:48:00","1","default","640513929","OXY_CH1","33.625","min","158.059","µmol/L","Humid","23.323","deg","43810","µV","27.148","°C","1018.000","hPa","35.3","pmil","0","55.520","deg","20.000","°C","100.000","%a.s.","21.750","deg","20.000","°C","977.000","hPa","0.861","-0.02617","0.00035","0","0","13.56","Humid","24.85","0","70.00","286613.91","SABD0000000001","AAV1.0.0.11","1.1.2.0","PSt7-10","170328-006","1/4/2020 10:31:52","0000-00","0","no battery","V"
"11/02/2020","11:48:01","1","default","640513929","OXY_CH1","33.642","min","157.959","µmol/L","Humid","23.329","deg","43808","µV","27.152","°C","1018.000","hPa","35.3","pmil","0","55.520","deg","20.000","°C","100.000","%a.s.","21.750","deg","20.000","°C","977.000","hPa","0.861","-0.02617","0.00035","0","0","13.56","Humid","24.85","0","70.00","286620.72","SABD0000000001","AAV1.0.0.11","1.1.2.0","PSt7-10","170328-006","1/4/2020 10:31:52","0000-00","0","no battery","V"
"11/02/2020","11:48:02","1","default","640513929","OXY_CH1","33.658","min","158.156","µmol/L","Humid","23.320","deg","43814","µV","27.136","°C","1018.000","hPa","35.3","pmil","0","55.520","deg","20.000","°C","100.000","%a.s.","21.750","deg","20.000","°C","977.000","hPa","0.861","-0.02617","0.00035","0","0","13.56","Humid","24.85","0","70.00","286616.24","SABD0000000001","AAV1.0.0.11","1.1.2.0","PSt7-10","170328-006","1/4/2020 10:31:52","0000-00","0","no battery","V"
"11/02/2020","11:48:03","1","default","640513929","OXY_CH1","33.675","min","158.090","µmol/L","Humid","23.325","deg","43803","µV","27.136","°C","1018.000","hPa","35.3","pmil","0","55.520","deg","20.000","°C","100.000","%a.s.","21.750","deg","20.000","°C","977.000","hPa","0.861","-0.02617","0.00035","0","0","13.56","Humid","24.85","0","70.00","286615.57","SABD0000000001","AAV1.0.0.11","1.1.2.0","PSt7-10","170328-006","1/4/2020 10:31:52","0000-00","0","no battery","V"
"11/02/2020","11:48:04","1","default","640513929","OXY_CH1","33.692","min","158.111","µmol/L","Humid","23.318","deg","43814","µV","27.151","°C","1018.000","hPa","35.3","pmil","0","55.520","deg","20.000","°C","100.000","%a.s.","21.750","deg","20.000","°C","977.000","hPa","0.861","-0.02617","0.00035","0","0","13.56","Humid","24.85","0","70.00","286614.48","SABD0000000001","AAV1.0.0.11","1.1.2.0","PSt7-10","170328-006","1/4/2020 10:31:52","0000-00","0","no battery","V"
"11/02/2020","11:48:05","1","default","640513929","OXY_CH1","33.709","min","158.127","µmol/L","Humid","23.319","deg","43816","µV","27.145","°C","1018.000","hPa","35.3","pmil","0","55.520","deg","20.000","°C","100.000","%a.s.","21.750","deg","20.000","°C","977.000","hPa","0.861","-0.02617","0.00035","0","0","13.56","Humid","24.85","0","70.00","286614.86","SABD0000000001","AAV1.0.0.11","1.1.2.0","PSt7-10","170328-006","1/4/2020 10:31:52","0000-00","0","no battery","V"
"11/02/2020","11:48:06","1","default","640513929","OXY_CH1","33.725","min","158.037","µmol/L","Humid","23.325","deg","43815","µV","27.147","°C","1018.000","hPa","35.3","pmil","0","55.520","deg","20.000","°C","100.000","%a.s.","21.750","deg","20.000","°C","977.000","hPa","0.861","-0.02617","0.00035","0","0","13.56","Humid","24.85","0","70.00","286625.40","SABD0000000001","AAV1.0.0.11","1.1.2.0","PSt7-10","170328-006","1/4/2020 10:31:52","0000-00","0","no battery","V"
"11/02/2020","11:48:07","1","default","640513929","OXY_CH1","33.742","min","157.978","µmol/L","Humid","23.325","deg","43823","µV","27.160","°C","1018.000","hPa","35.3","pmil","0","55.520","deg","20.000","°C","100.000","%a.s.","21.750","deg","20.000","°C","977.000","hPa","0.861","-0.02617","0.00035","0","0","13.56","Humid","24.85","0","70.00","286620.19","SABD0000000001","AAV1.0.0.11","1.1.2.0","PSt7-10","170328-006","1/4/2020 10:31:52","0000-00","0","no battery","V"
"11/02/2020","11:48:08","1","default","640513929","OXY_CH1","33.759","min","158.037","µmol/L","Humid","23.325","deg","43821","µV","27.147","°C","1018.000","hPa","35.3","pmil","0","55.520","deg","20.000","°C","100.000","%a.s.","21.750","deg","20.000","°C","977.000","hPa","0.861","-0.02617","0.00035","0","0","13.56","Humid","24.85","0","70.00","286622.88","SABD0000000001","AAV1.0.0.11","1.1.2.0","PSt7-10","170328-006","1/4/2020 10:31:52","0000-00","0","no battery","V"
"11/02/2020","11:48:09","1","default","640513929","OXY_CH1","33.776","min","157.972","µmol/L","Humid","23.331","deg","43818","µV","27.144","°C","1018.000","hPa","35.3","pmil","0","55.520","deg","20.000","°C","100.000","%a.s.","21.750","deg","20.000","°C","977.000","hPa","0.861","-0.02617","0.00035","0","0","13.56","Humid","24.85","0","70.00","286628.54","SABD0000000001","AAV1.0.0.11","1.1.2.0","PSt7-10","170328-006","1/4/2020 10:31:52","0000-00","0","no battery","V"
"11/02/2020","11:48:10","1","default","640513929","OXY_CH1","33.792","min","158.029","µmol/L","Humid","23.321","deg","43821","µV","27.160","°C","1018.000","hPa","35.3","pmil","0","55.520","deg","20.000","°C","100.000","%a.s.","21.750","deg","20.000","°C","977.000","hPa","0.861","-0.02617","0.00035","0","0","13.56","Humid","24.85","0","70.00","286626.61","SABD0000000001","AAV1.0.0.11","1.1.2.0","PSt7-10","170328-006","1/4/2020 10:31:52","0000-00","0","no battery","V"
"11/02/2020","11:48:11","1","default","640513929","OXY_CH1","33.808","min","158.045","µmol/L","Humid","23.327","deg","43815","µV","27.140","°C","1018.000","hPa","35.3","pmil","0","55.520","deg","20.000","°C","100.000","%a.s.","21.750","deg","20.000","°C","977.000","hPa","0.861","-0.02617","0.00035","0","0","13.56","Humid","24.85","0","70.00","286620.39","SABD0000000001","AAV1.0.0.11","1.1.2.0","PSt7-10","170328-006","1/4/2020 10:31:52","0000-00","0","no battery","V"
"11/02/2020","11:48:12","1","default","640513929","OXY_CH1","33.825","min","157.994","µmol/L","Humid","23.328","deg","43826","µV","27.148","°C","1018.000","hPa","35.3","pmil","0","55.520","deg","20.000","°C","100.000","%a.s.","21.750","deg","20.000","°C","977.000","hPa","0.861","-0.02617","0.00035","0","0","13.56","Humid","24.85","0","70.00","286622.58","SABD0000000001","AAV1.0.0.11","1.1.2.0","PSt7-10","170328-006","1/4/2020 10:31:52","0000-00","0","no battery","V"
"11/02/2020","11:48:13","1","default","640513929","OXY_CH1","33.842","min","158.110","µmol/L","Humid","23.321","deg","43825","µV","27.143","°C","1018.000","hPa","35.3","pmil","0","55.520","deg","20.000","°C","100.000","%a.s.","21.750","deg","20.000","°C","977.000","hPa","0.861","-0.02617","0.00035","0","0","13.56","Humid","24.85","0","70.00","286615.69","SABD0000000001","AAV1.0.0.11","1.1.2.0","PSt7-10","170328-006","1/4/2020 10:31:52","0000-00","0","no battery","V"
"11/02/2020","11:48:14","1","default","640513929","OXY_CH1","33.859","min","157.916","µmol/L","Humid","23.335","deg","43824","µV","27.144","°C","1018.000","hPa","35.3","pmil","0","55.520","deg","20.000","°C","100.000","%a.s.","21.750","deg","20.000","°C","977.000","hPa","0.861","-0.02617","0.00035","0","0","13.56","Humid","24.85","0","70.00","286629.64","SABD0000000001","AAV1.0.0.11","1.1.2.0","PSt7-10","170328-006","1/4/2020 10:31:52","0000-00","0","no battery","V"
"11/02/2020","11:48:15","1","default","640513929","OXY_CH1","33.875","min","157.998","µmol/L","Humid","23.329","deg","43822","µV","27.144","°C","1018.000","hPa","35.3","pmil","0","55.520","deg","20.000","°C","100.000","%a.s.","21.750","deg","20.000","°C","977.000","hPa","0.861","-0.02617","0.00035","0","0","13.56","Humid","24.85","0","70.00","286614.27","SABD0000000001","AAV1.0.0.11","1.1.2.0","PSt7-10","170328-006","1/4/2020 10:31:52","0000-00","0","no battery","V"
"11/02/2020","11:48:16","1","default","640513929","OXY_CH1","33.892","min","158.037","µmol/L","Humid","23.328","deg","43829","µV","27.138","°C","1018.000","hPa","35.3","pmil","0","55.520","deg","20.000","°C","100.000","%a.s.","21.750","deg","20.000","°C","977.000","hPa","0.861","-0.02617","0.00035","0","0","13.56","Humid","24.85","0","70.00","286616.95","SABD0000000001","AAV1.0.0.11","1.1.2.0","PSt7-10","170328-006","1/4/2020 10:31:52","0000-00","0","no battery","V"
"11/02/2020","11:48:17","1","default","640513929","OXY_CH1","33.909","min","157.970","µmol/L","Humid","23.330","deg","43821","µV","27.147","°C","1018.000","hPa","35.3","pmil","0","55.520","deg","20.000","°C","100.000","%a.s.","21.750","deg","20.000","°C","977.000","hPa","0.861","-0.02617","0.00035","0","0","13.56","Humid","24.85","0","70.00","286616.06","SABD0000000001","AAV1.0.0.11","1.1.2.0","PSt7-10","170328-006","1/4/2020 10:31:52","0000-00","0","no battery","V"
"11/02/2020","11:48:18","1","default","640513929","OXY_CH1","33.926","min","158.030","µmol/L","Humid","23.330","deg","43825","µV","27.134","°C","1018.000","hPa","35.3","pmil","0","55.520","deg","20.000","°C","100.000","%a.s.","21.750","deg","20.000","°C","977.000","hPa","0.861","-0.02617","0.00035","0","0","13.56","Humid","24.85","0","70.00","286617.76","SABD0000000001","AAV1.0.0.11","1.1.2.0","PSt7-10","170328-006","1/4/2020 10:31:52","0000-00","0","no battery","V"
"11/02/2020","11:48:19","1","default","640513929","OXY_CH1","33.942","min","157.985","µmol/L","Humid","23.331","deg","43830","µV","27.141","°C","1018.000","hPa","35.3","pmil","0","55.520","deg","20.000","°C","100.000","%a.s.","21.750","deg","20.000","°C","977.000","hPa","0.861","-0.02617","0.00035","0","0","13.56","Humid","24.85","0","70.00","286610.97","SABD0000000001","AAV1.0.0.11","1.1.2.0","PSt7-10","170328-006","1/4/2020 10:31:52","0000-00","0","no battery","V"
"11/02/2020","11:48:20","1","default","640513929","OXY_CH1","33.959","min","157.957","µmol/L","Humid","23.335","deg","43823","µV","27.136","°C","1018.000","hPa","35.3","pmil","0","55.520","deg","20.000","°C","100.000","%a.s.","21.750","deg","20.000","°C","977.000","hPa","0.861","-0.02617","0.00035","0","0","13.56","Humid","24.85","0","70.00","286609.91","SABD0000000001","AAV1.0.0.11","1.1.2.0","PSt7-10","170328-006","1/4/2020 10:31:52","0000-00","0","no battery","V"
"11/02/2020","11:48:21","1","default","640513929","OXY_CH1","33.975","min","157.975","µmol/L","Humid","23.333","deg","43833","µV","27.138","°C","1018.000","hPa","35.3","pmil","0","55.520","deg","20.000","°C","100.000","%a.s.","21.750","deg","20.000","°C","977.000","hPa","0.861","-0.02617","0.00035","0","0","13.56","Humid","24.85","0","70.00","286610.62","SABD0000000001","AAV1.0.0.11","1.1.2.0","PSt7-10","170328-006","1/4/2020 10:31:52","0000-00","0","no battery","V"
"11/02/2020","11:48:22","1","default","640513929","OXY_CH1","33.992","min","158.008","µmol/L","Humid","23.334","deg","43829","µV","27.127","°C","1018.000","hPa","35.3","pmil","0","55.520","deg","20.000","°C","100.000","%a.s.","21.750","deg","20.000","°C","977.000","hPa","0.861","-0.02617","0.00035","0","0","13.56","Humid","24.85","0","70.00","286606.64","SABD0000000001","AAV1.0.0.11","1.1.2.0","PSt7-10","170328-006","1/4/2020 10:31:52","0000-00","0","no battery","V"
"11/02/2020","11:48:23","1","default","640513929","OXY_CH1","34.008","min","157.863","µmol/L","Humid","23.339","deg","43822","µV","27.145","°C","1018.000","hPa","35.3","pmil","0","55.520","deg","20.000","°C","100.000","%a.s.","21.750","deg","20.000","°C","977.000","hPa","0.861","-0.02617","0.00035","0","0","13.56","Humid","24.85","0","70.00","286612.40","SABD0000000001","AAV1.0.0.11","1.1.2.0","PSt7-10","170328-006","1/4/2020 10:31:52","0000-00","0","no battery","V"
"11/02/2020","11:48:24","1","default","640513929","OXY_CH1","34.025","min","157.860","µmol/L","Humid","23.337","deg","43820","µV","27.151","°C","1018.000","hPa","35.3","pmil","0","55.520","deg","20.000","°C","100.000","%a.s.","21.750","deg","20.000","°C","977.000","hPa","0.861","-0.02617","0.00035","0","0","13.56","Humid","24.85","0","70.00","286613.14","SABD0000000001","AAV1.0.0.11","1.1.2.0","PSt7-10","170328-006","1/4/2020 10:31:52","0000-00","0","no battery","V"
"11/02/2020","11:48:25","1","default","640513929","OXY_CH1","34.042","min","157.949","µmol/L","Humid","23.335","deg","43819","µV","27.137","°C","1018.000","hPa","35.3","pmil","0","55.520","deg","20.000","°C","100.000","%a.s.","21.750","deg","20.000","°C","977.000","hPa","0.861","-0.02617","0.00035","0","0","13.56","Humid","24.85","0","70.00","286607.41","SABD0000000001","AAV1.0.0.11","1.1.2.0","PSt7-10","170328-006","1/4/2020 10:31:52","0000-00","0","no battery","V"
"11/02/2020","11:48:26","1","default","640513929","OXY_CH1","34.059","min","157.924","µmol/L","Humid","23.335","deg","43824","µV","27.143","°C","1018.000","hPa","35.3","pmil","0","55.520","deg","20.000","°C","100.000","%a.s.","21.750","deg","20.000","°C","977.000","hPa","0.861","-0.02617","0.00035","0","0","13.56","Humid","24.85","0","70.00","286610.87","SABD0000000001","AAV1.0.0.11","1.1.2.0","PSt7-10","170328-006","1/4/2020 10:31:52","0000-00","0","no battery","V"
"11/02/2020","11:48:27","1","default","640513929","OXY_CH1","34.075","min","157.923","µmol/L","Humid","23.336","deg","43832","µV","27.140","°C","1018.000","hPa","35.3","pmil","0","55.520","deg","20.000","°C","100.000","%a.s.","21.750","deg","20.000","°C","977.000","hPa","0.861","-0.02617","0.00035","0","0","13.56","Humid","24.85","0","70.00","286611.30","SABD0000000001","AAV1.0.0.11","1.1.2.0","PSt7-10","170328-006","1/4/2020 10:31:52","0000-00","0","no battery","V"
"11/02/2020","11:48:28","1","default","640513929","OXY_CH1","34.092","min","157.833","µmol/L","Humid","23.341","deg","43824","µV","27.145","°C","1018.000","hPa","35.3","pmil","0","55.520","deg","20.000","°C","100.000","%a.s.","21.750","deg","20.000","°C","977.000","hPa","0.861","-0.02617","0.00035","0","0","13.56","Humid","24.85","0","70.00","286619.00","SABD0000000001","AAV1.0.0.11","1.1.2.0","PSt7-10","170328-006","1/4/2020 10:31:52","0000-00","0","no battery","V"
"11/02/2020","11:48:29","1","default","640513929","OXY_CH1","34.109","min","157.981","µmol/L","Humid","23.335","deg","43828","µV","27.130","°C","1018.000","hPa","35.3","pmil","0","55.520","deg","20.000","°C","100.000","%a.s.","21.750","deg","20.000","°C","977.000","hPa","0.861","-0.02617","0.00035","0","0","13.56","Humid","24.85","0","70.00","286613.89","SABD0000000001","AAV1.0.0.11","1.1.2.0","PSt7-10","170328-006","1/4/2020 10:31:52","0000-00","0","no battery","V"
"11/02/2020","11:48:30","1","default","640513929","OXY_CH1","34.125","min","157.905","µmol/L","Humid","23.336","deg","43823","µV","27.144","°C","1018.000","hPa","35.3","pmil","0","55.520","deg","20.000","°C","100.000","%a.s.","21.750","deg","20.000","°C","977.000","hPa","0.861","-0.02617","0.00035","0","0","13.56","Humid","24.85","0","70.00","286608.36","SABD0000000001","AAV1.0.0.11","1.1.2.0","PSt7-10","170328-006","1/4/2020 10:31:52","0000-00","0","no battery","V"
"11/02/2020","11:48:31","1","default","640513929","OXY_CH1","34.142","min","157.961","µmol/L","Humid","23.335","deg","43830","µV","27.135","°C","1018.000","hPa","35.3","pmil","0","55.520","deg","20.000","°C","100.000","%a.s.","21.750","deg","20.000","°C","977.000","hPa","0.861","-0.02617","0.00035","0","0","13.56","Humid","24.85","0","70.00","286615.13","SABD0000000001","AAV1.0.0.11","1.1.2.0","PSt7-10","170328-006","1/4/2020 10:31:52","0000-00","0","no battery","V"
"11/02/2020","11:48:32","1","default","640513929","OXY_CH1","34.158","min","157.914","µmol/L","Humid","23.338","deg","43832","µV","27.136","°C","1018.000","hPa","35.3","pmil","0","55.520","deg","20.000","°C","100.000","%a.s.","21.750","deg","20.000","°C","977.000","hPa","0.861","-0.02617","0.00035","0","0","13.56","Humid","24.85","0","70.00","286608.82","SABD0000000001","AAV1.0.0.11","1.1.2.0","PSt7-10","170328-006","1/4/2020 10:31:52","0000-00","0","no battery","V"
"11/02/2020","11:48:33","1","default","640513929","OXY_CH1","34.175","min","157.960","µmol/L","Humid","23.336","deg","43837","µV","27.132","°C","1018.000","hPa","35.3","pmil","0","55.520","deg","20.000","°C","100.000","%a.s.","21.750","deg","20.000","°C","977.000","hPa","0.861","-0.02617","0.00035","0","0","13.56","Humid","24.85","0","70.00","286610.01","SABD0000000001","AAV1.0.0.11","1.1.2.0","PSt7-10","170328-006","1/4/2020 10:31:52","0000-00","0","no battery","V"
"11/02/2020","11:48:34","1","default","640513929","OXY_CH1","34.192","min","157.843","µmol/L","Humid","23.340","deg","43840","µV","27.146","°C","1018.000","hPa","35.3","pmil","0","55.520","deg","20.000","°C","100.000","%a.s.","21.750","deg","20.000","°C","977.000","hPa","0.861","-0.02617","0.00035","0","0","13.56","Humid","24.85","0","70.00","286612.24","SABD0000000001","AAV1.0.0.11","1.1.2.0","PSt7-10","170328-006","1/4/2020 10:31:52","0000-00","0","no battery","V"
"11/02/2020","11:48:35","1","default","640513929","OXY_CH1","34.209","min","157.919","µmol/L","Humid","23.344","deg","43840","µV","27.118","°C","1018.000","hPa","35.3","pmil","0","55.520","deg","20.000","°C","100.000","%a.s.","21.750","deg","20.000","°C","977.000","hPa","0.861","-0.02617","0.00035","0","0","13.56","Humid","24.85","0","70.00","286614.04","SABD0000000001","AAV1.0.0.11","1.1.2.0","PSt7-10","170328-006","1/4/2020 10:31:52","0000-00","0","no battery","V"
"11/02/2020","11:48:36","1","default","640513929","OXY_CH1","34.225","min","157.917","µmol/L","Humid","23.337","deg","43845","µV","27.139","°C","1018.000","hPa","35.3","pmil","0","55.520","deg","20.000","°C","100.000","%a.s.","21.750","deg","20.000","°C","977.000","hPa","0.861","-0.02617","0.00035","0","0","13.56","Humid","24.85","0","70.00","286604.82","SABD0000000001","AAV1.0.0.11","1.1.2.0","PSt7-10","170328-006","1/4/2020 10:31:52","0000-00","0","no battery","V"
"11/02/2020","11:48:37","1","default","640513929","OXY_CH1","34.242","min","158.036","µmol/L","Humid","23.331","deg","43848","µV","27.130","°C","1018.000","hPa","35.3","pmil","0","55.520","deg","20.000","°C","100.000","%a.s.","21.750","deg","20.000","°C","977.000","hPa","0.861","-0.02617","0.00035","0","0","13.56","Humid","24.85","0","70.00","286616.05","SABD0000000001","AAV1.0.0.11","1.1.2.0","PSt7-10","170328-006","1/4/2020 10:31:52","0000-00","0","no battery","V"
"11/02/2020","11:48:38","1","default","640513929","OXY_CH1","34.259","min","157.902","µmol/L","Humid","23.343","deg","43849","µV","27.125","°C","1018.000","hPa","35.3","pmil","0","55.520","deg","20.000","°C","100.000","%a.s.","21.750","deg","20.000","°C","977.000","hPa","0.861","-0.02617","0.00035","0","0","13.56","Humid","24.85","0","70.00","286612.12","SABD0000000001","AAV1.0.0.11","1.1.2.0","PSt7-10","170328-006","1/4/2020 10:31:52","0000-00","0","no battery","V"
"11/02/2020","11:48:39","1","default","640513929","OXY_CH1","34.276","min","157.824","µmol/L","Humid","23.344","deg","43848","µV","27.138","°C","1018.000","hPa","35.3","pmil","0","55.520","deg","20.000","°C","100.000","%a.s.","21.750","deg","20.000","°C","977.000","hPa","0.861","-0.02617","0.00035","0","0","13.56","Humid","24.85","0","70.00","286626.20","SABD0000000001","AAV1.0.0.11","1.1.2.0","PSt7-10","170328-006","1/4/2020 10:31:52","0000-00","0","no battery","V"
"11/02/2020","11:48:40","1","default","640513929","OXY_CH1","34.292","min","158.004","µmol/L","Humid","23.339","deg","43847","µV","27.114","°C","1018.000","hPa","35.3","pmil","0","55.520","deg","20.000","°C","100.000","%a.s.","21.750","deg","20.000","°C","977.000","hPa","0.861","-0.02617","0.00035","0","0","13.56","Humid","24.85","0","70.00","286613.90","SABD0000000001","AAV1.0.0.11","1.1.2.0","PSt7-10","170328-006","1/4/2020 10:31:52","0000-00","0","no battery","V"
"11/02/2020","11:48:41","1","default","640513929","OXY_CH1","34.309","min","157.905","µmol/L","Humid","23.339","deg","43851","µV","27.135","°C","1018.000","hPa","35.3","pmil","0","55.520","deg","20.000","°C","100.000","%a.s.","21.750","deg","20.000","°C","977.000","hPa","0.861","-0.02617","0.00035","0","0","13.56","Humid","24.85","0","70.00","286598.65","SABD0000000001","AAV1.0.0.11","1.1.2.0","PSt7-10","170328-006","1/4/2020 10:31:52","0000-00","0","no battery","V"
"11/02/2020","11:48:42","1","default","640513929","OXY_CH1","34.325","min","157.759","µmol/L","Humid","23.351","deg","43851","µV","27.132","°C","1018.000","hPa","35.3","pmil","0","55.520","deg","20.000","°C","100.000","%a.s.","21.750","deg","20.000","°C","977.000","hPa","0.861","-0.02617","0.00035","0","0","13.56","Humid","24.85","0","70.00","286619.23","SABD0000000001","AAV1.0.0.11","1.1.2.0","PSt7-10","170328-006","1/4/2020 10:31:52","0000-00","0","no battery","V"
"11/02/2020","11:48:43","1","default","640513929","OXY_CH1","34.342","min","157.942","µmol/L","Humid","23.339","deg","43856","µV","27.127","°C","1018.000","hPa","35.3","pmil","0","55.520","deg","20.000","°C","100.000","%a.s.","21.750","deg","20.000","°C","977.000","hPa","0.861","-0.02617","0.00035","0","0","13.56","Humid","24.85","0","70.00","286612.28","SABD0000000001","AAV1.0.0.11","1.1.2.0","PSt7-10","170328-006","1/4/2020 10:31:52","0000-00","0","no battery","V"
"11/02/2020","11:48:44","1","default","640513929","OXY_CH1","34.359","min","157.740","µmol/L","Humid","23.353","deg","43846","µV","27.131","°C","1018.000","hPa","35.3","pmil","0","55.520","deg","20.000","°C","100.000","%a.s.","21.750","deg","20.000","°C","977.000","hPa","0.861","-0.02617","0.00035","0","0","13.56","Humid","24.85","0","70.00","286614.80","SABD0000000001","AAV1.0.0.11","1.1.2.0","PSt7-10","170328-006","1/4/2020 10:31:52","0000-00","0","no battery","V"
"11/02/2020","11:48:45","1","default","640513929","OXY_CH1","34.375","min","157.795","µmol/L","Humid","23.350","deg","43851","µV","27.127","°C","1018.000","hPa","35.3","pmil","0","55.520","deg","20.000","°C","100.000","%a.s.","21.750","deg","20.000","°C","977.000","hPa","0.861","-0.02617","0.00035","0","0","13.56","Humid","24.85","0","70.00","286618.37","SABD0000000001","AAV1.0.0.11","1.1.2.0","PSt7-10","170328-006","1/4/2020 10:31:52","0000-00","0","no battery","V"
"11/02/2020","11:48:46","1","default","640513929","OXY_CH1","34.392","min","157.816","µmol/L","Humid","23.348","deg","43848","µV","27.129","°C","1018.000","hPa","35.3","pmil","0","55.520","deg","20.000","°C","100.000","%a.s.","21.750","deg","20.000","°C","977.000","hPa","0.861","-0.02617","0.00035","0","0","13.56","Humid","24.85","0","70.00","286612.06","SABD0000000001","AAV1.0.0.11","1.1.2.0","PSt7-10","170328-006","1/4/2020 10:31:52","0000-00","0","no battery","V"
"11/02/2020","11:48:47","1","default","640513929","OXY_CH1","34.409","min","157.813","µmol/L","Humid","23.346","deg","43850","µV","27.135","°C","1018.000","hPa","35.3","pmil","0","55.520","deg","20.000","°C","100.000","%a.s.","21.750","deg","20.000","°C","977.000","hPa","0.861","-0.02617","0.00035","0","0","13.56","Humid","24.85","0","70.00","286627.82","SABD0000000001","AAV1.0.0.11","1.1.2.0","PSt7-10","170328-006","1/4/2020 10:31:52","0000-00","0","no battery","V"
"11/02/2020","11:48:48","1","default","640513929","OXY_CH1","34.426","min","157.806","µmol/L","Humid","23.346","deg","43853","µV","27.137","°C","1018.000","hPa","35.3","pmil","0","55.520","deg","20.000","°C","100.000","%a.s.","21.750","deg","20.000","°C","977.000","hPa","0.861","-0.02617","0.00035","0","0","13.56","Humid","24.85","0","70.00","286620.93","SABD0000000001","AAV1.0.0.11","1.1.2.0","PSt7-10","170328-006","1/4/2020 10:31:52","0000-00","0","no battery","V"
"11/02/2020","11:48:49","1","default","640513929","OXY_CH1","34.442","min","157.867","µmol/L","Humid","23.343","deg","43853","µV","27.132","°C","1018.000","hPa","35.3","pmil","0","55.520","deg","20.000","°C","100.000","%a.s.","21.750","deg","20.000","°C","977.000","hPa","0.861","-0.02617","0.00035","0","0","13.56","Humid","24.85","0","70.00","286622.75","SABD0000000001","AAV1.0.0.11","1.1.2.0","PSt7-10","170328-006","1/4/2020 10:31:52","0000-00","0","no battery","V"
"11/02/2020","11:48:50","1","default","640513929","OXY_CH1","34.459","min","157.894","µmol/L","Humid","23.346","deg","43859","µV","27.118","°C","1018.000","hPa","35.3","pmil","0","55.520","deg","20.000","°C","100.000","%a.s.","21.750","deg","20.000","°C","977.000","hPa","0.861","-0.02617","0.00035","0","0","13.56","Humid","24.85","0","70.00","286619.71","SABD0000000001","AAV1.0.0.11","1.1.2.0","PSt7-10","170328-006","1/4/2020 10:31:52","0000-00","0","no battery","V"
"11/02/2020","11:48:51","1","default","640513929","OXY_CH1","34.475","min","157.828","µmol/L","Humid","23.350","deg","43859","µV","27.121","°C","1018.000","hPa","35.3","pmil","0","55.520","deg","20.000","°C","100.000","%a.s.","21.750","deg","20.000","°C","977.000","hPa","0.861","-0.02617","0.00035","0","0","13.56","Humid","24.85","0","70.00","286616.42","SABD0000000001","AAV1.0.0.11","1.1.2.0","PSt7-10","170328-006","1/4/2020 10:31:52","0000-00","0","no battery","V"
"11/02/2020","11:48:52","1","default","640513929","OXY_CH1","34.492","min","157.902","µmol/L","Humid","23.343","deg","43866","µV","27.125","°C","1018.000","hPa","35.3","pmil","0","55.520","deg","20.000","°C","100.000","%a.s.","21.750","deg","20.000","°C","977.000","hPa","0.861","-0.02617","0.00035","0","0","13.56","Humid","24.85","0","70.00","286619.66","SABD0000000001","AAV1.0.0.11","1.1.2.0","PSt7-10","170328-006","1/4/2020 10:31:52","0000-00","0","no battery","V"
"11/02/2020","11:48:53","1","default","640513929","OXY_CH1","34.508","min","157.758","µmol/L","Humid","23.351","deg","43863","µV","27.133","°C","1018.000","hPa","35.3","pmil","0","55.520","deg","20.000","°C","100.000","%a.s.","21.750","deg","20.000","°C","977.000","hPa","0.861","-0.02617","0.00035","0","0","13.56","Humid","24.85","0","70.00","286609.56","SABD0000000001","AAV1.0.0.11","1.1.2.0","PSt7-10","170328-006","1/4/2020 10:31:52","0000-00","0","no battery","V"
"11/02/2020","11:48:54","1","default","640513929","OXY_CH1","34.525","min","157.741","µmol/L","Humid","23.354","deg","43862","µV","27.128","°C","1018.000","hPa","35.3","pmil","0","55.520","deg","20.000","°C","100.000","%a.s.","21.750","deg","20.000","°C","977.000","hPa","0.861","-0.02617","0.00035","0","0","13.56","Humid","24.85","0","70.00","286617.27","SABD0000000001","AAV1.0.0.11","1.1.2.0","PSt7-10","170328-006","1/4/2020 10:31:52","0000-00","0","no battery","V"
"11/02/2020","11:48:55","1","default","640513929","OXY_CH1","34.542","min","157.800","µmol/L","Humid","23.350","deg","43868","µV","27.126","°C","1018.000","hPa","35.3","pmil","0","55.520","deg","20.000","°C","100.000","%a.s.","21.750","deg","20.000","°C","977.000","hPa","0.861","-0.02617","0.00035","0","0","13.56","Humid","24.85","0","70.00","286618.51","SABD0000000001","AAV1.0.0.11","1.1.2.0","PSt7-10","170328-006","1/4/2020 10:31:52","0000-00","0","no battery","V"
"11/02/2020","11:48:56","1","default","640513929","OXY_CH1","34.559","min","157.834","µmol/L","Humid","23.348","deg","43872","µV","27.125","°C","1018.000","hPa","35.3","pmil","0","55.520","deg","20.000","°C","100.000","%a.s.","21.750","deg","20.000","°C","977.000","hPa","0.861","-0.02617","0.00035","0","0","13.56","Humid","24.85","0","70.00","286613.43","SABD0000000001","AAV1.0.0.11","1.1.2.0","PSt7-10","170328-006","1/4/2020 10:31:52","0000-00","0","no battery","V"
"11/02/2020","11:48:57","1","default","640513929","OXY_CH1","34.575","min","157.837","µmol/L","Humid","23.352","deg","43877","µV","27.113","°C","1018.000","hPa","35.3","pmil","0","55.520","deg","20.000","°C","100.000","%a.s.","21.750","deg","20.000","°C","977.000","hPa","0.861","-0.02617","0.00035","0","0","13.56","Humid","24.85","0","70.00","286603.44","SABD0000000001","AAV1.0.0.11","1.1.2.0","PSt7-10","170328-006","1/4/2020 10:31:52","0000-00","0","no battery","V"
"11/02/2020","11:48:58","1","default","640513929","OXY_CH1","34.592","min","157.870","µmol/L","Humid","23.348","deg","43872","µV","27.117","°C","1018.000","hPa","35.3","pmil","0","55.520","deg","20.000","°C","100.000","%a.s.","21.750","deg","20.000","°C","977.000","hPa","0.861","-0.02617","0.00035","0","0","13.56","Humid","24.85","0","70.00","286611.91","SABD0000000001","AAV1.0.0.11","1.1.2.0","PSt7-10","170328-006","1/4/2020 10:31:52","0000-00","0","no battery","V"
"11/02/2020","11:48:59","1","default","640513929","OXY_CH1","34.609","min","157.738","µmol/L","Humid","23.359","deg","43878","µV","27.114","°C","1018.000","hPa","35.3","pmil","0","55.520","deg","20.000","°C","100.000","%a.s.","21.750","deg","20.000","°C","977.000","hPa","0.861","-0.02617","0.00035","0","0","13.56","Humid","24.85","0","70.00","286606.19","SABD0000000001","AAV1.0.0.11","1.1.2.0","PSt7-10","170328-006","1/4/2020 10:31:52","0000-00","0","no battery","V"
"11/02/2020","11:49:00","1","default","640513929","OXY_CH1","34.626","min","157.820","µmol/L","Humid","23.345","deg","43882","µV","27.136","°C","1018.000","hPa","35.3","pmil","0","55.520","deg","20.000","°C","100.000","%a.s.","21.750","deg","20.000","°C","977.000","hPa","0.861","-0.02617","0.00035","0","0","13.56","Humid","24.85","0","70.00","286593.00","SABD0000000001","AAV1.0.0.11","1.1.2.0","PSt7-10","170328-006","1/4/2020 10:31:52","0000-00","0","no battery","V"
"11/02/2020","11:49:01","1","default","640513929","OXY_CH1","34.642","min","157.700","µmol/L","Humid","23.356","deg","43875","µV","27.131","°C","1018.000","hPa","35.3","pmil","0","55.520","deg","20.000","°C","100.000","%a.s.","21.750","deg","20.000","°C","977.000","hPa","0.861","-0.02617","0.00035","0","0","13.56","Humid","24.85","0","70.00","286607.97","SABD0000000001","AAV1.0.0.11","1.1.2.0","PSt7-10","170328-006","1/4/2020 10:31:52","0000-00","0","no battery","V"
"11/02/2020","11:49:02","1","default","640513929","OXY_CH1","34.659","min","157.643","µmol/L","Humid","23.356","deg","43879","µV","27.143","°C","1018.000","hPa","35.3","pmil","0","55.520","deg","20.000","°C","100.000","%a.s.","21.750","deg","20.000","°C","977.000","hPa","0.861","-0.02617","0.00035","0","0","13.56","Humid","24.85","0","70.00","286607.12","SABD0000000001","AAV1.0.0.11","1.1.2.0","PSt7-10","170328-006","1/4/2020 10:31:52","0000-00","0","no battery","V"
"11/02/2020","11:51:10","1","default","640513929","OXY_CH1","36.786","min","157.092","µmol/L","Humid","23.420","deg","44133","µV","27.079","°C","1018.000","hPa","35.3","pmil","0","55.520","deg","20.000","°C","100.000","%a.s.","21.750","deg","20.000","°C","977.000","hPa","0.861","-0.02617","0.00035","0","0","13.56","Humid","24.85","0","70.00","286877.73","SABD0000000001","AAV1.0.0.11","1.1.2.0","PSt7-10","170328-006","1/4/2020 10:31:52","0000-00","0","no battery","V"
"11/02/2020","11:51:11","1","default","640513929","OXY_CH1","36.809","min","157.120","µmol/L","Humid","23.417","deg","44123","µV","27.082","°C","1018.000","hPa","35.3","pmil","0","55.520","deg","20.000","°C","100.000","%a.s.","21.750","deg","20.000","°C","977.000","hPa","0.861","-0.02617","0.00035","0","0","13.56","Humid","24.85","0","70.00","286833.65","SABD0000000001","AAV1.0.0.11","1.1.2.0","PSt7-10","170328-006","1/4/2020 10:31:52","0000-00","0","no battery","V"
"11/02/2020","11:51:12","1","default","640513929","OXY_CH1","36.826","min","157.209","µmol/L","Humid","23.413","deg","44112","µV","27.074","°C","1018.000","hPa","35.3","pmil","0","55.520","deg","20.000","°C","100.000","%a.s.","21.750","deg","20.000","°C","977.000","hPa","0.861","-0.02617","0.00035","0","0","13.56","Humid","24.85","0","70.00","286805.63","SABD0000000001","AAV1.0.0.11","1.1.2.0","PSt7-10","170328-006","1/4/2020 10:31:52","0000-00","0","no battery","V"
"11/02/2020","11:51:13","1","default","640513929","OXY_CH1","36.842","min","157.249","µmol/L","Humid","23.412","deg","44114","µV","27.068","°C","1018.000","hPa","35.3","pmil","0","55.520","deg","20.000","°C","100.000","%a.s.","21.750","deg","20.000","°C","977.000","hPa","0.861","-0.02617","0.00035","0","0","13.56","Humid","24.85","0","70.00","286779.63","SABD0000000001","AAV1.0.0.11","1.1.2.0","PSt7-10","170328-006","1/4/2020 10:31:52","0000-00","0","no battery","V"
"11/02/2020","11:51:14","1","default","640513929","OXY_CH1","36.858","min","157.179","µmol/L","Humid","23.418","deg","44116","µV","27.066","°C","1018.000","hPa","35.3","pmil","0","55.520","deg","20.000","°C","100.000","%a.s.","21.750","deg","20.000","°C","977.000","hPa","0.861","-0.02617","0.00035","0","0","13.56","Humid","24.85","0","70.00","286778.48","SABD0000000001","AAV1.0.0.11","1.1.2.0","PSt7-10","170328-006","1/4/2020 10:31:52","0000-00","0","no battery","V"
"11/02/2020","11:51:15","1","default","640513929","OXY_CH1","36.875","min","157.050","µmol/L","Humid","23.422","deg","44108","µV","27.083","°C","1018.000","hPa","35.3","pmil","0","55.520","deg","20.000","°C","100.000","%a.s.","21.750","deg","20.000","°C","977.000","hPa","0.861","-0.02617","0.00035","0","0","13.56","Humid","24.85","0","70.00","286762.26","SABD0000000001","AAV1.0.0.11","1.1.2.0","PSt7-10","170328-006","1/4/2020 10:31:52","0000-00","0","no battery","V"
"11/02/2020","11:51:16","1","default","640513929","OXY_CH1","36.892","min","157.093","µmol/L","Humid","23.416","deg","44107","µV","27.090","°C","1018.000","hPa","35.3","pmil","0","55.520","deg","20.000","°C","100.000","%a.s.","21.750","deg","20.000","°C","977.000","hPa","0.861","-0.02617","0.00035","0","0","13.56","Humid","24.85","0","70.00","286765.85","SABD0000000001","AAV1.0.0.11","1.1.2.0","PSt7-10","170328-006","1/4/2020 10:31:52","0000-00","0","no battery","V"
"11/02/2020","11:51:17","1","default","640513929","OXY_CH1","36.909","min","157.070","µmol/L","Humid","23.424","deg","44109","µV","27.072","°C","1018.000","hPa","35.3","pmil","0","55.520","deg","20.000","°C","100.000","%a.s.","21.750","deg","20.000","°C","977.000","hPa","0.861","-0.02617","0.00035","0","0","13.56","Humid","24.85","0","70.00","286756.11","SABD0000000001","AAV1.0.0.11","1.1.2.0","PSt7-10","170328-006","1/4/2020 10:31:52","0000-00","0","no battery","V"
"11/02/2020","11:51:18","1","default","640513929","OXY_CH1","36.925","min","157.179","µmol/L","Humid","23.415","deg","44105","µV","27.075","°C","1018.000","hPa","35.3","pmil","0","55.520","deg","20.000","°C","100.000","%a.s.","21.750","deg","20.000","°C","977.000","hPa","0.861","-0.02617","0.00035","0","0","13.56","Humid","24.85","0","70.00","286748.55","SABD0000000001","AAV1.0.0.11","1.1.2.0","PSt7-10","170328-006","1/4/2020 10:31:52","0000-00","0","no battery","V"
"11/02/2020","11:51:19","1","default","640513929","OXY_CH1","36.942","min","157.047","µmol/L","Humid","23.421","deg","44115","µV","27.086","°C","1018.000","hPa","35.3","pmil","0","55.520","deg","20.000","°C","100.000","%a.s.","21.750","deg","20.000","°C","977.000","hPa","0.861","-0.02617","0.00035","0","0","13.56","Humid","24.85","0","70.00","286754.04","SABD0000000001","AAV1.0.0.11","1.1.2.0","PSt7-10","170328-006","1/4/2020 10:31:52","0000-00","0","no battery","V"
"11/02/2020","11:51:20","1","default","640513929","OXY_CH1","36.959","min","157.133","µmol/L","Humid","23.421","deg","44108","µV","27.067","°C","1018.000","hPa","35.3","pmil","0","55.520","deg","20.000","°C","100.000","%a.s.","21.750","deg","20.000","°C","977.000","hPa","0.861","-0.02617","0.00035","0","0","13.56","Humid","24.85","0","70.00","286746.33","SABD0000000001","AAV1.0.0.11","1.1.2.0","PSt7-10","170328-006","1/4/2020 10:31:52","0000-00","0","no battery","V"
"11/02/2020","11:51:21","1","default","640513929","OXY_CH1","36.976","min","157.000","µmol/L","Humid","23.427","deg","44106","µV","27.079","°C","1018.000","hPa","35.3","pmil","0","55.520","deg","20.000","°C","100.000","%a.s.","21.750","deg","20.000","°C","977.000","hPa","0.861","-0.02617","0.00035","0","0","13.56","Humid","24.85","0","70.00","286755.23","SABD0000000001","AAV1.0.0.11","1.1.2.0","PSt7-10","170328-006","1/4/2020 10:31:52","0000-00","0","no battery","V"
"11/02/2020","11:51:22","1","default","640513929","OXY_CH1","36.992","min","157.094","µmol/L","Humid","23.424","deg","44109","µV","27.067","°C","1018.000","hPa","35.3","pmil","0","55.520","deg","20.000","°C","100.000","%a.s.","21.750","deg","20.000","°C","977.000","hPa","0.861","-0.02617","0.00035","0","0","13.56","Humid","24.85","0","70.00","286748.43","SABD0000000001","AAV1.0.0.11","1.1.2.0","PSt7-10","170328-006","1/4/2020 10:31:52","0000-00","0","no battery","V"
"11/02/2020","11:51:23","1","default","640513929","OXY_CH1","37.009","min","157.112","µmol/L","Humid","23.423","deg","44110","µV","27.066","°C","1018.000","hPa","35.3","pmil","0","55.520","deg","20.000","°C","100.000","%a.s.","21.750","deg","20.000","°C","977.000","hPa","0.861","-0.02617","0.00035","0","0","13.56","Humid","24.85","0","70.00","286753.64","SABD0000000001","AAV1.0.0.11","1.1.2.0","PSt7-10","170328-006","1/4/2020 10:31:52","0000-00","0","no battery","V"
"11/02/2020","11:51:24","1","default","640513929","OXY_CH1","37.026","min","157.087","µmol/L","Humid","23.428","deg","44111","µV","27.057","°C","1018.000","hPa","35.3","pmil","0","55.520","deg","20.000","°C","100.000","%a.s.","21.750","deg","20.000","°C","977.000","hPa","0.861","-0.02617","0.00035","0","0","13.56","Humid","24.85","0","70.00","286752.30","SABD0000000001","AAV1.0.0.11","1.1.2.0","PSt7-10","170328-006","1/4/2020 10:31:52","0000-00","0","no battery","V"
"11/02/2020","11:51:25","1","default","640513929","OXY_CH1","37.042","min","157.050","µmol/L","Humid","23.423","deg","44113","µV","27.080","°C","1018.000","hPa","35.3","pmil","0","55.520","deg","20.000","°C","100.000","%a.s.","21.750","deg","20.000","°C","977.000","hPa","0.861","-0.02617","0.00035","0","0","13.56","Humid","24.85","0","70.00","286755.66","SABD0000000001","AAV1.0.0.11","1.1.2.0","PSt7-10","170328-006","1/4/2020 10:31:52","0000-00","0","no battery","V"
"11/02/2020","11:51:26","1","default","640513929","OXY_CH1","37.059","min","157.071","µmol/L","Humid","23.425","deg","44109","µV","27.069","°C","1018.000","hPa","35.3","pmil","0","55.520","deg","20.000","°C","100.000","%a.s.","21.750","deg","20.000","°C","977.000","hPa","0.861","-0.02617","0.00035","0","0","13.56","Humid","24.85","0","70.00","286750.24","SABD0000000001","AAV1.0.0.11","1.1.2.0","PSt7-10","170328-006","1/4/2020 10:31:52","0000-00","0","no battery","V"
"11/02/2020","11:51:27","1","default","640513929","OXY_CH1","37.076","min","157.027","µmol/L","Humid","23.427","deg","44115","µV","27.073","°C","1018.000","hPa","35.3","pmil","0","55.520","deg","20.000","°C","100.000","%a.s.","21.750","deg","20.000","°C","977.000","hPa","0.861","-0.02617","0.00035","0","0","13.56","Humid","24.85","0","70.00","286751.06","SABD0000000001","AAV1.0.0.11","1.1.2.0","PSt7-10","170328-006","1/4/2020 10:31:52","0000-00","0","no battery","V"
"11/02/2020","11:51:28","1","default","640513929","OXY_CH1","37.092","min","156.959","µmol/L","Humid","23.432","deg","44112","µV","27.074","°C","1018.000","hPa","35.3","pmil","0","55.520","deg","20.000","°C","100.000","%a.s.","21.750","deg","20.000","°C","977.000","hPa","0.861","-0.02617","0.00035","0","0","13.56","Humid","24.85","0","70.00","286760.76","SABD0000000001","AAV1.0.0.11","1.1.2.0","PSt7-10","170328-006","1/4/2020 10:31:52","0000-00","0","no battery","V"
"11/02/2020","11:51:29","1","default","640513929","OXY_CH1","37.109","min","156.934","µmol/L","Humid","23.434","deg","44121","µV","27.073","°C","1018.000","hPa","35.3","pmil","0","55.520","deg","20.000","°C","100.000","%a.s.","21.750","deg","20.000","°C","977.000","hPa","0.861","-0.02617","0.00035","0","0","13.56","Humid","24.85","0","70.00","286759.48","SABD0000000001","AAV1.0.0.11","1.1.2.0","PSt7-10","170328-006","1/4/2020 10:31:52","0000-00","0","no battery","V"
"11/02/2020","11:51:30","1","default","640513929","OXY_CH1","37.126","min","157.024","µmol/L","Humid","23.427","deg","44119","µV","27.074","°C","1018.000","hPa","35.3","pmil","0","55.520","deg","20.000","°C","100.000","%a.s.","21.750","deg","20.000","°C","977.000","hPa","0.861","-0.02617","0.00035","0","0","13.56","Humid","24.85","0","70.00","286758.11","SABD0000000001","AAV1.0.0.11","1.1.2.0","PSt7-10","170328-006","1/4/2020 10:31:52","0000-00","0","no battery","V"
"11/02/2020","11:51:31","1","default","640513929","OXY_CH1","37.142","min","157.013","µmol/L","Humid","23.430","deg","44116","µV","27.068","°C","1018.000","hPa","35.3","pmil","0","55.520","deg","20.000","°C","100.000","%a.s.","21.750","deg","20.000","°C","977.000","hPa","0.861","-0.02617","0.00035","0","0","13.56","Humid","24.85","0","70.00","286759.42","SABD0000000001","AAV1.0.0.11","1.1.2.0","PSt7-10","170328-006","1/4/2020 10:31:52","0000-00","0","no battery","V"
"11/02/2020","11:51:32","1","default","640513929","OXY_CH1","37.159","min","157.087","µmol/L","Humid","23.429","deg","44111","µV","27.054","°C","1018.000","hPa","35.3","pmil","0","55.520","deg","20.000","°C","100.000","%a.s.","21.750","deg","20.000","°C","977.000","hPa","0.861","-0.02617","0.00035","0","0","13.56","Humid","24.85","0","70.00","286755.73","SABD0000000001","AAV1.0.0.11","1.1.2.0","PSt7-10","170328-006","1/4/2020 10:31:52","0000-00","0","no battery","V"
"11/02/2020","11:51:33","1","default","640513929","OXY_CH1","37.176","min","157.102","µmol/L","Humid","23.424","deg","44113","µV","27.065","°C","1018.000","hPa","35.3","pmil","0","55.520","deg","20.000","°C","100.000","%a.s.","21.750","deg","20.000","°C","977.000","hPa","0.861","-0.02617","0.00035","0","0","13.56","Humid","24.85","0","70.00","286747.99","SABD0000000001","AAV1.0.0.11","1.1.2.0","PSt7-10","170328-006","1/4/2020 10:31:52","0000-00","0","no battery","V"
"11/02/2020","11:51:34","1","default","640513929","OXY_CH1","37.192","min","156.920","µmol/L","Humid","23.434","deg","44113","µV","27.076","°C","1018.000","hPa","35.3","pmil","0","55.520","deg","20.000","°C","100.000","%a.s.","21.750","deg","20.000","°C","977.000","hPa","0.861","-0.02617","0.00035","0","0","13.56","Humid","24.85","0","70.00","286759.54","SABD0000000001","AAV1.0.0.11","1.1.2.0","PSt7-10","170328-006","1/4/2020 10:31:52","0000-00","0","no battery","V"
"11/02/2020","11:51:35","1","default","640513929","OXY_CH1","37.208","min","157.009","µmol/L","Humid","23.428","deg","44114","µV","27.074","°C","1018.000","hPa","35.3","pmil","0","55.520","deg","20.000","°C","100.000","%a.s.","21.750","deg","20.000","°C","977.000","hPa","0.861","-0.02617","0.00035","0","0","13.56","Humid","24.85","0","70.00","286741.52","SABD0000000001","AAV1.0.0.11","1.1.2.0","PSt7-10","170328-006","1/4/2020 10:31:52","0000-00","0","no battery","V"
"11/02/2020","11:51:36","1","default","640513929","OXY_CH1","37.225","min","157.020","µmol/L","Humid","23.426","deg","44118","µV","27.077","°C","1018.000","hPa","35.3","pmil","0","55.520","deg","20.000","°C","100.000","%a.s.","21.750","deg","20.000","°C","977.000","hPa","0.861","-0.02617","0.00035","0","0","13.56","Humid","24.85","0","70.00","286761.08","SABD0000000001","AAV1.0.0.11","1.1.2.0","PSt7-10","170328-006","1/4/2020 10:31:52","0000-00","0","no battery","V"
"11/02/2020","11:51:37","1","default","640513929","OXY_CH1","37.242","min","156.992","µmol/L","Humid","23.430","deg","44116","µV","27.072","°C","1018.000","hPa","35.3","pmil","0","55.520","deg","20.000","°C","100.000","%a.s.","21.750","deg","20.000","°C","977.000","hPa","0.861","-0.02617","0.00035","0","0","13.56","Humid","24.85","0","70.00","286741.82","SABD0000000001","AAV1.0.0.11","1.1.2.0","PSt7-10","170328-006","1/4/2020 10:31:52","0000-00","0","no battery","V"
"11/02/2020","11:51:38","1","default","640513929","OXY_CH1","37.258","min","156.942","µmol/L","Humid","23.432","deg","44112","µV","27.077","°C","1018.000","hPa","35.3","pmil","0","55.520","deg","20.000","°C","100.000","%a.s.","21.750","deg","20.000","°C","977.000","hPa","0.861","-0.02617","0.00035","0","0","13.56","Humid","24.85","0","70.00","286745.92","SABD0000000001","AAV1.0.0.11","1.1.2.0","PSt7-10","170328-006","1/4/2020 10:31:52","0000-00","0","no battery","V"
"11/02/2020","11:51:39","1","default","640513929","OXY_CH1","37.275","min","157.012","µmol/L","Humid","23.428","deg","44113","µV","27.073","°C","1018.000","hPa","35.3","pmil","0","55.520","deg","20.000","°C","100.000","%a.s.","21.750","deg","20.000","°C","977.000","hPa","0.861","-0.02617","0.00035","0","0","13.56","Humid","24.85","0","70.00","286739.23","SABD0000000001","AAV1.0.0.11","1.1.2.0","PSt7-10","170328-006","1/4/2020 10:31:52","0000-00","0","no battery","V"
"11/02/2020","11:51:40","1","default","640513929","OXY_CH1","37.292","min","156.975","µmol/L","Humid","23.431","deg","44112","µV","27.073","°C","1018.000","hPa","35.3","pmil","0","55.520","deg","20.000","°C","100.000","%a.s.","21.750","deg","20.000","°C","977.000","hPa","0.861","-0.02617","0.00035","0","0","13.56","Humid","24.85","0","70.00","286750.68","SABD0000000001","AAV1.0.0.11","1.1.2.0","PSt7-10","170328-006","1/4/2020 10:31:52","0000-00","0","no battery","V"
"11/02/2020","11:51:41","1","default","640513929","OXY_CH1","37.309","min","157.027","µmol/L","Humid","23.430","deg","44117","µV","27.065","°C","1018.000","hPa","35.3","pmil","0","55.520","deg","20.000","°C","100.000","%a.s.","21.750","deg","20.000","°C","977.000","hPa","0.861","-0.02617","0.00035","0","0","13.56","Humid","24.85","0","70.00","286748.34","SABD0000000001","AAV1.0.0.11","1.1.2.0","PSt7-10","170328-006","1/4/2020 10:31:52","0000-00","0","no battery","V"
"11/02/2020","11:51:42","1","default","640513929","OXY_CH1","37.326","min","157.004","µmol/L","Humid","23.431","deg","44116","µV","27.067","°C","1018.000","hPa","35.3","pmil","0","55.520","deg","20.000","°C","100.000","%a.s.","21.750","deg","20.000","°C","977.000","hPa","0.861","-0.02617","0.00035","0","0","13.56","Humid","24.85","0","70.00","286755.82","SABD0000000001","AAV1.0.0.11","1.1.2.0","PSt7-10","170328-006","1/4/2020 10:31:52","0000-00","0","no battery","V"
"11/02/2020","11:51:43","1","default","640513929","OXY_CH1","37.342","min","156.976","µmol/L","Humid","23.434","deg","44109","µV","27.064","°C","1018.000","hPa","35.3","pmil","0","55.520","deg","20.000","°C","100.000","%a.s.","21.750","deg","20.000","°C","977.000","hPa","0.861","-0.02617","0.00035","0","0","13.56","Humid","24.85","0","70.00","286748.25","SABD0000000001","AAV1.0.0.11","1.1.2.0","PSt7-10","170328-006","1/4/2020 10:31:52","0000-00","0","no battery","V"
"11/02/2020","11:51:44","1","default","640513929","OXY_CH1","37.359","min","157.028","µmol/L","Humid","23.429","deg","44103","µV","27.067","°C","1018.000","hPa","35.3","pmil","0","55.520","deg","20.000","°C","100.000","%a.s.","21.750","deg","20.000","°C","977.000","hPa","0.861","-0.02617","0.00035","0","0","13.56","Humid","24.85","0","70.00","286735.22","SABD0000000001","AAV1.0.0.11","1.1.2.0","PSt7-10","170328-006","1/4/2020 10:31:52","0000-00","0","no battery","V"
"11/02/2020","11:51:45","1","default","640513929","OXY_CH1","37.375","min","157.060","µmol/L","Humid","23.429","deg","44107","µV","27.060","°C","1018.000","hPa","35.3","pmil","0","55.520","deg","20.000","°C","100.000","%a.s.","21.750","deg","20.000","°C","977.000","hPa","0.861","-0.02617","0.00035","0","0","13.56","Humid","24.85","0","70.00","286744.53","SABD0000000001","AAV1.0.0.11","1.1.2.0","PSt7-10","170328-006","1/4/2020 10:31:52","0000-00","0","no battery","V"
"11/02/2020","11:51:46","1","default","640513929","OXY_CH1","37.392","min","157.012","µmol/L","Humid","23.432","deg","44105","µV","27.062","°C","1018.000","hPa","35.3","pmil","0","55.520","deg","20.000","°C","100.000","%a.s.","21.750","deg","20.000","°C","977.000","hPa","0.861","-0.02617","0.00035","0","0","13.56","Humid","24.85","0","70.00","286750.14","SABD0000000001","AAV1.0.0.11","1.1.2.0","PSt7-10","170328-006","1/4/2020 10:31:52","0000-00","0","no battery","V"
"11/02/2020","11:51:47","1","default","640513929","OXY_CH1","37.408","min","156.913","µmol/L","Humid","23.437","deg","44105","µV","27.069","°C","1018.000","hPa","35.3","pmil","0","55.520","deg","20.000","°C","100.000","%a.s.","21.750","deg","20.000","°C","977.000","hPa","0.861","-0.02617","0.00035","0","0","13.56","Humid","24.85","0","70.00","286732.00","SABD0000000001","AAV1.0.0.11","1.1.2.0","PSt7-10","170328-006","1/4/2020 10:31:52","0000-00","0","no battery","V"
"11/02/2020","11:51:48","1","default","640513929","OXY_CH1","37.425","min","156.942","µmol/L","Humid","23.437","deg","44106","µV","27.063","°C","1018.000","hPa","35.3","pmil","0","55.520","deg","20.000","°C","100.000","%a.s.","21.750","deg","20.000","°C","977.000","hPa","0.861","-0.02617","0.00035","0","0","13.56","Humid","24.85","0","70.00","286735.97","SABD0000000001","AAV1.0.0.11","1.1.2.0","PSt7-10","170328-006","1/4/2020 10:31:52","0000-00","0","no battery","V"
"11/02/2020","11:51:49","1","default","640513929","OXY_CH1","37.442","min","156.940","µmol/L","Humid","23.440","deg","44103","µV","27.055","°C","1018.000","hPa","35.3","pmil","0","55.520","deg","20.000","°C","100.000","%a.s.","21.750","deg","20.000","°C","977.000","hPa","0.861","-0.02617","0.00035","0","0","13.56","Humid","24.85","0","70.00","286732.58","SABD0000000001","AAV1.0.0.11","1.1.2.0","PSt7-10","170328-006","1/4/2020 10:31:52","0000-00","0","no battery","V"
"11/02/2020","11:51:50","1","default","640513929","OXY_CH1","37.459","min","156.932","µmol/L","Humid","23.437","deg","44101","µV","27.065","°C","1018.000","hPa","35.3","pmil","0","55.520","deg","20.000","°C","100.000","%a.s.","21.750","deg","20.000","°C","977.000","hPa","0.861","-0.02617","0.00035","0","0","13.56","Humid","24.85","0","70.00","286732.67","SABD0000000001","AAV1.0.0.11","1.1.2.0","PSt7-10","170328-006","1/4/2020 10:31:52","0000-00","0","no battery","V"
"11/02/2020","11:51:51","1","default","640513929","OXY_CH1","37.475","min","156.960","µmol/L","Humid","23.439","deg","44104","µV","27.053","°C","1018.000","hPa","35.3","pmil","0","55.520","deg","20.000","°C","100.000","%a.s.","21.750","deg","20.000","°C","977.000","hPa","0.861","-0.02617","0.00035","0","0","13.56","Humid","24.85","0","70.00","286739.46","SABD0000000001","AAV1.0.0.11","1.1.2.0","PSt7-10","170328-006","1/4/2020 10:31:52","0000-00","0","no battery","V"
"11/02/2020","11:51:52","1","default","640513929","OXY_CH1","37.492","min","156.879","µmol/L","Humid","23.446","deg","44104","µV","27.051","°C","1018.000","hPa","35.3","pmil","0","55.520","deg","20.000","°C","100.000","%a.s.","21.750","deg","20.000","°C","977.000","hPa","0.861","-0.02617","0.00035","0","0","13.56","Humid","24.85","0","70.00","286728.04","SABD0000000001","AAV1.0.0.11","1.1.2.0","PSt7-10","170328-006","1/4/2020 10:31:52","0000-00","0","no battery","V"
"11/02/2020","11:51:53","1","default","640513929","OXY_CH1","37.509","min","156.850","µmol/L","Humid","23.438","deg","44109","µV","27.080","°C","1018.000","hPa","35.3","pmil","0","55.520","deg","20.000","°C","100.000","%a.s.","21.750","deg","20.000","°C","977.000","hPa","0.861","-0.02617","0.00035","0","0","13.56","Humid","24.85","0","70.00","286733.22","SABD0000000001","AAV1.0.0.11","1.1.2.0","PSt7-10","170328-006","1/4/2020 10:31:52","0000-00","0","no battery","V"
"11/02/2020","11:51:54","1","default","640513929","OXY_CH1","37.526","min","156.845","µmol/L","Humid","23.442","deg","44106","µV","27.070","°C","1018.000","hPa","35.3","pmil","0","55.520","deg","20.000","°C","100.000","%a.s.","21.750","deg","20.000","°C","977.000","hPa","0.861","-0.02617","0.00035","0","0","13.56","Humid","24.85","0","70.00","286736.74","SABD0000000001","AAV1.0.0.11","1.1.2.0","PSt7-10","170328-006","1/4/2020 10:31:52","0000-00","0","no battery","V"
"11/02/2020","11:51:55","1","default","640513929","OXY_CH1","37.542","min","156.876","µmol/L","Humid","23.440","deg","44105","µV","27.069","°C","1018.000","hPa","35.3","pmil","0","55.520","deg","20.000","°C","100.000","%a.s.","21.750","deg","20.000","°C","977.000","hPa","0.861","-0.02617","0.00035","0","0","13.56","Humid","24.85","0","70.00","286726.88","SABD0000000001","AAV1.0.0.11","1.1.2.0","PSt7-10","170328-006","1/4/2020 10:31:52","0000-00","0","no battery","V"
"11/02/2020","11:51:56","1","default","640513929","OXY_CH1","37.558","min","156.913","µmol/L","Humid","23.439","deg","44101","µV","27.064","°C","1018.000","hPa","35.3","pmil","0","55.520","deg","20.000","°C","100.000","%a.s.","21.750","deg","20.000","°C","977.000","hPa","0.861","-0.02617","0.00035","0","0","13.56","Humid","24.85","0","70.00","286719.42","SABD0000000001","AAV1.0.0.11","1.1.2.0","PSt7-10","170328-006","1/4/2020 10:31:52","0000-00","0","no battery","V"
"11/02/2020","11:51:57","1","default","640513929","OXY_CH1","37.575","min","156.938","µmol/L","Humid","23.438","deg","44108","µV","27.061","°C","1018.000","hPa","35.3","pmil","0","55.520","deg","20.000","°C","100.000","%a.s.","21.750","deg","20.000","°C","977.000","hPa","0.861","-0.02617","0.00035","0","0","13.56","Humid","24.85","0","70.00","286735.53","SABD0000000001","AAV1.0.0.11","1.1.2.0","PSt7-10","170328-006","1/4/2020 10:31:52","0000-00","0","no battery","V"
"11/02/2020","11:51:58","1","default","640513929","OXY_CH1","37.592","min","156.820","µmol/L","Humid","23.447","deg","44110","µV","27.061","°C","1018.000","hPa","35.3","pmil","0","55.520","deg","20.000","°C","100.000","%a.s.","21.750","deg","20.000","°C","977.000","hPa","0.861","-0.02617","0.00035","0","0","13.56","Humid","24.85","0","70.00","286731.12","SABD0000000001","AAV1.0.0.11","1.1.2.0","PSt7-10","170328-006","1/4/2020 10:31:52","0000-00","0","no battery","V"
"11/02/2020","11:51:59","1","default","640513929","OXY_CH1","37.609","min","156.934","µmol/L","Humid","23.437","deg","44110","µV","27.065","°C","1018.000","hPa","35.3","pmil","0","55.520","deg","20.000","°C","100.000","%a.s.","21.750","deg","20.000","°C","977.000","hPa","0.861","-0.02617","0.00035","0","0","13.56","Humid","24.85","0","70.00","286731.94","SABD0000000001","AAV1.0.0.11","1.1.2.0","PSt7-10","170328-006","1/4/2020 10:31:52","0000-00","0","no battery","V"
"11/02/2020","11:52:00","1","default","640513929","OXY_CH1","37.625","min","156.984","µmol/L","Humid","23.441","deg","44113","µV","27.042","°C","1018.000","hPa","35.3","pmil","0","55.520","deg","20.000","°C","100.000","%a.s.","21.750","deg","20.000","°C","977.000","hPa","0.861","-0.02617","0.00035","0","0","13.56","Humid","24.85","0","70.00","286727.21","SABD0000000001","AAV1.0.0.11","1.1.2.0","PSt7-10","170328-006","1/4/2020 10:31:52","0000-00","0","no battery","V"
"11/02/2020","11:52:01","1","default","640513929","OXY_CH1","37.642","min","156.857","µmol/L","Humid","23.444","deg","44113","µV","27.061","°C","1018.000","hPa","35.3","pmil","0","55.520","deg","20.000","°C","100.000","%a.s.","21.750","deg","20.000","°C","977.000","hPa","0.861","-0.02617","0.00035","0","0","13.56","Humid","24.85","0","70.00","286729.79","SABD0000000001","AAV1.0.0.11","1.1.2.0","PSt7-10","170328-006","1/4/2020 10:31:52","0000-00","0","no battery","V"
"11/02/2020","11:52:02","1","default","640513929","OXY_CH1","37.659","min","156.902","µmol/L","Humid","23.443","deg","44107","µV","27.055","°C","1018.000","hPa","35.3","pmil","0","55.520","deg","20.000","°C","100.000","%a.s.","21.750","deg","20.000","°C","977.000","hPa","0.861","-0.02617","0.00035","0","0","13.56","Humid","24.85","0","70.00","286726.61","SABD0000000001","AAV1.0.0.11","1.1.2.0","PSt7-10","170328-006","1/4/2020 10:31:52","0000-00","0","no battery","V"
"11/02/2020","11:52:03","1","default","640513929","OXY_CH1","37.676","min","156.921","µmol/L","Humid","23.442","deg","44115","µV","27.053","°C","1018.000","hPa","35.3","pmil","0","55.520","deg","20.000","°C","100.000","%a.s.","21.750","deg","20.000","°C","977.000","hPa","0.861","-0.02617","0.00035","0","0","13.56","Humid","24.85","0","70.00","286729.58","SABD0000000001","AAV1.0.0.11","1.1.2.0","PSt7-10","170328-006","1/4/2020 10:31:52","0000-00","0","no battery","V"
"11/02/2020","11:52:04","1","default","640513929","OXY_CH1","37.692","min","156.924","µmol/L","Humid","23.441","deg","44112","µV","27.055","°C","1018.000","hPa","35.3","pmil","0","55.520","deg","20.000","°C","100.000","%a.s.","21.750","deg","20.000","°C","977.000","hPa","0.861","-0.02617","0.00035","0","0","13.56","Humid","24.85","0","70.00","286721.74","SABD0000000001","AAV1.0.0.11","1.1.2.0","PSt7-10","170328-006","1/4/2020 10:31:52","0000-00","0","no battery","V"
"11/02/2020","11:52:05","1","default","640513929","OXY_CH1","37.708","min","156.873","µmol/L","Humid","23.443","deg","44114","µV","27.061","°C","1018.000","hPa","35.3","pmil","0","55.520","deg","20.000","°C","100.000","%a.s.","21.750","deg","20.000","°C","977.000","hPa","0.861","-0.02617","0.00035","0","0","13.56","Humid","24.85","0","70.00","286716.35","SABD0000000001","AAV1.0.0.11","1.1.2.0","PSt7-10","170328-006","1/4/2020 10:31:52","0000-00","0","no battery","V"
"11/02/2020","11:52:06","1","default","640513929","OXY_CH1","37.725","min","156.726","µmol/L","Humid","23.454","deg","44116","µV","27.061","°C","1018.000","hPa","35.3","pmil","0","55.520","deg","20.000","°C","100.000","%a.s.","21.750","deg","20.000","°C","977.000","hPa","0.861","-0.02617","0.00035","0","0","13.56","Humid","24.85","0","70.00","286714.90","SABD0000000001","AAV1.0.0.11","1.1.2.0","PSt7-10","170328-006","1/4/2020 10:31:52","0000-00","0","no battery","V"
"11/02/2020","11:52:07","1","default","640513929","OXY_CH1","37.742","min","156.871","µmol/L","Humid","23.443","deg","44117","µV","27.061","°C","1018.000","hPa","35.3","pmil","0","55.520","deg","20.000","°C","100.000","%a.s.","21.750","deg","20.000","°C","977.000","hPa","0.861","-0.02617","0.00035","0","0","13.56","Humid","24.85","0","70.00","286724.39","SABD0000000001","AAV1.0.0.11","1.1.2.0","PSt7-10","170328-006","1/4/2020 10:31:52","0000-00","0","no battery","V"
"11/02/2020","11:52:08","1","default","640513929","OXY_CH1","37.759","min","156.840","µmol/L","Humid","23.450","deg","44115","µV","27.048","°C","1018.000","hPa","35.3","pmil","0","55.520","deg","20.000","°C","100.000","%a.s.","21.750","deg","20.000","°C","977.000","hPa","0.861","-0.02617","0.00035","0","0","13.56","Humid","24.85","0","70.00","286725.58","SABD0000000001","AAV1.0.0.11","1.1.2.0","PSt7-10","170328-006","1/4/2020 10:31:52","0000-00","0","no battery","V"
"11/02/2020","11:52:09","1","default","640513929","OXY_CH1","37.775","min","156.952","µmol/L","Humid","23.445","deg","44115","µV","27.038","°C","1018.000","hPa","35.3","pmil","0","55.520","deg","20.000","°C","100.000","%a.s.","21.750","deg","20.000","°C","977.000","hPa","0.861","-0.02617","0.00035","0","0","13.56","Humid","24.85","0","70.00","286726.23","SABD0000000001","AAV1.0.0.11","1.1.2.0","PSt7-10","170328-006","1/4/2020 10:31:52","0000-00","0","no battery","V"
"11/02/2020","11:52:10","1","default","640513929","OXY_CH1","37.792","min","156.981","µmol/L","Humid","23.442","deg","44119","µV","27.040","°C","1018.000","hPa","35.3","pmil","0","55.520","deg","20.000","°C","100.000","%a.s.","21.750","deg","20.000","°C","977.000","hPa","0.861","-0.02617","0.00035","0","0","13.56","Humid","24.85","0","70.00","286717.59","SABD0000000001","AAV1.0.0.11","1.1.2.0","PSt7-10","170328-006","1/4/2020 10:31:52","0000-00","0","no battery","V"
"11/02/2020","11:52:11","1","default","640513929","OXY_CH1","37.809","min","156.856","µmol/L","Humid","23.450","deg","44117","µV","27.044","°C","1018.000","hPa","35.3","pmil","0","55.520","deg","20.000","°C","100.000","%a.s.","21.750","deg","20.000","°C","977.000","hPa","0.861","-0.02617","0.00035","0","0","13.56","Humid","24.85","0","70.00","286720.93","SABD0000000001","AAV1.0.0.11","1.1.2.0","PSt7-10","170328-006","1/4/2020 10:31:52","0000-00","0","no battery","V"
"11/02/2020","11:52:12","1","default","640513929","OXY_CH1","37.826","min","156.809","µmol/L","Humid","23.452","deg","44116","µV","27.049","°C","1018.000","hPa","35.3","pmil","0","55.520","deg","20.000","°C","100.000","%a.s.","21.750","deg","20.000","°C","977.000","hPa","0.861","-0.02617","0.00035","0","0","13.56","Humid","24.85","0","70.00","286720.23","SABD0000000001","AAV1.0.0.11","1.1.2.0","PSt7-10","170328-006","1/4/2020 10:31:52","0000-00","0","no battery","V"
"11/02/2020","11:52:13","1","default","640513929","OXY_CH1","37.842","min","156.831","µmol/L","Humid","23.447","deg","44122","µV","27.058","°C","1018.000","hPa","35.3","pmil","0","55.520","deg","20.000","°C","100.000","%a.s.","21.750","deg","20.000","°C","977.000","hPa","0.861","-0.02617","0.00035","0","0","13.56","Humid","24.85","0","70.00","286716.47","SABD0000000001","AAV1.0.0.11","1.1.2.0","PSt7-10","170328-006","1/4/2020 10:31:52","0000-00","0","no battery","V"
"11/02/2020","11:52:14","1","default","640513929","OXY_CH1","37.858","min","156.821","µmol/L","Humid","23.449","deg","44117","µV","27.055","°C","1018.000","hPa","35.3","pmil","0","55.520","deg","20.000","°C","100.000","%a.s.","21.750","deg","20.000","°C","977.000","hPa","0.861","-0.02617","0.00035","0","0","13.56","Humid","24.85","0","70.00","286718.01","SABD0000000001","AAV1.0.0.11","1.1.2.0","PSt7-10","170328-006","1/4/2020 10:31:52","0000-00","0","no battery","V"
"11/02/2020","11:52:15","1","default","640513929","OXY_CH1","37.875","min","156.821","µmol/L","Humid","23.447","deg","44118","µV","27.061","°C","1018.000","hPa","35.3","pmil","0","55.520","deg","20.000","°C","100.000","%a.s.","21.750","deg","20.000","°C","977.000","hPa","0.861","-0.02617","0.00035","0","0","13.56","Humid","24.85","0","70.00","286718.06","SABD0000000001","AAV1.0.0.11","1.1.2.0","PSt7-10","170328-006","1/4/2020 10:31:52","0000-00","0","no battery","V"
"11/02/2020","11:52:16","1","default","640513929","OXY_CH1","37.892","min","156.837","µmol/L","Humid","23.445","deg","44127","µV","27.063","°C","1018.000","hPa","35.3","pmil","0","55.520","deg","20.000","°C","100.000","%a.s.","21.750","deg","20.000","°C","977.000","hPa","0.861","-0.02617","0.00035","0","0","13.56","Humid","24.85","0","70.00","286721.11","SABD0000000001","AAV1.0.0.11","1.1.2.0","PSt7-10","170328-006","1/4/2020 10:31:52","0000-00","0","no battery","V"
"11/02/2020","11:52:17","1","default","640513929","OXY_CH1","37.909","min","156.786","µmol/L","Humid","23.452","deg","44120","µV","27.054","°C","1018.000","hPa","35.3","pmil","0","55.520","deg","20.000","°C","100.000","%a.s.","21.750","deg","20.000","°C","977.000","hPa","0.861","-0.02617","0.00035","0","0","13.56","Humid","24.85","0","70.00","286727.35","SABD0000000001","AAV1.0.0.11","1.1.2.0","PSt7-10","170328-006","1/4/2020 10:31:52","0000-00","0","no battery","V"
"11/02/2020","11:52:18","1","default","640513929","OXY_CH1","37.926","min","156.834","µmol/L","Humid","23.447","deg","44120","µV","27.058","°C","1018.000","hPa","35.3","pmil","0","55.520","deg","20.000","°C","100.000","%a.s.","21.750","deg","20.000","°C","977.000","hPa","0.861","-0.02617","0.00035","0","0","13.56","Humid","24.85","0","70.00","286729.24","SABD0000000001","AAV1.0.0.11","1.1.2.0","PSt7-10","170328-006","1/4/2020 10:31:52","0000-00","0","no battery","V"
"11/02/2020","11:52:19","1","default","640513929","OXY_CH1","37.942","min","156.839","µmol/L","Humid","23.451","deg","44127","µV","27.045","°C","1018.000","hPa","35.3","pmil","0","55.520","deg","20.000","°C","100.000","%a.s.","21.750","deg","20.000","°C","977.000","hPa","0.861","-0.02617","0.00035","0","0","13.56","Humid","24.85","0","70.00","286719.29","SABD0000000001","AAV1.0.0.11","1.1.2.0","PSt7-10","170328-006","1/4/2020 10:31:52","0000-00","0","no battery","V"
"11/02/2020","11:52:20","1","default","640513929","OXY_CH1","37.959","min","156.877","µmol/L","Humid","23.447","deg","44122","µV","27.048","°C","1018.000","hPa","35.3","pmil","0","55.520","deg","20.000","°C","100.000","%a.s.","21.750","deg","20.000","°C","977.000","hPa","0.861","-0.02617","0.00035","0","0","13.56","Humid","24.85","0","70.00","286718.10","SABD0000000001","AAV1.0.0.11","1.1.2.0","PSt7-10","170328-006","1/4/2020 10:31:52","0000-00","0","no battery","V"
"11/02/2020","11:52:21","1","default","640513929","OXY_CH1","37.975","min","156.784","µmol/L","Humid","23.453","deg","44128","µV","27.051","°C","1018.000","hPa","35.3","pmil","0","55.520","deg","20.000","°C","100.000","%a.s.","21.750","deg","20.000","°C","977.000","hPa","0.861","-0.02617","0.00035","0","0","13.56","Humid","24.85","0","70.00","286726.51","SABD0000000001","AAV1.0.0.11","1.1.2.0","PSt7-10","170328-006","1/4/2020 10:31:52","0000-00","0","no battery","V"
"11/02/2020","11:52:22","1","default","640513929","OXY_CH1","37.992","min","156.752","µmol/L","Humid","23.450","deg","44123","µV","27.067","°C","1018.000","hPa","35.3","pmil","0","55.520","deg","20.000","°C","100.000","%a.s.","21.750","deg","20.000","°C","977.000","hPa","0.861","-0.02617","0.00035","0","0","13.56","Humid","24.85","0","70.00","286721.37","SABD0000000001","AAV1.0.0.11","1.1.2.0","PSt7-10","170328-006","1/4/2020 10:31:52","0000-00","0","no battery","V"
"11/02/2020","11:52:23","1","default","640513929","OXY_CH1","38.008","min","156.744","µmol/L","Humid","23.454","deg","44124","µV","27.057","°C","1018.000","hPa","35.3","pmil","0","55.520","deg","20.000","°C","100.000","%a.s.","21.750","deg","20.000","°C","977.000","hPa","0.861","-0.02617","0.00035","0","0","13.56","Humid","24.85","0","70.00","286719.22","SABD0000000001","AAV1.0.0.11","1.1.2.0","PSt7-10","170328-006","1/4/2020 10:31:52","0000-00","0","no battery","V"
"11/02/2020","11:52:24","1","default","640513929","OXY_CH1","38.025","min","156.910","µmol/L","Humid","23.449","deg","44132","µV","27.036","°C","1018.000","hPa","35.3","pmil","0","55.520","deg","20.000","°C","100.000","%a.s.","21.750","deg","20.000","°C","977.000","hPa","0.861","-0.02617","0.00035","0","0","13.56","Humid","24.85","0","70.00","286716.26","SABD0000000001","AAV1.0.0.11","1.1.2.0","PSt7-10","170328-006","1/4/2020 10:31:52","0000-00","0","no battery","V"
"11/02/2020","11:52:25","1","default","640513929","OXY_CH1","38.042","min","156.959","µmol/L","Humid","23.443","deg","44130","µV","27.042","°C","1018.000","hPa","35.3","pmil","0","55.520","deg","20.000","°C","100.000","%a.s.","21.750","deg","20.000","°C","977.000","hPa","0.861","-0.02617","0.00035","0","0","13.56","Humid","24.85","0","70.00","286717.71","SABD0000000001","AAV1.0.0.11","1.1.2.0","PSt7-10","170328-006","1/4/2020 10:31:52","0000-00","0","no battery","V"
"11/02/2020","11:52:26","1","default","640513929","OXY_CH1","38.059","min","156.770","µmol/L","Humid","23.454","deg","44127","µV","27.052","°C","1018.000","hPa","35.3","pmil","0","55.520","deg","20.000","°C","100.000","%a.s.","21.750","deg","20.000","°C","977.000","hPa","0.861","-0.02617","0.00035","0","0","13.56","Humid","24.85","0","70.00","286717.06","SABD0000000001","AAV1.0.0.11","1.1.2.0","PSt7-10","170328-006","1/4/2020 10:31:52","0000-00","0","no battery","V"
"11/02/2020","11:52:27","1","default","640513929","OXY_CH1","38.076","min","156.900","µmol/L","Humid","23.446","deg","44128","µV","27.046","°C","1018.000","hPa","35.3","pmil","0","55.520","deg","20.000","°C","100.000","%a.s.","21.750","deg","20.000","°C","977.000","hPa","0.861","-0.02617","0.00035","0","0","13.56","Humid","24.85","0","70.00","286713.01","SABD0000000001","AAV1.0.0.11","1.1.2.0","PSt7-10","170328-006","1/4/2020 10:31:52","0000-00","0","no battery","V"
"11/02/2020","11:52:28","1","default","640513929","OXY_CH1","38.092","min","156.924","µmol/L","Humid","23.444","deg","44130","µV","27.047","°C","1018.000","hPa","35.3","pmil","0","55.520","deg","20.000","°C","100.000","%a.s.","21.750","deg","20.000","°C","977.000","hPa","0.861","-0.02617","0.00035","0","0","13.56","Humid","24.85","0","70.00","286713.98","SABD0000000001","AAV1.0.0.11","1.1.2.0","PSt7-10","170328-006","1/4/2020 10:31:52","0000-00","0","no battery","V"
"11/02/2020","11:52:29","1","default","640513929","OXY_CH1","38.109","min","156.867","µmol/L","Humid","23.452","deg","44129","µV","27.036","°C","1018.000","hPa","35.3","pmil","0","55.520","deg","20.000","°C","100.000","%a.s.","21.750","deg","20.000","°C","977.000","hPa","0.861","-0.02617","0.00035","0","0","13.56","Humid","24.85","0","70.00","286720.26","SABD0000000001","AAV1.0.0.11","1.1.2.0","PSt7-10","170328-006","1/4/2020 10:31:52","0000-00","0","no battery","V"
"11/02/2020","11:52:30","1","default","640513929","OXY_CH1","38.125","min","156.773","µmol/L","Humid","23.457","deg","44133","µV","27.042","°C","1018.000","hPa","35.3","pmil","0","55.520","deg","20.000","°C","100.000","%a.s.","21.750","deg","20.000","°C","977.000","hPa","0.861","-0.02617","0.00035","0","0","13.56","Humid","24.85","0","70.00","286712.57","SABD0000000001","AAV1.0.0.11","1.1.2.0","PSt7-10","170328-006","1/4/2020 10:31:52","0000-00","0","no battery","V"
"11/02/2020","11:52:31","1","default","640513929","OXY_CH1","38.142","min","156.836","µmol/L","Humid","23.452","deg","44133","µV","27.043","°C","1018.000","hPa","35.3","pmil","0","55.520","deg","20.000","°C","100.000","%a.s.","21.750","deg","20.000","°C","977.000","hPa","0.861","-0.02617","0.00035","0","0","13.56","Humid","24.85","0","70.00","286709.39","SABD0000000001","AAV1.0.0.11","1.1.2.0","PSt7-10","170328-006","1/4/2020 10:31:52","0000-00","0","no battery","V"
"11/02/2020","11:52:32","1","default","640513929","OXY_CH1","38.158","min","156.773","µmol/L","Humid","23.450","deg","44129","µV","27.062","°C","1018.000","hPa","35.3","pmil","0","55.520","deg","20.000","°C","100.000","%a.s.","21.750","deg","20.000","°C","977.000","hPa","0.861","-0.02617","0.00035","0","0","13.56","Humid","24.85","0","70.00","286718.80","SABD0000000001","AAV1.0.0.11","1.1.2.0","PSt7-10","170328-006","1/4/2020 10:31:52","0000-00","0","no battery","V"
"11/02/2020","11:52:33","1","default","640513929","OXY_CH1","38.175","min","156.639","µmol/L","Humid","23.460","deg","44132","µV","27.063","°C","1018.000","hPa","35.3","pmil","0","55.520","deg","20.000","°C","100.000","%a.s.","21.750","deg","20.000","°C","977.000","hPa","0.861","-0.02617","0.00035","0","0","13.56","Humid","24.85","0","70.00","286718.41","SABD0000000001","AAV1.0.0.11","1.1.2.0","PSt7-10","170328-006","1/4/2020 10:31:52","0000-00","0","no battery","V"
"11/02/2020","11:52:34","1","default","640513929","OXY_CH1","38.192","min","156.654","µmol/L","Humid","23.464","deg","44131","µV","27.048","°C","1018.000","hPa","35.3","pmil","0","55.520","deg","20.000","°C","100.000","%a.s.","21.750","deg","20.000","°C","977.000","hPa","0.861","-0.02617","0.00035","0","0","13.56","Humid","24.85","0","70.00","286718.09","SABD0000000001","AAV1.0.0.11","1.1.2.0","PSt7-10","170328-006","1/4/2020 10:31:52","0000-00","0","no battery","V"
"11/02/2020","11:52:35","1","default","640513929","OXY_CH1","38.209","min","156.701","µmol/L","Humid","23.459","deg","44133","µV","27.052","°C","1018.000","hPa","35.3","pmil","0","55.520","deg","20.000","°C","100.000","%a.s.","21.750","deg","20.000","°C","977.000","hPa","0.861","-0.02617","0.00035","0","0","13.56","Humid","24.85","0","70.00","286715.32","SABD0000000001","AAV1.0.0.11","1.1.2.0","PSt7-10","170328-006","1/4/2020 10:31:52","0000-00","0","no battery","V"
"11/02/2020","11:52:36","1","default","640513929","OXY_CH1","38.225","min","156.748","µmol/L","Humid","23.458","deg","44138","µV","27.045","°C","1018.000","hPa","35.3","pmil","0","55.520","deg","20.000","°C","100.000","%a.s.","21.750","deg","20.000","°C","977.000","hPa","0.861","-0.02617","0.00035","0","0","13.56","Humid","24.85","0","70.00","286712.32","SABD0000000001","AAV1.0.0.11","1.1.2.0","PSt7-10","170328-006","1/4/2020 10:31:52","0000-00","0","no battery","V"
"11/02/2020","11:52:37","1","default","640513929","OXY_CH1","38.242","min","156.721","µmol/L","Humid","23.459","deg","44129","µV","27.048","°C","1018.000","hPa","35.3","pmil","0","55.520","deg","20.000","°C","100.000","%a.s.","21.750","deg","20.000","°C","977.000","hPa","0.861","-0.02617","0.00035","0","0","13.56","Humid","24.85","0","70.00","286719.44","SABD0000000001","AAV1.0.0.11","1.1.2.0","PSt7-10","170328-006","1/4/2020 10:31:52","0000-00","0","no battery","V"
"11/02/2020","11:52:38","1","default","640513929","OXY_CH1","38.259","min","156.672","µmol/L","Humid","23.461","deg","44133","µV","27.053","°C","1018.000","hPa","35.3","pmil","0","55.520","deg","20.000","°C","100.000","%a.s.","21.750","deg","20.000","°C","977.000","hPa","0.861","-0.02617","0.00035","0","0","13.56","Humid","24.85","0","70.00","286714.34","SABD0000000001","AAV1.0.0.11","1.1.2.0","PSt7-10","170328-006","1/4/2020 10:31:52","0000-00","0","no battery","V"
"11/02/2020","11:52:39","1","default","640513929","OXY_CH1","38.276","min","156.660","µmol/L","Humid","23.464","deg","44140","µV","27.047","°C","1018.000","hPa","35.3","pmil","0","55.520","deg","20.000","°C","100.000","%a.s.","21.750","deg","20.000","°C","977.000","hPa","0.861","-0.02617","0.00035","0","0","13.56","Humid","24.85","0","70.00","286713.94","SABD0000000001","AAV1.0.0.11","1.1.2.0","PSt7-10","170328-006","1/4/2020 10:31:52","0000-00","0","no battery","V"
"11/02/2020","11:52:40","1","default","640513929","OXY_CH1","38.292","min","156.642","µmol/L","Humid","23.464","deg","44136","µV","27.051","°C","1018.000","hPa","35.3","pmil","0","55.520","deg","20.000","°C","100.000","%a.s.","21.750","deg","20.000","°C","977.000","hPa","0.861","-0.02617","0.00035","0","0","13.56","Humid","24.85","0","70.00","286705.83","SABD0000000001","AAV1.0.0.11","1.1.2.0","PSt7-10","170328-006","1/4/2020 10:31:52","0000-00","0","no battery","V"
"11/02/2020","11:52:41","1","default","640513929","OXY_CH1","38.308","min","156.769","µmol/L","Humid","23.457","deg","44141","µV","27.043","°C","1018.000","hPa","35.3","pmil","0","55.520","deg","20.000","°C","100.000","%a.s.","21.750","deg","20.000","°C","977.000","hPa","0.861","-0.02617","0.00035","0","0","13.56","Humid","24.85","0","70.00","286708.45","SABD0000000001","AAV1.0.0.11","1.1.2.0","PSt7-10","170328-006","1/4/2020 10:31:52","0000-00","0","no battery","V"
"11/02/2020","11:52:42","1","default","640513929","OXY_CH1","38.325","min","156.723","µmol/L","Humid","23.460","deg","44133","µV","27.045","°C","1018.000","hPa","35.3","pmil","0","55.520","deg","20.000","°C","100.000","%a.s.","21.750","deg","20.000","°C","977.000","hPa","0.861","-0.02617","0.00035","0","0","13.56","Humid","24.85","0","70.00","286707.96","SABD0000000001","AAV1.0.0.11","1.1.2.0","PSt7-10","170328-006","1/4/2020 10:31:52","0000-00","0","no battery","V"
"11/02/2020","11:52:43","1","default","640513929","OXY_CH1","38.342","min","156.721","µmol/L","Humid","23.461","deg","44136","µV","27.042","°C","1018.000","hPa","35.3","pmil","0","55.520","deg","20.000","°C","100.000","%a.s.","21.750","deg","20.000","°C","977.000","hPa","0.861","-0.02617","0.00035","0","0","13.56","Humid","24.85","0","70.00","286706.55","SABD0000000001","AAV1.0.0.11","1.1.2.0","PSt7-10","170328-006","1/4/2020 10:31:52","0000-00","0","no battery","V"
"11/02/2020","11:52:44","1","default","640513929","OXY_CH1","38.359","min","156.626","µmol/L","Humid","23.465","deg","44136","µV","27.052","°C","1018.000","hPa","35.3","pmil","0","55.520","deg","20.000","°C","100.000","%a.s.","21.750","deg","20.000","°C","977.000","hPa","0.861","-0.02617","0.00035","0","0","13.56","Humid","24.85","0","70.00","286722.38","SABD0000000001","AAV1.0.0.11","1.1.2.0","PSt7-10","170328-006","1/4/2020 10:31:52","0000-00","0","no battery","V"
"11/02/2020","11:52:45","1","default","640513929","OXY_CH1","38.375","min","156.819","µmol/L","Humid","23.454","deg","44140","µV","27.041","°C","1018.000","hPa","35.3","pmil","0","55.520","deg","20.000","°C","100.000","%a.s.","21.750","deg","20.000","°C","977.000","hPa","0.861","-0.02617","0.00035","0","0","13.56","Humid","24.85","0","70.00","286699.22","SABD0000000001","AAV1.0.0.11","1.1.2.0","PSt7-10","170328-006","1/4/2020 10:31:52","0000-00","0","no battery","V"
"11/02/2020","11:52:46","1","default","640513929","OXY_CH1","38.392","min","156.643","µmol/L","Humid","23.464","deg","44139","µV","27.051","°C","1018.000","hPa","35.3","pmil","0","55.520","deg","20.000","°C","100.000","%a.s.","21.750","deg","20.000","°C","977.000","hPa","0.861","-0.02617","0.00035","0","0","13.56","Humid","24.85","0","70.00","286713.24","SABD0000000001","AAV1.0.0.11","1.1.2.0","PSt7-10","170328-006","1/4/2020 10:31:52","0000-00","0","no battery","V"
"11/02/2020","11:52:47","1","default","640513929","OXY_CH1","38.409","min","156.727","µmol/L","Humid","23.465","deg","44135","µV","27.030","°C","1018.000","hPa","35.3","pmil","0","55.520","deg","20.000","°C","100.000","%a.s.","21.750","deg","20.000","°C","977.000","hPa","0.861","-0.02617","0.00035","0","0","13.56","Humid","24.85","0","70.00","286710.46","SABD0000000001","AAV1.0.0.11","1.1.2.0","PSt7-10","170328-006","1/4/2020 10:31:52","0000-00","0","no battery","V"
"11/02/2020","11:52:48","1","default","640513929","OXY_CH1","38.425","min","156.777","µmol/L","Humid","23.461","deg","44134","µV","27.030","°C","1018.000","hPa","35.3","pmil","0","55.520","deg","20.000","°C","100.000","%a.s.","21.750","deg","20.000","°C","977.000","hPa","0.861","-0.02617","0.00035","0","0","13.56","Humid","24.85","0","70.00","286699.30","SABD0000000001","AAV1.0.0.11","1.1.2.0","PSt7-10","170328-006","1/4/2020 10:31:52","0000-00","0","no battery","V"
"11/02/2020","11:52:49","1","default","640513929","OXY_CH1","38.442","min","156.656","µmol/L","Humid","23.465","deg","44139","µV","27.045","°C","1018.000","hPa","35.3","pmil","0","55.520","deg","20.000","°C","100.000","%a.s.","21.750","deg","20.000","°C","977.000","hPa","0.861","-0.02617","0.00035","0","0","13.56","Humid","24.85","0","70.00","286709.41","SABD0000000001","AAV1.0.0.11","1.1.2.0","PSt7-10","170328-006","1/4/2020 10:31:52","0000-00","0","no battery","V"
"11/02/2020","11:52:50","1","default","640513929","OXY_CH1","38.459","min","156.545","µmol/L","Humid","23.471","deg","44144","µV","27.052","°C","1018.000","hPa","35.3","pmil","0","55.520","deg","20.000","°C","100.000","%a.s.","21.750","deg","20.000","°C","977.000","hPa","0.861","-0.02617","0.00035","0","0","13.56","Humid","24.85","0","70.00","286710.46","SABD0000000001","AAV1.0.0.11","1.1.2.0","PSt7-10","170328-006","1/4/2020 10:31:52","0000-00","0","no battery","V"
"11/02/2020","11:52:51","1","default","640513929","OXY_CH1","38.476","min","156.652","µmol/L","Humid","23.464","deg","44141","µV","27.049","°C","1018.000","hPa","35.3","pmil","0","55.520","deg","20.000","°C","100.000","%a.s.","21.750","deg","20.000","°C","977.000","hPa","0.861","-0.02617","0.00035","0","0","13.56","Humid","24.85","0","70.00","286710.16","SABD0000000001","AAV1.0.0.11","1.1.2.0","PSt7-10","170328-006","1/4/2020 10:31:52","0000-00","0","no battery","V"
"11/02/2020","11:52:52","1","default","640513929","OXY_CH1","38.492","min","156.636","µmol/L","Humid","23.464","deg","44139","µV","27.052","°C","1018.000","hPa","35.3","pmil","0","55.520","deg","20.000","°C","100.000","%a.s.","21.750","deg","20.000","°C","977.000","hPa","0.861","-0.02617","0.00035","0","0","13.56","Humid","24.85","0","70.00","286705.94","SABD0000000001","AAV1.0.0.11","1.1.2.0","PSt7-10","170328-006","1/4/2020 10:31:52","0000-00","0","no battery","V"
"11/02/2020","11:52:53","1","default","640513929","OXY_CH1","38.509","min","156.628","µmol/L","Humid","23.468","deg","44141","µV","27.042","°C","1018.000","hPa","35.3","pmil","0","55.520","deg","20.000","°C","100.000","%a.s.","21.750","deg","20.000","°C","977.000","hPa","0.861","-0.02617","0.00035","0","0","13.56","Humid","24.85","0","70.00","286692.45","SABD0000000001","AAV1.0.0.11","1.1.2.0","PSt7-10","170328-006","1/4/2020 10:31:52","0000-00","0","no battery","V"
"11/02/2020","11:52:54","1","default","640513929","OXY_CH1","38.525","min","156.634","µmol/L","Humid","23.463","deg","44145","µV","27.055","°C","1018.000","hPa","35.3","pmil","0","55.520","deg","20.000","°C","100.000","%a.s.","21.750","deg","20.000","°C","977.000","hPa","0.861","-0.02617","0.00035","0","0","13.56","Humid","24.85","0","70.00","286702.78","SABD0000000001","AAV1.0.0.11","1.1.2.0","PSt7-10","170328-006","1/4/2020 10:31:52","0000-00","0","no battery","V"
"11/02/2020","11:52:55","1","default","640513929","OXY_CH1","38.542","min","156.709","µmol/L","Humid","23.462","deg","44141","µV","27.042","°C","1018.000","hPa","35.3","pmil","0","55.520","deg","20.000","°C","100.000","%a.s.","21.750","deg","20.000","°C","977.000","hPa","0.861","-0.02617","0.00035","0","0","13.56","Humid","24.85","0","70.00","286711.23","SABD0000000001","AAV1.0.0.11","1.1.2.0","PSt7-10","170328-006","1/4/2020 10:31:52","0000-00","0","no battery","V"
"11/02/2020","11:52:56","1","default","640513929","OXY_CH1","38.558","min","156.779","µmol/L","Humid","23.460","deg","44142","µV","27.033","°C","1018.000","hPa","35.3","pmil","0","55.520","deg","20.000","°C","100.000","%a.s.","21.750","deg","20.000","°C","977.000","hPa","0.861","-0.02617","0.00035","0","0","13.56","Humid","24.85","0","70.00","286704.33","SABD0000000001","AAV1.0.0.11","1.1.2.0","PSt7-10","170328-006","1/4/2020 10:31:52","0000-00","0","no battery","V"
"11/02/2020","11:52:57","1","default","640513929","OXY_CH1","38.575","min","156.625","µmol/L","Humid","23.466","deg","44143","µV","27.049","°C","1018.000","hPa","35.3","pmil","0","55.520","deg","20.000","°C","100.000","%a.s.","21.750","deg","20.000","°C","977.000","hPa","0.861","-0.02617","0.00035","0","0","13.56","Humid","24.85","0","70.00","286698.70","SABD0000000001","AAV1.0.0.11","1.1.2.0","PSt7-10","170328-006","1/4/2020 10:31:52","0000-00","0","no battery","V"
"11/02/2020","11:52:58","1","default","640513929","OXY_CH1","38.592","min","156.714","µmol/L","Humid","23.464","deg","44150","µV","27.035","°C","1018.000","hPa","35.3","pmil","0","55.520","deg","20.000","°C","100.000","%a.s.","21.750","deg","20.000","°C","977.000","hPa","0.861","-0.02617","0.00035","0","0","13.56","Humid","24.85","0","70.00","286700.27","SABD0000000001","AAV1.0.0.11","1.1.2.0","PSt7-10","170328-006","1/4/2020 10:31:52","0000-00","0","no battery","V"
"11/02/2020","11:52:59","1","default","640513929","OXY_CH1","38.609","min","156.598","µmol/L","Humid","23.472","deg","44153","µV","27.038","°C","1018.000","hPa","35.3","pmil","0","55.520","deg","20.000","°C","100.000","%a.s.","21.750","deg","20.000","°C","977.000","hPa","0.861","-0.02617","0.00035","0","0","13.56","Humid","24.85","0","70.00","286703.03","SABD0000000001","AAV1.0.0.11","1.1.2.0","PSt7-10","170328-006","1/4/2020 10:31:52","0000-00","0","no battery","V"
"11/02/2020","11:53:00","1","default","640513929","OXY_CH1","38.625","min","156.761","µmol/L","Humid","23.459","deg","44149","µV","27.039","°C","1018.000","hPa","35.3","pmil","0","55.520","deg","20.000","°C","100.000","%a.s.","21.750","deg","20.000","°C","977.000","hPa","0.861","-0.02617","0.00035","0","0","13.56","Humid","24.85","0","70.00","286690.55","SABD0000000001","AAV1.0.0.11","1.1.2.0","PSt7-10","170328-006","1/4/2020 10:31:52","0000-00","0","no battery","V"
"11/02/2020","11:53:01","1","default","640513929","OXY_CH1","38.642","min","156.679","µmol/L","Humid","23.466","deg","44153","µV","27.037","°C","1018.000","hPa","35.3","pmil","0","55.520","deg","20.000","°C","100.000","%a.s.","21.750","deg","20.000","°C","977.000","hPa","0.861","-0.02617","0.00035","0","0","13.56","Humid","24.85","0","70.00","286702.37","SABD0000000001","AAV1.0.0.11","1.1.2.0","PSt7-10","170328-006","1/4/2020 10:31:52","0000-00","0","no battery","V"
"11/02/2020","11:53:02","1","default","640513929","OXY_CH1","38.659","min","156.710","µmol/L","Humid","23.463","deg","44149","µV","27.039","°C","1018.000","hPa","35.3","pmil","0","55.520","deg","20.000","°C","100.000","%a.s.","21.750","deg","20.000","°C","977.000","hPa","0.861","-0.02617","0.00035","0","0","13.56","Humid","24.85","0","70.00","286698.07","SABD0000000001","AAV1.0.0.11","1.1.2.0","PSt7-10","170328-006","1/4/2020 10:31:52","0000-00","0","no battery","V"
"11/02/2020","11:53:03","1","default","640513929","OXY_CH1","38.676","min","156.681","µmol/L","Humid","23.462","deg","44150","µV","27.048","°C","1018.000","hPa","35.3","pmil","0","55.520","deg","20.000","°C","100.000","%a.s.","21.750","deg","20.000","°C","977.000","hPa","0.861","-0.02617","0.00035","0","0","13.56","Humid","24.85","0","70.00","286704.03","SABD0000000001","AAV1.0.0.11","1.1.2.0","PSt7-10","170328-006","1/4/2020 10:31:52","0000-00","0","no battery","V"
"11/02/2020","11:53:04","1","default","640513929","OXY_CH1","38.692","min","156.635","µmol/L","Humid","23.468","deg","44158","µV","27.041","°C","1018.000","hPa","35.3","pmil","0","55.520","deg","20.000","°C","100.000","%a.s.","21.750","deg","20.000","°C","977.000","hPa","0.861","-0.02617","0.00035","0","0","13.56","Humid","24.85","0","70.00","286703.91","SABD0000000001","AAV1.0.0.11","1.1.2.0","PSt7-10","170328-006","1/4/2020 10:31:52","0000-00","0","no battery","V"
"11/02/2020","11:53:05","1","default","640513929","OXY_CH1","38.708","min","156.653","µmol/L","Humid","23.469","deg","44157","µV","27.034","°C","1018.000","hPa","35.3","pmil","0","55.520","deg","20.000","°C","100.000","%a.s.","21.750","deg","20.000","°C","977.000","hPa","0.861","-0.02617","0.00035","0","0","13.56","Humid","24.85","0","70.00","286704.79","SABD0000000001","AAV1.0.0.11","1.1.2.0","PSt7-10","170328-006","1/4/2020 10:31:52","0000-00","0","no battery","V"
"11/02/2020","11:53:06","1","default","640513929","OXY_CH1","38.725","min","156.600","µmol/L","Humid","23.473","deg","44155","µV","27.034","°C","1018.000","hPa","35.3","pmil","0","55.520","deg","20.000","°C","100.000","%a.s.","21.750","deg","20.000","°C","977.000","hPa","0.861","-0.02617","0.00035","0","0","13.56","Humid","24.85","0","70.00","286705.74","SABD0000000001","AAV1.0.0.11","1.1.2.0","PSt7-10","170328-006","1/4/2020 10:31:52","0000-00","0","no battery","V"
"11/02/2020","11:53:07","1","default","640513929","OXY_CH1","38.742","min","156.717","µmol/L","Humid","23.464","deg","44158","µV","27.035","°C","1018.000","hPa","35.3","pmil","0","55.520","deg","20.000","°C","100.000","%a.s.","21.750","deg","20.000","°C","977.000","hPa","0.861","-0.02617","0.00035","0","0","13.56","Humid","24.85","0","70.00","286699.57","SABD0000000001","AAV1.0.0.11","1.1.2.0","PSt7-10","170328-006","1/4/2020 10:31:52","0000-00","0","no battery","V"
"11/02/2020","11:53:08","1","default","640513929","OXY_CH1","38.759","min","156.605","µmol/L","Humid","23.474","deg","44163","µV","27.030","°C","1018.000","hPa","35.3","pmil","0","55.520","deg","20.000","°C","100.000","%a.s.","21.750","deg","20.000","°C","977.000","hPa","0.861","-0.02617","0.00035","0","0","13.56","Humid","24.85","0","70.00","286702.48","SABD0000000001","AAV1.0.0.11","1.1.2.0","PSt7-10","170328-006","1/4/2020 10:31:52","0000-00","0","no battery","V"
"11/02/2020","11:53:09","1","default","640513929","OXY_CH1","38.776","min","156.522","µmol/L","Humid","23.474","deg","44162","µV","27.048","°C","1018.000","hPa","35.3","pmil","0","55.520","deg","20.000","°C","100.000","%a.s.","21.750","deg","20.000","°C","977.000","hPa","0.861","-0.02617","0.00035","0","0","13.56","Humid","24.85","0","70.00","286694.29","SABD0000000001","AAV1.0.0.11","1.1.2.0","PSt7-10","170328-006","1/4/2020 10:31:52","0000-00","0","no battery","V"
"11/02/2020","11:53:10","1","default","640513929","OXY_CH1","38.792","min","156.556","µmol/L","Humid","23.472","deg","44158","µV","27.047","°C","1018.000","hPa","35.3","pmil","0","55.520","deg","20.000","°C","100.000","%a.s.","21.750","deg","20.000","°C","977.000","hPa","0.861","-0.02617","0.00035","0","0","13.56","Humid","24.85","0","70.00","286701.56","SABD0000000001","AAV1.0.0.11","1.1.2.0","PSt7-10","170328-006","1/4/2020 10:31:52","0000-00","0","no battery","V"
"11/02/2020","11:53:11","1","default","640513929","OXY_CH1","38.809","min","156.607","µmol/L","Humid","23.471","deg","44157","µV","27.038","°C","1018.000","hPa","35.3","pmil","0","55.520","deg","20.000","°C","100.000","%a.s.","21.750","deg","20.000","°C","977.000","hPa","0.861","-0.02617","0.00035","0","0","13.56","Humid","24.85","0","70.00","286702.59","SABD0000000001","AAV1.0.0.11","1.1.2.0","PSt7-10","170328-006","1/4/2020 10:31:52","0000-00","0","no battery","V"
"11/02/2020","11:53:12","1","default","640513929","OXY_CH1","38.826","min","156.706","µmol/L","Humid","23.465","deg","44161","µV","27.034","°C","1018.000","hPa","35.3","pmil","0","55.520","deg","20.000","°C","100.000","%a.s.","21.750","deg","20.000","°C","977.000","hPa","0.861","-0.02617","0.00035","0","0","13.56","Humid","24.85","0","70.00","286703.76","SABD0000000001","AAV1.0.0.11","1.1.2.0","PSt7-10","170328-006","1/4/2020 10:31:52","0000-00","0","no battery","V"
"11/02/2020","11:53:13","1","default","640513929","OXY_CH1","38.842","min","156.631","µmol/L","Humid","23.473","deg","44159","µV","27.027","°C","1018.000","hPa","35.3","pmil","0","55.520","deg","20.000","°C","100.000","%a.s.","21.750","deg","20.000","°C","977.000","hPa","0.861","-0.02617","0.00035","0","0","13.56","Humid","24.85","0","70.00","286699.15","SABD0000000001","AAV1.0.0.11","1.1.2.0","PSt7-10","170328-006","1/4/2020 10:31:52","0000-00","0","no battery","V"
"11/02/2020","11:53:14","1","default","640513929","OXY_CH1","38.858","min","156.607","µmol/L","Humid","23.474","deg","44160","µV","27.030","°C","1018.000","hPa","35.3","pmil","0","55.520","deg","20.000","°C","100.000","%a.s.","21.750","deg","20.000","°C","977.000","hPa","0.861","-0.02617","0.00035","0","0","13.56","Humid","24.85","0","70.00","286689.83","SABD0000000001","AAV1.0.0.11","1.1.2.0","PSt7-10","170328-006","1/4/2020 10:31:52","0000-00","0","no battery","V"
"11/02/2020","11:53:15","1","default","640513929","OXY_CH1","38.875","min","156.587","µmol/L","Humid","23.476","deg","44160","µV","27.028","°C","1018.000","hPa","35.3","pmil","0","55.520","deg","20.000","°C","100.000","%a.s.","21.750","deg","20.000","°C","977.000","hPa","0.861","-0.02617","0.00035","0","0","13.56","Humid","24.85","0","70.00","286692.09","SABD0000000001","AAV1.0.0.11","1.1.2.0","PSt7-10","170328-006","1/4/2020 10:31:52","0000-00","0","no battery","V"
"11/02/2020","11:53:16","1","default","640513929","OXY_CH1","38.892","min","156.527","µmol/L","Humid","23.477","deg","44158","µV","27.039","°C","1018.000","hPa","35.3","pmil","0","55.520","deg","20.000","°C","100.000","%a.s.","21.750","deg","20.000","°C","977.000","hPa","0.861","-0.02617","0.00035","0","0","13.56","Humid","24.85","0","70.00","286688.90","SABD0000000001","AAV1.0.0.11","1.1.2.0","PSt7-10","170328-006","1/4/2020 10:31:52","0000-00","0","no battery","V"
"11/02/2020","11:53:17","1","default","640513929","OXY_CH1","38.909","min","156.567","µmol/L","Humid","23.477","deg","44161","µV","27.030","°C","1018.000","hPa","35.3","pmil","0","55.520","deg","20.000","°C","100.000","%a.s.","21.750","deg","20.000","°C","977.000","hPa","0.861","-0.02617","0.00035","0","0","13.56","Humid","24.85","0","70.00","286694.34","SABD0000000001","AAV1.0.0.11","1.1.2.0","PSt7-10","170328-006","1/4/2020 10:31:52","0000-00","0","no battery","V"
"11/02/2020","11:53:18","1","default","640513929","OXY_CH1","38.925","min","156.608","µmol/L","Humid","23.474","deg","44169","µV","27.030","°C","1018.000","hPa","35.3","pmil","0","55.520","deg","20.000","°C","100.000","%a.s.","21.750","deg","20.000","°C","977.000","hPa","0.861","-0.02617","0.00035","0","0","13.56","Humid","24.85","0","70.00","286704.25","SABD0000000001","AAV1.0.0.11","1.1.2.0","PSt7-10","170328-006","1/4/2020 10:31:52","0000-00","0","no battery","V"
"11/02/2020","11:53:19","1","default","640513929","OXY_CH1","38.942","min","156.554","µmol/L","Humid","23.478","deg","44164","µV","27.030","°C","1018.000","hPa","35.3","pmil","0","55.520","deg","20.000","°C","100.000","%a.s.","21.750","deg","20.000","°C","977.000","hPa","0.861","-0.02617","0.00035","0","0","13.56","Humid","24.85","0","70.00","286707.70","SABD0000000001","AAV1.0.0.11","1.1.2.0","PSt7-10","170328-006","1/4/2020 10:31:52","0000-00","0","no battery","V"
"11/02/2020","11:53:20","1","default","640513929","OXY_CH1","38.959","min","156.558","µmol/L","Humid","23.476","deg","44163","µV","27.035","°C","1018.000","hPa","35.3","pmil","0","55.520","deg","20.000","°C","100.000","%a.s.","21.750","deg","20.000","°C","977.000","hPa","0.861","-0.02617","0.00035","0","0","13.56","Humid","24.85","0","70.00","286674.93","SABD0000000001","AAV1.0.0.11","1.1.2.0","PSt7-10","170328-006","1/4/2020 10:31:52","0000-00","0","no battery","V"
"11/02/2020","11:53:21","1","default","640513929","OXY_CH1","38.976","min","156.571","µmol/L","Humid","23.477","deg","44168","µV","27.029","°C","1018.000","hPa","35.3","pmil","0","55.520","deg","20.000","°C","100.000","%a.s.","21.750","deg","20.000","°C","977.000","hPa","0.861","-0.02617","0.00035","0","0","13.56","Humid","24.85","0","70.00","286698.63","SABD0000000001","AAV1.0.0.11","1.1.2.0","PSt7-10","170328-006","1/4/2020 10:31:52","0000-00","0","no battery","V"
"11/02/2020","11:53:22","1","default","640513929","OXY_CH1","38.992","min","156.525","µmol/L","Humid","23.475","deg","44175","µV","27.045","°C","1018.000","hPa","35.3","pmil","0","55.520","deg","20.000","°C","100.000","%a.s.","21.750","deg","20.000","°C","977.000","hPa","0.861","-0.02617","0.00035","0","0","13.56","Humid","24.85","0","70.00","286686.04","SABD0000000001","AAV1.0.0.11","1.1.2.0","PSt7-10","170328-006","1/4/2020 10:31:52","0000-00","0","no battery","V"
"11/02/2020","11:53:23","1","default","640513929","OXY_CH1","39.009","min","156.564","µmol/L","Humid","23.475","deg","44170","µV","27.036","°C","1018.000","hPa","35.3","pmil","0","55.520","deg","20.000","°C","100.000","%a.s.","21.750","deg","20.000","°C","977.000","hPa","0.861","-0.02617","0.00035","0","0","13.56","Humid","24.85","0","70.00","286688.84","SABD0000000001","AAV1.0.0.11","1.1.2.0","PSt7-10","170328-006","1/4/2020 10:31:52","0000-00","0","no battery","V"
"11/02/2020","11:53:24","1","default","640513929","OXY_CH1","39.025","min","156.550","µmol/L","Humid","23.476","deg","44170","µV","27.036","°C","1018.000","hPa","35.3","pmil","0","55.520","deg","20.000","°C","100.000","%a.s.","21.750","deg","20.000","°C","977.000","hPa","0.861","-0.02617","0.00035","0","0","13.56","Humid","24.85","0","70.00","286693.09","SABD0000000001","AAV1.0.0.11","1.1.2.0","PSt7-10","170328-006","1/4/2020 10:31:52","0000-00","0","no battery","V"
"11/02/2020","11:53:25","1","default","640513929","OXY_CH1","39.042","min","156.561","µmol/L","Humid","23.477","deg","44175","µV","27.031","°C","1018.000","hPa","35.3","pmil","0","55.520","deg","20.000","°C","100.000","%a.s.","21.750","deg","20.000","°C","977.000","hPa","0.861","-0.02617","0.00035","0","0","13.56","Humid","24.85","0","70.00","286689.08","SABD0000000001","AAV1.0.0.11","1.1.2.0","PSt7-10","170328-006","1/4/2020 10:31:52","0000-00","0","no battery","V"
"11/02/2020","11:53:26","1","default","640513929","OXY_CH1","39.059","min","156.617","µmol/L","Humid","23.474","deg","44174","µV","27.028","°C","1018.000","hPa","35.3","pmil","0","55.520","deg","20.000","°C","100.000","%a.s.","21.750","deg","20.000","°C","977.000","hPa","0.861","-0.02617","0.00035","0","0","13.56","Humid","24.85","0","70.00","286685.22","SABD0000000001","AAV1.0.0.11","1.1.2.0","PSt7-10","170328-006","1/4/2020 10:31:52","0000-00","0","no battery","V"
"11/02/2020","11:53:27","1","default","640513929","OXY_CH1","39.075","min","156.593","µmol/L","Humid","23.478","deg","44175","µV","27.022","°C","1018.000","hPa","35.3","pmil","0","55.520","deg","20.000","°C","100.000","%a.s.","21.750","deg","20.000","°C","977.000","hPa","0.861","-0.02617","0.00035","0","0","13.56","Humid","24.85","0","70.00","286681.04","SABD0000000001","AAV1.0.0.11","1.1.2.0","PSt7-10","170328-006","1/4/2020 10:31:52","0000-00","0","no battery","V"
"11/02/2020","11:53:28","1","default","640513929","OXY_CH1","39.092","min","156.676","µmol/L","Humid","23.471","deg","44172","µV","27.023","°C","1018.000","hPa","35.3","pmil","0","55.520","deg","20.000","°C","100.000","%a.s.","21.750","deg","20.000","°C","977.000","hPa","0.861","-0.02617","0.00035","0","0","13.56","Humid","24.85","0","70.00","286695.35","SABD0000000001","AAV1.0.0.11","1.1.2.0","PSt7-10","170328-006","1/4/2020 10:31:52","0000-00","0","no battery","V"
"11/02/2020","11:53:29","1","default","640513929","OXY_CH1","39.109","min","156.492","µmol/L","Humid","23.481","deg","44174","µV","27.035","°C","1018.000","hPa","35.3","pmil","0","55.520","deg","20.000","°C","100.000","%a.s.","21.750","deg","20.000","°C","977.000","hPa","0.861","-0.02617","0.00035","0","0","13.56","Humid","24.85","0","70.00","286693.85","SABD0000000001","AAV1.0.0.11","1.1.2.0","PSt7-10","170328-006","1/4/2020 10:31:52","0000-00","0","no battery","V"
"11/02/2020","11:53:30","1","default","640513929","OXY_CH1","39.126","min","156.495","µmol/L","Humid","23.477","deg","44176","µV","27.046","°C","1018.000","hPa","35.3","pmil","0","55.520","deg","20.000","°C","100.000","%a.s.","21.750","deg","20.000","°C","977.000","hPa","0.861","-0.02617","0.00035","0","0","13.56","Humid","24.85","0","70.00","286697.15","SABD0000000001","AAV1.0.0.11","1.1.2.0","PSt7-10","170328-006","1/4/2020 10:31:52","0000-00","0","no battery","V"
"11/02/2020","11:53:31","1","default","640513929","OXY_CH1","39.142","min","156.444","µmol/L","Humid","23.483","deg","44172","µV","27.040","°C","1018.000","hPa","35.3","pmil","0","55.520","deg","20.000","°C","100.000","%a.s.","21.750","deg","20.000","°C","977.000","hPa","0.861","-0.02617","0.00035","0","0","13.56","Humid","24.85","0","70.00","286691.24","SABD0000000001","AAV1.0.0.11","1.1.2.0","PSt7-10","170328-006","1/4/2020 10:31:52","0000-00","0","no battery","V"
"11/02/2020","11:53:32","1","default","640513929","OXY_CH1","39.159","min","156.512","µmol/L","Humid","23.479","deg","44170","µV","27.036","°C","1018.000","hPa","35.3","pmil","0","55.520","deg","20.000","°C","100.000","%a.s.","21.750","deg","20.000","°C","977.000","hPa","0.861","-0.02617","0.00035","0","0","13.56","Humid","24.85","0","70.00","286689.98","SABD0000000001","AAV1.0.0.11","1.1.2.0","PSt7-10","170328-006","1/4/2020 10:31:52","0000-00","0","no battery","V"
"11/02/2020","11:53:33","1","default","640513929","OXY_CH1","39.175","min","156.485","µmol/L","Humid","23.482","deg","44174","µV","27.033","°C","1018.000","hPa","35.3","pmil","0","55.520","deg","20.000","°C","100.000","%a.s.","21.750","deg","20.000","°C","977.000","hPa","0.861","-0.02617","0.00035","0","0","13.56","Humid","24.85","0","70.00","286690.49","SABD0000000001","AAV1.0.0.11","1.1.2.0","PSt7-10","170328-006","1/4/2020 10:31:52","0000-00","0","no battery","V"
"11/02/2020","11:53:34","1","default","640513929","OXY_CH1","39.192","min","156.467","µmol/L","Humid","23.482","deg","44173","µV","27.037","°C","1018.000","hPa","35.3","pmil","0","55.520","deg","20.000","°C","100.000","%a.s.","21.750","deg","20.000","°C","977.000","hPa","0.861","-0.02617","0.00035","0","0","13.56","Humid","24.85","0","70.00","286689.87","SABD0000000001","AAV1.0.0.11","1.1.2.0","PSt7-10","170328-006","1/4/2020 10:31:52","0000-00","0","no battery","V"
"11/02/2020","11:53:35","1","default","640513929","OXY_CH1","39.209","min","156.420","µmol/L","Humid","23.485","deg","44174","µV","27.039","°C","1018.000","hPa","35.3","pmil","0","55.520","deg","20.000","°C","100.000","%a.s.","21.750","deg","20.000","°C","977.000","hPa","0.861","-0.02617","0.00035","0","0","13.56","Humid","24.85","0","70.00","286683.90","SABD0000000001","AAV1.0.0.11","1.1.2.0","PSt7-10","170328-006","1/4/2020 10:31:52","0000-00","0","no battery","V"
"11/02/2020","11:53:36","1","default","640513929","OXY_CH1","39.225","min","156.563","µmol/L","Humid","23.478","deg","44166","µV","27.028","°C","1018.000","hPa","35.3","pmil","0","55.520","deg","20.000","°C","100.000","%a.s.","21.750","deg","20.000","°C","977.000","hPa","0.861","-0.02617","0.00035","0","0","13.56","Humid","24.85","0","70.00","286677.12","SABD0000000001","AAV1.0.0.11","1.1.2.0","PSt7-10","170328-006","1/4/2020 10:31:52","0000-00","0","no battery","V"
"11/02/2020","11:53:37","1","default","640513929","OXY_CH1","39.242","min","156.527","µmol/L","Humid","23.481","deg","44171","µV","27.027","°C","1018.000","hPa","35.3","pmil","0","55.520","deg","20.000","°C","100.000","%a.s.","21.750","deg","20.000","°C","977.000","hPa","0.861","-0.02617","0.00035","0","0","13.56","Humid","24.85","0","70.00","286676.82","SABD0000000001","AAV1.0.0.11","1.1.2.0","PSt7-10","170328-006","1/4/2020 10:31:52","0000-00","0","no battery","V"
"11/02/2020","11:53:38","1","default","640513929","OXY_CH1","39.259","min","156.425","µmol/L","Humid","23.490","deg","44172","µV","27.024","°C","1018.000","hPa","35.3","pmil","0","55.520","deg","20.000","°C","100.000","%a.s.","21.750","deg","20.000","°C","977.000","hPa","0.861","-0.02617","0.00035","0","0","13.56","Humid","24.85","0","70.00","286686.25","SABD0000000001","AAV1.0.0.11","1.1.2.0","PSt7-10","170328-006","1/4/2020 10:31:52","0000-00","0","no battery","V"
"11/02/2020","11:53:39","1","default","640513929","OXY_CH1","39.276","min","156.437","µmol/L","Humid","23.486","deg","44183","µV","27.032","°C","1018.000","hPa","35.3","pmil","0","55.520","deg","20.000","°C","100.000","%a.s.","21.750","deg","20.000","°C","977.000","hPa","0.861","-0.02617","0.00035","0","0","13.56","Humid","24.85","0","70.00","286691.24","SABD0000000001","AAV1.0.0.11","1.1.2.0","PSt7-10","170328-006","1/4/2020 10:31:52","0000-00","0","no battery","V"
"11/02/2020","11:53:40","1","default","640513929","OXY_CH1","39.292","min","156.541","µmol/L","Humid","23.482","deg","44172","µV","27.021","°C","1018.000","hPa","35.3","pmil","0","55.520","deg","20.000","°C","100.000","%a.s.","21.750","deg","20.000","°C","977.000","hPa","0.861","-0.02617","0.00035","0","0","13.56","Humid","24.85","0","70.00","286677.77","SABD0000000001","AAV1.0.0.11","1.1.2.0","PSt7-10","170328-006","1/4/2020 10:31:52","0000-00","0","no battery","V"
"11/02/2020","11:53:41","1","default","640513929","OXY_CH1","39.308","min","156.448","µmol/L","Humid","23.483","deg","44173","µV","27.039","°C","1018.000","hPa","35.3","pmil","0","55.520","deg","20.000","°C","100.000","%a.s.","21.750","deg","20.000","°C","977.000","hPa","0.861","-0.02617","0.00035","0","0","13.56","Humid","24.85","0","70.00","286684.19","SABD0000000001","AAV1.0.0.11","1.1.2.0","PSt7-10","170328-006","1/4/2020 10:31:52","0000-00","0","no battery","V"
"11/02/2020","11:53:42","1","default","640513929","OXY_CH1","39.325","min","156.531","µmol/L","Humid","23.482","deg","44176","µV","27.024","°C","1018.000","hPa","35.3","pmil","0","55.520","deg","20.000","°C","100.000","%a.s.","21.750","deg","20.000","°C","977.000","hPa","0.861","-0.02617","0.00035","0","0","13.56","Humid","24.85","0","70.00","286685.12","SABD0000000001","AAV1.0.0.11","1.1.2.0","PSt7-10","170328-006","1/4/2020 10:31:52","0000-00","0","no battery","V"
"11/02/2020","11:53:43","1","default","640513929","OXY_CH1","39.342","min","156.507","µmol/L","Humid","23.486","deg","44171","µV","27.017","°C","1018.000","hPa","35.3","pmil","0","55.520","deg","20.000","°C","100.000","%a.s.","21.750","deg","20.000","°C","977.000","hPa","0.861","-0.02617","0.00035","0","0","13.56","Humid","24.85","0","70.00","286694.34","SABD0000000001","AAV1.0.0.11","1.1.2.0","PSt7-10","170328-006","1/4/2020 10:31:52","0000-00","0","no battery","V"
"11/02/2020","11:53:44","1","default","640513929","OXY_CH1","39.359","min","156.445","µmol/L","Humid","23.487","deg","44175","µV","27.028","°C","1018.000","hPa","35.3","pmil","0","55.520","deg","20.000","°C","100.000","%a.s.","21.750","deg","20.000","°C","977.000","hPa","0.861","-0.02617","0.00035","0","0","13.56","Humid","24.85","0","70.00","286684.17","SABD0000000001","AAV1.0.0.11","1.1.2.0","PSt7-10","170328-006","1/4/2020 10:31:52","0000-00","0","no battery","V"
"11/02/2020","11:53:45","1","default","640513929","OXY_CH1","39.375","min","156.486","µmol/L","Humid","23.488","deg","44171","µV","27.016","°C","1018.000","hPa","35.3","pmil","0","55.520","deg","20.000","°C","100.000","%a.s.","21.750","deg","20.000","°C","977.000","hPa","0.861","-0.02617","0.00035","0","0","13.56","Humid","24.85","0","70.00","286688.82","SABD0000000001","AAV1.0.0.11","1.1.2.0","PSt7-10","170328-006","1/4/2020 10:31:52","0000-00","0","no battery","V"
"11/02/2020","11:53:46","1","default","640513929","OXY_CH1","39.392","min","156.594","µmol/L","Humid","23.480","deg","44170","µV","27.016","°C","1018.000","hPa","35.3","pmil","0","55.520","deg","20.000","°C","100.000","%a.s.","21.750","deg","20.000","°C","977.000","hPa","0.861","-0.02617","0.00035","0","0","13.56","Humid","24.85","0","70.00","286692.47","SABD0000000001","AAV1.0.0.11","1.1.2.0","PSt7-10","170328-006","1/4/2020 10:31:52","0000-00","0","no battery","V"
"11/02/2020","11:53:47","1","default","640513929","OXY_CH1","39.409","min","156.369","µmol/L","Humid","23.489","deg","44173","µV","27.039","°C","1018.000","hPa","35.3","pmil","0","55.520","deg","20.000","°C","100.000","%a.s.","21.750","deg","20.000","°C","977.000","hPa","0.861","-0.02617","0.00035","0","0","13.56","Humid","24.85","0","70.00","286672.15","SABD0000000001","AAV1.0.0.11","1.1.2.0","PSt7-10","170328-006","1/4/2020 10:31:52","0000-00","0","no battery","V"
"11/02/2020","11:53:48","1","default","640513929","OXY_CH1","39.426","min","156.461","µmol/L","Humid","23.485","deg","44180","µV","27.030","°C","1018.000","hPa","35.3","pmil","0","55.520","deg","20.000","°C","100.000","%a.s.","21.750","deg","20.000","°C","977.000","hPa","0.861","-0.02617","0.00035","0","0","13.56","Humid","24.85","0","70.00","286682.10","SABD0000000001","AAV1.0.0.11","1.1.2.0","PSt7-10","170328-006","1/4/2020 10:31:52","0000-00","0","no battery","V"
"11/02/2020","11:53:49","1","default","640513929","OXY_CH1","39.442","min","156.514","µmol/L","Humid","23.482","deg","44176","µV","27.027","°C","1018.000","hPa","35.3","pmil","0","55.520","deg","20.000","°C","100.000","%a.s.","21.750","deg","20.000","°C","977.000","hPa","0.861","-0.02617","0.00035","0","0","13.56","Humid","24.85","0","70.00","286673.89","SABD0000000001","AAV1.0.0.11","1.1.2.0","PSt7-10","170328-006","1/4/2020 10:31:52","0000-00","0","no battery","V"
"11/02/2020","11:53:50","1","default","640513929","OXY_CH1","39.459","min","156.454","µmol/L","Humid","23.486","deg","44170","µV","27.029","°C","1018.000","hPa","35.3","pmil","0","55.520","deg","20.000","°C","100.000","%a.s.","21.750","deg","20.000","°C","977.000","hPa","0.861","-0.02617","0.00035","0","0","13.56","Humid","24.85","0","70.00","286677.29","SABD0000000001","AAV1.0.0.11","1.1.2.0","PSt7-10","170328-006","1/4/2020 10:31:52","0000-00","0","no battery","V"
"11/02/2020","11:53:51","1","default","640513929","OXY_CH1","39.475","min","156.398","µmol/L","Humid","23.489","deg","44180","µV","27.032","°C","1018.000","hPa","35.3","pmil","0","55.520","deg","20.000","°C","100.000","%a.s.","21.750","deg","20.000","°C","977.000","hPa","0.861","-0.02617","0.00035","0","0","13.56","Humid","24.85","0","70.00","286676.36","SABD0000000001","AAV1.0.0.11","1.1.2.0","PSt7-10","170328-006","1/4/2020 10:31:52","0000-00","0","no battery","V"
"11/02/2020","11:53:52","1","default","640513929","OXY_CH1","39.492","min","156.373","µmol/L","Humid","23.493","deg","44180","µV","27.027","°C","1018.000","hPa","35.3","pmil","0","55.520","deg","20.000","°C","100.000","%a.s.","21.750","deg","20.000","°C","977.000","hPa","0.861","-0.02617","0.00035","0","0","13.56","Humid","24.85","0","70.00","286681.21","SABD0000000001","AAV1.0.0.11","1.1.2.0","PSt7-10","170328-006","1/4/2020 10:31:52","0000-00","0","no battery","V"
"11/02/2020","11:53:53","1","default","640513929","OXY_CH1","39.508","min","156.490","µmol/L","Humid","23.483","deg","44181","µV","27.030","°C","1018.000","hPa","35.3","pmil","0","55.520","deg","20.000","°C","100.000","%a.s.","21.750","deg","20.000","°C","977.000","hPa","0.861","-0.02617","0.00035","0","0","13.56","Humid","24.85","0","70.00","286670.78","SABD0000000001","AAV1.0.0.11","1.1.2.0","PSt7-10","170328-006","1/4/2020 10:31:52","0000-00","0","no battery","V"
"11/02/2020","11:53:54","1","default","640513929","OXY_CH1","39.525","min","156.407","µmol/L","Humid","23.489","deg","44180","µV","27.030","°C","1018.000","hPa","35.3","pmil","0","55.520","deg","20.000","°C","100.000","%a.s.","21.750","deg","20.000","°C","977.000","hPa","0.861","-0.02617","0.00035","0","0","13.56","Humid","24.85","0","70.00","286676.28","SABD0000000001","AAV1.0.0.11","1.1.2.0","PSt7-10","170328-006","1/4/2020 10:31:52","0000-00","0","no battery","V"
"11/02/2020","11:53:55","1","default","640513929","OXY_CH1","39.542","min","156.383","µmol/L","Humid","23.493","deg","44184","µV","27.024","°C","1018.000","hPa","35.3","pmil","0","55.520","deg","20.000","°C","100.000","%a.s.","21.750","deg","20.000","°C","977.000","hPa","0.861","-0.02617","0.00035","0","0","13.56","Humid","24.85","0","70.00","286675.71","SABD0000000001","AAV1.0.0.11","1.1.2.0","PSt7-10","170328-006","1/4/2020 10:31:52","0000-00","0","no battery","V"
"11/02/2020","11:53:56","1","default","640513929","OXY_CH1","39.559","min","156.446","µmol/L","Humid","23.491","deg","44185","µV","27.016","°C","1018.000","hPa","35.3","pmil","0","55.520","deg","20.000","°C","100.000","%a.s.","21.750","deg","20.000","°C","977.000","hPa","0.861","-0.02617","0.00035","0","0","13.56","Humid","24.85","0","70.00","286677.84","SABD0000000001","AAV1.0.0.11","1.1.2.0","PSt7-10","170328-006","1/4/2020 10:31:52","0000-00","0","no battery","V"
"11/02/2020","11:53:57","1","default","640513929","OXY_CH1","39.575","min","156.487","µmol/L","Humid","23.486","deg","44189","µV","27.022","°C","1018.000","hPa","35.3","pmil","0","55.520","deg","20.000","°C","100.000","%a.s.","21.750","deg","20.000","°C","977.000","hPa","0.861","-0.02617","0.00035","0","0","13.56","Humid","24.85","0","70.00","286671.73","SABD0000000001","AAV1.0.0.11","1.1.2.0","PSt7-10","170328-006","1/4/2020 10:31:52","0000-00","0","no battery","V"
"11/02/2020","11:53:58","1","default","640513929","OXY_CH1","39.592","min","156.495","µmol/L","Humid","23.486","deg","44195","µV","27.020","°C","1018.000","hPa","35.3","pmil","0","55.520","deg","20.000","°C","100.000","%a.s.","21.750","deg","20.000","°C","977.000","hPa","0.861","-0.02617","0.00035","0","0","13.56","Humid","24.85","0","70.00","286673.10","SABD0000000001","AAV1.0.0.11","1.1.2.0","PSt7-10","170328-006","1/4/2020 10:31:52","0000-00","0","no battery","V"
"11/02/2020","11:53:59","1","default","640513929","OXY_CH1","39.609","min","156.370","µmol/L","Humid","23.492","deg","44196","µV","27.030","°C","1018.000","hPa","35.3","pmil","0","55.520","deg","20.000","°C","100.000","%a.s.","21.750","deg","20.000","°C","977.000","hPa","0.861","-0.02617","0.00035","0","0","13.56","Humid","24.85","0","70.00","286655.30","SABD0000000001","AAV1.0.0.11","1.1.2.0","PSt7-10","170328-006","1/4/2020 10:31:52","0000-00","0","no battery","V"
"11/02/2020","11:54:00","1","default","640513929","OXY_CH1","39.626","min","156.375","µmol/L","Humid","23.495","deg","44201","µV","27.020","°C","1018.000","hPa","35.3","pmil","0","55.520","deg","20.000","°C","100.000","%a.s.","21.750","deg","20.000","°C","977.000","hPa","0.861","-0.02617","0.00035","0","0","13.56","Humid","24.85","0","70.00","286676.18","SABD0000000001","AAV1.0.0.11","1.1.2.0","PSt7-10","170328-006","1/4/2020 10:31:52","0000-00","0","no battery","V"
"11/02/2020","11:54:01","1","default","640513929","OXY_CH1","39.642","min","156.381","µmol/L","Humid","23.495","deg","44196","µV","27.019","°C","1018.000","hPa","35.3","pmil","0","55.520","deg","20.000","°C","100.000","%a.s.","21.750","deg","20.000","°C","977.000","hPa","0.861","-0.02617","0.00035","0","0","13.56","Humid","24.85","0","70.00","286680.43","SABD0000000001","AAV1.0.0.11","1.1.2.0","PSt7-10","170328-006","1/4/2020 10:31:52","0000-00","0","no battery","V"
"11/02/2020","11:54:02","1","default","640513929","OXY_CH1","39.659","min","156.437","µmol/L","Humid","23.494","deg","44201","µV","27.010","°C","1018.000","hPa","35.3","pmil","0","55.520","deg","20.000","°C","100.000","%a.s.","21.750","deg","20.000","°C","977.000","hPa","0.861","-0.02617","0.00035","0","0","13.56","Humid","24.85","0","70.00","286663.97","SABD0000000001","AAV1.0.0.11","1.1.2.0","PSt7-10","170328-006","1/4/2020 10:31:52","0000-00","0","no battery","V"
"11/02/2020","11:54:03","1","default","640513929","OXY_CH1","39.675","min","156.314","µmol/L","Humid","23.497","deg","44197","µV","27.028","°C","1018.000","hPa","35.3","pmil","0","55.520","deg","20.000","°C","100.000","%a.s.","21.750","deg","20.000","°C","977.000","hPa","0.861","-0.02617","0.00035","0","0","13.56","Humid","24.85","0","70.00","286687.56","SABD0000000001","AAV1.0.0.11","1.1.2.0","PSt7-10","170328-006","1/4/2020 10:31:52","0000-00","0","no battery","V"
"11/02/2020","11:54:04","1","default","640513929","OXY_CH1","39.692","min","156.458","µmol/L","Humid","23.492","deg","44197","µV","27.011","°C","1018.000","hPa","35.3","pmil","0","55.520","deg","20.000","°C","100.000","%a.s.","21.750","deg","20.000","°C","977.000","hPa","0.861","-0.02617","0.00035","0","0","13.56","Humid","24.85","0","70.00","286668.81","SABD0000000001","AAV1.0.0.11","1.1.2.0","PSt7-10","170328-006","1/4/2020 10:31:52","0000-00","0","no battery","V"
"11/02/2020","11:54:05","1","default","640513929","OXY_CH1","39.709","min","156.485","µmol/L","Humid","23.490","deg","44200","µV","27.011","°C","1018.000","hPa","35.3","pmil","0","55.520","deg","20.000","°C","100.000","%a.s.","21.750","deg","20.000","°C","977.000","hPa","0.861","-0.02617","0.00035","0","0","13.56","Humid","24.85","0","70.00","286673.76","SABD0000000001","AAV1.0.0.11","1.1.2.0","PSt7-10","170328-006","1/4/2020 10:31:52","0000-00","0","no battery","V"
"11/02/2020","11:54:06","1","default","640513929","OXY_CH1","39.725","min","156.452","µmol/L","Humid","23.494","deg","44201","µV","27.006","°C","1018.000","hPa","35.3","pmil","0","55.520","deg","20.000","°C","100.000","%a.s.","21.750","deg","20.000","°C","977.000","hPa","0.861","-0.02617","0.00035","0","0","13.56","Humid","24.85","0","70.00","286665.09","SABD0000000001","AAV1.0.0.11","1.1.2.0","PSt7-10","170328-006","1/4/2020 10:31:52","0000-00","0","no battery","V"
"11/02/2020","11:54:07","1","default","640513929","OXY_CH1","39.742","min","156.213","µmol/L","Humid","23.504","deg","44197","µV","27.030","°C","1018.000","hPa","35.3","pmil","0","55.520","deg","20.000","°C","100.000","%a.s.","21.750","deg","20.000","°C","977.000","hPa","0.861","-0.02617","0.00035","0","0","13.56","Humid","24.85","0","70.00","286679.85","SABD0000000001","AAV1.0.0.11","1.1.2.0","PSt7-10","170328-006","1/4/2020 10:31:52","0000-00","0","no battery","V"
"11/02/2020","11:54:08","1","default","640513929","OXY_CH1","39.759","min","156.284","µmol/L","Humid","23.497","deg","44202","µV","27.034","°C","1018.000","hPa","35.3","pmil","0","55.520","deg","20.000","°C","100.000","%a.s.","21.750","deg","20.000","°C","977.000","hPa","0.861","-0.02617","0.00035","0","0","13.56","Humid","24.85","0","70.00","286664.38","SABD0000000001","AAV1.0.0.11","1.1.2.0","PSt7-10","170328-006","1/4/2020 10:31:52","0000-00","0","no battery","V"
"11/02/2020","11:54:09","1","default","640513929","OXY_CH1","39.776","min","156.295","µmol/L","Humid","23.501","deg","44203","µV","27.021","°C","1018.000","hPa","35.3","pmil","0","55.520","deg","20.000","°C","100.000","%a.s.","21.750","deg","20.000","°C","977.000","hPa","0.861","-0.02617","0.00035","0","0","13.56","Humid","24.85","0","70.00","286660.93","SABD0000000001","AAV1.0.0.11","1.1.2.0","PSt7-10","170328-006","1/4/2020 10:31:52","0000-00","0","no battery","V"
"11/02/2020","11:54:10","1","default","640513929","OXY_CH1","39.792","min","156.355","µmol/L","Humid","23.494","deg","44199","µV","27.028","°C","1018.000","hPa","35.3","pmil","0","55.520","deg","20.000","°C","100.000","%a.s.","21.750","deg","20.000","°C","977.000","hPa","0.861","-0.02617","0.00035","0","0","13.56","Humid","24.85","0","70.00","286667.52","SABD0000000001","AAV1.0.0.11","1.1.2.0","PSt7-10","170328-006","1/4/2020 10:31:52","0000-00","0","no battery","V"
"11/02/2020","11:54:11","1","default","640513929","OXY_CH1","39.809","min","156.310","µmol/L","Humid","23.499","deg","44202","µV","27.023","°C","1018.000","hPa","35.3","pmil","0","55.520","deg","20.000","°C","100.000","%a.s.","21.750","deg","20.000","°C","977.000","hPa","0.861","-0.02617","0.00035","0","0","13.56","Humid","24.85","0","70.00","286667.05","SABD0000000001","AAV1.0.0.11","1.1.2.0","PSt7-10","170328-006","1/4/2020 10:31:52","0000-00","0","no battery","V"
"11/02/2020","11:54:12","1","default","640513929","OXY_CH1","39.825","min","156.384","µmol/L","Humid","23.496","deg","44203","µV","27.016","°C","1018.000","hPa","35.3","pmil","0","55.520","deg","20.000","°C","100.000","%a.s.","21.750","deg","20.000","°C","977.000","hPa","0.861","-0.02617","0.00035","0","0","13.56","Humid","24.85","0","70.00","286675.10","SABD0000000001","AAV1.0.0.11","1.1.2.0","PSt7-10","170328-006","1/4/2020 10:31:52","0000-00","0","no battery","V"
"11/02/2020","11:54:13","1","default","640513929","OXY_CH1","39.842","min","156.374","µmol/L","Humid","23.496","deg","44202","µV","27.018","°C","1018.000","hPa","35.3","pmil","0","55.520","deg","20.000","°C","100.000","%a.s.","21.750","deg","20.000","°C","977.000","hPa","0.861","-0.02617","0.00035","0","0","13.56","Humid","24.85","0","70.00","286666.95","SABD0000000001","AAV1.0.0.11","1.1.2.0","PSt7-10","170328-006","1/4/2020 10:31:52","0000-00","0","no battery","V"
"11/02/2020","11:54:14","1","default","640513929","OXY_CH1","39.858","min","156.291","µmol/L","Humid","23.504","deg","44203","µV","27.013","°C","1018.000","hPa","35.3","pmil","0","55.520","deg","20.000","°C","100.000","%a.s.","21.750","deg","20.000","°C","977.000","hPa","0.861","-0.02617","0.00035","0","0","13.56","Humid","24.85","0","70.00","286658.67","SABD0000000001","AAV1.0.0.11","1.1.2.0","PSt7-10","170328-006","1/4/2020 10:31:52","0000-00","0","no battery","V"
"11/02/2020","11:54:15","1","default","640513929","OXY_CH1","39.875","min","156.262","µmol/L","Humid","23.501","deg","44207","µV","27.028","°C","1018.000","hPa","35.3","pmil","0","55.520","deg","20.000","°C","100.000","%a.s.","21.750","deg","20.000","°C","977.000","hPa","0.861","-0.02617","0.00035","0","0","13.56","Humid","24.85","0","70.00","286662.30","SABD0000000001","AAV1.0.0.11","1.1.2.0","PSt7-10","170328-006","1/4/2020 10:31:52","0000-00","0","no battery","V"
"11/02/2020","11:54:16","1","default","640513929","OXY_CH1","39.892","min","156.372","µmol/L","Humid","23.497","deg","44203","µV","27.015","°C","1018.000","hPa","35.3","pmil","0","55.520","deg","20.000","°C","100.000","%a.s.","21.750","deg","20.000","°C","977.000","hPa","0.861","-0.02617","0.00035","0","0","13.56","Humid","24.85","0","70.00","286649.95","SABD0000000001","AAV1.0.0.11","1.1.2.0","PSt7-10","170328-006","1/4/2020 10:31:52","0000-00","0","no battery","V"
"11/02/2020","11:54:17","1","default","640513929","OXY_CH1","39.909","min","156.433","µmol/L","Humid","23.492","deg","44205","µV","27.016","°C","1018.000","hPa","35.3","pmil","0","55.520","deg","20.000","°C","100.000","%a.s.","21.750","deg","20.000","°C","977.000","hPa","0.861","-0.02617","0.00035","0","0","13.56","Humid","24.85","0","70.00","286659.49","SABD0000000001","AAV1.0.0.11","1.1.2.0","PSt7-10","170328-006","1/4/2020 10:31:52","0000-00","0","no battery","V"
"11/02/2020","11:54:18","1","default","640513929","OXY_CH1","39.926","min","156.203","µmol/L","Humid","23.507","deg","44208","µV","27.024","°C","1018.000","hPa","35.3","pmil","0","55.520","deg","20.000","°C","100.000","%a.s.","21.750","deg","20.000","°C","977.000","hPa","0.861","-0.02617","0.00035","0","0","13.56","Humid","24.85","0","70.00","286664.02","SABD0000000001","AAV1.0.0.11","1.1.2.0","PSt7-10","170328-006","1/4/2020 10:31:52","0000-00","0","no battery","V"
"11/02/2020","11:54:19","1","default","640513929","OXY_CH1","39.942","min","156.254","µmol/L","Humid","23.506","deg","44211","µV","27.015","°C","1018.000","hPa","35.3","pmil","0","55.520","deg","20.000","°C","100.000","%a.s.","21.750","deg","20.000","°C","977.000","hPa","0.861","-0.02617","0.00035","0","0","13.56","Humid","24.85","0","70.00","286661.00","SABD0000000001","AAV1.0.0.11","1.1.2.0","PSt7-10","170328-006","1/4/2020 10:31:52","0000-00","0","no battery","V"
"11/02/2020","11:54:20","1","default","640513929","OXY_CH1","39.959","min","156.381","µmol/L","Humid","23.498","deg","44215","µV","27.010","°C","1018.000","hPa","35.3","pmil","0","55.520","deg","20.000","°C","100.000","%a.s.","21.750","deg","20.000","°C","977.000","hPa","0.861","-0.02617","0.00035","0","0","13.56","Humid","24.85","0","70.00","286668.62","SABD0000000001","AAV1.0.0.11","1.1.2.0","PSt7-10","170328-006","1/4/2020 10:31:52","0000-00","0","no battery","V"
"11/02/2020","11:54:21","1","default","640513929","OXY_CH1","39.975","min","156.333","µmol/L","Humid","23.500","deg","44216","µV","27.015","°C","1018.000","hPa","35.3","pmil","0","55.520","deg","20.000","°C","100.000","%a.s.","21.750","deg","20.000","°C","977.000","hPa","0.861","-0.02617","0.00035","0","0","13.56","Humid","24.85","0","70.00","286654.91","SABD0000000001","AAV1.0.0.11","1.1.2.0","PSt7-10","170328-006","1/4/2020 10:31:52","0000-00","0","no battery","V"
"11/02/2020","11:54:22","1","default","640513929","OXY_CH1","39.992","min","156.444","µmol/L","Humid","23.495","deg","44222","µV","27.005","°C","1018.000","hPa","35.3","pmil","0","55.520","deg","20.000","°C","100.000","%a.s.","21.750","deg","20.000","°C","977.000","hPa","0.861","-0.02617","0.00035","0","0","13.56","Humid","24.85","0","70.00","286671.01","SABD0000000001","AAV1.0.0.11","1.1.2.0","PSt7-10","170328-006","1/4/2020 10:31:52","0000-00","0","no battery","V"
"11/02/2020","11:54:23","1","default","640513929","OXY_CH1","40.008","min","156.456","µmol/L","Humid","23.493","deg","44224","µV","27.008","°C","1018.000","hPa","35.3","pmil","0","55.520","deg","20.000","°C","100.000","%a.s.","21.750","deg","20.000","°C","977.000","hPa","0.861","-0.02617","0.00035","0","0","13.56","Humid","24.85","0","70.00","286657.08","SABD0000000001","AAV1.0.0.11","1.1.2.0","PSt7-10","170328-006","1/4/2020 10:31:52","0000-00","0","no battery","V"
"11/02/2020","11:54:24","1","default","640513929","OXY_CH1","40.025","min","156.284","µmol/L","Humid","23.508","deg","44214","µV","27.003","°C","1018.000","hPa","35.3","pmil","0","55.520","deg","20.000","°C","100.000","%a.s.","21.750","deg","20.000","°C","977.000","hPa","0.861","-0.02617","0.00035","0","0","13.56","Humid","24.85","0","70.00","286665.73","SABD0000000001","AAV1.0.0.11","1.1.2.0","PSt7-10","170328-006","1/4/2020 10:31:52","0000-00","0","no battery","V"
"11/02/2020","11:54:25","1","default","640513929","OXY_CH1","40.042","min","156.293","µmol/L","Humid","23.505","deg","44222","µV","27.010","°C","1018.000","hPa","35.3","pmil","0","55.520","deg","20.000","°C","100.000","%a.s.","21.750","deg","20.000","°C","977.000","hPa","0.861","-0.02617","0.00035","0","0","13.56","Humid","24.85","0","70.00","286664.08","SABD0000000001","AAV1.0.0.11","1.1.2.0","PSt7-10","170328-006","1/4/2020 10:31:52","0000-00","0","no battery","V"
"11/02/2020","11:54:26","1","default","640513929","OXY_CH1","40.059","min","156.287","µmol/L","Humid","23.500","deg","44222","µV","27.025","°C","1018.000","hPa","35.3","pmil","0","55.520","deg","20.000","°C","100.000","%a.s.","21.750","deg","20.000","°C","977.000","hPa","0.861","-0.02617","0.00035","0","0","13.56","Humid","24.85","0","70.00","286678.07","SABD0000000001","AAV1.0.0.11","1.1.2.0","PSt7-10","170328-006","1/4/2020 10:31:52","0000-00","0","no battery","V"
"11/02/2020","11:54:27","1","default","640513929","OXY_CH1","40.076","min","156.274","µmol/L","Humid","23.502","deg","44223","µV","27.022","°C","1018.000","hPa","35.3","pmil","0","55.520","deg","20.000","°C","100.000","%a.s.","21.750","deg","20.000","°C","977.000","hPa","0.861","-0.02617","0.00035","0","0","13.56","Humid","24.85","0","70.00","286667.58","SABD0000000001","AAV1.0.0.11","1.1.2.0","PSt7-10","170328-006","1/4/2020 10:31:52","0000-00","0","no battery","V"
"11/02/2020","11:54:28","1","default","640513929","OXY_CH1","40.092","min","156.255","µmol/L","Humid","23.504","deg","44226","µV","27.021","°C","1018.000","hPa","35.3","pmil","0","55.520","deg","20.000","°C","100.000","%a.s.","21.750","deg","20.000","°C","977.000","hPa","0.861","-0.02617","0.00035","0","0","13.56","Humid","24.85","0","70.00","286655.30","SABD0000000001","AAV1.0.0.11","1.1.2.0","PSt7-10","170328-006","1/4/2020 10:31:52","0000-00","0","no battery","V"
"11/02/2020","11:54:29","1","default","640513929","OXY_CH1","40.109","min","156.312","µmol/L","Humid","23.499","deg","44223","µV","27.023","°C","1018.000","hPa","35.3","pmil","0","55.520","deg","20.000","°C","100.000","%a.s.","21.750","deg","20.000","°C","977.000","hPa","0.861","-0.02617","0.00035","0","0","13.56","Humid","24.85","0","70.00","286655.86","SABD0000000001","AAV1.0.0.11","1.1.2.0","PSt7-10","170328-006","1/4/2020 10:31:52","0000-00","0","no battery","V"
"11/02/2020","11:54:30","1","default","640513929","OXY_CH1","40.126","min","156.332","µmol/L","Humid","23.502","deg","44224","µV","27.010","°C","1018.000","hPa","35.3","pmil","0","55.520","deg","20.000","°C","100.000","%a.s.","21.750","deg","20.000","°C","977.000","hPa","0.861","-0.02617","0.00035","0","0","13.56","Humid","24.85","0","70.00","286671.17","SABD0000000001","AAV1.0.0.11","1.1.2.0","PSt7-10","170328-006","1/4/2020 10:31:52","0000-00","0","no battery","V"
"11/02/2020","11:54:31","1","default","640513929","OXY_CH1","40.142","min","156.402","µmol/L","Humid","23.498","deg","44224","µV","27.006","°C","1018.000","hPa","35.3","pmil","0","55.520","deg","20.000","°C","100.000","%a.s.","21.750","deg","20.000","°C","977.000","hPa","0.861","-0.02617","0.00035","0","0","13.56","Humid","24.85","0","70.00","286657.05","SABD0000000001","AAV1.0.0.11","1.1.2.0","PSt7-10","170328-006","1/4/2020 10:31:52","0000-00","0","no battery","V"
"11/02/2020","11:54:32","1","default","640513929","OXY_CH1","40.158","min","156.304","µmol/L","Humid","23.505","deg","44220","µV","27.007","°C","1018.000","hPa","35.3","pmil","0","55.520","deg","20.000","°C","100.000","%a.s.","21.750","deg","20.000","°C","977.000","hPa","0.861","-0.02617","0.00035","0","0","13.56","Humid","24.85","0","70.00","286655.46","SABD0000000001","AAV1.0.0.11","1.1.2.0","PSt7-10","170328-006","1/4/2020 10:31:52","0000-00","0","no battery","V"
"11/02/2020","11:54:33","1","default","640513929","OXY_CH1","40.175","min","156.229","µmol/L","Humid","23.513","deg","44233","µV","27.001","°C","1018.000","hPa","35.3","pmil","0","55.520","deg","20.000","°C","100.000","%a.s.","21.750","deg","20.000","°C","977.000","hPa","0.861","-0.02617","0.00035","0","0","13.56","Humid","24.85","0","70.00","286658.00","SABD0000000001","AAV1.0.0.11","1.1.2.0","PSt7-10","170328-006","1/4/2020 10:31:52","0000-00","0","no battery","V"
"11/02/2020","11:54:34","1","default","640513929","OXY_CH1","40.192","min","156.277","µmol/L","Humid","23.507","deg","44229","µV","27.007","°C","1018.000","hPa","35.3","pmil","0","55.520","deg","20.000","°C","100.000","%a.s.","21.750","deg","20.000","°C","977.000","hPa","0.861","-0.02617","0.00035","0","0","13.56","Humid","24.85","0","70.00","286662.19","SABD0000000001","AAV1.0.0.11","1.1.2.0","PSt7-10","170328-006","1/4/2020 10:31:52","0000-00","0","no battery","V"
"11/02/2020","11:54:35","1","default","640513929","OXY_CH1","40.209","min","156.342","µmol/L","Humid","23.501","deg","44231","µV","27.010","°C","1018.000","hPa","35.3","pmil","0","55.520","deg","20.000","°C","100.000","%a.s.","21.750","deg","20.000","°C","977.000","hPa","0.861","-0.02617","0.00035","0","0","13.56","Humid","24.85","0","70.00","286650.44","SABD0000000001","AAV1.0.0.11","1.1.2.0","PSt7-10","170328-006","1/4/2020 10:31:52","0000-00","0","no battery","V"
"11/02/2020","11:54:36","1","default","640513929","OXY_CH1","40.225","min","156.283","µmol/L","Humid","23.506","deg","44229","µV","27.009","°C","1018.000","hPa","35.3","pmil","0","55.520","deg","20.000","°C","100.000","%a.s.","21.750","deg","20.000","°C","977.000","hPa","0.861","-0.02617","0.00035","0","0","13.56","Humid","24.85","0","70.00","286659.91","SABD0000000001","AAV1.0.0.11","1.1.2.0","PSt7-10","170328-006","1/4/2020 10:31:52","0000-00","0","no battery","V"
"11/02/2020","11:54:37","1","default","640513929","OXY_CH1","40.242","min","156.346","µmol/L","Humid","23.502","deg","44233","µV","27.007","°C","1018.000","hPa","35.3","pmil","0","55.520","deg","20.000","°C","100.000","%a.s.","21.750","deg","20.000","°C","977.000","hPa","0.861","-0.02617","0.00035","0","0","13.56","Humid","24.85","0","70.00","286656.05","SABD0000000001","AAV1.0.0.11","1.1.2.0","PSt7-10","170328-006","1/4/2020 10:31:52","0000-00","0","no battery","V"
"11/02/2020","11:54:38","1","default","640513929","OXY_CH1","40.259","min","156.174","µmol/L","Humid","23.510","deg","44238","µV","27.021","°C","1018.000","hPa","35.3","pmil","0","55.520","deg","20.000","°C","100.000","%a.s.","21.750","deg","20.000","°C","977.000","hPa","0.861","-0.02617","0.00035","0","0","13.56","Humid","24.85","0","70.00","286658.17","SABD0000000001","AAV1.0.0.11","1.1.2.0","PSt7-10","170328-006","1/4/2020 10:31:52","0000-00","0","no battery","V"
"11/02/2020","11:54:39","1","default","640513929","OXY_CH1","40.276","min","156.226","µmol/L","Humid","23.503","deg","44237","µV","27.030","°C","1018.000","hPa","35.3","pmil","0","55.520","deg","20.000","°C","100.000","%a.s.","21.750","deg","20.000","°C","977.000","hPa","0.861","-0.02617","0.00035","0","0","13.56","Humid","24.85","0","70.00","286655.14","SABD0000000001","AAV1.0.0.11","1.1.2.0","PSt7-10","170328-006","1/4/2020 10:31:52","0000-00","0","no battery","V"
"11/02/2020","11:54:40","1","default","640513929","OXY_CH1","40.292","min","156.159","µmol/L","Humid","23.512","deg","44237","µV","27.019","°C","1018.000","hPa","35.3","pmil","0","55.520","deg","20.000","°C","100.000","%a.s.","21.750","deg","20.000","°C","977.000","hPa","0.861","-0.02617","0.00035","0","0","13.56","Humid","24.85","0","70.00","286662.14","SABD0000000001","AAV1.0.0.11","1.1.2.0","PSt7-10","170328-006","1/4/2020 10:31:52","0000-00","0","no battery","V"
"11/02/2020","11:54:41","1","default","640513929","OXY_CH1","40.309","min","156.253","µmol/L","Humid","23.509","deg","44234","µV","27.007","°C","1018.000","hPa","35.3","pmil","0","55.520","deg","20.000","°C","100.000","%a.s.","21.750","deg","20.000","°C","977.000","hPa","0.861","-0.02617","0.00035","0","0","13.56","Humid","24.85","0","70.00","286657.38","SABD0000000001","AAV1.0.0.11","1.1.2.0","PSt7-10","170328-006","1/4/2020 10:31:52","0000-00","0","no battery","V"
"11/02/2020","11:54:42","1","default","640513929","OXY_CH1","40.326","min","156.342","µmol/L","Humid","23.505","deg","44236","µV","26.999","°C","1018.000","hPa","35.3","pmil","0","55.520","deg","20.000","°C","100.000","%a.s.","21.750","deg","20.000","°C","977.000","hPa","0.861","-0.02617","0.00035","0","0","13.56","Humid","24.85","0","70.00","286647.09","SABD0000000001","AAV1.0.0.11","1.1.2.0","PSt7-10","170328-006","1/4/2020 10:31:52","0000-00","0","no battery","V"
"11/02/2020","11:54:43","1","default","640513929","OXY_CH1","40.342","min","156.302","µmol/L","Humid","23.508","deg","44238","µV","26.999","°C","1018.000","hPa","35.3","pmil","0","55.520","deg","20.000","°C","100.000","%a.s.","21.750","deg","20.000","°C","977.000","hPa","0.861","-0.02617","0.00035","0","0","13.56","Humid","24.85","0","70.00","286655.22","SABD0000000001","AAV1.0.0.11","1.1.2.0","PSt7-10","170328-006","1/4/2020 10:31:52","0000-00","0","no battery","V"
"11/02/2020","11:54:44","1","default","640513929","OXY_CH1","40.359","min","156.302","µmol/L","Humid","23.510","deg","44237","µV","26.993","°C","1018.000","hPa","35.3","pmil","0","55.520","deg","20.000","°C","100.000","%a.s.","21.750","deg","20.000","°C","977.000","hPa","0.861","-0.02617","0.00035","0","0","13.56","Humid","24.85","0","70.00","286647.69","SABD0000000001","AAV1.0.0.11","1.1.2.0","PSt7-10","170328-006","1/4/2020 10:31:52","0000-00","0","no battery","V"
"11/02/2020","11:54:45","1","default","640513929","OXY_CH1","40.375","min","156.189","µmol/L","Humid","23.517","deg","44236","µV","26.998","°C","1018.000","hPa","35.3","pmil","0","55.520","deg","20.000","°C","100.000","%a.s.","21.750","deg","20.000","°C","977.000","hPa","0.861","-0.02617","0.00035","0","0","13.56","Humid","24.85","0","70.00","286649.24","SABD0000000001","AAV1.0.0.11","1.1.2.0","PSt7-10","170328-006","1/4/2020 10:31:52","0000-00","0","no battery","V"
"11/02/2020","11:54:46","1","default","640513929","OXY_CH1","40.392","min","156.055","µmol/L","Humid","23.518","deg","44232","µV","27.024","°C","1018.000","hPa","35.3","pmil","0","55.520","deg","20.000","°C","100.000","%a.s.","21.750","deg","20.000","°C","977.000","hPa","0.861","-0.02617","0.00035","0","0","13.56","Humid","24.85","0","70.00","286654.90","SABD0000000001","AAV1.0.0.11","1.1.2.0","PSt7-10","170328-006","1/4/2020 10:31:52","0000-00","0","no battery","V"
"11/02/2020","11:54:47","1","default","640513929","OXY_CH1","40.408","min","156.215","µmol/L","Humid","23.512","deg","44239","µV","27.007","°C","1018.000","hPa","35.3","pmil","0","55.520","deg","20.000","°C","100.000","%a.s.","21.750","deg","20.000","°C","977.000","hPa","0.861","-0.02617","0.00035","0","0","13.56","Humid","24.85","0","70.00","286649.43","SABD0000000001","AAV1.0.0.11","1.1.2.0","PSt7-10","170328-006","1/4/2020 10:31:52","0000-00","0","no battery","V"
"11/02/2020","11:54:48","1","default","640513929","OXY_CH1","40.425","min","156.260","µmol/L","Humid","23.512","deg","44242","µV","26.997","°C","1018.000","hPa","35.3","pmil","0","55.520","deg","20.000","°C","100.000","%a.s.","21.750","deg","20.000","°C","977.000","hPa","0.861","-0.02617","0.00035","0","0","13.56","Humid","24.85","0","70.00","286650.70","SABD0000000001","AAV1.0.0.11","1.1.2.0","PSt7-10","170328-006","1/4/2020 10:31:52","0000-00","0","no battery","V"
"11/02/2020","11:54:49","1","default","640513929","OXY_CH1","40.442","min","156.090","µmol/L","Humid","23.517","deg","44243","µV","27.020","°C","1018.000","hPa","35.3","pmil","0","55.520","deg","20.000","°C","100.000","%a.s.","21.750","deg","20.000","°C","977.000","hPa","0.861","-0.02617","0.00035","0","0","13.56","Humid","24.85","0","70.00","286643.52","SABD0000000001","AAV1.0.0.11","1.1.2.0","PSt7-10","170328-006","1/4/2020 10:31:52","0000-00","0","no battery","V"
"11/02/2020","11:54:50","1","default","640513929","OXY_CH1","40.459","min","156.170","µmol/L","Humid","23.511","deg","44240","µV","27.019","°C","1018.000","hPa","35.3","pmil","0","55.520","deg","20.000","°C","100.000","%a.s.","21.750","deg","20.000","°C","977.000","hPa","0.861","-0.02617","0.00035","0","0","13.56","Humid","24.85","0","70.00","286658.57","SABD0000000001","AAV1.0.0.11","1.1.2.0","PSt7-10","170328-006","1/4/2020 10:31:52","0000-00","0","no battery","V"
"11/02/2020","11:54:51","1","default","640513929","OXY_CH1","40.475","min","156.235","µmol/L","Humid","23.508","deg","44244","µV","27.014","°C","1018.000","hPa","35.3","pmil","0","55.520","deg","20.000","°C","100.000","%a.s.","21.750","deg","20.000","°C","977.000","hPa","0.861","-0.02617","0.00035","0","0","13.56","Humid","24.85","0","70.00","286643.34","SABD0000000001","AAV1.0.0.11","1.1.2.0","PSt7-10","170328-006","1/4/2020 10:31:52","0000-00","0","no battery","V"
"11/02/2020","11:54:52","1","default","640513929","OXY_CH1","40.492","min","156.316","µmol/L","Humid","23.506","deg","44247","µV","27.002","°C","1018.000","hPa","35.3","pmil","0","55.520","deg","20.000","°C","100.000","%a.s.","21.750","deg","20.000","°C","977.000","hPa","0.861","-0.02617","0.00035","0","0","13.56","Humid","24.85","0","70.00","286659.50","SABD0000000001","AAV1.0.0.11","1.1.2.0","PSt7-10","170328-006","1/4/2020 10:31:52","0000-00","0","no battery","V"
"11/02/2020","11:54:53","1","default","640513929","OXY_CH1","40.509","min","156.258","µmol/L","Humid","23.512","deg","44237","µV","26.997","°C","1018.000","hPa","35.3","pmil","0","55.520","deg","20.000","°C","100.000","%a.s.","21.750","deg","20.000","°C","977.000","hPa","0.861","-0.02617","0.00035","0","0","13.56","Humid","24.85","0","70.00","286642.17","SABD0000000001","AAV1.0.0.11","1.1.2.0","PSt7-10","170328-006","1/4/2020 10:31:52","0000-00","0","no battery","V"
"11/02/2020","11:54:54","1","default","640513929","OXY_CH1","40.526","min","156.256","µmol/L","Humid","23.510","deg","44242","µV","27.003","°C","1018.000","hPa","35.3","pmil","0","55.520","deg","20.000","°C","100.000","%a.s.","21.750","deg","20.000","°C","977.000","hPa","0.861","-0.02617","0.00035","0","0","13.56","Humid","24.85","0","70.00","286641.53","SABD0000000001","AAV1.0.0.11","1.1.2.0","PSt7-10","170328-006","1/4/2020 10:31:52","0000-00","0","no battery","V"
"11/02/2020","11:54:55","1","default","640513929","OXY_CH1","40.542","min","156.194","µmol/L","Humid","23.515","deg","44240","µV","27.002","°C","1018.000","hPa","35.3","pmil","0","55.520","deg","20.000","°C","100.000","%a.s.","21.750","deg","20.000","°C","977.000","hPa","0.861","-0.02617","0.00035","0","0","13.56","Humid","24.85","0","70.00","286647.11","SABD0000000001","AAV1.0.0.11","1.1.2.0","PSt7-10","170328-006","1/4/2020 10:31:52","0000-00","0","no battery","V"
"11/02/2020","11:54:56","1","default","640513929","OXY_CH1","40.559","min","156.182","µmol/L","Humid","23.515","deg","44241","µV","27.005","°C","1018.000","hPa","35.3","pmil","0","55.520","deg","20.000","°C","100.000","%a.s.","21.750","deg","20.000","°C","977.000","hPa","0.861","-0.02617","0.00035","0","0","13.56","Humid","24.85","0","70.00","286644.58","SABD0000000001","AAV1.0.0.11","1.1.2.0","PSt7-10","170328-006","1/4/2020 10:31:52","0000-00","0","no battery","V"
"11/02/2020","11:54:57","1","default","640513929","OXY_CH1","40.576","min","156.153","µmol/L","Humid","23.518","deg","44243","µV","27.003","°C","1018.000","hPa","35.3","pmil","0","55.520","deg","20.000","°C","100.000","%a.s.","21.750","deg","20.000","°C","977.000","hPa","0.861","-0.02617","0.00035","0","0","13.56","Humid","24.85","0","70.00","286657.32","SABD0000000001","AAV1.0.0.11","1.1.2.0","PSt7-10","170328-006","1/4/2020 10:31:52","0000-00","0","no battery","V"
"11/02/2020","11:54:58","1","default","640513929","OXY_CH1","40.592","min","156.189","µmol/L","Humid","23.514","deg","44237","µV","27.006","°C","1018.000","hPa","35.3","pmil","0","55.520","deg","20.000","°C","100.000","%a.s.","21.750","deg","20.000","°C","977.000","hPa","0.861","-0.02617","0.00035","0","0","13.56","Humid","24.85","0","70.00","286645.21","SABD0000000001","AAV1.0.0.11","1.1.2.0","PSt7-10","170328-006","1/4/2020 10:31:52","0000-00","0","no battery","V"
"11/02/2020","11:54:59","1","default","640513929","OXY_CH1","40.608","min","156.219","µmol/L","Humid","23.512","deg","44241","µV","27.006","°C","1018.000","hPa","35.3","pmil","0","55.520","deg","20.000","°C","100.000","%a.s.","21.750","deg","20.000","°C","977.000","hPa","0.861","-0.02617","0.00035","0","0","13.56","Humid","24.85","0","70.00","286640.14","SABD0000000001","AAV1.0.0.11","1.1.2.0","PSt7-10","170328-006","1/4/2020 10:31:52","0000-00","0","no battery","V"
"11/02/2020","11:55:00","1","default","640513929","OXY_CH1","40.625","min","156.185","µmol/L","Humid","23.518","deg","44245","µV","26.996","°C","1018.000","hPa","35.3","pmil","0","55.520","deg","20.000","°C","100.000","%a.s.","21.750","deg","20.000","°C","977.000","hPa","0.861","-0.02617","0.00035","0","0","13.56","Humid","24.85","0","70.00","286657.44","SABD0000000001","AAV1.0.0.11","1.1.2.0","PSt7-10","170328-006","1/4/2020 10:31:52","0000-00","0","no battery","V"
"11/02/2020","11:55:01","1","default","640513929","OXY_CH1","40.642","min","156.223","µmol/L","Humid","23.517","deg","44245","µV","26.990","°C","1018.000","hPa","35.3","pmil","0","55.520","deg","20.000","°C","100.000","%a.s.","21.750","deg","20.000","°C","977.000","hPa","0.861","-0.02617","0.00035","0","0","13.56","Humid","24.85","0","70.00","286653.64","SABD0000000001","AAV1.0.0.11","1.1.2.0","PSt7-10","170328-006","1/4/2020 10:31:52","0000-00","0","no battery","V"
"11/02/2020","11:55:02","1","default","640513929","OXY_CH1","40.659","min","156.295","µmol/L","Humid","23.513","deg","44250","µV","26.986","°C","1018.000","hPa","35.3","pmil","0","55.520","deg","20.000","°C","100.000","%a.s.","21.750","deg","20.000","°C","977.000","hPa","0.861","-0.02617","0.00035","0","0","13.56","Humid","24.85","0","70.00","286641.00","SABD0000000001","AAV1.0.0.11","1.1.2.0","PSt7-10","170328-006","1/4/2020 10:31:52","0000-00","0","no battery","V"
"11/02/2020","11:55:03","1","default","640513929","OXY_CH1","40.675","min","156.214","µmol/L","Humid","23.518","deg","44248","µV","26.990","°C","1018.000","hPa","35.3","pmil","0","55.520","deg","20.000","°C","100.000","%a.s.","21.750","deg","20.000","°C","977.000","hPa","0.861","-0.02617","0.00035","0","0","13.56","Humid","24.85","0","70.00","286642.07","SABD0000000001","AAV1.0.0.11","1.1.2.0","PSt7-10","170328-006","1/4/2020 10:31:52","0000-00","0","no battery","V"
"11/02/2020","11:55:04","1","default","640513929","OXY_CH1","40.692","min","156.150","µmol/L","Humid","23.516","deg","44248","µV","27.009","°C","1018.000","hPa","35.3","pmil","0","55.520","deg","20.000","°C","100.000","%a.s.","21.750","deg","20.000","°C","977.000","hPa","0.861","-0.02617","0.00035","0","0","13.56","Humid","24.85","0","70.00","286648.05","SABD0000000001","AAV1.0.0.11","1.1.2.0","PSt7-10","170328-006","1/4/2020 10:31:52","0000-00","0","no battery","V"
"11/02/2020","11:55:05","1","default","640513929","OXY_CH1","40.709","min","156.188","µmol/L","Humid","23.513","deg","44251","µV","27.009","°C","1018.000","hPa","35.3","pmil","0","55.520","deg","20.000","°C","100.000","%a.s.","21.750","deg","20.000","°C","977.000","hPa","0.861","-0.02617","0.00035","0","0","13.56","Humid","24.85","0","70.00","286649.00","SABD0000000001","AAV1.0.0.11","1.1.2.0","PSt7-10","170328-006","1/4/2020 10:31:52","0000-00","0","no battery","V"
"11/02/2020","11:55:06","1","default","640513929","OXY_CH1","40.726","min","156.137","µmol/L","Humid","23.517","deg","44245","µV","27.009","°C","1018.000","hPa","35.3","pmil","0","55.520","deg","20.000","°C","100.000","%a.s.","21.750","deg","20.000","°C","977.000","hPa","0.861","-0.02617","0.00035","0","0","13.56","Humid","24.85","0","70.00","286647.34","SABD0000000001","AAV1.0.0.11","1.1.2.0","PSt7-10","170328-006","1/4/2020 10:31:52","0000-00","0","no battery","V"
"11/02/2020","11:55:07","1","default","640513929","OXY_CH1","40.742","min","156.206","µmol/L","Humid","23.516","deg","44249","µV","26.997","°C","1018.000","hPa","35.3","pmil","0","55.520","deg","20.000","°C","100.000","%a.s.","21.750","deg","20.000","°C","977.000","hPa","0.861","-0.02617","0.00035","0","0","13.56","Humid","24.85","0","70.00","286641.42","SABD0000000001","AAV1.0.0.11","1.1.2.0","PSt7-10","170328-006","1/4/2020 10:31:52","0000-00","0","no battery","V"
"11/02/2020","11:55:08","1","default","640513929","OXY_CH1","40.758","min","156.219","µmol/L","Humid","23.511","deg","44252","µV","27.009","°C","1018.000","hPa","35.3","pmil","0","55.520","deg","20.000","°C","100.000","%a.s.","21.750","deg","20.000","°C","977.000","hPa","0.861","-0.02617","0.00035","0","0","13.56","Humid","24.85","0","70.00","286641.59","SABD0000000001","AAV1.0.0.11","1.1.2.0","PSt7-10","170328-006","1/4/2020 10:31:52","0000-00","0","no battery","V"
"11/02/2020","11:55:09","1","default","640513929","OXY_CH1","40.775","min","156.262","µmol/L","Humid","23.514","deg","44252","µV","26.991","°C","1018.000","hPa","35.3","pmil","0","55.520","deg","20.000","°C","100.000","%a.s.","21.750","deg","20.000","°C","977.000","hPa","0.861","-0.02617","0.00035","0","0","13.56","Humid","24.85","0","70.00","286642.82","SABD0000000001","AAV1.0.0.11","1.1.2.0","PSt7-10","170328-006","1/4/2020 10:31:52","0000-00","0","no battery","V"
"11/02/2020","11:55:10","1","default","640513929","OXY_CH1","40.792","min","156.137","µmol/L","Humid","23.519","deg","44251","µV","27.004","°C","1018.000","hPa","35.3","pmil","0","55.520","deg","20.000","°C","100.000","%a.s.","21.750","deg","20.000","°C","977.000","hPa","0.861","-0.02617","0.00035","0","0","13.56","Humid","24.85","0","70.00","286632.82","SABD0000000001","AAV1.0.0.11","1.1.2.0","PSt7-10","170328-006","1/4/2020 10:31:52","0000-00","0","no battery","V"
"11/02/2020","11:55:11","1","default","640513929","OXY_CH1","40.808","min","156.142","µmol/L","Humid","23.524","deg","44256","µV","26.988","°C","1018.000","hPa","35.3","pmil","0","55.520","deg","20.000","°C","100.000","%a.s.","21.750","deg","20.000","°C","977.000","hPa","0.861","-0.02617","0.00035","0","0","13.56","Humid","24.85","0","70.00","286634.56","SABD0000000001","AAV1.0.0.11","1.1.2.0","PSt7-10","170328-006","1/4/2020 10:31:52","0000-00","0","no battery","V"
"11/02/2020","11:55:12","1","default","640513929","OXY_CH1","40.825","min","156.211","µmol/L","Humid","23.519","deg","44258","µV","26.987","°C","1018.000","hPa","35.3","pmil","0","55.520","deg","20.000","°C","100.000","%a.s.","21.750","deg","20.000","°C","977.000","hPa","0.861","-0.02617","0.00035","0","0","13.56","Humid","24.85","0","70.00","286636.82","SABD0000000001","AAV1.0.0.11","1.1.2.0","PSt7-10","170328-006","1/4/2020 10:31:52","0000-00","0","no battery","V"
"11/02/2020","11:55:13","1","default","640513929","OXY_CH1","40.842","min","156.016","µmol/L","Humid","23.530","deg","44258","µV","26.998","°C","1018.000","hPa","35.3","pmil","0","55.520","deg","20.000","°C","100.000","%a.s.","21.750","deg","20.000","°C","977.000","hPa","0.861","-0.02617","0.00035","0","0","13.56","Humid","24.85","0","70.00","286639.99","SABD0000000001","AAV1.0.0.11","1.1.2.0","PSt7-10","170328-006","1/4/2020 10:31:52","0000-00","0","no battery","V"
"11/02/2020","11:55:14","1","default","640513929","OXY_CH1","40.859","min","156.079","µmol/L","Humid","23.522","deg","44262","µV","27.008","°C","1018.000","hPa","35.3","pmil","0","55.520","deg","20.000","°C","100.000","%a.s.","21.750","deg","20.000","°C","977.000","hPa","0.861","-0.02617","0.00035","0","0","13.56","Humid","24.85","0","70.00","286651.59","SABD0000000001","AAV1.0.0.11","1.1.2.0","PSt7-10","170328-006","1/4/2020 10:31:52","0000-00","0","no battery","V"
"11/02/2020","11:55:15","1","default","640513929","OXY_CH1","40.875","min","156.088","µmol/L","Humid","23.521","deg","44265","µV","27.009","°C","1018.000","hPa","35.3","pmil","0","55.520","deg","20.000","°C","100.000","%a.s.","21.750","deg","20.000","°C","977.000","hPa","0.861","-0.02617","0.00035","0","0","13.56","Humid","24.85","0","70.00","286636.55","SABD0000000001","AAV1.0.0.11","1.1.2.0","PSt7-10","170328-006","1/4/2020 10:31:52","0000-00","0","no battery","V"
"11/02/2020","11:55:16","1","default","640513929","OXY_CH1","40.892","min","156.119","µmol/L","Humid","23.523","deg","44258","µV","26.996","°C","1018.000","hPa","35.3","pmil","0","55.520","deg","20.000","°C","100.000","%a.s.","21.750","deg","20.000","°C","977.000","hPa","0.861","-0.02617","0.00035","0","0","13.56","Humid","24.85","0","70.00","286642.46","SABD0000000001","AAV1.0.0.11","1.1.2.0","PSt7-10","170328-006","1/4/2020 10:31:52","0000-00","0","no battery","V"
"11/02/2020","11:55:17","1","default","640513929","OXY_CH1","40.909","min","156.016","µmol/L","Humid","23.531","deg","44263","µV","26.996","°C","1018.000","hPa","35.3","pmil","0","55.520","deg","20.000","°C","100.000","%a.s.","21.750","deg","20.000","°C","977.000","hPa","0.861","-0.02617","0.00035","0","0","13.56","Humid","24.85","0","70.00","286630.14","SABD0000000001","AAV1.0.0.11","1.1.2.0","PSt7-10","170328-006","1/4/2020 10:31:52","0000-00","0","no battery","V"
"11/02/2020","11:55:18","1","default","640513929","OXY_CH1","40.926","min","156.086","µmol/L","Humid","23.524","deg","44263","µV","27.000","°C","1018.000","hPa","35.3","pmil","0","55.520","deg","20.000","°C","100.000","%a.s.","21.750","deg","20.000","°C","977.000","hPa","0.861","-0.02617","0.00035","0","0","13.56","Humid","24.85","0","70.00","286643.41","SABD0000000001","AAV1.0.0.11","1.1.2.0","PSt7-10","170328-006","1/4/2020 10:31:52","0000-00","0","no battery","V"
"11/02/2020","11:55:19","1","default","640513929","OXY_CH1","40.942","min","156.097","µmol/L","Humid","23.525","deg","44267","µV","26.995","°C","1018.000","hPa","35.3","pmil","0","55.520","deg","20.000","°C","100.000","%a.s.","21.750","deg","20.000","°C","977.000","hPa","0.861","-0.02617","0.00035","0","0","13.56","Humid","24.85","0","70.00","286640.11","SABD0000000001","AAV1.0.0.11","1.1.2.0","PSt7-10","170328-006","1/4/2020 10:31:52","0000-00","0","no battery","V"
"11/02/2020","11:55:20","1","default","640513929","OXY_CH1","40.959","min","156.020","µmol/L","Humid","23.528","deg","44268","µV","27.003","°C","1018.000","hPa","35.3","pmil","0","55.520","deg","20.000","°C","100.000","%a.s.","21.750","deg","20.000","°C","977.000","hPa","0.861","-0.02617","0.00035","0","0","13.56","Humid","24.85","0","70.00","286634.18","SABD0000000001","AAV1.0.0.11","1.1.2.0","PSt7-10","170328-006","1/4/2020 10:31:52","0000-00","0","no battery","V"
"11/02/2020","11:55:21","1","default","640513929","OXY_CH1","40.975","min","156.179","µmol/L","Humid","23.525","deg","44269","µV","26.977","°C","1018.000","hPa","35.3","pmil","0","55.520","deg","20.000","°C","100.000","%a.s.","21.750","deg","20.000","°C","977.000","hPa","0.861","-0.02617","0.00035","0","0","13.56","Humid","24.85","0","70.00","286629.07","SABD0000000001","AAV1.0.0.11","1.1.2.0","PSt7-10","170328-006","1/4/2020 10:31:52","0000-00","0","no battery","V"
"11/02/2020","11:55:22","1","default","640513929","OXY_CH1","40.992","min","156.095","µmol/L","Humid","23.528","deg","44268","µV","26.987","°C","1018.000","hPa","35.3","pmil","0","55.520","deg","20.000","°C","100.000","%a.s.","21.750","deg","20.000","°C","977.000","hPa","0.861","-0.02617","0.00035","0","0","13.56","Humid","24.85","0","70.00","286634.94","SABD0000000001","AAV1.0.0.11","1.1.2.0","PSt7-10","170328-006","1/4/2020 10:31:52","0000-00","0","no battery","V"
"11/02/2020","11:55:23","1","default","640513929","OXY_CH1","41.008","min","156.139","µmol/L","Humid","23.523","deg","44265","µV","26.992","°C","1018.000","hPa","35.3","pmil","0","55.520","deg","20.000","°C","100.000","%a.s.","21.750","deg","20.000","°C","977.000","hPa","0.861","-0.02617","0.00035","0","0","13.56","Humid","24.85","0","70.00","286641.23","SABD0000000001","AAV1.0.0.11","1.1.2.0","PSt7-10","170328-006","1/4/2020 10:31:52","0000-00","0","no battery","V"
"11/02/2020","11:55:24","1","default","640513929","OXY_CH1","41.025","min","156.016","µmol/L","Humid","23.527","deg","44273","µV","27.007","°C","1018.000","hPa","35.3","pmil","0","55.520","deg","20.000","°C","100.000","%a.s.","21.750","deg","20.000","°C","977.000","hPa","0.861","-0.02617","0.00035","0","0","13.56","Humid","24.85","0","70.00","286633.67","SABD0000000001","AAV1.0.0.11","1.1.2.0","PSt7-10","170328-006","1/4/2020 10:31:52","0000-00","0","no battery","V"
"11/02/2020","11:55:25","1","default","640513929","OXY_CH1","41.042","min","156.072","µmol/L","Humid","23.526","deg","44263","µV","26.998","°C","1018.000","hPa","35.3","pmil","0","55.520","deg","20.000","°C","100.000","%a.s.","21.750","deg","20.000","°C","977.000","hPa","0.861","-0.02617","0.00035","0","0","13.56","Humid","24.85","0","70.00","286634.16","SABD0000000001","AAV1.0.0.11","1.1.2.0","PSt7-10","170328-006","1/4/2020 10:31:52","0000-00","0","no battery","V"
"11/02/2020","11:55:26","1","default","640513929","OXY_CH1","41.059","min","156.022","µmol/L","Humid","23.529","deg","44268","µV","27.000","°C","1018.000","hPa","35.3","pmil","0","55.520","deg","20.000","°C","100.000","%a.s.","21.750","deg","20.000","°C","977.000","hPa","0.861","-0.02617","0.00035","0","0","13.56","Humid","24.85","0","70.00","286638.49","SABD0000000001","AAV1.0.0.11","1.1.2.0","PSt7-10","170328-006","1/4/2020 10:31:52","0000-00","0","no battery","V"
"11/02/2020","11:55:27","1","default","640513929","OXY_CH1","41.075","min","156.012","µmol/L","Humid","23.528","deg","44272","µV","27.005","°C","1018.000","hPa","35.3","pmil","0","55.520","deg","20.000","°C","100.000","%a.s.","21.750","deg","20.000","°C","977.000","hPa","0.861","-0.02617","0.00035","0","0","13.56","Humid","24.85","0","70.00","286634.36","SABD0000000001","AAV1.0.0.11","1.1.2.0","PSt7-10","170328-006","1/4/2020 10:31:52","0000-00","0","no battery","V"
"11/02/2020","11:55:28","1","default","640513929","OXY_CH1","41.092","min","156.136","µmol/L","Humid","23.526","deg","44272","µV","26.984","°C","1018.000","hPa","35.3","pmil","0","55.520","deg","20.000","°C","100.000","%a.s.","21.750","deg","20.000","°C","977.000","hPa","0.861","-0.02617","0.00035","0","0","13.56","Humid","24.85","0","70.00","286631.69","SABD0000000001","AAV1.0.0.11","1.1.2.0","PSt7-10","170328-006","1/4/2020 10:31:52","0000-00","0","no battery","V"
"11/02/2020","11:55:29","1","default","640513929","OXY_CH1","41.109","min","156.130","µmol/L","Humid","23.526","deg","44273","µV","26.985","°C","1018.000","hPa","35.3","pmil","0","55.520","deg","20.000","°C","100.000","%a.s.","21.750","deg","20.000","°C","977.000","hPa","0.861","-0.02617","0.00035","0","0","13.56","Humid","24.85","0","70.00","286642.86","SABD0000000001","AAV1.0.0.11","1.1.2.0","PSt7-10","170328-006","1/4/2020 10:31:52","0000-00","0","no battery","V"
"11/02/2020","11:55:30","1","default","640513929","OXY_CH1","41.126","min","156.031","µmol/L","Humid","23.531","deg","44274","µV","26.992","°C","1018.000","hPa","35.3","pmil","0","55.520","deg","20.000","°C","100.000","%a.s.","21.750","deg","20.000","°C","977.000","hPa","0.861","-0.02617","0.00035","0","0","13.56","Humid","24.85","0","70.00","286626.77","SABD0000000001","AAV1.0.0.11","1.1.2.0","PSt7-10","170328-006","1/4/2020 10:31:52","0000-00","0","no battery","V"
"11/02/2020","11:55:31","1","default","640513929","OXY_CH1","41.142","min","156.132","µmol/L","Humid","23.522","deg","44272","µV","26.996","°C","1018.000","hPa","35.3","pmil","0","55.520","deg","20.000","°C","100.000","%a.s.","21.750","deg","20.000","°C","977.000","hPa","0.861","-0.02617","0.00035","0","0","13.56","Humid","24.85","0","70.00","286624.27","SABD0000000001","AAV1.0.0.11","1.1.2.0","PSt7-10","170328-006","1/4/2020 10:31:52","0000-00","0","no battery","V"
"11/02/2020","11:55:32","1","default","640513929","OXY_CH1","41.159","min","156.080","µmol/L","Humid","23.528","deg","44269","µV","26.990","°C","1018.000","hPa","35.3","pmil","0","55.520","deg","20.000","°C","100.000","%a.s.","21.750","deg","20.000","°C","977.000","hPa","0.861","-0.02617","0.00035","0","0","13.56","Humid","24.85","0","70.00","286629.51","SABD0000000001","AAV1.0.0.11","1.1.2.0","PSt7-10","170328-006","1/4/2020 10:31:52","0000-00","0","no battery","V"
"11/02/2020","11:55:33","1","default","640513929","OXY_CH1","41.175","min","155.930","µmol/L","Humid","23.535","deg","44277","µV","27.003","°C","1018.000","hPa","35.3","pmil","0","55.520","deg","20.000","°C","100.000","%a.s.","21.750","deg","20.000","°C","977.000","hPa","0.861","-0.02617","0.00035","0","0","13.56","Humid","24.85","0","70.00","286628.95","SABD0000000001","AAV1.0.0.11","1.1.2.0","PSt7-10","170328-006","1/4/2020 10:31:52","0000-00","0","no battery","V"
"11/02/2020","11:55:34","1","default","640513929","OXY_CH1","41.192","min","156.025","µmol/L","Humid","23.531","deg","44270","µV","26.994","°C","1018.000","hPa","35.3","pmil","0","55.520","deg","20.000","°C","100.000","%a.s.","21.750","deg","20.000","°C","977.000","hPa","0.861","-0.02617","0.00035","0","0","13.56","Humid","24.85","0","70.00","286639.35","SABD0000000001","AAV1.0.0.11","1.1.2.0","PSt7-10","170328-006","1/4/2020 10:31:52","0000-00","0","no battery","V"
"11/02/2020","11:55:35","1","default","640513929","OXY_CH1","41.208","min","155.928","µmol/L","Humid","23.540","deg","44275","µV","26.989","°C","1018.000","hPa","35.3","pmil","0","55.520","deg","20.000","°C","100.000","%a.s.","21.750","deg","20.000","°C","977.000","hPa","0.861","-0.02617","0.00035","0","0","13.56","Humid","24.85","0","70.00","286627.40","SABD0000000001","AAV1.0.0.11","1.1.2.0","PSt7-10","170328-006","1/4/2020 10:31:52","0000-00","0","no battery","V"
"11/02/2020","11:55:36","1","default","640513929","OXY_CH1","41.225","min","156.140","µmol/L","Humid","23.523","deg","44280","µV","26.991","°C","1018.000","hPa","35.3","pmil","0","55.520","deg","20.000","°C","100.000","%a.s.","21.750","deg","20.000","°C","977.000","hPa","0.861","-0.02617","0.00035","0","0","13.56","Humid","24.85","0","70.00","286631.22","SABD0000000001","AAV1.0.0.11","1.1.2.0","PSt7-10","170328-006","1/4/2020 10:31:52","0000-00","0","no battery","V"
"11/02/2020","11:55:37","1","default","640513929","OXY_CH1","41.242","min","155.935","µmol/L","Humid","23.537","deg","44277","µV","26.996","°C","1018.000","hPa","35.3","pmil","0","55.520","deg","20.000","°C","100.000","%a.s.","21.750","deg","20.000","°C","977.000","hPa","0.861","-0.02617","0.00035","0","0","13.56","Humid","24.85","0","70.00","286639.37","SABD0000000001","AAV1.0.0.11","1.1.2.0","PSt7-10","170328-006","1/4/2020 10:31:52","0000-00","0","no battery","V"
"11/02/2020","11:55:38","1","default","640513929","OXY_CH1","41.259","min","156.051","µmol/L","Humid","23.530","deg","44277","µV","26.991","°C","1018.000","hPa","35.3","pmil","0","55.520","deg","20.000","°C","100.000","%a.s.","21.750","deg","20.000","°C","977.000","hPa","0.861","-0.02617","0.00035","0","0","13.56","Humid","24.85","0","70.00","286636.28","SABD0000000001","AAV1.0.0.11","1.1.2.0","PSt7-10","170328-006","1/4/2020 10:31:52","0000-00","0","no battery","V"
"11/02/2020","11:55:39","1","default","640513929","OXY_CH1","41.275","min","156.016","µmol/L","Humid","23.536","deg","44274","µV","26.981","°C","1018.000","hPa","35.3","pmil","0","55.520","deg","20.000","°C","100.000","%a.s.","21.750","deg","20.000","°C","977.000","hPa","0.861","-0.02617","0.00035","0","0","13.56","Humid","24.85","0","70.00","286626.25","SABD0000000001","AAV1.0.0.11","1.1.2.0","PSt7-10","170328-006","1/4/2020 10:31:52","0000-00","0","no battery","V"
"11/02/2020","11:55:40","1","default","640513929","OXY_CH1","41.292","min","155.983","µmol/L","Humid","23.538","deg","44280","µV","26.983","°C","1018.000","hPa","35.3","pmil","0","55.520","deg","20.000","°C","100.000","%a.s.","21.750","deg","20.000","°C","977.000","hPa","0.861","-0.02617","0.00035","0","0","13.56","Humid","24.85","0","70.00","286637.31","SABD0000000001","AAV1.0.0.11","1.1.2.0","PSt7-10","170328-006","1/4/2020 10:31:52","0000-00","0","no battery","V"
"11/02/2020","11:55:41","1","default","640513929","OXY_CH1","41.309","min","156.118","µmol/L","Humid","23.531","deg","44279","µV","26.973","°C","1018.000","hPa","35.3","pmil","0","55.520","deg","20.000","°C","100.000","%a.s.","21.750","deg","20.000","°C","977.000","hPa","0.861","-0.02617","0.00035","0","0","13.56","Humid","24.85","0","70.00","286634.03","SABD0000000001","AAV1.0.0.11","1.1.2.0","PSt7-10","170328-006","1/4/2020 10:31:52","0000-00","0","no battery","V"
"11/02/2020","11:55:42","1","default","640513929","OXY_CH1","41.326","min","155.912","µmol/L","Humid","23.538","deg","44277","µV","26.998","°C","1018.000","hPa","35.3","pmil","0","55.520","deg","20.000","°C","100.000","%a.s.","21.750","deg","20.000","°C","977.000","hPa","0.861","-0.02617","0.00035","0","0","13.56","Humid","24.85","0","70.00","286631.15","SABD0000000001","AAV1.0.0.11","1.1.2.0","PSt7-10","170328-006","1/4/2020 10:31:52","0000-00","0","no battery","V"
"11/02/2020","11:55:43","1","default","640513929","OXY_CH1","41.342","min","155.916","µmol/L","Humid","23.536","deg","44277","µV","27.003","°C","1018.000","hPa","35.3","pmil","0","55.520","deg","20.000","°C","100.000","%a.s.","21.750","deg","20.000","°C","977.000","hPa","0.861","-0.02617","0.00035","0","0","13.56","Humid","24.85","0","70.00","286627.88","SABD0000000001","AAV1.0.0.11","1.1.2.0","PSt7-10","170328-006","1/4/2020 10:31:52","0000-00","0","no battery","V"
"11/02/2020","11:55:44","1","default","640513929","OXY_CH1","41.358","min","155.995","µmol/L","Humid","23.536","deg","44275","µV","26.986","°C","1018.000","hPa","35.3","pmil","0","55.520","deg","20.000","°C","100.000","%a.s.","21.750","deg","20.000","°C","977.000","hPa","0.861","-0.02617","0.00035","0","0","13.56","Humid","24.85","0","70.00","286637.23","SABD0000000001","AAV1.0.0.11","1.1.2.0","PSt7-10","170328-006","1/4/2020 10:31:52","0000-00","0","no battery","V"
"11/02/2020","11:55:45","1","default","640513929","OXY_CH1","41.375","min","155.991","µmol/L","Humid","23.534","deg","44281","µV","26.993","°C","1018.000","hPa","35.3","pmil","0","55.520","deg","20.000","°C","100.000","%a.s.","21.750","deg","20.000","°C","977.000","hPa","0.861","-0.02617","0.00035","0","0","13.56","Humid","24.85","0","70.00","286642.99","SABD0000000001","AAV1.0.0.11","1.1.2.0","PSt7-10","170328-006","1/4/2020 10:31:52","0000-00","0","no battery","V"
"11/02/2020","11:55:46","1","default","640513929","OXY_CH1","41.392","min","155.921","µmol/L","Humid","23.537","deg","44281","µV","26.999","°C","1018.000","hPa","35.3","pmil","0","55.520","deg","20.000","°C","100.000","%a.s.","21.750","deg","20.000","°C","977.000","hPa","0.861","-0.02617","0.00035","0","0","13.56","Humid","24.85","0","70.00","286635.30","SABD0000000001","AAV1.0.0.11","1.1.2.0","PSt7-10","170328-006","1/4/2020 10:31:52","0000-00","0","no battery","V"
"11/02/2020","11:55:47","1","default","640513929","OXY_CH1","41.409","min","155.979","µmol/L","Humid","23.537","deg","44283","µV","26.987","°C","1018.000","hPa","35.3","pmil","0","55.520","deg","20.000","°C","100.000","%a.s.","21.750","deg","20.000","°C","977.000","hPa","0.861","-0.02617","0.00035","0","0","13.56","Humid","24.85","0","70.00","286621.14","SABD0000000001","AAV1.0.0.11","1.1.2.0","PSt7-10","170328-006","1/4/2020 10:31:52","0000-00","0","no battery","V"
"11/02/2020","11:55:48","1","default","640513929","OXY_CH1","41.425","min","156.073","µmol/L","Humid","23.526","deg","44280","µV","26.997","°C","1018.000","hPa","35.3","pmil","0","55.520","deg","20.000","°C","100.000","%a.s.","21.750","deg","20.000","°C","977.000","hPa","0.861","-0.02617","0.00035","0","0","13.56","Humid","24.85","0","70.00","286629.29","SABD0000000001","AAV1.0.0.11","1.1.2.0","PSt7-10","170328-006","1/4/2020 10:31:52","0000-00","0","no battery","V"
"11/02/2020","11:55:49","1","default","640513929","OXY_CH1","41.442","min","155.880","µmol/L","Humid","23.543","deg","44280","µV","26.991","°C","1018.000","hPa","35.3","pmil","0","55.520","deg","20.000","°C","100.000","%a.s.","21.750","deg","20.000","°C","977.000","hPa","0.861","-0.02617","0.00035","0","0","13.56","Humid","24.85","0","70.00","286633.94","SABD0000000001","AAV1.0.0.11","1.1.2.0","PSt7-10","170328-006","1/4/2020 10:31:52","0000-00","0","no battery","V"
"11/02/2020","11:55:50","1","default","640513929","OXY_CH1","41.459","min","155.990","µmol/L","Humid","23.539","deg","44276","µV","26.978","°C","1018.000","hPa","35.3","pmil","0","55.520","deg","20.000","°C","100.000","%a.s.","21.750","deg","20.000","°C","977.000","hPa","0.861","-0.02617","0.00035","0","0","13.56","Humid","24.85","0","70.00","286639.04","SABD0000000001","AAV1.0.0.11","1.1.2.0","PSt7-10","170328-006","1/4/2020 10:31:52","0000-00","0","no battery","V"
"11/02/2020","11:55:51","1","default","640513929","OXY_CH1","41.476","min","156.075","µmol/L","Humid","23.530","deg","44285","µV","26.986","°C","1018.000","hPa","35.3","pmil","0","55.520","deg","20.000","°C","100.000","%a.s.","21.750","deg","20.000","°C","977.000","hPa","0.861","-0.02617","0.00035","0","0","13.56","Humid","24.85","0","70.00","286626.17","SABD0000000001","AAV1.0.0.11","1.1.2.0","PSt7-10","170328-006","1/4/2020 10:31:52","0000-00","0","no battery","V"
"11/02/2020","11:55:52","1","default","640513929","OXY_CH1","41.492","min","155.995","µmol/L","Humid","23.535","deg","44282","µV","26.989","°C","1018.000","hPa","35.3","pmil","0","55.520","deg","20.000","°C","100.000","%a.s.","21.750","deg","20.000","°C","977.000","hPa","0.861","-0.02617","0.00035","0","0","13.56","Humid","24.85","0","70.00","286640.22","SABD0000000001","AAV1.0.0.11","1.1.2.0","PSt7-10","170328-006","1/4/2020 10:31:52","0000-00","0","no battery","V"
"11/02/2020","11:55:53","1","default","640513929","OXY_CH1","41.509","min","155.969","µmol/L","Humid","23.538","deg","44282","µV","26.986","°C","1018.000","hPa","35.3","pmil","0","55.520","deg","20.000","°C","100.000","%a.s.","21.750","deg","20.000","°C","977.000","hPa","0.861","-0.02617","0.00035","0","0","13.56","Humid","24.85","0","70.00","286634.76","SABD0000000001","AAV1.0.0.11","1.1.2.0","PSt7-10","170328-006","1/4/2020 10:31:52","0000-00","0","no battery","V"
"11/02/2020","11:55:54","1","default","640513929","OXY_CH1","41.525","min","155.958","µmol/L","Humid","23.539","deg","44281","µV","26.985","°C","1018.000","hPa","35.3","pmil","0","55.520","deg","20.000","°C","100.000","%a.s.","21.750","deg","20.000","°C","977.000","hPa","0.861","-0.02617","0.00035","0","0","13.56","Humid","24.85","0","70.00","286632.14","SABD0000000001","AAV1.0.0.11","1.1.2.0","PSt7-10","170328-006","1/4/2020 10:31:52","0000-00","0","no battery","V"
"11/02/2020","11:55:55","1","default","640513929","OXY_CH1","41.542","min","155.933","µmol/L","Humid","23.541","deg","44285","µV","26.985","°C","1018.000","hPa","35.3","pmil","0","55.520","deg","20.000","°C","100.000","%a.s.","21.750","deg","20.000","°C","977.000","hPa","0.861","-0.02617","0.00035","0","0","13.56","Humid","24.85","0","70.00","286628.01","SABD0000000001","AAV1.0.0.11","1.1.2.0","PSt7-10","170328-006","1/4/2020 10:31:52","0000-00","0","no battery","V"
"11/02/2020","11:55:56","1","default","640513929","OXY_CH1","41.559","min","155.983","µmol/L","Humid","23.537","deg","44285","µV","26.986","°C","1018.000","hPa","35.3","pmil","0","55.520","deg","20.000","°C","100.000","%a.s.","21.750","deg","20.000","°C","977.000","hPa","0.861","-0.02617","0.00035","0","0","13.56","Humid","24.85","0","70.00","286631.74","SABD0000000001","AAV1.0.0.11","1.1.2.0","PSt7-10","170328-006","1/4/2020 10:31:52","0000-00","0","no battery","V"
"11/02/2020","11:55:57","1","default","640513929","OXY_CH1","41.575","min","156.047","µmol/L","Humid","23.530","deg","44283","µV","26.992","°C","1018.000","hPa","35.3","pmil","0","55.520","deg","20.000","°C","100.000","%a.s.","21.750","deg","20.000","°C","977.000","hPa","0.861","-0.02617","0.00035","0","0","13.56","Humid","24.85","0","70.00","286631.92","SABD0000000001","AAV1.0.0.11","1.1.2.0","PSt7-10","170328-006","1/4/2020 10:31:52","0000-00","0","no battery","V"
"11/02/2020","11:55:58","1","default","640513929","OXY_CH1","41.592","min","155.914","µmol/L","Humid","23.546","deg","44291","µV","26.975","°C","1018.000","hPa","35.3","pmil","0","55.520","deg","20.000","°C","100.000","%a.s.","21.750","deg","20.000","°C","977.000","hPa","0.861","-0.02617","0.00035","0","0","13.56","Humid","24.85","0","70.00","286628.61","SABD0000000001","AAV1.0.0.11","1.1.2.0","PSt7-10","170328-006","1/4/2020 10:31:52","0000-00","0","no battery","V"
"11/02/2020","11:55:59","1","default","640513929","OXY_CH1","41.609","min","155.969","µmol/L","Humid","23.541","deg","44291","µV","26.977","°C","1018.000","hPa","35.3","pmil","0","55.520","deg","20.000","°C","100.000","%a.s.","21.750","deg","20.000","°C","977.000","hPa","0.861","-0.02617","0.00035","0","0","13.56","Humid","24.85","0","70.00","286634.42","SABD0000000001","AAV1.0.0.11","1.1.2.0","PSt7-10","170328-006","1/4/2020 10:31:52","0000-00","0","no battery","V"
"11/02/2020","11:56:00","1","default","640513929","OXY_CH1","41.626","min","156.083","µmol/L","Humid","23.534","deg","44286","µV","26.972","°C","1018.000","hPa","35.3","pmil","0","55.520","deg","20.000","°C","100.000","%a.s.","21.750","deg","20.000","°C","977.000","hPa","0.861","-0.02617","0.00035","0","0","13.56","Humid","24.85","0","70.00","286621.92","SABD0000000001","AAV1.0.0.11","1.1.2.0","PSt7-10","170328-006","1/4/2020 10:31:52","0000-00","0","no battery","V"
"11/02/2020","11:56:01","1","default","640513929","OXY_CH1","41.642","min","155.892","µmol/L","Humid","23.540","deg","44290","µV","26.997","°C","1018.000","hPa","35.3","pmil","0","55.520","deg","20.000","°C","100.000","%a.s.","21.750","deg","20.000","°C","977.000","hPa","0.861","-0.02617","0.00035","0","0","13.56","Humid","24.85","0","70.00","286625.38","SABD0000000001","AAV1.0.0.11","1.1.2.0","PSt7-10","170328-006","1/4/2020 10:31:52","0000-00","0","no battery","V"
"11/02/2020","11:56:02","1","default","640513929","OXY_CH1","41.659","min","155.876","µmol/L","Humid","23.542","deg","44293","µV","26.995","°C","1018.000","hPa","35.3","pmil","0","55.520","deg","20.000","°C","100.000","%a.s.","21.750","deg","20.000","°C","977.000","hPa","0.861","-0.02617","0.00035","0","0","13.56","Humid","24.85","0","70.00","286626.19","SABD0000000001","AAV1.0.0.11","1.1.2.0","PSt7-10","170328-006","1/4/2020 10:31:52","0000-00","0","no battery","V"
"11/02/2020","11:56:03","1","default","640513929","OXY_CH1","41.675","min","155.949","µmol/L","Humid","23.539","deg","44294","µV","26.988","°C","1018.000","hPa","35.3","pmil","0","55.520","deg","20.000","°C","100.000","%a.s.","21.750","deg","20.000","°C","977.000","hPa","0.861","-0.02617","0.00035","0","0","13.56","Humid","24.85","0","70.00","286630.17","SABD0000000001","AAV1.0.0.11","1.1.2.0","PSt7-10","170328-006","1/4/2020 10:31:52","0000-00","0","no battery","V"
"11/02/2020","11:56:04","1","default","640513929","OXY_CH1","41.692","min","155.955","µmol/L","Humid","23.540","deg","44297","µV","26.983","°C","1018.000","hPa","35.3","pmil","0","55.520","deg","20.000","°C","100.000","%a.s.","21.750","deg","20.000","°C","977.000","hPa","0.861","-0.02617","0.00035","0","0","13.56","Humid","24.85","0","70.00","286632.01","SABD0000000001","AAV1.0.0.11","1.1.2.0","PSt7-10","170328-006","1/4/2020 10:31:52","0000-00","0","no battery","V"
"11/02/2020","11:56:05","1","default","640513929","OXY_CH1","41.708","min","155.835","µmol/L","Humid","23.547","deg","44296","µV","26.990","°C","1018.000","hPa","35.3","pmil","0","55.520","deg","20.000","°C","100.000","%a.s.","21.750","deg","20.000","°C","977.000","hPa","0.861","-0.02617","0.00035","0","0","13.56","Humid","24.85","0","70.00","286632.26","SABD0000000001","AAV1.0.0.11","1.1.2.0","PSt7-10","170328-006","1/4/2020 10:31:52","0000-00","0","no battery","V"
"11/02/2020","11:56:06","1","default","640513929","OXY_CH1","41.725","min","155.861","µmol/L","Humid","23.543","deg","44299","µV","26.995","°C","1018.000","hPa","35.3","pmil","0","55.520","deg","20.000","°C","100.000","%a.s.","21.750","deg","20.000","°C","977.000","hPa","0.861","-0.02617","0.00035","0","0","13.56","Humid","24.85","0","70.00","286613.96","SABD0000000001","AAV1.0.0.11","1.1.2.0","PSt7-10","170328-006","1/4/2020 10:31:52","0000-00","0","no battery","V"
"11/02/2020","11:56:07","1","default","640513929","OXY_CH1","41.742","min","155.890","µmol/L","Humid","23.545","deg","44295","µV","26.983","°C","1018.000","hPa","35.3","pmil","0","55.520","deg","20.000","°C","100.000","%a.s.","21.750","deg","20.000","°C","977.000","hPa","0.861","-0.02617","0.00035","0","0","13.56","Humid","24.85","0","70.00","286637.08","SABD0000000001","AAV1.0.0.11","1.1.2.0","PSt7-10","170328-006","1/4/2020 10:31:52","0000-00","0","no battery","V"
"11/02/2020","11:56:08","1","default","640513929","OXY_CH1","41.759","min","155.953","µmol/L","Humid","23.543","deg","44297","µV","26.975","°C","1018.000","hPa","35.3","pmil","0","55.520","deg","20.000","°C","100.000","%a.s.","21.750","deg","20.000","°C","977.000","hPa","0.861","-0.02617","0.00035","0","0","13.56","Humid","24.85","0","70.00","286626.02","SABD0000000001","AAV1.0.0.11","1.1.2.0","PSt7-10","170328-006","1/4/2020 10:31:52","0000-00","0","no battery","V"
"11/02/2020","11:56:09","1","default","640513929","OXY_CH1","41.775","min","155.837","µmol/L","Humid","23.552","deg","44292","µV","26.975","°C","1018.000","hPa","35.3","pmil","0","55.520","deg","20.000","°C","100.000","%a.s.","21.750","deg","20.000","°C","977.000","hPa","0.861","-0.02617","0.00035","0","0","13.56","Humid","24.85","0","70.00","286631.07","SABD0000000001","AAV1.0.0.11","1.1.2.0","PSt7-10","170328-006","1/4/2020 10:31:52","0000-00","0","no battery","V"
"11/02/2020","11:56:10","1","default","640513929","OXY_CH1","41.792","min","155.788","µmol/L","Humid","23.551","deg","44295","µV","26.988","°C","1018.000","hPa","35.3","pmil","0","55.520","deg","20.000","°C","100.000","%a.s.","21.750","deg","20.000","°C","977.000","hPa","0.861","-0.02617","0.00035","0","0","13.56","Humid","24.85","0","70.00","286622.31","SABD0000000001","AAV1.0.0.11","1.1.2.0","PSt7-10","170328-006","1/4/2020 10:31:52","0000-00","0","no battery","V"
"11/02/2020","11:56:11","1","default","640513929","OXY_CH1","41.809","min","155.858","µmol/L","Humid","23.546","deg","44296","µV","26.987","°C","1018.000","hPa","35.3","pmil","0","55.520","deg","20.000","°C","100.000","%a.s.","21.750","deg","20.000","°C","977.000","hPa","0.861","-0.02617","0.00035","0","0","13.56","Humid","24.85","0","70.00","286626.25","SABD0000000001","AAV1.0.0.11","1.1.2.0","PSt7-10","170328-006","1/4/2020 10:31:52","0000-00","0","no battery","V"
"11/02/2020","11:56:12","1","default","640513929","OXY_CH1","41.826","min","155.797","µmol/L","Humid","23.550","deg","44303","µV","26.989","°C","1018.000","hPa","35.3","pmil","0","55.520","deg","20.000","°C","100.000","%a.s.","21.750","deg","20.000","°C","977.000","hPa","0.861","-0.02617","0.00035","0","0","13.56","Humid","24.85","0","70.00","286629.49","SABD0000000001","AAV1.0.0.11","1.1.2.0","PSt7-10","170328-006","1/4/2020 10:31:52","0000-00","0","no battery","V"
"11/02/2020","11:56:13","1","default","640513929","OXY_CH1","41.842","min","155.809","µmol/L","Humid","23.550","deg","44299","µV","26.987","°C","1018.000","hPa","35.3","pmil","0","55.520","deg","20.000","°C","100.000","%a.s.","21.750","deg","20.000","°C","977.000","hPa","0.861","-0.02617","0.00035","0","0","13.56","Humid","24.85","0","70.00","286621.29","SABD0000000001","AAV1.0.0.11","1.1.2.0","PSt7-10","170328-006","1/4/2020 10:31:52","0000-00","0","no battery","V"
"11/02/2020","11:56:14","1","default","640513929","OXY_CH1","41.858","min","155.856","µmol/L","Humid","23.548","deg","44299","µV","26.982","°C","1018.000","hPa","35.3","pmil","0","55.520","deg","20.000","°C","100.000","%a.s.","21.750","deg","20.000","°C","977.000","hPa","0.861","-0.02617","0.00035","0","0","13.56","Humid","24.85","0","70.00","286617.59","SABD0000000001","AAV1.0.0.11","1.1.2.0","PSt7-10","170328-006","1/4/2020 10:31:52","0000-00","0","no battery","V"
"11/02/2020","11:56:15","1","default","640513929","OXY_CH1","41.875","min","155.877","µmol/L","Humid","23.545","deg","44306","µV","26.986","°C","1018.000","hPa","35.3","pmil","0","55.520","deg","20.000","°C","100.000","%a.s.","21.750","deg","20.000","°C","977.000","hPa","0.861","-0.02617","0.00035","0","0","13.56","Humid","24.85","0","70.00","286631.95","SABD0000000001","AAV1.0.0.11","1.1.2.0","PSt7-10","170328-006","1/4/2020 10:31:52","0000-00","0","no battery","V"
"11/02/2020","11:56:16","1","default","640513929","OXY_CH1","41.892","min","155.977","µmol/L","Humid","23.542","deg","44299","µV","26.973","°C","1018.000","hPa","35.3","pmil","0","55.520","deg","20.000","°C","100.000","%a.s.","21.750","deg","20.000","°C","977.000","hPa","0.861","-0.02617","0.00035","0","0","13.56","Humid","24.85","0","70.00","286632.60","SABD0000000001","AAV1.0.0.11","1.1.2.0","PSt7-10","170328-006","1/4/2020 10:31:52","0000-00","0","no battery","V"
"11/02/2020","11:56:17","1","default","640513929","OXY_CH1","41.909","min","155.945","µmol/L","Humid","23.545","deg","44304","µV","26.971","°C","1018.000","hPa","35.3","pmil","0","55.520","deg","20.000","°C","100.000","%a.s.","21.750","deg","20.000","°C","977.000","hPa","0.861","-0.02617","0.00035","0","0","13.56","Humid","24.85","0","70.00","286629.81","SABD0000000001","AAV1.0.0.11","1.1.2.0","PSt7-10","170328-006","1/4/2020 10:31:52","0000-00","0","no battery","V"
"11/02/2020","11:56:18","1","default","640513929","OXY_CH1","41.925","min","155.912","µmol/L","Humid","23.544","deg","44311","µV","26.981","°C","1018.000","hPa","35.3","pmil","0","55.520","deg","20.000","°C","100.000","%a.s.","21.750","deg","20.000","°C","977.000","hPa","0.861","-0.02617","0.00035","0","0","13.56","Humid","24.85","0","70.00","286623.47","SABD0000000001","AAV1.0.0.11","1.1.2.0","PSt7-10","170328-006","1/4/2020 10:31:52","0000-00","0","no battery","V"
"11/02/2020","11:56:19","1","default","640513929","OXY_CH1","41.942","min","155.879","µmol/L","Humid","23.549","deg","44306","µV","26.974","°C","1018.000","hPa","35.3","pmil","0","55.520","deg","20.000","°C","100.000","%a.s.","21.750","deg","20.000","°C","977.000","hPa","0.861","-0.02617","0.00035","0","0","13.56","Humid","24.85","0","70.00","286619.94","SABD0000000001","AAV1.0.0.11","1.1.2.0","PSt7-10","170328-006","1/4/2020 10:31:52","0000-00","0","no battery","V"
"11/02/2020","11:56:20","1","default","640513929","OXY_CH1","41.959","min","155.928","µmol/L","Humid","23.551","deg","44317","µV","26.958","°C","1018.000","hPa","35.3","pmil","0","55.520","deg","20.000","°C","100.000","%a.s.","21.750","deg","20.000","°C","977.000","hPa","0.861","-0.02617","0.00035","0","0","13.56","Humid","24.85","0","70.00","286613.86","SABD0000000001","AAV1.0.0.11","1.1.2.0","PSt7-10","170328-006","1/4/2020 10:31:52","0000-00","0","no battery","V"
"11/02/2020","11:56:21","1","default","640513929","OXY_CH1","41.976","min","155.868","µmol/L","Humid","23.542","deg","44313","µV","26.997","°C","1018.000","hPa","35.3","pmil","0","55.520","deg","20.000","°C","100.000","%a.s.","21.750","deg","20.000","°C","977.000","hPa","0.861","-0.02617","0.00035","0","0","13.56","Humid","24.85","0","70.00","286617.13","SABD0000000001","AAV1.0.0.11","1.1.2.0","PSt7-10","170328-006","1/4/2020 10:31:52","0000-00","0","no battery","V"
"11/02/2020","11:56:22","1","default","640513929","OXY_CH1","41.992","min","155.917","µmol/L","Humid","23.544","deg","44321","µV","26.980","°C","1018.000","hPa","35.3","pmil","0","55.520","deg","20.000","°C","100.000","%a.s.","21.750","deg","20.000","°C","977.000","hPa","0.861","-0.02617","0.00035","0","0","13.56","Humid","24.85","0","70.00","286626.30","SABD0000000001","AAV1.0.0.11","1.1.2.0","PSt7-10","170328-006","1/4/2020 10:31:52","0000-00","0","no battery","V"
"11/02/2020","11:56:23","1","default","640513929","OXY_CH1","42.008","min","155.882","µmol/L","Humid","23.549","deg","44315","µV","26.973","°C","1018.000","hPa","35.3","pmil","0","55.520","deg","20.000","°C","100.000","%a.s.","21.750","deg","20.000","°C","977.000","hPa","0.861","-0.02617","0.00035","0","0","13.56","Humid","24.85","0","70.00","286600.74","SABD0000000001","AAV1.0.0.11","1.1.2.0","PSt7-10","170328-006","1/4/2020 10:31:52","0000-00","0","no battery","V"
"11/02/2020","11:56:24","1","default","640513929","OXY_CH1","42.025","min","155.875","µmol/L","Humid","23.546","deg","44314","µV","26.984","°C","1018.000","hPa","35.3","pmil","0","55.520","deg","20.000","°C","100.000","%a.s.","21.750","deg","20.000","°C","977.000","hPa","0.861","-0.02617","0.00035","0","0","13.56","Humid","24.85","0","70.00","286622.77","SABD0000000001","AAV1.0.0.11","1.1.2.0","PSt7-10","170328-006","1/4/2020 10:31:52","0000-00","0","no battery","V"
"11/02/2020","11:56:25","1","default","640513929","OXY_CH1","42.042","min","155.783","µmol/L","Humid","23.552","deg","44317","µV","26.986","°C","1018.000","hPa","35.3","pmil","0","55.520","deg","20.000","°C","100.000","%a.s.","21.750","deg","20.000","°C","977.000","hPa","0.861","-0.02617","0.00035","0","0","13.56","Humid","24.85","0","70.00","286628.57","SABD0000000001","AAV1.0.0.11","1.1.2.0","PSt7-10","170328-006","1/4/2020 10:31:52","0000-00","0","no battery","V"
"11/02/2020","11:56:26","1","default","640513929","OXY_CH1","42.059","min","155.853","µmol/L","Humid","23.546","deg","44316","µV","26.988","°C","1018.000","hPa","35.3","pmil","0","55.520","deg","20.000","°C","100.000","%a.s.","21.750","deg","20.000","°C","977.000","hPa","0.861","-0.02617","0.00035","0","0","13.56","Humid","24.85","0","70.00","286631.56","SABD0000000001","AAV1.0.0.11","1.1.2.0","PSt7-10","170328-006","1/4/2020 10:31:52","0000-00","0","no battery","V"
"11/02/2020","11:56:27","1","default","640513929","OXY_CH1","42.075","min","155.780","µmol/L","Humid","23.557","deg","44319","µV","26.973","°C","1018.000","hPa","35.3","pmil","0","55.520","deg","20.000","°C","100.000","%a.s.","21.750","deg","20.000","°C","977.000","hPa","0.861","-0.02617","0.00035","0","0","13.56","Humid","24.85","0","70.00","286616.36","SABD0000000001","AAV1.0.0.11","1.1.2.0","PSt7-10","170328-006","1/4/2020 10:31:52","0000-00","0","no battery","V"
"11/02/2020","11:56:28","1","default","640513929","OXY_CH1","42.092","min","155.917","µmol/L","Humid","23.547","deg","44322","µV","26.972","°C","1018.000","hPa","35.3","pmil","0","55.520","deg","20.000","°C","100.000","%a.s.","21.750","deg","20.000","°C","977.000","hPa","0.861","-0.02617","0.00035","0","0","13.56","Humid","24.85","0","70.00","286622.03","SABD0000000001","AAV1.0.0.11","1.1.2.0","PSt7-10","170328-006","1/4/2020 10:31:52","0000-00","0","no battery","V"
"11/02/2020","11:56:29","1","default","640513929","OXY_CH1","42.109","min","155.846","µmol/L","Humid","23.549","deg","44324","µV","26.981","°C","1018.000","hPa","35.3","pmil","0","55.520","deg","20.000","°C","100.000","%a.s.","21.750","deg","20.000","°C","977.000","hPa","0.861","-0.02617","0.00035","0","0","13.56","Humid","24.85","0","70.00","286631.66","SABD0000000001","AAV1.0.0.11","1.1.2.0","PSt7-10","170328-006","1/4/2020 10:31:52","0000-00","0","no battery","V"
"11/02/2020","11:56:30","1","default","640513929","OXY_CH1","42.126","min","155.806","µmol/L","Humid","23.553","deg","44325","µV","26.979","°C","1018.000","hPa","35.3","pmil","0","55.520","deg","20.000","°C","100.000","%a.s.","21.750","deg","20.000","°C","977.000","hPa","0.861","-0.02617","0.00035","0","0","13.56","Humid","24.85","0","70.00","286621.12","SABD0000000001","AAV1.0.0.11","1.1.2.0","PSt7-10","170328-006","1/4/2020 10:31:52","0000-00","0","no battery","V"
"11/02/2020","11:56:31","1","default","640513929","OXY_CH1","42.142","min","155.810","µmol/L","Humid","23.553","deg","44330","µV","26.978","°C","1018.000","hPa","35.3","pmil","0","55.520","deg","20.000","°C","100.000","%a.s.","21.750","deg","20.000","°C","977.000","hPa","0.861","-0.02617","0.00035","0","0","13.56","Humid","24.85","0","70.00","286622.02","SABD0000000001","AAV1.0.0.11","1.1.2.0","PSt7-10","170328-006","1/4/2020 10:31:52","0000-00","0","no battery","V"
"11/02/2020","11:56:32","1","default","640513929","OXY_CH1","42.158","min","155.806","µmol/L","Humid","23.555","deg","44332","µV","26.973","°C","1018.000","hPa","35.3","pmil","0","55.520","deg","20.000","°C","100.000","%a.s.","21.750","deg","20.000","°C","977.000","hPa","0.861","-0.02617","0.00035","0","0","13.56","Humid","24.85","0","70.00","286616.58","SABD0000000001","AAV1.0.0.11","1.1.2.0","PSt7-10","170328-006","1/4/2020 10:31:52","0000-00","0","no battery","V"
"11/02/2020","11:56:33","1","default","640513929","OXY_CH1","42.175","min","155.857","µmol/L","Humid","23.553","deg","44331","µV","26.968","°C","1018.000","hPa","35.3","pmil","0","55.520","deg","20.000","°C","100.000","%a.s.","21.750","deg","20.000","°C","977.000","hPa","0.861","-0.02617","0.00035","0","0","13.56","Humid","24.85","0","70.00","286627.22","SABD0000000001","AAV1.0.0.11","1.1.2.0","PSt7-10","170328-006","1/4/2020 10:31:52","0000-00","0","no battery","V"
"11/02/2020","11:56:34","1","default","640513929","OXY_CH1","42.192","min","155.772","µmol/L","Humid","23.558","deg","44330","µV","26.972","°C","1018.000","hPa","35.3","pmil","0","55.520","deg","20.000","°C","100.000","%a.s.","21.750","deg","20.000","°C","977.000","hPa","0.861","-0.02617","0.00035","0","0","13.56","Humid","24.85","0","70.00","286618.09","SABD0000000001","AAV1.0.0.11","1.1.2.0","PSt7-10","170328-006","1/4/2020 10:31:52","0000-00","0","no battery","V"
"11/02/2020","11:56:35","1","default","640513929","OXY_CH1","42.209","min","155.800","µmol/L","Humid","23.554","deg","44335","µV","26.977","°C","1018.000","hPa","35.3","pmil","0","55.520","deg","20.000","°C","100.000","%a.s.","21.750","deg","20.000","°C","977.000","hPa","0.861","-0.02617","0.00035","0","0","13.56","Humid","24.85","0","70.00","286624.32","SABD0000000001","AAV1.0.0.11","1.1.2.0","PSt7-10","170328-006","1/4/2020 10:31:52","0000-00","0","no battery","V"
"11/02/2020","11:56:36","1","default","640513929","OXY_CH1","42.225","min","155.824","µmol/L","Humid","23.553","deg","44334","µV","26.975","°C","1018.000","hPa","35.3","pmil","0","55.520","deg","20.000","°C","100.000","%a.s.","21.750","deg","20.000","°C","977.000","hPa","0.861","-0.02617","0.00035","0","0","13.56","Humid","24.85","0","70.00","286618.20","SABD0000000001","AAV1.0.0.11","1.1.2.0","PSt7-10","170328-006","1/4/2020 10:31:52","0000-00","0","no battery","V"
"11/02/2020","11:56:37","1","default","640513929","OXY_CH1","42.242","min","155.842","µmol/L","Humid","23.556","deg","44337","µV","26.962","°C","1018.000","hPa","35.3","pmil","0","55.520","deg","20.000","°C","100.000","%a.s.","21.750","deg","20.000","°C","977.000","hPa","0.861","-0.02617","0.00035","0","0","13.56","Humid","24.85","0","70.00","286632.41","SABD0000000001","AAV1.0.0.11","1.1.2.0","PSt7-10","170328-006","1/4/2020 10:31:52","0000-00","0","no battery","V"
"11/02/2020","11:56:38","1","default","640513929","OXY_CH1","42.259","min","155.861","µmol/L","Humid","23.555","deg","44335","µV","26.961","°C","1018.000","hPa","35.3","pmil","0","55.520","deg","20.000","°C","100.000","%a.s.","21.750","deg","20.000","°C","977.000","hPa","0.861","-0.02617","0.00035","0","0","13.56","Humid","24.85","0","70.00","286617.22","SABD0000000001","AAV1.0.0.11","1.1.2.0","PSt7-10","170328-006","1/4/2020 10:31:52","0000-00","0","no battery","V"
"11/02/2020","11:56:39","1","default","640513929","OXY_CH1","42.276","min","155.778","µmol/L","Humid","23.554","deg","44337","µV","26.982","°C","1018.000","hPa","35.3","pmil","0","55.520","deg","20.000","°C","100.000","%a.s.","21.750","deg","20.000","°C","977.000","hPa","0.861","-0.02617","0.00035","0","0","13.56","Humid","24.85","0","70.00","286625.89","SABD0000000001","AAV1.0.0.11","1.1.2.0","PSt7-10","170328-006","1/4/2020 10:31:52","0000-00","0","no battery","V"
"11/02/2020","11:56:40","1","default","640513929","OXY_CH1","42.292","min","155.658","µmol/L","Humid","23.563","deg","44336","µV","26.982","°C","1018.000","hPa","35.3","pmil","0","55.520","deg","20.000","°C","100.000","%a.s.","21.750","deg","20.000","°C","977.000","hPa","0.861","-0.02617","0.00035","0","0","13.56","Humid","24.85","0","70.00","286607.15","SABD0000000001","AAV1.0.0.11","1.1.2.0","PSt7-10","170328-006","1/4/2020 10:31:52","0000-00","0","no battery","V"
"11/02/2020","11:56:41","1","default","640513929","OXY_CH1","42.309","min","155.862","µmol/L","Humid","23.551","deg","44337","µV","26.972","°C","1018.000","hPa","35.3","pmil","0","55.520","deg","20.000","°C","100.000","%a.s.","21.750","deg","20.000","°C","977.000","hPa","0.861","-0.02617","0.00035","0","0","13.56","Humid","24.85","0","70.00","286620.85","SABD0000000001","AAV1.0.0.11","1.1.2.0","PSt7-10","170328-006","1/4/2020 10:31:52","0000-00","0","no battery","V"
"11/02/2020","11:56:42","1","default","640513929","OXY_CH1","42.325","min","155.693","µmol/L","Humid","23.562","deg","44338","µV","26.978","°C","1018.000","hPa","35.3","pmil","0","55.520","deg","20.000","°C","100.000","%a.s.","21.750","deg","20.000","°C","977.000","hPa","0.861","-0.02617","0.00035","0","0","13.56","Humid","24.85","0","70.00","286618.65","SABD0000000001","AAV1.0.0.11","1.1.2.0","PSt7-10","170328-006","1/4/2020 10:31:52","0000-00","0","no battery","V"
"11/02/2020","11:56:43","1","default","640513929","OXY_CH1","42.342","min","155.809","µmol/L","Humid","23.556","deg","44339","µV","26.969","°C","1018.000","hPa","35.3","pmil","0","55.520","deg","20.000","°C","100.000","%a.s.","21.750","deg","20.000","°C","977.000","hPa","0.861","-0.02617","0.00035","0","0","13.56","Humid","24.85","0","70.00","286624.40","SABD0000000001","AAV1.0.0.11","1.1.2.0","PSt7-10","170328-006","1/4/2020 10:31:52","0000-00","0","no battery","V"
"11/02/2020","11:56:44","1","default","640513929","OXY_CH1","42.358","min","155.760","µmol/L","Humid","23.557","deg","44347","µV","26.977","°C","1018.000","hPa","35.3","pmil","0","55.520","deg","20.000","°C","100.000","%a.s.","21.750","deg","20.000","°C","977.000","hPa","0.861","-0.02617","0.00035","0","0","13.56","Humid","24.85","0","70.00","286614.76","SABD0000000001","AAV1.0.0.11","1.1.2.0","PSt7-10","170328-006","1/4/2020 10:31:52","0000-00","0","no battery","V"
"11/02/2020","11:56:45","1","default","640513929","OXY_CH1","42.375","min","155.861","µmol/L","Humid","23.551","deg","44343","µV","26.972","°C","1018.000","hPa","35.3","pmil","0","55.520","deg","20.000","°C","100.000","%a.s.","21.750","deg","20.000","°C","977.000","hPa","0.861","-0.02617","0.00035","0","0","13.56","Humid","24.85","0","70.00","286623.05","SABD0000000001","AAV1.0.0.11","1.1.2.0","PSt7-10","170328-006","1/4/2020 10:31:52","0000-00","0","no battery","V"
"11/02/2020","11:56:46","1","default","640513929","OXY_CH1","42.392","min","155.721","µmol/L","Humid","23.562","deg","44340","µV","26.972","°C","1018.000","hPa","35.3","pmil","0","55.520","deg","20.000","°C","100.000","%a.s.","21.750","deg","20.000","°C","977.000","hPa","0.861","-0.02617","0.00035","0","0","13.56","Humid","24.85","0","70.00","286614.27","SABD0000000001","AAV1.0.0.11","1.1.2.0","PSt7-10","170328-006","1/4/2020 10:31:52","0000-00","0","no battery","V"
"11/02/2020","11:56:47","1","default","640513929","OXY_CH1","42.409","min","155.749","µmol/L","Humid","23.560","deg","44339","µV","26.971","°C","1018.000","hPa","35.3","pmil","0","55.520","deg","20.000","°C","100.000","%a.s.","21.750","deg","20.000","°C","977.000","hPa","0.861","-0.02617","0.00035","0","0","13.56","Humid","24.85","0","70.00","286615.23","SABD0000000001","AAV1.0.0.11","1.1.2.0","PSt7-10","170328-006","1/4/2020 10:31:52","0000-00","0","no battery","V"
"11/02/2020","11:56:48","1","default","640513929","OXY_CH1","42.425","min","155.767","µmol/L","Humid","23.561","deg","44344","µV","26.964","°C","1018.000","hPa","35.3","pmil","0","55.520","deg","20.000","°C","100.000","%a.s.","21.750","deg","20.000","°C","977.000","hPa","0.861","-0.02617","0.00035","0","0","13.56","Humid","24.85","0","70.00","286615.21","SABD0000000001","AAV1.0.0.11","1.1.2.0","PSt7-10","170328-006","1/4/2020 10:31:52","0000-00","0","no battery","V"
"11/02/2020","11:56:49","1","default","640513929","OXY_CH1","42.442","min","155.748","µmol/L","Humid","23.560","deg","44343","µV","26.971","°C","1018.000","hPa","35.3","pmil","0","55.520","deg","20.000","°C","100.000","%a.s.","21.750","deg","20.000","°C","977.000","hPa","0.861","-0.02617","0.00035","0","0","13.56","Humid","24.85","0","70.00","286617.20","SABD0000000001","AAV1.0.0.11","1.1.2.0","PSt7-10","170328-006","1/4/2020 10:31:52","0000-00","0","no battery","V"
"11/02/2020","11:56:50","1","default","640513929","OXY_CH1","42.459","min","155.724","µmol/L","Humid","23.563","deg","44352","µV","26.968","°C","1018.000","hPa","35.3","pmil","0","55.520","deg","20.000","°C","100.000","%a.s.","21.750","deg","20.000","°C","977.000","hPa","0.861","-0.02617","0.00035","0","0","13.56","Humid","24.85","0","70.00","286606.92","SABD0000000001","AAV1.0.0.11","1.1.2.0","PSt7-10","170328-006","1/4/2020 10:31:52","0000-00","0","no battery","V"
"11/02/2020","11:56:51","1","default","640513929","OXY_CH1","42.476","min","155.825","µmol/L","Humid","23.556","deg","44354","µV","26.966","°C","1018.000","hPa","35.3","pmil","0","55.520","deg","20.000","°C","100.000","%a.s.","21.750","deg","20.000","°C","977.000","hPa","0.861","-0.02617","0.00035","0","0","13.56","Humid","24.85","0","70.00","286619.62","SABD0000000001","AAV1.0.0.11","1.1.2.0","PSt7-10","170328-006","1/4/2020 10:31:52","0000-00","0","no battery","V"
"11/02/2020","11:56:52","1","default","640513929","OXY_CH1","42.492","min","155.786","µmol/L","Humid","23.559","deg","44347","µV","26.966","°C","1018.000","hPa","35.3","pmil","0","55.520","deg","20.000","°C","100.000","%a.s.","21.750","deg","20.000","°C","977.000","hPa","0.861","-0.02617","0.00035","0","0","13.56","Humid","24.85","0","70.00","286606.08","SABD0000000001","AAV1.0.0.11","1.1.2.0","PSt7-10","170328-006","1/4/2020 10:31:52","0000-00","0","no battery","V"
"11/02/2020","11:56:53","1","default","640513929","OXY_CH1","42.509","min","155.720","µmol/L","Humid","23.564","deg","44346","µV","26.966","°C","1018.000","hPa","35.3","pmil","0","55.520","deg","20.000","°C","100.000","%a.s.","21.750","deg","20.000","°C","977.000","hPa","0.861","-0.02617","0.00035","0","0","13.56","Humid","24.85","0","70.00","286598.71","SABD0000000001","AAV1.0.0.11","1.1.2.0","PSt7-10","170328-006","1/4/2020 10:31:52","0000-00","0","no battery","V"
"11/02/2020","11:56:54","1","default","640513929","OXY_CH1","42.526","min","155.638","µmol/L","Humid","23.569","deg","44352","µV","26.970","°C","1018.000","hPa","35.3","pmil","0","55.520","deg","20.000","°C","100.000","%a.s.","21.750","deg","20.000","°C","977.000","hPa","0.861","-0.02617","0.00035","0","0","13.56","Humid","24.85","0","70.00","286614.28","SABD0000000001","AAV1.0.0.11","1.1.2.0","PSt7-10","170328-006","1/4/2020 10:31:52","0000-00","0","no battery","V"
"11/02/2020","11:56:55","1","default","640513929","OXY_CH1","42.542","min","155.760","µmol/L","Humid","23.559","deg","44349","µV","26.972","°C","1018.000","hPa","35.3","pmil","0","55.520","deg","20.000","°C","100.000","%a.s.","21.750","deg","20.000","°C","977.000","hPa","0.861","-0.02617","0.00035","0","0","13.56","Humid","24.85","0","70.00","286603.08","SABD0000000001","AAV1.0.0.11","1.1.2.0","PSt7-10","170328-006","1/4/2020 10:31:52","0000-00","0","no battery","V"
"11/02/2020","11:56:56","1","default","640513929","OXY_CH1","42.558","min","155.832","µmol/L","Humid","23.560","deg","44345","µV","26.953","°C","1018.000","hPa","35.3","pmil","0","55.520","deg","20.000","°C","100.000","%a.s.","21.750","deg","20.000","°C","977.000","hPa","0.861","-0.02617","0.00035","0","0","13.56","Humid","24.85","0","70.00","286608.41","SABD0000000001","AAV1.0.0.11","1.1.2.0","PSt7-10","170328-006","1/4/2020 10:31:52","0000-00","0","no battery","V"
"11/02/2020","11:56:57","1","default","640513929","OXY_CH1","42.575","min","155.781","µmol/L","Humid","23.564","deg","44348","µV","26.953","°C","1018.000","hPa","35.3","pmil","0","55.520","deg","20.000","°C","100.000","%a.s.","21.750","deg","20.000","°C","977.000","hPa","0.861","-0.02617","0.00035","0","0","13.56","Humid","24.85","0","70.00","286610.20","SABD0000000001","AAV1.0.0.11","1.1.2.0","PSt7-10","170328-006","1/4/2020 10:31:52","0000-00","0","no battery","V"
"11/02/2020","11:56:58","1","default","640513929","OXY_CH1","42.592","min","155.839","µmol/L","Humid","23.560","deg","44352","µV","26.951","°C","1018.000","hPa","35.3","pmil","0","55.520","deg","20.000","°C","100.000","%a.s.","21.750","deg","20.000","°C","977.000","hPa","0.861","-0.02617","0.00035","0","0","13.56","Humid","24.85","0","70.00","286600.14","SABD0000000001","AAV1.0.0.11","1.1.2.0","PSt7-10","170328-006","1/4/2020 10:31:52","0000-00","0","no battery","V"
"11/02/2020","11:56:59","1","default","640513929","OXY_CH1","42.609","min","155.760","µmol/L","Humid","23.555","deg","44345","µV","26.983","°C","1018.000","hPa","35.3","pmil","0","55.520","deg","20.000","°C","100.000","%a.s.","21.750","deg","20.000","°C","977.000","hPa","0.861","-0.02617","0.00035","0","0","13.56","Humid","24.85","0","70.00","286616.78","SABD0000000001","AAV1.0.0.11","1.1.2.0","PSt7-10","170328-006","1/4/2020 10:31:52","0000-00","0","no battery","V"
"11/02/2020","11:57:00","1","default","640513929","OXY_CH1","42.625","min","155.835","µmol/L","Humid","23.554","deg","44350","µV","26.969","°C","1018.000","hPa","35.3","pmil","0","55.520","deg","20.000","°C","100.000","%a.s.","21.750","deg","20.000","°C","977.000","hPa","0.861","-0.02617","0.00035","0","0","13.56","Humid","24.85","0","70.00","286619.05","SABD0000000001","AAV1.0.0.11","1.1.2.0","PSt7-10","170328-006","1/4/2020 10:31:52","0000-00","0","no battery","V"
"11/02/2020","11:57:01","1","default","640513929","OXY_CH1","42.642","min","155.684","µmol/L","Humid","23.565","deg","44346","µV","26.971","°C","1018.000","hPa","35.3","pmil","0","55.520","deg","20.000","°C","100.000","%a.s.","21.750","deg","20.000","°C","977.000","hPa","0.861","-0.02617","0.00035","0","0","13.56","Humid","24.85","0","70.00","286618.24","SABD0000000001","AAV1.0.0.11","1.1.2.0","PSt7-10","170328-006","1/4/2020 10:31:52","0000-00","0","no battery","V"
"11/02/2020","11:57:02","1","default","640513929","OXY_CH1","42.659","min","155.779","µmol/L","Humid","23.561","deg","44352","µV","26.962","°C","1018.000","hPa","35.3","pmil","0","55.520","deg","20.000","°C","100.000","%a.s.","21.750","deg","20.000","°C","977.000","hPa","0.861","-0.02617","0.00035","0","0","13.56","Humid","24.85","0","70.00","286611.71","SABD0000000001","AAV1.0.0.11","1.1.2.0","PSt7-10","170328-006","1/4/2020 10:31:52","0000-00","0","no battery","V"
"11/02/2020","11:57:03","1","default","640513929","OXY_CH1","42.676","min","155.672","µmol/L","Humid","23.564","deg","44351","µV","26.977","°C","1018.000","hPa","35.3","pmil","0","55.520","deg","20.000","°C","100.000","%a.s.","21.750","deg","20.000","°C","977.000","hPa","0.861","-0.02617","0.00035","0","0","13.56","Humid","24.85","0","70.00","286616.93","SABD0000000001","AAV1.0.0.11","1.1.2.0","PSt7-10","170328-006","1/4/2020 10:31:52","0000-00","0","no battery","V"
"11/02/2020","11:57:04","1","default","640513929","OXY_CH1","42.692","min","155.592","µmol/L","Humid","23.567","deg","44353","µV","26.985","°C","1018.000","hPa","35.3","pmil","0","55.520","deg","20.000","°C","100.000","%a.s.","21.750","deg","20.000","°C","977.000","hPa","0.861","-0.02617","0.00035","0","0","13.56","Humid","24.85","0","70.00","286609.08","SABD0000000001","AAV1.0.0.11","1.1.2.0","PSt7-10","170328-006","1/4/2020 10:31:52","0000-00","0","no battery","V"
"11/02/2020","11:57:05","1","default","640513929","OXY_CH1","42.708","min","155.746","µmol/L","Humid","23.563","deg","44354","µV","26.963","°C","1018.000","hPa","35.3","pmil","0","55.520","deg","20.000","°C","100.000","%a.s.","21.750","deg","20.000","°C","977.000","hPa","0.861","-0.02617","0.00035","0","0","13.56","Humid","24.85","0","70.00","286608.18","SABD0000000001","AAV1.0.0.11","1.1.2.0","PSt7-10","170328-006","1/4/2020 10:31:52","0000-00","0","no battery","V"
"11/02/2020","11:57:06","1","default","640513929","OXY_CH1","42.725","min","155.653","µmol/L","Humid","23.569","deg","44354","µV","26.966","°C","1018.000","hPa","35.3","pmil","0","55.520","deg","20.000","°C","100.000","%a.s.","21.750","deg","20.000","°C","977.000","hPa","0.861","-0.02617","0.00035","0","0","13.56","Humid","24.85","0","70.00","286607.49","SABD0000000001","AAV1.0.0.11","1.1.2.0","PSt7-10","170328-006","1/4/2020 10:31:52","0000-00","0","no battery","V"
"11/02/2020","11:57:07","1","default","640513929","OXY_CH1","42.742","min","155.750","µmol/L","Humid","23.565","deg","44356","µV","26.956","°C","1018.000","hPa","35.3","pmil","0","55.520","deg","20.000","°C","100.000","%a.s.","21.750","deg","20.000","°C","977.000","hPa","0.861","-0.02617","0.00035","0","0","13.56","Humid","24.85","0","70.00","286609.69","SABD0000000001","AAV1.0.0.11","1.1.2.0","PSt7-10","170328-006","1/4/2020 10:31:52","0000-00","0","no battery","V"
"11/02/2020","11:57:08","1","default","640513929","OXY_CH1","42.759","min","155.743","µmol/L","Humid","23.562","deg","44355","µV","26.967","°C","1018.000","hPa","35.3","pmil","0","55.520","deg","20.000","°C","100.000","%a.s.","21.750","deg","20.000","°C","977.000","hPa","0.861","-0.02617","0.00035","0","0","13.56","Humid","24.85","0","70.00","286602.06","SABD0000000001","AAV1.0.0.11","1.1.2.0","PSt7-10","170328-006","1/4/2020 10:31:52","0000-00","0","no battery","V"
"11/02/2020","11:57:09","1","default","640513929","OXY_CH1","42.775","min","155.717","µmol/L","Humid","23.567","deg","44350","µV","26.958","°C","1018.000","hPa","35.3","pmil","0","55.520","deg","20.000","°C","100.000","%a.s.","21.750","deg","20.000","°C","977.000","hPa","0.861","-0.02617","0.00035","0","0","13.56","Humid","24.85","0","70.00","286608.19","SABD0000000001","AAV1.0.0.11","1.1.2.0","PSt7-10","170328-006","1/4/2020 10:31:52","0000-00","0","no battery","V"
"11/02/2020","11:57:10","1","default","640513929","OXY_CH1","42.792","min","155.680","µmol/L","Humid","23.570","deg","44360","µV","26.958","°C","1018.000","hPa","35.3","pmil","0","55.520","deg","20.000","°C","100.000","%a.s.","21.750","deg","20.000","°C","977.000","hPa","0.861","-0.02617","0.00035","0","0","13.56","Humid","24.85","0","70.00","286607.03","SABD0000000001","AAV1.0.0.11","1.1.2.0","PSt7-10","170328-006","1/4/2020 10:31:52","0000-00","0","no battery","V"
"11/02/2020","11:57:11","1","default","640513929","OXY_CH1","42.809","min","155.743","µmol/L","Humid","23.566","deg","44356","µV","26.955","°C","1018.000","hPa","35.3","pmil","0","55.520","deg","20.000","°C","100.000","%a.s.","21.750","deg","20.000","°C","977.000","hPa","0.861","-0.02617","0.00035","0","0","13.56","Humid","24.85","0","70.00","286613.59","SABD0000000001","AAV1.0.0.11","1.1.2.0","PSt7-10","170328-006","1/4/2020 10:31:52","0000-00","0","no battery","V"
"11/02/2020","11:57:12","1","default","640513929","OXY_CH1","42.826","min","155.814","µmol/L","Humid","23.560","deg","44359","µV","26.957","°C","1018.000","hPa","35.3","pmil","0","55.520","deg","20.000","°C","100.000","%a.s.","21.750","deg","20.000","°C","977.000","hPa","0.861","-0.02617","0.00035","0","0","13.56","Humid","24.85","0","70.00","286615.78","SABD0000000001","AAV1.0.0.11","1.1.2.0","PSt7-10","170328-006","1/4/2020 10:31:52","0000-00","0","no battery","V"
"11/02/2020","11:57:13","1","default","640513929","OXY_CH1","42.842","min","155.523","µmol/L","Humid","23.580","deg","44362","µV","26.964","°C","1018.000","hPa","35.3","pmil","0","55.520","deg","20.000","°C","100.000","%a.s.","21.750","deg","20.000","°C","977.000","hPa","0.861","-0.02617","0.00035","0","0","13.56","Humid","24.85","0","70.00","286599.08","SABD0000000001","AAV1.0.0.11","1.1.2.0","PSt7-10","170328-006","1/4/2020 10:31:52","0000-00","0","no battery","V"
"11/02/2020","11:57:14","1","default","640513929","OXY_CH1","42.859","min","155.738","µmol/L","Humid","23.563","deg","44354","µV","26.965","°C","1018.000","hPa","35.3","pmil","0","55.520","deg","20.000","°C","100.000","%a.s.","21.750","deg","20.000","°C","977.000","hPa","0.861","-0.02617","0.00035","0","0","13.56","Humid","24.85","0","70.00","286608.51","SABD0000000001","AAV1.0.0.11","1.1.2.0","PSt7-10","170328-006","1/4/2020 10:31:52","0000-00","0","no battery","V"
"11/02/2020","11:57:15","1","default","640513929","OXY_CH1","42.875","min","155.629","µmol/L","Humid","23.569","deg","44362","µV","26.972","°C","1018.000","hPa","35.3","pmil","0","55.520","deg","20.000","°C","100.000","%a.s.","21.750","deg","20.000","°C","977.000","hPa","0.861","-0.02617","0.00035","0","0","13.56","Humid","24.85","0","70.00","286605.71","SABD0000000001","AAV1.0.0.11","1.1.2.0","PSt7-10","170328-006","1/4/2020 10:31:52","0000-00","0","no battery","V"
"11/02/2020","11:57:16","1","default","640513929","OXY_CH1","42.892","min","155.767","µmol/L","Humid","23.566","deg","44358","µV","26.950","°C","1018.000","hPa","35.3","pmil","0","55.520","deg","20.000","°C","100.000","%a.s.","21.750","deg","20.000","°C","977.000","hPa","0.861","-0.02617","0.00035","0","0","13.56","Humid","24.85","0","70.00","286611.92","SABD0000000001","AAV1.0.0.11","1.1.2.0","PSt7-10","170328-006","1/4/2020 10:31:52","0000-00","0","no battery","V"
"11/02/2020","11:57:17","1","default","640513929","OXY_CH1","42.908","min","155.668","µmol/L","Humid","23.570","deg","44352","µV","26.960","°C","1018.000","hPa","35.3","pmil","0","55.520","deg","20.000","°C","100.000","%a.s.","21.750","deg","20.000","°C","977.000","hPa","0.861","-0.02617","0.00035","0","0","13.56","Humid","24.85","0","70.00","286595.45","SABD0000000001","AAV1.0.0.11","1.1.2.0","PSt7-10","170328-006","1/4/2020 10:31:52","0000-00","0","no battery","V"
"11/02/2020","11:57:18","1","default","640513929","OXY_CH1","42.925","min","155.547","µmol/L","Humid","23.577","deg","44345","µV","26.967","°C","1018.000","hPa","35.3","pmil","0","55.520","deg","20.000","°C","100.000","%a.s.","21.750","deg","20.000","°C","977.000","hPa","0.861","-0.02617","0.00035","0","0","13.56","Humid","24.85","0","70.00","286601.30","SABD0000000001","AAV1.0.0.11","1.1.2.0","PSt7-10","170328-006","1/4/2020 10:31:52","0000-00","0","no battery","V"
"11/02/2020","11:57:19","1","default","640513929","OXY_CH1","42.942","min","155.621","µmol/L","Humid","23.571","deg","44354","µV","26.968","°C","1018.000","hPa","35.3","pmil","0","55.520","deg","20.000","°C","100.000","%a.s.","21.750","deg","20.000","°C","977.000","hPa","0.861","-0.02617","0.00035","0","0","13.56","Humid","24.85","0","70.00","286603.36","SABD0000000001","AAV1.0.0.11","1.1.2.0","PSt7-10","170328-006","1/4/2020 10:31:52","0000-00","0","no battery","V"
"11/02/2020","11:57:20","1","default","640513929","OXY_CH1","42.959","min","155.683","µmol/L","Humid","23.571","deg","44355","µV","26.954","°C","1018.000","hPa","35.3","pmil","0","55.520","deg","20.000","°C","100.000","%a.s.","21.750","deg","20.000","°C","977.000","hPa","0.861","-0.02617","0.00035","0","0","13.56","Humid","24.85","0","70.00","286611.56","SABD0000000001","AAV1.0.0.11","1.1.2.0","PSt7-10","170328-006","1/4/2020 10:31:52","0000-00","0","no battery","V"
"11/02/2020","11:57:21","1","default","640513929","OXY_CH1","42.975","min","155.626","µmol/L","Humid","23.576","deg","44353","µV","26.952","°C","1018.000","hPa","35.3","pmil","0","55.520","deg","20.000","°C","100.000","%a.s.","21.750","deg","20.000","°C","977.000","hPa","0.861","-0.02617","0.00035","0","0","13.56","Humid","24.85","0","70.00","286593.42","SABD0000000001","AAV1.0.0.11","1.1.2.0","PSt7-10","170328-006","1/4/2020 10:31:52","0000-00","0","no battery","V"
"11/02/2020","11:57:22","1","default","640513929","OXY_CH1","42.992","min","155.665","µmol/L","Humid","23.572","deg","44352","µV","26.955","°C","1018.000","hPa","35.3","pmil","0","55.520","deg","20.000","°C","100.000","%a.s.","21.750","deg","20.000","°C","977.000","hPa","0.861","-0.02617","0.00035","0","0","13.56","Humid","24.85","0","70.00","286605.23","SABD0000000001","AAV1.0.0.11","1.1.2.0","PSt7-10","170328-006","1/4/2020 10:31:52","0000-00","0","no battery","V"
"11/02/2020","11:57:23","1","default","640513929","OXY_CH1","43.009","min","155.645","µmol/L","Humid","23.571","deg","44358","µV","26.963","°C","1018.000","hPa","35.3","pmil","0","55.520","deg","20.000","°C","100.000","%a.s.","21.750","deg","20.000","°C","977.000","hPa","0.861","-0.02617","0.00035","0","0","13.56","Humid","24.85","0","70.00","286602.48","SABD0000000001","AAV1.0.0.11","1.1.2.0","PSt7-10","170328-006","1/4/2020 10:31:52","0000-00","0","no battery","V"
"11/02/2020","11:57:24","1","default","640513929","OXY_CH1","43.026","min","155.549","µmol/L","Humid","23.580","deg","44362","µV","26.958","°C","1018.000","hPa","35.3","pmil","0","55.520","deg","20.000","°C","100.000","%a.s.","21.750","deg","20.000","°C","977.000","hPa","0.861","-0.02617","0.00035","0","0","13.56","Humid","24.85","0","70.00","286604.29","SABD0000000001","AAV1.0.0.11","1.1.2.0","PSt7-10","170328-006","1/4/2020 10:31:52","0000-00","0","no battery","V"
"11/02/2020","11:57:25","1","default","640513929","OXY_CH1","43.042","min","155.663","µmol/L","Humid","23.572","deg","44357","µV","26.956","°C","1018.000","hPa","35.3","pmil","0","55.520","deg","20.000","°C","100.000","%a.s.","21.750","deg","20.000","°C","977.000","hPa","0.861","-0.02617","0.00035","0","0","13.56","Humid","24.85","0","70.00","286599.03","SABD0000000001","AAV1.0.0.11","1.1.2.0","PSt7-10","170328-006","1/4/2020 10:31:52","0000-00","0","no battery","V"
"11/02/2020","11:57:26","1","default","640513929","OXY_CH1","43.059","min","155.637","µmol/L","Humid","23.575","deg","44356","µV","26.953","°C","1018.000","hPa","35.3","pmil","0","55.520","deg","20.000","°C","100.000","%a.s.","21.750","deg","20.000","°C","977.000","hPa","0.861","-0.02617","0.00035","0","0","13.56","Humid","24.85","0","70.00","286605.93","SABD0000000001","AAV1.0.0.11","1.1.2.0","PSt7-10","170328-006","1/4/2020 10:31:52","0000-00","0","no battery","V"
"11/02/2020","11:57:27","1","default","640513929","OXY_CH1","43.075","min","155.561","µmol/L","Humid","23.574","deg","44358","µV","26.972","°C","1018.000","hPa","35.3","pmil","0","55.520","deg","20.000","°C","100.000","%a.s.","21.750","deg","20.000","°C","977.000","hPa","0.861","-0.02617","0.00035","0","0","13.56","Humid","24.85","0","70.00","286602.98","SABD0000000001","AAV1.0.0.11","1.1.2.0","PSt7-10","170328-006","1/4/2020 10:31:52","0000-00","0","no battery","V"
"11/02/2020","11:57:28","1","default","640513929","OXY_CH1","43.092","min","155.605","µmol/L","Humid","23.575","deg","44355","µV","26.960","°C","1018.000","hPa","35.3","pmil","0","55.520","deg","20.000","°C","100.000","%a.s.","21.750","deg","20.000","°C","977.000","hPa","0.861","-0.02617","0.00035","0","0","13.56","Humid","24.85","0","70.00","286595.56","SABD0000000001","AAV1.0.0.11","1.1.2.0","PSt7-10","170328-006","1/4/2020 10:31:52","0000-00","0","no battery","V"
"11/02/2020","11:57:29","1","default","640513929","OXY_CH1","43.108","min","155.708","µmol/L","Humid","23.567","deg","44350","µV","26.960","°C","1018.000","hPa","35.3","pmil","0","55.520","deg","20.000","°C","100.000","%a.s.","21.750","deg","20.000","°C","977.000","hPa","0.861","-0.02617","0.00035","0","0","13.56","Humid","24.85","0","70.00","286594.72","SABD0000000001","AAV1.0.0.11","1.1.2.0","PSt7-10","170328-006","1/4/2020 10:31:52","0000-00","0","no battery","V"
"11/02/2020","11:57:30","1","default","640513929","OXY_CH1","43.125","min","155.773","µmol/L","Humid","23.564","deg","44355","µV","26.954","°C","1018.000","hPa","35.3","pmil","0","55.520","deg","20.000","°C","100.000","%a.s.","21.750","deg","20.000","°C","977.000","hPa","0.861","-0.02617","0.00035","0","0","13.56","Humid","24.85","0","70.00","286601.15","SABD0000000001","AAV1.0.0.11","1.1.2.0","PSt7-10","170328-006","1/4/2020 10:31:52","0000-00","0","no battery","V"
"11/02/2020","11:57:31","1","default","640513929","OXY_CH1","43.142","min","155.682","µmol/L","Humid","23.570","deg","44358","µV","26.957","°C","1018.000","hPa","35.3","pmil","0","55.520","deg","20.000","°C","100.000","%a.s.","21.750","deg","20.000","°C","977.000","hPa","0.861","-0.02617","0.00035","0","0","13.56","Humid","24.85","0","70.00","286599.28","SABD0000000001","AAV1.0.0.11","1.1.2.0","PSt7-10","170328-006","1/4/2020 10:31:52","0000-00","0","no battery","V"
"11/02/2020","11:57:32","1","default","640513929","OXY_CH1","43.159","min","155.608","µmol/L","Humid","23.577","deg","44355","µV","26.953","°C","1018.000","hPa","35.3","pmil","0","55.520","deg","20.000","°C","100.000","%a.s.","21.750","deg","20.000","°C","977.000","hPa","0.861","-0.02617","0.00035","0","0","13.56","Humid","24.85","0","70.00","286609.88","SABD0000000001","AAV1.0.0.11","1.1.2.0","PSt7-10","170328-006","1/4/2020 10:31:52","0000-00","0","no battery","V"
"11/02/2020","11:57:33","1","default","640513929","OXY_CH1","43.176","min","155.569","µmol/L","Humid","23.579","deg","44354","µV","26.956","°C","1018.000","hPa","35.3","pmil","0","55.520","deg","20.000","°C","100.000","%a.s.","21.750","deg","20.000","°C","977.000","hPa","0.861","-0.02617","0.00035","0","0","13.56","Humid","24.85","0","70.00","286598.33","SABD0000000001","AAV1.0.0.11","1.1.2.0","PSt7-10","170328-006","1/4/2020 10:31:52","0000-00","0","no battery","V"
"11/02/2020","11:57:34","1","default","640513929","OXY_CH1","43.192","min","155.706","µmol/L","Humid","23.573","deg","44362","µV","26.943","°C","1018.000","hPa","35.3","pmil","0","55.520","deg","20.000","°C","100.000","%a.s.","21.750","deg","20.000","°C","977.000","hPa","0.861","-0.02617","0.00035","0","0","13.56","Humid","24.85","0","70.00","286603.21","SABD0000000001","AAV1.0.0.11","1.1.2.0","PSt7-10","170328-006","1/4/2020 10:31:52","0000-00","0","no battery","V"
"11/02/2020","11:57:35","1","default","640513929","OXY_CH1","43.209","min","155.705","µmol/L","Humid","23.570","deg","44353","µV","26.952","°C","1018.000","hPa","35.3","pmil","0","55.520","deg","20.000","°C","100.000","%a.s.","21.750","deg","20.000","°C","977.000","hPa","0.861","-0.02617","0.00035","0","0","13.56","Humid","24.85","0","70.00","286607.97","SABD0000000001","AAV1.0.0.11","1.1.2.0","PSt7-10","170328-006","1/4/2020 10:31:52","0000-00","0","no battery","V"
"11/02/2020","11:57:36","1","default","640513929","OXY_CH1","43.225","min","155.601","µmol/L","Humid","23.576","deg","44355","µV","26.958","°C","1018.000","hPa","35.3","pmil","0","55.520","deg","20.000","°C","100.000","%a.s.","21.750","deg","20.000","°C","977.000","hPa","0.861","-0.02617","0.00035","0","0","13.56","Humid","24.85","0","70.00","286610.74","SABD0000000001","AAV1.0.0.11","1.1.2.0","PSt7-10","170328-006","1/4/2020 10:31:52","0000-00","0","no battery","V"
"11/02/2020","11:57:37","1","default","640513929","OXY_CH1","43.242","min","155.597","µmol/L","Humid","23.574","deg","44353","µV","26.964","°C","1018.000","hPa","35.3","pmil","0","55.520","deg","20.000","°C","100.000","%a.s.","21.750","deg","20.000","°C","977.000","hPa","0.861","-0.02617","0.00035","0","0","13.56","Humid","24.85","0","70.00","286598.44","SABD0000000001","AAV1.0.0.11","1.1.2.0","PSt7-10","170328-006","1/4/2020 10:31:52","0000-00","0","no battery","V"
"11/02/2020","11:57:38","1","default","640513929","OXY_CH1","43.258","min","155.585","µmol/L","Humid","23.572","deg","44356","µV","26.973","°C","1018.000","hPa","35.3","pmil","0","55.520","deg","20.000","°C","100.000","%a.s.","21.750","deg","20.000","°C","977.000","hPa","0.861","-0.02617","0.00035","0","0","13.56","Humid","24.85","0","70.00","286591.99","SABD0000000001","AAV1.0.0.11","1.1.2.0","PSt7-10","170328-006","1/4/2020 10:31:52","0000-00","0","no battery","V"
"11/02/2020","11:57:39","1","default","640513929","OXY_CH1","43.275","min","155.610","µmol/L","Humid","23.579","deg","44362","µV","26.947","°C","1018.000","hPa","35.3","pmil","0","55.520","deg","20.000","°C","100.000","%a.s.","21.750","deg","20.000","°C","977.000","hPa","0.861","-0.02617","0.00035","0","0","13.56","Humid","24.85","0","70.00","286598.71","SABD0000000001","AAV1.0.0.11","1.1.2.0","PSt7-10","170328-006","1/4/2020 10:31:52","0000-00","0","no battery","V"
"11/02/2020","11:57:40","1","default","640513929","OXY_CH1","43.292","min","155.594","µmol/L","Humid","23.578","deg","44359","µV","26.954","°C","1018.000","hPa","35.3","pmil","0","55.520","deg","20.000","°C","100.000","%a.s.","21.750","deg","20.000","°C","977.000","hPa","0.861","-0.02617","0.00035","0","0","13.56","Humid","24.85","0","70.00","286601.31","SABD0000000001","AAV1.0.0.11","1.1.2.0","PSt7-10","170328-006","1/4/2020 10:31:52","0000-00","0","no battery","V"
"11/02/2020","11:57:41","1","default","640513929","OXY_CH1","43.309","min","155.684","µmol/L","Humid","23.573","deg","44357","µV","26.948","°C","1018.000","hPa","35.3","pmil","0","55.520","deg","20.000","°C","100.000","%a.s.","21.750","deg","20.000","°C","977.000","hPa","0.861","-0.02617","0.00035","0","0","13.56","Humid","24.85","0","70.00","286602.29","SABD0000000001","AAV1.0.0.11","1.1.2.0","PSt7-10","170328-006","1/4/2020 10:31:52","0000-00","0","no battery","V"
"11/02/2020","11:57:42","1","default","640513929","OXY_CH1","43.326","min","155.565","µmol/L","Humid","23.581","deg","44354","µV","26.951","°C","1018.000","hPa","35.3","pmil","0","55.520","deg","20.000","°C","100.000","%a.s.","21.750","deg","20.000","°C","977.000","hPa","0.861","-0.02617","0.00035","0","0","13.56","Humid","24.85","0","70.00","286597.05","SABD0000000001","AAV1.0.0.11","1.1.2.0","PSt7-10","170328-006","1/4/2020 10:31:52","0000-00","0","no battery","V"
"11/02/2020","11:57:43","1","default","640513929","OXY_CH1","43.342","min","155.616","µmol/L","Humid","23.578","deg","44343","µV","26.949","°C","1018.000","hPa","35.3","pmil","0","55.520","deg","20.000","°C","100.000","%a.s.","21.750","deg","20.000","°C","977.000","hPa","0.861","-0.02617","0.00035","0","0","13.56","Humid","24.85","0","70.00","286577.51","SABD0000000001","AAV1.0.0.11","1.1.2.0","PSt7-10","170328-006","1/4/2020 10:31:52","0000-00","0","no battery","V"
"11/02/2020","11:57:44","1","default","640513929","OXY_CH1","43.359","min","155.669","µmol/L","Humid","23.579","deg","44345","µV","26.934","°C","1018.000","hPa","35.3","pmil","0","55.520","deg","20.000","°C","100.000","%a.s.","21.750","deg","20.000","°C","977.000","hPa","0.861","-0.02617","0.00035","0","0","13.56","Humid","24.85","0","70.00","286584.47","SABD0000000001","AAV1.0.0.11","1.1.2.0","PSt7-10","170328-006","1/4/2020 10:31:52","0000-00","0","no battery","V"
"11/02/2020","11:57:45","1","default","640513929","OXY_CH1","43.375","min","155.449","µmol/L","Humid","23.588","deg","44348","µV","26.957","°C","1018.000","hPa","35.3","pmil","0","55.520","deg","20.000","°C","100.000","%a.s.","21.750","deg","20.000","°C","977.000","hPa","0.861","-0.02617","0.00035","0","0","13.56","Humid","24.85","0","70.00","286592.69","SABD0000000001","AAV1.0.0.11","1.1.2.0","PSt7-10","170328-006","1/4/2020 10:31:52","0000-00","0","no battery","V"
"11/02/2020","11:57:46","1","default","640513929","OXY_CH1","43.392","min","155.548","µmol/L","Humid","23.578","deg","44347","µV","26.964","°C","1018.000","hPa","35.3","pmil","0","55.520","deg","20.000","°C","100.000","%a.s.","21.750","deg","20.000","°C","977.000","hPa","0.861","-0.02617","0.00035","0","0","13.56","Humid","24.85","0","70.00","286581.17","SABD0000000001","AAV1.0.0.11","1.1.2.0","PSt7-10","170328-006","1/4/2020 10:31:52","0000-00","0","no battery","V"
"11/02/2020","11:57:47","1","default","640513929","OXY_CH1","43.408","min","155.581","µmol/L","Humid","23.580","deg","44346","µV","26.951","°C","1018.000","hPa","35.3","pmil","0","55.520","deg","20.000","°C","100.000","%a.s.","21.750","deg","20.000","°C","977.000","hPa","0.861","-0.02617","0.00035","0","0","13.56","Humid","24.85","0","70.00","286587.30","SABD0000000001","AAV1.0.0.11","1.1.2.0","PSt7-10","170328-006","1/4/2020 10:31:52","0000-00","0","no battery","V"
"11/02/2020","11:57:48","1","default","640513929","OXY_CH1","43.425","min","155.549","µmol/L","Humid","23.583","deg","44349","µV","26.949","°C","1018.000","hPa","35.3","pmil","0","55.520","deg","20.000","°C","100.000","%a.s.","21.750","deg","20.000","°C","977.000","hPa","0.861","-0.02617","0.00035","0","0","13.56","Humid","24.85","0","70.00","286604.07","SABD0000000001","AAV1.0.0.11","1.1.2.0","PSt7-10","170328-006","1/4/2020 10:31:52","0000-00","0","no battery","V"
"11/02/2020","11:57:49","1","default","640513929","OXY_CH1","43.442","min","155.541","µmol/L","Humid","23.583","deg","44356","µV","26.951","°C","1018.000","hPa","35.3","pmil","0","55.520","deg","20.000","°C","100.000","%a.s.","21.750","deg","20.000","°C","977.000","hPa","0.861","-0.02617","0.00035","0","0","13.56","Humid","24.85","0","70.00","286592.93","SABD0000000001","AAV1.0.0.11","1.1.2.0","PSt7-10","170328-006","1/4/2020 10:31:52","0000-00","0","no battery","V"
"11/02/2020","11:57:50","1","default","640513929","OXY_CH1","43.459","min","155.571","µmol/L","Humid","23.582","deg","44356","µV","26.947","°C","1018.000","hPa","35.3","pmil","0","55.520","deg","20.000","°C","100.000","%a.s.","21.750","deg","20.000","°C","977.000","hPa","0.861","-0.02617","0.00035","0","0","13.56","Humid","24.85","0","70.00","286599.71","SABD0000000001","AAV1.0.0.11","1.1.2.0","PSt7-10","170328-006","1/4/2020 10:31:52","0000-00","0","no battery","V"
"11/02/2020","11:57:51","1","default","640513929","OXY_CH1","43.476","min","155.651","µmol/L","Humid","23.577","deg","44359","µV","26.944","°C","1018.000","hPa","35.3","pmil","0","55.520","deg","20.000","°C","100.000","%a.s.","21.750","deg","20.000","°C","977.000","hPa","0.861","-0.02617","0.00035","0","0","13.56","Humid","24.85","0","70.00","286599.73","SABD0000000001","AAV1.0.0.11","1.1.2.0","PSt7-10","170328-006","1/4/2020 10:31:52","0000-00","0","no battery","V"
"11/02/2020","11:57:52","1","default","640513929","OXY_CH1","43.492","min","155.591","µmol/L","Humid","23.580","deg","44353","µV","26.949","°C","1018.000","hPa","35.3","pmil","0","55.520","deg","20.000","°C","100.000","%a.s.","21.750","deg","20.000","°C","977.000","hPa","0.861","-0.02617","0.00035","0","0","13.56","Humid","24.85","0","70.00","286597.70","SABD0000000001","AAV1.0.0.11","1.1.2.0","PSt7-10","170328-006","1/4/2020 10:31:52","0000-00","0","no battery","V"
"11/02/2020","11:57:53","1","default","640513929","OXY_CH1","43.509","min","155.635","µmol/L","Humid","23.583","deg","44359","µV","26.930","°C","1018.000","hPa","35.3","pmil","0","55.520","deg","20.000","°C","100.000","%a.s.","21.750","deg","20.000","°C","977.000","hPa","0.861","-0.02617","0.00035","0","0","13.56","Humid","24.85","0","70.00","286600.72","SABD0000000001","AAV1.0.0.11","1.1.2.0","PSt7-10","170328-006","1/4/2020 10:31:52","0000-00","0","no battery","V"
"11/02/2020","11:57:54","1","default","640513929","OXY_CH1","43.525","min","155.614","µmol/L","Humid","23.581","deg","44356","µV","26.941","°C","1018.000","hPa","35.3","pmil","0","55.520","deg","20.000","°C","100.000","%a.s.","21.750","deg","20.000","°C","977.000","hPa","0.861","-0.02617","0.00035","0","0","13.56","Humid","24.85","0","70.00","286594.24","SABD0000000001","AAV1.0.0.11","1.1.2.0","PSt7-10","170328-006","1/4/2020 10:31:52","0000-00","0","no battery","V"
"11/02/2020","11:57:55","1","default","640513929","OXY_CH1","43.542","min","155.620","µmol/L","Humid","23.584","deg","44356","µV","26.931","°C","1018.000","hPa","35.3","pmil","0","55.520","deg","20.000","°C","100.000","%a.s.","21.750","deg","20.000","°C","977.000","hPa","0.861","-0.02617","0.00035","0","0","13.56","Humid","24.85","0","70.00","286588.68","SABD0000000001","AAV1.0.0.11","1.1.2.0","PSt7-10","170328-006","1/4/2020 10:31:52","0000-00","0","no battery","V"
"11/02/2020","11:57:56","1","default","640513929","OXY_CH1","43.558","min","155.428","µmol/L","Humid","23.586","deg","44362","µV","26.967","°C","1018.000","hPa","35.3","pmil","0","55.520","deg","20.000","°C","100.000","%a.s.","21.750","deg","20.000","°C","977.000","hPa","0.861","-0.02617","0.00035","0","0","13.56","Humid","24.85","0","70.00","286592.56","SABD0000000001","AAV1.0.0.11","1.1.2.0","PSt7-10","170328-006","1/4/2020 10:31:52","0000-00","0","no battery","V"
"11/02/2020","11:57:57","1","default","640513929","OXY_CH1","43.575","min","155.506","µmol/L","Humid","23.587","deg","44356","µV","26.947","°C","1018.000","hPa","35.3","pmil","0","55.520","deg","20.000","°C","100.000","%a.s.","21.750","deg","20.000","°C","977.000","hPa","0.861","-0.02617","0.00035","0","0","13.56","Humid","24.85","0","70.00","286604.87","SABD0000000001","AAV1.0.0.11","1.1.2.0","PSt7-10","170328-006","1/4/2020 10:31:52","0000-00","0","no battery","V"
"11/02/2020","11:57:58","1","default","640513929","OXY_CH1","43.592","min","155.498","µmol/L","Humid","23.586","deg","44362","µV","26.952","°C","1018.000","hPa","35.3","pmil","0","55.520","deg","20.000","°C","100.000","%a.s.","21.750","deg","20.000","°C","977.000","hPa","0.861","-0.02617","0.00035","0","0","13.56","Humid","24.85","0","70.00","286588.17","SABD0000000001","AAV1.0.0.11","1.1.2.0","PSt7-10","170328-006","1/4/2020 10:31:52","0000-00","0","no battery","V"
"11/02/2020","11:57:59","1","default","640513929","OXY_CH1","43.609","min","155.503","µmol/L","Humid","23.585","deg","44365","µV","26.954","°C","1018.000","hPa","35.3","pmil","0","55.520","deg","20.000","°C","100.000","%a.s.","21.750","deg","20.000","°C","977.000","hPa","0.861","-0.02617","0.00035","0","0","13.56","Humid","24.85","0","70.00","286597.58","SABD0000000001","AAV1.0.0.11","1.1.2.0","PSt7-10","170328-006","1/4/2020 10:31:52","0000-00","0","no battery","V"
"11/02/2020","11:58:00","1","default","640513929","OXY_CH1","43.625","min","155.552","µmol/L","Humid","23.584","deg","44368","µV","26.946","°C","1018.000","hPa","35.3","pmil","0","55.520","deg","20.000","°C","100.000","%a.s.","21.750","deg","20.000","°C","977.000","hPa","0.861","-0.02617","0.00035","0","0","13.56","Humid","24.85","0","70.00","286588.93","SABD0000000001","AAV1.0.0.11","1.1.2.0","PSt7-10","170328-006","1/4/2020 10:31:52","0000-00","0","no battery","V"
"11/02/2020","11:58:01","1","default","640513929","OXY_CH1","43.642","min","155.504","µmol/L","Humid","23.589","deg","44365","µV","26.942","°C","1018.000","hPa","35.3","pmil","0","55.520","deg","20.000","°C","100.000","%a.s.","21.750","deg","20.000","°C","977.000","hPa","0.861","-0.02617","0.00035","0","0","13.56","Humid","24.85","0","70.00","286600.09","SABD0000000001","AAV1.0.0.11","1.1.2.0","PSt7-10","170328-006","1/4/2020 10:31:52","0000-00","0","no battery","V"
"11/02/2020","11:58:02","1","default","640513929","OXY_CH1","43.659","min","155.528","µmol/L","Humid","23.586","deg","44367","µV","26.945","°C","1018.000","hPa","35.3","pmil","0","55.520","deg","20.000","°C","100.000","%a.s.","21.750","deg","20.000","°C","977.000","hPa","0.861","-0.02617","0.00035","0","0","13.56","Humid","24.85","0","70.00","286594.74","SABD0000000001","AAV1.0.0.11","1.1.2.0","PSt7-10","170328-006","1/4/2020 10:31:52","0000-00","0","no battery","V"
"11/02/2020","11:58:03","1","default","640513929","OXY_CH1","43.676","min","155.608","µmol/L","Humid","23.580","deg","44365","µV","26.945","°C","1018.000","hPa","35.3","pmil","0","55.520","deg","20.000","°C","100.000","%a.s.","21.750","deg","20.000","°C","977.000","hPa","0.861","-0.02617","0.00035","0","0","13.56","Humid","24.85","0","70.00","286604.51","SABD0000000001","AAV1.0.0.11","1.1.2.0","PSt7-10","170328-006","1/4/2020 10:31:52","0000-00","0","no battery","V"
"11/02/2020","11:58:04","1","default","640513929","OXY_CH1","43.692","min","155.562","µmol/L","Humid","23.585","deg","44371","µV","26.941","°C","1018.000","hPa","35.3","pmil","0","55.520","deg","20.000","°C","100.000","%a.s.","21.750","deg","20.000","°C","977.000","hPa","0.861","-0.02617","0.00035","0","0","13.56","Humid","24.85","0","70.00","286597.77","SABD0000000001","AAV1.0.0.11","1.1.2.0","PSt7-10","170328-006","1/4/2020 10:31:52","0000-00","0","no battery","V"
"11/02/2020","11:58:05","1","default","640513929","OXY_CH1","43.708","min","155.464","µmol/L","Humid","23.593","deg","44372","µV","26.939","°C","1018.000","hPa","35.3","pmil","0","55.520","deg","20.000","°C","100.000","%a.s.","21.750","deg","20.000","°C","977.000","hPa","0.861","-0.02617","0.00035","0","0","13.56","Humid","24.85","0","70.00","286587.95","SABD0000000001","AAV1.0.0.11","1.1.2.0","PSt7-10","170328-006","1/4/2020 10:31:52","0000-00","0","no battery","V"
"11/02/2020","11:58:06","1","default","640513929","OXY_CH1","43.725","min","155.516","µmol/L","Humid","23.585","deg","44370","µV","26.951","°C","1018.000","hPa","35.3","pmil","0","55.520","deg","20.000","°C","100.000","%a.s.","21.750","deg","20.000","°C","977.000","hPa","0.861","-0.02617","0.00035","0","0","13.56","Humid","24.85","0","70.00","286583.11","SABD0000000001","AAV1.0.0.11","1.1.2.0","PSt7-10","170328-006","1/4/2020 10:31:52","0000-00","0","no battery","V"
"11/02/2020","11:58:07","1","default","640513929","OXY_CH1","43.742","min","155.389","µmol/L","Humid","23.596","deg","44368","µV","26.947","°C","1018.000","hPa","35.3","pmil","0","55.520","deg","20.000","°C","100.000","%a.s.","21.750","deg","20.000","°C","977.000","hPa","0.861","-0.02617","0.00035","0","0","13.56","Humid","24.85","0","70.00","286590.33","SABD0000000001","AAV1.0.0.11","1.1.2.0","PSt7-10","170328-006","1/4/2020 10:31:52","0000-00","0","no battery","V"
"11/02/2020","11:58:08","1","default","640513929","OXY_CH1","43.759","min","155.579","µmol/L","Humid","23.585","deg","44371","µV","26.937","°C","1018.000","hPa","35.3","pmil","0","55.520","deg","20.000","°C","100.000","%a.s.","21.750","deg","20.000","°C","977.000","hPa","0.861","-0.02617","0.00035","0","0","13.56","Humid","24.85","0","70.00","286597.37","SABD0000000001","AAV1.0.0.11","1.1.2.0","PSt7-10","170328-006","1/4/2020 10:31:52","0000-00","0","no battery","V"
"11/02/2020","11:58:09","1","default","640513929","OXY_CH1","43.776","min","155.563","µmol/L","Humid","23.582","deg","44378","µV","26.949","°C","1018.000","hPa","35.3","pmil","0","55.520","deg","20.000","°C","100.000","%a.s.","21.750","deg","20.000","°C","977.000","hPa","0.861","-0.02617","0.00035","0","0","13.56","Humid","24.85","0","70.00","286594.67","SABD0000000001","AAV1.0.0.11","1.1.2.0","PSt7-10","170328-006","1/4/2020 10:31:52","0000-00","0","no battery","V"
"11/02/2020","11:58:10","1","default","640513929","OXY_CH1","43.792","min","155.614","µmol/L","Humid","23.584","deg","44374","µV","26.932","°C","1018.000","hPa","35.3","pmil","0","55.520","deg","20.000","°C","100.000","%a.s.","21.750","deg","20.000","°C","977.000","hPa","0.861","-0.02617","0.00035","0","0","13.56","Humid","24.85","0","70.00","286585.85","SABD0000000001","AAV1.0.0.11","1.1.2.0","PSt7-10","170328-006","1/4/2020 10:31:52","0000-00","0","no battery","V"
"11/02/2020","11:58:11","1","default","640513929","OXY_CH1","43.809","min","155.465","µmol/L","Humid","23.593","deg","44381","µV","26.939","°C","1018.000","hPa","35.3","pmil","0","55.520","deg","20.000","°C","100.000","%a.s.","21.750","deg","20.000","°C","977.000","hPa","0.861","-0.02617","0.00035","0","0","13.56","Humid","24.85","0","70.00","286593.82","SABD0000000001","AAV1.0.0.11","1.1.2.0","PSt7-10","170328-006","1/4/2020 10:31:52","0000-00","0","no battery","V"
"11/02/2020","11:58:12","1","default","640513929","OXY_CH1","43.825","min","155.447","µmol/L","Humid","23.594","deg","44379","µV","26.940","°C","1018.000","hPa","35.3","pmil","0","55.520","deg","20.000","°C","100.000","%a.s.","21.750","deg","20.000","°C","977.000","hPa","0.861","-0.02617","0.00035","0","0","13.56","Humid","24.85","0","70.00","286592.81","SABD0000000001","AAV1.0.0.11","1.1.2.0","PSt7-10","170328-006","1/4/2020 10:31:52","0000-00","0","no battery","V"
"11/02/2020","11:58:13","1","default","640513929","OXY_CH1","43.842","min","155.510","µmol/L","Humid","23.588","deg","44383","µV","26.943","°C","1018.000","hPa","35.3","pmil","0","55.520","deg","20.000","°C","100.000","%a.s.","21.750","deg","20.000","°C","977.000","hPa","0.861","-0.02617","0.00035","0","0","13.56","Humid","24.85","0","70.00","286586.91","SABD0000000001","AAV1.0.0.11","1.1.2.0","PSt7-10","170328-006","1/4/2020 10:31:52","0000-00","0","no battery","V"
"11/02/2020","11:58:14","1","default","640513929","OXY_CH1","43.858","min","155.445","µmol/L","Humid","23.591","deg","44384","µV","26.949","°C","1018.000","hPa","35.3","pmil","0","55.520","deg","20.000","°C","100.000","%a.s.","21.750","deg","20.000","°C","977.000","hPa","0.861","-0.02617","0.00035","0","0","13.56","Humid","24.85","0","70.00","286591.76","SABD0000000001","AAV1.0.0.11","1.1.2.0","PSt7-10","170328-006","1/4/2020 10:31:52","0000-00","0","no battery","V"
"11/02/2020","11:58:15","1","default","640513929","OXY_CH1","43.875","min","155.530","µmol/L","Humid","23.586","deg","44383","µV","26.945","°C","1018.000","hPa","35.3","pmil","0","55.520","deg","20.000","°C","100.000","%a.s.","21.750","deg","20.000","°C","977.000","hPa","0.861","-0.02617","0.00035","0","0","13.56","Humid","24.85","0","70.00","286586.03","SABD0000000001","AAV1.0.0.11","1.1.2.0","PSt7-10","170328-006","1/4/2020 10:31:52","0000-00","0","no battery","V"
"11/02/2020","11:58:16","1","default","640513929","OXY_CH1","43.892","min","155.512","µmol/L","Humid","23.588","deg","44384","µV","26.943","°C","1018.000","hPa","35.3","pmil","0","55.520","deg","20.000","°C","100.000","%a.s.","21.750","deg","20.000","°C","977.000","hPa","0.861","-0.02617","0.00035","0","0","13.56","Humid","24.85","0","70.00","286586.46","SABD0000000001","AAV1.0.0.11","1.1.2.0","PSt7-10","170328-006","1/4/2020 10:31:52","0000-00","0","no battery","V"
"11/02/2020","11:58:17","1","default","640513929","OXY_CH1","43.909","min","155.425","µmol/L","Humid","23.592","deg","44390","µV","26.951","°C","1018.000","hPa","35.3","pmil","0","55.520","deg","20.000","°C","100.000","%a.s.","21.750","deg","20.000","°C","977.000","hPa","0.861","-0.02617","0.00035","0","0","13.56","Humid","24.85","0","70.00","286591.81","SABD0000000001","AAV1.0.0.11","1.1.2.0","PSt7-10","170328-006","1/4/2020 10:31:52","0000-00","0","no battery","V"
"11/02/2020","11:58:18","1","default","640513929","OXY_CH1","43.925","min","155.478","µmol/L","Humid","23.592","deg","44390","µV","26.939","°C","1018.000","hPa","35.3","pmil","0","55.520","deg","20.000","°C","100.000","%a.s.","21.750","deg","20.000","°C","977.000","hPa","0.861","-0.02617","0.00035","0","0","13.56","Humid","24.85","0","70.00","286590.17","SABD0000000001","AAV1.0.0.11","1.1.2.0","PSt7-10","170328-006","1/4/2020 10:31:52","0000-00","0","no battery","V"
"11/02/2020","11:58:19","1","default","640513929","OXY_CH1","43.942","min","155.434","µmol/L","Humid","23.594","deg","44390","µV","26.943","°C","1018.000","hPa","35.3","pmil","0","55.520","deg","20.000","°C","100.000","%a.s.","21.750","deg","20.000","°C","977.000","hPa","0.861","-0.02617","0.00035","0","0","13.56","Humid","24.85","0","70.00","286601.27","SABD0000000001","AAV1.0.0.11","1.1.2.0","PSt7-10","170328-006","1/4/2020 10:31:52","0000-00","0","no battery","V"
"11/02/2020","11:58:20","1","default","640513929","OXY_CH1","43.959","min","155.465","µmol/L","Humid","23.593","deg","44397","µV","26.939","°C","1018.000","hPa","35.3","pmil","0","55.520","deg","20.000","°C","100.000","%a.s.","21.750","deg","20.000","°C","977.000","hPa","0.861","-0.02617","0.00035","0","0","13.56","Humid","24.85","0","70.00","286589.47","SABD0000000001","AAV1.0.0.11","1.1.2.0","PSt7-10","170328-006","1/4/2020 10:31:52","0000-00","0","no battery","V"
"11/02/2020","11:58:21","1","default","640513929","OXY_CH1","43.976","min","155.405","µmol/L","Humid","23.601","deg","44398","µV","26.929","°C","1018.000","hPa","35.3","pmil","0","55.520","deg","20.000","°C","100.000","%a.s.","21.750","deg","20.000","°C","977.000","hPa","0.861","-0.02617","0.00035","0","0","13.56","Humid","24.85","0","70.00","286592.60","SABD0000000001","AAV1.0.0.11","1.1.2.0","PSt7-10","170328-006","1/4/2020 10:31:52","0000-00","0","no battery","V"
"11/02/2020","11:58:22","1","default","640513929","OXY_CH1","43.992","min","155.400","µmol/L","Humid","23.599","deg","44384","µV","26.936","°C","1018.000","hPa","35.3","pmil","0","55.520","deg","20.000","°C","100.000","%a.s.","21.750","deg","20.000","°C","977.000","hPa","0.861","-0.02617","0.00035","0","0","13.56","Humid","24.85","0","70.00","286586.56","SABD0000000001","AAV1.0.0.11","1.1.2.0","PSt7-10","170328-006","1/4/2020 10:31:52","0000-00","0","no battery","V"
"11/02/2020","11:58:23","1","default","640513929","OXY_CH1","44.009","min","155.365","µmol/L","Humid","23.599","deg","44392","µV","26.944","°C","1018.000","hPa","35.3","pmil","0","55.520","deg","20.000","°C","100.000","%a.s.","21.750","deg","20.000","°C","977.000","hPa","0.861","-0.02617","0.00035","0","0","13.56","Humid","24.85","0","70.00","286596.64","SABD0000000001","AAV1.0.0.11","1.1.2.0","PSt7-10","170328-006","1/4/2020 10:31:52","0000-00","0","no battery","V"
"11/02/2020","11:58:24","1","default","640513929","OXY_CH1","44.025","min","155.391","µmol/L","Humid","23.596","deg","44390","µV","26.947","°C","1018.000","hPa","35.3","pmil","0","55.520","deg","20.000","°C","100.000","%a.s.","21.750","deg","20.000","°C","977.000","hPa","0.861","-0.02617","0.00035","0","0","13.56","Humid","24.85","0","70.00","286597.08","SABD0000000001","AAV1.0.0.11","1.1.2.0","PSt7-10","170328-006","1/4/2020 10:31:52","0000-00","0","no battery","V"
"11/02/2020","11:58:25","1","default","640513929","OXY_CH1","44.042","min","155.372","µmol/L","Humid","23.597","deg","44389","µV","26.948","°C","1018.000","hPa","35.3","pmil","0","55.520","deg","20.000","°C","100.000","%a.s.","21.750","deg","20.000","°C","977.000","hPa","0.861","-0.02617","0.00035","0","0","13.56","Humid","24.85","0","70.00","286593.59","SABD0000000001","AAV1.0.0.11","1.1.2.0","PSt7-10","170328-006","1/4/2020 10:31:52","0000-00","0","no battery","V"
"11/02/2020","11:58:26","1","default","640513929","OXY_CH1","44.059","min","155.280","µmol/L","Humid","23.608","deg","44390","µV","26.937","°C","1018.000","hPa","35.3","pmil","0","55.520","deg","20.000","°C","100.000","%a.s.","21.750","deg","20.000","°C","977.000","hPa","0.861","-0.02617","0.00035","0","0","13.56","Humid","24.85","0","70.00","286593.77","SABD0000000001","AAV1.0.0.11","1.1.2.0","PSt7-10","170328-006","1/4/2020 10:31:52","0000-00","0","no battery","V"
"11/02/2020","11:58:27","1","default","640513929","OXY_CH1","44.075","min","155.375","µmol/L","Humid","23.601","deg","44396","µV","26.936","°C","1018.000","hPa","35.3","pmil","0","55.520","deg","20.000","°C","100.000","%a.s.","21.750","deg","20.000","°C","977.000","hPa","0.861","-0.02617","0.00035","0","0","13.56","Humid","24.85","0","70.00","286591.13","SABD0000000001","AAV1.0.0.11","1.1.2.0","PSt7-10","170328-006","1/4/2020 10:31:52","0000-00","0","no battery","V"
"11/02/2020","11:58:28","1","default","640513929","OXY_CH1","44.092","min","155.372","µmol/L","Humid","23.601","deg","44397","µV","26.937","°C","1018.000","hPa","35.3","pmil","0","55.520","deg","20.000","°C","100.000","%a.s.","21.750","deg","20.000","°C","977.000","hPa","0.861","-0.02617","0.00035","0","0","13.56","Humid","24.85","0","70.00","286592.74","SABD0000000001","AAV1.0.0.11","1.1.2.0","PSt7-10","170328-006","1/4/2020 10:31:52","0000-00","0","no battery","V"
"11/02/2020","11:58:29","1","default","640513929","OXY_CH1","44.109","min","155.346","µmol/L","Humid","23.602","deg","44401","µV","26.939","°C","1018.000","hPa","35.3","pmil","0","55.520","deg","20.000","°C","100.000","%a.s.","21.750","deg","20.000","°C","977.000","hPa","0.861","-0.02617","0.00035","0","0","13.56","Humid","24.85","0","70.00","286591.13","SABD0000000001","AAV1.0.0.11","1.1.2.0","PSt7-10","170328-006","1/4/2020 10:31:52","0000-00","0","no battery","V"
"11/02/2020","11:58:30","1","default","640513929","OXY_CH1","44.126","min","155.367","µmol/L","Humid","23.600","deg","44396","µV","26.941","°C","1018.000","hPa","35.3","pmil","0","55.520","deg","20.000","°C","100.000","%a.s.","21.750","deg","20.000","°C","977.000","hPa","0.861","-0.02617","0.00035","0","0","13.56","Humid","24.85","0","70.00","286593.52","SABD0000000001","AAV1.0.0.11","1.1.2.0","PSt7-10","170328-006","1/4/2020 10:31:52","0000-00","0","no battery","V"
"11/02/2020","11:58:31","1","default","640513929","OXY_CH1","44.142","min","155.438","µmol/L","Humid","23.598","deg","44399","µV","26.931","°C","1018.000","hPa","35.3","pmil","0","55.520","deg","20.000","°C","100.000","%a.s.","21.750","deg","20.000","°C","977.000","hPa","0.861","-0.02617","0.00035","0","0","13.56","Humid","24.85","0","70.00","286598.45","SABD0000000001","AAV1.0.0.11","1.1.2.0","PSt7-10","170328-006","1/4/2020 10:31:52","0000-00","0","no battery","V"
"11/02/2020","11:58:32","1","default","640513929","OXY_CH1","44.159","min","155.523","µmol/L","Humid","23.589","deg","44404","µV","26.938","°C","1018.000","hPa","35.3","pmil","0","55.520","deg","20.000","°C","100.000","%a.s.","21.750","deg","20.000","°C","977.000","hPa","0.861","-0.02617","0.00035","0","0","13.56","Humid","24.85","0","70.00","286595.36","SABD0000000001","AAV1.0.0.11","1.1.2.0","PSt7-10","170328-006","1/4/2020 10:31:52","0000-00","0","no battery","V"
"11/02/2020","11:58:33","1","default","640513929","OXY_CH1","44.175","min","155.331","µmol/L","Humid","23.603","deg","44405","µV","26.940","°C","1018.000","hPa","35.3","pmil","0","55.520","deg","20.000","°C","100.000","%a.s.","21.750","deg","20.000","°C","977.000","hPa","0.861","-0.02617","0.00035","0","0","13.56","Humid","24.85","0","70.00","286590.00","SABD0000000001","AAV1.0.0.11","1.1.2.0","PSt7-10","170328-006","1/4/2020 10:31:52","0000-00","0","no battery","V"
"11/02/2020","11:58:34","1","default","640513929","OXY_CH1","44.192","min","155.378","µmol/L","Humid","23.597","deg","44414","µV","26.947","°C","1018.000","hPa","35.3","pmil","0","55.520","deg","20.000","°C","100.000","%a.s.","21.750","deg","20.000","°C","977.000","hPa","0.861","-0.02617","0.00035","0","0","13.56","Humid","24.85","0","70.00","286598.20","SABD0000000001","AAV1.0.0.11","1.1.2.0","PSt7-10","170328-006","1/4/2020 10:31:52","0000-00","0","no battery","V"
"11/02/2020","11:58:35","1","default","640513929","OXY_CH1","44.208","min","155.314","µmol/L","Humid","23.604","deg","44409","µV","26.941","°C","1018.000","hPa","35.3","pmil","0","55.520","deg","20.000","°C","100.000","%a.s.","21.750","deg","20.000","°C","977.000","hPa","0.861","-0.02617","0.00035","0","0","13.56","Humid","24.85","0","70.00","286605.52","SABD0000000001","AAV1.0.0.11","1.1.2.0","PSt7-10","170328-006","1/4/2020 10:31:52","0000-00","0","no battery","V"
"11/02/2020","11:58:36","1","default","640513929","OXY_CH1","44.225","min","155.404","µmol/L","Humid","23.598","deg","44407","µV","26.938","°C","1018.000","hPa","35.3","pmil","0","55.520","deg","20.000","°C","100.000","%a.s.","21.750","deg","20.000","°C","977.000","hPa","0.861","-0.02617","0.00035","0","0","13.56","Humid","24.85","0","70.00","286593.38","SABD0000000001","AAV1.0.0.11","1.1.2.0","PSt7-10","170328-006","1/4/2020 10:31:52","0000-00","0","no battery","V"
"11/02/2020","11:58:37","1","default","640513929","OXY_CH1","44.242","min","155.275","µmol/L","Humid","23.605","deg","44418","µV","26.946","°C","1018.000","hPa","35.3","pmil","0","55.520","deg","20.000","°C","100.000","%a.s.","21.750","deg","20.000","°C","977.000","hPa","0.861","-0.02617","0.00035","0","0","13.56","Humid","24.85","0","70.00","286589.97","SABD0000000001","AAV1.0.0.11","1.1.2.0","PSt7-10","170328-006","1/4/2020 10:31:52","0000-00","0","no battery","V"
"11/02/2020","11:58:38","1","default","640513929","OXY_CH1","44.259","min","155.304","µmol/L","Humid","23.604","deg","44420","µV","26.943","°C","1018.000","hPa","35.3","pmil","0","55.520","deg","20.000","°C","100.000","%a.s.","21.750","deg","20.000","°C","977.000","hPa","0.861","-0.02617","0.00035","0","0","13.56","Humid","24.85","0","70.00","286608.20","SABD0000000001","AAV1.0.0.11","1.1.2.0","PSt7-10","170328-006","1/4/2020 10:31:52","0000-00","0","no battery","V"
"11/02/2020","11:58:39","1","default","640513929","OXY_CH1","44.276","min","155.462","µmol/L","Humid","23.595","deg","44415","µV","26.934","°C","1018.000","hPa","35.3","pmil","0","55.520","deg","20.000","°C","100.000","%a.s.","21.750","deg","20.000","°C","977.000","hPa","0.861","-0.02617","0.00035","0","0","13.56","Humid","24.85","0","70.00","286598.26","SABD0000000001","AAV1.0.0.11","1.1.2.0","PSt7-10","170328-006","1/4/2020 10:31:52","0000-00","0","no battery","V"
"11/02/2020","11:58:40","1","default","640513929","OXY_CH1","44.292","min","155.439","µmol/L","Humid","23.605","deg","44415","µV","26.910","°C","1018.000","hPa","35.3","pmil","0","55.520","deg","20.000","°C","100.000","%a.s.","21.750","deg","20.000","°C","977.000","hPa","0.861","-0.02617","0.00035","0","0","13.56","Humid","24.85","0","70.00","286598.70","SABD0000000001","AAV1.0.0.11","1.1.2.0","PSt7-10","170328-006","1/4/2020 10:31:52","0000-00","0","no battery","V"
"11/02/2020","11:58:41","1","default","640513929","OXY_CH1","44.309","min","155.306","µmol/L","Humid","23.607","deg","44411","µV","26.934","°C","1018.000","hPa","35.3","pmil","0","55.520","deg","20.000","°C","100.000","%a.s.","21.750","deg","20.000","°C","977.000","hPa","0.861","-0.02617","0.00035","0","0","13.56","Humid","24.85","0","70.00","286593.32","SABD0000000001","AAV1.0.0.11","1.1.2.0","PSt7-10","170328-006","1/4/2020 10:31:52","0000-00","0","no battery","V"
"11/02/2020","11:58:42","1","default","640513929","OXY_CH1","44.325","min","155.319","µmol/L","Humid","23.607","deg","44409","µV","26.931","°C","1018.000","hPa","35.3","pmil","0","55.520","deg","20.000","°C","100.000","%a.s.","21.750","deg","20.000","°C","977.000","hPa","0.861","-0.02617","0.00035","0","0","13.56","Humid","24.85","0","70.00","286584.39","SABD0000000001","AAV1.0.0.11","1.1.2.0","PSt7-10","170328-006","1/4/2020 10:31:52","0000-00","0","no battery","V"
"11/02/2020","11:58:43","1","default","640513929","OXY_CH1","44.342","min","155.464","µmol/L","Humid","23.592","deg","44412","µV","26.942","°C","1018.000","hPa","35.3","pmil","0","55.520","deg","20.000","°C","100.000","%a.s.","21.750","deg","20.000","°C","977.000","hPa","0.861","-0.02617","0.00035","0","0","13.56","Humid","24.85","0","70.00","286592.27","SABD0000000001","AAV1.0.0.11","1.1.2.0","PSt7-10","170328-006","1/4/2020 10:31:52","0000-00","0","no battery","V"
"11/02/2020","11:58:44","1","default","640513929","OXY_CH1","44.358","min","155.310","µmol/L","Humid","23.604","deg","44414","µV","26.942","°C","1018.000","hPa","35.3","pmil","0","55.520","deg","20.000","°C","100.000","%a.s.","21.750","deg","20.000","°C","977.000","hPa","0.861","-0.02617","0.00035","0","0","13.56","Humid","24.85","0","70.00","286598.05","SABD0000000001","AAV1.0.0.11","1.1.2.0","PSt7-10","170328-006","1/4/2020 10:31:52","0000-00","0","no battery","V"
"11/02/2020","11:58:45","1","default","640513929","OXY_CH1","44.375","min","155.376","µmol/L","Humid","23.602","deg","44417","µV","26.933","°C","1018.000","hPa","35.3","pmil","0","55.520","deg","20.000","°C","100.000","%a.s.","21.750","deg","20.000","°C","977.000","hPa","0.861","-0.02617","0.00035","0","0","13.56","Humid","24.85","0","70.00","286592.87","SABD0000000001","AAV1.0.0.11","1.1.2.0","PSt7-10","170328-006","1/4/2020 10:31:52","0000-00","0","no battery","V"
"11/02/2020","11:58:46","1","default","640513929","OXY_CH1","44.392","min","155.226","µmol/L","Humid","23.612","deg","44418","µV","26.937","°C","1018.000","hPa","35.3","pmil","0","55.520","deg","20.000","°C","100.000","%a.s.","21.750","deg","20.000","°C","977.000","hPa","0.861","-0.02617","0.00035","0","0","13.56","Humid","24.85","0","70.00","286594.14","SABD0000000001","AAV1.0.0.11","1.1.2.0","PSt7-10","170328-006","1/4/2020 10:31:52","0000-00","0","no battery","V"
"11/02/2020","11:58:47","1","default","640513929","OXY_CH1","44.409","min","155.297","µmol/L","Humid","23.606","deg","44420","µV","26.939","°C","1018.000","hPa","35.3","pmil","0","55.520","deg","20.000","°C","100.000","%a.s.","21.750","deg","20.000","°C","977.000","hPa","0.861","-0.02617","0.00035","0","0","13.56","Humid","24.85","0","70.00","286601.83","SABD0000000001","AAV1.0.0.11","1.1.2.0","PSt7-10","170328-006","1/4/2020 10:31:52","0000-00","0","no battery","V"
"11/02/2020","11:58:48","1","default","640513929","OXY_CH1","44.425","min","155.265","µmol/L","Humid","23.609","deg","44425","µV","26.937","°C","1018.000","hPa","35.3","pmil","0","55.520","deg","20.000","°C","100.000","%a.s.","21.750","deg","20.000","°C","977.000","hPa","0.861","-0.02617","0.00035","0","0","13.56","Humid","24.85","0","70.00","286597.77","SABD0000000001","AAV1.0.0.11","1.1.2.0","PSt7-10","170328-006","1/4/2020 10:31:52","0000-00","0","no battery","V"
"11/02/2020","11:58:49","1","default","640513929","OXY_CH1","44.442","min","155.441","µmol/L","Humid","23.600","deg","44422","µV","26.924","°C","1018.000","hPa","35.3","pmil","0","55.520","deg","20.000","°C","100.000","%a.s.","21.750","deg","20.000","°C","977.000","hPa","0.861","-0.02617","0.00035","0","0","13.56","Humid","24.85","0","70.00","286606.75","SABD0000000001","AAV1.0.0.11","1.1.2.0","PSt7-10","170328-006","1/4/2020 10:31:52","0000-00","0","no battery","V"
"11/02/2020","11:58:50","1","default","640513929","OXY_CH1","44.459","min","155.280","µmol/L","Humid","23.612","deg","44421","µV","26.925","°C","1018.000","hPa","35.3","pmil","0","55.520","deg","20.000","°C","100.000","%a.s.","21.750","deg","20.000","°C","977.000","hPa","0.861","-0.02617","0.00035","0","0","13.56","Humid","24.85","0","70.00","286601.20","SABD0000000001","AAV1.0.0.11","1.1.2.0","PSt7-10","170328-006","1/4/2020 10:31:52","0000-00","0","no battery","V"
"11/02/2020","11:58:51","1","default","640513929","OXY_CH1","44.476","min","155.285","µmol/L","Humid","23.611","deg","44423","µV","26.927","°C","1018.000","hPa","35.3","pmil","0","55.520","deg","20.000","°C","100.000","%a.s.","21.750","deg","20.000","°C","977.000","hPa","0.861","-0.02617","0.00035","0","0","13.56","Humid","24.85","0","70.00","286596.10","SABD0000000001","AAV1.0.0.11","1.1.2.0","PSt7-10","170328-006","1/4/2020 10:31:52","0000-00","0","no battery","V"
"11/02/2020","11:58:52","1","default","640513929","OXY_CH1","44.492","min","155.258","µmol/L","Humid","23.613","deg","44425","µV","26.927","°C","1018.000","hPa","35.3","pmil","0","55.520","deg","20.000","°C","100.000","%a.s.","21.750","deg","20.000","°C","977.000","hPa","0.861","-0.02617","0.00035","0","0","13.56","Humid","24.85","0","70.00","286590.13","SABD0000000001","AAV1.0.0.11","1.1.2.0","PSt7-10","170328-006","1/4/2020 10:31:52","0000-00","0","no battery","V"
"11/02/2020","11:58:53","1","default","640513929","OXY_CH1","44.509","min","155.228","µmol/L","Humid","23.609","deg","44425","µV","26.945","°C","1018.000","hPa","35.3","pmil","0","55.520","deg","20.000","°C","100.000","%a.s.","21.750","deg","20.000","°C","977.000","hPa","0.861","-0.02617","0.00035","0","0","13.56","Humid","24.85","0","70.00","286595.35","SABD0000000001","AAV1.0.0.11","1.1.2.0","PSt7-10","170328-006","1/4/2020 10:31:52","0000-00","0","no battery","V"
"11/02/2020","11:58:54","1","default","640513929","OXY_CH1","44.525","min","155.297","µmol/L","Humid","23.605","deg","44429","µV","26.942","°C","1018.000","hPa","35.3","pmil","0","55.520","deg","20.000","°C","100.000","%a.s.","21.750","deg","20.000","°C","977.000","hPa","0.861","-0.02617","0.00035","0","0","13.56","Humid","24.85","0","70.00","286592.34","SABD0000000001","AAV1.0.0.11","1.1.2.0","PSt7-10","170328-006","1/4/2020 10:31:52","0000-00","0","no battery","V"
"11/02/2020","11:58:55","1","default","640513929","OXY_CH1","44.542","min","155.255","µmol/L","Humid","23.608","deg","44431","µV","26.942","°C","1018.000","hPa","35.3","pmil","0","55.520","deg","20.000","°C","100.000","%a.s.","21.750","deg","20.000","°C","977.000","hPa","0.861","-0.02617","0.00035","0","0","13.56","Humid","24.85","0","70.00","286588.47","SABD0000000001","AAV1.0.0.11","1.1.2.0","PSt7-10","170328-006","1/4/2020 10:31:52","0000-00","0","no battery","V"
"11/02/2020","11:58:56","1","default","640513929","OXY_CH1","44.558","min","155.353","µmol/L","Humid","23.605","deg","44439","µV","26.929","°C","1018.000","hPa","35.3","pmil","0","55.520","deg","20.000","°C","100.000","%a.s.","21.750","deg","20.000","°C","977.000","hPa","0.861","-0.02617","0.00035","0","0","13.56","Humid","24.85","0","70.00","286593.20","SABD0000000001","AAV1.0.0.11","1.1.2.0","PSt7-10","170328-006","1/4/2020 10:31:52","0000-00","0","no battery","V"
"11/02/2020","11:58:57","1","default","640513929","OXY_CH1","44.575","min","155.195","µmol/L","Humid","23.614","deg","44431","µV","26.938","°C","1018.000","hPa","35.3","pmil","0","55.520","deg","20.000","°C","100.000","%a.s.","21.750","deg","20.000","°C","977.000","hPa","0.861","-0.02617","0.00035","0","0","13.56","Humid","24.85","0","70.00","286589.00","SABD0000000001","AAV1.0.0.11","1.1.2.0","PSt7-10","170328-006","1/4/2020 10:31:52","0000-00","0","no battery","V"
"11/02/2020","11:58:58","1","default","640513929","OXY_CH1","44.592","min","155.258","µmol/L","Humid","23.614","deg","44436","µV","26.924","°C","1018.000","hPa","35.3","pmil","0","55.520","deg","20.000","°C","100.000","%a.s.","21.750","deg","20.000","°C","977.000","hPa","0.861","-0.02617","0.00035","0","0","13.56","Humid","24.85","0","70.00","286598.20","SABD0000000001","AAV1.0.0.11","1.1.2.0","PSt7-10","170328-006","1/4/2020 10:31:52","0000-00","0","no battery","V"
"11/02/2020","11:58:59","1","default","640513929","OXY_CH1","44.609","min","155.137","µmol/L","Humid","23.619","deg","44432","µV","26.937","°C","1018.000","hPa","35.3","pmil","0","55.520","deg","20.000","°C","100.000","%a.s.","21.750","deg","20.000","°C","977.000","hPa","0.861","-0.02617","0.00035","0","0","13.56","Humid","24.85","0","70.00","286589.37","SABD0000000001","AAV1.0.0.11","1.1.2.0","PSt7-10","170328-006","1/4/2020 10:31:52","0000-00","0","no battery","V"
"11/02/2020","11:59:00","1","default","640513929","OXY_CH1","44.625","min","155.207","µmol/L","Humid","23.617","deg","44433","µV","26.927","°C","1018.000","hPa","35.3","pmil","0","55.520","deg","20.000","°C","100.000","%a.s.","21.750","deg","20.000","°C","977.000","hPa","0.861","-0.02617","0.00035","0","0","13.56","Humid","24.85","0","70.00","286593.13","SABD0000000001","AAV1.0.0.11","1.1.2.0","PSt7-10","170328-006","1/4/2020 10:31:52","0000-00","0","no battery","V"
"11/02/2020","11:59:01","1","default","640513929","OXY_CH1","44.642","min","155.143","µmol/L","Humid","23.621","deg","44437","µV","26.930","°C","1018.000","hPa","35.3","pmil","0","55.520","deg","20.000","°C","100.000","%a.s.","21.750","deg","20.000","°C","977.000","hPa","0.861","-0.02617","0.00035","0","0","13.56","Humid","24.85","0","70.00","286591.78","SABD0000000001","AAV1.0.0.11","1.1.2.0","PSt7-10","170328-006","1/4/2020 10:31:52","0000-00","0","no battery","V"
"11/02/2020","11:59:02","1","default","640513929","OXY_CH1","44.659","min","155.397","µmol/L","Humid","23.603","deg","44440","µV","26.925","°C","1018.000","hPa","35.3","pmil","0","55.520","deg","20.000","°C","100.000","%a.s.","21.750","deg","20.000","°C","977.000","hPa","0.861","-0.02617","0.00035","0","0","13.56","Humid","24.85","0","70.00","286590.00","SABD0000000001","AAV1.0.0.11","1.1.2.0","PSt7-10","170328-006","1/4/2020 10:31:52","0000-00","0","no battery","V"
"11/02/2020","11:59:03","1","default","640513929","OXY_CH1","44.676","min","155.336","µmol/L","Humid","23.603","deg","44444","µV","26.939","°C","1018.000","hPa","35.3","pmil","0","55.520","deg","20.000","°C","100.000","%a.s.","21.750","deg","20.000","°C","977.000","hPa","0.861","-0.02617","0.00035","0","0","13.56","Humid","24.85","0","70.00","286587.90","SABD0000000001","AAV1.0.0.11","1.1.2.0","PSt7-10","170328-006","1/4/2020 10:31:52","0000-00","0","no battery","V"
"11/02/2020","11:59:04","1","default","640513929","OXY_CH1","44.692","min","155.148","µmol/L","Humid","23.619","deg","44444","µV","26.934","°C","1018.000","hPa","35.3","pmil","0","55.520","deg","20.000","°C","100.000","%a.s.","21.750","deg","20.000","°C","977.000","hPa","0.861","-0.02617","0.00035","0","0","13.56","Humid","24.85","0","70.00","286588.98","SABD0000000001","AAV1.0.0.11","1.1.2.0","PSt7-10","170328-006","1/4/2020 10:31:52","0000-00","0","no battery","V"
"11/02/2020","11:59:05","1","default","640513929","OXY_CH1","44.708","min","155.308","µmol/L","Humid","23.608","deg","44441","µV","26.931","°C","1018.000","hPa","35.3","pmil","0","55.520","deg","20.000","°C","100.000","%a.s.","21.750","deg","20.000","°C","977.000","hPa","0.861","-0.02617","0.00035","0","0","13.56","Humid","24.85","0","70.00","286582.24","SABD0000000001","AAV1.0.0.11","1.1.2.0","PSt7-10","170328-006","1/4/2020 10:31:52","0000-00","0","no battery","V"
"11/02/2020","11:59:06","1","default","640513929","OXY_CH1","44.725","min","155.281","µmol/L","Humid","23.612","deg","44445","µV","26.925","°C","1018.000","hPa","35.3","pmil","0","55.520","deg","20.000","°C","100.000","%a.s.","21.750","deg","20.000","°C","977.000","hPa","0.861","-0.02617","0.00035","0","0","13.56","Humid","24.85","0","70.00","286589.43","SABD0000000001","AAV1.0.0.11","1.1.2.0","PSt7-10","170328-006","1/4/2020 10:31:52","0000-00","0","no battery","V"
"11/02/2020","11:59:07","1","default","640513929","OXY_CH1","44.742","min","155.313","µmol/L","Humid","23.612","deg","44450","µV","26.918","°C","1018.000","hPa","35.3","pmil","0","55.520","deg","20.000","°C","100.000","%a.s.","21.750","deg","20.000","°C","977.000","hPa","0.861","-0.02617","0.00035","0","0","13.56","Humid","24.85","0","70.00","286593.76","SABD0000000001","AAV1.0.0.11","1.1.2.0","PSt7-10","170328-006","1/4/2020 10:31:52","0000-00","0","no battery","V"
"11/02/2020","11:59:08","1","default","640513929","OXY_CH1","44.758","min","155.241","µmol/L","Humid","23.617","deg","44443","µV","26.920","°C","1018.000","hPa","35.3","pmil","0","55.520","deg","20.000","°C","100.000","%a.s.","21.750","deg","20.000","°C","977.000","hPa","0.861","-0.02617","0.00035","0","0","13.56","Humid","24.85","0","70.00","286586.29","SABD0000000001","AAV1.0.0.11","1.1.2.0","PSt7-10","170328-006","1/4/2020 10:31:52","0000-00","0","no battery","V"
"11/02/2020","11:59:09","1","default","640513929","OXY_CH1","44.775","min","155.224","µmol/L","Humid","23.616","deg","44449","µV","26.926","°C","1018.000","hPa","35.3","pmil","0","55.520","deg","20.000","°C","100.000","%a.s.","21.750","deg","20.000","°C","977.000","hPa","0.861","-0.02617","0.00035","0","0","13.56","Humid","24.85","0","70.00","286597.05","SABD0000000001","AAV1.0.0.11","1.1.2.0","PSt7-10","170328-006","1/4/2020 10:31:52","0000-00","0","no battery","V"
"11/02/2020","11:59:10","1","default","640513929","OXY_CH1","44.792","min","155.323","µmol/L","Humid","23.613","deg","44452","µV","26.913","°C","1018.000","hPa","35.3","pmil","0","55.520","deg","20.000","°C","100.000","%a.s.","21.750","deg","20.000","°C","977.000","hPa","0.861","-0.02617","0.00035","0","0","13.56","Humid","24.85","0","70.00","286586.19","SABD0000000001","AAV1.0.0.11","1.1.2.0","PSt7-10","170328-006","1/4/2020 10:31:52","0000-00","0","no battery","V"
"11/02/2020","11:59:11","1","default","640513929","OXY_CH1","44.809","min","155.229","µmol/L","Humid","23.613","deg","44447","µV","26.934","°C","1018.000","hPa","35.3","pmil","0","55.520","deg","20.000","°C","100.000","%a.s.","21.750","deg","20.000","°C","977.000","hPa","0.861","-0.02617","0.00035","0","0","13.56","Humid","24.85","0","70.00","286591.19","SABD0000000001","AAV1.0.0.11","1.1.2.0","PSt7-10","170328-006","1/4/2020 10:31:52","0000-00","0","no battery","V"
"11/02/2020","11:59:12","1","default","640513929","OXY_CH1","44.826","min","155.243","µmol/L","Humid","23.609","deg","44447","µV","26.942","°C","1018.000","hPa","35.3","pmil","0","55.520","deg","20.000","°C","100.000","%a.s.","21.750","deg","20.000","°C","977.000","hPa","0.861","-0.02617","0.00035","0","0","13.56","Humid","24.85","0","70.00","286586.84","SABD0000000001","AAV1.0.0.11","1.1.2.0","PSt7-10","170328-006","1/4/2020 10:31:52","0000-00","0","no battery","V"
"11/02/2020","11:59:13","1","default","640513929","OXY_CH1","44.842","min","155.169","µmol/L","Humid","23.617","deg","44450","µV","26.936","°C","1018.000","hPa","35.3","pmil","0","55.520","deg","20.000","°C","100.000","%a.s.","21.750","deg","20.000","°C","977.000","hPa","0.861","-0.02617","0.00035","0","0","13.56","Humid","24.85","0","70.00","286593.66","SABD0000000001","AAV1.0.0.11","1.1.2.0","PSt7-10","170328-006","1/4/2020 10:31:52","0000-00","0","no battery","V"
"11/02/2020","11:59:14","1","default","640513929","OXY_CH1","44.859","min","155.131","µmol/L","Humid","23.619","deg","44448","µV","26.938","°C","1018.000","hPa","35.3","pmil","0","55.520","deg","20.000","°C","100.000","%a.s.","21.750","deg","20.000","°C","977.000","hPa","0.861","-0.02617","0.00035","0","0","13.56","Humid","24.85","0","70.00","286577.22","SABD0000000001","AAV1.0.0.11","1.1.2.0","PSt7-10","170328-006","1/4/2020 10:31:52","0000-00","0","no battery","V"
"11/02/2020","11:59:15","1","default","640513929","OXY_CH1","44.875","min","155.241","µmol/L","Humid","23.615","deg","44446","µV","26.925","°C","1018.000","hPa","35.3","pmil","0","55.520","deg","20.000","°C","100.000","%a.s.","21.750","deg","20.000","°C","977.000","hPa","0.861","-0.02617","0.00035","0","0","13.56","Humid","24.85","0","70.00","286580.89","SABD0000000001","AAV1.0.0.11","1.1.2.0","PSt7-10","170328-006","1/4/2020 10:31:52","0000-00","0","no battery","V"
"11/02/2020","11:59:16","1","default","640513929","OXY_CH1","44.892","min","155.282","µmol/L","Humid","23.610","deg","44445","µV","26.931","°C","1018.000","hPa","35.3","pmil","0","55.520","deg","20.000","°C","100.000","%a.s.","21.750","deg","20.000","°C","977.000","hPa","0.861","-0.02617","0.00035","0","0","13.56","Humid","24.85","0","70.00","286592.34","SABD0000000001","AAV1.0.0.11","1.1.2.0","PSt7-10","170328-006","1/4/2020 10:31:52","0000-00","0","no battery","V"
"11/02/2020","11:59:17","1","default","640513929","OXY_CH1","44.908","min","155.119","µmol/L","Humid","23.623","deg","44446","µV","26.929","°C","1018.000","hPa","35.3","pmil","0","55.520","deg","20.000","°C","100.000","%a.s.","21.750","deg","20.000","°C","977.000","hPa","0.861","-0.02617","0.00035","0","0","13.56","Humid","24.85","0","70.00","286572.92","SABD0000000001","AAV1.0.0.11","1.1.2.0","PSt7-10","170328-006","1/4/2020 10:31:52","0000-00","0","no battery","V"
"11/02/2020","11:59:18","1","default","640513929","OXY_CH1","44.925","min","155.212","µmol/L","Humid","23.618","deg","44451","µV","26.923","°C","1018.000","hPa","35.3","pmil","0","55.520","deg","20.000","°C","100.000","%a.s.","21.750","deg","20.000","°C","977.000","hPa","0.861","-0.02617","0.00035","0","0","13.56","Humid","24.85","0","70.00","286584.96","SABD0000000001","AAV1.0.0.11","1.1.2.0","PSt7-10","170328-006","1/4/2020 10:31:52","0000-00","0","no battery","V"
"11/02/2020","11:59:19","1","default","640513929","OXY_CH1","44.942","min","155.263","µmol/L","Humid","23.618","deg","44453","µV","26.912","°C","1018.000","hPa","35.3","pmil","0","55.520","deg","20.000","°C","100.000","%a.s.","21.750","deg","20.000","°C","977.000","hPa","0.861","-0.02617","0.00035","0","0","13.56","Humid","24.85","0","70.00","286594.38","SABD0000000001","AAV1.0.0.11","1.1.2.0","PSt7-10","170328-006","1/4/2020 10:31:52","0000-00","0","no battery","V"
"11/02/2020","11:59:20","1","default","640513929","OXY_CH1","44.959","min","155.185","µmol/L","Humid","23.621","deg","44447","µV","26.921","°C","1018.000","hPa","35.3","pmil","0","55.520","deg","20.000","°C","100.000","%a.s.","21.750","deg","20.000","°C","977.000","hPa","0.861","-0.02617","0.00035","0","0","13.56","Humid","24.85","0","70.00","286593.99","SABD0000000001","AAV1.0.0.11","1.1.2.0","PSt7-10","170328-006","1/4/2020 10:31:52","0000-00","0","no battery","V"
"11/02/2020","11:59:21","1","default","640513929","OXY_CH1","44.975","min","155.156","µmol/L","Humid","23.619","deg","44445","µV","26.933","°C","1018.000","hPa","35.3","pmil","0","55.520","deg","20.000","°C","100.000","%a.s.","21.750","deg","20.000","°C","977.000","hPa","0.861","-0.02617","0.00035","0","0","13.56","Humid","24.85","0","70.00","286579.87","SABD0000000001","AAV1.0.0.11","1.1.2.0","PSt7-10","170328-006","1/4/2020 10:31:52","0000-00","0","no battery","V"
"11/02/2020","11:59:22","1","default","640513929","OXY_CH1","44.992","min","155.223","µmol/L","Humid","23.620","deg","44449","µV","26.915","°C","1018.000","hPa","35.3","pmil","0","55.520","deg","20.000","°C","100.000","%a.s.","21.750","deg","20.000","°C","977.000","hPa","0.861","-0.02617","0.00035","0","0","13.56","Humid","24.85","0","70.00","286579.87","SABD0000000001","AAV1.0.0.11","1.1.2.0","PSt7-10","170328-006","1/4/2020 10:31:52","0000-00","0","no battery","V"
"11/02/2020","11:59:23","1","default","640513929","OXY_CH1","45.009","min","155.222","µmol/L","Humid","23.619","deg","44451","µV","26.918","°C","1018.000","hPa","35.3","pmil","0","55.520","deg","20.000","°C","100.000","%a.s.","21.750","deg","20.000","°C","977.000","hPa","0.861","-0.02617","0.00035","0","0","13.56","Humid","24.85","0","70.00","286583.18","SABD0000000001","AAV1.0.0.11","1.1.2.0","PSt7-10","170328-006","1/4/2020 10:31:52","0000-00","0","no battery","V"
"11/02/2020","11:59:24","1","default","640513929","OXY_CH1","45.025","min","155.209","µmol/L","Humid","23.617","deg","44449","µV","26.927","°C","1018.000","hPa","35.3","pmil","0","55.520","deg","20.000","°C","100.000","%a.s.","21.750","deg","20.000","°C","977.000","hPa","0.861","-0.02617","0.00035","0","0","13.56","Humid","24.85","0","70.00","286596.20","SABD0000000001","AAV1.0.0.11","1.1.2.0","PSt7-10","170328-006","1/4/2020 10:31:52","0000-00","0","no battery","V"
"11/02/2020","11:59:25","1","default","640513929","OXY_CH1","45.042","min","155.334","µmol/L","Humid","23.614","deg","44450","µV","26.908","°C","1018.000","hPa","35.3","pmil","0","55.520","deg","20.000","°C","100.000","%a.s.","21.750","deg","20.000","°C","977.000","hPa","0.861","-0.02617","0.00035","0","0","13.56","Humid","24.85","0","70.00","286600.76","SABD0000000001","AAV1.0.0.11","1.1.2.0","PSt7-10","170328-006","1/4/2020 10:31:52","0000-00","0","no battery","V"
"11/02/2020","11:59:26","1","default","640513929","OXY_CH1","45.058","min","155.107","µmol/L","Humid","23.624","deg","44452","µV","26.929","°C","1018.000","hPa","35.3","pmil","0","55.520","deg","20.000","°C","100.000","%a.s.","21.750","deg","20.000","°C","977.000","hPa","0.861","-0.02617","0.00035","0","0","13.56","Humid","24.85","0","70.00","286586.08","SABD0000000001","AAV1.0.0.11","1.1.2.0","PSt7-10","170328-006","1/4/2020 10:31:52","0000-00","0","no battery","V"
"11/02/2020","11:59:27","1","default","640513929","OXY_CH1","45.075","min","155.183","µmol/L","Humid","23.625","deg","44454","µV","26.909","°C","1018.000","hPa","35.3","pmil","0","55.520","deg","20.000","°C","100.000","%a.s.","21.750","deg","20.000","°C","977.000","hPa","0.861","-0.02617","0.00035","0","0","13.56","Humid","24.85","0","70.00","286583.68","SABD0000000001","AAV1.0.0.11","1.1.2.0","PSt7-10","170328-006","1/4/2020 10:31:52","0000-00","0","no battery","V"
"11/02/2020","11:59:28","1","default","640513929","OXY_CH1","45.092","min","155.192","µmol/L","Humid","23.622","deg","44459","µV","26.916","°C","1018.000","hPa","35.3","pmil","0","55.520","deg","20.000","°C","100.000","%a.s.","21.750","deg","20.000","°C","977.000","hPa","0.861","-0.02617","0.00035","0","0","13.56","Humid","24.85","0","70.00","286598.08","SABD0000000001","AAV1.0.0.11","1.1.2.0","PSt7-10","170328-006","1/4/2020 10:31:52","0000-00","0","no battery","V"
"11/02/2020","11:59:29","1","default","640513929","OXY_CH1","45.109","min","155.189","µmol/L","Humid","23.623","deg","44461","µV","26.914","°C","1018.000","hPa","35.3","pmil","0","55.520","deg","20.000","°C","100.000","%a.s.","21.750","deg","20.000","°C","977.000","hPa","0.861","-0.02617","0.00035","0","0","13.56","Humid","24.85","0","70.00","286586.39","SABD0000000001","AAV1.0.0.11","1.1.2.0","PSt7-10","170328-006","1/4/2020 10:31:52","0000-00","0","no battery","V"
"11/02/2020","11:59:30","1","default","640513929","OXY_CH1","45.125","min","155.138","µmol/L","Humid","23.631","deg","44465","µV","26.902","°C","1018.000","hPa","35.3","pmil","0","55.520","deg","20.000","°C","100.000","%a.s.","21.750","deg","20.000","°C","977.000","hPa","0.861","-0.02617","0.00035","0","0","13.56","Humid","24.85","0","70.00","286586.13","SABD0000000001","AAV1.0.0.11","1.1.2.0","PSt7-10","170328-006","1/4/2020 10:31:52","0000-00","0","no battery","V"
"11/02/2020","11:59:31","1","default","640513929","OXY_CH1","45.142","min","155.265","µmol/L","Humid","23.614","deg","44459","µV","26.923","°C","1018.000","hPa","35.3","pmil","0","55.520","deg","20.000","°C","100.000","%a.s.","21.750","deg","20.000","°C","977.000","hPa","0.861","-0.02617","0.00035","0","0","13.56","Humid","24.85","0","70.00","286587.38","SABD0000000001","AAV1.0.0.11","1.1.2.0","PSt7-10","170328-006","1/4/2020 10:31:52","0000-00","0","no battery","V"
"11/02/2020","11:59:32","1","default","640513929","OXY_CH1","45.159","min","155.130","µmol/L","Humid","23.620","deg","44461","µV","26.935","°C","1018.000","hPa","35.3","pmil","0","55.520","deg","20.000","°C","100.000","%a.s.","21.750","deg","20.000","°C","977.000","hPa","0.861","-0.02617","0.00035","0","0","13.56","Humid","24.85","0","70.00","286586.75","SABD0000000001","AAV1.0.0.11","1.1.2.0","PSt7-10","170328-006","1/4/2020 10:31:52","0000-00","0","no battery","V"
"11/02/2020","11:59:33","1","default","640513929","OXY_CH1","45.176","min","155.132","µmol/L","Humid","23.625","deg","44450","µV","26.921","°C","1018.000","hPa","35.3","pmil","0","55.520","deg","20.000","°C","100.000","%a.s.","21.750","deg","20.000","°C","977.000","hPa","0.861","-0.02617","0.00035","0","0","13.56","Humid","24.85","0","70.00","286581.43","SABD0000000001","AAV1.0.0.11","1.1.2.0","PSt7-10","170328-006","1/4/2020 10:31:52","0000-00","0","no battery","V"
"11/02/2020","11:59:34","1","default","640513929","OXY_CH1","45.192","min","155.126","µmol/L","Humid","23.623","deg","44453","µV","26.928","°C","1018.000","hPa","35.3","pmil","0","55.520","deg","20.000","°C","100.000","%a.s.","21.750","deg","20.000","°C","977.000","hPa","0.861","-0.02617","0.00035","0","0","13.56","Humid","24.85","0","70.00","286582.11","SABD0000000001","AAV1.0.0.11","1.1.2.0","PSt7-10","170328-006","1/4/2020 10:31:52","0000-00","0","no battery","V"
"11/02/2020","11:59:35","1","default","640513929","OXY_CH1","45.208","min","155.128","µmol/L","Humid","23.627","deg","44452","µV","26.916","°C","1018.000","hPa","35.3","pmil","0","55.520","deg","20.000","°C","100.000","%a.s.","21.750","deg","20.000","°C","977.000","hPa","0.861","-0.02617","0.00035","0","0","13.56","Humid","24.85","0","70.00","286581.02","SABD0000000001","AAV1.0.0.11","1.1.2.0","PSt7-10","170328-006","1/4/2020 10:31:52","0000-00","0","no battery","V"
"11/02/2020","11:59:36","1","default","640513929","OXY_CH1","45.225","min","155.114","µmol/L","Humid","23.625","deg","44450","µV","26.925","°C","1018.000","hPa","35.3","pmil","0","55.520","deg","20.000","°C","100.000","%a.s.","21.750","deg","20.000","°C","977.000","hPa","0.861","-0.02617","0.00035","0","0","13.56","Humid","24.85","0","70.00","286576.86","SABD0000000001","AAV1.0.0.11","1.1.2.0","PSt7-10","170328-006","1/4/2020 10:31:52","0000-00","0","no battery","V"
"11/02/2020","11:59:37","1","default","640513929","OXY_CH1","45.242","min","155.178","µmol/L","Humid","23.623","deg","44456","µV","26.916","°C","1018.000","hPa","35.3","pmil","0","55.520","deg","20.000","°C","100.000","%a.s.","21.750","deg","20.000","°C","977.000","hPa","0.861","-0.02617","0.00035","0","0","13.56","Humid","24.85","0","70.00","286581.74","SABD0000000001","AAV1.0.0.11","1.1.2.0","PSt7-10","170328-006","1/4/2020 10:31:52","0000-00","0","no battery","V"
"11/02/2020","11:59:38","1","default","640513929","OXY_CH1","45.259","min","155.122","µmol/L","Humid","23.625","deg","44454","µV","26.923","°C","1018.000","hPa","35.3","pmil","0","55.520","deg","20.000","°C","100.000","%a.s.","21.750","deg","20.000","°C","977.000","hPa","0.861","-0.02617","0.00035","0","0","13.56","Humid","24.85","0","70.00","286576.70","SABD0000000001","AAV1.0.0.11","1.1.2.0","PSt7-10","170328-006","1/4/2020 10:31:52","0000-00","0","no battery","V"
"11/02/2020","11:59:39","1","default","640513929","OXY_CH1","45.275","min","155.152","µmol/L","Humid","23.628","deg","44459","µV","26.908","°C","1018.000","hPa","35.3","pmil","0","55.520","deg","20.000","°C","100.000","%a.s.","21.750","deg","20.000","°C","977.000","hPa","0.861","-0.02617","0.00035","0","0","13.56","Humid","24.85","0","70.00","286575.40","SABD0000000001","AAV1.0.0.11","1.1.2.0","PSt7-10","170328-006","1/4/2020 10:31:52","0000-00","0","no battery","V"
"11/02/2020","11:59:40","1","default","640513929","OXY_CH1","45.292","min","155.196","µmol/L","Humid","23.622","deg","44456","µV","26.915","°C","1018.000","hPa","35.3","pmil","0","55.520","deg","20.000","°C","100.000","%a.s.","21.750","deg","20.000","°C","977.000","hPa","0.861","-0.02617","0.00035","0","0","13.56","Humid","24.85","0","70.00","286573.06","SABD0000000001","AAV1.0.0.11","1.1.2.0","PSt7-10","170328-006","1/4/2020 10:31:52","0000-00","0","no battery","V"
"11/02/2020","11:59:41","1","default","640513929","OXY_CH1","45.309","min","155.121","µmol/L","Humid","23.625","deg","44447","µV","26.923","°C","1018.000","hPa","35.3","pmil","0","55.520","deg","20.000","°C","100.000","%a.s.","21.750","deg","20.000","°C","977.000","hPa","0.861","-0.02617","0.00035","0","0","13.56","Humid","24.85","0","70.00","286584.94","SABD0000000001","AAV1.0.0.11","1.1.2.0","PSt7-10","170328-006","1/4/2020 10:31:52","0000-00","0","no battery","V"
"11/02/2020","11:59:42","1","default","640513929","OXY_CH1","45.325","min","155.089","µmol/L","Humid","23.627","deg","44460","µV","26.925","°C","1018.000","hPa","35.3","pmil","0","55.520","deg","20.000","°C","100.000","%a.s.","21.750","deg","20.000","°C","977.000","hPa","0.861","-0.02617","0.00035","0","0","13.56","Humid","24.85","0","70.00","286579.95","SABD0000000001","AAV1.0.0.11","1.1.2.0","PSt7-10","170328-006","1/4/2020 10:31:52","0000-00","0","no battery","V"
"11/02/2020","11:59:43","1","default","640513929","OXY_CH1","45.342","min","155.095","µmol/L","Humid","23.632","deg","44459","µV","26.909","°C","1018.000","hPa","35.3","pmil","0","55.520","deg","20.000","°C","100.000","%a.s.","21.750","deg","20.000","°C","977.000","hPa","0.861","-0.02617","0.00035","0","0","13.56","Humid","24.85","0","70.00","286585.62","SABD0000000001","AAV1.0.0.11","1.1.2.0","PSt7-10","170328-006","1/4/2020 10:31:52","0000-00","0","no battery","V"
"11/02/2020","11:59:44","1","default","640513929","OXY_CH1","45.358","min","155.119","µmol/L","Humid","23.627","deg","44461","µV","26.918","°C","1018.000","hPa","35.3","pmil","0","55.520","deg","20.000","°C","100.000","%a.s.","21.750","deg","20.000","°C","977.000","hPa","0.861","-0.02617","0.00035","0","0","13.56","Humid","24.85","0","70.00","286574.50","SABD0000000001","AAV1.0.0.11","1.1.2.0","PSt7-10","170328-006","1/4/2020 10:31:52","0000-00","0","no battery","V"
"11/02/2020","11:59:45","1","default","640513929","OXY_CH1","45.375","min","155.158","µmol/L","Humid","23.623","deg","44467","µV","26.921","°C","1018.000","hPa","35.3","pmil","0","55.520","deg","20.000","°C","100.000","%a.s.","21.750","deg","20.000","°C","977.000","hPa","0.861","-0.02617","0.00035","0","0","13.56","Humid","24.85","0","70.00","286590.12","SABD0000000001","AAV1.0.0.11","1.1.2.0","PSt7-10","170328-006","1/4/2020 10:31:52","0000-00","0","no battery","V"
"11/02/2020","11:59:46","1","default","640513929","OXY_CH1","45.392","min","155.049","µmol/L","Humid","23.632","deg","44470","µV","26.919","°C","1018.000","hPa","35.3","pmil","0","55.520","deg","20.000","°C","100.000","%a.s.","21.750","deg","20.000","°C","977.000","hPa","0.861","-0.02617","0.00035","0","0","13.56","Humid","24.85","0","70.00","286590.12","SABD0000000001","AAV1.0.0.11","1.1.2.0","PSt7-10","170328-006","1/4/2020 10:31:52","0000-00","0","no battery","V"
"11/02/2020","11:59:47","1","default","640513929","OXY_CH1","45.408","min","155.093","µmol/L","Humid","23.633","deg","44471","µV","26.906","°C","1018.000","hPa","35.3","pmil","0","55.520","deg","20.000","°C","100.000","%a.s.","21.750","deg","20.000","°C","977.000","hPa","0.861","-0.02617","0.00035","0","0","13.56","Humid","24.85","0","70.00","286569.51","SABD0000000001","AAV1.0.0.11","1.1.2.0","PSt7-10","170328-006","1/4/2020 10:31:52","0000-00","0","no battery","V"
"11/02/2020","11:59:48","1","default","640513929","OXY_CH1","45.425","min","155.070","µmol/L","Humid","23.633","deg","44470","µV","26.911","°C","1018.000","hPa","35.3","pmil","0","55.520","deg","20.000","°C","100.000","%a.s.","21.750","deg","20.000","°C","977.000","hPa","0.861","-0.02617","0.00035","0","0","13.56","Humid","24.85","0","70.00","286589.86","SABD0000000001","AAV1.0.0.11","1.1.2.0","PSt7-10","170328-006","1/4/2020 10:31:52","0000-00","0","no battery","V"
"11/02/2020","11:59:49","1","default","640513929","OXY_CH1","45.442","min","155.179","µmol/L","Humid","23.631","deg","44473","µV","26.893","°C","1018.000","hPa","35.3","pmil","0","55.520","deg","20.000","°C","100.000","%a.s.","21.750","deg","20.000","°C","977.000","hPa","0.861","-0.02617","0.00035","0","0","13.56","Humid","24.85","0","70.00","286584.44","SABD0000000001","AAV1.0.0.11","1.1.2.0","PSt7-10","170328-006","1/4/2020 10:31:52","0000-00","0","no battery","V"
"11/02/2020","11:59:50","1","default","640513929","OXY_CH1","45.459","min","154.936","µmol/L","Humid","23.640","deg","44474","µV","26.921","°C","1018.000","hPa","35.3","pmil","0","55.520","deg","20.000","°C","100.000","%a.s.","21.750","deg","20.000","°C","977.000","hPa","0.861","-0.02617","0.00035","0","0","13.56","Humid","24.85","0","70.00","286575.08","SABD0000000001","AAV1.0.0.11","1.1.2.0","PSt7-10","170328-006","1/4/2020 10:31:52","0000-00","0","no battery","V"
"11/02/2020","11:59:51","1","default","640513929","OXY_CH1","45.475","min","155.066","µmol/L","Humid","23.631","deg","44471","µV","26.918","°C","1018.000","hPa","35.3","pmil","0","55.520","deg","20.000","°C","100.000","%a.s.","21.750","deg","20.000","°C","977.000","hPa","0.861","-0.02617","0.00035","0","0","13.56","Humid","24.85","0","70.00","286572.27","SABD0000000001","AAV1.0.0.11","1.1.2.0","PSt7-10","170328-006","1/4/2020 10:31:52","0000-00","0","no battery","V"
"11/02/2020","11:59:52","1","default","640513929","OXY_CH1","45.492","min","155.123","µmol/L","Humid","23.629","deg","44475","µV","26.911","°C","1018.000","hPa","35.3","pmil","0","55.520","deg","20.000","°C","100.000","%a.s.","21.750","deg","20.000","°C","977.000","hPa","0.861","-0.02617","0.00035","0","0","13.56","Humid","24.85","0","70.00","286578.07","SABD0000000001","AAV1.0.0.11","1.1.2.0","PSt7-10","170328-006","1/4/2020 10:31:52","0000-00","0","no battery","V"
"11/02/2020","11:59:53","1","default","640513929","OXY_CH1","45.509","min","155.081","µmol/L","Humid","23.631","deg","44477","µV","26.915","°C","1018.000","hPa","35.3","pmil","0","55.520","deg","20.000","°C","100.000","%a.s.","21.750","deg","20.000","°C","977.000","hPa","0.861","-0.02617","0.00035","0","0","13.56","Humid","24.85","0","70.00","286573.13","SABD0000000001","AAV1.0.0.11","1.1.2.0","PSt7-10","170328-006","1/4/2020 10:31:52","0000-00","0","no battery","V"
"11/02/2020","11:59:54","1","default","640513929","OXY_CH1","45.526","min","155.162","µmol/L","Humid","23.625","deg","44479","µV","26.914","°C","1018.000","hPa","35.3","pmil","0","55.520","deg","20.000","°C","100.000","%a.s.","21.750","deg","20.000","°C","977.000","hPa","0.861","-0.02617","0.00035","0","0","13.56","Humid","24.85","0","70.00","286587.95","SABD0000000001","AAV1.0.0.11","1.1.2.0","PSt7-10","170328-006","1/4/2020 10:31:52","0000-00","0","no battery","V"
"11/02/2020","11:59:55","1","default","640513929","OXY_CH1","45.542","min","155.125","µmol/L","Humid","23.630","deg","44482","µV","26.908","°C","1018.000","hPa","35.3","pmil","0","55.520","deg","20.000","°C","100.000","%a.s.","21.750","deg","20.000","°C","977.000","hPa","0.861","-0.02617","0.00035","0","0","13.56","Humid","24.85","0","70.00","286586.55","SABD0000000001","AAV1.0.0.11","1.1.2.0","PSt7-10","170328-006","1/4/2020 10:31:52","0000-00","0","no battery","V"
"11/02/2020","11:59:56","1","default","640513929","OXY_CH1","45.558","min","154.965","µmol/L","Humid","23.639","deg","44485","µV","26.917","°C","1018.000","hPa","35.3","pmil","0","55.520","deg","20.000","°C","100.000","%a.s.","21.750","deg","20.000","°C","977.000","hPa","0.861","-0.02617","0.00035","0","0","13.56","Humid","24.85","0","70.00","286577.38","SABD0000000001","AAV1.0.0.11","1.1.2.0","PSt7-10","170328-006","1/4/2020 10:31:52","0000-00","0","no battery","V"
"11/02/2020","11:59:57","1","default","640513929","OXY_CH1","45.575","min","155.032","µmol/L","Humid","23.633","deg","44484","µV","26.920","°C","1018.000","hPa","35.3","pmil","0","55.520","deg","20.000","°C","100.000","%a.s.","21.750","deg","20.000","°C","977.000","hPa","0.861","-0.02617","0.00035","0","0","13.56","Humid","24.85","0","70.00","286595.65","SABD0000000001","AAV1.0.0.11","1.1.2.0","PSt7-10","170328-006","1/4/2020 10:31:52","0000-00","0","no battery","V"
"11/02/2020","11:59:58","1","default","640513929","OXY_CH1","45.592","min","155.078","µmol/L","Humid","23.634","deg","44485","µV","26.907","°C","1018.000","hPa","35.3","pmil","0","55.520","deg","20.000","°C","100.000","%a.s.","21.750","deg","20.000","°C","977.000","hPa","0.861","-0.02617","0.00035","0","0","13.56","Humid","24.85","0","70.00","286575.89","SABD0000000001","AAV1.0.0.11","1.1.2.0","PSt7-10","170328-006","1/4/2020 10:31:52","0000-00","0","no battery","V"
"11/02/2020","11:59:59","1","default","640513929","OXY_CH1","45.609","min","155.004","µmol/L","Humid","23.636","deg","44485","µV","26.917","°C","1018.000","hPa","35.3","pmil","0","55.520","deg","20.000","°C","100.000","%a.s.","21.750","deg","20.000","°C","977.000","hPa","0.861","-0.02617","0.00035","0","0","13.56","Humid","24.85","0","70.00","286579.54","SABD0000000001","AAV1.0.0.11","1.1.2.0","PSt7-10","170328-006","1/4/2020 10:31:52","0000-00","0","no battery","V"
"11/02/2020","12:00:00","1","default","640513929","OXY_CH1","45.626","min","155.020","µmol/L","Humid","23.636","deg","44490","µV","26.914","°C","1018.000","hPa","35.3","pmil","0","55.520","deg","20.000","°C","100.000","%a.s.","21.750","deg","20.000","°C","977.000","hPa","0.861","-0.02617","0.00035","0","0","13.56","Humid","24.85","0","70.00","286574.38","SABD0000000001","AAV1.0.0.11","1.1.2.0","PSt7-10","170328-006","1/4/2020 10:31:52","0000-00","0","no battery","V"
"11/02/2020","12:00:01","1","default","640513929","OXY_CH1","45.642","min","155.021","µmol/L","Humid","23.639","deg","44494","µV","26.905","°C","1018.000","hPa","35.3","pmil","0","55.520","deg","20.000","°C","100.000","%a.s.","21.750","deg","20.000","°C","977.000","hPa","0.861","-0.02617","0.00035","0","0","13.56","Humid","24.85","0","70.00","286582.63","SABD0000000001","AAV1.0.0.11","1.1.2.0","PSt7-10","170328-006","1/4/2020 10:31:52","0000-00","0","no battery","V"
"11/02/2020","12:00:02","1","default","640513929","OXY_CH1","45.659","min","155.065","µmol/L","Humid","23.634","deg","44492","µV","26.910","°C","1018.000","hPa","35.3","pmil","0","55.520","deg","20.000","°C","100.000","%a.s.","21.750","deg","20.000","°C","977.000","hPa","0.861","-0.02617","0.00035","0","0","13.56","Humid","24.85","0","70.00","286577.62","SABD0000000001","AAV1.0.0.11","1.1.2.0","PSt7-10","170328-006","1/4/2020 10:31:52","0000-00","0","no battery","V"
"11/02/2020","12:00:03","1","default","640513929","OXY_CH1","45.676","min","155.018","µmol/L","Humid","23.638","deg","44490","µV","26.909","°C","1018.000","hPa","35.3","pmil","0","55.520","deg","20.000","°C","100.000","%a.s.","21.750","deg","20.000","°C","977.000","hPa","0.861","-0.02617","0.00035","0","0","13.56","Humid","24.85","0","70.00","286579.48","SABD0000000001","AAV1.0.0.11","1.1.2.0","PSt7-10","170328-006","1/4/2020 10:31:52","0000-00","0","no battery","V"
"11/02/2020","12:00:04","1","default","640513929","OXY_CH1","45.692","min","155.065","µmol/L","Humid","23.635","deg","44497","µV","26.907","°C","1018.000","hPa","35.3","pmil","0","55.520","deg","20.000","°C","100.000","%a.s.","21.750","deg","20.000","°C","977.000","hPa","0.861","-0.02617","0.00035","0","0","13.56","Humid","24.85","0","70.00","286580.26","SABD0000000001","AAV1.0.0.11","1.1.2.0","PSt7-10","170328-006","1/4/2020 10:31:52","0000-00","0","no battery","V"
"11/02/2020","12:00:05","1","default","640513929","OXY_CH1","45.708","min","155.017","µmol/L","Humid","23.638","deg","44487","µV","26.909","°C","1018.000","hPa","35.3","pmil","0","55.520","deg","20.000","°C","100.000","%a.s.","21.750","deg","20.000","°C","977.000","hPa","0.861","-0.02617","0.00035","0","0","13.56","Humid","24.85","0","70.00","286571.76","SABD0000000001","AAV1.0.0.11","1.1.2.0","PSt7-10","170328-006","1/4/2020 10:31:52","0000-00","0","no battery","V"
"11/02/2020","12:00:06","1","default","640513929","OXY_CH1","45.725","min","155.037","µmol/L","Humid","23.640","deg","44494","µV","26.899","°C","1018.000","hPa","35.3","pmil","0","55.520","deg","20.000","°C","100.000","%a.s.","21.750","deg","20.000","°C","977.000","hPa","0.861","-0.02617","0.00035","0","0","13.56","Humid","24.85","0","70.00","286565.38","SABD0000000001","AAV1.0.0.11","1.1.2.0","PSt7-10","170328-006","1/4/2020 10:31:52","0000-00","0","no battery","V"
"11/02/2020","12:00:07","1","default","640513929","OXY_CH1","45.742","min","155.065","µmol/L","Humid","23.640","deg","44491","µV","26.893","°C","1018.000","hPa","35.3","pmil","0","55.520","deg","20.000","°C","100.000","%a.s.","21.750","deg","20.000","°C","977.000","hPa","0.861","-0.02617","0.00035","0","0","13.56","Humid","24.85","0","70.00","286576.50","SABD0000000001","AAV1.0.0.11","1.1.2.0","PSt7-10","170328-006","1/4/2020 10:31:52","0000-00","0","no battery","V"
"11/02/2020","12:00:08","1","default","640513929","OXY_CH1","45.759","min","155.160","µmol/L","Humid","23.631","deg","44491","µV","26.897","°C","1018.000","hPa","35.3","pmil","0","55.520","deg","20.000","°C","100.000","%a.s.","21.750","deg","20.000","°C","977.000","hPa","0.861","-0.02617","0.00035","0","0","13.56","Humid","24.85","0","70.00","286573.54","SABD0000000001","AAV1.0.0.11","1.1.2.0","PSt7-10","170328-006","1/4/2020 10:31:52","0000-00","0","no battery","V"
"11/02/2020","12:00:09","1","default","640513929","OXY_CH1","45.775","min","154.950","µmol/L","Humid","23.639","deg","44491","µV","26.921","°C","1018.000","hPa","35.3","pmil","0","55.520","deg","20.000","°C","100.000","%a.s.","21.750","deg","20.000","°C","977.000","hPa","0.861","-0.02617","0.00035","0","0","13.56","Humid","24.85","0","70.00","286559.98","SABD0000000001","AAV1.0.0.11","1.1.2.0","PSt7-10","170328-006","1/4/2020 10:31:52","0000-00","0","no battery","V"
"11/02/2020","12:00:10","1","default","640513929","OXY_CH1","45.792","min","154.982","µmol/L","Humid","23.639","deg","44493","µV","26.914","°C","1018.000","hPa","35.3","pmil","0","55.520","deg","20.000","°C","100.000","%a.s.","21.750","deg","20.000","°C","977.000","hPa","0.861","-0.02617","0.00035","0","0","13.56","Humid","24.85","0","70.00","286571.43","SABD0000000001","AAV1.0.0.11","1.1.2.0","PSt7-10","170328-006","1/4/2020 10:31:52","0000-00","0","no battery","V"
"11/02/2020","12:00:11","1","default","640513929","OXY_CH1","45.809","min","155.001","µmol/L","Humid","23.639","deg","44494","µV","26.909","°C","1018.000","hPa","35.3","pmil","0","55.520","deg","20.000","°C","100.000","%a.s.","21.750","deg","20.000","°C","977.000","hPa","0.861","-0.02617","0.00035","0","0","13.56","Humid","24.85","0","70.00","286575.45","SABD0000000001","AAV1.0.0.11","1.1.2.0","PSt7-10","170328-006","1/4/2020 10:31:52","0000-00","0","no battery","V"
"11/02/2020","12:00:12","1","default","640513929","OXY_CH1","45.826","min","155.043","µmol/L","Humid","23.634","deg","44495","µV","26.915","°C","1018.000","hPa","35.3","pmil","0","55.520","deg","20.000","°C","100.000","%a.s.","21.750","deg","20.000","°C","977.000","hPa","0.861","-0.02617","0.00035","0","0","13.56","Humid","24.85","0","70.00","286580.73","SABD0000000001","AAV1.0.0.11","1.1.2.0","PSt7-10","170328-006","1/4/2020 10:31:52","0000-00","0","no battery","V"
"11/02/2020","12:00:13","1","default","640513929","OXY_CH1","45.842","min","155.072","µmol/L","Humid","23.633","deg","44489","µV","26.911","°C","1018.000","hPa","35.3","pmil","0","55.520","deg","20.000","°C","100.000","%a.s.","21.750","deg","20.000","°C","977.000","hPa","0.861","-0.02617","0.00035","0","0","13.56","Humid","24.85","0","70.00","286572.21","SABD0000000001","AAV1.0.0.11","1.1.2.0","PSt7-10","170328-006","1/4/2020 10:31:52","0000-00","0","no battery","V"
"11/02/2020","12:00:14","1","default","640513929","OXY_CH1","45.859","min","154.978","µmol/L","Humid","23.643","deg","44491","µV","26.903","°C","1018.000","hPa","35.3","pmil","0","55.520","deg","20.000","°C","100.000","%a.s.","21.750","deg","20.000","°C","977.000","hPa","0.861","-0.02617","0.00035","0","0","13.56","Humid","24.85","0","70.00","286573.26","SABD0000000001","AAV1.0.0.11","1.1.2.0","PSt7-10","170328-006","1/4/2020 10:31:52","0000-00","0","no battery","V"
"11/02/2020","12:00:15","1","default","640513929","OXY_CH1","45.876","min","154.941","µmol/L","Humid","23.645","deg","44499","µV","26.906","°C","1018.000","hPa","35.3","pmil","0","55.520","deg","20.000","°C","100.000","%a.s.","21.750","deg","20.000","°C","977.000","hPa","0.861","-0.02617","0.00035","0","0","13.56","Humid","24.85","0","70.00","286569.73","SABD0000000001","AAV1.0.0.11","1.1.2.0","PSt7-10","170328-006","1/4/2020 10:31:52","0000-00","0","no battery","V"
"11/02/2020","12:00:16","1","default","640513929","OXY_CH1","45.892","min","154.961","µmol/L","Humid","23.645","deg","44492","µV","26.901","°C","1018.000","hPa","35.3","pmil","0","55.520","deg","20.000","°C","100.000","%a.s.","21.750","deg","20.000","°C","977.000","hPa","0.861","-0.02617","0.00035","0","0","13.56","Humid","24.85","0","70.00","286576.09","SABD0000000001","AAV1.0.0.11","1.1.2.0","PSt7-10","170328-006","1/4/2020 10:31:52","0000-00","0","no battery","V"
"11/02/2020","12:00:17","1","default","640513929","OXY_CH1","45.908","min","154.981","µmol/L","Humid","23.641","deg","44497","µV","26.908","°C","1018.000","hPa","35.3","pmil","0","55.520","deg","20.000","°C","100.000","%a.s.","21.750","deg","20.000","°C","977.000","hPa","0.861","-0.02617","0.00035","0","0","13.56","Humid","24.85","0","70.00","286580.09","SABD0000000001","AAV1.0.0.11","1.1.2.0","PSt7-10","170328-006","1/4/2020 10:31:52","0000-00","0","no battery","V"
"11/02/2020","12:00:18","1","default","640513929","OXY_CH1","45.925","min","155.068","µmol/L","Humid","23.635","deg","44498","µV","26.906","°C","1018.000","hPa","35.3","pmil","0","55.520","deg","20.000","°C","100.000","%a.s.","21.750","deg","20.000","°C","977.000","hPa","0.861","-0.02617","0.00035","0","0","13.56","Humid","24.85","0","70.00","286559.85","SABD0000000001","AAV1.0.0.11","1.1.2.0","PSt7-10","170328-006","1/4/2020 10:31:52","0000-00","0","no battery","V"
"11/02/2020","12:00:19","1","default","640513929","OXY_CH1","45.942","min","155.029","µmol/L","Humid","23.640","deg","44493","µV","26.900","°C","1018.000","hPa","35.3","pmil","0","55.520","deg","20.000","°C","100.000","%a.s.","21.750","deg","20.000","°C","977.000","hPa","0.861","-0.02617","0.00035","0","0","13.56","Humid","24.85","0","70.00","286569.77","SABD0000000001","AAV1.0.0.11","1.1.2.0","PSt7-10","170328-006","1/4/2020 10:31:52","0000-00","0","no battery","V"
"11/02/2020","12:00:20","1","default","640513929","OXY_CH1","45.959","min","154.865","µmol/L","Humid","23.647","deg","44493","µV","26.917","°C","1018.000","hPa","35.3","pmil","0","55.520","deg","20.000","°C","100.000","%a.s.","21.750","deg","20.000","°C","977.000","hPa","0.861","-0.02617","0.00035","0","0","13.56","Humid","24.85","0","70.00","286557.11","SABD0000000001","AAV1.0.0.11","1.1.2.0","PSt7-10","170328-006","1/4/2020 10:31:52","0000-00","0","no battery","V"
"11/02/2020","12:00:21","1","default","640513929","OXY_CH1","45.975","min","154.999","µmol/L","Humid","23.643","deg","44491","µV","26.899","°C","1018.000","hPa","35.3","pmil","0","55.520","deg","20.000","°C","100.000","%a.s.","21.750","deg","20.000","°C","977.000","hPa","0.861","-0.02617","0.00035","0","0","13.56","Humid","24.85","0","70.00","286567.33","SABD0000000001","AAV1.0.0.11","1.1.2.0","PSt7-10","170328-006","1/4/2020 10:31:52","0000-00","0","no battery","V"
"11/02/2020","12:00:22","1","default","640513929","OXY_CH1","45.992","min","155.008","µmol/L","Humid","23.644","deg","44497","µV","26.894","°C","1018.000","hPa","35.3","pmil","0","55.520","deg","20.000","°C","100.000","%a.s.","21.750","deg","20.000","°C","977.000","hPa","0.861","-0.02617","0.00035","0","0","13.56","Humid","24.85","0","70.00","286574.49","SABD0000000001","AAV1.0.0.11","1.1.2.0","PSt7-10","170328-006","1/4/2020 10:31:52","0000-00","0","no battery","V"
"11/02/2020","12:00:23","1","default","640513929","OXY_CH1","46.009","min","155.090","µmol/L","Humid","23.636","deg","44497","µV","26.898","°C","1018.000","hPa","35.3","pmil","0","55.520","deg","20.000","°C","100.000","%a.s.","21.750","deg","20.000","°C","977.000","hPa","0.861","-0.02617","0.00035","0","0","13.56","Humid","24.85","0","70.00","286564.97","SABD0000000001","AAV1.0.0.11","1.1.2.0","PSt7-10","170328-006","1/4/2020 10:31:52","0000-00","0","no battery","V"
"11/02/2020","12:00:24","1","default","640513929","OXY_CH1","46.025","min","154.976","µmol/L","Humid","23.645","deg","44495","µV","26.898","°C","1018.000","hPa","35.3","pmil","0","55.520","deg","20.000","°C","100.000","%a.s.","21.750","deg","20.000","°C","977.000","hPa","0.861","-0.02617","0.00035","0","0","13.56","Humid","24.85","0","70.00","286570.78","SABD0000000001","AAV1.0.0.11","1.1.2.0","PSt7-10","170328-006","1/4/2020 10:31:52","0000-00","0","no battery","V"
"11/02/2020","12:00:25","1","default","640513929","OXY_CH1","46.042","min","155.053","µmol/L","Humid","23.639","deg","44500","µV","26.898","°C","1018.000","hPa","35.3","pmil","0","55.520","deg","20.000","°C","100.000","%a.s.","21.750","deg","20.000","°C","977.000","hPa","0.861","-0.02617","0.00035","0","0","13.56","Humid","24.85","0","70.00","286563.41","SABD0000000001","AAV1.0.0.11","1.1.2.0","PSt7-10","170328-006","1/4/2020 10:31:52","0000-00","0","no battery","V"
"11/02/2020","12:00:26","1","default","640513929","OXY_CH1","46.059","min","155.077","µmol/L","Humid","23.638","deg","44499","µV","26.896","°C","1018.000","hPa","35.3","pmil","0","55.520","deg","20.000","°C","100.000","%a.s.","21.750","deg","20.000","°C","977.000","hPa","0.861","-0.02617","0.00035","0","0","13.56","Humid","24.85","0","70.00","286566.55","SABD0000000001","AAV1.0.0.11","1.1.2.0","PSt7-10","170328-006","1/4/2020 10:31:52","0000-00","0","no battery","V"
"11/02/2020","12:00:27","1","default","640513929","OXY_CH1","46.075","min","155.032","µmol/L","Humid","23.642","deg","44502","µV","26.894","°C","1018.000","hPa","35.3","pmil","0","55.520","deg","20.000","°C","100.000","%a.s.","21.750","deg","20.000","°C","977.000","hPa","0.861","-0.02617","0.00035","0","0","13.56","Humid","24.85","0","70.00","286568.09","SABD0000000001","AAV1.0.0.11","1.1.2.0","PSt7-10","170328-006","1/4/2020 10:31:52","0000-00","0","no battery","V"
"11/02/2020","12:00:28","1","default","640513929","OXY_CH1","46.092","min","154.897","µmol/L","Humid","23.646","deg","44505","µV","26.912","°C","1018.000","hPa","35.3","pmil","0","55.520","deg","20.000","°C","100.000","%a.s.","21.750","deg","20.000","°C","977.000","hPa","0.861","-0.02617","0.00035","0","0","13.56","Humid","24.85","0","70.00","286565.51","SABD0000000001","AAV1.0.0.11","1.1.2.0","PSt7-10","170328-006","1/4/2020 10:31:52","0000-00","0","no battery","V"
"11/02/2020","12:00:29","1","default","640513929","OXY_CH1","46.108","min","154.959","µmol/L","Humid","23.639","deg","44502","µV","26.919","°C","1018.000","hPa","35.3","pmil","0","55.520","deg","20.000","°C","100.000","%a.s.","21.750","deg","20.000","°C","977.000","hPa","0.861","-0.02617","0.00035","0","0","13.56","Humid","24.85","0","70.00","286573.16","SABD0000000001","AAV1.0.0.11","1.1.2.0","PSt7-10","170328-006","1/4/2020 10:31:52","0000-00","0","no battery","V"
"11/02/2020","12:00:30","1","default","640513929","OXY_CH1","46.125","min","154.949","µmol/L","Humid","23.639","deg","44500","µV","26.921","°C","1018.000","hPa","35.3","pmil","0","55.520","deg","20.000","°C","100.000","%a.s.","21.750","deg","20.000","°C","977.000","hPa","0.861","-0.02617","0.00035","0","0","13.56","Humid","24.85","0","70.00","286572.63","SABD0000000001","AAV1.0.0.11","1.1.2.0","PSt7-10","170328-006","1/4/2020 10:31:52","0000-00","0","no battery","V"
"11/02/2020","12:00:31","1","default","640513929","OXY_CH1","46.142","min","154.994","µmol/L","Humid","23.647","deg","44503","µV","26.888","°C","1018.000","hPa","35.3","pmil","0","55.520","deg","20.000","°C","100.000","%a.s.","21.750","deg","20.000","°C","977.000","hPa","0.861","-0.02617","0.00035","0","0","13.56","Humid","24.85","0","70.00","286557.99","SABD0000000001","AAV1.0.0.11","1.1.2.0","PSt7-10","170328-006","1/4/2020 10:31:52","0000-00","0","no battery","V"
"11/02/2020","12:00:32","1","default","640513929","OXY_CH1","46.159","min","154.941","µmol/L","Humid","23.649","deg","44505","µV","26.894","°C","1018.000","hPa","35.3","pmil","0","55.520","deg","20.000","°C","100.000","%a.s.","21.750","deg","20.000","°C","977.000","hPa","0.861","-0.02617","0.00035","0","0","13.56","Humid","24.85","0","70.00","286569.38","SABD0000000001","AAV1.0.0.11","1.1.2.0","PSt7-10","170328-006","1/4/2020 10:31:52","0000-00","0","no battery","V"
"11/02/2020","12:00:33","1","default","640513929","OXY_CH1","46.175","min","154.973","µmol/L","Humid","23.644","deg","44504","µV","26.901","°C","1018.000","hPa","35.3","pmil","0","55.520","deg","20.000","°C","100.000","%a.s.","21.750","deg","20.000","°C","977.000","hPa","0.861","-0.02617","0.00035","0","0","13.56","Humid","24.85","0","70.00","286556.30","SABD0000000001","AAV1.0.0.11","1.1.2.0","PSt7-10","170328-006","1/4/2020 10:31:52","0000-00","0","no battery","V"
"11/02/2020","12:00:34","1","default","640513929","OXY_CH1","46.192","min","155.005","µmol/L","Humid","23.642","deg","44502","µV","26.900","°C","1018.000","hPa","35.3","pmil","0","55.520","deg","20.000","°C","100.000","%a.s.","21.750","deg","20.000","°C","977.000","hPa","0.861","-0.02617","0.00035","0","0","13.56","Humid","24.85","0","70.00","286565.78","SABD0000000001","AAV1.0.0.11","1.1.2.0","PSt7-10","170328-006","1/4/2020 10:31:52","0000-00","0","no battery","V"
"11/02/2020","12:00:35","1","default","640513929","OXY_CH1","46.209","min","154.959","µmol/L","Humid","23.652","deg","44499","µV","26.882","°C","1018.000","hPa","35.3","pmil","0","55.520","deg","20.000","°C","100.000","%a.s.","21.750","deg","20.000","°C","977.000","hPa","0.861","-0.02617","0.00035","0","0","13.56","Humid","24.85","0","70.00","286555.25","SABD0000000001","AAV1.0.0.11","1.1.2.0","PSt7-10","170328-006","1/4/2020 10:31:52","0000-00","0","no battery","V"
"11/02/2020","12:00:36","1","default","640513929","OXY_CH1","46.226","min","155.085","µmol/L","Humid","23.642","deg","44508","µV","26.882","°C","1018.000","hPa","35.3","pmil","0","55.520","deg","20.000","°C","100.000","%a.s.","21.750","deg","20.000","°C","977.000","hPa","0.861","-0.02617","0.00035","0","0","13.56","Humid","24.85","0","70.00","286569.22","SABD0000000001","AAV1.0.0.11","1.1.2.0","PSt7-10","170328-006","1/4/2020 10:31:52","0000-00","0","no battery","V"
"11/02/2020","12:00:37","1","default","640513929","OXY_CH1","46.242","min","154.927","µmol/L","Humid","23.650","deg","44503","µV","26.894","°C","1018.000","hPa","35.3","pmil","0","55.520","deg","20.000","°C","100.000","%a.s.","21.750","deg","20.000","°C","977.000","hPa","0.861","-0.02617","0.00035","0","0","13.56","Humid","24.85","0","70.00","286567.20","SABD0000000001","AAV1.0.0.11","1.1.2.0","PSt7-10","170328-006","1/4/2020 10:31:52","0000-00","0","no battery","V"
"11/02/2020","12:00:38","1","default","640513929","OXY_CH1","46.259","min","154.931","µmol/L","Humid","23.645","deg","44504","µV","26.908","°C","1018.000","hPa","35.3","pmil","0","55.520","deg","20.000","°C","100.000","%a.s.","21.750","deg","20.000","°C","977.000","hPa","0.861","-0.02617","0.00035","0","0","13.56","Humid","24.85","0","70.00","286577.99","SABD0000000001","AAV1.0.0.11","1.1.2.0","PSt7-10","170328-006","1/4/2020 10:31:52","0000-00","0","no battery","V"
"11/02/2020","12:00:39","1","default","640513929","OXY_CH1","46.275","min","154.828","µmol/L","Humid","23.654","deg","44502","µV","26.905","°C","1018.000","hPa","35.3","pmil","0","55.520","deg","20.000","°C","100.000","%a.s.","21.750","deg","20.000","°C","977.000","hPa","0.861","-0.02617","0.00035","0","0","13.56","Humid","24.85","0","70.00","286567.61","SABD0000000001","AAV1.0.0.11","1.1.2.0","PSt7-10","170328-006","1/4/2020 10:31:52","0000-00","0","no battery","V"
"11/02/2020","12:00:40","1","default","640513929","OXY_CH1","46.292","min","154.827","µmol/L","Humid","23.657","deg","44500","µV","26.897","°C","1018.000","hPa","35.3","pmil","0","55.520","deg","20.000","°C","100.000","%a.s.","21.750","deg","20.000","°C","977.000","hPa","0.861","-0.02617","0.00035","0","0","13.56","Humid","24.85","0","70.00","286571.98","SABD0000000001","AAV1.0.0.11","1.1.2.0","PSt7-10","170328-006","1/4/2020 10:31:52","0000-00","0","no battery","V"
"11/02/2020","12:00:41","1","default","640513929","OXY_CH1","46.309","min","154.885","µmol/L","Humid","23.654","deg","44507","µV","26.892","°C","1018.000","hPa","35.3","pmil","0","55.520","deg","20.000","°C","100.000","%a.s.","21.750","deg","20.000","°C","977.000","hPa","0.861","-0.02617","0.00035","0","0","13.56","Humid","24.85","0","70.00","286573.17","SABD0000000001","AAV1.0.0.11","1.1.2.0","PSt7-10","170328-006","1/4/2020 10:31:52","0000-00","0","no battery","V"
"11/02/2020","12:00:42","1","default","640513929","OXY_CH1","46.325","min","155.010","µmol/L","Humid","23.643","deg","44503","µV","26.896","°C","1018.000","hPa","35.3","pmil","0","55.520","deg","20.000","°C","100.000","%a.s.","21.750","deg","20.000","°C","977.000","hPa","0.861","-0.02617","0.00035","0","0","13.56","Humid","24.85","0","70.00","286553.88","SABD0000000001","AAV1.0.0.11","1.1.2.0","PSt7-10","170328-006","1/4/2020 10:31:52","0000-00","0","no battery","V"
"11/02/2020","12:00:43","1","default","640513929","OXY_CH1","46.342","min","154.959","µmol/L","Humid","23.647","deg","44506","µV","26.896","°C","1018.000","hPa","35.3","pmil","0","55.520","deg","20.000","°C","100.000","%a.s.","21.750","deg","20.000","°C","977.000","hPa","0.861","-0.02617","0.00035","0","0","13.56","Humid","24.85","0","70.00","286574.19","SABD0000000001","AAV1.0.0.11","1.1.2.0","PSt7-10","170328-006","1/4/2020 10:31:52","0000-00","0","no battery","V"
"11/02/2020","12:00:44","1","default","640513929","OXY_CH1","46.359","min","154.955","µmol/L","Humid","23.649","deg","44505","µV","26.891","°C","1018.000","hPa","35.3","pmil","0","55.520","deg","20.000","°C","100.000","%a.s.","21.750","deg","20.000","°C","977.000","hPa","0.861","-0.02617","0.00035","0","0","13.56","Humid","24.85","0","70.00","286571.23","SABD0000000001","AAV1.0.0.11","1.1.2.0","PSt7-10","170328-006","1/4/2020 10:31:52","0000-00","0","no battery","V"
"11/02/2020","12:00:45","1","default","640513929","OXY_CH1","46.375","min","154.991","µmol/L","Humid","23.650","deg","44502","µV","26.880","°C","1018.000","hPa","35.3","pmil","0","55.520","deg","20.000","°C","100.000","%a.s.","21.750","deg","20.000","°C","977.000","hPa","0.861","-0.02617","0.00035","0","0","13.56","Humid","24.85","0","70.00","286571.46","SABD0000000001","AAV1.0.0.11","1.1.2.0","PSt7-10","170328-006","1/4/2020 10:31:52","0000-00","0","no battery","V"
"11/02/2020","12:00:46","1","default","640513929","OXY_CH1","46.392","min","154.891","µmol/L","Humid","23.658","deg","44513","µV","26.880","°C","1018.000","hPa","35.3","pmil","0","55.520","deg","20.000","°C","100.000","%a.s.","21.750","deg","20.000","°C","977.000","hPa","0.861","-0.02617","0.00035","0","0","13.56","Humid","24.85","0","70.00","286570.62","SABD0000000001","AAV1.0.0.11","1.1.2.0","PSt7-10","170328-006","1/4/2020 10:31:52","0000-00","0","no battery","V"
"11/02/2020","12:00:47","1","default","640513929","OXY_CH1","46.409","min","154.926","µmol/L","Humid","23.655","deg","44511","µV","26.880","°C","1018.000","hPa","35.3","pmil","0","55.520","deg","20.000","°C","100.000","%a.s.","21.750","deg","20.000","°C","977.000","hPa","0.861","-0.02617","0.00035","0","0","13.56","Humid","24.85","0","70.00","286557.53","SABD0000000001","AAV1.0.0.11","1.1.2.0","PSt7-10","170328-006","1/4/2020 10:31:52","0000-00","0","no battery","V"
"11/02/2020","12:00:48","1","default","640513929","OXY_CH1","46.425","min","154.807","µmol/L","Humid","23.658","deg","44515","µV","26.898","°C","1018.000","hPa","35.3","pmil","0","55.520","deg","20.000","°C","100.000","%a.s.","21.750","deg","20.000","°C","977.000","hPa","0.861","-0.02617","0.00035","0","0","13.56","Humid","24.85","0","70.00","286565.80","SABD0000000001","AAV1.0.0.11","1.1.2.0","PSt7-10","170328-006","1/4/2020 10:31:52","0000-00","0","no battery","V"
"11/02/2020","12:00:49","1","default","640513929","OXY_CH1","46.442","min","154.930","µmol/L","Humid","23.649","deg","44507","µV","26.897","°C","1018.000","hPa","35.3","pmil","0","55.520","deg","20.000","°C","100.000","%a.s.","21.750","deg","20.000","°C","977.000","hPa","0.861","-0.02617","0.00035","0","0","13.56","Humid","24.85","0","70.00","286562.91","SABD0000000001","AAV1.0.0.11","1.1.2.0","PSt7-10","170328-006","1/4/2020 10:31:52","0000-00","0","no battery","V"
"11/02/2020","12:00:50","1","default","640513929","OXY_CH1","46.458","min","154.932","µmol/L","Humid","23.648","deg","44511","µV","26.899","°C","1018.000","hPa","35.3","pmil","0","55.520","deg","20.000","°C","100.000","%a.s.","21.750","deg","20.000","°C","977.000","hPa","0.861","-0.02617","0.00035","0","0","13.56","Humid","24.85","0","70.00","286563.88","SABD0000000001","AAV1.0.0.11","1.1.2.0","PSt7-10","170328-006","1/4/2020 10:31:52","0000-00","0","no battery","V"
"11/02/2020","12:00:51","1","default","640513929","OXY_CH1","46.475","min","154.916","µmol/L","Humid","23.652","deg","44516","µV","26.891","°C","1018.000","hPa","35.3","pmil","0","55.520","deg","20.000","°C","100.000","%a.s.","21.750","deg","20.000","°C","977.000","hPa","0.861","-0.02617","0.00035","0","0","13.56","Humid","24.85","0","70.00","286565.54","SABD0000000001","AAV1.0.0.11","1.1.2.0","PSt7-10","170328-006","1/4/2020 10:31:52","0000-00","0","no battery","V"
"11/02/2020","12:00:52","1","default","640513929","OXY_CH1","46.492","min","154.865","µmol/L","Humid","23.656","deg","44521","µV","26.891","°C","1018.000","hPa","35.3","pmil","0","55.520","deg","20.000","°C","100.000","%a.s.","21.750","deg","20.000","°C","977.000","hPa","0.861","-0.02617","0.00035","0","0","13.56","Humid","24.85","0","70.00","286560.28","SABD0000000001","AAV1.0.0.11","1.1.2.0","PSt7-10","170328-006","1/4/2020 10:31:52","0000-00","0","no battery","V"
"11/02/2020","12:00:53","1","default","640513929","OXY_CH1","46.508","min","154.827","µmol/L","Humid","23.655","deg","44519","µV","26.902","°C","1018.000","hPa","35.3","pmil","0","55.520","deg","20.000","°C","100.000","%a.s.","21.750","deg","20.000","°C","977.000","hPa","0.861","-0.02617","0.00035","0","0","13.56","Humid","24.85","0","70.00","286564.11","SABD0000000001","AAV1.0.0.11","1.1.2.0","PSt7-10","170328-006","1/4/2020 10:31:52","0000-00","0","no battery","V"
"11/02/2020","12:00:54","1","default","640513929","OXY_CH1","46.525","min","155.042","µmol/L","Humid","23.644","deg","44514","µV","26.886","°C","1018.000","hPa","35.3","pmil","0","55.520","deg","20.000","°C","100.000","%a.s.","21.750","deg","20.000","°C","977.000","hPa","0.861","-0.02617","0.00035","0","0","13.56","Humid","24.85","0","70.00","286554.17","SABD0000000001","AAV1.0.0.11","1.1.2.0","PSt7-10","170328-006","1/4/2020 10:31:52","0000-00","0","no battery","V"
"11/02/2020","12:00:55","1","default","640513929","OXY_CH1","46.542","min","154.835","µmol/L","Humid","23.660","deg","44518","µV","26.886","°C","1018.000","hPa","35.3","pmil","0","55.520","deg","20.000","°C","100.000","%a.s.","21.750","deg","20.000","°C","977.000","hPa","0.861","-0.02617","0.00035","0","0","13.56","Humid","24.85","0","70.00","286568.99","SABD0000000001","AAV1.0.0.11","1.1.2.0","PSt7-10","170328-006","1/4/2020 10:31:52","0000-00","0","no battery","V"
"11/02/2020","12:00:56","1","default","640513929","OXY_CH1","46.559","min","154.860","µmol/L","Humid","23.656","deg","44514","µV","26.892","°C","1018.000","hPa","35.3","pmil","0","55.520","deg","20.000","°C","100.000","%a.s.","21.750","deg","20.000","°C","977.000","hPa","0.861","-0.02617","0.00035","0","0","13.56","Humid","24.85","0","70.00","286560.98","SABD0000000001","AAV1.0.0.11","1.1.2.0","PSt7-10","170328-006","1/4/2020 10:31:52","0000-00","0","no battery","V"
"11/02/2020","12:00:57","1","default","640513929","OXY_CH1","46.576","min","154.828","µmol/L","Humid","23.659","deg","44506","µV","26.890","°C","1018.000","hPa","35.3","pmil","0","55.520","deg","20.000","°C","100.000","%a.s.","21.750","deg","20.000","°C","977.000","hPa","0.861","-0.02617","0.00035","0","0","13.56","Humid","24.85","0","70.00","286571.13","SABD0000000001","AAV1.0.0.11","1.1.2.0","PSt7-10","170328-006","1/4/2020 10:31:52","0000-00","0","no battery","V"
"11/02/2020","12:00:58","1","default","640513929","OXY_CH1","46.592","min","154.940","µmol/L","Humid","23.650","deg","44515","µV","26.892","°C","1018.000","hPa","35.3","pmil","0","55.520","deg","20.000","°C","100.000","%a.s.","21.750","deg","20.000","°C","977.000","hPa","0.861","-0.02617","0.00035","0","0","13.56","Humid","24.85","0","70.00","286558.68","SABD0000000001","AAV1.0.0.11","1.1.2.0","PSt7-10","170328-006","1/4/2020 10:31:52","0000-00","0","no battery","V"
"11/02/2020","12:00:59","1","default","640513929","OXY_CH1","46.609","min","154.772","µmol/L","Humid","23.663","deg","44520","µV","26.891","°C","1018.000","hPa","35.3","pmil","0","55.520","deg","20.000","°C","100.000","%a.s.","21.750","deg","20.000","°C","977.000","hPa","0.861","-0.02617","0.00035","0","0","13.56","Humid","24.85","0","70.00","286571.68","SABD0000000001","AAV1.0.0.11","1.1.2.0","PSt7-10","170328-006","1/4/2020 10:31:52","0000-00","0","no battery","V"
"11/02/2020","12:01:00","1","default","640513929","OXY_CH1","46.626","min","154.880","µmol/L","Humid","23.657","deg","44516","µV","26.885","°C","1018.000","hPa","35.3","pmil","0","55.520","deg","20.000","°C","100.000","%a.s.","21.750","deg","20.000","°C","977.000","hPa","0.861","-0.02617","0.00035","0","0","13.56","Humid","24.85","0","70.00","286562.89","SABD0000000001","AAV1.0.0.11","1.1.2.0","PSt7-10","170328-006","1/4/2020 10:31:52","0000-00","0","no battery","V"
"11/02/2020","12:01:01","1","default","640513929","OXY_CH1","46.642","min","154.791","µmol/L","Humid","23.661","deg","44514","µV","26.893","°C","1018.000","hPa","35.3","pmil","0","55.520","deg","20.000","°C","100.000","%a.s.","21.750","deg","20.000","°C","977.000","hPa","0.861","-0.02617","0.00035","0","0","13.56","Humid","24.85","0","70.00","286566.12","SABD0000000001","AAV1.0.0.11","1.1.2.0","PSt7-10","170328-006","1/4/2020 10:31:52","0000-00","0","no battery","V"
"11/02/2020","12:01:02","1","default","640513929","OXY_CH1","46.658","min","154.925","µmol/L","Humid","23.655","deg","44518","µV","26.881","°C","1018.000","hPa","35.3","pmil","0","55.520","deg","20.000","°C","100.000","%a.s.","21.750","deg","20.000","°C","977.000","hPa","0.861","-0.02617","0.00035","0","0","13.56","Humid","24.85","0","70.00","286572.76","SABD0000000001","AAV1.0.0.11","1.1.2.0","PSt7-10","170328-006","1/4/2020 10:31:52","0000-00","0","no battery","V"
"11/02/2020","12:04:01","1","default","640513929","OXY_CH1","49.648","min","154.437","µmol/L","Humid","23.707","deg","44724","µV","26.840","°C","1018.000","hPa","35.3","pmil","0","55.520","deg","20.000","°C","100.000","%a.s.","21.750","deg","20.000","°C","977.000","hPa","0.861","-0.02617","0.00035","0","0","13.56","Humid","24.85","0","70.00","286834.91","SABD0000000001","AAV1.0.0.11","1.1.2.0","PSt7-10","170328-006","1/4/2020 10:31:52","0000-00","0","no battery","V"
"11/02/2020","12:04:02","1","default","640513929","OXY_CH1","49.659","min","154.434","µmol/L","Humid","23.705","deg","44711","µV","26.846","°C","1018.000","hPa","35.3","pmil","0","55.520","deg","20.000","°C","100.000","%a.s.","21.750","deg","20.000","°C","977.000","hPa","0.861","-0.02617","0.00035","0","0","13.56","Humid","24.85","0","70.00","286782.37","SABD0000000001","AAV1.0.0.11","1.1.2.0","PSt7-10","170328-006","1/4/2020 10:31:52","0000-00","0","no battery","V"
"11/02/2020","12:04:03","1","default","640513929","OXY_CH1","49.675","min","154.425","µmol/L","Humid","23.707","deg","44704","µV","26.842","°C","1018.000","hPa","35.3","pmil","0","55.520","deg","20.000","°C","100.000","%a.s.","21.750","deg","20.000","°C","977.000","hPa","0.861","-0.02617","0.00035","0","0","13.56","Humid","24.85","0","70.00","286756.40","SABD0000000001","AAV1.0.0.11","1.1.2.0","PSt7-10","170328-006","1/4/2020 10:31:52","0000-00","0","no battery","V"
"11/02/2020","12:04:04","1","default","640513929","OXY_CH1","49.692","min","154.436","µmol/L","Humid","23.708","deg","44702","µV","26.837","°C","1018.000","hPa","35.3","pmil","0","55.520","deg","20.000","°C","100.000","%a.s.","21.750","deg","20.000","°C","977.000","hPa","0.861","-0.02617","0.00035","0","0","13.56","Humid","24.85","0","70.00","286752.32","SABD0000000001","AAV1.0.0.11","1.1.2.0","PSt7-10","170328-006","1/4/2020 10:31:52","0000-00","0","no battery","V"
"11/02/2020","12:04:05","1","default","640513929","OXY_CH1","49.709","min","154.394","µmol/L","Humid","23.711","deg","44695","µV","26.838","°C","1018.000","hPa","35.3","pmil","0","55.520","deg","20.000","°C","100.000","%a.s.","21.750","deg","20.000","°C","977.000","hPa","0.861","-0.02617","0.00035","0","0","13.56","Humid","24.85","0","70.00","286747.33","SABD0000000001","AAV1.0.0.11","1.1.2.0","PSt7-10","170328-006","1/4/2020 10:31:52","0000-00","0","no battery","V"
"11/02/2020","12:04:06","1","default","640513929","OXY_CH1","49.725","min","154.463","µmol/L","Humid","23.706","deg","44690","µV","26.837","°C","1018.000","hPa","35.3","pmil","0","55.520","deg","20.000","°C","100.000","%a.s.","21.750","deg","20.000","°C","977.000","hPa","0.861","-0.02617","0.00035","0","0","13.56","Humid","24.85","0","70.00","286738.08","SABD0000000001","AAV1.0.0.11","1.1.2.0","PSt7-10","170328-006","1/4/2020 10:31:52","0000-00","0","no battery","V"
"11/02/2020","12:04:07","1","default","640513929","OXY_CH1","49.742","min","154.479","µmol/L","Humid","23.705","deg","44697","µV","26.836","°C","1018.000","hPa","35.3","pmil","0","55.520","deg","20.000","°C","100.000","%a.s.","21.750","deg","20.000","°C","977.000","hPa","0.861","-0.02617","0.00035","0","0","13.56","Humid","24.85","0","70.00","286723.84","SABD0000000001","AAV1.0.0.11","1.1.2.0","PSt7-10","170328-006","1/4/2020 10:31:52","0000-00","0","no battery","V"
"11/02/2020","12:04:08","1","default","640513929","OXY_CH1","49.759","min","154.415","µmol/L","Humid","23.709","deg","44690","µV","26.839","°C","1018.000","hPa","35.3","pmil","0","55.520","deg","20.000","°C","100.000","%a.s.","21.750","deg","20.000","°C","977.000","hPa","0.861","-0.02617","0.00035","0","0","13.56","Humid","24.85","0","70.00","286726.58","SABD0000000001","AAV1.0.0.11","1.1.2.0","PSt7-10","170328-006","1/4/2020 10:31:52","0000-00","0","no battery","V"
"11/02/2020","12:04:09","1","default","640513929","OXY_CH1","49.776","min","154.389","µmol/L","Humid","23.711","deg","44699","µV","26.839","°C","1018.000","hPa","35.3","pmil","0","55.520","deg","20.000","°C","100.000","%a.s.","21.750","deg","20.000","°C","977.000","hPa","0.861","-0.02617","0.00035","0","0","13.56","Humid","24.85","0","70.00","286721.65","SABD0000000001","AAV1.0.0.11","1.1.2.0","PSt7-10","170328-006","1/4/2020 10:31:52","0000-00","0","no battery","V"
"11/02/2020","12:04:10","1","default","640513929","OXY_CH1","49.792","min","154.427","µmol/L","Humid","23.707","deg","44683","µV","26.842","°C","1018.000","hPa","35.3","pmil","0","55.520","deg","20.000","°C","100.000","%a.s.","21.750","deg","20.000","°C","977.000","hPa","0.861","-0.02617","0.00035","0","0","13.56","Humid","24.85","0","70.00","286722.27","SABD0000000001","AAV1.0.0.11","1.1.2.0","PSt7-10","170328-006","1/4/2020 10:31:52","0000-00","0","no battery","V"
"11/02/2020","12:04:11","1","default","640513929","OXY_CH1","49.809","min","154.406","µmol/L","Humid","23.711","deg","44692","µV","26.835","°C","1018.000","hPa","35.3","pmil","0","55.520","deg","20.000","°C","100.000","%a.s.","21.750","deg","20.000","°C","977.000","hPa","0.861","-0.02617","0.00035","0","0","13.56","Humid","24.85","0","70.00","286720.39","SABD0000000001","AAV1.0.0.11","1.1.2.0","PSt7-10","170328-006","1/4/2020 10:31:52","0000-00","0","no battery","V"
"11/02/2020","12:04:12","1","default","640513929","OXY_CH1","49.826","min","154.332","µmol/L","Humid","23.717","deg","44698","µV","26.834","°C","1018.000","hPa","35.3","pmil","0","55.520","deg","20.000","°C","100.000","%a.s.","21.750","deg","20.000","°C","977.000","hPa","0.861","-0.02617","0.00035","0","0","13.56","Humid","24.85","0","70.00","286724.36","SABD0000000001","AAV1.0.0.11","1.1.2.0","PSt7-10","170328-006","1/4/2020 10:31:52","0000-00","0","no battery","V"
"11/02/2020","12:04:13","1","default","640513929","OXY_CH1","49.842","min","154.331","µmol/L","Humid","23.716","deg","44698","µV","26.838","°C","1018.000","hPa","35.3","pmil","0","55.520","deg","20.000","°C","100.000","%a.s.","21.750","deg","20.000","°C","977.000","hPa","0.861","-0.02617","0.00035","0","0","13.56","Humid","24.85","0","70.00","286719.99","SABD0000000001","AAV1.0.0.11","1.1.2.0","PSt7-10","170328-006","1/4/2020 10:31:52","0000-00","0","no battery","V"
"11/02/2020","12:04:14","1","default","640513929","OXY_CH1","49.858","min","154.449","µmol/L","Humid","23.708","deg","44696","µV","26.834","°C","1018.000","hPa","35.3","pmil","0","55.520","deg","20.000","°C","100.000","%a.s.","21.750","deg","20.000","°C","977.000","hPa","0.861","-0.02617","0.00035","0","0","13.56","Humid","24.85","0","70.00","286724.15","SABD0000000001","AAV1.0.0.11","1.1.2.0","PSt7-10","170328-006","1/4/2020 10:31:52","0000-00","0","no battery","V"
"11/02/2020","12:04:15","1","default","640513929","OXY_CH1","49.876","min","154.378","µmol/L","Humid","23.712","deg","44696","µV","26.838","°C","1018.000","hPa","35.3","pmil","0","55.520","deg","20.000","°C","100.000","%a.s.","21.750","deg","20.000","°C","977.000","hPa","0.861","-0.02617","0.00035","0","0","13.56","Humid","24.85","0","70.00","286729.11","SABD0000000001","AAV1.0.0.11","1.1.2.0","PSt7-10","170328-006","1/4/2020 10:31:52","0000-00","0","no battery","V"
"11/02/2020","12:04:16","1","default","640513929","OXY_CH1","49.892","min","154.523","µmol/L","Humid","23.704","deg","44691","µV","26.829","°C","1018.000","hPa","35.3","pmil","0","55.520","deg","20.000","°C","100.000","%a.s.","21.750","deg","20.000","°C","977.000","hPa","0.861","-0.02617","0.00035","0","0","13.56","Humid","24.85","0","70.00","286730.43","SABD0000000001","AAV1.0.0.11","1.1.2.0","PSt7-10","170328-006","1/4/2020 10:31:52","0000-00","0","no battery","V"
"11/02/2020","12:04:17","1","default","640513929","OXY_CH1","49.908","min","154.259","µmol/L","Humid","23.715","deg","44693","µV","26.856","°C","1018.000","hPa","35.3","pmil","0","55.520","deg","20.000","°C","100.000","%a.s.","21.750","deg","20.000","°C","977.000","hPa","0.861","-0.02617","0.00035","0","0","13.56","Humid","24.85","0","70.00","286721.27","SABD0000000001","AAV1.0.0.11","1.1.2.0","PSt7-10","170328-006","1/4/2020 10:31:52","0000-00","0","no battery","V"
"11/02/2020","12:04:18","1","default","640513929","OXY_CH1","49.925","min","154.205","µmol/L","Humid","23.720","deg","44693","µV","26.854","°C","1018.000","hPa","35.3","pmil","0","55.520","deg","20.000","°C","100.000","%a.s.","21.750","deg","20.000","°C","977.000","hPa","0.861","-0.02617","0.00035","0","0","13.56","Humid","24.85","0","70.00","286720.23","SABD0000000001","AAV1.0.0.11","1.1.2.0","PSt7-10","170328-006","1/4/2020 10:31:52","0000-00","0","no battery","V"
"11/02/2020","12:04:19","1","default","640513929","OXY_CH1","49.942","min","154.265","µmol/L","Humid","23.718","deg","44693","µV","26.846","°C","1018.000","hPa","35.3","pmil","0","55.520","deg","20.000","°C","100.000","%a.s.","21.750","deg","20.000","°C","977.000","hPa","0.861","-0.02617","0.00035","0","0","13.56","Humid","24.85","0","70.00","286708.33","SABD0000000001","AAV1.0.0.11","1.1.2.0","PSt7-10","170328-006","1/4/2020 10:31:52","0000-00","0","no battery","V"
"11/02/2020","12:04:20","1","default","640513929","OXY_CH1","49.958","min","154.341","µmol/L","Humid","23.715","deg","44692","µV","26.838","°C","1018.000","hPa","35.3","pmil","0","55.520","deg","20.000","°C","100.000","%a.s.","21.750","deg","20.000","°C","977.000","hPa","0.861","-0.02617","0.00035","0","0","13.56","Humid","24.85","0","70.00","286719.91","SABD0000000001","AAV1.0.0.11","1.1.2.0","PSt7-10","170328-006","1/4/2020 10:31:52","0000-00","0","no battery","V"
"11/02/2020","12:04:21","1","default","640513929","OXY_CH1","49.975","min","154.399","µmol/L","Humid","23.708","deg","44689","µV","26.845","°C","1018.000","hPa","35.3","pmil","0","55.520","deg","20.000","°C","100.000","%a.s.","21.750","deg","20.000","°C","977.000","hPa","0.861","-0.02617","0.00035","0","0","13.56","Humid","24.85","0","70.00","286718.72","SABD0000000001","AAV1.0.0.11","1.1.2.0","PSt7-10","170328-006","1/4/2020 10:31:52","0000-00","0","no battery","V"
"11/02/2020","12:04:22","1","default","640513929","OXY_CH1","49.992","min","154.322","µmol/L","Humid","23.716","deg","44688","µV","26.839","°C","1018.000","hPa","35.3","pmil","0","55.520","deg","20.000","°C","100.000","%a.s.","21.750","deg","20.000","°C","977.000","hPa","0.861","-0.02617","0.00035","0","0","13.56","Humid","24.85","0","70.00","286709.53","SABD0000000001","AAV1.0.0.11","1.1.2.0","PSt7-10","170328-006","1/4/2020 10:31:52","0000-00","0","no battery","V"
"11/02/2020","12:04:23","1","default","640513929","OXY_CH1","50.009","min","154.326","µmol/L","Humid","23.718","deg","44687","µV","26.833","°C","1018.000","hPa","35.3","pmil","0","55.520","deg","20.000","°C","100.000","%a.s.","21.750","deg","20.000","°C","977.000","hPa","0.861","-0.02617","0.00035","0","0","13.56","Humid","24.85","0","70.00","286704.66","SABD0000000001","AAV1.0.0.11","1.1.2.0","PSt7-10","170328-006","1/4/2020 10:31:52","0000-00","0","no battery","V"
"11/02/2020","12:04:24","1","default","640513929","OXY_CH1","50.026","min","154.438","µmol/L","Humid","23.707","deg","44683","µV","26.839","°C","1018.000","hPa","35.3","pmil","0","55.520","deg","20.000","°C","100.000","%a.s.","21.750","deg","20.000","°C","977.000","hPa","0.861","-0.02617","0.00035","0","0","13.56","Humid","24.85","0","70.00","286710.45","SABD0000000001","AAV1.0.0.11","1.1.2.0","PSt7-10","170328-006","1/4/2020 10:31:52","0000-00","0","no battery","V"
"11/02/2020","12:04:25","1","default","640513929","OXY_CH1","50.042","min","154.341","µmol/L","Humid","23.716","deg","44688","µV","26.835","°C","1018.000","hPa","35.3","pmil","0","55.520","deg","20.000","°C","100.000","%a.s.","21.750","deg","20.000","°C","977.000","hPa","0.861","-0.02617","0.00035","0","0","13.56","Humid","24.85","0","70.00","286703.24","SABD0000000001","AAV1.0.0.11","1.1.2.0","PSt7-10","170328-006","1/4/2020 10:31:52","0000-00","0","no battery","V"
"11/02/2020","12:04:26","1","default","640513929","OXY_CH1","50.058","min","154.501","µmol/L","Humid","23.708","deg","44686","µV","26.823","°C","1018.000","hPa","35.3","pmil","0","55.520","deg","20.000","°C","100.000","%a.s.","21.750","deg","20.000","°C","977.000","hPa","0.861","-0.02617","0.00035","0","0","13.56","Humid","24.85","0","70.00","286705.80","SABD0000000001","AAV1.0.0.11","1.1.2.0","PSt7-10","170328-006","1/4/2020 10:31:52","0000-00","0","no battery","V"
"11/02/2020","12:04:27","1","default","640513929","OXY_CH1","50.075","min","154.356","µmol/L","Humid","23.716","deg","44692","µV","26.832","°C","1018.000","hPa","35.3","pmil","0","55.520","deg","20.000","°C","100.000","%a.s.","21.750","deg","20.000","°C","977.000","hPa","0.861","-0.02617","0.00035","0","0","13.56","Humid","24.85","0","70.00","286709.27","SABD0000000001","AAV1.0.0.11","1.1.2.0","PSt7-10","170328-006","1/4/2020 10:31:52","0000-00","0","no battery","V"
"11/02/2020","12:04:28","1","default","640513929","OXY_CH1","50.092","min","154.397","µmol/L","Humid","23.711","deg","44684","µV","26.837","°C","1018.000","hPa","35.3","pmil","0","55.520","deg","20.000","°C","100.000","%a.s.","21.750","deg","20.000","°C","977.000","hPa","0.861","-0.02617","0.00035","0","0","13.56","Humid","24.85","0","70.00","286705.70","SABD0000000001","AAV1.0.0.11","1.1.2.0","PSt7-10","170328-006","1/4/2020 10:31:52","0000-00","0","no battery","V"
"11/02/2020","12:04:29","1","default","640513929","OXY_CH1","50.109","min","154.295","µmol/L","Humid","23.722","deg","44693","µV","26.828","°C","1018.000","hPa","35.3","pmil","0","55.520","deg","20.000","°C","100.000","%a.s.","21.750","deg","20.000","°C","977.000","hPa","0.861","-0.02617","0.00035","0","0","13.56","Humid","24.85","0","70.00","286700.85","SABD0000000001","AAV1.0.0.11","1.1.2.0","PSt7-10","170328-006","1/4/2020 10:31:52","0000-00","0","no battery","V"
"11/02/2020","12:04:30","1","default","640513929","OXY_CH1","50.126","min","154.371","µmol/L","Humid","23.718","deg","44685","µV","26.823","°C","1018.000","hPa","35.3","pmil","0","55.520","deg","20.000","°C","100.000","%a.s.","21.750","deg","20.000","°C","977.000","hPa","0.861","-0.02617","0.00035","0","0","13.56","Humid","24.85","0","70.00","286702.24","SABD0000000001","AAV1.0.0.11","1.1.2.0","PSt7-10","170328-006","1/4/2020 10:31:52","0000-00","0","no battery","V"
"11/02/2020","12:04:31","1","default","640513929","OXY_CH1","50.142","min","154.363","µmol/L","Humid","23.717","deg","44684","µV","26.827","°C","1018.000","hPa","35.3","pmil","0","55.520","deg","20.000","°C","100.000","%a.s.","21.750","deg","20.000","°C","977.000","hPa","0.861","-0.02617","0.00035","0","0","13.56","Humid","24.85","0","70.00","286689.92","SABD0000000001","AAV1.0.0.11","1.1.2.0","PSt7-10","170328-006","1/4/2020 10:31:52","0000-00","0","no battery","V"
"11/02/2020","12:04:32","1","default","640513929","OXY_CH1","50.159","min","154.385","µmol/L","Humid","23.717","deg","44684","µV","26.823","°C","1018.000","hPa","35.3","pmil","0","55.520","deg","20.000","°C","100.000","%a.s.","21.750","deg","20.000","°C","977.000","hPa","0.861","-0.02617","0.00035","0","0","13.56","Humid","24.85","0","70.00","286699.24","SABD0000000001","AAV1.0.0.11","1.1.2.0","PSt7-10","170328-006","1/4/2020 10:31:52","0000-00","0","no battery","V"
"11/02/2020","12:04:33","1","default","640513929","OXY_CH1","50.176","min","154.338","µmol/L","Humid","23.718","deg","44686","µV","26.830","°C","1018.000","hPa","35.3","pmil","0","55.520","deg","20.000","°C","100.000","%a.s.","21.750","deg","20.000","°C","977.000","hPa","0.861","-0.02617","0.00035","0","0","13.56","Humid","24.85","0","70.00","286704.48","SABD0000000001","AAV1.0.0.11","1.1.2.0","PSt7-10","170328-006","1/4/2020 10:31:52","0000-00","0","no battery","V"
"11/02/2020","12:04:34","1","default","640513929","OXY_CH1","50.192","min","154.337","µmol/L","Humid","23.718","deg","44687","µV","26.830","°C","1018.000","hPa","35.3","pmil","0","55.520","deg","20.000","°C","100.000","%a.s.","21.750","deg","20.000","°C","977.000","hPa","0.861","-0.02617","0.00035","0","0","13.56","Humid","24.85","0","70.00","286703.45","SABD0000000001","AAV1.0.0.11","1.1.2.0","PSt7-10","170328-006","1/4/2020 10:31:52","0000-00","0","no battery","V"
"11/02/2020","12:04:35","1","default","640513929","OXY_CH1","50.208","min","154.359","µmol/L","Humid","23.717","deg","44686","µV","26.828","°C","1018.000","hPa","35.3","pmil","0","55.520","deg","20.000","°C","100.000","%a.s.","21.750","deg","20.000","°C","977.000","hPa","0.861","-0.02617","0.00035","0","0","13.56","Humid","24.85","0","70.00","286692.24","SABD0000000001","AAV1.0.0.11","1.1.2.0","PSt7-10","170328-006","1/4/2020 10:31:52","0000-00","0","no battery","V"
"11/02/2020","12:04:36","1","default","640513929","OXY_CH1","50.225","min","154.522","µmol/L","Humid","23.710","deg","44693","µV","26.812","°C","1018.000","hPa","35.3","pmil","0","55.520","deg","20.000","°C","100.000","%a.s.","21.750","deg","20.000","°C","977.000","hPa","0.861","-0.02617","0.00035","0","0","13.56","Humid","24.85","0","70.00","286693.93","SABD0000000001","AAV1.0.0.11","1.1.2.0","PSt7-10","170328-006","1/4/2020 10:31:52","0000-00","0","no battery","V"
"11/02/2020","12:04:37","1","default","640513929","OXY_CH1","50.242","min","154.397","µmol/L","Humid","23.706","deg","44691","µV","26.851","°C","1018.000","hPa","35.3","pmil","0","55.520","deg","20.000","°C","100.000","%a.s.","21.750","deg","20.000","°C","977.000","hPa","0.861","-0.02617","0.00035","0","0","13.56","Humid","24.85","0","70.00","286691.91","SABD0000000001","AAV1.0.0.11","1.1.2.0","PSt7-10","170328-006","1/4/2020 10:31:52","0000-00","0","no battery","V"
"11/02/2020","12:04:38","1","default","640513929","OXY_CH1","50.259","min","154.240","µmol/L","Humid","23.718","deg","44692","µV","26.852","°C","1018.000","hPa","35.3","pmil","0","55.520","deg","20.000","°C","100.000","%a.s.","21.750","deg","20.000","°C","977.000","hPa","0.861","-0.02617","0.00035","0","0","13.56","Humid","24.85","0","70.00","286685.16","SABD0000000001","AAV1.0.0.11","1.1.2.0","PSt7-10","170328-006","1/4/2020 10:31:52","0000-00","0","no battery","V"
"11/02/2020","12:04:39","1","default","640513929","OXY_CH1","50.275","min","154.493","µmol/L","Humid","23.708","deg","44692","µV","26.824","°C","1018.000","hPa","35.3","pmil","0","55.520","deg","20.000","°C","100.000","%a.s.","21.750","deg","20.000","°C","977.000","hPa","0.861","-0.02617","0.00035","0","0","13.56","Humid","24.85","0","70.00","286685.47","SABD0000000001","AAV1.0.0.11","1.1.2.0","PSt7-10","170328-006","1/4/2020 10:31:52","0000-00","0","no battery","V"
"11/02/2020","12:04:40","1","default","640513929","OXY_CH1","50.292","min","154.233","µmol/L","Humid","23.724","deg","44694","µV","26.836","°C","1018.000","hPa","35.3","pmil","0","55.520","deg","20.000","°C","100.000","%a.s.","21.750","deg","20.000","°C","977.000","hPa","0.861","-0.02617","0.00035","0","0","13.56","Humid","24.85","0","70.00","286683.64","SABD0000000001","AAV1.0.0.11","1.1.2.0","PSt7-10","170328-006","1/4/2020 10:31:52","0000-00","0","no battery","V"
"11/02/2020","12:04:41","1","default","640513929","OXY_CH1","50.309","min","154.200","µmol/L","Humid","23.725","deg","44692","µV","26.841","°C","1018.000","hPa","35.3","pmil","0","55.520","deg","20.000","°C","100.000","%a.s.","21.750","deg","20.000","°C","977.000","hPa","0.861","-0.02617","0.00035","0","0","13.56","Humid","24.85","0","70.00","286692.34","SABD0000000001","AAV1.0.0.11","1.1.2.0","PSt7-10","170328-006","1/4/2020 10:31:52","0000-00","0","no battery","V"
"11/02/2020","12:04:42","1","default","640513929","OXY_CH1","50.326","min","154.350","µmol/L","Humid","23.713","deg","44689","µV","26.842","°C","1018.000","hPa","35.3","pmil","0","55.520","deg","20.000","°C","100.000","%a.s.","21.750","deg","20.000","°C","977.000","hPa","0.861","-0.02617","0.00035","0","0","13.56","Humid","24.85","0","70.00","286675.67","SABD0000000001","AAV1.0.0.11","1.1.2.0","PSt7-10","170328-006","1/4/2020 10:31:52","0000-00","0","no battery","V"
"11/02/2020","12:04:43","1","default","640513929","OXY_CH1","50.342","min","154.418","µmol/L","Humid","23.715","deg","44692","µV","26.821","°C","1018.000","hPa","35.3","pmil","0","55.520","deg","20.000","°C","100.000","%a.s.","21.750","deg","20.000","°C","977.000","hPa","0.861","-0.02617","0.00035","0","0","13.56","Humid","24.85","0","70.00","286683.76","SABD0000000001","AAV1.0.0.11","1.1.2.0","PSt7-10","170328-006","1/4/2020 10:31:52","0000-00","0","no battery","V"
"11/02/2020","12:04:44","1","default","640513929","OXY_CH1","50.358","min","154.461","µmol/L","Humid","23.714","deg","44690","µV","26.814","°C","1018.000","hPa","35.3","pmil","0","55.520","deg","20.000","°C","100.000","%a.s.","21.750","deg","20.000","°C","977.000","hPa","0.861","-0.02617","0.00035","0","0","13.56","Humid","24.85","0","70.00","286692.39","SABD0000000001","AAV1.0.0.11","1.1.2.0","PSt7-10","170328-006","1/4/2020 10:31:52","0000-00","0","no battery","V"
"11/02/2020","12:04:45","1","default","640513929","OXY_CH1","50.375","min","154.335","µmol/L","Humid","23.719","deg","44692","µV","26.828","°C","1018.000","hPa","35.3","pmil","0","55.520","deg","20.000","°C","100.000","%a.s.","21.750","deg","20.000","°C","977.000","hPa","0.861","-0.02617","0.00035","0","0","13.56","Humid","24.85","0","70.00","286682.93","SABD0000000001","AAV1.0.0.11","1.1.2.0","PSt7-10","170328-006","1/4/2020 10:31:52","0000-00","0","no battery","V"
"11/02/2020","12:04:46","1","default","640513929","OXY_CH1","50.392","min","154.396","µmol/L","Humid","23.715","deg","44693","µV","26.826","°C","1018.000","hPa","35.3","pmil","0","55.520","deg","20.000","°C","100.000","%a.s.","21.750","deg","20.000","°C","977.000","hPa","0.861","-0.02617","0.00035","0","0","13.56","Humid","24.85","0","70.00","286687.84","SABD0000000001","AAV1.0.0.11","1.1.2.0","PSt7-10","170328-006","1/4/2020 10:31:52","0000-00","0","no battery","V"
"11/02/2020","12:04:47","1","default","640513929","OXY_CH1","50.409","min","154.380","µmol/L","Humid","23.713","deg","44691","µV","26.835","°C","1018.000","hPa","35.3","pmil","0","55.520","deg","20.000","°C","100.000","%a.s.","21.750","deg","20.000","°C","977.000","hPa","0.861","-0.02617","0.00035","0","0","13.56","Humid","24.85","0","70.00","286668.98","SABD0000000001","AAV1.0.0.11","1.1.2.0","PSt7-10","170328-006","1/4/2020 10:31:52","0000-00","0","no battery","V"
"11/02/2020","12:04:48","1","default","640513929","OXY_CH1","50.426","min","154.288","µmol/L","Humid","23.719","deg","44696","µV","26.839","°C","1018.000","hPa","35.3","pmil","0","55.520","deg","20.000","°C","100.000","%a.s.","21.750","deg","20.000","°C","977.000","hPa","0.861","-0.02617","0.00035","0","0","13.56","Humid","24.85","0","70.00","286673.71","SABD0000000001","AAV1.0.0.11","1.1.2.0","PSt7-10","170328-006","1/4/2020 10:31:52","0000-00","0","no battery","V"
"11/02/2020","12:04:49","1","default","640513929","OXY_CH1","50.442","min","154.333","µmol/L","Humid","23.719","deg","44690","µV","26.829","°C","1018.000","hPa","35.3","pmil","0","55.520","deg","20.000","°C","100.000","%a.s.","21.750","deg","20.000","°C","977.000","hPa","0.861","-0.02617","0.00035","0","0","13.56","Humid","24.85","0","70.00","286668.51","SABD0000000001","AAV1.0.0.11","1.1.2.0","PSt7-10","170328-006","1/4/2020 10:31:52","0000-00","0","no battery","V"
"11/02/2020","12:04:50","1","default","640513929","OXY_CH1","50.459","min","154.348","µmol/L","Humid","23.719","deg","44691","µV","26.825","°C","1018.000","hPa","35.3","pmil","0","55.520","deg","20.000","°C","100.000","%a.s.","21.750","deg","20.000","°C","977.000","hPa","0.861","-0.02617","0.00035","0","0","13.56","Humid","24.85","0","70.00","286675.99","SABD0000000001","AAV1.0.0.11","1.1.2.0","PSt7-10","170328-006","1/4/2020 10:31:52","0000-00","0","no battery","V"
"11/02/2020","12:04:51","1","default","640513929","OXY_CH1","50.476","min","154.284","µmol/L","Humid","23.722","deg","44686","µV","26.831","°C","1018.000","hPa","35.3","pmil","0","55.520","deg","20.000","°C","100.000","%a.s.","21.750","deg","20.000","°C","977.000","hPa","0.861","-0.02617","0.00035","0","0","13.56","Humid","24.85","0","70.00","286660.40","SABD0000000001","AAV1.0.0.11","1.1.2.0","PSt7-10","170328-006","1/4/2020 10:31:52","0000-00","0","no battery","V"
"11/02/2020","12:04:52","1","default","640513929","OXY_CH1","50.492","min","154.362","µmol/L","Humid","23.716","deg","44691","µV","26.831","°C","1018.000","hPa","35.3","pmil","0","55.520","deg","20.000","°C","100.000","%a.s.","21.750","deg","20.000","°C","977.000","hPa","0.861","-0.02617","0.00035","0","0","13.56","Humid","24.85","0","70.00","286664.82","SABD0000000001","AAV1.0.0.11","1.1.2.0","PSt7-10","170328-006","1/4/2020 10:31:52","0000-00","0","no battery","V"
"11/02/2020","12:04:53","1","default","640513929","OXY_CH1","50.509","min","154.333","µmol/L","Humid","23.719","deg","44687","µV","26.829","°C","1018.000","hPa","35.3","pmil","0","55.520","deg","20.000","°C","100.000","%a.s.","21.750","deg","20.000","°C","977.000","hPa","0.861","-0.02617","0.00035","0","0","13.56","Humid","24.85","0","70.00","286663.16","SABD0000000001","AAV1.0.0.11","1.1.2.0","PSt7-10","170328-006","1/4/2020 10:31:52","0000-00","0","no battery","V"
"11/02/2020","12:04:54","1","default","640513929","OXY_CH1","50.525","min","154.326","µmol/L","Humid","23.720","deg","44690","µV","26.827","°C","1018.000","hPa","35.3","pmil","0","55.520","deg","20.000","°C","100.000","%a.s.","21.750","deg","20.000","°C","977.000","hPa","0.861","-0.02617","0.00035","0","0","13.56","Humid","24.85","0","70.00","286663.53","SABD0000000001","AAV1.0.0.11","1.1.2.0","PSt7-10","170328-006","1/4/2020 10:31:52","0000-00","0","no battery","V"
"11/02/2020","12:04:55","1","default","640513929","OXY_CH1","50.542","min","154.328","µmol/L","Humid","23.717","deg","44682","µV","26.835","°C","1018.000","hPa","35.3","pmil","0","55.520","deg","20.000","°C","100.000","%a.s.","21.750","deg","20.000","°C","977.000","hPa","0.861","-0.02617","0.00035","0","0","13.56","Humid","24.85","0","70.00","286672.50","SABD0000000001","AAV1.0.0.11","1.1.2.0","PSt7-10","170328-006","1/4/2020 10:31:52","0000-00","0","no battery","V"
"11/02/2020","12:04:56","1","default","640513929","OXY_CH1","50.559","min","154.451","µmol/L","Humid","23.709","deg","44684","µV","26.831","°C","1018.000","hPa","35.3","pmil","0","55.520","deg","20.000","°C","100.000","%a.s.","21.750","deg","20.000","°C","977.000","hPa","0.861","-0.02617","0.00035","0","0","13.56","Humid","24.85","0","70.00","286657.84","SABD0000000001","AAV1.0.0.11","1.1.2.0","PSt7-10","170328-006","1/4/2020 10:31:52","0000-00","0","no battery","V"
"11/02/2020","12:04:57","1","default","640513929","OXY_CH1","50.575","min","154.349","µmol/L","Humid","23.717","deg","44682","µV","26.831","°C","1018.000","hPa","35.3","pmil","0","55.520","deg","20.000","°C","100.000","%a.s.","21.750","deg","20.000","°C","977.000","hPa","0.861","-0.02617","0.00035","0","0","13.56","Humid","24.85","0","70.00","286655.36","SABD0000000001","AAV1.0.0.11","1.1.2.0","PSt7-10","170328-006","1/4/2020 10:31:52","0000-00","0","no battery","V"
"11/02/2020","12:04:58","1","default","640513929","OXY_CH1","50.592","min","154.287","µmol/L","Humid","23.722","deg","44687","µV","26.830","°C","1018.000","hPa","35.3","pmil","0","55.520","deg","20.000","°C","100.000","%a.s.","21.750","deg","20.000","°C","977.000","hPa","0.861","-0.02617","0.00035","0","0","13.56","Humid","24.85","0","70.00","286661.51","SABD0000000001","AAV1.0.0.11","1.1.2.0","PSt7-10","170328-006","1/4/2020 10:31:52","0000-00","0","no battery","V"
"11/02/2020","12:04:59","1","default","640513929","OXY_CH1","50.609","min","154.380","µmol/L","Humid","23.715","deg","44677","µV","26.829","°C","1018.000","hPa","35.3","pmil","0","55.520","deg","20.000","°C","100.000","%a.s.","21.750","deg","20.000","°C","977.000","hPa","0.861","-0.02617","0.00035","0","0","13.56","Humid","24.85","0","70.00","286669.71","SABD0000000001","AAV1.0.0.11","1.1.2.0","PSt7-10","170328-006","1/4/2020 10:31:52","0000-00","0","no battery","V"
"11/02/2020","12:05:00","1","default","640513929","OXY_CH1","50.626","min","154.336","µmol/L","Humid","23.719","deg","44685","µV","26.828","°C","1018.000","hPa","35.3","pmil","0","55.520","deg","20.000","°C","100.000","%a.s.","21.750","deg","20.000","°C","977.000","hPa","0.861","-0.02617","0.00035","0","0","13.56","Humid","24.85","0","70.00","286665.94","SABD0000000001","AAV1.0.0.11","1.1.2.0","PSt7-10","170328-006","1/4/2020 10:31:52","0000-00","0","no battery","V"
"11/02/2020","12:05:01","1","default","640513929","OXY_CH1","50.642","min","154.312","µmol/L","Humid","23.721","deg","44681","µV","26.827","°C","1018.000","hPa","35.3","pmil","0","55.520","deg","20.000","°C","100.000","%a.s.","21.750","deg","20.000","°C","977.000","hPa","0.861","-0.02617","0.00035","0","0","13.56","Humid","24.85","0","70.00","286650.47","SABD0000000001","AAV1.0.0.11","1.1.2.0","PSt7-10","170328-006","1/4/2020 10:31:52","0000-00","0","no battery","V"
"11/02/2020","12:05:02","1","default","640513929","OXY_CH1","50.658","min","154.349","µmol/L","Humid","23.717","deg","44680","µV","26.831","°C","1018.000","hPa","35.3","pmil","0","55.520","deg","20.000","°C","100.000","%a.s.","21.750","deg","20.000","°C","977.000","hPa","0.861","-0.02617","0.00035","0","0","13.56","Humid","24.85","0","70.00","286655.90","SABD0000000001","AAV1.0.0.11","1.1.2.0","PSt7-10","170328-006","1/4/2020 10:31:52","0000-00","0","no battery","V"
"11/02/2020","12:05:03","1","default","640513929","OXY_CH1","50.675","min","154.349","µmol/L","Humid","23.718","deg","44688","µV","26.828","°C","1018.000","hPa","35.3","pmil","0","55.520","deg","20.000","°C","100.000","%a.s.","21.750","deg","20.000","°C","977.000","hPa","0.861","-0.02617","0.00035","0","0","13.56","Humid","24.85","0","70.00","286655.94","SABD0000000001","AAV1.0.0.11","1.1.2.0","PSt7-10","170328-006","1/4/2020 10:31:52","0000-00","0","no battery","V"
"11/02/2020","12:05:04","1","default","640513929","OXY_CH1","50.692","min","154.363","µmol/L","Humid","23.719","deg","44676","µV","26.822","°C","1018.000","hPa","35.3","pmil","0","55.520","deg","20.000","°C","100.000","%a.s.","21.750","deg","20.000","°C","977.000","hPa","0.861","-0.02617","0.00035","0","0","13.56","Humid","24.85","0","70.00","286646.44","SABD0000000001","AAV1.0.0.11","1.1.2.0","PSt7-10","170328-006","1/4/2020 10:31:52","0000-00","0","no battery","V"
"11/02/2020","12:05:05","1","default","640513929","OXY_CH1","50.709","min","154.334","µmol/L","Humid","23.721","deg","44681","µV","26.822","°C","1018.000","hPa","35.3","pmil","0","55.520","deg","20.000","°C","100.000","%a.s.","21.750","deg","20.000","°C","977.000","hPa","0.861","-0.02617","0.00035","0","0","13.56","Humid","24.85","0","70.00","286656.18","SABD0000000001","AAV1.0.0.11","1.1.2.0","PSt7-10","170328-006","1/4/2020 10:31:52","0000-00","0","no battery","V"
"11/02/2020","12:05:06","1","default","640513929","OXY_CH1","50.725","min","154.306","µmol/L","Humid","23.722","deg","44678","µV","26.826","°C","1018.000","hPa","35.3","pmil","0","55.520","deg","20.000","°C","100.000","%a.s.","21.750","deg","20.000","°C","977.000","hPa","0.861","-0.02617","0.00035","0","0","13.56","Humid","24.85","0","70.00","286650.06","SABD0000000001","AAV1.0.0.11","1.1.2.0","PSt7-10","170328-006","1/4/2020 10:31:52","0000-00","0","no battery","V"
"11/02/2020","12:05:07","1","default","640513929","OXY_CH1","50.742","min","154.333","µmol/L","Humid","23.721","deg","44678","µV","26.823","°C","1018.000","hPa","35.3","pmil","0","55.520","deg","20.000","°C","100.000","%a.s.","21.750","deg","20.000","°C","977.000","hPa","0.861","-0.02617","0.00035","0","0","13.56","Humid","24.85","0","70.00","286650.64","SABD0000000001","AAV1.0.0.11","1.1.2.0","PSt7-10","170328-006","1/4/2020 10:31:52","0000-00","0","no battery","V"
"11/02/2020","12:05:08","1","default","640513929","OXY_CH1","50.759","min","154.465","µmol/L","Humid","23.711","deg","44672","µV","26.822","°C","1018.000","hPa","35.3","pmil","0","55.520","deg","20.000","°C","100.000","%a.s.","21.750","deg","20.000","°C","977.000","hPa","0.861","-0.02617","0.00035","0","0","13.56","Humid","24.85","0","70.00","286656.27","SABD0000000001","AAV1.0.0.11","1.1.2.0","PSt7-10","170328-006","1/4/2020 10:31:52","0000-00","0","no battery","V"
"11/02/2020","12:05:09","1","default","640513929","OXY_CH1","50.776","min","154.449","µmol/L","Humid","23.715","deg","44676","µV","26.814","°C","1018.000","hPa","35.3","pmil","0","55.520","deg","20.000","°C","100.000","%a.s.","21.750","deg","20.000","°C","977.000","hPa","0.861","-0.02617","0.00035","0","0","13.56","Humid","24.85","0","70.00","286641.96","SABD0000000001","AAV1.0.0.11","1.1.2.0","PSt7-10","170328-006","1/4/2020 10:31:52","0000-00","0","no battery","V"
"11/02/2020","12:05:10","1","default","640513929","OXY_CH1","50.792","min","154.438","µmol/L","Humid","23.714","deg","44671","µV","26.819","°C","1018.000","hPa","35.3","pmil","0","55.520","deg","20.000","°C","100.000","%a.s.","21.750","deg","20.000","°C","977.000","hPa","0.861","-0.02617","0.00035","0","0","13.56","Humid","24.85","0","70.00","286644.97","SABD0000000001","AAV1.0.0.11","1.1.2.0","PSt7-10","170328-006","1/4/2020 10:31:52","0000-00","0","no battery","V"
"11/02/2020","12:05:11","1","default","640513929","OXY_CH1","50.809","min","154.274","µmol/L","Humid","23.723","deg","44670","µV","26.830","°C","1018.000","hPa","35.3","pmil","0","55.520","deg","20.000","°C","100.000","%a.s.","21.750","deg","20.000","°C","977.000","hPa","0.861","-0.02617","0.00035","0","0","13.56","Humid","24.85","0","70.00","286650.04","SABD0000000001","AAV1.0.0.11","1.1.2.0","PSt7-10","170328-006","1/4/2020 10:31:52","0000-00","0","no battery","V"
"11/02/2020","12:05:12","1","default","640513929","OXY_CH1","50.825","min","154.387","µmol/L","Humid","23.718","deg","44669","µV","26.819","°C","1018.000","hPa","35.3","pmil","0","55.520","deg","20.000","°C","100.000","%a.s.","21.750","deg","20.000","°C","977.000","hPa","0.861","-0.02617","0.00035","0","0","13.56","Humid","24.85","0","70.00","286652.85","SABD0000000001","AAV1.0.0.11","1.1.2.0","PSt7-10","170328-006","1/4/2020 10:31:52","0000-00","0","no battery","V"
"11/02/2020","12:05:13","1","default","640513929","OXY_CH1","50.842","min","154.280","µmol/L","Humid","23.729","deg","44668","µV","26.812","°C","1018.000","hPa","35.3","pmil","0","55.520","deg","20.000","°C","100.000","%a.s.","21.750","deg","20.000","°C","977.000","hPa","0.861","-0.02617","0.00035","0","0","13.56","Humid","24.85","0","70.00","286651.82","SABD0000000001","AAV1.0.0.11","1.1.2.0","PSt7-10","170328-006","1/4/2020 10:31:52","0000-00","0","no battery","V"
"11/02/2020","12:05:14","1","default","640513929","OXY_CH1","50.858","min","154.277","µmol/L","Humid","23.729","deg","44670","µV","26.812","°C","1018.000","hPa","35.3","pmil","0","55.520","deg","20.000","°C","100.000","%a.s.","21.750","deg","20.000","°C","977.000","hPa","0.861","-0.02617","0.00035","0","0","13.56","Humid","24.85","0","70.00","286643.63","SABD0000000001","AAV1.0.0.11","1.1.2.0","PSt7-10","170328-006","1/4/2020 10:31:52","0000-00","0","no battery","V"
"11/02/2020","12:05:15","1","default","640513929","OXY_CH1","50.875","min","154.307","µmol/L","Humid","23.722","deg","44672","µV","26.826","°C","1018.000","hPa","35.3","pmil","0","55.520","deg","20.000","°C","100.000","%a.s.","21.750","deg","20.000","°C","977.000","hPa","0.861","-0.02617","0.00035","0","0","13.56","Humid","24.85","0","70.00","286641.12","SABD0000000001","AAV1.0.0.11","1.1.2.0","PSt7-10","170328-006","1/4/2020 10:31:52","0000-00","0","no battery","V"
"11/02/2020","12:05:16","1","default","640513929","OXY_CH1","50.892","min","154.313","µmol/L","Humid","23.720","deg","44669","µV","26.830","°C","1018.000","hPa","35.3","pmil","0","55.520","deg","20.000","°C","100.000","%a.s.","21.750","deg","20.000","°C","977.000","hPa","0.861","-0.02617","0.00035","0","0","13.56","Humid","24.85","0","70.00","286658.95","SABD0000000001","AAV1.0.0.11","1.1.2.0","PSt7-10","170328-006","1/4/2020 10:31:52","0000-00","0","no battery","V"
"11/02/2020","12:05:17","1","default","640513929","OXY_CH1","50.909","min","154.266","µmol/L","Humid","23.722","deg","44666","µV","26.835","°C","1018.000","hPa","35.3","pmil","0","55.520","deg","20.000","°C","100.000","%a.s.","21.750","deg","20.000","°C","977.000","hPa","0.861","-0.02617","0.00035","0","0","13.56","Humid","24.85","0","70.00","286656.60","SABD0000000001","AAV1.0.0.11","1.1.2.0","PSt7-10","170328-006","1/4/2020 10:31:52","0000-00","0","no battery","V"
"11/02/2020","12:05:18","1","default","640513929","OXY_CH1","50.925","min","154.160","µmol/L","Humid","23.732","deg","44665","µV","26.830","°C","1018.000","hPa","35.3","pmil","0","55.520","deg","20.000","°C","100.000","%a.s.","21.750","deg","20.000","°C","977.000","hPa","0.861","-0.02617","0.00035","0","0","13.56","Humid","24.85","0","70.00","286651.00","SABD0000000001","AAV1.0.0.11","1.1.2.0","PSt7-10","170328-006","1/4/2020 10:31:52","0000-00","0","no battery","V"
"11/02/2020","12:05:19","1","default","640513929","OXY_CH1","50.942","min","154.328","µmol/L","Humid","23.719","deg","44670","µV","26.829","°C","1018.000","hPa","35.3","pmil","0","55.520","deg","20.000","°C","100.000","%a.s.","21.750","deg","20.000","°C","977.000","hPa","0.861","-0.02617","0.00035","0","0","13.56","Humid","24.85","0","70.00","286643.92","SABD0000000001","AAV1.0.0.11","1.1.2.0","PSt7-10","170328-006","1/4/2020 10:31:52","0000-00","0","no battery","V"
"11/02/2020","12:05:20","1","default","640513929","OXY_CH1","50.959","min","154.260","µmol/L","Humid","23.724","deg","44667","µV","26.830","°C","1018.000","hPa","35.3","pmil","0","55.520","deg","20.000","°C","100.000","%a.s.","21.750","deg","20.000","°C","977.000","hPa","0.861","-0.02617","0.00035","0","0","13.56","Humid","24.85","0","70.00","286631.98","SABD0000000001","AAV1.0.0.11","1.1.2.0","PSt7-10","170328-006","1/4/2020 10:31:52","0000-00","0","no battery","V"
"11/02/2020","12:05:21","1","default","640513929","OXY_CH1","50.976","min","154.253","µmol/L","Humid","23.725","deg","44672","µV","26.829","°C","1018.000","hPa","35.3","pmil","0","55.520","deg","20.000","°C","100.000","%a.s.","21.750","deg","20.000","°C","977.000","hPa","0.861","-0.02617","0.00035","0","0","13.56","Humid","24.85","0","70.00","286647.22","SABD0000000001","AAV1.0.0.11","1.1.2.0","PSt7-10","170328-006","1/4/2020 10:31:52","0000-00","0","no battery","V"
"11/02/2020","12:05:22","1","default","640513929","OXY_CH1","50.992","min","154.328","µmol/L","Humid","23.725","deg","44665","µV","26.813","°C","1018.000","hPa","35.3","pmil","0","55.520","deg","20.000","°C","100.000","%a.s.","21.750","deg","20.000","°C","977.000","hPa","0.861","-0.02617","0.00035","0","0","13.56","Humid","24.85","0","70.00","286636.30","SABD0000000001","AAV1.0.0.11","1.1.2.0","PSt7-10","170328-006","1/4/2020 10:31:52","0000-00","0","no battery","V"
"11/02/2020","12:05:23","1","default","640513929","OXY_CH1","51.009","min","154.390","µmol/L","Humid","23.720","deg","44659","µV","26.813","°C","1018.000","hPa","35.3","pmil","0","55.520","deg","20.000","°C","100.000","%a.s.","21.750","deg","20.000","°C","977.000","hPa","0.861","-0.02617","0.00035","0","0","13.56","Humid","24.85","0","70.00","286650.31","SABD0000000001","AAV1.0.0.11","1.1.2.0","PSt7-10","170328-006","1/4/2020 10:31:52","0000-00","0","no battery","V"
"11/02/2020","12:05:24","1","default","640513929","OXY_CH1","51.025","min","154.308","µmol/L","Humid","23.724","deg","44662","µV","26.820","°C","1018.000","hPa","35.3","pmil","0","55.520","deg","20.000","°C","100.000","%a.s.","21.750","deg","20.000","°C","977.000","hPa","0.861","-0.02617","0.00035","0","0","13.56","Humid","24.85","0","70.00","286646.55","SABD0000000001","AAV1.0.0.11","1.1.2.0","PSt7-10","170328-006","1/4/2020 10:31:52","0000-00","0","no battery","V"
"11/02/2020","12:05:25","1","default","640513929","OXY_CH1","51.042","min","154.340","µmol/L","Humid","23.722","deg","44664","µV","26.818","°C","1018.000","hPa","35.3","pmil","0","55.520","deg","20.000","°C","100.000","%a.s.","21.750","deg","20.000","°C","977.000","hPa","0.861","-0.02617","0.00035","0","0","13.56","Humid","24.85","0","70.00","286646.03","SABD0000000001","AAV1.0.0.11","1.1.2.0","PSt7-10","170328-006","1/4/2020 10:31:52","0000-00","0","no battery","V"
"11/02/2020","12:05:26","1","default","640513929","OXY_CH1","51.058","min","154.309","µmol/L","Humid","23.723","deg","44662","µV","26.822","°C","1018.000","hPa","35.3","pmil","0","55.520","deg","20.000","°C","100.000","%a.s.","21.750","deg","20.000","°C","977.000","hPa","0.861","-0.02617","0.00035","0","0","13.56","Humid","24.85","0","70.00","286633.03","SABD0000000001","AAV1.0.0.11","1.1.2.0","PSt7-10","170328-006","1/4/2020 10:31:52","0000-00","0","no battery","V"
"11/02/2020","12:05:27","1","default","640513929","OXY_CH1","51.075","min","154.231","µmol/L","Humid","23.729","deg","44663","µV","26.822","°C","1018.000","hPa","35.3","pmil","0","55.520","deg","20.000","°C","100.000","%a.s.","21.750","deg","20.000","°C","977.000","hPa","0.861","-0.02617","0.00035","0","0","13.56","Humid","24.85","0","70.00","286637.67","SABD0000000001","AAV1.0.0.11","1.1.2.0","PSt7-10","170328-006","1/4/2020 10:31:52","0000-00","0","no battery","V"
"11/02/2020","12:05:28","1","default","640513929","OXY_CH1","51.092","min","154.353","µmol/L","Humid","23.718","deg","44665","µV","26.827","°C","1018.000","hPa","35.3","pmil","0","55.520","deg","20.000","°C","100.000","%a.s.","21.750","deg","20.000","°C","977.000","hPa","0.861","-0.02617","0.00035","0","0","13.56","Humid","24.85","0","70.00","286640.82","SABD0000000001","AAV1.0.0.11","1.1.2.0","PSt7-10","170328-006","1/4/2020 10:31:52","0000-00","0","no battery","V"
"11/02/2020","12:05:29","1","default","640513929","OXY_CH1","51.109","min","154.438","µmol/L","Humid","23.718","deg","44659","µV","26.808","°C","1018.000","hPa","35.3","pmil","0","55.520","deg","20.000","°C","100.000","%a.s.","21.750","deg","20.000","°C","977.000","hPa","0.861","-0.02617","0.00035","0","0","13.56","Humid","24.85","0","70.00","286649.74","SABD0000000001","AAV1.0.0.11","1.1.2.0","PSt7-10","170328-006","1/4/2020 10:31:52","0000-00","0","no battery","V"
"11/02/2020","12:05:30","1","default","640513929","OXY_CH1","51.125","min","154.367","µmol/L","Humid","23.722","deg","44665","µV","26.812","°C","1018.000","hPa","35.3","pmil","0","55.520","deg","20.000","°C","100.000","%a.s.","21.750","deg","20.000","°C","977.000","hPa","0.861","-0.02617","0.00035","0","0","13.56","Humid","24.85","0","70.00","286625.97","SABD0000000001","AAV1.0.0.11","1.1.2.0","PSt7-10","170328-006","1/4/2020 10:31:52","0000-00","0","no battery","V"
"11/02/2020","12:05:31","1","default","640513929","OXY_CH1","51.142","min","154.306","µmol/L","Humid","23.726","deg","44664","µV","26.814","°C","1018.000","hPa","35.3","pmil","0","55.520","deg","20.000","°C","100.000","%a.s.","21.750","deg","20.000","°C","977.000","hPa","0.861","-0.02617","0.00035","0","0","13.56","Humid","24.85","0","70.00","286633.67","SABD0000000001","AAV1.0.0.11","1.1.2.0","PSt7-10","170328-006","1/4/2020 10:31:52","0000-00","0","no battery","V"
"11/02/2020","12:05:32","1","default","640513929","OXY_CH1","51.159","min","154.402","µmol/L","Humid","23.721","deg","44666","µV","26.807","°C","1018.000","hPa","35.3","pmil","0","55.520","deg","20.000","°C","100.000","%a.s.","21.750","deg","20.000","°C","977.000","hPa","0.861","-0.02617","0.00035","0","0","13.56","Humid","24.85","0","70.00","286632.88","SABD0000000001","AAV1.0.0.11","1.1.2.0","PSt7-10","170328-006","1/4/2020 10:31:52","0000-00","0","no battery","V"
"11/02/2020","12:05:33","1","default","640513929","OXY_CH1","51.176","min","154.342","µmol/L","Humid","23.720","deg","44665","µV","26.824","°C","1018.000","hPa","35.3","pmil","0","55.520","deg","20.000","°C","100.000","%a.s.","21.750","deg","20.000","°C","977.000","hPa","0.861","-0.02617","0.00035","0","0","13.56","Humid","24.85","0","70.00","286639.70","SABD0000000001","AAV1.0.0.11","1.1.2.0","PSt7-10","170328-006","1/4/2020 10:31:52","0000-00","0","no battery","V"
"11/02/2020","12:05:34","1","default","640513929","OXY_CH1","51.192","min","154.285","µmol/L","Humid","23.723","deg","44664","µV","26.828","°C","1018.000","hPa","35.3","pmil","0","55.520","deg","20.000","°C","100.000","%a.s.","21.750","deg","20.000","°C","977.000","hPa","0.861","-0.02617","0.00035","0","0","13.56","Humid","24.85","0","70.00","286622.70","SABD0000000001","AAV1.0.0.11","1.1.2.0","PSt7-10","170328-006","1/4/2020 10:31:52","0000-00","0","no battery","V"
"11/02/2020","12:05:35","1","default","640513929","OXY_CH1","51.209","min","154.348","µmol/L","Humid","23.715","deg","44662","µV","26.837","°C","1018.000","hPa","35.3","pmil","0","55.520","deg","20.000","°C","100.000","%a.s.","21.750","deg","20.000","°C","977.000","hPa","0.861","-0.02617","0.00035","0","0","13.56","Humid","24.85","0","70.00","286627.57","SABD0000000001","AAV1.0.0.11","1.1.2.0","PSt7-10","170328-006","1/4/2020 10:31:52","0000-00","0","no battery","V"
"11/02/2020","12:05:36","1","default","640513929","OXY_CH1","51.225","min","154.230","µmol/L","Humid","23.726","deg","44666","µV","26.831","°C","1018.000","hPa","35.3","pmil","0","55.520","deg","20.000","°C","100.000","%a.s.","21.750","deg","20.000","°C","977.000","hPa","0.861","-0.02617","0.00035","0","0","13.56","Humid","24.85","0","70.00","286624.71","SABD0000000001","AAV1.0.0.11","1.1.2.0","PSt7-10","170328-006","1/4/2020 10:31:52","0000-00","0","no battery","V"
"11/02/2020","12:05:37","1","default","640513929","OXY_CH1","51.242","min","154.204","µmol/L","Humid","23.731","deg","44662","µV","26.823","°C","1018.000","hPa","35.3","pmil","0","55.520","deg","20.000","°C","100.000","%a.s.","21.750","deg","20.000","°C","977.000","hPa","0.861","-0.02617","0.00035","0","0","13.56","Humid","24.85","0","70.00","286630.73","SABD0000000001","AAV1.0.0.11","1.1.2.0","PSt7-10","170328-006","1/4/2020 10:31:52","0000-00","0","no battery","V"
"11/02/2020","12:05:38","1","default","640513929","OXY_CH1","51.259","min","154.379","µmol/L","Humid","23.721","deg","44666","µV","26.813","°C","1018.000","hPa","35.3","pmil","0","55.520","deg","20.000","°C","100.000","%a.s.","21.750","deg","20.000","°C","977.000","hPa","0.861","-0.02617","0.00035","0","0","13.56","Humid","24.85","0","70.00","286631.27","SABD0000000001","AAV1.0.0.11","1.1.2.0","PSt7-10","170328-006","1/4/2020 10:31:52","0000-00","0","no battery","V"
"11/02/2020","12:05:39","1","default","640513929","OXY_CH1","51.275","min","154.483","µmol/L","Humid","23.713","deg","44670","µV","26.812","°C","1018.000","hPa","35.3","pmil","0","55.520","deg","20.000","°C","100.000","%a.s.","21.750","deg","20.000","°C","977.000","hPa","0.861","-0.02617","0.00035","0","0","13.56","Humid","24.85","0","70.00","286632.89","SABD0000000001","AAV1.0.0.11","1.1.2.0","PSt7-10","170328-006","1/4/2020 10:31:52","0000-00","0","no battery","V"
"11/02/2020","12:05:40","1","default","640513929","OXY_CH1","51.292","min","154.376","µmol/L","Humid","23.719","deg","44664","µV","26.819","°C","1018.000","hPa","35.3","pmil","0","55.520","deg","20.000","°C","100.000","%a.s.","21.750","deg","20.000","°C","977.000","hPa","0.861","-0.02617","0.00035","0","0","13.56","Humid","24.85","0","70.00","286627.36","SABD0000000001","AAV1.0.0.11","1.1.2.0","PSt7-10","170328-006","1/4/2020 10:31:52","0000-00","0","no battery","V"
"11/02/2020","12:05:41","1","default","640513929","OXY_CH1","51.309","min","154.381","µmol/L","Humid","23.719","deg","44657","µV","26.818","°C","1018.000","hPa","35.3","pmil","0","55.520","deg","20.000","°C","100.000","%a.s.","21.750","deg","20.000","°C","977.000","hPa","0.861","-0.02617","0.00035","0","0","13.56","Humid","24.85","0","70.00","286628.85","SABD0000000001","AAV1.0.0.11","1.1.2.0","PSt7-10","170328-006","1/4/2020 10:31:52","0000-00","0","no battery","V"
"11/02/2020","12:05:42","1","default","640513929","OXY_CH1","51.326","min","154.363","µmol/L","Humid","23.722","deg","44663","µV","26.813","°C","1018.000","hPa","35.3","pmil","0","55.520","deg","20.000","°C","100.000","%a.s.","21.750","deg","20.000","°C","977.000","hPa","0.861","-0.02617","0.00035","0","0","13.56","Humid","24.85","0","70.00","286625.89","SABD0000000001","AAV1.0.0.11","1.1.2.0","PSt7-10","170328-006","1/4/2020 10:31:52","0000-00","0","no battery","V"
"11/02/2020","12:05:43","1","default","640513929","OXY_CH1","51.342","min","154.450","µmol/L","Humid","23.714","deg","44663","µV","26.817","°C","1018.000","hPa","35.3","pmil","0","55.520","deg","20.000","°C","100.000","%a.s.","21.750","deg","20.000","°C","977.000","hPa","0.861","-0.02617","0.00035","0","0","13.56","Humid","24.85","0","70.00","286617.26","SABD0000000001","AAV1.0.0.11","1.1.2.0","PSt7-10","170328-006","1/4/2020 10:31:52","0000-00","0","no battery","V"
"11/02/2020","12:05:44","1","default","640513929","OXY_CH1","51.359","min","154.300","µmol/L","Humid","23.722","deg","44662","µV","26.827","°C","1018.000","hPa","35.3","pmil","0","55.520","deg","20.000","°C","100.000","%a.s.","21.750","deg","20.000","°C","977.000","hPa","0.861","-0.02617","0.00035","0","0","13.56","Humid","24.85","0","70.00","286632.01","SABD0000000001","AAV1.0.0.11","1.1.2.0","PSt7-10","170328-006","1/4/2020 10:31:52","0000-00","0","no battery","V"
"11/02/2020","12:05:45","1","default","640513929","OXY_CH1","51.376","min","154.326","µmol/L","Humid","23.727","deg","44659","µV","26.807","°C","1018.000","hPa","35.3","pmil","0","55.520","deg","20.000","°C","100.000","%a.s.","21.750","deg","20.000","°C","977.000","hPa","0.861","-0.02617","0.00035","0","0","13.56","Humid","24.85","0","70.00","286630.10","SABD0000000001","AAV1.0.0.11","1.1.2.0","PSt7-10","170328-006","1/4/2020 10:31:52","0000-00","0","no battery","V"
"11/02/2020","12:05:46","1","default","640513929","OXY_CH1","51.392","min","154.308","µmol/L","Humid","23.728","deg","44664","µV","26.808","°C","1018.000","hPa","35.3","pmil","0","55.520","deg","20.000","°C","100.000","%a.s.","21.750","deg","20.000","°C","977.000","hPa","0.861","-0.02617","0.00035","0","0","13.56","Humid","24.85","0","70.00","286627.50","SABD0000000001","AAV1.0.0.11","1.1.2.0","PSt7-10","170328-006","1/4/2020 10:31:52","0000-00","0","no battery","V"
"11/02/2020","12:05:47","1","default","640513929","OXY_CH1","51.409","min","154.376","µmol/L","Humid","23.723","deg","44661","µV","26.807","°C","1018.000","hPa","35.3","pmil","0","55.520","deg","20.000","°C","100.000","%a.s.","21.750","deg","20.000","°C","977.000","hPa","0.861","-0.02617","0.00035","0","0","13.56","Humid","24.85","0","70.00","286604.57","SABD0000000001","AAV1.0.0.11","1.1.2.0","PSt7-10","170328-006","1/4/2020 10:31:52","0000-00","0","no battery","V"
"11/02/2020","12:05:48","1","default","640513929","OXY_CH1","51.425","min","154.337","µmol/L","Humid","23.725","deg","44661","µV","26.811","°C","1018.000","hPa","35.3","pmil","0","55.520","deg","20.000","°C","100.000","%a.s.","21.750","deg","20.000","°C","977.000","hPa","0.861","-0.02617","0.00035","0","0","13.56","Humid","24.85","0","70.00","286622.79","SABD0000000001","AAV1.0.0.11","1.1.2.0","PSt7-10","170328-006","1/4/2020 10:31:52","0000-00","0","no battery","V"
"11/02/2020","12:05:49","1","default","640513929","OXY_CH1","51.442","min","154.354","µmol/L","Humid","23.723","deg","44666","µV","26.812","°C","1018.000","hPa","35.3","pmil","0","55.520","deg","20.000","°C","100.000","%a.s.","21.750","deg","20.000","°C","977.000","hPa","0.861","-0.02617","0.00035","0","0","13.56","Humid","24.85","0","70.00","286631.69","SABD0000000001","AAV1.0.0.11","1.1.2.0","PSt7-10","170328-006","1/4/2020 10:31:52","0000-00","0","no battery","V"
"11/02/2020","12:05:50","1","default","640513929","OXY_CH1","51.459","min","154.355","µmol/L","Humid","23.725","deg","44670","µV","26.807","°C","1018.000","hPa","35.3","pmil","0","55.520","deg","20.000","°C","100.000","%a.s.","21.750","deg","20.000","°C","977.000","hPa","0.861","-0.02617","0.00035","0","0","13.56","Humid","24.85","0","70.00","286627.77","SABD0000000001","AAV1.0.0.11","1.1.2.0","PSt7-10","170328-006","1/4/2020 10:31:52","0000-00","0","no battery","V"
"11/02/2020","12:05:51","1","default","640513929","OXY_CH1","51.475","min","154.371","µmol/L","Humid","23.726","deg","44661","µV","26.800","°C","1018.000","hPa","35.3","pmil","0","55.520","deg","20.000","°C","100.000","%a.s.","21.750","deg","20.000","°C","977.000","hPa","0.861","-0.02617","0.00035","0","0","13.56","Humid","24.85","0","70.00","286609.61","SABD0000000001","AAV1.0.0.11","1.1.2.0","PSt7-10","170328-006","1/4/2020 10:31:52","0000-00","0","no battery","V"
"11/02/2020","12:05:52","1","default","640513929","OXY_CH1","51.492","min","154.319","µmol/L","Humid","23.724","deg","44663","µV","26.817","°C","1018.000","hPa","35.3","pmil","0","55.520","deg","20.000","°C","100.000","%a.s.","21.750","deg","20.000","°C","977.000","hPa","0.861","-0.02617","0.00035","0","0","13.56","Humid","24.85","0","70.00","286621.68","SABD0000000001","AAV1.0.0.11","1.1.2.0","PSt7-10","170328-006","1/4/2020 10:31:52","0000-00","0","no battery","V"
"11/02/2020","12:05:53","1","default","640513929","OXY_CH1","51.509","min","154.309","µmol/L","Humid","23.725","deg","44668","µV","26.817","°C","1018.000","hPa","35.3","pmil","0","55.520","deg","20.000","°C","100.000","%a.s.","21.750","deg","20.000","°C","977.000","hPa","0.861","-0.02617","0.00035","0","0","13.56","Humid","24.85","0","70.00","286608.07","SABD0000000001","AAV1.0.0.11","1.1.2.0","PSt7-10","170328-006","1/4/2020 10:31:52","0000-00","0","no battery","V"
"11/02/2020","12:05:54","1","default","640513929","OXY_CH1","51.525","min","154.220","µmol/L","Humid","23.731","deg","44665","µV","26.819","°C","1018.000","hPa","35.3","pmil","0","55.520","deg","20.000","°C","100.000","%a.s.","21.750","deg","20.000","°C","977.000","hPa","0.861","-0.02617","0.00035","0","0","13.56","Humid","24.85","0","70.00","286603.63","SABD0000000001","AAV1.0.0.11","1.1.2.0","PSt7-10","170328-006","1/4/2020 10:31:52","0000-00","0","no battery","V"
"11/02/2020","12:05:55","1","default","640513929","OXY_CH1","51.542","min","154.359","µmol/L","Humid","23.724","deg","44670","µV","26.808","°C","1018.000","hPa","35.3","pmil","0","55.520","deg","20.000","°C","100.000","%a.s.","21.750","deg","20.000","°C","977.000","hPa","0.861","-0.02617","0.00035","0","0","13.56","Humid","24.85","0","70.00","286611.94","SABD0000000001","AAV1.0.0.11","1.1.2.0","PSt7-10","170328-006","1/4/2020 10:31:52","0000-00","0","no battery","V"
"11/02/2020","12:05:56","1","default","640513929","OXY_CH1","51.559","min","154.199","µmol/L","Humid","23.730","deg","44671","µV","26.827","°C","1018.000","hPa","35.3","pmil","0","55.520","deg","20.000","°C","100.000","%a.s.","21.750","deg","20.000","°C","977.000","hPa","0.861","-0.02617","0.00035","0","0","13.56","Humid","24.85","0","70.00","286598.17","SABD0000000001","AAV1.0.0.11","1.1.2.0","PSt7-10","170328-006","1/4/2020 10:31:52","0000-00","0","no battery","V"
"11/02/2020","12:05:57","1","default","640513929","OXY_CH1","51.576","min","154.231","µmol/L","Humid","23.732","deg","44670","µV","26.814","°C","1018.000","hPa","35.3","pmil","0","55.520","deg","20.000","°C","100.000","%a.s.","21.750","deg","20.000","°C","977.000","hPa","0.861","-0.02617","0.00035","0","0","13.56","Humid","24.85","0","70.00","286615.22","SABD0000000001","AAV1.0.0.11","1.1.2.0","PSt7-10","170328-006","1/4/2020 10:31:52","0000-00","0","no battery","V"
"11/02/2020","12:05:58","1","default","640513929","OXY_CH1","51.592","min","154.408","µmol/L","Humid","23.719","deg","44671","µV","26.812","°C","1018.000","hPa","35.3","pmil","0","55.520","deg","20.000","°C","100.000","%a.s.","21.750","deg","20.000","°C","977.000","hPa","0.861","-0.02617","0.00035","0","0","13.56","Humid","24.85","0","70.00","286601.04","SABD0000000001","AAV1.0.0.11","1.1.2.0","PSt7-10","170328-006","1/4/2020 10:31:52","0000-00","0","no battery","V"
"11/02/2020","12:05:59","1","default","640513929","OXY_CH1","51.608","min","154.417","µmol/L","Humid","23.722","deg","44671","µV","26.801","°C","1018.000","hPa","35.3","pmil","0","55.520","deg","20.000","°C","100.000","%a.s.","21.750","deg","20.000","°C","977.000","hPa","0.861","-0.02617","0.00035","0","0","13.56","Humid","24.85","0","70.00","286614.38","SABD0000000001","AAV1.0.0.11","1.1.2.0","PSt7-10","170328-006","1/4/2020 10:31:52","0000-00","0","no battery","V"
"11/02/2020","12:06:00","1","default","640513929","OXY_CH1","51.625","min","154.232","µmol/L","Humid","23.733","deg","44662","µV","26.811","°C","1018.000","hPa","35.3","pmil","0","55.520","deg","20.000","°C","100.000","%a.s.","21.750","deg","20.000","°C","977.000","hPa","0.861","-0.02617","0.00035","0","0","13.56","Humid","24.85","0","70.00","286618.50","SABD0000000001","AAV1.0.0.11","1.1.2.0","PSt7-10","170328-006","1/4/2020 10:31:52","0000-00","0","no battery","V"
"11/02/2020","12:06:01","1","default","640513929","OXY_CH1","51.642","min","154.298","µmol/L","Humid","23.727","deg","44666","µV","26.813","°C","1018.000","hPa","35.3","pmil","0","55.520","deg","20.000","°C","100.000","%a.s.","21.750","deg","20.000","°C","977.000","hPa","0.861","-0.02617","0.00035","0","0","13.56","Humid","24.85","0","70.00","286615.31","SABD0000000001","AAV1.0.0.11","1.1.2.0","PSt7-10","170328-006","1/4/2020 10:31:52","0000-00","0","no battery","V"
"11/02/2020","12:06:02","1","default","640513929","OXY_CH1","51.659","min","154.335","µmol/L","Humid","23.725","deg","44663","µV","26.811","°C","1018.000","hPa","35.3","pmil","0","55.520","deg","20.000","°C","100.000","%a.s.","21.750","deg","20.000","°C","977.000","hPa","0.861","-0.02617","0.00035","0","0","13.56","Humid","24.85","0","70.00","286616.07","SABD0000000001","AAV1.0.0.11","1.1.2.0","PSt7-10","170328-006","1/4/2020 10:31:52","0000-00","0","no battery","V"
"11/02/2020","12:06:03","1","default","640513929","OXY_CH1","51.675","min","154.258","µmol/L","Humid","23.732","deg","44662","µV","26.808","°C","1018.000","hPa","35.3","pmil","0","55.520","deg","20.000","°C","100.000","%a.s.","21.750","deg","20.000","°C","977.000","hPa","0.861","-0.02617","0.00035","0","0","13.56","Humid","24.85","0","70.00","286605.28","SABD0000000001","AAV1.0.0.11","1.1.2.0","PSt7-10","170328-006","1/4/2020 10:31:52","0000-00","0","no battery","V"
"11/02/2020","12:06:04","1","default","640513929","OXY_CH1","51.692","min","154.349","µmol/L","Humid","23.722","deg","44657","µV","26.816","°C","1018.000","hPa","35.3","pmil","0","55.520","deg","20.000","°C","100.000","%a.s.","21.750","deg","20.000","°C","977.000","hPa","0.861","-0.02617","0.00035","0","0","13.56","Humid","24.85","0","70.00","286602.21","SABD0000000001","AAV1.0.0.11","1.1.2.0","PSt7-10","170328-006","1/4/2020 10:31:52","0000-00","0","no battery","V"
"11/02/2020","12:06:05","1","default","640513929","OXY_CH1","51.709","min","154.257","µmol/L","Humid","23.730","deg","44662","µV","26.814","°C","1018.000","hPa","35.3","pmil","0","55.520","deg","20.000","°C","100.000","%a.s.","21.750","deg","20.000","°C","977.000","hPa","0.861","-0.02617","0.00035","0","0","13.56","Humid","24.85","0","70.00","286608.70","SABD0000000001","AAV1.0.0.11","1.1.2.0","PSt7-10","170328-006","1/4/2020 10:31:52","0000-00","0","no battery","V"
"11/02/2020","12:06:06","1","default","640513929","OXY_CH1","51.726","min","154.222","µmol/L","Humid","23.734","deg","44667","µV","26.810","°C","1018.000","hPa","35.3","pmil","0","55.520","deg","20.000","°C","100.000","%a.s.","21.750","deg","20.000","°C","977.000","hPa","0.861","-0.02617","0.00035","0","0","13.56","Humid","24.85","0","70.00","286608.88","SABD0000000001","AAV1.0.0.11","1.1.2.0","PSt7-10","170328-006","1/4/2020 10:31:52","0000-00","0","no battery","V"
"11/02/2020","12:06:07","1","default","640513929","OXY_CH1","51.742","min","154.438","µmol/L","Humid","23.719","deg","44669","µV","26.805","°C","1018.000","hPa","35.3","pmil","0","55.520","deg","20.000","°C","100.000","%a.s.","21.750","deg","20.000","°C","977.000","hPa","0.861","-0.02617","0.00035","0","0","13.56","Humid","24.85","0","70.00","286603.54","SABD0000000001","AAV1.0.0.11","1.1.2.0","PSt7-10","170328-006","1/4/2020 10:31:52","0000-00","0","no battery","V"
"11/02/2020","12:06:08","1","default","640513929","OXY_CH1","51.759","min","154.437","µmol/L","Humid","23.719","deg","44662","µV","26.805","°C","1018.000","hPa","35.3","pmil","0","55.520","deg","20.000","°C","100.000","%a.s.","21.750","deg","20.000","°C","977.000","hPa","0.861","-0.02617","0.00035","0","0","13.56","Humid","24.85","0","70.00","286608.21","SABD0000000001","AAV1.0.0.11","1.1.2.0","PSt7-10","170328-006","1/4/2020 10:31:52","0000-00","0","no battery","V"
"11/02/2020","12:06:09","1","default","640513929","OXY_CH1","51.775","min","154.391","µmol/L","Humid","23.726","deg","44663","µV","26.796","°C","1018.000","hPa","35.3","pmil","0","55.520","deg","20.000","°C","100.000","%a.s.","21.750","deg","20.000","°C","977.000","hPa","0.861","-0.02617","0.00035","0","0","13.56","Humid","24.85","0","70.00","286603.20","SABD0000000001","AAV1.0.0.11","1.1.2.0","PSt7-10","170328-006","1/4/2020 10:31:52","0000-00","0","no battery","V"
"11/02/2020","12:06:10","1","default","640513929","OXY_CH1","51.792","min","154.358","µmol/L","Humid","23.726","deg","44664","µV","26.803","°C","1018.000","hPa","35.3","pmil","0","55.520","deg","20.000","°C","100.000","%a.s.","21.750","deg","20.000","°C","977.000","hPa","0.861","-0.02617","0.00035","0","0","13.56","Humid","24.85","0","70.00","286609.05","SABD0000000001","AAV1.0.0.11","1.1.2.0","PSt7-10","170328-006","1/4/2020 10:31:52","0000-00","0","no battery","V"
"11/02/2020","12:06:11","1","default","640513929","OXY_CH1","51.808","min","154.377","µmol/L","Humid","23.729","deg","44663","µV","26.790","°C","1018.000","hPa","35.3","pmil","0","55.520","deg","20.000","°C","100.000","%a.s.","21.750","deg","20.000","°C","977.000","hPa","0.861","-0.02617","0.00035","0","0","13.56","Humid","24.85","0","70.00","286587.06","SABD0000000001","AAV1.0.0.11","1.1.2.0","PSt7-10","170328-006","1/4/2020 10:31:52","0000-00","0","no battery","V"
"11/02/2020","12:06:12","1","default","640513929","OXY_CH1","51.825","min","154.075","µmol/L","Humid","23.737","deg","44669","µV","26.834","°C","1018.000","hPa","35.3","pmil","0","55.520","deg","20.000","°C","100.000","%a.s.","21.750","deg","20.000","°C","977.000","hPa","0.861","-0.02617","0.00035","0","0","13.56","Humid","24.85","0","70.00","286588.51","SABD0000000001","AAV1.0.0.11","1.1.2.0","PSt7-10","170328-006","1/4/2020 10:31:52","0000-00","0","no battery","V"
"11/02/2020","12:06:13","1","default","640513929","OXY_CH1","51.842","min","154.194","µmol/L","Humid","23.733","deg","44667","µV","26.819","°C","1018.000","hPa","35.3","pmil","0","55.520","deg","20.000","°C","100.000","%a.s.","21.750","deg","20.000","°C","977.000","hPa","0.861","-0.02617","0.00035","0","0","13.56","Humid","24.85","0","70.00","286596.11","SABD0000000001","AAV1.0.0.11","1.1.2.0","PSt7-10","170328-006","1/4/2020 10:31:52","0000-00","0","no battery","V"
"11/02/2020","12:06:14","1","default","640513929","OXY_CH1","51.859","min","154.254","µmol/L","Humid","23.729","deg","44667","µV","26.817","°C","1018.000","hPa","35.3","pmil","0","55.520","deg","20.000","°C","100.000","%a.s.","21.750","deg","20.000","°C","977.000","hPa","0.861","-0.02617","0.00035","0","0","13.56","Humid","24.85","0","70.00","286606.13","SABD0000000001","AAV1.0.0.11","1.1.2.0","PSt7-10","170328-006","1/4/2020 10:31:52","0000-00","0","no battery","V"
"11/02/2020","12:06:15","1","default","640513929","OXY_CH1","51.875","min","154.341","µmol/L","Humid","23.721","deg","44669","µV","26.821","°C","1018.000","hPa","35.3","pmil","0","55.520","deg","20.000","°C","100.000","%a.s.","21.750","deg","20.000","°C","977.000","hPa","0.861","-0.02617","0.00035","0","0","13.56","Humid","24.85","0","70.00","286598.67","SABD0000000001","AAV1.0.0.11","1.1.2.0","PSt7-10","170328-006","1/4/2020 10:31:52","0000-00","0","no battery","V"
"11/02/2020","12:06:16","1","default","640513929","OXY_CH1","51.892","min","154.183","µmol/L","Humid","23.735","deg","44664","µV","26.816","°C","1018.000","hPa","35.3","pmil","0","55.520","deg","20.000","°C","100.000","%a.s.","21.750","deg","20.000","°C","977.000","hPa","0.861","-0.02617","0.00035","0","0","13.56","Humid","24.85","0","70.00","286606.26","SABD0000000001","AAV1.0.0.11","1.1.2.0","PSt7-10","170328-006","1/4/2020 10:31:52","0000-00","0","no battery","V"
"11/02/2020","12:06:17","1","default","640513929","OXY_CH1","51.909","min","154.439","µmol/L","Humid","23.720","deg","44665","µV","26.802","°C","1018.000","hPa","35.3","pmil","0","55.520","deg","20.000","°C","100.000","%a.s.","21.750","deg","20.000","°C","977.000","hPa","0.861","-0.02617","0.00035","0","0","13.56","Humid","24.85","0","70.00","286593.09","SABD0000000001","AAV1.0.0.11","1.1.2.0","PSt7-10","170328-006","1/4/2020 10:31:52","0000-00","0","no battery","V"
"11/02/2020","12:06:18","1","default","640513929","OXY_CH1","51.926","min","154.254","µmol/L","Humid","23.731","deg","44668","µV","26.812","°C","1018.000","hPa","35.3","pmil","0","55.520","deg","20.000","°C","100.000","%a.s.","21.750","deg","20.000","°C","977.000","hPa","0.861","-0.02617","0.00035","0","0","13.56","Humid","24.85","0","70.00","286594.84","SABD0000000001","AAV1.0.0.11","1.1.2.0","PSt7-10","170328-006","1/4/2020 10:31:52","0000-00","0","no battery","V"
"11/02/2020","12:06:19","1","default","640513929","OXY_CH1","51.942","min","154.254","µmol/L","Humid","23.734","deg","44660","µV","26.803","°C","1018.000","hPa","35.3","pmil","0","55.520","deg","20.000","°C","100.000","%a.s.","21.750","deg","20.000","°C","977.000","hPa","0.861","-0.02617","0.00035","0","0","13.56","Humid","24.85","0","70.00","286585.84","SABD0000000001","AAV1.0.0.11","1.1.2.0","PSt7-10","170328-006","1/4/2020 10:31:52","0000-00","0","no battery","V"
"11/02/2020","12:06:20","1","default","640513929","OXY_CH1","51.958","min","154.484","µmol/L","Humid","23.718","deg","44665","µV","26.798","°C","1018.000","hPa","35.3","pmil","0","55.520","deg","20.000","°C","100.000","%a.s.","21.750","deg","20.000","°C","977.000","hPa","0.861","-0.02617","0.00035","0","0","13.56","Humid","24.85","0","70.00","286593.64","SABD0000000001","AAV1.0.0.11","1.1.2.0","PSt7-10","170328-006","1/4/2020 10:31:52","0000-00","0","no battery","V"
"11/02/2020","12:06:21","1","default","640513929","OXY_CH1","51.975","min","154.327","µmol/L","Humid","23.729","deg","44662","µV","26.801","°C","1018.000","hPa","35.3","pmil","0","55.520","deg","20.000","°C","100.000","%a.s.","21.750","deg","20.000","°C","977.000","hPa","0.861","-0.02617","0.00035","0","0","13.56","Humid","24.85","0","70.00","286606.60","SABD0000000001","AAV1.0.0.11","1.1.2.0","PSt7-10","170328-006","1/4/2020 10:31:52","0000-00","0","no battery","V"
"11/02/2020","12:06:22","1","default","640513929","OXY_CH1","51.992","min","154.283","µmol/L","Humid","23.725","deg","44663","µV","26.822","°C","1018.000","hPa","35.3","pmil","0","55.520","deg","20.000","°C","100.000","%a.s.","21.750","deg","20.000","°C","977.000","hPa","0.861","-0.02617","0.00035","0","0","13.56","Humid","24.85","0","70.00","286597.24","SABD0000000001","AAV1.0.0.11","1.1.2.0","PSt7-10","170328-006","1/4/2020 10:31:52","0000-00","0","no battery","V"
"11/02/2020","12:06:23","1","default","640513929","OXY_CH1","52.009","min","154.385","µmol/L","Humid","23.723","deg","44662","µV","26.805","°C","1018.000","hPa","35.3","pmil","0","55.520","deg","20.000","°C","100.000","%a.s.","21.750","deg","20.000","°C","977.000","hPa","0.861","-0.02617","0.00035","0","0","13.56","Humid","24.85","0","70.00","286594.97","SABD0000000001","AAV1.0.0.11","1.1.2.0","PSt7-10","170328-006","1/4/2020 10:31:52","0000-00","0","no battery","V"
"11/02/2020","12:06:24","1","default","640513929","OXY_CH1","52.025","min","154.286","µmol/L","Humid","23.733","deg","44665","µV","26.799","°C","1018.000","hPa","35.3","pmil","0","55.520","deg","20.000","°C","100.000","%a.s.","21.750","deg","20.000","°C","977.000","hPa","0.861","-0.02617","0.00035","0","0","13.56","Humid","24.85","0","70.00","286586.31","SABD0000000001","AAV1.0.0.11","1.1.2.0","PSt7-10","170328-006","1/4/2020 10:31:52","0000-00","0","no battery","V"
"11/02/2020","12:06:25","1","default","640513929","OXY_CH1","52.042","min","154.300","µmol/L","Humid","23.733","deg","44668","µV","26.796","°C","1018.000","hPa","35.3","pmil","0","55.520","deg","20.000","°C","100.000","%a.s.","21.750","deg","20.000","°C","977.000","hPa","0.861","-0.02617","0.00035","0","0","13.56","Humid","24.85","0","70.00","286595.61","SABD0000000001","AAV1.0.0.11","1.1.2.0","PSt7-10","170328-006","1/4/2020 10:31:52","0000-00","0","no battery","V"
"11/02/2020","12:06:26","1","default","640513929","OXY_CH1","52.059","min","154.301","µmol/L","Humid","23.731","deg","44669","µV","26.801","°C","1018.000","hPa","35.3","pmil","0","55.520","deg","20.000","°C","100.000","%a.s.","21.750","deg","20.000","°C","977.000","hPa","0.861","-0.02617","0.00035","0","0","13.56","Humid","24.85","0","70.00","286605.45","SABD0000000001","AAV1.0.0.11","1.1.2.0","PSt7-10","170328-006","1/4/2020 10:31:52","0000-00","0","no battery","V"
"11/02/2020","12:06:27","1","default","640513929","OXY_CH1","52.076","min","154.347","µmol/L","Humid","23.726","deg","44666","µV","26.805","°C","1018.000","hPa","35.3","pmil","0","55.520","deg","20.000","°C","100.000","%a.s.","21.750","deg","20.000","°C","977.000","hPa","0.861","-0.02617","0.00035","0","0","13.56","Humid","24.85","0","70.00","286597.87","SABD0000000001","AAV1.0.0.11","1.1.2.0","PSt7-10","170328-006","1/4/2020 10:31:52","0000-00","0","no battery","V"
"11/02/2020","12:06:28","1","default","640513929","OXY_CH1","52.092","min","154.303","µmol/L","Humid","23.733","deg","44668","µV","26.795","°C","1018.000","hPa","35.3","pmil","0","55.520","deg","20.000","°C","100.000","%a.s.","21.750","deg","20.000","°C","977.000","hPa","0.861","-0.02617","0.00035","0","0","13.56","Humid","24.85","0","70.00","286580.20","SABD0000000001","AAV1.0.0.11","1.1.2.0","PSt7-10","170328-006","1/4/2020 10:31:52","0000-00","0","no battery","V"
"11/02/2020","12:06:29","1","default","640513929","OXY_CH1","52.109","min","154.413","µmol/L","Humid","23.722","deg","44664","µV","26.802","°C","1018.000","hPa","35.3","pmil","0","55.520","deg","20.000","°C","100.000","%a.s.","21.750","deg","20.000","°C","977.000","hPa","0.861","-0.02617","0.00035","0","0","13.56","Humid","24.85","0","70.00","286585.81","SABD0000000001","AAV1.0.0.11","1.1.2.0","PSt7-10","170328-006","1/4/2020 10:31:52","0000-00","0","no battery","V"
"11/02/2020","12:06:30","1","default","640513929","OXY_CH1","52.126","min","154.315","µmol/L","Humid","23.732","deg","44669","µV","26.795","°C","1018.000","hPa","35.3","pmil","0","55.520","deg","20.000","°C","100.000","%a.s.","21.750","deg","20.000","°C","977.000","hPa","0.861","-0.02617","0.00035","0","0","13.56","Humid","24.85","0","70.00","286586.07","SABD0000000001","AAV1.0.0.11","1.1.2.0","PSt7-10","170328-006","1/4/2020 10:31:52","0000-00","0","no battery","V"
"11/02/2020","12:06:31","1","default","640513929","OXY_CH1","52.142","min","154.344","µmol/L","Humid","23.722","deg","44676","µV","26.818","°C","1018.000","hPa","35.3","pmil","0","55.520","deg","20.000","°C","100.000","%a.s.","21.750","deg","20.000","°C","977.000","hPa","0.861","-0.02617","0.00035","0","0","13.56","Humid","24.85","0","70.00","286585.93","SABD0000000001","AAV1.0.0.11","1.1.2.0","PSt7-10","170328-006","1/4/2020 10:31:52","0000-00","0","no battery","V"
"11/02/2020","12:06:32","1","default","640513929","OXY_CH1","52.158","min","154.307","µmol/L","Humid","23.725","deg","44676","µV","26.817","°C","1018.000","hPa","35.3","pmil","0","55.520","deg","20.000","°C","100.000","%a.s.","21.750","deg","20.000","°C","977.000","hPa","0.861","-0.02617","0.00035","0","0","13.56","Humid","24.85","0","70.00","286580.81","SABD0000000001","AAV1.0.0.11","1.1.2.0","PSt7-10","170328-006","1/4/2020 10:31:52","0000-00","0","no battery","V"
"11/02/2020","12:06:33","1","default","640513929","OXY_CH1","52.175","min","154.303","µmol/L","Humid","23.730","deg","44675","µV","26.804","°C","1018.000","hPa","35.3","pmil","0","55.520","deg","20.000","°C","100.000","%a.s.","21.750","deg","20.000","°C","977.000","hPa","0.861","-0.02617","0.00035","0","0","13.56","Humid","24.85","0","70.00","286574.00","SABD0000000001","AAV1.0.0.11","1.1.2.0","PSt7-10","170328-006","1/4/2020 10:31:52","0000-00","0","no battery","V"
"11/02/2020","12:06:34","1","default","640513929","OXY_CH1","52.192","min","154.276","µmol/L","Humid","23.730","deg","44670","µV","26.810","°C","1018.000","hPa","35.3","pmil","0","55.520","deg","20.000","°C","100.000","%a.s.","21.750","deg","20.000","°C","977.000","hPa","0.861","-0.02617","0.00035","0","0","13.56","Humid","24.85","0","70.00","286578.75","SABD0000000001","AAV1.0.0.11","1.1.2.0","PSt7-10","170328-006","1/4/2020 10:31:52","0000-00","0","no battery","V"
"11/02/2020","12:06:35","1","default","640513929","OXY_CH1","52.209","min","154.262","µmol/L","Humid","23.732","deg","44676","µV","26.807","°C","1018.000","hPa","35.3","pmil","0","55.520","deg","20.000","°C","100.000","%a.s.","21.750","deg","20.000","°C","977.000","hPa","0.861","-0.02617","0.00035","0","0","13.56","Humid","24.85","0","70.00","286575.65","SABD0000000001","AAV1.0.0.11","1.1.2.0","PSt7-10","170328-006","1/4/2020 10:31:52","0000-00","0","no battery","V"
"11/02/2020","12:06:36","1","default","640513929","OXY_CH1","52.225","min","154.307","µmol/L","Humid","23.729","deg","44672","µV","26.806","°C","1018.000","hPa","35.3","pmil","0","55.520","deg","20.000","°C","100.000","%a.s.","21.750","deg","20.000","°C","977.000","hPa","0.861","-0.02617","0.00035","0","0","13.56","Humid","24.85","0","70.00","286582.12","SABD0000000001","AAV1.0.0.11","1.1.2.0","PSt7-10","170328-006","1/4/2020 10:31:52","0000-00","0","no battery","V"
"11/02/2020","12:06:37","1","default","640513929","OXY_CH1","52.242","min","154.228","µmol/L","Humid","23.736","deg","44675","µV","26.803","°C","1018.000","hPa","35.3","pmil","0","55.520","deg","20.000","°C","100.000","%a.s.","21.750","deg","20.000","°C","977.000","hPa","0.861","-0.02617","0.00035","0","0","13.56","Humid","24.85","0","70.00","286578.73","SABD0000000001","AAV1.0.0.11","1.1.2.0","PSt7-10","170328-006","1/4/2020 10:31:52","0000-00","0","no battery","V"
"11/02/2020","12:06:38","1","default","640513929","OXY_CH1","52.259","min","154.313","µmol/L","Humid","23.731","deg","44676","µV","26.799","°C","1018.000","hPa","35.3","pmil","0","55.520","deg","20.000","°C","100.000","%a.s.","21.750","deg","20.000","°C","977.000","hPa","0.861","-0.02617","0.00035","0","0","13.56","Humid","24.85","0","70.00","286584.42","SABD0000000001","AAV1.0.0.11","1.1.2.0","PSt7-10","170328-006","1/4/2020 10:31:52","0000-00","0","no battery","V"
"11/02/2020","12:06:39","1","default","640513929","OXY_CH1","52.275","min","154.379","µmol/L","Humid","23.726","deg","44682","µV","26.798","°C","1018.000","hPa","35.3","pmil","0","55.520","deg","20.000","°C","100.000","%a.s.","21.750","deg","20.000","°C","977.000","hPa","0.861","-0.02617","0.00035","0","0","13.56","Humid","24.85","0","70.00","286583.30","SABD0000000001","AAV1.0.0.11","1.1.2.0","PSt7-10","170328-006","1/4/2020 10:31:52","0000-00","0","no battery","V"
"11/02/2020","12:06:40","1","default","640513929","OXY_CH1","52.292","min","154.208","µmol/L","Humid","23.736","deg","44671","µV","26.808","°C","1018.000","hPa","35.3","pmil","0","55.520","deg","20.000","°C","100.000","%a.s.","21.750","deg","20.000","°C","977.000","hPa","0.861","-0.02617","0.00035","0","0","13.56","Humid","24.85","0","70.00","286588.12","SABD0000000001","AAV1.0.0.11","1.1.2.0","PSt7-10","170328-006","1/4/2020 10:31:52","0000-00","0","no battery","V"
"11/02/2020","12:06:41","1","default","640513929","OXY_CH1","52.308","min","154.155","µmol/L","Humid","23.741","deg","44673","µV","26.805","°C","1018.000","hPa","35.3","pmil","0","55.520","deg","20.000","°C","100.000","%a.s.","21.750","deg","20.000","°C","977.000","hPa","0.861","-0.02617","0.00035","0","0","13.56","Humid","24.85","0","70.00","286578.85","SABD0000000001","AAV1.0.0.11","1.1.2.0","PSt7-10","170328-006","1/4/2020 10:31:52","0000-00","0","no battery","V"
"11/02/2020","12:06:42","1","default","640513929","OXY_CH1","52.325","min","154.323","µmol/L","Humid","23.727","deg","44671","µV","26.808","°C","1018.000","hPa","35.3","pmil","0","55.520","deg","20.000","°C","100.000","%a.s.","21.750","deg","20.000","°C","977.000","hPa","0.861","-0.02617","0.00035","0","0","13.56","Humid","24.85","0","70.00","286568.63","SABD0000000001","AAV1.0.0.11","1.1.2.0","PSt7-10","170328-006","1/4/2020 10:31:52","0000-00","0","no battery","V"
"11/02/2020","12:06:43","1","default","640513929","OXY_CH1","52.342","min","154.277","µmol/L","Humid","23.732","deg","44678","µV","26.804","°C","1018.000","hPa","35.3","pmil","0","55.520","deg","20.000","°C","100.000","%a.s.","21.750","deg","20.000","°C","977.000","hPa","0.861","-0.02617","0.00035","0","0","13.56","Humid","24.85","0","70.00","286580.71","SABD0000000001","AAV1.0.0.11","1.1.2.0","PSt7-10","170328-006","1/4/2020 10:31:52","0000-00","0","no battery","V"
"11/02/2020","12:06:44","1","default","640513929","OXY_CH1","52.359","min","154.314","µmol/L","Humid","23.731","deg","44678","µV","26.798","°C","1018.000","hPa","35.3","pmil","0","55.520","deg","20.000","°C","100.000","%a.s.","21.750","deg","20.000","°C","977.000","hPa","0.861","-0.02617","0.00035","0","0","13.56","Humid","24.85","0","70.00","286574.72","SABD0000000001","AAV1.0.0.11","1.1.2.0","PSt7-10","170328-006","1/4/2020 10:31:52","0000-00","0","no battery","V"
"11/02/2020","12:06:45","1","default","640513929","OXY_CH1","52.375","min","154.346","µmol/L","Humid","23.728","deg","44674","µV","26.800","°C","1018.000","hPa","35.3","pmil","0","55.520","deg","20.000","°C","100.000","%a.s.","21.750","deg","20.000","°C","977.000","hPa","0.861","-0.02617","0.00035","0","0","13.56","Humid","24.85","0","70.00","286586.10","SABD0000000001","AAV1.0.0.11","1.1.2.0","PSt7-10","170328-006","1/4/2020 10:31:52","0000-00","0","no battery","V"
"11/02/2020","12:06:46","1","default","640513929","OXY_CH1","52.392","min","154.337","µmol/L","Humid","23.726","deg","44677","µV","26.808","°C","1018.000","hPa","35.3","pmil","0","55.520","deg","20.000","°C","100.000","%a.s.","21.750","deg","20.000","°C","977.000","hPa","0.861","-0.02617","0.00035","0","0","13.56","Humid","24.85","0","70.00","286587.41","SABD0000000001","AAV1.0.0.11","1.1.2.0","PSt7-10","170328-006","1/4/2020 10:31:52","0000-00","0","no battery","V"
"11/02/2020","12:06:47","1","default","640513929","OXY_CH1","52.409","min","154.303","µmol/L","Humid","23.733","deg","44665","µV","26.795","°C","1018.000","hPa","35.3","pmil","0","55.520","deg","20.000","°C","100.000","%a.s.","21.750","deg","20.000","°C","977.000","hPa","0.861","-0.02617","0.00035","0","0","13.56","Humid","24.85","0","70.00","286577.72","SABD0000000001","AAV1.0.0.11","1.1.2.0","PSt7-10","170328-006","1/4/2020 10:31:52","0000-00","0","no battery","V"
"11/02/2020","12:06:48","1","default","640513929","OXY_CH1","52.426","min","154.309","µmol/L","Humid","23.733","deg","44675","µV","26.794","°C","1018.000","hPa","35.3","pmil","0","55.520","deg","20.000","°C","100.000","%a.s.","21.750","deg","20.000","°C","977.000","hPa","0.861","-0.02617","0.00035","0","0","13.56","Humid","24.85","0","70.00","286582.68","SABD0000000001","AAV1.0.0.11","1.1.2.0","PSt7-10","170328-006","1/4/2020 10:31:52","0000-00","0","no battery","V"
"11/02/2020","12:06:49","1","default","640513929","OXY_CH1","52.442","min","154.273","µmol/L","Humid","23.736","deg","44669","µV","26.793","°C","1018.000","hPa","35.3","pmil","0","55.520","deg","20.000","°C","100.000","%a.s.","21.750","deg","20.000","°C","977.000","hPa","0.861","-0.02617","0.00035","0","0","13.56","Humid","24.85","0","70.00","286585.75","SABD0000000001","AAV1.0.0.11","1.1.2.0","PSt7-10","170328-006","1/4/2020 10:31:52","0000-00","0","no battery","V"
"11/02/2020","12:06:50","1","default","640513929","OXY_CH1","52.458","min","154.265","µmol/L","Humid","23.730","deg","44667","µV","26.812","°C","1018.000","hPa","35.3","pmil","0","55.520","deg","20.000","°C","100.000","%a.s.","21.750","deg","20.000","°C","977.000","hPa","0.861","-0.02617","0.00035","0","0","13.56","Humid","24.85","0","70.00","286574.53","SABD0000000001","AAV1.0.0.11","1.1.2.0","PSt7-10","170328-006","1/4/2020 10:31:52","0000-00","0","no battery","V"
"11/02/2020","12:06:51","1","default","640513929","OXY_CH1","52.475","min","154.261","µmol/L","Humid","23.734","deg","44663","µV","26.802","°C","1018.000","hPa","35.3","pmil","0","55.520","deg","20.000","°C","100.000","%a.s.","21.750","deg","20.000","°C","977.000","hPa","0.861","-0.02617","0.00035","0","0","13.56","Humid","24.85","0","70.00","286586.38","SABD0000000001","AAV1.0.0.11","1.1.2.0","PSt7-10","170328-006","1/4/2020 10:31:52","0000-00","0","no battery","V"
"11/02/2020","12:06:52","1","default","640513929","OXY_CH1","52.492","min","154.312","µmol/L","Humid","23.728","deg","44664","µV","26.807","°C","1018.000","hPa","35.3","pmil","0","55.520","deg","20.000","°C","100.000","%a.s.","21.750","deg","20.000","°C","977.000","hPa","0.861","-0.02617","0.00035","0","0","13.56","Humid","24.85","0","70.00","286574.85","SABD0000000001","AAV1.0.0.11","1.1.2.0","PSt7-10","170328-006","1/4/2020 10:31:52","0000-00","0","no battery","V"
"11/02/2020","12:06:53","1","default","640513929","OXY_CH1","52.509","min","154.237","µmol/L","Humid","23.738","deg","44659","µV","26.795","°C","1018.000","hPa","35.3","pmil","0","55.520","deg","20.000","°C","100.000","%a.s.","21.750","deg","20.000","°C","977.000","hPa","0.861","-0.02617","0.00035","0","0","13.56","Humid","24.85","0","70.00","286570.86","SABD0000000001","AAV1.0.0.11","1.1.2.0","PSt7-10","170328-006","1/4/2020 10:31:52","0000-00","0","no battery","V"
"11/02/2020","12:06:54","1","default","640513929","OXY_CH1","52.525","min","154.379","µmol/L","Humid","23.727","deg","44662","µV","26.795","°C","1018.000","hPa","35.3","pmil","0","55.520","deg","20.000","°C","100.000","%a.s.","21.750","deg","20.000","°C","977.000","hPa","0.861","-0.02617","0.00035","0","0","13.56","Humid","24.85","0","70.00","286574.07","SABD0000000001","AAV1.0.0.11","1.1.2.0","PSt7-10","170328-006","1/4/2020 10:31:52","0000-00","0","no battery","V"
"11/02/2020","12:06:55","1","default","640513929","OXY_CH1","52.542","min","154.346","µmol/L","Humid","23.731","deg","44650","µV","26.791","°C","1018.000","hPa","35.3","pmil","0","55.520","deg","20.000","°C","100.000","%a.s.","21.750","deg","20.000","°C","977.000","hPa","0.861","-0.02617","0.00035","0","0","13.56","Humid","24.85","0","70.00","286576.72","SABD0000000001","AAV1.0.0.11","1.1.2.0","PSt7-10","170328-006","1/4/2020 10:31:52","0000-00","0","no battery","V"
"11/02/2020","12:06:56","1","default","640513929","OXY_CH1","52.559","min","154.227","µmol/L","Humid","23.736","deg","44653","µV","26.803","°C","1018.000","hPa","35.3","pmil","0","55.520","deg","20.000","°C","100.000","%a.s.","21.750","deg","20.000","°C","977.000","hPa","0.861","-0.02617","0.00035","0","0","13.56","Humid","24.85","0","70.00","286578.84","SABD0000000001","AAV1.0.0.11","1.1.2.0","PSt7-10","170328-006","1/4/2020 10:31:52","0000-00","0","no battery","V"
"11/02/2020","12:06:57","1","default","640513929","OXY_CH1","52.576","min","154.298","µmol/L","Humid","23.734","deg","44650","µV","26.793","°C","1018.000","hPa","35.3","pmil","0","55.520","deg","20.000","°C","100.000","%a.s.","21.750","deg","20.000","°C","977.000","hPa","0.861","-0.02617","0.00035","0","0","13.56","Humid","24.85","0","70.00","286568.99","SABD0000000001","AAV1.0.0.11","1.1.2.0","PSt7-10","170328-006","1/4/2020 10:31:52","0000-00","0","no battery","V"
"11/02/2020","12:06:58","1","default","640513929","OXY_CH1","52.592","min","154.353","µmol/L","Humid","23.731","deg","44656","µV","26.790","°C","1018.000","hPa","35.3","pmil","0","55.520","deg","20.000","°C","100.000","%a.s.","21.750","deg","20.000","°C","977.000","hPa","0.861","-0.02617","0.00035","0","0","13.56","Humid","24.85","0","70.00","286581.98","SABD0000000001","AAV1.0.0.11","1.1.2.0","PSt7-10","170328-006","1/4/2020 10:31:52","0000-00","0","no battery","V"
"11/02/2020","12:06:59","1","default","640513929","OXY_CH1","52.608","min","154.276","µmol/L","Humid","23.736","deg","44656","µV","26.793","°C","1018.000","hPa","35.3","pmil","0","55.520","deg","20.000","°C","100.000","%a.s.","21.750","deg","20.000","°C","977.000","hPa","0.861","-0.02617","0.00035","0","0","13.56","Humid","24.85","0","70.00","286578.53","SABD0000000001","AAV1.0.0.11","1.1.2.0","PSt7-10","170328-006","1/4/2020 10:31:52","0000-00","0","no battery","V"
"11/02/2020","12:07:00","1","default","640513929","OXY_CH1","52.625","min","154.285","µmol/L","Humid","23.734","deg","44657","µV","26.796","°C","1018.000","hPa","35.3","pmil","0","55.520","deg","20.000","°C","100.000","%a.s.","21.750","deg","20.000","°C","977.000","hPa","0.861","-0.02617","0.00035","0","0","13.56","Humid","24.85","0","70.00","286565.18","SABD0000000001","AAV1.0.0.11","1.1.2.0","PSt7-10","170328-006","1/4/2020 10:31:52","0000-00","0","no battery","V"
"11/02/2020","12:07:01","1","default","640513929","OXY_CH1","52.642","min","154.336","µmol/L","Humid","23.728","deg","44658","µV","26.802","°C","1018.000","hPa","35.3","pmil","0","55.520","deg","20.000","°C","100.000","%a.s.","21.750","deg","20.000","°C","977.000","hPa","0.861","-0.02617","0.00035","0","0","13.56","Humid","24.85","0","70.00","286568.36","SABD0000000001","AAV1.0.0.11","1.1.2.0","PSt7-10","170328-006","1/4/2020 10:31:52","0000-00","0","no battery","V"
"11/02/2020","12:07:02","1","default","640513929","OXY_CH1","52.659","min","154.363","µmol/L","Humid","23.733","deg","44656","µV","26.782","°C","1018.000","hPa","35.3","pmil","0","55.520","deg","20.000","°C","100.000","%a.s.","21.750","deg","20.000","°C","977.000","hPa","0.861","-0.02617","0.00035","0","0","13.56","Humid","24.85","0","70.00","286563.04","SABD0000000001","AAV1.0.0.11","1.1.2.0","PSt7-10","170328-006","1/4/2020 10:31:52","0000-00","0","no battery","V"
"11/02/2020","12:07:03","1","default","640513929","OXY_CH1","52.675","min","154.246","µmol/L","Humid","23.737","deg","44654","µV","26.796","°C","1018.000","hPa","35.3","pmil","0","55.520","deg","20.000","°C","100.000","%a.s.","21.750","deg","20.000","°C","977.000","hPa","0.861","-0.02617","0.00035","0","0","13.56","Humid","24.85","0","70.00","286566.61","SABD0000000001","AAV1.0.0.11","1.1.2.0","PSt7-10","170328-006","1/4/2020 10:31:52","0000-00","0","no battery","V"
"11/02/2020","12:07:04","1","default","640513929","OXY_CH1","52.692","min","154.309","µmol/L","Humid","23.732","deg","44648","µV","26.797","°C","1018.000","hPa","35.3","pmil","0","55.520","deg","20.000","°C","100.000","%a.s.","21.750","deg","20.000","°C","977.000","hPa","0.861","-0.02617","0.00035","0","0","13.56","Humid","24.85","0","70.00","286563.58","SABD0000000001","AAV1.0.0.11","1.1.2.0","PSt7-10","170328-006","1/4/2020 10:31:52","0000-00","0","no battery","V"
"11/02/2020","12:07:05","1","default","640513929","OXY_CH1","52.709","min","154.274","µmol/L","Humid","23.735","deg","44653","µV","26.796","°C","1018.000","hPa","35.3","pmil","0","55.520","deg","20.000","°C","100.000","%a.s.","21.750","deg","20.000","°C","977.000","hPa","0.861","-0.02617","0.00035","0","0","13.56","Humid","24.85","0","70.00","286557.05","SABD0000000001","AAV1.0.0.11","1.1.2.0","PSt7-10","170328-006","1/4/2020 10:31:52","0000-00","0","no battery","V"
"11/02/2020","12:07:06","1","default","640513929","OXY_CH1","52.726","min","154.127","µmol/L","Humid","23.746","deg","44651","µV","26.797","°C","1018.000","hPa","35.3","pmil","0","55.520","deg","20.000","°C","100.000","%a.s.","21.750","deg","20.000","°C","977.000","hPa","0.861","-0.02617","0.00035","0","0","13.56","Humid","24.85","0","70.00","286568.12","SABD0000000001","AAV1.0.0.11","1.1.2.0","PSt7-10","170328-006","1/4/2020 10:31:52","0000-00","0","no battery","V"
"11/02/2020","12:07:07","1","default","640513929","OXY_CH1","52.742","min","154.330","µmol/L","Humid","23.733","deg","44652","µV","26.789","°C","1018.000","hPa","35.3","pmil","0","55.520","deg","20.000","°C","100.000","%a.s.","21.750","deg","20.000","°C","977.000","hPa","0.861","-0.02617","0.00035","0","0","13.56","Humid","24.85","0","70.00","286578.68","SABD0000000001","AAV1.0.0.11","1.1.2.0","PSt7-10","170328-006","1/4/2020 10:31:52","0000-00","0","no battery","V"
"11/02/2020","12:07:08","1","default","640513929","OXY_CH1","52.758","min","154.297","µmol/L","Humid","23.737","deg","44652","µV","26.785","°C","1018.000","hPa","35.3","pmil","0","55.520","deg","20.000","°C","100.000","%a.s.","21.750","deg","20.000","°C","977.000","hPa","0.861","-0.02617","0.00035","0","0","13.56","Humid","24.85","0","70.00","286552.37","SABD0000000001","AAV1.0.0.11","1.1.2.0","PSt7-10","170328-006","1/4/2020 10:31:52","0000-00","0","no battery","V"
"11/02/2020","12:07:09","1","default","640513929","OXY_CH1","52.775","min","154.383","µmol/L","Humid","23.726","deg","44656","µV","26.797","°C","1018.000","hPa","35.3","pmil","0","55.520","deg","20.000","°C","100.000","%a.s.","21.750","deg","20.000","°C","977.000","hPa","0.861","-0.02617","0.00035","0","0","13.56","Humid","24.85","0","70.00","286558.20","SABD0000000001","AAV1.0.0.11","1.1.2.0","PSt7-10","170328-006","1/4/2020 10:31:52","0000-00","0","no battery","V"
"11/02/2020","12:07:10","1","default","640513929","OXY_CH1","52.792","min","154.266","µmol/L","Humid","23.736","deg","44655","µV","26.795","°C","1018.000","hPa","35.3","pmil","0","55.520","deg","20.000","°C","100.000","%a.s.","21.750","deg","20.000","°C","977.000","hPa","0.861","-0.02617","0.00035","0","0","13.56","Humid","24.85","0","70.00","286559.79","SABD0000000001","AAV1.0.0.11","1.1.2.0","PSt7-10","170328-006","1/4/2020 10:31:52","0000-00","0","no battery","V"
"11/02/2020","12:07:11","1","default","640513929","OXY_CH1","52.808","min","154.426","µmol/L","Humid","23.726","deg","44648","µV","26.788","°C","1018.000","hPa","35.3","pmil","0","55.520","deg","20.000","°C","100.000","%a.s.","21.750","deg","20.000","°C","977.000","hPa","0.861","-0.02617","0.00035","0","0","13.56","Humid","24.85","0","70.00","286564.58","SABD0000000001","AAV1.0.0.11","1.1.2.0","PSt7-10","170328-006","1/4/2020 10:31:52","0000-00","0","no battery","V"
"11/02/2020","12:07:12","1","default","640513929","OXY_CH1","52.825","min","154.261","µmol/L","Humid","23.737","deg","44647","µV","26.793","°C","1018.000","hPa","35.3","pmil","0","55.520","deg","20.000","°C","100.000","%a.s.","21.750","deg","20.000","°C","977.000","hPa","0.861","-0.02617","0.00035","0","0","13.56","Humid","24.85","0","70.00","286556.52","SABD0000000001","AAV1.0.0.11","1.1.2.0","PSt7-10","170328-006","1/4/2020 10:31:52","0000-00","0","no battery","V"
"11/02/2020","12:07:13","1","default","640513929","OXY_CH1","52.842","min","154.261","µmol/L","Humid","23.735","deg","44656","µV","26.799","°C","1018.000","hPa","35.3","pmil","0","55.520","deg","20.000","°C","100.000","%a.s.","21.750","deg","20.000","°C","977.000","hPa","0.861","-0.02617","0.00035","0","0","13.56","Humid","24.85","0","70.00","286551.11","SABD0000000001","AAV1.0.0.11","1.1.2.0","PSt7-10","170328-006","1/4/2020 10:31:52","0000-00","0","no battery","V"
"11/02/2020","12:07:14","1","default","640513929","OXY_CH1","52.859","min","154.373","µmol/L","Humid","23.734","deg","44654","µV","26.777","°C","1018.000","hPa","35.3","pmil","0","55.520","deg","20.000","°C","100.000","%a.s.","21.750","deg","20.000","°C","977.000","hPa","0.861","-0.02617","0.00035","0","0","13.56","Humid","24.85","0","70.00","286562.63","SABD0000000001","AAV1.0.0.11","1.1.2.0","PSt7-10","170328-006","1/4/2020 10:31:52","0000-00","0","no battery","V"
"11/02/2020","12:07:15","1","default","640513929","OXY_CH1","52.876","min","154.392","µmol/L","Humid","23.726","deg","44649","µV","26.795","°C","1018.000","hPa","35.3","pmil","0","55.520","deg","20.000","°C","100.000","%a.s.","21.750","deg","20.000","°C","977.000","hPa","0.861","-0.02617","0.00035","0","0","13.56","Humid","24.85","0","70.00","286568.92","SABD0000000001","AAV1.0.0.11","1.1.2.0","PSt7-10","170328-006","1/4/2020 10:31:52","0000-00","0","no battery","V"
"11/02/2020","12:07:16","1","default","640513929","OXY_CH1","52.892","min","154.392","µmol/L","Humid","23.728","deg","44648","µV","26.790","°C","1018.000","hPa","35.3","pmil","0","55.520","deg","20.000","°C","100.000","%a.s.","21.750","deg","20.000","°C","977.000","hPa","0.861","-0.02617","0.00035","0","0","13.56","Humid","24.85","0","70.00","286559.28","SABD0000000001","AAV1.0.0.11","1.1.2.0","PSt7-10","170328-006","1/4/2020 10:31:52","0000-00","0","no battery","V"
"11/02/2020","12:07:17","1","default","640513929","OXY_CH1","52.909","min","154.350","µmol/L","Humid","23.733","deg","44648","µV","26.785","°C","1018.000","hPa","35.3","pmil","0","55.520","deg","20.000","°C","100.000","%a.s.","21.750","deg","20.000","°C","977.000","hPa","0.861","-0.02617","0.00035","0","0","13.56","Humid","24.85","0","70.00","286562.78","SABD0000000001","AAV1.0.0.11","1.1.2.0","PSt7-10","170328-006","1/4/2020 10:31:52","0000-00","0","no battery","V"
"11/02/2020","12:07:18","1","default","640513929","OXY_CH1","52.926","min","154.369","µmol/L","Humid","23.731","deg","44652","µV","26.786","°C","1018.000","hPa","35.3","pmil","0","55.520","deg","20.000","°C","100.000","%a.s.","21.750","deg","20.000","°C","977.000","hPa","0.861","-0.02617","0.00035","0","0","13.56","Humid","24.85","0","70.00","286552.83","SABD0000000001","AAV1.0.0.11","1.1.2.0","PSt7-10","170328-006","1/4/2020 10:31:52","0000-00","0","no battery","V"
"11/02/2020","12:07:19","1","default","640513929","OXY_CH1","52.942","min","154.316","µmol/L","Humid","23.728","deg","44656","µV","26.807","°C","1018.000","hPa","35.3","pmil","0","55.520","deg","20.000","°C","100.000","%a.s.","21.750","deg","20.000","°C","977.000","hPa","0.861","-0.02617","0.00035","0","0","13.56","Humid","24.85","0","70.00","286560.05","SABD0000000001","AAV1.0.0.11","1.1.2.0","PSt7-10","170328-006","1/4/2020 10:31:52","0000-00","0","no battery","V"
"11/02/2020","12:07:20","1","default","640513929","OXY_CH1","52.958","min","154.184","µmol/L","Humid","23.740","deg","44656","µV","26.801","°C","1018.000","hPa","35.3","pmil","0","55.520","deg","20.000","°C","100.000","%a.s.","21.750","deg","20.000","°C","977.000","hPa","0.861","-0.02617","0.00035","0","0","13.56","Humid","24.85","0","70.00","286555.42","SABD0000000001","AAV1.0.0.11","1.1.2.0","PSt7-10","170328-006","1/4/2020 10:31:52","0000-00","0","no battery","V"
"11/02/2020","12:07:21","1","default","640513929","OXY_CH1","52.975","min","154.340","µmol/L","Humid","23.733","deg","44652","µV","26.787","°C","1018.000","hPa","35.3","pmil","0","55.520","deg","20.000","°C","100.000","%a.s.","21.750","deg","20.000","°C","977.000","hPa","0.861","-0.02617","0.00035","0","0","13.56","Humid","24.85","0","70.00","286561.32","SABD0000000001","AAV1.0.0.11","1.1.2.0","PSt7-10","170328-006","1/4/2020 10:31:52","0000-00","0","no battery","V"
"11/02/2020","12:07:22","1","default","640513929","OXY_CH1","52.992","min","154.327","µmol/L","Humid","23.734","deg","44653","µV","26.787","°C","1018.000","hPa","35.3","pmil","0","55.520","deg","20.000","°C","100.000","%a.s.","21.750","deg","20.000","°C","977.000","hPa","0.861","-0.02617","0.00035","0","0","13.56","Humid","24.85","0","70.00","286557.97","SABD0000000001","AAV1.0.0.11","1.1.2.0","PSt7-10","170328-006","1/4/2020 10:31:52","0000-00","0","no battery","V"
"11/02/2020","12:07:23","1","default","640513929","OXY_CH1","53.009","min","154.366","µmol/L","Humid","23.734","deg","44659","µV","26.778","°C","1018.000","hPa","35.3","pmil","0","55.520","deg","20.000","°C","100.000","%a.s.","21.750","deg","20.000","°C","977.000","hPa","0.861","-0.02617","0.00035","0","0","13.56","Humid","24.85","0","70.00","286559.12","SABD0000000001","AAV1.0.0.11","1.1.2.0","PSt7-10","170328-006","1/4/2020 10:31:52","0000-00","0","no battery","V"
"11/02/2020","12:07:24","1","default","640513929","OXY_CH1","53.025","min","154.297","µmol/L","Humid","23.734","deg","44652","µV","26.794","°C","1018.000","hPa","35.3","pmil","0","55.520","deg","20.000","°C","100.000","%a.s.","21.750","deg","20.000","°C","977.000","hPa","0.861","-0.02617","0.00035","0","0","13.56","Humid","24.85","0","70.00","286551.52","SABD0000000001","AAV1.0.0.11","1.1.2.0","PSt7-10","170328-006","1/4/2020 10:31:52","0000-00","0","no battery","V"
"11/02/2020","12:07:25","1","default","640513929","OXY_CH1","53.042","min","154.222","µmol/L","Humid","23.741","deg","44654","µV","26.790","°C","1018.000","hPa","35.3","pmil","0","55.520","deg","20.000","°C","100.000","%a.s.","21.750","deg","20.000","°C","977.000","hPa","0.861","-0.02617","0.00035","0","0","13.56","Humid","24.85","0","70.00","286555.28","SABD0000000001","AAV1.0.0.11","1.1.2.0","PSt7-10","170328-006","1/4/2020 10:31:52","0000-00","0","no battery","V"
"11/02/2020","12:07:26","1","default","640513929","OXY_CH1","53.059","min","154.333","µmol/L","Humid","23.735","deg","44657","µV","26.783","°C","1018.000","hPa","35.3","pmil","0","55.520","deg","20.000","°C","100.000","%a.s.","21.750","deg","20.000","°C","977.000","hPa","0.861","-0.02617","0.00035","0","0","13.56","Humid","24.85","0","70.00","286559.20","SABD0000000001","AAV1.0.0.11","1.1.2.0","PSt7-10","170328-006","1/4/2020 10:31:52","0000-00","0","no battery","V"
"11/02/2020","12:07:27","1","default","640513929","OXY_CH1","53.076","min","154.378","µmol/L","Humid","23.730","deg","44653","µV","26.787","°C","1018.000","hPa","35.3","pmil","0","55.520","deg","20.000","°C","100.000","%a.s.","21.750","deg","20.000","°C","977.000","hPa","0.861","-0.02617","0.00035","0","0","13.56","Humid","24.85","0","70.00","286560.42","SABD0000000001","AAV1.0.0.11","1.1.2.0","PSt7-10","170328-006","1/4/2020 10:31:52","0000-00","0","no battery","V"
"11/02/2020","12:07:28","1","default","640513929","OXY_CH1","53.092","min","154.274","µmol/L","Humid","23.737","deg","44653","µV","26.790","°C","1018.000","hPa","35.3","pmil","0","55.520","deg","20.000","°C","100.000","%a.s.","21.750","deg","20.000","°C","977.000","hPa","0.861","-0.02617","0.00035","0","0","13.56","Humid","24.85","0","70.00","286548.68","SABD0000000001","AAV1.0.0.11","1.1.2.0","PSt7-10","170328-006","1/4/2020 10:31:52","0000-00","0","no battery","V"
"11/02/2020","12:07:29","1","default","640513929","OXY_CH1","53.108","min","154.269","µmol/L","Humid","23.735","deg","44654","µV","26.797","°C","1018.000","hPa","35.3","pmil","0","55.520","deg","20.000","°C","100.000","%a.s.","21.750","deg","20.000","°C","977.000","hPa","0.861","-0.02617","0.00035","0","0","13.56","Humid","24.85","0","70.00","286545.95","SABD0000000001","AAV1.0.0.11","1.1.2.0","PSt7-10","170328-006","1/4/2020 10:31:52","0000-00","0","no battery","V"
"11/02/2020","12:07:30","1","default","640513929","OXY_CH1","53.125","min","154.218","µmol/L","Humid","23.736","deg","44657","µV","26.805","°C","1018.000","hPa","35.3","pmil","0","55.520","deg","20.000","°C","100.000","%a.s.","21.750","deg","20.000","°C","977.000","hPa","0.861","-0.02617","0.00035","0","0","13.56","Humid","24.85","0","70.00","286545.65","SABD0000000001","AAV1.0.0.11","1.1.2.0","PSt7-10","170328-006","1/4/2020 10:31:52","0000-00","0","no battery","V"
"11/02/2020","12:07:31","1","default","640513929","OXY_CH1","53.142","min","154.303","µmol/L","Humid","23.733","deg","44649","µV","26.795","°C","1018.000","hPa","35.3","pmil","0","55.520","deg","20.000","°C","100.000","%a.s.","21.750","deg","20.000","°C","977.000","hPa","0.861","-0.02617","0.00035","0","0","13.56","Humid","24.85","0","70.00","286538.60","SABD0000000001","AAV1.0.0.11","1.1.2.0","PSt7-10","170328-006","1/4/2020 10:31:52","0000-00","0","no battery","V"
"11/02/2020","12:07:32","1","default","640513929","OXY_CH1","53.159","min","154.294","µmol/L","Humid","23.739","deg","44655","µV","26.780","°C","1018.000","hPa","35.3","pmil","0","55.520","deg","20.000","°C","100.000","%a.s.","21.750","deg","20.000","°C","977.000","hPa","0.861","-0.02617","0.00035","0","0","13.56","Humid","24.85","0","70.00","286548.63","SABD0000000001","AAV1.0.0.11","1.1.2.0","PSt7-10","170328-006","1/4/2020 10:31:52","0000-00","0","no battery","V"
"11/02/2020","12:07:33","1","default","640513929","OXY_CH1","53.176","min","154.256","µmol/L","Humid","23.741","deg","44655","µV","26.783","°C","1018.000","hPa","35.3","pmil","0","55.520","deg","20.000","°C","100.000","%a.s.","21.750","deg","20.000","°C","977.000","hPa","0.861","-0.02617","0.00035","0","0","13.56","Humid","24.85","0","70.00","286560.64","SABD0000000001","AAV1.0.0.11","1.1.2.0","PSt7-10","170328-006","1/4/2020 10:31:52","0000-00","0","no battery","V"
"11/02/2020","12:07:34","1","default","640513929","OXY_CH1","53.192","min","154.232","µmol/L","Humid","23.737","deg","44659","µV","26.799","°C","1018.000","hPa","35.3","pmil","0","55.520","deg","20.000","°C","100.000","%a.s.","21.750","deg","20.000","°C","977.000","hPa","0.861","-0.02617","0.00035","0","0","13.56","Humid","24.85","0","70.00","286552.03","SABD0000000001","AAV1.0.0.11","1.1.2.0","PSt7-10","170328-006","1/4/2020 10:31:52","0000-00","0","no battery","V"
"11/02/2020","12:07:35","1","default","640513929","OXY_CH1","53.209","min","154.314","µmol/L","Humid","23.735","deg","44648","µV","26.787","°C","1018.000","hPa","35.3","pmil","0","55.520","deg","20.000","°C","100.000","%a.s.","21.750","deg","20.000","°C","977.000","hPa","0.861","-0.02617","0.00035","0","0","13.56","Humid","24.85","0","70.00","286550.30","SABD0000000001","AAV1.0.0.11","1.1.2.0","PSt7-10","170328-006","1/4/2020 10:31:52","0000-00","0","no battery","V"
"11/02/2020","12:07:36","1","default","640513929","OXY_CH1","53.225","min","154.285","µmol/L","Humid","23.735","deg","44653","µV","26.793","°C","1018.000","hPa","35.3","pmil","0","55.520","deg","20.000","°C","100.000","%a.s.","21.750","deg","20.000","°C","977.000","hPa","0.861","-0.02617","0.00035","0","0","13.56","Humid","24.85","0","70.00","286555.24","SABD0000000001","AAV1.0.0.11","1.1.2.0","PSt7-10","170328-006","1/4/2020 10:31:52","0000-00","0","no battery","V"
"11/02/2020","12:07:37","1","default","640513929","OXY_CH1","53.242","min","154.292","µmol/L","Humid","23.737","deg","44655","µV","26.786","°C","1018.000","hPa","35.3","pmil","0","55.520","deg","20.000","°C","100.000","%a.s.","21.750","deg","20.000","°C","977.000","hPa","0.861","-0.02617","0.00035","0","0","13.56","Humid","24.85","0","70.00","286550.04","SABD0000000001","AAV1.0.0.11","1.1.2.0","PSt7-10","170328-006","1/4/2020 10:31:52","0000-00","0","no battery","V"
"11/02/2020","12:07:38","1","default","640513929","OXY_CH1","53.258","min","154.242","µmol/L","Humid","23.737","deg","44656","µV","26.797","°C","1018.000","hPa","35.3","pmil","0","55.520","deg","20.000","°C","100.000","%a.s.","21.750","deg","20.000","°C","977.000","hPa","0.861","-0.02617","0.00035","0","0","13.56","Humid","24.85","0","70.00","286553.28","SABD0000000001","AAV1.0.0.11","1.1.2.0","PSt7-10","170328-006","1/4/2020 10:31:52","0000-00","0","no battery","V"
"11/02/2020","12:07:39","1","default","640513929","OXY_CH1","53.275","min","154.263","µmol/L","Humid","23.734","deg","44657","µV","26.801","°C","1018.000","hPa","35.3","pmil","0","55.520","deg","20.000","°C","100.000","%a.s.","21.750","deg","20.000","°C","977.000","hPa","0.861","-0.02617","0.00035","0","0","13.56","Humid","24.85","0","70.00","286553.16","SABD0000000001","AAV1.0.0.11","1.1.2.0","PSt7-10","170328-006","1/4/2020 10:31:52","0000-00","0","no battery","V"
"11/02/2020","12:07:40","1","default","640513929","OXY_CH1","53.292","min","154.261","µmol/L","Humid","23.739","deg","44656","µV","26.787","°C","1018.000","hPa","35.3","pmil","0","55.520","deg","20.000","°C","100.000","%a.s.","21.750","deg","20.000","°C","977.000","hPa","0.861","-0.02617","0.00035","0","0","13.56","Humid","24.85","0","70.00","286550.44","SABD0000000001","AAV1.0.0.11","1.1.2.0","PSt7-10","170328-006","1/4/2020 10:31:52","0000-00","0","no battery","V"
"11/02/2020","12:07:41","1","default","640513929","OXY_CH1","53.309","min","154.238","µmol/L","Humid","23.741","deg","44653","µV","26.787","°C","1018.000","hPa","35.3","pmil","0","55.520","deg","20.000","°C","100.000","%a.s.","21.750","deg","20.000","°C","977.000","hPa","0.861","-0.02617","0.00035","0","0","13.56","Humid","24.85","0","70.00","286554.20","SABD0000000001","AAV1.0.0.11","1.1.2.0","PSt7-10","170328-006","1/4/2020 10:31:52","0000-00","0","no battery","V"
"11/02/2020","12:07:42","1","default","640513929","OXY_CH1","53.326","min","154.318","µmol/L","Humid","23.735","deg","44651","µV","26.786","°C","1018.000","hPa","35.3","pmil","0","55.520","deg","20.000","°C","100.000","%a.s.","21.750","deg","20.000","°C","977.000","hPa","0.861","-0.02617","0.00035","0","0","13.56","Humid","24.85","0","70.00","286552.62","SABD0000000001","AAV1.0.0.11","1.1.2.0","PSt7-10","170328-006","1/4/2020 10:31:52","0000-00","0","no battery","V"
"11/02/2020","12:07:43","1","default","640513929","OXY_CH1","53.342","min","154.275","µmol/L","Humid","23.740","deg","44647","µV","26.781","°C","1018.000","hPa","35.3","pmil","0","55.520","deg","20.000","°C","100.000","%a.s.","21.750","deg","20.000","°C","977.000","hPa","0.861","-0.02617","0.00035","0","0","13.56","Humid","24.85","0","70.00","286547.53","SABD0000000001","AAV1.0.0.11","1.1.2.0","PSt7-10","170328-006","1/4/2020 10:31:52","0000-00","0","no battery","V"
"11/02/2020","12:07:44","1","default","640513929","OXY_CH1","53.359","min","154.235","µmol/L","Humid","23.742","deg","44647","µV","26.784","°C","1018.000","hPa","35.3","pmil","0","55.520","deg","20.000","°C","100.000","%a.s.","21.750","deg","20.000","°C","977.000","hPa","0.861","-0.02617","0.00035","0","0","13.56","Humid","24.85","0","70.00","286548.42","SABD0000000001","AAV1.0.0.11","1.1.2.0","PSt7-10","170328-006","1/4/2020 10:31:52","0000-00","0","no battery","V"
"11/02/2020","12:07:45","1","default","640513929","OXY_CH1","53.376","min","154.266","µmol/L","Humid","23.744","deg","44642","µV","26.772","°C","1018.000","hPa","35.3","pmil","0","55.520","deg","20.000","°C","100.000","%a.s.","21.750","deg","20.000","°C","977.000","hPa","0.861","-0.02617","0.00035","0","0","13.56","Humid","24.85","0","70.00","286538.99","SABD0000000001","AAV1.0.0.11","1.1.2.0","PSt7-10","170328-006","1/4/2020 10:31:52","0000-00","0","no battery","V"
"11/02/2020","12:07:46","1","default","640513929","OXY_CH1","53.392","min","154.380","µmol/L","Humid","23.733","deg","44651","µV","26.778","°C","1018.000","hPa","35.3","pmil","0","55.520","deg","20.000","°C","100.000","%a.s.","21.750","deg","20.000","°C","977.000","hPa","0.861","-0.02617","0.00035","0","0","13.56","Humid","24.85","0","70.00","286548.36","SABD0000000001","AAV1.0.0.11","1.1.2.0","PSt7-10","170328-006","1/4/2020 10:31:52","0000-00","0","no battery","V"
"11/02/2020","12:07:47","1","default","640513929","OXY_CH1","53.408","min","154.233","µmol/L","Humid","23.738","deg","44652","µV","26.796","°C","1018.000","hPa","35.3","pmil","0","55.520","deg","20.000","°C","100.000","%a.s.","21.750","deg","20.000","°C","977.000","hPa","0.861","-0.02617","0.00035","0","0","13.56","Humid","24.85","0","70.00","286545.68","SABD0000000001","AAV1.0.0.11","1.1.2.0","PSt7-10","170328-006","1/4/2020 10:31:52","0000-00","0","no battery","V"
"11/02/2020","12:07:48","1","default","640513929","OXY_CH1","53.425","min","154.175","µmol/L","Humid","23.739","deg","44657","µV","26.806","°C","1018.000","hPa","35.3","pmil","0","55.520","deg","20.000","°C","100.000","%a.s.","21.750","deg","20.000","°C","977.000","hPa","0.861","-0.02617","0.00035","0","0","13.56","Humid","24.85","0","70.00","286544.89","SABD0000000001","AAV1.0.0.11","1.1.2.0","PSt7-10","170328-006","1/4/2020 10:31:52","0000-00","0","no battery","V"
"11/02/2020","12:07:49","1","default","640513929","OXY_CH1","53.442","min","154.281","µmol/L","Humid","23.740","deg","44653","µV","26.780","°C","1018.000","hPa","35.3","pmil","0","55.520","deg","20.000","°C","100.000","%a.s.","21.750","deg","20.000","°C","977.000","hPa","0.861","-0.02617","0.00035","0","0","13.56","Humid","24.85","0","70.00","286553.51","SABD0000000001","AAV1.0.0.11","1.1.2.0","PSt7-10","170328-006","1/4/2020 10:31:52","0000-00","0","no battery","V"
"11/02/2020","12:07:50","1","default","640513929","OXY_CH1","53.459","min","154.237","µmol/L","Humid","23.741","deg","44660","µV","26.787","°C","1018.000","hPa","35.3","pmil","0","55.520","deg","20.000","°C","100.000","%a.s.","21.750","deg","20.000","°C","977.000","hPa","0.861","-0.02617","0.00035","0","0","13.56","Humid","24.85","0","70.00","286544.90","SABD0000000001","AAV1.0.0.11","1.1.2.0","PSt7-10","170328-006","1/4/2020 10:31:52","0000-00","0","no battery","V"
"11/02/2020","12:07:51","1","default","640513929","OXY_CH1","53.476","min","154.309","µmol/L","Humid","23.732","deg","44658","µV","26.797","°C","1018.000","hPa","35.3","pmil","0","55.520","deg","20.000","°C","100.000","%a.s.","21.750","deg","20.000","°C","977.000","hPa","0.861","-0.02617","0.00035","0","0","13.56","Humid","24.85","0","70.00","286536.04","SABD0000000001","AAV1.0.0.11","1.1.2.0","PSt7-10","170328-006","1/4/2020 10:31:52","0000-00","0","no battery","V"
"11/02/2020","12:07:52","1","default","640513929","OXY_CH1","53.492","min","154.344","µmol/L","Humid","23.733","deg","44662","µV","26.786","°C","1018.000","hPa","35.3","pmil","0","55.520","deg","20.000","°C","100.000","%a.s.","21.750","deg","20.000","°C","977.000","hPa","0.861","-0.02617","0.00035","0","0","13.56","Humid","24.85","0","70.00","286544.54","SABD0000000001","AAV1.0.0.11","1.1.2.0","PSt7-10","170328-006","1/4/2020 10:31:52","0000-00","0","no battery","V"
"11/02/2020","12:07:53","1","default","640513929","OXY_CH1","53.509","min","154.280","µmol/L","Humid","23.741","deg","44659","µV","26.777","°C","1018.000","hPa","35.3","pmil","0","55.520","deg","20.000","°C","100.000","%a.s.","21.750","deg","20.000","°C","977.000","hPa","0.861","-0.02617","0.00035","0","0","13.56","Humid","24.85","0","70.00","286534.01","SABD0000000001","AAV1.0.0.11","1.1.2.0","PSt7-10","170328-006","1/4/2020 10:31:52","0000-00","0","no battery","V"
"11/02/2020","12:07:54","1","default","640513929","OXY_CH1","53.525","min","154.319","µmol/L","Humid","23.736","deg","44659","µV","26.783","°C","1018.000","hPa","35.3","pmil","0","55.520","deg","20.000","°C","100.000","%a.s.","21.750","deg","20.000","°C","977.000","hPa","0.861","-0.02617","0.00035","0","0","13.56","Humid","24.85","0","70.00","286525.82","SABD0000000001","AAV1.0.0.11","1.1.2.0","PSt7-10","170328-006","1/4/2020 10:31:52","0000-00","0","no battery","V"
"11/02/2020","12:07:55","1","default","640513929","OXY_CH1","53.542","min","154.410","µmol/L","Humid","23.731","deg","44663","µV","26.777","°C","1018.000","hPa","35.3","pmil","0","55.520","deg","20.000","°C","100.000","%a.s.","21.750","deg","20.000","°C","977.000","hPa","0.861","-0.02617","0.00035","0","0","13.56","Humid","24.85","0","70.00","286545.31","SABD0000000001","AAV1.0.0.11","1.1.2.0","PSt7-10","170328-006","1/4/2020 10:31:52","0000-00","0","no battery","V"
"11/02/2020","12:07:56","1","default","640513929","OXY_CH1","53.558","min","154.219","µmol/L","Humid","23.746","deg","44662","µV","26.776","°C","1018.000","hPa","35.3","pmil","0","55.520","deg","20.000","°C","100.000","%a.s.","21.750","deg","20.000","°C","977.000","hPa","0.861","-0.02617","0.00035","0","0","13.56","Humid","24.85","0","70.00","286526.32","SABD0000000001","AAV1.0.0.11","1.1.2.0","PSt7-10","170328-006","1/4/2020 10:31:52","0000-00","0","no battery","V"
"11/02/2020","12:07:57","1","default","640513929","OXY_CH1","53.575","min","154.292","µmol/L","Humid","23.735","deg","44659","µV","26.792","°C","1018.000","hPa","35.3","pmil","0","55.520","deg","20.000","°C","100.000","%a.s.","21.750","deg","20.000","°C","977.000","hPa","0.861","-0.02617","0.00035","0","0","13.56","Humid","24.85","0","70.00","286539.30","SABD0000000001","AAV1.0.0.11","1.1.2.0","PSt7-10","170328-006","1/4/2020 10:31:52","0000-00","0","no battery","V"
"11/02/2020","12:07:58","1","default","640513929","OXY_CH1","53.592","min","154.291","µmol/L","Humid","23.734","deg","44666","µV","26.795","°C","1018.000","hPa","35.3","pmil","0","55.520","deg","20.000","°C","100.000","%a.s.","21.750","deg","20.000","°C","977.000","hPa","0.861","-0.02617","0.00035","0","0","13.56","Humid","24.85","0","70.00","286531.18","SABD0000000001","AAV1.0.0.11","1.1.2.0","PSt7-10","170328-006","1/4/2020 10:31:52","0000-00","0","no battery","V"
"11/02/2020","12:07:59","1","default","640513929","OXY_CH1","53.609","min","154.200","µmol/L","Humid","23.745","deg","44661","µV","26.784","°C","1018.000","hPa","35.3","pmil","0","55.520","deg","20.000","°C","100.000","%a.s.","21.750","deg","20.000","°C","977.000","hPa","0.861","-0.02617","0.00035","0","0","13.56","Humid","24.85","0","70.00","286537.48","SABD0000000001","AAV1.0.0.11","1.1.2.0","PSt7-10","170328-006","1/4/2020 10:31:52","0000-00","0","no battery","V"
"11/02/2020","12:08:00","1","default","640513929","OXY_CH1","53.626","min","154.125","µmol/L","Humid","23.746","deg","44658","µV","26.797","°C","1018.000","hPa","35.3","pmil","0","55.520","deg","20.000","°C","100.000","%a.s.","21.750","deg","20.000","°C","977.000","hPa","0.861","-0.02617","0.00035","0","0","13.56","Humid","24.85","0","70.00","286531.92","SABD0000000001","AAV1.0.0.11","1.1.2.0","PSt7-10","170328-006","1/4/2020 10:31:52","0000-00","0","no battery","V"
"11/02/2020","12:08:01","1","default","640513929","OXY_CH1","53.642","min","154.295","µmol/L","Humid","23.737","deg","44664","µV","26.785","°C","1018.000","hPa","35.3","pmil","0","55.520","deg","20.000","°C","100.000","%a.s.","21.750","deg","20.000","°C","977.000","hPa","0.861","-0.02617","0.00035","0","0","13.56","Humid","24.85","0","70.00","286525.97","SABD0000000001","AAV1.0.0.11","1.1.2.0","PSt7-10","170328-006","1/4/2020 10:31:52","0000-00","0","no battery","V"
"11/02/2020","12:08:02","1","default","640513929","OXY_CH1","53.659","min","154.321","µmol/L","Humid","23.732","deg","44655","µV","26.794","°C","1018.000","hPa","35.3","pmil","0","55.520","deg","20.000","°C","100.000","%a.s.","21.750","deg","20.000","°C","977.000","hPa","0.861","-0.02617","0.00035","0","0","13.56","Humid","24.85","0","70.00","286546.68","SABD0000000001","AAV1.0.0.11","1.1.2.0","PSt7-10","170328-006","1/4/2020 10:31:52","0000-00","0","no battery","V"
"11/02/2020","12:08:03","1","default","640513929","OXY_CH1","53.675","min","154.250","µmol/L","Humid","23.745","deg","44658","µV","26.772","°C","1018.000","hPa","35.3","pmil","0","55.520","deg","20.000","°C","100.000","%a.s.","21.750","deg","20.000","°C","977.000","hPa","0.861","-0.02617","0.00035","0","0","13.56","Humid","24.85","0","70.00","286531.74","SABD0000000001","AAV1.0.0.11","1.1.2.0","PSt7-10","170328-006","1/4/2020 10:31:52","0000-00","0","no battery","V"
"11/02/2020","12:08:04","1","default","640513929","OXY_CH1","53.692","min","154.362","µmol/L","Humid","23.740","deg","44662","µV","26.762","°C","1018.000","hPa","35.3","pmil","0","55.520","deg","20.000","°C","100.000","%a.s.","21.750","deg","20.000","°C","977.000","hPa","0.861","-0.02617","0.00035","0","0","13.56","Humid","24.85","0","70.00","286529.35","SABD0000000001","AAV1.0.0.11","1.1.2.0","PSt7-10","170328-006","1/4/2020 10:31:52","0000-00","0","no battery","V"
"11/02/2020","12:08:05","1","default","640513929","OXY_CH1","53.708","min","154.310","µmol/L","Humid","23.737","deg","44657","µV","26.782","°C","1018.000","hPa","35.3","pmil","0","55.520","deg","20.000","°C","100.000","%a.s.","21.750","deg","20.000","°C","977.000","hPa","0.861","-0.02617","0.00035","0","0","13.56","Humid","24.85","0","70.00","286529.96","SABD0000000001","AAV1.0.0.11","1.1.2.0","PSt7-10","170328-006","1/4/2020 10:31:52","0000-00","0","no battery","V"
"11/02/2020","12:08:06","1","default","640513929","OXY_CH1","53.725","min","154.237","µmol/L","Humid","23.737","deg","44668","µV","26.798","°C","1018.000","hPa","35.3","pmil","0","55.520","deg","20.000","°C","100.000","%a.s.","21.750","deg","20.000","°C","977.000","hPa","0.861","-0.02617","0.00035","0","0","13.56","Humid","24.85","0","70.00","286535.67","SABD0000000001","AAV1.0.0.11","1.1.2.0","PSt7-10","170328-006","1/4/2020 10:31:52","0000-00","0","no battery","V"
"11/02/2020","12:08:07","1","default","640513929","OXY_CH1","53.742","min","154.216","µmol/L","Humid","23.737","deg","44652","µV","26.803","°C","1018.000","hPa","35.3","pmil","0","55.520","deg","20.000","°C","100.000","%a.s.","21.750","deg","20.000","°C","977.000","hPa","0.861","-0.02617","0.00035","0","0","13.56","Humid","24.85","0","70.00","286533.02","SABD0000000001","AAV1.0.0.11","1.1.2.0","PSt7-10","170328-006","1/4/2020 10:31:52","0000-00","0","no battery","V"
"11/02/2020","12:08:08","1","default","640513929","OXY_CH1","53.759","min","154.224","µmol/L","Humid","23.744","deg","44656","µV","26.781","°C","1018.000","hPa","35.3","pmil","0","55.520","deg","20.000","°C","100.000","%a.s.","21.750","deg","20.000","°C","977.000","hPa","0.861","-0.02617","0.00035","0","0","13.56","Humid","24.85","0","70.00","286529.90","SABD0000000001","AAV1.0.0.11","1.1.2.0","PSt7-10","170328-006","1/4/2020 10:31:52","0000-00","0","no battery","V"
"11/02/2020","12:08:09","1","default","640513929","OXY_CH1","53.776","min","154.164","µmol/L","Humid","23.747","deg","44663","µV","26.786","°C","1018.000","hPa","35.3","pmil","0","55.520","deg","20.000","°C","100.000","%a.s.","21.750","deg","20.000","°C","977.000","hPa","0.861","-0.02617","0.00035","0","0","13.56","Humid","24.85","0","70.00","286532.57","SABD0000000001","AAV1.0.0.11","1.1.2.0","PSt7-10","170328-006","1/4/2020 10:31:52","0000-00","0","no battery","V"
"11/02/2020","12:08:10","1","default","640513929","OXY_CH1","53.792","min","154.328","µmol/L","Humid","23.739","deg","44662","µV","26.772","°C","1018.000","hPa","35.3","pmil","0","55.520","deg","20.000","°C","100.000","%a.s.","21.750","deg","20.000","°C","977.000","hPa","0.861","-0.02617","0.00035","0","0","13.56","Humid","24.85","0","70.00","286532.32","SABD0000000001","AAV1.0.0.11","1.1.2.0","PSt7-10","170328-006","1/4/2020 10:31:52","0000-00","0","no battery","V"
"11/02/2020","12:08:11","1","default","640513929","OXY_CH1","53.809","min","154.240","µmol/L","Humid","23.742","deg","44661","µV","26.783","°C","1018.000","hPa","35.3","pmil","0","55.520","deg","20.000","°C","100.000","%a.s.","21.750","deg","20.000","°C","977.000","hPa","0.861","-0.02617","0.00035","0","0","13.56","Humid","24.85","0","70.00","286526.37","SABD0000000001","AAV1.0.0.11","1.1.2.0","PSt7-10","170328-006","1/4/2020 10:31:52","0000-00","0","no battery","V"
"11/02/2020","12:08:12","1","default","640513929","OXY_CH1","53.826","min","154.193","µmol/L","Humid","23.745","deg","44660","µV","26.785","°C","1018.000","hPa","35.3","pmil","0","55.520","deg","20.000","°C","100.000","%a.s.","21.750","deg","20.000","°C","977.000","hPa","0.861","-0.02617","0.00035","0","0","13.56","Humid","24.85","0","70.00","286528.37","SABD0000000001","AAV1.0.0.11","1.1.2.0","PSt7-10","170328-006","1/4/2020 10:31:52","0000-00","0","no battery","V"
"11/02/2020","12:08:13","1","default","640513929","OXY_CH1","53.842","min","154.224","µmol/L","Humid","23.740","deg","44665","µV","26.793","°C","1018.000","hPa","35.3","pmil","0","55.520","deg","20.000","°C","100.000","%a.s.","21.750","deg","20.000","°C","977.000","hPa","0.861","-0.02617","0.00035","0","0","13.56","Humid","24.85","0","70.00","286528.66","SABD0000000001","AAV1.0.0.11","1.1.2.0","PSt7-10","170328-006","1/4/2020 10:31:52","0000-00","0","no battery","V"
"11/02/2020","12:08:14","1","default","640513929","OXY_CH1","53.859","min","154.367","µmol/L","Humid","23.737","deg","44658","µV","26.770","°C","1018.000","hPa","35.3","pmil","0","55.520","deg","20.000","°C","100.000","%a.s.","21.750","deg","20.000","°C","977.000","hPa","0.861","-0.02617","0.00035","0","0","13.56","Humid","24.85","0","70.00","286515.96","SABD0000000001","AAV1.0.0.11","1.1.2.0","PSt7-10","170328-006","1/4/2020 10:31:52","0000-00","0","no battery","V"
"11/02/2020","12:08:15","1","default","640513929","OXY_CH1","53.875","min","154.292","µmol/L","Humid","23.743","deg","44657","µV","26.769","°C","1018.000","hPa","35.3","pmil","0","55.520","deg","20.000","°C","100.000","%a.s.","21.750","deg","20.000","°C","977.000","hPa","0.861","-0.02617","0.00035","0","0","13.56","Humid","24.85","0","70.00","286532.86","SABD0000000001","AAV1.0.0.11","1.1.2.0","PSt7-10","170328-006","1/4/2020 10:31:52","0000-00","0","no battery","V"
"11/02/2020","12:08:16","1","default","640513929","OXY_CH1","53.892","min","154.241","µmol/L","Humid","23.741","deg","44657","µV","26.786","°C","1018.000","hPa","35.3","pmil","0","55.520","deg","20.000","°C","100.000","%a.s.","21.750","deg","20.000","°C","977.000","hPa","0.861","-0.02617","0.00035","0","0","13.56","Humid","24.85","0","70.00","286523.29","SABD0000000001","AAV1.0.0.11","1.1.2.0","PSt7-10","170328-006","1/4/2020 10:31:52","0000-00","0","no battery","V"
"11/02/2020","12:08:17","1","default","640513929","OXY_CH1","53.908","min","154.193","µmol/L","Humid","23.741","deg","44653","µV","26.797","°C","1018.000","hPa","35.3","pmil","0","55.520","deg","20.000","°C","100.000","%a.s.","21.750","deg","20.000","°C","977.000","hPa","0.861","-0.02617","0.00035","0","0","13.56","Humid","24.85","0","70.00","286521.94","SABD0000000001","AAV1.0.0.11","1.1.2.0","PSt7-10","170328-006","1/4/2020 10:31:52","0000-00","0","no battery","V"
"11/02/2020","12:08:18","1","default","640513929","OXY_CH1","53.925","min","154.120","µmol/L","Humid","23.748","deg","44656","µV","26.793","°C","1018.000","hPa","35.3","pmil","0","55.520","deg","20.000","°C","100.000","%a.s.","21.750","deg","20.000","°C","977.000","hPa","0.861","-0.02617","0.00035","0","0","13.56","Humid","24.85","0","70.00","286526.69","SABD0000000001","AAV1.0.0.11","1.1.2.0","PSt7-10","170328-006","1/4/2020 10:31:52","0000-00","0","no battery","V"
"11/02/2020","12:08:19","1","default","640513929","OXY_CH1","53.942","min","154.204","µmol/L","Humid","23.746","deg","44653","µV","26.780","°C","1018.000","hPa","35.3","pmil","0","55.520","deg","20.000","°C","100.000","%a.s.","21.750","deg","20.000","°C","977.000","hPa","0.861","-0.02617","0.00035","0","0","13.56","Humid","24.85","0","70.00","286518.49","SABD0000000001","AAV1.0.0.11","1.1.2.0","PSt7-10","170328-006","1/4/2020 10:31:52","0000-00","0","no battery","V"
"11/02/2020","12:08:20","1","default","640513929","OXY_CH1","53.959","min","154.309","µmol/L","Humid","23.740","deg","44653","µV","26.774","°C","1018.000","hPa","35.3","pmil","0","55.520","deg","20.000","°C","100.000","%a.s.","21.750","deg","20.000","°C","977.000","hPa","0.861","-0.02617","0.00035","0","0","13.56","Humid","24.85","0","70.00","286519.23","SABD0000000001","AAV1.0.0.11","1.1.2.0","PSt7-10","170328-006","1/4/2020 10:31:52","0000-00","0","no battery","V"
"11/02/2020","12:08:21","1","default","640513929","OXY_CH1","53.976","min","154.261","µmol/L","Humid","23.741","deg","44652","µV","26.781","°C","1018.000","hPa","35.3","pmil","0","55.520","deg","20.000","°C","100.000","%a.s.","21.750","deg","20.000","°C","977.000","hPa","0.861","-0.02617","0.00035","0","0","13.56","Humid","24.85","0","70.00","286514.26","SABD0000000001","AAV1.0.0.11","1.1.2.0","PSt7-10","170328-006","1/4/2020 10:31:52","0000-00","0","no battery","V"
"11/02/2020","12:08:22","1","default","640513929","OXY_CH1","53.992","min","154.386","µmol/L","Humid","23.732","deg","44659","µV","26.780","°C","1018.000","hPa","35.3","pmil","0","55.520","deg","20.000","°C","100.000","%a.s.","21.750","deg","20.000","°C","977.000","hPa","0.861","-0.02617","0.00035","0","0","13.56","Humid","24.85","0","70.00","286524.76","SABD0000000001","AAV1.0.0.11","1.1.2.0","PSt7-10","170328-006","1/4/2020 10:31:52","0000-00","0","no battery","V"
"11/02/2020","12:08:23","1","default","640513929","OXY_CH1","54.009","min","154.229","µmol/L","Humid","23.746","deg","44660","µV","26.774","°C","1018.000","hPa","35.3","pmil","0","55.520","deg","20.000","°C","100.000","%a.s.","21.750","deg","20.000","°C","977.000","hPa","0.861","-0.02617","0.00035","0","0","13.56","Humid","24.85","0","70.00","286520.91","SABD0000000001","AAV1.0.0.11","1.1.2.0","PSt7-10","170328-006","1/4/2020 10:31:52","0000-00","0","no battery","V"
"11/02/2020","12:08:24","1","default","640513929","OXY_CH1","54.026","min","154.169","µmol/L","Humid","23.751","deg","44652","µV","26.773","°C","1018.000","hPa","35.3","pmil","0","55.520","deg","20.000","°C","100.000","%a.s.","21.750","deg","20.000","°C","977.000","hPa","0.861","-0.02617","0.00035","0","0","13.56","Humid","24.85","0","70.00","286516.52","SABD0000000001","AAV1.0.0.11","1.1.2.0","PSt7-10","170328-006","1/4/2020 10:31:52","0000-00","0","no battery","V"
"11/02/2020","12:08:25","1","default","640513929","OXY_CH1","54.042","min","154.300","µmol/L","Humid","23.735","deg","44661","µV","26.790","°C","1018.000","hPa","35.3","pmil","0","55.520","deg","20.000","°C","100.000","%a.s.","21.750","deg","20.000","°C","977.000","hPa","0.861","-0.02617","0.00035","0","0","13.56","Humid","24.85","0","70.00","286515.23","SABD0000000001","AAV1.0.0.11","1.1.2.0","PSt7-10","170328-006","1/4/2020 10:31:52","0000-00","0","no battery","V"
"11/02/2020","12:08:26","1","default","640513929","OXY_CH1","54.059","min","154.310","µmol/L","Humid","23.740","deg","44657","µV","26.773","°C","1018.000","hPa","35.3","pmil","0","55.520","deg","20.000","°C","100.000","%a.s.","21.750","deg","20.000","°C","977.000","hPa","0.861","-0.02617","0.00035","0","0","13.56","Humid","24.85","0","70.00","286510.87","SABD0000000001","AAV1.0.0.11","1.1.2.0","PSt7-10","170328-006","1/4/2020 10:31:52","0000-00","0","no battery","V"
"11/02/2020","12:08:27","1","default","640513929","OXY_CH1","54.075","min","154.283","µmol/L","Humid","23.738","deg","44662","µV","26.785","°C","1018.000","hPa","35.3","pmil","0","55.520","deg","20.000","°C","100.000","%a.s.","21.750","deg","20.000","°C","977.000","hPa","0.861","-0.02617","0.00035","0","0","13.56","Humid","24.85","0","70.00","286521.55","SABD0000000001","AAV1.0.0.11","1.1.2.0","PSt7-10","170328-006","1/4/2020 10:31:52","0000-00","0","no battery","V"
"11/02/2020","12:08:28","1","default","640513929","OXY_CH1","54.092","min","154.177","µmol/L","Humid","23.746","deg","44649","µV","26.786","°C","1018.000","hPa","35.3","pmil","0","55.520","deg","20.000","°C","100.000","%a.s.","21.750","deg","20.000","°C","977.000","hPa","0.861","-0.02617","0.00035","0","0","13.56","Humid","24.85","0","70.00","286516.30","SABD0000000001","AAV1.0.0.11","1.1.2.0","PSt7-10","170328-006","1/4/2020 10:31:52","0000-00","0","no battery","V"
"11/02/2020","12:08:29","1","default","640513929","OXY_CH1","54.109","min","154.077","µmol/L","Humid","23.754","deg","44650","µV","26.785","°C","1018.000","hPa","35.3","pmil","0","55.520","deg","20.000","°C","100.000","%a.s.","21.750","deg","20.000","°C","977.000","hPa","0.861","-0.02617","0.00035","0","0","13.56","Humid","24.85","0","70.00","286503.42","SABD0000000001","AAV1.0.0.11","1.1.2.0","PSt7-10","170328-006","1/4/2020 10:31:52","0000-00","0","no battery","V"
"11/02/2020","12:08:30","1","default","640513929","OXY_CH1","54.125","min","154.241","µmol/L","Humid","23.743","deg","44653","µV","26.780","°C","1018.000","hPa","35.3","pmil","0","55.520","deg","20.000","°C","100.000","%a.s.","21.750","deg","20.000","°C","977.000","hPa","0.861","-0.02617","0.00035","0","0","13.56","Humid","24.85","0","70.00","286517.49","SABD0000000001","AAV1.0.0.11","1.1.2.0","PSt7-10","170328-006","1/4/2020 10:31:52","0000-00","0","no battery","V"
"11/02/2020","12:08:31","1","default","640513929","OXY_CH1","54.142","min","154.199","µmol/L","Humid","23.743","deg","44663","µV","26.790","°C","1018.000","hPa","35.3","pmil","0","55.520","deg","20.000","°C","100.000","%a.s.","21.750","deg","20.000","°C","977.000","hPa","0.861","-0.02617","0.00035","0","0","13.56","Humid","24.85","0","70.00","286525.32","SABD0000000001","AAV1.0.0.11","1.1.2.0","PSt7-10","170328-006","1/4/2020 10:31:52","0000-00","0","no battery","V"
"11/02/2020","12:08:32","1","default","640513929","OXY_CH1","54.159","min","154.279","µmol/L","Humid","23.743","deg","44656","µV","26.772","°C","1018.000","hPa","35.3","pmil","0","55.520","deg","20.000","°C","100.000","%a.s.","21.750","deg","20.000","°C","977.000","hPa","0.861","-0.02617","0.00035","0","0","13.56","Humid","24.85","0","70.00","286517.03","SABD0000000001","AAV1.0.0.11","1.1.2.0","PSt7-10","170328-006","1/4/2020 10:31:52","0000-00","0","no battery","V"
"11/02/2020","12:08:33","1","default","640513929","OXY_CH1","54.176","min","154.340","µmol/L","Humid","23.741","deg","44654","µV","26.764","°C","1018.000","hPa","35.3","pmil","0","55.520","deg","20.000","°C","100.000","%a.s.","21.750","deg","20.000","°C","977.000","hPa","0.861","-0.02617","0.00035","0","0","13.56","Humid","24.85","0","70.00","286517.09","SABD0000000001","AAV1.0.0.11","1.1.2.0","PSt7-10","170328-006","1/4/2020 10:31:52","0000-00","0","no battery","V"
"11/02/2020","12:08:34","1","default","640513929","OXY_CH1","54.192","min","154.285","µmol/L","Humid","23.740","deg","44647","µV","26.779","°C","1018.000","hPa","35.3","pmil","0","55.520","deg","20.000","°C","100.000","%a.s.","21.750","deg","20.000","°C","977.000","hPa","0.861","-0.02617","0.00035","0","0","13.56","Humid","24.85","0","70.00","286513.29","SABD0000000001","AAV1.0.0.11","1.1.2.0","PSt7-10","170328-006","1/4/2020 10:31:52","0000-00","0","no battery","V"
"11/02/2020","12:08:35","1","default","640513929","OXY_CH1","54.209","min","154.275","µmol/L","Humid","23.740","deg","44646","µV","26.781","°C","1018.000","hPa","35.3","pmil","0","55.520","deg","20.000","°C","100.000","%a.s.","21.750","deg","20.000","°C","977.000","hPa","0.861","-0.02617","0.00035","0","0","13.56","Humid","24.85","0","70.00","286524.84","SABD0000000001","AAV1.0.0.11","1.1.2.0","PSt7-10","170328-006","1/4/2020 10:31:52","0000-00","0","no battery","V"
"11/02/2020","12:08:36","1","default","640513929","OXY_CH1","54.225","min","154.376","µmol/L","Humid","23.736","deg","44650","µV","26.770","°C","1018.000","hPa","35.3","pmil","0","55.520","deg","20.000","°C","100.000","%a.s.","21.750","deg","20.000","°C","977.000","hPa","0.861","-0.02617","0.00035","0","0","13.56","Humid","24.85","0","70.00","286515.85","SABD0000000001","AAV1.0.0.11","1.1.2.0","PSt7-10","170328-006","1/4/2020 10:31:52","0000-00","0","no battery","V"
"11/02/2020","12:08:37","1","default","640513929","OXY_CH1","54.242","min","154.230","µmol/L","Humid","23.747","deg","44651","µV","26.771","°C","1018.000","hPa","35.3","pmil","0","55.520","deg","20.000","°C","100.000","%a.s.","21.750","deg","20.000","°C","977.000","hPa","0.861","-0.02617","0.00035","0","0","13.56","Humid","24.85","0","70.00","286523.14","SABD0000000001","AAV1.0.0.11","1.1.2.0","PSt7-10","170328-006","1/4/2020 10:31:52","0000-00","0","no battery","V"
"11/02/2020","12:08:38","1","default","640513929","OXY_CH1","54.259","min","154.186","µmol/L","Humid","23.750","deg","44650","µV","26.772","°C","1018.000","hPa","35.3","pmil","0","55.520","deg","20.000","°C","100.000","%a.s.","21.750","deg","20.000","°C","977.000","hPa","0.861","-0.02617","0.00035","0","0","13.56","Humid","24.85","0","70.00","286517.18","SABD0000000001","AAV1.0.0.11","1.1.2.0","PSt7-10","170328-006","1/4/2020 10:31:52","0000-00","0","no battery","V"
"11/02/2020","12:08:39","1","default","640513929","OXY_CH1","54.275","min","154.196","µmol/L","Humid","23.748","deg","44650","µV","26.776","°C","1018.000","hPa","35.3","pmil","0","55.520","deg","20.000","°C","100.000","%a.s.","21.750","deg","20.000","°C","977.000","hPa","0.861","-0.02617","0.00035","0","0","13.56","Humid","24.85","0","70.00","286508.90","SABD0000000001","AAV1.0.0.11","1.1.2.0","PSt7-10","170328-006","1/4/2020 10:31:52","0000-00","0","no battery","V"
"11/02/2020","12:08:40","1","default","640513929","OXY_CH1","54.292","min","154.294","µmol/L","Humid","23.744","deg","44651","µV","26.766","°C","1018.000","hPa","35.3","pmil","0","55.520","deg","20.000","°C","100.000","%a.s.","21.750","deg","20.000","°C","977.000","hPa","0.861","-0.02617","0.00035","0","0","13.56","Humid","24.85","0","70.00","286519.03","SABD0000000001","AAV1.0.0.11","1.1.2.0","PSt7-10","170328-006","1/4/2020 10:31:52","0000-00","0","no battery","V"
"11/02/2020","12:08:41","1","default","640513929","OXY_CH1","54.309","min","154.192","µmol/L","Humid","23.748","deg","44647","µV","26.777","°C","1018.000","hPa","35.3","pmil","0","55.520","deg","20.000","°C","100.000","%a.s.","21.750","deg","20.000","°C","977.000","hPa","0.861","-0.02617","0.00035","0","0","13.56","Humid","24.85","0","70.00","286523.15","SABD0000000001","AAV1.0.0.11","1.1.2.0","PSt7-10","170328-006","1/4/2020 10:31:52","0000-00","0","no battery","V"
"11/02/2020","12:08:42","1","default","640513929","OXY_CH1","54.325","min","154.269","µmol/L","Humid","23.746","deg","44649","µV","26.765","°C","1018.000","hPa","35.3","pmil","0","55.520","deg","20.000","°C","100.000","%a.s.","21.750","deg","20.000","°C","977.000","hPa","0.861","-0.02617","0.00035","0","0","13.56","Humid","24.85","0","70.00","286513.03","SABD0000000001","AAV1.0.0.11","1.1.2.0","PSt7-10","170328-006","1/4/2020 10:31:52","0000-00","0","no battery","V"
"11/02/2020","12:08:43","1","default","640513929","OXY_CH1","54.342","min","154.160","µmol/L","Humid","23.753","deg","44644","µV","26.770","°C","1018.000","hPa","35.3","pmil","0","55.520","deg","20.000","°C","100.000","%a.s.","21.750","deg","20.000","°C","977.000","hPa","0.861","-0.02617","0.00035","0","0","13.56","Humid","24.85","0","70.00","286508.42","SABD0000000001","AAV1.0.0.11","1.1.2.0","PSt7-10","170328-006","1/4/2020 10:31:52","0000-00","0","no battery","V"
"11/02/2020","12:08:44","1","default","640513929","OXY_CH1","54.359","min","154.211","µmol/L","Humid","23.747","deg","44650","µV","26.775","°C","1018.000","hPa","35.3","pmil","0","55.520","deg","20.000","°C","100.000","%a.s.","21.750","deg","20.000","°C","977.000","hPa","0.861","-0.02617","0.00035","0","0","13.56","Humid","24.85","0","70.00","286519.01","SABD0000000001","AAV1.0.0.11","1.1.2.0","PSt7-10","170328-006","1/4/2020 10:31:52","0000-00","0","no battery","V"
"11/02/2020","12:08:45","1","default","640513929","OXY_CH1","54.376","min","154.214","µmol/L","Humid","23.747","deg","44650","µV","26.775","°C","1018.000","hPa","35.3","pmil","0","55.520","deg","20.000","°C","100.000","%a.s.","21.750","deg","20.000","°C","977.000","hPa","0.861","-0.02617","0.00035","0","0","13.56","Humid","24.85","0","70.00","286518.78","SABD0000000001","AAV1.0.0.11","1.1.2.0","PSt7-10","170328-006","1/4/2020 10:31:52","0000-00","0","no battery","V"
"11/02/2020","12:08:46","1","default","640513929","OXY_CH1","54.392","min","154.243","µmol/L","Humid","23.743","deg","44646","µV","26.780","°C","1018.000","hPa","35.3","pmil","0","55.520","deg","20.000","°C","100.000","%a.s.","21.750","deg","20.000","°C","977.000","hPa","0.861","-0.02617","0.00035","0","0","13.56","Humid","24.85","0","70.00","286529.22","SABD0000000001","AAV1.0.0.11","1.1.2.0","PSt7-10","170328-006","1/4/2020 10:31:52","0000-00","0","no battery","V"
"11/02/2020","12:08:47","1","default","640513929","OXY_CH1","54.409","min","154.286","µmol/L","Humid","23.743","deg","44644","µV","26.770","°C","1018.000","hPa","35.3","pmil","0","55.520","deg","20.000","°C","100.000","%a.s.","21.750","deg","20.000","°C","977.000","hPa","0.861","-0.02617","0.00035","0","0","13.56","Humid","24.85","0","70.00","286503.18","SABD0000000001","AAV1.0.0.11","1.1.2.0","PSt7-10","170328-006","1/4/2020 10:31:52","0000-00","0","no battery","V"
"11/02/2020","12:08:48","1","default","640513929","OXY_CH1","54.426","min","154.181","µmol/L","Humid","23.751","deg","44644","µV","26.771","°C","1018.000","hPa","35.3","pmil","0","55.520","deg","20.000","°C","100.000","%a.s.","21.750","deg","20.000","°C","977.000","hPa","0.861","-0.02617","0.00035","0","0","13.56","Humid","24.85","0","70.00","286511.77","SABD0000000001","AAV1.0.0.11","1.1.2.0","PSt7-10","170328-006","1/4/2020 10:31:52","0000-00","0","no battery","V"
"11/02/2020","12:08:49","1","default","640513929","OXY_CH1","54.442","min","154.278","µmol/L","Humid","23.741","deg","44650","µV","26.778","°C","1018.000","hPa","35.3","pmil","0","55.520","deg","20.000","°C","100.000","%a.s.","21.750","deg","20.000","°C","977.000","hPa","0.861","-0.02617","0.00035","0","0","13.56","Humid","24.85","0","70.00","286515.61","SABD0000000001","AAV1.0.0.11","1.1.2.0","PSt7-10","170328-006","1/4/2020 10:31:52","0000-00","0","no battery","V"
"11/02/2020","12:08:50","1","default","640513929","OXY_CH1","54.458","min","154.412","µmol/L","Humid","23.734","deg","44645","µV","26.768","°C","1018.000","hPa","35.3","pmil","0","55.520","deg","20.000","°C","100.000","%a.s.","21.750","deg","20.000","°C","977.000","hPa","0.861","-0.02617","0.00035","0","0","13.56","Humid","24.85","0","70.00","286514.96","SABD0000000001","AAV1.0.0.11","1.1.2.0","PSt7-10","170328-006","1/4/2020 10:31:52","0000-00","0","no battery","V"
"11/02/2020","12:08:51","1","default","640513929","OXY_CH1","54.475","min","154.312","µmol/L","Humid","23.741","deg","44650","µV","26.770","°C","1018.000","hPa","35.3","pmil","0","55.520","deg","20.000","°C","100.000","%a.s.","21.750","deg","20.000","°C","977.000","hPa","0.861","-0.02617","0.00035","0","0","13.56","Humid","24.85","0","70.00","286512.56","SABD0000000001","AAV1.0.0.11","1.1.2.0","PSt7-10","170328-006","1/4/2020 10:31:52","0000-00","0","no battery","V"
"11/02/2020","12:08:52","1","default","640513929","OXY_CH1","54.492","min","154.363","µmol/L","Humid","23.742","deg","44646","µV","26.756","°C","1018.000","hPa","35.3","pmil","0","55.520","deg","20.000","°C","100.000","%a.s.","21.750","deg","20.000","°C","977.000","hPa","0.861","-0.02617","0.00035","0","0","13.56","Humid","24.85","0","70.00","286520.56","SABD0000000001","AAV1.0.0.11","1.1.2.0","PSt7-10","170328-006","1/4/2020 10:31:52","0000-00","0","no battery","V"
"11/02/2020","12:08:53","1","default","640513929","OXY_CH1","54.509","min","154.276","µmol/L","Humid","23.745","deg","44644","µV","26.767","°C","1018.000","hPa","35.3","pmil","0","55.520","deg","20.000","°C","100.000","%a.s.","21.750","deg","20.000","°C","977.000","hPa","0.861","-0.02617","0.00035","0","0","13.56","Humid","24.85","0","70.00","286518.12","SABD0000000001","AAV1.0.0.11","1.1.2.0","PSt7-10","170328-006","1/4/2020 10:31:52","0000-00","0","no battery","V"
"11/02/2020","12:08:54","1","default","640513929","OXY_CH1","54.525","min","154.229","µmol/L","Humid","23.742","deg","44637","µV","26.786","°C","1018.000","hPa","35.3","pmil","0","55.520","deg","20.000","°C","100.000","%a.s.","21.750","deg","20.000","°C","977.000","hPa","0.861","-0.02617","0.00035","0","0","13.56","Humid","24.85","0","70.00","286513.08","SABD0000000001","AAV1.0.0.11","1.1.2.0","PSt7-10","170328-006","1/4/2020 10:31:52","0000-00","0","no battery","V"
"11/02/2020","12:08:55","1","default","640513929","OXY_CH1","54.542","min","154.222","µmol/L","Humid","23.747","deg","44640","µV","26.773","°C","1018.000","hPa","35.3","pmil","0","55.520","deg","20.000","°C","100.000","%a.s.","21.750","deg","20.000","°C","977.000","hPa","0.861","-0.02617","0.00035","0","0","13.56","Humid","24.85","0","70.00","286503.60","SABD0000000001","AAV1.0.0.11","1.1.2.0","PSt7-10","170328-006","1/4/2020 10:31:52","0000-00","0","no battery","V"
"11/02/2020","12:08:56","1","default","640513929","OXY_CH1","54.559","min","154.367","µmol/L","Humid","23.740","deg","44646","µV","26.761","°C","1018.000","hPa","35.3","pmil","0","55.520","deg","20.000","°C","100.000","%a.s.","21.750","deg","20.000","°C","977.000","hPa","0.861","-0.02617","0.00035","0","0","13.56","Humid","24.85","0","70.00","286512.19","SABD0000000001","AAV1.0.0.11","1.1.2.0","PSt7-10","170328-006","1/4/2020 10:31:52","0000-00","0","no battery","V"
"11/02/2020","12:08:57","1","default","640513929","OXY_CH1","54.576","min","154.395","µmol/L","Humid","23.737","deg","44643","µV","26.763","°C","1018.000","hPa","35.3","pmil","0","55.520","deg","20.000","°C","100.000","%a.s.","21.750","deg","20.000","°C","977.000","hPa","0.861","-0.02617","0.00035","0","0","13.56","Humid","24.85","0","70.00","286509.04","SABD0000000001","AAV1.0.0.11","1.1.2.0","PSt7-10","170328-006","1/4/2020 10:31:52","0000-00","0","no battery","V"
"11/02/2020","12:08:58","1","default","640513929","OXY_CH1","54.592","min","154.152","µmol/L","Humid","23.752","deg","44640","µV","26.774","°C","1018.000","hPa","35.3","pmil","0","55.520","deg","20.000","°C","100.000","%a.s.","21.750","deg","20.000","°C","977.000","hPa","0.861","-0.02617","0.00035","0","0","13.56","Humid","24.85","0","70.00","286508.47","SABD0000000001","AAV1.0.0.11","1.1.2.0","PSt7-10","170328-006","1/4/2020 10:31:52","0000-00","0","no battery","V"
"11/02/2020","12:08:59","1","default","640513929","OXY_CH1","54.608","min","154.240","µmol/L","Humid","23.745","deg","44640","µV","26.775","°C","1018.000","hPa","35.3","pmil","0","55.520","deg","20.000","°C","100.000","%a.s.","21.750","deg","20.000","°C","977.000","hPa","0.861","-0.02617","0.00035","0","0","13.56","Humid","24.85","0","70.00","286513.43","SABD0000000001","AAV1.0.0.11","1.1.2.0","PSt7-10","170328-006","1/4/2020 10:31:52","0000-00","0","no battery","V"
"11/02/2020","12:09:00","1","default","640513929","OXY_CH1","54.625","min","154.301","µmol/L","Humid","23.742","deg","44647","µV","26.770","°C","1018.000","hPa","35.3","pmil","0","55.520","deg","20.000","°C","100.000","%a.s.","21.750","deg","20.000","°C","977.000","hPa","0.861","-0.02617","0.00035","0","0","13.56","Humid","24.85","0","70.00","286515.35","SABD0000000001","AAV1.0.0.11","1.1.2.0","PSt7-10","170328-006","1/4/2020 10:31:52","0000-00","0","no battery","V"
"11/02/2020","12:09:01","1","default","640513929","OXY_CH1","54.642","min","154.293","µmol/L","Humid","23.745","deg","44636","µV","26.763","°C","1018.000","hPa","35.3","pmil","0","55.520","deg","20.000","°C","100.000","%a.s.","21.750","deg","20.000","°C","977.000","hPa","0.861","-0.02617","0.00035","0","0","13.56","Humid","24.85","0","70.00","286503.01","SABD0000000001","AAV1.0.0.11","1.1.2.0","PSt7-10","170328-006","1/4/2020 10:31:52","0000-00","0","no battery","V"
"11/02/2020","12:09:02","1","default","640513929","OXY_CH1","54.659","min","154.338","µmol/L","Humid","23.741","deg","44641","µV","26.765","°C","1018.000","hPa","35.3","pmil","0","55.520","deg","20.000","°C","100.000","%a.s.","21.750","deg","20.000","°C","977.000","hPa","0.861","-0.02617","0.00035","0","0","13.56","Humid","24.85","0","70.00","286506.00","SABD0000000001","AAV1.0.0.11","1.1.2.0","PSt7-10","170328-006","1/4/2020 10:31:52","0000-00","0","no battery","V"
"11/02/2020","12:09:03","1","default","640513929","OXY_CH1","54.675","min","154.382","µmol/L","Humid","23.739","deg","44641","µV","26.760","°C","1018.000","hPa","35.3","pmil","0","55.520","deg","20.000","°C","100.000","%a.s.","21.750","deg","20.000","°C","977.000","hPa","0.861","-0.02617","0.00035","0","0","13.56","Humid","24.85","0","70.00","286500.03","SABD0000000001","AAV1.0.0.11","1.1.2.0","PSt7-10","170328-006","1/4/2020 10:31:52","0000-00","0","no battery","V"
"11/02/2020","12:09:04","1","default","640513929","OXY_CH1","54.692","min","154.270","µmol/L","Humid","23.741","deg","44640","µV","26.780","°C","1018.000","hPa","35.3","pmil","0","55.520","deg","20.000","°C","100.000","%a.s.","21.750","deg","20.000","°C","977.000","hPa","0.861","-0.02617","0.00035","0","0","13.56","Humid","24.85","0","70.00","286503.26","SABD0000000001","AAV1.0.0.11","1.1.2.0","PSt7-10","170328-006","1/4/2020 10:31:52","0000-00","0","no battery","V"
"11/02/2020","12:09:05","1","default","640513929","OXY_CH1","54.709","min","154.256","µmol/L","Humid","23.742","deg","44642","µV","26.780","°C","1018.000","hPa","35.3","pmil","0","55.520","deg","20.000","°C","100.000","%a.s.","21.750","deg","20.000","°C","977.000","hPa","0.861","-0.02617","0.00035","0","0","13.56","Humid","24.85","0","70.00","286499.29","SABD0000000001","AAV1.0.0.11","1.1.2.0","PSt7-10","170328-006","1/4/2020 10:31:52","0000-00","0","no battery","V"
"11/02/2020","12:09:06","1","default","640513929","OXY_CH1","54.726","min","154.190","µmol/L","Humid","23.750","deg","44646","µV","26.772","°C","1018.000","hPa","35.3","pmil","0","55.520","deg","20.000","°C","100.000","%a.s.","21.750","deg","20.000","°C","977.000","hPa","0.861","-0.02617","0.00035","0","0","13.56","Humid","24.85","0","70.00","286507.70","SABD0000000001","AAV1.0.0.11","1.1.2.0","PSt7-10","170328-006","1/4/2020 10:31:52","0000-00","0","no battery","V"
"11/02/2020","12:09:07","1","default","640513929","OXY_CH1","54.742","min","154.338","µmol/L","Humid","23.742","deg","44641","µV","26.762","°C","1018.000","hPa","35.3","pmil","0","55.520","deg","20.000","°C","100.000","%a.s.","21.750","deg","20.000","°C","977.000","hPa","0.861","-0.02617","0.00035","0","0","13.56","Humid","24.85","0","70.00","286506.15","SABD0000000001","AAV1.0.0.11","1.1.2.0","PSt7-10","170328-006","1/4/2020 10:31:52","0000-00","0","no battery","V"
"11/02/2020","12:09:08","1","default","640513929","OXY_CH1","54.759","min","154.235","µmol/L","Humid","23.752","deg","44649","µV","26.756","°C","1018.000","hPa","35.3","pmil","0","55.520","deg","20.000","°C","100.000","%a.s.","21.750","deg","20.000","°C","977.000","hPa","0.861","-0.02617","0.00035","0","0","13.56","Humid","24.85","0","70.00","286508.39","SABD0000000001","AAV1.0.0.11","1.1.2.0","PSt7-10","170328-006","1/4/2020 10:31:52","0000-00","0","no battery","V"
"11/02/2020","12:09:09","1","default","640513929","OXY_CH1","54.776","min","154.238","µmol/L","Humid","23.745","deg","44642","µV","26.775","°C","1018.000","hPa","35.3","pmil","0","55.520","deg","20.000","°C","100.000","%a.s.","21.750","deg","20.000","°C","977.000","hPa","0.861","-0.02617","0.00035","0","0","13.56","Humid","24.85","0","70.00","286507.34","SABD0000000001","AAV1.0.0.11","1.1.2.0","PSt7-10","170328-006","1/4/2020 10:31:52","0000-00","0","no battery","V"
"11/02/2020","12:09:10","1","default","640513929","OXY_CH1","54.792","min","154.322","µmol/L","Humid","23.744","deg","44638","µV","26.759","°C","1018.000","hPa","35.3","pmil","0","55.520","deg","20.000","°C","100.000","%a.s.","21.750","deg","20.000","°C","977.000","hPa","0.861","-0.02617","0.00035","0","0","13.56","Humid","24.85","0","70.00","286508.76","SABD0000000001","AAV1.0.0.11","1.1.2.0","PSt7-10","170328-006","1/4/2020 10:31:52","0000-00","0","no battery","V"
"11/02/2020","12:09:11","1","default","640513929","OXY_CH1","54.808","min","154.331","µmol/L","Humid","23.742","deg","44638","µV","26.763","°C","1018.000","hPa","35.3","pmil","0","55.520","deg","20.000","°C","100.000","%a.s.","21.750","deg","20.000","°C","977.000","hPa","0.861","-0.02617","0.00035","0","0","13.56","Humid","24.85","0","70.00","286507.21","SABD0000000001","AAV1.0.0.11","1.1.2.0","PSt7-10","170328-006","1/4/2020 10:31:52","0000-00","0","no battery","V"
"11/02/2020","12:09:12","1","default","640513929","OXY_CH1","54.825","min","154.280","µmol/L","Humid","23.744","deg","44641","µV","26.769","°C","1018.000","hPa","35.3","pmil","0","55.520","deg","20.000","°C","100.000","%a.s.","21.750","deg","20.000","°C","977.000","hPa","0.861","-0.02617","0.00035","0","0","13.56","Humid","24.85","0","70.00","286500.64","SABD0000000001","AAV1.0.0.11","1.1.2.0","PSt7-10","170328-006","1/4/2020 10:31:52","0000-00","0","no battery","V"
"11/02/2020","12:09:13","1","default","640513929","OXY_CH1","54.842","min","154.305","µmol/L","Humid","23.745","deg","44641","µV","26.760","°C","1018.000","hPa","35.3","pmil","0","55.520","deg","20.000","°C","100.000","%a.s.","21.750","deg","20.000","°C","977.000","hPa","0.861","-0.02617","0.00035","0","0","13.56","Humid","24.85","0","70.00","286520.98","SABD0000000001","AAV1.0.0.11","1.1.2.0","PSt7-10","170328-006","1/4/2020 10:31:52","0000-00","0","no battery","V"
"11/02/2020","12:09:14","1","default","640513929","OXY_CH1","54.859","min","154.301","µmol/L","Humid","23.743","deg","44643","µV","26.767","°C","1018.000","hPa","35.3","pmil","0","55.520","deg","20.000","°C","100.000","%a.s.","21.750","deg","20.000","°C","977.000","hPa","0.861","-0.02617","0.00035","0","0","13.56","Humid","24.85","0","70.00","286515.94","SABD0000000001","AAV1.0.0.11","1.1.2.0","PSt7-10","170328-006","1/4/2020 10:31:52","0000-00","0","no battery","V"
"11/02/2020","12:09:15","1","default","640513929","OXY_CH1","54.876","min","154.212","µmol/L","Humid","23.751","deg","44649","µV","26.764","°C","1018.000","hPa","35.3","pmil","0","55.520","deg","20.000","°C","100.000","%a.s.","21.750","deg","20.000","°C","977.000","hPa","0.861","-0.02617","0.00035","0","0","13.56","Humid","24.85","0","70.00","286516.77","SABD0000000001","AAV1.0.0.11","1.1.2.0","PSt7-10","170328-006","1/4/2020 10:31:52","0000-00","0","no battery","V"
"11/02/2020","12:09:16","1","default","640513929","OXY_CH1","54.892","min","154.325","µmol/L","Humid","23.746","deg","44643","µV","26.753","°C","1018.000","hPa","35.3","pmil","0","55.520","deg","20.000","°C","100.000","%a.s.","21.750","deg","20.000","°C","977.000","hPa","0.861","-0.02617","0.00035","0","0","13.56","Humid","24.85","0","70.00","286504.37","SABD0000000001","AAV1.0.0.11","1.1.2.0","PSt7-10","170328-006","1/4/2020 10:31:52","0000-00","0","no battery","V"
"11/02/2020","12:09:17","1","default","640513929","OXY_CH1","54.909","min","154.382","µmol/L","Humid","23.741","deg","44644","µV","26.755","°C","1018.000","hPa","35.3","pmil","0","55.520","deg","20.000","°C","100.000","%a.s.","21.750","deg","20.000","°C","977.000","hPa","0.861","-0.02617","0.00035","0","0","13.56","Humid","24.85","0","70.00","286511.16","SABD0000000001","AAV1.0.0.11","1.1.2.0","PSt7-10","170328-006","1/4/2020 10:31:52","0000-00","0","no battery","V"
"11/02/2020","12:09:18","1","default","640513929","OXY_CH1","54.925","min","154.242","µmol/L","Humid","23.748","deg","44645","µV","26.766","°C","1018.000","hPa","35.3","pmil","0","55.520","deg","20.000","°C","100.000","%a.s.","21.750","deg","20.000","°C","977.000","hPa","0.861","-0.02617","0.00035","0","0","13.56","Humid","24.85","0","70.00","286517.98","SABD0000000001","AAV1.0.0.11","1.1.2.0","PSt7-10","170328-006","1/4/2020 10:31:52","0000-00","0","no battery","V"
"11/02/2020","12:09:19","1","default","640513929","OXY_CH1","54.942","min","154.250","µmol/L","Humid","23.749","deg","44639","µV","26.761","°C","1018.000","hPa","35.3","pmil","0","55.520","deg","20.000","°C","100.000","%a.s.","21.750","deg","20.000","°C","977.000","hPa","0.861","-0.02617","0.00035","0","0","13.56","Humid","24.85","0","70.00","286507.16","SABD0000000001","AAV1.0.0.11","1.1.2.0","PSt7-10","170328-006","1/4/2020 10:31:52","0000-00","0","no battery","V"
"11/02/2020","12:09:20","1","default","640513929","OXY_CH1","54.958","min","154.236","µmol/L","Humid","23.751","deg","44640","µV","26.758","°C","1018.000","hPa","35.3","pmil","0","55.520","deg","20.000","°C","100.000","%a.s.","21.750","deg","20.000","°C","977.000","hPa","0.861","-0.02617","0.00035","0","0","13.56","Humid","24.85","0","70.00","286505.17","SABD0000000001","AAV1.0.0.11","1.1.2.0","PSt7-10","170328-006","1/4/2020 10:31:52","0000-00","0","no battery","V"
"11/02/2020","12:09:21","1","default","640513929","OXY_CH1","54.975","min","154.305","µmol/L","Humid","23.749","deg","44643","µV","26.749","°C","1018.000","hPa","35.3","pmil","0","55.520","deg","20.000","°C","100.000","%a.s.","21.750","deg","20.000","°C","977.000","hPa","0.861","-0.02617","0.00035","0","0","13.56","Humid","24.85","0","70.00","286498.44","SABD0000000001","AAV1.0.0.11","1.1.2.0","PSt7-10","170328-006","1/4/2020 10:31:52","0000-00","0","no battery","V"
"11/02/2020","12:09:22","1","default","640513929","OXY_CH1","54.992","min","154.278","µmol/L","Humid","23.747","deg","44645","µV","26.761","°C","1018.000","hPa","35.3","pmil","0","55.520","deg","20.000","°C","100.000","%a.s.","21.750","deg","20.000","°C","977.000","hPa","0.861","-0.02617","0.00035","0","0","13.56","Humid","24.85","0","70.00","286512.57","SABD0000000001","AAV1.0.0.11","1.1.2.0","PSt7-10","170328-006","1/4/2020 10:31:52","0000-00","0","no battery","V"
"11/02/2020","12:09:23","1","default","640513929","OXY_CH1","55.009","min","154.109","µmol/L","Humid","23.756","deg","44640","µV","26.772","°C","1018.000","hPa","35.3","pmil","0","55.520","deg","20.000","°C","100.000","%a.s.","21.750","deg","20.000","°C","977.000","hPa","0.861","-0.02617","0.00035","0","0","13.56","Humid","24.85","0","70.00","286497.33","SABD0000000001","AAV1.0.0.11","1.1.2.0","PSt7-10","170328-006","1/4/2020 10:31:52","0000-00","0","no battery","V"
"11/02/2020","12:09:24","1","default","640513929","OXY_CH1","55.025","min","154.163","µmol/L","Humid","23.756","deg","44647","µV","26.760","°C","1018.000","hPa","35.3","pmil","0","55.520","deg","20.000","°C","100.000","%a.s.","21.750","deg","20.000","°C","977.000","hPa","0.861","-0.02617","0.00035","0","0","13.56","Humid","24.85","0","70.00","286507.27","SABD0000000001","AAV1.0.0.11","1.1.2.0","PSt7-10","170328-006","1/4/2020 10:31:52","0000-00","0","no battery","V"
"11/02/2020","12:09:25","1","default","640513929","OXY_CH1","55.042","min","154.296","µmol/L","Humid","23.746","deg","44648","µV","26.759","°C","1018.000","hPa","35.3","pmil","0","55.520","deg","20.000","°C","100.000","%a.s.","21.750","deg","20.000","°C","977.000","hPa","0.861","-0.02617","0.00035","0","0","13.56","Humid","24.85","0","70.00","286495.24","SABD0000000001","AAV1.0.0.11","1.1.2.0","PSt7-10","170328-006","1/4/2020 10:31:52","0000-00","0","no battery","V"
"11/02/2020","12:09:26","1","default","640513929","OXY_CH1","55.059","min","154.210","µmol/L","Humid","23.749","deg","44650","µV","26.770","°C","1018.000","hPa","35.3","pmil","0","55.520","deg","20.000","°C","100.000","%a.s.","21.750","deg","20.000","°C","977.000","hPa","0.861","-0.02617","0.00035","0","0","13.56","Humid","24.85","0","70.00","286496.14","SABD0000000001","AAV1.0.0.11","1.1.2.0","PSt7-10","170328-006","1/4/2020 10:31:52","0000-00","0","no battery","V"
"11/02/2020","12:09:27","1","default","640513929","OXY_CH1","55.075","min","154.282","µmol/L","Humid","23.747","deg","44650","µV","26.760","°C","1018.000","hPa","35.3","pmil","0","55.520","deg","20.000","°C","100.000","%a.s.","21.750","deg","20.000","°C","977.000","hPa","0.861","-0.02617","0.00035","0","0","13.56","Humid","24.85","0","70.00","286500.47","SABD0000000001","AAV1.0.0.11","1.1.2.0","PSt7-10","170328-006","1/4/2020 10:31:52","0000-00","0","no battery","V"
"11/02/2020","12:09:28","1","default","640513929","OXY_CH1","55.092","min","154.130","µmol/L","Humid","23.758","deg","44642","µV","26.762","°C","1018.000","hPa","35.3","pmil","0","55.520","deg","20.000","°C","100.000","%a.s.","21.750","deg","20.000","°C","977.000","hPa","0.861","-0.02617","0.00035","0","0","13.56","Humid","24.85","0","70.00","286494.17","SABD0000000001","AAV1.0.0.11","1.1.2.0","PSt7-10","170328-006","1/4/2020 10:31:52","0000-00","0","no battery","V"
"11/02/2020","12:09:29","1","default","640513929","OXY_CH1","55.109","min","154.222","µmol/L","Humid","23.749","deg","44645","µV","26.767","°C","1018.000","hPa","35.3","pmil","0","55.520","deg","20.000","°C","100.000","%a.s.","21.750","deg","20.000","°C","977.000","hPa","0.861","-0.02617","0.00035","0","0","13.56","Humid","24.85","0","70.00","286503.68","SABD0000000001","AAV1.0.0.11","1.1.2.0","PSt7-10","170328-006","1/4/2020 10:31:52","0000-00","0","no battery","V"
"11/02/2020","12:09:30","1","default","640513929","OXY_CH1","55.126","min","154.335","µmol/L","Humid","23.743","deg","44648","µV","26.759","°C","1018.000","hPa","35.3","pmil","0","55.520","deg","20.000","°C","100.000","%a.s.","21.750","deg","20.000","°C","977.000","hPa","0.861","-0.02617","0.00035","0","0","13.56","Humid","24.85","0","70.00","286489.38","SABD0000000001","AAV1.0.0.11","1.1.2.0","PSt7-10","170328-006","1/4/2020 10:31:52","0000-00","0","no battery","V"
"11/02/2020","12:09:31","1","default","640513929","OXY_CH1","55.142","min","154.277","µmol/L","Humid","23.747","deg","44642","µV","26.761","°C","1018.000","hPa","35.3","pmil","0","55.520","deg","20.000","°C","100.000","%a.s.","21.750","deg","20.000","°C","977.000","hPa","0.861","-0.02617","0.00035","0","0","13.56","Humid","24.85","0","70.00","286487.84","SABD0000000001","AAV1.0.0.11","1.1.2.0","PSt7-10","170328-006","1/4/2020 10:31:52","0000-00","0","no battery","V"
"11/02/2020","12:09:32","1","default","640513929","OXY_CH1","55.158","min","154.191","µmol/L","Humid","23.752","deg","44646","µV","26.766","°C","1018.000","hPa","35.3","pmil","0","55.520","deg","20.000","°C","100.000","%a.s.","21.750","deg","20.000","°C","977.000","hPa","0.861","-0.02617","0.00035","0","0","13.56","Humid","24.85","0","70.00","286505.03","SABD0000000001","AAV1.0.0.11","1.1.2.0","PSt7-10","170328-006","1/4/2020 10:31:52","0000-00","0","no battery","V"
"11/02/2020","12:09:33","1","default","640513929","OXY_CH1","55.175","min","154.333","µmol/L","Humid","23.744","deg","44648","µV","26.757","°C","1018.000","hPa","35.3","pmil","0","55.520","deg","20.000","°C","100.000","%a.s.","21.750","deg","20.000","°C","977.000","hPa","0.861","-0.02617","0.00035","0","0","13.56","Humid","24.85","0","70.00","286502.52","SABD0000000001","AAV1.0.0.11","1.1.2.0","PSt7-10","170328-006","1/4/2020 10:31:52","0000-00","0","no battery","V"
"11/02/2020","12:09:34","1","default","640513929","OXY_CH1","55.192","min","154.326","µmol/L","Humid","23.746","deg","44643","µV","26.753","°C","1018.000","hPa","35.3","pmil","0","55.520","deg","20.000","°C","100.000","%a.s.","21.750","deg","20.000","°C","977.000","hPa","0.861","-0.02617","0.00035","0","0","13.56","Humid","24.85","0","70.00","286512.00","SABD0000000001","AAV1.0.0.11","1.1.2.0","PSt7-10","170328-006","1/4/2020 10:31:52","0000-00","0","no battery","V"
"11/02/2020","12:09:35","1","default","640513929","OXY_CH1","55.209","min","154.311","µmol/L","Humid","23.747","deg","44644","µV","26.753","°C","1018.000","hPa","35.3","pmil","0","55.520","deg","20.000","°C","100.000","%a.s.","21.750","deg","20.000","°C","977.000","hPa","0.861","-0.02617","0.00035","0","0","13.56","Humid","24.85","0","70.00","286511.95","SABD0000000001","AAV1.0.0.11","1.1.2.0","PSt7-10","170328-006","1/4/2020 10:31:52","0000-00","0","no battery","V"
"11/02/2020","12:09:36","1","default","640513929","OXY_CH1","55.225","min","154.309","µmol/L","Humid","23.749","deg","44646","µV","26.748","°C","1018.000","hPa","35.3","pmil","0","55.520","deg","20.000","°C","100.000","%a.s.","21.750","deg","20.000","°C","977.000","hPa","0.861","-0.02617","0.00035","0","0","13.56","Humid","24.85","0","70.00","286512.10","SABD0000000001","AAV1.0.0.11","1.1.2.0","PSt7-10","170328-006","1/4/2020 10:31:52","0000-00","0","no battery","V"
"11/02/2020","12:09:37","1","default","640513929","OXY_CH1","55.242","min","154.340","µmol/L","Humid","23.743","deg","44644","µV","26.758","°C","1018.000","hPa","35.3","pmil","0","55.520","deg","20.000","°C","100.000","%a.s.","21.750","deg","20.000","°C","977.000","hPa","0.861","-0.02617","0.00035","0","0","13.56","Humid","24.85","0","70.00","286495.33","SABD0000000001","AAV1.0.0.11","1.1.2.0","PSt7-10","170328-006","1/4/2020 10:31:52","0000-00","0","no battery","V"
"11/02/2020","12:09:38","1","default","640513929","OXY_CH1","55.259","min","154.283","µmol/L","Humid","23.750","deg","44646","µV","26.751","°C","1018.000","hPa","35.3","pmil","0","55.520","deg","20.000","°C","100.000","%a.s.","21.750","deg","20.000","°C","977.000","hPa","0.861","-0.02617","0.00035","0","0","13.56","Humid","24.85","0","70.00","286498.22","SABD0000000001","AAV1.0.0.11","1.1.2.0","PSt7-10","170328-006","1/4/2020 10:31:52","0000-00","0","no battery","V"
"11/02/2020","12:09:39","1","default","640513929","OXY_CH1","55.276","min","154.342","µmol/L","Humid","23.750","deg","44637","µV","26.738","°C","1018.000","hPa","35.3","pmil","0","55.520","deg","20.000","°C","100.000","%a.s.","21.750","deg","20.000","°C","977.000","hPa","0.861","-0.02617","0.00035","0","0","13.56","Humid","24.85","0","70.00","286505.22","SABD0000000001","AAV1.0.0.11","1.1.2.0","PSt7-10","170328-006","1/4/2020 10:31:52","0000-00","0","no battery","V"
"11/02/2020","12:09:40","1","default","640513929","OXY_CH1","55.292","min","154.311","µmol/L","Humid","23.751","deg","44647","µV","26.742","°C","1018.000","hPa","35.3","pmil","0","55.520","deg","20.000","°C","100.000","%a.s.","21.750","deg","20.000","°C","977.000","hPa","0.861","-0.02617","0.00035","0","0","13.56","Humid","24.85","0","70.00","286489.26","SABD0000000001","AAV1.0.0.11","1.1.2.0","PSt7-10","170328-006","1/4/2020 10:31:52","0000-00","0","no battery","V"
"11/02/2020","12:09:41","1","default","640513929","OXY_CH1","55.309","min","154.287","µmol/L","Humid","23.746","deg","44641","µV","26.761","°C","1018.000","hPa","35.3","pmil","0","55.520","deg","20.000","°C","100.000","%a.s.","21.750","deg","20.000","°C","977.000","hPa","0.861","-0.02617","0.00035","0","0","13.56","Humid","24.85","0","70.00","286491.42","SABD0000000001","AAV1.0.0.11","1.1.2.0","PSt7-10","170328-006","1/4/2020 10:31:52","0000-00","0","no battery","V"
"11/02/2020","12:09:42","1","default","640513929","OXY_CH1","55.326","min","154.169","µmol/L","Humid","23.754","deg","44648","µV","26.765","°C","1018.000","hPa","35.3","pmil","0","55.520","deg","20.000","°C","100.000","%a.s.","21.750","deg","20.000","°C","977.000","hPa","0.861","-0.02617","0.00035","0","0","13.56","Humid","24.85","0","70.00","286501.93","SABD0000000001","AAV1.0.0.11","1.1.2.0","PSt7-10","170328-006","1/4/2020 10:31:52","0000-00","0","no battery","V"
"11/02/2020","12:09:43","1","default","640513929","OXY_CH1","55.342","min","154.238","µmol/L","Humid","23.752","deg","44651","µV","26.755","°C","1018.000","hPa","35.3","pmil","0","55.520","deg","20.000","°C","100.000","%a.s.","21.750","deg","20.000","°C","977.000","hPa","0.861","-0.02617","0.00035","0","0","13.56","Humid","24.85","0","70.00","286498.50","SABD0000000001","AAV1.0.0.11","1.1.2.0","PSt7-10","170328-006","1/4/2020 10:31:52","0000-00","0","no battery","V"
"11/02/2020","12:09:44","1","default","640513929","OXY_CH1","55.358","min","154.213","µmol/L","Humid","23.752","deg","44651","µV","26.761","°C","1018.000","hPa","35.3","pmil","0","55.520","deg","20.000","°C","100.000","%a.s.","21.750","deg","20.000","°C","977.000","hPa","0.861","-0.02617","0.00035","0","0","13.56","Humid","24.85","0","70.00","286496.66","SABD0000000001","AAV1.0.0.11","1.1.2.0","PSt7-10","170328-006","1/4/2020 10:31:52","0000-00","0","no battery","V"
"11/02/2020","12:09:45","1","default","640513929","OXY_CH1","55.375","min","154.221","µmol/L","Humid","23.748","deg","44651","µV","26.770","°C","1018.000","hPa","35.3","pmil","0","55.520","deg","20.000","°C","100.000","%a.s.","21.750","deg","20.000","°C","977.000","hPa","0.861","-0.02617","0.00035","0","0","13.56","Humid","24.85","0","70.00","286495.78","SABD0000000001","AAV1.0.0.11","1.1.2.0","PSt7-10","170328-006","1/4/2020 10:31:52","0000-00","0","no battery","V"
"11/02/2020","12:09:46","1","default","640513929","OXY_CH1","55.392","min","154.325","µmol/L","Humid","23.746","deg","44656","µV","26.753","°C","1018.000","hPa","35.3","pmil","0","55.520","deg","20.000","°C","100.000","%a.s.","21.750","deg","20.000","°C","977.000","hPa","0.861","-0.02617","0.00035","0","0","13.56","Humid","24.85","0","70.00","286498.25","SABD0000000001","AAV1.0.0.11","1.1.2.0","PSt7-10","170328-006","1/4/2020 10:31:52","0000-00","0","no battery","V"
"11/02/2020","12:09:47","1","default","640513929","OXY_CH1","55.409","min","154.326","µmol/L","Humid","23.746","deg","44656","µV","26.753","°C","1018.000","hPa","35.3","pmil","0","55.520","deg","20.000","°C","100.000","%a.s.","21.750","deg","20.000","°C","977.000","hPa","0.861","-0.02617","0.00035","0","0","13.56","Humid","24.85","0","70.00","286494.00","SABD0000000001","AAV1.0.0.11","1.1.2.0","PSt7-10","170328-006","1/4/2020 10:31:52","0000-00","0","no battery","V"
"11/02/2020","12:09:48","1","default","640513929","OXY_CH1","55.425","min","154.232","µmol/L","Humid","23.751","deg","44657","µV","26.759","°C","1018.000","hPa","35.3","pmil","0","55.520","deg","20.000","°C","100.000","%a.s.","21.750","deg","20.000","°C","977.000","hPa","0.861","-0.02617","0.00035","0","0","13.56","Humid","24.85","0","70.00","286492.27","SABD0000000001","AAV1.0.0.11","1.1.2.0","PSt7-10","170328-006","1/4/2020 10:31:52","0000-00","0","no battery","V"
"11/02/2020","12:09:49","1","default","640513929","OXY_CH1","55.442","min","154.232","µmol/L","Humid","23.752","deg","44653","µV","26.756","°C","1018.000","hPa","35.3","pmil","0","55.520","deg","20.000","°C","100.000","%a.s.","21.750","deg","20.000","°C","977.000","hPa","0.861","-0.02617","0.00035","0","0","13.56","Humid","24.85","0","70.00","286489.99","SABD0000000001","AAV1.0.0.11","1.1.2.0","PSt7-10","170328-006","1/4/2020 10:31:52","0000-00","0","no battery","V"
"11/02/2020","12:09:50","1","default","640513929","OXY_CH1","55.459","min","154.289","µmol/L","Humid","23.750","deg","44659","µV","26.750","°C","1018.000","hPa","35.3","pmil","0","55.520","deg","20.000","°C","100.000","%a.s.","21.750","deg","20.000","°C","977.000","hPa","0.861","-0.02617","0.00035","0","0","13.56","Humid","24.85","0","70.00","286488.25","SABD0000000001","AAV1.0.0.11","1.1.2.0","PSt7-10","170328-006","1/4/2020 10:31:52","0000-00","0","no battery","V"
"11/02/2020","12:09:51","1","default","640513929","OXY_CH1","55.476","min","154.264","µmol/L","Humid","23.748","deg","44654","µV","26.761","°C","1018.000","hPa","35.3","pmil","0","55.520","deg","20.000","°C","100.000","%a.s.","21.750","deg","20.000","°C","977.000","hPa","0.861","-0.02617","0.00035","0","0","13.56","Humid","24.85","0","70.00","286485.70","SABD0000000001","AAV1.0.0.11","1.1.2.0","PSt7-10","170328-006","1/4/2020 10:31:52","0000-00","0","no battery","V"
"11/02/2020","12:09:52","1","default","640513929","OXY_CH1","55.492","min","154.348","µmol/L","Humid","23.743","deg","44661","µV","26.756","°C","1018.000","hPa","35.3","pmil","0","55.520","deg","20.000","°C","100.000","%a.s.","21.750","deg","20.000","°C","977.000","hPa","0.861","-0.02617","0.00035","0","0","13.56","Humid","24.85","0","70.00","286491.05","SABD0000000001","AAV1.0.0.11","1.1.2.0","PSt7-10","170328-006","1/4/2020 10:31:52","0000-00","0","no battery","V"
"11/02/2020","12:09:53","1","default","640513929","OXY_CH1","55.508","min","154.221","µmol/L","Humid","23.752","deg","44659","µV","26.759","°C","1018.000","hPa","35.3","pmil","0","55.520","deg","20.000","°C","100.000","%a.s.","21.750","deg","20.000","°C","977.000","hPa","0.861","-0.02617","0.00035","0","0","13.56","Humid","24.85","0","70.00","286494.05","SABD0000000001","AAV1.0.0.11","1.1.2.0","PSt7-10","170328-006","1/4/2020 10:31:52","0000-00","0","no battery","V"
"11/02/2020","12:09:54","1","default","640513929","OXY_CH1","55.525","min","154.265","µmol/L","Humid","23.755","deg","44658","µV","26.741","°C","1018.000","hPa","35.3","pmil","0","55.520","deg","20.000","°C","100.000","%a.s.","21.750","deg","20.000","°C","977.000","hPa","0.861","-0.02617","0.00035","0","0","13.56","Humid","24.85","0","70.00","286488.13","SABD0000000001","AAV1.0.0.11","1.1.2.0","PSt7-10","170328-006","1/4/2020 10:31:52","0000-00","0","no battery","V"
"11/02/2020","12:09:55","1","default","640513929","OXY_CH1","55.542","min","154.348","µmol/L","Humid","23.744","deg","44667","µV","26.754","°C","1018.000","hPa","35.3","pmil","0","55.520","deg","20.000","°C","100.000","%a.s.","21.750","deg","20.000","°C","977.000","hPa","0.861","-0.02617","0.00035","0","0","13.56","Humid","24.85","0","70.00","286488.92","SABD0000000001","AAV1.0.0.11","1.1.2.0","PSt7-10","170328-006","1/4/2020 10:31:52","0000-00","0","no battery","V"
"11/02/2020","12:09:56","1","default","640513929","OXY_CH1","55.559","min","154.271","µmol/L","Humid","23.751","deg","44666","µV","26.751","°C","1018.000","hPa","35.3","pmil","0","55.520","deg","20.000","°C","100.000","%a.s.","21.750","deg","20.000","°C","977.000","hPa","0.861","-0.02617","0.00035","0","0","13.56","Humid","24.85","0","70.00","286493.86","SABD0000000001","AAV1.0.0.11","1.1.2.0","PSt7-10","170328-006","1/4/2020 10:31:52","0000-00","0","no battery","V"
"11/02/2020","12:09:57","1","default","640513929","OXY_CH1","55.575","min","154.329","µmol/L","Humid","23.748","deg","44667","µV","26.746","°C","1018.000","hPa","35.3","pmil","0","55.520","deg","20.000","°C","100.000","%a.s.","21.750","deg","20.000","°C","977.000","hPa","0.861","-0.02617","0.00035","0","0","13.56","Humid","24.85","0","70.00","286487.04","SABD0000000001","AAV1.0.0.11","1.1.2.0","PSt7-10","170328-006","1/4/2020 10:31:52","0000-00","0","no battery","V"
"11/02/2020","12:09:58","1","default","640513929","OXY_CH1","55.592","min","154.259","µmol/L","Humid","23.754","deg","44667","µV","26.745","°C","1018.000","hPa","35.3","pmil","0","55.520","deg","20.000","°C","100.000","%a.s.","21.750","deg","20.000","°C","977.000","hPa","0.861","-0.02617","0.00035","0","0","13.56","Humid","24.85","0","70.00","286489.88","SABD0000000001","AAV1.0.0.11","1.1.2.0","PSt7-10","170328-006","1/4/2020 10:31:52","0000-00","0","no battery","V"
"11/02/2020","12:09:59","1","default","640513929","OXY_CH1","55.609","min","154.319","µmol/L","Humid","23.746","deg","44666","µV","26.754","°C","1018.000","hPa","35.3","pmil","0","55.520","deg","20.000","°C","100.000","%a.s.","21.750","deg","20.000","°C","977.000","hPa","0.861","-0.02617","0.00035","0","0","13.56","Humid","24.85","0","70.00","286490.17","SABD0000000001","AAV1.0.0.11","1.1.2.0","PSt7-10","170328-006","1/4/2020 10:31:52","0000-00","0","no battery","V"
"11/02/2020","12:10:00","1","default","640513929","OXY_CH1","55.626","min","154.263","µmol/L","Humid","23.753","deg","44671","µV","26.747","°C","1018.000","hPa","35.3","pmil","0","55.520","deg","20.000","°C","100.000","%a.s.","21.750","deg","20.000","°C","977.000","hPa","0.861","-0.02617","0.00035","0","0","13.56","Humid","24.85","0","70.00","286488.58","SABD0000000001","AAV1.0.0.11","1.1.2.0","PSt7-10","170328-006","1/4/2020 10:31:52","0000-00","0","no battery","V"
"11/02/2020","12:10:01","1","default","640513929","OXY_CH1","55.642","min","154.201","µmol/L","Humid","23.751","deg","44670","µV","26.766","°C","1018.000","hPa","35.3","pmil","0","55.520","deg","20.000","°C","100.000","%a.s.","21.750","deg","20.000","°C","977.000","hPa","0.861","-0.02617","0.00035","0","0","13.56","Humid","24.85","0","70.00","286487.79","SABD0000000001","AAV1.0.0.11","1.1.2.0","PSt7-10","170328-006","1/4/2020 10:31:52","0000-00","0","no battery","V"
"11/02/2020","12:10:02","1","default","640513929","OXY_CH1","55.659","min","154.168","µmol/L","Humid","23.756","deg","44671","µV","26.759","°C","1018.000","hPa","35.3","pmil","0","55.520","deg","20.000","°C","100.000","%a.s.","21.750","deg","20.000","°C","977.000","hPa","0.861","-0.02617","0.00035","0","0","13.56","Humid","24.85","0","70.00","286500.83","SABD0000000001","AAV1.0.0.11","1.1.2.0","PSt7-10","170328-006","1/4/2020 10:31:52","0000-00","0","no battery","V"
"11/02/2020","12:10:03","1","default","640513929","OXY_CH1","55.675","min","154.258","µmol/L","Humid","23.748","deg","44674","µV","26.762","°C","1018.000","hPa","35.3","pmil","0","55.520","deg","20.000","°C","100.000","%a.s.","21.750","deg","20.000","°C","977.000","hPa","0.861","-0.02617","0.00035","0","0","13.56","Humid","24.85","0","70.00","286488.13","SABD0000000001","AAV1.0.0.11","1.1.2.0","PSt7-10","170328-006","1/4/2020 10:31:52","0000-00","0","no battery","V"
"11/02/2020","12:10:04","1","default","640513929","OXY_CH1","55.692","min","154.198","µmol/L","Humid","23.753","deg","44677","µV","26.761","°C","1018.000","hPa","35.3","pmil","0","55.520","deg","20.000","°C","100.000","%a.s.","21.750","deg","20.000","°C","977.000","hPa","0.861","-0.02617","0.00035","0","0","13.56","Humid","24.85","0","70.00","286487.08","SABD0000000001","AAV1.0.0.11","1.1.2.0","PSt7-10","170328-006","1/4/2020 10:31:52","0000-00","0","no battery","V"
"11/02/2020","12:10:05","1","default","640513929","OXY_CH1","55.708","min","154.189","µmol/L","Humid","23.757","deg","44674","µV","26.752","°C","1018.000","hPa","35.3","pmil","0","55.520","deg","20.000","°C","100.000","%a.s.","21.750","deg","20.000","°C","977.000","hPa","0.861","-0.02617","0.00035","0","0","13.56","Humid","24.85","0","70.00","286491.05","SABD0000000001","AAV1.0.0.11","1.1.2.0","PSt7-10","170328-006","1/4/2020 10:31:52","0000-00","0","no battery","V"
"11/02/2020","12:10:06","1","default","640513929","OXY_CH1","55.725","min","154.169","µmol/L","Humid","23.754","deg","44676","µV","26.765","°C","1018.000","hPa","35.3","pmil","0","55.520","deg","20.000","°C","100.000","%a.s.","21.750","deg","20.000","°C","977.000","hPa","0.861","-0.02617","0.00035","0","0","13.56","Humid","24.85","0","70.00","286483.75","SABD0000000001","AAV1.0.0.11","1.1.2.0","PSt7-10","170328-006","1/4/2020 10:31:52","0000-00","0","no battery","V"
"11/02/2020","12:10:07","1","default","640513929","OXY_CH1","55.742","min","154.122","µmol/L","Humid","23.759","deg","44679","µV","26.761","°C","1018.000","hPa","35.3","pmil","0","55.520","deg","20.000","°C","100.000","%a.s.","21.750","deg","20.000","°C","977.000","hPa","0.861","-0.02617","0.00035","0","0","13.56","Humid","24.85","0","70.00","286480.22","SABD0000000001","AAV1.0.0.11","1.1.2.0","PSt7-10","170328-006","1/4/2020 10:31:52","0000-00","0","no battery","V"
"11/02/2020","12:10:08","1","default","640513929","OXY_CH1","55.759","min","154.200","µmol/L","Humid","23.757","deg","44680","µV","26.749","°C","1018.000","hPa","35.3","pmil","0","55.520","deg","20.000","°C","100.000","%a.s.","21.750","deg","20.000","°C","977.000","hPa","0.861","-0.02617","0.00035","0","0","13.56","Humid","24.85","0","70.00","286484.31","SABD0000000001","AAV1.0.0.11","1.1.2.0","PSt7-10","170328-006","1/4/2020 10:31:52","0000-00","0","no battery","V"
"11/02/2020","12:10:09","1","default","640513929","OXY_CH1","55.775","min","154.196","µmol/L","Humid","23.756","deg","44682","µV","26.753","°C","1018.000","hPa","35.3","pmil","0","55.520","deg","20.000","°C","100.000","%a.s.","21.750","deg","20.000","°C","977.000","hPa","0.861","-0.02617","0.00035","0","0","13.56","Humid","24.85","0","70.00","286480.23","SABD0000000001","AAV1.0.0.11","1.1.2.0","PSt7-10","170328-006","1/4/2020 10:31:52","0000-00","0","no battery","V"
"11/02/2020","12:10:10","1","default","640513929","OXY_CH1","55.792","min","154.239","µmol/L","Humid","23.753","deg","44684","µV","26.752","°C","1018.000","hPa","35.3","pmil","0","55.520","deg","20.000","°C","100.000","%a.s.","21.750","deg","20.000","°C","977.000","hPa","0.861","-0.02617","0.00035","0","0","13.56","Humid","24.85","0","70.00","286484.29","SABD0000000001","AAV1.0.0.11","1.1.2.0","PSt7-10","170328-006","1/4/2020 10:31:52","0000-00","0","no battery","V"
"11/02/2020","12:10:11","1","default","640513929","OXY_CH1","55.809","min","154.226","µmol/L","Humid","23.753","deg","44682","µV","26.755","°C","1018.000","hPa","35.3","pmil","0","55.520","deg","20.000","°C","100.000","%a.s.","21.750","deg","20.000","°C","977.000","hPa","0.861","-0.02617","0.00035","0","0","13.56","Humid","24.85","0","70.00","286477.66","SABD0000000001","AAV1.0.0.11","1.1.2.0","PSt7-10","170328-006","1/4/2020 10:31:52","0000-00","0","no battery","V"
"11/02/2020","12:10:12","1","default","640513929","OXY_CH1","55.826","min","154.226","µmol/L","Humid","23.751","deg","44686","µV","26.761","°C","1018.000","hPa","35.3","pmil","0","55.520","deg","20.000","°C","100.000","%a.s.","21.750","deg","20.000","°C","977.000","hPa","0.861","-0.02617","0.00035","0","0","13.56","Humid","24.85","0","70.00","286480.40","SABD0000000001","AAV1.0.0.11","1.1.2.0","PSt7-10","170328-006","1/4/2020 10:31:52","0000-00","0","no battery","V"
"11/02/2020","12:10:13","1","default","640513929","OXY_CH1","55.842","min","154.319","µmol/L","Humid","23.747","deg","44683","µV","26.752","°C","1018.000","hPa","35.3","pmil","0","55.520","deg","20.000","°C","100.000","%a.s.","21.750","deg","20.000","°C","977.000","hPa","0.861","-0.02617","0.00035","0","0","13.56","Humid","24.85","0","70.00","286470.55","SABD0000000001","AAV1.0.0.11","1.1.2.0","PSt7-10","170328-006","1/4/2020 10:31:52","0000-00","0","no battery","V"
"11/02/2020","12:10:14","1","default","640513929","OXY_CH1","55.859","min","154.199","µmol/L","Humid","23.756","deg","44679","µV","26.752","°C","1018.000","hPa","35.3","pmil","0","55.520","deg","20.000","°C","100.000","%a.s.","21.750","deg","20.000","°C","977.000","hPa","0.861","-0.02617","0.00035","0","0","13.56","Humid","24.85","0","70.00","286476.74","SABD0000000001","AAV1.0.0.11","1.1.2.0","PSt7-10","170328-006","1/4/2020 10:31:52","0000-00","0","no battery","V"
"11/02/2020","12:10:15","1","default","640513929","OXY_CH1","55.875","min","154.251","µmol/L","Humid","23.755","deg","44677","µV","26.744","°C","1018.000","hPa","35.3","pmil","0","55.520","deg","20.000","°C","100.000","%a.s.","21.750","deg","20.000","°C","977.000","hPa","0.861","-0.02617","0.00035","0","0","13.56","Humid","24.85","0","70.00","286467.52","SABD0000000001","AAV1.0.0.11","1.1.2.0","PSt7-10","170328-006","1/4/2020 10:31:52","0000-00","0","no battery","V"
"11/02/2020","12:10:16","1","default","640513929","OXY_CH1","55.892","min","154.276","µmol/L","Humid","23.751","deg","44678","µV","26.750","°C","1018.000","hPa","35.3","pmil","0","55.520","deg","20.000","°C","100.000","%a.s.","21.750","deg","20.000","°C","977.000","hPa","0.861","-0.02617","0.00035","0","0","13.56","Humid","24.85","0","70.00","286472.02","SABD0000000001","AAV1.0.0.11","1.1.2.0","PSt7-10","170328-006","1/4/2020 10:31:52","0000-00","0","no battery","V"
"11/02/2020","12:10:17","1","default","640513929","OXY_CH1","55.908","min","154.257","µmol/L","Humid","23.754","deg","44682","µV","26.745","°C","1018.000","hPa","35.3","pmil","0","55.520","deg","20.000","°C","100.000","%a.s.","21.750","deg","20.000","°C","977.000","hPa","0.861","-0.02617","0.00035","0","0","13.56","Humid","24.85","0","70.00","286479.15","SABD0000000001","AAV1.0.0.11","1.1.2.0","PSt7-10","170328-006","1/4/2020 10:31:52","0000-00","0","no battery","V"
"11/02/2020","12:10:18","1","default","640513929","OXY_CH1","55.925","min","154.164","µmol/L","Humid","23.761","deg","44684","µV","26.746","°C","1018.000","hPa","35.3","pmil","0","55.520","deg","20.000","°C","100.000","%a.s.","21.750","deg","20.000","°C","977.000","hPa","0.861","-0.02617","0.00035","0","0","13.56","Humid","24.85","0","70.00","286473.89","SABD0000000001","AAV1.0.0.11","1.1.2.0","PSt7-10","170328-006","1/4/2020 10:31:52","0000-00","0","no battery","V"
"11/02/2020","12:10:19","1","default","640513929","OXY_CH1","55.942","min","154.177","µmol/L","Humid","23.754","deg","44681","µV","26.763","°C","1018.000","hPa","35.3","pmil","0","55.520","deg","20.000","°C","100.000","%a.s.","21.750","deg","20.000","°C","977.000","hPa","0.861","-0.02617","0.00035","0","0","13.56","Humid","24.85","0","70.00","286477.16","SABD0000000001","AAV1.0.0.11","1.1.2.0","PSt7-10","170328-006","1/4/2020 10:31:52","0000-00","0","no battery","V"
"11/02/2020","12:10:20","1","default","640513929","OXY_CH1","55.959","min","154.177","µmol/L","Humid","23.754","deg","44680","µV","26.763","°C","1018.000","hPa","35.3","pmil","0","55.520","deg","20.000","°C","100.000","%a.s.","21.750","deg","20.000","°C","977.000","hPa","0.861","-0.02617","0.00035","0","0","13.56","Humid","24.85","0","70.00","286486.04","SABD0000000001","AAV1.0.0.11","1.1.2.0","PSt7-10","170328-006","1/4/2020 10:31:52","0000-00","0","no battery","V"
"11/02/2020","12:10:21","1","default","640513929","OXY_CH1","55.975","min","154.183","µmol/L","Humid","23.757","deg","44685","µV","26.753","°C","1018.000","hPa","35.3","pmil","0","55.520","deg","20.000","°C","100.000","%a.s.","21.750","deg","20.000","°C","977.000","hPa","0.861","-0.02617","0.00035","0","0","13.56","Humid","24.85","0","70.00","286478.40","SABD0000000001","AAV1.0.0.11","1.1.2.0","PSt7-10","170328-006","1/4/2020 10:31:52","0000-00","0","no battery","V"
"11/02/2020","12:10:22","1","default","640513929","OXY_CH1","55.992","min","154.162","µmol/L","Humid","23.757","deg","44682","µV","26.758","°C","1018.000","hPa","35.3","pmil","0","55.520","deg","20.000","°C","100.000","%a.s.","21.750","deg","20.000","°C","977.000","hPa","0.861","-0.02617","0.00035","0","0","13.56","Humid","24.85","0","70.00","286476.85","SABD0000000001","AAV1.0.0.11","1.1.2.0","PSt7-10","170328-006","1/4/2020 10:31:52","0000-00","0","no battery","V"
"11/02/2020","12:10:23","1","default","640513929","OXY_CH1","56.009","min","154.169","µmol/L","Humid","23.757","deg","44683","µV","26.756","°C","1018.000","hPa","35.3","pmil","0","55.520","deg","20.000","°C","100.000","%a.s.","21.750","deg","20.000","°C","977.000","hPa","0.861","-0.02617","0.00035","0","0","13.56","Humid","24.85","0","70.00","286472.79","SABD0000000001","AAV1.0.0.11","1.1.2.0","PSt7-10","170328-006","1/4/2020 10:31:52","0000-00","0","no battery","V"
"11/02/2020","12:10:24","1","default","640513929","OXY_CH1","56.026","min","154.282","µmol/L","Humid","23.750","deg","44680","µV","26.751","°C","1018.000","hPa","35.3","pmil","0","55.520","deg","20.000","°C","100.000","%a.s.","21.750","deg","20.000","°C","977.000","hPa","0.861","-0.02617","0.00035","0","0","13.56","Humid","24.85","0","70.00","286475.88","SABD0000000001","AAV1.0.0.11","1.1.2.0","PSt7-10","170328-006","1/4/2020 10:31:52","0000-00","0","no battery","V"
"11/02/2020","12:10:25","1","default","640513929","OXY_CH1","56.042","min","154.278","µmol/L","Humid","23.749","deg","44684","µV","26.755","°C","1018.000","hPa","35.3","pmil","0","55.520","deg","20.000","°C","100.000","%a.s.","21.750","deg","20.000","°C","977.000","hPa","0.861","-0.02617","0.00035","0","0","13.56","Humid","24.85","0","70.00","286477.87","SABD0000000001","AAV1.0.0.11","1.1.2.0","PSt7-10","170328-006","1/4/2020 10:31:52","0000-00","0","no battery","V"
"11/02/2020","12:10:26","1","default","640513929","OXY_CH1","56.059","min","154.312","µmol/L","Humid","23.747","deg","44686","µV","26.753","°C","1018.000","hPa","35.3","pmil","0","55.520","deg","20.000","°C","100.000","%a.s.","21.750","deg","20.000","°C","977.000","hPa","0.861","-0.02617","0.00035","0","0","13.56","Humid","24.85","0","70.00","286475.42","SABD0000000001","AAV1.0.0.11","1.1.2.0","PSt7-10","170328-006","1/4/2020 10:31:52","0000-00","0","no battery","V"
"11/02/2020","12:10:27","1","default","640513929","OXY_CH1","56.075","min","154.136","µmol/L","Humid","23.761","deg","44682","µV","26.752","°C","1018.000","hPa","35.3","pmil","0","55.520","deg","20.000","°C","100.000","%a.s.","21.750","deg","20.000","°C","977.000","hPa","0.861","-0.02617","0.00035","0","0","13.56","Humid","24.85","0","70.00","286471.28","SABD0000000001","AAV1.0.0.11","1.1.2.0","PSt7-10","170328-006","1/4/2020 10:31:52","0000-00","0","no battery","V"
"11/02/2020","12:10:28","1","default","640513929","OXY_CH1","56.092","min","154.298","µmol/L","Humid","23.750","deg","44689","µV","26.748","°C","1018.000","hPa","35.3","pmil","0","55.520","deg","20.000","°C","100.000","%a.s.","21.750","deg","20.000","°C","977.000","hPa","0.861","-0.02617","0.00035","0","0","13.56","Humid","24.85","0","70.00","286476.55","SABD0000000001","AAV1.0.0.11","1.1.2.0","PSt7-10","170328-006","1/4/2020 10:31:52","0000-00","0","no battery","V"
"11/02/2020","12:10:29","1","default","640513929","OXY_CH1","56.109","min","154.183","µmol/L","Humid","23.759","deg","44685","µV","26.747","°C","1018.000","hPa","35.3","pmil","0","55.520","deg","20.000","°C","100.000","%a.s.","21.750","deg","20.000","°C","977.000","hPa","0.861","-0.02617","0.00035","0","0","13.56","Humid","24.85","0","70.00","286471.86","SABD0000000001","AAV1.0.0.11","1.1.2.0","PSt7-10","170328-006","1/4/2020 10:31:52","0000-00","0","no battery","V"
"11/02/2020","12:10:30","1","default","640513929","OXY_CH1","56.125","min","154.230","µmol/L","Humid","23.754","deg","44679","µV","26.751","°C","1018.000","hPa","35.3","pmil","0","55.520","deg","20.000","°C","100.000","%a.s.","21.750","deg","20.000","°C","977.000","hPa","0.861","-0.02617","0.00035","0","0","13.56","Humid","24.85","0","70.00","286476.93","SABD0000000001","AAV1.0.0.11","1.1.2.0","PSt7-10","170328-006","1/4/2020 10:31:52","0000-00","0","no battery","V"
"11/02/2020","12:10:31","1","default","640513929","OXY_CH1","56.142","min","154.351","µmol/L","Humid","23.747","deg","44685","µV","26.744","°C","1018.000","hPa","35.3","pmil","0","55.520","deg","20.000","°C","100.000","%a.s.","21.750","deg","20.000","°C","977.000","hPa","0.861","-0.02617","0.00035","0","0","13.56","Humid","24.85","0","70.00","286465.65","SABD0000000001","AAV1.0.0.11","1.1.2.0","PSt7-10","170328-006","1/4/2020 10:31:52","0000-00","0","no battery","V"
"11/02/2020","12:10:32","1","default","640513929","OXY_CH1","56.159","min","154.272","µmol/L","Humid","23.751","deg","44676","µV","26.750","°C","1018.000","hPa","35.3","pmil","0","55.520","deg","20.000","°C","100.000","%a.s.","21.750","deg","20.000","°C","977.000","hPa","0.861","-0.02617","0.00035","0","0","13.56","Humid","24.85","0","70.00","286473.94","SABD0000000001","AAV1.0.0.11","1.1.2.0","PSt7-10","170328-006","1/4/2020 10:31:52","0000-00","0","no battery","V"
"11/02/2020","12:10:33","1","default","640513929","OXY_CH1","56.176","min","154.298","µmol/L","Humid","23.752","deg","44681","µV","26.742","°C","1018.000","hPa","35.3","pmil","0","55.520","deg","20.000","°C","100.000","%a.s.","21.750","deg","20.000","°C","977.000","hPa","0.861","-0.02617","0.00035","0","0","13.56","Humid","24.85","0","70.00","286472.37","SABD0000000001","AAV1.0.0.11","1.1.2.0","PSt7-10","170328-006","1/4/2020 10:31:52","0000-00","0","no battery","V"
"11/02/2020","12:10:34","1","default","640513929","OXY_CH1","56.192","min","154.272","µmol/L","Humid","23.755","deg","44685","µV","26.739","°C","1018.000","hPa","35.3","pmil","0","55.520","deg","20.000","°C","100.000","%a.s.","21.750","deg","20.000","°C","977.000","hPa","0.861","-0.02617","0.00035","0","0","13.56","Humid","24.85","0","70.00","286472.23","SABD0000000001","AAV1.0.0.11","1.1.2.0","PSt7-10","170328-006","1/4/2020 10:31:52","0000-00","0","no battery","V"
"11/02/2020","12:10:35","1","default","640513929","OXY_CH1","56.208","min","154.345","µmol/L","Humid","23.750","deg","44686","µV","26.737","°C","1018.000","hPa","35.3","pmil","0","55.520","deg","20.000","°C","100.000","%a.s.","21.750","deg","20.000","°C","977.000","hPa","0.861","-0.02617","0.00035","0","0","13.56","Humid","24.85","0","70.00","286463.47","SABD0000000001","AAV1.0.0.11","1.1.2.0","PSt7-10","170328-006","1/4/2020 10:31:52","0000-00","0","no battery","V"
"11/02/2020","12:10:36","1","default","640513929","OXY_CH1","56.225","min","154.277","µmol/L","Humid","23.754","deg","44680","µV","26.741","°C","1018.000","hPa","35.3","pmil","0","55.520","deg","20.000","°C","100.000","%a.s.","21.750","deg","20.000","°C","977.000","hPa","0.861","-0.02617","0.00035","0","0","13.56","Humid","24.85","0","70.00","286467.76","SABD0000000001","AAV1.0.0.11","1.1.2.0","PSt7-10","170328-006","1/4/2020 10:31:52","0000-00","0","no battery","V"
"11/02/2020","12:10:37","1","default","640513929","OXY_CH1","56.242","min","154.252","µmol/L","Humid","23.757","deg","44682","µV","26.738","°C","1018.000","hPa","35.3","pmil","0","55.520","deg","20.000","°C","100.000","%a.s.","21.750","deg","20.000","°C","977.000","hPa","0.861","-0.02617","0.00035","0","0","13.56","Humid","24.85","0","70.00","286473.44","SABD0000000001","AAV1.0.0.11","1.1.2.0","PSt7-10","170328-006","1/4/2020 10:31:52","0000-00","0","no battery","V"
"11/02/2020","12:10:38","1","default","640513929","OXY_CH1","56.259","min","154.214","µmol/L","Humid","23.762","deg","44683","µV","26.732","°C","1018.000","hPa","35.3","pmil","0","55.520","deg","20.000","°C","100.000","%a.s.","21.750","deg","20.000","°C","977.000","hPa","0.861","-0.02617","0.00035","0","0","13.56","Humid","24.85","0","70.00","286470.33","SABD0000000001","AAV1.0.0.11","1.1.2.0","PSt7-10","170328-006","1/4/2020 10:31:52","0000-00","0","no battery","V"
"11/02/2020","12:10:39","1","default","640513929","OXY_CH1","56.275","min","154.191","µmol/L","Humid","23.757","deg","44682","µV","26.751","°C","1018.000","hPa","35.3","pmil","0","55.520","deg","20.000","°C","100.000","%a.s.","21.750","deg","20.000","°C","977.000","hPa","0.861","-0.02617","0.00035","0","0","13.56","Humid","24.85","0","70.00","286475.77","SABD0000000001","AAV1.0.0.11","1.1.2.0","PSt7-10","170328-006","1/4/2020 10:31:52","0000-00","0","no battery","V"
"11/02/2020","12:10:40","1","default","640513929","OXY_CH1","56.292","min","154.208","µmol/L","Humid","23.754","deg","44677","µV","26.756","°C","1018.000","hPa","35.3","pmil","0","55.520","deg","20.000","°C","100.000","%a.s.","21.750","deg","20.000","°C","977.000","hPa","0.861","-0.02617","0.00035","0","0","13.56","Humid","24.85","0","70.00","286468.23","SABD0000000001","AAV1.0.0.11","1.1.2.0","PSt7-10","170328-006","1/4/2020 10:31:52","0000-00","0","no battery","V"
"11/02/2020","12:10:41","1","default","640513929","OXY_CH1","56.309","min","154.227","µmol/L","Humid","23.756","deg","44675","µV","26.746","°C","1018.000","hPa","35.3","pmil","0","55.520","deg","20.000","°C","100.000","%a.s.","21.750","deg","20.000","°C","977.000","hPa","0.861","-0.02617","0.00035","0","0","13.56","Humid","24.85","0","70.00","286467.33","SABD0000000001","AAV1.0.0.11","1.1.2.0","PSt7-10","170328-006","1/4/2020 10:31:52","0000-00","0","no battery","V"
"11/02/2020","12:10:42","1","default","640513929","OXY_CH1","56.326","min","154.206","µmol/L","Humid","23.755","deg","44681","µV","26.754","°C","1018.000","hPa","35.3","pmil","0","55.520","deg","20.000","°C","100.000","%a.s.","21.750","deg","20.000","°C","977.000","hPa","0.861","-0.02617","0.00035","0","0","13.56","Humid","24.85","0","70.00","286476.65","SABD0000000001","AAV1.0.0.11","1.1.2.0","PSt7-10","170328-006","1/4/2020 10:31:52","0000-00","0","no battery","V"
"11/02/2020","12:10:43","1","default","640513929","OXY_CH1","56.342","min","154.162","µmol/L","Humid","23.760","deg","44680","µV","26.749","°C","1018.000","hPa","35.3","pmil","0","55.520","deg","20.000","°C","100.000","%a.s.","21.750","deg","20.000","°C","977.000","hPa","0.861","-0.02617","0.00035","0","0","13.56","Humid","24.85","0","70.00","286462.07","SABD0000000001","AAV1.0.0.11","1.1.2.0","PSt7-10","170328-006","1/4/2020 10:31:52","0000-00","0","no battery","V"
"11/02/2020","12:10:44","1","default","640513929","OXY_CH1","56.359","min","154.351","µmol/L","Humid","23.749","deg","44675","µV","26.739","°C","1018.000","hPa","35.3","pmil","0","55.520","deg","20.000","°C","100.000","%a.s.","21.750","deg","20.000","°C","977.000","hPa","0.861","-0.02617","0.00035","0","0","13.56","Humid","24.85","0","70.00","286466.21","SABD0000000001","AAV1.0.0.11","1.1.2.0","PSt7-10","170328-006","1/4/2020 10:31:52","0000-00","0","no battery","V"
"11/02/2020","12:10:45","1","default","640513929","OXY_CH1","56.375","min","154.336","µmol/L","Humid","23.748","deg","44682","µV","26.745","°C","1018.000","hPa","35.3","pmil","0","55.520","deg","20.000","°C","100.000","%a.s.","21.750","deg","20.000","°C","977.000","hPa","0.861","-0.02617","0.00035","0","0","13.56","Humid","24.85","0","70.00","286464.79","SABD0000000001","AAV1.0.0.11","1.1.2.0","PSt7-10","170328-006","1/4/2020 10:31:52","0000-00","0","no battery","V"
"11/02/2020","12:10:46","1","default","640513929","OXY_CH1","56.392","min","154.226","µmol/L","Humid","23.758","deg","44676","µV","26.741","°C","1018.000","hPa","35.3","pmil","0","55.520","deg","20.000","°C","100.000","%a.s.","21.750","deg","20.000","°C","977.000","hPa","0.861","-0.02617","0.00035","0","0","13.56","Humid","24.85","0","70.00","286464.07","SABD0000000001","AAV1.0.0.11","1.1.2.0","PSt7-10","170328-006","1/4/2020 10:31:52","0000-00","0","no battery","V"
"11/02/2020","12:10:47","1","default","640513929","OXY_CH1","56.409","min","154.337","µmol/L","Humid","23.750","deg","44675","µV","26.739","°C","1018.000","hPa","35.3","pmil","0","55.520","deg","20.000","°C","100.000","%a.s.","21.750","deg","20.000","°C","977.000","hPa","0.861","-0.02617","0.00035","0","0","13.56","Humid","24.85","0","70.00","286474.26","SABD0000000001","AAV1.0.0.11","1.1.2.0","PSt7-10","170328-006","1/4/2020 10:31:52","0000-00","0","no battery","V"
"11/02/2020","12:10:48","1","default","640513929","OXY_CH1","56.425","min","154.343","µmol/L","Humid","23.748","deg","44675","µV","26.743","°C","1018.000","hPa","35.3","pmil","0","55.520","deg","20.000","°C","100.000","%a.s.","21.750","deg","20.000","°C","977.000","hPa","0.861","-0.02617","0.00035","0","0","13.56","Humid","24.85","0","70.00","286461.23","SABD0000000001","AAV1.0.0.11","1.1.2.0","PSt7-10","170328-006","1/4/2020 10:31:52","0000-00","0","no battery","V"
"11/02/2020","12:10:49","1","default","640513929","OXY_CH1","56.442","min","154.333","µmol/L","Humid","23.750","deg","44676","µV","26.740","°C","1018.000","hPa","35.3","pmil","0","55.520","deg","20.000","°C","100.000","%a.s.","21.750","deg","20.000","°C","977.000","hPa","0.861","-0.02617","0.00035","0","0","13.56","Humid","24.85","0","70.00","286467.15","SABD0000000001","AAV1.0.0.11","1.1.2.0","PSt7-10","170328-006","1/4/2020 10:31:52","0000-00","0","no battery","V"
"11/02/2020","12:10:50","1","default","640513929","OXY_CH1","56.459","min","154.160","µmol/L","Humid","23.759","deg","44676","µV","26.753","°C","1018.000","hPa","35.3","pmil","0","55.520","deg","20.000","°C","100.000","%a.s.","21.750","deg","20.000","°C","977.000","hPa","0.861","-0.02617","0.00035","0","0","13.56","Humid","24.85","0","70.00","286473.33","SABD0000000001","AAV1.0.0.11","1.1.2.0","PSt7-10","170328-006","1/4/2020 10:31:52","0000-00","0","no battery","V"
"11/02/2020","12:10:51","1","default","640513929","OXY_CH1","56.475","min","154.272","µmol/L","Humid","23.755","deg","44675","µV","26.739","°C","1018.000","hPa","35.3","pmil","0","55.520","deg","20.000","°C","100.000","%a.s.","21.750","deg","20.000","°C","977.000","hPa","0.861","-0.02617","0.00035","0","0","13.56","Humid","24.85","0","70.00","286459.21","SABD0000000001","AAV1.0.0.11","1.1.2.0","PSt7-10","170328-006","1/4/2020 10:31:52","0000-00","0","no battery","V"
"11/02/2020","12:10:52","1","default","640513929","OXY_CH1","56.492","min","154.298","µmol/L","Humid","23.756","deg","44673","µV","26.730","°C","1018.000","hPa","35.3","pmil","0","55.520","deg","20.000","°C","100.000","%a.s.","21.750","deg","20.000","°C","977.000","hPa","0.861","-0.02617","0.00035","0","0","13.56","Humid","24.85","0","70.00","286457.26","SABD0000000001","AAV1.0.0.11","1.1.2.0","PSt7-10","170328-006","1/4/2020 10:31:52","0000-00","0","no battery","V"
"11/02/2020","12:10:53","1","default","640513929","OXY_CH1","56.509","min","154.209","µmol/L","Humid","23.758","deg","44674","µV","26.745","°C","1018.000","hPa","35.3","pmil","0","55.520","deg","20.000","°C","100.000","%a.s.","21.750","deg","20.000","°C","977.000","hPa","0.861","-0.02617","0.00035","0","0","13.56","Humid","24.85","0","70.00","286472.41","SABD0000000001","AAV1.0.0.11","1.1.2.0","PSt7-10","170328-006","1/4/2020 10:31:52","0000-00","0","no battery","V"
"11/02/2020","12:10:54","1","default","640513929","OXY_CH1","56.526","min","154.256","µmol/L","Humid","23.754","deg","44670","µV","26.745","°C","1018.000","hPa","35.3","pmil","0","55.520","deg","20.000","°C","100.000","%a.s.","21.750","deg","20.000","°C","977.000","hPa","0.861","-0.02617","0.00035","0","0","13.56","Humid","24.85","0","70.00","286463.26","SABD0000000001","AAV1.0.0.11","1.1.2.0","PSt7-10","170328-006","1/4/2020 10:31:52","0000-00","0","no battery","V"
"11/02/2020","12:10:55","1","default","640513929","OXY_CH1","56.542","min","154.237","µmol/L","Humid","23.759","deg","44673","µV","26.735","°C","1018.000","hPa","35.3","pmil","0","55.520","deg","20.000","°C","100.000","%a.s.","21.750","deg","20.000","°C","977.000","hPa","0.861","-0.02617","0.00035","0","0","13.56","Humid","24.85","0","70.00","286470.13","SABD0000000001","AAV1.0.0.11","1.1.2.0","PSt7-10","170328-006","1/4/2020 10:31:52","0000-00","0","no battery","V"
"11/02/2020","12:10:56","1","default","640513929","OXY_CH1","56.559","min","154.167","µmol/L","Humid","23.761","deg","44672","µV","26.745","°C","1018.000","hPa","35.3","pmil","0","55.520","deg","20.000","°C","100.000","%a.s.","21.750","deg","20.000","°C","977.000","hPa","0.861","-0.02617","0.00035","0","0","13.56","Humid","24.85","0","70.00","286467.84","SABD0000000001","AAV1.0.0.11","1.1.2.0","PSt7-10","170328-006","1/4/2020 10:31:52","0000-00","0","no battery","V"
"11/02/2020","12:10:57","1","default","640513929","OXY_CH1","56.576","min","154.393","µmol/L","Humid","23.748","deg","44674","µV","26.732","°C","1018.000","hPa","35.3","pmil","0","55.520","deg","20.000","°C","100.000","%a.s.","21.750","deg","20.000","°C","977.000","hPa","0.861","-0.02617","0.00035","0","0","13.56","Humid","24.85","0","70.00","286457.88","SABD0000000001","AAV1.0.0.11","1.1.2.0","PSt7-10","170328-006","1/4/2020 10:31:52","0000-00","0","no battery","V"
"11/02/2020","12:10:58","1","default","640513929","OXY_CH1","56.592","min","154.178","µmol/L","Humid","23.758","deg","44674","µV","26.751","°C","1018.000","hPa","35.3","pmil","0","55.520","deg","20.000","°C","100.000","%a.s.","21.750","deg","20.000","°C","977.000","hPa","0.861","-0.02617","0.00035","0","0","13.56","Humid","24.85","0","70.00","286462.73","SABD0000000001","AAV1.0.0.11","1.1.2.0","PSt7-10","170328-006","1/4/2020 10:31:52","0000-00","0","no battery","V"
"11/02/2020","12:10:59","1","default","640513929","OXY_CH1","56.608","min","154.180","µmol/L","Humid","23.760","deg","44671","µV","26.745","°C","1018.000","hPa","35.3","pmil","0","55.520","deg","20.000","°C","100.000","%a.s.","21.750","deg","20.000","°C","977.000","hPa","0.861","-0.02617","0.00035","0","0","13.56","Humid","24.85","0","70.00","286466.35","SABD0000000001","AAV1.0.0.11","1.1.2.0","PSt7-10","170328-006","1/4/2020 10:31:52","0000-00","0","no battery","V"
"11/02/2020","12:11:00","1","default","640513929","OXY_CH1","56.625","min","154.312","µmol/L","Humid","23.750","deg","44671","µV","26.744","°C","1018.000","hPa","35.3","pmil","0","55.520","deg","20.000","°C","100.000","%a.s.","21.750","deg","20.000","°C","977.000","hPa","0.861","-0.02617","0.00035","0","0","13.56","Humid","24.85","0","70.00","286465.67","SABD0000000001","AAV1.0.0.11","1.1.2.0","PSt7-10","170328-006","1/4/2020 10:31:52","0000-00","0","no battery","V"
"11/02/2020","12:11:01","1","default","640513929","OXY_CH1","56.642","min","154.166","µmol/L","Humid","23.761","deg","44667","µV","26.745","°C","1018.000","hPa","35.3","pmil","0","55.520","deg","20.000","°C","100.000","%a.s.","21.750","deg","20.000","°C","977.000","hPa","0.861","-0.02617","0.00035","0","0","13.56","Humid","24.85","0","70.00","286462.53","SABD0000000001","AAV1.0.0.11","1.1.2.0","PSt7-10","170328-006","1/4/2020 10:31:52","0000-00","0","no battery","V"
"11/02/2020","12:11:02","1","default","640513929","OXY_CH1","56.659","min","154.307","µmol/L","Humid","23.756","deg","44667","µV","26.729","°C","1018.000","hPa","35.3","pmil","0","55.520","deg","20.000","°C","100.000","%a.s.","21.750","deg","20.000","°C","977.000","hPa","0.861","-0.02617","0.00035","0","0","13.56","Humid","24.85","0","70.00","286466.99","SABD0000000001","AAV1.0.0.11","1.1.2.0","PSt7-10","170328-006","1/4/2020 10:31:52","0000-00","0","no battery","V"
"11/02/2020","12:11:03","1","default","640513929","OXY_CH1","56.675","min","154.221","µmol/L","Humid","23.756","deg","44669","µV","26.748","°C","1018.000","hPa","35.3","pmil","0","55.520","deg","20.000","°C","100.000","%a.s.","21.750","deg","20.000","°C","977.000","hPa","0.861","-0.02617","0.00035","0","0","13.56","Humid","24.85","0","70.00","286465.90","SABD0000000001","AAV1.0.0.11","1.1.2.0","PSt7-10","170328-006","1/4/2020 10:31:52","0000-00","0","no battery","V"
"11/02/2020","12:11:04","1","default","640513929","OXY_CH1","56.692","min","154.099","µmol/L","Humid","23.765","deg","44667","µV","26.749","°C","1018.000","hPa","35.3","pmil","0","55.520","deg","20.000","°C","100.000","%a.s.","21.750","deg","20.000","°C","977.000","hPa","0.861","-0.02617","0.00035","0","0","13.56","Humid","24.85","0","70.00","286461.90","SABD0000000001","AAV1.0.0.11","1.1.2.0","PSt7-10","170328-006","1/4/2020 10:31:52","0000-00","0","no battery","V"
"11/02/2020","12:11:05","1","default","640513929","OXY_CH1","56.709","min","154.146","µmol/L","Humid","23.764","deg","44668","µV","26.741","°C","1018.000","hPa","35.3","pmil","0","55.520","deg","20.000","°C","100.000","%a.s.","21.750","deg","20.000","°C","977.000","hPa","0.861","-0.02617","0.00035","0","0","13.56","Humid","24.85","0","70.00","286463.65","SABD0000000001","AAV1.0.0.11","1.1.2.0","PSt7-10","170328-006","1/4/2020 10:31:52","0000-00","0","no battery","V"
"11/02/2020","12:11:06","1","default","640513929","OXY_CH1","56.726","min","154.142","µmol/L","Humid","23.764","deg","44667","µV","26.742","°C","1018.000","hPa","35.3","pmil","0","55.520","deg","20.000","°C","100.000","%a.s.","21.750","deg","20.000","°C","977.000","hPa","0.861","-0.02617","0.00035","0","0","13.56","Humid","24.85","0","70.00","286463.01","SABD0000000001","AAV1.0.0.11","1.1.2.0","PSt7-10","170328-006","1/4/2020 10:31:52","0000-00","0","no battery","V"
"11/02/2020","12:11:07","1","default","640513929","OXY_CH1","56.742","min","154.250","µmol/L","Humid","23.757","deg","44669","µV","26.738","°C","1018.000","hPa","35.3","pmil","0","55.520","deg","20.000","°C","100.000","%a.s.","21.750","deg","20.000","°C","977.000","hPa","0.861","-0.02617","0.00035","0","0","13.56","Humid","24.85","0","70.00","286469.73","SABD0000000001","AAV1.0.0.11","1.1.2.0","PSt7-10","170328-006","1/4/2020 10:31:52","0000-00","0","no battery","V"
"11/02/2020","12:11:08","1","default","640513929","OXY_CH1","56.759","min","154.205","µmol/L","Humid","23.758","deg","44673","µV","26.745","°C","1018.000","hPa","35.3","pmil","0","55.520","deg","20.000","°C","100.000","%a.s.","21.750","deg","20.000","°C","977.000","hPa","0.861","-0.02617","0.00035","0","0","13.56","Humid","24.85","0","70.00","286465.75","SABD0000000001","AAV1.0.0.11","1.1.2.0","PSt7-10","170328-006","1/4/2020 10:31:52","0000-00","0","no battery","V"
"11/02/2020","12:11:09","1","default","640513929","OXY_CH1","56.775","min","154.280","µmol/L","Humid","23.754","deg","44671","µV","26.740","°C","1018.000","hPa","35.3","pmil","0","55.520","deg","20.000","°C","100.000","%a.s.","21.750","deg","20.000","°C","977.000","hPa","0.861","-0.02617","0.00035","0","0","13.56","Humid","24.85","0","70.00","286465.47","SABD0000000001","AAV1.0.0.11","1.1.2.0","PSt7-10","170328-006","1/4/2020 10:31:52","0000-00","0","no battery","V"
"11/02/2020","12:11:10","1","default","640513929","OXY_CH1","56.792","min","154.207","µmol/L","Humid","23.763","deg","44674","µV","26.731","°C","1018.000","hPa","35.3","pmil","0","55.520","deg","20.000","°C","100.000","%a.s.","21.750","deg","20.000","°C","977.000","hPa","0.861","-0.02617","0.00035","0","0","13.56","Humid","24.85","0","70.00","286443.28","SABD0000000001","AAV1.0.0.11","1.1.2.0","PSt7-10","170328-006","1/4/2020 10:31:52","0000-00","0","no battery","V"
"11/02/2020","12:11:11","1","default","640513929","OXY_CH1","56.808","min","154.254","µmol/L","Humid","23.758","deg","44674","µV","26.734","°C","1018.000","hPa","35.3","pmil","0","55.520","deg","20.000","°C","100.000","%a.s.","21.750","deg","20.000","°C","977.000","hPa","0.861","-0.02617","0.00035","0","0","13.56","Humid","24.85","0","70.00","286454.54","SABD0000000001","AAV1.0.0.11","1.1.2.0","PSt7-10","170328-006","1/4/2020 10:31:52","0000-00","0","no battery","V"
"11/02/2020","12:11:12","1","default","640513929","OXY_CH1","56.825","min","154.233","µmol/L","Humid","23.758","deg","44664","µV","26.739","°C","1018.000","hPa","35.3","pmil","0","55.520","deg","20.000","°C","100.000","%a.s.","21.750","deg","20.000","°C","977.000","hPa","0.861","-0.02617","0.00035","0","0","13.56","Humid","24.85","0","70.00","286449.70","SABD0000000001","AAV1.0.0.11","1.1.2.0","PSt7-10","170328-006","1/4/2020 10:31:52","0000-00","0","no battery","V"
"11/02/2020","12:11:13","1","default","640513929","OXY_CH1","56.842","min","154.294","µmol/L","Humid","23.755","deg","44663","µV","26.734","°C","1018.000","hPa","35.3","pmil","0","55.520","deg","20.000","°C","100.000","%a.s.","21.750","deg","20.000","°C","977.000","hPa","0.861","-0.02617","0.00035","0","0","13.56","Humid","24.85","0","70.00","286461.13","SABD0000000001","AAV1.0.0.11","1.1.2.0","PSt7-10","170328-006","1/4/2020 10:31:52","0000-00","0","no battery","V"
"11/02/2020","12:11:14","1","default","640513929","OXY_CH1","56.859","min","154.332","µmol/L","Humid","23.753","deg","44666","µV","26.731","°C","1018.000","hPa","35.3","pmil","0","55.520","deg","20.000","°C","100.000","%a.s.","21.750","deg","20.000","°C","977.000","hPa","0.861","-0.02617","0.00035","0","0","13.56","Humid","24.85","0","70.00","286460.18","SABD0000000001","AAV1.0.0.11","1.1.2.0","PSt7-10","170328-006","1/4/2020 10:31:52","0000-00","0","no battery","V"
"11/02/2020","12:11:15","1","default","640513929","OXY_CH1","56.876","min","154.328","µmol/L","Humid","23.758","deg","44665","µV","26.718","°C","1018.000","hPa","35.3","pmil","0","55.520","deg","20.000","°C","100.000","%a.s.","21.750","deg","20.000","°C","977.000","hPa","0.861","-0.02617","0.00035","0","0","13.56","Humid","24.85","0","70.00","286462.83","SABD0000000001","AAV1.0.0.11","1.1.2.0","PSt7-10","170328-006","1/4/2020 10:31:52","0000-00","0","no battery","V"
"11/02/2020","12:11:16","1","default","640513929","OXY_CH1","56.892","min","154.258","µmol/L","Humid","23.762","deg","44665","µV","26.722","°C","1018.000","hPa","35.3","pmil","0","55.520","deg","20.000","°C","100.000","%a.s.","21.750","deg","20.000","°C","977.000","hPa","0.861","-0.02617","0.00035","0","0","13.56","Humid","24.85","0","70.00","286451.06","SABD0000000001","AAV1.0.0.11","1.1.2.0","PSt7-10","170328-006","1/4/2020 10:31:52","0000-00","0","no battery","V"
"11/02/2020","12:11:17","1","default","640513929","OXY_CH1","56.909","min","154.149","µmol/L","Humid","23.763","deg","44665","µV","26.744","°C","1018.000","hPa","35.3","pmil","0","55.520","deg","20.000","°C","100.000","%a.s.","21.750","deg","20.000","°C","977.000","hPa","0.861","-0.02617","0.00035","0","0","13.56","Humid","24.85","0","70.00","286452.75","SABD0000000001","AAV1.0.0.11","1.1.2.0","PSt7-10","170328-006","1/4/2020 10:31:52","0000-00","0","no battery","V"
"11/02/2020","12:11:18","1","default","640513929","OXY_CH1","56.925","min","154.193","µmol/L","Humid","23.761","deg","44668","µV","26.739","°C","1018.000","hPa","35.3","pmil","0","55.520","deg","20.000","°C","100.000","%a.s.","21.750","deg","20.000","°C","977.000","hPa","0.861","-0.02617","0.00035","0","0","13.56","Humid","24.85","0","70.00","286457.01","SABD0000000001","AAV1.0.0.11","1.1.2.0","PSt7-10","170328-006","1/4/2020 10:31:52","0000-00","0","no battery","V"
"11/02/2020","12:11:19","1","default","640513929","OXY_CH1","56.942","min","154.279","µmol/L","Humid","23.754","deg","44667","µV","26.740","°C","1018.000","hPa","35.3","pmil","0","55.520","deg","20.000","°C","100.000","%a.s.","21.750","deg","20.000","°C","977.000","hPa","0.861","-0.02617","0.00035","0","0","13.56","Humid","24.85","0","70.00","286454.58","SABD0000000001","AAV1.0.0.11","1.1.2.0","PSt7-10","170328-006","1/4/2020 10:31:52","0000-00","0","no battery","V"
"11/02/2020","12:11:20","1","default","640513929","OXY_CH1","56.958","min","154.174","µmol/L","Humid","23.765","deg","44665","µV","26.732","°C","1018.000","hPa","35.3","pmil","0","55.520","deg","20.000","°C","100.000","%a.s.","21.750","deg","20.000","°C","977.000","hPa","0.861","-0.02617","0.00035","0","0","13.56","Humid","24.85","0","70.00","286452.42","SABD0000000001","AAV1.0.0.11","1.1.2.0","PSt7-10","170328-006","1/4/2020 10:31:52","0000-00","0","no battery","V"
"11/02/2020","12:11:21","1","default","640513929","OXY_CH1","56.975","min","154.153","µmol/L","Humid","23.764","deg","44662","µV","26.740","°C","1018.000","hPa","35.3","pmil","0","55.520","deg","20.000","°C","100.000","%a.s.","21.750","deg","20.000","°C","977.000","hPa","0.861","-0.02617","0.00035","0","0","13.56","Humid","24.85","0","70.00","286455.55","SABD0000000001","AAV1.0.0.11","1.1.2.0","PSt7-10","170328-006","1/4/2020 10:31:52","0000-00","0","no battery","V"
"11/02/2020","12:11:22","1","default","640513929","OXY_CH1","56.992","min","154.270","µmol/L","Humid","23.756","deg","44671","µV","26.737","°C","1018.000","hPa","35.3","pmil","0","55.520","deg","20.000","°C","100.000","%a.s.","21.750","deg","20.000","°C","977.000","hPa","0.861","-0.02617","0.00035","0","0","13.56","Humid","24.85","0","70.00","286455.22","SABD0000000001","AAV1.0.0.11","1.1.2.0","PSt7-10","170328-006","1/4/2020 10:31:52","0000-00","0","no battery","V"
"11/02/2020","12:11:23","1","default","640513929","OXY_CH1","57.009","min","154.192","µmol/L","Humid","23.759","deg","44667","µV","26.745","°C","1018.000","hPa","35.3","pmil","0","55.520","deg","20.000","°C","100.000","%a.s.","21.750","deg","20.000","°C","977.000","hPa","0.861","-0.02617","0.00035","0","0","13.56","Humid","24.85","0","70.00","286455.34","SABD0000000001","AAV1.0.0.11","1.1.2.0","PSt7-10","170328-006","1/4/2020 10:31:52","0000-00","0","no battery","V"
"11/02/2020","12:11:24","1","default","640513929","OXY_CH1","57.025","min","154.296","µmol/L","Humid","23.755","deg","44666","µV","26.734","°C","1018.000","hPa","35.3","pmil","0","55.520","deg","20.000","°C","100.000","%a.s.","21.750","deg","20.000","°C","977.000","hPa","0.861","-0.02617","0.00035","0","0","13.56","Humid","24.85","0","70.00","286450.38","SABD0000000001","AAV1.0.0.11","1.1.2.0","PSt7-10","170328-006","1/4/2020 10:31:52","0000-00","0","no battery","V"
"11/02/2020","12:11:25","1","default","640513929","OXY_CH1","57.042","min","154.215","µmol/L","Humid","23.763","deg","44673","µV","26.729","°C","1018.000","hPa","35.3","pmil","0","55.520","deg","20.000","°C","100.000","%a.s.","21.750","deg","20.000","°C","977.000","hPa","0.861","-0.02617","0.00035","0","0","13.56","Humid","24.85","0","70.00","286469.99","SABD0000000001","AAV1.0.0.11","1.1.2.0","PSt7-10","170328-006","1/4/2020 10:31:52","0000-00","0","no battery","V"
"11/02/2020","12:11:26","1","default","640513929","OXY_CH1","57.059","min","154.162","µmol/L","Humid","23.760","deg","44670","µV","26.749","°C","1018.000","hPa","35.3","pmil","0","55.520","deg","20.000","°C","100.000","%a.s.","21.750","deg","20.000","°C","977.000","hPa","0.861","-0.02617","0.00035","0","0","13.56","Humid","24.85","0","70.00","286452.45","SABD0000000001","AAV1.0.0.11","1.1.2.0","PSt7-10","170328-006","1/4/2020 10:31:52","0000-00","0","no battery","V"
"11/02/2020","12:11:27","1","default","640513929","OXY_CH1","57.076","min","154.363","µmol/L","Humid","23.746","deg","44668","µV","26.745","°C","1018.000","hPa","35.3","pmil","0","55.520","deg","20.000","°C","100.000","%a.s.","21.750","deg","20.000","°C","977.000","hPa","0.861","-0.02617","0.00035","0","0","13.56","Humid","24.85","0","70.00","286463.31","SABD0000000001","AAV1.0.0.11","1.1.2.0","PSt7-10","170328-006","1/4/2020 10:31:52","0000-00","0","no battery","V"
"11/02/2020","12:11:28","1","default","640513929","OXY_CH1","57.092","min","154.177","µmol/L","Humid","23.762","deg","44667","µV","26.740","°C","1018.000","hPa","35.3","pmil","0","55.520","deg","20.000","°C","100.000","%a.s.","21.750","deg","20.000","°C","977.000","hPa","0.861","-0.02617","0.00035","0","0","13.56","Humid","24.85","0","70.00","286465.11","SABD0000000001","AAV1.0.0.11","1.1.2.0","PSt7-10","170328-006","1/4/2020 10:31:52","0000-00","0","no battery","V"
"11/02/2020","12:11:29","1","default","640513929","OXY_CH1","57.109","min","154.292","µmol/L","Humid","23.757","deg","44664","µV","26.729","°C","1018.000","hPa","35.3","pmil","0","55.520","deg","20.000","°C","100.000","%a.s.","21.750","deg","20.000","°C","977.000","hPa","0.861","-0.02617","0.00035","0","0","13.56","Humid","24.85","0","70.00","286453.56","SABD0000000001","AAV1.0.0.11","1.1.2.0","PSt7-10","170328-006","1/4/2020 10:31:52","0000-00","0","no battery","V"
"11/02/2020","12:11:30","1","default","640513929","OXY_CH1","57.125","min","154.385","µmol/L","Humid","23.753","deg","44664","µV","26.720","°C","1018.000","hPa","35.3","pmil","0","55.520","deg","20.000","°C","100.000","%a.s.","21.750","deg","20.000","°C","977.000","hPa","0.861","-0.02617","0.00035","0","0","13.56","Humid","24.85","0","70.00","286456.25","SABD0000000001","AAV1.0.0.11","1.1.2.0","PSt7-10","170328-006","1/4/2020 10:31:52","0000-00","0","no battery","V"
"11/02/2020","12:11:31","1","default","640513929","OXY_CH1","57.142","min","154.372","µmol/L","Humid","23.749","deg","44661","µV","26.734","°C","1018.000","hPa","35.3","pmil","0","55.520","deg","20.000","°C","100.000","%a.s.","21.750","deg","20.000","°C","977.000","hPa","0.861","-0.02617","0.00035","0","0","13.56","Humid","24.85","0","70.00","286451.87","SABD0000000001","AAV1.0.0.11","1.1.2.0","PSt7-10","170328-006","1/4/2020 10:31:52","0000-00","0","no battery","V"
"11/02/2020","12:11:32","1","default","640513929","OXY_CH1","57.158","min","154.232","µmol/L","Humid","23.759","deg","44664","µV","26.736","°C","1018.000","hPa","35.3","pmil","0","55.520","deg","20.000","°C","100.000","%a.s.","21.750","deg","20.000","°C","977.000","hPa","0.861","-0.02617","0.00035","0","0","13.56","Humid","24.85","0","70.00","286457.41","SABD0000000001","AAV1.0.0.11","1.1.2.0","PSt7-10","170328-006","1/4/2020 10:31:52","0000-00","0","no battery","V"
"11/02/2020","12:11:33","1","default","640513929","OXY_CH1","57.175","min","154.335","µmol/L","Humid","23.751","deg","44668","µV","26.737","°C","1018.000","hPa","35.3","pmil","0","55.520","deg","20.000","°C","100.000","%a.s.","21.750","deg","20.000","°C","977.000","hPa","0.861","-0.02617","0.00035","0","0","13.56","Humid","24.85","0","70.00","286444.17","SABD0000000001","AAV1.0.0.11","1.1.2.0","PSt7-10","170328-006","1/4/2020 10:31:52","0000-00","0","no battery","V"
"11/02/2020","12:11:34","1","default","640513929","OXY_CH1","57.192","min","154.197","µmol/L","Humid","23.762","deg","44668","µV","26.736","°C","1018.000","hPa","35.3","pmil","0","55.520","deg","20.000","°C","100.000","%a.s.","21.750","deg","20.000","°C","977.000","hPa","0.861","-0.02617","0.00035","0","0","13.56","Humid","24.85","0","70.00","286453.92","SABD0000000001","AAV1.0.0.11","1.1.2.0","PSt7-10","170328-006","1/4/2020 10:31:52","0000-00","0","no battery","V"
"11/02/2020","12:11:35","1","default","640513929","OXY_CH1","57.209","min","154.259","µmol/L","Humid","23.760","deg","44668","µV","26.728","°C","1018.000","hPa","35.3","pmil","0","55.520","deg","20.000","°C","100.000","%a.s.","21.750","deg","20.000","°C","977.000","hPa","0.861","-0.02617","0.00035","0","0","13.56","Humid","24.85","0","70.00","286447.18","SABD0000000001","AAV1.0.0.11","1.1.2.0","PSt7-10","170328-006","1/4/2020 10:31:52","0000-00","0","no battery","V"
"11/02/2020","12:11:36","1","default","640513929","OXY_CH1","57.225","min","154.258","µmol/L","Humid","23.757","deg","44668","µV","26.737","°C","1018.000","hPa","35.3","pmil","0","55.520","deg","20.000","°C","100.000","%a.s.","21.750","deg","20.000","°C","977.000","hPa","0.861","-0.02617","0.00035","0","0","13.56","Humid","24.85","0","70.00","286451.61","SABD0000000001","AAV1.0.0.11","1.1.2.0","PSt7-10","170328-006","1/4/2020 10:31:52","0000-00","0","no battery","V"
"11/02/2020","12:11:37","1","default","640513929","OXY_CH1","57.242","min","154.131","µmol/L","Humid","23.762","deg","44675","µV","26.750","°C","1018.000","hPa","35.3","pmil","0","55.520","deg","20.000","°C","100.000","%a.s.","21.750","deg","20.000","°C","977.000","hPa","0.861","-0.02617","0.00035","0","0","13.56","Humid","24.85","0","70.00","286446.62","SABD0000000001","AAV1.0.0.11","1.1.2.0","PSt7-10","170328-006","1/4/2020 10:31:52","0000-00","0","no battery","V"
"11/02/2020","12:11:38","1","default","640513929","OXY_CH1","57.259","min","154.269","µmol/L","Humid","23.759","deg","44680","µV","26.728","°C","1018.000","hPa","35.3","pmil","0","55.520","deg","20.000","°C","100.000","%a.s.","21.750","deg","20.000","°C","977.000","hPa","0.861","-0.02617","0.00035","0","0","13.56","Humid","24.85","0","70.00","286454.99","SABD0000000001","AAV1.0.0.11","1.1.2.0","PSt7-10","170328-006","1/4/2020 10:31:52","0000-00","0","no battery","V"
"11/02/2020","12:11:39","1","default","640513929","OXY_CH1","57.276","min","154.314","µmol/L","Humid","23.756","deg","44673","µV","26.727","°C","1018.000","hPa","35.3","pmil","0","55.520","deg","20.000","°C","100.000","%a.s.","21.750","deg","20.000","°C","977.000","hPa","0.861","-0.02617","0.00035","0","0","13.56","Humid","24.85","0","70.00","286455.90","SABD0000000001","AAV1.0.0.11","1.1.2.0","PSt7-10","170328-006","1/4/2020 10:31:52","0000-00","0","no battery","V"
"11/02/2020","12:11:40","1","default","640513929","OXY_CH1","57.292","min","154.308","µmol/L","Humid","23.753","deg","44688","µV","26.737","°C","1018.000","hPa","35.3","pmil","0","55.520","deg","20.000","°C","100.000","%a.s.","21.750","deg","20.000","°C","977.000","hPa","0.861","-0.02617","0.00035","0","0","13.56","Humid","24.85","0","70.00","286459.77","SABD0000000001","AAV1.0.0.11","1.1.2.0","PSt7-10","170328-006","1/4/2020 10:31:52","0000-00","0","no battery","V"
"11/02/2020","12:11:41","1","default","640513929","OXY_CH1","57.308","min","154.242","µmol/L","Humid","23.757","deg","44686","µV","26.740","°C","1018.000","hPa","35.3","pmil","0","55.520","deg","20.000","°C","100.000","%a.s.","21.750","deg","20.000","°C","977.000","hPa","0.861","-0.02617","0.00035","0","0","13.56","Humid","24.85","0","70.00","286446.81","SABD0000000001","AAV1.0.0.11","1.1.2.0","PSt7-10","170328-006","1/4/2020 10:31:52","0000-00","0","no battery","V"
"11/02/2020","12:11:42","1","default","640513929","OXY_CH1","57.325","min","154.314","µmol/L","Humid","23.751","deg","44685","µV","26.741","°C","1018.000","hPa","35.3","pmil","0","55.520","deg","20.000","°C","100.000","%a.s.","21.750","deg","20.000","°C","977.000","hPa","0.861","-0.02617","0.00035","0","0","13.56","Humid","24.85","0","70.00","286455.97","SABD0000000001","AAV1.0.0.11","1.1.2.0","PSt7-10","170328-006","1/4/2020 10:31:52","0000-00","0","no battery","V"
"11/02/2020","12:11:43","1","default","640513929","OXY_CH1","57.342","min","154.242","µmol/L","Humid","23.759","deg","44687","µV","26.734","°C","1018.000","hPa","35.3","pmil","0","55.520","deg","20.000","°C","100.000","%a.s.","21.750","deg","20.000","°C","977.000","hPa","0.861","-0.02617","0.00035","0","0","13.56","Humid","24.85","0","70.00","286447.08","SABD0000000001","AAV1.0.0.11","1.1.2.0","PSt7-10","170328-006","1/4/2020 10:31:52","0000-00","0","no battery","V"
"11/02/2020","12:11:44","1","default","640513929","OXY_CH1","57.358","min","154.177","µmol/L","Humid","23.764","deg","44682","µV","26.734","°C","1018.000","hPa","35.3","pmil","0","55.520","deg","20.000","°C","100.000","%a.s.","21.750","deg","20.000","°C","977.000","hPa","0.861","-0.02617","0.00035","0","0","13.56","Humid","24.85","0","70.00","286449.55","SABD0000000001","AAV1.0.0.11","1.1.2.0","PSt7-10","170328-006","1/4/2020 10:31:52","0000-00","0","no battery","V"
"11/02/2020","12:11:45","1","default","640513929","OXY_CH1","57.375","min","154.343","µmol/L","Humid","23.756","deg","44693","µV","26.720","°C","1018.000","hPa","35.3","pmil","0","55.520","deg","20.000","°C","100.000","%a.s.","21.750","deg","20.000","°C","977.000","hPa","0.861","-0.02617","0.00035","0","0","13.56","Humid","24.85","0","70.00","286458.12","SABD0000000001","AAV1.0.0.11","1.1.2.0","PSt7-10","170328-006","1/4/2020 10:31:52","0000-00","0","no battery","V"
"11/02/2020","12:11:46","1","default","640513929","OXY_CH1","57.392","min","154.196","µmol/L","Humid","23.760","deg","44693","µV","26.742","°C","1018.000","hPa","35.3","pmil","0","55.520","deg","20.000","°C","100.000","%a.s.","21.750","deg","20.000","°C","977.000","hPa","0.861","-0.02617","0.00035","0","0","13.56","Humid","24.85","0","70.00","286455.83","SABD0000000001","AAV1.0.0.11","1.1.2.0","PSt7-10","170328-006","1/4/2020 10:31:52","0000-00","0","no battery","V"
"11/02/2020","12:11:47","1","default","640513929","OXY_CH1","57.409","min","154.077","µmol/L","Humid","23.770","deg","44691","µV","26.740","°C","1018.000","hPa","35.3","pmil","0","55.520","deg","20.000","°C","100.000","%a.s.","21.750","deg","20.000","°C","977.000","hPa","0.861","-0.02617","0.00035","0","0","13.56","Humid","24.85","0","70.00","286439.08","SABD0000000001","AAV1.0.0.11","1.1.2.0","PSt7-10","170328-006","1/4/2020 10:31:52","0000-00","0","no battery","V"
"11/02/2020","12:11:48","1","default","640513929","OXY_CH1","57.425","min","154.272","µmol/L","Humid","23.756","deg","44693","µV","26.736","°C","1018.000","hPa","35.3","pmil","0","55.520","deg","20.000","°C","100.000","%a.s.","21.750","deg","20.000","°C","977.000","hPa","0.861","-0.02617","0.00035","0","0","13.56","Humid","24.85","0","70.00","286458.97","SABD0000000001","AAV1.0.0.11","1.1.2.0","PSt7-10","170328-006","1/4/2020 10:31:52","0000-00","0","no battery","V"
"11/02/2020","12:11:49","1","default","640513929","OXY_CH1","57.442","min","154.201","µmol/L","Humid","23.761","deg","44691","µV","26.738","°C","1018.000","hPa","35.3","pmil","0","55.520","deg","20.000","°C","100.000","%a.s.","21.750","deg","20.000","°C","977.000","hPa","0.861","-0.02617","0.00035","0","0","13.56","Humid","24.85","0","70.00","286447.74","SABD0000000001","AAV1.0.0.11","1.1.2.0","PSt7-10","170328-006","1/4/2020 10:31:52","0000-00","0","no battery","V"
"11/02/2020","12:11:50","1","default","640513929","OXY_CH1","57.459","min","154.172","µmol/L","Humid","23.763","deg","44687","µV","26.738","°C","1018.000","hPa","35.3","pmil","0","55.520","deg","20.000","°C","100.000","%a.s.","21.750","deg","20.000","°C","977.000","hPa","0.861","-0.02617","0.00035","0","0","13.56","Humid","24.85","0","70.00","286452.41","SABD0000000001","AAV1.0.0.11","1.1.2.0","PSt7-10","170328-006","1/4/2020 10:31:52","0000-00","0","no battery","V"
"11/02/2020","12:11:51","1","default","640513929","OXY_CH1","57.476","min","154.284","µmol/L","Humid","23.759","deg","44688","µV","26.725","°C","1018.000","hPa","35.3","pmil","0","55.520","deg","20.000","°C","100.000","%a.s.","21.750","deg","20.000","°C","977.000","hPa","0.861","-0.02617","0.00035","0","0","13.56","Humid","24.85","0","70.00","286440.58","SABD0000000001","AAV1.0.0.11","1.1.2.0","PSt7-10","170328-006","1/4/2020 10:31:52","0000-00","0","no battery","V"
"11/02/2020","12:11:52","1","default","640513929","OXY_CH1","57.492","min","154.258","µmol/L","Humid","23.765","deg","44687","µV","26.714","°C","1018.000","hPa","35.3","pmil","0","55.520","deg","20.000","°C","100.000","%a.s.","21.750","deg","20.000","°C","977.000","hPa","0.861","-0.02617","0.00035","0","0","13.56","Humid","24.85","0","70.00","286444.46","SABD0000000001","AAV1.0.0.11","1.1.2.0","PSt7-10","170328-006","1/4/2020 10:31:52","0000-00","0","no battery","V"
"11/02/2020","12:11:53","1","default","640513929","OXY_CH1","57.508","min","154.360","µmol/L","Humid","23.755","deg","44685","µV","26.720","°C","1018.000","hPa","35.3","pmil","0","55.520","deg","20.000","°C","100.000","%a.s.","21.750","deg","20.000","°C","977.000","hPa","0.861","-0.02617","0.00035","0","0","13.56","Humid","24.85","0","70.00","286464.58","SABD0000000001","AAV1.0.0.11","1.1.2.0","PSt7-10","170328-006","1/4/2020 10:31:52","0000-00","0","no battery","V"
"11/02/2020","12:11:54","1","default","640513929","OXY_CH1","57.525","min","154.097","µmol/L","Humid","23.771","deg","44683","µV","26.732","°C","1018.000","hPa","35.3","pmil","0","55.520","deg","20.000","°C","100.000","%a.s.","21.750","deg","20.000","°C","977.000","hPa","0.861","-0.02617","0.00035","0","0","13.56","Humid","24.85","0","70.00","286446.77","SABD0000000001","AAV1.0.0.11","1.1.2.0","PSt7-10","170328-006","1/4/2020 10:31:52","0000-00","0","no battery","V"
"11/02/2020","12:11:55","1","default","640513929","OXY_CH1","57.542","min","154.186","µmol/L","Humid","23.765","deg","44683","µV","26.729","°C","1018.000","hPa","35.3","pmil","0","55.520","deg","20.000","°C","100.000","%a.s.","21.750","deg","20.000","°C","977.000","hPa","0.861","-0.02617","0.00035","0","0","13.56","Humid","24.85","0","70.00","286446.73","SABD0000000001","AAV1.0.0.11","1.1.2.0","PSt7-10","170328-006","1/4/2020 10:31:52","0000-00","0","no battery","V"
"11/02/2020","12:11:56","1","default","640513929","OXY_CH1","57.559","min","154.074","µmol/L","Humid","23.767","deg","44683","µV","26.749","°C","1018.000","hPa","35.3","pmil","0","55.520","deg","20.000","°C","100.000","%a.s.","21.750","deg","20.000","°C","977.000","hPa","0.861","-0.02617","0.00035","0","0","13.56","Humid","24.85","0","70.00","286443.35","SABD0000000001","AAV1.0.0.11","1.1.2.0","PSt7-10","170328-006","1/4/2020 10:31:52","0000-00","0","no battery","V"
"11/02/2020","12:11:57","1","default","640513929","OXY_CH1","57.575","min","154.211","µmol/L","Humid","23.761","deg","44685","µV","26.735","°C","1018.000","hPa","35.3","pmil","0","55.520","deg","20.000","°C","100.000","%a.s.","21.750","deg","20.000","°C","977.000","hPa","0.861","-0.02617","0.00035","0","0","13.56","Humid","24.85","0","70.00","286446.98","SABD0000000001","AAV1.0.0.11","1.1.2.0","PSt7-10","170328-006","1/4/2020 10:31:52","0000-00","0","no battery","V"
"11/02/2020","12:11:58","1","default","640513929","OXY_CH1","57.592","min","154.215","µmol/L","Humid","23.761","deg","44681","µV","26.735","°C","1018.000","hPa","35.3","pmil","0","55.520","deg","20.000","°C","100.000","%a.s.","21.750","deg","20.000","°C","977.000","hPa","0.861","-0.02617","0.00035","0","0","13.56","Humid","24.85","0","70.00","286438.26","SABD0000000001","AAV1.0.0.11","1.1.2.0","PSt7-10","170328-006","1/4/2020 10:31:52","0000-00","0","no battery","V"
"11/02/2020","12:11:59","1","default","640513929","OXY_CH1","57.609","min","154.092","µmol/L","Humid","23.766","deg","44693","µV","26.748","°C","1018.000","hPa","35.3","pmil","0","55.520","deg","20.000","°C","100.000","%a.s.","21.750","deg","20.000","°C","977.000","hPa","0.861","-0.02617","0.00035","0","0","13.56","Humid","24.85","0","70.00","286440.36","SABD0000000001","AAV1.0.0.11","1.1.2.0","PSt7-10","170328-006","1/4/2020 10:31:52","0000-00","0","no battery","V"
"11/02/2020","12:12:00","1","default","640513929","OXY_CH1","57.626","min","154.120","µmol/L","Humid","23.766","deg","44692","µV","26.741","°C","1018.000","hPa","35.3","pmil","0","55.520","deg","20.000","°C","100.000","%a.s.","21.750","deg","20.000","°C","977.000","hPa","0.861","-0.02617","0.00035","0","0","13.56","Humid","24.85","0","70.00","286444.16","SABD0000000001","AAV1.0.0.11","1.1.2.0","PSt7-10","170328-006","1/4/2020 10:31:52","0000-00","0","no battery","V"
"11/02/2020","12:12:01","1","default","640513929","OXY_CH1","57.642","min","154.175","µmol/L","Humid","23.760","deg","44688","µV","26.746","°C","1018.000","hPa","35.3","pmil","0","55.520","deg","20.000","°C","100.000","%a.s.","21.750","deg","20.000","°C","977.000","hPa","0.861","-0.02617","0.00035","0","0","13.56","Humid","24.85","0","70.00","286435.55","SABD0000000001","AAV1.0.0.11","1.1.2.0","PSt7-10","170328-006","1/4/2020 10:31:52","0000-00","0","no battery","V"
"11/02/2020","12:12:02","1","default","640513929","OXY_CH1","57.659","min","154.119","µmol/L","Humid","23.765","deg","44690","µV","26.744","°C","1018.000","hPa","35.3","pmil","0","55.520","deg","20.000","°C","100.000","%a.s.","21.750","deg","20.000","°C","977.000","hPa","0.861","-0.02617","0.00035","0","0","13.56","Humid","24.85","0","70.00","286444.37","SABD0000000001","AAV1.0.0.11","1.1.2.0","PSt7-10","170328-006","1/4/2020 10:31:52","0000-00","0","no battery","V"
"11/02/2020","12:12:03","1","default","640513929","OXY_CH1","57.675","min","154.155","µmol/L","Humid","23.767","deg","44697","µV","26.731","°C","1018.000","hPa","35.3","pmil","0","55.520","deg","20.000","°C","100.000","%a.s.","21.750","deg","20.000","°C","977.000","hPa","0.861","-0.02617","0.00035","0","0","13.56","Humid","24.85","0","70.00","286452.05","SABD0000000001","AAV1.0.0.11","1.1.2.0","PSt7-10","170328-006","1/4/2020 10:31:52","0000-00","0","no battery","V"
"11/02/2020","12:12:04","1","default","640513929","OXY_CH1","57.692","min","154.205","µmol/L","Humid","23.765","deg","44688","µV","26.725","°C","1018.000","hPa","35.3","pmil","0","55.520","deg","20.000","°C","100.000","%a.s.","21.750","deg","20.000","°C","977.000","hPa","0.861","-0.02617","0.00035","0","0","13.56","Humid","24.85","0","70.00","286451.34","SABD0000000001","AAV1.0.0.11","1.1.2.0","PSt7-10","170328-006","1/4/2020 10:31:52","0000-00","0","no battery","V"
"11/02/2020","12:12:05","1","default","640513929","OXY_CH1","57.708","min","154.178","µmol/L","Humid","23.764","deg","44693","µV","26.734","°C","1018.000","hPa","35.3","pmil","0","55.520","deg","20.000","°C","100.000","%a.s.","21.750","deg","20.000","°C","977.000","hPa","0.861","-0.02617","0.00035","0","0","13.56","Humid","24.85","0","70.00","286441.02","SABD0000000001","AAV1.0.0.11","1.1.2.0","PSt7-10","170328-006","1/4/2020 10:31:52","0000-00","0","no battery","V"
"11/02/2020","12:12:06","1","default","640513929","OXY_CH1","57.725","min","154.164","µmol/L","Humid","23.766","deg","44683","µV","26.732","°C","1018.000","hPa","35.3","pmil","0","55.520","deg","20.000","°C","100.000","%a.s.","21.750","deg","20.000","°C","977.000","hPa","0.861","-0.02617","0.00035","0","0","13.56","Humid","24.85","0","70.00","286440.79","SABD0000000001","AAV1.0.0.11","1.1.2.0","PSt7-10","170328-006","1/4/2020 10:31:52","0000-00","0","no battery","V"
"11/02/2020","12:12:07","1","default","640513929","OXY_CH1","57.742","min","154.142","µmol/L","Humid","23.771","deg","44683","µV","26.722","°C","1018.000","hPa","35.3","pmil","0","55.520","deg","20.000","°C","100.000","%a.s.","21.750","deg","20.000","°C","977.000","hPa","0.861","-0.02617","0.00035","0","0","13.56","Humid","24.85","0","70.00","286434.92","SABD0000000001","AAV1.0.0.11","1.1.2.0","PSt7-10","170328-006","1/4/2020 10:31:52","0000-00","0","no battery","V"
"11/02/2020","12:12:08","1","default","640513929","OXY_CH1","57.759","min","154.290","µmol/L","Humid","23.758","deg","44688","µV","26.726","°C","1018.000","hPa","35.3","pmil","0","55.520","deg","20.000","°C","100.000","%a.s.","21.750","deg","20.000","°C","977.000","hPa","0.861","-0.02617","0.00035","0","0","13.56","Humid","24.85","0","70.00","286434.73","SABD0000000001","AAV1.0.0.11","1.1.2.0","PSt7-10","170328-006","1/4/2020 10:31:52","0000-00","0","no battery","V"
"11/02/2020","12:12:09","1","default","640513929","OXY_CH1","57.776","min","154.306","µmol/L","Humid","23.760","deg","44687","µV","26.717","°C","1018.000","hPa","35.3","pmil","0","55.520","deg","20.000","°C","100.000","%a.s.","21.750","deg","20.000","°C","977.000","hPa","0.861","-0.02617","0.00035","0","0","13.56","Humid","24.85","0","70.00","286434.44","SABD0000000001","AAV1.0.0.11","1.1.2.0","PSt7-10","170328-006","1/4/2020 10:31:52","0000-00","0","no battery","V"
"11/02/2020","12:12:10","1","default","640513929","OXY_CH1","57.792","min","154.177","µmol/L","Humid","23.765","deg","44690","µV","26.732","°C","1018.000","hPa","35.3","pmil","0","55.520","deg","20.000","°C","100.000","%a.s.","21.750","deg","20.000","°C","977.000","hPa","0.861","-0.02617","0.00035","0","0","13.56","Humid","24.85","0","70.00","286425.96","SABD0000000001","AAV1.0.0.11","1.1.2.0","PSt7-10","170328-006","1/4/2020 10:31:52","0000-00","0","no battery","V"
"11/02/2020","12:12:11","1","default","640513929","OXY_CH1","57.809","min","154.231","µmol/L","Humid","23.761","deg","44688","µV","26.731","°C","1018.000","hPa","35.3","pmil","0","55.520","deg","20.000","°C","100.000","%a.s.","21.750","deg","20.000","°C","977.000","hPa","0.861","-0.02617","0.00035","0","0","13.56","Humid","24.85","0","70.00","286438.88","SABD0000000001","AAV1.0.0.11","1.1.2.0","PSt7-10","170328-006","1/4/2020 10:31:52","0000-00","0","no battery","V"
"11/02/2020","12:12:12","1","default","640513929","OXY_CH1","57.825","min","154.176","µmol/L","Humid","23.766","deg","44693","µV","26.729","°C","1018.000","hPa","35.3","pmil","0","55.520","deg","20.000","°C","100.000","%a.s.","21.750","deg","20.000","°C","977.000","hPa","0.861","-0.02617","0.00035","0","0","13.56","Humid","24.85","0","70.00","286434.66","SABD0000000001","AAV1.0.0.11","1.1.2.0","PSt7-10","170328-006","1/4/2020 10:31:52","0000-00","0","no battery","V"
"11/02/2020","12:12:13","1","default","640513929","OXY_CH1","57.842","min","154.268","µmol/L","Humid","23.765","deg","44690","µV","26.711","°C","1018.000","hPa","35.3","pmil","0","55.520","deg","20.000","°C","100.000","%a.s.","21.750","deg","20.000","°C","977.000","hPa","0.861","-0.02617","0.00035","0","0","13.56","Humid","24.85","0","70.00","286443.58","SABD0000000001","AAV1.0.0.11","1.1.2.0","PSt7-10","170328-006","1/4/2020 10:31:52","0000-00","0","no battery","V"
"11/02/2020","12:12:14","1","default","640513929","OXY_CH1","57.859","min","154.121","µmol/L","Humid","23.768","deg","44694","µV","26.735","°C","1018.000","hPa","35.3","pmil","0","55.520","deg","20.000","°C","100.000","%a.s.","21.750","deg","20.000","°C","977.000","hPa","0.861","-0.02617","0.00035","0","0","13.56","Humid","24.85","0","70.00","286444.81","SABD0000000001","AAV1.0.0.11","1.1.2.0","PSt7-10","170328-006","1/4/2020 10:31:52","0000-00","0","no battery","V"
"11/02/2020","12:12:15","1","default","640513929","OXY_CH1","57.875","min","154.145","µmol/L","Humid","23.764","deg","44689","µV","26.742","°C","1018.000","hPa","35.3","pmil","0","55.520","deg","20.000","°C","100.000","%a.s.","21.750","deg","20.000","°C","977.000","hPa","0.861","-0.02617","0.00035","0","0","13.56","Humid","24.85","0","70.00","286428.45","SABD0000000001","AAV1.0.0.11","1.1.2.0","PSt7-10","170328-006","1/4/2020 10:31:52","0000-00","0","no battery","V"
"11/02/2020","12:12:16","1","default","640513929","OXY_CH1","57.892","min","154.090","µmol/L","Humid","23.772","deg","44690","µV","26.731","°C","1018.000","hPa","35.3","pmil","0","55.520","deg","20.000","°C","100.000","%a.s.","21.750","deg","20.000","°C","977.000","hPa","0.861","-0.02617","0.00035","0","0","13.56","Humid","24.85","0","70.00","286446.57","SABD0000000001","AAV1.0.0.11","1.1.2.0","PSt7-10","170328-006","1/4/2020 10:31:52","0000-00","0","no battery","V"
"11/02/2020","12:12:17","1","default","640513929","OXY_CH1","57.909","min","154.115","µmol/L","Humid","23.768","deg","44695","µV","26.737","°C","1018.000","hPa","35.3","pmil","0","55.520","deg","20.000","°C","100.000","%a.s.","21.750","deg","20.000","°C","977.000","hPa","0.861","-0.02617","0.00035","0","0","13.56","Humid","24.85","0","70.00","286439.68","SABD0000000001","AAV1.0.0.11","1.1.2.0","PSt7-10","170328-006","1/4/2020 10:31:52","0000-00","0","no battery","V"
"11/02/2020","12:12:18","1","default","640513929","OXY_CH1","57.926","min","154.126","µmol/L","Humid","23.769","deg","44688","µV","26.732","°C","1018.000","hPa","35.3","pmil","0","55.520","deg","20.000","°C","100.000","%a.s.","21.750","deg","20.000","°C","977.000","hPa","0.861","-0.02617","0.00035","0","0","13.56","Humid","24.85","0","70.00","286453.59","SABD0000000001","AAV1.0.0.11","1.1.2.0","PSt7-10","170328-006","1/4/2020 10:31:52","0000-00","0","no battery","V"
"11/02/2020","12:12:19","1","default","640513929","OXY_CH1","57.942","min","154.154","µmol/L","Humid","23.768","deg","44693","µV","26.728","°C","1018.000","hPa","35.3","pmil","0","55.520","deg","20.000","°C","100.000","%a.s.","21.750","deg","20.000","°C","977.000","hPa","0.861","-0.02617","0.00035","0","0","13.56","Humid","24.85","0","70.00","286433.43","SABD0000000001","AAV1.0.0.11","1.1.2.0","PSt7-10","170328-006","1/4/2020 10:31:52","0000-00","0","no battery","V"
"11/02/2020","12:12:20","1","default","640513929","OXY_CH1","57.958","min","154.139","µmol/L","Humid","23.767","deg","44690","µV","26.734","°C","1018.000","hPa","35.3","pmil","0","55.520","deg","20.000","°C","100.000","%a.s.","21.750","deg","20.000","°C","977.000","hPa","0.861","-0.02617","0.00035","0","0","13.56","Humid","24.85","0","70.00","286437.57","SABD0000000001","AAV1.0.0.11","1.1.2.0","PSt7-10","170328-006","1/4/2020 10:31:52","0000-00","0","no battery","V"
"11/02/2020","12:12:21","1","default","640513929","OXY_CH1","57.975","min","154.140","µmol/L","Humid","23.771","deg","44686","µV","26.723","°C","1018.000","hPa","35.3","pmil","0","55.520","deg","20.000","°C","100.000","%a.s.","21.750","deg","20.000","°C","977.000","hPa","0.861","-0.02617","0.00035","0","0","13.56","Humid","24.85","0","70.00","286445.26","SABD0000000001","AAV1.0.0.11","1.1.2.0","PSt7-10","170328-006","1/4/2020 10:31:52","0000-00","0","no battery","V"
"11/02/2020","12:12:22","1","default","640513929","OXY_CH1","57.992","min","154.120","µmol/L","Humid","23.772","deg","44687","µV","26.724","°C","1018.000","hPa","35.3","pmil","0","55.520","deg","20.000","°C","100.000","%a.s.","21.750","deg","20.000","°C","977.000","hPa","0.861","-0.02617","0.00035","0","0","13.56","Humid","24.85","0","70.00","286445.06","SABD0000000001","AAV1.0.0.11","1.1.2.0","PSt7-10","170328-006","1/4/2020 10:31:52","0000-00","0","no battery","V"
"11/02/2020","12:12:23","1","default","640513929","OXY_CH1","58.009","min","154.187","µmol/L","Humid","23.766","deg","44685","µV","26.727","°C","1018.000","hPa","35.3","pmil","0","55.520","deg","20.000","°C","100.000","%a.s.","21.750","deg","20.000","°C","977.000","hPa","0.861","-0.02617","0.00035","0","0","13.56","Humid","24.85","0","70.00","286443.56","SABD0000000001","AAV1.0.0.11","1.1.2.0","PSt7-10","170328-006","1/4/2020 10:31:52","0000-00","0","no battery","V"
"11/02/2020","12:12:24","1","default","640513929","OXY_CH1","58.025","min","154.161","µmol/L","Humid","23.765","deg","44696","µV","26.735","°C","1018.000","hPa","35.3","pmil","0","55.520","deg","20.000","°C","100.000","%a.s.","21.750","deg","20.000","°C","977.000","hPa","0.861","-0.02617","0.00035","0","0","13.56","Humid","24.85","0","70.00","286444.90","SABD0000000001","AAV1.0.0.11","1.1.2.0","PSt7-10","170328-006","1/4/2020 10:31:52","0000-00","0","no battery","V"
"11/02/2020","12:12:25","1","default","640513929","OXY_CH1","58.042","min","154.123","µmol/L","Humid","23.766","deg","44690","µV","26.741","°C","1018.000","hPa","35.3","pmil","0","55.520","deg","20.000","°C","100.000","%a.s.","21.750","deg","20.000","°C","977.000","hPa","0.861","-0.02617","0.00035","0","0","13.56","Humid","24.85","0","70.00","286443.14","SABD0000000001","AAV1.0.0.11","1.1.2.0","PSt7-10","170328-006","1/4/2020 10:31:52","0000-00","0","no battery","V"
"11/02/2020","12:12:26","1","default","640513929","OXY_CH1","58.059","min","154.184","µmol/L","Humid","23.769","deg","44692","µV","26.719","°C","1018.000","hPa","35.3","pmil","0","55.520","deg","20.000","°C","100.000","%a.s.","21.750","deg","20.000","°C","977.000","hPa","0.861","-0.02617","0.00035","0","0","13.56","Humid","24.85","0","70.00","286444.10","SABD0000000001","AAV1.0.0.11","1.1.2.0","PSt7-10","170328-006","1/4/2020 10:31:52","0000-00","0","no battery","V"
"11/02/2020","12:12:27","1","default","640513929","OXY_CH1","58.076","min","154.206","µmol/L","Humid","23.767","deg","44687","µV","26.719","°C","1018.000","hPa","35.3","pmil","0","55.520","deg","20.000","°C","100.000","%a.s.","21.750","deg","20.000","°C","977.000","hPa","0.861","-0.02617","0.00035","0","0","13.56","Humid","24.85","0","70.00","286435.74","SABD0000000001","AAV1.0.0.11","1.1.2.0","PSt7-10","170328-006","1/4/2020 10:31:52","0000-00","0","no battery","V"
"11/02/2020","12:12:28","1","default","640513929","OXY_CH1","58.092","min","154.165","µmol/L","Humid","23.768","deg","44694","µV","26.726","°C","1018.000","hPa","35.3","pmil","0","55.520","deg","20.000","°C","100.000","%a.s.","21.750","deg","20.000","°C","977.000","hPa","0.861","-0.02617","0.00035","0","0","13.56","Humid","24.85","0","70.00","286443.88","SABD0000000001","AAV1.0.0.11","1.1.2.0","PSt7-10","170328-006","1/4/2020 10:31:52","0000-00","0","no battery","V"
"11/02/2020","12:12:29","1","default","640513929","OXY_CH1","58.109","min","154.163","µmol/L","Humid","23.767","deg","44695","µV","26.729","°C","1018.000","hPa","35.3","pmil","0","55.520","deg","20.000","°C","100.000","%a.s.","21.750","deg","20.000","°C","977.000","hPa","0.861","-0.02617","0.00035","0","0","13.56","Humid","24.85","0","70.00","286435.74","SABD0000000001","AAV1.0.0.11","1.1.2.0","PSt7-10","170328-006","1/4/2020 10:31:52","0000-00","0","no battery","V"
"11/02/2020","12:12:30","1","default","640513929","OXY_CH1","58.126","min","154.161","µmol/L","Humid","23.768","deg","44689","µV","26.727","°C","1018.000","hPa","35.3","pmil","0","55.520","deg","20.000","°C","100.000","%a.s.","21.750","deg","20.000","°C","977.000","hPa","0.861","-0.02617","0.00035","0","0","13.56","Humid","24.85","0","70.00","286436.41","SABD0000000001","AAV1.0.0.11","1.1.2.0","PSt7-10","170328-006","1/4/2020 10:31:52","0000-00","0","no battery","V"
"11/02/2020","12:12:31","1","default","640513929","OXY_CH1","58.142","min","154.196","µmol/L","Humid","23.768","deg","44693","µV","26.719","°C","1018.000","hPa","35.3","pmil","0","55.520","deg","20.000","°C","100.000","%a.s.","21.750","deg","20.000","°C","977.000","hPa","0.861","-0.02617","0.00035","0","0","13.56","Humid","24.85","0","70.00","286448.89","SABD0000000001","AAV1.0.0.11","1.1.2.0","PSt7-10","170328-006","1/4/2020 10:31:52","0000-00","0","no battery","V"
"11/02/2020","12:12:32","1","default","640513929","OXY_CH1","58.159","min","154.216","µmol/L","Humid","23.770","deg","44695","µV","26.709","°C","1018.000","hPa","35.3","pmil","0","55.520","deg","20.000","°C","100.000","%a.s.","21.750","deg","20.000","°C","977.000","hPa","0.861","-0.02617","0.00035","0","0","13.56","Humid","24.85","0","70.00","286434.62","SABD0000000001","AAV1.0.0.11","1.1.2.0","PSt7-10","170328-006","1/4/2020 10:31:52","0000-00","0","no battery","V"
"11/02/2020","12:12:33","1","default","640513929","OXY_CH1","58.175","min","154.179","µmol/L","Humid","23.765","deg","44695","µV","26.731","°C","1018.000","hPa","35.3","pmil","0","55.520","deg","20.000","°C","100.000","%a.s.","21.750","deg","20.000","°C","977.000","hPa","0.861","-0.02617","0.00035","0","0","13.56","Humid","24.85","0","70.00","286428.54","SABD0000000001","AAV1.0.0.11","1.1.2.0","PSt7-10","170328-006","1/4/2020 10:31:52","0000-00","0","no battery","V"
"11/02/2020","12:12:34","1","default","640513929","OXY_CH1","58.192","min","154.147","µmol/L","Humid","23.764","deg","44692","µV","26.741","°C","1018.000","hPa","35.3","pmil","0","55.520","deg","20.000","°C","100.000","%a.s.","21.750","deg","20.000","°C","977.000","hPa","0.861","-0.02617","0.00035","0","0","13.56","Humid","24.85","0","70.00","286431.01","SABD0000000001","AAV1.0.0.11","1.1.2.0","PSt7-10","170328-006","1/4/2020 10:31:52","0000-00","0","no battery","V"
"11/02/2020","12:12:35","1","default","640513929","OXY_CH1","58.208","min","154.152","µmol/L","Humid","23.768","deg","44696","µV","26.729","°C","1018.000","hPa","35.3","pmil","0","55.520","deg","20.000","°C","100.000","%a.s.","21.750","deg","20.000","°C","977.000","hPa","0.861","-0.02617","0.00035","0","0","13.56","Humid","24.85","0","70.00","286435.74","SABD0000000001","AAV1.0.0.11","1.1.2.0","PSt7-10","170328-006","1/4/2020 10:31:52","0000-00","0","no battery","V"
"11/02/2020","12:12:36","1","default","640513929","OXY_CH1","58.225","min","154.139","µmol/L","Humid","23.767","deg","44697","µV","26.734","°C","1018.000","hPa","35.3","pmil","0","55.520","deg","20.000","°C","100.000","%a.s.","21.750","deg","20.000","°C","977.000","hPa","0.861","-0.02617","0.00035","0","0","13.56","Humid","24.85","0","70.00","286441.49","SABD0000000001","AAV1.0.0.11","1.1.2.0","PSt7-10","170328-006","1/4/2020 10:31:52","0000-00","0","no battery","V"
"11/02/2020","12:12:37","1","default","640513929","OXY_CH1","58.242","min","154.126","µmol/L","Humid","23.770","deg","44694","µV","26.729","°C","1018.000","hPa","35.3","pmil","0","55.520","deg","20.000","°C","100.000","%a.s.","21.750","deg","20.000","°C","977.000","hPa","0.861","-0.02617","0.00035","0","0","13.56","Humid","24.85","0","70.00","286432.13","SABD0000000001","AAV1.0.0.11","1.1.2.0","PSt7-10","170328-006","1/4/2020 10:31:52","0000-00","0","no battery","V"
"11/02/2020","12:12:38","1","default","640513929","OXY_CH1","58.259","min","154.146","µmol/L","Humid","23.771","deg","44698","µV","26.721","°C","1018.000","hPa","35.3","pmil","0","55.520","deg","20.000","°C","100.000","%a.s.","21.750","deg","20.000","°C","977.000","hPa","0.861","-0.02617","0.00035","0","0","13.56","Humid","24.85","0","70.00","286442.51","SABD0000000001","AAV1.0.0.11","1.1.2.0","PSt7-10","170328-006","1/4/2020 10:31:52","0000-00","0","no battery","V"
"11/02/2020","12:12:39","1","default","640513929","OXY_CH1","58.276","min","154.084","µmol/L","Humid","23.768","deg","44700","µV","26.744","°C","1018.000","hPa","35.3","pmil","0","55.520","deg","20.000","°C","100.000","%a.s.","21.750","deg","20.000","°C","977.000","hPa","0.861","-0.02617","0.00035","0","0","13.56","Humid","24.85","0","70.00","286444.39","SABD0000000001","AAV1.0.0.11","1.1.2.0","PSt7-10","170328-006","1/4/2020 10:31:52","0000-00","0","no battery","V"
"11/02/2020","12:12:40","1","default","640513929","OXY_CH1","58.292","min","154.114","µmol/L","Humid","23.766","deg","44699","µV","26.743","°C","1018.000","hPa","35.3","pmil","0","55.520","deg","20.000","°C","100.000","%a.s.","21.750","deg","20.000","°C","977.000","hPa","0.861","-0.02617","0.00035","0","0","13.56","Humid","24.85","0","70.00","286434.17","SABD0000000001","AAV1.0.0.11","1.1.2.0","PSt7-10","170328-006","1/4/2020 10:31:52","0000-00","0","no battery","V"
"11/02/2020","12:12:41","1","default","640513929","OXY_CH1","58.309","min","154.167","µmol/L","Humid","23.769","deg","44697","µV","26.722","°C","1018.000","hPa","35.3","pmil","0","55.520","deg","20.000","°C","100.000","%a.s.","21.750","deg","20.000","°C","977.000","hPa","0.861","-0.02617","0.00035","0","0","13.56","Humid","24.85","0","70.00","286433.81","SABD0000000001","AAV1.0.0.11","1.1.2.0","PSt7-10","170328-006","1/4/2020 10:31:52","0000-00","0","no battery","V"
"11/02/2020","12:12:42","1","default","640513929","OXY_CH1","58.325","min","154.212","µmol/L","Humid","23.769","deg","44697","µV","26.712","°C","1018.000","hPa","35.3","pmil","0","55.520","deg","20.000","°C","100.000","%a.s.","21.750","deg","20.000","°C","977.000","hPa","0.861","-0.02617","0.00035","0","0","13.56","Humid","24.85","0","70.00","286444.36","SABD0000000001","AAV1.0.0.11","1.1.2.0","PSt7-10","170328-006","1/4/2020 10:31:52","0000-00","0","no battery","V"
"11/02/2020","12:12:43","1","default","640513929","OXY_CH1","58.342","min","154.192","µmol/L","Humid","23.765","deg","44704","µV","26.728","°C","1018.000","hPa","35.3","pmil","0","55.520","deg","20.000","°C","100.000","%a.s.","21.750","deg","20.000","°C","977.000","hPa","0.861","-0.02617","0.00035","0","0","13.56","Humid","24.85","0","70.00","286446.28","SABD0000000001","AAV1.0.0.11","1.1.2.0","PSt7-10","170328-006","1/4/2020 10:31:52","0000-00","0","no battery","V"
"11/02/2020","12:12:44","1","default","640513929","OXY_CH1","58.359","min","154.075","µmol/L","Humid","23.775","deg","44705","µV","26.726","°C","1018.000","hPa","35.3","pmil","0","55.520","deg","20.000","°C","100.000","%a.s.","21.750","deg","20.000","°C","977.000","hPa","0.861","-0.02617","0.00035","0","0","13.56","Humid","24.85","0","70.00","286438.97","SABD0000000001","AAV1.0.0.11","1.1.2.0","PSt7-10","170328-006","1/4/2020 10:31:52","0000-00","0","no battery","V"
"11/02/2020","12:12:45","1","default","640513929","OXY_CH1","58.375","min","154.138","µmol/L","Humid","23.769","deg","44701","µV","26.729","°C","1018.000","hPa","35.3","pmil","0","55.520","deg","20.000","°C","100.000","%a.s.","21.750","deg","20.000","°C","977.000","hPa","0.861","-0.02617","0.00035","0","0","13.56","Humid","24.85","0","70.00","286438.41","SABD0000000001","AAV1.0.0.11","1.1.2.0","PSt7-10","170328-006","1/4/2020 10:31:52","0000-00","0","no battery","V"
"11/02/2020","12:12:46","1","default","640513929","OXY_CH1","58.392","min","154.171","µmol/L","Humid","23.767","deg","44701","µV","26.727","°C","1018.000","hPa","35.3","pmil","0","55.520","deg","20.000","°C","100.000","%a.s.","21.750","deg","20.000","°C","977.000","hPa","0.861","-0.02617","0.00035","0","0","13.56","Humid","24.85","0","70.00","286429.19","SABD0000000001","AAV1.0.0.11","1.1.2.0","PSt7-10","170328-006","1/4/2020 10:31:52","0000-00","0","no battery","V"
"11/02/2020","12:12:47","1","default","640513929","OXY_CH1","58.408","min","154.251","µmol/L","Humid","23.764","deg","44701","µV","26.718","°C","1018.000","hPa","35.3","pmil","0","55.520","deg","20.000","°C","100.000","%a.s.","21.750","deg","20.000","°C","977.000","hPa","0.861","-0.02617","0.00035","0","0","13.56","Humid","24.85","0","70.00","286429.36","SABD0000000001","AAV1.0.0.11","1.1.2.0","PSt7-10","170328-006","1/4/2020 10:31:52","0000-00","0","no battery","V"
"11/02/2020","12:12:48","1","default","640513929","OXY_CH1","58.425","min","154.128","µmol/L","Humid","23.772","deg","44697","µV","26.723","°C","1018.000","hPa","35.3","pmil","0","55.520","deg","20.000","°C","100.000","%a.s.","21.750","deg","20.000","°C","977.000","hPa","0.861","-0.02617","0.00035","0","0","13.56","Humid","24.85","0","70.00","286436.93","SABD0000000001","AAV1.0.0.11","1.1.2.0","PSt7-10","170328-006","1/4/2020 10:31:52","0000-00","0","no battery","V"
"11/02/2020","12:12:49","1","default","640513929","OXY_CH1","58.442","min","154.165","µmol/L","Humid","23.773","deg","44700","µV","26.711","°C","1018.000","hPa","35.3","pmil","0","55.520","deg","20.000","°C","100.000","%a.s.","21.750","deg","20.000","°C","977.000","hPa","0.861","-0.02617","0.00035","0","0","13.56","Humid","24.85","0","70.00","286434.38","SABD0000000001","AAV1.0.0.11","1.1.2.0","PSt7-10","170328-006","1/4/2020 10:31:52","0000-00","0","no battery","V"
"11/02/2020","12:12:50","1","default","640513929","OXY_CH1","58.459","min","154.163","µmol/L","Humid","23.767","deg","44697","µV","26.729","°C","1018.000","hPa","35.3","pmil","0","55.520","deg","20.000","°C","100.000","%a.s.","21.750","deg","20.000","°C","977.000","hPa","0.861","-0.02617","0.00035","0","0","13.56","Humid","24.85","0","70.00","286433.26","SABD0000000001","AAV1.0.0.11","1.1.2.0","PSt7-10","170328-006","1/4/2020 10:31:52","0000-00","0","no battery","V"
"11/02/2020","12:12:51","1","default","640513929","OXY_CH1","58.476","min","154.187","µmol/L","Humid","23.765","deg","44694","µV","26.729","°C","1018.000","hPa","35.3","pmil","0","55.520","deg","20.000","°C","100.000","%a.s.","21.750","deg","20.000","°C","977.000","hPa","0.861","-0.02617","0.00035","0","0","13.56","Humid","24.85","0","70.00","286438.14","SABD0000000001","AAV1.0.0.11","1.1.2.0","PSt7-10","170328-006","1/4/2020 10:31:52","0000-00","0","no battery","V"
"11/02/2020","12:12:52","1","default","640513929","OXY_CH1","58.492","min","154.264","µmol/L","Humid","23.763","deg","44700","µV","26.718","°C","1018.000","hPa","35.3","pmil","0","55.520","deg","20.000","°C","100.000","%a.s.","21.750","deg","20.000","°C","977.000","hPa","0.861","-0.02617","0.00035","0","0","13.56","Humid","24.85","0","70.00","286432.98","SABD0000000001","AAV1.0.0.11","1.1.2.0","PSt7-10","170328-006","1/4/2020 10:31:52","0000-00","0","no battery","V"
"11/02/2020","12:12:53","1","default","640513929","OXY_CH1","58.509","min","154.090","µmol/L","Humid","23.773","deg","44699","µV","26.728","°C","1018.000","hPa","35.3","pmil","0","55.520","deg","20.000","°C","100.000","%a.s.","21.750","deg","20.000","°C","977.000","hPa","0.861","-0.02617","0.00035","0","0","13.56","Humid","24.85","0","70.00","286431.47","SABD0000000001","AAV1.0.0.11","1.1.2.0","PSt7-10","170328-006","1/4/2020 10:31:52","0000-00","0","no battery","V"
"11/02/2020","12:12:54","1","default","640513929","OXY_CH1","58.525","min","153.956","µmol/L","Humid","23.781","deg","44693","µV","26.735","°C","1018.000","hPa","35.3","pmil","0","55.520","deg","20.000","°C","100.000","%a.s.","21.750","deg","20.000","°C","977.000","hPa","0.861","-0.02617","0.00035","0","0","13.56","Humid","24.85","0","70.00","286428.82","SABD0000000001","AAV1.0.0.11","1.1.2.0","PSt7-10","170328-006","1/4/2020 10:31:52","0000-00","0","no battery","V"
"11/02/2020","12:12:55","1","default","640513929","OXY_CH1","58.542","min","154.147","µmol/L","Humid","23.771","deg","44692","µV","26.721","°C","1018.000","hPa","35.3","pmil","0","55.520","deg","20.000","°C","100.000","%a.s.","21.750","deg","20.000","°C","977.000","hPa","0.861","-0.02617","0.00035","0","0","13.56","Humid","24.85","0","70.00","286432.49","SABD0000000001","AAV1.0.0.11","1.1.2.0","PSt7-10","170328-006","1/4/2020 10:31:52","0000-00","0","no battery","V"
"11/02/2020","12:12:56","1","default","640513929","OXY_CH1","58.558","min","154.135","µmol/L","Humid","23.769","deg","44693","µV","26.730","°C","1018.000","hPa","35.3","pmil","0","55.520","deg","20.000","°C","100.000","%a.s.","21.750","deg","20.000","°C","977.000","hPa","0.861","-0.02617","0.00035","0","0","13.56","Humid","24.85","0","70.00","286438.13","SABD0000000001","AAV1.0.0.11","1.1.2.0","PSt7-10","170328-006","1/4/2020 10:31:52","0000-00","0","no battery","V"
"11/02/2020","12:12:57","1","default","640513929","OXY_CH1","58.575","min","154.000","µmol/L","Humid","23.777","deg","44693","µV","26.737","°C","1018.000","hPa","35.3","pmil","0","55.520","deg","20.000","°C","100.000","%a.s.","21.750","deg","20.000","°C","977.000","hPa","0.861","-0.02617","0.00035","0","0","13.56","Humid","24.85","0","70.00","286430.06","SABD0000000001","AAV1.0.0.11","1.1.2.0","PSt7-10","170328-006","1/4/2020 10:31:52","0000-00","0","no battery","V"
"11/02/2020","12:12:58","1","default","640513929","OXY_CH1","58.592","min","154.137","µmol/L","Humid","23.769","deg","44698","µV","26.729","°C","1018.000","hPa","35.3","pmil","0","55.520","deg","20.000","°C","100.000","%a.s.","21.750","deg","20.000","°C","977.000","hPa","0.861","-0.02617","0.00035","0","0","13.56","Humid","24.85","0","70.00","286438.90","SABD0000000001","AAV1.0.0.11","1.1.2.0","PSt7-10","170328-006","1/4/2020 10:31:52","0000-00","0","no battery","V"
"11/02/2020","12:12:59","1","default","640513929","OXY_CH1","58.609","min","154.162","µmol/L","Humid","23.769","deg","44695","µV","26.723","°C","1018.000","hPa","35.3","pmil","0","55.520","deg","20.000","°C","100.000","%a.s.","21.750","deg","20.000","°C","977.000","hPa","0.861","-0.02617","0.00035","0","0","13.56","Humid","24.85","0","70.00","286428.43","SABD0000000001","AAV1.0.0.11","1.1.2.0","PSt7-10","170328-006","1/4/2020 10:31:52","0000-00","0","no battery","V"
"11/02/2020","12:13:00","1","default","640513929","OXY_CH1","58.625","min","154.177","µmol/L","Humid","23.773","deg","44698","µV","26.709","°C","1018.000","hPa","35.3","pmil","0","55.520","deg","20.000","°C","100.000","%a.s.","21.750","deg","20.000","°C","977.000","hPa","0.861","-0.02617","0.00035","0","0","13.56","Humid","24.85","0","70.00","286434.32","SABD0000000001","AAV1.0.0.11","1.1.2.0","PSt7-10","170328-006","1/4/2020 10:31:52","0000-00","0","no battery","V"
"11/02/2020","12:13:01","1","default","640513929","OXY_CH1","58.642","min","154.080","µmol/L","Humid","23.777","deg","44698","µV","26.719","°C","1018.000","hPa","35.3","pmil","0","55.520","deg","20.000","°C","100.000","%a.s.","21.750","deg","20.000","°C","977.000","hPa","0.861","-0.02617","0.00035","0","0","13.56","Humid","24.85","0","70.00","286427.03","SABD0000000001","AAV1.0.0.11","1.1.2.0","PSt7-10","170328-006","1/4/2020 10:31:52","0000-00","0","no battery","V"
"11/02/2020","12:13:02","1","default","640513929","OXY_CH1","58.659","min","154.159","µmol/L","Humid","23.771","deg","44706","µV","26.718","°C","1018.000","hPa","35.3","pmil","0","55.520","deg","20.000","°C","100.000","%a.s.","21.750","deg","20.000","°C","977.000","hPa","0.861","-0.02617","0.00035","0","0","13.56","Humid","24.85","0","70.00","286439.82","SABD0000000001","AAV1.0.0.11","1.1.2.0","PSt7-10","170328-006","1/4/2020 10:31:52","0000-00","0","no battery","V"
"11/02/2020","12:13:03","1","default","640513929","OXY_CH1","58.675","min","154.167","µmol/L","Humid","23.775","deg","44702","µV","26.705","°C","1018.000","hPa","35.3","pmil","0","55.520","deg","20.000","°C","100.000","%a.s.","21.750","deg","20.000","°C","977.000","hPa","0.861","-0.02617","0.00035","0","0","13.56","Humid","24.85","0","70.00","286439.48","SABD0000000001","AAV1.0.0.11","1.1.2.0","PSt7-10","170328-006","1/4/2020 10:31:52","0000-00","0","no battery","V"
"11/02/2020","12:13:04","1","default","640513929","OXY_CH1","58.692","min","154.163","µmol/L","Humid","23.770","deg","44698","µV","26.720","°C","1018.000","hPa","35.3","pmil","0","55.520","deg","20.000","°C","100.000","%a.s.","21.750","deg","20.000","°C","977.000","hPa","0.861","-0.02617","0.00035","0","0","13.56","Humid","24.85","0","70.00","286429.54","SABD0000000001","AAV1.0.0.11","1.1.2.0","PSt7-10","170328-006","1/4/2020 10:31:52","0000-00","0","no battery","V"
"11/02/2020","12:13:05","1","default","640513929","OXY_CH1","58.708","min","154.276","µmol/L","Humid","23.763","deg","44693","µV","26.715","°C","1018.000","hPa","35.3","pmil","0","55.520","deg","20.000","°C","100.000","%a.s.","21.750","deg","20.000","°C","977.000","hPa","0.861","-0.02617","0.00035","0","0","13.56","Humid","24.85","0","70.00","286435.39","SABD0000000001","AAV1.0.0.11","1.1.2.0","PSt7-10","170328-006","1/4/2020 10:31:52","0000-00","0","no battery","V"
"11/02/2020","12:13:06","1","default","640513929","OXY_CH1","58.725","min","154.241","µmol/L","Humid","23.766","deg","44698","µV","26.715","°C","1018.000","hPa","35.3","pmil","0","55.520","deg","20.000","°C","100.000","%a.s.","21.750","deg","20.000","°C","977.000","hPa","0.861","-0.02617","0.00035","0","0","13.56","Humid","24.85","0","70.00","286435.66","SABD0000000001","AAV1.0.0.11","1.1.2.0","PSt7-10","170328-006","1/4/2020 10:31:52","0000-00","0","no battery","V"
"11/02/2020","12:13:07","1","default","640513929","OXY_CH1","58.742","min","154.155","µmol/L","Humid","23.771","deg","44698","µV","26.719","°C","1018.000","hPa","35.3","pmil","0","55.520","deg","20.000","°C","100.000","%a.s.","21.750","deg","20.000","°C","977.000","hPa","0.861","-0.02617","0.00035","0","0","13.56","Humid","24.85","0","70.00","286435.96","SABD0000000001","AAV1.0.0.11","1.1.2.0","PSt7-10","170328-006","1/4/2020 10:31:52","0000-00","0","no battery","V"
"11/02/2020","12:13:08","1","default","640513929","OXY_CH1","58.759","min","154.182","µmol/L","Humid","23.771","deg","44695","µV","26.713","°C","1018.000","hPa","35.3","pmil","0","55.520","deg","20.000","°C","100.000","%a.s.","21.750","deg","20.000","°C","977.000","hPa","0.861","-0.02617","0.00035","0","0","13.56","Humid","24.85","0","70.00","286427.89","SABD0000000001","AAV1.0.0.11","1.1.2.0","PSt7-10","170328-006","1/4/2020 10:31:52","0000-00","0","no battery","V"
"11/02/2020","12:13:09","1","default","640513929","OXY_CH1","58.775","min","154.242","µmol/L","Humid","23.767","deg","44699","µV","26.711","°C","1018.000","hPa","35.3","pmil","0","55.520","deg","20.000","°C","100.000","%a.s.","21.750","deg","20.000","°C","977.000","hPa","0.861","-0.02617","0.00035","0","0","13.56","Humid","24.85","0","70.00","286426.75","SABD0000000001","AAV1.0.0.11","1.1.2.0","PSt7-10","170328-006","1/4/2020 10:31:52","0000-00","0","no battery","V"
"11/02/2020","12:13:10","1","default","640513929","OXY_CH1","58.792","min","154.195","µmol/L","Humid","23.772","deg","44697","µV","26.708","°C","1018.000","hPa","35.3","pmil","0","55.520","deg","20.000","°C","100.000","%a.s.","21.750","deg","20.000","°C","977.000","hPa","0.861","-0.02617","0.00035","0","0","13.56","Humid","24.85","0","70.00","286424.15","SABD0000000001","AAV1.0.0.11","1.1.2.0","PSt7-10","170328-006","1/4/2020 10:31:52","0000-00","0","no battery","V"
"11/02/2020","12:13:11","1","default","640513929","OXY_CH1","58.809","min","154.001","µmol/L","Humid","23.784","deg","44693","µV","26.716","°C","1018.000","hPa","35.3","pmil","0","55.520","deg","20.000","°C","100.000","%a.s.","21.750","deg","20.000","°C","977.000","hPa","0.861","-0.02617","0.00035","0","0","13.56","Humid","24.85","0","70.00","286439.58","SABD0000000001","AAV1.0.0.11","1.1.2.0","PSt7-10","170328-006","1/4/2020 10:31:52","0000-00","0","no battery","V"
"11/02/2020","12:13:12","1","default","640513929","OXY_CH1","58.826","min","154.173","µmol/L","Humid","23.769","deg","44693","µV","26.721","°C","1018.000","hPa","35.3","pmil","0","55.520","deg","20.000","°C","100.000","%a.s.","21.750","deg","20.000","°C","977.000","hPa","0.861","-0.02617","0.00035","0","0","13.56","Humid","24.85","0","70.00","286434.61","SABD0000000001","AAV1.0.0.11","1.1.2.0","PSt7-10","170328-006","1/4/2020 10:31:52","0000-00","0","no battery","V"
"11/02/2020","12:13:13","1","default","640513929","OXY_CH1","58.842","min","154.200","µmol/L","Humid","23.767","deg","44690","µV","26.721","°C","1018.000","hPa","35.3","pmil","0","55.520","deg","20.000","°C","100.000","%a.s.","21.750","deg","20.000","°C","977.000","hPa","0.861","-0.02617","0.00035","0","0","13.56","Humid","24.85","0","70.00","286431.61","SABD0000000001","AAV1.0.0.11","1.1.2.0","PSt7-10","170328-006","1/4/2020 10:31:52","0000-00","0","no battery","V"
"11/02/2020","12:13:14","1","default","640513929","OXY_CH1","58.859","min","154.165","µmol/L","Humid","23.771","deg","44696","µV","26.717","°C","1018.000","hPa","35.3","pmil","0","55.520","deg","20.000","°C","100.000","%a.s.","21.750","deg","20.000","°C","977.000","hPa","0.861","-0.02617","0.00035","0","0","13.56","Humid","24.85","0","70.00","286428.76","SABD0000000001","AAV1.0.0.11","1.1.2.0","PSt7-10","170328-006","1/4/2020 10:31:52","0000-00","0","no battery","V"
"11/02/2020","12:13:15","1","default","640513929","OXY_CH1","58.875","min","154.161","µmol/L","Humid","23.769","deg","44697","µV","26.724","°C","1018.000","hPa","35.3","pmil","0","55.520","deg","20.000","°C","100.000","%a.s.","21.750","deg","20.000","°C","977.000","hPa","0.861","-0.02617","0.00035","0","0","13.56","Humid","24.85","0","70.00","286425.15","SABD0000000001","AAV1.0.0.11","1.1.2.0","PSt7-10","170328-006","1/4/2020 10:31:52","0000-00","0","no battery","V"
"11/02/2020","12:13:16","1","default","640513929","OXY_CH1","58.892","min","154.102","µmol/L","Humid","23.774","deg","44688","µV","26.723","°C","1018.000","hPa","35.3","pmil","0","55.520","deg","20.000","°C","100.000","%a.s.","21.750","deg","20.000","°C","977.000","hPa","0.861","-0.02617","0.00035","0","0","13.56","Humid","24.85","0","70.00","286431.11","SABD0000000001","AAV1.0.0.11","1.1.2.0","PSt7-10","170328-006","1/4/2020 10:31:52","0000-00","0","no battery","V"
"11/02/2020","12:13:17","1","default","640513929","OXY_CH1","58.908","min","154.058","µmol/L","Humid","23.778","deg","44693","µV","26.721","°C","1018.000","hPa","35.3","pmil","0","55.520","deg","20.000","°C","100.000","%a.s.","21.750","deg","20.000","°C","977.000","hPa","0.861","-0.02617","0.00035","0","0","13.56","Humid","24.85","0","70.00","286429.43","SABD0000000001","AAV1.0.0.11","1.1.2.0","PSt7-10","170328-006","1/4/2020 10:31:52","0000-00","0","no battery","V"
"11/02/2020","12:13:18","1","default","640513929","OXY_CH1","58.925","min","154.110","µmol/L","Humid","23.773","deg","44691","µV","26.724","°C","1018.000","hPa","35.3","pmil","0","55.520","deg","20.000","°C","100.000","%a.s.","21.750","deg","20.000","°C","977.000","hPa","0.861","-0.02617","0.00035","0","0","13.56","Humid","24.85","0","70.00","286426.81","SABD0000000001","AAV1.0.0.11","1.1.2.0","PSt7-10","170328-006","1/4/2020 10:31:52","0000-00","0","no battery","V"
"11/02/2020","12:13:19","1","default","640513929","OXY_CH1","58.942","min","154.086","µmol/L","Humid","23.773","deg","44686","µV","26.729","°C","1018.000","hPa","35.3","pmil","0","55.520","deg","20.000","°C","100.000","%a.s.","21.750","deg","20.000","°C","977.000","hPa","0.861","-0.02617","0.00035","0","0","13.56","Humid","24.85","0","70.00","286431.50","SABD0000000001","AAV1.0.0.11","1.1.2.0","PSt7-10","170328-006","1/4/2020 10:31:52","0000-00","0","no battery","V"
"11/02/2020","12:13:20","1","default","640513929","OXY_CH1","58.959","min","154.282","µmol/L","Humid","23.764","deg","44684","µV","26.711","°C","1018.000","hPa","35.3","pmil","0","55.520","deg","20.000","°C","100.000","%a.s.","21.750","deg","20.000","°C","977.000","hPa","0.861","-0.02617","0.00035","0","0","13.56","Humid","24.85","0","70.00","286433.85","SABD0000000001","AAV1.0.0.11","1.1.2.0","PSt7-10","170328-006","1/4/2020 10:31:52","0000-00","0","no battery","V"
"11/02/2020","12:13:21","1","default","640513929","OXY_CH1","58.975","min","154.285","µmol/L","Humid","23.764","deg","44686","µV","26.711","°C","1018.000","hPa","35.3","pmil","0","55.520","deg","20.000","°C","100.000","%a.s.","21.750","deg","20.000","°C","977.000","hPa","0.861","-0.02617","0.00035","0","0","13.56","Humid","24.85","0","70.00","286422.58","SABD0000000001","AAV1.0.0.11","1.1.2.0","PSt7-10","170328-006","1/4/2020 10:31:52","0000-00","0","no battery","V"
"11/02/2020","12:13:22","1","default","640513929","OXY_CH1","58.992","min","154.060","µmol/L","Humid","23.778","deg","44692","µV","26.720","°C","1018.000","hPa","35.3","pmil","0","55.520","deg","20.000","°C","100.000","%a.s.","21.750","deg","20.000","°C","977.000","hPa","0.861","-0.02617","0.00035","0","0","13.56","Humid","24.85","0","70.00","286427.86","SABD0000000001","AAV1.0.0.11","1.1.2.0","PSt7-10","170328-006","1/4/2020 10:31:52","0000-00","0","no battery","V"
"11/02/2020","12:13:23","1","default","640513929","OXY_CH1","59.009","min","154.154","µmol/L","Humid","23.775","deg","44692","µV","26.708","°C","1018.000","hPa","35.3","pmil","0","55.520","deg","20.000","°C","100.000","%a.s.","21.750","deg","20.000","°C","977.000","hPa","0.861","-0.02617","0.00035","0","0","13.56","Humid","24.85","0","70.00","286424.80","SABD0000000001","AAV1.0.0.11","1.1.2.0","PSt7-10","170328-006","1/4/2020 10:31:52","0000-00","0","no battery","V"
"11/02/2020","12:13:24","1","default","640513929","OXY_CH1","59.026","min","154.139","µmol/L","Humid","23.775","deg","44687","µV","26.711","°C","1018.000","hPa","35.3","pmil","0","55.520","deg","20.000","°C","100.000","%a.s.","21.750","deg","20.000","°C","977.000","hPa","0.861","-0.02617","0.00035","0","0","13.56","Humid","24.85","0","70.00","286428.10","SABD0000000001","AAV1.0.0.11","1.1.2.0","PSt7-10","170328-006","1/4/2020 10:31:52","0000-00","0","no battery","V"
"11/02/2020","12:13:25","1","default","640513929","OXY_CH1","59.042","min","154.155","µmol/L","Humid","23.774","deg","44684","µV","26.711","°C","1018.000","hPa","35.3","pmil","0","55.520","deg","20.000","°C","100.000","%a.s.","21.750","deg","20.000","°C","977.000","hPa","0.861","-0.02617","0.00035","0","0","13.56","Humid","24.85","0","70.00","286433.27","SABD0000000001","AAV1.0.0.11","1.1.2.0","PSt7-10","170328-006","1/4/2020 10:31:52","0000-00","0","no battery","V"
"11/02/2020","12:13:26","1","default","640513929","OXY_CH1","59.059","min","154.167","µmol/L","Humid","23.772","deg","44688","µV","26.714","°C","1018.000","hPa","35.3","pmil","0","55.520","deg","20.000","°C","100.000","%a.s.","21.750","deg","20.000","°C","977.000","hPa","0.861","-0.02617","0.00035","0","0","13.56","Humid","24.85","0","70.00","286430.31","SABD0000000001","AAV1.0.0.11","1.1.2.0","PSt7-10","170328-006","1/4/2020 10:31:52","0000-00","0","no battery","V"
"11/02/2020","12:13:27","1","default","640513929","OXY_CH1","59.076","min","154.106","µmol/L","Humid","23.774","deg","44687","µV","26.722","°C","1018.000","hPa","35.3","pmil","0","55.520","deg","20.000","°C","100.000","%a.s.","21.750","deg","20.000","°C","977.000","hPa","0.861","-0.02617","0.00035","0","0","13.56","Humid","24.85","0","70.00","286430.31","SABD0000000001","AAV1.0.0.11","1.1.2.0","PSt7-10","170328-006","1/4/2020 10:31:52","0000-00","0","no battery","V"
"11/02/2020","12:13:28","1","default","640513929","OXY_CH1","59.092","min","154.126","µmol/L","Humid","23.774","deg","44695","µV","26.717","°C","1018.000","hPa","35.3","pmil","0","55.520","deg","20.000","°C","100.000","%a.s.","21.750","deg","20.000","°C","977.000","hPa","0.861","-0.02617","0.00035","0","0","13.56","Humid","24.85","0","70.00","286421.37","SABD0000000001","AAV1.0.0.11","1.1.2.0","PSt7-10","170328-006","1/4/2020 10:31:52","0000-00","0","no battery","V"
"11/02/2020","12:13:29","1","default","640513929","OXY_CH1","59.109","min","154.128","µmol/L","Humid","23.774","deg","44691","µV","26.717","°C","1018.000","hPa","35.3","pmil","0","55.520","deg","20.000","°C","100.000","%a.s.","21.750","deg","20.000","°C","977.000","hPa","0.861","-0.02617","0.00035","0","0","13.56","Humid","24.85","0","70.00","286431.54","SABD0000000001","AAV1.0.0.11","1.1.2.0","PSt7-10","170328-006","1/4/2020 10:31:52","0000-00","0","no battery","V"
"11/02/2020","12:13:30","1","default","640513929","OXY_CH1","59.126","min","154.208","µmol/L","Humid","23.770","deg","44692","µV","26.710","°C","1018.000","hPa","35.3","pmil","0","55.520","deg","20.000","°C","100.000","%a.s.","21.750","deg","20.000","°C","977.000","hPa","0.861","-0.02617","0.00035","0","0","13.56","Humid","24.85","0","70.00","286416.56","SABD0000000001","AAV1.0.0.11","1.1.2.0","PSt7-10","170328-006","1/4/2020 10:31:52","0000-00","0","no battery","V"
"11/02/2020","12:13:31","1","default","640513929","OXY_CH1","59.142","min","154.073","µmol/L","Humid","23.773","deg","44690","µV","26.732","°C","1018.000","hPa","35.3","pmil","0","55.520","deg","20.000","°C","100.000","%a.s.","21.750","deg","20.000","°C","977.000","hPa","0.861","-0.02617","0.00035","0","0","13.56","Humid","24.85","0","70.00","286426.86","SABD0000000001","AAV1.0.0.11","1.1.2.0","PSt7-10","170328-006","1/4/2020 10:31:52","0000-00","0","no battery","V"
"11/02/2020","12:13:32","1","default","640513929","OXY_CH1","59.159","min","154.058","µmol/L","Humid","23.777","deg","44688","µV","26.724","°C","1018.000","hPa","35.3","pmil","0","55.520","deg","20.000","°C","100.000","%a.s.","21.750","deg","20.000","°C","977.000","hPa","0.861","-0.02617","0.00035","0","0","13.56","Humid","24.85","0","70.00","286431.29","SABD0000000001","AAV1.0.0.11","1.1.2.0","PSt7-10","170328-006","1/4/2020 10:31:52","0000-00","0","no battery","V"
"11/02/2020","12:13:33","1","default","640513929","OXY_CH1","59.176","min","154.103","µmol/L","Humid","23.777","deg","44688","µV","26.714","°C","1018.000","hPa","35.3","pmil","0","55.520","deg","20.000","°C","100.000","%a.s.","21.750","deg","20.000","°C","977.000","hPa","0.861","-0.02617","0.00035","0","0","13.56","Humid","24.85","0","70.00","286415.13","SABD0000000001","AAV1.0.0.11","1.1.2.0","PSt7-10","170328-006","1/4/2020 10:31:52","0000-00","0","no battery","V"
"11/02/2020","12:13:34","1","default","640513929","OXY_CH1","59.192","min","154.135","µmol/L","Humid","23.778","deg","44687","µV","26.704","°C","1018.000","hPa","35.3","pmil","0","55.520","deg","20.000","°C","100.000","%a.s.","21.750","deg","20.000","°C","977.000","hPa","0.861","-0.02617","0.00035","0","0","13.56","Humid","24.85","0","70.00","286434.68","SABD0000000001","AAV1.0.0.11","1.1.2.0","PSt7-10","170328-006","1/4/2020 10:31:52","0000-00","0","no battery","V"
"11/02/2020","12:13:35","1","default","640513929","OXY_CH1","59.209","min","154.086","µmol/L","Humid","23.778","deg","44684","µV","26.715","°C","1018.000","hPa","35.3","pmil","0","55.520","deg","20.000","°C","100.000","%a.s.","21.750","deg","20.000","°C","977.000","hPa","0.861","-0.02617","0.00035","0","0","13.56","Humid","24.85","0","70.00","286419.85","SABD0000000001","AAV1.0.0.11","1.1.2.0","PSt7-10","170328-006","1/4/2020 10:31:52","0000-00","0","no battery","V"
"11/02/2020","12:13:36","1","default","640513929","OXY_CH1","59.225","min","154.021","µmol/L","Humid","23.783","deg","44684","µV","26.715","°C","1018.000","hPa","35.3","pmil","0","55.520","deg","20.000","°C","100.000","%a.s.","21.750","deg","20.000","°C","977.000","hPa","0.861","-0.02617","0.00035","0","0","13.56","Humid","24.85","0","70.00","286429.95","SABD0000000001","AAV1.0.0.11","1.1.2.0","PSt7-10","170328-006","1/4/2020 10:31:52","0000-00","0","no battery","V"
"11/02/2020","12:13:37","1","default","640513929","OXY_CH1","59.242","min","154.229","µmol/L","Humid","23.770","deg","44684","µV","26.706","°C","1018.000","hPa","35.3","pmil","0","55.520","deg","20.000","°C","100.000","%a.s.","21.750","deg","20.000","°C","977.000","hPa","0.861","-0.02617","0.00035","0","0","13.56","Humid","24.85","0","70.00","286426.36","SABD0000000001","AAV1.0.0.11","1.1.2.0","PSt7-10","170328-006","1/4/2020 10:31:52","0000-00","0","no battery","V"
"11/02/2020","12:13:38","1","default","640513929","OXY_CH1","59.259","min","154.249","µmol/L","Humid","23.767","deg","44688","µV","26.710","°C","1018.000","hPa","35.3","pmil","0","55.520","deg","20.000","°C","100.000","%a.s.","21.750","deg","20.000","°C","977.000","hPa","0.861","-0.02617","0.00035","0","0","13.56","Humid","24.85","0","70.00","286417.16","SABD0000000001","AAV1.0.0.11","1.1.2.0","PSt7-10","170328-006","1/4/2020 10:31:52","0000-00","0","no battery","V"
"11/02/2020","12:13:39","1","default","640513929","OXY_CH1","59.275","min","154.178","µmol/L","Humid","23.771","deg","44692","µV","26.714","°C","1018.000","hPa","35.3","pmil","0","55.520","deg","20.000","°C","100.000","%a.s.","21.750","deg","20.000","°C","977.000","hPa","0.861","-0.02617","0.00035","0","0","13.56","Humid","24.85","0","70.00","286429.59","SABD0000000001","AAV1.0.0.11","1.1.2.0","PSt7-10","170328-006","1/4/2020 10:31:52","0000-00","0","no battery","V"
"11/02/2020","12:13:40","1","default","640513929","OXY_CH1","59.292","min","154.115","µmol/L","Humid","23.778","deg","44693","µV","26.708","°C","1018.000","hPa","35.3","pmil","0","55.520","deg","20.000","°C","100.000","%a.s.","21.750","deg","20.000","°C","977.000","hPa","0.861","-0.02617","0.00035","0","0","13.56","Humid","24.85","0","70.00","286422.60","SABD0000000001","AAV1.0.0.11","1.1.2.0","PSt7-10","170328-006","1/4/2020 10:31:52","0000-00","0","no battery","V"
"11/02/2020","12:13:41","1","default","640513929","OXY_CH1","59.309","min","154.192","µmol/L","Humid","23.771","deg","44689","µV","26.711","°C","1018.000","hPa","35.3","pmil","0","55.520","deg","20.000","°C","100.000","%a.s.","21.750","deg","20.000","°C","977.000","hPa","0.861","-0.02617","0.00035","0","0","13.56","Humid","24.85","0","70.00","286398.56","SABD0000000001","AAV1.0.0.11","1.1.2.0","PSt7-10","170328-006","1/4/2020 10:31:52","0000-00","0","no battery","V"
"11/02/2020","12:13:42","1","default","640513929","OXY_CH1","59.326","min","154.149","µmol/L","Humid","23.777","deg","44690","µV","26.704","°C","1018.000","hPa","35.3","pmil","0","55.520","deg","20.000","°C","100.000","%a.s.","21.750","deg","20.000","°C","977.000","hPa","0.861","-0.02617","0.00035","0","0","13.56","Humid","24.85","0","70.00","286427.30","SABD0000000001","AAV1.0.0.11","1.1.2.0","PSt7-10","170328-006","1/4/2020 10:31:52","0000-00","0","no battery","V"
"11/02/2020","12:13:43","1","default","640513929","OXY_CH1","59.342","min","154.222","µmol/L","Humid","23.770","deg","44690","µV","26.707","°C","1018.000","hPa","35.3","pmil","0","55.520","deg","20.000","°C","100.000","%a.s.","21.750","deg","20.000","°C","977.000","hPa","0.861","-0.02617","0.00035","0","0","13.56","Humid","24.85","0","70.00","286423.72","SABD0000000001","AAV1.0.0.11","1.1.2.0","PSt7-10","170328-006","1/4/2020 10:31:52","0000-00","0","no battery","V"
"11/02/2020","12:13:44","1","default","640513929","OXY_CH1","59.359","min","154.134","µmol/L","Humid","23.776","deg","44691","µV","26.710","°C","1018.000","hPa","35.3","pmil","0","55.520","deg","20.000","°C","100.000","%a.s.","21.750","deg","20.000","°C","977.000","hPa","0.861","-0.02617","0.00035","0","0","13.56","Humid","24.85","0","70.00","286419.14","SABD0000000001","AAV1.0.0.11","1.1.2.0","PSt7-10","170328-006","1/4/2020 10:31:52","0000-00","0","no battery","V"
"11/02/2020","12:13:45","1","default","640513929","OXY_CH1","59.375","min","154.123","µmol/L","Humid","23.776","deg","44693","µV","26.712","°C","1018.000","hPa","35.3","pmil","0","55.520","deg","20.000","°C","100.000","%a.s.","21.750","deg","20.000","°C","977.000","hPa","0.861","-0.02617","0.00035","0","0","13.56","Humid","24.85","0","70.00","286419.04","SABD0000000001","AAV1.0.0.11","1.1.2.0","PSt7-10","170328-006","1/4/2020 10:31:52","0000-00","0","no battery","V"
"11/02/2020","12:13:46","1","default","640513929","OXY_CH1","59.392","min","154.143","µmol/L","Humid","23.773","deg","44693","µV","26.716","°C","1018.000","hPa","35.3","pmil","0","55.520","deg","20.000","°C","100.000","%a.s.","21.750","deg","20.000","°C","977.000","hPa","0.861","-0.02617","0.00035","0","0","13.56","Humid","24.85","0","70.00","286417.20","SABD0000000001","AAV1.0.0.11","1.1.2.0","PSt7-10","170328-006","1/4/2020 10:31:52","0000-00","0","no battery","V"
"11/02/2020","12:13:47","1","default","640513929","OXY_CH1","59.409","min","154.135","µmol/L","Humid","23.773","deg","44696","µV","26.718","°C","1018.000","hPa","35.3","pmil","0","55.520","deg","20.000","°C","100.000","%a.s.","21.750","deg","20.000","°C","977.000","hPa","0.861","-0.02617","0.00035","0","0","13.56","Humid","24.85","0","70.00","286420.00","SABD0000000001","AAV1.0.0.11","1.1.2.0","PSt7-10","170328-006","1/4/2020 10:31:52","0000-00","0","no battery","V"
"11/02/2020","12:13:48","1","default","640513929","OXY_CH1","59.425","min","154.197","µmol/L","Humid","23.775","deg","44693","µV","26.699","°C","1018.000","hPa","35.3","pmil","0","55.520","deg","20.000","°C","100.000","%a.s.","21.750","deg","20.000","°C","977.000","hPa","0.861","-0.02617","0.00035","0","0","13.56","Humid","24.85","0","70.00","286422.25","SABD0000000001","AAV1.0.0.11","1.1.2.0","PSt7-10","170328-006","1/4/2020 10:31:52","0000-00","0","no battery","V"
"11/02/2020","12:13:49","1","default","640513929","OXY_CH1","59.442","min","154.194","µmol/L","Humid","23.779","deg","44696","µV","26.688","°C","1018.000","hPa","35.3","pmil","0","55.520","deg","20.000","°C","100.000","%a.s.","21.750","deg","20.000","°C","977.000","hPa","0.861","-0.02617","0.00035","0","0","13.56","Humid","24.85","0","70.00","286413.59","SABD0000000001","AAV1.0.0.11","1.1.2.0","PSt7-10","170328-006","1/4/2020 10:31:52","0000-00","0","no battery","V"
"11/02/2020","12:13:50","1","default","640513929","OXY_CH1","59.459","min","154.143","µmol/L","Humid","23.777","deg","44703","µV","26.705","°C","1018.000","hPa","35.3","pmil","0","55.520","deg","20.000","°C","100.000","%a.s.","21.750","deg","20.000","°C","977.000","hPa","0.861","-0.02617","0.00035","0","0","13.56","Humid","24.85","0","70.00","286426.84","SABD0000000001","AAV1.0.0.11","1.1.2.0","PSt7-10","170328-006","1/4/2020 10:31:52","0000-00","0","no battery","V"
"11/02/2020","12:13:51","1","default","640513929","OXY_CH1","59.476","min","154.138","µmol/L","Humid","23.773","deg","44697","µV","26.717","°C","1018.000","hPa","35.3","pmil","0","55.520","deg","20.000","°C","100.000","%a.s.","21.750","deg","20.000","°C","977.000","hPa","0.861","-0.02617","0.00035","0","0","13.56","Humid","24.85","0","70.00","286424.33","SABD0000000001","AAV1.0.0.11","1.1.2.0","PSt7-10","170328-006","1/4/2020 10:31:52","0000-00","0","no battery","V"
"11/02/2020","12:13:52","1","default","640513929","OXY_CH1","59.492","min","154.075","µmol/L","Humid","23.778","deg","44695","µV","26.717","°C","1018.000","hPa","35.3","pmil","0","55.520","deg","20.000","°C","100.000","%a.s.","21.750","deg","20.000","°C","977.000","hPa","0.861","-0.02617","0.00035","0","0","13.56","Humid","24.85","0","70.00","286422.52","SABD0000000001","AAV1.0.0.11","1.1.2.0","PSt7-10","170328-006","1/4/2020 10:31:52","0000-00","0","no battery","V"
"11/02/2020","12:13:53","1","default","640513929","OXY_CH1","59.509","min","154.110","µmol/L","Humid","23.781","deg","44696","µV","26.701","°C","1018.000","hPa","35.3","pmil","0","55.520","deg","20.000","°C","100.000","%a.s.","21.750","deg","20.000","°C","977.000","hPa","0.861","-0.02617","0.00035","0","0","13.56","Humid","24.85","0","70.00","286421.58","SABD0000000001","AAV1.0.0.11","1.1.2.0","PSt7-10","170328-006","1/4/2020 10:31:52","0000-00","0","no battery","V"
"11/02/2020","12:13:54","1","default","640513929","OXY_CH1","59.525","min","154.136","µmol/L","Humid","23.775","deg","44691","µV","26.712","°C","1018.000","hPa","35.3","pmil","0","55.520","deg","20.000","°C","100.000","%a.s.","21.750","deg","20.000","°C","977.000","hPa","0.861","-0.02617","0.00035","0","0","13.56","Humid","24.85","0","70.00","286419.25","SABD0000000001","AAV1.0.0.11","1.1.2.0","PSt7-10","170328-006","1/4/2020 10:31:52","0000-00","0","no battery","V"
"11/02/2020","12:13:55","1","default","640513929","OXY_CH1","59.542","min","154.075","µmol/L","Humid","23.780","deg","44694","µV","26.711","°C","1018.000","hPa","35.3","pmil","0","55.520","deg","20.000","°C","100.000","%a.s.","21.750","deg","20.000","°C","977.000","hPa","0.861","-0.02617","0.00035","0","0","13.56","Humid","24.85","0","70.00","286414.55","SABD0000000001","AAV1.0.0.11","1.1.2.0","PSt7-10","170328-006","1/4/2020 10:31:52","0000-00","0","no battery","V"
"11/02/2020","12:13:56","1","default","640513929","OXY_CH1","59.558","min","154.151","µmol/L","Humid","23.774","deg","44693","µV","26.712","°C","1018.000","hPa","35.3","pmil","0","55.520","deg","20.000","°C","100.000","%a.s.","21.750","deg","20.000","°C","977.000","hPa","0.861","-0.02617","0.00035","0","0","13.56","Humid","24.85","0","70.00","286407.85","SABD0000000001","AAV1.0.0.11","1.1.2.0","PSt7-10","170328-006","1/4/2020 10:31:52","0000-00","0","no battery","V"
"11/02/2020","12:13:57","1","default","640513929","OXY_CH1","59.575","min","154.075","µmol/L","Humid","23.781","deg","44695","µV","26.708","°C","1018.000","hPa","35.3","pmil","0","55.520","deg","20.000","°C","100.000","%a.s.","21.750","deg","20.000","°C","977.000","hPa","0.861","-0.02617","0.00035","0","0","13.56","Humid","24.85","0","70.00","286412.08","SABD0000000001","AAV1.0.0.11","1.1.2.0","PSt7-10","170328-006","1/4/2020 10:31:52","0000-00","0","no battery","V"
"11/02/2020","12:13:58","1","default","640513929","OXY_CH1","59.592","min","154.145","µmol/L","Humid","23.776","deg","44699","µV","26.707","°C","1018.000","hPa","35.3","pmil","0","55.520","deg","20.000","°C","100.000","%a.s.","21.750","deg","20.000","°C","977.000","hPa","0.861","-0.02617","0.00035","0","0","13.56","Humid","24.85","0","70.00","286417.53","SABD0000000001","AAV1.0.0.11","1.1.2.0","PSt7-10","170328-006","1/4/2020 10:31:52","0000-00","0","no battery","V"
"11/02/2020","12:13:59","1","default","640513929","OXY_CH1","59.609","min","154.090","µmol/L","Humid","23.778","deg","44696","µV","26.714","°C","1018.000","hPa","35.3","pmil","0","55.520","deg","20.000","°C","100.000","%a.s.","21.750","deg","20.000","°C","977.000","hPa","0.861","-0.02617","0.00035","0","0","13.56","Humid","24.85","0","70.00","286414.09","SABD0000000001","AAV1.0.0.11","1.1.2.0","PSt7-10","170328-006","1/4/2020 10:31:52","0000-00","0","no battery","V"
"11/02/2020","12:14:00","1","default","640513929","OXY_CH1","59.626","min","154.118","µmol/L","Humid","23.778","deg","44705","µV","26.707","°C","1018.000","hPa","35.3","pmil","0","55.520","deg","20.000","°C","100.000","%a.s.","21.750","deg","20.000","°C","977.000","hPa","0.861","-0.02617","0.00035","0","0","13.56","Humid","24.85","0","70.00","286415.51","SABD0000000001","AAV1.0.0.11","1.1.2.0","PSt7-10","170328-006","1/4/2020 10:31:52","0000-00","0","no battery","V"
"11/02/2020","12:14:01","1","default","640513929","OXY_CH1","59.642","min","154.091","µmol/L","Humid","23.784","deg","44694","µV","26.696","°C","1018.000","hPa","35.3","pmil","0","55.520","deg","20.000","°C","100.000","%a.s.","21.750","deg","20.000","°C","977.000","hPa","0.861","-0.02617","0.00035","0","0","13.56","Humid","24.85","0","70.00","286402.00","SABD0000000001","AAV1.0.0.11","1.1.2.0","PSt7-10","170328-006","1/4/2020 10:31:52","0000-00","0","no battery","V"
"11/02/2020","12:16:55","1","default","640513929","OXY_CH1","62.543","min","154.096","µmol/L","Humid","23.789","deg","44833","µV","26.681","°C","1018.000","hPa","35.3","pmil","0","55.520","deg","20.000","°C","100.000","%a.s.","21.750","deg","20.000","°C","977.000","hPa","0.861","-0.02617","0.00035","0","0","13.56","Humid","24.85","0","70.00","286664.39","SABD0000000001","AAV1.0.0.11","1.1.2.0","PSt7-10","170328-006","1/4/2020 10:31:52","0000-00","0","no battery","V"
"11/02/2020","12:16:56","1","default","640513929","OXY_CH1","62.559","min","154.256","µmol/L","Humid","23.779","deg","44821","µV","26.674","°C","1018.000","hPa","35.3","pmil","0","55.520","deg","20.000","°C","100.000","%a.s.","21.750","deg","20.000","°C","977.000","hPa","0.861","-0.02617","0.00035","0","0","13.56","Humid","24.85","0","70.00","286614.72","SABD0000000001","AAV1.0.0.11","1.1.2.0","PSt7-10","170328-006","1/4/2020 10:31:52","0000-00","0","no battery","V"
"11/02/2020","12:16:57","1","default","640513929","OXY_CH1","62.576","min","154.228","µmol/L","Humid","23.783","deg","44818","µV","26.669","°C","1018.000","hPa","35.3","pmil","0","55.520","deg","20.000","°C","100.000","%a.s.","21.750","deg","20.000","°C","977.000","hPa","0.861","-0.02617","0.00035","0","0","13.56","Humid","24.85","0","70.00","286599.65","SABD0000000001","AAV1.0.0.11","1.1.2.0","PSt7-10","170328-006","1/4/2020 10:31:52","0000-00","0","no battery","V"
"11/02/2020","12:16:58","1","default","640513929","OXY_CH1","62.592","min","154.200","µmol/L","Humid","23.785","deg","44810","µV","26.669","°C","1018.000","hPa","35.3","pmil","0","55.520","deg","20.000","°C","100.000","%a.s.","21.750","deg","20.000","°C","977.000","hPa","0.861","-0.02617","0.00035","0","0","13.56","Humid","24.85","0","70.00","286581.51","SABD0000000001","AAV1.0.0.11","1.1.2.0","PSt7-10","170328-006","1/4/2020 10:31:52","0000-00","0","no battery","V"
"11/02/2020","12:16:59","1","default","640513929","OXY_CH1","62.609","min","154.219","µmol/L","Humid","23.784","deg","44812","µV","26.668","°C","1018.000","hPa","35.3","pmil","0","55.520","deg","20.000","°C","100.000","%a.s.","21.750","deg","20.000","°C","977.000","hPa","0.861","-0.02617","0.00035","0","0","13.56","Humid","24.85","0","70.00","286566.52","SABD0000000001","AAV1.0.0.11","1.1.2.0","PSt7-10","170328-006","1/4/2020 10:31:52","0000-00","0","no battery","V"
"11/02/2020","12:17:00","1","default","640513929","OXY_CH1","62.626","min","154.126","µmol/L","Humid","23.788","deg","44806","µV","26.677","°C","1018.000","hPa","35.3","pmil","0","55.520","deg","20.000","°C","100.000","%a.s.","21.750","deg","20.000","°C","977.000","hPa","0.861","-0.02617","0.00035","0","0","13.56","Humid","24.85","0","70.00","286570.30","SABD0000000001","AAV1.0.0.11","1.1.2.0","PSt7-10","170328-006","1/4/2020 10:31:52","0000-00","0","no battery","V"
"11/02/2020","12:17:01","1","default","640513929","OXY_CH1","62.642","min","154.046","µmol/L","Humid","23.792","deg","44812","µV","26.684","°C","1018.000","hPa","35.3","pmil","0","55.520","deg","20.000","°C","100.000","%a.s.","21.750","deg","20.000","°C","977.000","hPa","0.861","-0.02617","0.00035","0","0","13.56","Humid","24.85","0","70.00","286561.14","SABD0000000001","AAV1.0.0.11","1.1.2.0","PSt7-10","170328-006","1/4/2020 10:31:52","0000-00","0","no battery","V"
"11/02/2020","12:17:02","1","default","640513929","OXY_CH1","62.659","min","154.159","µmol/L","Humid","23.785","deg","44800","µV","26.678","°C","1018.000","hPa","35.3","pmil","0","55.520","deg","20.000","°C","100.000","%a.s.","21.750","deg","20.000","°C","977.000","hPa","0.861","-0.02617","0.00035","0","0","13.56","Humid","24.85","0","70.00","286556.79","SABD0000000001","AAV1.0.0.11","1.1.2.0","PSt7-10","170328-006","1/4/2020 10:31:52","0000-00","0","no battery","V"
"11/02/2020","12:17:03","1","default","640513929","OXY_CH1","62.676","min","154.135","µmol/L","Humid","23.787","deg","44802","µV","26.678","°C","1018.000","hPa","35.3","pmil","0","55.520","deg","20.000","°C","100.000","%a.s.","21.750","deg","20.000","°C","977.000","hPa","0.861","-0.02617","0.00035","0","0","13.56","Humid","24.85","0","70.00","286554.63","SABD0000000001","AAV1.0.0.11","1.1.2.0","PSt7-10","170328-006","1/4/2020 10:31:52","0000-00","0","no battery","V"
"11/02/2020","12:17:04","1","default","640513929","OXY_CH1","62.692","min","154.285","µmol/L","Humid","23.779","deg","44799","µV","26.668","°C","1018.000","hPa","35.3","pmil","0","55.520","deg","20.000","°C","100.000","%a.s.","21.750","deg","20.000","°C","977.000","hPa","0.861","-0.02617","0.00035","0","0","13.56","Humid","24.85","0","70.00","286554.21","SABD0000000001","AAV1.0.0.11","1.1.2.0","PSt7-10","170328-006","1/4/2020 10:31:52","0000-00","0","no battery","V"
"11/02/2020","12:17:05","1","default","640513929","OXY_CH1","62.708","min","154.105","µmol/L","Humid","23.789","deg","44793","µV","26.679","°C","1018.000","hPa","35.3","pmil","0","55.520","deg","20.000","°C","100.000","%a.s.","21.750","deg","20.000","°C","977.000","hPa","0.861","-0.02617","0.00035","0","0","13.56","Humid","24.85","0","70.00","286553.37","SABD0000000001","AAV1.0.0.11","1.1.2.0","PSt7-10","170328-006","1/4/2020 10:31:52","0000-00","0","no battery","V"
"11/02/2020","12:17:06","1","default","640513929","OXY_CH1","62.725","min","154.039","µmol/L","Humid","23.791","deg","44794","µV","26.688","°C","1018.000","hPa","35.3","pmil","0","55.520","deg","20.000","°C","100.000","%a.s.","21.750","deg","20.000","°C","977.000","hPa","0.861","-0.02617","0.00035","0","0","13.56","Humid","24.85","0","70.00","286561.72","SABD0000000001","AAV1.0.0.11","1.1.2.0","PSt7-10","170328-006","1/4/2020 10:31:52","0000-00","0","no battery","V"
"11/02/2020","12:17:07","1","default","640513929","OXY_CH1","62.742","min","154.146","µmol/L","Humid","23.791","deg","44795","µV","26.664","°C","1018.000","hPa","35.3","pmil","0","55.520","deg","20.000","°C","100.000","%a.s.","21.750","deg","20.000","°C","977.000","hPa","0.861","-0.02617","0.00035","0","0","13.56","Humid","24.85","0","70.00","286549.74","SABD0000000001","AAV1.0.0.11","1.1.2.0","PSt7-10","170328-006","1/4/2020 10:31:52","0000-00","0","no battery","V"
"11/02/2020","12:17:18","1","default","640513929","OXY_CH1","62.931","min","154.220","µmol/L","Humid","23.788","deg","44810","µV","26.656","°C","1018.000","hPa","35.3","pmil","0","55.520","deg","20.000","°C","100.000","%a.s.","21.750","deg","20.000","°C","977.000","hPa","0.861","-0.02617","0.00035","0","0","13.56","Humid","24.85","0","70.00","286682.41","SABD0000000001","AAV1.0.0.11","1.1.2.0","PSt7-10","170328-006","1/4/2020 10:31:52","0000-00","0","no battery","V"
"11/02/2020","12:17:19","1","default","640513929","OXY_CH1","62.942","min","154.301","µmol/L","Humid","23.782","deg","44795","µV","26.655","°C","1018.000","hPa","35.3","pmil","0","55.520","deg","20.000","°C","100.000","%a.s.","21.750","deg","20.000","°C","977.000","hPa","0.861","-0.02617","0.00035","0","0","13.56","Humid","24.85","0","70.00","286611.98","SABD0000000001","AAV1.0.0.11","1.1.2.0","PSt7-10","170328-006","1/4/2020 10:31:52","0000-00","0","no battery","V"
"11/02/2020","12:17:20","1","default","640513929","OXY_CH1","62.959","min","154.106","µmol/L","Humid","23.788","deg","44802","µV","26.682","°C","1018.000","hPa","35.3","pmil","0","55.520","deg","20.000","°C","100.000","%a.s.","21.750","deg","20.000","°C","977.000","hPa","0.861","-0.02617","0.00035","0","0","13.56","Humid","24.85","0","70.00","286597.77","SABD0000000001","AAV1.0.0.11","1.1.2.0","PSt7-10","170328-006","1/4/2020 10:31:52","0000-00","0","no battery","V"
"11/02/2020","12:17:21","1","default","640513929","OXY_CH1","62.975","min","154.218","µmol/L","Humid","23.779","deg","44796","µV","26.683","°C","1018.000","hPa","35.3","pmil","0","55.520","deg","20.000","°C","100.000","%a.s.","21.750","deg","20.000","°C","977.000","hPa","0.861","-0.02617","0.00035","0","0","13.56","Humid","24.85","0","70.00","286585.51","SABD0000000001","AAV1.0.0.11","1.1.2.0","PSt7-10","170328-006","1/4/2020 10:31:52","0000-00","0","no battery","V"
"11/02/2020","12:17:22","1","default","640513929","OXY_CH1","62.992","min","154.170","µmol/L","Humid","23.785","deg","44795","µV","26.676","°C","1018.000","hPa","35.3","pmil","0","55.520","deg","20.000","°C","100.000","%a.s.","21.750","deg","20.000","°C","977.000","hPa","0.861","-0.02617","0.00035","0","0","13.56","Humid","24.85","0","70.00","286575.80","SABD0000000001","AAV1.0.0.11","1.1.2.0","PSt7-10","170328-006","1/4/2020 10:31:52","0000-00","0","no battery","V"
"11/02/2020","12:17:23","1","default","640513929","OXY_CH1","63.009","min","154.208","µmol/L","Humid","23.785","deg","44792","µV","26.667","°C","1018.000","hPa","35.3","pmil","0","55.520","deg","20.000","°C","100.000","%a.s.","21.750","deg","20.000","°C","977.000","hPa","0.861","-0.02617","0.00035","0","0","13.56","Humid","24.85","0","70.00","286554.82","SABD0000000001","AAV1.0.0.11","1.1.2.0","PSt7-10","170328-006","1/4/2020 10:31:52","0000-00","0","no battery","V"
"11/02/2020","12:17:24","1","default","640513929","OXY_CH1","63.026","min","154.288","µmol/L","Humid","23.779","deg","44789","µV","26.667","°C","1018.000","hPa","35.3","pmil","0","55.520","deg","20.000","°C","100.000","%a.s.","21.750","deg","20.000","°C","977.000","hPa","0.861","-0.02617","0.00035","0","0","13.56","Humid","24.85","0","70.00","286552.30","SABD0000000001","AAV1.0.0.11","1.1.2.0","PSt7-10","170328-006","1/4/2020 10:31:52","0000-00","0","no battery","V"
"11/02/2020","12:17:25","1","default","640513929","OXY_CH1","63.042","min","154.117","µmol/L","Humid","23.793","deg","44794","µV","26.665","°C","1018.000","hPa","35.3","pmil","0","55.520","deg","20.000","°C","100.000","%a.s.","21.750","deg","20.000","°C","977.000","hPa","0.861","-0.02617","0.00035","0","0","13.56","Humid","24.85","0","70.00","286555.96","SABD0000000001","AAV1.0.0.11","1.1.2.0","PSt7-10","170328-006","1/4/2020 10:31:52","0000-00","0","no battery","V"
"11/02/2020","12:17:26","1","default","640513929","OXY_CH1","63.058","min","154.142","µmol/L","Humid","23.787","deg","44788","µV","26.677","°C","1018.000","hPa","35.3","pmil","0","55.520","deg","20.000","°C","100.000","%a.s.","21.750","deg","20.000","°C","977.000","hPa","0.861","-0.02617","0.00035","0","0","13.56","Humid","24.85","0","70.00","286545.90","SABD0000000001","AAV1.0.0.11","1.1.2.0","PSt7-10","170328-006","1/4/2020 10:31:52","0000-00","0","no battery","V"
"11/02/2020","12:17:27","1","default","640513929","OXY_CH1","63.075","min","154.246","µmol/L","Humid","23.784","deg","44787","µV","26.662","°C","1018.000","hPa","35.3","pmil","0","55.520","deg","20.000","°C","100.000","%a.s.","21.750","deg","20.000","°C","977.000","hPa","0.861","-0.02617","0.00035","0","0","13.56","Humid","24.85","0","70.00","286544.07","SABD0000000001","AAV1.0.0.11","1.1.2.0","PSt7-10","170328-006","1/4/2020 10:31:52","0000-00","0","no battery","V"
"11/02/2020","12:17:28","1","default","640513929","OXY_CH1","63.092","min","154.228","µmol/L","Humid","23.787","deg","44787","µV","26.657","°C","1018.000","hPa","35.3","pmil","0","55.520","deg","20.000","°C","100.000","%a.s.","21.750","deg","20.000","°C","977.000","hPa","0.861","-0.02617","0.00035","0","0","13.56","Humid","24.85","0","70.00","286548.14","SABD0000000001","AAV1.0.0.11","1.1.2.0","PSt7-10","170328-006","1/4/2020 10:31:52","0000-00","0","no battery","V"
"11/02/2020","12:17:29","1","default","640513929","OXY_CH1","63.109","min","154.306","µmol/L","Humid","23.778","deg","44780","µV","26.666","°C","1018.000","hPa","35.3","pmil","0","55.520","deg","20.000","°C","100.000","%a.s.","21.750","deg","20.000","°C","977.000","hPa","0.861","-0.02617","0.00035","0","0","13.56","Humid","24.85","0","70.00","286543.89","SABD0000000001","AAV1.0.0.11","1.1.2.0","PSt7-10","170328-006","1/4/2020 10:31:52","0000-00","0","no battery","V"
"11/02/2020","12:17:30","1","default","640513929","OXY_CH1","63.125","min","154.333","µmol/L","Humid","23.777","deg","44776","µV","26.663","°C","1018.000","hPa","35.3","pmil","0","55.520","deg","20.000","°C","100.000","%a.s.","21.750","deg","20.000","°C","977.000","hPa","0.861","-0.02617","0.00035","0","0","13.56","Humid","24.85","0","70.00","286552.80","SABD0000000001","AAV1.0.0.11","1.1.2.0","PSt7-10","170328-006","1/4/2020 10:31:52","0000-00","0","no battery","V"
"11/02/2020","12:17:31","1","default","640513929","OXY_CH1","63.142","min","154.184","µmol/L","Humid","23.786","deg","44779","µV","26.670","°C","1018.000","hPa","35.3","pmil","0","55.520","deg","20.000","°C","100.000","%a.s.","21.750","deg","20.000","°C","977.000","hPa","0.861","-0.02617","0.00035","0","0","13.56","Humid","24.85","0","70.00","286549.52","SABD0000000001","AAV1.0.0.11","1.1.2.0","PSt7-10","170328-006","1/4/2020 10:31:52","0000-00","0","no battery","V"
"11/02/2020","12:17:32","1","default","640513929","OXY_CH1","63.159","min","154.201","µmol/L","Humid","23.784","deg","44779","µV","26.672","°C","1018.000","hPa","35.3","pmil","0","55.520","deg","20.000","°C","100.000","%a.s.","21.750","deg","20.000","°C","977.000","hPa","0.861","-0.02617","0.00035","0","0","13.56","Humid","24.85","0","70.00","286551.14","SABD0000000001","AAV1.0.0.11","1.1.2.0","PSt7-10","170328-006","1/4/2020 10:31:52","0000-00","0","no battery","V"
"11/02/2020","12:17:33","1","default","640513929","OXY_CH1","63.175","min","154.179","µmol/L","Humid","23.784","deg","44780","µV","26.677","°C","1018.000","hPa","35.3","pmil","0","55.520","deg","20.000","°C","100.000","%a.s.","21.750","deg","20.000","°C","977.000","hPa","0.861","-0.02617","0.00035","0","0","13.56","Humid","24.85","0","70.00","286531.66","SABD0000000001","AAV1.0.0.11","1.1.2.0","PSt7-10","170328-006","1/4/2020 10:31:52","0000-00","0","no battery","V"
"11/02/2020","12:17:34","1","default","640513929","OXY_CH1","63.192","min","154.228","µmol/L","Humid","23.788","deg","44788","µV","26.655","°C","1018.000","hPa","35.3","pmil","0","55.520","deg","20.000","°C","100.000","%a.s.","21.750","deg","20.000","°C","977.000","hPa","0.861","-0.02617","0.00035","0","0","13.56","Humid","24.85","0","70.00","286552.56","SABD0000000001","AAV1.0.0.11","1.1.2.0","PSt7-10","170328-006","1/4/2020 10:31:52","0000-00","0","no battery","V"
"11/02/2020","12:17:35","1","default","640513929","OXY_CH1","63.209","min","154.218","µmol/L","Humid","23.787","deg","44778","µV","26.659","°C","1018.000","hPa","35.3","pmil","0","55.520","deg","20.000","°C","100.000","%a.s.","21.750","deg","20.000","°C","977.000","hPa","0.861","-0.02617","0.00035","0","0","13.56","Humid","24.85","0","70.00","286532.58","SABD0000000001","AAV1.0.0.11","1.1.2.0","PSt7-10","170328-006","1/4/2020 10:31:52","0000-00","0","no battery","V"
"11/02/2020","12:17:36","1","default","640513929","OXY_CH1","63.226","min","154.197","µmol/L","Humid","23.788","deg","44779","µV","26.661","°C","1018.000","hPa","35.3","pmil","0","55.520","deg","20.000","°C","100.000","%a.s.","21.750","deg","20.000","°C","977.000","hPa","0.861","-0.02617","0.00035","0","0","13.56","Humid","24.85","0","70.00","286541.12","SABD0000000001","AAV1.0.0.11","1.1.2.0","PSt7-10","170328-006","1/4/2020 10:31:52","0000-00","0","no battery","V"
"11/02/2020","12:17:37","1","default","640513929","OXY_CH1","63.242","min","154.245","µmol/L","Humid","23.784","deg","44773","µV","26.662","°C","1018.000","hPa","35.3","pmil","0","55.520","deg","20.000","°C","100.000","%a.s.","21.750","deg","20.000","°C","977.000","hPa","0.861","-0.02617","0.00035","0","0","13.56","Humid","24.85","0","70.00","286539.13","SABD0000000001","AAV1.0.0.11","1.1.2.0","PSt7-10","170328-006","1/4/2020 10:31:52","0000-00","0","no battery","V"
"11/02/2020","12:17:38","1","default","640513929","OXY_CH1","63.258","min","154.254","µmol/L","Humid","23.784","deg","44780","µV","26.660","°C","1018.000","hPa","35.3","pmil","0","55.520","deg","20.000","°C","100.000","%a.s.","21.750","deg","20.000","°C","977.000","hPa","0.861","-0.02617","0.00035","0","0","13.56","Humid","24.85","0","70.00","286527.34","SABD0000000001","AAV1.0.0.11","1.1.2.0","PSt7-10","170328-006","1/4/2020 10:31:52","0000-00","0","no battery","V"
"11/02/2020","12:17:39","1","default","640513929","OXY_CH1","63.275","min","154.220","µmol/L","Humid","23.782","deg","44772","µV","26.673","°C","1018.000","hPa","35.3","pmil","0","55.520","deg","20.000","°C","100.000","%a.s.","21.750","deg","20.000","°C","977.000","hPa","0.861","-0.02617","0.00035","0","0","13.56","Humid","24.85","0","70.00","286530.72","SABD0000000001","AAV1.0.0.11","1.1.2.0","PSt7-10","170328-006","1/4/2020 10:31:52","0000-00","0","no battery","V"
"11/02/2020","12:17:40","1","default","640513929","OXY_CH1","63.292","min","154.263","µmol/L","Humid","23.780","deg","44772","µV","26.670","°C","1018.000","hPa","35.3","pmil","0","55.520","deg","20.000","°C","100.000","%a.s.","21.750","deg","20.000","°C","977.000","hPa","0.861","-0.02617","0.00035","0","0","13.56","Humid","24.85","0","70.00","286540.58","SABD0000000001","AAV1.0.0.11","1.1.2.0","PSt7-10","170328-006","1/4/2020 10:31:52","0000-00","0","no battery","V"
"11/02/2020","12:17:41","1","default","640513929","OXY_CH1","63.309","min","154.274","µmol/L","Humid","23.780","deg","44783","µV","26.667","°C","1018.000","hPa","35.3","pmil","0","55.520","deg","20.000","°C","100.000","%a.s.","21.750","deg","20.000","°C","977.000","hPa","0.861","-0.02617","0.00035","0","0","13.56","Humid","24.85","0","70.00","286530.48","SABD0000000001","AAV1.0.0.11","1.1.2.0","PSt7-10","170328-006","1/4/2020 10:31:52","0000-00","0","no battery","V"
"11/02/2020","12:17:42","1","default","640513929","OXY_CH1","63.325","min","154.061","µmol/L","Humid","23.793","deg","44777","µV","26.677","°C","1018.000","hPa","35.3","pmil","0","55.520","deg","20.000","°C","100.000","%a.s.","21.750","deg","20.000","°C","977.000","hPa","0.861","-0.02617","0.00035","0","0","13.56","Humid","24.85","0","70.00","286530.94","SABD0000000001","AAV1.0.0.11","1.1.2.0","PSt7-10","170328-006","1/4/2020 10:31:52","0000-00","0","no battery","V"
"11/02/2020","12:17:43","1","default","640513929","OXY_CH1","63.342","min","154.276","µmol/L","Humid","23.779","deg","44773","µV","26.670","°C","1018.000","hPa","35.3","pmil","0","55.520","deg","20.000","°C","100.000","%a.s.","21.750","deg","20.000","°C","977.000","hPa","0.861","-0.02617","0.00035","0","0","13.56","Humid","24.85","0","70.00","286528.74","SABD0000000001","AAV1.0.0.11","1.1.2.0","PSt7-10","170328-006","1/4/2020 10:31:52","0000-00","0","no battery","V"
"11/02/2020","12:17:44","1","default","640513929","OXY_CH1","63.359","min","154.206","µmol/L","Humid","23.787","deg","44774","µV","26.662","°C","1018.000","hPa","35.3","pmil","0","55.520","deg","20.000","°C","100.000","%a.s.","21.750","deg","20.000","°C","977.000","hPa","0.861","-0.02617","0.00035","0","0","13.56","Humid","24.85","0","70.00","286536.48","SABD0000000001","AAV1.0.0.11","1.1.2.0","PSt7-10","170328-006","1/4/2020 10:31:52","0000-00","0","no battery","V"
"11/02/2020","12:17:45","1","default","640513929","OXY_CH1","63.376","min","154.248","µmol/L","Humid","23.784","deg","44776","µV","26.661","°C","1018.000","hPa","35.3","pmil","0","55.520","deg","20.000","°C","100.000","%a.s.","21.750","deg","20.000","°C","977.000","hPa","0.861","-0.02617","0.00035","0","0","13.56","Humid","24.85","0","70.00","286531.98","SABD0000000001","AAV1.0.0.11","1.1.2.0","PSt7-10","170328-006","1/4/2020 10:31:52","0000-00","0","no battery","V"
"11/02/2020","12:17:46","1","default","640513929","OXY_CH1","63.392","min","154.236","µmol/L","Humid","23.785","deg","44770","µV","26.661","°C","1018.000","hPa","35.3","pmil","0","55.520","deg","20.000","°C","100.000","%a.s.","21.750","deg","20.000","°C","977.000","hPa","0.861","-0.02617","0.00035","0","0","13.56","Humid","24.85","0","70.00","286528.15","SABD0000000001","AAV1.0.0.11","1.1.2.0","PSt7-10","170328-006","1/4/2020 10:31:52","0000-00","0","no battery","V"
"11/02/2020","12:17:47","1","default","640513929","OXY_CH1","63.409","min","154.343","µmol/L","Humid","23.778","deg","44771","µV","26.658","°C","1018.000","hPa","35.3","pmil","0","55.520","deg","20.000","°C","100.000","%a.s.","21.750","deg","20.000","°C","977.000","hPa","0.861","-0.02617","0.00035","0","0","13.56","Humid","24.85","0","70.00","286528.65","SABD0000000001","AAV1.0.0.11","1.1.2.0","PSt7-10","170328-006","1/4/2020 10:31:52","0000-00","0","no battery","V"
"11/02/2020","12:17:48","1","default","640513929","OXY_CH1","63.425","min","154.015","µmol/L","Humid","23.795","deg","44766","µV","26.682","°C","1018.000","hPa","35.3","pmil","0","55.520","deg","20.000","°C","100.000","%a.s.","21.750","deg","20.000","°C","977.000","hPa","0.861","-0.02617","0.00035","0","0","13.56","Humid","24.85","0","70.00","286521.84","SABD0000000001","AAV1.0.0.11","1.1.2.0","PSt7-10","170328-006","1/4/2020 10:31:52","0000-00","0","no battery","V"
"11/02/2020","12:17:49","1","default","640513929","OXY_CH1","63.442","min","154.161","µmol/L","Humid","23.788","deg","44773","µV","26.669","°C","1018.000","hPa","35.3","pmil","0","55.520","deg","20.000","°C","100.000","%a.s.","21.750","deg","20.000","°C","977.000","hPa","0.861","-0.02617","0.00035","0","0","13.56","Humid","24.85","0","70.00","286530.49","SABD0000000001","AAV1.0.0.11","1.1.2.0","PSt7-10","170328-006","1/4/2020 10:31:52","0000-00","0","no battery","V"
"11/02/2020","12:17:50","1","default","640513929","OXY_CH1","63.458","min","154.271","µmol/L","Humid","23.783","deg","44764","µV","26.659","°C","1018.000","hPa","35.3","pmil","0","55.520","deg","20.000","°C","100.000","%a.s.","21.750","deg","20.000","°C","977.000","hPa","0.861","-0.02617","0.00035","0","0","13.56","Humid","24.85","0","70.00","286535.36","SABD0000000001","AAV1.0.0.11","1.1.2.0","PSt7-10","170328-006","1/4/2020 10:31:52","0000-00","0","no battery","V"
"11/02/2020","12:17:51","1","default","640513929","OXY_CH1","63.475","min","154.242","µmol/L","Humid","23.784","deg","44768","µV","26.663","°C","1018.000","hPa","35.3","pmil","0","55.520","deg","20.000","°C","100.000","%a.s.","21.750","deg","20.000","°C","977.000","hPa","0.861","-0.02617","0.00035","0","0","13.56","Humid","24.85","0","70.00","286520.11","SABD0000000001","AAV1.0.0.11","1.1.2.0","PSt7-10","170328-006","1/4/2020 10:31:52","0000-00","0","no battery","V"
"11/02/2020","12:17:52","1","default","640513929","OXY_CH1","63.492","min","154.216","µmol/L","Humid","23.787","deg","44764","µV","26.660","°C","1018.000","hPa","35.3","pmil","0","55.520","deg","20.000","°C","100.000","%a.s.","21.750","deg","20.000","°C","977.000","hPa","0.861","-0.02617","0.00035","0","0","13.56","Humid","24.85","0","70.00","286509.76","SABD0000000001","AAV1.0.0.11","1.1.2.0","PSt7-10","170328-006","1/4/2020 10:31:52","0000-00","0","no battery","V"
"11/02/2020","12:17:53","1","default","640513929","OXY_CH1","63.509","min","154.279","µmol/L","Humid","23.782","deg","44760","µV","26.660","°C","1018.000","hPa","35.3","pmil","0","55.520","deg","20.000","°C","100.000","%a.s.","21.750","deg","20.000","°C","977.000","hPa","0.861","-0.02617","0.00035","0","0","13.56","Humid","24.85","0","70.00","286520.89","SABD0000000001","AAV1.0.0.11","1.1.2.0","PSt7-10","170328-006","1/4/2020 10:31:52","0000-00","0","no battery","V"
"11/02/2020","12:17:54","1","default","640513929","OXY_CH1","63.525","min","154.418","µmol/L","Humid","23.773","deg","44757","µV","26.655","°C","1018.000","hPa","35.3","pmil","0","55.520","deg","20.000","°C","100.000","%a.s.","21.750","deg","20.000","°C","977.000","hPa","0.861","-0.02617","0.00035","0","0","13.56","Humid","24.85","0","70.00","286514.76","SABD0000000001","AAV1.0.0.11","1.1.2.0","PSt7-10","170328-006","1/4/2020 10:31:52","0000-00","0","no battery","V"
"11/02/2020","12:17:55","1","default","640513929","OXY_CH1","63.542","min","154.366","µmol/L","Humid","23.777","deg","44756","µV","26.655","°C","1018.000","hPa","35.3","pmil","0","55.520","deg","20.000","°C","100.000","%a.s.","21.750","deg","20.000","°C","977.000","hPa","0.861","-0.02617","0.00035","0","0","13.56","Humid","24.85","0","70.00","286519.13","SABD0000000001","AAV1.0.0.11","1.1.2.0","PSt7-10","170328-006","1/4/2020 10:31:52","0000-00","0","no battery","V"
"11/02/2020","12:17:56","1","default","640513929","OXY_CH1","63.559","min","154.218","µmol/L","Humid","23.783","deg","44763","µV","26.671","°C","1018.000","hPa","35.3","pmil","0","55.520","deg","20.000","°C","100.000","%a.s.","21.750","deg","20.000","°C","977.000","hPa","0.861","-0.02617","0.00035","0","0","13.56","Humid","24.85","0","70.00","286514.66","SABD0000000001","AAV1.0.0.11","1.1.2.0","PSt7-10","170328-006","1/4/2020 10:31:52","0000-00","0","no battery","V"
"11/02/2020","12:17:57","1","default","640513929","OXY_CH1","63.576","min","154.149","µmol/L","Humid","23.786","deg","44763","µV","26.678","°C","1018.000","hPa","35.3","pmil","0","55.520","deg","20.000","°C","100.000","%a.s.","21.750","deg","20.000","°C","977.000","hPa","0.861","-0.02617","0.00035","0","0","13.56","Humid","24.85","0","70.00","286514.32","SABD0000000001","AAV1.0.0.11","1.1.2.0","PSt7-10","170328-006","1/4/2020 10:31:52","0000-00","0","no battery","V"
"11/02/2020","12:17:58","1","default","640513929","OXY_CH1","63.592","min","154.083","µmol/L","Humid","23.790","deg","44765","µV","26.681","°C","1018.000","hPa","35.3","pmil","0","55.520","deg","20.000","°C","100.000","%a.s.","21.750","deg","20.000","°C","977.000","hPa","0.861","-0.02617","0.00035","0","0","13.56","Humid","24.85","0","70.00","286509.46","SABD0000000001","AAV1.0.0.11","1.1.2.0","PSt7-10","170328-006","1/4/2020 10:31:52","0000-00","0","no battery","V"
"11/02/2020","12:17:59","1","default","640513929","OXY_CH1","63.609","min","154.260","µmol/L","Humid","23.781","deg","44767","µV","26.667","°C","1018.000","hPa","35.3","pmil","0","55.520","deg","20.000","°C","100.000","%a.s.","21.750","deg","20.000","°C","977.000","hPa","0.861","-0.02617","0.00035","0","0","13.56","Humid","24.85","0","70.00","286515.23","SABD0000000001","AAV1.0.0.11","1.1.2.0","PSt7-10","170328-006","1/4/2020 10:31:52","0000-00","0","no battery","V"
"11/02/2020","12:18:00","1","default","640513929","OXY_CH1","63.625","min","154.280","µmol/L","Humid","23.780","deg","44772","µV","26.666","°C","1018.000","hPa","35.3","pmil","0","55.520","deg","20.000","°C","100.000","%a.s.","21.750","deg","20.000","°C","977.000","hPa","0.861","-0.02617","0.00035","0","0","13.56","Humid","24.85","0","70.00","286505.86","SABD0000000001","AAV1.0.0.11","1.1.2.0","PSt7-10","170328-006","1/4/2020 10:31:52","0000-00","0","no battery","V"
"11/02/2020","12:18:01","1","default","640513929","OXY_CH1","63.642","min","154.235","µmol/L","Humid","23.785","deg","44773","µV","26.661","°C","1018.000","hPa","35.3","pmil","0","55.520","deg","20.000","°C","100.000","%a.s.","21.750","deg","20.000","°C","977.000","hPa","0.861","-0.02617","0.00035","0","0","13.56","Humid","24.85","0","70.00","286513.33","SABD0000000001","AAV1.0.0.11","1.1.2.0","PSt7-10","170328-006","1/4/2020 10:31:52","0000-00","0","no battery","V"
"11/02/2020","12:18:02","1","default","640513929","OXY_CH1","63.658","min","154.179","µmol/L","Humid","23.784","deg","44771","µV","26.677","°C","1018.000","hPa","35.3","pmil","0","55.520","deg","20.000","°C","100.000","%a.s.","21.750","deg","20.000","°C","977.000","hPa","0.861","-0.02617","0.00035","0","0","13.56","Humid","24.85","0","70.00","286514.96","SABD0000000001","AAV1.0.0.11","1.1.2.0","PSt7-10","170328-006","1/4/2020 10:31:52","0000-00","0","no battery","V"
"11/02/2020","12:18:03","1","default","640513929","OXY_CH1","63.675","min","154.102","µmol/L","Humid","23.788","deg","44763","µV","26.683","°C","1018.000","hPa","35.3","pmil","0","55.520","deg","20.000","°C","100.000","%a.s.","21.750","deg","20.000","°C","977.000","hPa","0.861","-0.02617","0.00035","0","0","13.56","Humid","24.85","0","70.00","286508.96","SABD0000000001","AAV1.0.0.11","1.1.2.0","PSt7-10","170328-006","1/4/2020 10:31:52","0000-00","0","no battery","V"
"11/02/2020","12:18:04","1","default","640513929","OXY_CH1","63.692","min","154.238","µmol/L","Humid","23.785","deg","44779","µV","26.661","°C","1018.000","hPa","35.3","pmil","0","55.520","deg","20.000","°C","100.000","%a.s.","21.750","deg","20.000","°C","977.000","hPa","0.861","-0.02617","0.00035","0","0","13.56","Humid","24.85","0","70.00","286509.83","SABD0000000001","AAV1.0.0.11","1.1.2.0","PSt7-10","170328-006","1/4/2020 10:31:52","0000-00","0","no battery","V"
"11/02/2020","12:18:05","1","default","640513929","OXY_CH1","63.709","min","154.364","µmol/L","Humid","23.774","deg","44775","µV","26.664","°C","1018.000","hPa","35.3","pmil","0","55.520","deg","20.000","°C","100.000","%a.s.","21.750","deg","20.000","°C","977.000","hPa","0.861","-0.02617","0.00035","0","0","13.56","Humid","24.85","0","70.00","286510.51","SABD0000000001","AAV1.0.0.11","1.1.2.0","PSt7-10","170328-006","1/4/2020 10:31:52","0000-00","0","no battery","V"
"11/02/2020","12:18:06","1","default","640513929","OXY_CH1","63.726","min","154.332","µmol/L","Humid","23.779","deg","44771","µV","26.657","°C","1018.000","hPa","35.3","pmil","0","55.520","deg","20.000","°C","100.000","%a.s.","21.750","deg","20.000","°C","977.000","hPa","0.861","-0.02617","0.00035","0","0","13.56","Humid","24.85","0","70.00","286510.69","SABD0000000001","AAV1.0.0.11","1.1.2.0","PSt7-10","170328-006","1/4/2020 10:31:52","0000-00","0","no battery","V"
"11/02/2020","12:18:07","1","default","640513929","OXY_CH1","63.742","min","154.180","µmol/L","Humid","23.786","deg","44774","µV","26.671","°C","1018.000","hPa","35.3","pmil","0","55.520","deg","20.000","°C","100.000","%a.s.","21.750","deg","20.000","°C","977.000","hPa","0.861","-0.02617","0.00035","0","0","13.56","Humid","24.85","0","70.00","286497.68","SABD0000000001","AAV1.0.0.11","1.1.2.0","PSt7-10","170328-006","1/4/2020 10:31:52","0000-00","0","no battery","V"
"11/02/2020","12:18:08","1","default","640513929","OXY_CH1","63.759","min","154.253","µmol/L","Humid","23.781","deg","44767","µV","26.669","°C","1018.000","hPa","35.3","pmil","0","55.520","deg","20.000","°C","100.000","%a.s.","21.750","deg","20.000","°C","977.000","hPa","0.861","-0.02617","0.00035","0","0","13.56","Humid","24.85","0","70.00","286505.20","SABD0000000001","AAV1.0.0.11","1.1.2.0","PSt7-10","170328-006","1/4/2020 10:31:52","0000-00","0","no battery","V"
"11/02/2020","12:18:09","1","default","640513929","OXY_CH1","63.775","min","154.230","µmol/L","Humid","23.781","deg","44773","µV","26.674","°C","1018.000","hPa","35.3","pmil","0","55.520","deg","20.000","°C","100.000","%a.s.","21.750","deg","20.000","°C","977.000","hPa","0.861","-0.02617","0.00035","0","0","13.56","Humid","24.85","0","70.00","286504.09","SABD0000000001","AAV1.0.0.11","1.1.2.0","PSt7-10","170328-006","1/4/2020 10:31:52","0000-00","0","no battery","V"
"11/02/2020","12:18:10","1","default","640513929","OXY_CH1","63.792","min","154.381","µmol/L","Humid","23.781","deg","44763","µV","26.641","°C","1018.000","hPa","35.3","pmil","0","55.520","deg","20.000","°C","100.000","%a.s.","21.750","deg","20.000","°C","977.000","hPa","0.861","-0.02617","0.00035","0","0","13.56","Humid","24.85","0","70.00","286504.12","SABD0000000001","AAV1.0.0.11","1.1.2.0","PSt7-10","170328-006","1/4/2020 10:31:52","0000-00","0","no battery","V"
"11/02/2020","12:18:11","1","default","640513929","OXY_CH1","63.808","min","154.247","µmol/L","Humid","23.784","deg","44764","µV","26.662","°C","1018.000","hPa","35.3","pmil","0","55.520","deg","20.000","°C","100.000","%a.s.","21.750","deg","20.000","°C","977.000","hPa","0.861","-0.02617","0.00035","0","0","13.56","Humid","24.85","0","70.00","286505.39","SABD0000000001","AAV1.0.0.11","1.1.2.0","PSt7-10","170328-006","1/4/2020 10:31:52","0000-00","0","no battery","V"
"11/02/2020","12:18:12","1","default","640513929","OXY_CH1","63.825","min","154.284","µmol/L","Humid","23.782","deg","44762","µV","26.659","°C","1018.000","hPa","35.3","pmil","0","55.520","deg","20.000","°C","100.000","%a.s.","21.750","deg","20.000","°C","977.000","hPa","0.861","-0.02617","0.00035","0","0","13.56","Humid","24.85","0","70.00","286497.07","SABD0000000001","AAV1.0.0.11","1.1.2.0","PSt7-10","170328-006","1/4/2020 10:31:52","0000-00","0","no battery","V"
"11/02/2020","12:18:13","1","default","640513929","OXY_CH1","63.842","min","154.293","µmol/L","Humid","23.783","deg","44768","µV","26.654","°C","1018.000","hPa","35.3","pmil","0","55.520","deg","20.000","°C","100.000","%a.s.","21.750","deg","20.000","°C","977.000","hPa","0.861","-0.02617","0.00035","0","0","13.56","Humid","24.85","0","70.00","286498.94","SABD0000000001","AAV1.0.0.11","1.1.2.0","PSt7-10","170328-006","1/4/2020 10:31:52","0000-00","0","no battery","V"
"11/02/2020","12:18:14","1","default","640513929","OXY_CH1","63.859","min","154.320","µmol/L","Humid","23.779","deg","44760","µV","26.660","°C","1018.000","hPa","35.3","pmil","0","55.520","deg","20.000","°C","100.000","%a.s.","21.750","deg","20.000","°C","977.000","hPa","0.861","-0.02617","0.00035","0","0","13.56","Humid","24.85","0","70.00","286514.71","SABD0000000001","AAV1.0.0.11","1.1.2.0","PSt7-10","170328-006","1/4/2020 10:31:52","0000-00","0","no battery","V"
"11/02/2020","12:18:15","1","default","640513929","OXY_CH1","63.875","min","154.340","µmol/L","Humid","23.784","deg","44760","µV","26.641","°C","1018.000","hPa","35.3","pmil","0","55.520","deg","20.000","°C","100.000","%a.s.","21.750","deg","20.000","°C","977.000","hPa","0.861","-0.02617","0.00035","0","0","13.56","Humid","24.85","0","70.00","286503.33","SABD0000000001","AAV1.0.0.11","1.1.2.0","PSt7-10","170328-006","1/4/2020 10:31:52","0000-00","0","no battery","V"
"11/02/2020","12:18:16","1","default","640513929","OXY_CH1","63.892","min","154.314","µmol/L","Humid","23.784","deg","44758","µV","26.647","°C","1018.000","hPa","35.3","pmil","0","55.520","deg","20.000","°C","100.000","%a.s.","21.750","deg","20.000","°C","977.000","hPa","0.861","-0.02617","0.00035","0","0","13.56","Humid","24.85","0","70.00","286499.52","SABD0000000001","AAV1.0.0.11","1.1.2.0","PSt7-10","170328-006","1/4/2020 10:31:52","0000-00","0","no battery","V"
"11/02/2020","12:18:17","1","default","640513929","OXY_CH1","63.909","min","154.261","µmol/L","Humid","23.781","deg","44752","µV","26.667","°C","1018.000","hPa","35.3","pmil","0","55.520","deg","20.000","°C","100.000","%a.s.","21.750","deg","20.000","°C","977.000","hPa","0.861","-0.02617","0.00035","0","0","13.56","Humid","24.85","0","70.00","286498.81","SABD0000000001","AAV1.0.0.11","1.1.2.0","PSt7-10","170328-006","1/4/2020 10:31:52","0000-00","0","no battery","V"
"11/02/2020","12:18:18","1","default","640513929","OXY_CH1","63.926","min","154.222","µmol/L","Humid","23.784","deg","44758","µV","26.667","°C","1018.000","hPa","35.3","pmil","0","55.520","deg","20.000","°C","100.000","%a.s.","21.750","deg","20.000","°C","977.000","hPa","0.861","-0.02617","0.00035","0","0","13.56","Humid","24.85","0","70.00","286503.99","SABD0000000001","AAV1.0.0.11","1.1.2.0","PSt7-10","170328-006","1/4/2020 10:31:52","0000-00","0","no battery","V"
"11/02/2020","12:18:19","1","default","640513929","OXY_CH1","63.942","min","154.336","µmol/L","Humid","23.775","deg","44754","µV","26.668","°C","1018.000","hPa","35.3","pmil","0","55.520","deg","20.000","°C","100.000","%a.s.","21.750","deg","20.000","°C","977.000","hPa","0.861","-0.02617","0.00035","0","0","13.56","Humid","24.85","0","70.00","286475.69","SABD0000000001","AAV1.0.0.11","1.1.2.0","PSt7-10","170328-006","1/4/2020 10:31:52","0000-00","0","no battery","V"
"11/02/2020","12:18:20","1","default","640513929","OXY_CH1","63.959","min","154.306","µmol/L","Humid","23.781","deg","44747","µV","26.657","°C","1018.000","hPa","35.3","pmil","0","55.520","deg","20.000","°C","100.000","%a.s.","21.750","deg","20.000","°C","977.000","hPa","0.861","-0.02617","0.00035","0","0","13.56","Humid","24.85","0","70.00","286490.16","SABD0000000001","AAV1.0.0.11","1.1.2.0","PSt7-10","170328-006","1/4/2020 10:31:52","0000-00","0","no battery","V"
"11/02/2020","12:18:21","1","default","640513929","OXY_CH1","63.975","min","154.235","µmol/L","Humid","23.783","deg","44745","µV","26.667","°C","1018.000","hPa","35.3","pmil","0","55.520","deg","20.000","°C","100.000","%a.s.","21.750","deg","20.000","°C","977.000","hPa","0.861","-0.02617","0.00035","0","0","13.56","Humid","24.85","0","70.00","286488.80","SABD0000000001","AAV1.0.0.11","1.1.2.0","PSt7-10","170328-006","1/4/2020 10:31:52","0000-00","0","no battery","V"
"11/02/2020","12:18:22","1","default","640513929","OXY_CH1","63.992","min","154.262","µmol/L","Humid","23.781","deg","44750","µV","26.667","°C","1018.000","hPa","35.3","pmil","0","55.520","deg","20.000","°C","100.000","%a.s.","21.750","deg","20.000","°C","977.000","hPa","0.861","-0.02617","0.00035","0","0","13.56","Humid","24.85","0","70.00","286483.93","SABD0000000001","AAV1.0.0.11","1.1.2.0","PSt7-10","170328-006","1/4/2020 10:31:52","0000-00","0","no battery","V"
"11/02/2020","12:18:23","1","default","640513929","OXY_CH1","64.008","min","154.281","µmol/L","Humid","23.780","deg","44748","µV","26.666","°C","1018.000","hPa","35.3","pmil","0","55.520","deg","20.000","°C","100.000","%a.s.","21.750","deg","20.000","°C","977.000","hPa","0.861","-0.02617","0.00035","0","0","13.56","Humid","24.85","0","70.00","286484.70","SABD0000000001","AAV1.0.0.11","1.1.2.0","PSt7-10","170328-006","1/4/2020 10:31:52","0000-00","0","no battery","V"
"11/02/2020","12:18:24","1","default","640513929","OXY_CH1","64.025","min","154.380","µmol/L","Humid","23.775","deg","44740","µV","26.658","°C","1018.000","hPa","35.3","pmil","0","55.520","deg","20.000","°C","100.000","%a.s.","21.750","deg","20.000","°C","977.000","hPa","0.861","-0.02617","0.00035","0","0","13.56","Humid","24.85","0","70.00","286499.66","SABD0000000001","AAV1.0.0.11","1.1.2.0","PSt7-10","170328-006","1/4/2020 10:31:52","0000-00","0","no battery","V"
"11/02/2020","12:18:25","1","default","640513929","OXY_CH1","64.042","min","154.270","µmol/L","Humid","23.783","deg","44744","µV","26.660","°C","1018.000","hPa","35.3","pmil","0","55.520","deg","20.000","°C","100.000","%a.s.","21.750","deg","20.000","°C","977.000","hPa","0.861","-0.02617","0.00035","0","0","13.56","Humid","24.85","0","70.00","286494.63","SABD0000000001","AAV1.0.0.11","1.1.2.0","PSt7-10","170328-006","1/4/2020 10:31:52","0000-00","0","no battery","V"
"11/02/2020","12:18:26","1","default","640513929","OXY_CH1","64.059","min","154.351","µmol/L","Humid","23.777","deg","44736","µV","26.659","°C","1018.000","hPa","35.3","pmil","0","55.520","deg","20.000","°C","100.000","%a.s.","21.750","deg","20.000","°C","977.000","hPa","0.861","-0.02617","0.00035","0","0","13.56","Humid","24.85","0","70.00","286482.86","SABD0000000001","AAV1.0.0.11","1.1.2.0","PSt7-10","170328-006","1/4/2020 10:31:52","0000-00","0","no battery","V"
"11/02/2020","12:18:27","1","default","640513929","OXY_CH1","64.076","min","154.339","µmol/L","Humid","23.776","deg","44744","µV","26.664","°C","1018.000","hPa","35.3","pmil","0","55.520","deg","20.000","°C","100.000","%a.s.","21.750","deg","20.000","°C","977.000","hPa","0.861","-0.02617","0.00035","0","0","13.56","Humid","24.85","0","70.00","286482.48","SABD0000000001","AAV1.0.0.11","1.1.2.0","PSt7-10","170328-006","1/4/2020 10:31:52","0000-00","0","no battery","V"
"11/02/2020","12:18:28","1","default","640513929","OXY_CH1","64.092","min","154.175","µmol/L","Humid","23.790","deg","44739","µV","26.660","°C","1018.000","hPa","35.3","pmil","0","55.520","deg","20.000","°C","100.000","%a.s.","21.750","deg","20.000","°C","977.000","hPa","0.861","-0.02617","0.00035","0","0","13.56","Humid","24.85","0","70.00","286472.16","SABD0000000001","AAV1.0.0.11","1.1.2.0","PSt7-10","170328-006","1/4/2020 10:31:52","0000-00","0","no battery","V"
"11/02/2020","12:18:29","1","default","640513929","OXY_CH1","64.109","min","154.359","µmol/L","Humid","23.777","deg","44739","µV","26.657","°C","1018.000","hPa","35.3","pmil","0","55.520","deg","20.000","°C","100.000","%a.s.","21.750","deg","20.000","°C","977.000","hPa","0.861","-0.02617","0.00035","0","0","13.56","Humid","24.85","0","70.00","286493.26","SABD0000000001","AAV1.0.0.11","1.1.2.0","PSt7-10","170328-006","1/4/2020 10:31:52","0000-00","0","no battery","V"
"11/02/2020","12:18:30","1","default","640513929","OXY_CH1","64.126","min","154.412","µmol/L","Humid","23.774","deg","44733","µV","26.654","°C","1018.000","hPa","35.3","pmil","0","55.520","deg","20.000","°C","100.000","%a.s.","21.750","deg","20.000","°C","977.000","hPa","0.861","-0.02617","0.00035","0","0","13.56","Humid","24.85","0","70.00","286486.09","SABD0000000001","AAV1.0.0.11","1.1.2.0","PSt7-10","170328-006","1/4/2020 10:31:52","0000-00","0","no battery","V"
"11/02/2020","12:18:31","1","default","640513929","OXY_CH1","64.142","min","154.348","µmol/L","Humid","23.779","deg","44736","µV","26.654","°C","1018.000","hPa","35.3","pmil","0","55.520","deg","20.000","°C","100.000","%a.s.","21.750","deg","20.000","°C","977.000","hPa","0.861","-0.02617","0.00035","0","0","13.56","Humid","24.85","0","70.00","286484.76","SABD0000000001","AAV1.0.0.11","1.1.2.0","PSt7-10","170328-006","1/4/2020 10:31:52","0000-00","0","no battery","V"
"11/02/2020","12:18:32","1","default","640513929","OXY_CH1","64.158","min","154.322","µmol/L","Humid","23.780","deg","44731","µV","26.656","°C","1018.000","hPa","35.3","pmil","0","55.520","deg","20.000","°C","100.000","%a.s.","21.750","deg","20.000","°C","977.000","hPa","0.861","-0.02617","0.00035","0","0","13.56","Humid","24.85","0","70.00","286490.11","SABD0000000001","AAV1.0.0.11","1.1.2.0","PSt7-10","170328-006","1/4/2020 10:31:52","0000-00","0","no battery","V"
"11/02/2020","12:18:33","1","default","640513929","OXY_CH1","64.175","min","154.501","µmol/L","Humid","23.769","deg","44730","µV","26.648","°C","1018.000","hPa","35.3","pmil","0","55.520","deg","20.000","°C","100.000","%a.s.","21.750","deg","20.000","°C","977.000","hPa","0.861","-0.02617","0.00035","0","0","13.56","Humid","24.85","0","70.00","286482.24","SABD0000000001","AAV1.0.0.11","1.1.2.0","PSt7-10","170328-006","1/4/2020 10:31:52","0000-00","0","no battery","V"
"11/02/2020","12:18:34","1","default","640513929","OXY_CH1","64.192","min","154.389","µmol/L","Humid","23.781","deg","44724","µV","26.639","°C","1018.000","hPa","35.3","pmil","0","55.520","deg","20.000","°C","100.000","%a.s.","21.750","deg","20.000","°C","977.000","hPa","0.861","-0.02617","0.00035","0","0","13.56","Humid","24.85","0","70.00","286486.26","SABD0000000001","AAV1.0.0.11","1.1.2.0","PSt7-10","170328-006","1/4/2020 10:31:52","0000-00","0","no battery","V"
"11/02/2020","12:18:35","1","default","640513929","OXY_CH1","64.209","min","154.411","µmol/L","Humid","23.775","deg","44730","µV","26.651","°C","1018.000","hPa","35.3","pmil","0","55.520","deg","20.000","°C","100.000","%a.s.","21.750","deg","20.000","°C","977.000","hPa","0.861","-0.02617","0.00035","0","0","13.56","Humid","24.85","0","70.00","286481.27","SABD0000000001","AAV1.0.0.11","1.1.2.0","PSt7-10","170328-006","1/4/2020 10:31:52","0000-00","0","no battery","V"
"11/02/2020","12:18:36","1","default","640513929","OXY_CH1","64.225","min","154.401","µmol/L","Humid","23.774","deg","44725","µV","26.656","°C","1018.000","hPa","35.3","pmil","0","55.520","deg","20.000","°C","100.000","%a.s.","21.750","deg","20.000","°C","977.000","hPa","0.861","-0.02617","0.00035","0","0","13.56","Humid","24.85","0","70.00","286466.46","SABD0000000001","AAV1.0.0.11","1.1.2.0","PSt7-10","170328-006","1/4/2020 10:31:52","0000-00","0","no battery","V"
"11/02/2020","12:18:37","1","default","640513929","OXY_CH1","64.242","min","154.279","µmol/L","Humid","23.780","deg","44720","µV","26.666","°C","1018.000","hPa","35.3","pmil","0","55.520","deg","20.000","°C","100.000","%a.s.","21.750","deg","20.000","°C","977.000","hPa","0.861","-0.02617","0.00035","0","0","13.56","Humid","24.85","0","70.00","286479.77","SABD0000000001","AAV1.0.0.11","1.1.2.0","PSt7-10","170328-006","1/4/2020 10:31:52","0000-00","0","no battery","V"
"11/02/2020","12:18:38","1","default","640513929","OXY_CH1","64.259","min","154.399","µmol/L","Humid","23.774","deg","44728","µV","26.657","°C","1018.000","hPa","35.3","pmil","0","55.520","deg","20.000","°C","100.000","%a.s.","21.750","deg","20.000","°C","977.000","hPa","0.861","-0.02617","0.00035","0","0","13.56","Humid","24.85","0","70.00","286484.08","SABD0000000001","AAV1.0.0.11","1.1.2.0","PSt7-10","170328-006","1/4/2020 10:31:52","0000-00","0","no battery","V"
"11/02/2020","12:18:39","1","default","640513929","OXY_CH1","64.276","min","154.389","µmol/L","Humid","23.774","deg","44722","µV","26.659","°C","1018.000","hPa","35.3","pmil","0","55.520","deg","20.000","°C","100.000","%a.s.","21.750","deg","20.000","°C","977.000","hPa","0.861","-0.02617","0.00035","0","0","13.56","Humid","24.85","0","70.00","286489.09","SABD0000000001","AAV1.0.0.11","1.1.2.0","PSt7-10","170328-006","1/4/2020 10:31:52","0000-00","0","no battery","V"
"11/02/2020","12:18:40","1","default","640513929","OXY_CH1","64.292","min","154.392","µmol/L","Humid","23.771","deg","44731","µV","26.667","°C","1018.000","hPa","35.3","pmil","0","55.520","deg","20.000","°C","100.000","%a.s.","21.750","deg","20.000","°C","977.000","hPa","0.861","-0.02617","0.00035","0","0","13.56","Humid","24.85","0","70.00","286468.28","SABD0000000001","AAV1.0.0.11","1.1.2.0","PSt7-10","170328-006","1/4/2020 10:31:52","0000-00","0","no battery","V"
"11/02/2020","12:18:41","1","default","640513929","OXY_CH1","64.308","min","154.363","µmol/L","Humid","23.775","deg","44723","µV","26.662","°C","1018.000","hPa","35.3","pmil","0","55.520","deg","20.000","°C","100.000","%a.s.","21.750","deg","20.000","°C","977.000","hPa","0.861","-0.02617","0.00035","0","0","13.56","Humid","24.85","0","70.00","286474.08","SABD0000000001","AAV1.0.0.11","1.1.2.0","PSt7-10","170328-006","1/4/2020 10:31:52","0000-00","0","no battery","V"
"11/02/2020","12:18:42","1","default","640513929","OXY_CH1","64.325","min","154.369","µmol/L","Humid","23.777","deg","44728","µV","26.655","°C","1018.000","hPa","35.3","pmil","0","55.520","deg","20.000","°C","100.000","%a.s.","21.750","deg","20.000","°C","977.000","hPa","0.861","-0.02617","0.00035","0","0","13.56","Humid","24.85","0","70.00","286475.49","SABD0000000001","AAV1.0.0.11","1.1.2.0","PSt7-10","170328-006","1/4/2020 10:31:52","0000-00","0","no battery","V"
"11/02/2020","12:18:43","1","default","640513929","OXY_CH1","64.342","min","154.471","µmol/L","Humid","23.773","deg","44726","µV","26.643","°C","1018.000","hPa","35.3","pmil","0","55.520","deg","20.000","°C","100.000","%a.s.","21.750","deg","20.000","°C","977.000","hPa","0.861","-0.02617","0.00035","0","0","13.56","Humid","24.85","0","70.00","286473.27","SABD0000000001","AAV1.0.0.11","1.1.2.0","PSt7-10","170328-006","1/4/2020 10:31:52","0000-00","0","no battery","V"
"11/02/2020","12:18:44","1","default","640513929","OXY_CH1","64.359","min","154.414","µmol/L","Humid","23.776","deg","44726","µV","26.648","°C","1018.000","hPa","35.3","pmil","0","55.520","deg","20.000","°C","100.000","%a.s.","21.750","deg","20.000","°C","977.000","hPa","0.861","-0.02617","0.00035","0","0","13.56","Humid","24.85","0","70.00","286472.96","SABD0000000001","AAV1.0.0.11","1.1.2.0","PSt7-10","170328-006","1/4/2020 10:31:52","0000-00","0","no battery","V"
"11/02/2020","12:18:45","1","default","640513929","OXY_CH1","64.375","min","154.377","µmol/L","Humid","23.777","deg","44726","µV","26.653","°C","1018.000","hPa","35.3","pmil","0","55.520","deg","20.000","°C","100.000","%a.s.","21.750","deg","20.000","°C","977.000","hPa","0.861","-0.02617","0.00035","0","0","13.56","Humid","24.85","0","70.00","286476.76","SABD0000000001","AAV1.0.0.11","1.1.2.0","PSt7-10","170328-006","1/4/2020 10:31:52","0000-00","0","no battery","V"
"11/02/2020","12:18:46","1","default","640513929","OXY_CH1","64.392","min","154.374","µmol/L","Humid","23.774","deg","44726","µV","26.662","°C","1018.000","hPa","35.3","pmil","0","55.520","deg","20.000","°C","100.000","%a.s.","21.750","deg","20.000","°C","977.000","hPa","0.861","-0.02617","0.00035","0","0","13.56","Humid","24.85","0","70.00","286469.61","SABD0000000001","AAV1.0.0.11","1.1.2.0","PSt7-10","170328-006","1/4/2020 10:31:52","0000-00","0","no battery","V"
"11/02/2020","12:18:47","1","default","640513929","OXY_CH1","64.409","min","154.439","µmol/L","Humid","23.775","deg","44726","µV","26.645","°C","1018.000","hPa","35.3","pmil","0","55.520","deg","20.000","°C","100.000","%a.s.","21.750","deg","20.000","°C","977.000","hPa","0.861","-0.02617","0.00035","0","0","13.56","Humid","24.85","0","70.00","286476.20","SABD0000000001","AAV1.0.0.11","1.1.2.0","PSt7-10","170328-006","1/4/2020 10:31:52","0000-00","0","no battery","V"
"11/02/2020","12:18:48","1","default","640513929","OXY_CH1","64.426","min","154.387","µmol/L","Humid","23.780","deg","44726","µV","26.642","°C","1018.000","hPa","35.3","pmil","0","55.520","deg","20.000","°C","100.000","%a.s.","21.750","deg","20.000","°C","977.000","hPa","0.861","-0.02617","0.00035","0","0","13.56","Humid","24.85","0","70.00","286479.02","SABD0000000001","AAV1.0.0.11","1.1.2.0","PSt7-10","170328-006","1/4/2020 10:31:52","0000-00","0","no battery","V"
"11/02/2020","12:18:49","1","default","640513929","OXY_CH1","64.442","min","154.348","µmol/L","Humid","23.778","deg","44721","µV","26.656","°C","1018.000","hPa","35.3","pmil","0","55.520","deg","20.000","°C","100.000","%a.s.","21.750","deg","20.000","°C","977.000","hPa","0.861","-0.02617","0.00035","0","0","13.56","Humid","24.85","0","70.00","286465.06","SABD0000000001","AAV1.0.0.11","1.1.2.0","PSt7-10","170328-006","1/4/2020 10:31:52","0000-00","0","no battery","V"
"11/02/2020","12:18:50","1","default","640513929","OXY_CH1","64.459","min","154.374","µmol/L","Humid","23.777","deg","44720","µV","26.654","°C","1018.000","hPa","35.3","pmil","0","55.520","deg","20.000","°C","100.000","%a.s.","21.750","deg","20.000","°C","977.000","hPa","0.861","-0.02617","0.00035","0","0","13.56","Humid","24.85","0","70.00","286462.07","SABD0000000001","AAV1.0.0.11","1.1.2.0","PSt7-10","170328-006","1/4/2020 10:31:52","0000-00","0","no battery","V"
"11/02/2020","12:18:51","1","default","640513929","OXY_CH1","64.475","min","154.368","µmol/L","Humid","23.779","deg","44717","µV","26.649","°C","1018.000","hPa","35.3","pmil","0","55.520","deg","20.000","°C","100.000","%a.s.","21.750","deg","20.000","°C","977.000","hPa","0.861","-0.02617","0.00035","0","0","13.56","Humid","24.85","0","70.00","286471.25","SABD0000000001","AAV1.0.0.11","1.1.2.0","PSt7-10","170328-006","1/4/2020 10:31:52","0000-00","0","no battery","V"
"11/02/2020","12:18:52","1","default","640513929","OXY_CH1","64.492","min","154.420","µmol/L","Humid","23.777","deg","44719","µV","26.643","°C","1018.000","hPa","35.3","pmil","0","55.520","deg","20.000","°C","100.000","%a.s.","21.750","deg","20.000","°C","977.000","hPa","0.861","-0.02617","0.00035","0","0","13.56","Humid","24.85","0","70.00","286473.29","SABD0000000001","AAV1.0.0.11","1.1.2.0","PSt7-10","170328-006","1/4/2020 10:31:52","0000-00","0","no battery","V"
"11/02/2020","12:18:53","1","default","640513929","OXY_CH1","64.508","min","154.492","µmol/L","Humid","23.774","deg","44714","µV","26.636","°C","1018.000","hPa","35.3","pmil","0","55.520","deg","20.000","°C","100.000","%a.s.","21.750","deg","20.000","°C","977.000","hPa","0.861","-0.02617","0.00035","0","0","13.56","Humid","24.85","0","70.00","286467.40","SABD0000000001","AAV1.0.0.11","1.1.2.0","PSt7-10","170328-006","1/4/2020 10:31:52","0000-00","0","no battery","V"
"11/02/2020","12:18:54","1","default","640513929","OXY_CH1","64.525","min","154.429","µmol/L","Humid","23.778","deg","44712","µV","26.638","°C","1018.000","hPa","35.3","pmil","0","55.520","deg","20.000","°C","100.000","%a.s.","21.750","deg","20.000","°C","977.000","hPa","0.861","-0.02617","0.00035","0","0","13.56","Humid","24.85","0","70.00","286468.82","SABD0000000001","AAV1.0.0.11","1.1.2.0","PSt7-10","170328-006","1/4/2020 10:31:52","0000-00","0","no battery","V"
"11/02/2020","12:18:55","1","default","640513929","OXY_CH1","64.542","min","154.343","µmol/L","Humid","23.775","deg","44704","µV","26.666","°C","1018.000","hPa","35.3","pmil","0","55.520","deg","20.000","°C","100.000","%a.s.","21.750","deg","20.000","°C","977.000","hPa","0.861","-0.02617","0.00035","0","0","13.56","Humid","24.85","0","70.00","286460.90","SABD0000000001","AAV1.0.0.11","1.1.2.0","PSt7-10","170328-006","1/4/2020 10:31:52","0000-00","0","no battery","V"
"11/02/2020","12:18:56","1","default","640513929","OXY_CH1","64.559","min","154.435","µmol/L","Humid","23.769","deg","44704","µV","26.663","°C","1018.000","hPa","35.3","pmil","0","55.520","deg","20.000","°C","100.000","%a.s.","21.750","deg","20.000","°C","977.000","hPa","0.861","-0.02617","0.00035","0","0","13.56","Humid","24.85","0","70.00","286467.69","SABD0000000001","AAV1.0.0.11","1.1.2.0","PSt7-10","170328-006","1/4/2020 10:31:52","0000-00","0","no battery","V"
"11/02/2020","12:18:57","1","default","640513929","OXY_CH1","64.576","min","154.412","µmol/L","Humid","23.775","deg","44703","µV","26.651","°C","1018.000","hPa","35.3","pmil","0","55.520","deg","20.000","°C","100.000","%a.s.","21.750","deg","20.000","°C","977.000","hPa","0.861","-0.02617","0.00035","0","0","13.56","Humid","24.85","0","70.00","286457.12","SABD0000000001","AAV1.0.0.11","1.1.2.0","PSt7-10","170328-006","1/4/2020 10:31:52","0000-00","0","no battery","V"
"11/02/2020","12:18:58","1","default","640513929","OXY_CH1","64.592","min","154.348","µmol/L","Humid","23.777","deg","44705","µV","26.659","°C","1018.000","hPa","35.3","pmil","0","55.520","deg","20.000","°C","100.000","%a.s.","21.750","deg","20.000","°C","977.000","hPa","0.861","-0.02617","0.00035","0","0","13.56","Humid","24.85","0","70.00","286449.88","SABD0000000001","AAV1.0.0.11","1.1.2.0","PSt7-10","170328-006","1/4/2020 10:31:52","0000-00","0","no battery","V"
"11/02/2020","12:18:59","1","default","640513929","OXY_CH1","64.609","min","154.406","µmol/L","Humid","23.772","deg","44694","µV","26.661","°C","1018.000","hPa","35.3","pmil","0","55.520","deg","20.000","°C","100.000","%a.s.","21.750","deg","20.000","°C","977.000","hPa","0.861","-0.02617","0.00035","0","0","13.56","Humid","24.85","0","70.00","286466.45","SABD0000000001","AAV1.0.0.11","1.1.2.0","PSt7-10","170328-006","1/4/2020 10:31:52","0000-00","0","no battery","V"
"11/02/2020","12:19:00","1","default","640513929","OXY_CH1","64.625","min","154.411","µmol/L","Humid","23.775","deg","44698","µV","26.651","°C","1018.000","hPa","35.3","pmil","0","55.520","deg","20.000","°C","100.000","%a.s.","21.750","deg","20.000","°C","977.000","hPa","0.861","-0.02617","0.00035","0","0","13.56","Humid","24.85","0","70.00","286466.84","SABD0000000001","AAV1.0.0.11","1.1.2.0","PSt7-10","170328-006","1/4/2020 10:31:52","0000-00","0","no battery","V"
"11/02/2020","12:19:01","1","default","640513929","OXY_CH1","64.642","min","154.402","µmol/L","Humid","23.775","deg","44702","µV","26.653","°C","1018.000","hPa","35.3","pmil","0","55.520","deg","20.000","°C","100.000","%a.s.","21.750","deg","20.000","°C","977.000","hPa","0.861","-0.02617","0.00035","0","0","13.56","Humid","24.85","0","70.00","286464.31","SABD0000000001","AAV1.0.0.11","1.1.2.0","PSt7-10","170328-006","1/4/2020 10:31:52","0000-00","0","no battery","V"
"11/02/2020","12:19:02","1","default","640513929","OXY_CH1","64.658","min","154.389","µmol/L","Humid","23.776","deg","44702","µV","26.653","°C","1018.000","hPa","35.3","pmil","0","55.520","deg","20.000","°C","100.000","%a.s.","21.750","deg","20.000","°C","977.000","hPa","0.861","-0.02617","0.00035","0","0","13.56","Humid","24.85","0","70.00","286462.63","SABD0000000001","AAV1.0.0.11","1.1.2.0","PSt7-10","170328-006","1/4/2020 10:31:52","0000-00","0","no battery","V"
"11/02/2020","12:19:03","1","default","640513929","OXY_CH1","64.675","min","154.404","µmol/L","Humid","23.777","deg","44702","µV","26.647","°C","1018.000","hPa","35.3","pmil","0","55.520","deg","20.000","°C","100.000","%a.s.","21.750","deg","20.000","°C","977.000","hPa","0.861","-0.02617","0.00035","0","0","13.56","Humid","24.85","0","70.00","286464.19","SABD0000000001","AAV1.0.0.11","1.1.2.0","PSt7-10","170328-006","1/4/2020 10:31:52","0000-00","0","no battery","V"
"11/02/2020","12:19:04","1","default","640513929","OXY_CH1","64.692","min","154.489","µmol/L","Humid","23.769","deg","44702","µV","26.651","°C","1018.000","hPa","35.3","pmil","0","55.520","deg","20.000","°C","100.000","%a.s.","21.750","deg","20.000","°C","977.000","hPa","0.861","-0.02617","0.00035","0","0","13.56","Humid","24.85","0","70.00","286458.97","SABD0000000001","AAV1.0.0.11","1.1.2.0","PSt7-10","170328-006","1/4/2020 10:31:52","0000-00","0","no battery","V"
"11/02/2020","12:19:05","1","default","640513929","OXY_CH1","64.709","min","154.476","µmol/L","Humid","23.770","deg","44697","µV","26.651","°C","1018.000","hPa","35.3","pmil","0","55.520","deg","20.000","°C","100.000","%a.s.","21.750","deg","20.000","°C","977.000","hPa","0.861","-0.02617","0.00035","0","0","13.56","Humid","24.85","0","70.00","286465.86","SABD0000000001","AAV1.0.0.11","1.1.2.0","PSt7-10","170328-006","1/4/2020 10:31:52","0000-00","0","no battery","V"
"11/02/2020","12:19:06","1","default","640513929","OXY_CH1","64.725","min","154.488","µmol/L","Humid","23.773","deg","44697","µV","26.640","°C","1018.000","hPa","35.3","pmil","0","55.520","deg","20.000","°C","100.000","%a.s.","21.750","deg","20.000","°C","977.000","hPa","0.861","-0.02617","0.00035","0","0","13.56","Humid","24.85","0","70.00","286457.10","SABD0000000001","AAV1.0.0.11","1.1.2.0","PSt7-10","170328-006","1/4/2020 10:31:52","0000-00","0","no battery","V"
"11/02/2020","12:19:07","1","default","640513929","OXY_CH1","64.742","min","154.454","µmol/L","Humid","23.775","deg","44695","µV","26.641","°C","1018.000","hPa","35.3","pmil","0","55.520","deg","20.000","°C","100.000","%a.s.","21.750","deg","20.000","°C","977.000","hPa","0.861","-0.02617","0.00035","0","0","13.56","Humid","24.85","0","70.00","286464.97","SABD0000000001","AAV1.0.0.11","1.1.2.0","PSt7-10","170328-006","1/4/2020 10:31:52","0000-00","0","no battery","V"
"11/02/2020","12:19:08","1","default","640513929","OXY_CH1","64.759","min","154.521","µmol/L","Humid","23.767","deg","44697","µV","26.650","°C","1018.000","hPa","35.3","pmil","0","55.520","deg","20.000","°C","100.000","%a.s.","21.750","deg","20.000","°C","977.000","hPa","0.861","-0.02617","0.00035","0","0","13.56","Humid","24.85","0","70.00","286464.71","SABD0000000001","AAV1.0.0.11","1.1.2.0","PSt7-10","170328-006","1/4/2020 10:31:52","0000-00","0","no battery","V"
"11/02/2020","12:19:09","1","default","640513929","OXY_CH1","64.776","min","154.534","µmol/L","Humid","23.765","deg","44701","µV","26.652","°C","1018.000","hPa","35.3","pmil","0","55.520","deg","20.000","°C","100.000","%a.s.","21.750","deg","20.000","°C","977.000","hPa","0.861","-0.02617","0.00035","0","0","13.56","Humid","24.85","0","70.00","286461.68","SABD0000000001","AAV1.0.0.11","1.1.2.0","PSt7-10","170328-006","1/4/2020 10:31:52","0000-00","0","no battery","V"
"11/02/2020","12:19:10","1","default","640513929","OXY_CH1","64.792","min","154.456","µmol/L","Humid","23.774","deg","44689","µV","26.644","°C","1018.000","hPa","35.3","pmil","0","55.520","deg","20.000","°C","100.000","%a.s.","21.750","deg","20.000","°C","977.000","hPa","0.861","-0.02617","0.00035","0","0","13.56","Humid","24.85","0","70.00","286459.34","SABD0000000001","AAV1.0.0.11","1.1.2.0","PSt7-10","170328-006","1/4/2020 10:31:52","0000-00","0","no battery","V"
"11/02/2020","12:19:11","1","default","640513929","OXY_CH1","64.809","min","154.476","µmol/L","Humid","23.769","deg","44700","µV","26.654","°C","1018.000","hPa","35.3","pmil","0","55.520","deg","20.000","°C","100.000","%a.s.","21.750","deg","20.000","°C","977.000","hPa","0.861","-0.02617","0.00035","0","0","13.56","Humid","24.85","0","70.00","286452.91","SABD0000000001","AAV1.0.0.11","1.1.2.0","PSt7-10","170328-006","1/4/2020 10:31:52","0000-00","0","no battery","V"
"11/02/2020","12:19:12","1","default","640513929","OXY_CH1","64.825","min","154.468","µmol/L","Humid","23.774","deg","44697","µV","26.641","°C","1018.000","hPa","35.3","pmil","0","55.520","deg","20.000","°C","100.000","%a.s.","21.750","deg","20.000","°C","977.000","hPa","0.861","-0.02617","0.00035","0","0","13.56","Humid","24.85","0","70.00","286449.79","SABD0000000001","AAV1.0.0.11","1.1.2.0","PSt7-10","170328-006","1/4/2020 10:31:52","0000-00","0","no battery","V"
"11/02/2020","12:19:13","1","default","640513929","OXY_CH1","64.842","min","154.540","µmol/L","Humid","23.769","deg","44698","µV","26.640","°C","1018.000","hPa","35.3","pmil","0","55.520","deg","20.000","°C","100.000","%a.s.","21.750","deg","20.000","°C","977.000","hPa","0.861","-0.02617","0.00035","0","0","13.56","Humid","24.85","0","70.00","286457.12","SABD0000000001","AAV1.0.0.11","1.1.2.0","PSt7-10","170328-006","1/4/2020 10:31:52","0000-00","0","no battery","V"
"11/02/2020","12:19:14","1","default","640513929","OXY_CH1","64.858","min","154.387","µmol/L","Humid","23.771","deg","44697","µV","26.668","°C","1018.000","hPa","35.3","pmil","0","55.520","deg","20.000","°C","100.000","%a.s.","21.750","deg","20.000","°C","977.000","hPa","0.861","-0.02617","0.00035","0","0","13.56","Humid","24.85","0","70.00","286456.29","SABD0000000001","AAV1.0.0.11","1.1.2.0","PSt7-10","170328-006","1/4/2020 10:31:52","0000-00","0","no battery","V"
"11/02/2020","12:19:15","1","default","640513929","OXY_CH1","64.875","min","154.464","µmol/L","Humid","23.769","deg","44697","µV","26.656","°C","1018.000","hPa","35.3","pmil","0","55.520","deg","20.000","°C","100.000","%a.s.","21.750","deg","20.000","°C","977.000","hPa","0.861","-0.02617","0.00035","0","0","13.56","Humid","24.85","0","70.00","286457.87","SABD0000000001","AAV1.0.0.11","1.1.2.0","PSt7-10","170328-006","1/4/2020 10:31:52","0000-00","0","no battery","V"
"11/02/2020","12:19:16","1","default","640513929","OXY_CH1","64.892","min","154.438","µmol/L","Humid","23.771","deg","44703","µV","26.656","°C","1018.000","hPa","35.3","pmil","0","55.520","deg","20.000","°C","100.000","%a.s.","21.750","deg","20.000","°C","977.000","hPa","0.861","-0.02617","0.00035","0","0","13.56","Humid","24.85","0","70.00","286445.17","SABD0000000001","AAV1.0.0.11","1.1.2.0","PSt7-10","170328-006","1/4/2020 10:31:52","0000-00","0","no battery","V"
"11/02/2020","12:19:17","1","default","640513929","OXY_CH1","64.909","min","154.601","µmol/L","Humid","23.761","deg","44693","µV","26.649","°C","1018.000","hPa","35.3","pmil","0","55.520","deg","20.000","°C","100.000","%a.s.","21.750","deg","20.000","°C","977.000","hPa","0.861","-0.02617","0.00035","0","0","13.56","Humid","24.85","0","70.00","286447.18","SABD0000000001","AAV1.0.0.11","1.1.2.0","PSt7-10","170328-006","1/4/2020 10:31:52","0000-00","0","no battery","V"
"11/02/2020","12:19:18","1","default","640513929","OXY_CH1","64.925","min","154.492","µmol/L","Humid","23.766","deg","44693","µV","26.659","°C","1018.000","hPa","35.3","pmil","0","55.520","deg","20.000","°C","100.000","%a.s.","21.750","deg","20.000","°C","977.000","hPa","0.861","-0.02617","0.00035","0","0","13.56","Humid","24.85","0","70.00","286453.16","SABD0000000001","AAV1.0.0.11","1.1.2.0","PSt7-10","170328-006","1/4/2020 10:31:52","0000-00","0","no battery","V"
"11/02/2020","12:19:19","1","default","640513929","OXY_CH1","64.942","min","154.398","µmol/L","Humid","23.773","deg","44692","µV","26.660","°C","1018.000","hPa","35.3","pmil","0","55.520","deg","20.000","°C","100.000","%a.s.","21.750","deg","20.000","°C","977.000","hPa","0.861","-0.02617","0.00035","0","0","13.56","Humid","24.85","0","70.00","286442.01","SABD0000000001","AAV1.0.0.11","1.1.2.0","PSt7-10","170328-006","1/4/2020 10:31:52","0000-00","0","no battery","V"
"11/02/2020","12:19:20","1","default","640513929","OXY_CH1","64.959","min","154.378","µmol/L","Humid","23.779","deg","44691","µV","26.647","°C","1018.000","hPa","35.3","pmil","0","55.520","deg","20.000","°C","100.000","%a.s.","21.750","deg","20.000","°C","977.000","hPa","0.861","-0.02617","0.00035","0","0","13.56","Humid","24.85","0","70.00","286438.83","SABD0000000001","AAV1.0.0.11","1.1.2.0","PSt7-10","170328-006","1/4/2020 10:31:52","0000-00","0","no battery","V"
"11/02/2020","12:19:21","1","default","640513929","OXY_CH1","64.976","min","154.481","µmol/L","Humid","23.770","deg","44699","µV","26.650","°C","1018.000","hPa","35.3","pmil","0","55.520","deg","20.000","°C","100.000","%a.s.","21.750","deg","20.000","°C","977.000","hPa","0.861","-0.02617","0.00035","0","0","13.56","Humid","24.85","0","70.00","286447.66","SABD0000000001","AAV1.0.0.11","1.1.2.0","PSt7-10","170328-006","1/4/2020 10:31:52","0000-00","0","no battery","V"
"11/02/2020","12:19:22","1","default","640513929","OXY_CH1","64.992","min","154.501","µmol/L","Humid","23.770","deg","44699","µV","26.645","°C","1018.000","hPa","35.3","pmil","0","55.520","deg","20.000","°C","100.000","%a.s.","21.750","deg","20.000","°C","977.000","hPa","0.861","-0.02617","0.00035","0","0","13.56","Humid","24.85","0","70.00","286451.86","SABD0000000001","AAV1.0.0.11","1.1.2.0","PSt7-10","170328-006","1/4/2020 10:31:52","0000-00","0","no battery","V"
"11/02/2020","12:19:23","1","default","640513929","OXY_CH1","65.009","min","154.521","µmol/L","Humid","23.764","deg","44697","µV","26.658","°C","1018.000","hPa","35.3","pmil","0","55.520","deg","20.000","°C","100.000","%a.s.","21.750","deg","20.000","°C","977.000","hPa","0.861","-0.02617","0.00035","0","0","13.56","Humid","24.85","0","70.00","286446.15","SABD0000000001","AAV1.0.0.11","1.1.2.0","PSt7-10","170328-006","1/4/2020 10:31:52","0000-00","0","no battery","V"
"11/02/2020","12:19:24","1","default","640513929","OXY_CH1","65.026","min","154.501","µmol/L","Humid","23.766","deg","44694","µV","26.657","°C","1018.000","hPa","35.3","pmil","0","55.520","deg","20.000","°C","100.000","%a.s.","21.750","deg","20.000","°C","977.000","hPa","0.861","-0.02617","0.00035","0","0","13.56","Humid","24.85","0","70.00","286443.36","SABD0000000001","AAV1.0.0.11","1.1.2.0","PSt7-10","170328-006","1/4/2020 10:31:52","0000-00","0","no battery","V"
"11/02/2020","12:19:25","1","default","640513929","OXY_CH1","65.042","min","154.512","µmol/L","Humid","23.768","deg","44694","µV","26.649","°C","1018.000","hPa","35.3","pmil","0","55.520","deg","20.000","°C","100.000","%a.s.","21.750","deg","20.000","°C","977.000","hPa","0.861","-0.02617","0.00035","0","0","13.56","Humid","24.85","0","70.00","286448.21","SABD0000000001","AAV1.0.0.11","1.1.2.0","PSt7-10","170328-006","1/4/2020 10:31:52","0000-00","0","no battery","V"
"11/02/2020","12:19:26","1","default","640513929","OXY_CH1","65.058","min","154.571","µmol/L","Humid","23.764","deg","44691","µV","26.647","°C","1018.000","hPa","35.3","pmil","0","55.520","deg","20.000","°C","100.000","%a.s.","21.750","deg","20.000","°C","977.000","hPa","0.861","-0.02617","0.00035","0","0","13.56","Humid","24.85","0","70.00","286446.12","SABD0000000001","AAV1.0.0.11","1.1.2.0","PSt7-10","170328-006","1/4/2020 10:31:52","0000-00","0","no battery","V"
"11/02/2020","12:19:27","1","default","640513929","OXY_CH1","65.075","min","154.640","µmol/L","Humid","23.760","deg","44692","µV","26.643","°C","1018.000","hPa","35.3","pmil","0","55.520","deg","20.000","°C","100.000","%a.s.","21.750","deg","20.000","°C","977.000","hPa","0.861","-0.02617","0.00035","0","0","13.56","Humid","24.85","0","70.00","286443.89","SABD0000000001","AAV1.0.0.11","1.1.2.0","PSt7-10","170328-006","1/4/2020 10:31:52","0000-00","0","no battery","V"
"11/02/2020","12:19:28","1","default","640513929","OXY_CH1","65.092","min","154.488","µmol/L","Humid","23.770","deg","44695","µV","26.648","°C","1018.000","hPa","35.3","pmil","0","55.520","deg","20.000","°C","100.000","%a.s.","21.750","deg","20.000","°C","977.000","hPa","0.861","-0.02617","0.00035","0","0","13.56","Humid","24.85","0","70.00","286453.92","SABD0000000001","AAV1.0.0.11","1.1.2.0","PSt7-10","170328-006","1/4/2020 10:31:52","0000-00","0","no battery","V"
"11/02/2020","12:19:29","1","default","640513929","OXY_CH1","65.109","min","154.426","µmol/L","Humid","23.773","deg","44687","µV","26.653","°C","1018.000","hPa","35.3","pmil","0","55.520","deg","20.000","°C","100.000","%a.s.","21.750","deg","20.000","°C","977.000","hPa","0.861","-0.02617","0.00035","0","0","13.56","Humid","24.85","0","70.00","286441.16","SABD0000000001","AAV1.0.0.11","1.1.2.0","PSt7-10","170328-006","1/4/2020 10:31:52","0000-00","0","no battery","V"
"11/02/2020","12:19:30","1","default","640513929","OXY_CH1","65.126","min","154.586","µmol/L","Humid","23.763","deg","44689","µV","26.646","°C","1018.000","hPa","35.3","pmil","0","55.520","deg","20.000","°C","100.000","%a.s.","21.750","deg","20.000","°C","977.000","hPa","0.861","-0.02617","0.00035","0","0","13.56","Humid","24.85","0","70.00","286449.16","SABD0000000001","AAV1.0.0.11","1.1.2.0","PSt7-10","170328-006","1/4/2020 10:31:52","0000-00","0","no battery","V"
"11/02/2020","12:19:31","1","default","640513929","OXY_CH1","65.142","min","154.634","µmol/L","Humid","23.762","deg","44680","µV","26.639","°C","1018.000","hPa","35.3","pmil","0","55.520","deg","20.000","°C","100.000","%a.s.","21.750","deg","20.000","°C","977.000","hPa","0.861","-0.02617","0.00035","0","0","13.56","Humid","24.85","0","70.00","286435.40","SABD0000000001","AAV1.0.0.11","1.1.2.0","PSt7-10","170328-006","1/4/2020 10:31:52","0000-00","0","no battery","V"
"11/02/2020","12:19:32","1","default","640513929","OXY_CH1","65.159","min","154.497","µmol/L","Humid","23.772","deg","44682","µV","26.641","°C","1018.000","hPa","35.3","pmil","0","55.520","deg","20.000","°C","100.000","%a.s.","21.750","deg","20.000","°C","977.000","hPa","0.861","-0.02617","0.00035","0","0","13.56","Humid","24.85","0","70.00","286439.39","SABD0000000001","AAV1.0.0.11","1.1.2.0","PSt7-10","170328-006","1/4/2020 10:31:52","0000-00","0","no battery","V"
"11/02/2020","12:19:33","1","default","640513929","OXY_CH1","65.175","min","154.508","µmol/L","Humid","23.767","deg","44689","µV","26.652","°C","1018.000","hPa","35.3","pmil","0","55.520","deg","20.000","°C","100.000","%a.s.","21.750","deg","20.000","°C","977.000","hPa","0.861","-0.02617","0.00035","0","0","13.56","Humid","24.85","0","70.00","286446.03","SABD0000000001","AAV1.0.0.11","1.1.2.0","PSt7-10","170328-006","1/4/2020 10:31:52","0000-00","0","no battery","V"
"11/02/2020","12:19:34","1","default","640513929","OXY_CH1","65.192","min","154.480","µmol/L","Humid","23.768","deg","44684","µV","26.656","°C","1018.000","hPa","35.3","pmil","0","55.520","deg","20.000","°C","100.000","%a.s.","21.750","deg","20.000","°C","977.000","hPa","0.861","-0.02617","0.00035","0","0","13.56","Humid","24.85","0","70.00","286446.34","SABD0000000001","AAV1.0.0.11","1.1.2.0","PSt7-10","170328-006","1/4/2020 10:31:52","0000-00","0","no battery","V"
"11/02/2020","12:19:35","1","default","640513929","OXY_CH1","65.208","min","154.544","µmol/L","Humid","23.769","deg","44678","µV","26.639","°C","1018.000","hPa","35.3","pmil","0","55.520","deg","20.000","°C","100.000","%a.s.","21.750","deg","20.000","°C","977.000","hPa","0.861","-0.02617","0.00035","0","0","13.56","Humid","24.85","0","70.00","286442.17","SABD0000000001","AAV1.0.0.11","1.1.2.0","PSt7-10","170328-006","1/4/2020 10:31:52","0000-00","0","no battery","V"
"11/02/2020","12:19:36","1","default","640513929","OXY_CH1","65.225","min","154.507","µmol/L","Humid","23.768","deg","44676","µV","26.650","°C","1018.000","hPa","35.3","pmil","0","55.520","deg","20.000","°C","100.000","%a.s.","21.750","deg","20.000","°C","977.000","hPa","0.861","-0.02617","0.00035","0","0","13.56","Humid","24.85","0","70.00","286441.92","SABD0000000001","AAV1.0.0.11","1.1.2.0","PSt7-10","170328-006","1/4/2020 10:31:52","0000-00","0","no battery","V"
"11/02/2020","12:19:37","1","default","640513929","OXY_CH1","65.242","min","154.579","µmol/L","Humid","23.763","deg","44679","µV","26.648","°C","1018.000","hPa","35.3","pmil","0","55.520","deg","20.000","°C","100.000","%a.s.","21.750","deg","20.000","°C","977.000","hPa","0.861","-0.02617","0.00035","0","0","13.56","Humid","24.85","0","70.00","286441.85","SABD0000000001","AAV1.0.0.11","1.1.2.0","PSt7-10","170328-006","1/4/2020 10:31:52","0000-00","0","no battery","V"
"11/02/2020","12:19:38","1","default","640513929","OXY_CH1","65.259","min","154.549","µmol/L","Humid","23.766","deg","44678","µV","26.646","°C","1018.000","hPa","35.3","pmil","0","55.520","deg","20.000","°C","100.000","%a.s.","21.750","deg","20.000","°C","977.000","hPa","0.861","-0.02617","0.00035","0","0","13.56","Humid","24.85","0","70.00","286458.09","SABD0000000001","AAV1.0.0.11","1.1.2.0","PSt7-10","170328-006","1/4/2020 10:31:52","0000-00","0","no battery","V"
"11/02/2020","12:19:39","1","default","640513929","OXY_CH1","65.275","min","154.508","µmol/L","Humid","23.767","deg","44678","µV","26.652","°C","1018.000","hPa","35.3","pmil","0","55.520","deg","20.000","°C","100.000","%a.s.","21.750","deg","20.000","°C","977.000","hPa","0.861","-0.02617","0.00035","0","0","13.56","Humid","24.85","0","70.00","286442.01","SABD0000000001","AAV1.0.0.11","1.1.2.0","PSt7-10","170328-006","1/4/2020 10:31:52","0000-00","0","no battery","V"
"11/02/2020","12:19:40","1","default","640513929","OXY_CH1","65.292","min","154.574","µmol/L","Humid","23.766","deg","44675","µV","26.641","°C","1018.000","hPa","35.3","pmil","0","55.520","deg","20.000","°C","100.000","%a.s.","21.750","deg","20.000","°C","977.000","hPa","0.861","-0.02617","0.00035","0","0","13.56","Humid","24.85","0","70.00","286447.54","SABD0000000001","AAV1.0.0.11","1.1.2.0","PSt7-10","170328-006","1/4/2020 10:31:52","0000-00","0","no battery","V"
"11/02/2020","12:19:41","1","default","640513929","OXY_CH1","65.309","min","154.572","µmol/L","Humid","23.764","deg","44674","µV","26.647","°C","1018.000","hPa","35.3","pmil","0","55.520","deg","20.000","°C","100.000","%a.s.","21.750","deg","20.000","°C","977.000","hPa","0.861","-0.02617","0.00035","0","0","13.56","Humid","24.85","0","70.00","286439.88","SABD0000000001","AAV1.0.0.11","1.1.2.0","PSt7-10","170328-006","1/4/2020 10:31:52","0000-00","0","no battery","V"
"11/02/2020","12:19:42","1","default","640513929","OXY_CH1","65.326","min","154.513","µmol/L","Humid","23.767","deg","44672","µV","26.651","°C","1018.000","hPa","35.3","pmil","0","55.520","deg","20.000","°C","100.000","%a.s.","21.750","deg","20.000","°C","977.000","hPa","0.861","-0.02617","0.00035","0","0","13.56","Humid","24.85","0","70.00","286431.62","SABD0000000001","AAV1.0.0.11","1.1.2.0","PSt7-10","170328-006","1/4/2020 10:31:52","0000-00","0","no battery","V"
"11/02/2020","12:19:43","1","default","640513929","OXY_CH1","65.342","min","154.498","µmol/L","Humid","23.768","deg","44673","µV","26.652","°C","1018.000","hPa","35.3","pmil","0","55.520","deg","20.000","°C","100.000","%a.s.","21.750","deg","20.000","°C","977.000","hPa","0.861","-0.02617","0.00035","0","0","13.56","Humid","24.85","0","70.00","286438.07","SABD0000000001","AAV1.0.0.11","1.1.2.0","PSt7-10","170328-006","1/4/2020 10:31:52","0000-00","0","no battery","V"
"11/02/2020","12:19:44","1","default","640513929","OXY_CH1","65.359","min","154.394","µmol/L","Humid","23.772","deg","44681","µV","26.663","°C","1018.000","hPa","35.3","pmil","0","55.520","deg","20.000","°C","100.000","%a.s.","21.750","deg","20.000","°C","977.000","hPa","0.861","-0.02617","0.00035","0","0","13.56","Humid","24.85","0","70.00","286426.32","SABD0000000001","AAV1.0.0.11","1.1.2.0","PSt7-10","170328-006","1/4/2020 10:31:52","0000-00","0","no battery","V"
"11/02/2020","12:19:45","1","default","640513929","OXY_CH1","65.375","min","154.592","µmol/L","Humid","23.764","deg","44680","µV","26.642","°C","1018.000","hPa","35.3","pmil","0","55.520","deg","20.000","°C","100.000","%a.s.","21.750","deg","20.000","°C","977.000","hPa","0.861","-0.02617","0.00035","0","0","13.56","Humid","24.85","0","70.00","286436.49","SABD0000000001","AAV1.0.0.11","1.1.2.0","PSt7-10","170328-006","1/4/2020 10:31:52","0000-00","0","no battery","V"
"11/02/2020","12:19:46","1","default","640513929","OXY_CH1","65.392","min","154.537","µmol/L","Humid","23.766","deg","44688","µV","26.649","°C","1018.000","hPa","35.3","pmil","0","55.520","deg","20.000","°C","100.000","%a.s.","21.750","deg","20.000","°C","977.000","hPa","0.861","-0.02617","0.00035","0","0","13.56","Humid","24.85","0","70.00","286436.57","SABD0000000001","AAV1.0.0.11","1.1.2.0","PSt7-10","170328-006","1/4/2020 10:31:52","0000-00","0","no battery","V"
"11/02/2020","12:19:47","1","default","640513929","OXY_CH1","65.408","min","154.609","µmol/L","Humid","23.764","deg","44687","µV","26.638","°C","1018.000","hPa","35.3","pmil","0","55.520","deg","20.000","°C","100.000","%a.s.","21.750","deg","20.000","°C","977.000","hPa","0.861","-0.02617","0.00035","0","0","13.56","Humid","24.85","0","70.00","286437.34","SABD0000000001","AAV1.0.0.11","1.1.2.0","PSt7-10","170328-006","1/4/2020 10:31:52","0000-00","0","no battery","V"
"11/02/2020","12:19:48","1","default","640513929","OXY_CH1","65.425","min","154.621","µmol/L","Humid","23.760","deg","44683","µV","26.647","°C","1018.000","hPa","35.3","pmil","0","55.520","deg","20.000","°C","100.000","%a.s.","21.750","deg","20.000","°C","977.000","hPa","0.861","-0.02617","0.00035","0","0","13.56","Humid","24.85","0","70.00","286435.25","SABD0000000001","AAV1.0.0.11","1.1.2.0","PSt7-10","170328-006","1/4/2020 10:31:52","0000-00","0","no battery","V"
"11/02/2020","12:19:49","1","default","640513929","OXY_CH1","65.442","min","154.650","µmol/L","Humid","23.759","deg","44685","µV","26.644","°C","1018.000","hPa","35.3","pmil","0","55.520","deg","20.000","°C","100.000","%a.s.","21.750","deg","20.000","°C","977.000","hPa","0.861","-0.02617","0.00035","0","0","13.56","Humid","24.85","0","70.00","286432.52","SABD0000000001","AAV1.0.0.11","1.1.2.0","PSt7-10","170328-006","1/4/2020 10:31:52","0000-00","0","no battery","V"
"11/02/2020","12:19:50","1","default","640513929","OXY_CH1","65.459","min","154.618","µmol/L","Humid","23.765","deg","44681","µV","26.634","°C","1018.000","hPa","35.3","pmil","0","55.520","deg","20.000","°C","100.000","%a.s.","21.750","deg","20.000","°C","977.000","hPa","0.861","-0.02617","0.00035","0","0","13.56","Humid","24.85","0","70.00","286421.68","SABD0000000001","AAV1.0.0.11","1.1.2.0","PSt7-10","170328-006","1/4/2020 10:31:52","0000-00","0","no battery","V"
"11/02/2020","12:19:51","1","default","640513929","OXY_CH1","65.475","min","154.564","µmol/L","Humid","23.766","deg","44686","µV","26.643","°C","1018.000","hPa","35.3","pmil","0","55.520","deg","20.000","°C","100.000","%a.s.","21.750","deg","20.000","°C","977.000","hPa","0.861","-0.02617","0.00035","0","0","13.56","Humid","24.85","0","70.00","286417.65","SABD0000000001","AAV1.0.0.11","1.1.2.0","PSt7-10","170328-006","1/4/2020 10:31:52","0000-00","0","no battery","V"
"11/02/2020","12:19:52","1","default","640513929","OXY_CH1","65.492","min","154.616","µmol/L","Humid","23.759","deg","44676","µV","26.651","°C","1018.000","hPa","35.3","pmil","0","55.520","deg","20.000","°C","100.000","%a.s.","21.750","deg","20.000","°C","977.000","hPa","0.861","-0.02617","0.00035","0","0","13.56","Humid","24.85","0","70.00","286430.49","SABD0000000001","AAV1.0.0.11","1.1.2.0","PSt7-10","170328-006","1/4/2020 10:31:52","0000-00","0","no battery","V"
"11/02/2020","12:19:53","1","default","640513929","OXY_CH1","65.509","min","154.535","µmol/L","Humid","23.761","deg","44679","µV","26.664","°C","1018.000","hPa","35.3","pmil","0","55.520","deg","20.000","°C","100.000","%a.s.","21.750","deg","20.000","°C","977.000","hPa","0.861","-0.02617","0.00035","0","0","13.56","Humid","24.85","0","70.00","286433.84","SABD0000000001","AAV1.0.0.11","1.1.2.0","PSt7-10","170328-006","1/4/2020 10:31:52","0000-00","0","no battery","V"
"11/02/2020","12:19:54","1","default","640513929","OXY_CH1","65.526","min","154.591","µmol/L","Humid","23.763","deg","44679","µV","26.645","°C","1018.000","hPa","35.3","pmil","0","55.520","deg","20.000","°C","100.000","%a.s.","21.750","deg","20.000","°C","977.000","hPa","0.861","-0.02617","0.00035","0","0","13.56","Humid","24.85","0","70.00","286428.57","SABD0000000001","AAV1.0.0.11","1.1.2.0","PSt7-10","170328-006","1/4/2020 10:31:52","0000-00","0","no battery","V"
"11/02/2020","12:19:55","1","default","640513929","OXY_CH1","65.542","min","154.579","µmol/L","Humid","23.765","deg","44681","µV","26.642","°C","1018.000","hPa","35.3","pmil","0","55.520","deg","20.000","°C","100.000","%a.s.","21.750","deg","20.000","°C","977.000","hPa","0.861","-0.02617","0.00035","0","0","13.56","Humid","24.85","0","70.00","286428.78","SABD0000000001","AAV1.0.0.11","1.1.2.0","PSt7-10","170328-006","1/4/2020 10:31:52","0000-00","0","no battery","V"
"11/02/2020","12:19:56","1","default","640513929","OXY_CH1","65.559","min","154.447","µmol/L","Humid","23.770","deg","44682","µV","26.657","°C","1018.000","hPa","35.3","pmil","0","55.520","deg","20.000","°C","100.000","%a.s.","21.750","deg","20.000","°C","977.000","hPa","0.861","-0.02617","0.00035","0","0","13.56","Humid","24.85","0","70.00","286424.20","SABD0000000001","AAV1.0.0.11","1.1.2.0","PSt7-10","170328-006","1/4/2020 10:31:52","0000-00","0","no battery","V"
"11/02/2020","12:19:57","1","default","640513929","OXY_CH1","65.575","min","154.573","µmol/L","Humid","23.761","deg","44684","µV","26.655","°C","1018.000","hPa","35.3","pmil","0","55.520","deg","20.000","°C","100.000","%a.s.","21.750","deg","20.000","°C","977.000","hPa","0.861","-0.02617","0.00035","0","0","13.56","Humid","24.85","0","70.00","286429.18","SABD0000000001","AAV1.0.0.11","1.1.2.0","PSt7-10","170328-006","1/4/2020 10:31:52","0000-00","0","no battery","V"
"11/02/2020","12:19:58","1","default","640513929","OXY_CH1","65.592","min","154.526","µmol/L","Humid","23.765","deg","44678","µV","26.654","°C","1018.000","hPa","35.3","pmil","0","55.520","deg","20.000","°C","100.000","%a.s.","21.750","deg","20.000","°C","977.000","hPa","0.861","-0.02617","0.00035","0","0","13.56","Humid","24.85","0","70.00","286437.74","SABD0000000001","AAV1.0.0.11","1.1.2.0","PSt7-10","170328-006","1/4/2020 10:31:52","0000-00","0","no battery","V"
"11/02/2020","12:19:59","1","default","640513929","OXY_CH1","65.608","min","154.623","µmol/L","Humid","23.761","deg","44676","µV","26.644","°C","1018.000","hPa","35.3","pmil","0","55.520","deg","20.000","°C","100.000","%a.s.","21.750","deg","20.000","°C","977.000","hPa","0.861","-0.02617","0.00035","0","0","13.56","Humid","24.85","0","70.00","286435.43","SABD0000000001","AAV1.0.0.11","1.1.2.0","PSt7-10","170328-006","1/4/2020 10:31:52","0000-00","0","no battery","V"
"11/02/2020","12:20:00","1","default","640513929","OXY_CH1","65.625","min","154.546","µmol/L","Humid","23.768","deg","44686","µV","26.641","°C","1018.000","hPa","35.3","pmil","0","55.520","deg","20.000","°C","100.000","%a.s.","21.750","deg","20.000","°C","977.000","hPa","0.861","-0.02617","0.00035","0","0","13.56","Humid","24.85","0","70.00","286418.44","SABD0000000001","AAV1.0.0.11","1.1.2.0","PSt7-10","170328-006","1/4/2020 10:31:52","0000-00","0","no battery","V"
"11/02/2020","12:20:01","1","default","640513929","OXY_CH1","65.642","min","154.720","µmol/L","Humid","23.754","deg","44679","µV","26.643","°C","1018.000","hPa","35.3","pmil","0","55.520","deg","20.000","°C","100.000","%a.s.","21.750","deg","20.000","°C","977.000","hPa","0.861","-0.02617","0.00035","0","0","13.56","Humid","24.85","0","70.00","286429.99","SABD0000000001","AAV1.0.0.11","1.1.2.0","PSt7-10","170328-006","1/4/2020 10:31:52","0000-00","0","no battery","V"
"11/02/2020","12:20:02","1","default","640513929","OXY_CH1","65.659","min","154.534","µmol/L","Humid","23.768","deg","44685","µV","26.644","°C","1018.000","hPa","35.3","pmil","0","55.520","deg","20.000","°C","100.000","%a.s.","21.750","deg","20.000","°C","977.000","hPa","0.861","-0.02617","0.00035","0","0","13.56","Humid","24.85","0","70.00","286418.08","SABD0000000001","AAV1.0.0.11","1.1.2.0","PSt7-10","170328-006","1/4/2020 10:31:52","0000-00","0","no battery","V"
"11/02/2020","12:20:03","1","default","640513929","OXY_CH1","65.676","min","154.634","µmol/L","Humid","23.758","deg","44678","µV","26.650","°C","1018.000","hPa","35.3","pmil","0","55.520","deg","20.000","°C","100.000","%a.s.","21.750","deg","20.000","°C","977.000","hPa","0.861","-0.02617","0.00035","0","0","13.56","Humid","24.85","0","70.00","286432.48","SABD0000000001","AAV1.0.0.11","1.1.2.0","PSt7-10","170328-006","1/4/2020 10:31:52","0000-00","0","no battery","V"
"11/02/2020","12:20:04","1","default","640513929","OXY_CH1","65.692","min","154.666","µmol/L","Humid","23.758","deg","44679","µV","26.643","°C","1018.000","hPa","35.3","pmil","0","55.520","deg","20.000","°C","100.000","%a.s.","21.750","deg","20.000","°C","977.000","hPa","0.861","-0.02617","0.00035","0","0","13.56","Humid","24.85","0","70.00","286429.66","SABD0000000001","AAV1.0.0.11","1.1.2.0","PSt7-10","170328-006","1/4/2020 10:31:52","0000-00","0","no battery","V"
"11/02/2020","12:20:05","1","default","640513929","OXY_CH1","65.709","min","154.597","µmol/L","Humid","23.761","deg","44676","µV","26.650","°C","1018.000","hPa","35.3","pmil","0","55.520","deg","20.000","°C","100.000","%a.s.","21.750","deg","20.000","°C","977.000","hPa","0.861","-0.02617","0.00035","0","0","13.56","Humid","24.85","0","70.00","286442.40","SABD0000000001","AAV1.0.0.11","1.1.2.0","PSt7-10","170328-006","1/4/2020 10:31:52","0000-00","0","no battery","V"
"11/02/2020","12:20:06","1","default","640513929","OXY_CH1","65.725","min","154.630","µmol/L","Humid","23.761","deg","44676","µV","26.643","°C","1018.000","hPa","35.3","pmil","0","55.520","deg","20.000","°C","100.000","%a.s.","21.750","deg","20.000","°C","977.000","hPa","0.861","-0.02617","0.00035","0","0","13.56","Humid","24.85","0","70.00","286421.65","SABD0000000001","AAV1.0.0.11","1.1.2.0","PSt7-10","170328-006","1/4/2020 10:31:52","0000-00","0","no battery","V"
"11/02/2020","12:20:07","1","default","640513929","OXY_CH1","65.742","min","154.642","µmol/L","Humid","23.757","deg","44673","µV","26.651","°C","1018.000","hPa","35.3","pmil","0","55.520","deg","20.000","°C","100.000","%a.s.","21.750","deg","20.000","°C","977.000","hPa","0.861","-0.02617","0.00035","0","0","13.56","Humid","24.85","0","70.00","286431.11","SABD0000000001","AAV1.0.0.11","1.1.2.0","PSt7-10","170328-006","1/4/2020 10:31:52","0000-00","0","no battery","V"
"11/02/2020","12:20:08","1","default","640513929","OXY_CH1","65.758","min","154.611","µmol/L","Humid","23.760","deg","44673","µV","26.650","°C","1018.000","hPa","35.3","pmil","0","55.520","deg","20.000","°C","100.000","%a.s.","21.750","deg","20.000","°C","977.000","hPa","0.861","-0.02617","0.00035","0","0","13.56","Humid","24.85","0","70.00","286417.90","SABD0000000001","AAV1.0.0.11","1.1.2.0","PSt7-10","170328-006","1/4/2020 10:31:52","0000-00","0","no battery","V"
"11/02/2020","12:20:09","1","default","640513929","OXY_CH1","65.775","min","154.702","µmol/L","Humid","23.757","deg","44682","µV","26.638","°C","1018.000","hPa","35.3","pmil","0","55.520","deg","20.000","°C","100.000","%a.s.","21.750","deg","20.000","°C","977.000","hPa","0.861","-0.02617","0.00035","0","0","13.56","Humid","24.85","0","70.00","286425.20","SABD0000000001","AAV1.0.0.11","1.1.2.0","PSt7-10","170328-006","1/4/2020 10:31:52","0000-00","0","no battery","V"
"11/02/2020","12:20:10","1","default","640513929","OXY_CH1","65.792","min","154.577","µmol/L","Humid","23.763","deg","44668","µV","26.649","°C","1018.000","hPa","35.3","pmil","0","55.520","deg","20.000","°C","100.000","%a.s.","21.750","deg","20.000","°C","977.000","hPa","0.861","-0.02617","0.00035","0","0","13.56","Humid","24.85","0","70.00","286429.42","SABD0000000001","AAV1.0.0.11","1.1.2.0","PSt7-10","170328-006","1/4/2020 10:31:52","0000-00","0","no battery","V"
"11/02/2020","12:20:11","1","default","640513929","OXY_CH1","65.809","min","154.641","µmol/L","Humid","23.757","deg","44672","µV","26.651","°C","1018.000","hPa","35.3","pmil","0","55.520","deg","20.000","°C","100.000","%a.s.","21.750","deg","20.000","°C","977.000","hPa","0.861","-0.02617","0.00035","0","0","13.56","Humid","24.85","0","70.00","286413.53","SABD0000000001","AAV1.0.0.11","1.1.2.0","PSt7-10","170328-006","1/4/2020 10:31:52","0000-00","0","no battery","V"
"11/02/2020","12:20:12","1","default","640513929","OXY_CH1","65.825","min","154.613","µmol/L","Humid","23.759","deg","44664","µV","26.652","°C","1018.000","hPa","35.3","pmil","0","55.520","deg","20.000","°C","100.000","%a.s.","21.750","deg","20.000","°C","977.000","hPa","0.861","-0.02617","0.00035","0","0","13.56","Humid","24.85","0","70.00","286415.23","SABD0000000001","AAV1.0.0.11","1.1.2.0","PSt7-10","170328-006","1/4/2020 10:31:52","0000-00","0","no battery","V"
"11/02/2020","12:20:13","1","default","640513929","OXY_CH1","65.842","min","154.551","µmol/L","Humid","23.765","deg","44657","µV","26.648","°C","1018.000","hPa","35.3","pmil","0","55.520","deg","20.000","°C","100.000","%a.s.","21.750","deg","20.000","°C","977.000","hPa","0.861","-0.02617","0.00035","0","0","13.56","Humid","24.85","0","70.00","286421.37","SABD0000000001","AAV1.0.0.11","1.1.2.0","PSt7-10","170328-006","1/4/2020 10:31:52","0000-00","0","no battery","V"
"11/02/2020","12:20:14","1","default","640513929","OXY_CH1","65.859","min","154.530","µmol/L","Humid","23.764","deg","44667","µV","26.656","°C","1018.000","hPa","35.3","pmil","0","55.520","deg","20.000","°C","100.000","%a.s.","21.750","deg","20.000","°C","977.000","hPa","0.861","-0.02617","0.00035","0","0","13.56","Humid","24.85","0","70.00","286425.12","SABD0000000001","AAV1.0.0.11","1.1.2.0","PSt7-10","170328-006","1/4/2020 10:31:52","0000-00","0","no battery","V"
"11/02/2020","12:20:15","1","default","640513929","OXY_CH1","65.876","min","154.632","µmol/L","Humid","23.757","deg","44659","µV","26.654","°C","1018.000","hPa","35.3","pmil","0","55.520","deg","20.000","°C","100.000","%a.s.","21.750","deg","20.000","°C","977.000","hPa","0.861","-0.02617","0.00035","0","0","13.56","Humid","24.85","0","70.00","286432.33","SABD0000000001","AAV1.0.0.11","1.1.2.0","PSt7-10","170328-006","1/4/2020 10:31:52","0000-00","0","no battery","V"
"11/02/2020","12:20:16","1","default","640513929","OXY_CH1","65.892","min","154.666","µmol/L","Humid","23.758","deg","44664","µV","26.643","°C","1018.000","hPa","35.3","pmil","0","55.520","deg","20.000","°C","100.000","%a.s.","21.750","deg","20.000","°C","977.000","hPa","0.861","-0.02617","0.00035","0","0","13.56","Humid","24.85","0","70.00","286417.02","SABD0000000001","AAV1.0.0.11","1.1.2.0","PSt7-10","170328-006","1/4/2020 10:31:52","0000-00","0","no battery","V"
"11/02/2020","12:20:17","1","default","640513929","OXY_CH1","65.909","min","154.724","µmol/L","Humid","23.752","deg","44661","µV","26.647","°C","1018.000","hPa","35.3","pmil","0","55.520","deg","20.000","°C","100.000","%a.s.","21.750","deg","20.000","°C","977.000","hPa","0.861","-0.02617","0.00035","0","0","13.56","Humid","24.85","0","70.00","286424.98","SABD0000000001","AAV1.0.0.11","1.1.2.0","PSt7-10","170328-006","1/4/2020 10:31:52","0000-00","0","no battery","V"
"11/02/2020","12:20:18","1","default","640513929","OXY_CH1","65.925","min","154.677","µmol/L","Humid","23.758","deg","44662","µV","26.641","°C","1018.000","hPa","35.3","pmil","0","55.520","deg","20.000","°C","100.000","%a.s.","21.750","deg","20.000","°C","977.000","hPa","0.861","-0.02617","0.00035","0","0","13.56","Humid","24.85","0","70.00","286414.59","SABD0000000001","AAV1.0.0.11","1.1.2.0","PSt7-10","170328-006","1/4/2020 10:31:52","0000-00","0","no battery","V"
"11/02/2020","12:20:19","1","default","640513929","OXY_CH1","65.942","min","154.709","µmol/L","Humid","23.758","deg","44665","µV","26.634","°C","1018.000","hPa","35.3","pmil","0","55.520","deg","20.000","°C","100.000","%a.s.","21.750","deg","20.000","°C","977.000","hPa","0.861","-0.02617","0.00035","0","0","13.56","Humid","24.85","0","70.00","286407.10","SABD0000000001","AAV1.0.0.11","1.1.2.0","PSt7-10","170328-006","1/4/2020 10:31:52","0000-00","0","no battery","V"
"11/02/2020","12:20:20","1","default","640513929","OXY_CH1","65.958","min","154.587","µmol/L","Humid","23.767","deg","44667","µV","26.635","°C","1018.000","hPa","35.3","pmil","0","55.520","deg","20.000","°C","100.000","%a.s.","21.750","deg","20.000","°C","977.000","hPa","0.861","-0.02617","0.00035","0","0","13.56","Humid","24.85","0","70.00","286408.10","SABD0000000001","AAV1.0.0.11","1.1.2.0","PSt7-10","170328-006","1/4/2020 10:31:52","0000-00","0","no battery","V"
"11/02/2020","12:20:21","1","default","640513929","OXY_CH1","65.975","min","154.576","µmol/L","Humid","23.764","deg","44663","µV","26.646","°C","1018.000","hPa","35.3","pmil","0","55.520","deg","20.000","°C","100.000","%a.s.","21.750","deg","20.000","°C","977.000","hPa","0.861","-0.02617","0.00035","0","0","13.56","Humid","24.85","0","70.00","286424.61","SABD0000000001","AAV1.0.0.11","1.1.2.0","PSt7-10","170328-006","1/4/2020 10:31:52","0000-00","0","no battery","V"
"11/02/2020","12:20:22","1","default","640513929","OXY_CH1","65.992","min","154.639","µmol/L","Humid","23.757","deg","44665","µV","26.652","°C","1018.000","hPa","35.3","pmil","0","55.520","deg","20.000","°C","100.000","%a.s.","21.750","deg","20.000","°C","977.000","hPa","0.861","-0.02617","0.00035","0","0","13.56","Humid","24.85","0","70.00","286411.33","SABD0000000001","AAV1.0.0.11","1.1.2.0","PSt7-10","170328-006","1/4/2020 10:31:52","0000-00","0","no battery","V"
"11/02/2020","12:20:23","1","default","640513929","OXY_CH1","66.009","min","154.704","µmol/L","Humid","23.754","deg","44663","µV","26.646","°C","1018.000","hPa","35.3","pmil","0","55.520","deg","20.000","°C","100.000","%a.s.","21.750","deg","20.000","°C","977.000","hPa","0.861","-0.02617","0.00035","0","0","13.56","Humid","24.85","0","70.00","286408.90","SABD0000000001","AAV1.0.0.11","1.1.2.0","PSt7-10","170328-006","1/4/2020 10:31:52","0000-00","0","no battery","V"
"11/02/2020","12:20:24","1","default","640513929","OXY_CH1","66.026","min","154.693","µmol/L","Humid","23.756","deg","44661","µV","26.643","°C","1018.000","hPa","35.3","pmil","0","55.520","deg","20.000","°C","100.000","%a.s.","21.750","deg","20.000","°C","977.000","hPa","0.861","-0.02617","0.00035","0","0","13.56","Humid","24.85","0","70.00","286424.66","SABD0000000001","AAV1.0.0.11","1.1.2.0","PSt7-10","170328-006","1/4/2020 10:31:52","0000-00","0","no battery","V"
"11/02/2020","12:20:25","1","default","640513929","OXY_CH1","66.042","min","154.692","µmol/L","Humid","23.758","deg","44660","µV","26.637","°C","1018.000","hPa","35.3","pmil","0","55.520","deg","20.000","°C","100.000","%a.s.","21.750","deg","20.000","°C","977.000","hPa","0.861","-0.02617","0.00035","0","0","13.56","Humid","24.85","0","70.00","286412.52","SABD0000000001","AAV1.0.0.11","1.1.2.0","PSt7-10","170328-006","1/4/2020 10:31:52","0000-00","0","no battery","V"
"11/02/2020","12:20:26","1","default","640513929","OXY_CH1","66.059","min","154.694","µmol/L","Humid","23.758","deg","44655","µV","26.637","°C","1018.000","hPa","35.3","pmil","0","55.520","deg","20.000","°C","100.000","%a.s.","21.750","deg","20.000","°C","977.000","hPa","0.861","-0.02617","0.00035","0","0","13.56","Humid","24.85","0","70.00","286426.95","SABD0000000001","AAV1.0.0.11","1.1.2.0","PSt7-10","170328-006","1/4/2020 10:31:52","0000-00","0","no battery","V"
"11/02/2020","12:20:27","1","default","640513929","OXY_CH1","66.076","min","154.625","µmol/L","Humid","23.760","deg","44652","µV","26.646","°C","1018.000","hPa","35.3","pmil","0","55.520","deg","20.000","°C","100.000","%a.s.","21.750","deg","20.000","°C","977.000","hPa","0.861","-0.02617","0.00035","0","0","13.56","Humid","24.85","0","70.00","286419.86","SABD0000000001","AAV1.0.0.11","1.1.2.0","PSt7-10","170328-006","1/4/2020 10:31:52","0000-00","0","no battery","V"
"11/02/2020","12:20:28","1","default","640513929","OXY_CH1","66.092","min","154.710","µmol/L","Humid","23.754","deg","44658","µV","26.645","°C","1018.000","hPa","35.3","pmil","0","55.520","deg","20.000","°C","100.000","%a.s.","21.750","deg","20.000","°C","977.000","hPa","0.861","-0.02617","0.00035","0","0","13.56","Humid","24.85","0","70.00","286419.05","SABD0000000001","AAV1.0.0.11","1.1.2.0","PSt7-10","170328-006","1/4/2020 10:31:52","0000-00","0","no battery","V"
"11/02/2020","12:20:29","1","default","640513929","OXY_CH1","66.108","min","154.738","µmol/L","Humid","23.757","deg","44658","µV","26.630","°C","1018.000","hPa","35.3","pmil","0","55.520","deg","20.000","°C","100.000","%a.s.","21.750","deg","20.000","°C","977.000","hPa","0.861","-0.02617","0.00035","0","0","13.56","Humid","24.85","0","70.00","286406.33","SABD0000000001","AAV1.0.0.11","1.1.2.0","PSt7-10","170328-006","1/4/2020 10:31:52","0000-00","0","no battery","V"
"11/02/2020","12:20:30","1","default","640513929","OXY_CH1","66.125","min","154.635","µmol/L","Humid","23.763","deg","44655","µV","26.636","°C","1018.000","hPa","35.3","pmil","0","55.520","deg","20.000","°C","100.000","%a.s.","21.750","deg","20.000","°C","977.000","hPa","0.861","-0.02617","0.00035","0","0","13.56","Humid","24.85","0","70.00","286416.54","SABD0000000001","AAV1.0.0.11","1.1.2.0","PSt7-10","170328-006","1/4/2020 10:31:52","0000-00","0","no battery","V"
"11/02/2020","12:20:31","1","default","640513929","OXY_CH1","66.142","min","154.635","µmol/L","Humid","23.757","deg","44662","µV","26.653","°C","1018.000","hPa","35.3","pmil","0","55.520","deg","20.000","°C","100.000","%a.s.","21.750","deg","20.000","°C","977.000","hPa","0.861","-0.02617","0.00035","0","0","13.56","Humid","24.85","0","70.00","286422.87","SABD0000000001","AAV1.0.0.11","1.1.2.0","PSt7-10","170328-006","1/4/2020 10:31:52","0000-00","0","no battery","V"
"11/02/2020","12:20:32","1","default","640513929","OXY_CH1","66.159","min","154.565","µmol/L","Humid","23.766","deg","44656","µV","26.643","°C","1018.000","hPa","35.3","pmil","0","55.520","deg","20.000","°C","100.000","%a.s.","21.750","deg","20.000","°C","977.000","hPa","0.861","-0.02617","0.00035","0","0","13.56","Humid","24.85","0","70.00","286425.03","SABD0000000001","AAV1.0.0.11","1.1.2.0","PSt7-10","170328-006","1/4/2020 10:31:52","0000-00","0","no battery","V"
"11/02/2020","12:20:33","1","default","640513929","OXY_CH1","66.175","min","154.721","µmol/L","Humid","23.753","deg","44659","µV","26.645","°C","1018.000","hPa","35.3","pmil","0","55.520","deg","20.000","°C","100.000","%a.s.","21.750","deg","20.000","°C","977.000","hPa","0.861","-0.02617","0.00035","0","0","13.56","Humid","24.85","0","70.00","286412.31","SABD0000000001","AAV1.0.0.11","1.1.2.0","PSt7-10","170328-006","1/4/2020 10:31:52","0000-00","0","no battery","V"
"11/02/2020","12:20:34","1","default","640513929","OXY_CH1","66.192","min","154.750","µmol/L","Humid","23.753","deg","44658","µV","26.639","°C","1018.000","hPa","35.3","pmil","0","55.520","deg","20.000","°C","100.000","%a.s.","21.750","deg","20.000","°C","977.000","hPa","0.861","-0.02617","0.00035","0","0","13.56","Humid","24.85","0","70.00","286409.68","SABD0000000001","AAV1.0.0.11","1.1.2.0","PSt7-10","170328-006","1/4/2020 10:31:52","0000-00","0","no battery","V"
"11/02/2020","12:20:35","1","default","640513929","OXY_CH1","66.209","min","154.778","µmol/L","Humid","23.752","deg","44653","µV","26.635","°C","1018.000","hPa","35.3","pmil","0","55.520","deg","20.000","°C","100.000","%a.s.","21.750","deg","20.000","°C","977.000","hPa","0.861","-0.02617","0.00035","0","0","13.56","Humid","24.85","0","70.00","286413.89","SABD0000000001","AAV1.0.0.11","1.1.2.0","PSt7-10","170328-006","1/4/2020 10:31:52","0000-00","0","no battery","V"
"11/02/2020","12:20:36","1","default","640513929","OXY_CH1","66.225","min","154.710","µmol/L","Humid","23.755","deg","44660","µV","26.642","°C","1018.000","hPa","35.3","pmil","0","55.520","deg","20.000","°C","100.000","%a.s.","21.750","deg","20.000","°C","977.000","hPa","0.861","-0.02617","0.00035","0","0","13.56","Humid","24.85","0","70.00","286419.13","SABD0000000001","AAV1.0.0.11","1.1.2.0","PSt7-10","170328-006","1/4/2020 10:31:52","0000-00","0","no battery","V"
"11/02/2020","12:20:37","1","default","640513929","OXY_CH1","66.242","min","154.794","µmol/L","Humid","23.748","deg","44655","µV","26.643","°C","1018.000","hPa","35.3","pmil","0","55.520","deg","20.000","°C","100.000","%a.s.","21.750","deg","20.000","°C","977.000","hPa","0.861","-0.02617","0.00035","0","0","13.56","Humid","24.85","0","70.00","286425.13","SABD0000000001","AAV1.0.0.11","1.1.2.0","PSt7-10","170328-006","1/4/2020 10:31:52","0000-00","0","no battery","V"
"11/02/2020","12:20:38","1","default","640513929","OXY_CH1","66.259","min","154.752","µmol/L","Humid","23.752","deg","44659","µV","26.641","°C","1018.000","hPa","35.3","pmil","0","55.520","deg","20.000","°C","100.000","%a.s.","21.750","deg","20.000","°C","977.000","hPa","0.861","-0.02617","0.00035","0","0","13.56","Humid","24.85","0","70.00","286424.79","SABD0000000001","AAV1.0.0.11","1.1.2.0","PSt7-10","170328-006","1/4/2020 10:31:52","0000-00","0","no battery","V"
"11/02/2020","12:20:39","1","default","640513929","OXY_CH1","66.276","min","154.776","µmol/L","Humid","23.750","deg","44658","µV","26.642","°C","1018.000","hPa","35.3","pmil","0","55.520","deg","20.000","°C","100.000","%a.s.","21.750","deg","20.000","°C","977.000","hPa","0.861","-0.02617","0.00035","0","0","13.56","Humid","24.85","0","70.00","286430.81","SABD0000000001","AAV1.0.0.11","1.1.2.0","PSt7-10","170328-006","1/4/2020 10:31:52","0000-00","0","no battery","V"
"11/02/2020","12:20:40","1","default","640513929","OXY_CH1","66.292","min","154.715","µmol/L","Humid","23.754","deg","44654","µV","26.644","°C","1018.000","hPa","35.3","pmil","0","55.520","deg","20.000","°C","100.000","%a.s.","21.750","deg","20.000","°C","977.000","hPa","0.861","-0.02617","0.00035","0","0","13.56","Humid","24.85","0","70.00","286411.68","SABD0000000001","AAV1.0.0.11","1.1.2.0","PSt7-10","170328-006","1/4/2020 10:31:52","0000-00","0","no battery","V"
"11/02/2020","12:20:41","1","default","640513929","OXY_CH1","66.309","min","154.686","µmol/L","Humid","23.757","deg","44656","µV","26.642","°C","1018.000","hPa","35.3","pmil","0","55.520","deg","20.000","°C","100.000","%a.s.","21.750","deg","20.000","°C","977.000","hPa","0.861","-0.02617","0.00035","0","0","13.56","Humid","24.85","0","70.00","286421.09","SABD0000000001","AAV1.0.0.11","1.1.2.0","PSt7-10","170328-006","1/4/2020 10:31:52","0000-00","0","no battery","V"
"11/02/2020","12:20:42","1","default","640513929","OXY_CH1","66.325","min","154.864","µmol/L","Humid","23.747","deg","44652","µV","26.631","°C","1018.000","hPa","35.3","pmil","0","55.520","deg","20.000","°C","100.000","%a.s.","21.750","deg","20.000","°C","977.000","hPa","0.861","-0.02617","0.00035","0","0","13.56","Humid","24.85","0","70.00","286415.54","SABD0000000001","AAV1.0.0.11","1.1.2.0","PSt7-10","170328-006","1/4/2020 10:31:52","0000-00","0","no battery","V"
"11/02/2020","12:20:43","1","default","640513929","OXY_CH1","66.342","min","154.816","µmol/L","Humid","23.752","deg","44647","µV","26.627","°C","1018.000","hPa","35.3","pmil","0","55.520","deg","20.000","°C","100.000","%a.s.","21.750","deg","20.000","°C","977.000","hPa","0.861","-0.02617","0.00035","0","0","13.56","Humid","24.85","0","70.00","286418.85","SABD0000000001","AAV1.0.0.11","1.1.2.0","PSt7-10","170328-006","1/4/2020 10:31:52","0000-00","0","no battery","V"
"11/02/2020","12:20:44","1","default","640513929","OXY_CH1","66.359","min","154.772","µmol/L","Humid","23.753","deg","44645","µV","26.634","°C","1018.000","hPa","35.3","pmil","0","55.520","deg","20.000","°C","100.000","%a.s.","21.750","deg","20.000","°C","977.000","hPa","0.861","-0.02617","0.00035","0","0","13.56","Humid","24.85","0","70.00","286413.25","SABD0000000001","AAV1.0.0.11","1.1.2.0","PSt7-10","170328-006","1/4/2020 10:31:52","0000-00","0","no battery","V"
"11/02/2020","12:20:45","1","default","640513929","OXY_CH1","66.375","min","154.848","µmol/L","Humid","23.749","deg","44650","µV","26.629","°C","1018.000","hPa","35.3","pmil","0","55.520","deg","20.000","°C","100.000","%a.s.","21.750","deg","20.000","°C","977.000","hPa","0.861","-0.02617","0.00035","0","0","13.56","Humid","24.85","0","70.00","286416.09","SABD0000000001","AAV1.0.0.11","1.1.2.0","PSt7-10","170328-006","1/4/2020 10:31:52","0000-00","0","no battery","V"
"11/02/2020","12:20:46","1","default","640513929","OXY_CH1","66.392","min","154.859","µmol/L","Humid","23.748","deg","44644","µV","26.629","°C","1018.000","hPa","35.3","pmil","0","55.520","deg","20.000","°C","100.000","%a.s.","21.750","deg","20.000","°C","977.000","hPa","0.861","-0.02617","0.00035","0","0","13.56","Humid","24.85","0","70.00","286418.06","SABD0000000001","AAV1.0.0.11","1.1.2.0","PSt7-10","170328-006","1/4/2020 10:31:52","0000-00","0","no battery","V"
"11/02/2020","12:20:47","1","default","640513929","OXY_CH1","66.409","min","154.718","µmol/L","Humid","23.755","deg","44642","µV","26.640","°C","1018.000","hPa","35.3","pmil","0","55.520","deg","20.000","°C","100.000","%a.s.","21.750","deg","20.000","°C","977.000","hPa","0.861","-0.02617","0.00035","0","0","13.56","Humid","24.85","0","70.00","286416.22","SABD0000000001","AAV1.0.0.11","1.1.2.0","PSt7-10","170328-006","1/4/2020 10:31:52","0000-00","0","no battery","V"
"11/02/2020","12:20:48","1","default","640513929","OXY_CH1","66.426","min","154.756","µmol/L","Humid","23.753","deg","44644","µV","26.637","°C","1018.000","hPa","35.3","pmil","0","55.520","deg","20.000","°C","100.000","%a.s.","21.750","deg","20.000","°C","977.000","hPa","0.861","-0.02617","0.00035","0","0","13.56","Humid","24.85","0","70.00","286416.36","SABD0000000001","AAV1.0.0.11","1.1.2.0","PSt7-10","170328-006","1/4/2020 10:31:52","0000-00","0","no battery","V"
"11/02/2020","12:20:49","1","default","640513929","OXY_CH1","66.442","min","154.662","µmol/L","Humid","23.754","deg","44647","µV","26.656","°C","1018.000","hPa","35.3","pmil","0","55.520","deg","20.000","°C","100.000","%a.s.","21.750","deg","20.000","°C","977.000","hPa","0.861","-0.02617","0.00035","0","0","13.56","Humid","24.85","0","70.00","286398.76","SABD0000000001","AAV1.0.0.11","1.1.2.0","PSt7-10","170328-006","1/4/2020 10:31:52","0000-00","0","no battery","V"
"11/02/2020","12:20:50","1","default","640513929","OXY_CH1","66.458","min","154.727","µmol/L","Humid","23.748","deg","44642","µV","26.658","°C","1018.000","hPa","35.3","pmil","0","55.520","deg","20.000","°C","100.000","%a.s.","21.750","deg","20.000","°C","977.000","hPa","0.861","-0.02617","0.00035","0","0","13.56","Humid","24.85","0","70.00","286415.00","SABD0000000001","AAV1.0.0.11","1.1.2.0","PSt7-10","170328-006","1/4/2020 10:31:52","0000-00","0","no battery","V"
"11/02/2020","12:20:51","1","default","640513929","OXY_CH1","66.475","min","154.700","µmol/L","Humid","23.751","deg","44637","µV","26.656","°C","1018.000","hPa","35.3","pmil","0","55.520","deg","20.000","°C","100.000","%a.s.","21.750","deg","20.000","°C","977.000","hPa","0.861","-0.02617","0.00035","0","0","13.56","Humid","24.85","0","70.00","286417.40","SABD0000000001","AAV1.0.0.11","1.1.2.0","PSt7-10","170328-006","1/4/2020 10:31:52","0000-00","0","no battery","V"
"11/02/2020","12:20:52","1","default","640513929","OXY_CH1","66.492","min","154.794","µmol/L","Humid","23.753","deg","44635","µV","26.629","°C","1018.000","hPa","35.3","pmil","0","55.520","deg","20.000","°C","100.000","%a.s.","21.750","deg","20.000","°C","977.000","hPa","0.861","-0.02617","0.00035","0","0","13.56","Humid","24.85","0","70.00","286413.77","SABD0000000001","AAV1.0.0.11","1.1.2.0","PSt7-10","170328-006","1/4/2020 10:31:52","0000-00","0","no battery","V"
"11/02/2020","12:20:53","1","default","640513929","OXY_CH1","66.509","min","154.753","µmol/L","Humid","23.751","deg","44636","µV","26.644","°C","1018.000","hPa","35.3","pmil","0","55.520","deg","20.000","°C","100.000","%a.s.","21.750","deg","20.000","°C","977.000","hPa","0.861","-0.02617","0.00035","0","0","13.56","Humid","24.85","0","70.00","286410.49","SABD0000000001","AAV1.0.0.11","1.1.2.0","PSt7-10","170328-006","1/4/2020 10:31:52","0000-00","0","no battery","V"
"11/02/2020","12:20:54","1","default","640513929","OXY_CH1","66.525","min","154.855","µmol/L","Humid","23.743","deg","44643","µV","26.644","°C","1018.000","hPa","35.3","pmil","0","55.520","deg","20.000","°C","100.000","%a.s.","21.750","deg","20.000","°C","977.000","hPa","0.861","-0.02617","0.00035","0","0","13.56","Humid","24.85","0","70.00","286406.11","SABD0000000001","AAV1.0.0.11","1.1.2.0","PSt7-10","170328-006","1/4/2020 10:31:52","0000-00","0","no battery","V"
"11/02/2020","12:20:55","1","default","640513929","OXY_CH1","66.542","min","154.864","µmol/L","Humid","23.744","deg","44641","µV","26.639","°C","1018.000","hPa","35.3","pmil","0","55.520","deg","20.000","°C","100.000","%a.s.","21.750","deg","20.000","°C","977.000","hPa","0.861","-0.02617","0.00035","0","0","13.56","Humid","24.85","0","70.00","286420.16","SABD0000000001","AAV1.0.0.11","1.1.2.0","PSt7-10","170328-006","1/4/2020 10:31:52","0000-00","0","no battery","V"
"11/02/2020","12:20:56","1","default","640513929","OXY_CH1","66.559","min","154.844","µmol/L","Humid","23.746","deg","44640","µV","26.638","°C","1018.000","hPa","35.3","pmil","0","55.520","deg","20.000","°C","100.000","%a.s.","21.750","deg","20.000","°C","977.000","hPa","0.861","-0.02617","0.00035","0","0","13.56","Humid","24.85","0","70.00","286417.91","SABD0000000001","AAV1.0.0.11","1.1.2.0","PSt7-10","170328-006","1/4/2020 10:31:52","0000-00","0","no battery","V"
"11/02/2020","12:20:57","1","default","640513929","OXY_CH1","66.576","min","154.772","µmol/L","Humid","23.754","deg","44644","µV","26.631","°C","1018.000","hPa","35.3","pmil","0","55.520","deg","20.000","°C","100.000","%a.s.","21.750","deg","20.000","°C","977.000","hPa","0.861","-0.02617","0.00035","0","0","13.56","Humid","24.85","0","70.00","286422.66","SABD0000000001","AAV1.0.0.11","1.1.2.0","PSt7-10","170328-006","1/4/2020 10:31:52","0000-00","0","no battery","V"
"11/02/2020","12:20:58","1","default","640513929","OXY_CH1","66.592","min","154.878","µmol/L","Humid","23.747","deg","44642","µV","26.628","°C","1018.000","hPa","35.3","pmil","0","55.520","deg","20.000","°C","100.000","%a.s.","21.750","deg","20.000","°C","977.000","hPa","0.861","-0.02617","0.00035","0","0","13.56","Humid","24.85","0","70.00","286425.68","SABD0000000001","AAV1.0.0.11","1.1.2.0","PSt7-10","170328-006","1/4/2020 10:31:52","0000-00","0","no battery","V"
"11/02/2020","12:20:59","1","default","640513929","OXY_CH1","66.608","min","154.807","µmol/L","Humid","23.750","deg","44634","µV","26.635","°C","1018.000","hPa","35.3","pmil","0","55.520","deg","20.000","°C","100.000","%a.s.","21.750","deg","20.000","°C","977.000","hPa","0.861","-0.02617","0.00035","0","0","13.56","Humid","24.85","0","70.00","286407.62","SABD0000000001","AAV1.0.0.11","1.1.2.0","PSt7-10","170328-006","1/4/2020 10:31:52","0000-00","0","no battery","V"
"11/02/2020","12:21:00","1","default","640513929","OXY_CH1","66.625","min","154.806","µmol/L","Humid","23.750","deg","44643","µV","26.635","°C","1018.000","hPa","35.3","pmil","0","55.520","deg","20.000","°C","100.000","%a.s.","21.750","deg","20.000","°C","977.000","hPa","0.861","-0.02617","0.00035","0","0","13.56","Humid","24.85","0","70.00","286415.24","SABD0000000001","AAV1.0.0.11","1.1.2.0","PSt7-10","170328-006","1/4/2020 10:31:52","0000-00","0","no battery","V"
"11/02/2020","12:21:01","1","default","640513929","OXY_CH1","66.642","min","154.833","µmol/L","Humid","23.749","deg","44650","µV","26.632","°C","1018.000","hPa","35.3","pmil","0","55.520","deg","20.000","°C","100.000","%a.s.","21.750","deg","20.000","°C","977.000","hPa","0.861","-0.02617","0.00035","0","0","13.56","Humid","24.85","0","70.00","286419.38","SABD0000000001","AAV1.0.0.11","1.1.2.0","PSt7-10","170328-006","1/4/2020 10:31:52","0000-00","0","no battery","V"
"11/02/2020","12:21:02","1","default","640513929","OXY_CH1","66.659","min","154.809","µmol/L","Humid","23.749","deg","44642","µV","26.637","°C","1018.000","hPa","35.3","pmil","0","55.520","deg","20.000","°C","100.000","%a.s.","21.750","deg","20.000","°C","977.000","hPa","0.861","-0.02617","0.00035","0","0","13.56","Humid","24.85","0","70.00","286420.50","SABD0000000001","AAV1.0.0.11","1.1.2.0","PSt7-10","170328-006","1/4/2020 10:31:52","0000-00","0","no battery","V"
"11/02/2020","12:21:03","1","default","640513929","OXY_CH1","66.676","min","154.771","µmol/L","Humid","23.754","deg","44645","µV","26.631","°C","1018.000","hPa","35.3","pmil","0","55.520","deg","20.000","°C","100.000","%a.s.","21.750","deg","20.000","°C","977.000","hPa","0.861","-0.02617","0.00035","0","0","13.56","Humid","24.85","0","70.00","286423.41","SABD0000000001","AAV1.0.0.11","1.1.2.0","PSt7-10","170328-006","1/4/2020 10:31:52","0000-00","0","no battery","V"
"11/02/2020","12:21:04","1","default","640513929","OXY_CH1","66.692","min","154.858","µmol/L","Humid","23.748","deg","44643","µV","26.629","°C","1018.000","hPa","35.3","pmil","0","55.520","deg","20.000","°C","100.000","%a.s.","21.750","deg","20.000","°C","977.000","hPa","0.861","-0.02617","0.00035","0","0","13.56","Humid","24.85","0","70.00","286412.00","SABD0000000001","AAV1.0.0.11","1.1.2.0","PSt7-10","170328-006","1/4/2020 10:31:52","0000-00","0","no battery","V"
"11/02/2020","12:21:05","1","default","640513929","OXY_CH1","66.709","min","154.875","µmol/L","Humid","23.744","deg","44644","µV","26.637","°C","1018.000","hPa","35.3","pmil","0","55.520","deg","20.000","°C","100.000","%a.s.","21.750","deg","20.000","°C","977.000","hPa","0.861","-0.02617","0.00035","0","0","13.56","Humid","24.85","0","70.00","286418.60","SABD0000000001","AAV1.0.0.11","1.1.2.0","PSt7-10","170328-006","1/4/2020 10:31:52","0000-00","0","no battery","V"
"11/02/2020","12:21:06","1","default","640513929","OXY_CH1","66.726","min","154.836","µmol/L","Humid","23.749","deg","44642","µV","26.631","°C","1018.000","hPa","35.3","pmil","0","55.520","deg","20.000","°C","100.000","%a.s.","21.750","deg","20.000","°C","977.000","hPa","0.861","-0.02617","0.00035","0","0","13.56","Humid","24.85","0","70.00","286416.39","SABD0000000001","AAV1.0.0.11","1.1.2.0","PSt7-10","170328-006","1/4/2020 10:31:52","0000-00","0","no battery","V"
"11/02/2020","12:21:07","1","default","640513929","OXY_CH1","66.742","min","154.845","µmol/L","Humid","23.748","deg","44644","µV","26.632","°C","1018.000","hPa","35.3","pmil","0","55.520","deg","20.000","°C","100.000","%a.s.","21.750","deg","20.000","°C","977.000","hPa","0.861","-0.02617","0.00035","0","0","13.56","Humid","24.85","0","70.00","286402.68","SABD0000000001","AAV1.0.0.11","1.1.2.0","PSt7-10","170328-006","1/4/2020 10:31:52","0000-00","0","no battery","V"
"11/02/2020","12:21:08","1","default","640513929","OXY_CH1","66.758","min","154.908","µmol/L","Humid","23.747","deg","44645","µV","26.621","°C","1018.000","hPa","35.3","pmil","0","55.520","deg","20.000","°C","100.000","%a.s.","21.750","deg","20.000","°C","977.000","hPa","0.861","-0.02617","0.00035","0","0","13.56","Humid","24.85","0","70.00","286413.01","SABD0000000001","AAV1.0.0.11","1.1.2.0","PSt7-10","170328-006","1/4/2020 10:31:52","0000-00","0","no battery","V"
"11/02/2020","12:21:09","1","default","640513929","OXY_CH1","66.775","min","154.763","µmol/L","Humid","23.750","deg","44637","µV","26.645","°C","1018.000","hPa","35.3","pmil","0","55.520","deg","20.000","°C","100.000","%a.s.","21.750","deg","20.000","°C","977.000","hPa","0.861","-0.02617","0.00035","0","0","13.56","Humid","24.85","0","70.00","286407.19","SABD0000000001","AAV1.0.0.11","1.1.2.0","PSt7-10","170328-006","1/4/2020 10:31:52","0000-00","0","no battery","V"
"11/02/2020","12:21:10","1","default","640513929","OXY_CH1","66.792","min","154.703","µmol/L","Humid","23.753","deg","44634","µV","26.649","°C","1018.000","hPa","35.3","pmil","0","55.520","deg","20.000","°C","100.000","%a.s.","21.750","deg","20.000","°C","977.000","hPa","0.861","-0.02617","0.00035","0","0","13.56","Humid","24.85","0","70.00","286401.27","SABD0000000001","AAV1.0.0.11","1.1.2.0","PSt7-10","170328-006","1/4/2020 10:31:52","0000-00","0","no battery","V"
"11/02/2020","12:21:11","1","default","640513929","OXY_CH1","66.809","min","154.856","µmol/L","Humid","23.744","deg","44640","µV","26.641","°C","1018.000","hPa","35.3","pmil","0","55.520","deg","20.000","°C","100.000","%a.s.","21.750","deg","20.000","°C","977.000","hPa","0.861","-0.02617","0.00035","0","0","13.56","Humid","24.85","0","70.00","286416.58","SABD0000000001","AAV1.0.0.11","1.1.2.0","PSt7-10","170328-006","1/4/2020 10:31:52","0000-00","0","no battery","V"
"11/02/2020","12:21:12","1","default","640513929","OXY_CH1","66.825","min","154.800","µmol/L","Humid","23.748","deg","44645","µV","26.642","°C","1018.000","hPa","35.3","pmil","0","55.520","deg","20.000","°C","100.000","%a.s.","21.750","deg","20.000","°C","977.000","hPa","0.861","-0.02617","0.00035","0","0","13.56","Humid","24.85","0","70.00","286412.42","SABD0000000001","AAV1.0.0.11","1.1.2.0","PSt7-10","170328-006","1/4/2020 10:31:52","0000-00","0","no battery","V"
"11/02/2020","12:21:13","1","default","640513929","OXY_CH1","66.842","min","154.872","µmol/L","Humid","23.747","deg","44637","µV","26.629","°C","1018.000","hPa","35.3","pmil","0","55.520","deg","20.000","°C","100.000","%a.s.","21.750","deg","20.000","°C","977.000","hPa","0.861","-0.02617","0.00035","0","0","13.56","Humid","24.85","0","70.00","286415.79","SABD0000000001","AAV1.0.0.11","1.1.2.0","PSt7-10","170328-006","1/4/2020 10:31:52","0000-00","0","no battery","V"
"11/02/2020","12:21:14","1","default","640513929","OXY_CH1","66.859","min","154.719","µmol/L","Humid","23.752","deg","44641","µV","26.649","°C","1018.000","hPa","35.3","pmil","0","55.520","deg","20.000","°C","100.000","%a.s.","21.750","deg","20.000","°C","977.000","hPa","0.861","-0.02617","0.00035","0","0","13.56","Humid","24.85","0","70.00","286406.47","SABD0000000001","AAV1.0.0.11","1.1.2.0","PSt7-10","170328-006","1/4/2020 10:31:52","0000-00","0","no battery","V"
"11/02/2020","12:21:15","1","default","640513929","OXY_CH1","66.876","min","154.778","µmol/L","Humid","23.746","deg","44639","µV","26.653","°C","1018.000","hPa","35.3","pmil","0","55.520","deg","20.000","°C","100.000","%a.s.","21.750","deg","20.000","°C","977.000","hPa","0.861","-0.02617","0.00035","0","0","13.56","Humid","24.85","0","70.00","286424.29","SABD0000000001","AAV1.0.0.11","1.1.2.0","PSt7-10","170328-006","1/4/2020 10:31:52","0000-00","0","no battery","V"
"11/02/2020","12:21:16","1","default","640513929","OXY_CH1","66.892","min","154.832","µmol/L","Humid","23.750","deg","44630","µV","26.629","°C","1018.000","hPa","35.3","pmil","0","55.520","deg","20.000","°C","100.000","%a.s.","21.750","deg","20.000","°C","977.000","hPa","0.861","-0.02617","0.00035","0","0","13.56","Humid","24.85","0","70.00","286419.21","SABD0000000001","AAV1.0.0.11","1.1.2.0","PSt7-10","170328-006","1/4/2020 10:31:52","0000-00","0","no battery","V"
"11/02/2020","12:21:17","1","default","640513929","OXY_CH1","66.909","min","154.810","µmol/L","Humid","23.751","deg","44635","µV","26.631","°C","1018.000","hPa","35.3","pmil","0","55.520","deg","20.000","°C","100.000","%a.s.","21.750","deg","20.000","°C","977.000","hPa","0.861","-0.02617","0.00035","0","0","13.56","Humid","24.85","0","70.00","286403.86","SABD0000000001","AAV1.0.0.11","1.1.2.0","PSt7-10","170328-006","1/4/2020 10:31:52","0000-00","0","no battery","V"
"11/02/2020","12:21:18","1","default","640513929","OXY_CH1","66.926","min","154.734","µmol/L","Humid","23.756","deg","44639","µV","26.634","°C","1018.000","hPa","35.3","pmil","0","55.520","deg","20.000","°C","100.000","%a.s.","21.750","deg","20.000","°C","977.000","hPa","0.861","-0.02617","0.00035","0","0","13.56","Humid","24.85","0","70.00","286410.37","SABD0000000001","AAV1.0.0.11","1.1.2.0","PSt7-10","170328-006","1/4/2020 10:31:52","0000-00","0","no battery","V"
"11/02/2020","12:21:19","1","default","640513929","OXY_CH1","66.942","min","154.887","µmol/L","Humid","23.741","deg","44636","µV","26.643","°C","1018.000","hPa","35.3","pmil","0","55.520","deg","20.000","°C","100.000","%a.s.","21.750","deg","20.000","°C","977.000","hPa","0.861","-0.02617","0.00035","0","0","13.56","Humid","24.85","0","70.00","286407.17","SABD0000000001","AAV1.0.0.11","1.1.2.0","PSt7-10","170328-006","1/4/2020 10:31:52","0000-00","0","no battery","V"
"11/02/2020","12:21:20","1","default","640513929","OXY_CH1","66.958","min","154.855","µmol/L","Humid","23.746","deg","44632","µV","26.636","°C","1018.000","hPa","35.3","pmil","0","55.520","deg","20.000","°C","100.000","%a.s.","21.750","deg","20.000","°C","977.000","hPa","0.861","-0.02617","0.00035","0","0","13.56","Humid","24.85","0","70.00","286408.48","SABD0000000001","AAV1.0.0.11","1.1.2.0","PSt7-10","170328-006","1/4/2020 10:31:52","0000-00","0","no battery","V"
"11/02/2020","12:21:21","1","default","640513929","OXY_CH1","66.975","min","154.828","µmol/L","Humid","23.748","deg","44640","µV","26.636","°C","1018.000","hPa","35.3","pmil","0","55.520","deg","20.000","°C","100.000","%a.s.","21.750","deg","20.000","°C","977.000","hPa","0.861","-0.02617","0.00035","0","0","13.56","Humid","24.85","0","70.00","286415.95","SABD0000000001","AAV1.0.0.11","1.1.2.0","PSt7-10","170328-006","1/4/2020 10:31:52","0000-00","0","no battery","V"
"11/02/2020","12:21:22","1","default","640513929","OXY_CH1","66.992","min","154.952","µmol/L","Humid","23.742","deg","44638","µV","26.626","°C","1018.000","hPa","35.3","pmil","0","55.520","deg","20.000","°C","100.000","%a.s.","21.750","deg","20.000","°C","977.000","hPa","0.861","-0.02617","0.00035","0","0","13.56","Humid","24.85","0","70.00","286406.42","SABD0000000001","AAV1.0.0.11","1.1.2.0","PSt7-10","170328-006","1/4/2020 10:31:52","0000-00","0","no battery","V"
"11/02/2020","12:21:23","1","default","640513929","OXY_CH1","67.009","min","154.814","µmol/L","Humid","23.748","deg","44640","µV","26.639","°C","1018.000","hPa","35.3","pmil","0","55.520","deg","20.000","°C","100.000","%a.s.","21.750","deg","20.000","°C","977.000","hPa","0.861","-0.02617","0.00035","0","0","13.56","Humid","24.85","0","70.00","286400.06","SABD0000000001","AAV1.0.0.11","1.1.2.0","PSt7-10","170328-006","1/4/2020 10:31:52","0000-00","0","no battery","V"
"11/02/2020","12:21:24","1","default","640513929","OXY_CH1","67.025","min","154.763","µmol/L","Humid","23.751","deg","44635","µV","26.642","°C","1018.000","hPa","35.3","pmil","0","55.520","deg","20.000","°C","100.000","%a.s.","21.750","deg","20.000","°C","977.000","hPa","0.861","-0.02617","0.00035","0","0","13.56","Humid","24.85","0","70.00","286397.61","SABD0000000001","AAV1.0.0.11","1.1.2.0","PSt7-10","170328-006","1/4/2020 10:31:52","0000-00","0","no battery","V"
"11/02/2020","12:21:25","1","default","640513929","OXY_CH1","67.042","min","154.859","µmol/L","Humid","23.750","deg","44639","µV","26.623","°C","1018.000","hPa","35.3","pmil","0","55.520","deg","20.000","°C","100.000","%a.s.","21.750","deg","20.000","°C","977.000","hPa","0.861","-0.02617","0.00035","0","0","13.56","Humid","24.85","0","70.00","286402.69","SABD0000000001","AAV1.0.0.11","1.1.2.0","PSt7-10","170328-006","1/4/2020 10:31:52","0000-00","0","no battery","V"
"11/02/2020","12:21:26","1","default","640513929","OXY_CH1","67.059","min","154.910","µmol/L","Humid","23.745","deg","44634","µV","26.626","°C","1018.000","hPa","35.3","pmil","0","55.520","deg","20.000","°C","100.000","%a.s.","21.750","deg","20.000","°C","977.000","hPa","0.861","-0.02617","0.00035","0","0","13.56","Humid","24.85","0","70.00","286398.36","SABD0000000001","AAV1.0.0.11","1.1.2.0","PSt7-10","170328-006","1/4/2020 10:31:52","0000-00","0","no battery","V"
"11/02/2020","12:21:27","1","default","640513929","OXY_CH1","67.076","min","155.009","µmol/L","Humid","23.740","deg","44630","µV","26.619","°C","1018.000","hPa","35.3","pmil","0","55.520","deg","20.000","°C","100.000","%a.s.","21.750","deg","20.000","°C","977.000","hPa","0.861","-0.02617","0.00035","0","0","13.56","Humid","24.85","0","70.00","286407.90","SABD0000000001","AAV1.0.0.11","1.1.2.0","PSt7-10","170328-006","1/4/2020 10:31:52","0000-00","0","no battery","V"
"11/02/2020","12:21:28","1","default","640513929","OXY_CH1","67.092","min","154.751","µmol/L","Humid","23.754","deg","44641","µV","26.636","°C","1018.000","hPa","35.3","pmil","0","55.520","deg","20.000","°C","100.000","%a.s.","21.750","deg","20.000","°C","977.000","hPa","0.861","-0.02617","0.00035","0","0","13.56","Humid","24.85","0","70.00","286400.27","SABD0000000001","AAV1.0.0.11","1.1.2.0","PSt7-10","170328-006","1/4/2020 10:31:52","0000-00","0","no battery","V"
"11/02/2020","12:21:29","1","default","640513929","OXY_CH1","67.108","min","154.880","µmol/L","Humid","23.743","deg","44631","µV","26.639","°C","1018.000","hPa","35.3","pmil","0","55.520","deg","20.000","°C","100.000","%a.s.","21.750","deg","20.000","°C","977.000","hPa","0.861","-0.02617","0.00035","0","0","13.56","Humid","24.85","0","70.00","286393.88","SABD0000000001","AAV1.0.0.11","1.1.2.0","PSt7-10","170328-006","1/4/2020 10:31:52","0000-00","0","no battery","V"
"11/02/2020","12:21:30","1","default","640513929","OXY_CH1","67.125","min","154.890","µmol/L","Humid","23.742","deg","44632","µV","26.639","°C","1018.000","hPa","35.3","pmil","0","55.520","deg","20.000","°C","100.000","%a.s.","21.750","deg","20.000","°C","977.000","hPa","0.861","-0.02617","0.00035","0","0","13.56","Humid","24.85","0","70.00","286407.70","SABD0000000001","AAV1.0.0.11","1.1.2.0","PSt7-10","170328-006","1/4/2020 10:31:52","0000-00","0","no battery","V"
"11/02/2020","12:21:31","1","default","640513929","OXY_CH1","67.142","min","154.920","µmol/L","Humid","23.739","deg","44628","µV","26.641","°C","1018.000","hPa","35.3","pmil","0","55.520","deg","20.000","°C","100.000","%a.s.","21.750","deg","20.000","°C","977.000","hPa","0.861","-0.02617","0.00035","0","0","13.56","Humid","24.85","0","70.00","286399.56","SABD0000000001","AAV1.0.0.11","1.1.2.0","PSt7-10","170328-006","1/4/2020 10:31:52","0000-00","0","no battery","V"
"11/02/2020","12:21:32","1","default","640513929","OXY_CH1","67.159","min","154.894","µmol/L","Humid","23.739","deg","44635","µV","26.647","°C","1018.000","hPa","35.3","pmil","0","55.520","deg","20.000","°C","100.000","%a.s.","21.750","deg","20.000","°C","977.000","hPa","0.861","-0.02617","0.00035","0","0","13.56","Humid","24.85","0","70.00","286398.50","SABD0000000001","AAV1.0.0.11","1.1.2.0","PSt7-10","170328-006","1/4/2020 10:31:52","0000-00","0","no battery","V"
"11/02/2020","12:21:33","1","default","640513929","OXY_CH1","67.175","min","154.947","µmol/L","Humid","23.738","deg","44630","µV","26.638","°C","1018.000","hPa","35.3","pmil","0","55.520","deg","20.000","°C","100.000","%a.s.","21.750","deg","20.000","°C","977.000","hPa","0.861","-0.02617","0.00035","0","0","13.56","Humid","24.85","0","70.00","286412.16","SABD0000000001","AAV1.0.0.11","1.1.2.0","PSt7-10","170328-006","1/4/2020 10:31:52","0000-00","0","no battery","V"
"11/02/2020","12:21:34","1","default","640513929","OXY_CH1","67.192","min","154.850","µmol/L","Humid","23.746","deg","44634","µV","26.637","°C","1018.000","hPa","35.3","pmil","0","55.520","deg","20.000","°C","100.000","%a.s.","21.750","deg","20.000","°C","977.000","hPa","0.861","-0.02617","0.00035","0","0","13.56","Humid","24.85","0","70.00","286396.00","SABD0000000001","AAV1.0.0.11","1.1.2.0","PSt7-10","170328-006","1/4/2020 10:31:52","0000-00","0","no battery","V"
"11/02/2020","12:21:35","1","default","640513929","OXY_CH1","67.209","min","154.881","µmol/L","Humid","23.744","deg","44627","µV","26.636","°C","1018.000","hPa","35.3","pmil","0","55.520","deg","20.000","°C","100.000","%a.s.","21.750","deg","20.000","°C","977.000","hPa","0.861","-0.02617","0.00035","0","0","13.56","Humid","24.85","0","70.00","286406.35","SABD0000000001","AAV1.0.0.11","1.1.2.0","PSt7-10","170328-006","1/4/2020 10:31:52","0000-00","0","no battery","V"
"11/02/2020","12:21:36","1","default","640513929","OXY_CH1","67.226","min","154.853","µmol/L","Humid","23.745","deg","44633","µV","26.639","°C","1018.000","hPa","35.3","pmil","0","55.520","deg","20.000","°C","100.000","%a.s.","21.750","deg","20.000","°C","977.000","hPa","0.861","-0.02617","0.00035","0","0","13.56","Humid","24.85","0","70.00","286406.69","SABD0000000001","AAV1.0.0.11","1.1.2.0","PSt7-10","170328-006","1/4/2020 10:31:52","0000-00","0","no battery","V"
"11/02/2020","12:21:37","1","default","640513929","OXY_CH1","67.242","min","154.938","µmol/L","Humid","23.740","deg","44626","µV","26.635","°C","1018.000","hPa","35.3","pmil","0","55.520","deg","20.000","°C","100.000","%a.s.","21.750","deg","20.000","°C","977.000","hPa","0.861","-0.02617","0.00035","0","0","13.56","Humid","24.85","0","70.00","286402.46","SABD0000000001","AAV1.0.0.11","1.1.2.0","PSt7-10","170328-006","1/4/2020 10:31:52","0000-00","0","no battery","V"
"11/02/2020","12:21:38","1","default","640513929","OXY_CH1","67.259","min","154.896","µmol/L","Humid","23.741","deg","44626","µV","26.641","°C","1018.000","hPa","35.3","pmil","0","55.520","deg","20.000","°C","100.000","%a.s.","21.750","deg","20.000","°C","977.000","hPa","0.861","-0.02617","0.00035","0","0","13.56","Humid","24.85","0","70.00","286401.63","SABD0000000001","AAV1.0.0.11","1.1.2.0","PSt7-10","170328-006","1/4/2020 10:31:52","0000-00","0","no battery","V"
"11/02/2020","12:21:39","1","default","640513929","OXY_CH1","67.275","min","154.865","µmol/L","Humid","23.743","deg","44620","µV","26.642","°C","1018.000","hPa","35.3","pmil","0","55.520","deg","20.000","°C","100.000","%a.s.","21.750","deg","20.000","°C","977.000","hPa","0.861","-0.02617","0.00035","0","0","13.56","Humid","24.85","0","70.00","286401.78","SABD0000000001","AAV1.0.0.11","1.1.2.0","PSt7-10","170328-006","1/4/2020 10:31:52","0000-00","0","no battery","V"
"11/02/2020","12:21:40","1","default","640513929","OXY_CH1","67.292","min","154.994","µmol/L","Humid","23.734","deg","44621","µV","26.639","°C","1018.000","hPa","35.3","pmil","0","55.520","deg","20.000","°C","100.000","%a.s.","21.750","deg","20.000","°C","977.000","hPa","0.861","-0.02617","0.00035","0","0","13.56","Humid","24.85","0","70.00","286386.47","SABD0000000001","AAV1.0.0.11","1.1.2.0","PSt7-10","170328-006","1/4/2020 10:31:52","0000-00","0","no battery","V"
"11/02/2020","12:21:41","1","default","640513929","OXY_CH1","67.309","min","154.955","µmol/L","Humid","23.744","deg","44619","µV","26.619","°C","1018.000","hPa","35.3","pmil","0","55.520","deg","20.000","°C","100.000","%a.s.","21.750","deg","20.000","°C","977.000","hPa","0.861","-0.02617","0.00035","0","0","13.56","Humid","24.85","0","70.00","286394.89","SABD0000000001","AAV1.0.0.11","1.1.2.0","PSt7-10","170328-006","1/4/2020 10:31:52","0000-00","0","no battery","V"
"11/02/2020","12:21:42","1","default","640513929","OXY_CH1","67.325","min","154.953","µmol/L","Humid","23.743","deg","44618","µV","26.623","°C","1018.000","hPa","35.3","pmil","0","55.520","deg","20.000","°C","100.000","%a.s.","21.750","deg","20.000","°C","977.000","hPa","0.861","-0.02617","0.00035","0","0","13.56","Humid","24.85","0","70.00","286399.40","SABD0000000001","AAV1.0.0.11","1.1.2.0","PSt7-10","170328-006","1/4/2020 10:31:52","0000-00","0","no battery","V"
"11/02/2020","12:21:43","1","default","640513929","OXY_CH1","67.342","min","154.911","µmol/L","Humid","23.742","deg","44615","µV","26.635","°C","1018.000","hPa","35.3","pmil","0","55.520","deg","20.000","°C","100.000","%a.s.","21.750","deg","20.000","°C","977.000","hPa","0.861","-0.02617","0.00035","0","0","13.56","Humid","24.85","0","70.00","286393.56","SABD0000000001","AAV1.0.0.11","1.1.2.0","PSt7-10","170328-006","1/4/2020 10:31:52","0000-00","0","no battery","V"
"11/02/2020","12:21:44","1","default","640513929","OXY_CH1","67.358","min","155.001","µmol/L","Humid","23.739","deg","44614","µV","26.623","°C","1018.000","hPa","35.3","pmil","0","55.520","deg","20.000","°C","100.000","%a.s.","21.750","deg","20.000","°C","977.000","hPa","0.861","-0.02617","0.00035","0","0","13.56","Humid","24.85","0","70.00","286386.82","SABD0000000001","AAV1.0.0.11","1.1.2.0","PSt7-10","170328-006","1/4/2020 10:31:52","0000-00","0","no battery","V"
"11/02/2020","12:21:45","1","default","640513929","OXY_CH1","67.375","min","154.906","µmol/L","Humid","23.747","deg","44612","µV","26.621","°C","1018.000","hPa","35.3","pmil","0","55.520","deg","20.000","°C","100.000","%a.s.","21.750","deg","20.000","°C","977.000","hPa","0.861","-0.02617","0.00035","0","0","13.56","Humid","24.85","0","70.00","286392.25","SABD0000000001","AAV1.0.0.11","1.1.2.0","PSt7-10","170328-006","1/4/2020 10:31:52","0000-00","0","no battery","V"
"11/02/2020","12:21:46","1","default","640513929","OXY_CH1","67.392","min","154.900","µmol/L","Humid","23.745","deg","44615","µV","26.629","°C","1018.000","hPa","35.3","pmil","0","55.520","deg","20.000","°C","100.000","%a.s.","21.750","deg","20.000","°C","977.000","hPa","0.861","-0.02617","0.00035","0","0","13.56","Humid","24.85","0","70.00","286402.80","SABD0000000001","AAV1.0.0.11","1.1.2.0","PSt7-10","170328-006","1/4/2020 10:31:52","0000-00","0","no battery","V"
"11/02/2020","12:21:47","1","default","640513929","OXY_CH1","67.409","min","154.899","µmol/L","Humid","23.739","deg","44610","µV","26.646","°C","1018.000","hPa","35.3","pmil","0","55.520","deg","20.000","°C","100.000","%a.s.","21.750","deg","20.000","°C","977.000","hPa","0.861","-0.02617","0.00035","0","0","13.56","Humid","24.85","0","70.00","286396.97","SABD0000000001","AAV1.0.0.11","1.1.2.0","PSt7-10","170328-006","1/4/2020 10:31:52","0000-00","0","no battery","V"
"11/02/2020","12:21:48","1","default","640513929","OXY_CH1","67.425","min","154.962","µmol/L","Humid","23.738","deg","44616","µV","26.635","°C","1018.000","hPa","35.3","pmil","0","55.520","deg","20.000","°C","100.000","%a.s.","21.750","deg","20.000","°C","977.000","hPa","0.861","-0.02617","0.00035","0","0","13.56","Humid","24.85","0","70.00","286390.06","SABD0000000001","AAV1.0.0.11","1.1.2.0","PSt7-10","170328-006","1/4/2020 10:31:52","0000-00","0","no battery","V"
"11/02/2020","12:21:49","1","default","640513929","OXY_CH1","67.442","min","154.970","µmol/L","Humid","23.738","deg","44614","µV","26.633","°C","1018.000","hPa","35.3","pmil","0","55.520","deg","20.000","°C","100.000","%a.s.","21.750","deg","20.000","°C","977.000","hPa","0.861","-0.02617","0.00035","0","0","13.56","Humid","24.85","0","70.00","286392.54","SABD0000000001","AAV1.0.0.11","1.1.2.0","PSt7-10","170328-006","1/4/2020 10:31:52","0000-00","0","no battery","V"
"11/02/2020","12:21:50","1","default","640513929","OXY_CH1","67.459","min","155.005","µmol/L","Humid","23.737","deg","44609","µV","26.628","°C","1018.000","hPa","35.3","pmil","0","55.520","deg","20.000","°C","100.000","%a.s.","21.750","deg","20.000","°C","977.000","hPa","0.861","-0.02617","0.00035","0","0","13.56","Humid","24.85","0","70.00","286399.21","SABD0000000001","AAV1.0.0.11","1.1.2.0","PSt7-10","170328-006","1/4/2020 10:31:52","0000-00","0","no battery","V"
"11/02/2020","12:21:51","1","default","640513929","OXY_CH1","67.476","min","154.903","µmol/L","Humid","23.741","deg","44616","µV","26.639","°C","1018.000","hPa","35.3","pmil","0","55.520","deg","20.000","°C","100.000","%a.s.","21.750","deg","20.000","°C","977.000","hPa","0.861","-0.02617","0.00035","0","0","13.56","Humid","24.85","0","70.00","286403.41","SABD0000000001","AAV1.0.0.11","1.1.2.0","PSt7-10","170328-006","1/4/2020 10:31:52","0000-00","0","no battery","V"
"11/02/2020","12:21:52","1","default","640513929","OXY_CH1","67.492","min","154.881","µmol/L","Humid","23.742","deg","44618","µV","26.641","°C","1018.000","hPa","35.3","pmil","0","55.520","deg","20.000","°C","100.000","%a.s.","21.750","deg","20.000","°C","977.000","hPa","0.861","-0.02617","0.00035","0","0","13.56","Humid","24.85","0","70.00","286404.76","SABD0000000001","AAV1.0.0.11","1.1.2.0","PSt7-10","170328-006","1/4/2020 10:31:52","0000-00","0","no battery","V"
"11/02/2020","12:21:53","1","default","640513929","OXY_CH1","67.509","min","154.872","µmol/L","Humid","23.743","deg","44611","µV","26.641","°C","1018.000","hPa","35.3","pmil","0","55.520","deg","20.000","°C","100.000","%a.s.","21.750","deg","20.000","°C","977.000","hPa","0.861","-0.02617","0.00035","0","0","13.56","Humid","24.85","0","70.00","286391.43","SABD0000000001","AAV1.0.0.11","1.1.2.0","PSt7-10","170328-006","1/4/2020 10:31:52","0000-00","0","no battery","V"
"11/02/2020","12:21:54","1","default","640513929","OXY_CH1","67.525","min","154.978","µmol/L","Humid","23.740","deg","44614","µV","26.626","°C","1018.000","hPa","35.3","pmil","0","55.520","deg","20.000","°C","100.000","%a.s.","21.750","deg","20.000","°C","977.000","hPa","0.861","-0.02617","0.00035","0","0","13.56","Humid","24.85","0","70.00","286401.42","SABD0000000001","AAV1.0.0.11","1.1.2.0","PSt7-10","170328-006","1/4/2020 10:31:52","0000-00","0","no battery","V"
"11/02/2020","12:21:55","1","default","640513929","OXY_CH1","67.542","min","154.987","µmol/L","Humid","23.735","deg","44607","µV","26.638","°C","1018.000","hPa","35.3","pmil","0","55.520","deg","20.000","°C","100.000","%a.s.","21.750","deg","20.000","°C","977.000","hPa","0.861","-0.02617","0.00035","0","0","13.56","Humid","24.85","0","70.00","286387.80","SABD0000000001","AAV1.0.0.11","1.1.2.0","PSt7-10","170328-006","1/4/2020 10:31:52","0000-00","0","no battery","V"
"11/02/2020","12:21:56","1","default","640513929","OXY_CH1","67.558","min","154.974","µmol/L","Humid","23.737","deg","44603","µV","26.635","°C","1018.000","hPa","35.3","pmil","0","55.520","deg","20.000","°C","100.000","%a.s.","21.750","deg","20.000","°C","977.000","hPa","0.861","-0.02617","0.00035","0","0","13.56","Humid","24.85","0","70.00","286394.69","SABD0000000001","AAV1.0.0.11","1.1.2.0","PSt7-10","170328-006","1/4/2020 10:31:52","0000-00","0","no battery","V"
"11/02/2020","12:21:57","1","default","640513929","OXY_CH1","67.575","min","154.956","µmol/L","Humid","23.740","deg","44614","µV","26.630","°C","1018.000","hPa","35.3","pmil","0","55.520","deg","20.000","°C","100.000","%a.s.","21.750","deg","20.000","°C","977.000","hPa","0.861","-0.02617","0.00035","0","0","13.56","Humid","24.85","0","70.00","286395.43","SABD0000000001","AAV1.0.0.11","1.1.2.0","PSt7-10","170328-006","1/4/2020 10:31:52","0000-00","0","no battery","V"
"11/02/2020","12:21:58","1","default","640513929","OXY_CH1","67.592","min","154.924","µmol/L","Humid","23.739","deg","44618","µV","26.640","°C","1018.000","hPa","35.3","pmil","0","55.520","deg","20.000","°C","100.000","%a.s.","21.750","deg","20.000","°C","977.000","hPa","0.861","-0.02617","0.00035","0","0","13.56","Humid","24.85","0","70.00","286394.97","SABD0000000001","AAV1.0.0.11","1.1.2.0","PSt7-10","170328-006","1/4/2020 10:31:52","0000-00","0","no battery","V"
"11/02/2020","12:21:59","1","default","640513929","OXY_CH1","67.609","min","154.968","µmol/L","Humid","23.738","deg","44611","µV","26.634","°C","1018.000","hPa","35.3","pmil","0","55.520","deg","20.000","°C","100.000","%a.s.","21.750","deg","20.000","°C","977.000","hPa","0.861","-0.02617","0.00035","0","0","13.56","Humid","24.85","0","70.00","286402.94","SABD0000000001","AAV1.0.0.11","1.1.2.0","PSt7-10","170328-006","1/4/2020 10:31:52","0000-00","0","no battery","V"
"11/02/2020","12:22:00","1","default","640513929","OXY_CH1","67.625","min","154.906","µmol/L","Humid","23.746","deg","44617","µV","26.624","°C","1018.000","hPa","35.3","pmil","0","55.520","deg","20.000","°C","100.000","%a.s.","21.750","deg","20.000","°C","977.000","hPa","0.861","-0.02617","0.00035","0","0","13.56","Humid","24.85","0","70.00","286395.16","SABD0000000001","AAV1.0.0.11","1.1.2.0","PSt7-10","170328-006","1/4/2020 10:31:52","0000-00","0","no battery","V"
"11/02/2020","12:22:01","1","default","640513929","OXY_CH1","67.642","min","154.954","µmol/L","Humid","23.738","deg","44612","µV","26.637","°C","1018.000","hPa","35.3","pmil","0","55.520","deg","20.000","°C","100.000","%a.s.","21.750","deg","20.000","°C","977.000","hPa","0.861","-0.02617","0.00035","0","0","13.56","Humid","24.85","0","70.00","286395.76","SABD0000000001","AAV1.0.0.11","1.1.2.0","PSt7-10","170328-006","1/4/2020 10:31:52","0000-00","0","no battery","V"
"11/02/2020","12:22:02","1","default","640513929","OXY_CH1","67.659","min","155.146","µmol/L","Humid","23.725","deg","44615","µV","26.631","°C","1018.000","hPa","35.3","pmil","0","55.520","deg","20.000","°C","100.000","%a.s.","21.750","deg","20.000","°C","977.000","hPa","0.861","-0.02617","0.00035","0","0","13.56","Humid","24.85","0","70.00","286396.14","SABD0000000001","AAV1.0.0.11","1.1.2.0","PSt7-10","170328-006","1/4/2020 10:31:52","0000-00","0","no battery","V"
"11/02/2020","12:22:03","1","default","640513929","OXY_CH1","67.676","min","155.020","µmol/L","Humid","23.737","deg","44612","µV","26.625","°C","1018.000","hPa","35.3","pmil","0","55.520","deg","20.000","°C","100.000","%a.s.","21.750","deg","20.000","°C","977.000","hPa","0.861","-0.02617","0.00035","0","0","13.56","Humid","24.85","0","70.00","286392.05","SABD0000000001","AAV1.0.0.11","1.1.2.0","PSt7-10","170328-006","1/4/2020 10:31:52","0000-00","0","no battery","V"
"11/02/2020","12:22:04","1","default","640513929","OXY_CH1","67.692","min","155.006","µmol/L","Humid","23.738","deg","44622","µV","26.625","°C","1018.000","hPa","35.3","pmil","0","55.520","deg","20.000","°C","100.000","%a.s.","21.750","deg","20.000","°C","977.000","hPa","0.861","-0.02617","0.00035","0","0","13.56","Humid","24.85","0","70.00","286385.53","SABD0000000001","AAV1.0.0.11","1.1.2.0","PSt7-10","170328-006","1/4/2020 10:31:52","0000-00","0","no battery","V"
"11/02/2020","12:22:05","1","default","640513929","OXY_CH1","67.708","min","155.008","µmol/L","Humid","23.742","deg","44616","µV","26.613","°C","1018.000","hPa","35.3","pmil","0","55.520","deg","20.000","°C","100.000","%a.s.","21.750","deg","20.000","°C","977.000","hPa","0.861","-0.02617","0.00035","0","0","13.56","Humid","24.85","0","70.00","286383.39","SABD0000000001","AAV1.0.0.11","1.1.2.0","PSt7-10","170328-006","1/4/2020 10:31:52","0000-00","0","no battery","V"
"11/02/2020","12:22:06","1","default","640513929","OXY_CH1","67.725","min","155.012","µmol/L","Humid","23.736","deg","44617","µV","26.629","°C","1018.000","hPa","35.3","pmil","0","55.520","deg","20.000","°C","100.000","%a.s.","21.750","deg","20.000","°C","977.000","hPa","0.861","-0.02617","0.00035","0","0","13.56","Humid","24.85","0","70.00","286401.55","SABD0000000001","AAV1.0.0.11","1.1.2.0","PSt7-10","170328-006","1/4/2020 10:31:52","0000-00","0","no battery","V"
"11/02/2020","12:22:07","1","default","640513929","OXY_CH1","67.742","min","155.119","µmol/L","Humid","23.728","deg","44619","µV","26.629","°C","1018.000","hPa","35.3","pmil","0","55.520","deg","20.000","°C","100.000","%a.s.","21.750","deg","20.000","°C","977.000","hPa","0.861","-0.02617","0.00035","0","0","13.56","Humid","24.85","0","70.00","286391.92","SABD0000000001","AAV1.0.0.11","1.1.2.0","PSt7-10","170328-006","1/4/2020 10:31:52","0000-00","0","no battery","V"
"11/02/2020","12:22:08","1","default","640513929","OXY_CH1","67.758","min","155.004","µmol/L","Humid","23.736","deg","44615","µV","26.631","°C","1018.000","hPa","35.3","pmil","0","55.520","deg","20.000","°C","100.000","%a.s.","21.750","deg","20.000","°C","977.000","hPa","0.861","-0.02617","0.00035","0","0","13.56","Humid","24.85","0","70.00","286403.16","SABD0000000001","AAV1.0.0.11","1.1.2.0","PSt7-10","170328-006","1/4/2020 10:31:52","0000-00","0","no battery","V"
"11/02/2020","12:22:09","1","default","640513929","OXY_CH1","67.775","min","155.036","µmol/L","Humid","23.730","deg","44616","µV","26.641","°C","1018.000","hPa","35.3","pmil","0","55.520","deg","20.000","°C","100.000","%a.s.","21.750","deg","20.000","°C","977.000","hPa","0.861","-0.02617","0.00035","0","0","13.56","Humid","24.85","0","70.00","286399.75","SABD0000000001","AAV1.0.0.11","1.1.2.0","PSt7-10","170328-006","1/4/2020 10:31:52","0000-00","0","no battery","V"
"11/02/2020","12:22:10","1","default","640513929","OXY_CH1","67.792","min","155.080","µmol/L","Humid","23.734","deg","44619","µV","26.620","°C","1018.000","hPa","35.3","pmil","0","55.520","deg","20.000","°C","100.000","%a.s.","21.750","deg","20.000","°C","977.000","hPa","0.861","-0.02617","0.00035","0","0","13.56","Humid","24.85","0","70.00","286397.73","SABD0000000001","AAV1.0.0.11","1.1.2.0","PSt7-10","170328-006","1/4/2020 10:31:52","0000-00","0","no battery","V"
"11/02/2020","12:22:11","1","default","640513929","OXY_CH1","67.809","min","154.987","µmol/L","Humid","23.735","deg","44618","µV","26.638","°C","1018.000","hPa","35.3","pmil","0","55.520","deg","20.000","°C","100.000","%a.s.","21.750","deg","20.000","°C","977.000","hPa","0.861","-0.02617","0.00035","0","0","13.56","Humid","24.85","0","70.00","286397.35","SABD0000000001","AAV1.0.0.11","1.1.2.0","PSt7-10","170328-006","1/4/2020 10:31:52","0000-00","0","no battery","V"
"11/02/2020","12:22:12","1","default","640513929","OXY_CH1","67.826","min","154.944","µmol/L","Humid","23.741","deg","44616","µV","26.630","°C","1018.000","hPa","35.3","pmil","0","55.520","deg","20.000","°C","100.000","%a.s.","21.750","deg","20.000","°C","977.000","hPa","0.861","-0.02617","0.00035","0","0","13.56","Humid","24.85","0","70.00","286398.03","SABD0000000001","AAV1.0.0.11","1.1.2.0","PSt7-10","170328-006","1/4/2020 10:31:52","0000-00","0","no battery","V"
"11/02/2020","12:22:13","1","default","640513929","OXY_CH1","67.842","min","155.031","µmol/L","Humid","23.734","deg","44617","µV","26.631","°C","1018.000","hPa","35.3","pmil","0","55.520","deg","20.000","°C","100.000","%a.s.","21.750","deg","20.000","°C","977.000","hPa","0.861","-0.02617","0.00035","0","0","13.56","Humid","24.85","0","70.00","286393.97","SABD0000000001","AAV1.0.0.11","1.1.2.0","PSt7-10","170328-006","1/4/2020 10:31:52","0000-00","0","no battery","V"
"11/02/2020","12:22:14","1","default","640513929","OXY_CH1","67.859","min","155.132","µmol/L","Humid","23.728","deg","44620","µV","26.626","°C","1018.000","hPa","35.3","pmil","0","55.520","deg","20.000","°C","100.000","%a.s.","21.750","deg","20.000","°C","977.000","hPa","0.861","-0.02617","0.00035","0","0","13.56","Humid","24.85","0","70.00","286397.02","SABD0000000001","AAV1.0.0.11","1.1.2.0","PSt7-10","170328-006","1/4/2020 10:31:52","0000-00","0","no battery","V"
"11/02/2020","12:22:15","1","default","640513929","OXY_CH1","67.875","min","155.045","µmol/L","Humid","23.733","deg","44616","µV","26.631","°C","1018.000","hPa","35.3","pmil","0","55.520","deg","20.000","°C","100.000","%a.s.","21.750","deg","20.000","°C","977.000","hPa","0.861","-0.02617","0.00035","0","0","13.56","Humid","24.85","0","70.00","286380.78","SABD0000000001","AAV1.0.0.11","1.1.2.0","PSt7-10","170328-006","1/4/2020 10:31:52","0000-00","0","no battery","V"
"11/02/2020","12:22:16","1","default","640513929","OXY_CH1","67.892","min","155.021","µmol/L","Humid","23.735","deg","44612","µV","26.630","°C","1018.000","hPa","35.3","pmil","0","55.520","deg","20.000","°C","100.000","%a.s.","21.750","deg","20.000","°C","977.000","hPa","0.861","-0.02617","0.00035","0","0","13.56","Humid","24.85","0","70.00","286389.38","SABD0000000001","AAV1.0.0.11","1.1.2.0","PSt7-10","170328-006","1/4/2020 10:31:52","0000-00","0","no battery","V"
"11/02/2020","12:22:17","1","default","640513929","OXY_CH1","67.908","min","155.036","µmol/L","Humid","23.734","deg","44616","µV","26.630","°C","1018.000","hPa","35.3","pmil","0","55.520","deg","20.000","°C","100.000","%a.s.","21.750","deg","20.000","°C","977.000","hPa","0.861","-0.02617","0.00035","0","0","13.56","Humid","24.85","0","70.00","286390.73","SABD0000000001","AAV1.0.0.11","1.1.2.0","PSt7-10","170328-006","1/4/2020 10:31:52","0000-00","0","no battery","V"
"11/02/2020","12:22:18","1","default","640513929","OXY_CH1","67.925","min","155.076","µmol/L","Humid","23.731","deg","44607","µV","26.630","°C","1018.000","hPa","35.3","pmil","0","55.520","deg","20.000","°C","100.000","%a.s.","21.750","deg","20.000","°C","977.000","hPa","0.861","-0.02617","0.00035","0","0","13.56","Humid","24.85","0","70.00","286392.02","SABD0000000001","AAV1.0.0.11","1.1.2.0","PSt7-10","170328-006","1/4/2020 10:31:52","0000-00","0","no battery","V"
"11/02/2020","12:22:19","1","default","640513929","OXY_CH1","67.942","min","155.127","µmol/L","Humid","23.729","deg","44604","µV","26.624","°C","1018.000","hPa","35.3","pmil","0","55.520","deg","20.000","°C","100.000","%a.s.","21.750","deg","20.000","°C","977.000","hPa","0.861","-0.02617","0.00035","0","0","13.56","Humid","24.85","0","70.00","286382.68","SABD0000000001","AAV1.0.0.11","1.1.2.0","PSt7-10","170328-006","1/4/2020 10:31:52","0000-00","0","no battery","V"
"11/02/2020","12:22:20","1","default","640513929","OXY_CH1","67.959","min","155.098","µmol/L","Humid","23.733","deg","44603","µV","26.619","°C","1018.000","hPa","35.3","pmil","0","55.520","deg","20.000","°C","100.000","%a.s.","21.750","deg","20.000","°C","977.000","hPa","0.861","-0.02617","0.00035","0","0","13.56","Humid","24.85","0","70.00","286390.42","SABD0000000001","AAV1.0.0.11","1.1.2.0","PSt7-10","170328-006","1/4/2020 10:31:52","0000-00","0","no battery","V"
"11/02/2020","12:22:21","1","default","640513929","OXY_CH1","67.975","min","155.027","µmol/L","Humid","23.734","deg","44602","µV","26.632","°C","1018.000","hPa","35.3","pmil","0","55.520","deg","20.000","°C","100.000","%a.s.","21.750","deg","20.000","°C","977.000","hPa","0.861","-0.02617","0.00035","0","0","13.56","Humid","24.85","0","70.00","286383.63","SABD0000000001","AAV1.0.0.11","1.1.2.0","PSt7-10","170328-006","1/4/2020 10:31:52","0000-00","0","no battery","V"
"11/02/2020","12:22:22","1","default","640513929","OXY_CH1","67.992","min","155.113","µmol/L","Humid","23.730","deg","44604","µV","26.624","°C","1018.000","hPa","35.3","pmil","0","55.520","deg","20.000","°C","100.000","%a.s.","21.750","deg","20.000","°C","977.000","hPa","0.861","-0.02617","0.00035","0","0","13.56","Humid","24.85","0","70.00","286390.92","SABD0000000001","AAV1.0.0.11","1.1.2.0","PSt7-10","170328-006","1/4/2020 10:31:52","0000-00","0","no battery","V"
"11/02/2020","12:22:23","1","default","640513929","OXY_CH1","68.009","min","155.115","µmol/L","Humid","23.730","deg","44602","µV","26.624","°C","1018.000","hPa","35.3","pmil","0","55.520","deg","20.000","°C","100.000","%a.s.","21.750","deg","20.000","°C","977.000","hPa","0.861","-0.02617","0.00035","0","0","13.56","Humid","24.85","0","70.00","286392.00","SABD0000000001","AAV1.0.0.11","1.1.2.0","PSt7-10","170328-006","1/4/2020 10:31:52","0000-00","0","no battery","V"
"11/02/2020","12:22:24","1","default","640513929","OXY_CH1","68.026","min","154.935","µmol/L","Humid","23.739","deg","44607","µV","26.638","°C","1018.000","hPa","35.3","pmil","0","55.520","deg","20.000","°C","100.000","%a.s.","21.750","deg","20.000","°C","977.000","hPa","0.861","-0.02617","0.00035","0","0","13.56","Humid","24.85","0","70.00","286381.16","SABD0000000001","AAV1.0.0.11","1.1.2.0","PSt7-10","170328-006","1/4/2020 10:31:52","0000-00","0","no battery","V"
"11/02/2020","12:22:25","1","default","640513929","OXY_CH1","68.042","min","154.936","µmol/L","Humid","23.738","deg","44595","µV","26.640","°C","1018.000","hPa","35.3","pmil","0","55.520","deg","20.000","°C","100.000","%a.s.","21.750","deg","20.000","°C","977.000","hPa","0.861","-0.02617","0.00035","0","0","13.56","Humid","24.85","0","70.00","286389.72","SABD0000000001","AAV1.0.0.11","1.1.2.0","PSt7-10","170328-006","1/4/2020 10:31:52","0000-00","0","no battery","V"
"11/02/2020","12:22:26","1","default","640513929","OXY_CH1","68.059","min","155.036","µmol/L","Humid","23.732","deg","44601","µV","26.636","°C","1018.000","hPa","35.3","pmil","0","55.520","deg","20.000","°C","100.000","%a.s.","21.750","deg","20.000","°C","977.000","hPa","0.861","-0.02617","0.00035","0","0","13.56","Humid","24.85","0","70.00","286391.20","SABD0000000001","AAV1.0.0.11","1.1.2.0","PSt7-10","170328-006","1/4/2020 10:31:52","0000-00","0","no battery","V"
"11/02/2020","12:22:27","1","default","640513929","OXY_CH1","68.076","min","155.104","µmol/L","Humid","23.733","deg","44601","µV","26.618","°C","1018.000","hPa","35.3","pmil","0","55.520","deg","20.000","°C","100.000","%a.s.","21.750","deg","20.000","°C","977.000","hPa","0.861","-0.02617","0.00035","0","0","13.56","Humid","24.85","0","70.00","286393.17","SABD0000000001","AAV1.0.0.11","1.1.2.0","PSt7-10","170328-006","1/4/2020 10:31:52","0000-00","0","no battery","V"
"11/02/2020","12:22:28","1","default","640513929","OXY_CH1","68.092","min","155.099","µmol/L","Humid","23.730","deg","44601","µV","26.627","°C","1018.000","hPa","35.3","pmil","0","55.520","deg","20.000","°C","100.000","%a.s.","21.750","deg","20.000","°C","977.000","hPa","0.861","-0.02617","0.00035","0","0","13.56","Humid","24.85","0","70.00","286376.38","SABD0000000001","AAV1.0.0.11","1.1.2.0","PSt7-10","170328-006","1/4/2020 10:31:52","0000-00","0","no battery","V"
"11/02/2020","12:22:29","1","default","640513929","OXY_CH1","68.108","min","155.030","µmol/L","Humid","23.733","deg","44604","µV","26.634","°C","1018.000","hPa","35.3","pmil","0","55.520","deg","20.000","°C","100.000","%a.s.","21.750","deg","20.000","°C","977.000","hPa","0.861","-0.02617","0.00035","0","0","13.56","Humid","24.85","0","70.00","286367.32","SABD0000000001","AAV1.0.0.11","1.1.2.0","PSt7-10","170328-006","1/4/2020 10:31:52","0000-00","0","no battery","V"
"11/02/2020","12:22:30","1","default","640513929","OXY_CH1","68.125","min","155.044","µmol/L","Humid","23.730","deg","44613","µV","26.640","°C","1018.000","hPa","35.3","pmil","0","55.520","deg","20.000","°C","100.000","%a.s.","21.750","deg","20.000","°C","977.000","hPa","0.861","-0.02617","0.00035","0","0","13.56","Humid","24.85","0","70.00","286388.08","SABD0000000001","AAV1.0.0.11","1.1.2.0","PSt7-10","170328-006","1/4/2020 10:31:52","0000-00","0","no battery","V"
"11/02/2020","12:22:31","1","default","640513929","OXY_CH1","68.142","min","155.093","µmol/L","Humid","23.731","deg","44616","µV","26.626","°C","1018.000","hPa","35.3","pmil","0","55.520","deg","20.000","°C","100.000","%a.s.","21.750","deg","20.000","°C","977.000","hPa","0.861","-0.02617","0.00035","0","0","13.56","Humid","24.85","0","70.00","286381.23","SABD0000000001","AAV1.0.0.11","1.1.2.0","PSt7-10","170328-006","1/4/2020 10:31:52","0000-00","0","no battery","V"
"11/02/2020","12:22:32","1","default","640513929","OXY_CH1","68.159","min","155.140","µmol/L","Humid","23.736","deg","44613","µV","26.601","°C","1018.000","hPa","35.3","pmil","0","55.520","deg","20.000","°C","100.000","%a.s.","21.750","deg","20.000","°C","977.000","hPa","0.861","-0.02617","0.00035","0","0","13.56","Humid","24.85","0","70.00","286384.16","SABD0000000001","AAV1.0.0.11","1.1.2.0","PSt7-10","170328-006","1/4/2020 10:31:52","0000-00","0","no battery","V"
"11/02/2020","12:22:33","1","default","640513929","OXY_CH1","68.175","min","155.073","µmol/L","Humid","23.731","deg","44621","µV","26.630","°C","1018.000","hPa","35.3","pmil","0","55.520","deg","20.000","°C","100.000","%a.s.","21.750","deg","20.000","°C","977.000","hPa","0.861","-0.02617","0.00035","0","0","13.56","Humid","24.85","0","70.00","286381.25","SABD0000000001","AAV1.0.0.11","1.1.2.0","PSt7-10","170328-006","1/4/2020 10:31:52","0000-00","0","no battery","V"
"11/02/2020","12:22:34","1","default","640513929","OXY_CH1","68.192","min","155.060","µmol/L","Humid","23.731","deg","44615","µV","26.633","°C","1018.000","hPa","35.3","pmil","0","55.520","deg","20.000","°C","100.000","%a.s.","21.750","deg","20.000","°C","977.000","hPa","0.861","-0.02617","0.00035","0","0","13.56","Humid","24.85","0","70.00","286390.07","SABD0000000001","AAV1.0.0.11","1.1.2.0","PSt7-10","170328-006","1/4/2020 10:31:52","0000-00","0","no battery","V"
"11/02/2020","12:22:35","1","default","640513929","OXY_CH1","68.209","min","155.051","µmol/L","Humid","23.735","deg","44612","µV","26.624","°C","1018.000","hPa","35.3","pmil","0","55.520","deg","20.000","°C","100.000","%a.s.","21.750","deg","20.000","°C","977.000","hPa","0.861","-0.02617","0.00035","0","0","13.56","Humid","24.85","0","70.00","286380.35","SABD0000000001","AAV1.0.0.11","1.1.2.0","PSt7-10","170328-006","1/4/2020 10:31:52","0000-00","0","no battery","V"
"11/02/2020","12:22:36","1","default","640513929","OXY_CH1","68.226","min","155.148","µmol/L","Humid","23.726","deg","44616","µV","26.628","°C","1018.000","hPa","35.3","pmil","0","55.520","deg","20.000","°C","100.000","%a.s.","21.750","deg","20.000","°C","977.000","hPa","0.861","-0.02617","0.00035","0","0","13.56","Humid","24.85","0","70.00","286381.23","SABD0000000001","AAV1.0.0.11","1.1.2.0","PSt7-10","170328-006","1/4/2020 10:31:52","0000-00","0","no battery","V"
"11/02/2020","12:22:37","1","default","640513929","OXY_CH1","68.243","min","155.107","µmol/L","Humid","23.727","deg","44617","µV","26.634","°C","1018.000","hPa","35.3","pmil","0","55.520","deg","20.000","°C","100.000","%a.s.","21.750","deg","20.000","°C","977.000","hPa","0.861","-0.02617","0.00035","0","0","13.56","Humid","24.85","0","70.00","286379.08","SABD0000000001","AAV1.0.0.11","1.1.2.0","PSt7-10","170328-006","1/4/2020 10:31:52","0000-00","0","no battery","V"
"11/02/2020","12:22:38","1","default","640513929","OXY_CH1","68.258","min","155.171","µmol/L","Humid","23.725","deg","44617","µV","26.626","°C","1018.000","hPa","35.3","pmil","0","55.520","deg","20.000","°C","100.000","%a.s.","21.750","deg","20.000","°C","977.000","hPa","0.861","-0.02617","0.00035","0","0","13.56","Humid","24.85","0","70.00","286373.94","SABD0000000001","AAV1.0.0.11","1.1.2.0","PSt7-10","170328-006","1/4/2020 10:31:52","0000-00","0","no battery","V"
"11/02/2020","12:22:39","1","default","640513929","OXY_CH1","68.275","min","155.180","µmol/L","Humid","23.727","deg","44614","µV","26.618","°C","1018.000","hPa","35.3","pmil","0","55.520","deg","20.000","°C","100.000","%a.s.","21.750","deg","20.000","°C","977.000","hPa","0.861","-0.02617","0.00035","0","0","13.56","Humid","24.85","0","70.00","286384.01","SABD0000000001","AAV1.0.0.11","1.1.2.0","PSt7-10","170328-006","1/4/2020 10:31:52","0000-00","0","no battery","V"
"11/02/2020","12:22:40","1","default","640513929","OXY_CH1","68.292","min","155.056","µmol/L","Humid","23.732","deg","44617","µV","26.631","°C","1018.000","hPa","35.3","pmil","0","55.520","deg","20.000","°C","100.000","%a.s.","21.750","deg","20.000","°C","977.000","hPa","0.861","-0.02617","0.00035","0","0","13.56","Humid","24.85","0","70.00","286378.35","SABD0000000001","AAV1.0.0.11","1.1.2.0","PSt7-10","170328-006","1/4/2020 10:31:52","0000-00","0","no battery","V"
"11/02/2020","12:22:41","1","default","640513929","OXY_CH1","68.308","min","155.221","µmol/L","Humid","23.724","deg","44612","µV","26.618","°C","1018.000","hPa","35.3","pmil","0","55.520","deg","20.000","°C","100.000","%a.s.","21.750","deg","20.000","°C","977.000","hPa","0.861","-0.02617","0.00035","0","0","13.56","Humid","24.85","0","70.00","286371.79","SABD0000000001","AAV1.0.0.11","1.1.2.0","PSt7-10","170328-006","1/4/2020 10:31:52","0000-00","0","no battery","V"
"11/02/2020","12:22:42","1","default","640513929","OXY_CH1","68.325","min","155.177","µmol/L","Humid","23.728","deg","44614","µV","26.616","°C","1018.000","hPa","35.3","pmil","0","55.520","deg","20.000","°C","100.000","%a.s.","21.750","deg","20.000","°C","977.000","hPa","0.861","-0.02617","0.00035","0","0","13.56","Humid","24.85","0","70.00","286384.08","SABD0000000001","AAV1.0.0.11","1.1.2.0","PSt7-10","170328-006","1/4/2020 10:31:52","0000-00","0","no battery","V"
"11/02/2020","12:22:43","1","default","640513929","OXY_CH1","68.342","min","155.116","µmol/L","Humid","23.733","deg","44617","µV","26.615","°C","1018.000","hPa","35.3","pmil","0","55.520","deg","20.000","°C","100.000","%a.s.","21.750","deg","20.000","°C","977.000","hPa","0.861","-0.02617","0.00035","0","0","13.56","Humid","24.85","0","70.00","286380.07","SABD0000000001","AAV1.0.0.11","1.1.2.0","PSt7-10","170328-006","1/4/2020 10:31:52","0000-00","0","no battery","V"
"11/02/2020","12:22:44","1","default","640513929","OXY_CH1","68.359","min","155.142","µmol/L","Humid","23.727","deg","44609","µV","26.627","°C","1018.000","hPa","35.3","pmil","0","55.520","deg","20.000","°C","100.000","%a.s.","21.750","deg","20.000","°C","977.000","hPa","0.861","-0.02617","0.00035","0","0","13.56","Humid","24.85","0","70.00","286385.87","SABD0000000001","AAV1.0.0.11","1.1.2.0","PSt7-10","170328-006","1/4/2020 10:31:52","0000-00","0","no battery","V"
"11/02/2020","12:22:45","1","default","640513929","OXY_CH1","68.375","min","155.016","µmol/L","Humid","23.731","deg","44608","µV","26.643","°C","1018.000","hPa","35.3","pmil","0","55.520","deg","20.000","°C","100.000","%a.s.","21.750","deg","20.000","°C","977.000","hPa","0.861","-0.02617","0.00035","0","0","13.56","Humid","24.85","0","70.00","286382.24","SABD0000000001","AAV1.0.0.11","1.1.2.0","PSt7-10","170328-006","1/4/2020 10:31:52","0000-00","0","no battery","V"
"11/02/2020","12:22:46","1","default","640513929","OXY_CH1","68.392","min","155.134","µmol/L","Humid","23.727","deg","44611","µV","26.628","°C","1018.000","hPa","35.3","pmil","0","55.520","deg","20.000","°C","100.000","%a.s.","21.750","deg","20.000","°C","977.000","hPa","0.861","-0.02617","0.00035","0","0","13.56","Humid","24.85","0","70.00","286379.26","SABD0000000001","AAV1.0.0.11","1.1.2.0","PSt7-10","170328-006","1/4/2020 10:31:52","0000-00","0","no battery","V"
"11/02/2020","12:22:47","1","default","640513929","OXY_CH1","68.409","min","155.190","µmol/L","Humid","23.721","deg","44609","µV","26.633","°C","1018.000","hPa","35.3","pmil","0","55.520","deg","20.000","°C","100.000","%a.s.","21.750","deg","20.000","°C","977.000","hPa","0.861","-0.02617","0.00035","0","0","13.56","Humid","24.85","0","70.00","286391.19","SABD0000000001","AAV1.0.0.11","1.1.2.0","PSt7-10","170328-006","1/4/2020 10:31:52","0000-00","0","no battery","V"
"11/02/2020","12:22:48","1","default","640513929","OXY_CH1","68.426","min","155.104","µmol/L","Humid","23.729","deg","44605","µV","26.629","°C","1018.000","hPa","35.3","pmil","0","55.520","deg","20.000","°C","100.000","%a.s.","21.750","deg","20.000","°C","977.000","hPa","0.861","-0.02617","0.00035","0","0","13.56","Humid","24.85","0","70.00","286389.28","SABD0000000001","AAV1.0.0.11","1.1.2.0","PSt7-10","170328-006","1/4/2020 10:31:52","0000-00","0","no battery","V"
"11/02/2020","12:22:49","1","default","640513929","OXY_CH1","68.442","min","155.109","µmol/L","Humid","23.731","deg","44606","µV","26.622","°C","1018.000","hPa","35.3","pmil","0","55.520","deg","20.000","°C","100.000","%a.s.","21.750","deg","20.000","°C","977.000","hPa","0.861","-0.02617","0.00035","0","0","13.56","Humid","24.85","0","70.00","286385.06","SABD0000000001","AAV1.0.0.11","1.1.2.0","PSt7-10","170328-006","1/4/2020 10:31:52","0000-00","0","no battery","V"
"11/02/2020","12:22:50","1","default","640513929","OXY_CH1","68.459","min","155.108","µmol/L","Humid","23.728","deg","44600","µV","26.631","°C","1018.000","hPa","35.3","pmil","0","55.520","deg","20.000","°C","100.000","%a.s.","21.750","deg","20.000","°C","977.000","hPa","0.861","-0.02617","0.00035","0","0","13.56","Humid","24.85","0","70.00","286377.79","SABD0000000001","AAV1.0.0.11","1.1.2.0","PSt7-10","170328-006","1/4/2020 10:31:52","0000-00","0","no battery","V"
"11/02/2020","12:22:51","1","default","640513929","OXY_CH1","68.475","min","155.193","µmol/L","Humid","23.725","deg","44598","µV","26.621","°C","1018.000","hPa","35.3","pmil","0","55.520","deg","20.000","°C","100.000","%a.s.","21.750","deg","20.000","°C","977.000","hPa","0.861","-0.02617","0.00035","0","0","13.56","Humid","24.85","0","70.00","286375.65","SABD0000000001","AAV1.0.0.11","1.1.2.0","PSt7-10","170328-006","1/4/2020 10:31:52","0000-00","0","no battery","V"
"11/02/2020","12:22:52","1","default","640513929","OXY_CH1","68.492","min","155.227","µmol/L","Humid","23.727","deg","44603","µV","26.608","°C","1018.000","hPa","35.3","pmil","0","55.520","deg","20.000","°C","100.000","%a.s.","21.750","deg","20.000","°C","977.000","hPa","0.861","-0.02617","0.00035","0","0","13.56","Humid","24.85","0","70.00","286379.25","SABD0000000001","AAV1.0.0.11","1.1.2.0","PSt7-10","170328-006","1/4/2020 10:31:52","0000-00","0","no battery","V"
"11/02/2020","12:22:53","1","default","640513929","OXY_CH1","68.509","min","155.174","µmol/L","Humid","23.729","deg","44605","µV","26.614","°C","1018.000","hPa","35.3","pmil","0","55.520","deg","20.000","°C","100.000","%a.s.","21.750","deg","20.000","°C","977.000","hPa","0.861","-0.02617","0.00035","0","0","13.56","Humid","24.85","0","70.00","286384.23","SABD0000000001","AAV1.0.0.11","1.1.2.0","PSt7-10","170328-006","1/4/2020 10:31:52","0000-00","0","no battery","V"
"11/02/2020","12:22:54","1","default","640513929","OXY_CH1","68.525","min","155.150","µmol/L","Humid","23.728","deg","44605","µV","26.622","°C","1018.000","hPa","35.3","pmil","0","55.520","deg","20.000","°C","100.000","%a.s.","21.750","deg","20.000","°C","977.000","hPa","0.861","-0.02617","0.00035","0","0","13.56","Humid","24.85","0","70.00","286377.27","SABD0000000001","AAV1.0.0.11","1.1.2.0","PSt7-10","170328-006","1/4/2020 10:31:52","0000-00","0","no battery","V"
"11/02/2020","12:22:55","1","default","640513929","OXY_CH1","68.542","min","155.122","µmol/L","Humid","23.727","deg","44597","µV","26.631","°C","1018.000","hPa","35.3","pmil","0","55.520","deg","20.000","°C","100.000","%a.s.","21.750","deg","20.000","°C","977.000","hPa","0.861","-0.02617","0.00035","0","0","13.56","Humid","24.85","0","70.00","286394.73","SABD0000000001","AAV1.0.0.11","1.1.2.0","PSt7-10","170328-006","1/4/2020 10:31:52","0000-00","0","no battery","V"
"11/02/2020","12:22:56","1","default","640513929","OXY_CH1","68.559","min","155.266","µmol/L","Humid","23.717","deg","44598","µV","26.628","°C","1018.000","hPa","35.3","pmil","0","55.520","deg","20.000","°C","100.000","%a.s.","21.750","deg","20.000","°C","977.000","hPa","0.861","-0.02617","0.00035","0","0","13.56","Humid","24.85","0","70.00","286380.75","SABD0000000001","AAV1.0.0.11","1.1.2.0","PSt7-10","170328-006","1/4/2020 10:31:52","0000-00","0","no battery","V"
"11/02/2020","12:22:57","1","default","640513929","OXY_CH1","68.576","min","155.099","µmol/L","Humid","23.731","deg","44594","µV","26.625","°C","1018.000","hPa","35.3","pmil","0","55.520","deg","20.000","°C","100.000","%a.s.","21.750","deg","20.000","°C","977.000","hPa","0.861","-0.02617","0.00035","0","0","13.56","Humid","24.85","0","70.00","286376.64","SABD0000000001","AAV1.0.0.11","1.1.2.0","PSt7-10","170328-006","1/4/2020 10:31:52","0000-00","0","no battery","V"
"11/02/2020","12:22:58","1","default","640513929","OXY_CH1","68.592","min","155.210","µmol/L","Humid","23.724","deg","44596","µV","26.620","°C","1018.000","hPa","35.3","pmil","0","55.520","deg","20.000","°C","100.000","%a.s.","21.750","deg","20.000","°C","977.000","hPa","0.861","-0.02617","0.00035","0","0","13.56","Humid","24.85","0","70.00","286373.99","SABD0000000001","AAV1.0.0.11","1.1.2.0","PSt7-10","170328-006","1/4/2020 10:31:52","0000-00","0","no battery","V"
"11/02/2020","12:22:59","1","default","640513929","OXY_CH1","68.609","min","155.336","µmol/L","Humid","23.718","deg","44600","µV","26.609","°C","1018.000","hPa","35.3","pmil","0","55.520","deg","20.000","°C","100.000","%a.s.","21.750","deg","20.000","°C","977.000","hPa","0.861","-0.02617","0.00035","0","0","13.56","Humid","24.85","0","70.00","286384.24","SABD0000000001","AAV1.0.0.11","1.1.2.0","PSt7-10","170328-006","1/4/2020 10:31:52","0000-00","0","no battery","V"
"11/02/2020","12:23:00","1","default","640513929","OXY_CH1","68.625","min","155.236","µmol/L","Humid","23.723","deg","44601","µV","26.617","°C","1018.000","hPa","35.3","pmil","0","55.520","deg","20.000","°C","100.000","%a.s.","21.750","deg","20.000","°C","977.000","hPa","0.861","-0.02617","0.00035","0","0","13.56","Humid","24.85","0","70.00","286371.07","SABD0000000001","AAV1.0.0.11","1.1.2.0","PSt7-10","170328-006","1/4/2020 10:31:52","0000-00","0","no battery","V"
"11/02/2020","12:23:01","1","default","640513929","OXY_CH1","68.642","min","155.267","µmol/L","Humid","23.723","deg","44601","µV","26.610","°C","1018.000","hPa","35.3","pmil","0","55.520","deg","20.000","°C","100.000","%a.s.","21.750","deg","20.000","°C","977.000","hPa","0.861","-0.02617","0.00035","0","0","13.56","Humid","24.85","0","70.00","286382.40","SABD0000000001","AAV1.0.0.11","1.1.2.0","PSt7-10","170328-006","1/4/2020 10:31:52","0000-00","0","no battery","V"
"11/02/2020","12:23:02","1","default","640513929","OXY_CH1","68.658","min","155.285","µmol/L","Humid","23.723","deg","44593","µV","26.606","°C","1018.000","hPa","35.3","pmil","0","55.520","deg","20.000","°C","100.000","%a.s.","21.750","deg","20.000","°C","977.000","hPa","0.861","-0.02617","0.00035","0","0","13.56","Humid","24.85","0","70.00","286372.85","SABD0000000001","AAV1.0.0.11","1.1.2.0","PSt7-10","170328-006","1/4/2020 10:31:52","0000-00","0","no battery","V"
"11/02/2020","12:23:03","1","default","640513929","OXY_CH1","68.675","min","155.244","µmol/L","Humid","23.717","deg","44594","µV","26.633","°C","1018.000","hPa","35.3","pmil","0","55.520","deg","20.000","°C","100.000","%a.s.","21.750","deg","20.000","°C","977.000","hPa","0.861","-0.02617","0.00035","0","0","13.56","Humid","24.85","0","70.00","286380.80","SABD0000000001","AAV1.0.0.11","1.1.2.0","PSt7-10","170328-006","1/4/2020 10:31:52","0000-00","0","no battery","V"
"11/02/2020","12:23:04","1","default","640513929","OXY_CH1","68.692","min","155.099","µmol/L","Humid","23.728","deg","44595","µV","26.633","°C","1018.000","hPa","35.3","pmil","0","55.520","deg","20.000","°C","100.000","%a.s.","21.750","deg","20.000","°C","977.000","hPa","0.861","-0.02617","0.00035","0","0","13.56","Humid","24.85","0","70.00","286377.13","SABD0000000001","AAV1.0.0.11","1.1.2.0","PSt7-10","170328-006","1/4/2020 10:31:52","0000-00","0","no battery","V"
"11/02/2020","12:23:05","1","default","640513929","OXY_CH1","68.709","min","155.186","µmol/L","Humid","23.722","deg","44597","µV","26.631","°C","1018.000","hPa","35.3","pmil","0","55.520","deg","20.000","°C","100.000","%a.s.","21.750","deg","20.000","°C","977.000","hPa","0.861","-0.02617","0.00035","0","0","13.56","Humid","24.85","0","70.00","286382.10","SABD0000000001","AAV1.0.0.11","1.1.2.0","PSt7-10","170328-006","1/4/2020 10:31:52","0000-00","0","no battery","V"
"11/02/2020","12:23:06","1","default","640513929","OXY_CH1","68.726","min","155.221","µmol/L","Humid","23.721","deg","44592","µV","26.626","°C","1018.000","hPa","35.3","pmil","0","55.520","deg","20.000","°C","100.000","%a.s.","21.750","deg","20.000","°C","977.000","hPa","0.861","-0.02617","0.00035","0","0","13.56","Humid","24.85","0","70.00","286376.51","SABD0000000001","AAV1.0.0.11","1.1.2.0","PSt7-10","170328-006","1/4/2020 10:31:52","0000-00","0","no battery","V"
"11/02/2020","12:23:07","1","default","640513929","OXY_CH1","68.742","min","155.320","µmol/L","Humid","23.715","deg","44588","µV","26.622","°C","1018.000","hPa","35.3","pmil","0","55.520","deg","20.000","°C","100.000","%a.s.","21.750","deg","20.000","°C","977.000","hPa","0.861","-0.02617","0.00035","0","0","13.56","Humid","24.85","0","70.00","286368.32","SABD0000000001","AAV1.0.0.11","1.1.2.0","PSt7-10","170328-006","1/4/2020 10:31:52","0000-00","0","no battery","V"
"11/02/2020","12:23:08","1","default","640513929","OXY_CH1","68.759","min","155.332","µmol/L","Humid","23.717","deg","44593","µV","26.613","°C","1018.000","hPa","35.3","pmil","0","55.520","deg","20.000","°C","100.000","%a.s.","21.750","deg","20.000","°C","977.000","hPa","0.861","-0.02617","0.00035","0","0","13.56","Humid","24.85","0","70.00","286367.76","SABD0000000001","AAV1.0.0.11","1.1.2.0","PSt7-10","170328-006","1/4/2020 10:31:52","0000-00","0","no battery","V"
"11/02/2020","12:23:09","1","default","640513929","OXY_CH1","68.775","min","155.249","µmol/L","Humid","23.720","deg","44590","µV","26.623","°C","1018.000","hPa","35.3","pmil","0","55.520","deg","20.000","°C","100.000","%a.s.","21.750","deg","20.000","°C","977.000","hPa","0.861","-0.02617","0.00035","0","0","13.56","Humid","24.85","0","70.00","286370.13","SABD0000000001","AAV1.0.0.11","1.1.2.0","PSt7-10","170328-006","1/4/2020 10:31:52","0000-00","0","no battery","V"
"11/02/2020","12:23:10","1","default","640513929","OXY_CH1","68.792","min","155.251","µmol/L","Humid","23.719","deg","44591","µV","26.625","°C","1018.000","hPa","35.3","pmil","0","55.520","deg","20.000","°C","100.000","%a.s.","21.750","deg","20.000","°C","977.000","hPa","0.861","-0.02617","0.00035","0","0","13.56","Humid","24.85","0","70.00","286365.00","SABD0000000001","AAV1.0.0.11","1.1.2.0","PSt7-10","170328-006","1/4/2020 10:31:52","0000-00","0","no battery","V"
"11/02/2020","12:23:11","1","default","640513929","OXY_CH1","68.808","min","155.281","µmol/L","Humid","23.717","deg","44590","µV","26.624","°C","1018.000","hPa","35.3","pmil","0","55.520","deg","20.000","°C","100.000","%a.s.","21.750","deg","20.000","°C","977.000","hPa","0.861","-0.02617","0.00035","0","0","13.56","Humid","24.85","0","70.00","286367.02","SABD0000000001","AAV1.0.0.11","1.1.2.0","PSt7-10","170328-006","1/4/2020 10:31:52","0000-00","0","no battery","V"
"11/02/2020","12:23:12","1","default","640513929","OXY_CH1","68.825","min","155.319","µmol/L","Humid","23.718","deg","44583","µV","26.613","°C","1018.000","hPa","35.3","pmil","0","55.520","deg","20.000","°C","100.000","%a.s.","21.750","deg","20.000","°C","977.000","hPa","0.861","-0.02617","0.00035","0","0","13.56","Humid","24.85","0","70.00","286373.30","SABD0000000001","AAV1.0.0.11","1.1.2.0","PSt7-10","170328-006","1/4/2020 10:31:52","0000-00","0","no battery","V"
"11/02/2020","12:23:13","1","default","640513929","OXY_CH1","68.842","min","155.160","µmol/L","Humid","23.726","deg","44592","µV","26.625","°C","1018.000","hPa","35.3","pmil","0","55.520","deg","20.000","°C","100.000","%a.s.","21.750","deg","20.000","°C","977.000","hPa","0.861","-0.02617","0.00035","0","0","13.56","Humid","24.85","0","70.00","286380.66","SABD0000000001","AAV1.0.0.11","1.1.2.0","PSt7-10","170328-006","1/4/2020 10:31:52","0000-00","0","no battery","V"
"11/02/2020","12:23:14","1","default","640513929","OXY_CH1","68.859","min","155.286","µmol/L","Humid","23.718","deg","44586","µV","26.621","°C","1018.000","hPa","35.3","pmil","0","55.520","deg","20.000","°C","100.000","%a.s.","21.750","deg","20.000","°C","977.000","hPa","0.861","-0.02617","0.00035","0","0","13.56","Humid","24.85","0","70.00","286383.57","SABD0000000001","AAV1.0.0.11","1.1.2.0","PSt7-10","170328-006","1/4/2020 10:31:52","0000-00","0","no battery","V"
"11/02/2020","12:23:15","1","default","640513929","OXY_CH1","68.875","min","155.298","µmol/L","Humid","23.719","deg","44590","µV","26.615","°C","1018.000","hPa","35.3","pmil","0","55.520","deg","20.000","°C","100.000","%a.s.","21.750","deg","20.000","°C","977.000","hPa","0.861","-0.02617","0.00035","0","0","13.56","Humid","24.85","0","70.00","286375.98","SABD0000000001","AAV1.0.0.11","1.1.2.0","PSt7-10","170328-006","1/4/2020 10:31:52","0000-00","0","no battery","V"
"11/02/2020","12:23:16","1","default","640513929","OXY_CH1","68.892","min","155.257","µmol/L","Humid","23.722","deg","44587","µV","26.615","°C","1018.000","hPa","35.3","pmil","0","55.520","deg","20.000","°C","100.000","%a.s.","21.750","deg","20.000","°C","977.000","hPa","0.861","-0.02617","0.00035","0","0","13.56","Humid","24.85","0","70.00","286374.39","SABD0000000001","AAV1.0.0.11","1.1.2.0","PSt7-10","170328-006","1/4/2020 10:31:52","0000-00","0","no battery","V"
"11/02/2020","12:23:17","1","default","640513929","OXY_CH1","68.909","min","155.319","µmol/L","Humid","23.718","deg","44594","µV","26.613","°C","1018.000","hPa","35.3","pmil","0","55.520","deg","20.000","°C","100.000","%a.s.","21.750","deg","20.000","°C","977.000","hPa","0.861","-0.02617","0.00035","0","0","13.56","Humid","24.85","0","70.00","286368.12","SABD0000000001","AAV1.0.0.11","1.1.2.0","PSt7-10","170328-006","1/4/2020 10:31:52","0000-00","0","no battery","V"
"11/02/2020","12:23:18","1","default","640513929","OXY_CH1","68.926","min","155.389","µmol/L","Humid","23.713","deg","44582","µV","26.612","°C","1018.000","hPa","35.3","pmil","0","55.520","deg","20.000","°C","100.000","%a.s.","21.750","deg","20.000","°C","977.000","hPa","0.861","-0.02617","0.00035","0","0","13.56","Humid","24.85","0","70.00","286375.42","SABD0000000001","AAV1.0.0.11","1.1.2.0","PSt7-10","170328-006","1/4/2020 10:31:52","0000-00","0","no battery","V"
"11/02/2020","12:23:19","1","default","640513929","OXY_CH1","68.943","min","155.304","µmol/L","Humid","23.718","deg","44582","µV","26.617","°C","1018.000","hPa","35.3","pmil","0","55.520","deg","20.000","°C","100.000","%a.s.","21.750","deg","20.000","°C","977.000","hPa","0.861","-0.02617","0.00035","0","0","13.56","Humid","24.85","0","70.00","286376.53","SABD0000000001","AAV1.0.0.11","1.1.2.0","PSt7-10","170328-006","1/4/2020 10:31:52","0000-00","0","no battery","V"
"11/02/2020","12:23:20","1","default","640513929","OXY_CH1","68.958","min","155.288","µmol/L","Humid","23.720","deg","44579","µV","26.614","°C","1018.000","hPa","35.3","pmil","0","55.520","deg","20.000","°C","100.000","%a.s.","21.750","deg","20.000","°C","977.000","hPa","0.861","-0.02617","0.00035","0","0","13.56","Humid","24.85","0","70.00","286376.57","SABD0000000001","AAV1.0.0.11","1.1.2.0","PSt7-10","170328-006","1/4/2020 10:31:52","0000-00","0","no battery","V"
"11/02/2020","12:23:21","1","default","640513929","OXY_CH1","68.975","min","155.280","µmol/L","Humid","23.723","deg","44577","µV","26.607","°C","1018.000","hPa","35.3","pmil","0","55.520","deg","20.000","°C","100.000","%a.s.","21.750","deg","20.000","°C","977.000","hPa","0.861","-0.02617","0.00035","0","0","13.56","Humid","24.85","0","70.00","286374.66","SABD0000000001","AAV1.0.0.11","1.1.2.0","PSt7-10","170328-006","1/4/2020 10:31:52","0000-00","0","no battery","V"
"11/02/2020","12:23:22","1","default","640513929","OXY_CH1","68.992","min","155.218","µmol/L","Humid","23.722","deg","44575","µV","26.624","°C","1018.000","hPa","35.3","pmil","0","55.520","deg","20.000","°C","100.000","%a.s.","21.750","deg","20.000","°C","977.000","hPa","0.861","-0.02617","0.00035","0","0","13.56","Humid","24.85","0","70.00","286370.03","SABD0000000001","AAV1.0.0.11","1.1.2.0","PSt7-10","170328-006","1/4/2020 10:31:52","0000-00","0","no battery","V"
"11/02/2020","12:23:23","1","default","640513929","OXY_CH1","69.009","min","155.280","µmol/L","Humid","23.716","deg","44581","µV","26.628","°C","1018.000","hPa","35.3","pmil","0","55.520","deg","20.000","°C","100.000","%a.s.","21.750","deg","20.000","°C","977.000","hPa","0.861","-0.02617","0.00035","0","0","13.56","Humid","24.85","0","70.00","286382.05","SABD0000000001","AAV1.0.0.11","1.1.2.0","PSt7-10","170328-006","1/4/2020 10:31:52","0000-00","0","no battery","V"
"11/02/2020","12:23:24","1","default","640513929","OXY_CH1","69.025","min","155.200","µmol/L","Humid","23.727","deg","44572","µV","26.614","°C","1018.000","hPa","35.3","pmil","0","55.520","deg","20.000","°C","100.000","%a.s.","21.750","deg","20.000","°C","977.000","hPa","0.861","-0.02617","0.00035","0","0","13.56","Humid","24.85","0","70.00","286363.72","SABD0000000001","AAV1.0.0.11","1.1.2.0","PSt7-10","170328-006","1/4/2020 10:31:52","0000-00","0","no battery","V"
"11/02/2020","12:23:25","1","default","640513929","OXY_CH1","69.042","min","155.261","µmol/L","Humid","23.720","deg","44577","µV","26.620","°C","1018.000","hPa","35.3","pmil","0","55.520","deg","20.000","°C","100.000","%a.s.","21.750","deg","20.000","°C","977.000","hPa","0.861","-0.02617","0.00035","0","0","13.56","Humid","24.85","0","70.00","286378.26","SABD0000000001","AAV1.0.0.11","1.1.2.0","PSt7-10","170328-006","1/4/2020 10:31:52","0000-00","0","no battery","V"
"11/02/2020","12:23:26","1","default","640513929","OXY_CH1","69.059","min","155.284","µmol/L","Humid","23.716","deg","44577","µV","26.627","°C","1018.000","hPa","35.3","pmil","0","55.520","deg","20.000","°C","100.000","%a.s.","21.750","deg","20.000","°C","977.000","hPa","0.861","-0.02617","0.00035","0","0","13.56","Humid","24.85","0","70.00","286382.04","SABD0000000001","AAV1.0.0.11","1.1.2.0","PSt7-10","170328-006","1/4/2020 10:31:52","0000-00","0","no battery","V"
"11/02/2020","12:23:27","1","default","640513929","OXY_CH1","69.075","min","155.331","µmol/L","Humid","23.716","deg","44572","µV","26.616","°C","1018.000","hPa","35.3","pmil","0","55.520","deg","20.000","°C","100.000","%a.s.","21.750","deg","20.000","°C","977.000","hPa","0.861","-0.02617","0.00035","0","0","13.56","Humid","24.85","0","70.00","286379.66","SABD0000000001","AAV1.0.0.11","1.1.2.0","PSt7-10","170328-006","1/4/2020 10:31:52","0000-00","0","no battery","V"
"11/02/2020","12:23:28","1","default","640513929","OXY_CH1","69.092","min","155.273","µmol/L","Humid","23.720","deg","44576","µV","26.618","°C","1018.000","hPa","35.3","pmil","0","55.520","deg","20.000","°C","100.000","%a.s.","21.750","deg","20.000","°C","977.000","hPa","0.861","-0.02617","0.00035","0","0","13.56","Humid","24.85","0","70.00","286372.54","SABD0000000001","AAV1.0.0.11","1.1.2.0","PSt7-10","170328-006","1/4/2020 10:31:52","0000-00","0","no battery","V"
"11/02/2020","12:23:29","1","default","640513929","OXY_CH1","69.109","min","155.259","µmol/L","Humid","23.723","deg","44571","µV","26.612","°C","1018.000","hPa","35.3","pmil","0","55.520","deg","20.000","°C","100.000","%a.s.","21.750","deg","20.000","°C","977.000","hPa","0.861","-0.02617","0.00035","0","0","13.56","Humid","24.85","0","70.00","286377.00","SABD0000000001","AAV1.0.0.11","1.1.2.0","PSt7-10","170328-006","1/4/2020 10:31:52","0000-00","0","no battery","V"
"11/02/2020","12:23:30","1","default","640513929","OXY_CH1","69.126","min","155.424","µmol/L","Humid","23.714","deg","44569","µV","26.601","°C","1018.000","hPa","35.3","pmil","0","55.520","deg","20.000","°C","100.000","%a.s.","21.750","deg","20.000","°C","977.000","hPa","0.861","-0.02617","0.00035","0","0","13.56","Humid","24.85","0","70.00","286379.05","SABD0000000001","AAV1.0.0.11","1.1.2.0","PSt7-10","170328-006","1/4/2020 10:31:52","0000-00","0","no battery","V"
"11/02/2020","12:23:31","1","default","640513929","OXY_CH1","69.142","min","155.324","µmol/L","Humid","23.716","deg","44572","µV","26.618","°C","1018.000","hPa","35.3","pmil","0","55.520","deg","20.000","°C","100.000","%a.s.","21.750","deg","20.000","°C","977.000","hPa","0.861","-0.02617","0.00035","0","0","13.56","Humid","24.85","0","70.00","286375.62","SABD0000000001","AAV1.0.0.11","1.1.2.0","PSt7-10","170328-006","1/4/2020 10:31:52","0000-00","0","no battery","V"
"11/02/2020","12:23:32","1","default","640513929","OXY_CH1","69.158","min","155.319","µmol/L","Humid","23.716","deg","44569","µV","26.619","°C","1018.000","hPa","35.3","pmil","0","55.520","deg","20.000","°C","100.000","%a.s.","21.750","deg","20.000","°C","977.000","hPa","0.861","-0.02617","0.00035","0","0","13.56","Humid","24.85","0","70.00","286380.44","SABD0000000001","AAV1.0.0.11","1.1.2.0","PSt7-10","170328-006","1/4/2020 10:31:52","0000-00","0","no battery","V"
"11/02/2020","12:23:33","1","default","640513929","OXY_CH1","69.175","min","155.398","µmol/L","Humid","23.712","deg","44572","µV","26.613","°C","1018.000","hPa","35.3","pmil","0","55.520","deg","20.000","°C","100.000","%a.s.","21.750","deg","20.000","°C","977.000","hPa","0.861","-0.02617","0.00035","0","0","13.56","Humid","24.85","0","70.00","286380.14","SABD0000000001","AAV1.0.0.11","1.1.2.0","PSt7-10","170328-006","1/4/2020 10:31:52","0000-00","0","no battery","V"
"11/02/2020","12:23:34","1","default","640513929","OXY_CH1","69.192","min","155.345","µmol/L","Humid","23.716","deg","44564","µV","26.613","°C","1018.000","hPa","35.3","pmil","0","55.520","deg","20.000","°C","100.000","%a.s.","21.750","deg","20.000","°C","977.000","hPa","0.861","-0.02617","0.00035","0","0","13.56","Humid","24.85","0","70.00","286385.58","SABD0000000001","AAV1.0.0.11","1.1.2.0","PSt7-10","170328-006","1/4/2020 10:31:52","0000-00","0","no battery","V"
"11/02/2020","12:23:35","1","default","640513929","OXY_CH1","69.209","min","155.277","µmol/L","Humid","23.722","deg","44566","µV","26.611","°C","1018.000","hPa","35.3","pmil","0","55.520","deg","20.000","°C","100.000","%a.s.","21.750","deg","20.000","°C","977.000","hPa","0.861","-0.02617","0.00035","0","0","13.56","Humid","24.85","0","70.00","286378.99","SABD0000000001","AAV1.0.0.11","1.1.2.0","PSt7-10","170328-006","1/4/2020 10:31:52","0000-00","0","no battery","V"
"11/02/2020","12:23:36","1","default","640513929","OXY_CH1","69.225","min","155.173","µmol/L","Humid","23.729","deg","44569","µV","26.614","°C","1018.000","hPa","35.3","pmil","0","55.520","deg","20.000","°C","100.000","%a.s.","21.750","deg","20.000","°C","977.000","hPa","0.861","-0.02617","0.00035","0","0","13.56","Humid","24.85","0","70.00","286372.89","SABD0000000001","AAV1.0.0.11","1.1.2.0","PSt7-10","170328-006","1/4/2020 10:31:52","0000-00","0","no battery","V"
"11/02/2020","12:23:37","1","default","640513929","OXY_CH1","69.242","min","155.239","µmol/L","Humid","23.726","deg","44558","µV","26.608","°C","1018.000","hPa","35.3","pmil","0","55.520","deg","20.000","°C","100.000","%a.s.","21.750","deg","20.000","°C","977.000","hPa","0.861","-0.02617","0.00035","0","0","13.56","Humid","24.85","0","70.00","286382.18","SABD0000000001","AAV1.0.0.11","1.1.2.0","PSt7-10","170328-006","1/4/2020 10:31:52","0000-00","0","no battery","V"
"11/02/2020","12:23:38","1","default","640513929","OXY_CH1","69.259","min","155.308","µmol/L","Humid","23.718","deg","44562","µV","26.616","°C","1018.000","hPa","35.3","pmil","0","55.520","deg","20.000","°C","100.000","%a.s.","21.750","deg","20.000","°C","977.000","hPa","0.861","-0.02617","0.00035","0","0","13.56","Humid","24.85","0","70.00","286378.53","SABD0000000001","AAV1.0.0.11","1.1.2.0","PSt7-10","170328-006","1/4/2020 10:31:52","0000-00","0","no battery","V"
"11/02/2020","12:23:39","1","default","640513929","OXY_CH1","69.276","min","155.368","µmol/L","Humid","23.717","deg","44562","µV","26.605","°C","1018.000","hPa","35.3","pmil","0","55.520","deg","20.000","°C","100.000","%a.s.","21.750","deg","20.000","°C","977.000","hPa","0.861","-0.02617","0.00035","0","0","13.56","Humid","24.85","0","70.00","286379.26","SABD0000000001","AAV1.0.0.11","1.1.2.0","PSt7-10","170328-006","1/4/2020 10:31:52","0000-00","0","no battery","V"
"11/02/2020","12:23:40","1","default","640513929","OXY_CH1","69.292","min","155.340","µmol/L","Humid","23.718","deg","44564","µV","26.609","°C","1018.000","hPa","35.3","pmil","0","55.520","deg","20.000","°C","100.000","%a.s.","21.750","deg","20.000","°C","977.000","hPa","0.861","-0.02617","0.00035","0","0","13.56","Humid","24.85","0","70.00","286374.88","SABD0000000001","AAV1.0.0.11","1.1.2.0","PSt7-10","170328-006","1/4/2020 10:31:52","0000-00","0","no battery","V"
"11/02/2020","12:23:41","1","default","640513929","OXY_CH1","69.308","min","155.273","µmol/L","Humid","23.718","deg","44567","µV","26.623","°C","1018.000","hPa","35.3","pmil","0","55.520","deg","20.000","°C","100.000","%a.s.","21.750","deg","20.000","°C","977.000","hPa","0.861","-0.02617","0.00035","0","0","13.56","Humid","24.85","0","70.00","286375.98","SABD0000000001","AAV1.0.0.11","1.1.2.0","PSt7-10","170328-006","1/4/2020 10:31:52","0000-00","0","no battery","V"
"11/02/2020","12:23:42","1","default","640513929","OXY_CH1","69.325","min","155.310","µmol/L","Humid","23.715","deg","44566","µV","26.624","°C","1018.000","hPa","35.3","pmil","0","55.520","deg","20.000","°C","100.000","%a.s.","21.750","deg","20.000","°C","977.000","hPa","0.861","-0.02617","0.00035","0","0","13.56","Humid","24.85","0","70.00","286381.32","SABD0000000001","AAV1.0.0.11","1.1.2.0","PSt7-10","170328-006","1/4/2020 10:31:52","0000-00","0","no battery","V"
"11/02/2020","12:23:43","1","default","640513929","OXY_CH1","69.342","min","155.364","µmol/L","Humid","23.712","deg","44560","µV","26.621","°C","1018.000","hPa","35.3","pmil","0","55.520","deg","20.000","°C","100.000","%a.s.","21.750","deg","20.000","°C","977.000","hPa","0.861","-0.02617","0.00035","0","0","13.56","Humid","24.85","0","70.00","286380.43","SABD0000000001","AAV1.0.0.11","1.1.2.0","PSt7-10","170328-006","1/4/2020 10:31:52","0000-00","0","no battery","V"
"11/02/2020","12:23:44","1","default","640513929","OXY_CH1","69.359","min","155.359","µmol/L","Humid","23.711","deg","44565","µV","26.624","°C","1018.000","hPa","35.3","pmil","0","55.520","deg","20.000","°C","100.000","%a.s.","21.750","deg","20.000","°C","977.000","hPa","0.861","-0.02617","0.00035","0","0","13.56","Humid","24.85","0","70.00","286380.30","SABD0000000001","AAV1.0.0.11","1.1.2.0","PSt7-10","170328-006","1/4/2020 10:31:52","0000-00","0","no battery","V"
"11/02/2020","12:23:45","1","default","640513929","OXY_CH1","69.375","min","155.338","µmol/L","Humid","23.719","deg","44563","µV","26.606","°C","1018.000","hPa","35.3","pmil","0","55.520","deg","20.000","°C","100.000","%a.s.","21.750","deg","20.000","°C","977.000","hPa","0.861","-0.02617","0.00035","0","0","13.56","Humid","24.85","0","70.00","286363.51","SABD0000000001","AAV1.0.0.11","1.1.2.0","PSt7-10","170328-006","1/4/2020 10:31:52","0000-00","0","no battery","V"
"11/02/2020","12:23:46","1","default","640513929","OXY_CH1","69.392","min","155.279","µmol/L","Humid","23.722","deg","44566","µV","26.611","°C","1018.000","hPa","35.3","pmil","0","55.520","deg","20.000","°C","100.000","%a.s.","21.750","deg","20.000","°C","977.000","hPa","0.861","-0.02617","0.00035","0","0","13.56","Humid","24.85","0","70.00","286371.38","SABD0000000001","AAV1.0.0.11","1.1.2.0","PSt7-10","170328-006","1/4/2020 10:31:52","0000-00","0","no battery","V"
"11/02/2020","12:23:47","1","default","640513929","OXY_CH1","69.409","min","155.164","µmol/L","Humid","23.730","deg","44565","µV","26.613","°C","1018.000","hPa","35.3","pmil","0","55.520","deg","20.000","°C","100.000","%a.s.","21.750","deg","20.000","°C","977.000","hPa","0.861","-0.02617","0.00035","0","0","13.56","Humid","24.85","0","70.00","286371.84","SABD0000000001","AAV1.0.0.11","1.1.2.0","PSt7-10","170328-006","1/4/2020 10:31:52","0000-00","0","no battery","V"
"11/02/2020","12:23:48","1","default","640513929","OXY_CH1","69.426","min","155.350","µmol/L","Humid","23.719","deg","44564","µV","26.604","°C","1018.000","hPa","35.3","pmil","0","55.520","deg","20.000","°C","100.000","%a.s.","21.750","deg","20.000","°C","977.000","hPa","0.861","-0.02617","0.00035","0","0","13.56","Humid","24.85","0","70.00","286387.78","SABD0000000001","AAV1.0.0.11","1.1.2.0","PSt7-10","170328-006","1/4/2020 10:31:52","0000-00","0","no battery","V"
"11/02/2020","12:23:49","1","default","640513929","OXY_CH1","69.442","min","155.440","µmol/L","Humid","23.713","deg","44558","µV","26.601","°C","1018.000","hPa","35.3","pmil","0","55.520","deg","20.000","°C","100.000","%a.s.","21.750","deg","20.000","°C","977.000","hPa","0.861","-0.02617","0.00035","0","0","13.56","Humid","24.85","0","70.00","286372.09","SABD0000000001","AAV1.0.0.11","1.1.2.0","PSt7-10","170328-006","1/4/2020 10:31:52","0000-00","0","no battery","V"
"11/02/2020","12:23:50","1","default","640513929","OXY_CH1","69.459","min","155.375","µmol/L","Humid","23.716","deg","44559","µV","26.607","°C","1018.000","hPa","35.3","pmil","0","55.520","deg","20.000","°C","100.000","%a.s.","21.750","deg","20.000","°C","977.000","hPa","0.861","-0.02617","0.00035","0","0","13.56","Humid","24.85","0","70.00","286384.77","SABD0000000001","AAV1.0.0.11","1.1.2.0","PSt7-10","170328-006","1/4/2020 10:31:52","0000-00","0","no battery","V"
"11/02/2020","12:23:51","1","default","640513929","OXY_CH1","69.475","min","155.350","µmol/L","Humid","23.713","deg","44562","µV","26.621","°C","1018.000","hPa","35.3","pmil","0","55.520","deg","20.000","°C","100.000","%a.s.","21.750","deg","20.000","°C","977.000","hPa","0.861","-0.02617","0.00035","0","0","13.56","Humid","24.85","0","70.00","286375.78","SABD0000000001","AAV1.0.0.11","1.1.2.0","PSt7-10","170328-006","1/4/2020 10:31:52","0000-00","0","no battery","V"
"11/02/2020","12:23:52","1","default","640513929","OXY_CH1","69.492","min","155.352","µmol/L","Humid","23.712","deg","44556","µV","26.623","°C","1018.000","hPa","35.3","pmil","0","55.520","deg","20.000","°C","100.000","%a.s.","21.750","deg","20.000","°C","977.000","hPa","0.861","-0.02617","0.00035","0","0","13.56","Humid","24.85","0","70.00","286371.24","SABD0000000001","AAV1.0.0.11","1.1.2.0","PSt7-10","170328-006","1/4/2020 10:31:52","0000-00","0","no battery","V"
"11/02/2020","12:23:53","1","default","640513929","OXY_CH1","69.508","min","155.444","µmol/L","Humid","23.712","deg","44555","µV","26.603","°C","1018.000","hPa","35.3","pmil","0","55.520","deg","20.000","°C","100.000","%a.s.","21.750","deg","20.000","°C","977.000","hPa","0.861","-0.02617","0.00035","0","0","13.56","Humid","24.85","0","70.00","286359.32","SABD0000000001","AAV1.0.0.11","1.1.2.0","PSt7-10","170328-006","1/4/2020 10:31:52","0000-00","0","no battery","V"
"11/02/2020","12:23:54","1","default","640513929","OXY_CH1","69.525","min","155.437","µmol/L","Humid","23.713","deg","44549","µV","26.602","°C","1018.000","hPa","35.3","pmil","0","55.520","deg","20.000","°C","100.000","%a.s.","21.750","deg","20.000","°C","977.000","hPa","0.861","-0.02617","0.00035","0","0","13.56","Humid","24.85","0","70.00","286372.27","SABD0000000001","AAV1.0.0.11","1.1.2.0","PSt7-10","170328-006","1/4/2020 10:31:52","0000-00","0","no battery","V"
"11/02/2020","12:23:55","1","default","640513929","OXY_CH1","69.542","min","155.365","µmol/L","Humid","23.716","deg","44551","µV","26.609","°C","1018.000","hPa","35.3","pmil","0","55.520","deg","20.000","°C","100.000","%a.s.","21.750","deg","20.000","°C","977.000","hPa","0.861","-0.02617","0.00035","0","0","13.56","Humid","24.85","0","70.00","286363.22","SABD0000000001","AAV1.0.0.11","1.1.2.0","PSt7-10","170328-006","1/4/2020 10:31:52","0000-00","0","no battery","V"
"11/02/2020","12:23:56","1","default","640513929","OXY_CH1","69.559","min","155.381","µmol/L","Humid","23.711","deg","44549","µV","26.620","°C","1018.000","hPa","35.3","pmil","0","55.520","deg","20.000","°C","100.000","%a.s.","21.750","deg","20.000","°C","977.000","hPa","0.861","-0.02617","0.00035","0","0","13.56","Humid","24.85","0","70.00","286363.70","SABD0000000001","AAV1.0.0.11","1.1.2.0","PSt7-10","170328-006","1/4/2020 10:31:52","0000-00","0","no battery","V"
"11/02/2020","12:23:57","1","default","640513929","OXY_CH1","69.575","min","155.464","µmol/L","Humid","23.710","deg","44549","µV","26.604","°C","1018.000","hPa","35.3","pmil","0","55.520","deg","20.000","°C","100.000","%a.s.","21.750","deg","20.000","°C","977.000","hPa","0.861","-0.02617","0.00035","0","0","13.56","Humid","24.85","0","70.00","286357.55","SABD0000000001","AAV1.0.0.11","1.1.2.0","PSt7-10","170328-006","1/4/2020 10:31:52","0000-00","0","no battery","V"
"11/02/2020","12:23:58","1","default","640513929","OXY_CH1","69.592","min","155.383","µmol/L","Humid","23.715","deg","44557","µV","26.608","°C","1018.000","hPa","35.3","pmil","0","55.520","deg","20.000","°C","100.000","%a.s.","21.750","deg","20.000","°C","977.000","hPa","0.861","-0.02617","0.00035","0","0","13.56","Humid","24.85","0","70.00","286375.21","SABD0000000001","AAV1.0.0.11","1.1.2.0","PSt7-10","170328-006","1/4/2020 10:31:52","0000-00","0","no battery","V"
"11/02/2020","12:23:59","1","default","640513929","OXY_CH1","69.609","min","155.389","µmol/L","Humid","23.716","deg","44557","µV","26.603","°C","1018.000","hPa","35.3","pmil","0","55.520","deg","20.000","°C","100.000","%a.s.","21.750","deg","20.000","°C","977.000","hPa","0.861","-0.02617","0.00035","0","0","13.56","Humid","24.85","0","70.00","286379.60","SABD0000000001","AAV1.0.0.11","1.1.2.0","PSt7-10","170328-006","1/4/2020 10:31:52","0000-00","0","no battery","V"
"11/02/2020","12:24:00","1","default","640513929","OXY_CH1","69.626","min","155.503","µmol/L","Humid","23.709","deg","44557","µV","26.598","°C","1018.000","hPa","35.3","pmil","0","55.520","deg","20.000","°C","100.000","%a.s.","21.750","deg","20.000","°C","977.000","hPa","0.861","-0.02617","0.00035","0","0","13.56","Humid","24.85","0","70.00","286366.42","SABD0000000001","AAV1.0.0.11","1.1.2.0","PSt7-10","170328-006","1/4/2020 10:31:52","0000-00","0","no battery","V"
"11/02/2020","12:24:01","1","default","640513929","OXY_CH1","69.642","min","155.360","µmol/L","Humid","23.710","deg","44554","µV","26.627","°C","1018.000","hPa","35.3","pmil","0","55.520","deg","20.000","°C","100.000","%a.s.","21.750","deg","20.000","°C","977.000","hPa","0.861","-0.02617","0.00035","0","0","13.56","Humid","24.85","0","70.00","286354.22","SABD0000000001","AAV1.0.0.11","1.1.2.0","PSt7-10","170328-006","1/4/2020 10:31:52","0000-00","0","no battery","V"
"11/02/2020","12:24:02","1","default","640513929","OXY_CH1","69.659","min","155.378","µmol/L","Humid","23.712","deg","44554","µV","26.617","°C","1018.000","hPa","35.3","pmil","0","55.520","deg","20.000","°C","100.000","%a.s.","21.750","deg","20.000","°C","977.000","hPa","0.861","-0.02617","0.00035","0","0","13.56","Humid","24.85","0","70.00","286363.81","SABD0000000001","AAV1.0.0.11","1.1.2.0","PSt7-10","170328-006","1/4/2020 10:31:52","0000-00","0","no battery","V"
"11/02/2020","12:24:03","1","default","640513929","OXY_CH1","69.676","min","155.307","µmol/L","Humid","23.719","deg","44555","µV","26.613","°C","1018.000","hPa","35.3","pmil","0","55.520","deg","20.000","°C","100.000","%a.s.","21.750","deg","20.000","°C","977.000","hPa","0.861","-0.02617","0.00035","0","0","13.56","Humid","24.85","0","70.00","286363.06","SABD0000000001","AAV1.0.0.11","1.1.2.0","PSt7-10","170328-006","1/4/2020 10:31:52","0000-00","0","no battery","V"
"11/02/2020","12:24:04","1","default","640513929","OXY_CH1","69.692","min","155.393","µmol/L","Humid","23.714","deg","44555","µV","26.608","°C","1018.000","hPa","35.3","pmil","0","55.520","deg","20.000","°C","100.000","%a.s.","21.750","deg","20.000","°C","977.000","hPa","0.861","-0.02617","0.00035","0","0","13.56","Humid","24.85","0","70.00","286370.06","SABD0000000001","AAV1.0.0.11","1.1.2.0","PSt7-10","170328-006","1/4/2020 10:31:52","0000-00","0","no battery","V"
"11/02/2020","12:24:05","1","default","640513929","OXY_CH1","69.708","min","155.447","µmol/L","Humid","23.710","deg","44550","µV","26.608","°C","1018.000","hPa","35.3","pmil","0","55.520","deg","20.000","°C","100.000","%a.s.","21.750","deg","20.000","°C","977.000","hPa","0.861","-0.02617","0.00035","0","0","13.56","Humid","24.85","0","70.00","286358.59","SABD0000000001","AAV1.0.0.11","1.1.2.0","PSt7-10","170328-006","1/4/2020 10:31:52","0000-00","0","no battery","V"
"11/02/2020","12:24:06","1","default","640513929","OXY_CH1","69.725","min","155.495","µmol/L","Humid","23.706","deg","44558","µV","26.609","°C","1018.000","hPa","35.3","pmil","0","55.520","deg","20.000","°C","100.000","%a.s.","21.750","deg","20.000","°C","977.000","hPa","0.861","-0.02617","0.00035","0","0","13.56","Humid","24.85","0","70.00","286367.41","SABD0000000001","AAV1.0.0.11","1.1.2.0","PSt7-10","170328-006","1/4/2020 10:31:52","0000-00","0","no battery","V"
"11/02/2020","12:24:07","1","default","640513929","OXY_CH1","69.742","min","155.488","µmol/L","Humid","23.708","deg","44552","µV","26.605","°C","1018.000","hPa","35.3","pmil","0","55.520","deg","20.000","°C","100.000","%a.s.","21.750","deg","20.000","°C","977.000","hPa","0.861","-0.02617","0.00035","0","0","13.56","Humid","24.85","0","70.00","286379.12","SABD0000000001","AAV1.0.0.11","1.1.2.0","PSt7-10","170328-006","1/4/2020 10:31:52","0000-00","0","no battery","V"
"11/02/2020","12:24:08","1","default","640513929","OXY_CH1","69.759","min","155.366","µmol/L","Humid","23.716","deg","44551","µV","26.609","°C","1018.000","hPa","35.3","pmil","0","55.520","deg","20.000","°C","100.000","%a.s.","21.750","deg","20.000","°C","977.000","hPa","0.861","-0.02617","0.00035","0","0","13.56","Humid","24.85","0","70.00","286367.81","SABD0000000001","AAV1.0.0.11","1.1.2.0","PSt7-10","170328-006","1/4/2020 10:31:52","0000-00","0","no battery","V"
"11/02/2020","12:24:09","1","default","640513929","OXY_CH1","69.775","min","155.467","µmol/L","Humid","23.708","deg","44548","µV","26.609","°C","1018.000","hPa","35.3","pmil","0","55.520","deg","20.000","°C","100.000","%a.s.","21.750","deg","20.000","°C","977.000","hPa","0.861","-0.02617","0.00035","0","0","13.56","Humid","24.85","0","70.00","286370.24","SABD0000000001","AAV1.0.0.11","1.1.2.0","PSt7-10","170328-006","1/4/2020 10:31:52","0000-00","0","no battery","V"
"11/02/2020","12:24:10","1","default","640513929","OXY_CH1","69.792","min","155.443","µmol/L","Humid","23.708","deg","44543","µV","26.615","°C","1018.000","hPa","35.3","pmil","0","55.520","deg","20.000","°C","100.000","%a.s.","21.750","deg","20.000","°C","977.000","hPa","0.861","-0.02617","0.00035","0","0","13.56","Humid","24.85","0","70.00","286376.78","SABD0000000001","AAV1.0.0.11","1.1.2.0","PSt7-10","170328-006","1/4/2020 10:31:52","0000-00","0","no battery","V"
"11/02/2020","12:24:11","1","default","640513929","OXY_CH1","69.809","min","155.406","µmol/L","Humid","23.710","deg","44541","µV","26.617","°C","1018.000","hPa","35.3","pmil","0","55.520","deg","20.000","°C","100.000","%a.s.","21.750","deg","20.000","°C","977.000","hPa","0.861","-0.02617","0.00035","0","0","13.56","Humid","24.85","0","70.00","286377.69","SABD0000000001","AAV1.0.0.11","1.1.2.0","PSt7-10","170328-006","1/4/2020 10:31:52","0000-00","0","no battery","V"
"11/02/2020","12:24:12","1","default","640513929","OXY_CH1","69.826","min","155.365","µmol/L","Humid","23.715","deg","44546","µV","26.612","°C","1018.000","hPa","35.3","pmil","0","55.520","deg","20.000","°C","100.000","%a.s.","21.750","deg","20.000","°C","977.000","hPa","0.861","-0.02617","0.00035","0","0","13.56","Humid","24.85","0","70.00","286366.32","SABD0000000001","AAV1.0.0.11","1.1.2.0","PSt7-10","170328-006","1/4/2020 10:31:52","0000-00","0","no battery","V"
"11/02/2020","12:24:13","1","default","640513929","OXY_CH1","69.842","min","155.419","µmol/L","Humid","23.713","deg","44542","µV","26.605","°C","1018.000","hPa","35.3","pmil","0","55.520","deg","20.000","°C","100.000","%a.s.","21.750","deg","20.000","°C","977.000","hPa","0.861","-0.02617","0.00035","0","0","13.56","Humid","24.85","0","70.00","286359.41","SABD0000000001","AAV1.0.0.11","1.1.2.0","PSt7-10","170328-006","1/4/2020 10:31:52","0000-00","0","no battery","V"
"11/02/2020","12:24:14","1","default","640513929","OXY_CH1","69.859","min","155.507","µmol/L","Humid","23.708","deg","44541","µV","26.600","°C","1018.000","hPa","35.3","pmil","0","55.520","deg","20.000","°C","100.000","%a.s.","21.750","deg","20.000","°C","977.000","hPa","0.861","-0.02617","0.00035","0","0","13.56","Humid","24.85","0","70.00","286367.81","SABD0000000001","AAV1.0.0.11","1.1.2.0","PSt7-10","170328-006","1/4/2020 10:31:52","0000-00","0","no battery","V"
"11/02/2020","12:24:15","1","default","640513929","OXY_CH1","69.875","min","155.511","µmol/L","Humid","23.709","deg","44537","µV","26.597","°C","1018.000","hPa","35.3","pmil","0","55.520","deg","20.000","°C","100.000","%a.s.","21.750","deg","20.000","°C","977.000","hPa","0.861","-0.02617","0.00035","0","0","13.56","Humid","24.85","0","70.00","286375.72","SABD0000000001","AAV1.0.0.11","1.1.2.0","PSt7-10","170328-006","1/4/2020 10:31:52","0000-00","0","no battery","V"
"11/02/2020","12:24:16","1","default","640513929","OXY_CH1","69.892","min","155.439","µmol/L","Humid","23.713","deg","44541","µV","26.601","°C","1018.000","hPa","35.3","pmil","0","55.520","deg","20.000","°C","100.000","%a.s.","21.750","deg","20.000","°C","977.000","hPa","0.861","-0.02617","0.00035","0","0","13.56","Humid","24.85","0","70.00","286361.16","SABD0000000001","AAV1.0.0.11","1.1.2.0","PSt7-10","170328-006","1/4/2020 10:31:52","0000-00","0","no battery","V"
"11/02/2020","12:24:17","1","default","640513929","OXY_CH1","69.908","min","155.596","µmol/L","Humid","23.706","deg","44542","µV","26.586","°C","1018.000","hPa","35.3","pmil","0","55.520","deg","20.000","°C","100.000","%a.s.","21.750","deg","20.000","°C","977.000","hPa","0.861","-0.02617","0.00035","0","0","13.56","Humid","24.85","0","70.00","286372.81","SABD0000000001","AAV1.0.0.11","1.1.2.0","PSt7-10","170328-006","1/4/2020 10:31:52","0000-00","0","no battery","V"
"11/02/2020","12:24:18","1","default","640513929","OXY_CH1","69.925","min","155.625","µmol/L","Humid","23.703","deg","44537","µV","26.589","°C","1018.000","hPa","35.3","pmil","0","55.520","deg","20.000","°C","100.000","%a.s.","21.750","deg","20.000","°C","977.000","hPa","0.861","-0.02617","0.00035","0","0","13.56","Humid","24.85","0","70.00","286367.22","SABD0000000001","AAV1.0.0.11","1.1.2.0","PSt7-10","170328-006","1/4/2020 10:31:52","0000-00","0","no battery","V"
"11/02/2020","12:24:19","1","default","640513929","OXY_CH1","69.942","min","155.387","µmol/L","Humid","23.713","deg","44542","µV","26.612","°C","1018.000","hPa","35.3","pmil","0","55.520","deg","20.000","°C","100.000","%a.s.","21.750","deg","20.000","°C","977.000","hPa","0.861","-0.02617","0.00035","0","0","13.56","Humid","24.85","0","70.00","286362.50","SABD0000000001","AAV1.0.0.11","1.1.2.0","PSt7-10","170328-006","1/4/2020 10:31:52","0000-00","0","no battery","V"
"11/02/2020","12:24:20","1","default","640513929","OXY_CH1","69.959","min","155.400","µmol/L","Humid","23.708","deg","44543","µV","26.624","°C","1018.000","hPa","35.3","pmil","0","55.520","deg","20.000","°C","100.000","%a.s.","21.750","deg","20.000","°C","977.000","hPa","0.861","-0.02617","0.00035","0","0","13.56","Humid","24.85","0","70.00","286377.39","SABD0000000001","AAV1.0.0.11","1.1.2.0","PSt7-10","170328-006","1/4/2020 10:31:52","0000-00","0","no battery","V"
"11/02/2020","12:24:21","1","default","640513929","OXY_CH1","69.975","min","155.460","µmol/L","Humid","23.708","deg","44545","µV","26.611","°C","1018.000","hPa","35.3","pmil","0","55.520","deg","20.000","°C","100.000","%a.s.","21.750","deg","20.000","°C","977.000","hPa","0.861","-0.02617","0.00035","0","0","13.56","Humid","24.85","0","70.00","286376.02","SABD0000000001","AAV1.0.0.11","1.1.2.0","PSt7-10","170328-006","1/4/2020 10:31:52","0000-00","0","no battery","V"
"11/02/2020","12:24:22","1","default","640513929","OXY_CH1","69.992","min","155.439","µmol/L","Humid","23.707","deg","44547","µV","26.618","°C","1018.000","hPa","35.3","pmil","0","55.520","deg","20.000","°C","100.000","%a.s.","21.750","deg","20.000","°C","977.000","hPa","0.861","-0.02617","0.00035","0","0","13.56","Humid","24.85","0","70.00","286367.96","SABD0000000001","AAV1.0.0.11","1.1.2.0","PSt7-10","170328-006","1/4/2020 10:31:52","0000-00","0","no battery","V"
"11/02/2020","12:24:23","1","default","640513929","OXY_CH1","70.009","min","155.523","µmol/L","Humid","23.706","deg","44541","µV","26.603","°C","1018.000","hPa","35.3","pmil","0","55.520","deg","20.000","°C","100.000","%a.s.","21.750","deg","20.000","°C","977.000","hPa","0.861","-0.02617","0.00035","0","0","13.56","Humid","24.85","0","70.00","286372.55","SABD0000000001","AAV1.0.0.11","1.1.2.0","PSt7-10","170328-006","1/4/2020 10:31:52","0000-00","0","no battery","V"
"11/02/2020","12:24:24","1","default","640513929","OXY_CH1","70.026","min","155.423","µmol/L","Humid","23.707","deg","44544","µV","26.622","°C","1018.000","hPa","35.3","pmil","0","55.520","deg","20.000","°C","100.000","%a.s.","21.750","deg","20.000","°C","977.000","hPa","0.861","-0.02617","0.00035","0","0","13.56","Humid","24.85","0","70.00","286371.03","SABD0000000001","AAV1.0.0.11","1.1.2.0","PSt7-10","170328-006","1/4/2020 10:31:52","0000-00","0","no battery","V"
"11/02/2020","12:24:25","1","default","640513929","OXY_CH1","70.042","min","155.375","µmol/L","Humid","23.714","deg","44542","µV","26.612","°C","1018.000","hPa","35.3","pmil","0","55.520","deg","20.000","°C","100.000","%a.s.","21.750","deg","20.000","°C","977.000","hPa","0.861","-0.02617","0.00035","0","0","13.56","Humid","24.85","0","70.00","286360.14","SABD0000000001","AAV1.0.0.11","1.1.2.0","PSt7-10","170328-006","1/4/2020 10:31:52","0000-00","0","no battery","V"
"11/02/2020","12:24:26","1","default","640513929","OXY_CH1","70.058","min","155.394","µmol/L","Humid","23.717","deg","44540","µV","26.599","°C","1018.000","hPa","35.3","pmil","0","55.520","deg","20.000","°C","100.000","%a.s.","21.750","deg","20.000","°C","977.000","hPa","0.861","-0.02617","0.00035","0","0","13.56","Humid","24.85","0","70.00","286362.29","SABD0000000001","AAV1.0.0.11","1.1.2.0","PSt7-10","170328-006","1/4/2020 10:31:52","0000-00","0","no battery","V"
"11/02/2020","12:24:27","1","default","640513929","OXY_CH1","70.075","min","155.521","µmol/L","Humid","23.708","deg","44540","µV","26.597","°C","1018.000","hPa","35.3","pmil","0","55.520","deg","20.000","°C","100.000","%a.s.","21.750","deg","20.000","°C","977.000","hPa","0.861","-0.02617","0.00035","0","0","13.56","Humid","24.85","0","70.00","286364.71","SABD0000000001","AAV1.0.0.11","1.1.2.0","PSt7-10","170328-006","1/4/2020 10:31:52","0000-00","0","no battery","V"
"11/02/2020","12:24:28","1","default","640513929","OXY_CH1","70.092","min","155.469","µmol/L","Humid","23.710","deg","44540","µV","26.603","°C","1018.000","hPa","35.3","pmil","0","55.520","deg","20.000","°C","100.000","%a.s.","21.750","deg","20.000","°C","977.000","hPa","0.861","-0.02617","0.00035","0","0","13.56","Humid","24.85","0","70.00","286354.11","SABD0000000001","AAV1.0.0.11","1.1.2.0","PSt7-10","170328-006","1/4/2020 10:31:52","0000-00","0","no battery","V"
"11/02/2020","12:24:29","1","default","640513929","OXY_CH1","70.109","min","155.400","µmol/L","Humid","23.716","deg","44541","µV","26.601","°C","1018.000","hPa","35.3","pmil","0","55.520","deg","20.000","°C","100.000","%a.s.","21.750","deg","20.000","°C","977.000","hPa","0.861","-0.02617","0.00035","0","0","13.56","Humid","24.85","0","70.00","286367.39","SABD0000000001","AAV1.0.0.11","1.1.2.0","PSt7-10","170328-006","1/4/2020 10:31:52","0000-00","0","no battery","V"
"11/02/2020","12:24:30","1","default","640513929","OXY_CH1","70.125","min","155.434","µmol/L","Humid","23.707","deg","44535","µV","26.619","°C","1018.000","hPa","35.3","pmil","0","55.520","deg","20.000","°C","100.000","%a.s.","21.750","deg","20.000","°C","977.000","hPa","0.861","-0.02617","0.00035","0","0","13.56","Humid","24.85","0","70.00","286352.49","SABD0000000001","AAV1.0.0.11","1.1.2.0","PSt7-10","170328-006","1/4/2020 10:31:52","0000-00","0","no battery","V"
"11/02/2020","12:24:31","1","default","640513929","OXY_CH1","70.142","min","155.539","µmol/L","Humid","23.707","deg","44537","µV","26.596","°C","1018.000","hPa","35.3","pmil","0","55.520","deg","20.000","°C","100.000","%a.s.","21.750","deg","20.000","°C","977.000","hPa","0.861","-0.02617","0.00035","0","0","13.56","Humid","24.85","0","70.00","286360.59","SABD0000000001","AAV1.0.0.11","1.1.2.0","PSt7-10","170328-006","1/4/2020 10:31:52","0000-00","0","no battery","V"
"11/02/2020","12:24:32","1","default","640513929","OXY_CH1","70.159","min","155.586","µmol/L","Humid","23.705","deg","44532","µV","26.591","°C","1018.000","hPa","35.3","pmil","0","55.520","deg","20.000","°C","100.000","%a.s.","21.750","deg","20.000","°C","977.000","hPa","0.861","-0.02617","0.00035","0","0","13.56","Humid","24.85","0","70.00","286368.61","SABD0000000001","AAV1.0.0.11","1.1.2.0","PSt7-10","170328-006","1/4/2020 10:31:52","0000-00","0","no battery","V"
"11/02/2020","12:24:33","1","default","640513929","OXY_CH1","70.176","min","155.309","µmol/L","Humid","23.725","deg","44539","µV","26.595","°C","1018.000","hPa","35.3","pmil","0","55.520","deg","20.000","°C","100.000","%a.s.","21.750","deg","20.000","°C","977.000","hPa","0.861","-0.02617","0.00035","0","0","13.56","Humid","24.85","0","70.00","286372.17","SABD0000000001","AAV1.0.0.11","1.1.2.0","PSt7-10","170328-006","1/4/2020 10:31:52","0000-00","0","no battery","V"
"11/02/2020","12:24:34","1","default","640513929","OXY_CH1","70.192","min","155.614","µmol/L","Humid","23.701","deg","44533","µV","26.597","°C","1018.000","hPa","35.3","pmil","0","55.520","deg","20.000","°C","100.000","%a.s.","21.750","deg","20.000","°C","977.000","hPa","0.861","-0.02617","0.00035","0","0","13.56","Humid","24.85","0","70.00","286372.04","SABD0000000001","AAV1.0.0.11","1.1.2.0","PSt7-10","170328-006","1/4/2020 10:31:52","0000-00","0","no battery","V"
"11/02/2020","12:24:35","1","default","640513929","OXY_CH1","70.209","min","155.474","µmol/L","Humid","23.711","deg","44539","µV","26.599","°C","1018.000","hPa","35.3","pmil","0","55.520","deg","20.000","°C","100.000","%a.s.","21.750","deg","20.000","°C","977.000","hPa","0.861","-0.02617","0.00035","0","0","13.56","Humid","24.85","0","70.00","286370.05","SABD0000000001","AAV1.0.0.11","1.1.2.0","PSt7-10","170328-006","1/4/2020 10:31:52","0000-00","0","no battery","V"
"11/02/2020","12:24:36","1","default","640513929","OXY_CH1","70.225","min","155.602","µmol/L","Humid","23.705","deg","44536","µV","26.588","°C","1018.000","hPa","35.3","pmil","0","55.520","deg","20.000","°C","100.000","%a.s.","21.750","deg","20.000","°C","977.000","hPa","0.861","-0.02617","0.00035","0","0","13.56","Humid","24.85","0","70.00","286360.32","SABD0000000001","AAV1.0.0.11","1.1.2.0","PSt7-10","170328-006","1/4/2020 10:31:52","0000-00","0","no battery","V"
"11/02/2020","12:24:37","1","default","640513929","OXY_CH1","70.242","min","155.521","µmol/L","Humid","23.710","deg","44535","µV","26.592","°C","1018.000","hPa","35.3","pmil","0","55.520","deg","20.000","°C","100.000","%a.s.","21.750","deg","20.000","°C","977.000","hPa","0.861","-0.02617","0.00035","0","0","13.56","Humid","24.85","0","70.00","286369.08","SABD0000000001","AAV1.0.0.11","1.1.2.0","PSt7-10","170328-006","1/4/2020 10:31:52","0000-00","0","no battery","V"
"11/02/2020","12:24:38","1","default","640513929","OXY_CH1","70.258","min","155.373","µmol/L","Humid","23.715","deg","44533","µV","26.610","°C","1018.000","hPa","35.3","pmil","0","55.520","deg","20.000","°C","100.000","%a.s.","21.750","deg","20.000","°C","977.000","hPa","0.861","-0.02617","0.00035","0","0","13.56","Humid","24.85","0","70.00","286364.47","SABD0000000001","AAV1.0.0.11","1.1.2.0","PSt7-10","170328-006","1/4/2020 10:31:52","0000-00","0","no battery","V"
"11/02/2020","12:24:39","1","default","640513929","OXY_CH1","70.275","min","155.467","µmol/L","Humid","23.708","deg","44538","µV","26.609","°C","1018.000","hPa","35.3","pmil","0","55.520","deg","20.000","°C","100.000","%a.s.","21.750","deg","20.000","°C","977.000","hPa","0.861","-0.02617","0.00035","0","0","13.56","Humid","24.85","0","70.00","286373.33","SABD0000000001","AAV1.0.0.11","1.1.2.0","PSt7-10","170328-006","1/4/2020 10:31:52","0000-00","0","no battery","V"
"11/02/2020","12:24:40","1","default","640513929","OXY_CH1","70.292","min","155.446","µmol/L","Humid","23.708","deg","44537","µV","26.614","°C","1018.000","hPa","35.3","pmil","0","55.520","deg","20.000","°C","100.000","%a.s.","21.750","deg","20.000","°C","977.000","hPa","0.861","-0.02617","0.00035","0","0","13.56","Humid","24.85","0","70.00","286370.23","SABD0000000001","AAV1.0.0.11","1.1.2.0","PSt7-10","170328-006","1/4/2020 10:31:52","0000-00","0","no battery","V"
"11/02/2020","12:24:41","1","default","640513929","OXY_CH1","70.309","min","155.464","µmol/L","Humid","23.709","deg","44532","µV","26.607","°C","1018.000","hPa","35.3","pmil","0","55.520","deg","20.000","°C","100.000","%a.s.","21.750","deg","20.000","°C","977.000","hPa","0.861","-0.02617","0.00035","0","0","13.56","Humid","24.85","0","70.00","286370.74","SABD0000000001","AAV1.0.0.11","1.1.2.0","PSt7-10","170328-006","1/4/2020 10:31:52","0000-00","0","no battery","V"
"11/02/2020","12:24:42","1","default","640513929","OXY_CH1","70.326","min","155.414","µmol/L","Humid","23.710","deg","44530","µV","26.615","°C","1018.000","hPa","35.3","pmil","0","55.520","deg","20.000","°C","100.000","%a.s.","21.750","deg","20.000","°C","977.000","hPa","0.861","-0.02617","0.00035","0","0","13.56","Humid","24.85","0","70.00","286359.66","SABD0000000001","AAV1.0.0.11","1.1.2.0","PSt7-10","170328-006","1/4/2020 10:31:52","0000-00","0","no battery","V"
"11/02/2020","12:24:43","1","default","640513929","OXY_CH1","70.342","min","155.389","µmol/L","Humid","23.711","deg","44524","µV","26.618","°C","1018.000","hPa","35.3","pmil","0","55.520","deg","20.000","°C","100.000","%a.s.","21.750","deg","20.000","°C","977.000","hPa","0.861","-0.02617","0.00035","0","0","13.56","Humid","24.85","0","70.00","286347.60","SABD0000000001","AAV1.0.0.11","1.1.2.0","PSt7-10","170328-006","1/4/2020 10:31:52","0000-00","0","no battery","V"
"11/02/2020","12:24:44","1","default","640513929","OXY_CH1","70.359","min","155.452","µmol/L","Humid","23.707","deg","44529","µV","26.615","°C","1018.000","hPa","35.3","pmil","0","55.520","deg","20.000","°C","100.000","%a.s.","21.750","deg","20.000","°C","977.000","hPa","0.861","-0.02617","0.00035","0","0","13.56","Humid","24.85","0","70.00","286361.85","SABD0000000001","AAV1.0.0.11","1.1.2.0","PSt7-10","170328-006","1/4/2020 10:31:52","0000-00","0","no battery","V"
"11/02/2020","12:24:45","1","default","640513929","OXY_CH1","70.376","min","155.591","µmol/L","Humid","23.703","deg","44517","µV","26.596","°C","1018.000","hPa","35.3","pmil","0","55.520","deg","20.000","°C","100.000","%a.s.","21.750","deg","20.000","°C","977.000","hPa","0.861","-0.02617","0.00035","0","0","13.56","Humid","24.85","0","70.00","286354.29","SABD0000000001","AAV1.0.0.11","1.1.2.0","PSt7-10","170328-006","1/4/2020 10:31:52","0000-00","0","no battery","V"
"11/02/2020","12:24:46","1","default","640513929","OXY_CH1","70.392","min","155.473","µmol/L","Humid","23.709","deg","44517","µV","26.605","°C","1018.000","hPa","35.3","pmil","0","55.520","deg","20.000","°C","100.000","%a.s.","21.750","deg","20.000","°C","977.000","hPa","0.861","-0.02617","0.00035","0","0","13.56","Humid","24.85","0","70.00","286357.97","SABD0000000001","AAV1.0.0.11","1.1.2.0","PSt7-10","170328-006","1/4/2020 10:31:52","0000-00","0","no battery","V"
"11/02/2020","12:24:47","1","default","640513929","OXY_CH1","70.408","min","155.561","µmol/L","Humid","23.702","deg","44516","µV","26.606","°C","1018.000","hPa","35.3","pmil","0","55.520","deg","20.000","°C","100.000","%a.s.","21.750","deg","20.000","°C","977.000","hPa","0.861","-0.02617","0.00035","0","0","13.56","Humid","24.85","0","70.00","286344.31","SABD0000000001","AAV1.0.0.11","1.1.2.0","PSt7-10","170328-006","1/4/2020 10:31:52","0000-00","0","no battery","V"
"11/02/2020","12:24:48","1","default","640513929","OXY_CH1","70.425","min","155.416","µmol/L","Humid","23.714","deg","44517","µV","26.603","°C","1018.000","hPa","35.3","pmil","0","55.520","deg","20.000","°C","100.000","%a.s.","21.750","deg","20.000","°C","977.000","hPa","0.861","-0.02617","0.00035","0","0","13.56","Humid","24.85","0","70.00","286352.48","SABD0000000001","AAV1.0.0.11","1.1.2.0","PSt7-10","170328-006","1/4/2020 10:31:52","0000-00","0","no battery","V"
"11/02/2020","12:24:49","1","default","640513929","OXY_CH1","70.442","min","155.504","µmol/L","Humid","23.708","deg","44518","µV","26.601","°C","1018.000","hPa","35.3","pmil","0","55.520","deg","20.000","°C","100.000","%a.s.","21.750","deg","20.000","°C","977.000","hPa","0.861","-0.02617","0.00035","0","0","13.56","Humid","24.85","0","70.00","286351.15","SABD0000000001","AAV1.0.0.11","1.1.2.0","PSt7-10","170328-006","1/4/2020 10:31:52","0000-00","0","no battery","V"
"11/02/2020","12:24:50","1","default","640513929","OXY_CH1","70.458","min","155.566","µmol/L","Humid","23.705","deg","44522","µV","26.596","°C","1018.000","hPa","35.3","pmil","0","55.520","deg","20.000","°C","100.000","%a.s.","21.750","deg","20.000","°C","977.000","hPa","0.861","-0.02617","0.00035","0","0","13.56","Humid","24.85","0","70.00","286355.77","SABD0000000001","AAV1.0.0.11","1.1.2.0","PSt7-10","170328-006","1/4/2020 10:31:52","0000-00","0","no battery","V"
"11/02/2020","12:24:51","1","default","640513929","OXY_CH1","70.475","min","155.560","µmol/L","Humid","23.703","deg","44520","µV","26.603","°C","1018.000","hPa","35.3","pmil","0","55.520","deg","20.000","°C","100.000","%a.s.","21.750","deg","20.000","°C","977.000","hPa","0.861","-0.02617","0.00035","0","0","13.56","Humid","24.85","0","70.00","286348.53","SABD0000000001","AAV1.0.0.11","1.1.2.0","PSt7-10","170328-006","1/4/2020 10:31:52","0000-00","0","no battery","V"
"11/02/2020","12:24:52","1","default","640513929","OXY_CH1","70.492","min","155.440","µmol/L","Humid","23.715","deg","44519","µV","26.595","°C","1018.000","hPa","35.3","pmil","0","55.520","deg","20.000","°C","100.000","%a.s.","21.750","deg","20.000","°C","977.000","hPa","0.861","-0.02617","0.00035","0","0","13.56","Humid","24.85","0","70.00","286352.72","SABD0000000001","AAV1.0.0.11","1.1.2.0","PSt7-10","170328-006","1/4/2020 10:31:52","0000-00","0","no battery","V"
"11/02/2020","12:24:53","1","default","640513929","OXY_CH1","70.509","min","155.507","µmol/L","Humid","23.709","deg","44517","µV","26.598","°C","1018.000","hPa","35.3","pmil","0","55.520","deg","20.000","°C","100.000","%a.s.","21.750","deg","20.000","°C","977.000","hPa","0.861","-0.02617","0.00035","0","0","13.56","Humid","24.85","0","70.00","286351.17","SABD0000000001","AAV1.0.0.11","1.1.2.0","PSt7-10","170328-006","1/4/2020 10:31:52","0000-00","0","no battery","V"
"11/02/2020","12:24:54","1","default","640513929","OXY_CH1","70.526","min","155.604","µmol/L","Humid","23.701","deg","44521","µV","26.599","°C","1018.000","hPa","35.3","pmil","0","55.520","deg","20.000","°C","100.000","%a.s.","21.750","deg","20.000","°C","977.000","hPa","0.861","-0.02617","0.00035","0","0","13.56","Humid","24.85","0","70.00","286353.87","SABD0000000001","AAV1.0.0.11","1.1.2.0","PSt7-10","170328-006","1/4/2020 10:31:52","0000-00","0","no battery","V"
"11/02/2020","12:24:55","1","default","640513929","OXY_CH1","70.542","min","155.529","µmol/L","Humid","23.703","deg","44522","µV","26.610","°C","1018.000","hPa","35.3","pmil","0","55.520","deg","20.000","°C","100.000","%a.s.","21.750","deg","20.000","°C","977.000","hPa","0.861","-0.02617","0.00035","0","0","13.56","Humid","24.85","0","70.00","286339.78","SABD0000000001","AAV1.0.0.11","1.1.2.0","PSt7-10","170328-006","1/4/2020 10:31:52","0000-00","0","no battery","V"
"11/02/2020","12:24:56","1","default","640513929","OXY_CH1","70.559","min","155.624","µmol/L","Humid","23.704","deg","44514","µV","26.586","°C","1018.000","hPa","35.3","pmil","0","55.520","deg","20.000","°C","100.000","%a.s.","21.750","deg","20.000","°C","977.000","hPa","0.861","-0.02617","0.00035","0","0","13.56","Humid","24.85","0","70.00","286344.53","SABD0000000001","AAV1.0.0.11","1.1.2.0","PSt7-10","170328-006","1/4/2020 10:31:52","0000-00","0","no battery","V"
"11/02/2020","12:24:57","1","default","640513929","OXY_CH1","70.576","min","155.527","µmol/L","Humid","23.708","deg","44519","µV","26.596","°C","1018.000","hPa","35.3","pmil","0","55.520","deg","20.000","°C","100.000","%a.s.","21.750","deg","20.000","°C","977.000","hPa","0.861","-0.02617","0.00035","0","0","13.56","Humid","24.85","0","70.00","286345.68","SABD0000000001","AAV1.0.0.11","1.1.2.0","PSt7-10","170328-006","1/4/2020 10:31:52","0000-00","0","no battery","V"
"11/02/2020","12:24:58","1","default","640513929","OXY_CH1","70.592","min","155.400","µmol/L","Humid","23.708","deg","44520","µV","26.624","°C","1018.000","hPa","35.3","pmil","0","55.520","deg","20.000","°C","100.000","%a.s.","21.750","deg","20.000","°C","977.000","hPa","0.861","-0.02617","0.00035","0","0","13.56","Humid","24.85","0","70.00","286340.65","SABD0000000001","AAV1.0.0.11","1.1.2.0","PSt7-10","170328-006","1/4/2020 10:31:52","0000-00","0","no battery","V"
"11/02/2020","12:24:59","1","default","640513929","OXY_CH1","70.609","min","155.535","µmol/L","Humid","23.702","deg","44527","µV","26.611","°C","1018.000","hPa","35.3","pmil","0","55.520","deg","20.000","°C","100.000","%a.s.","21.750","deg","20.000","°C","977.000","hPa","0.861","-0.02617","0.00035","0","0","13.56","Humid","24.85","0","70.00","286335.81","SABD0000000001","AAV1.0.0.11","1.1.2.0","PSt7-10","170328-006","1/4/2020 10:31:52","0000-00","0","no battery","V"
"11/02/2020","12:25:00","1","default","640513929","OXY_CH1","70.625","min","155.551","µmol/L","Humid","23.704","deg","44519","µV","26.602","°C","1018.000","hPa","35.3","pmil","0","55.520","deg","20.000","°C","100.000","%a.s.","21.750","deg","20.000","°C","977.000","hPa","0.861","-0.02617","0.00035","0","0","13.56","Humid","24.85","0","70.00","286340.04","SABD0000000001","AAV1.0.0.11","1.1.2.0","PSt7-10","170328-006","1/4/2020 10:31:52","0000-00","0","no battery","V"
"11/02/2020","12:25:01","1","default","640513929","OXY_CH1","70.642","min","155.497","µmol/L","Humid","23.706","deg","44514","µV","26.608","°C","1018.000","hPa","35.3","pmil","0","55.520","deg","20.000","°C","100.000","%a.s.","21.750","deg","20.000","°C","977.000","hPa","0.861","-0.02617","0.00035","0","0","13.56","Humid","24.85","0","70.00","286344.51","SABD0000000001","AAV1.0.0.11","1.1.2.0","PSt7-10","170328-006","1/4/2020 10:31:52","0000-00","0","no battery","V"
"11/02/2020","12:25:02","1","default","640513929","OXY_CH1","70.658","min","155.612","µmol/L","Humid","23.699","deg","44522","µV","26.603","°C","1018.000","hPa","35.3","pmil","0","55.520","deg","20.000","°C","100.000","%a.s.","21.750","deg","20.000","°C","977.000","hPa","0.861","-0.02617","0.00035","0","0","13.56","Humid","24.85","0","70.00","286353.10","SABD0000000001","AAV1.0.0.11","1.1.2.0","PSt7-10","170328-006","1/4/2020 10:31:52","0000-00","0","no battery","V"
"11/02/2020","12:25:03","1","default","640513929","OXY_CH1","70.675","min","155.528","µmol/L","Humid","23.704","deg","44523","µV","26.607","°C","1018.000","hPa","35.3","pmil","0","55.520","deg","20.000","°C","100.000","%a.s.","21.750","deg","20.000","°C","977.000","hPa","0.861","-0.02617","0.00035","0","0","13.56","Humid","24.85","0","70.00","286341.34","SABD0000000001","AAV1.0.0.11","1.1.2.0","PSt7-10","170328-006","1/4/2020 10:31:52","0000-00","0","no battery","V"
"11/02/2020","12:25:04","1","default","640513929","OXY_CH1","70.692","min","155.583","µmol/L","Humid","23.701","deg","44525","µV","26.604","°C","1018.000","hPa","35.3","pmil","0","55.520","deg","20.000","°C","100.000","%a.s.","21.750","deg","20.000","°C","977.000","hPa","0.861","-0.02617","0.00035","0","0","13.56","Humid","24.85","0","70.00","286346.89","SABD0000000001","AAV1.0.0.11","1.1.2.0","PSt7-10","170328-006","1/4/2020 10:31:52","0000-00","0","no battery","V"
"11/02/2020","12:25:05","1","default","640513929","OXY_CH1","70.709","min","155.533","µmol/L","Humid","23.706","deg","44530","µV","26.600","°C","1018.000","hPa","35.3","pmil","0","55.520","deg","20.000","°C","100.000","%a.s.","21.750","deg","20.000","°C","977.000","hPa","0.861","-0.02617","0.00035","0","0","13.56","Humid","24.85","0","70.00","286355.09","SABD0000000001","AAV1.0.0.11","1.1.2.0","PSt7-10","170328-006","1/4/2020 10:31:52","0000-00","0","no battery","V"
"11/02/2020","12:25:06","1","default","640513929","OXY_CH1","70.725","min","155.589","µmol/L","Humid","23.704","deg","44519","µV","26.594","°C","1018.000","hPa","35.3","pmil","0","55.520","deg","20.000","°C","100.000","%a.s.","21.750","deg","20.000","°C","977.000","hPa","0.861","-0.02617","0.00035","0","0","13.56","Humid","24.85","0","70.00","286340.47","SABD0000000001","AAV1.0.0.11","1.1.2.0","PSt7-10","170328-006","1/4/2020 10:31:52","0000-00","0","no battery","V"
"11/02/2020","12:25:07","1","default","640513929","OXY_CH1","70.742","min","155.684","µmol/L","Humid","23.700","deg","44516","µV","26.584","°C","1018.000","hPa","35.3","pmil","0","55.520","deg","20.000","°C","100.000","%a.s.","21.750","deg","20.000","°C","977.000","hPa","0.861","-0.02617","0.00035","0","0","13.56","Humid","24.85","0","70.00","286341.58","SABD0000000001","AAV1.0.0.11","1.1.2.0","PSt7-10","170328-006","1/4/2020 10:31:52","0000-00","0","no battery","V"
"11/02/2020","12:25:08","1","default","640513929","OXY_CH1","70.759","min","155.630","µmol/L","Humid","23.699","deg","44519","µV","26.599","°C","1018.000","hPa","35.3","pmil","0","55.520","deg","20.000","°C","100.000","%a.s.","21.750","deg","20.000","°C","977.000","hPa","0.861","-0.02617","0.00035","0","0","13.56","Humid","24.85","0","70.00","286347.56","SABD0000000001","AAV1.0.0.11","1.1.2.0","PSt7-10","170328-006","1/4/2020 10:31:52","0000-00","0","no battery","V"
"11/02/2020","12:25:09","1","default","640513929","OXY_CH1","70.776","min","155.618","µmol/L","Humid","23.697","deg","44513","µV","26.607","°C","1018.000","hPa","35.3","pmil","0","55.520","deg","20.000","°C","100.000","%a.s.","21.750","deg","20.000","°C","977.000","hPa","0.861","-0.02617","0.00035","0","0","13.56","Humid","24.85","0","70.00","286340.21","SABD0000000001","AAV1.0.0.11","1.1.2.0","PSt7-10","170328-006","1/4/2020 10:31:52","0000-00","0","no battery","V"
"11/02/2020","12:25:10","1","default","640513929","OXY_CH1","70.792","min","155.627","µmol/L","Humid","23.701","deg","44519","µV","26.594","°C","1018.000","hPa","35.3","pmil","0","55.520","deg","20.000","°C","100.000","%a.s.","21.750","deg","20.000","°C","977.000","hPa","0.861","-0.02617","0.00035","0","0","13.56","Humid","24.85","0","70.00","286335.87","SABD0000000001","AAV1.0.0.11","1.1.2.0","PSt7-10","170328-006","1/4/2020 10:31:52","0000-00","0","no battery","V"
"11/02/2020","12:25:11","1","default","640513929","OXY_CH1","70.809","min","155.483","µmol/L","Humid","23.706","deg","44513","µV","26.611","°C","1018.000","hPa","35.3","pmil","0","55.520","deg","20.000","°C","100.000","%a.s.","21.750","deg","20.000","°C","977.000","hPa","0.861","-0.02617","0.00035","0","0","13.56","Humid","24.85","0","70.00","286343.28","SABD0000000001","AAV1.0.0.11","1.1.2.0","PSt7-10","170328-006","1/4/2020 10:31:52","0000-00","0","no battery","V"
"11/02/2020","12:25:12","1","default","640513929","OXY_CH1","70.825","min","155.413","µmol/L","Humid","23.710","deg","44514","µV","26.615","°C","1018.000","hPa","35.3","pmil","0","55.520","deg","20.000","°C","100.000","%a.s.","21.750","deg","20.000","°C","977.000","hPa","0.861","-0.02617","0.00035","0","0","13.56","Humid","24.85","0","70.00","286343.58","SABD0000000001","AAV1.0.0.11","1.1.2.0","PSt7-10","170328-006","1/4/2020 10:31:52","0000-00","0","no battery","V"
"11/02/2020","12:25:13","1","default","640513929","OXY_CH1","70.842","min","155.689","µmol/L","Humid","23.699","deg","44511","µV","26.586","°C","1018.000","hPa","35.3","pmil","0","55.520","deg","20.000","°C","100.000","%a.s.","21.750","deg","20.000","°C","977.000","hPa","0.861","-0.02617","0.00035","0","0","13.56","Humid","24.85","0","70.00","286336.94","SABD0000000001","AAV1.0.0.11","1.1.2.0","PSt7-10","170328-006","1/4/2020 10:31:52","0000-00","0","no battery","V"
"11/02/2020","12:25:14","1","default","640513929","OXY_CH1","70.858","min","155.603","µmol/L","Humid","23.704","deg","44515","µV","26.591","°C","1018.000","hPa","35.3","pmil","0","55.520","deg","20.000","°C","100.000","%a.s.","21.750","deg","20.000","°C","977.000","hPa","0.861","-0.02617","0.00035","0","0","13.56","Humid","24.85","0","70.00","286338.56","SABD0000000001","AAV1.0.0.11","1.1.2.0","PSt7-10","170328-006","1/4/2020 10:31:52","0000-00","0","no battery","V"
"11/02/2020","12:25:15","1","default","640513929","OXY_CH1","70.875","min","155.548","µmol/L","Humid","23.708","deg","44512","µV","26.591","°C","1018.000","hPa","35.3","pmil","0","55.520","deg","20.000","°C","100.000","%a.s.","21.750","deg","20.000","°C","977.000","hPa","0.861","-0.02617","0.00035","0","0","13.56","Humid","24.85","0","70.00","286336.49","SABD0000000001","AAV1.0.0.11","1.1.2.0","PSt7-10","170328-006","1/4/2020 10:31:52","0000-00","0","no battery","V"
"11/02/2020","12:25:16","1","default","640513929","OXY_CH1","70.892","min","155.604","µmol/L","Humid","23.697","deg","44516","µV","26.611","°C","1018.000","hPa","35.3","pmil","0","55.520","deg","20.000","°C","100.000","%a.s.","21.750","deg","20.000","°C","977.000","hPa","0.861","-0.02617","0.00035","0","0","13.56","Humid","24.85","0","70.00","286351.34","SABD0000000001","AAV1.0.0.11","1.1.2.0","PSt7-10","170328-006","1/4/2020 10:31:52","0000-00","0","no battery","V"
"11/02/2020","12:25:17","1","default","640513929","OXY_CH1","70.909","min","155.600","µmol/L","Humid","23.698","deg","44514","µV","26.609","°C","1018.000","hPa","35.3","pmil","0","55.520","deg","20.000","°C","100.000","%a.s.","21.750","deg","20.000","°C","977.000","hPa","0.861","-0.02617","0.00035","0","0","13.56","Humid","24.85","0","70.00","286336.21","SABD0000000001","AAV1.0.0.11","1.1.2.0","PSt7-10","170328-006","1/4/2020 10:31:52","0000-00","0","no battery","V"
"11/02/2020","12:25:18","1","default","640513929","OXY_CH1","70.926","min","155.560","µmol/L","Humid","23.701","deg","44523","µV","26.609","°C","1018.000","hPa","35.3","pmil","0","55.520","deg","20.000","°C","100.000","%a.s.","21.750","deg","20.000","°C","977.000","hPa","0.861","-0.02617","0.00035","0","0","13.56","Humid","24.85","0","70.00","286347.43","SABD0000000001","AAV1.0.0.11","1.1.2.0","PSt7-10","170328-006","1/4/2020 10:31:52","0000-00","0","no battery","V"
"11/02/2020","12:25:19","1","default","640513929","OXY_CH1","70.942","min","155.641","µmol/L","Humid","23.700","deg","44522","µV","26.594","°C","1018.000","hPa","35.3","pmil","0","55.520","deg","20.000","°C","100.000","%a.s.","21.750","deg","20.000","°C","977.000","hPa","0.861","-0.02617","0.00035","0","0","13.56","Humid","24.85","0","70.00","286338.18","SABD0000000001","AAV1.0.0.11","1.1.2.0","PSt7-10","170328-006","1/4/2020 10:31:52","0000-00","0","no battery","V"
"11/02/2020","12:25:20","1","default","640513929","OXY_CH1","70.959","min","155.623","µmol/L","Humid","23.698","deg","44513","µV","26.603","°C","1018.000","hPa","35.3","pmil","0","55.520","deg","20.000","°C","100.000","%a.s.","21.750","deg","20.000","°C","977.000","hPa","0.861","-0.02617","0.00035","0","0","13.56","Humid","24.85","0","70.00","286339.75","SABD0000000001","AAV1.0.0.11","1.1.2.0","PSt7-10","170328-006","1/4/2020 10:31:52","0000-00","0","no battery","V"
"11/02/2020","12:25:21","1","default","640513929","OXY_CH1","70.976","min","155.714","µmol/L","Humid","23.695","deg","44523","µV","26.592","°C","1018.000","hPa","35.3","pmil","0","55.520","deg","20.000","°C","100.000","%a.s.","21.750","deg","20.000","°C","977.000","hPa","0.861","-0.02617","0.00035","0","0","13.56","Humid","24.85","0","70.00","286344.61","SABD0000000001","AAV1.0.0.11","1.1.2.0","PSt7-10","170328-006","1/4/2020 10:31:52","0000-00","0","no battery","V"
"11/02/2020","12:25:22","1","default","640513929","OXY_CH1","70.992","min","155.629","µmol/L","Humid","23.698","deg","44527","µV","26.602","°C","1018.000","hPa","35.3","pmil","0","55.520","deg","20.000","°C","100.000","%a.s.","21.750","deg","20.000","°C","977.000","hPa","0.861","-0.02617","0.00035","0","0","13.56","Humid","24.85","0","70.00","286346.07","SABD0000000001","AAV1.0.0.11","1.1.2.0","PSt7-10","170328-006","1/4/2020 10:31:52","0000-00","0","no battery","V"
"11/02/2020","12:25:23","1","default","640513929","OXY_CH1","71.008","min","155.546","µmol/L","Humid","23.701","deg","44514","µV","26.612","°C","1018.000","hPa","35.3","pmil","0","55.520","deg","20.000","°C","100.000","%a.s.","21.750","deg","20.000","°C","977.000","hPa","0.861","-0.02617","0.00035","0","0","13.56","Humid","24.85","0","70.00","286342.58","SABD0000000001","AAV1.0.0.11","1.1.2.0","PSt7-10","170328-006","1/4/2020 10:31:52","0000-00","0","no battery","V"
"11/02/2020","12:25:24","1","default","640513929","OXY_CH1","71.025","min","155.591","µmol/L","Humid","23.702","deg","44523","µV","26.599","°C","1018.000","hPa","35.3","pmil","0","55.520","deg","20.000","°C","100.000","%a.s.","21.750","deg","20.000","°C","977.000","hPa","0.861","-0.02617","0.00035","0","0","13.56","Humid","24.85","0","70.00","286343.18","SABD0000000001","AAV1.0.0.11","1.1.2.0","PSt7-10","170328-006","1/4/2020 10:31:52","0000-00","0","no battery","V"
"11/02/2020","12:25:25","1","default","640513929","OXY_CH1","71.042","min","155.547","µmol/L","Humid","23.705","deg","44523","µV","26.600","°C","1018.000","hPa","35.3","pmil","0","55.520","deg","20.000","°C","100.000","%a.s.","21.750","deg","20.000","°C","977.000","hPa","0.861","-0.02617","0.00035","0","0","13.56","Humid","24.85","0","70.00","286343.17","SABD0000000001","AAV1.0.0.11","1.1.2.0","PSt7-10","170328-006","1/4/2020 10:31:52","0000-00","0","no battery","V"
"11/02/2020","12:25:26","1","default","640513929","OXY_CH1","71.059","min","155.635","µmol/L","Humid","23.699","deg","44521","µV","26.598","°C","1018.000","hPa","35.3","pmil","0","55.520","deg","20.000","°C","100.000","%a.s.","21.750","deg","20.000","°C","977.000","hPa","0.861","-0.02617","0.00035","0","0","13.56","Humid","24.85","0","70.00","286358.13","SABD0000000001","AAV1.0.0.11","1.1.2.0","PSt7-10","170328-006","1/4/2020 10:31:52","0000-00","0","no battery","V"
"11/02/2020","12:25:27","1","default","640513929","OXY_CH1","71.075","min","155.578","µmol/L","Humid","23.702","deg","44521","µV","26.602","°C","1018.000","hPa","35.3","pmil","0","55.520","deg","20.000","°C","100.000","%a.s.","21.750","deg","20.000","°C","977.000","hPa","0.861","-0.02617","0.00035","0","0","13.56","Humid","24.85","0","70.00","286342.01","SABD0000000001","AAV1.0.0.11","1.1.2.0","PSt7-10","170328-006","1/4/2020 10:31:52","0000-00","0","no battery","V"
"11/02/2020","12:25:28","1","default","640513929","OXY_CH1","71.092","min","155.732","µmol/L","Humid","23.693","deg","44518","µV","26.594","°C","1018.000","hPa","35.3","pmil","0","55.520","deg","20.000","°C","100.000","%a.s.","21.750","deg","20.000","°C","977.000","hPa","0.861","-0.02617","0.00035","0","0","13.56","Humid","24.85","0","70.00","286342.78","SABD0000000001","AAV1.0.0.11","1.1.2.0","PSt7-10","170328-006","1/4/2020 10:31:52","0000-00","0","no battery","V"
"11/02/2020","12:25:29","1","default","640513929","OXY_CH1","71.109","min","155.651","µmol/L","Humid","23.700","deg","44523","µV","26.592","°C","1018.000","hPa","35.3","pmil","0","55.520","deg","20.000","°C","100.000","%a.s.","21.750","deg","20.000","°C","977.000","hPa","0.861","-0.02617","0.00035","0","0","13.56","Humid","24.85","0","70.00","286343.61","SABD0000000001","AAV1.0.0.11","1.1.2.0","PSt7-10","170328-006","1/4/2020 10:31:52","0000-00","0","no battery","V"
"11/02/2020","12:25:30","1","default","640513929","OXY_CH1","71.126","min","155.657","µmol/L","Humid","23.696","deg","44521","µV","26.602","°C","1018.000","hPa","35.3","pmil","0","55.520","deg","20.000","°C","100.000","%a.s.","21.750","deg","20.000","°C","977.000","hPa","0.861","-0.02617","0.00035","0","0","13.56","Humid","24.85","0","70.00","286357.43","SABD0000000001","AAV1.0.0.11","1.1.2.0","PSt7-10","170328-006","1/4/2020 10:31:52","0000-00","0","no battery","V"
"11/02/2020","12:25:31","1","default","640513929","OXY_CH1","71.142","min","155.723","µmol/L","Humid","23.694","deg","44525","µV","26.593","°C","1018.000","hPa","35.3","pmil","0","55.520","deg","20.000","°C","100.000","%a.s.","21.750","deg","20.000","°C","977.000","hPa","0.861","-0.02617","0.00035","0","0","13.56","Humid","24.85","0","70.00","286347.93","SABD0000000001","AAV1.0.0.11","1.1.2.0","PSt7-10","170328-006","1/4/2020 10:31:52","0000-00","0","no battery","V"
"11/02/2020","12:25:32","1","default","640513929","OXY_CH1","71.158","min","155.584","µmol/L","Humid","23.702","deg","44526","µV","26.601","°C","1018.000","hPa","35.3","pmil","0","55.520","deg","20.000","°C","100.000","%a.s.","21.750","deg","20.000","°C","977.000","hPa","0.861","-0.02617","0.00035","0","0","13.56","Humid","24.85","0","70.00","286340.62","SABD0000000001","AAV1.0.0.11","1.1.2.0","PSt7-10","170328-006","1/4/2020 10:31:52","0000-00","0","no battery","V"
"11/02/2020","12:25:33","1","default","640513929","OXY_CH1","71.175","min","155.701","µmol/L","Humid","23.694","deg","44528","µV","26.598","°C","1018.000","hPa","35.3","pmil","0","55.520","deg","20.000","°C","100.000","%a.s.","21.750","deg","20.000","°C","977.000","hPa","0.861","-0.02617","0.00035","0","0","13.56","Humid","24.85","0","70.00","286351.83","SABD0000000001","AAV1.0.0.11","1.1.2.0","PSt7-10","170328-006","1/4/2020 10:31:52","0000-00","0","no battery","V"
"11/02/2020","12:25:34","1","default","640513929","OXY_CH1","71.192","min","155.868","µmol/L","Humid","23.685","deg","44524","µV","26.587","°C","1018.000","hPa","35.3","pmil","0","55.520","deg","20.000","°C","100.000","%a.s.","21.750","deg","20.000","°C","977.000","hPa","0.861","-0.02617","0.00035","0","0","13.56","Humid","24.85","0","70.00","286336.59","SABD0000000001","AAV1.0.0.11","1.1.2.0","PSt7-10","170328-006","1/4/2020 10:31:52","0000-00","0","no battery","V"
"11/02/2020","12:25:35","1","default","640513929","OXY_CH1","71.208","min","155.729","µmol/L","Humid","23.697","deg","44527","µV","26.583","°C","1018.000","hPa","35.3","pmil","0","55.520","deg","20.000","°C","100.000","%a.s.","21.750","deg","20.000","°C","977.000","hPa","0.861","-0.02617","0.00035","0","0","13.56","Humid","24.85","0","70.00","286342.48","SABD0000000001","AAV1.0.0.11","1.1.2.0","PSt7-10","170328-006","1/4/2020 10:31:52","0000-00","0","no battery","V"
"11/02/2020","12:25:36","1","default","640513929","OXY_CH1","71.225","min","155.643","µmol/L","Humid","23.696","deg","44527","µV","26.605","°C","1018.000","hPa","35.3","pmil","0","55.520","deg","20.000","°C","100.000","%a.s.","21.750","deg","20.000","°C","977.000","hPa","0.861","-0.02617","0.00035","0","0","13.56","Humid","24.85","0","70.00","286331.91","SABD0000000001","AAV1.0.0.11","1.1.2.0","PSt7-10","170328-006","1/4/2020 10:31:52","0000-00","0","no battery","V"
"11/02/2020","12:25:37","1","default","640513929","OXY_CH1","71.242","min","155.693","µmol/L","Humid","23.696","deg","44516","µV","26.594","°C","1018.000","hPa","35.3","pmil","0","55.520","deg","20.000","°C","100.000","%a.s.","21.750","deg","20.000","°C","977.000","hPa","0.861","-0.02617","0.00035","0","0","13.56","Humid","24.85","0","70.00","286346.92","SABD0000000001","AAV1.0.0.11","1.1.2.0","PSt7-10","170328-006","1/4/2020 10:31:52","0000-00","0","no battery","V"
"11/02/2020","12:25:38","1","default","640513929","OXY_CH1","71.259","min","155.809","µmol/L","Humid","23.693","deg","44517","µV","26.577","°C","1018.000","hPa","35.3","pmil","0","55.520","deg","20.000","°C","100.000","%a.s.","21.750","deg","20.000","°C","977.000","hPa","0.861","-0.02617","0.00035","0","0","13.56","Humid","24.85","0","70.00","286342.79","SABD0000000001","AAV1.0.0.11","1.1.2.0","PSt7-10","170328-006","1/4/2020 10:31:52","0000-00","0","no battery","V"
"11/02/2020","12:25:39","1","default","640513929","OXY_CH1","71.275","min","155.579","µmol/L","Humid","23.701","deg","44521","µV","26.605","°C","1018.000","hPa","35.3","pmil","0","55.520","deg","20.000","°C","100.000","%a.s.","21.750","deg","20.000","°C","977.000","hPa","0.861","-0.02617","0.00035","0","0","13.56","Humid","24.85","0","70.00","286333.06","SABD0000000001","AAV1.0.0.11","1.1.2.0","PSt7-10","170328-006","1/4/2020 10:31:52","0000-00","0","no battery","V"
"11/02/2020","12:25:40","1","default","640513929","OXY_CH1","71.292","min","155.649","µmol/L","Humid","23.698","deg","44515","µV","26.598","°C","1018.000","hPa","35.3","pmil","0","55.520","deg","20.000","°C","100.000","%a.s.","21.750","deg","20.000","°C","977.000","hPa","0.861","-0.02617","0.00035","0","0","13.56","Humid","24.85","0","70.00","286331.52","SABD0000000001","AAV1.0.0.11","1.1.2.0","PSt7-10","170328-006","1/4/2020 10:31:52","0000-00","0","no battery","V"
"11/02/2020","12:25:41","1","default","640513929","OXY_CH1","71.309","min","155.658","µmol/L","Humid","23.700","deg","44517","µV","26.590","°C","1018.000","hPa","35.3","pmil","0","55.520","deg","20.000","°C","100.000","%a.s.","21.750","deg","20.000","°C","977.000","hPa","0.861","-0.02617","0.00035","0","0","13.56","Humid","24.85","0","70.00","286345.98","SABD0000000001","AAV1.0.0.11","1.1.2.0","PSt7-10","170328-006","1/4/2020 10:31:52","0000-00","0","no battery","V"
"11/02/2020","12:25:42","1","default","640513929","OXY_CH1","71.326","min","155.715","µmol/L","Humid","23.695","deg","44510","µV","26.592","°C","1018.000","hPa","35.3","pmil","0","55.520","deg","20.000","°C","100.000","%a.s.","21.750","deg","20.000","°C","977.000","hPa","0.861","-0.02617","0.00035","0","0","13.56","Humid","24.85","0","70.00","286339.02","SABD0000000001","AAV1.0.0.11","1.1.2.0","PSt7-10","170328-006","1/4/2020 10:31:52","0000-00","0","no battery","V"
"11/02/2020","12:25:43","1","default","640513929","OXY_CH1","71.342","min","155.775","µmol/L","Humid","23.693","deg","44514","µV","26.584","°C","1018.000","hPa","35.3","pmil","0","55.520","deg","20.000","°C","100.000","%a.s.","21.750","deg","20.000","°C","977.000","hPa","0.861","-0.02617","0.00035","0","0","13.56","Humid","24.85","0","70.00","286339.30","SABD0000000001","AAV1.0.0.11","1.1.2.0","PSt7-10","170328-006","1/4/2020 10:31:52","0000-00","0","no battery","V"
"11/02/2020","12:25:44","1","default","640513929","OXY_CH1","71.359","min","155.753","µmol/L","Humid","23.694","deg","44507","µV","26.586","°C","1018.000","hPa","35.3","pmil","0","55.520","deg","20.000","°C","100.000","%a.s.","21.750","deg","20.000","°C","977.000","hPa","0.861","-0.02617","0.00035","0","0","13.56","Humid","24.85","0","70.00","286339.80","SABD0000000001","AAV1.0.0.11","1.1.2.0","PSt7-10","170328-006","1/4/2020 10:31:52","0000-00","0","no battery","V"
"11/02/2020","12:25:45","1","default","640513929","OXY_CH1","71.376","min","155.761","µmol/L","Humid","23.690","deg","44516","µV","26.596","°C","1018.000","hPa","35.3","pmil","0","55.520","deg","20.000","°C","100.000","%a.s.","21.750","deg","20.000","°C","977.000","hPa","0.861","-0.02617","0.00035","0","0","13.56","Humid","24.85","0","70.00","286341.50","SABD0000000001","AAV1.0.0.11","1.1.2.0","PSt7-10","170328-006","1/4/2020 10:31:52","0000-00","0","no battery","V"
"11/02/2020","12:25:46","1","default","640513929","OXY_CH1","71.392","min","155.764","µmol/L","Humid","23.689","deg","44507","µV","26.598","°C","1018.000","hPa","35.3","pmil","0","55.520","deg","20.000","°C","100.000","%a.s.","21.750","deg","20.000","°C","977.000","hPa","0.861","-0.02617","0.00035","0","0","13.56","Humid","24.85","0","70.00","286333.21","SABD0000000001","AAV1.0.0.11","1.1.2.0","PSt7-10","170328-006","1/4/2020 10:31:52","0000-00","0","no battery","V"
"11/02/2020","12:25:47","1","default","640513929","OXY_CH1","71.408","min","155.672","µmol/L","Humid","23.697","deg","44505","µV","26.596","°C","1018.000","hPa","35.3","pmil","0","55.520","deg","20.000","°C","100.000","%a.s.","21.750","deg","20.000","°C","977.000","hPa","0.861","-0.02617","0.00035","0","0","13.56","Humid","24.85","0","70.00","286332.79","SABD0000000001","AAV1.0.0.11","1.1.2.0","PSt7-10","170328-006","1/4/2020 10:31:52","0000-00","0","no battery","V"
"11/02/2020","12:25:48","1","default","640513929","OXY_CH1","71.425","min","155.665","µmol/L","Humid","23.696","deg","44504","µV","26.600","°C","1018.000","hPa","35.3","pmil","0","55.520","deg","20.000","°C","100.000","%a.s.","21.750","deg","20.000","°C","977.000","hPa","0.861","-0.02617","0.00035","0","0","13.56","Humid","24.85","0","70.00","286331.72","SABD0000000001","AAV1.0.0.11","1.1.2.0","PSt7-10","170328-006","1/4/2020 10:31:52","0000-00","0","no battery","V"
"11/02/2020","12:25:49","1","default","640513929","OXY_CH1","71.442","min","155.692","µmol/L","Humid","23.694","deg","44505","µV","26.600","°C","1018.000","hPa","35.3","pmil","0","55.520","deg","20.000","°C","100.000","%a.s.","21.750","deg","20.000","°C","977.000","hPa","0.861","-0.02617","0.00035","0","0","13.56","Humid","24.85","0","70.00","286333.66","SABD0000000001","AAV1.0.0.11","1.1.2.0","PSt7-10","170328-006","1/4/2020 10:31:52","0000-00","0","no battery","V"
"11/02/2020","12:25:50","1","default","640513929","OXY_CH1","71.459","min","155.832","µmol/L","Humid","23.687","deg","44504","µV","26.589","°C","1018.000","hPa","35.3","pmil","0","55.520","deg","20.000","°C","100.000","%a.s.","21.750","deg","20.000","°C","977.000","hPa","0.861","-0.02617","0.00035","0","0","13.56","Humid","24.85","0","70.00","286334.03","SABD0000000001","AAV1.0.0.11","1.1.2.0","PSt7-10","170328-006","1/4/2020 10:31:52","0000-00","0","no battery","V"
"11/02/2020","12:25:51","1","default","640513929","OXY_CH1","71.475","min","155.823","µmol/L","Humid","23.689","deg","44497","µV","26.585","°C","1018.000","hPa","35.3","pmil","0","55.520","deg","20.000","°C","100.000","%a.s.","21.750","deg","20.000","°C","977.000","hPa","0.861","-0.02617","0.00035","0","0","13.56","Humid","24.85","0","70.00","286329.05","SABD0000000001","AAV1.0.0.11","1.1.2.0","PSt7-10","170328-006","1/4/2020 10:31:52","0000-00","0","no battery","V"
"11/02/2020","12:25:52","1","default","640513929","OXY_CH1","71.492","min","155.747","µmol/L","Humid","23.694","deg","44502","µV","26.588","°C","1018.000","hPa","35.3","pmil","0","55.520","deg","20.000","°C","100.000","%a.s.","21.750","deg","20.000","°C","977.000","hPa","0.861","-0.02617","0.00035","0","0","13.56","Humid","24.85","0","70.00","286318.12","SABD0000000001","AAV1.0.0.11","1.1.2.0","PSt7-10","170328-006","1/4/2020 10:31:52","0000-00","0","no battery","V"
"11/02/2020","12:25:53","1","default","640513929","OXY_CH1","71.509","min","155.661","µmol/L","Humid","23.701","deg","44505","µV","26.587","°C","1018.000","hPa","35.3","pmil","0","55.520","deg","20.000","°C","100.000","%a.s.","21.750","deg","20.000","°C","977.000","hPa","0.861","-0.02617","0.00035","0","0","13.56","Humid","24.85","0","70.00","286333.79","SABD0000000001","AAV1.0.0.11","1.1.2.0","PSt7-10","170328-006","1/4/2020 10:31:52","0000-00","0","no battery","V"
"11/02/2020","12:25:54","1","default","640513929","OXY_CH1","71.526","min","155.726","µmol/L","Humid","23.695","deg","44504","µV","26.589","°C","1018.000","hPa","35.3","pmil","0","55.520","deg","20.000","°C","100.000","%a.s.","21.750","deg","20.000","°C","977.000","hPa","0.861","-0.02617","0.00035","0","0","13.56","Humid","24.85","0","70.00","286337.83","SABD0000000001","AAV1.0.0.11","1.1.2.0","PSt7-10","170328-006","1/4/2020 10:31:52","0000-00","0","no battery","V"
"11/02/2020","12:25:55","1","default","640513929","OXY_CH1","71.542","min","155.678","µmol/L","Humid","23.691","deg","44493","µV","26.611","°C","1018.000","hPa","35.3","pmil","0","55.520","deg","20.000","°C","100.000","%a.s.","21.750","deg","20.000","°C","977.000","hPa","0.861","-0.02617","0.00035","0","0","13.56","Humid","24.85","0","70.00","286340.92","SABD0000000001","AAV1.0.0.11","1.1.2.0","PSt7-10","170328-006","1/4/2020 10:31:52","0000-00","0","no battery","V"
"11/02/2020","12:25:56","1","default","640513929","OXY_CH1","71.558","min","155.747","µmol/L","Humid","23.690","deg","44499","µV","26.599","°C","1018.000","hPa","35.3","pmil","0","55.520","deg","20.000","°C","100.000","%a.s.","21.750","deg","20.000","°C","977.000","hPa","0.861","-0.02617","0.00035","0","0","13.56","Humid","24.85","0","70.00","286329.82","SABD0000000001","AAV1.0.0.11","1.1.2.0","PSt7-10","170328-006","1/4/2020 10:31:52","0000-00","0","no battery","V"
"11/02/2020","12:25:57","1","default","640513929","OXY_CH1","71.575","min","155.673","µmol/L","Humid","23.698","deg","44496","µV","26.593","°C","1018.000","hPa","35.3","pmil","0","55.520","deg","20.000","°C","100.000","%a.s.","21.750","deg","20.000","°C","977.000","hPa","0.861","-0.02617","0.00035","0","0","13.56","Humid","24.85","0","70.00","286340.00","SABD0000000001","AAV1.0.0.11","1.1.2.0","PSt7-10","170328-006","1/4/2020 10:31:52","0000-00","0","no battery","V"
"11/02/2020","12:25:58","1","default","640513929","OXY_CH1","71.592","min","155.689","µmol/L","Humid","23.692","deg","44498","µV","26.606","°C","1018.000","hPa","35.3","pmil","0","55.520","deg","20.000","°C","100.000","%a.s.","21.750","deg","20.000","°C","977.000","hPa","0.861","-0.02617","0.00035","0","0","13.56","Humid","24.85","0","70.00","286335.39","SABD0000000001","AAV1.0.0.11","1.1.2.0","PSt7-10","170328-006","1/4/2020 10:31:52","0000-00","0","no battery","V"
"11/02/2020","12:25:59","1","default","640513929","OXY_CH1","71.609","min","155.770","µmol/L","Humid","23.691","deg","44505","µV","26.591","°C","1018.000","hPa","35.3","pmil","0","55.520","deg","20.000","°C","100.000","%a.s.","21.750","deg","20.000","°C","977.000","hPa","0.861","-0.02617","0.00035","0","0","13.56","Humid","24.85","0","70.00","286330.96","SABD0000000001","AAV1.0.0.11","1.1.2.0","PSt7-10","170328-006","1/4/2020 10:31:52","0000-00","0","no battery","V"
"11/02/2020","12:26:00","1","default","640513929","OXY_CH1","71.625","min","155.700","µmol/L","Humid","23.695","deg","44503","µV","26.595","°C","1018.000","hPa","35.3","pmil","0","55.520","deg","20.000","°C","100.000","%a.s.","21.750","deg","20.000","°C","977.000","hPa","0.861","-0.02617","0.00035","0","0","13.56","Humid","24.85","0","70.00","286335.85","SABD0000000001","AAV1.0.0.11","1.1.2.0","PSt7-10","170328-006","1/4/2020 10:31:52","0000-00","0","no battery","V"
"11/02/2020","12:26:01","1","default","640513929","OXY_CH1","71.642","min","155.646","µmol/L","Humid","23.696","deg","44500","µV","26.604","°C","1018.000","hPa","35.3","pmil","0","55.520","deg","20.000","°C","100.000","%a.s.","21.750","deg","20.000","°C","977.000","hPa","0.861","-0.02617","0.00035","0","0","13.56","Humid","24.85","0","70.00","286335.27","SABD0000000001","AAV1.0.0.11","1.1.2.0","PSt7-10","170328-006","1/4/2020 10:31:52","0000-00","0","no battery","V"
"11/02/2020","12:26:02","1","default","640513929","OXY_CH1","71.659","min","155.744","µmol/L","Humid","23.689","deg","44496","µV","26.603","°C","1018.000","hPa","35.3","pmil","0","55.520","deg","20.000","°C","100.000","%a.s.","21.750","deg","20.000","°C","977.000","hPa","0.861","-0.02617","0.00035","0","0","13.56","Humid","24.85","0","70.00","286333.39","SABD0000000001","AAV1.0.0.11","1.1.2.0","PSt7-10","170328-006","1/4/2020 10:31:52","0000-00","0","no battery","V"
"11/02/2020","12:26:03","1","default","640513929","OXY_CH1","71.675","min","155.721","µmol/L","Humid","23.697","deg","44498","µV","26.585","°C","1018.000","hPa","35.3","pmil","0","55.520","deg","20.000","°C","100.000","%a.s.","21.750","deg","20.000","°C","977.000","hPa","0.861","-0.02617","0.00035","0","0","13.56","Humid","24.85","0","70.00","286315.37","SABD0000000001","AAV1.0.0.11","1.1.2.0","PSt7-10","170328-006","1/4/2020 10:31:52","0000-00","0","no battery","V"
"11/02/2020","12:26:04","1","default","640513929","OXY_CH1","71.692","min","155.685","µmol/L","Humid","23.696","deg","44498","µV","26.596","°C","1018.000","hPa","35.3","pmil","0","55.520","deg","20.000","°C","100.000","%a.s.","21.750","deg","20.000","°C","977.000","hPa","0.861","-0.02617","0.00035","0","0","13.56","Humid","24.85","0","70.00","286332.37","SABD0000000001","AAV1.0.0.11","1.1.2.0","PSt7-10","170328-006","1/4/2020 10:31:52","0000-00","0","no battery","V"
"11/02/2020","12:26:05","1","default","640513929","OXY_CH1","71.709","min","155.741","µmol/L","Humid","23.696","deg","44488","µV","26.583","°C","1018.000","hPa","35.3","pmil","0","55.520","deg","20.000","°C","100.000","%a.s.","21.750","deg","20.000","°C","977.000","hPa","0.861","-0.02617","0.00035","0","0","13.56","Humid","24.85","0","70.00","286321.25","SABD0000000001","AAV1.0.0.11","1.1.2.0","PSt7-10","170328-006","1/4/2020 10:31:52","0000-00","0","no battery","V"
"11/02/2020","12:26:06","1","default","640513929","OXY_CH1","71.725","min","155.654","µmol/L","Humid","23.696","deg","44493","µV","26.602","°C","1018.000","hPa","35.3","pmil","0","55.520","deg","20.000","°C","100.000","%a.s.","21.750","deg","20.000","°C","977.000","hPa","0.861","-0.02617","0.00035","0","0","13.56","Humid","24.85","0","70.00","286322.68","SABD0000000001","AAV1.0.0.11","1.1.2.0","PSt7-10","170328-006","1/4/2020 10:31:52","0000-00","0","no battery","V"
"11/02/2020","12:26:07","1","default","640513929","OXY_CH1","71.742","min","155.838","µmol/L","Humid","23.685","deg","44497","µV","26.593","°C","1018.000","hPa","35.3","pmil","0","55.520","deg","20.000","°C","100.000","%a.s.","21.750","deg","20.000","°C","977.000","hPa","0.861","-0.02617","0.00035","0","0","13.56","Humid","24.85","0","70.00","286330.90","SABD0000000001","AAV1.0.0.11","1.1.2.0","PSt7-10","170328-006","1/4/2020 10:31:52","0000-00","0","no battery","V"
"11/02/2020","12:26:08","1","default","640513929","OXY_CH1","71.759","min","155.840","µmol/L","Humid","23.686","deg","44492","µV","26.590","°C","1018.000","hPa","35.3","pmil","0","55.520","deg","20.000","°C","100.000","%a.s.","21.750","deg","20.000","°C","977.000","hPa","0.861","-0.02617","0.00035","0","0","13.56","Humid","24.85","0","70.00","286328.89","SABD0000000001","AAV1.0.0.11","1.1.2.0","PSt7-10","170328-006","1/4/2020 10:31:52","0000-00","0","no battery","V"
"11/02/2020","12:26:09","1","default","640513929","OXY_CH1","71.776","min","155.831","µmol/L","Humid","23.690","deg","44493","µV","26.581","°C","1018.000","hPa","35.3","pmil","0","55.520","deg","20.000","°C","100.000","%a.s.","21.750","deg","20.000","°C","977.000","hPa","0.861","-0.02617","0.00035","0","0","13.56","Humid","24.85","0","70.00","286331.39","SABD0000000001","AAV1.0.0.11","1.1.2.0","PSt7-10","170328-006","1/4/2020 10:31:52","0000-00","0","no battery","V"
"11/02/2020","12:26:10","1","default","640513929","OXY_CH1","71.792","min","155.748","µmol/L","Humid","23.691","deg","44488","µV","26.596","°C","1018.000","hPa","35.3","pmil","0","55.520","deg","20.000","°C","100.000","%a.s.","21.750","deg","20.000","°C","977.000","hPa","0.861","-0.02617","0.00035","0","0","13.56","Humid","24.85","0","70.00","286331.87","SABD0000000001","AAV1.0.0.11","1.1.2.0","PSt7-10","170328-006","1/4/2020 10:31:52","0000-00","0","no battery","V"
"11/02/2020","12:26:11","1","default","640513929","OXY_CH1","71.809","min","155.772","µmol/L","Humid","23.696","deg","44491","µV","26.577","°C","1018.000","hPa","35.3","pmil","0","55.520","deg","20.000","°C","100.000","%a.s.","21.750","deg","20.000","°C","977.000","hPa","0.861","-0.02617","0.00035","0","0","13.56","Humid","24.85","0","70.00","286330.86","SABD0000000001","AAV1.0.0.11","1.1.2.0","PSt7-10","170328-006","1/4/2020 10:31:52","0000-00","0","no battery","V"
"11/02/2020","12:26:12","1","default","640513929","OXY_CH1","71.826","min","155.795","µmol/L","Humid","23.694","deg","44486","µV","26.577","°C","1018.000","hPa","35.3","pmil","0","55.520","deg","20.000","°C","100.000","%a.s.","21.750","deg","20.000","°C","977.000","hPa","0.861","-0.02617","0.00035","0","0","13.56","Humid","24.85","0","70.00","286327.87","SABD0000000001","AAV1.0.0.11","1.1.2.0","PSt7-10","170328-006","1/4/2020 10:31:52","0000-00","0","no battery","V"
"11/02/2020","12:26:13","1","default","640513929","OXY_CH1","71.842","min","155.788","µmol/L","Humid","23.694","deg","44486","µV","26.579","°C","1018.000","hPa","35.3","pmil","0","55.520","deg","20.000","°C","100.000","%a.s.","21.750","deg","20.000","°C","977.000","hPa","0.861","-0.02617","0.00035","0","0","13.56","Humid","24.85","0","70.00","286322.94","SABD0000000001","AAV1.0.0.11","1.1.2.0","PSt7-10","170328-006","1/4/2020 10:31:52","0000-00","0","no battery","V"
"11/02/2020","12:26:14","1","default","640513929","OXY_CH1","71.859","min","155.643","µmol/L","Humid","23.696","deg","44488","µV","26.605","°C","1018.000","hPa","35.3","pmil","0","55.520","deg","20.000","°C","100.000","%a.s.","21.750","deg","20.000","°C","977.000","hPa","0.861","-0.02617","0.00035","0","0","13.56","Humid","24.85","0","70.00","286323.48","SABD0000000001","AAV1.0.0.11","1.1.2.0","PSt7-10","170328-006","1/4/2020 10:31:52","0000-00","0","no battery","V"
"11/02/2020","12:26:15","1","default","640513929","OXY_CH1","71.876","min","155.820","µmol/L","Humid","23.681","deg","44483","µV","26.609","°C","1018.000","hPa","35.3","pmil","0","55.520","deg","20.000","°C","100.000","%a.s.","21.750","deg","20.000","°C","977.000","hPa","0.861","-0.02617","0.00035","0","0","13.56","Humid","24.85","0","70.00","286318.89","SABD0000000001","AAV1.0.0.11","1.1.2.0","PSt7-10","170328-006","1/4/2020 10:31:52","0000-00","0","no battery","V"
"11/02/2020","12:26:16","1","default","640513929","OXY_CH1","71.892","min","155.668","µmol/L","Humid","23.696","deg","44491","µV","26.599","°C","1018.000","hPa","35.3","pmil","0","55.520","deg","20.000","°C","100.000","%a.s.","21.750","deg","20.000","°C","977.000","hPa","0.861","-0.02617","0.00035","0","0","13.56","Humid","24.85","0","70.00","286319.45","SABD0000000001","AAV1.0.0.11","1.1.2.0","PSt7-10","170328-006","1/4/2020 10:31:52","0000-00","0","no battery","V"
"11/02/2020","12:26:17","1","default","640513929","OXY_CH1","71.909","min","155.760","µmol/L","Humid","23.692","deg","44488","µV","26.591","°C","1018.000","hPa","35.3","pmil","0","55.520","deg","20.000","°C","100.000","%a.s.","21.750","deg","20.000","°C","977.000","hPa","0.861","-0.02617","0.00035","0","0","13.56","Humid","24.85","0","70.00","286324.64","SABD0000000001","AAV1.0.0.11","1.1.2.0","PSt7-10","170328-006","1/4/2020 10:31:52","0000-00","0","no battery","V"
"11/02/2020","12:26:18","1","default","640513929","OXY_CH1","71.925","min","155.680","µmol/L","Humid","23.695","deg","44488","µV","26.600","°C","1018.000","hPa","35.3","pmil","0","55.520","deg","20.000","°C","100.000","%a.s.","21.750","deg","20.000","°C","977.000","hPa","0.861","-0.02617","0.00035","0","0","13.56","Humid","24.85","0","70.00","286320.73","SABD0000000001","AAV1.0.0.11","1.1.2.0","PSt7-10","170328-006","1/4/2020 10:31:52","0000-00","0","no battery","V"
"11/02/2020","12:26:19","1","default","640513929","OXY_CH1","71.942","min","155.792","µmol/L","Humid","23.690","deg","44492","µV","26.589","°C","1018.000","hPa","35.3","pmil","0","55.520","deg","20.000","°C","100.000","%a.s.","21.750","deg","20.000","°C","977.000","hPa","0.861","-0.02617","0.00035","0","0","13.56","Humid","24.85","0","70.00","286327.98","SABD0000000001","AAV1.0.0.11","1.1.2.0","PSt7-10","170328-006","1/4/2020 10:31:52","0000-00","0","no battery","V"
"11/02/2020","12:26:20","1","default","640513929","OXY_CH1","71.958","min","155.759","µmol/L","Humid","23.687","deg","44487","µV","26.605","°C","1018.000","hPa","35.3","pmil","0","55.520","deg","20.000","°C","100.000","%a.s.","21.750","deg","20.000","°C","977.000","hPa","0.861","-0.02617","0.00035","0","0","13.56","Humid","24.85","0","70.00","286322.63","SABD0000000001","AAV1.0.0.11","1.1.2.0","PSt7-10","170328-006","1/4/2020 10:31:52","0000-00","0","no battery","V"
"11/02/2020","12:26:21","1","default","640513929","OXY_CH1","71.975","min","155.790","µmol/L","Humid","23.687","deg","44485","µV","26.598","°C","1018.000","hPa","35.3","pmil","0","55.520","deg","20.000","°C","100.000","%a.s.","21.750","deg","20.000","°C","977.000","hPa","0.861","-0.02617","0.00035","0","0","13.56","Humid","24.85","0","70.00","286315.82","SABD0000000001","AAV1.0.0.11","1.1.2.0","PSt7-10","170328-006","1/4/2020 10:31:52","0000-00","0","no battery","V"
"11/02/2020","12:26:22","1","default","640513929","OXY_CH1","71.992","min","155.839","µmol/L","Humid","23.683","deg","44482","µV","26.599","°C","1018.000","hPa","35.3","pmil","0","55.520","deg","20.000","°C","100.000","%a.s.","21.750","deg","20.000","°C","977.000","hPa","0.861","-0.02617","0.00035","0","0","13.56","Humid","24.85","0","70.00","286319.46","SABD0000000001","AAV1.0.0.11","1.1.2.0","PSt7-10","170328-006","1/4/2020 10:31:52","0000-00","0","no battery","V"
"11/02/2020","12:26:23","1","default","640513929","OXY_CH1","72.009","min","155.763","µmol/L","Humid","23.690","deg","44486","µV","26.596","°C","1018.000","hPa","35.3","pmil","0","55.520","deg","20.000","°C","100.000","%a.s.","21.750","deg","20.000","°C","977.000","hPa","0.861","-0.02617","0.00035","0","0","13.56","Humid","24.85","0","70.00","286326.23","SABD0000000001","AAV1.0.0.11","1.1.2.0","PSt7-10","170328-006","1/4/2020 10:31:52","0000-00","0","no battery","V"
"11/02/2020","12:26:24","1","default","640513929","OXY_CH1","72.026","min","155.844","µmol/L","Humid","23.689","deg","44484","µV","26.581","°C","1018.000","hPa","35.3","pmil","0","55.520","deg","20.000","°C","100.000","%a.s.","21.750","deg","20.000","°C","977.000","hPa","0.861","-0.02617","0.00035","0","0","13.56","Humid","24.85","0","70.00","286332.04","SABD0000000001","AAV1.0.0.11","1.1.2.0","PSt7-10","170328-006","1/4/2020 10:31:52","0000-00","0","no battery","V"
"11/02/2020","12:26:25","1","default","640513929","OXY_CH1","72.042","min","155.900","µmol/L","Humid","23.683","deg","44486","µV","26.586","°C","1018.000","hPa","35.3","pmil","0","55.520","deg","20.000","°C","100.000","%a.s.","21.750","deg","20.000","°C","977.000","hPa","0.861","-0.02617","0.00035","0","0","13.56","Humid","24.85","0","70.00","286317.11","SABD0000000001","AAV1.0.0.11","1.1.2.0","PSt7-10","170328-006","1/4/2020 10:31:52","0000-00","0","no battery","V"
"11/02/2020","12:26:26","1","default","640513929","OXY_CH1","72.059","min","155.866","µmol/L","Humid","23.685","deg","44493","µV","26.587","°C","1018.000","hPa","35.3","pmil","0","55.520","deg","20.000","°C","100.000","%a.s.","21.750","deg","20.000","°C","977.000","hPa","0.861","-0.02617","0.00035","0","0","13.56","Humid","24.85","0","70.00","286317.09","SABD0000000001","AAV1.0.0.11","1.1.2.0","PSt7-10","170328-006","1/4/2020 10:31:52","0000-00","0","no battery","V"
"11/02/2020","12:26:27","1","default","640513929","OXY_CH1","72.076","min","155.849","µmol/L","Humid","23.689","deg","44488","µV","26.580","°C","1018.000","hPa","35.3","pmil","0","55.520","deg","20.000","°C","100.000","%a.s.","21.750","deg","20.000","°C","977.000","hPa","0.861","-0.02617","0.00035","0","0","13.56","Humid","24.85","0","70.00","286317.81","SABD0000000001","AAV1.0.0.11","1.1.2.0","PSt7-10","170328-006","1/4/2020 10:31:52","0000-00","0","no battery","V"
"11/02/2020","12:26:28","1","default","640513929","OXY_CH1","72.092","min","155.679","µmol/L","Humid","23.696","deg","44486","µV","26.597","°C","1018.000","hPa","35.3","pmil","0","55.520","deg","20.000","°C","100.000","%a.s.","21.750","deg","20.000","°C","977.000","hPa","0.861","-0.02617","0.00035","0","0","13.56","Humid","24.85","0","70.00","286332.50","SABD0000000001","AAV1.0.0.11","1.1.2.0","PSt7-10","170328-006","1/4/2020 10:31:52","0000-00","0","no battery","V"
"11/02/2020","12:26:29","1","default","640513929","OXY_CH1","72.109","min","155.903","µmol/L","Humid","23.681","deg","44486","µV","26.591","°C","1018.000","hPa","35.3","pmil","0","55.520","deg","20.000","°C","100.000","%a.s.","21.750","deg","20.000","°C","977.000","hPa","0.861","-0.02617","0.00035","0","0","13.56","Humid","24.85","0","70.00","286313.77","SABD0000000001","AAV1.0.0.11","1.1.2.0","PSt7-10","170328-006","1/4/2020 10:31:52","0000-00","0","no battery","V"
"11/02/2020","12:26:30","1","default","640513929","OXY_CH1","72.125","min","155.834","µmol/L","Humid","23.685","deg","44489","µV","26.594","°C","1018.000","hPa","35.3","pmil","0","55.520","deg","20.000","°C","100.000","%a.s.","21.750","deg","20.000","°C","977.000","hPa","0.861","-0.02617","0.00035","0","0","13.56","Humid","24.85","0","70.00","286323.00","SABD0000000001","AAV1.0.0.11","1.1.2.0","PSt7-10","170328-006","1/4/2020 10:31:52","0000-00","0","no battery","V"
"11/02/2020","12:26:31","1","default","640513929","OXY_CH1","72.142","min","155.921","µmol/L","Humid","23.681","deg","44487","µV","26.587","°C","1018.000","hPa","35.3","pmil","0","55.520","deg","20.000","°C","100.000","%a.s.","21.750","deg","20.000","°C","977.000","hPa","0.861","-0.02617","0.00035","0","0","13.56","Humid","24.85","0","70.00","286322.55","SABD0000000001","AAV1.0.0.11","1.1.2.0","PSt7-10","170328-006","1/4/2020 10:31:52","0000-00","0","no battery","V"
"11/02/2020","12:26:32","1","default","640513929","OXY_CH1","72.158","min","155.907","µmol/L","Humid","23.689","deg","44478","µV","26.567","°C","1018.000","hPa","35.3","pmil","0","55.520","deg","20.000","°C","100.000","%a.s.","21.750","deg","20.000","°C","977.000","hPa","0.861","-0.02617","0.00035","0","0","13.56","Humid","24.85","0","70.00","286313.18","SABD0000000001","AAV1.0.0.11","1.1.2.0","PSt7-10","170328-006","1/4/2020 10:31:52","0000-00","0","no battery","V"
"11/02/2020","12:26:33","1","default","640513929","OXY_CH1","72.175","min","155.839","µmol/L","Humid","23.686","deg","44483","µV","26.590","°C","1018.000","hPa","35.3","pmil","0","55.520","deg","20.000","°C","100.000","%a.s.","21.750","deg","20.000","°C","977.000","hPa","0.861","-0.02617","0.00035","0","0","13.56","Humid","24.85","0","70.00","286320.64","SABD0000000001","AAV1.0.0.11","1.1.2.0","PSt7-10","170328-006","1/4/2020 10:31:52","0000-00","0","no battery","V"
"11/02/2020","12:26:34","1","default","640513929","OXY_CH1","72.192","min","155.742","µmol/L","Humid","23.690","deg","44484","µV","26.600","°C","1018.000","hPa","35.3","pmil","0","55.520","deg","20.000","°C","100.000","%a.s.","21.750","deg","20.000","°C","977.000","hPa","0.861","-0.02617","0.00035","0","0","13.56","Humid","24.85","0","70.00","286311.11","SABD0000000001","AAV1.0.0.11","1.1.2.0","PSt7-10","170328-006","1/4/2020 10:31:52","0000-00","0","no battery","V"
"11/02/2020","12:26:35","1","default","640513929","OXY_CH1","72.208","min","155.785","µmol/L","Humid","23.689","deg","44480","µV","26.594","°C","1018.000","hPa","35.3","pmil","0","55.520","deg","20.000","°C","100.000","%a.s.","21.750","deg","20.000","°C","977.000","hPa","0.861","-0.02617","0.00035","0","0","13.56","Humid","24.85","0","70.00","286313.80","SABD0000000001","AAV1.0.0.11","1.1.2.0","PSt7-10","170328-006","1/4/2020 10:31:52","0000-00","0","no battery","V"
"11/02/2020","12:26:36","1","default","640513929","OXY_CH1","72.225","min","155.790","µmol/L","Humid","23.689","deg","44485","µV","26.592","°C","1018.000","hPa","35.3","pmil","0","55.520","deg","20.000","°C","100.000","%a.s.","21.750","deg","20.000","°C","977.000","hPa","0.861","-0.02617","0.00035","0","0","13.56","Humid","24.85","0","70.00","286329.58","SABD0000000001","AAV1.0.0.11","1.1.2.0","PSt7-10","170328-006","1/4/2020 10:31:52","0000-00","0","no battery","V"
"11/02/2020","12:26:37","1","default","640513929","OXY_CH1","72.242","min","155.831","µmol/L","Humid","23.691","deg","44486","µV","26.578","°C","1018.000","hPa","35.3","pmil","0","55.520","deg","20.000","°C","100.000","%a.s.","21.750","deg","20.000","°C","977.000","hPa","0.861","-0.02617","0.00035","0","0","13.56","Humid","24.85","0","70.00","286325.93","SABD0000000001","AAV1.0.0.11","1.1.2.0","PSt7-10","170328-006","1/4/2020 10:31:52","0000-00","0","no battery","V"
"11/02/2020","12:26:38","1","default","640513929","OXY_CH1","72.259","min","155.942","µmol/L","Humid","23.683","deg","44488","µV","26.576","°C","1018.000","hPa","35.3","pmil","0","55.520","deg","20.000","°C","100.000","%a.s.","21.750","deg","20.000","°C","977.000","hPa","0.861","-0.02617","0.00035","0","0","13.56","Humid","24.85","0","70.00","286321.12","SABD0000000001","AAV1.0.0.11","1.1.2.0","PSt7-10","170328-006","1/4/2020 10:31:52","0000-00","0","no battery","V"
"11/02/2020","12:26:39","1","default","640513929","OXY_CH1","72.275","min","155.784","µmol/L","Humid","23.685","deg","44486","µV","26.605","°C","1018.000","hPa","35.3","pmil","0","55.520","deg","20.000","°C","100.000","%a.s.","21.750","deg","20.000","°C","977.000","hPa","0.861","-0.02617","0.00035","0","0","13.56","Humid","24.85","0","70.00","286313.01","SABD0000000001","AAV1.0.0.11","1.1.2.0","PSt7-10","170328-006","1/4/2020 10:31:52","0000-00","0","no battery","V"
"11/02/2020","12:26:40","1","default","640513929","OXY_CH1","72.292","min","155.843","µmol/L","Humid","23.686","deg","44481","µV","26.590","°C","1018.000","hPa","35.3","pmil","0","55.520","deg","20.000","°C","100.000","%a.s.","21.750","deg","20.000","°C","977.000","hPa","0.861","-0.02617","0.00035","0","0","13.56","Humid","24.85","0","70.00","286317.71","SABD0000000001","AAV1.0.0.11","1.1.2.0","PSt7-10","170328-006","1/4/2020 10:31:52","0000-00","0","no battery","V"
"11/02/2020","12:26:41","1","default","640513929","OXY_CH1","72.309","min","155.766","µmol/L","Humid","23.693","deg","44478","µV","26.586","°C","1018.000","hPa","35.3","pmil","0","55.520","deg","20.000","°C","100.000","%a.s.","21.750","deg","20.000","°C","977.000","hPa","0.861","-0.02617","0.00035","0","0","13.56","Humid","24.85","0","70.00","286321.22","SABD0000000001","AAV1.0.0.11","1.1.2.0","PSt7-10","170328-006","1/4/2020 10:31:52","0000-00","0","no battery","V"
"11/02/2020","12:26:42","1","default","640513929","OXY_CH1","72.325","min","155.855","µmol/L","Humid","23.686","deg","44482","µV","26.587","°C","1018.000","hPa","35.3","pmil","0","55.520","deg","20.000","°C","100.000","%a.s.","21.750","deg","20.000","°C","977.000","hPa","0.861","-0.02617","0.00035","0","0","13.56","Humid","24.85","0","70.00","286312.31","SABD0000000001","AAV1.0.0.11","1.1.2.0","PSt7-10","170328-006","1/4/2020 10:31:52","0000-00","0","no battery","V"
"11/02/2020","12:26:43","1","default","640513929","OXY_CH1","72.342","min","155.874","µmol/L","Humid","23.685","deg","44481","µV","26.586","°C","1018.000","hPa","35.3","pmil","0","55.520","deg","20.000","°C","100.000","%a.s.","21.750","deg","20.000","°C","977.000","hPa","0.861","-0.02617","0.00035","0","0","13.56","Humid","24.85","0","70.00","286314.78","SABD0000000001","AAV1.0.0.11","1.1.2.0","PSt7-10","170328-006","1/4/2020 10:31:52","0000-00","0","no battery","V"
"11/02/2020","12:26:44","1","default","640513929","OXY_CH1","72.359","min","155.886","µmol/L","Humid","23.683","deg","44478","µV","26.589","°C","1018.000","hPa","35.3","pmil","0","55.520","deg","20.000","°C","100.000","%a.s.","21.750","deg","20.000","°C","977.000","hPa","0.861","-0.02617","0.00035","0","0","13.56","Humid","24.85","0","70.00","286323.18","SABD0000000001","AAV1.0.0.11","1.1.2.0","PSt7-10","170328-006","1/4/2020 10:31:52","0000-00","0","no battery","V"
"11/02/2020","12:26:45","1","default","640513929","OXY_CH1","72.376","min","155.931","µmol/L","Humid","23.681","deg","44474","µV","26.584","°C","1018.000","hPa","35.3","pmil","0","55.520","deg","20.000","°C","100.000","%a.s.","21.750","deg","20.000","°C","977.000","hPa","0.861","-0.02617","0.00035","0","0","13.56","Humid","24.85","0","70.00","286311.02","SABD0000000001","AAV1.0.0.11","1.1.2.0","PSt7-10","170328-006","1/4/2020 10:31:52","0000-00","0","no battery","V"
"11/02/2020","12:26:46","1","default","640513929","OXY_CH1","72.392","min","155.974","µmol/L","Humid","23.675","deg","44472","µV","26.592","°C","1018.000","hPa","35.3","pmil","0","55.520","deg","20.000","°C","100.000","%a.s.","21.750","deg","20.000","°C","977.000","hPa","0.861","-0.02617","0.00035","0","0","13.56","Humid","24.85","0","70.00","286323.85","SABD0000000001","AAV1.0.0.11","1.1.2.0","PSt7-10","170328-006","1/4/2020 10:31:52","0000-00","0","no battery","V"
"11/02/2020","12:26:47","1","default","640513929","OXY_CH1","72.408","min","155.844","µmol/L","Humid","23.683","deg","44474","µV","26.598","°C","1018.000","hPa","35.3","pmil","0","55.520","deg","20.000","°C","100.000","%a.s.","21.750","deg","20.000","°C","977.000","hPa","0.861","-0.02617","0.00035","0","0","13.56","Humid","24.85","0","70.00","286314.25","SABD0000000001","AAV1.0.0.11","1.1.2.0","PSt7-10","170328-006","1/4/2020 10:31:52","0000-00","0","no battery","V"
"11/02/2020","12:26:48","1","default","640513929","OXY_CH1","72.425","min","155.837","µmol/L","Humid","23.687","deg","44470","µV","26.588","°C","1018.000","hPa","35.3","pmil","0","55.520","deg","20.000","°C","100.000","%a.s.","21.750","deg","20.000","°C","977.000","hPa","0.861","-0.02617","0.00035","0","0","13.56","Humid","24.85","0","70.00","286324.43","SABD0000000001","AAV1.0.0.11","1.1.2.0","PSt7-10","170328-006","1/4/2020 10:31:52","0000-00","0","no battery","V"
"11/02/2020","12:26:49","1","default","640513929","OXY_CH1","72.442","min","155.825","µmol/L","Humid","23.687","deg","44473","µV","26.591","°C","1018.000","hPa","35.3","pmil","0","55.520","deg","20.000","°C","100.000","%a.s.","21.750","deg","20.000","°C","977.000","hPa","0.861","-0.02617","0.00035","0","0","13.56","Humid","24.85","0","70.00","286312.61","SABD0000000001","AAV1.0.0.11","1.1.2.0","PSt7-10","170328-006","1/4/2020 10:31:52","0000-00","0","no battery","V"
"11/02/2020","12:26:50","1","default","640513929","OXY_CH1","72.459","min","155.986","µmol/L","Humid","23.679","deg","44471","µV","26.578","°C","1018.000","hPa","35.3","pmil","0","55.520","deg","20.000","°C","100.000","%a.s.","21.750","deg","20.000","°C","977.000","hPa","0.861","-0.02617","0.00035","0","0","13.56","Humid","24.85","0","70.00","286319.22","SABD0000000001","AAV1.0.0.11","1.1.2.0","PSt7-10","170328-006","1/4/2020 10:31:52","0000-00","0","no battery","V"
"11/02/2020","12:26:51","1","default","640513929","OXY_CH1","72.476","min","155.987","µmol/L","Humid","23.677","deg","44477","µV","26.584","°C","1018.000","hPa","35.3","pmil","0","55.520","deg","20.000","°C","100.000","%a.s.","21.750","deg","20.000","°C","977.000","hPa","0.861","-0.02617","0.00035","0","0","13.56","Humid","24.85","0","70.00","286316.26","SABD0000000001","AAV1.0.0.11","1.1.2.0","PSt7-10","170328-006","1/4/2020 10:31:52","0000-00","0","no battery","V"
"11/02/2020","12:26:52","1","default","640513929","OXY_CH1","72.492","min","155.802","µmol/L","Humid","23.686","deg","44472","µV","26.599","°C","1018.000","hPa","35.3","pmil","0","55.520","deg","20.000","°C","100.000","%a.s.","21.750","deg","20.000","°C","977.000","hPa","0.861","-0.02617","0.00035","0","0","13.56","Humid","24.85","0","70.00","286321.20","SABD0000000001","AAV1.0.0.11","1.1.2.0","PSt7-10","170328-006","1/4/2020 10:31:52","0000-00","0","no battery","V"
"11/02/2020","12:26:53","1","default","640513929","OXY_CH1","72.509","min","155.779","µmol/L","Humid","23.689","deg","44472","µV","26.595","°C","1018.000","hPa","35.3","pmil","0","55.520","deg","20.000","°C","100.000","%a.s.","21.750","deg","20.000","°C","977.000","hPa","0.861","-0.02617","0.00035","0","0","13.56","Humid","24.85","0","70.00","286327.94","SABD0000000001","AAV1.0.0.11","1.1.2.0","PSt7-10","170328-006","1/4/2020 10:31:52","0000-00","0","no battery","V"
"11/02/2020","12:26:54","1","default","640513929","OXY_CH1","72.526","min","155.972","µmol/L","Humid","23.673","deg","44480","µV","26.598","°C","1018.000","hPa","35.3","pmil","0","55.520","deg","20.000","°C","100.000","%a.s.","21.750","deg","20.000","°C","977.000","hPa","0.861","-0.02617","0.00035","0","0","13.56","Humid","24.85","0","70.00","286329.26","SABD0000000001","AAV1.0.0.11","1.1.2.0","PSt7-10","170328-006","1/4/2020 10:31:52","0000-00","0","no battery","V"
"11/02/2020","12:26:55","1","default","640513929","OXY_CH1","72.542","min","155.933","µmol/L","Humid","23.683","deg","44475","µV","26.578","°C","1018.000","hPa","35.3","pmil","0","55.520","deg","20.000","°C","100.000","%a.s.","21.750","deg","20.000","°C","977.000","hPa","0.861","-0.02617","0.00035","0","0","13.56","Humid","24.85","0","70.00","286321.32","SABD0000000001","AAV1.0.0.11","1.1.2.0","PSt7-10","170328-006","1/4/2020 10:31:52","0000-00","0","no battery","V"
"11/02/2020","12:26:56","1","default","640513929","OXY_CH1","72.559","min","155.944","µmol/L","Humid","23.680","deg","44479","µV","26.584","°C","1018.000","hPa","35.3","pmil","0","55.520","deg","20.000","°C","100.000","%a.s.","21.750","deg","20.000","°C","977.000","hPa","0.861","-0.02617","0.00035","0","0","13.56","Humid","24.85","0","70.00","286332.99","SABD0000000001","AAV1.0.0.11","1.1.2.0","PSt7-10","170328-006","1/4/2020 10:31:52","0000-00","0","no battery","V"
"11/02/2020","12:26:57","1","default","640513929","OXY_CH1","72.575","min","155.919","µmol/L","Humid","23.683","deg","44473","µV","26.581","°C","1018.000","hPa","35.3","pmil","0","55.520","deg","20.000","°C","100.000","%a.s.","21.750","deg","20.000","°C","977.000","hPa","0.861","-0.02617","0.00035","0","0","13.56","Humid","24.85","0","70.00","286324.07","SABD0000000001","AAV1.0.0.11","1.1.2.0","PSt7-10","170328-006","1/4/2020 10:31:52","0000-00","0","no battery","V"
"11/02/2020","12:26:58","1","default","640513929","OXY_CH1","72.592","min","155.998","µmol/L","Humid","23.677","deg","44476","µV","26.581","°C","1018.000","hPa","35.3","pmil","0","55.520","deg","20.000","°C","100.000","%a.s.","21.750","deg","20.000","°C","977.000","hPa","0.861","-0.02617","0.00035","0","0","13.56","Humid","24.85","0","70.00","286322.13","SABD0000000001","AAV1.0.0.11","1.1.2.0","PSt7-10","170328-006","1/4/2020 10:31:52","0000-00","0","no battery","V"
"11/02/2020","12:26:59","1","default","640513929","OXY_CH1","72.609","min","155.919","µmol/L","Humid","23.678","deg","44477","µV","26.596","°C","1018.000","hPa","35.3","pmil","0","55.520","deg","20.000","°C","100.000","%a.s.","21.750","deg","20.000","°C","977.000","hPa","0.861","-0.02617","0.00035","0","0","13.56","Humid","24.85","0","70.00","286312.03","SABD0000000001","AAV1.0.0.11","1.1.2.0","PSt7-10","170328-006","1/4/2020 10:31:52","0000-00","0","no battery","V"
"11/02/2020","12:27:00","1","default","640513929","OXY_CH1","72.625","min","155.908","µmol/L","Humid","23.688","deg","44474","µV","26.570","°C","1018.000","hPa","35.3","pmil","0","55.520","deg","20.000","°C","100.000","%a.s.","21.750","deg","20.000","°C","977.000","hPa","0.861","-0.02617","0.00035","0","0","13.56","Humid","24.85","0","70.00","286317.24","SABD0000000001","AAV1.0.0.11","1.1.2.0","PSt7-10","170328-006","1/4/2020 10:31:52","0000-00","0","no battery","V"
"11/02/2020","12:27:01","1","default","640513929","OXY_CH1","72.642","min","155.879","µmol/L","Humid","23.681","deg","44480","µV","26.596","°C","1018.000","hPa","35.3","pmil","0","55.520","deg","20.000","°C","100.000","%a.s.","21.750","deg","20.000","°C","977.000","hPa","0.861","-0.02617","0.00035","0","0","13.56","Humid","24.85","0","70.00","286315.17","SABD0000000001","AAV1.0.0.11","1.1.2.0","PSt7-10","170328-006","1/4/2020 10:31:52","0000-00","0","no battery","V"
"11/02/2020","12:27:02","1","default","640513929","OXY_CH1","72.659","min","155.920","µmol/L","Humid","23.683","deg","44485","µV","26.581","°C","1018.000","hPa","35.3","pmil","0","55.520","deg","20.000","°C","100.000","%a.s.","21.750","deg","20.000","°C","977.000","hPa","0.861","-0.02617","0.00035","0","0","13.56","Humid","24.85","0","70.00","286318.12","SABD0000000001","AAV1.0.0.11","1.1.2.0","PSt7-10","170328-006","1/4/2020 10:31:52","0000-00","0","no battery","V"
"11/02/2020","12:29:04","1","default","640513929","OXY_CH1","74.690","min","156.339","µmol/L","Humid","23.654","deg","44525","µV","26.572","°C","1018.000","hPa","35.3","pmil","0","55.520","deg","20.000","°C","100.000","%a.s.","21.750","deg","20.000","°C","977.000","hPa","0.861","-0.02617","0.00035","0","0","13.56","Humid","24.85","0","70.00","286559.55","SABD0000000001","AAV1.0.0.11","1.1.2.0","PSt7-10","170328-006","1/4/2020 10:31:52","0000-00","0","no battery","V"
"11/02/2020","12:29:05","1","default","640513929","OXY_CH1","74.708","min","156.282","µmol/L","Humid","23.655","deg","44514","µV","26.582","°C","1018.000","hPa","35.3","pmil","0","55.520","deg","20.000","°C","100.000","%a.s.","21.750","deg","20.000","°C","977.000","hPa","0.861","-0.02617","0.00035","0","0","13.56","Humid","24.85","0","70.00","286510.04","SABD0000000001","AAV1.0.0.11","1.1.2.0","PSt7-10","170328-006","1/4/2020 10:31:52","0000-00","0","no battery","V"
"11/02/2020","12:29:06","1","default","640513929","OXY_CH1","74.725","min","156.268","µmol/L","Humid","23.659","deg","44512","µV","26.573","°C","1018.000","hPa","35.3","pmil","0","55.520","deg","20.000","°C","100.000","%a.s.","21.750","deg","20.000","°C","977.000","hPa","0.861","-0.02617","0.00035","0","0","13.56","Humid","24.85","0","70.00","286480.93","SABD0000000001","AAV1.0.0.11","1.1.2.0","PSt7-10","170328-006","1/4/2020 10:31:52","0000-00","0","no battery","V"
"11/02/2020","12:29:07","1","default","640513929","OXY_CH1","74.742","min","156.269","µmol/L","Humid","23.657","deg","44502","µV","26.579","°C","1018.000","hPa","35.3","pmil","0","55.520","deg","20.000","°C","100.000","%a.s.","21.750","deg","20.000","°C","977.000","hPa","0.861","-0.02617","0.00035","0","0","13.56","Humid","24.85","0","70.00","286465.50","SABD0000000001","AAV1.0.0.11","1.1.2.0","PSt7-10","170328-006","1/4/2020 10:31:52","0000-00","0","no battery","V"
"11/02/2020","12:29:08","1","default","640513929","OXY_CH1","74.759","min","156.287","µmol/L","Humid","23.657","deg","44493","µV","26.575","°C","1018.000","hPa","35.3","pmil","0","55.520","deg","20.000","°C","100.000","%a.s.","21.750","deg","20.000","°C","977.000","hPa","0.861","-0.02617","0.00035","0","0","13.56","Humid","24.85","0","70.00","286464.20","SABD0000000001","AAV1.0.0.11","1.1.2.0","PSt7-10","170328-006","1/4/2020 10:31:52","0000-00","0","no battery","V"
"11/02/2020","12:29:09","1","default","640513929","OXY_CH1","74.775","min","156.368","µmol/L","Humid","23.654","deg","44497","µV","26.566","°C","1018.000","hPa","35.3","pmil","0","55.520","deg","20.000","°C","100.000","%a.s.","21.750","deg","20.000","°C","977.000","hPa","0.861","-0.02617","0.00035","0","0","13.56","Humid","24.85","0","70.00","286451.69","SABD0000000001","AAV1.0.0.11","1.1.2.0","PSt7-10","170328-006","1/4/2020 10:31:52","0000-00","0","no battery","V"
"11/02/2020","12:29:10","1","default","640513929","OXY_CH1","74.792","min","156.381","µmol/L","Humid","23.650","deg","44494","µV","26.575","°C","1018.000","hPa","35.3","pmil","0","55.520","deg","20.000","°C","100.000","%a.s.","21.750","deg","20.000","°C","977.000","hPa","0.861","-0.02617","0.00035","0","0","13.56","Humid","24.85","0","70.00","286452.25","SABD0000000001","AAV1.0.0.11","1.1.2.0","PSt7-10","170328-006","1/4/2020 10:31:52","0000-00","0","no battery","V"
"11/02/2020","12:29:11","1","default","640513929","OXY_CH1","74.808","min","156.289","µmol/L","Humid","23.660","deg","44494","µV","26.566","°C","1018.000","hPa","35.3","pmil","0","55.520","deg","20.000","°C","100.000","%a.s.","21.750","deg","20.000","°C","977.000","hPa","0.861","-0.02617","0.00035","0","0","13.56","Humid","24.85","0","70.00","286447.74","SABD0000000001","AAV1.0.0.11","1.1.2.0","PSt7-10","170328-006","1/4/2020 10:31:52","0000-00","0","no battery","V"
"11/02/2020","12:29:12","1","default","640513929","OXY_CH1","74.825","min","156.420","µmol/L","Humid","23.652","deg","44484","µV","26.560","°C","1018.000","hPa","35.3","pmil","0","55.520","deg","20.000","°C","100.000","%a.s.","21.750","deg","20.000","°C","977.000","hPa","0.861","-0.02617","0.00035","0","0","13.56","Humid","24.85","0","70.00","286433.25","SABD0000000001","AAV1.0.0.11","1.1.2.0","PSt7-10","170328-006","1/4/2020 10:31:52","0000-00","0","no battery","V"
"11/02/2020","12:29:13","1","default","640513929","OXY_CH1","74.842","min","156.294","µmol/L","Humid","23.659","deg","44481","µV","26.568","°C","1018.000","hPa","35.3","pmil","0","55.520","deg","20.000","°C","100.000","%a.s.","21.750","deg","20.000","°C","977.000","hPa","0.861","-0.02617","0.00035","0","0","13.56","Humid","24.85","0","70.00","286448.48","SABD0000000001","AAV1.0.0.11","1.1.2.0","PSt7-10","170328-006","1/4/2020 10:31:52","0000-00","0","no battery","V"
"11/02/2020","12:29:14","1","default","640513929","OXY_CH1","74.858","min","156.326","µmol/L","Humid","23.656","deg","44477","µV","26.569","°C","1018.000","hPa","35.3","pmil","0","55.520","deg","20.000","°C","100.000","%a.s.","21.750","deg","20.000","°C","977.000","hPa","0.861","-0.02617","0.00035","0","0","13.56","Humid","24.85","0","70.00","286439.95","SABD0000000001","AAV1.0.0.11","1.1.2.0","PSt7-10","170328-006","1/4/2020 10:31:52","0000-00","0","no battery","V"
"11/02/2020","12:29:15","1","default","640513929","OXY_CH1","74.875","min","156.348","µmol/L","Humid","23.656","deg","44474","µV","26.565","°C","1018.000","hPa","35.3","pmil","0","55.520","deg","20.000","°C","100.000","%a.s.","21.750","deg","20.000","°C","977.000","hPa","0.861","-0.02617","0.00035","0","0","13.56","Humid","24.85","0","70.00","286434.50","SABD0000000001","AAV1.0.0.11","1.1.2.0","PSt7-10","170328-006","1/4/2020 10:31:52","0000-00","0","no battery","V"
"11/02/2020","12:29:16","1","default","640513929","OXY_CH1","74.892","min","156.259","µmol/L","Humid","23.662","deg","44477","µV","26.567","°C","1018.000","hPa","35.3","pmil","0","55.520","deg","20.000","°C","100.000","%a.s.","21.750","deg","20.000","°C","977.000","hPa","0.861","-0.02617","0.00035","0","0","13.56","Humid","24.85","0","70.00","286453.80","SABD0000000001","AAV1.0.0.11","1.1.2.0","PSt7-10","170328-006","1/4/2020 10:31:52","0000-00","0","no battery","V"
"11/02/2020","12:29:17","1","default","640513929","OXY_CH1","74.909","min","156.453","µmol/L","Humid","23.646","deg","44472","µV","26.570","°C","1018.000","hPa","35.3","pmil","0","55.520","deg","20.000","°C","100.000","%a.s.","21.750","deg","20.000","°C","977.000","hPa","0.861","-0.02617","0.00035","0","0","13.56","Humid","24.85","0","70.00","286442.69","SABD0000000001","AAV1.0.0.11","1.1.2.0","PSt7-10","170328-006","1/4/2020 10:31:52","0000-00","0","no battery","V"
"11/02/2020","12:29:18","1","default","640513929","OXY_CH1","74.925","min","156.413","µmol/L","Humid","23.650","deg","44465","µV","26.567","°C","1018.000","hPa","35.3","pmil","0","55.520","deg","20.000","°C","100.000","%a.s.","21.750","deg","20.000","°C","977.000","hPa","0.861","-0.02617","0.00035","0","0","13.56","Humid","24.85","0","70.00","286443.74","SABD0000000001","AAV1.0.0.11","1.1.2.0","PSt7-10","170328-006","1/4/2020 10:31:52","0000-00","0","no battery","V"
"11/02/2020","12:29:19","1","default","640513929","OXY_CH1","74.942","min","156.382","µmol/L","Humid","23.652","deg","44463","µV","26.569","°C","1018.000","hPa","35.3","pmil","0","55.520","deg","20.000","°C","100.000","%a.s.","21.750","deg","20.000","°C","977.000","hPa","0.861","-0.02617","0.00035","0","0","13.56","Humid","24.85","0","70.00","286443.20","SABD0000000001","AAV1.0.0.11","1.1.2.0","PSt7-10","170328-006","1/4/2020 10:31:52","0000-00","0","no battery","V"
"11/02/2020","12:29:20","1","default","640513929","OXY_CH1","74.958","min","156.335","µmol/L","Humid","23.657","deg","44453","µV","26.564","°C","1018.000","hPa","35.3","pmil","0","55.520","deg","20.000","°C","100.000","%a.s.","21.750","deg","20.000","°C","977.000","hPa","0.861","-0.02617","0.00035","0","0","13.56","Humid","24.85","0","70.00","286438.20","SABD0000000001","AAV1.0.0.11","1.1.2.0","PSt7-10","170328-006","1/4/2020 10:31:52","0000-00","0","no battery","V"
"11/02/2020","12:29:21","1","default","640513929","OXY_CH1","74.975","min","156.379","µmol/L","Humid","23.653","deg","44454","µV","26.566","°C","1018.000","hPa","35.3","pmil","0","55.520","deg","20.000","°C","100.000","%a.s.","21.750","deg","20.000","°C","977.000","hPa","0.861","-0.02617","0.00035","0","0","13.56","Humid","24.85","0","70.00","286439.89","SABD0000000001","AAV1.0.0.11","1.1.2.0","PSt7-10","170328-006","1/4/2020 10:31:52","0000-00","0","no battery","V"
"11/02/2020","12:29:22","1","default","640513929","OXY_CH1","74.993","min","156.256","µmol/L","Humid","23.660","deg","44461","µV","26.573","°C","1018.000","hPa","35.3","pmil","0","55.520","deg","20.000","°C","100.000","%a.s.","21.750","deg","20.000","°C","977.000","hPa","0.861","-0.02617","0.00035","0","0","13.56","Humid","24.85","0","70.00","286441.41","SABD0000000001","AAV1.0.0.11","1.1.2.0","PSt7-10","170328-006","1/4/2020 10:31:52","0000-00","0","no battery","V"
"11/02/2020","12:29:23","1","default","640513929","OXY_CH1","75.009","min","156.415","µmol/L","Humid","23.649","deg","44463","µV","26.570","°C","1018.000","hPa","35.3","pmil","0","55.520","deg","20.000","°C","100.000","%a.s.","21.750","deg","20.000","°C","977.000","hPa","0.861","-0.02617","0.00035","0","0","13.56","Humid","24.85","0","70.00","286446.41","SABD0000000001","AAV1.0.0.11","1.1.2.0","PSt7-10","170328-006","1/4/2020 10:31:52","0000-00","0","no battery","V"
"11/02/2020","12:29:24","1","default","640513929","OXY_CH1","75.026","min","156.413","µmol/L","Humid","23.653","deg","44461","µV","26.559","°C","1018.000","hPa","35.3","pmil","0","55.520","deg","20.000","°C","100.000","%a.s.","21.750","deg","20.000","°C","977.000","hPa","0.861","-0.02617","0.00035","0","0","13.56","Humid","24.85","0","70.00","286443.77","SABD0000000001","AAV1.0.0.11","1.1.2.0","PSt7-10","170328-006","1/4/2020 10:31:52","0000-00","0","no battery","V"
"11/02/2020","12:29:25","1","default","640513929","OXY_CH1","75.042","min","156.345","µmol/L","Humid","23.655","deg","44457","µV","26.568","°C","1018.000","hPa","35.3","pmil","0","55.520","deg","20.000","°C","100.000","%a.s.","21.750","deg","20.000","°C","977.000","hPa","0.861","-0.02617","0.00035","0","0","13.56","Humid","24.85","0","70.00","286437.96","SABD0000000001","AAV1.0.0.11","1.1.2.0","PSt7-10","170328-006","1/4/2020 10:31:52","0000-00","0","no battery","V"
"11/02/2020","12:29:26","1","default","640513929","OXY_CH1","75.058","min","156.261","µmol/L","Humid","23.659","deg","44457","µV","26.575","°C","1018.000","hPa","35.3","pmil","0","55.520","deg","20.000","°C","100.000","%a.s.","21.750","deg","20.000","°C","977.000","hPa","0.861","-0.02617","0.00035","0","0","13.56","Humid","24.85","0","70.00","286442.16","SABD0000000001","AAV1.0.0.11","1.1.2.0","PSt7-10","170328-006","1/4/2020 10:31:52","0000-00","0","no battery","V"
"11/02/2020","12:29:27","1","default","640513929","OXY_CH1","75.075","min","156.441","µmol/L","Humid","23.650","deg","44451","µV","26.561","°C","1018.000","hPa","35.3","pmil","0","55.520","deg","20.000","°C","100.000","%a.s.","21.750","deg","20.000","°C","977.000","hPa","0.861","-0.02617","0.00035","0","0","13.56","Humid","24.85","0","70.00","286437.79","SABD0000000001","AAV1.0.0.11","1.1.2.0","PSt7-10","170328-006","1/4/2020 10:31:52","0000-00","0","no battery","V"
"11/02/2020","12:29:28","1","default","640513929","OXY_CH1","75.092","min","156.432","µmol/L","Humid","23.650","deg","44449","µV","26.563","°C","1018.000","hPa","35.3","pmil","0","55.520","deg","20.000","°C","100.000","%a.s.","21.750","deg","20.000","°C","977.000","hPa","0.861","-0.02617","0.00035","0","0","13.56","Humid","24.85","0","70.00","286442.60","SABD0000000001","AAV1.0.0.11","1.1.2.0","PSt7-10","170328-006","1/4/2020 10:31:52","0000-00","0","no battery","V"
"11/02/2020","12:29:29","1","default","640513929","OXY_CH1","75.109","min","156.414","µmol/L","Humid","23.651","deg","44449","µV","26.565","°C","1018.000","hPa","35.3","pmil","0","55.520","deg","20.000","°C","100.000","%a.s.","21.750","deg","20.000","°C","977.000","hPa","0.861","-0.02617","0.00035","0","0","13.56","Humid","24.85","0","70.00","286444.87","SABD0000000001","AAV1.0.0.11","1.1.2.0","PSt7-10","170328-006","1/4/2020 10:31:52","0000-00","0","no battery","V"
"11/02/2020","12:29:30","1","default","640513929","OXY_CH1","75.125","min","156.379","µmol/L","Humid","23.651","deg","44449","µV","26.572","°C","1018.000","hPa","35.3","pmil","0","55.520","deg","20.000","°C","100.000","%a.s.","21.750","deg","20.000","°C","977.000","hPa","0.861","-0.02617","0.00035","0","0","13.56","Humid","24.85","0","70.00","286438.74","SABD0000000001","AAV1.0.0.11","1.1.2.0","PSt7-10","170328-006","1/4/2020 10:31:52","0000-00","0","no battery","V"
"11/02/2020","12:29:31","1","default","640513929","OXY_CH1","75.142","min","156.401","µmol/L","Humid","23.654","deg","44444","µV","26.559","°C","1018.000","hPa","35.3","pmil","0","55.520","deg","20.000","°C","100.000","%a.s.","21.750","deg","20.000","°C","977.000","hPa","0.861","-0.02617","0.00035","0","0","13.56","Humid","24.85","0","70.00","286447.00","SABD0000000001","AAV1.0.0.11","1.1.2.0","PSt7-10","170328-006","1/4/2020 10:31:52","0000-00","0","no battery","V"
"11/02/2020","12:29:32","1","default","640513929","OXY_CH1","75.159","min","156.280","µmol/L","Humid","23.660","deg","44434","µV","26.568","°C","1018.000","hPa","35.3","pmil","0","55.520","deg","20.000","°C","100.000","%a.s.","21.750","deg","20.000","°C","977.000","hPa","0.861","-0.02617","0.00035","0","0","13.56","Humid","24.85","0","70.00","286431.02","SABD0000000001","AAV1.0.0.11","1.1.2.0","PSt7-10","170328-006","1/4/2020 10:31:52","0000-00","0","no battery","V"
"11/02/2020","12:29:33","1","default","640513929","OXY_CH1","75.176","min","156.298","µmol/L","Humid","23.658","deg","44435","µV","26.570","°C","1018.000","hPa","35.3","pmil","0","55.520","deg","20.000","°C","100.000","%a.s.","21.750","deg","20.000","°C","977.000","hPa","0.861","-0.02617","0.00035","0","0","13.56","Humid","24.85","0","70.00","286430.07","SABD0000000001","AAV1.0.0.11","1.1.2.0","PSt7-10","170328-006","1/4/2020 10:31:52","0000-00","0","no battery","V"
"11/02/2020","12:29:34","1","default","640513929","OXY_CH1","75.192","min","156.390","µmol/L","Humid","23.651","deg","44434","µV","26.570","°C","1018.000","hPa","35.3","pmil","0","55.520","deg","20.000","°C","100.000","%a.s.","21.750","deg","20.000","°C","977.000","hPa","0.861","-0.02617","0.00035","0","0","13.56","Humid","24.85","0","70.00","286434.03","SABD0000000001","AAV1.0.0.11","1.1.2.0","PSt7-10","170328-006","1/4/2020 10:31:52","0000-00","0","no battery","V"
"11/02/2020","12:29:35","1","default","640513929","OXY_CH1","75.209","min","156.399","µmol/L","Humid","23.649","deg","44426","µV","26.573","°C","1018.000","hPa","35.3","pmil","0","55.520","deg","20.000","°C","100.000","%a.s.","21.750","deg","20.000","°C","977.000","hPa","0.861","-0.02617","0.00035","0","0","13.56","Humid","24.85","0","70.00","286430.74","SABD0000000001","AAV1.0.0.11","1.1.2.0","PSt7-10","170328-006","1/4/2020 10:31:52","0000-00","0","no battery","V"
"11/02/2020","12:29:36","1","default","640513929","OXY_CH1","75.226","min","156.386","µmol/L","Humid","23.652","deg","44425","µV","26.568","°C","1018.000","hPa","35.3","pmil","0","55.520","deg","20.000","°C","100.000","%a.s.","21.750","deg","20.000","°C","977.000","hPa","0.861","-0.02617","0.00035","0","0","13.56","Humid","24.85","0","70.00","286439.65","SABD0000000001","AAV1.0.0.11","1.1.2.0","PSt7-10","170328-006","1/4/2020 10:31:52","0000-00","0","no battery","V"
"11/02/2020","12:29:37","1","default","640513929","OXY_CH1","75.242","min","156.466","µmol/L","Humid","23.646","deg","44424","µV","26.567","°C","1018.000","hPa","35.3","pmil","0","55.520","deg","20.000","°C","100.000","%a.s.","21.750","deg","20.000","°C","977.000","hPa","0.861","-0.02617","0.00035","0","0","13.56","Humid","24.85","0","70.00","286428.32","SABD0000000001","AAV1.0.0.11","1.1.2.0","PSt7-10","170328-006","1/4/2020 10:31:52","0000-00","0","no battery","V"
"11/02/2020","12:29:38","1","default","640513929","OXY_CH1","75.259","min","156.484","µmol/L","Humid","23.644","deg","44415","µV","26.569","°C","1018.000","hPa","35.3","pmil","0","55.520","deg","20.000","°C","100.000","%a.s.","21.750","deg","20.000","°C","977.000","hPa","0.861","-0.02617","0.00035","0","0","13.56","Humid","24.85","0","70.00","286438.34","SABD0000000001","AAV1.0.0.11","1.1.2.0","PSt7-10","170328-006","1/4/2020 10:31:52","0000-00","0","no battery","V"
"11/02/2020","12:29:39","1","default","640513929","OXY_CH1","75.275","min","156.553","µmol/L","Humid","23.643","deg","44419","µV","26.557","°C","1018.000","hPa","35.3","pmil","0","55.520","deg","20.000","°C","100.000","%a.s.","21.750","deg","20.000","°C","977.000","hPa","0.861","-0.02617","0.00035","0","0","13.56","Humid","24.85","0","70.00","286440.97","SABD0000000001","AAV1.0.0.11","1.1.2.0","PSt7-10","170328-006","1/4/2020 10:31:52","0000-00","0","no battery","V"
"11/02/2020","12:29:40","1","default","640513929","OXY_CH1","75.292","min","156.484","µmol/L","Humid","23.648","deg","44412","µV","26.558","°C","1018.000","hPa","35.3","pmil","0","55.520","deg","20.000","°C","100.000","%a.s.","21.750","deg","20.000","°C","977.000","hPa","0.861","-0.02617","0.00035","0","0","13.56","Humid","24.85","0","70.00","286441.52","SABD0000000001","AAV1.0.0.11","1.1.2.0","PSt7-10","170328-006","1/4/2020 10:31:52","0000-00","0","no battery","V"
"11/02/2020","12:29:41","1","default","640513929","OXY_CH1","75.308","min","156.417","µmol/L","Humid","23.651","deg","44412","µV","26.564","°C","1018.000","hPa","35.3","pmil","0","55.520","deg","20.000","°C","100.000","%a.s.","21.750","deg","20.000","°C","977.000","hPa","0.861","-0.02617","0.00035","0","0","13.56","Humid","24.85","0","70.00","286438.91","SABD0000000001","AAV1.0.0.11","1.1.2.0","PSt7-10","170328-006","1/4/2020 10:31:52","0000-00","0","no battery","V"
"11/02/2020","12:29:42","1","default","640513929","OXY_CH1","75.325","min","156.490","µmol/L","Humid","23.649","deg","44413","µV","26.554","°C","1018.000","hPa","35.3","pmil","0","55.520","deg","20.000","°C","100.000","%a.s.","21.750","deg","20.000","°C","977.000","hPa","0.861","-0.02617","0.00035","0","0","13.56","Humid","24.85","0","70.00","286440.13","SABD0000000001","AAV1.0.0.11","1.1.2.0","PSt7-10","170328-006","1/4/2020 10:31:52","0000-00","0","no battery","V"
"11/02/2020","12:29:43","1","default","640513929","OXY_CH1","75.342","min","156.564","µmol/L","Humid","23.646","deg","44408","µV","26.546","°C","1018.000","hPa","35.3","pmil","0","55.520","deg","20.000","°C","100.000","%a.s.","21.750","deg","20.000","°C","977.000","hPa","0.861","-0.02617","0.00035","0","0","13.56","Humid","24.85","0","70.00","286436.25","SABD0000000001","AAV1.0.0.11","1.1.2.0","PSt7-10","170328-006","1/4/2020 10:31:52","0000-00","0","no battery","V"
"11/02/2020","12:29:44","1","default","640513929","OXY_CH1","75.359","min","156.443","µmol/L","Humid","23.646","deg","44410","µV","26.572","°C","1018.000","hPa","35.3","pmil","0","55.520","deg","20.000","°C","100.000","%a.s.","21.750","deg","20.000","°C","977.000","hPa","0.861","-0.02617","0.00035","0","0","13.56","Humid","24.85","0","70.00","286430.47","SABD0000000001","AAV1.0.0.11","1.1.2.0","PSt7-10","170328-006","1/4/2020 10:31:52","0000-00","0","no battery","V"
"11/02/2020","12:29:45","1","default","640513929","OXY_CH1","75.375","min","156.479","µmol/L","Humid","23.643","deg","44403","µV","26.573","°C","1018.000","hPa","35.3","pmil","0","55.520","deg","20.000","°C","100.000","%a.s.","21.750","deg","20.000","°C","977.000","hPa","0.861","-0.02617","0.00035","0","0","13.56","Humid","24.85","0","70.00","286435.54","SABD0000000001","AAV1.0.0.11","1.1.2.0","PSt7-10","170328-006","1/4/2020 10:31:52","0000-00","0","no battery","V"
"11/02/2020","12:29:46","1","default","640513929","OXY_CH1","75.392","min","156.464","µmol/L","Humid","23.649","deg","44406","µV","26.559","°C","1018.000","hPa","35.3","pmil","0","55.520","deg","20.000","°C","100.000","%a.s.","21.750","deg","20.000","°C","977.000","hPa","0.861","-0.02617","0.00035","0","0","13.56","Humid","24.85","0","70.00","286437.22","SABD0000000001","AAV1.0.0.11","1.1.2.0","PSt7-10","170328-006","1/4/2020 10:31:52","0000-00","0","no battery","V"
"11/02/2020","12:29:47","1","default","640513929","OXY_CH1","75.409","min","156.394","µmol/L","Humid","23.653","deg","44396","µV","26.563","°C","1018.000","hPa","35.3","pmil","0","55.520","deg","20.000","°C","100.000","%a.s.","21.750","deg","20.000","°C","977.000","hPa","0.861","-0.02617","0.00035","0","0","13.56","Humid","24.85","0","70.00","286423.75","SABD0000000001","AAV1.0.0.11","1.1.2.0","PSt7-10","170328-006","1/4/2020 10:31:52","0000-00","0","no battery","V"
"11/02/2020","12:29:48","1","default","640513929","OXY_CH1","75.425","min","156.355","µmol/L","Humid","23.651","deg","44400","µV","26.577","°C","1018.000","hPa","35.3","pmil","0","55.520","deg","20.000","°C","100.000","%a.s.","21.750","deg","20.000","°C","977.000","hPa","0.861","-0.02617","0.00035","0","0","13.56","Humid","24.85","0","70.00","286422.85","SABD0000000001","AAV1.0.0.11","1.1.2.0","PSt7-10","170328-006","1/4/2020 10:31:52","0000-00","0","no battery","V"
"11/02/2020","12:29:49","1","default","640513929","OXY_CH1","75.442","min","156.399","µmol/L","Humid","23.649","deg","44403","µV","26.573","°C","1018.000","hPa","35.3","pmil","0","55.520","deg","20.000","°C","100.000","%a.s.","21.750","deg","20.000","°C","977.000","hPa","0.861","-0.02617","0.00035","0","0","13.56","Humid","24.85","0","70.00","286436.60","SABD0000000001","AAV1.0.0.11","1.1.2.0","PSt7-10","170328-006","1/4/2020 10:31:52","0000-00","0","no battery","V"
"11/02/2020","12:29:50","1","default","640513929","OXY_CH1","75.459","min","156.551","µmol/L","Humid","23.641","deg","44392","µV","26.563","°C","1018.000","hPa","35.3","pmil","0","55.520","deg","20.000","°C","100.000","%a.s.","21.750","deg","20.000","°C","977.000","hPa","0.861","-0.02617","0.00035","0","0","13.56","Humid","24.85","0","70.00","286432.24","SABD0000000001","AAV1.0.0.11","1.1.2.0","PSt7-10","170328-006","1/4/2020 10:31:52","0000-00","0","no battery","V"
"11/02/2020","12:29:51","1","default","640513929","OXY_CH1","75.476","min","156.540","µmol/L","Humid","23.641","deg","44393","µV","26.565","°C","1018.000","hPa","35.3","pmil","0","55.520","deg","20.000","°C","100.000","%a.s.","21.750","deg","20.000","°C","977.000","hPa","0.861","-0.02617","0.00035","0","0","13.56","Humid","24.85","0","70.00","286429.95","SABD0000000001","AAV1.0.0.11","1.1.2.0","PSt7-10","170328-006","1/4/2020 10:31:52","0000-00","0","no battery","V"
"11/02/2020","12:29:52","1","default","640513929","OXY_CH1","75.492","min","156.527","µmol/L","Humid","23.643","deg","44396","µV","26.563","°C","1018.000","hPa","35.3","pmil","0","55.520","deg","20.000","°C","100.000","%a.s.","21.750","deg","20.000","°C","977.000","hPa","0.861","-0.02617","0.00035","0","0","13.56","Humid","24.85","0","70.00","286419.06","SABD0000000001","AAV1.0.0.11","1.1.2.0","PSt7-10","170328-006","1/4/2020 10:31:52","0000-00","0","no battery","V"
"11/02/2020","12:29:53","1","default","640513929","OXY_CH1","75.509","min","156.489","µmol/L","Humid","23.644","deg","44399","µV","26.568","°C","1018.000","hPa","35.3","pmil","0","55.520","deg","20.000","°C","100.000","%a.s.","21.750","deg","20.000","°C","977.000","hPa","0.861","-0.02617","0.00035","0","0","13.56","Humid","24.85","0","70.00","286426.71","SABD0000000001","AAV1.0.0.11","1.1.2.0","PSt7-10","170328-006","1/4/2020 10:31:52","0000-00","0","no battery","V"
"11/02/2020","12:29:54","1","default","640513929","OXY_CH1","75.525","min","156.500","µmol/L","Humid","23.647","deg","44382","µV","26.557","°C","1018.000","hPa","35.3","pmil","0","55.520","deg","20.000","°C","100.000","%a.s.","21.750","deg","20.000","°C","977.000","hPa","0.861","-0.02617","0.00035","0","0","13.56","Humid","24.85","0","70.00","286423.35","SABD0000000001","AAV1.0.0.11","1.1.2.0","PSt7-10","170328-006","1/4/2020 10:31:52","0000-00","0","no battery","V"
"11/02/2020","12:29:55","1","default","640513929","OXY_CH1","75.542","min","156.600","µmol/L","Humid","23.640","deg","44388","µV","26.555","°C","1018.000","hPa","35.3","pmil","0","55.520","deg","20.000","°C","100.000","%a.s.","21.750","deg","20.000","°C","977.000","hPa","0.861","-0.02617","0.00035","0","0","13.56","Humid","24.85","0","70.00","286428.28","SABD0000000001","AAV1.0.0.11","1.1.2.0","PSt7-10","170328-006","1/4/2020 10:31:52","0000-00","0","no battery","V"
"11/02/2020","12:29:56","1","default","640513929","OXY_CH1","75.559","min","156.698","µmol/L","Humid","23.633","deg","44381","µV","26.554","°C","1018.000","hPa","35.3","pmil","0","55.520","deg","20.000","°C","100.000","%a.s.","21.750","deg","20.000","°C","977.000","hPa","0.861","-0.02617","0.00035","0","0","13.56","Humid","24.85","0","70.00","286426.31","SABD0000000001","AAV1.0.0.11","1.1.2.0","PSt7-10","170328-006","1/4/2020 10:31:52","0000-00","0","no battery","V"
"11/02/2020","12:29:57","1","default","640513929","OXY_CH1","75.576","min","156.535","µmol/L","Humid","23.641","deg","44376","µV","26.567","°C","1018.000","hPa","35.3","pmil","0","55.520","deg","20.000","°C","100.000","%a.s.","21.750","deg","20.000","°C","977.000","hPa","0.861","-0.02617","0.00035","0","0","13.56","Humid","24.85","0","70.00","286427.09","SABD0000000001","AAV1.0.0.11","1.1.2.0","PSt7-10","170328-006","1/4/2020 10:31:52","0000-00","0","no battery","V"
"11/02/2020","12:29:58","1","default","640513929","OXY_CH1","75.592","min","156.669","µmol/L","Humid","23.634","deg","44382","µV","26.557","°C","1018.000","hPa","35.3","pmil","0","55.520","deg","20.000","°C","100.000","%a.s.","21.750","deg","20.000","°C","977.000","hPa","0.861","-0.02617","0.00035","0","0","13.56","Humid","24.85","0","70.00","286417.47","SABD0000000001","AAV1.0.0.11","1.1.2.0","PSt7-10","170328-006","1/4/2020 10:31:52","0000-00","0","no battery","V"
"11/02/2020","12:29:59","1","default","640513929","OXY_CH1","75.608","min","156.548","µmol/L","Humid","23.639","deg","44377","µV","26.569","°C","1018.000","hPa","35.3","pmil","0","55.520","deg","20.000","°C","100.000","%a.s.","21.750","deg","20.000","°C","977.000","hPa","0.861","-0.02617","0.00035","0","0","13.56","Humid","24.85","0","70.00","286417.30","SABD0000000001","AAV1.0.0.11","1.1.2.0","PSt7-10","170328-006","1/4/2020 10:31:52","0000-00","0","no battery","V"
"11/02/2020","12:30:00","1","default","640513929","OXY_CH1","75.625","min","156.536","µmol/L","Humid","23.643","deg","44375","µV","26.561","°C","1018.000","hPa","35.3","pmil","0","55.520","deg","20.000","°C","100.000","%a.s.","21.750","deg","20.000","°C","977.000","hPa","0.861","-0.02617","0.00035","0","0","13.56","Humid","24.85","0","70.00","286421.11","SABD0000000001","AAV1.0.0.11","1.1.2.0","PSt7-10","170328-006","1/4/2020 10:31:52","0000-00","0","no battery","V"
"11/02/2020","12:30:01","1","default","640513929","OXY_CH1","75.642","min","156.591","µmol/L","Humid","23.640","deg","44372","µV","26.557","°C","1018.000","hPa","35.3","pmil","0","55.520","deg","20.000","°C","100.000","%a.s.","21.750","deg","20.000","°C","977.000","hPa","0.861","-0.02617","0.00035","0","0","13.56","Humid","24.85","0","70.00","286427.06","SABD0000000001","AAV1.0.0.11","1.1.2.0","PSt7-10","170328-006","1/4/2020 10:31:52","0000-00","0","no battery","V"
"11/02/2020","12:30:02","1","default","640513929","OXY_CH1","75.659","min","156.509","µmol/L","Humid","23.646","deg","44375","µV","26.558","°C","1018.000","hPa","35.3","pmil","0","55.520","deg","20.000","°C","100.000","%a.s.","21.750","deg","20.000","°C","977.000","hPa","0.861","-0.02617","0.00035","0","0","13.56","Humid","24.85","0","70.00","286420.95","SABD0000000001","AAV1.0.0.11","1.1.2.0","PSt7-10","170328-006","1/4/2020 10:31:52","0000-00","0","no battery","V"
"11/02/2020","12:30:03","1","default","640513929","OXY_CH1","75.675","min","156.630","µmol/L","Humid","23.632","deg","44376","µV","26.572","°C","1018.000","hPa","35.3","pmil","0","55.520","deg","20.000","°C","100.000","%a.s.","21.750","deg","20.000","°C","977.000","hPa","0.861","-0.02617","0.00035","0","0","13.56","Humid","24.85","0","70.00","286419.43","SABD0000000001","AAV1.0.0.11","1.1.2.0","PSt7-10","170328-006","1/4/2020 10:31:52","0000-00","0","no battery","V"
"11/02/2020","12:30:04","1","default","640513929","OXY_CH1","75.692","min","156.618","µmol/L","Humid","23.632","deg","44375","µV","26.574","°C","1018.000","hPa","35.3","pmil","0","55.520","deg","20.000","°C","100.000","%a.s.","21.750","deg","20.000","°C","977.000","hPa","0.861","-0.02617","0.00035","0","0","13.56","Humid","24.85","0","70.00","286419.16","SABD0000000001","AAV1.0.0.11","1.1.2.0","PSt7-10","170328-006","1/4/2020 10:31:52","0000-00","0","no battery","V"
"11/02/2020","12:30:05","1","default","640513929","OXY_CH1","75.709","min","156.697","µmol/L","Humid","23.634","deg","44364","µV","26.551","°C","1018.000","hPa","35.3","pmil","0","55.520","deg","20.000","°C","100.000","%a.s.","21.750","deg","20.000","°C","977.000","hPa","0.861","-0.02617","0.00035","0","0","13.56","Humid","24.85","0","70.00","286423.25","SABD0000000001","AAV1.0.0.11","1.1.2.0","PSt7-10","170328-006","1/4/2020 10:31:52","0000-00","0","no battery","V"
"11/02/2020","12:30:06","1","default","640513929","OXY_CH1","75.726","min","156.591","µmol/L","Humid","23.638","deg","44359","µV","26.563","°C","1018.000","hPa","35.3","pmil","0","55.520","deg","20.000","°C","100.000","%a.s.","21.750","deg","20.000","°C","977.000","hPa","0.861","-0.02617","0.00035","0","0","13.56","Humid","24.85","0","70.00","286422.21","SABD0000000001","AAV1.0.0.11","1.1.2.0","PSt7-10","170328-006","1/4/2020 10:31:52","0000-00","0","no battery","V"
"11/02/2020","12:30:07","1","default","640513929","OXY_CH1","75.742","min","156.819","µmol/L","Humid","23.624","deg","44348","µV","26.553","°C","1018.000","hPa","35.3","pmil","0","55.520","deg","20.000","°C","100.000","%a.s.","21.750","deg","20.000","°C","977.000","hPa","0.861","-0.02617","0.00035","0","0","13.56","Humid","24.85","0","70.00","286410.11","SABD0000000001","AAV1.0.0.11","1.1.2.0","PSt7-10","170328-006","1/4/2020 10:31:52","0000-00","0","no battery","V"
"11/02/2020","12:30:08","1","default","640513929","OXY_CH1","75.759","min","156.687","µmol/L","Humid","23.632","deg","44342","µV","26.559","°C","1018.000","hPa","35.3","pmil","0","55.520","deg","20.000","°C","100.000","%a.s.","21.750","deg","20.000","°C","977.000","hPa","0.861","-0.02617","0.00035","0","0","13.56","Humid","24.85","0","70.00","286408.42","SABD0000000001","AAV1.0.0.11","1.1.2.0","PSt7-10","170328-006","1/4/2020 10:31:52","0000-00","0","no battery","V"
"11/02/2020","12:30:09","1","default","640513929","OXY_CH1","75.775","min","156.677","µmol/L","Humid","23.632","deg","44336","µV","26.561","°C","1018.000","hPa","35.3","pmil","0","55.520","deg","20.000","°C","100.000","%a.s.","21.750","deg","20.000","°C","977.000","hPa","0.861","-0.02617","0.00035","0","0","13.56","Humid","24.85","0","70.00","286407.36","SABD0000000001","AAV1.0.0.11","1.1.2.0","PSt7-10","170328-006","1/4/2020 10:31:52","0000-00","0","no battery","V"
"11/02/2020","12:30:10","1","default","640513929","OXY_CH1","75.792","min","156.680","µmol/L","Humid","23.636","deg","44331","µV","26.549","°C","1018.000","hPa","35.3","pmil","0","55.520","deg","20.000","°C","100.000","%a.s.","21.750","deg","20.000","°C","977.000","hPa","0.861","-0.02617","0.00035","0","0","13.56","Humid","24.85","0","70.00","286420.10","SABD0000000001","AAV1.0.0.11","1.1.2.0","PSt7-10","170328-006","1/4/2020 10:31:52","0000-00","0","no battery","V"
"11/02/2020","12:30:11","1","default","640513929","OXY_CH1","75.808","min","156.745","µmol/L","Humid","23.626","deg","44330","µV","26.564","°C","1018.000","hPa","35.3","pmil","0","55.520","deg","20.000","°C","100.000","%a.s.","21.750","deg","20.000","°C","977.000","hPa","0.861","-0.02617","0.00035","0","0","13.56","Humid","24.85","0","70.00","286407.82","SABD0000000001","AAV1.0.0.11","1.1.2.0","PSt7-10","170328-006","1/4/2020 10:31:52","0000-00","0","no battery","V"
"11/02/2020","12:30:12","1","default","640513929","OXY_CH1","75.825","min","156.623","µmol/L","Humid","23.635","deg","44324","µV","26.564","°C","1018.000","hPa","35.3","pmil","0","55.520","deg","20.000","°C","100.000","%a.s.","21.750","deg","20.000","°C","977.000","hPa","0.861","-0.02617","0.00035","0","0","13.56","Humid","24.85","0","70.00","286411.50","SABD0000000001","AAV1.0.0.11","1.1.2.0","PSt7-10","170328-006","1/4/2020 10:31:52","0000-00","0","no battery","V"
"11/02/2020","12:30:13","1","default","640513929","OXY_CH1","75.842","min","156.712","µmol/L","Humid","23.630","deg","44323","µV","26.559","°C","1018.000","hPa","35.3","pmil","0","55.520","deg","20.000","°C","100.000","%a.s.","21.750","deg","20.000","°C","977.000","hPa","0.861","-0.02617","0.00035","0","0","13.56","Humid","24.85","0","70.00","286407.63","SABD0000000001","AAV1.0.0.11","1.1.2.0","PSt7-10","170328-006","1/4/2020 10:31:52","0000-00","0","no battery","V"
"11/02/2020","12:30:14","1","default","640513929","OXY_CH1","75.859","min","156.743","µmol/L","Humid","23.631","deg","44311","µV","26.550","°C","1018.000","hPa","35.3","pmil","0","55.520","deg","20.000","°C","100.000","%a.s.","21.750","deg","20.000","°C","977.000","hPa","0.861","-0.02617","0.00035","0","0","13.56","Humid","24.85","0","70.00","286414.41","SABD0000000001","AAV1.0.0.11","1.1.2.0","PSt7-10","170328-006","1/4/2020 10:31:52","0000-00","0","no battery","V"
"11/02/2020","12:30:15","1","default","640513929","OXY_CH1","75.876","min","156.733","µmol/L","Humid","23.627","deg","44308","µV","26.563","°C","1018.000","hPa","35.3","pmil","0","55.520","deg","20.000","°C","100.000","%a.s.","21.750","deg","20.000","°C","977.000","hPa","0.861","-0.02617","0.00035","0","0","13.56","Humid","24.85","0","70.00","286420.43","SABD0000000001","AAV1.0.0.11","1.1.2.0","PSt7-10","170328-006","1/4/2020 10:31:52","0000-00","0","no battery","V"
"11/02/2020","12:30:16","1","default","640513929","OXY_CH1","75.892","min","156.602","µmol/L","Humid","23.639","deg","44297","µV","26.558","°C","1018.000","hPa","35.3","pmil","0","55.520","deg","20.000","°C","100.000","%a.s.","21.750","deg","20.000","°C","977.000","hPa","0.861","-0.02617","0.00035","0","0","13.56","Humid","24.85","0","70.00","286409.30","SABD0000000001","AAV1.0.0.11","1.1.2.0","PSt7-10","170328-006","1/4/2020 10:31:52","0000-00","0","no battery","V"
"11/02/2020","12:30:17","1","default","640513929","OXY_CH1","75.909","min","156.772","µmol/L","Humid","23.627","deg","44287","µV","26.555","°C","1018.000","hPa","35.3","pmil","0","55.520","deg","20.000","°C","100.000","%a.s.","21.750","deg","20.000","°C","977.000","hPa","0.861","-0.02617","0.00035","0","0","13.56","Humid","24.85","0","70.00","286406.94","SABD0000000001","AAV1.0.0.11","1.1.2.0","PSt7-10","170328-006","1/4/2020 10:31:52","0000-00","0","no battery","V"
"11/02/2020","12:30:18","1","default","640513929","OXY_CH1","75.925","min","156.668","µmol/L","Humid","23.636","deg","44286","µV","26.552","°C","1018.000","hPa","35.3","pmil","0","55.520","deg","20.000","°C","100.000","%a.s.","21.750","deg","20.000","°C","977.000","hPa","0.861","-0.02617","0.00035","0","0","13.56","Humid","24.85","0","70.00","286410.02","SABD0000000001","AAV1.0.0.11","1.1.2.0","PSt7-10","170328-006","1/4/2020 10:31:52","0000-00","0","no battery","V"
"11/02/2020","12:30:19","1","default","640513929","OXY_CH1","75.942","min","156.798","µmol/L","Humid","23.626","deg","44281","µV","26.552","°C","1018.000","hPa","35.3","pmil","0","55.520","deg","20.000","°C","100.000","%a.s.","21.750","deg","20.000","°C","977.000","hPa","0.861","-0.02617","0.00035","0","0","13.56","Humid","24.85","0","70.00","286421.26","SABD0000000001","AAV1.0.0.11","1.1.2.0","PSt7-10","170328-006","1/4/2020 10:31:52","0000-00","0","no battery","V"
"11/02/2020","12:30:20","1","default","640513929","OXY_CH1","75.958","min","156.782","µmol/L","Humid","23.629","deg","44275","µV","26.547","°C","1018.000","hPa","35.3","pmil","0","55.520","deg","20.000","°C","100.000","%a.s.","21.750","deg","20.000","°C","977.000","hPa","0.861","-0.02617","0.00035","0","0","13.56","Humid","24.85","0","70.00","286403.45","SABD0000000001","AAV1.0.0.11","1.1.2.0","PSt7-10","170328-006","1/4/2020 10:31:52","0000-00","0","no battery","V"
"11/02/2020","12:30:21","1","default","640513929","OXY_CH1","75.975","min","156.726","µmol/L","Humid","23.631","deg","44266","µV","26.554","°C","1018.000","hPa","35.3","pmil","0","55.520","deg","20.000","°C","100.000","%a.s.","21.750","deg","20.000","°C","977.000","hPa","0.861","-0.02617","0.00035","0","0","13.56","Humid","24.85","0","70.00","286407.42","SABD0000000001","AAV1.0.0.11","1.1.2.0","PSt7-10","170328-006","1/4/2020 10:31:52","0000-00","0","no battery","V"
"11/02/2020","12:30:22","1","default","640513929","OXY_CH1","75.992","min","156.775","µmol/L","Humid","23.622","deg","44253","µV","26.569","°C","1018.000","hPa","35.3","pmil","0","55.520","deg","20.000","°C","100.000","%a.s.","21.750","deg","20.000","°C","977.000","hPa","0.861","-0.02617","0.00035","0","0","13.56","Humid","24.85","0","70.00","286412.06","SABD0000000001","AAV1.0.0.11","1.1.2.0","PSt7-10","170328-006","1/4/2020 10:31:52","0000-00","0","no battery","V"
"11/02/2020","12:30:23","1","default","640513929","OXY_CH1","76.009","min","156.771","µmol/L","Humid","23.622","deg","44254","µV","26.569","°C","1018.000","hPa","35.3","pmil","0","55.520","deg","20.000","°C","100.000","%a.s.","21.750","deg","20.000","°C","977.000","hPa","0.861","-0.02617","0.00035","0","0","13.56","Humid","24.85","0","70.00","286403.67","SABD0000000001","AAV1.0.0.11","1.1.2.0","PSt7-10","170328-006","1/4/2020 10:31:52","0000-00","0","no battery","V"
"11/02/2020","12:30:24","1","default","640513929","OXY_CH1","76.025","min","156.739","µmol/L","Humid","23.624","deg","44241","µV","26.571","°C","1018.000","hPa","35.3","pmil","0","55.520","deg","20.000","°C","100.000","%a.s.","21.750","deg","20.000","°C","977.000","hPa","0.861","-0.02617","0.00035","0","0","13.56","Humid","24.85","0","70.00","286409.91","SABD0000000001","AAV1.0.0.11","1.1.2.0","PSt7-10","170328-006","1/4/2020 10:31:52","0000-00","0","no battery","V"
"11/02/2020","12:30:25","1","default","640513929","OXY_CH1","76.042","min","156.773","µmol/L","Humid","23.630","deg","44240","µV","26.546","°C","1018.000","hPa","35.3","pmil","0","55.520","deg","20.000","°C","100.000","%a.s.","21.750","deg","20.000","°C","977.000","hPa","0.861","-0.02617","0.00035","0","0","13.56","Humid","24.85","0","70.00","286408.23","SABD0000000001","AAV1.0.0.11","1.1.2.0","PSt7-10","170328-006","1/4/2020 10:31:52","0000-00","0","no battery","V"
"11/02/2020","12:30:26","1","default","640513929","OXY_CH1","76.059","min","156.794","µmol/L","Humid","23.622","deg","44235","µV","26.564","°C","1018.000","hPa","35.3","pmil","0","55.520","deg","20.000","°C","100.000","%a.s.","21.750","deg","20.000","°C","977.000","hPa","0.861","-0.02617","0.00035","0","0","13.56","Humid","24.85","0","70.00","286403.72","SABD0000000001","AAV1.0.0.11","1.1.2.0","PSt7-10","170328-006","1/4/2020 10:31:52","0000-00","0","no battery","V"
"11/02/2020","12:30:27","1","default","640513929","OXY_CH1","76.076","min","156.805","µmol/L","Humid","23.625","deg","44223","µV","26.553","°C","1018.000","hPa","35.3","pmil","0","55.520","deg","20.000","°C","100.000","%a.s.","21.750","deg","20.000","°C","977.000","hPa","0.861","-0.02617","0.00035","0","0","13.56","Humid","24.85","0","70.00","286409.96","SABD0000000001","AAV1.0.0.11","1.1.2.0","PSt7-10","170328-006","1/4/2020 10:31:52","0000-00","0","no battery","V"
"11/02/2020","12:30:28","1","default","640513929","OXY_CH1","76.092","min","156.910","µmol/L","Humid","23.617","deg","44215","µV","26.553","°C","1018.000","hPa","35.3","pmil","0","55.520","deg","20.000","°C","100.000","%a.s.","21.750","deg","20.000","°C","977.000","hPa","0.861","-0.02617","0.00035","0","0","13.56","Humid","24.85","0","70.00","286405.55","SABD0000000001","AAV1.0.0.11","1.1.2.0","PSt7-10","170328-006","1/4/2020 10:31:52","0000-00","0","no battery","V"
"11/02/2020","12:30:29","1","default","640513929","OXY_CH1","76.109","min","156.874","µmol/L","Humid","23.619","deg","44214","µV","26.556","°C","1018.000","hPa","35.3","pmil","0","55.520","deg","20.000","°C","100.000","%a.s.","21.750","deg","20.000","°C","977.000","hPa","0.861","-0.02617","0.00035","0","0","13.56","Humid","24.85","0","70.00","286404.50","SABD0000000001","AAV1.0.0.11","1.1.2.0","PSt7-10","170328-006","1/4/2020 10:31:52","0000-00","0","no battery","V"
"11/02/2020","12:30:30","1","default","640513929","OXY_CH1","76.125","min","156.885","µmol/L","Humid","23.619","deg","44199","µV","26.553","°C","1018.000","hPa","35.3","pmil","0","55.520","deg","20.000","°C","100.000","%a.s.","21.750","deg","20.000","°C","977.000","hPa","0.861","-0.02617","0.00035","0","0","13.56","Humid","24.85","0","70.00","286410.67","SABD0000000001","AAV1.0.0.11","1.1.2.0","PSt7-10","170328-006","1/4/2020 10:31:52","0000-00","0","no battery","V"
"11/02/2020","12:30:31","1","default","640513929","OXY_CH1","76.142","min","156.853","µmol/L","Humid","23.620","deg","44197","µV","26.557","°C","1018.000","hPa","35.3","pmil","0","55.520","deg","20.000","°C","100.000","%a.s.","21.750","deg","20.000","°C","977.000","hPa","0.861","-0.02617","0.00035","0","0","13.56","Humid","24.85","0","70.00","286410.52","SABD0000000001","AAV1.0.0.11","1.1.2.0","PSt7-10","170328-006","1/4/2020 10:31:52","0000-00","0","no battery","V"
"11/02/2020","12:30:32","1","default","640513929","OXY_CH1","76.159","min","156.904","µmol/L","Humid","23.618","deg","44192","µV","26.552","°C","1018.000","hPa","35.3","pmil","0","55.520","deg","20.000","°C","100.000","%a.s.","21.750","deg","20.000","°C","977.000","hPa","0.861","-0.02617","0.00035","0","0","13.56","Humid","24.85","0","70.00","286415.09","SABD0000000001","AAV1.0.0.11","1.1.2.0","PSt7-10","170328-006","1/4/2020 10:31:52","0000-00","0","no battery","V"
"11/02/2020","12:30:33","1","default","640513929","OXY_CH1","76.175","min","156.827","µmol/L","Humid","23.622","deg","44179","µV","26.557","°C","1018.000","hPa","35.3","pmil","0","55.520","deg","20.000","°C","100.000","%a.s.","21.750","deg","20.000","°C","977.000","hPa","0.861","-0.02617","0.00035","0","0","13.56","Humid","24.85","0","70.00","286413.03","SABD0000000001","AAV1.0.0.11","1.1.2.0","PSt7-10","170328-006","1/4/2020 10:31:52","0000-00","0","no battery","V"
"11/02/2020","12:30:34","1","default","640513929","OXY_CH1","76.192","min","156.888","µmol/L","Humid","23.622","deg","44179","µV","26.544","°C","1018.000","hPa","35.3","pmil","0","55.520","deg","20.000","°C","100.000","%a.s.","21.750","deg","20.000","°C","977.000","hPa","0.861","-0.02617","0.00035","0","0","13.56","Humid","24.85","0","70.00","286405.67","SABD0000000001","AAV1.0.0.11","1.1.2.0","PSt7-10","170328-006","1/4/2020 10:31:52","0000-00","0","no battery","V"
"11/02/2020","12:30:35","1","default","640513929","OXY_CH1","76.209","min","156.935","µmol/L","Humid","23.621","deg","44175","µV","26.537","°C","1018.000","hPa","35.3","pmil","0","55.520","deg","20.000","°C","100.000","%a.s.","21.750","deg","20.000","°C","977.000","hPa","0.861","-0.02617","0.00035","0","0","13.56","Humid","24.85","0","70.00","286400.52","SABD0000000001","AAV1.0.0.11","1.1.2.0","PSt7-10","170328-006","1/4/2020 10:31:52","0000-00","0","no battery","V"
"11/02/2020","12:30:36","1","default","640513929","OXY_CH1","76.225","min","156.902","µmol/L","Humid","23.621","deg","44165","µV","26.544","°C","1018.000","hPa","35.3","pmil","0","55.520","deg","20.000","°C","100.000","%a.s.","21.750","deg","20.000","°C","977.000","hPa","0.861","-0.02617","0.00035","0","0","13.56","Humid","24.85","0","70.00","286401.36","SABD0000000001","AAV1.0.0.11","1.1.2.0","PSt7-10","170328-006","1/4/2020 10:31:52","0000-00","0","no battery","V"
"11/02/2020","12:30:37","1","default","640513929","OXY_CH1","76.242","min","156.848","µmol/L","Humid","23.622","deg","44160","µV","26.553","°C","1018.000","hPa","35.3","pmil","0","55.520","deg","20.000","°C","100.000","%a.s.","21.750","deg","20.000","°C","977.000","hPa","0.861","-0.02617","0.00035","0","0","13.56","Humid","24.85","0","70.00","286395.64","SABD0000000001","AAV1.0.0.11","1.1.2.0","PSt7-10","170328-006","1/4/2020 10:31:52","0000-00","0","no battery","V"
"11/02/2020","12:30:38","1","default","640513929","OXY_CH1","76.259","min","156.914","µmol/L","Humid","23.623","deg","44152","µV","26.535","°C","1018.000","hPa","35.3","pmil","0","55.520","deg","20.000","°C","100.000","%a.s.","21.750","deg","20.000","°C","977.000","hPa","0.861","-0.02617","0.00035","0","0","13.56","Humid","24.85","0","70.00","286402.89","SABD0000000001","AAV1.0.0.11","1.1.2.0","PSt7-10","170328-006","1/4/2020 10:31:52","0000-00","0","no battery","V"
"11/02/2020","12:30:39","1","default","640513929","OXY_CH1","76.276","min","156.980","µmol/L","Humid","23.617","deg","44145","µV","26.538","°C","1018.000","hPa","35.3","pmil","0","55.520","deg","20.000","°C","100.000","%a.s.","21.750","deg","20.000","°C","977.000","hPa","0.861","-0.02617","0.00035","0","0","13.56","Humid","24.85","0","70.00","286399.74","SABD0000000001","AAV1.0.0.11","1.1.2.0","PSt7-10","170328-006","1/4/2020 10:31:52","0000-00","0","no battery","V"
"11/02/2020","12:30:40","1","default","640513929","OXY_CH1","76.292","min","156.996","µmol/L","Humid","23.613","deg","44139","µV","26.546","°C","1018.000","hPa","35.3","pmil","0","55.520","deg","20.000","°C","100.000","%a.s.","21.750","deg","20.000","°C","977.000","hPa","0.861","-0.02617","0.00035","0","0","13.56","Humid","24.85","0","70.00","286400.59","SABD0000000001","AAV1.0.0.11","1.1.2.0","PSt7-10","170328-006","1/4/2020 10:31:52","0000-00","0","no battery","V"
"11/02/2020","12:30:41","1","default","640513929","OXY_CH1","76.309","min","156.924","µmol/L","Humid","23.618","deg","44138","µV","26.547","°C","1018.000","hPa","35.3","pmil","0","55.520","deg","20.000","°C","100.000","%a.s.","21.750","deg","20.000","°C","977.000","hPa","0.861","-0.02617","0.00035","0","0","13.56","Humid","24.85","0","70.00","286398.19","SABD0000000001","AAV1.0.0.11","1.1.2.0","PSt7-10","170328-006","1/4/2020 10:31:52","0000-00","0","no battery","V"
"11/02/2020","12:30:42","1","default","640513929","OXY_CH1","76.325","min","156.964","µmol/L","Humid","23.618","deg","44137","µV","26.539","°C","1018.000","hPa","35.3","pmil","0","55.520","deg","20.000","°C","100.000","%a.s.","21.750","deg","20.000","°C","977.000","hPa","0.861","-0.02617","0.00035","0","0","13.56","Humid","24.85","0","70.00","286390.65","SABD0000000001","AAV1.0.0.11","1.1.2.0","PSt7-10","170328-006","1/4/2020 10:31:52","0000-00","0","no battery","V"
"11/02/2020","12:30:43","1","default","640513929","OXY_CH1","76.342","min","156.993","µmol/L","Humid","23.612","deg","44123","µV","26.550","°C","1018.000","hPa","35.3","pmil","0","55.520","deg","20.000","°C","100.000","%a.s.","21.750","deg","20.000","°C","977.000","hPa","0.861","-0.02617","0.00035","0","0","13.56","Humid","24.85","0","70.00","286405.20","SABD0000000001","AAV1.0.0.11","1.1.2.0","PSt7-10","170328-006","1/4/2020 10:31:52","0000-00","0","no battery","V"
"11/02/2020","12:30:44","1","default","640513929","OXY_CH1","76.359","min","156.970","µmol/L","Humid","23.616","deg","44124","µV","26.543","°C","1018.000","hPa","35.3","pmil","0","55.520","deg","20.000","°C","100.000","%a.s.","21.750","deg","20.000","°C","977.000","hPa","0.861","-0.02617","0.00035","0","0","13.56","Humid","24.85","0","70.00","286397.61","SABD0000000001","AAV1.0.0.11","1.1.2.0","PSt7-10","170328-006","1/4/2020 10:31:52","0000-00","0","no battery","V"
"11/02/2020","12:30:45","1","default","640513929","OXY_CH1","76.375","min","157.064","µmol/L","Humid","23.614","deg","44105","µV","26.528","°C","1018.000","hPa","35.3","pmil","0","55.520","deg","20.000","°C","100.000","%a.s.","21.750","deg","20.000","°C","977.000","hPa","0.861","-0.02617","0.00035","0","0","13.56","Humid","24.85","0","70.00","286396.21","SABD0000000001","AAV1.0.0.11","1.1.2.0","PSt7-10","170328-006","1/4/2020 10:31:52","0000-00","0","no battery","V"
"11/02/2020","12:30:46","1","default","640513929","OXY_CH1","76.392","min","157.005","µmol/L","Humid","23.610","deg","44087","µV","26.553","°C","1018.000","hPa","35.3","pmil","0","55.520","deg","20.000","°C","100.000","%a.s.","21.750","deg","20.000","°C","977.000","hPa","0.861","-0.02617","0.00035","0","0","13.56","Humid","24.85","0","70.00","286389.99","SABD0000000001","AAV1.0.0.11","1.1.2.0","PSt7-10","170328-006","1/4/2020 10:31:52","0000-00","0","no battery","V"
"11/02/2020","12:30:47","1","default","640513929","OXY_CH1","76.409","min","156.996","µmol/L","Humid","23.612","deg","44085","µV","26.549","°C","1018.000","hPa","35.3","pmil","0","55.520","deg","20.000","°C","100.000","%a.s.","21.750","deg","20.000","°C","977.000","hPa","0.861","-0.02617","0.00035","0","0","13.56","Humid","24.85","0","70.00","286395.28","SABD0000000001","AAV1.0.0.11","1.1.2.0","PSt7-10","170328-006","1/4/2020 10:31:52","0000-00","0","no battery","V"
"11/02/2020","12:30:48","1","default","640513929","OXY_CH1","76.425","min","157.126","µmol/L","Humid","23.607","deg","44076","µV","26.535","°C","1018.000","hPa","35.3","pmil","0","55.520","deg","20.000","°C","100.000","%a.s.","21.750","deg","20.000","°C","977.000","hPa","0.861","-0.02617","0.00035","0","0","13.56","Humid","24.85","0","70.00","286383.26","SABD0000000001","AAV1.0.0.11","1.1.2.0","PSt7-10","170328-006","1/4/2020 10:31:52","0000-00","0","no battery","V"
"11/02/2020","12:30:49","1","default","640513929","OXY_CH1","76.442","min","157.139","µmol/L","Humid","23.606","deg","44075","µV","26.535","°C","1018.000","hPa","35.3","pmil","0","55.520","deg","20.000","°C","100.000","%a.s.","21.750","deg","20.000","°C","977.000","hPa","0.861","-0.02617","0.00035","0","0","13.56","Humid","24.85","0","70.00","286390.18","SABD0000000001","AAV1.0.0.11","1.1.2.0","PSt7-10","170328-006","1/4/2020 10:31:52","0000-00","0","no battery","V"
"11/02/2020","12:30:50","1","default","640513929","OXY_CH1","76.459","min","157.004","µmol/L","Humid","23.613","deg","44063","µV","26.544","°C","1018.000","hPa","35.3","pmil","0","55.520","deg","20.000","°C","100.000","%a.s.","21.750","deg","20.000","°C","977.000","hPa","0.861","-0.02617","0.00035","0","0","13.56","Humid","24.85","0","70.00","286383.30","SABD0000000001","AAV1.0.0.11","1.1.2.0","PSt7-10","170328-006","1/4/2020 10:31:52","0000-00","0","no battery","V"
"11/02/2020","12:30:51","1","default","640513929","OXY_CH1","76.475","min","157.129","µmol/L","Humid","23.605","deg","44059","µV","26.540","°C","1018.000","hPa","35.3","pmil","0","55.520","deg","20.000","°C","100.000","%a.s.","21.750","deg","20.000","°C","977.000","hPa","0.861","-0.02617","0.00035","0","0","13.56","Humid","24.85","0","70.00","286395.08","SABD0000000001","AAV1.0.0.11","1.1.2.0","PSt7-10","170328-006","1/4/2020 10:31:52","0000-00","0","no battery","V"
"11/02/2020","12:30:52","1","default","640513929","OXY_CH1","76.492","min","157.067","µmol/L","Humid","23.610","deg","44055","µV","26.539","°C","1018.000","hPa","35.3","pmil","0","55.520","deg","20.000","°C","100.000","%a.s.","21.750","deg","20.000","°C","977.000","hPa","0.861","-0.02617","0.00035","0","0","13.56","Humid","24.85","0","70.00","286391.97","SABD0000000001","AAV1.0.0.11","1.1.2.0","PSt7-10","170328-006","1/4/2020 10:31:52","0000-00","0","no battery","V"
"11/02/2020","12:30:53","1","default","640513929","OXY_CH1","76.509","min","157.057","µmol/L","Humid","23.610","deg","44058","µV","26.541","°C","1018.000","hPa","35.3","pmil","0","55.520","deg","20.000","°C","100.000","%a.s.","21.750","deg","20.000","°C","977.000","hPa","0.861","-0.02617","0.00035","0","0","13.56","Humid","24.85","0","70.00","286383.61","SABD0000000001","AAV1.0.0.11","1.1.2.0","PSt7-10","170328-006","1/4/2020 10:31:52","0000-00","0","no battery","V"
"11/02/2020","12:30:54","1","default","640513929","OXY_CH1","76.526","min","157.108","µmol/L","Humid","23.608","deg","44065","µV","26.536","°C","1018.000","hPa","35.3","pmil","0","55.520","deg","20.000","°C","100.000","%a.s.","21.750","deg","20.000","°C","977.000","hPa","0.861","-0.02617","0.00035","0","0","13.56","Humid","24.85","0","70.00","286389.03","SABD0000000001","AAV1.0.0.11","1.1.2.0","PSt7-10","170328-006","1/4/2020 10:31:52","0000-00","0","no battery","V"
"11/02/2020","12:30:55","1","default","640513929","OXY_CH1","76.542","min","157.194","µmol/L","Humid","23.604","deg","44060","µV","26.529","°C","1018.000","hPa","35.3","pmil","0","55.520","deg","20.000","°C","100.000","%a.s.","21.750","deg","20.000","°C","977.000","hPa","0.861","-0.02617","0.00035","0","0","13.56","Humid","24.85","0","70.00","286384.75","SABD0000000001","AAV1.0.0.11","1.1.2.0","PSt7-10","170328-006","1/4/2020 10:31:52","0000-00","0","no battery","V"
"11/02/2020","12:30:56","1","default","640513929","OXY_CH1","76.559","min","157.126","µmol/L","Humid","23.606","deg","44059","µV","26.538","°C","1018.000","hPa","35.3","pmil","0","55.520","deg","20.000","°C","100.000","%a.s.","21.750","deg","20.000","°C","977.000","hPa","0.861","-0.02617","0.00035","0","0","13.56","Humid","24.85","0","70.00","286383.51","SABD0000000001","AAV1.0.0.11","1.1.2.0","PSt7-10","170328-006","1/4/2020 10:31:52","0000-00","0","no battery","V"
"11/02/2020","12:30:57","1","default","640513929","OXY_CH1","76.575","min","157.094","µmol/L","Humid","23.611","deg","44048","µV","26.530","°C","1018.000","hPa","35.3","pmil","0","55.520","deg","20.000","°C","100.000","%a.s.","21.750","deg","20.000","°C","977.000","hPa","0.861","-0.02617","0.00035","0","0","13.56","Humid","24.85","0","70.00","286382.81","SABD0000000001","AAV1.0.0.11","1.1.2.0","PSt7-10","170328-006","1/4/2020 10:31:52","0000-00","0","no battery","V"
"11/02/2020","12:30:58","1","default","640513929","OXY_CH1","76.592","min","157.265","µmol/L","Humid","23.598","deg","44052","µV","26.531","°C","1018.000","hPa","35.3","pmil","0","55.520","deg","20.000","°C","100.000","%a.s.","21.750","deg","20.000","°C","977.000","hPa","0.861","-0.02617","0.00035","0","0","13.56","Humid","24.85","0","70.00","286393.15","SABD0000000001","AAV1.0.0.11","1.1.2.0","PSt7-10","170328-006","1/4/2020 10:31:52","0000-00","0","no battery","V"
"11/02/2020","12:30:59","1","default","640513929","OXY_CH1","76.608","min","157.163","µmol/L","Humid","23.606","deg","44040","µV","26.530","°C","1018.000","hPa","35.3","pmil","0","55.520","deg","20.000","°C","100.000","%a.s.","21.750","deg","20.000","°C","977.000","hPa","0.861","-0.02617","0.00035","0","0","13.56","Humid","24.85","0","70.00","286382.06","SABD0000000001","AAV1.0.0.11","1.1.2.0","PSt7-10","170328-006","1/4/2020 10:31:52","0000-00","0","no battery","V"
"11/02/2020","12:31:00","1","default","640513929","OXY_CH1","76.625","min","157.070","µmol/L","Humid","23.609","deg","44042","µV","26.542","°C","1018.000","hPa","35.3","pmil","0","55.520","deg","20.000","°C","100.000","%a.s.","21.750","deg","20.000","°C","977.000","hPa","0.861","-0.02617","0.00035","0","0","13.56","Humid","24.85","0","70.00","286383.65","SABD0000000001","AAV1.0.0.11","1.1.2.0","PSt7-10","170328-006","1/4/2020 10:31:52","0000-00","0","no battery","V"
"11/02/2020","12:31:01","1","default","640513929","OXY_CH1","76.642","min","157.073","µmol/L","Humid","23.607","deg","44043","µV","26.547","°C","1018.000","hPa","35.3","pmil","0","55.520","deg","20.000","°C","100.000","%a.s.","21.750","deg","20.000","°C","977.000","hPa","0.861","-0.02617","0.00035","0","0","13.56","Humid","24.85","0","70.00","286392.11","SABD0000000001","AAV1.0.0.11","1.1.2.0","PSt7-10","170328-006","1/4/2020 10:31:52","0000-00","0","no battery","V"
"11/02/2020","12:31:02","1","default","640513929","OXY_CH1","76.659","min","157.162","µmol/L","Humid","23.605","deg","44038","µV","26.533","°C","1018.000","hPa","35.3","pmil","0","55.520","deg","20.000","°C","100.000","%a.s.","21.750","deg","20.000","°C","977.000","hPa","0.861","-0.02617","0.00035","0","0","13.56","Humid","24.85","0","70.00","286394.39","SABD0000000001","AAV1.0.0.11","1.1.2.0","PSt7-10","170328-006","1/4/2020 10:31:52","0000-00","0","no battery","V"
"11/02/2020","12:31:03","1","default","640513929","OXY_CH1","76.675","min","157.095","µmol/L","Humid","23.607","deg","44028","µV","26.542","°C","1018.000","hPa","35.3","pmil","0","55.520","deg","20.000","°C","100.000","%a.s.","21.750","deg","20.000","°C","977.000","hPa","0.861","-0.02617","0.00035","0","0","13.56","Humid","24.85","0","70.00","286381.24","SABD0000000001","AAV1.0.0.11","1.1.2.0","PSt7-10","170328-006","1/4/2020 10:31:52","0000-00","0","no battery","V"
"11/02/2020","12:31:04","1","default","640513929","OXY_CH1","76.692","min","157.178","µmol/L","Humid","23.600","deg","44016","µV","26.544","°C","1018.000","hPa","35.3","pmil","0","55.520","deg","20.000","°C","100.000","%a.s.","21.750","deg","20.000","°C","977.000","hPa","0.861","-0.02617","0.00035","0","0","13.56","Humid","24.85","0","70.00","286383.71","SABD0000000001","AAV1.0.0.11","1.1.2.0","PSt7-10","170328-006","1/4/2020 10:31:52","0000-00","0","no battery","V"
"11/02/2020","12:31:05","1","default","640513929","OXY_CH1","76.709","min","157.082","µmol/L","Humid","23.607","deg","44016","µV","26.545","°C","1018.000","hPa","35.3","pmil","0","55.520","deg","20.000","°C","100.000","%a.s.","21.750","deg","20.000","°C","977.000","hPa","0.861","-0.02617","0.00035","0","0","13.56","Humid","24.85","0","70.00","286390.33","SABD0000000001","AAV1.0.0.11","1.1.2.0","PSt7-10","170328-006","1/4/2020 10:31:52","0000-00","0","no battery","V"
"11/02/2020","12:31:06","1","default","640513929","OXY_CH1","76.726","min","157.180","µmol/L","Humid","23.602","deg","44014","µV","26.537","°C","1018.000","hPa","35.3","pmil","0","55.520","deg","20.000","°C","100.000","%a.s.","21.750","deg","20.000","°C","977.000","hPa","0.861","-0.02617","0.00035","0","0","13.56","Humid","24.85","0","70.00","286397.64","SABD0000000001","AAV1.0.0.11","1.1.2.0","PSt7-10","170328-006","1/4/2020 10:31:52","0000-00","0","no battery","V"
"11/02/2020","12:31:07","1","default","640513929","OXY_CH1","76.742","min","157.255","µmol/L","Humid","23.600","deg","44018","µV","26.527","°C","1018.000","hPa","35.3","pmil","0","55.520","deg","20.000","°C","100.000","%a.s.","21.750","deg","20.000","°C","977.000","hPa","0.861","-0.02617","0.00035","0","0","13.56","Humid","24.85","0","70.00","286394.48","SABD0000000001","AAV1.0.0.11","1.1.2.0","PSt7-10","170328-006","1/4/2020 10:31:52","0000-00","0","no battery","V"
"11/02/2020","12:31:08","1","default","640513929","OXY_CH1","76.759","min","157.165","µmol/L","Humid","23.603","deg","44004","µV","26.538","°C","1018.000","hPa","35.3","pmil","0","55.520","deg","20.000","°C","100.000","%a.s.","21.750","deg","20.000","°C","977.000","hPa","0.861","-0.02617","0.00035","0","0","13.56","Humid","24.85","0","70.00","286396.40","SABD0000000001","AAV1.0.0.11","1.1.2.0","PSt7-10","170328-006","1/4/2020 10:31:52","0000-00","0","no battery","V"
"11/02/2020","12:31:09","1","default","640513929","OXY_CH1","76.775","min","157.154","µmol/L","Humid","23.607","deg","44004","µV","26.529","°C","1018.000","hPa","35.3","pmil","0","55.520","deg","20.000","°C","100.000","%a.s.","21.750","deg","20.000","°C","977.000","hPa","0.861","-0.02617","0.00035","0","0","13.56","Humid","24.85","0","70.00","286385.53","SABD0000000001","AAV1.0.0.11","1.1.2.0","PSt7-10","170328-006","1/4/2020 10:31:52","0000-00","0","no battery","V"
"11/02/2020","12:31:10","1","default","640513929","OXY_CH1","76.792","min","157.188","µmol/L","Humid","23.598","deg","44001","µV","26.547","°C","1018.000","hPa","35.3","pmil","0","55.520","deg","20.000","°C","100.000","%a.s.","21.750","deg","20.000","°C","977.000","hPa","0.861","-0.02617","0.00035","0","0","13.56","Humid","24.85","0","70.00","286378.69","SABD0000000001","AAV1.0.0.11","1.1.2.0","PSt7-10","170328-006","1/4/2020 10:31:52","0000-00","0","no battery","V"
"11/02/2020","12:31:11","1","default","640513929","OXY_CH1","76.808","min","157.323","µmol/L","Humid","23.593","deg","43992","µV","26.532","°C","1018.000","hPa","35.3","pmil","0","55.520","deg","20.000","°C","100.000","%a.s.","21.750","deg","20.000","°C","977.000","hPa","0.861","-0.02617","0.00035","0","0","13.56","Humid","24.85","0","70.00","286376.26","SABD0000000001","AAV1.0.0.11","1.1.2.0","PSt7-10","170328-006","1/4/2020 10:31:52","0000-00","0","no battery","V"
"11/02/2020","12:31:12","1","default","640513929","OXY_CH1","76.825","min","157.310","µmol/L","Humid","23.593","deg","43996","µV","26.535","°C","1018.000","hPa","35.3","pmil","0","55.520","deg","20.000","°C","100.000","%a.s.","21.750","deg","20.000","°C","977.000","hPa","0.861","-0.02617","0.00035","0","0","13.56","Humid","24.85","0","70.00","286378.15","SABD0000000001","AAV1.0.0.11","1.1.2.0","PSt7-10","170328-006","1/4/2020 10:31:52","0000-00","0","no battery","V"
"11/02/2020","12:31:13","1","default","640513929","OXY_CH1","76.842","min","157.244","µmol/L","Humid","23.601","deg","43990","µV","26.526","°C","1018.000","hPa","35.3","pmil","0","55.520","deg","20.000","°C","100.000","%a.s.","21.750","deg","20.000","°C","977.000","hPa","0.861","-0.02617","0.00035","0","0","13.56","Humid","24.85","0","70.00","286386.91","SABD0000000001","AAV1.0.0.11","1.1.2.0","PSt7-10","170328-006","1/4/2020 10:31:52","0000-00","0","no battery","V"
"11/02/2020","12:31:14","1","default","640513929","OXY_CH1","76.859","min","157.305","µmol/L","Humid","23.596","deg","43983","µV","26.527","°C","1018.000","hPa","35.3","pmil","0","55.520","deg","20.000","°C","100.000","%a.s.","21.750","deg","20.000","°C","977.000","hPa","0.861","-0.02617","0.00035","0","0","13.56","Humid","24.85","0","70.00","286367.05","SABD0000000001","AAV1.0.0.11","1.1.2.0","PSt7-10","170328-006","1/4/2020 10:31:52","0000-00","0","no battery","V"
"11/02/2020","12:31:15","1","default","640513929","OXY_CH1","76.875","min","157.274","µmol/L","Humid","23.595","deg","43986","µV","26.537","°C","1018.000","hPa","35.3","pmil","0","55.520","deg","20.000","°C","100.000","%a.s.","21.750","deg","20.000","°C","977.000","hPa","0.861","-0.02617","0.00035","0","0","13.56","Humid","24.85","0","70.00","286374.23","SABD0000000001","AAV1.0.0.11","1.1.2.0","PSt7-10","170328-006","1/4/2020 10:31:52","0000-00","0","no battery","V"
"11/02/2020","12:31:16","1","default","640513929","OXY_CH1","76.892","min","157.307","µmol/L","Humid","23.592","deg","43977","µV","26.539","°C","1018.000","hPa","35.3","pmil","0","55.520","deg","20.000","°C","100.000","%a.s.","21.750","deg","20.000","°C","977.000","hPa","0.861","-0.02617","0.00035","0","0","13.56","Humid","24.85","0","70.00","286375.95","SABD0000000001","AAV1.0.0.11","1.1.2.0","PSt7-10","170328-006","1/4/2020 10:31:52","0000-00","0","no battery","V"
"11/02/2020","12:31:17","1","default","640513929","OXY_CH1","76.909","min","157.308","µmol/L","Humid","23.595","deg","43981","µV","26.530","°C","1018.000","hPa","35.3","pmil","0","55.520","deg","20.000","°C","100.000","%a.s.","21.750","deg","20.000","°C","977.000","hPa","0.861","-0.02617","0.00035","0","0","13.56","Humid","24.85","0","70.00","286387.40","SABD0000000001","AAV1.0.0.11","1.1.2.0","PSt7-10","170328-006","1/4/2020 10:31:52","0000-00","0","no battery","V"
"11/02/2020","12:31:18","1","default","640513929","OXY_CH1","76.926","min","157.309","µmol/L","Humid","23.596","deg","43975","µV","26.527","°C","1018.000","hPa","35.3","pmil","0","55.520","deg","20.000","°C","100.000","%a.s.","21.750","deg","20.000","°C","977.000","hPa","0.861","-0.02617","0.00035","0","0","13.56","Humid","24.85","0","70.00","286375.57","SABD0000000001","AAV1.0.0.11","1.1.2.0","PSt7-10","170328-006","1/4/2020 10:31:52","0000-00","0","no battery","V"
"11/02/2020","12:31:19","1","default","640513929","OXY_CH1","76.942","min","157.321","µmol/L","Humid","23.592","deg","43975","µV","26.536","°C","1018.000","hPa","35.3","pmil","0","55.520","deg","20.000","°C","100.000","%a.s.","21.750","deg","20.000","°C","977.000","hPa","0.861","-0.02617","0.00035","0","0","13.56","Humid","24.85","0","70.00","286378.93","SABD0000000001","AAV1.0.0.11","1.1.2.0","PSt7-10","170328-006","1/4/2020 10:31:52","0000-00","0","no battery","V"
"11/02/2020","12:31:20","1","default","640513929","OXY_CH1","76.959","min","157.277","µmol/L","Humid","23.592","deg","43970","µV","26.545","°C","1018.000","hPa","35.3","pmil","0","55.520","deg","20.000","°C","100.000","%a.s.","21.750","deg","20.000","°C","977.000","hPa","0.861","-0.02617","0.00035","0","0","13.56","Humid","24.85","0","70.00","286386.62","SABD0000000001","AAV1.0.0.11","1.1.2.0","PSt7-10","170328-006","1/4/2020 10:31:52","0000-00","0","no battery","V"
"11/02/2020","12:31:21","1","default","640513929","OXY_CH1","76.975","min","157.463","µmol/L","Humid","23.585","deg","43967","µV","26.525","°C","1018.000","hPa","35.3","pmil","0","55.520","deg","20.000","°C","100.000","%a.s.","21.750","deg","20.000","°C","977.000","hPa","0.861","-0.02617","0.00035","0","0","13.56","Humid","24.85","0","70.00","286375.87","SABD0000000001","AAV1.0.0.11","1.1.2.0","PSt7-10","170328-006","1/4/2020 10:31:52","0000-00","0","no battery","V"
"11/02/2020","12:31:22","1","default","640513929","OXY_CH1","76.992","min","157.470","µmol/L","Humid","23.583","deg","43961","µV","26.529","°C","1018.000","hPa","35.3","pmil","0","55.520","deg","20.000","°C","100.000","%a.s.","21.750","deg","20.000","°C","977.000","hPa","0.861","-0.02617","0.00035","0","0","13.56","Humid","24.85","0","70.00","286372.02","SABD0000000001","AAV1.0.0.11","1.1.2.0","PSt7-10","170328-006","1/4/2020 10:31:52","0000-00","0","no battery","V"
"11/02/2020","12:31:23","1","default","640513929","OXY_CH1","77.009","min","157.362","µmol/L","Humid","23.589","deg","43965","µV","26.535","°C","1018.000","hPa","35.3","pmil","0","55.520","deg","20.000","°C","100.000","%a.s.","21.750","deg","20.000","°C","977.000","hPa","0.861","-0.02617","0.00035","0","0","13.56","Humid","24.85","0","70.00","286381.70","SABD0000000001","AAV1.0.0.11","1.1.2.0","PSt7-10","170328-006","1/4/2020 10:31:52","0000-00","0","no battery","V"
"11/02/2020","12:31:24","1","default","640513929","OXY_CH1","77.025","min","157.355","µmol/L","Humid","23.590","deg","43957","µV","26.534","°C","1018.000","hPa","35.3","pmil","0","55.520","deg","20.000","°C","100.000","%a.s.","21.750","deg","20.000","°C","977.000","hPa","0.861","-0.02617","0.00035","0","0","13.56","Humid","24.85","0","70.00","286364.54","SABD0000000001","AAV1.0.0.11","1.1.2.0","PSt7-10","170328-006","1/4/2020 10:31:52","0000-00","0","no battery","V"
"11/02/2020","12:31:25","1","default","640513929","OXY_CH1","77.042","min","157.234","µmol/L","Humid","23.592","deg","43959","µV","26.554","°C","1018.000","hPa","35.3","pmil","0","55.520","deg","20.000","°C","100.000","%a.s.","21.750","deg","20.000","°C","977.000","hPa","0.861","-0.02617","0.00035","0","0","13.56","Humid","24.85","0","70.00","286373.19","SABD0000000001","AAV1.0.0.11","1.1.2.0","PSt7-10","170328-006","1/4/2020 10:31:52","0000-00","0","no battery","V"
"11/02/2020","12:31:26","1","default","640513929","OXY_CH1","77.059","min","157.318","µmol/L","Humid","23.590","deg","43950","µV","26.542","°C","1018.000","hPa","35.3","pmil","0","55.520","deg","20.000","°C","100.000","%a.s.","21.750","deg","20.000","°C","977.000","hPa","0.861","-0.02617","0.00035","0","0","13.56","Humid","24.85","0","70.00","286377.29","SABD0000000001","AAV1.0.0.11","1.1.2.0","PSt7-10","170328-006","1/4/2020 10:31:52","0000-00","0","no battery","V"
"11/02/2020","12:31:27","1","default","640513929","OXY_CH1","77.076","min","157.328","µmol/L","Humid","23.591","deg","43947","µV","26.537","°C","1018.000","hPa","35.3","pmil","0","55.520","deg","20.000","°C","100.000","%a.s.","21.750","deg","20.000","°C","977.000","hPa","0.861","-0.02617","0.00035","0","0","13.56","Humid","24.85","0","70.00","286375.57","SABD0000000001","AAV1.0.0.11","1.1.2.0","PSt7-10","170328-006","1/4/2020 10:31:52","0000-00","0","no battery","V"
"11/02/2020","12:31:28","1","default","640513929","OXY_CH1","77.092","min","157.538","µmol/L","Humid","23.579","deg","43943","µV","26.526","°C","1018.000","hPa","35.3","pmil","0","55.520","deg","20.000","°C","100.000","%a.s.","21.750","deg","20.000","°C","977.000","hPa","0.861","-0.02617","0.00035","0","0","13.56","Humid","24.85","0","70.00","286371.23","SABD0000000001","AAV1.0.0.11","1.1.2.0","PSt7-10","170328-006","1/4/2020 10:31:52","0000-00","0","no battery","V"
"11/02/2020","12:31:29","1","default","640513929","OXY_CH1","77.109","min","157.482","µmol/L","Humid","23.582","deg","43939","µV","26.529","°C","1018.000","hPa","35.3","pmil","0","55.520","deg","20.000","°C","100.000","%a.s.","21.750","deg","20.000","°C","977.000","hPa","0.861","-0.02617","0.00035","0","0","13.56","Humid","24.85","0","70.00","286372.56","SABD0000000001","AAV1.0.0.11","1.1.2.0","PSt7-10","170328-006","1/4/2020 10:31:52","0000-00","0","no battery","V"
"11/02/2020","12:31:30","1","default","640513929","OXY_CH1","77.126","min","157.382","µmol/L","Humid","23.585","deg","43945","µV","26.542","°C","1018.000","hPa","35.3","pmil","0","55.520","deg","20.000","°C","100.000","%a.s.","21.750","deg","20.000","°C","977.000","hPa","0.861","-0.02617","0.00035","0","0","13.56","Humid","24.85","0","70.00","286377.16","SABD0000000001","AAV1.0.0.11","1.1.2.0","PSt7-10","170328-006","1/4/2020 10:31:52","0000-00","0","no battery","V"
"11/02/2020","12:31:31","1","default","640513929","OXY_CH1","77.142","min","157.390","µmol/L","Humid","23.588","deg","43943","µV","26.532","°C","1018.000","hPa","35.3","pmil","0","55.520","deg","20.000","°C","100.000","%a.s.","21.750","deg","20.000","°C","977.000","hPa","0.861","-0.02617","0.00035","0","0","13.56","Humid","24.85","0","70.00","286368.54","SABD0000000001","AAV1.0.0.11","1.1.2.0","PSt7-10","170328-006","1/4/2020 10:31:52","0000-00","0","no battery","V"
"11/02/2020","12:31:32","1","default","640513929","OXY_CH1","77.158","min","157.510","µmol/L","Humid","23.583","deg","43941","µV","26.520","°C","1018.000","hPa","35.3","pmil","0","55.520","deg","20.000","°C","100.000","%a.s.","21.750","deg","20.000","°C","977.000","hPa","0.861","-0.02617","0.00035","0","0","13.56","Humid","24.85","0","70.00","286360.97","SABD0000000001","AAV1.0.0.11","1.1.2.0","PSt7-10","170328-006","1/4/2020 10:31:52","0000-00","0","no battery","V"
"11/02/2020","12:31:33","1","default","640513929","OXY_CH1","77.175","min","157.440","µmol/L","Humid","23.583","deg","43942","µV","26.536","°C","1018.000","hPa","35.3","pmil","0","55.520","deg","20.000","°C","100.000","%a.s.","21.750","deg","20.000","°C","977.000","hPa","0.861","-0.02617","0.00035","0","0","13.56","Humid","24.85","0","70.00","286365.70","SABD0000000001","AAV1.0.0.11","1.1.2.0","PSt7-10","170328-006","1/4/2020 10:31:52","0000-00","0","no battery","V"
"11/02/2020","12:31:34","1","default","640513929","OXY_CH1","77.192","min","157.512","µmol/L","Humid","23.583","deg","43939","µV","26.520","°C","1018.000","hPa","35.3","pmil","0","55.520","deg","20.000","°C","100.000","%a.s.","21.750","deg","20.000","°C","977.000","hPa","0.861","-0.02617","0.00035","0","0","13.56","Humid","24.85","0","70.00","286364.11","SABD0000000001","AAV1.0.0.11","1.1.2.0","PSt7-10","170328-006","1/4/2020 10:31:52","0000-00","0","no battery","V"
"11/02/2020","12:31:35","1","default","640513929","OXY_CH1","77.209","min","157.449","µmol/L","Humid","23.584","deg","43933","µV","26.531","°C","1018.000","hPa","35.3","pmil","0","55.520","deg","20.000","°C","100.000","%a.s.","21.750","deg","20.000","°C","977.000","hPa","0.861","-0.02617","0.00035","0","0","13.56","Humid","24.85","0","70.00","286369.76","SABD0000000001","AAV1.0.0.11","1.1.2.0","PSt7-10","170328-006","1/4/2020 10:31:52","0000-00","0","no battery","V"
"11/02/2020","12:31:36","1","default","640513929","OXY_CH1","77.225","min","157.528","µmol/L","Humid","23.579","deg","43933","µV","26.528","°C","1018.000","hPa","35.3","pmil","0","55.520","deg","20.000","°C","100.000","%a.s.","21.750","deg","20.000","°C","977.000","hPa","0.861","-0.02617","0.00035","0","0","13.56","Humid","24.85","0","70.00","286358.33","SABD0000000001","AAV1.0.0.11","1.1.2.0","PSt7-10","170328-006","1/4/2020 10:31:52","0000-00","0","no battery","V"
"11/02/2020","12:31:37","1","default","640513929","OXY_CH1","77.242","min","157.496","µmol/L","Humid","23.584","deg","43935","µV","26.520","°C","1018.000","hPa","35.3","pmil","0","55.520","deg","20.000","°C","100.000","%a.s.","21.750","deg","20.000","°C","977.000","hPa","0.861","-0.02617","0.00035","0","0","13.56","Humid","24.85","0","70.00","286369.55","SABD0000000001","AAV1.0.0.11","1.1.2.0","PSt7-10","170328-006","1/4/2020 10:31:52","0000-00","0","no battery","V"
"11/02/2020","12:31:38","1","default","640513929","OXY_CH1","77.259","min","157.508","µmol/L","Humid","23.581","deg","43928","µV","26.526","°C","1018.000","hPa","35.3","pmil","0","55.520","deg","20.000","°C","100.000","%a.s.","21.750","deg","20.000","°C","977.000","hPa","0.861","-0.02617","0.00035","0","0","13.56","Humid","24.85","0","70.00","286365.87","SABD0000000001","AAV1.0.0.11","1.1.2.0","PSt7-10","170328-006","1/4/2020 10:31:52","0000-00","0","no battery","V"
"11/02/2020","12:31:39","1","default","640513929","OXY_CH1","77.276","min","157.542","µmol/L","Humid","23.577","deg","43931","µV","26.530","°C","1018.000","hPa","35.3","pmil","0","55.520","deg","20.000","°C","100.000","%a.s.","21.750","deg","20.000","°C","977.000","hPa","0.861","-0.02617","0.00035","0","0","13.56","Humid","24.85","0","70.00","286378.45","SABD0000000001","AAV1.0.0.11","1.1.2.0","PSt7-10","170328-006","1/4/2020 10:31:52","0000-00","0","no battery","V"
"11/02/2020","12:31:40","1","default","640513929","OXY_CH1","77.292","min","157.500","µmol/L","Humid","23.580","deg","43932","µV","26.531","°C","1018.000","hPa","35.3","pmil","0","55.520","deg","20.000","°C","100.000","%a.s.","21.750","deg","20.000","°C","977.000","hPa","0.861","-0.02617","0.00035","0","0","13.56","Humid","24.85","0","70.00","286359.78","SABD0000000001","AAV1.0.0.11","1.1.2.0","PSt7-10","170328-006","1/4/2020 10:31:52","0000-00","0","no battery","V"
"11/02/2020","12:31:41","1","default","640513929","OXY_CH1","77.308","min","157.500","µmol/L","Humid","23.578","deg","43924","µV","26.537","°C","1018.000","hPa","35.3","pmil","0","55.520","deg","20.000","°C","100.000","%a.s.","21.750","deg","20.000","°C","977.000","hPa","0.861","-0.02617","0.00035","0","0","13.56","Humid","24.85","0","70.00","286368.23","SABD0000000001","AAV1.0.0.11","1.1.2.0","PSt7-10","170328-006","1/4/2020 10:31:52","0000-00","0","no battery","V"
"11/02/2020","12:31:42","1","default","640513929","OXY_CH1","77.325","min","157.605","µmol/L","Humid","23.572","deg","43926","µV","26.531","°C","1018.000","hPa","35.3","pmil","0","55.520","deg","20.000","°C","100.000","%a.s.","21.750","deg","20.000","°C","977.000","hPa","0.861","-0.02617","0.00035","0","0","13.56","Humid","24.85","0","70.00","286371.68","SABD0000000001","AAV1.0.0.11","1.1.2.0","PSt7-10","170328-006","1/4/2020 10:31:52","0000-00","0","no battery","V"
"11/02/2020","12:31:43","1","default","640513929","OXY_CH1","77.342","min","157.598","µmol/L","Humid","23.575","deg","43921","µV","26.524","°C","1018.000","hPa","35.3","pmil","0","55.520","deg","20.000","°C","100.000","%a.s.","21.750","deg","20.000","°C","977.000","hPa","0.861","-0.02617","0.00035","0","0","13.56","Humid","24.85","0","70.00","286359.88","SABD0000000001","AAV1.0.0.11","1.1.2.0","PSt7-10","170328-006","1/4/2020 10:31:52","0000-00","0","no battery","V"
"11/02/2020","12:31:44","1","default","640513929","OXY_CH1","77.359","min","157.651","µmol/L","Humid","23.571","deg","43926","µV","26.524","°C","1018.000","hPa","35.3","pmil","0","55.520","deg","20.000","°C","100.000","%a.s.","21.750","deg","20.000","°C","977.000","hPa","0.861","-0.02617","0.00035","0","0","13.56","Humid","24.85","0","70.00","286365.82","SABD0000000001","AAV1.0.0.11","1.1.2.0","PSt7-10","170328-006","1/4/2020 10:31:52","0000-00","0","no battery","V"
"11/02/2020","12:31:45","1","default","640513929","OXY_CH1","77.375","min","157.593","µmol/L","Humid","23.572","deg","43918","µV","26.534","°C","1018.000","hPa","35.3","pmil","0","55.520","deg","20.000","°C","100.000","%a.s.","21.750","deg","20.000","°C","977.000","hPa","0.861","-0.02617","0.00035","0","0","13.56","Humid","24.85","0","70.00","286360.20","SABD0000000001","AAV1.0.0.11","1.1.2.0","PSt7-10","170328-006","1/4/2020 10:31:52","0000-00","0","no battery","V"
"11/02/2020","12:31:46","1","default","640513929","OXY_CH1","77.392","min","157.571","µmol/L","Humid","23.576","deg","43924","µV","26.527","°C","1018.000","hPa","35.3","pmil","0","55.520","deg","20.000","°C","100.000","%a.s.","21.750","deg","20.000","°C","977.000","hPa","0.861","-0.02617","0.00035","0","0","13.56","Humid","24.85","0","70.00","286370.77","SABD0000000001","AAV1.0.0.11","1.1.2.0","PSt7-10","170328-006","1/4/2020 10:31:52","0000-00","0","no battery","V"
"11/02/2020","12:31:47","1","default","640513929","OXY_CH1","77.409","min","157.710","µmol/L","Humid","23.566","deg","43915","µV","26.526","°C","1018.000","hPa","35.3","pmil","0","55.520","deg","20.000","°C","100.000","%a.s.","21.750","deg","20.000","°C","977.000","hPa","0.861","-0.02617","0.00035","0","0","13.56","Humid","24.85","0","70.00","286354.37","SABD0000000001","AAV1.0.0.11","1.1.2.0","PSt7-10","170328-006","1/4/2020 10:31:52","0000-00","0","no battery","V"
"11/02/2020","12:31:48","1","default","640513929","OXY_CH1","77.426","min","157.677","µmol/L","Humid","23.568","deg","43917","µV","26.527","°C","1018.000","hPa","35.3","pmil","0","55.520","deg","20.000","°C","100.000","%a.s.","21.750","deg","20.000","°C","977.000","hPa","0.861","-0.02617","0.00035","0","0","13.56","Humid","24.85","0","70.00","286356.71","SABD0000000001","AAV1.0.0.11","1.1.2.0","PSt7-10","170328-006","1/4/2020 10:31:52","0000-00","0","no battery","V"
"11/02/2020","12:31:49","1","default","640513929","OXY_CH1","77.442","min","157.612","µmol/L","Humid","23.573","deg","43914","µV","26.527","°C","1018.000","hPa","35.3","pmil","0","55.520","deg","20.000","°C","100.000","%a.s.","21.750","deg","20.000","°C","977.000","hPa","0.861","-0.02617","0.00035","0","0","13.56","Humid","24.85","0","70.00","286362.79","SABD0000000001","AAV1.0.0.11","1.1.2.0","PSt7-10","170328-006","1/4/2020 10:31:52","0000-00","0","no battery","V"
"11/02/2020","12:31:50","1","default","640513929","OXY_CH1","77.459","min","157.550","µmol/L","Humid","23.572","deg","43908","µV","26.543","°C","1018.000","hPa","35.3","pmil","0","55.520","deg","20.000","°C","100.000","%a.s.","21.750","deg","20.000","°C","977.000","hPa","0.861","-0.02617","0.00035","0","0","13.56","Humid","24.85","0","70.00","286352.69","SABD0000000001","AAV1.0.0.11","1.1.2.0","PSt7-10","170328-006","1/4/2020 10:31:52","0000-00","0","no battery","V"
"11/02/2020","12:31:51","1","default","640513929","OXY_CH1","77.476","min","157.713","µmol/L","Humid","23.565","deg","43911","µV","26.528","°C","1018.000","hPa","35.3","pmil","0","55.520","deg","20.000","°C","100.000","%a.s.","21.750","deg","20.000","°C","977.000","hPa","0.861","-0.02617","0.00035","0","0","13.56","Humid","24.85","0","70.00","286367.06","SABD0000000001","AAV1.0.0.11","1.1.2.0","PSt7-10","170328-006","1/4/2020 10:31:52","0000-00","0","no battery","V"
"11/02/2020","12:31:52","1","default","640513929","OXY_CH1","77.492","min","157.499","µmol/L","Humid","23.578","deg","43910","µV","26.537","°C","1018.000","hPa","35.3","pmil","0","55.520","deg","20.000","°C","100.000","%a.s.","21.750","deg","20.000","°C","977.000","hPa","0.861","-0.02617","0.00035","0","0","13.56","Humid","24.85","0","70.00","286358.83","SABD0000000001","AAV1.0.0.11","1.1.2.0","PSt7-10","170328-006","1/4/2020 10:31:52","0000-00","0","no battery","V"
"11/02/2020","12:31:53","1","default","640513929","OXY_CH1","77.508","min","157.570","µmol/L","Humid","23.574","deg","43910","µV","26.533","°C","1018.000","hPa","35.3","pmil","0","55.520","deg","20.000","°C","100.000","%a.s.","21.750","deg","20.000","°C","977.000","hPa","0.861","-0.02617","0.00035","0","0","13.56","Humid","24.85","0","70.00","286372.48","SABD0000000001","AAV1.0.0.11","1.1.2.0","PSt7-10","170328-006","1/4/2020 10:31:52","0000-00","0","no battery","V"
"11/02/2020","12:31:54","1","default","640513929","OXY_CH1","77.525","min","157.635","µmol/L","Humid","23.573","deg","43910","µV","26.522","°C","1018.000","hPa","35.3","pmil","0","55.520","deg","20.000","°C","100.000","%a.s.","21.750","deg","20.000","°C","977.000","hPa","0.861","-0.02617","0.00035","0","0","13.56","Humid","24.85","0","70.00","286350.83","SABD0000000001","AAV1.0.0.11","1.1.2.0","PSt7-10","170328-006","1/4/2020 10:31:52","0000-00","0","no battery","V"
"11/02/2020","12:31:55","1","default","640513929","OXY_CH1","77.542","min","157.736","µmol/L","Humid","23.566","deg","43905","µV","26.520","°C","1018.000","hPa","35.3","pmil","0","55.520","deg","20.000","°C","100.000","%a.s.","21.750","deg","20.000","°C","977.000","hPa","0.861","-0.02617","0.00035","0","0","13.56","Humid","24.85","0","70.00","286361.00","SABD0000000001","AAV1.0.0.11","1.1.2.0","PSt7-10","170328-006","1/4/2020 10:31:52","0000-00","0","no battery","V"
"11/02/2020","12:31:56","1","default","640513929","OXY_CH1","77.559","min","157.642","µmol/L","Humid","23.570","deg","43901","µV","26.529","°C","1018.000","hPa","35.3","pmil","0","55.520","deg","20.000","°C","100.000","%a.s.","21.750","deg","20.000","°C","977.000","hPa","0.861","-0.02617","0.00035","0","0","13.56","Humid","24.85","0","70.00","286365.57","SABD0000000001","AAV1.0.0.11","1.1.2.0","PSt7-10","170328-006","1/4/2020 10:31:52","0000-00","0","no battery","V"
"11/02/2020","12:31:57","1","default","640513929","OXY_CH1","77.575","min","157.625","µmol/L","Humid","23.567","deg","43904","µV","26.541","°C","1018.000","hPa","35.3","pmil","0","55.520","deg","20.000","°C","100.000","%a.s.","21.750","deg","20.000","°C","977.000","hPa","0.861","-0.02617","0.00035","0","0","13.56","Humid","24.85","0","70.00","286357.91","SABD0000000001","AAV1.0.0.11","1.1.2.0","PSt7-10","170328-006","1/4/2020 10:31:52","0000-00","0","no battery","V"
"11/02/2020","12:31:58","1","default","640513929","OXY_CH1","77.592","min","157.623","µmol/L","Humid","23.566","deg","43897","µV","26.545","°C","1018.000","hPa","35.3","pmil","0","55.520","deg","20.000","°C","100.000","%a.s.","21.750","deg","20.000","°C","977.000","hPa","0.861","-0.02617","0.00035","0","0","13.56","Humid","24.85","0","70.00","286363.14","SABD0000000001","AAV1.0.0.11","1.1.2.0","PSt7-10","170328-006","1/4/2020 10:31:52","0000-00","0","no battery","V"
"11/02/2020","12:31:59","1","default","640513929","OXY_CH1","77.609","min","157.693","µmol/L","Humid","23.564","deg","43889","µV","26.535","°C","1018.000","hPa","35.3","pmil","0","55.520","deg","20.000","°C","100.000","%a.s.","21.750","deg","20.000","°C","977.000","hPa","0.861","-0.02617","0.00035","0","0","13.56","Humid","24.85","0","70.00","286366.81","SABD0000000001","AAV1.0.0.11","1.1.2.0","PSt7-10","170328-006","1/4/2020 10:31:52","0000-00","0","no battery","V"
"11/02/2020","12:32:00","1","default","640513929","OXY_CH1","77.626","min","157.588","µmol/L","Humid","23.572","deg","43900","µV","26.535","°C","1018.000","hPa","35.3","pmil","0","55.520","deg","20.000","°C","100.000","%a.s.","21.750","deg","20.000","°C","977.000","hPa","0.861","-0.02617","0.00035","0","0","13.56","Humid","24.85","0","70.00","286355.98","SABD0000000001","AAV1.0.0.11","1.1.2.0","PSt7-10","170328-006","1/4/2020 10:31:52","0000-00","0","no battery","V"
"11/02/2020","12:32:01","1","default","640513929","OXY_CH1","77.642","min","157.657","µmol/L","Humid","23.567","deg","43896","µV","26.534","°C","1018.000","hPa","35.3","pmil","0","55.520","deg","20.000","°C","100.000","%a.s.","21.750","deg","20.000","°C","977.000","hPa","0.861","-0.02617","0.00035","0","0","13.56","Humid","24.85","0","70.00","286358.46","SABD0000000001","AAV1.0.0.11","1.1.2.0","PSt7-10","170328-006","1/4/2020 10:31:52","0000-00","0","no battery","V"
"11/02/2020","12:32:02","1","default","640513929","OXY_CH1","77.659","min","157.768","µmol/L","Humid","23.558","deg","43897","µV","26.536","°C","1018.000","hPa","35.3","pmil","0","55.520","deg","20.000","°C","100.000","%a.s.","21.750","deg","20.000","°C","977.000","hPa","0.861","-0.02617","0.00035","0","0","13.56","Humid","24.85","0","70.00","286347.11","SABD0000000001","AAV1.0.0.11","1.1.2.0","PSt7-10","170328-006","1/4/2020 10:31:52","0000-00","0","no battery","V"
"11/02/2020","12:32:03","1","default","640513929","OXY_CH1","77.675","min","157.659","µmol/L","Humid","23.566","deg","43892","µV","26.537","°C","1018.000","hPa","35.3","pmil","0","55.520","deg","20.000","°C","100.000","%a.s.","21.750","deg","20.000","°C","977.000","hPa","0.861","-0.02617","0.00035","0","0","13.56","Humid","24.85","0","70.00","286355.67","SABD0000000001","AAV1.0.0.11","1.1.2.0","PSt7-10","170328-006","1/4/2020 10:31:52","0000-00","0","no battery","V"
"11/02/2020","12:32:04","1","default","640513929","OXY_CH1","77.692","min","157.715","µmol/L","Humid","23.565","deg","43890","µV","26.527","°C","1018.000","hPa","35.3","pmil","0","55.520","deg","20.000","°C","100.000","%a.s.","21.750","deg","20.000","°C","977.000","hPa","0.861","-0.02617","0.00035","0","0","13.56","Humid","24.85","0","70.00","286354.95","SABD0000000001","AAV1.0.0.11","1.1.2.0","PSt7-10","170328-006","1/4/2020 10:31:52","0000-00","0","no battery","V"
"11/02/2020","12:32:05","1","default","640513929","OXY_CH1","77.708","min","157.723","µmol/L","Humid","23.565","deg","43881","µV","26.525","°C","1018.000","hPa","35.3","pmil","0","55.520","deg","20.000","°C","100.000","%a.s.","21.750","deg","20.000","°C","977.000","hPa","0.861","-0.02617","0.00035","0","0","13.56","Humid","24.85","0","70.00","286336.75","SABD0000000001","AAV1.0.0.11","1.1.2.0","PSt7-10","170328-006","1/4/2020 10:31:52","0000-00","0","no battery","V"
"11/02/2020","12:32:06","1","default","640513929","OXY_CH1","77.725","min","157.791","µmol/L","Humid","23.563","deg","43883","µV","26.516","°C","1018.000","hPa","35.3","pmil","0","55.520","deg","20.000","°C","100.000","%a.s.","21.750","deg","20.000","°C","977.000","hPa","0.861","-0.02617","0.00035","0","0","13.56","Humid","24.85","0","70.00","286343.64","SABD0000000001","AAV1.0.0.11","1.1.2.0","PSt7-10","170328-006","1/4/2020 10:31:52","0000-00","0","no battery","V"
"11/02/2020","12:32:07","1","default","640513929","OXY_CH1","77.742","min","157.794","µmol/L","Humid","23.560","deg","43881","µV","26.525","°C","1018.000","hPa","35.3","pmil","0","55.520","deg","20.000","°C","100.000","%a.s.","21.750","deg","20.000","°C","977.000","hPa","0.861","-0.02617","0.00035","0","0","13.56","Humid","24.85","0","70.00","286348.26","SABD0000000001","AAV1.0.0.11","1.1.2.0","PSt7-10","170328-006","1/4/2020 10:31:52","0000-00","0","no battery","V"
"11/02/2020","12:32:08","1","default","640513929","OXY_CH1","77.759","min","157.801","µmol/L","Humid","23.557","deg","43884","µV","26.532","°C","1018.000","hPa","35.3","pmil","0","55.520","deg","20.000","°C","100.000","%a.s.","21.750","deg","20.000","°C","977.000","hPa","0.861","-0.02617","0.00035","0","0","13.56","Humid","24.85","0","70.00","286353.06","SABD0000000001","AAV1.0.0.11","1.1.2.0","PSt7-10","170328-006","1/4/2020 10:31:52","0000-00","0","no battery","V"
"11/02/2020","12:32:09","1","default","640513929","OXY_CH1","77.775","min","157.831","µmol/L","Humid","23.555","deg","43889","µV","26.531","°C","1018.000","hPa","35.3","pmil","0","55.520","deg","20.000","°C","100.000","%a.s.","21.750","deg","20.000","°C","977.000","hPa","0.861","-0.02617","0.00035","0","0","13.56","Humid","24.85","0","70.00","286356.69","SABD0000000001","AAV1.0.0.11","1.1.2.0","PSt7-10","170328-006","1/4/2020 10:31:52","0000-00","0","no battery","V"
"11/02/2020","12:32:10","1","default","640513929","OXY_CH1","77.792","min","157.751","µmol/L","Humid","23.561","deg","43886","µV","26.531","°C","1018.000","hPa","35.3","pmil","0","55.520","deg","20.000","°C","100.000","%a.s.","21.750","deg","20.000","°C","977.000","hPa","0.861","-0.02617","0.00035","0","0","13.56","Humid","24.85","0","70.00","286352.57","SABD0000000001","AAV1.0.0.11","1.1.2.0","PSt7-10","170328-006","1/4/2020 10:31:52","0000-00","0","no battery","V"
"11/02/2020","12:32:11","1","default","640513929","OXY_CH1","77.809","min","157.845","µmol/L","Humid","23.557","deg","43876","µV","26.522","°C","1018.000","hPa","35.3","pmil","0","55.520","deg","20.000","°C","100.000","%a.s.","21.750","deg","20.000","°C","977.000","hPa","0.861","-0.02617","0.00035","0","0","13.56","Humid","24.85","0","70.00","286353.23","SABD0000000001","AAV1.0.0.11","1.1.2.0","PSt7-10","170328-006","1/4/2020 10:31:52","0000-00","0","no battery","V"
"11/02/2020","12:32:12","1","default","640513929","OXY_CH1","77.825","min","157.810","µmol/L","Humid","23.557","deg","43880","µV","26.530","°C","1018.000","hPa","35.3","pmil","0","55.520","deg","20.000","°C","100.000","%a.s.","21.750","deg","20.000","°C","977.000","hPa","0.861","-0.02617","0.00035","0","0","13.56","Humid","24.85","0","70.00","286331.20","SABD0000000001","AAV1.0.0.11","1.1.2.0","PSt7-10","170328-006","1/4/2020 10:31:52","0000-00","0","no battery","V"
"11/02/2020","12:32:13","1","default","640513929","OXY_CH1","77.842","min","157.870","µmol/L","Humid","23.561","deg","43879","µV","26.505","°C","1018.000","hPa","35.3","pmil","0","55.520","deg","20.000","°C","100.000","%a.s.","21.750","deg","20.000","°C","977.000","hPa","0.861","-0.02617","0.00035","0","0","13.56","Humid","24.85","0","70.00","286344.77","SABD0000000001","AAV1.0.0.11","1.1.2.0","PSt7-10","170328-006","1/4/2020 10:31:52","0000-00","0","no battery","V"
"11/02/2020","12:32:14","1","default","640513929","OXY_CH1","77.858","min","157.771","µmol/L","Humid","23.558","deg","43885","µV","26.535","°C","1018.000","hPa","35.3","pmil","0","55.520","deg","20.000","°C","100.000","%a.s.","21.750","deg","20.000","°C","977.000","hPa","0.861","-0.02617","0.00035","0","0","13.56","Humid","24.85","0","70.00","286343.58","SABD0000000001","AAV1.0.0.11","1.1.2.0","PSt7-10","170328-006","1/4/2020 10:31:52","0000-00","0","no battery","V"
"11/02/2020","12:32:15","1","default","640513929","OXY_CH1","77.875","min","157.836","µmol/L","Humid","23.559","deg","43880","µV","26.518","°C","1018.000","hPa","35.3","pmil","0","55.520","deg","20.000","°C","100.000","%a.s.","21.750","deg","20.000","°C","977.000","hPa","0.861","-0.02617","0.00035","0","0","13.56","Humid","24.85","0","70.00","286348.16","SABD0000000001","AAV1.0.0.11","1.1.2.0","PSt7-10","170328-006","1/4/2020 10:31:52","0000-00","0","no battery","V"
"11/02/2020","12:32:16","1","default","640513929","OXY_CH1","77.892","min","157.884","µmol/L","Humid","23.558","deg","43883","µV","26.511","°C","1018.000","hPa","35.3","pmil","0","55.520","deg","20.000","°C","100.000","%a.s.","21.750","deg","20.000","°C","977.000","hPa","0.861","-0.02617","0.00035","0","0","13.56","Humid","24.85","0","70.00","286351.85","SABD0000000001","AAV1.0.0.11","1.1.2.0","PSt7-10","170328-006","1/4/2020 10:31:52","0000-00","0","no battery","V"
"11/02/2020","12:32:17","1","default","640513929","OXY_CH1","77.909","min","157.739","µmol/L","Humid","23.559","deg","43880","µV","26.539","°C","1018.000","hPa","35.3","pmil","0","55.520","deg","20.000","°C","100.000","%a.s.","21.750","deg","20.000","°C","977.000","hPa","0.861","-0.02617","0.00035","0","0","13.56","Humid","24.85","0","70.00","286353.34","SABD0000000001","AAV1.0.0.11","1.1.2.0","PSt7-10","170328-006","1/4/2020 10:31:52","0000-00","0","no battery","V"
"11/02/2020","12:32:18","1","default","640513929","OXY_CH1","77.926","min","157.746","µmol/L","Humid","23.561","deg","43878","µV","26.532","°C","1018.000","hPa","35.3","pmil","0","55.520","deg","20.000","°C","100.000","%a.s.","21.750","deg","20.000","°C","977.000","hPa","0.861","-0.02617","0.00035","0","0","13.56","Humid","24.85","0","70.00","286356.77","SABD0000000001","AAV1.0.0.11","1.1.2.0","PSt7-10","170328-006","1/4/2020 10:31:52","0000-00","0","no battery","V"
"11/02/2020","12:32:19","1","default","640513929","OXY_CH1","77.942","min","157.874","µmol/L","Humid","23.553","deg","43877","µV","26.527","°C","1018.000","hPa","35.3","pmil","0","55.520","deg","20.000","°C","100.000","%a.s.","21.750","deg","20.000","°C","977.000","hPa","0.861","-0.02617","0.00035","0","0","13.56","Humid","24.85","0","70.00","286349.72","SABD0000000001","AAV1.0.0.11","1.1.2.0","PSt7-10","170328-006","1/4/2020 10:31:52","0000-00","0","no battery","V"
"11/02/2020","12:32:20","1","default","640513929","OXY_CH1","77.959","min","157.823","µmol/L","Humid","23.558","deg","43888","µV","26.524","°C","1018.000","hPa","35.3","pmil","0","55.520","deg","20.000","°C","100.000","%a.s.","21.750","deg","20.000","°C","977.000","hPa","0.861","-0.02617","0.00035","0","0","13.56","Humid","24.85","0","70.00","286355.48","SABD0000000001","AAV1.0.0.11","1.1.2.0","PSt7-10","170328-006","1/4/2020 10:31:52","0000-00","0","no battery","V"
"11/02/2020","12:32:21","1","default","640513929","OXY_CH1","77.976","min","157.763","µmol/L","Humid","23.563","deg","43875","µV","26.523","°C","1018.000","hPa","35.3","pmil","0","55.520","deg","20.000","°C","100.000","%a.s.","21.750","deg","20.000","°C","977.000","hPa","0.861","-0.02617","0.00035","0","0","13.56","Humid","24.85","0","70.00","286345.09","SABD0000000001","AAV1.0.0.11","1.1.2.0","PSt7-10","170328-006","1/4/2020 10:31:52","0000-00","0","no battery","V"
"11/02/2020","12:32:22","1","default","640513929","OXY_CH1","77.992","min","157.851","µmol/L","Humid","23.546","deg","43877","µV","26.552","°C","1018.000","hPa","35.3","pmil","0","55.520","deg","20.000","°C","100.000","%a.s.","21.750","deg","20.000","°C","977.000","hPa","0.861","-0.02617","0.00035","0","0","13.56","Humid","24.85","0","70.00","286352.01","SABD0000000001","AAV1.0.0.11","1.1.2.0","PSt7-10","170328-006","1/4/2020 10:31:52","0000-00","0","no battery","V"
"11/02/2020","12:32:23","1","default","640513929","OXY_CH1","78.009","min","157.904","µmol/L","Humid","23.553","deg","43875","µV","26.521","°C","1018.000","hPa","35.3","pmil","0","55.520","deg","20.000","°C","100.000","%a.s.","21.750","deg","20.000","°C","977.000","hPa","0.861","-0.02617","0.00035","0","0","13.56","Humid","24.85","0","70.00","286341.04","SABD0000000001","AAV1.0.0.11","1.1.2.0","PSt7-10","170328-006","1/4/2020 10:31:52","0000-00","0","no battery","V"
"11/02/2020","12:32:24","1","default","640513929","OXY_CH1","78.025","min","157.937","µmol/L","Humid","23.552","deg","43874","µV","26.516","°C","1018.000","hPa","35.3","pmil","0","55.520","deg","20.000","°C","100.000","%a.s.","21.750","deg","20.000","°C","977.000","hPa","0.861","-0.02617","0.00035","0","0","13.56","Humid","24.85","0","70.00","286338.16","SABD0000000001","AAV1.0.0.11","1.1.2.0","PSt7-10","170328-006","1/4/2020 10:31:52","0000-00","0","no battery","V"
"11/02/2020","12:32:25","1","default","640513929","OXY_CH1","78.042","min","158.045","µmol/L","Humid","23.543","deg","43875","µV","26.519","°C","1018.000","hPa","35.3","pmil","0","55.520","deg","20.000","°C","100.000","%a.s.","21.750","deg","20.000","°C","977.000","hPa","0.861","-0.02617","0.00035","0","0","13.56","Humid","24.85","0","70.00","286349.81","SABD0000000001","AAV1.0.0.11","1.1.2.0","PSt7-10","170328-006","1/4/2020 10:31:52","0000-00","0","no battery","V"
"11/02/2020","12:32:26","1","default","640513929","OXY_CH1","78.058","min","157.987","µmol/L","Humid","23.541","deg","43874","µV","26.537","°C","1018.000","hPa","35.3","pmil","0","55.520","deg","20.000","°C","100.000","%a.s.","21.750","deg","20.000","°C","977.000","hPa","0.861","-0.02617","0.00035","0","0","13.56","Humid","24.85","0","70.00","286345.04","SABD0000000001","AAV1.0.0.11","1.1.2.0","PSt7-10","170328-006","1/4/2020 10:31:52","0000-00","0","no battery","V"
"11/02/2020","12:32:27","1","default","640513929","OXY_CH1","78.075","min","157.853","µmol/L","Humid","23.551","deg","43874","µV","26.538","°C","1018.000","hPa","35.3","pmil","0","55.520","deg","20.000","°C","100.000","%a.s.","21.750","deg","20.000","°C","977.000","hPa","0.861","-0.02617","0.00035","0","0","13.56","Humid","24.85","0","70.00","286356.00","SABD0000000001","AAV1.0.0.11","1.1.2.0","PSt7-10","170328-006","1/4/2020 10:31:52","0000-00","0","no battery","V"
"11/02/2020","12:32:28","1","default","640513929","OXY_CH1","78.092","min","157.864","µmol/L","Humid","23.551","deg","43874","µV","26.535","°C","1018.000","hPa","35.3","pmil","0","55.520","deg","20.000","°C","100.000","%a.s.","21.750","deg","20.000","°C","977.000","hPa","0.861","-0.02617","0.00035","0","0","13.56","Humid","24.85","0","70.00","286349.55","SABD0000000001","AAV1.0.0.11","1.1.2.0","PSt7-10","170328-006","1/4/2020 10:31:52","0000-00","0","no battery","V"
"11/02/2020","12:32:29","1","default","640513929","OXY_CH1","78.109","min","158.016","µmol/L","Humid","23.544","deg","43877","µV","26.522","°C","1018.000","hPa","35.3","pmil","0","55.520","deg","20.000","°C","100.000","%a.s.","21.750","deg","20.000","°C","977.000","hPa","0.861","-0.02617","0.00035","0","0","13.56","Humid","24.85","0","70.00","286364.79","SABD0000000001","AAV1.0.0.11","1.1.2.0","PSt7-10","170328-006","1/4/2020 10:31:52","0000-00","0","no battery","V"
"11/02/2020","12:32:30","1","default","640513929","OXY_CH1","78.126","min","157.944","µmol/L","Humid","23.547","deg","43877","µV","26.529","°C","1018.000","hPa","35.3","pmil","0","55.520","deg","20.000","°C","100.000","%a.s.","21.750","deg","20.000","°C","977.000","hPa","0.861","-0.02617","0.00035","0","0","13.56","Humid","24.85","0","70.00","286352.28","SABD0000000001","AAV1.0.0.11","1.1.2.0","PSt7-10","170328-006","1/4/2020 10:31:52","0000-00","0","no battery","V"
"11/02/2020","12:32:31","1","default","640513929","OXY_CH1","78.142","min","158.027","µmol/L","Humid","23.545","deg","43870","µV","26.517","°C","1018.000","hPa","35.3","pmil","0","55.520","deg","20.000","°C","100.000","%a.s.","21.750","deg","20.000","°C","977.000","hPa","0.861","-0.02617","0.00035","0","0","13.56","Humid","24.85","0","70.00","286338.82","SABD0000000001","AAV1.0.0.11","1.1.2.0","PSt7-10","170328-006","1/4/2020 10:31:52","0000-00","0","no battery","V"
"11/02/2020","12:32:32","1","default","640513929","OXY_CH1","78.159","min","157.890","µmol/L","Humid","23.554","deg","43864","µV","26.521","°C","1018.000","hPa","35.3","pmil","0","55.520","deg","20.000","°C","100.000","%a.s.","21.750","deg","20.000","°C","977.000","hPa","0.861","-0.02617","0.00035","0","0","13.56","Humid","24.85","0","70.00","286343.29","SABD0000000001","AAV1.0.0.11","1.1.2.0","PSt7-10","170328-006","1/4/2020 10:31:52","0000-00","0","no battery","V"
"11/02/2020","12:32:33","1","default","640513929","OXY_CH1","78.175","min","157.976","µmol/L","Humid","23.543","deg","43867","µV","26.534","°C","1018.000","hPa","35.3","pmil","0","55.520","deg","20.000","°C","100.000","%a.s.","21.750","deg","20.000","°C","977.000","hPa","0.861","-0.02617","0.00035","0","0","13.56","Humid","24.85","0","70.00","286349.04","SABD0000000001","AAV1.0.0.11","1.1.2.0","PSt7-10","170328-006","1/4/2020 10:31:52","0000-00","0","no battery","V"
"11/02/2020","12:32:34","1","default","640513929","OXY_CH1","78.192","min","158.108","µmol/L","Humid","23.539","deg","43867","µV","26.517","°C","1018.000","hPa","35.3","pmil","0","55.520","deg","20.000","°C","100.000","%a.s.","21.750","deg","20.000","°C","977.000","hPa","0.861","-0.02617","0.00035","0","0","13.56","Humid","24.85","0","70.00","286348.45","SABD0000000001","AAV1.0.0.11","1.1.2.0","PSt7-10","170328-006","1/4/2020 10:31:52","0000-00","0","no battery","V"
"11/02/2020","12:32:35","1","default","640513929","OXY_CH1","78.208","min","157.961","µmol/L","Humid","23.546","deg","43870","µV","26.528","°C","1018.000","hPa","35.3","pmil","0","55.520","deg","20.000","°C","100.000","%a.s.","21.750","deg","20.000","°C","977.000","hPa","0.861","-0.02617","0.00035","0","0","13.56","Humid","24.85","0","70.00","286345.12","SABD0000000001","AAV1.0.0.11","1.1.2.0","PSt7-10","170328-006","1/4/2020 10:31:52","0000-00","0","no battery","V"
"11/02/2020","12:32:36","1","default","640513929","OXY_CH1","78.225","min","157.902","µmol/L","Humid","23.549","deg","43860","µV","26.533","°C","1018.000","hPa","35.3","pmil","0","55.520","deg","20.000","°C","100.000","%a.s.","21.750","deg","20.000","°C","977.000","hPa","0.861","-0.02617","0.00035","0","0","13.56","Humid","24.85","0","70.00","286341.64","SABD0000000001","AAV1.0.0.11","1.1.2.0","PSt7-10","170328-006","1/4/2020 10:31:52","0000-00","0","no battery","V"
"11/02/2020","12:32:37","1","default","640513929","OXY_CH1","78.242","min","158.024","µmol/L","Humid","23.541","deg","43862","µV","26.529","°C","1018.000","hPa","35.3","pmil","0","55.520","deg","20.000","°C","100.000","%a.s.","21.750","deg","20.000","°C","977.000","hPa","0.861","-0.02617","0.00035","0","0","13.56","Humid","24.85","0","70.00","286335.38","SABD0000000001","AAV1.0.0.11","1.1.2.0","PSt7-10","170328-006","1/4/2020 10:31:52","0000-00","0","no battery","V"
"11/02/2020","12:32:38","1","default","640513929","OXY_CH1","78.259","min","158.021","µmol/L","Humid","23.541","deg","43868","µV","26.530","°C","1018.000","hPa","35.3","pmil","0","55.520","deg","20.000","°C","100.000","%a.s.","21.750","deg","20.000","°C","977.000","hPa","0.861","-0.02617","0.00035","0","0","13.56","Humid","24.85","0","70.00","286357.01","SABD0000000001","AAV1.0.0.11","1.1.2.0","PSt7-10","170328-006","1/4/2020 10:31:52","0000-00","0","no battery","V"
"11/02/2020","12:32:39","1","default","640513929","OXY_CH1","78.275","min","158.017","µmol/L","Humid","23.541","deg","43869","µV","26.531","°C","1018.000","hPa","35.3","pmil","0","55.520","deg","20.000","°C","100.000","%a.s.","21.750","deg","20.000","°C","977.000","hPa","0.861","-0.02617","0.00035","0","0","13.56","Humid","24.85","0","70.00","286348.12","SABD0000000001","AAV1.0.0.11","1.1.2.0","PSt7-10","170328-006","1/4/2020 10:31:52","0000-00","0","no battery","V"
"11/02/2020","12:32:40","1","default","640513929","OXY_CH1","78.292","min","158.052","µmol/L","Humid","23.541","deg","43860","µV","26.523","°C","1018.000","hPa","35.3","pmil","0","55.520","deg","20.000","°C","100.000","%a.s.","21.750","deg","20.000","°C","977.000","hPa","0.861","-0.02617","0.00035","0","0","13.56","Humid","24.85","0","70.00","286351.89","SABD0000000001","AAV1.0.0.11","1.1.2.0","PSt7-10","170328-006","1/4/2020 10:31:52","0000-00","0","no battery","V"
"11/02/2020","12:32:41","1","default","640513929","OXY_CH1","78.309","min","158.104","µmol/L","Humid","23.535","deg","43866","µV","26.529","°C","1018.000","hPa","35.3","pmil","0","55.520","deg","20.000","°C","100.000","%a.s.","21.750","deg","20.000","°C","977.000","hPa","0.861","-0.02617","0.00035","0","0","13.56","Humid","24.85","0","70.00","286348.69","SABD0000000001","AAV1.0.0.11","1.1.2.0","PSt7-10","170328-006","1/4/2020 10:31:52","0000-00","0","no battery","V"
"11/02/2020","12:32:42","1","default","640513929","OXY_CH1","78.326","min","158.095","µmol/L","Humid","23.537","deg","43866","µV","26.525","°C","1018.000","hPa","35.3","pmil","0","55.520","deg","20.000","°C","100.000","%a.s.","21.750","deg","20.000","°C","977.000","hPa","0.861","-0.02617","0.00035","0","0","13.56","Humid","24.85","0","70.00","286346.74","SABD0000000001","AAV1.0.0.11","1.1.2.0","PSt7-10","170328-006","1/4/2020 10:31:52","0000-00","0","no battery","V"
"11/02/2020","12:32:43","1","default","640513929","OXY_CH1","78.342","min","158.152","µmol/L","Humid","23.535","deg","43867","µV","26.519","°C","1018.000","hPa","35.3","pmil","0","55.520","deg","20.000","°C","100.000","%a.s.","21.750","deg","20.000","°C","977.000","hPa","0.861","-0.02617","0.00035","0","0","13.56","Humid","24.85","0","70.00","286339.12","SABD0000000001","AAV1.0.0.11","1.1.2.0","PSt7-10","170328-006","1/4/2020 10:31:52","0000-00","0","no battery","V"
"11/02/2020","12:32:44","1","default","640513929","OXY_CH1","78.358","min","158.038","µmol/L","Humid","23.542","deg","43864","µV","26.523","°C","1018.000","hPa","35.3","pmil","0","55.520","deg","20.000","°C","100.000","%a.s.","21.750","deg","20.000","°C","977.000","hPa","0.861","-0.02617","0.00035","0","0","13.56","Humid","24.85","0","70.00","286345.27","SABD0000000001","AAV1.0.0.11","1.1.2.0","PSt7-10","170328-006","1/4/2020 10:31:52","0000-00","0","no battery","V"
"11/02/2020","12:32:45","1","default","640513929","OXY_CH1","78.375","min","158.068","µmol/L","Humid","23.541","deg","43863","µV","26.520","°C","1018.000","hPa","35.3","pmil","0","55.520","deg","20.000","°C","100.000","%a.s.","21.750","deg","20.000","°C","977.000","hPa","0.861","-0.02617","0.00035","0","0","13.56","Humid","24.85","0","70.00","286350.79","SABD0000000001","AAV1.0.0.11","1.1.2.0","PSt7-10","170328-006","1/4/2020 10:31:52","0000-00","0","no battery","V"
"11/02/2020","12:32:46","1","default","640513929","OXY_CH1","78.392","min","158.109","µmol/L","Humid","23.536","deg","43867","µV","26.525","°C","1018.000","hPa","35.3","pmil","0","55.520","deg","20.000","°C","100.000","%a.s.","21.750","deg","20.000","°C","977.000","hPa","0.861","-0.02617","0.00035","0","0","13.56","Humid","24.85","0","70.00","286331.68","SABD0000000001","AAV1.0.0.11","1.1.2.0","PSt7-10","170328-006","1/4/2020 10:31:52","0000-00","0","no battery","V"
"11/02/2020","12:32:47","1","default","640513929","OXY_CH1","78.409","min","158.143","µmol/L","Humid","23.536","deg","43870","µV","26.518","°C","1018.000","hPa","35.3","pmil","0","55.520","deg","20.000","°C","100.000","%a.s.","21.750","deg","20.000","°C","977.000","hPa","0.861","-0.02617","0.00035","0","0","13.56","Humid","24.85","0","70.00","286344.78","SABD0000000001","AAV1.0.0.11","1.1.2.0","PSt7-10","170328-006","1/4/2020 10:31:52","0000-00","0","no battery","V"
"11/02/2020","12:32:48","1","default","640513929","OXY_CH1","78.426","min","158.148","µmol/L","Humid","23.536","deg","43868","µV","26.517","°C","1018.000","hPa","35.3","pmil","0","55.520","deg","20.000","°C","100.000","%a.s.","21.750","deg","20.000","°C","977.000","hPa","0.861","-0.02617","0.00035","0","0","13.56","Humid","24.85","0","70.00","286346.48","SABD0000000001","AAV1.0.0.11","1.1.2.0","PSt7-10","170328-006","1/4/2020 10:31:52","0000-00","0","no battery","V"
"11/02/2020","12:32:49","1","default","640513929","OXY_CH1","78.442","min","158.185","µmol/L","Humid","23.534","deg","43869","µV","26.514","°C","1018.000","hPa","35.3","pmil","0","55.520","deg","20.000","°C","100.000","%a.s.","21.750","deg","20.000","°C","977.000","hPa","0.861","-0.02617","0.00035","0","0","13.56","Humid","24.85","0","70.00","286337.29","SABD0000000001","AAV1.0.0.11","1.1.2.0","PSt7-10","170328-006","1/4/2020 10:31:52","0000-00","0","no battery","V"
"11/02/2020","12:32:50","1","default","640513929","OXY_CH1","78.459","min","158.162","µmol/L","Humid","23.531","deg","43868","µV","26.528","°C","1018.000","hPa","35.3","pmil","0","55.520","deg","20.000","°C","100.000","%a.s.","21.750","deg","20.000","°C","977.000","hPa","0.861","-0.02617","0.00035","0","0","13.56","Humid","24.85","0","70.00","286347.12","SABD0000000001","AAV1.0.0.11","1.1.2.0","PSt7-10","170328-006","1/4/2020 10:31:52","0000-00","0","no battery","V"
"11/02/2020","12:32:51","1","default","640513929","OXY_CH1","78.476","min","158.235","µmol/L","Humid","23.527","deg","43862","µV","26.524","°C","1018.000","hPa","35.3","pmil","0","55.520","deg","20.000","°C","100.000","%a.s.","21.750","deg","20.000","°C","977.000","hPa","0.861","-0.02617","0.00035","0","0","13.56","Humid","24.85","0","70.00","286337.34","SABD0000000001","AAV1.0.0.11","1.1.2.0","PSt7-10","170328-006","1/4/2020 10:31:52","0000-00","0","no battery","V"
"11/02/2020","12:32:52","1","default","640513929","OXY_CH1","78.492","min","158.133","µmol/L","Humid","23.533","deg","43865","µV","26.529","°C","1018.000","hPa","35.3","pmil","0","55.520","deg","20.000","°C","100.000","%a.s.","21.750","deg","20.000","°C","977.000","hPa","0.861","-0.02617","0.00035","0","0","13.56","Humid","24.85","0","70.00","286335.69","SABD0000000001","AAV1.0.0.11","1.1.2.0","PSt7-10","170328-006","1/4/2020 10:31:52","0000-00","0","no battery","V"
"11/02/2020","12:32:53","1","default","640513929","OXY_CH1","78.508","min","158.235","µmol/L","Humid","23.528","deg","43868","µV","26.521","°C","1018.000","hPa","35.3","pmil","0","55.520","deg","20.000","°C","100.000","%a.s.","21.750","deg","20.000","°C","977.000","hPa","0.861","-0.02617","0.00035","0","0","13.56","Humid","24.85","0","70.00","286337.11","SABD0000000001","AAV1.0.0.11","1.1.2.0","PSt7-10","170328-006","1/4/2020 10:31:52","0000-00","0","no battery","V"
"11/02/2020","12:32:54","1","default","640513929","OXY_CH1","78.525","min","158.201","µmol/L","Humid","23.524","deg","43864","µV","26.540","°C","1018.000","hPa","35.3","pmil","0","55.520","deg","20.000","°C","100.000","%a.s.","21.750","deg","20.000","°C","977.000","hPa","0.861","-0.02617","0.00035","0","0","13.56","Humid","24.85","0","70.00","286332.36","SABD0000000001","AAV1.0.0.11","1.1.2.0","PSt7-10","170328-006","1/4/2020 10:31:52","0000-00","0","no battery","V"
"11/02/2020","12:32:55","1","default","640513929","OXY_CH1","78.542","min","158.027","µmol/L","Humid","23.536","deg","43859","µV","26.543","°C","1018.000","hPa","35.3","pmil","0","55.520","deg","20.000","°C","100.000","%a.s.","21.750","deg","20.000","°C","977.000","hPa","0.861","-0.02617","0.00035","0","0","13.56","Humid","24.85","0","70.00","286338.70","SABD0000000001","AAV1.0.0.11","1.1.2.0","PSt7-10","170328-006","1/4/2020 10:31:52","0000-00","0","no battery","V"
"11/02/2020","12:32:56","1","default","640513929","OXY_CH1","78.559","min","158.225","µmol/L","Humid","23.524","deg","43859","µV","26.534","°C","1018.000","hPa","35.3","pmil","0","55.520","deg","20.000","°C","100.000","%a.s.","21.750","deg","20.000","°C","977.000","hPa","0.861","-0.02617","0.00035","0","0","13.56","Humid","24.85","0","70.00","286325.21","SABD0000000001","AAV1.0.0.11","1.1.2.0","PSt7-10","170328-006","1/4/2020 10:31:52","0000-00","0","no battery","V"
"11/02/2020","12:32:57","1","default","640513929","OXY_CH1","78.575","min","158.160","µmol/L","Humid","23.528","deg","43865","µV","26.537","°C","1018.000","hPa","35.3","pmil","0","55.520","deg","20.000","°C","100.000","%a.s.","21.750","deg","20.000","°C","977.000","hPa","0.861","-0.02617","0.00035","0","0","13.56","Humid","24.85","0","70.00","286333.48","SABD0000000001","AAV1.0.0.11","1.1.2.0","PSt7-10","170328-006","1/4/2020 10:31:52","0000-00","0","no battery","V"
"11/02/2020","12:32:58","1","default","640513929","OXY_CH1","78.592","min","158.166","µmol/L","Humid","23.528","deg","43868","µV","26.536","°C","1018.000","hPa","35.3","pmil","0","55.520","deg","20.000","°C","100.000","%a.s.","21.750","deg","20.000","°C","977.000","hPa","0.861","-0.02617","0.00035","0","0","13.56","Humid","24.85","0","70.00","286345.44","SABD0000000001","AAV1.0.0.11","1.1.2.0","PSt7-10","170328-006","1/4/2020 10:31:52","0000-00","0","no battery","V"
"11/02/2020","12:32:59","1","default","640513929","OXY_CH1","78.609","min","158.268","µmol/L","Humid","23.524","deg","43863","µV","26.525","°C","1018.000","hPa","35.3","pmil","0","55.520","deg","20.000","°C","100.000","%a.s.","21.750","deg","20.000","°C","977.000","hPa","0.861","-0.02617","0.00035","0","0","13.56","Humid","24.85","0","70.00","286339.69","SABD0000000001","AAV1.0.0.11","1.1.2.0","PSt7-10","170328-006","1/4/2020 10:31:52","0000-00","0","no battery","V"
"11/02/2020","12:33:00","1","default","640513929","OXY_CH1","78.626","min","158.206","µmol/L","Humid","23.530","deg","43861","µV","26.521","°C","1018.000","hPa","35.3","pmil","0","55.520","deg","20.000","°C","100.000","%a.s.","21.750","deg","20.000","°C","977.000","hPa","0.861","-0.02617","0.00035","0","0","13.56","Humid","24.85","0","70.00","286351.08","SABD0000000001","AAV1.0.0.11","1.1.2.0","PSt7-10","170328-006","1/4/2020 10:31:52","0000-00","0","no battery","V"
"11/02/2020","12:33:01","1","default","640513929","OXY_CH1","78.642","min","158.165","µmol/L","Humid","23.527","deg","43860","µV","26.539","°C","1018.000","hPa","35.3","pmil","0","55.520","deg","20.000","°C","100.000","%a.s.","21.750","deg","20.000","°C","977.000","hPa","0.861","-0.02617","0.00035","0","0","13.56","Humid","24.85","0","70.00","286344.66","SABD0000000001","AAV1.0.0.11","1.1.2.0","PSt7-10","170328-006","1/4/2020 10:31:52","0000-00","0","no battery","V"
"11/02/2020","12:33:02","1","default","640513929","OXY_CH1","78.659","min","158.285","µmol/L","Humid","23.526","deg","43862","µV","26.516","°C","1018.000","hPa","35.3","pmil","0","55.520","deg","20.000","°C","100.000","%a.s.","21.750","deg","20.000","°C","977.000","hPa","0.861","-0.02617","0.00035","0","0","13.56","Humid","24.85","0","70.00","286340.99","SABD0000000001","AAV1.0.0.11","1.1.2.0","PSt7-10","170328-006","1/4/2020 10:31:52","0000-00","0","no battery","V"
"11/02/2020","12:33:03","1","default","640513929","OXY_CH1","78.675","min","158.166","µmol/L","Humid","23.531","deg","43857","µV","26.527","°C","1018.000","hPa","35.3","pmil","0","55.520","deg","20.000","°C","100.000","%a.s.","21.750","deg","20.000","°C","977.000","hPa","0.861","-0.02617","0.00035","0","0","13.56","Humid","24.85","0","70.00","286336.14","SABD0000000001","AAV1.0.0.11","1.1.2.0","PSt7-10","170328-006","1/4/2020 10:31:52","0000-00","0","no battery","V"
"11/02/2020","12:33:04","1","default","640513929","OXY_CH1","78.692","min","158.322","µmol/L","Humid","23.521","deg","43859","µV","26.522","°C","1018.000","hPa","35.3","pmil","0","55.520","deg","20.000","°C","100.000","%a.s.","21.750","deg","20.000","°C","977.000","hPa","0.861","-0.02617","0.00035","0","0","13.56","Humid","24.85","0","70.00","286334.10","SABD0000000001","AAV1.0.0.11","1.1.2.0","PSt7-10","170328-006","1/4/2020 10:31:52","0000-00","0","no battery","V"
"11/02/2020","12:33:05","1","default","640513929","OXY_CH1","78.708","min","158.184","µmol/L","Humid","23.526","deg","43855","µV","26.538","°C","1018.000","hPa","35.3","pmil","0","55.520","deg","20.000","°C","100.000","%a.s.","21.750","deg","20.000","°C","977.000","hPa","0.861","-0.02617","0.00035","0","0","13.56","Humid","24.85","0","70.00","286347.10","SABD0000000001","AAV1.0.0.11","1.1.2.0","PSt7-10","170328-006","1/4/2020 10:31:52","0000-00","0","no battery","V"
"11/02/2020","12:33:06","1","default","640513929","OXY_CH1","78.725","min","158.213","µmol/L","Humid","23.524","deg","43854","µV","26.537","°C","1018.000","hPa","35.3","pmil","0","55.520","deg","20.000","°C","100.000","%a.s.","21.750","deg","20.000","°C","977.000","hPa","0.861","-0.02617","0.00035","0","0","13.56","Humid","24.85","0","70.00","286343.96","SABD0000000001","AAV1.0.0.11","1.1.2.0","PSt7-10","170328-006","1/4/2020 10:31:52","0000-00","0","no battery","V"
"11/02/2020","12:33:07","1","default","640513929","OXY_CH1","78.742","min","158.291","µmol/L","Humid","23.524","deg","43857","µV","26.520","°C","1018.000","hPa","35.3","pmil","0","55.520","deg","20.000","°C","100.000","%a.s.","21.750","deg","20.000","°C","977.000","hPa","0.861","-0.02617","0.00035","0","0","13.56","Humid","24.85","0","70.00","286334.74","SABD0000000001","AAV1.0.0.11","1.1.2.0","PSt7-10","170328-006","1/4/2020 10:31:52","0000-00","0","no battery","V"
"11/02/2020","12:33:08","1","default","640513929","OXY_CH1","78.759","min","158.345","µmol/L","Humid","23.522","deg","43853","µV","26.514","°C","1018.000","hPa","35.3","pmil","0","55.520","deg","20.000","°C","100.000","%a.s.","21.750","deg","20.000","°C","977.000","hPa","0.861","-0.02617","0.00035","0","0","13.56","Humid","24.85","0","70.00","286345.23","SABD0000000001","AAV1.0.0.11","1.1.2.0","PSt7-10","170328-006","1/4/2020 10:31:52","0000-00","0","no battery","V"
"11/02/2020","12:33:09","1","default","640513929","OXY_CH1","78.775","min","158.285","µmol/L","Humid","23.524","deg","43850","µV","26.521","°C","1018.000","hPa","35.3","pmil","0","55.520","deg","20.000","°C","100.000","%a.s.","21.750","deg","20.000","°C","977.000","hPa","0.861","-0.02617","0.00035","0","0","13.56","Humid","24.85","0","70.00","286346.48","SABD0000000001","AAV1.0.0.11","1.1.2.0","PSt7-10","170328-006","1/4/2020 10:31:52","0000-00","0","no battery","V"
"11/02/2020","12:33:10","1","default","640513929","OXY_CH1","78.792","min","158.340","µmol/L","Humid","23.521","deg","43847","µV","26.518","°C","1018.000","hPa","35.3","pmil","0","55.520","deg","20.000","°C","100.000","%a.s.","21.750","deg","20.000","°C","977.000","hPa","0.861","-0.02617","0.00035","0","0","13.56","Humid","24.85","0","70.00","286348.33","SABD0000000001","AAV1.0.0.11","1.1.2.0","PSt7-10","170328-006","1/4/2020 10:31:52","0000-00","0","no battery","V"
"11/02/2020","12:33:11","1","default","640513929","OXY_CH1","78.809","min","158.368","µmol/L","Humid","23.522","deg","43853","µV","26.509","°C","1018.000","hPa","35.3","pmil","0","55.520","deg","20.000","°C","100.000","%a.s.","21.750","deg","20.000","°C","977.000","hPa","0.861","-0.02617","0.00035","0","0","13.56","Humid","24.85","0","70.00","286339.70","SABD0000000001","AAV1.0.0.11","1.1.2.0","PSt7-10","170328-006","1/4/2020 10:31:52","0000-00","0","no battery","V"
"11/02/2020","12:33:12","1","default","640513929","OXY_CH1","78.826","min","158.328","µmol/L","Humid","23.523","deg","43855","µV","26.515","°C","1018.000","hPa","35.3","pmil","0","55.520","deg","20.000","°C","100.000","%a.s.","21.750","deg","20.000","°C","977.000","hPa","0.861","-0.02617","0.00035","0","0","13.56","Humid","24.85","0","70.00","286343.60","SABD0000000001","AAV1.0.0.11","1.1.2.0","PSt7-10","170328-006","1/4/2020 10:31:52","0000-00","0","no battery","V"
"11/02/2020","12:33:13","1","default","640513929","OXY_CH1","78.842","min","158.439","µmol/L","Humid","23.512","deg","43847","µV","26.523","°C","1018.000","hPa","35.3","pmil","0","55.520","deg","20.000","°C","100.000","%a.s.","21.750","deg","20.000","°C","977.000","hPa","0.861","-0.02617","0.00035","0","0","13.56","Humid","24.85","0","70.00","286340.11","SABD0000000001","AAV1.0.0.11","1.1.2.0","PSt7-10","170328-006","1/4/2020 10:31:52","0000-00","0","no battery","V"
"11/02/2020","12:33:14","1","default","640513929","OXY_CH1","78.858","min","158.256","µmol/L","Humid","23.522","deg","43848","µV","26.533","°C","1018.000","hPa","35.3","pmil","0","55.520","deg","20.000","°C","100.000","%a.s.","21.750","deg","20.000","°C","977.000","hPa","0.861","-0.02617","0.00035","0","0","13.56","Humid","24.85","0","70.00","286325.38","SABD0000000001","AAV1.0.0.11","1.1.2.0","PSt7-10","170328-006","1/4/2020 10:31:52","0000-00","0","no battery","V"
"11/02/2020","12:33:15","1","default","640513929","OXY_CH1","78.875","min","158.316","µmol/L","Humid","23.517","deg","43849","µV","26.535","°C","1018.000","hPa","35.3","pmil","0","55.520","deg","20.000","°C","100.000","%a.s.","21.750","deg","20.000","°C","977.000","hPa","0.861","-0.02617","0.00035","0","0","13.56","Humid","24.85","0","70.00","286333.63","SABD0000000001","AAV1.0.0.11","1.1.2.0","PSt7-10","170328-006","1/4/2020 10:31:52","0000-00","0","no battery","V"
"11/02/2020","12:33:16","1","default","640513929","OXY_CH1","78.892","min","158.474","µmol/L","Humid","23.511","deg","43844","µV","26.518","°C","1018.000","hPa","35.3","pmil","0","55.520","deg","20.000","°C","100.000","%a.s.","21.750","deg","20.000","°C","977.000","hPa","0.861","-0.02617","0.00035","0","0","13.56","Humid","24.85","0","70.00","286328.25","SABD0000000001","AAV1.0.0.11","1.1.2.0","PSt7-10","170328-006","1/4/2020 10:31:52","0000-00","0","no battery","V"
"11/02/2020","12:33:17","1","default","640513929","OXY_CH1","78.909","min","158.465","µmol/L","Humid","23.511","deg","43848","µV","26.520","°C","1018.000","hPa","35.3","pmil","0","55.520","deg","20.000","°C","100.000","%a.s.","21.750","deg","20.000","°C","977.000","hPa","0.861","-0.02617","0.00035","0","0","13.56","Humid","24.85","0","70.00","286336.74","SABD0000000001","AAV1.0.0.11","1.1.2.0","PSt7-10","170328-006","1/4/2020 10:31:52","0000-00","0","no battery","V"
"11/02/2020","12:33:18","1","default","640513929","OXY_CH1","78.925","min","158.249","µmol/L","Humid","23.521","deg","43844","µV","26.538","°C","1018.000","hPa","35.3","pmil","0","55.520","deg","20.000","°C","100.000","%a.s.","21.750","deg","20.000","°C","977.000","hPa","0.861","-0.02617","0.00035","0","0","13.56","Humid","24.85","0","70.00","286336.05","SABD0000000001","AAV1.0.0.11","1.1.2.0","PSt7-10","170328-006","1/4/2020 10:31:52","0000-00","0","no battery","V"
"11/02/2020","12:33:19","1","default","640513929","OXY_CH1","78.942","min","158.414","µmol/L","Humid","23.511","deg","43845","µV","26.531","°C","1018.000","hPa","35.3","pmil","0","55.520","deg","20.000","°C","100.000","%a.s.","21.750","deg","20.000","°C","977.000","hPa","0.861","-0.02617","0.00035","0","0","13.56","Humid","24.85","0","70.00","286349.83","SABD0000000001","AAV1.0.0.11","1.1.2.0","PSt7-10","170328-006","1/4/2020 10:31:52","0000-00","0","no battery","V"
"11/02/2020","12:33:20","1","default","640513929","OXY_CH1","78.959","min","158.403","µmol/L","Humid","23.515","deg","43848","µV","26.522","°C","1018.000","hPa","35.3","pmil","0","55.520","deg","20.000","°C","100.000","%a.s.","21.750","deg","20.000","°C","977.000","hPa","0.861","-0.02617","0.00035","0","0","13.56","Humid","24.85","0","70.00","286331.60","SABD0000000001","AAV1.0.0.11","1.1.2.0","PSt7-10","170328-006","1/4/2020 10:31:52","0000-00","0","no battery","V"
"11/02/2020","12:33:21","1","default","640513929","OXY_CH1","78.975","min","158.546","µmol/L","Humid","23.508","deg","43854","µV","26.511","°C","1018.000","hPa","35.3","pmil","0","55.520","deg","20.000","°C","100.000","%a.s.","21.750","deg","20.000","°C","977.000","hPa","0.861","-0.02617","0.00035","0","0","13.56","Humid","24.85","0","70.00","286336.20","SABD0000000001","AAV1.0.0.11","1.1.2.0","PSt7-10","170328-006","1/4/2020 10:31:52","0000-00","0","no battery","V"
"11/02/2020","12:33:22","1","default","640513929","OXY_CH1","78.992","min","158.502","µmol/L","Humid","23.509","deg","43844","µV","26.518","°C","1018.000","hPa","35.3","pmil","0","55.520","deg","20.000","°C","100.000","%a.s.","21.750","deg","20.000","°C","977.000","hPa","0.861","-0.02617","0.00035","0","0","13.56","Humid","24.85","0","70.00","286335.69","SABD0000000001","AAV1.0.0.11","1.1.2.0","PSt7-10","170328-006","1/4/2020 10:31:52","0000-00","0","no battery","V"
"11/02/2020","12:33:23","1","default","640513929","OXY_CH1","79.009","min","158.439","µmol/L","Humid","23.515","deg","43849","µV","26.514","°C","1018.000","hPa","35.3","pmil","0","55.520","deg","20.000","°C","100.000","%a.s.","21.750","deg","20.000","°C","977.000","hPa","0.861","-0.02617","0.00035","0","0","13.56","Humid","24.85","0","70.00","286332.32","SABD0000000001","AAV1.0.0.11","1.1.2.0","PSt7-10","170328-006","1/4/2020 10:31:52","0000-00","0","no battery","V"
"11/02/2020","12:33:24","1","default","640513929","OXY_CH1","79.026","min","158.490","µmol/L","Humid","23.506","deg","43844","µV","26.529","°C","1018.000","hPa","35.3","pmil","0","55.520","deg","20.000","°C","100.000","%a.s.","21.750","deg","20.000","°C","977.000","hPa","0.861","-0.02617","0.00035","0","0","13.56","Humid","24.85","0","70.00","286342.54","SABD0000000001","AAV1.0.0.11","1.1.2.0","PSt7-10","170328-006","1/4/2020 10:31:52","0000-00","0","no battery","V"
"11/02/2020","12:33:25","1","default","640513929","OXY_CH1","79.042","min","158.317","µmol/L","Humid","23.520","deg","43847","µV","26.526","°C","1018.000","hPa","35.3","pmil","0","55.520","deg","20.000","°C","100.000","%a.s.","21.750","deg","20.000","°C","977.000","hPa","0.861","-0.02617","0.00035","0","0","13.56","Humid","24.85","0","70.00","286334.17","SABD0000000001","AAV1.0.0.11","1.1.2.0","PSt7-10","170328-006","1/4/2020 10:31:52","0000-00","0","no battery","V"
"11/02/2020","12:33:26","1","default","640513929","OXY_CH1","79.058","min","158.377","µmol/L","Humid","23.513","deg","43847","µV","26.533","°C","1018.000","hPa","35.3","pmil","0","55.520","deg","20.000","°C","100.000","%a.s.","21.750","deg","20.000","°C","977.000","hPa","0.861","-0.02617","0.00035","0","0","13.56","Humid","24.85","0","70.00","286335.77","SABD0000000001","AAV1.0.0.11","1.1.2.0","PSt7-10","170328-006","1/4/2020 10:31:52","0000-00","0","no battery","V"
"11/02/2020","12:33:27","1","default","640513929","OXY_CH1","79.075","min","158.399","µmol/L","Humid","23.514","deg","43844","µV","26.526","°C","1018.000","hPa","35.3","pmil","0","55.520","deg","20.000","°C","100.000","%a.s.","21.750","deg","20.000","°C","977.000","hPa","0.861","-0.02617","0.00035","0","0","13.56","Humid","24.85","0","70.00","286343.36","SABD0000000001","AAV1.0.0.11","1.1.2.0","PSt7-10","170328-006","1/4/2020 10:31:52","0000-00","0","no battery","V"
"11/02/2020","12:33:28","1","default","640513929","OXY_CH1","79.092","min","158.495","µmol/L","Humid","23.507","deg","43841","µV","26.525","°C","1018.000","hPa","35.3","pmil","0","55.520","deg","20.000","°C","100.000","%a.s.","21.750","deg","20.000","°C","977.000","hPa","0.861","-0.02617","0.00035","0","0","13.56","Humid","24.85","0","70.00","286334.51","SABD0000000001","AAV1.0.0.11","1.1.2.0","PSt7-10","170328-006","1/4/2020 10:31:52","0000-00","0","no battery","V"
"11/02/2020","12:33:29","1","default","640513929","OXY_CH1","79.109","min","158.541","µmol/L","Humid","23.507","deg","43837","µV","26.515","°C","1018.000","hPa","35.3","pmil","0","55.520","deg","20.000","°C","100.000","%a.s.","21.750","deg","20.000","°C","977.000","hPa","0.861","-0.02617","0.00035","0","0","13.56","Humid","24.85","0","70.00","286329.38","SABD0000000001","AAV1.0.0.11","1.1.2.0","PSt7-10","170328-006","1/4/2020 10:31:52","0000-00","0","no battery","V"
"11/02/2020","12:33:30","1","default","640513929","OXY_CH1","79.125","min","158.555","µmol/L","Humid","23.504","deg","43839","µV","26.521","°C","1018.000","hPa","35.3","pmil","0","55.520","deg","20.000","°C","100.000","%a.s.","21.750","deg","20.000","°C","977.000","hPa","0.861","-0.02617","0.00035","0","0","13.56","Humid","24.85","0","70.00","286339.75","SABD0000000001","AAV1.0.0.11","1.1.2.0","PSt7-10","170328-006","1/4/2020 10:31:52","0000-00","0","no battery","V"
"11/02/2020","12:33:31","1","default","640513929","OXY_CH1","79.142","min","158.596","µmol/L","Humid","23.503","deg","43836","µV","26.515","°C","1018.000","hPa","35.3","pmil","0","55.520","deg","20.000","°C","100.000","%a.s.","21.750","deg","20.000","°C","977.000","hPa","0.861","-0.02617","0.00035","0","0","13.56","Humid","24.85","0","70.00","286344.48","SABD0000000001","AAV1.0.0.11","1.1.2.0","PSt7-10","170328-006","1/4/2020 10:31:52","0000-00","0","no battery","V"
"11/02/2020","12:33:32","1","default","640513929","OXY_CH1","79.159","min","158.484","µmol/L","Humid","23.511","deg","43841","µV","26.516","°C","1018.000","hPa","35.3","pmil","0","55.520","deg","20.000","°C","100.000","%a.s.","21.750","deg","20.000","°C","977.000","hPa","0.861","-0.02617","0.00035","0","0","13.56","Humid","24.85","0","70.00","286336.74","SABD0000000001","AAV1.0.0.11","1.1.2.0","PSt7-10","170328-006","1/4/2020 10:31:52","0000-00","0","no battery","V"
"11/02/2020","12:33:33","1","default","640513929","OXY_CH1","79.176","min","158.411","µmol/L","Humid","23.508","deg","43835","µV","26.540","°C","1018.000","hPa","35.3","pmil","0","55.520","deg","20.000","°C","100.000","%a.s.","21.750","deg","20.000","°C","977.000","hPa","0.861","-0.02617","0.00035","0","0","13.56","Humid","24.85","0","70.00","286328.60","SABD0000000001","AAV1.0.0.11","1.1.2.0","PSt7-10","170328-006","1/4/2020 10:31:52","0000-00","0","no battery","V"
"11/02/2020","12:33:34","1","default","640513929","OXY_CH1","79.192","min","158.541","µmol/L","Humid","23.498","deg","43835","µV","26.541","°C","1018.000","hPa","35.3","pmil","0","55.520","deg","20.000","°C","100.000","%a.s.","21.750","deg","20.000","°C","977.000","hPa","0.861","-0.02617","0.00035","0","0","13.56","Humid","24.85","0","70.00","286329.65","SABD0000000001","AAV1.0.0.11","1.1.2.0","PSt7-10","170328-006","1/4/2020 10:31:52","0000-00","0","no battery","V"
"11/02/2020","12:33:35","1","default","640513929","OXY_CH1","79.209","min","158.455","µmol/L","Humid","23.506","deg","43834","µV","26.536","°C","1018.000","hPa","35.3","pmil","0","55.520","deg","20.000","°C","100.000","%a.s.","21.750","deg","20.000","°C","977.000","hPa","0.861","-0.02617","0.00035","0","0","13.56","Humid","24.85","0","70.00","286322.92","SABD0000000001","AAV1.0.0.11","1.1.2.0","PSt7-10","170328-006","1/4/2020 10:31:52","0000-00","0","no battery","V"
"11/02/2020","12:33:36","1","default","640513929","OXY_CH1","79.226","min","158.556","µmol/L","Humid","23.503","deg","43829","µV","26.523","°C","1018.000","hPa","35.3","pmil","0","55.520","deg","20.000","°C","100.000","%a.s.","21.750","deg","20.000","°C","977.000","hPa","0.861","-0.02617","0.00035","0","0","13.56","Humid","24.85","0","70.00","286328.58","SABD0000000001","AAV1.0.0.11","1.1.2.0","PSt7-10","170328-006","1/4/2020 10:31:52","0000-00","0","no battery","V"
"11/02/2020","12:33:37","1","default","640513929","OXY_CH1","79.242","min","158.578","µmol/L","Humid","23.500","deg","43827","µV","26.527","°C","1018.000","hPa","35.3","pmil","0","55.520","deg","20.000","°C","100.000","%a.s.","21.750","deg","20.000","°C","977.000","hPa","0.861","-0.02617","0.00035","0","0","13.56","Humid","24.85","0","70.00","286336.30","SABD0000000001","AAV1.0.0.11","1.1.2.0","PSt7-10","170328-006","1/4/2020 10:31:52","0000-00","0","no battery","V"
"11/02/2020","12:33:38","1","default","640513929","OXY_CH1","79.258","min","158.596","µmol/L","Humid","23.497","deg","43828","µV","26.532","°C","1018.000","hPa","35.3","pmil","0","55.520","deg","20.000","°C","100.000","%a.s.","21.750","deg","20.000","°C","977.000","hPa","0.861","-0.02617","0.00035","0","0","13.56","Humid","24.85","0","70.00","286321.99","SABD0000000001","AAV1.0.0.11","1.1.2.0","PSt7-10","170328-006","1/4/2020 10:31:52","0000-00","0","no battery","V"
"11/02/2020","12:33:39","1","default","640513929","OXY_CH1","79.275","min","158.539","µmol/L","Humid","23.499","deg","43827","µV","26.538","°C","1018.000","hPa","35.3","pmil","0","55.520","deg","20.000","°C","100.000","%a.s.","21.750","deg","20.000","°C","977.000","hPa","0.861","-0.02617","0.00035","0","0","13.56","Humid","24.85","0","70.00","286335.48","SABD0000000001","AAV1.0.0.11","1.1.2.0","PSt7-10","170328-006","1/4/2020 10:31:52","0000-00","0","no battery","V"
"11/02/2020","12:33:40","1","default","640513929","OXY_CH1","79.292","min","158.591","µmol/L","Humid","23.502","deg","43830","µV","26.518","°C","1018.000","hPa","35.3","pmil","0","55.520","deg","20.000","°C","100.000","%a.s.","21.750","deg","20.000","°C","977.000","hPa","0.861","-0.02617","0.00035","0","0","13.56","Humid","24.85","0","70.00","286325.03","SABD0000000001","AAV1.0.0.11","1.1.2.0","PSt7-10","170328-006","1/4/2020 10:31:52","0000-00","0","no battery","V"
"11/02/2020","12:33:41","1","default","640513929","OXY_CH1","79.309","min","158.568","µmol/L","Humid","23.504","deg","43820","µV","26.518","°C","1018.000","hPa","35.3","pmil","0","55.520","deg","20.000","°C","100.000","%a.s.","21.750","deg","20.000","°C","977.000","hPa","0.861","-0.02617","0.00035","0","0","13.56","Humid","24.85","0","70.00","286334.02","SABD0000000001","AAV1.0.0.11","1.1.2.0","PSt7-10","170328-006","1/4/2020 10:31:52","0000-00","0","no battery","V"
"11/02/2020","12:33:42","1","default","640513929","OXY_CH1","79.325","min","158.592","µmol/L","Humid","23.499","deg","43819","µV","26.527","°C","1018.000","hPa","35.3","pmil","0","55.520","deg","20.000","°C","100.000","%a.s.","21.750","deg","20.000","°C","977.000","hPa","0.861","-0.02617","0.00035","0","0","13.56","Humid","24.85","0","70.00","286316.12","SABD0000000001","AAV1.0.0.11","1.1.2.0","PSt7-10","170328-006","1/4/2020 10:31:52","0000-00","0","no battery","V"
"11/02/2020","12:33:43","1","default","640513929","OXY_CH1","79.342","min","158.502","µmol/L","Humid","23.506","deg","43818","µV","26.526","°C","1018.000","hPa","35.3","pmil","0","55.520","deg","20.000","°C","100.000","%a.s.","21.750","deg","20.000","°C","977.000","hPa","0.861","-0.02617","0.00035","0","0","13.56","Humid","24.85","0","70.00","286327.32","SABD0000000001","AAV1.0.0.11","1.1.2.0","PSt7-10","170328-006","1/4/2020 10:31:52","0000-00","0","no battery","V"
"11/02/2020","12:33:44","1","default","640513929","OXY_CH1","79.359","min","158.575","µmol/L","Humid","23.505","deg","43819","µV","26.513","°C","1018.000","hPa","35.3","pmil","0","55.520","deg","20.000","°C","100.000","%a.s.","21.750","deg","20.000","°C","977.000","hPa","0.861","-0.02617","0.00035","0","0","13.56","Humid","24.85","0","70.00","286323.87","SABD0000000001","AAV1.0.0.11","1.1.2.0","PSt7-10","170328-006","1/4/2020 10:31:52","0000-00","0","no battery","V"
"11/02/2020","12:33:45","1","default","640513929","OXY_CH1","79.376","min","158.832","µmol/L","Humid","23.487","deg","43821","µV","26.510","°C","1018.000","hPa","35.3","pmil","0","55.520","deg","20.000","°C","100.000","%a.s.","21.750","deg","20.000","°C","977.000","hPa","0.861","-0.02617","0.00035","0","0","13.56","Humid","24.85","0","70.00","286337.23","SABD0000000001","AAV1.0.0.11","1.1.2.0","PSt7-10","170328-006","1/4/2020 10:31:52","0000-00","0","no battery","V"
"11/02/2020","12:33:46","1","default","640513929","OXY_CH1","79.392","min","158.599","µmol/L","Humid","23.503","deg","43820","µV","26.514","°C","1018.000","hPa","35.3","pmil","0","55.520","deg","20.000","°C","100.000","%a.s.","21.750","deg","20.000","°C","977.000","hPa","0.861","-0.02617","0.00035","0","0","13.56","Humid","24.85","0","70.00","286310.49","SABD0000000001","AAV1.0.0.11","1.1.2.0","PSt7-10","170328-006","1/4/2020 10:31:52","0000-00","0","no battery","V"
"11/02/2020","12:33:47","1","default","640513929","OXY_CH1","79.409","min","158.581","µmol/L","Humid","23.500","deg","43820","µV","26.526","°C","1018.000","hPa","35.3","pmil","0","55.520","deg","20.000","°C","100.000","%a.s.","21.750","deg","20.000","°C","977.000","hPa","0.861","-0.02617","0.00035","0","0","13.56","Humid","24.85","0","70.00","286320.11","SABD0000000001","AAV1.0.0.11","1.1.2.0","PSt7-10","170328-006","1/4/2020 10:31:52","0000-00","0","no battery","V"
"11/02/2020","12:33:48","1","default","640513929","OXY_CH1","79.425","min","158.587","µmol/L","Humid","23.502","deg","43823","µV","26.519","°C","1018.000","hPa","35.3","pmil","0","55.520","deg","20.000","°C","100.000","%a.s.","21.750","deg","20.000","°C","977.000","hPa","0.861","-0.02617","0.00035","0","0","13.56","Humid","24.85","0","70.00","286321.28","SABD0000000001","AAV1.0.0.11","1.1.2.0","PSt7-10","170328-006","1/4/2020 10:31:52","0000-00","0","no battery","V"
"11/02/2020","12:33:49","1","default","640513929","OXY_CH1","79.442","min","158.643","µmol/L","Humid","23.500","deg","43816","µV","26.513","°C","1018.000","hPa","35.3","pmil","0","55.520","deg","20.000","°C","100.000","%a.s.","21.750","deg","20.000","°C","977.000","hPa","0.861","-0.02617","0.00035","0","0","13.56","Humid","24.85","0","70.00","286312.89","SABD0000000001","AAV1.0.0.11","1.1.2.0","PSt7-10","170328-006","1/4/2020 10:31:52","0000-00","0","no battery","V"
"11/02/2020","12:33:50","1","default","640513929","OXY_CH1","79.458","min","158.648","µmol/L","Humid","23.500","deg","43818","µV","26.512","°C","1018.000","hPa","35.3","pmil","0","55.520","deg","20.000","°C","100.000","%a.s.","21.750","deg","20.000","°C","977.000","hPa","0.861","-0.02617","0.00035","0","0","13.56","Humid","24.85","0","70.00","286312.85","SABD0000000001","AAV1.0.0.11","1.1.2.0","PSt7-10","170328-006","1/4/2020 10:31:52","0000-00","0","no battery","V"
"11/02/2020","12:33:51","1","default","640513929","OXY_CH1","79.475","min","158.719","µmol/L","Humid","23.493","deg","43819","µV","26.517","°C","1018.000","hPa","35.3","pmil","0","55.520","deg","20.000","°C","100.000","%a.s.","21.750","deg","20.000","°C","977.000","hPa","0.861","-0.02617","0.00035","0","0","13.56","Humid","24.85","0","70.00","286308.87","SABD0000000001","AAV1.0.0.11","1.1.2.0","PSt7-10","170328-006","1/4/2020 10:31:52","0000-00","0","no battery","V"
"11/02/2020","12:33:52","1","default","640513929","OXY_CH1","79.492","min","158.615","µmol/L","Humid","23.493","deg","43819","µV","26.539","°C","1018.000","hPa","35.3","pmil","0","55.520","deg","20.000","°C","100.000","%a.s.","21.750","deg","20.000","°C","977.000","hPa","0.861","-0.02617","0.00035","0","0","13.56","Humid","24.85","0","70.00","286312.07","SABD0000000001","AAV1.0.0.11","1.1.2.0","PSt7-10","170328-006","1/4/2020 10:31:52","0000-00","0","no battery","V"
"11/02/2020","12:33:53","1","default","640513929","OXY_CH1","79.509","min","158.602","µmol/L","Humid","23.494","deg","43820","µV","26.539","°C","1018.000","hPa","35.3","pmil","0","55.520","deg","20.000","°C","100.000","%a.s.","21.750","deg","20.000","°C","977.000","hPa","0.861","-0.02617","0.00035","0","0","13.56","Humid","24.85","0","70.00","286320.81","SABD0000000001","AAV1.0.0.11","1.1.2.0","PSt7-10","170328-006","1/4/2020 10:31:52","0000-00","0","no battery","V"
"11/02/2020","12:33:54","1","default","640513929","OXY_CH1","79.526","min","158.615","µmol/L","Humid","23.497","deg","43814","µV","26.528","°C","1018.000","hPa","35.3","pmil","0","55.520","deg","20.000","°C","100.000","%a.s.","21.750","deg","20.000","°C","977.000","hPa","0.861","-0.02617","0.00035","0","0","13.56","Humid","24.85","0","70.00","286323.79","SABD0000000001","AAV1.0.0.11","1.1.2.0","PSt7-10","170328-006","1/4/2020 10:31:52","0000-00","0","no battery","V"
"11/02/2020","12:33:55","1","default","640513929","OXY_CH1","79.542","min","158.772","µmol/L","Humid","23.482","deg","43815","µV","26.537","°C","1018.000","hPa","35.3","pmil","0","55.520","deg","20.000","°C","100.000","%a.s.","21.750","deg","20.000","°C","977.000","hPa","0.861","-0.02617","0.00035","0","0","13.56","Humid","24.85","0","70.00","286328.80","SABD0000000001","AAV1.0.0.11","1.1.2.0","PSt7-10","170328-006","1/4/2020 10:31:52","0000-00","0","no battery","V"
"11/02/2020","12:33:56","1","default","640513929","OXY_CH1","79.558","min","158.660","µmol/L","Humid","23.491","deg","43813","µV","26.535","°C","1018.000","hPa","35.3","pmil","0","55.520","deg","20.000","°C","100.000","%a.s.","21.750","deg","20.000","°C","977.000","hPa","0.861","-0.02617","0.00035","0","0","13.56","Humid","24.85","0","70.00","286318.57","SABD0000000001","AAV1.0.0.11","1.1.2.0","PSt7-10","170328-006","1/4/2020 10:31:52","0000-00","0","no battery","V"
"11/02/2020","12:33:57","1","default","640513929","OXY_CH1","79.575","min","158.746","µmol/L","Humid","23.489","deg","43812","µV","26.522","°C","1018.000","hPa","35.3","pmil","0","55.520","deg","20.000","°C","100.000","%a.s.","21.750","deg","20.000","°C","977.000","hPa","0.861","-0.02617","0.00035","0","0","13.56","Humid","24.85","0","70.00","286323.13","SABD0000000001","AAV1.0.0.11","1.1.2.0","PSt7-10","170328-006","1/4/2020 10:31:52","0000-00","0","no battery","V"
"11/02/2020","12:33:58","1","default","640513929","OXY_CH1","79.592","min","158.804","µmol/L","Humid","23.488","deg","43812","µV","26.513","°C","1018.000","hPa","35.3","pmil","0","55.520","deg","20.000","°C","100.000","%a.s.","21.750","deg","20.000","°C","977.000","hPa","0.861","-0.02617","0.00035","0","0","13.56","Humid","24.85","0","70.00","286319.49","SABD0000000001","AAV1.0.0.11","1.1.2.0","PSt7-10","170328-006","1/4/2020 10:31:52","0000-00","0","no battery","V"
"11/02/2020","12:33:59","1","default","640513929","OXY_CH1","79.609","min","158.723","µmol/L","Humid","23.489","deg","43805","µV","26.527","°C","1018.000","hPa","35.3","pmil","0","55.520","deg","20.000","°C","100.000","%a.s.","21.750","deg","20.000","°C","977.000","hPa","0.861","-0.02617","0.00035","0","0","13.56","Humid","24.85","0","70.00","286323.34","SABD0000000001","AAV1.0.0.11","1.1.2.0","PSt7-10","170328-006","1/4/2020 10:31:52","0000-00","0","no battery","V"
"11/02/2020","12:34:00","1","default","640513929","OXY_CH1","79.625","min","158.735","µmol/L","Humid","23.488","deg","43811","µV","26.528","°C","1018.000","hPa","35.3","pmil","0","55.520","deg","20.000","°C","100.000","%a.s.","21.750","deg","20.000","°C","977.000","hPa","0.861","-0.02617","0.00035","0","0","13.56","Humid","24.85","0","70.00","286313.94","SABD0000000001","AAV1.0.0.11","1.1.2.0","PSt7-10","170328-006","1/4/2020 10:31:52","0000-00","0","no battery","V"
"11/02/2020","12:34:01","1","default","640513929","OXY_CH1","79.642","min","158.757","µmol/L","Humid","23.489","deg","43804","µV","26.520","°C","1018.000","hPa","35.3","pmil","0","55.520","deg","20.000","°C","100.000","%a.s.","21.750","deg","20.000","°C","977.000","hPa","0.861","-0.02617","0.00035","0","0","13.56","Humid","24.85","0","70.00","286306.12","SABD0000000001","AAV1.0.0.11","1.1.2.0","PSt7-10","170328-006","1/4/2020 10:31:52","0000-00","0","no battery","V"
"11/02/2020","12:34:02","1","default","640513929","OXY_CH1","79.658","min","158.746","µmol/L","Humid","23.490","deg","43803","µV","26.520","°C","1018.000","hPa","35.3","pmil","0","55.520","deg","20.000","°C","100.000","%a.s.","21.750","deg","20.000","°C","977.000","hPa","0.861","-0.02617","0.00035","0","0","13.56","Humid","24.85","0","70.00","286319.16","SABD0000000001","AAV1.0.0.11","1.1.2.0","PSt7-10","170328-006","1/4/2020 10:31:52","0000-00","0","no battery","V"
"11/02/2020","12:34:03","1","default","640513929","OXY_CH1","79.675","min","158.782","µmol/L","Humid","23.485","deg","43803","µV","26.526","°C","1018.000","hPa","35.3","pmil","0","55.520","deg","20.000","°C","100.000","%a.s.","21.750","deg","20.000","°C","977.000","hPa","0.861","-0.02617","0.00035","0","0","13.56","Humid","24.85","0","70.00","286323.34","SABD0000000001","AAV1.0.0.11","1.1.2.0","PSt7-10","170328-006","1/4/2020 10:31:52","0000-00","0","no battery","V"
"11/02/2020","12:34:04","1","default","640513929","OXY_CH1","79.692","min","158.790","µmol/L","Humid","23.486","deg","43804","µV","26.521","°C","1018.000","hPa","35.3","pmil","0","55.520","deg","20.000","°C","100.000","%a.s.","21.750","deg","20.000","°C","977.000","hPa","0.861","-0.02617","0.00035","0","0","13.56","Humid","24.85","0","70.00","286315.68","SABD0000000001","AAV1.0.0.11","1.1.2.0","PSt7-10","170328-006","1/4/2020 10:31:52","0000-00","0","no battery","V"
"11/02/2020","12:34:05","1","default","640513929","OXY_CH1","79.709","min","158.805","µmol/L","Humid","23.487","deg","43799","µV","26.515","°C","1018.000","hPa","35.3","pmil","0","55.520","deg","20.000","°C","100.000","%a.s.","21.750","deg","20.000","°C","977.000","hPa","0.861","-0.02617","0.00035","0","0","13.56","Humid","24.85","0","70.00","286310.02","SABD0000000001","AAV1.0.0.11","1.1.2.0","PSt7-10","170328-006","1/4/2020 10:31:52","0000-00","0","no battery","V"
"11/02/2020","12:34:06","1","default","640513929","OXY_CH1","79.726","min","158.875","µmol/L","Humid","23.482","deg","43802","µV","26.515","°C","1018.000","hPa","35.3","pmil","0","55.520","deg","20.000","°C","100.000","%a.s.","21.750","deg","20.000","°C","977.000","hPa","0.861","-0.02617","0.00035","0","0","13.56","Humid","24.85","0","70.00","286311.47","SABD0000000001","AAV1.0.0.11","1.1.2.0","PSt7-10","170328-006","1/4/2020 10:31:52","0000-00","0","no battery","V"
"11/02/2020","12:34:07","1","default","640513929","OXY_CH1","79.742","min","158.718","µmol/L","Humid","23.491","deg","43804","µV","26.523","°C","1018.000","hPa","35.3","pmil","0","55.520","deg","20.000","°C","100.000","%a.s.","21.750","deg","20.000","°C","977.000","hPa","0.861","-0.02617","0.00035","0","0","13.56","Humid","24.85","0","70.00","286310.55","SABD0000000001","AAV1.0.0.11","1.1.2.0","PSt7-10","170328-006","1/4/2020 10:31:52","0000-00","0","no battery","V"
"11/02/2020","12:34:08","1","default","640513929","OXY_CH1","79.759","min","158.899","µmol/L","Humid","23.477","deg","43799","µV","26.524","°C","1018.000","hPa","35.3","pmil","0","55.520","deg","20.000","°C","100.000","%a.s.","21.750","deg","20.000","°C","977.000","hPa","0.861","-0.02617","0.00035","0","0","13.56","Humid","24.85","0","70.00","286316.32","SABD0000000001","AAV1.0.0.11","1.1.2.0","PSt7-10","170328-006","1/4/2020 10:31:52","0000-00","0","no battery","V"
"11/02/2020","12:34:09","1","default","640513929","OXY_CH1","79.775","min","158.937","µmol/L","Humid","23.476","deg","43800","µV","26.519","°C","1018.000","hPa","35.3","pmil","0","55.520","deg","20.000","°C","100.000","%a.s.","21.750","deg","20.000","°C","977.000","hPa","0.861","-0.02617","0.00035","0","0","13.56","Humid","24.85","0","70.00","286309.23","SABD0000000001","AAV1.0.0.11","1.1.2.0","PSt7-10","170328-006","1/4/2020 10:31:52","0000-00","0","no battery","V"
"11/02/2020","12:34:10","1","default","640513929","OXY_CH1","79.792","min","158.870","µmol/L","Humid","23.485","deg","43797","µV","26.507","°C","1018.000","hPa","35.3","pmil","0","55.520","deg","20.000","°C","100.000","%a.s.","21.750","deg","20.000","°C","977.000","hPa","0.861","-0.02617","0.00035","0","0","13.56","Humid","24.85","0","70.00","286316.83","SABD0000000001","AAV1.0.0.11","1.1.2.0","PSt7-10","170328-006","1/4/2020 10:31:52","0000-00","0","no battery","V"
"11/02/2020","12:34:11","1","default","640513929","OXY_CH1","79.808","min","158.757","µmol/L","Humid","23.489","deg","43795","µV","26.520","°C","1018.000","hPa","35.3","pmil","0","55.520","deg","20.000","°C","100.000","%a.s.","21.750","deg","20.000","°C","977.000","hPa","0.861","-0.02617","0.00035","0","0","13.56","Humid","24.85","0","70.00","286312.03","SABD0000000001","AAV1.0.0.11","1.1.2.0","PSt7-10","170328-006","1/4/2020 10:31:52","0000-00","0","no battery","V"
"11/02/2020","12:34:12","1","default","640513929","OXY_CH1","79.825","min","158.764","µmol/L","Humid","23.486","deg","43796","µV","26.527","°C","1018.000","hPa","35.3","pmil","0","55.520","deg","20.000","°C","100.000","%a.s.","21.750","deg","20.000","°C","977.000","hPa","0.861","-0.02617","0.00035","0","0","13.56","Humid","24.85","0","70.00","286317.34","SABD0000000001","AAV1.0.0.11","1.1.2.0","PSt7-10","170328-006","1/4/2020 10:31:52","0000-00","0","no battery","V"
"11/02/2020","12:34:13","1","default","640513929","OXY_CH1","79.842","min","158.911","µmol/L","Humid","23.477","deg","43797","µV","26.521","°C","1018.000","hPa","35.3","pmil","0","55.520","deg","20.000","°C","100.000","%a.s.","21.750","deg","20.000","°C","977.000","hPa","0.861","-0.02617","0.00035","0","0","13.56","Humid","24.85","0","70.00","286305.83","SABD0000000001","AAV1.0.0.11","1.1.2.0","PSt7-10","170328-006","1/4/2020 10:31:52","0000-00","0","no battery","V"
"11/02/2020","12:34:14","1","default","640513929","OXY_CH1","79.859","min","158.844","µmol/L","Humid","23.476","deg","43791","µV","26.539","°C","1018.000","hPa","35.3","pmil","0","55.520","deg","20.000","°C","100.000","%a.s.","21.750","deg","20.000","°C","977.000","hPa","0.861","-0.02617","0.00035","0","0","13.56","Humid","24.85","0","70.00","286318.16","SABD0000000001","AAV1.0.0.11","1.1.2.0","PSt7-10","170328-006","1/4/2020 10:31:52","0000-00","0","no battery","V"
"11/02/2020","12:34:15","1","default","640513929","OXY_CH1","79.876","min","158.871","µmol/L","Humid","23.479","deg","43787","µV","26.524","°C","1018.000","hPa","35.3","pmil","0","55.520","deg","20.000","°C","100.000","%a.s.","21.750","deg","20.000","°C","977.000","hPa","0.861","-0.02617","0.00035","0","0","13.56","Humid","24.85","0","70.00","286312.65","SABD0000000001","AAV1.0.0.11","1.1.2.0","PSt7-10","170328-006","1/4/2020 10:31:52","0000-00","0","no battery","V"
"11/02/2020","12:34:16","1","default","640513929","OXY_CH1","79.892","min","158.842","µmol/L","Humid","23.482","deg","43793","µV","26.522","°C","1018.000","hPa","35.3","pmil","0","55.520","deg","20.000","°C","100.000","%a.s.","21.750","deg","20.000","°C","977.000","hPa","0.861","-0.02617","0.00035","0","0","13.56","Humid","24.85","0","70.00","286314.32","SABD0000000001","AAV1.0.0.11","1.1.2.0","PSt7-10","170328-006","1/4/2020 10:31:52","0000-00","0","no battery","V"
"11/02/2020","12:34:17","1","default","640513929","OXY_CH1","79.909","min","158.935","µmol/L","Humid","23.477","deg","43789","µV","26.516","°C","1018.000","hPa","35.3","pmil","0","55.520","deg","20.000","°C","100.000","%a.s.","21.750","deg","20.000","°C","977.000","hPa","0.861","-0.02617","0.00035","0","0","13.56","Humid","24.85","0","70.00","286313.79","SABD0000000001","AAV1.0.0.11","1.1.2.0","PSt7-10","170328-006","1/4/2020 10:31:52","0000-00","0","no battery","V"
"11/02/2020","12:34:18","1","default","640513929","OXY_CH1","79.926","min","158.958","µmol/L","Humid","23.476","deg","43783","µV","26.514","°C","1018.000","hPa","35.3","pmil","0","55.520","deg","20.000","°C","100.000","%a.s.","21.750","deg","20.000","°C","977.000","hPa","0.861","-0.02617","0.00035","0","0","13.56","Humid","24.85","0","70.00","286311.04","SABD0000000001","AAV1.0.0.11","1.1.2.0","PSt7-10","170328-006","1/4/2020 10:31:52","0000-00","0","no battery","V"
"11/02/2020","12:34:19","1","default","640513929","OXY_CH1","79.942","min","158.943","µmol/L","Humid","23.475","deg","43786","µV","26.520","°C","1018.000","hPa","35.3","pmil","0","55.520","deg","20.000","°C","100.000","%a.s.","21.750","deg","20.000","°C","977.000","hPa","0.861","-0.02617","0.00035","0","0","13.56","Humid","24.85","0","70.00","286305.49","SABD0000000001","AAV1.0.0.11","1.1.2.0","PSt7-10","170328-006","1/4/2020 10:31:52","0000-00","0","no battery","V"
"11/02/2020","12:34:20","1","default","640513929","OXY_CH1","79.959","min","158.892","µmol/L","Humid","23.478","deg","43782","µV","26.523","°C","1018.000","hPa","35.3","pmil","0","55.520","deg","20.000","°C","100.000","%a.s.","21.750","deg","20.000","°C","977.000","hPa","0.861","-0.02617","0.00035","0","0","13.56","Humid","24.85","0","70.00","286314.82","SABD0000000001","AAV1.0.0.11","1.1.2.0","PSt7-10","170328-006","1/4/2020 10:31:52","0000-00","0","no battery","V"
"11/02/2020","12:34:21","1","default","640513929","OXY_CH1","79.975","min","158.805","µmol/L","Humid","23.482","deg","43778","µV","26.530","°C","1018.000","hPa","35.3","pmil","0","55.520","deg","20.000","°C","100.000","%a.s.","21.750","deg","20.000","°C","977.000","hPa","0.861","-0.02617","0.00035","0","0","13.56","Humid","24.85","0","70.00","286315.42","SABD0000000001","AAV1.0.0.11","1.1.2.0","PSt7-10","170328-006","1/4/2020 10:31:52","0000-00","0","no battery","V"
"11/02/2020","12:34:22","1","default","640513929","OXY_CH1","79.992","min","158.957","µmol/L","Humid","23.471","deg","43781","µV","26.529","°C","1018.000","hPa","35.3","pmil","0","55.520","deg","20.000","°C","100.000","%a.s.","21.750","deg","20.000","°C","977.000","hPa","0.861","-0.02617","0.00035","0","0","13.56","Humid","24.85","0","70.00","286306.43","SABD0000000001","AAV1.0.0.11","1.1.2.0","PSt7-10","170328-006","1/4/2020 10:31:52","0000-00","0","no battery","V"
"11/02/2020","12:34:23","1","default","640513929","OXY_CH1","80.008","min","158.939","µmol/L","Humid","23.474","deg","43777","µV","26.524","°C","1018.000","hPa","35.3","pmil","0","55.520","deg","20.000","°C","100.000","%a.s.","21.750","deg","20.000","°C","977.000","hPa","0.861","-0.02617","0.00035","0","0","13.56","Humid","24.85","0","70.00","286302.29","SABD0000000001","AAV1.0.0.11","1.1.2.0","PSt7-10","170328-006","1/4/2020 10:31:52","0000-00","0","no battery","V"
"11/02/2020","12:34:24","1","default","640513929","OXY_CH1","80.025","min","158.936","µmol/L","Humid","23.474","deg","43776","µV","26.525","°C","1018.000","hPa","35.3","pmil","0","55.520","deg","20.000","°C","100.000","%a.s.","21.750","deg","20.000","°C","977.000","hPa","0.861","-0.02617","0.00035","0","0","13.56","Humid","24.85","0","70.00","286303.65","SABD0000000001","AAV1.0.0.11","1.1.2.0","PSt7-10","170328-006","1/4/2020 10:31:52","0000-00","0","no battery","V"
"11/02/2020","12:34:25","1","default","640513929","OXY_CH1","80.042","min","158.962","µmol/L","Humid","23.474","deg","43777","µV","26.519","°C","1018.000","hPa","35.3","pmil","0","55.520","deg","20.000","°C","100.000","%a.s.","21.750","deg","20.000","°C","977.000","hPa","0.861","-0.02617","0.00035","0","0","13.56","Humid","24.85","0","70.00","286316.65","SABD0000000001","AAV1.0.0.11","1.1.2.0","PSt7-10","170328-006","1/4/2020 10:31:52","0000-00","0","no battery","V"
"11/02/2020","12:34:26","1","default","640513929","OXY_CH1","80.059","min","159.120","µmol/L","Humid","23.465","deg","43776","µV","26.511","°C","1018.000","hPa","35.3","pmil","0","55.520","deg","20.000","°C","100.000","%a.s.","21.750","deg","20.000","°C","977.000","hPa","0.861","-0.02617","0.00035","0","0","13.56","Humid","24.85","0","70.00","286305.70","SABD0000000001","AAV1.0.0.11","1.1.2.0","PSt7-10","170328-006","1/4/2020 10:31:52","0000-00","0","no battery","V"
"11/02/2020","12:34:27","1","default","640513929","OXY_CH1","80.075","min","158.968","µmol/L","Humid","23.472","deg","43783","µV","26.523","°C","1018.000","hPa","35.3","pmil","0","55.520","deg","20.000","°C","100.000","%a.s.","21.750","deg","20.000","°C","977.000","hPa","0.861","-0.02617","0.00035","0","0","13.56","Humid","24.85","0","70.00","286300.87","SABD0000000001","AAV1.0.0.11","1.1.2.0","PSt7-10","170328-006","1/4/2020 10:31:52","0000-00","0","no battery","V"
"11/02/2020","12:34:28","1","default","640513929","OXY_CH1","80.092","min","159.064","µmol/L","Humid","23.468","deg","43777","µV","26.514","°C","1018.000","hPa","35.3","pmil","0","55.520","deg","20.000","°C","100.000","%a.s.","21.750","deg","20.000","°C","977.000","hPa","0.861","-0.02617","0.00035","0","0","13.56","Humid","24.85","0","70.00","286312.53","SABD0000000001","AAV1.0.0.11","1.1.2.0","PSt7-10","170328-006","1/4/2020 10:31:52","0000-00","0","no battery","V"
"11/02/2020","12:34:29","1","default","640513929","OXY_CH1","80.109","min","159.032","µmol/L","Humid","23.471","deg","43773","µV","26.513","°C","1018.000","hPa","35.3","pmil","0","55.520","deg","20.000","°C","100.000","%a.s.","21.750","deg","20.000","°C","977.000","hPa","0.861","-0.02617","0.00035","0","0","13.56","Humid","24.85","0","70.00","286294.02","SABD0000000001","AAV1.0.0.11","1.1.2.0","PSt7-10","170328-006","1/4/2020 10:31:52","0000-00","0","no battery","V"
"11/02/2020","12:34:30","1","default","640513929","OXY_CH1","80.126","min","159.010","µmol/L","Humid","23.466","deg","43777","µV","26.532","°C","1018.000","hPa","35.3","pmil","0","55.520","deg","20.000","°C","100.000","%a.s.","21.750","deg","20.000","°C","977.000","hPa","0.861","-0.02617","0.00035","0","0","13.56","Humid","24.85","0","70.00","286309.39","SABD0000000001","AAV1.0.0.11","1.1.2.0","PSt7-10","170328-006","1/4/2020 10:31:52","0000-00","0","no battery","V"
"11/02/2020","12:34:31","1","default","640513929","OXY_CH1","80.142","min","158.924","µmol/L","Humid","23.473","deg","43774","µV","26.530","°C","1018.000","hPa","35.3","pmil","0","55.520","deg","20.000","°C","100.000","%a.s.","21.750","deg","20.000","°C","977.000","hPa","0.861","-0.02617","0.00035","0","0","13.56","Humid","24.85","0","70.00","286308.17","SABD0000000001","AAV1.0.0.11","1.1.2.0","PSt7-10","170328-006","1/4/2020 10:31:52","0000-00","0","no battery","V"
"11/02/2020","12:34:32","1","default","640513929","OXY_CH1","80.159","min","159.052","µmol/L","Humid","23.469","deg","43771","µV","26.514","°C","1018.000","hPa","35.3","pmil","0","55.520","deg","20.000","°C","100.000","%a.s.","21.750","deg","20.000","°C","977.000","hPa","0.861","-0.02617","0.00035","0","0","13.56","Humid","24.85","0","70.00","286305.20","SABD0000000001","AAV1.0.0.11","1.1.2.0","PSt7-10","170328-006","1/4/2020 10:31:52","0000-00","0","no battery","V"
"11/02/2020","12:34:33","1","default","640513929","OXY_CH1","80.175","min","159.073","µmol/L","Humid","23.464","deg","43774","µV","26.524","°C","1018.000","hPa","35.3","pmil","0","55.520","deg","20.000","°C","100.000","%a.s.","21.750","deg","20.000","°C","977.000","hPa","0.861","-0.02617","0.00035","0","0","13.56","Humid","24.85","0","70.00","286314.00","SABD0000000001","AAV1.0.0.11","1.1.2.0","PSt7-10","170328-006","1/4/2020 10:31:52","0000-00","0","no battery","V"
"11/02/2020","12:34:34","1","default","640513929","OXY_CH1","80.192","min","159.053","µmol/L","Humid","23.465","deg","43778","µV","26.525","°C","1018.000","hPa","35.3","pmil","0","55.520","deg","20.000","°C","100.000","%a.s.","21.750","deg","20.000","°C","977.000","hPa","0.861","-0.02617","0.00035","0","0","13.56","Humid","24.85","0","70.00","286313.41","SABD0000000001","AAV1.0.0.11","1.1.2.0","PSt7-10","170328-006","1/4/2020 10:31:52","0000-00","0","no battery","V"
"11/02/2020","12:34:35","1","default","640513929","OXY_CH1","80.208","min","159.060","µmol/L","Humid","23.464","deg","43773","µV","26.527","°C","1018.000","hPa","35.3","pmil","0","55.520","deg","20.000","°C","100.000","%a.s.","21.750","deg","20.000","°C","977.000","hPa","0.861","-0.02617","0.00035","0","0","13.56","Humid","24.85","0","70.00","286310.60","SABD0000000001","AAV1.0.0.11","1.1.2.0","PSt7-10","170328-006","1/4/2020 10:31:52","0000-00","0","no battery","V"
"11/02/2020","12:34:36","1","default","640513929","OXY_CH1","80.225","min","159.100","µmol/L","Humid","23.461","deg","43770","µV","26.527","°C","1018.000","hPa","35.3","pmil","0","55.520","deg","20.000","°C","100.000","%a.s.","21.750","deg","20.000","°C","977.000","hPa","0.861","-0.02617","0.00035","0","0","13.56","Humid","24.85","0","70.00","286304.97","SABD0000000001","AAV1.0.0.11","1.1.2.0","PSt7-10","170328-006","1/4/2020 10:31:52","0000-00","0","no battery","V"
"11/02/2020","12:34:37","1","default","640513929","OXY_CH1","80.242","min","159.063","µmol/L","Humid","23.469","deg","43766","µV","26.512","°C","1018.000","hPa","35.3","pmil","0","55.520","deg","20.000","°C","100.000","%a.s.","21.750","deg","20.000","°C","977.000","hPa","0.861","-0.02617","0.00035","0","0","13.56","Humid","24.85","0","70.00","286307.90","SABD0000000001","AAV1.0.0.11","1.1.2.0","PSt7-10","170328-006","1/4/2020 10:31:52","0000-00","0","no battery","V"
"11/02/2020","12:34:38","1","default","640513929","OXY_CH1","80.259","min","159.134","µmol/L","Humid","23.464","deg","43771","µV","26.511","°C","1018.000","hPa","35.3","pmil","0","55.520","deg","20.000","°C","100.000","%a.s.","21.750","deg","20.000","°C","977.000","hPa","0.861","-0.02617","0.00035","0","0","13.56","Humid","24.85","0","70.00","286308.91","SABD0000000001","AAV1.0.0.11","1.1.2.0","PSt7-10","170328-006","1/4/2020 10:31:52","0000-00","0","no battery","V"
"11/02/2020","12:34:39","1","default","640513929","OXY_CH1","80.275","min","159.175","µmol/L","Humid","23.457","deg","43767","µV","26.522","°C","1018.000","hPa","35.3","pmil","0","55.520","deg","20.000","°C","100.000","%a.s.","21.750","deg","20.000","°C","977.000","hPa","0.861","-0.02617","0.00035","0","0","13.56","Humid","24.85","0","70.00","286299.28","SABD0000000001","AAV1.0.0.11","1.1.2.0","PSt7-10","170328-006","1/4/2020 10:31:52","0000-00","0","no battery","V"
"11/02/2020","12:34:40","1","default","640513929","OXY_CH1","80.292","min","158.986","µmol/L","Humid","23.466","deg","43761","µV","26.537","°C","1018.000","hPa","35.3","pmil","0","55.520","deg","20.000","°C","100.000","%a.s.","21.750","deg","20.000","°C","977.000","hPa","0.861","-0.02617","0.00035","0","0","13.56","Humid","24.85","0","70.00","286300.73","SABD0000000001","AAV1.0.0.11","1.1.2.0","PSt7-10","170328-006","1/4/2020 10:31:52","0000-00","0","no battery","V"
"11/02/2020","12:34:41","1","default","640513929","OXY_CH1","80.309","min","159.002","µmol/L","Humid","23.467","deg","43764","µV","26.531","°C","1018.000","hPa","35.3","pmil","0","55.520","deg","20.000","°C","100.000","%a.s.","21.750","deg","20.000","°C","977.000","hPa","0.861","-0.02617","0.00035","0","0","13.56","Humid","24.85","0","70.00","286307.54","SABD0000000001","AAV1.0.0.11","1.1.2.0","PSt7-10","170328-006","1/4/2020 10:31:52","0000-00","0","no battery","V"
"11/02/2020","12:34:42","1","default","640513929","OXY_CH1","80.326","min","159.148","µmol/L","Humid","23.460","deg","43764","µV","26.519","°C","1018.000","hPa","35.3","pmil","0","55.520","deg","20.000","°C","100.000","%a.s.","21.750","deg","20.000","°C","977.000","hPa","0.861","-0.02617","0.00035","0","0","13.56","Humid","24.85","0","70.00","286301.17","SABD0000000001","AAV1.0.0.11","1.1.2.0","PSt7-10","170328-006","1/4/2020 10:31:52","0000-00","0","no battery","V"
"11/02/2020","12:34:43","1","default","640513929","OXY_CH1","80.342","min","159.112","µmol/L","Humid","23.463","deg","43763","µV","26.518","°C","1018.000","hPa","35.3","pmil","0","55.520","deg","20.000","°C","100.000","%a.s.","21.750","deg","20.000","°C","977.000","hPa","0.861","-0.02617","0.00035","0","0","13.56","Humid","24.85","0","70.00","286302.52","SABD0000000001","AAV1.0.0.11","1.1.2.0","PSt7-10","170328-006","1/4/2020 10:31:52","0000-00","0","no battery","V"
"11/02/2020","12:34:44","1","default","640513929","OXY_CH1","80.358","min","159.207","µmol/L","Humid","23.456","deg","43758","µV","26.518","°C","1018.000","hPa","35.3","pmil","0","55.520","deg","20.000","°C","100.000","%a.s.","21.750","deg","20.000","°C","977.000","hPa","0.861","-0.02617","0.00035","0","0","13.56","Humid","24.85","0","70.00","286291.34","SABD0000000001","AAV1.0.0.11","1.1.2.0","PSt7-10","170328-006","1/4/2020 10:31:52","0000-00","0","no battery","V"
"11/02/2020","12:34:45","1","default","640513929","OXY_CH1","80.375","min","159.163","µmol/L","Humid","23.457","deg","43754","µV","26.525","°C","1018.000","hPa","35.3","pmil","0","55.520","deg","20.000","°C","100.000","%a.s.","21.750","deg","20.000","°C","977.000","hPa","0.861","-0.02617","0.00035","0","0","13.56","Humid","24.85","0","70.00","286300.39","SABD0000000001","AAV1.0.0.11","1.1.2.0","PSt7-10","170328-006","1/4/2020 10:31:52","0000-00","0","no battery","V"
"11/02/2020","12:34:46","1","default","640513929","OXY_CH1","80.392","min","159.182","µmol/L","Humid","23.457","deg","43760","µV","26.520","°C","1018.000","hPa","35.3","pmil","0","55.520","deg","20.000","°C","100.000","%a.s.","21.750","deg","20.000","°C","977.000","hPa","0.861","-0.02617","0.00035","0","0","13.56","Humid","24.85","0","70.00","286304.35","SABD0000000001","AAV1.0.0.11","1.1.2.0","PSt7-10","170328-006","1/4/2020 10:31:52","0000-00","0","no battery","V"
"11/02/2020","12:34:47","1","default","640513929","OXY_CH1","80.408","min","159.331","µmol/L","Humid","23.451","deg","43750","µV","26.506","°C","1018.000","hPa","35.3","pmil","0","55.520","deg","20.000","°C","100.000","%a.s.","21.750","deg","20.000","°C","977.000","hPa","0.861","-0.02617","0.00035","0","0","13.56","Humid","24.85","0","70.00","286301.18","SABD0000000001","AAV1.0.0.11","1.1.2.0","PSt7-10","170328-006","1/4/2020 10:31:52","0000-00","0","no battery","V"
"11/02/2020","12:34:48","1","default","640513929","OXY_CH1","80.425","min","159.285","µmol/L","Humid","23.451","deg","43750","µV","26.516","°C","1018.000","hPa","35.3","pmil","0","55.520","deg","20.000","°C","100.000","%a.s.","21.750","deg","20.000","°C","977.000","hPa","0.861","-0.02617","0.00035","0","0","13.56","Humid","24.85","0","70.00","286302.39","SABD0000000001","AAV1.0.0.11","1.1.2.0","PSt7-10","170328-006","1/4/2020 10:31:52","0000-00","0","no battery","V"
"11/02/2020","12:34:49","1","default","640513929","OXY_CH1","80.442","min","159.122","µmol/L","Humid","23.460","deg","43750","µV","26.525","°C","1018.000","hPa","35.3","pmil","0","55.520","deg","20.000","°C","100.000","%a.s.","21.750","deg","20.000","°C","977.000","hPa","0.861","-0.02617","0.00035","0","0","13.56","Humid","24.85","0","70.00","286310.59","SABD0000000001","AAV1.0.0.11","1.1.2.0","PSt7-10","170328-006","1/4/2020 10:31:52","0000-00","0","no battery","V"
"11/02/2020","12:34:50","1","default","640513929","OXY_CH1","80.459","min","159.180","µmol/L","Humid","23.454","deg","43748","µV","26.529","°C","1018.000","hPa","35.3","pmil","0","55.520","deg","20.000","°C","100.000","%a.s.","21.750","deg","20.000","°C","977.000","hPa","0.861","-0.02617","0.00035","0","0","13.56","Humid","24.85","0","70.00","286308.95","SABD0000000001","AAV1.0.0.11","1.1.2.0","PSt7-10","170328-006","1/4/2020 10:31:52","0000-00","0","no battery","V"
"11/02/2020","12:34:51","1","default","640513929","OXY_CH1","80.476","min","159.132","µmol/L","Humid","23.459","deg","43749","µV","26.526","°C","1018.000","hPa","35.3","pmil","0","55.520","deg","20.000","°C","100.000","%a.s.","21.750","deg","20.000","°C","977.000","hPa","0.861","-0.02617","0.00035","0","0","13.56","Humid","24.85","0","70.00","286300.46","SABD0000000001","AAV1.0.0.11","1.1.2.0","PSt7-10","170328-006","1/4/2020 10:31:52","0000-00","0","no battery","V"
"11/02/2020","12:34:52","1","default","640513929","OXY_CH1","80.492","min","159.128","µmol/L","Humid","23.455","deg","43742","µV","26.538","°C","1018.000","hPa","35.3","pmil","0","55.520","deg","20.000","°C","100.000","%a.s.","21.750","deg","20.000","°C","977.000","hPa","0.861","-0.02617","0.00035","0","0","13.56","Humid","24.85","0","70.00","286285.31","SABD0000000001","AAV1.0.0.11","1.1.2.0","PSt7-10","170328-006","1/4/2020 10:31:52","0000-00","0","no battery","V"
"11/02/2020","12:34:53","1","default","640513929","OXY_CH1","80.509","min","159.315","µmol/L","Humid","23.449","deg","43748","µV","26.515","°C","1018.000","hPa","35.3","pmil","0","55.520","deg","20.000","°C","100.000","%a.s.","21.750","deg","20.000","°C","977.000","hPa","0.861","-0.02617","0.00035","0","0","13.56","Humid","24.85","0","70.00","286301.87","SABD0000000001","AAV1.0.0.11","1.1.2.0","PSt7-10","170328-006","1/4/2020 10:31:52","0000-00","0","no battery","V"
"11/02/2020","12:34:54","1","default","640513929","OXY_CH1","80.525","min","159.193","µmol/L","Humid","23.454","deg","43744","µV","26.527","°C","1018.000","hPa","35.3","pmil","0","55.520","deg","20.000","°C","100.000","%a.s.","21.750","deg","20.000","°C","977.000","hPa","0.861","-0.02617","0.00035","0","0","13.56","Humid","24.85","0","70.00","286297.31","SABD0000000001","AAV1.0.0.11","1.1.2.0","PSt7-10","170328-006","1/4/2020 10:31:52","0000-00","0","no battery","V"
"11/02/2020","12:34:55","1","default","640513929","OXY_CH1","80.542","min","159.247","µmol/L","Humid","23.453","deg","43741","µV","26.518","°C","1018.000","hPa","35.3","pmil","0","55.520","deg","20.000","°C","100.000","%a.s.","21.750","deg","20.000","°C","977.000","hPa","0.861","-0.02617","0.00035","0","0","13.56","Humid","24.85","0","70.00","286304.87","SABD0000000001","AAV1.0.0.11","1.1.2.0","PSt7-10","170328-006","1/4/2020 10:31:52","0000-00","0","no battery","V"
"11/02/2020","12:34:56","1","default","640513929","OXY_CH1","80.558","min","159.229","µmol/L","Humid","23.452","deg","43733","µV","26.525","°C","1018.000","hPa","35.3","pmil","0","55.520","deg","20.000","°C","100.000","%a.s.","21.750","deg","20.000","°C","977.000","hPa","0.861","-0.02617","0.00035","0","0","13.56","Humid","24.85","0","70.00","286293.94","SABD0000000001","AAV1.0.0.11","1.1.2.0","PSt7-10","170328-006","1/4/2020 10:31:52","0000-00","0","no battery","V"
"11/02/2020","12:34:57","1","default","640513929","OXY_CH1","80.575","min","159.320","µmol/L","Humid","23.446","deg","43741","µV","26.522","°C","1018.000","hPa","35.3","pmil","0","55.520","deg","20.000","°C","100.000","%a.s.","21.750","deg","20.000","°C","977.000","hPa","0.861","-0.02617","0.00035","0","0","13.56","Humid","24.85","0","70.00","286309.50","SABD0000000001","AAV1.0.0.11","1.1.2.0","PSt7-10","170328-006","1/4/2020 10:31:52","0000-00","0","no battery","V"
"11/02/2020","12:34:58","1","default","640513929","OXY_CH1","80.592","min","159.221","µmol/L","Humid","23.455","deg","43730","µV","26.518","°C","1018.000","hPa","35.3","pmil","0","55.520","deg","20.000","°C","100.000","%a.s.","21.750","deg","20.000","°C","977.000","hPa","0.861","-0.02617","0.00035","0","0","13.56","Humid","24.85","0","70.00","286307.33","SABD0000000001","AAV1.0.0.11","1.1.2.0","PSt7-10","170328-006","1/4/2020 10:31:52","0000-00","0","no battery","V"
"11/02/2020","12:34:59","1","default","640513929","OXY_CH1","80.609","min","159.300","µmol/L","Humid","23.447","deg","43733","µV","26.524","°C","1018.000","hPa","35.3","pmil","0","55.520","deg","20.000","°C","100.000","%a.s.","21.750","deg","20.000","°C","977.000","hPa","0.861","-0.02617","0.00035","0","0","13.56","Humid","24.85","0","70.00","286307.63","SABD0000000001","AAV1.0.0.11","1.1.2.0","PSt7-10","170328-006","1/4/2020 10:31:52","0000-00","0","no battery","V"
"11/02/2020","12:35:00","1","default","640513929","OXY_CH1","80.625","min","159.282","µmol/L","Humid","23.450","deg","43729","µV","26.519","°C","1018.000","hPa","35.3","pmil","0","55.520","deg","20.000","°C","100.000","%a.s.","21.750","deg","20.000","°C","977.000","hPa","0.861","-0.02617","0.00035","0","0","13.56","Humid","24.85","0","70.00","286304.99","SABD0000000001","AAV1.0.0.11","1.1.2.0","PSt7-10","170328-006","1/4/2020 10:31:52","0000-00","0","no battery","V"
"11/02/2020","12:35:01","1","default","640513929","OXY_CH1","80.642","min","159.328","µmol/L","Humid","23.450","deg","43737","µV","26.509","°C","1018.000","hPa","35.3","pmil","0","55.520","deg","20.000","°C","100.000","%a.s.","21.750","deg","20.000","°C","977.000","hPa","0.861","-0.02617","0.00035","0","0","13.56","Humid","24.85","0","70.00","286295.82","SABD0000000001","AAV1.0.0.11","1.1.2.0","PSt7-10","170328-006","1/4/2020 10:31:52","0000-00","0","no battery","V"
"11/02/2020","12:35:02","1","default","640513929","OXY_CH1","80.659","min","159.269","µmol/L","Humid","23.449","deg","43731","µV","26.525","°C","1018.000","hPa","35.3","pmil","0","55.520","deg","20.000","°C","100.000","%a.s.","21.750","deg","20.000","°C","977.000","hPa","0.861","-0.02617","0.00035","0","0","13.56","Humid","24.85","0","70.00","286307.36","SABD0000000001","AAV1.0.0.11","1.1.2.0","PSt7-10","170328-006","1/4/2020 10:31:52","0000-00","0","no battery","V"
"11/02/2020","12:35:03","1","default","640513929","OXY_CH1","80.675","min","159.250","µmol/L","Humid","23.451","deg","43723","µV","26.523","°C","1018.000","hPa","35.3","pmil","0","55.520","deg","20.000","°C","100.000","%a.s.","21.750","deg","20.000","°C","977.000","hPa","0.861","-0.02617","0.00035","0","0","13.56","Humid","24.85","0","70.00","286300.46","SABD0000000001","AAV1.0.0.11","1.1.2.0","PSt7-10","170328-006","1/4/2020 10:31:52","0000-00","0","no battery","V"
"11/02/2020","12:35:04","1","default","640513929","OXY_CH1","80.692","min","159.389","µmol/L","Humid","23.446","deg","43727","µV","26.508","°C","1018.000","hPa","35.3","pmil","0","55.520","deg","20.000","°C","100.000","%a.s.","21.750","deg","20.000","°C","977.000","hPa","0.861","-0.02617","0.00035","0","0","13.56","Humid","24.85","0","70.00","286309.83","SABD0000000001","AAV1.0.0.11","1.1.2.0","PSt7-10","170328-006","1/4/2020 10:31:52","0000-00","0","no battery","V"
"11/02/2020","12:35:05","1","default","640513929","OXY_CH1","80.708","min","159.451","µmol/L","Humid","23.435","deg","43719","µV","26.526","°C","1018.000","hPa","35.3","pmil","0","55.520","deg","20.000","°C","100.000","%a.s.","21.750","deg","20.000","°C","977.000","hPa","0.861","-0.02617","0.00035","0","0","13.56","Humid","24.85","0","70.00","286296.78","SABD0000000001","AAV1.0.0.11","1.1.2.0","PSt7-10","170328-006","1/4/2020 10:31:52","0000-00","0","no battery","V"
"11/02/2020","12:35:06","1","default","640513929","OXY_CH1","80.725","min","159.384","µmol/L","Humid","23.444","deg","43721","µV","26.514","°C","1018.000","hPa","35.3","pmil","0","55.520","deg","20.000","°C","100.000","%a.s.","21.750","deg","20.000","°C","977.000","hPa","0.861","-0.02617","0.00035","0","0","13.56","Humid","24.85","0","70.00","286301.76","SABD0000000001","AAV1.0.0.11","1.1.2.0","PSt7-10","170328-006","1/4/2020 10:31:52","0000-00","0","no battery","V"
"11/02/2020","12:35:07","1","default","640513929","OXY_CH1","80.742","min","159.442","µmol/L","Humid","23.443","deg","43723","µV","26.505","°C","1018.000","hPa","35.3","pmil","0","55.520","deg","20.000","°C","100.000","%a.s.","21.750","deg","20.000","°C","977.000","hPa","0.861","-0.02617","0.00035","0","0","13.56","Humid","24.85","0","70.00","286305.15","SABD0000000001","AAV1.0.0.11","1.1.2.0","PSt7-10","170328-006","1/4/2020 10:31:52","0000-00","0","no battery","V"
"11/02/2020","12:35:08","1","default","640513929","OXY_CH1","80.759","min","159.327","µmol/L","Humid","23.444","deg","43728","µV","26.527","°C","1018.000","hPa","35.3","pmil","0","55.520","deg","20.000","°C","100.000","%a.s.","21.750","deg","20.000","°C","977.000","hPa","0.861","-0.02617","0.00035","0","0","13.56","Humid","24.85","0","70.00","286294.86","SABD0000000001","AAV1.0.0.11","1.1.2.0","PSt7-10","170328-006","1/4/2020 10:31:52","0000-00","0","no battery","V"
"11/02/2020","12:35:09","1","default","640513929","OXY_CH1","80.776","min","159.366","µmol/L","Humid","23.441","deg","43725","µV","26.527","°C","1018.000","hPa","35.3","pmil","0","55.520","deg","20.000","°C","100.000","%a.s.","21.750","deg","20.000","°C","977.000","hPa","0.861","-0.02617","0.00035","0","0","13.56","Humid","24.85","0","70.00","286308.61","SABD0000000001","AAV1.0.0.11","1.1.2.0","PSt7-10","170328-006","1/4/2020 10:31:52","0000-00","0","no battery","V"
"11/02/2020","12:35:10","1","default","640513929","OXY_CH1","80.792","min","159.305","µmol/L","Humid","23.446","deg","43721","µV","26.526","°C","1018.000","hPa","35.3","pmil","0","55.520","deg","20.000","°C","100.000","%a.s.","21.750","deg","20.000","°C","977.000","hPa","0.861","-0.02617","0.00035","0","0","13.56","Humid","24.85","0","70.00","286297.26","SABD0000000001","AAV1.0.0.11","1.1.2.0","PSt7-10","170328-006","1/4/2020 10:31:52","0000-00","0","no battery","V"
"11/02/2020","12:35:11","1","default","640513929","OXY_CH1","80.809","min","159.409","µmol/L","Humid","23.441","deg","43721","µV","26.518","°C","1018.000","hPa","35.3","pmil","0","55.520","deg","20.000","°C","100.000","%a.s.","21.750","deg","20.000","°C","977.000","hPa","0.861","-0.02617","0.00035","0","0","13.56","Humid","24.85","0","70.00","286308.03","SABD0000000001","AAV1.0.0.11","1.1.2.0","PSt7-10","170328-006","1/4/2020 10:31:52","0000-00","0","no battery","V"
"11/02/2020","12:35:12","1","default","640513929","OXY_CH1","80.826","min","159.369","µmol/L","Humid","23.447","deg","43723","µV","26.509","°C","1018.000","hPa","35.3","pmil","0","55.520","deg","20.000","°C","100.000","%a.s.","21.750","deg","20.000","°C","977.000","hPa","0.861","-0.02617","0.00035","0","0","13.56","Humid","24.85","0","70.00","286306.91","SABD0000000001","AAV1.0.0.11","1.1.2.0","PSt7-10","170328-006","1/4/2020 10:31:52","0000-00","0","no battery","V"
"11/02/2020","12:35:13","1","default","640513929","OXY_CH1","80.842","min","159.363","µmol/L","Humid","23.443","deg","43717","µV","26.522","°C","1018.000","hPa","35.3","pmil","0","55.520","deg","20.000","°C","100.000","%a.s.","21.750","deg","20.000","°C","977.000","hPa","0.861","-0.02617","0.00035","0","0","13.56","Humid","24.85","0","70.00","286300.92","SABD0000000001","AAV1.0.0.11","1.1.2.0","PSt7-10","170328-006","1/4/2020 10:31:52","0000-00","0","no battery","V"
"11/02/2020","12:35:14","1","default","640513929","OXY_CH1","80.859","min","159.477","µmol/L","Humid","23.437","deg","43719","µV","26.515","°C","1018.000","hPa","35.3","pmil","0","55.520","deg","20.000","°C","100.000","%a.s.","21.750","deg","20.000","°C","977.000","hPa","0.861","-0.02617","0.00035","0","0","13.56","Humid","24.85","0","70.00","286301.77","SABD0000000001","AAV1.0.0.11","1.1.2.0","PSt7-10","170328-006","1/4/2020 10:31:52","0000-00","0","no battery","V"
"11/02/2020","12:35:15","1","default","640513929","OXY_CH1","80.875","min","159.359","µmol/L","Humid","23.446","deg","43718","µV","26.514","°C","1018.000","hPa","35.3","pmil","0","55.520","deg","20.000","°C","100.000","%a.s.","21.750","deg","20.000","°C","977.000","hPa","0.861","-0.02617","0.00035","0","0","13.56","Humid","24.85","0","70.00","286292.81","SABD0000000001","AAV1.0.0.11","1.1.2.0","PSt7-10","170328-006","1/4/2020 10:31:52","0000-00","0","no battery","V"
"11/02/2020","12:35:16","1","default","640513929","OXY_CH1","80.892","min","159.347","µmol/L","Humid","23.444","deg","43716","µV","26.522","°C","1018.000","hPa","35.3","pmil","0","55.520","deg","20.000","°C","100.000","%a.s.","21.750","deg","20.000","°C","977.000","hPa","0.861","-0.02617","0.00035","0","0","13.56","Humid","24.85","0","70.00","286300.29","SABD0000000001","AAV1.0.0.11","1.1.2.0","PSt7-10","170328-006","1/4/2020 10:31:52","0000-00","0","no battery","V"
"11/02/2020","12:35:17","1","default","640513929","OXY_CH1","80.908","min","159.311","µmol/L","Humid","23.446","deg","43708","µV","26.524","°C","1018.000","hPa","35.3","pmil","0","55.520","deg","20.000","°C","100.000","%a.s.","21.750","deg","20.000","°C","977.000","hPa","0.861","-0.02617","0.00035","0","0","13.56","Humid","24.85","0","70.00","286292.00","SABD0000000001","AAV1.0.0.11","1.1.2.0","PSt7-10","170328-006","1/4/2020 10:31:52","0000-00","0","no battery","V"
"11/02/2020","12:35:18","1","default","640513929","OXY_CH1","80.925","min","159.524","µmol/L","Humid","23.434","deg","43714","µV","26.513","°C","1018.000","hPa","35.3","pmil","0","55.520","deg","20.000","°C","100.000","%a.s.","21.750","deg","20.000","°C","977.000","hPa","0.861","-0.02617","0.00035","0","0","13.56","Humid","24.85","0","70.00","286302.78","SABD0000000001","AAV1.0.0.11","1.1.2.0","PSt7-10","170328-006","1/4/2020 10:31:52","0000-00","0","no battery","V"
"11/02/2020","12:35:19","1","default","640513929","OXY_CH1","80.942","min","159.471","µmol/L","Humid","23.435","deg","43709","µV","26.522","°C","1018.000","hPa","35.3","pmil","0","55.520","deg","20.000","°C","100.000","%a.s.","21.750","deg","20.000","°C","977.000","hPa","0.861","-0.02617","0.00035","0","0","13.56","Humid","24.85","0","70.00","286301.05","SABD0000000001","AAV1.0.0.11","1.1.2.0","PSt7-10","170328-006","1/4/2020 10:31:52","0000-00","0","no battery","V"
"11/02/2020","12:35:20","1","default","640513929","OXY_CH1","80.959","min","159.463","µmol/L","Humid","23.437","deg","43710","µV","26.518","°C","1018.000","hPa","35.3","pmil","0","55.520","deg","20.000","°C","100.000","%a.s.","21.750","deg","20.000","°C","977.000","hPa","0.861","-0.02617","0.00035","0","0","13.56","Humid","24.85","0","70.00","286294.46","SABD0000000001","AAV1.0.0.11","1.1.2.0","PSt7-10","170328-006","1/4/2020 10:31:52","0000-00","0","no battery","V"
"11/02/2020","12:35:21","1","default","640513929","OXY_CH1","80.975","min","159.488","µmol/L","Humid","23.437","deg","43720","µV","26.512","°C","1018.000","hPa","35.3","pmil","0","55.520","deg","20.000","°C","100.000","%a.s.","21.750","deg","20.000","°C","977.000","hPa","0.861","-0.02617","0.00035","0","0","13.56","Humid","24.85","0","70.00","286288.73","SABD0000000001","AAV1.0.0.11","1.1.2.0","PSt7-10","170328-006","1/4/2020 10:31:52","0000-00","0","no battery","V"
"11/02/2020","12:35:22","1","default","640513929","OXY_CH1","80.992","min","159.467","µmol/L","Humid","23.436","deg","43704","µV","26.520","°C","1018.000","hPa","35.3","pmil","0","55.520","deg","20.000","°C","100.000","%a.s.","21.750","deg","20.000","°C","977.000","hPa","0.861","-0.02617","0.00035","0","0","13.56","Humid","24.85","0","70.00","286291.19","SABD0000000001","AAV1.0.0.11","1.1.2.0","PSt7-10","170328-006","1/4/2020 10:31:52","0000-00","0","no battery","V"
"11/02/2020","12:35:23","1","default","640513929","OXY_CH1","81.009","min","159.380","µmol/L","Humid","23.442","deg","43705","µV","26.521","°C","1018.000","hPa","35.3","pmil","0","55.520","deg","20.000","°C","100.000","%a.s.","21.750","deg","20.000","°C","977.000","hPa","0.861","-0.02617","0.00035","0","0","13.56","Humid","24.85","0","70.00","286296.07","SABD0000000001","AAV1.0.0.11","1.1.2.0","PSt7-10","170328-006","1/4/2020 10:31:52","0000-00","0","no battery","V"
"11/02/2020","12:35:24","1","default","640513929","OXY_CH1","81.026","min","159.563","µmol/L","Humid","23.431","deg","43701","µV","26.513","°C","1018.000","hPa","35.3","pmil","0","55.520","deg","20.000","°C","100.000","%a.s.","21.750","deg","20.000","°C","977.000","hPa","0.861","-0.02617","0.00035","0","0","13.56","Humid","24.85","0","70.00","286297.25","SABD0000000001","AAV1.0.0.11","1.1.2.0","PSt7-10","170328-006","1/4/2020 10:31:52","0000-00","0","no battery","V"
"11/02/2020","12:35:25","1","default","640513929","OXY_CH1","81.042","min","159.472","µmol/L","Humid","23.439","deg","43705","µV","26.510","°C","1018.000","hPa","35.3","pmil","0","55.520","deg","20.000","°C","100.000","%a.s.","21.750","deg","20.000","°C","977.000","hPa","0.861","-0.02617","0.00035","0","0","13.56","Humid","24.85","0","70.00","286285.90","SABD0000000001","AAV1.0.0.11","1.1.2.0","PSt7-10","170328-006","1/4/2020 10:31:52","0000-00","0","no battery","V"
"11/02/2020","12:35:26","1","default","640513929","OXY_CH1","81.058","min","159.541","µmol/L","Humid","23.436","deg","43704","µV","26.504","°C","1018.000","hPa","35.3","pmil","0","55.520","deg","20.000","°C","100.000","%a.s.","21.750","deg","20.000","°C","977.000","hPa","0.861","-0.02617","0.00035","0","0","13.56","Humid","24.85","0","70.00","286297.41","SABD0000000001","AAV1.0.0.11","1.1.2.0","PSt7-10","170328-006","1/4/2020 10:31:52","0000-00","0","no battery","V"
"11/02/2020","12:35:27","1","default","640513929","OXY_CH1","81.075","min","159.496","µmol/L","Humid","23.437","deg","43702","µV","26.510","°C","1018.000","hPa","35.3","pmil","0","55.520","deg","20.000","°C","100.000","%a.s.","21.750","deg","20.000","°C","977.000","hPa","0.861","-0.02617","0.00035","0","0","13.56","Humid","24.85","0","70.00","286291.36","SABD0000000001","AAV1.0.0.11","1.1.2.0","PSt7-10","170328-006","1/4/2020 10:31:52","0000-00","0","no battery","V"
"11/02/2020","12:35:28","1","default","640513929","OXY_CH1","81.092","min","159.485","µmol/L","Humid","23.432","deg","43697","µV","26.527","°C","1018.000","hPa","35.3","pmil","0","55.520","deg","20.000","°C","100.000","%a.s.","21.750","deg","20.000","°C","977.000","hPa","0.861","-0.02617","0.00035","0","0","13.56","Humid","24.85","0","70.00","286287.02","SABD0000000001","AAV1.0.0.11","1.1.2.0","PSt7-10","170328-006","1/4/2020 10:31:52","0000-00","0","no battery","V"
"11/02/2020","12:35:29","1","default","640513929","OXY_CH1","81.109","min","159.565","µmol/L","Humid","23.429","deg","43699","µV","26.519","°C","1018.000","hPa","35.3","pmil","0","55.520","deg","20.000","°C","100.000","%a.s.","21.750","deg","20.000","°C","977.000","hPa","0.861","-0.02617","0.00035","0","0","13.56","Humid","24.85","0","70.00","286288.49","SABD0000000001","AAV1.0.0.11","1.1.2.0","PSt7-10","170328-006","1/4/2020 10:31:52","0000-00","0","no battery","V"
"11/02/2020","12:35:30","1","default","640513929","OXY_CH1","81.125","min","159.541","µmol/L","Humid","23.434","deg","43695","µV","26.509","°C","1018.000","hPa","35.3","pmil","0","55.520","deg","20.000","°C","100.000","%a.s.","21.750","deg","20.000","°C","977.000","hPa","0.861","-0.02617","0.00035","0","0","13.56","Humid","24.85","0","70.00","286294.16","SABD0000000001","AAV1.0.0.11","1.1.2.0","PSt7-10","170328-006","1/4/2020 10:31:52","0000-00","0","no battery","V"
"11/02/2020","12:35:31","1","default","640513929","OXY_CH1","81.142","min","159.713","µmol/L","Humid","23.425","deg","43694","µV","26.498","°C","1018.000","hPa","35.3","pmil","0","55.520","deg","20.000","°C","100.000","%a.s.","21.750","deg","20.000","°C","977.000","hPa","0.861","-0.02617","0.00035","0","0","13.56","Humid","24.85","0","70.00","286294.16","SABD0000000001","AAV1.0.0.11","1.1.2.0","PSt7-10","170328-006","1/4/2020 10:31:52","0000-00","0","no battery","V"
"11/02/2020","12:35:32","1","default","640513929","OXY_CH1","81.159","min","159.549","µmol/L","Humid","23.430","deg","43687","µV","26.519","°C","1018.000","hPa","35.3","pmil","0","55.520","deg","20.000","°C","100.000","%a.s.","21.750","deg","20.000","°C","977.000","hPa","0.861","-0.02617","0.00035","0","0","13.56","Humid","24.85","0","70.00","286292.62","SABD0000000001","AAV1.0.0.11","1.1.2.0","PSt7-10","170328-006","1/4/2020 10:31:52","0000-00","0","no battery","V"
"11/02/2020","12:35:33","1","default","640513929","OXY_CH1","81.176","min","159.667","µmol/L","Humid","23.420","deg","43686","µV","26.523","°C","1018.000","hPa","35.3","pmil","0","55.520","deg","20.000","°C","100.000","%a.s.","21.750","deg","20.000","°C","977.000","hPa","0.861","-0.02617","0.00035","0","0","13.56","Humid","24.85","0","70.00","286287.21","SABD0000000001","AAV1.0.0.11","1.1.2.0","PSt7-10","170328-006","1/4/2020 10:31:52","0000-00","0","no battery","V"
"11/02/2020","12:35:34","1","default","640513929","OXY_CH1","81.192","min","159.589","µmol/L","Humid","23.432","deg","43684","µV","26.505","°C","1018.000","hPa","35.3","pmil","0","55.520","deg","20.000","°C","100.000","%a.s.","21.750","deg","20.000","°C","977.000","hPa","0.861","-0.02617","0.00035","0","0","13.56","Humid","24.85","0","70.00","286297.17","SABD0000000001","AAV1.0.0.11","1.1.2.0","PSt7-10","170328-006","1/4/2020 10:31:52","0000-00","0","no battery","V"
"11/02/2020","12:35:35","1","default","640513929","OXY_CH1","81.209","min","159.584","µmol/L","Humid","23.432","deg","43681","µV","26.506","°C","1018.000","hPa","35.3","pmil","0","55.520","deg","20.000","°C","100.000","%a.s.","21.750","deg","20.000","°C","977.000","hPa","0.861","-0.02617","0.00035","0","0","13.56","Humid","24.85","0","70.00","286296.81","SABD0000000001","AAV1.0.0.11","1.1.2.0","PSt7-10","170328-006","1/4/2020 10:31:52","0000-00","0","no battery","V"
"11/02/2020","12:35:36","1","default","640513929","OXY_CH1","81.226","min","159.669","µmol/L","Humid","23.424","deg","43681","µV","26.511","°C","1018.000","hPa","35.3","pmil","0","55.520","deg","20.000","°C","100.000","%a.s.","21.750","deg","20.000","°C","977.000","hPa","0.861","-0.02617","0.00035","0","0","13.56","Humid","24.85","0","70.00","286296.94","SABD0000000001","AAV1.0.0.11","1.1.2.0","PSt7-10","170328-006","1/4/2020 10:31:52","0000-00","0","no battery","V"
"11/02/2020","12:35:37","1","default","640513929","OXY_CH1","81.242","min","159.560","µmol/L","Humid","23.431","deg","43677","µV","26.514","°C","1018.000","hPa","35.3","pmil","0","55.520","deg","20.000","°C","100.000","%a.s.","21.750","deg","20.000","°C","977.000","hPa","0.861","-0.02617","0.00035","0","0","13.56","Humid","24.85","0","70.00","286298.06","SABD0000000001","AAV1.0.0.11","1.1.2.0","PSt7-10","170328-006","1/4/2020 10:31:52","0000-00","0","no battery","V"
"11/02/2020","12:35:38","1","default","640513929","OXY_CH1","81.258","min","159.578","µmol/L","Humid","23.428","deg","43674","µV","26.519","°C","1018.000","hPa","35.3","pmil","0","55.520","deg","20.000","°C","100.000","%a.s.","21.750","deg","20.000","°C","977.000","hPa","0.861","-0.02617","0.00035","0","0","13.56","Humid","24.85","0","70.00","286284.75","SABD0000000001","AAV1.0.0.11","1.1.2.0","PSt7-10","170328-006","1/4/2020 10:31:52","0000-00","0","no battery","V"
"11/02/2020","12:35:39","1","default","640513929","OXY_CH1","81.275","min","159.568","µmol/L","Humid","23.429","deg","43672","µV","26.518","°C","1018.000","hPa","35.3","pmil","0","55.520","deg","20.000","°C","100.000","%a.s.","21.750","deg","20.000","°C","977.000","hPa","0.861","-0.02617","0.00035","0","0","13.56","Humid","24.85","0","70.00","286281.85","SABD0000000001","AAV1.0.0.11","1.1.2.0","PSt7-10","170328-006","1/4/2020 10:31:52","0000-00","0","no battery","V"
"11/02/2020","12:35:40","1","default","640513929","OXY_CH1","81.292","min","159.545","µmol/L","Humid","23.428","deg","43671","µV","26.526","°C","1018.000","hPa","35.3","pmil","0","55.520","deg","20.000","°C","100.000","%a.s.","21.750","deg","20.000","°C","977.000","hPa","0.861","-0.02617","0.00035","0","0","13.56","Humid","24.85","0","70.00","286281.81","SABD0000000001","AAV1.0.0.11","1.1.2.0","PSt7-10","170328-006","1/4/2020 10:31:52","0000-00","0","no battery","V"
"11/02/2020","12:35:41","1","default","640513929","OXY_CH1","81.309","min","159.686","µmol/L","Humid","23.424","deg","43662","µV","26.507","°C","1018.000","hPa","35.3","pmil","0","55.520","deg","20.000","°C","100.000","%a.s.","21.750","deg","20.000","°C","977.000","hPa","0.861","-0.02617","0.00035","0","0","13.56","Humid","24.85","0","70.00","286288.89","SABD0000000001","AAV1.0.0.11","1.1.2.0","PSt7-10","170328-006","1/4/2020 10:31:52","0000-00","0","no battery","V"
"11/02/2020","12:35:42","1","default","640513929","OXY_CH1","81.325","min","159.745","µmol/L","Humid","23.418","deg","43668","µV","26.512","°C","1018.000","hPa","35.3","pmil","0","55.520","deg","20.000","°C","100.000","%a.s.","21.750","deg","20.000","°C","977.000","hPa","0.861","-0.02617","0.00035","0","0","13.56","Humid","24.85","0","70.00","286286.74","SABD0000000001","AAV1.0.0.11","1.1.2.0","PSt7-10","170328-006","1/4/2020 10:31:52","0000-00","0","no battery","V"
"11/02/2020","12:35:43","1","default","640513929","OXY_CH1","81.342","min","159.710","µmol/L","Humid","23.422","deg","43668","µV","26.508","°C","1018.000","hPa","35.3","pmil","0","55.520","deg","20.000","°C","100.000","%a.s.","21.750","deg","20.000","°C","977.000","hPa","0.861","-0.02617","0.00035","0","0","13.56","Humid","24.85","0","70.00","286292.87","SABD0000000001","AAV1.0.0.11","1.1.2.0","PSt7-10","170328-006","1/4/2020 10:31:52","0000-00","0","no battery","V"
"11/02/2020","12:35:44","1","default","640513929","OXY_CH1","81.358","min","159.672","µmol/L","Humid","23.427","deg","43665","µV","26.502","°C","1018.000","hPa","35.3","pmil","0","55.520","deg","20.000","°C","100.000","%a.s.","21.750","deg","20.000","°C","977.000","hPa","0.861","-0.02617","0.00035","0","0","13.56","Humid","24.85","0","70.00","286293.33","SABD0000000001","AAV1.0.0.11","1.1.2.0","PSt7-10","170328-006","1/4/2020 10:31:52","0000-00","0","no battery","V"
"11/02/2020","12:35:45","1","default","640513929","OXY_CH1","81.375","min","159.634","µmol/L","Humid","23.428","deg","43664","µV","26.507","°C","1018.000","hPa","35.3","pmil","0","55.520","deg","20.000","°C","100.000","%a.s.","21.750","deg","20.000","°C","977.000","hPa","0.861","-0.02617","0.00035","0","0","13.56","Humid","24.85","0","70.00","286284.75","SABD0000000001","AAV1.0.0.11","1.1.2.0","PSt7-10","170328-006","1/4/2020 10:31:52","0000-00","0","no battery","V"
"11/02/2020","12:35:46","1","default","640513929","OXY_CH1","81.392","min","159.698","µmol/L","Humid","23.418","deg","43664","µV","26.522","°C","1018.000","hPa","35.3","pmil","0","55.520","deg","20.000","°C","100.000","%a.s.","21.750","deg","20.000","°C","977.000","hPa","0.861","-0.02617","0.00035","0","0","13.56","Humid","24.85","0","70.00","286290.83","SABD0000000001","AAV1.0.0.11","1.1.2.0","PSt7-10","170328-006","1/4/2020 10:31:52","0000-00","0","no battery","V"
"11/02/2020","12:35:47","1","default","640513929","OXY_CH1","81.409","min","159.591","µmol/L","Humid","23.424","deg","43663","µV","26.528","°C","1018.000","hPa","35.3","pmil","0","55.520","deg","20.000","°C","100.000","%a.s.","21.750","deg","20.000","°C","977.000","hPa","0.861","-0.02617","0.00035","0","0","13.56","Humid","24.85","0","70.00","286293.13","SABD0000000001","AAV1.0.0.11","1.1.2.0","PSt7-10","170328-006","1/4/2020 10:31:52","0000-00","0","no battery","V"
"11/02/2020","12:35:48","1","default","640513929","OXY_CH1","81.425","min","159.693","µmol/L","Humid","23.420","deg","43657","µV","26.517","°C","1018.000","hPa","35.3","pmil","0","55.520","deg","20.000","°C","100.000","%a.s.","21.750","deg","20.000","°C","977.000","hPa","0.861","-0.02617","0.00035","0","0","13.56","Humid","24.85","0","70.00","286280.83","SABD0000000001","AAV1.0.0.11","1.1.2.0","PSt7-10","170328-006","1/4/2020 10:31:52","0000-00","0","no battery","V"
"11/02/2020","12:35:49","1","default","640513929","OXY_CH1","81.442","min","159.713","µmol/L","Humid","23.415","deg","43664","µV","26.527","°C","1018.000","hPa","35.3","pmil","0","55.520","deg","20.000","°C","100.000","%a.s.","21.750","deg","20.000","°C","977.000","hPa","0.861","-0.02617","0.00035","0","0","13.56","Humid","24.85","0","70.00","286279.88","SABD0000000001","AAV1.0.0.11","1.1.2.0","PSt7-10","170328-006","1/4/2020 10:31:52","0000-00","0","no battery","V"
"11/02/2020","12:35:50","1","default","640513929","OXY_CH1","81.459","min","159.643","µmol/L","Humid","23.426","deg","43665","µV","26.511","°C","1018.000","hPa","35.3","pmil","0","55.520","deg","20.000","°C","100.000","%a.s.","21.750","deg","20.000","°C","977.000","hPa","0.861","-0.02617","0.00035","0","0","13.56","Humid","24.85","0","70.00","286294.68","SABD0000000001","AAV1.0.0.11","1.1.2.0","PSt7-10","170328-006","1/4/2020 10:31:52","0000-00","0","no battery","V"
"11/02/2020","12:35:51","1","default","640513929","OXY_CH1","81.476","min","159.660","µmol/L","Humid","23.421","deg","43656","µV","26.521","°C","1018.000","hPa","35.3","pmil","0","55.520","deg","20.000","°C","100.000","%a.s.","21.750","deg","20.000","°C","977.000","hPa","0.861","-0.02617","0.00035","0","0","13.56","Humid","24.85","0","70.00","286285.45","SABD0000000001","AAV1.0.0.11","1.1.2.0","PSt7-10","170328-006","1/4/2020 10:31:52","0000-00","0","no battery","V"
"11/02/2020","12:35:52","1","default","640513929","OXY_CH1","81.492","min","159.705","µmol/L","Humid","23.424","deg","43658","µV","26.503","°C","1018.000","hPa","35.3","pmil","0","55.520","deg","20.000","°C","100.000","%a.s.","21.750","deg","20.000","°C","977.000","hPa","0.861","-0.02617","0.00035","0","0","13.56","Humid","24.85","0","70.00","286287.15","SABD0000000001","AAV1.0.0.11","1.1.2.0","PSt7-10","170328-006","1/4/2020 10:31:52","0000-00","0","no battery","V"
"11/02/2020","12:35:53","1","default","640513929","OXY_CH1","81.509","min","159.829","µmol/L","Humid","23.414","deg","43652","µV","26.505","°C","1018.000","hPa","35.3","pmil","0","55.520","deg","20.000","°C","100.000","%a.s.","21.750","deg","20.000","°C","977.000","hPa","0.861","-0.02617","0.00035","0","0","13.56","Humid","24.85","0","70.00","286296.08","SABD0000000001","AAV1.0.0.11","1.1.2.0","PSt7-10","170328-006","1/4/2020 10:31:52","0000-00","0","no battery","V"
"11/02/2020","12:35:54","1","default","640513929","OXY_CH1","81.526","min","159.743","µmol/L","Humid","23.421","deg","43664","µV","26.503","°C","1018.000","hPa","35.3","pmil","0","55.520","deg","20.000","°C","100.000","%a.s.","21.750","deg","20.000","°C","977.000","hPa","0.861","-0.02617","0.00035","0","0","13.56","Humid","24.85","0","70.00","286282.34","SABD0000000001","AAV1.0.0.11","1.1.2.0","PSt7-10","170328-006","1/4/2020 10:31:52","0000-00","0","no battery","V"
"11/02/2020","12:35:55","1","default","640513929","OXY_CH1","81.542","min","159.716","µmol/L","Humid","23.421","deg","43647","µV","26.509","°C","1018.000","hPa","35.3","pmil","0","55.520","deg","20.000","°C","100.000","%a.s.","21.750","deg","20.000","°C","977.000","hPa","0.861","-0.02617","0.00035","0","0","13.56","Humid","24.85","0","70.00","286282.17","SABD0000000001","AAV1.0.0.11","1.1.2.0","PSt7-10","170328-006","1/4/2020 10:31:52","0000-00","0","no battery","V"
"11/02/2020","12:35:56","1","default","640513929","OXY_CH1","81.559","min","159.689","µmol/L","Humid","23.421","deg","43657","µV","26.515","°C","1018.000","hPa","35.3","pmil","0","55.520","deg","20.000","°C","100.000","%a.s.","21.750","deg","20.000","°C","977.000","hPa","0.861","-0.02617","0.00035","0","0","13.56","Humid","24.85","0","70.00","286286.23","SABD0000000001","AAV1.0.0.11","1.1.2.0","PSt7-10","170328-006","1/4/2020 10:31:52","0000-00","0","no battery","V"
"11/02/2020","12:35:57","1","default","640513929","OXY_CH1","81.575","min","159.737","µmol/L","Humid","23.415","deg","43647","µV","26.522","°C","1018.000","hPa","35.3","pmil","0","55.520","deg","20.000","°C","100.000","%a.s.","21.750","deg","20.000","°C","977.000","hPa","0.861","-0.02617","0.00035","0","0","13.56","Humid","24.85","0","70.00","286288.34","SABD0000000001","AAV1.0.0.11","1.1.2.0","PSt7-10","170328-006","1/4/2020 10:31:52","0000-00","0","no battery","V"
"11/02/2020","12:35:58","1","default","640513929","OXY_CH1","81.592","min","159.749","µmol/L","Humid","23.418","deg","43642","µV","26.511","°C","1018.000","hPa","35.3","pmil","0","55.520","deg","20.000","°C","100.000","%a.s.","21.750","deg","20.000","°C","977.000","hPa","0.861","-0.02617","0.00035","0","0","13.56","Humid","24.85","0","70.00","286295.74","SABD0000000001","AAV1.0.0.11","1.1.2.0","PSt7-10","170328-006","1/4/2020 10:31:52","0000-00","0","no battery","V"
"11/02/2020","12:35:59","1","default","640513929","OXY_CH1","81.608","min","159.791","µmol/L","Humid","23.415","deg","43645","µV","26.510","°C","1018.000","hPa","35.3","pmil","0","55.520","deg","20.000","°C","100.000","%a.s.","21.750","deg","20.000","°C","977.000","hPa","0.861","-0.02617","0.00035","0","0","13.56","Humid","24.85","0","70.00","286283.26","SABD0000000001","AAV1.0.0.11","1.1.2.0","PSt7-10","170328-006","1/4/2020 10:31:52","0000-00","0","no battery","V"
"11/02/2020","12:36:00","1","default","640513929","OXY_CH1","81.625","min","159.809","µmol/L","Humid","23.412","deg","43647","µV","26.515","°C","1018.000","hPa","35.3","pmil","0","55.520","deg","20.000","°C","100.000","%a.s.","21.750","deg","20.000","°C","977.000","hPa","0.861","-0.02617","0.00035","0","0","13.56","Humid","24.85","0","70.00","286296.31","SABD0000000001","AAV1.0.0.11","1.1.2.0","PSt7-10","170328-006","1/4/2020 10:31:52","0000-00","0","no battery","V"
"11/02/2020","12:36:01","1","default","640513929","OXY_CH1","81.642","min","159.786","µmol/L","Humid","23.418","deg","43654","µV","26.503","°C","1018.000","hPa","35.3","pmil","0","55.520","deg","20.000","°C","100.000","%a.s.","21.750","deg","20.000","°C","977.000","hPa","0.861","-0.02617","0.00035","0","0","13.56","Humid","24.85","0","70.00","286283.16","SABD0000000001","AAV1.0.0.11","1.1.2.0","PSt7-10","170328-006","1/4/2020 10:31:52","0000-00","0","no battery","V"
"11/02/2020","12:36:02","1","default","640513929","OXY_CH1","81.659","min","159.875","µmol/L","Humid","23.409","deg","43648","µV","26.510","°C","1018.000","hPa","35.3","pmil","0","55.520","deg","20.000","°C","100.000","%a.s.","21.750","deg","20.000","°C","977.000","hPa","0.861","-0.02617","0.00035","0","0","13.56","Humid","24.85","0","70.00","286283.50","SABD0000000001","AAV1.0.0.11","1.1.2.0","PSt7-10","170328-006","1/4/2020 10:31:52","0000-00","0","no battery","V"
"11/02/2020","12:36:03","1","default","640513929","OXY_CH1","81.675","min","159.774","µmol/L","Humid","23.419","deg","43656","µV","26.503","°C","1018.000","hPa","35.3","pmil","0","55.520","deg","20.000","°C","100.000","%a.s.","21.750","deg","20.000","°C","977.000","hPa","0.861","-0.02617","0.00035","0","0","13.56","Humid","24.85","0","70.00","286285.53","SABD0000000001","AAV1.0.0.11","1.1.2.0","PSt7-10","170328-006","1/4/2020 10:31:52","0000-00","0","no battery","V"
"11/02/2020","12:36:04","1","default","640513929","OXY_CH1","81.692","min","159.786","µmol/L","Humid","23.417","deg","43654","µV","26.506","°C","1018.000","hPa","35.3","pmil","0","55.520","deg","20.000","°C","100.000","%a.s.","21.750","deg","20.000","°C","977.000","hPa","0.861","-0.02617","0.00035","0","0","13.56","Humid","24.85","0","70.00","286287.47","SABD0000000001","AAV1.0.0.11","1.1.2.0","PSt7-10","170328-006","1/4/2020 10:31:52","0000-00","0","no battery","V"
"11/02/2020","12:36:05","1","default","640513929","OXY_CH1","81.709","min","159.806","µmol/L","Humid","23.417","deg","43656","µV","26.501","°C","1018.000","hPa","35.3","pmil","0","55.520","deg","20.000","°C","100.000","%a.s.","21.750","deg","20.000","°C","977.000","hPa","0.861","-0.02617","0.00035","0","0","13.56","Humid","24.85","0","70.00","286288.45","SABD0000000001","AAV1.0.0.11","1.1.2.0","PSt7-10","170328-006","1/4/2020 10:31:52","0000-00","0","no battery","V"
"11/02/2020","12:36:06","1","default","640513929","OXY_CH1","81.726","min","159.814","µmol/L","Humid","23.411","deg","43650","µV","26.517","°C","1018.000","hPa","35.3","pmil","0","55.520","deg","20.000","°C","100.000","%a.s.","21.750","deg","20.000","°C","977.000","hPa","0.861","-0.02617","0.00035","0","0","13.56","Humid","24.85","0","70.00","286283.14","SABD0000000001","AAV1.0.0.11","1.1.2.0","PSt7-10","170328-006","1/4/2020 10:31:52","0000-00","0","no battery","V"
"11/02/2020","12:36:07","1","default","640513929","OXY_CH1","81.742","min","159.846","µmol/L","Humid","23.409","deg","43658","µV","26.516","°C","1018.000","hPa","35.3","pmil","0","55.520","deg","20.000","°C","100.000","%a.s.","21.750","deg","20.000","°C","977.000","hPa","0.861","-0.02617","0.00035","0","0","13.56","Humid","24.85","0","70.00","286292.87","SABD0000000001","AAV1.0.0.11","1.1.2.0","PSt7-10","170328-006","1/4/2020 10:31:52","0000-00","0","no battery","V"
"11/02/2020","12:36:08","1","default","640513929","OXY_CH1","81.758","min","159.721","µmol/L","Humid","23.417","deg","43659","µV","26.520","°C","1018.000","hPa","35.3","pmil","0","55.520","deg","20.000","°C","100.000","%a.s.","21.750","deg","20.000","°C","977.000","hPa","0.861","-0.02617","0.00035","0","0","13.56","Humid","24.85","0","70.00","286287.06","SABD0000000001","AAV1.0.0.11","1.1.2.0","PSt7-10","170328-006","1/4/2020 10:31:52","0000-00","0","no battery","V"
"11/02/2020","12:36:09","1","default","640513929","OXY_CH1","81.775","min","159.772","µmol/L","Humid","23.412","deg","43657","µV","26.523","°C","1018.000","hPa","35.3","pmil","0","55.520","deg","20.000","°C","100.000","%a.s.","21.750","deg","20.000","°C","977.000","hPa","0.861","-0.02617","0.00035","0","0","13.56","Humid","24.85","0","70.00","286284.26","SABD0000000001","AAV1.0.0.11","1.1.2.0","PSt7-10","170328-006","1/4/2020 10:31:52","0000-00","0","no battery","V"
"11/02/2020","12:36:10","1","default","640513929","OXY_CH1","81.792","min","159.697","µmol/L","Humid","23.417","deg","43650","µV","26.525","°C","1018.000","hPa","35.3","pmil","0","55.520","deg","20.000","°C","100.000","%a.s.","21.750","deg","20.000","°C","977.000","hPa","0.861","-0.02617","0.00035","0","0","13.56","Humid","24.85","0","70.00","286291.97","SABD0000000001","AAV1.0.0.11","1.1.2.0","PSt7-10","170328-006","1/4/2020 10:31:52","0000-00","0","no battery","V"
"11/02/2020","12:36:11","1","default","640513929","OXY_CH1","81.809","min","159.999","µmol/L","Humid","23.398","deg","43658","µV","26.515","°C","1018.000","hPa","35.3","pmil","0","55.520","deg","20.000","°C","100.000","%a.s.","21.750","deg","20.000","°C","977.000","hPa","0.861","-0.02617","0.00035","0","0","13.56","Humid","24.85","0","70.00","286281.17","SABD0000000001","AAV1.0.0.11","1.1.2.0","PSt7-10","170328-006","1/4/2020 10:31:52","0000-00","0","no battery","V"
"11/02/2020","12:36:12","1","default","640513929","OXY_CH1","81.825","min","159.859","µmol/L","Humid","23.410","deg","43658","µV","26.510","°C","1018.000","hPa","35.3","pmil","0","55.520","deg","20.000","°C","100.000","%a.s.","21.750","deg","20.000","°C","977.000","hPa","0.861","-0.02617","0.00035","0","0","13.56","Humid","24.85","0","70.00","286287.10","SABD0000000001","AAV1.0.0.11","1.1.2.0","PSt7-10","170328-006","1/4/2020 10:31:52","0000-00","0","no battery","V"
"11/02/2020","12:36:13","1","default","640513929","OXY_CH1","81.842","min","160.054","µmol/L","Humid","23.398","deg","43660","µV","26.503","°C","1018.000","hPa","35.3","pmil","0","55.520","deg","20.000","°C","100.000","%a.s.","21.750","deg","20.000","°C","977.000","hPa","0.861","-0.02617","0.00035","0","0","13.56","Humid","24.85","0","70.00","286287.58","SABD0000000001","AAV1.0.0.11","1.1.2.0","PSt7-10","170328-006","1/4/2020 10:31:52","0000-00","0","no battery","V"
"11/02/2020","12:36:14","1","default","640513929","OXY_CH1","81.859","min","159.821","µmol/L","Humid","23.414","deg","43651","µV","26.507","°C","1018.000","hPa","35.3","pmil","0","55.520","deg","20.000","°C","100.000","%a.s.","21.750","deg","20.000","°C","977.000","hPa","0.861","-0.02617","0.00035","0","0","13.56","Humid","24.85","0","70.00","286273.94","SABD0000000001","AAV1.0.0.11","1.1.2.0","PSt7-10","170328-006","1/4/2020 10:31:52","0000-00","0","no battery","V"
"11/02/2020","12:36:15","1","default","640513929","OXY_CH1","81.876","min","159.858","µmol/L","Humid","23.409","deg","43653","µV","26.513","°C","1018.000","hPa","35.3","pmil","0","55.520","deg","20.000","°C","100.000","%a.s.","21.750","deg","20.000","°C","977.000","hPa","0.861","-0.02617","0.00035","0","0","13.56","Humid","24.85","0","70.00","286272.26","SABD0000000001","AAV1.0.0.11","1.1.2.0","PSt7-10","170328-006","1/4/2020 10:31:52","0000-00","0","no battery","V"
"11/02/2020","12:36:16","1","default","640513929","OXY_CH1","81.892","min","159.806","µmol/L","Humid","23.412","deg","43662","µV","26.516","°C","1018.000","hPa","35.3","pmil","0","55.520","deg","20.000","°C","100.000","%a.s.","21.750","deg","20.000","°C","977.000","hPa","0.861","-0.02617","0.00035","0","0","13.56","Humid","24.85","0","70.00","286273.66","SABD0000000001","AAV1.0.0.11","1.1.2.0","PSt7-10","170328-006","1/4/2020 10:31:52","0000-00","0","no battery","V"
"11/02/2020","12:36:17","1","default","640513929","OXY_CH1","81.909","min","159.821","µmol/L","Humid","23.414","deg","43662","µV","26.507","°C","1018.000","hPa","35.3","pmil","0","55.520","deg","20.000","°C","100.000","%a.s.","21.750","deg","20.000","°C","977.000","hPa","0.861","-0.02617","0.00035","0","0","13.56","Humid","24.85","0","70.00","286275.67","SABD0000000001","AAV1.0.0.11","1.1.2.0","PSt7-10","170328-006","1/4/2020 10:31:52","0000-00","0","no battery","V"
"11/02/2020","12:36:18","1","default","640513929","OXY_CH1","81.925","min","159.933","µmol/L","Humid","23.406","deg","43659","µV","26.506","°C","1018.000","hPa","35.3","pmil","0","55.520","deg","20.000","°C","100.000","%a.s.","21.750","deg","20.000","°C","977.000","hPa","0.861","-0.02617","0.00035","0","0","13.56","Humid","24.85","0","70.00","286285.93","SABD0000000001","AAV1.0.0.11","1.1.2.0","PSt7-10","170328-006","1/4/2020 10:31:52","0000-00","0","no battery","V"
"11/02/2020","12:36:19","1","default","640513929","OXY_CH1","81.942","min","159.917","µmol/L","Humid","23.406","deg","43659","µV","26.509","°C","1018.000","hPa","35.3","pmil","0","55.520","deg","20.000","°C","100.000","%a.s.","21.750","deg","20.000","°C","977.000","hPa","0.861","-0.02617","0.00035","0","0","13.56","Humid","24.85","0","70.00","286289.44","SABD0000000001","AAV1.0.0.11","1.1.2.0","PSt7-10","170328-006","1/4/2020 10:31:52","0000-00","0","no battery","V"
"11/02/2020","12:36:20","1","default","640513929","OXY_CH1","81.959","min","159.946","µmol/L","Humid","23.405","deg","43661","µV","26.506","°C","1018.000","hPa","35.3","pmil","0","55.520","deg","20.000","°C","100.000","%a.s.","21.750","deg","20.000","°C","977.000","hPa","0.861","-0.02617","0.00035","0","0","13.56","Humid","24.85","0","70.00","286284.79","SABD0000000001","AAV1.0.0.11","1.1.2.0","PSt7-10","170328-006","1/4/2020 10:31:52","0000-00","0","no battery","V"
"11/02/2020","12:36:21","1","default","640513929","OXY_CH1","81.975","min","159.919","µmol/L","Humid","23.403","deg","43657","µV","26.518","°C","1018.000","hPa","35.3","pmil","0","55.520","deg","20.000","°C","100.000","%a.s.","21.750","deg","20.000","°C","977.000","hPa","0.861","-0.02617","0.00035","0","0","13.56","Humid","24.85","0","70.00","286276.82","SABD0000000001","AAV1.0.0.11","1.1.2.0","PSt7-10","170328-006","1/4/2020 10:31:52","0000-00","0","no battery","V"
"11/02/2020","12:36:22","1","default","640513929","OXY_CH1","81.992","min","159.905","µmol/L","Humid","23.408","deg","43661","µV","26.506","°C","1018.000","hPa","35.3","pmil","0","55.520","deg","20.000","°C","100.000","%a.s.","21.750","deg","20.000","°C","977.000","hPa","0.861","-0.02617","0.00035","0","0","13.56","Humid","24.85","0","70.00","286281.05","SABD0000000001","AAV1.0.0.11","1.1.2.0","PSt7-10","170328-006","1/4/2020 10:31:52","0000-00","0","no battery","V"
"11/02/2020","12:36:23","1","default","640513929","OXY_CH1","82.009","min","160.010","µmol/L","Humid","23.403","deg","43655","µV","26.498","°C","1018.000","hPa","35.3","pmil","0","55.520","deg","20.000","°C","100.000","%a.s.","21.750","deg","20.000","°C","977.000","hPa","0.861","-0.02617","0.00035","0","0","13.56","Humid","24.85","0","70.00","286287.70","SABD0000000001","AAV1.0.0.11","1.1.2.0","PSt7-10","170328-006","1/4/2020 10:31:52","0000-00","0","no battery","V"
"11/02/2020","12:36:24","1","default","640513929","OXY_CH1","82.025","min","159.850","µmol/L","Humid","23.409","deg","43659","µV","26.515","°C","1018.000","hPa","35.3","pmil","0","55.520","deg","20.000","°C","100.000","%a.s.","21.750","deg","20.000","°C","977.000","hPa","0.861","-0.02617","0.00035","0","0","13.56","Humid","24.85","0","70.00","286279.52","SABD0000000001","AAV1.0.0.11","1.1.2.0","PSt7-10","170328-006","1/4/2020 10:31:52","0000-00","0","no battery","V"
"11/02/2020","12:36:25","1","default","640513929","OXY_CH1","82.042","min","159.843","µmol/L","Humid","23.407","deg","43654","µV","26.522","°C","1018.000","hPa","35.3","pmil","0","55.520","deg","20.000","°C","100.000","%a.s.","21.750","deg","20.000","°C","977.000","hPa","0.861","-0.02617","0.00035","0","0","13.56","Humid","24.85","0","70.00","286281.43","SABD0000000001","AAV1.0.0.11","1.1.2.0","PSt7-10","170328-006","1/4/2020 10:31:52","0000-00","0","no battery","V"
"11/02/2020","12:36:26","1","default","640513929","OXY_CH1","82.059","min","159.731","µmol/L","Humid","23.414","deg","43653","µV","26.526","°C","1018.000","hPa","35.3","pmil","0","55.520","deg","20.000","°C","100.000","%a.s.","21.750","deg","20.000","°C","977.000","hPa","0.861","-0.02617","0.00035","0","0","13.56","Humid","24.85","0","70.00","286274.30","SABD0000000001","AAV1.0.0.11","1.1.2.0","PSt7-10","170328-006","1/4/2020 10:31:52","0000-00","0","no battery","V"
"11/02/2020","12:36:27","1","default","640513929","OXY_CH1","82.075","min","160.004","µmol/L","Humid","23.399","deg","43652","µV","26.511","°C","1018.000","hPa","35.3","pmil","0","55.520","deg","20.000","°C","100.000","%a.s.","21.750","deg","20.000","°C","977.000","hPa","0.861","-0.02617","0.00035","0","0","13.56","Humid","24.85","0","70.00","286275.36","SABD0000000001","AAV1.0.0.11","1.1.2.0","PSt7-10","170328-006","1/4/2020 10:31:52","0000-00","0","no battery","V"
"11/02/2020","12:36:28","1","default","640513929","OXY_CH1","82.092","min","159.915","µmol/L","Humid","23.401","deg","43647","µV","26.524","°C","1018.000","hPa","35.3","pmil","0","55.520","deg","20.000","°C","100.000","%a.s.","21.750","deg","20.000","°C","977.000","hPa","0.861","-0.02617","0.00035","0","0","13.56","Humid","24.85","0","70.00","286282.80","SABD0000000001","AAV1.0.0.11","1.1.2.0","PSt7-10","170328-006","1/4/2020 10:31:52","0000-00","0","no battery","V"
"11/02/2020","12:36:29","1","default","640513929","OXY_CH1","82.108","min","159.885","µmol/L","Humid","23.409","deg","43651","µV","26.508","°C","1018.000","hPa","35.3","pmil","0","55.520","deg","20.000","°C","100.000","%a.s.","21.750","deg","20.000","°C","977.000","hPa","0.861","-0.02617","0.00035","0","0","13.56","Humid","24.85","0","70.00","286271.89","SABD0000000001","AAV1.0.0.11","1.1.2.0","PSt7-10","170328-006","1/4/2020 10:31:52","0000-00","0","no battery","V"
"11/02/2020","12:36:30","1","default","640513929","OXY_CH1","82.125","min","160.035","µmol/L","Humid","23.400","deg","43643","µV","26.501","°C","1018.000","hPa","35.3","pmil","0","55.520","deg","20.000","°C","100.000","%a.s.","21.750","deg","20.000","°C","977.000","hPa","0.861","-0.02617","0.00035","0","0","13.56","Humid","24.85","0","70.00","286272.65","SABD0000000001","AAV1.0.0.11","1.1.2.0","PSt7-10","170328-006","1/4/2020 10:31:52","0000-00","0","no battery","V"
"11/02/2020","12:36:31","1","default","640513929","OXY_CH1","82.142","min","159.973","µmol/L","Humid","23.401","deg","43660","µV","26.512","°C","1018.000","hPa","35.3","pmil","0","55.520","deg","20.000","°C","100.000","%a.s.","21.750","deg","20.000","°C","977.000","hPa","0.861","-0.02617","0.00035","0","0","13.56","Humid","24.85","0","70.00","286294.92","SABD0000000001","AAV1.0.0.11","1.1.2.0","PSt7-10","170328-006","1/4/2020 10:31:52","0000-00","0","no battery","V"
"11/02/2020","12:36:32","1","default","640513929","OXY_CH1","82.159","min","159.961","µmol/L","Humid","23.403","deg","43652","µV","26.509","°C","1018.000","hPa","35.3","pmil","0","55.520","deg","20.000","°C","100.000","%a.s.","21.750","deg","20.000","°C","977.000","hPa","0.861","-0.02617","0.00035","0","0","13.56","Humid","24.85","0","70.00","286288.17","SABD0000000001","AAV1.0.0.11","1.1.2.0","PSt7-10","170328-006","1/4/2020 10:31:52","0000-00","0","no battery","V"
"11/02/2020","12:36:33","1","default","640513929","OXY_CH1","82.176","min","159.980","µmol/L","Humid","23.401","deg","43653","µV","26.510","°C","1018.000","hPa","35.3","pmil","0","55.520","deg","20.000","°C","100.000","%a.s.","21.750","deg","20.000","°C","977.000","hPa","0.861","-0.02617","0.00035","0","0","13.56","Humid","24.85","0","70.00","286285.63","SABD0000000001","AAV1.0.0.11","1.1.2.0","PSt7-10","170328-006","1/4/2020 10:31:52","0000-00","0","no battery","V"
"11/02/2020","12:36:34","1","default","640513929","OXY_CH1","82.192","min","160.064","µmol/L","Humid","23.393","deg","43653","µV","26.515","°C","1018.000","hPa","35.3","pmil","0","55.520","deg","20.000","°C","100.000","%a.s.","21.750","deg","20.000","°C","977.000","hPa","0.861","-0.02617","0.00035","0","0","13.56","Humid","24.85","0","70.00","286284.43","SABD0000000001","AAV1.0.0.11","1.1.2.0","PSt7-10","170328-006","1/4/2020 10:31:52","0000-00","0","no battery","V"
"11/02/2020","12:36:35","1","default","640513929","OXY_CH1","82.209","min","160.015","µmol/L","Humid","23.397","deg","43648","µV","26.514","°C","1018.000","hPa","35.3","pmil","0","55.520","deg","20.000","°C","100.000","%a.s.","21.750","deg","20.000","°C","977.000","hPa","0.861","-0.02617","0.00035","0","0","13.56","Humid","24.85","0","70.00","286284.66","SABD0000000001","AAV1.0.0.11","1.1.2.0","PSt7-10","170328-006","1/4/2020 10:31:52","0000-00","0","no battery","V"
"11/02/2020","12:36:36","1","default","640513929","OXY_CH1","82.226","min","160.044","µmol/L","Humid","23.395","deg","43656","µV","26.514","°C","1018.000","hPa","35.3","pmil","0","55.520","deg","20.000","°C","100.000","%a.s.","21.750","deg","20.000","°C","977.000","hPa","0.861","-0.02617","0.00035","0","0","13.56","Humid","24.85","0","70.00","286280.90","SABD0000000001","AAV1.0.0.11","1.1.2.0","PSt7-10","170328-006","1/4/2020 10:31:52","0000-00","0","no battery","V"
"11/02/2020","12:36:37","1","default","640513929","OXY_CH1","82.242","min","160.106","µmol/L","Humid","23.395","deg","43650","µV","26.501","°C","1018.000","hPa","35.3","pmil","0","55.520","deg","20.000","°C","100.000","%a.s.","21.750","deg","20.000","°C","977.000","hPa","0.861","-0.02617","0.00035","0","0","13.56","Humid","24.85","0","70.00","286288.63","SABD0000000001","AAV1.0.0.11","1.1.2.0","PSt7-10","170328-006","1/4/2020 10:31:52","0000-00","0","no battery","V"
"11/02/2020","12:36:38","1","default","640513929","OXY_CH1","82.258","min","160.120","µmol/L","Humid","23.393","deg","43639","µV","26.503","°C","1018.000","hPa","35.3","pmil","0","55.520","deg","20.000","°C","100.000","%a.s.","21.750","deg","20.000","°C","977.000","hPa","0.861","-0.02617","0.00035","0","0","13.56","Humid","24.85","0","70.00","286290.94","SABD0000000001","AAV1.0.0.11","1.1.2.0","PSt7-10","170328-006","1/4/2020 10:31:52","0000-00","0","no battery","V"
"11/02/2020","12:36:39","1","default","640513929","OXY_CH1","82.275","min","160.120","µmol/L","Humid","23.393","deg","43640","µV","26.503","°C","1018.000","hPa","35.3","pmil","0","55.520","deg","20.000","°C","100.000","%a.s.","21.750","deg","20.000","°C","977.000","hPa","0.861","-0.02617","0.00035","0","0","13.56","Humid","24.85","0","70.00","286292.61","SABD0000000001","AAV1.0.0.11","1.1.2.0","PSt7-10","170328-006","1/4/2020 10:31:52","0000-00","0","no battery","V"
"11/02/2020","12:36:40","1","default","640513929","OXY_CH1","82.292","min","160.084","µmol/L","Humid","23.395","deg","43641","µV","26.505","°C","1018.000","hPa","35.3","pmil","0","55.520","deg","20.000","°C","100.000","%a.s.","21.750","deg","20.000","°C","977.000","hPa","0.861","-0.02617","0.00035","0","0","13.56","Humid","24.85","0","70.00","286280.63","SABD0000000001","AAV1.0.0.11","1.1.2.0","PSt7-10","170328-006","1/4/2020 10:31:52","0000-00","0","no battery","V"
"11/02/2020","12:36:41","1","default","640513929","OXY_CH1","82.309","min","160.090","µmol/L","Humid","23.398","deg","43639","µV","26.495","°C","1018.000","hPa","35.3","pmil","0","55.520","deg","20.000","°C","100.000","%a.s.","21.750","deg","20.000","°C","977.000","hPa","0.861","-0.02617","0.00035","0","0","13.56","Humid","24.85","0","70.00","286283.20","SABD0000000001","AAV1.0.0.11","1.1.2.0","PSt7-10","170328-006","1/4/2020 10:31:52","0000-00","0","no battery","V"
"11/02/2020","12:36:42","1","default","640513929","OXY_CH1","82.325","min","160.051","µmol/L","Humid","23.397","deg","43631","µV","26.507","°C","1018.000","hPa","35.3","pmil","0","55.520","deg","20.000","°C","100.000","%a.s.","21.750","deg","20.000","°C","977.000","hPa","0.861","-0.02617","0.00035","0","0","13.56","Humid","24.85","0","70.00","286291.70","SABD0000000001","AAV1.0.0.11","1.1.2.0","PSt7-10","170328-006","1/4/2020 10:31:52","0000-00","0","no battery","V"
"11/02/2020","12:36:43","1","default","640513929","OXY_CH1","82.342","min","160.127","µmol/L","Humid","23.394","deg","43633","µV","26.499","°C","1018.000","hPa","35.3","pmil","0","55.520","deg","20.000","°C","100.000","%a.s.","21.750","deg","20.000","°C","977.000","hPa","0.861","-0.02617","0.00035","0","0","13.56","Humid","24.85","0","70.00","286290.46","SABD0000000001","AAV1.0.0.11","1.1.2.0","PSt7-10","170328-006","1/4/2020 10:31:52","0000-00","0","no battery","V"
"11/02/2020","12:36:44","1","default","640513929","OXY_CH1","82.359","min","160.069","µmol/L","Humid","23.390","deg","43635","µV","26.523","°C","1018.000","hPa","35.3","pmil","0","55.520","deg","20.000","°C","100.000","%a.s.","21.750","deg","20.000","°C","977.000","hPa","0.861","-0.02617","0.00035","0","0","13.56","Humid","24.85","0","70.00","286285.64","SABD0000000001","AAV1.0.0.11","1.1.2.0","PSt7-10","170328-006","1/4/2020 10:31:52","0000-00","0","no battery","V"
"11/02/2020","12:36:45","1","default","640513929","OXY_CH1","82.376","min","160.107","µmol/L","Humid","23.387","deg","43635","µV","26.523","°C","1018.000","hPa","35.3","pmil","0","55.520","deg","20.000","°C","100.000","%a.s.","21.750","deg","20.000","°C","977.000","hPa","0.861","-0.02617","0.00035","0","0","13.56","Humid","24.85","0","70.00","286287.93","SABD0000000001","AAV1.0.0.11","1.1.2.0","PSt7-10","170328-006","1/4/2020 10:31:52","0000-00","0","no battery","V"
"11/02/2020","12:36:46","1","default","640513929","OXY_CH1","82.392","min","160.203","µmol/L","Humid","23.382","deg","43629","µV","26.517","°C","1018.000","hPa","35.3","pmil","0","55.520","deg","20.000","°C","100.000","%a.s.","21.750","deg","20.000","°C","977.000","hPa","0.861","-0.02617","0.00035","0","0","13.56","Humid","24.85","0","70.00","286277.07","SABD0000000001","AAV1.0.0.11","1.1.2.0","PSt7-10","170328-006","1/4/2020 10:31:52","0000-00","0","no battery","V"
"11/02/2020","12:36:47","1","default","640513929","OXY_CH1","82.408","min","160.243","µmol/L","Humid","23.379","deg","43631","µV","26.517","°C","1018.000","hPa","35.3","pmil","0","55.520","deg","20.000","°C","100.000","%a.s.","21.750","deg","20.000","°C","977.000","hPa","0.861","-0.02617","0.00035","0","0","13.56","Humid","24.85","0","70.00","286281.82","SABD0000000001","AAV1.0.0.11","1.1.2.0","PSt7-10","170328-006","1/4/2020 10:31:52","0000-00","0","no battery","V"
"11/02/2020","12:36:48","1","default","640513929","OXY_CH1","82.425","min","160.195","µmol/L","Humid","23.386","deg","43627","µV","26.508","°C","1018.000","hPa","35.3","pmil","0","55.520","deg","20.000","°C","100.000","%a.s.","21.750","deg","20.000","°C","977.000","hPa","0.861","-0.02617","0.00035","0","0","13.56","Humid","24.85","0","70.00","286283.33","SABD0000000001","AAV1.0.0.11","1.1.2.0","PSt7-10","170328-006","1/4/2020 10:31:52","0000-00","0","no battery","V"
"11/02/2020","12:36:49","1","default","640513929","OXY_CH1","82.442","min","160.168","µmol/L","Humid","23.387","deg","43624","µV","26.510","°C","1018.000","hPa","35.3","pmil","0","55.520","deg","20.000","°C","100.000","%a.s.","21.750","deg","20.000","°C","977.000","hPa","0.861","-0.02617","0.00035","0","0","13.56","Humid","24.85","0","70.00","286269.65","SABD0000000001","AAV1.0.0.11","1.1.2.0","PSt7-10","170328-006","1/4/2020 10:31:52","0000-00","0","no battery","V"
"11/02/2020","12:36:50","1","default","640513929","OXY_CH1","82.459","min","160.153","µmol/L","Humid","23.389","deg","43622","µV","26.508","°C","1018.000","hPa","35.3","pmil","0","55.520","deg","20.000","°C","100.000","%a.s.","21.750","deg","20.000","°C","977.000","hPa","0.861","-0.02617","0.00035","0","0","13.56","Humid","24.85","0","70.00","286280.61","SABD0000000001","AAV1.0.0.11","1.1.2.0","PSt7-10","170328-006","1/4/2020 10:31:52","0000-00","0","no battery","V"
"11/02/2020","12:36:51","1","default","640513929","OXY_CH1","82.475","min","160.202","µmol/L","Humid","23.388","deg","43628","µV","26.500","°C","1018.000","hPa","35.3","pmil","0","55.520","deg","20.000","°C","100.000","%a.s.","21.750","deg","20.000","°C","977.000","hPa","0.861","-0.02617","0.00035","0","0","13.56","Humid","24.85","0","70.00","286275.61","SABD0000000001","AAV1.0.0.11","1.1.2.0","PSt7-10","170328-006","1/4/2020 10:31:52","0000-00","0","no battery","V"
"11/02/2020","12:36:52","1","default","640513929","OXY_CH1","82.492","min","160.253","µmol/L","Humid","23.380","deg","43627","µV","26.512","°C","1018.000","hPa","35.3","pmil","0","55.520","deg","20.000","°C","100.000","%a.s.","21.750","deg","20.000","°C","977.000","hPa","0.861","-0.02617","0.00035","0","0","13.56","Humid","24.85","0","70.00","286286.80","SABD0000000001","AAV1.0.0.11","1.1.2.0","PSt7-10","170328-006","1/4/2020 10:31:52","0000-00","0","no battery","V"
"11/02/2020","12:36:53","1","default","640513929","OXY_CH1","82.509","min","160.067","µmol/L","Humid","23.387","deg","43629","µV","26.532","°C","1018.000","hPa","35.3","pmil","0","55.520","deg","20.000","°C","100.000","%a.s.","21.750","deg","20.000","°C","977.000","hPa","0.861","-0.02617","0.00035","0","0","13.56","Humid","24.85","0","70.00","286286.91","SABD0000000001","AAV1.0.0.11","1.1.2.0","PSt7-10","170328-006","1/4/2020 10:31:52","0000-00","0","no battery","V"
"11/02/2020","12:36:54","1","default","640513929","OXY_CH1","82.526","min","160.150","µmol/L","Humid","23.382","deg","43626","µV","26.529","°C","1018.000","hPa","35.3","pmil","0","55.520","deg","20.000","°C","100.000","%a.s.","21.750","deg","20.000","°C","977.000","hPa","0.861","-0.02617","0.00035","0","0","13.56","Humid","24.85","0","70.00","286283.59","SABD0000000001","AAV1.0.0.11","1.1.2.0","PSt7-10","170328-006","1/4/2020 10:31:52","0000-00","0","no battery","V"
"11/02/2020","12:36:55","1","default","640513929","OXY_CH1","82.542","min","160.091","µmol/L","Humid","23.388","deg","43624","µV","26.524","°C","1018.000","hPa","35.3","pmil","0","55.520","deg","20.000","°C","100.000","%a.s.","21.750","deg","20.000","°C","977.000","hPa","0.861","-0.02617","0.00035","0","0","13.56","Humid","24.85","0","70.00","286268.40","SABD0000000001","AAV1.0.0.11","1.1.2.0","PSt7-10","170328-006","1/4/2020 10:31:52","0000-00","0","no battery","V"
"11/02/2020","12:36:56","1","default","640513929","OXY_CH1","82.559","min","160.197","µmol/L","Humid","23.385","deg","43617","µV","26.510","°C","1018.000","hPa","35.3","pmil","0","55.520","deg","20.000","°C","100.000","%a.s.","21.750","deg","20.000","°C","977.000","hPa","0.861","-0.02617","0.00035","0","0","13.56","Humid","24.85","0","70.00","286290.02","SABD0000000001","AAV1.0.0.11","1.1.2.0","PSt7-10","170328-006","1/4/2020 10:31:52","0000-00","0","no battery","V"
"11/02/2020","12:36:57","1","default","640513929","OXY_CH1","82.575","min","160.319","µmol/L","Humid","23.378","deg","43617","µV","26.504","°C","1018.000","hPa","35.3","pmil","0","55.520","deg","20.000","°C","100.000","%a.s.","21.750","deg","20.000","°C","977.000","hPa","0.861","-0.02617","0.00035","0","0","13.56","Humid","24.85","0","70.00","286280.60","SABD0000000001","AAV1.0.0.11","1.1.2.0","PSt7-10","170328-006","1/4/2020 10:31:52","0000-00","0","no battery","V"
"11/02/2020","12:36:58","1","default","640513929","OXY_CH1","82.592","min","160.126","µmol/L","Humid","23.388","deg","43612","µV","26.517","°C","1018.000","hPa","35.3","pmil","0","55.520","deg","20.000","°C","100.000","%a.s.","21.750","deg","20.000","°C","977.000","hPa","0.861","-0.02617","0.00035","0","0","13.56","Humid","24.85","0","70.00","286289.02","SABD0000000001","AAV1.0.0.11","1.1.2.0","PSt7-10","170328-006","1/4/2020 10:31:52","0000-00","0","no battery","V"
"11/02/2020","12:36:59","1","default","640513929","OXY_CH1","82.608","min","160.250","µmol/L","Humid","23.381","deg","43617","µV","26.510","°C","1018.000","hPa","35.3","pmil","0","55.520","deg","20.000","°C","100.000","%a.s.","21.750","deg","20.000","°C","977.000","hPa","0.861","-0.02617","0.00035","0","0","13.56","Humid","24.85","0","70.00","286295.75","SABD0000000001","AAV1.0.0.11","1.1.2.0","PSt7-10","170328-006","1/4/2020 10:31:52","0000-00","0","no battery","V"
"11/02/2020","12:37:00","1","default","640513929","OXY_CH1","82.625","min","160.210","µmol/L","Humid","23.386","deg","43611","µV","26.504","°C","1018.000","hPa","35.3","pmil","0","55.520","deg","20.000","°C","100.000","%a.s.","21.750","deg","20.000","°C","977.000","hPa","0.861","-0.02617","0.00035","0","0","13.56","Humid","24.85","0","70.00","286297.22","SABD0000000001","AAV1.0.0.11","1.1.2.0","PSt7-10","170328-006","1/4/2020 10:31:52","0000-00","0","no battery","V"
"11/02/2020","12:37:01","1","default","640513929","OXY_CH1","82.642","min","160.190","µmol/L","Humid","23.388","deg","43610","µV","26.503","°C","1018.000","hPa","35.3","pmil","0","55.520","deg","20.000","°C","100.000","%a.s.","21.750","deg","20.000","°C","977.000","hPa","0.861","-0.02617","0.00035","0","0","13.56","Humid","24.85","0","70.00","286281.61","SABD0000000001","AAV1.0.0.11","1.1.2.0","PSt7-10","170328-006","1/4/2020 10:31:52","0000-00","0","no battery","V"
"11/02/2020","12:37:02","1","default","640513929","OXY_CH1","82.659","min","160.265","µmol/L","Humid","23.384","deg","43605","µV","26.498","°C","1018.000","hPa","35.3","pmil","0","55.520","deg","20.000","°C","100.000","%a.s.","21.750","deg","20.000","°C","977.000","hPa","0.861","-0.02617","0.00035","0","0","13.56","Humid","24.85","0","70.00","286277.25","SABD0000000001","AAV1.0.0.11","1.1.2.0","PSt7-10","170328-006","1/4/2020 10:31:52","0000-00","0","no battery","V"
"11/02/2020","12:37:03","1","default","640513929","OXY_CH1","82.675","min","160.210","µmol/L","Humid","23.379","deg","43603","µV","26.524","°C","1018.000","hPa","35.3","pmil","0","55.520","deg","20.000","°C","100.000","%a.s.","21.750","deg","20.000","°C","977.000","hPa","0.861","-0.02617","0.00035","0","0","13.56","Humid","24.85","0","70.00","286287.95","SABD0000000001","AAV1.0.0.11","1.1.2.0","PSt7-10","170328-006","1/4/2020 10:31:52","0000-00","0","no battery","V"
"11/02/2020","12:37:04","1","default","640513929","OXY_CH1","82.692","min","160.256","µmol/L","Humid","23.380","deg","43595","µV","26.512","°C","1018.000","hPa","35.3","pmil","0","55.520","deg","20.000","°C","100.000","%a.s.","21.750","deg","20.000","°C","977.000","hPa","0.861","-0.02617","0.00035","0","0","13.56","Humid","24.85","0","70.00","286293.22","SABD0000000001","AAV1.0.0.11","1.1.2.0","PSt7-10","170328-006","1/4/2020 10:31:52","0000-00","0","no battery","V"
"11/02/2020","12:37:05","1","default","640513929","OXY_CH1","82.709","min","160.265","µmol/L","Humid","23.377","deg","43596","µV","26.518","°C","1018.000","hPa","35.3","pmil","0","55.520","deg","20.000","°C","100.000","%a.s.","21.750","deg","20.000","°C","977.000","hPa","0.861","-0.02617","0.00035","0","0","13.56","Humid","24.85","0","70.00","286284.17","SABD0000000001","AAV1.0.0.11","1.1.2.0","PSt7-10","170328-006","1/4/2020 10:31:52","0000-00","0","no battery","V"
"11/02/2020","12:37:06","1","default","640513929","OXY_CH1","82.725","min","160.213","µmol/L","Humid","23.381","deg","43596","µV","26.518","°C","1018.000","hPa","35.3","pmil","0","55.520","deg","20.000","°C","100.000","%a.s.","21.750","deg","20.000","°C","977.000","hPa","0.861","-0.02617","0.00035","0","0","13.56","Humid","24.85","0","70.00","286273.32","SABD0000000001","AAV1.0.0.11","1.1.2.0","PSt7-10","170328-006","1/4/2020 10:31:52","0000-00","0","no battery","V"
"11/02/2020","12:37:07","1","default","640513929","OXY_CH1","82.742","min","160.263","µmol/L","Humid","23.382","deg","43593","µV","26.504","°C","1018.000","hPa","35.3","pmil","0","55.520","deg","20.000","°C","100.000","%a.s.","21.750","deg","20.000","°C","977.000","hPa","0.861","-0.02617","0.00035","0","0","13.56","Humid","24.85","0","70.00","286273.75","SABD0000000001","AAV1.0.0.11","1.1.2.0","PSt7-10","170328-006","1/4/2020 10:31:52","0000-00","0","no battery","V"
"11/02/2020","12:37:08","1","default","640513929","OXY_CH1","82.759","min","160.306","µmol/L","Humid","23.377","deg","43599","µV","26.510","°C","1018.000","hPa","35.3","pmil","0","55.520","deg","20.000","°C","100.000","%a.s.","21.750","deg","20.000","°C","977.000","hPa","0.861","-0.02617","0.00035","0","0","13.56","Humid","24.85","0","70.00","286291.79","SABD0000000001","AAV1.0.0.11","1.1.2.0","PSt7-10","170328-006","1/4/2020 10:31:52","0000-00","0","no battery","V"
"11/02/2020","12:37:09","1","default","640513929","OXY_CH1","82.776","min","160.351","µmol/L","Humid","23.376","deg","43592","µV","26.503","°C","1018.000","hPa","35.3","pmil","0","55.520","deg","20.000","°C","100.000","%a.s.","21.750","deg","20.000","°C","977.000","hPa","0.861","-0.02617","0.00035","0","0","13.56","Humid","24.85","0","70.00","286289.92","SABD0000000001","AAV1.0.0.11","1.1.2.0","PSt7-10","170328-006","1/4/2020 10:31:52","0000-00","0","no battery","V"
"11/02/2020","12:37:10","1","default","640513929","OXY_CH1","82.792","min","160.276","µmol/L","Humid","23.383","deg","43590","µV","26.499","°C","1018.000","hPa","35.3","pmil","0","55.520","deg","20.000","°C","100.000","%a.s.","21.750","deg","20.000","°C","977.000","hPa","0.861","-0.02617","0.00035","0","0","13.56","Humid","24.85","0","70.00","286289.21","SABD0000000001","AAV1.0.0.11","1.1.2.0","PSt7-10","170328-006","1/4/2020 10:31:52","0000-00","0","no battery","V"
"11/02/2020","12:37:11","1","default","640513929","OXY_CH1","82.808","min","160.482","µmol/L","Humid","23.368","deg","43591","µV","26.498","°C","1018.000","hPa","35.3","pmil","0","55.520","deg","20.000","°C","100.000","%a.s.","21.750","deg","20.000","°C","977.000","hPa","0.861","-0.02617","0.00035","0","0","13.56","Humid","24.85","0","70.00","286286.96","SABD0000000001","AAV1.0.0.11","1.1.2.0","PSt7-10","170328-006","1/4/2020 10:31:52","0000-00","0","no battery","V"
"11/02/2020","12:37:12","1","default","640513929","OXY_CH1","82.825","min","160.470","µmol/L","Humid","23.368","deg","43595","µV","26.501","°C","1018.000","hPa","35.3","pmil","0","55.520","deg","20.000","°C","100.000","%a.s.","21.750","deg","20.000","°C","977.000","hPa","0.861","-0.02617","0.00035","0","0","13.56","Humid","24.85","0","70.00","286286.77","SABD0000000001","AAV1.0.0.11","1.1.2.0","PSt7-10","170328-006","1/4/2020 10:31:52","0000-00","0","no battery","V"
"11/02/2020","12:37:13","1","default","640513929","OXY_CH1","82.842","min","160.364","µmol/L","Humid","23.372","deg","43606","µV","26.512","°C","1018.000","hPa","35.3","pmil","0","55.520","deg","20.000","°C","100.000","%a.s.","21.750","deg","20.000","°C","977.000","hPa","0.861","-0.02617","0.00035","0","0","13.56","Humid","24.85","0","70.00","286285.74","SABD0000000001","AAV1.0.0.11","1.1.2.0","PSt7-10","170328-006","1/4/2020 10:31:52","0000-00","0","no battery","V"
"11/02/2020","12:37:14","1","default","640513929","OXY_CH1","82.859","min","160.291","µmol/L","Humid","23.372","deg","43606","µV","26.527","°C","1018.000","hPa","35.3","pmil","0","55.520","deg","20.000","°C","100.000","%a.s.","21.750","deg","20.000","°C","977.000","hPa","0.861","-0.02617","0.00035","0","0","13.56","Humid","24.85","0","70.00","286284.10","SABD0000000001","AAV1.0.0.11","1.1.2.0","PSt7-10","170328-006","1/4/2020 10:31:52","0000-00","0","no battery","V"
"11/02/2020","12:37:15","1","default","640513929","OXY_CH1","82.875","min","160.402","µmol/L","Humid","23.374","deg","43603","µV","26.498","°C","1018.000","hPa","35.3","pmil","0","55.520","deg","20.000","°C","100.000","%a.s.","21.750","deg","20.000","°C","977.000","hPa","0.861","-0.02617","0.00035","0","0","13.56","Humid","24.85","0","70.00","286280.56","SABD0000000001","AAV1.0.0.11","1.1.2.0","PSt7-10","170328-006","1/4/2020 10:31:52","0000-00","0","no battery","V"
"11/02/2020","12:37:16","1","default","640513929","OXY_CH1","82.892","min","160.353","µmol/L","Humid","23.376","deg","43600","µV","26.502","°C","1018.000","hPa","35.3","pmil","0","55.520","deg","20.000","°C","100.000","%a.s.","21.750","deg","20.000","°C","977.000","hPa","0.861","-0.02617","0.00035","0","0","13.56","Humid","24.85","0","70.00","286286.26","SABD0000000001","AAV1.0.0.11","1.1.2.0","PSt7-10","170328-006","1/4/2020 10:31:52","0000-00","0","no battery","V"
"11/02/2020","12:37:17","1","default","640513929","OXY_CH1","82.909","min","160.333","µmol/L","Humid","23.375","deg","43592","µV","26.510","°C","1018.000","hPa","35.3","pmil","0","55.520","deg","20.000","°C","100.000","%a.s.","21.750","deg","20.000","°C","977.000","hPa","0.861","-0.02617","0.00035","0","0","13.56","Humid","24.85","0","70.00","286285.66","SABD0000000001","AAV1.0.0.11","1.1.2.0","PSt7-10","170328-006","1/4/2020 10:31:52","0000-00","0","no battery","V"
"11/02/2020","12:37:18","1","default","640513929","OXY_CH1","82.926","min","160.438","µmol/L","Humid","23.368","deg","43597","µV","26.507","°C","1018.000","hPa","35.3","pmil","0","55.520","deg","20.000","°C","100.000","%a.s.","21.750","deg","20.000","°C","977.000","hPa","0.861","-0.02617","0.00035","0","0","13.56","Humid","24.85","0","70.00","286284.13","SABD0000000001","AAV1.0.0.11","1.1.2.0","PSt7-10","170328-006","1/4/2020 10:31:52","0000-00","0","no battery","V"
"11/02/2020","12:37:19","1","default","640513929","OXY_CH1","82.942","min","160.422","µmol/L","Humid","23.375","deg","43600","µV","26.491","°C","1018.000","hPa","35.3","pmil","0","55.520","deg","20.000","°C","100.000","%a.s.","21.750","deg","20.000","°C","977.000","hPa","0.861","-0.02617","0.00035","0","0","13.56","Humid","24.85","0","70.00","286278.85","SABD0000000001","AAV1.0.0.11","1.1.2.0","PSt7-10","170328-006","1/4/2020 10:31:52","0000-00","0","no battery","V"
"11/02/2020","12:37:20","1","default","640513929","OXY_CH1","82.959","min","160.375","µmol/L","Humid","23.375","deg","43592","µV","26.501","°C","1018.000","hPa","35.3","pmil","0","55.520","deg","20.000","°C","100.000","%a.s.","21.750","deg","20.000","°C","977.000","hPa","0.861","-0.02617","0.00035","0","0","13.56","Humid","24.85","0","70.00","286283.75","SABD0000000001","AAV1.0.0.11","1.1.2.0","PSt7-10","170328-006","1/4/2020 10:31:52","0000-00","0","no battery","V"
"11/02/2020","12:37:21","1","default","640513929","OXY_CH1","82.976","min","160.284","µmol/L","Humid","23.375","deg","43596","µV","26.520","°C","1018.000","hPa","35.3","pmil","0","55.520","deg","20.000","°C","100.000","%a.s.","21.750","deg","20.000","°C","977.000","hPa","0.861","-0.02617","0.00035","0","0","13.56","Humid","24.85","0","70.00","286284.55","SABD0000000001","AAV1.0.0.11","1.1.2.0","PSt7-10","170328-006","1/4/2020 10:31:52","0000-00","0","no battery","V"
"11/02/2020","12:37:22","1","default","640513929","OXY_CH1","82.992","min","160.409","µmol/L","Humid","23.366","deg","43601","µV","26.519","°C","1018.000","hPa","35.3","pmil","0","55.520","deg","20.000","°C","100.000","%a.s.","21.750","deg","20.000","°C","977.000","hPa","0.861","-0.02617","0.00035","0","0","13.56","Humid","24.85","0","70.00","286280.62","SABD0000000001","AAV1.0.0.11","1.1.2.0","PSt7-10","170328-006","1/4/2020 10:31:52","0000-00","0","no battery","V"
"11/02/2020","12:37:23","1","default","640513929","OXY_CH1","83.009","min","160.447","µmol/L","Humid","23.361","deg","43598","µV","26.526","°C","1018.000","hPa","35.3","pmil","0","55.520","deg","20.000","°C","100.000","%a.s.","21.750","deg","20.000","°C","977.000","hPa","0.861","-0.02617","0.00035","0","0","13.56","Humid","24.85","0","70.00","286285.43","SABD0000000001","AAV1.0.0.11","1.1.2.0","PSt7-10","170328-006","1/4/2020 10:31:52","0000-00","0","no battery","V"
"11/02/2020","12:37:24","1","default","640513929","OXY_CH1","83.025","min","160.420","µmol/L","Humid","23.367","deg","43598","µV","26.514","°C","1018.000","hPa","35.3","pmil","0","55.520","deg","20.000","°C","100.000","%a.s.","21.750","deg","20.000","°C","977.000","hPa","0.861","-0.02617","0.00035","0","0","13.56","Humid","24.85","0","70.00","286284.20","SABD0000000001","AAV1.0.0.11","1.1.2.0","PSt7-10","170328-006","1/4/2020 10:31:52","0000-00","0","no battery","V"
"11/02/2020","12:37:25","1","default","640513929","OXY_CH1","83.042","min","160.583","µmol/L","Humid","23.361","deg","43599","µV","26.497","°C","1018.000","hPa","35.3","pmil","0","55.520","deg","20.000","°C","100.000","%a.s.","21.750","deg","20.000","°C","977.000","hPa","0.861","-0.02617","0.00035","0","0","13.56","Humid","24.85","0","70.00","286277.94","SABD0000000001","AAV1.0.0.11","1.1.2.0","PSt7-10","170328-006","1/4/2020 10:31:52","0000-00","0","no battery","V"
"11/02/2020","12:37:26","1","default","640513929","OXY_CH1","83.059","min","160.362","µmol/L","Humid","23.369","deg","43599","µV","26.521","°C","1018.000","hPa","35.3","pmil","0","55.520","deg","20.000","°C","100.000","%a.s.","21.750","deg","20.000","°C","977.000","hPa","0.861","-0.02617","0.00035","0","0","13.56","Humid","24.85","0","70.00","286291.91","SABD0000000001","AAV1.0.0.11","1.1.2.0","PSt7-10","170328-006","1/4/2020 10:31:52","0000-00","0","no battery","V"
"11/02/2020","12:37:27","1","default","640513929","OXY_CH1","83.075","min","160.504","µmol/L","Humid","23.364","deg","43601","µV","26.505","°C","1018.000","hPa","35.3","pmil","0","55.520","deg","20.000","°C","100.000","%a.s.","21.750","deg","20.000","°C","977.000","hPa","0.861","-0.02617","0.00035","0","0","13.56","Humid","24.85","0","70.00","286294.70","SABD0000000001","AAV1.0.0.11","1.1.2.0","PSt7-10","170328-006","1/4/2020 10:31:52","0000-00","0","no battery","V"
"11/02/2020","12:37:28","1","default","640513929","OXY_CH1","83.092","min","160.491","µmol/L","Humid","23.362","deg","43591","µV","26.513","°C","1018.000","hPa","35.3","pmil","0","55.520","deg","20.000","°C","100.000","%a.s.","21.750","deg","20.000","°C","977.000","hPa","0.861","-0.02617","0.00035","0","0","13.56","Humid","24.85","0","70.00","286287.14","SABD0000000001","AAV1.0.0.11","1.1.2.0","PSt7-10","170328-006","1/4/2020 10:31:52","0000-00","0","no battery","V"
"11/02/2020","12:37:29","1","default","640513929","OXY_CH1","83.109","min","160.524","µmol/L","Humid","23.359","deg","43592","µV","26.515","°C","1018.000","hPa","35.3","pmil","0","55.520","deg","20.000","°C","100.000","%a.s.","21.750","deg","20.000","°C","977.000","hPa","0.861","-0.02617","0.00035","0","0","13.56","Humid","24.85","0","70.00","286280.21","SABD0000000001","AAV1.0.0.11","1.1.2.0","PSt7-10","170328-006","1/4/2020 10:31:52","0000-00","0","no battery","V"
"11/02/2020","12:37:30","1","default","640513929","OXY_CH1","83.126","min","160.468","µmol/L","Humid","23.365","deg","43602","µV","26.510","°C","1018.000","hPa","35.3","pmil","0","55.520","deg","20.000","°C","100.000","%a.s.","21.750","deg","20.000","°C","977.000","hPa","0.861","-0.02617","0.00035","0","0","13.56","Humid","24.85","0","70.00","286282.71","SABD0000000001","AAV1.0.0.11","1.1.2.0","PSt7-10","170328-006","1/4/2020 10:31:52","0000-00","0","no battery","V"
"11/02/2020","12:37:31","1","default","640513929","OXY_CH1","83.142","min","160.415","µmol/L","Humid","23.363","deg","43597","µV","26.527","°C","1018.000","hPa","35.3","pmil","0","55.520","deg","20.000","°C","100.000","%a.s.","21.750","deg","20.000","°C","977.000","hPa","0.861","-0.02617","0.00035","0","0","13.56","Humid","24.85","0","70.00","286282.66","SABD0000000001","AAV1.0.0.11","1.1.2.0","PSt7-10","170328-006","1/4/2020 10:31:52","0000-00","0","no battery","V"
"11/02/2020","12:37:32","1","default","640513929","OXY_CH1","83.159","min","160.529","µmol/L","Humid","23.360","deg","43594","µV","26.511","°C","1018.000","hPa","35.3","pmil","0","55.520","deg","20.000","°C","100.000","%a.s.","21.750","deg","20.000","°C","977.000","hPa","0.861","-0.02617","0.00035","0","0","13.56","Humid","24.85","0","70.00","286287.15","SABD0000000001","AAV1.0.0.11","1.1.2.0","PSt7-10","170328-006","1/4/2020 10:31:52","0000-00","0","no battery","V"
"11/02/2020","12:37:33","1","default","640513929","OXY_CH1","83.175","min","160.502","µmol/L","Humid","23.364","deg","43595","µV","26.505","°C","1018.000","hPa","35.3","pmil","0","55.520","deg","20.000","°C","100.000","%a.s.","21.750","deg","20.000","°C","977.000","hPa","0.861","-0.02617","0.00035","0","0","13.56","Humid","24.85","0","70.00","286280.57","SABD0000000001","AAV1.0.0.11","1.1.2.0","PSt7-10","170328-006","1/4/2020 10:31:52","0000-00","0","no battery","V"
"11/02/2020","12:37:34","1","default","640513929","OXY_CH1","83.192","min","160.457","µmol/L","Humid","23.364","deg","43595","µV","26.515","°C","1018.000","hPa","35.3","pmil","0","55.520","deg","20.000","°C","100.000","%a.s.","21.750","deg","20.000","°C","977.000","hPa","0.861","-0.02617","0.00035","0","0","13.56","Humid","24.85","0","70.00","286288.20","SABD0000000001","AAV1.0.0.11","1.1.2.0","PSt7-10","170328-006","1/4/2020 10:31:52","0000-00","0","no battery","V"
"11/02/2020","12:37:35","1","default","640513929","OXY_CH1","83.208","min","160.614","µmol/L","Humid","23.357","deg","43599","µV","26.502","°C","1018.000","hPa","35.3","pmil","0","55.520","deg","20.000","°C","100.000","%a.s.","21.750","deg","20.000","°C","977.000","hPa","0.861","-0.02617","0.00035","0","0","13.56","Humid","24.85","0","70.00","286283.21","SABD0000000001","AAV1.0.0.11","1.1.2.0","PSt7-10","170328-006","1/4/2020 10:31:52","0000-00","0","no battery","V"
"11/02/2020","12:37:36","1","default","640513929","OXY_CH1","83.225","min","160.602","µmol/L","Humid","23.360","deg","43596","µV","26.496","°C","1018.000","hPa","35.3","pmil","0","55.520","deg","20.000","°C","100.000","%a.s.","21.750","deg","20.000","°C","977.000","hPa","0.861","-0.02617","0.00035","0","0","13.56","Humid","24.85","0","70.00","286278.46","SABD0000000001","AAV1.0.0.11","1.1.2.0","PSt7-10","170328-006","1/4/2020 10:31:52","0000-00","0","no battery","V"
"11/02/2020","12:37:37","1","default","640513929","OXY_CH1","83.242","min","160.637","µmol/L","Humid","23.354","deg","43591","µV","26.505","°C","1018.000","hPa","35.3","pmil","0","55.520","deg","20.000","°C","100.000","%a.s.","21.750","deg","20.000","°C","977.000","hPa","0.861","-0.02617","0.00035","0","0","13.56","Humid","24.85","0","70.00","286276.87","SABD0000000001","AAV1.0.0.11","1.1.2.0","PSt7-10","170328-006","1/4/2020 10:31:52","0000-00","0","no battery","V"
"11/02/2020","12:37:38","1","default","640513929","OXY_CH1","83.259","min","160.623","µmol/L","Humid","23.359","deg","43597","µV","26.494","°C","1018.000","hPa","35.3","pmil","0","55.520","deg","20.000","°C","100.000","%a.s.","21.750","deg","20.000","°C","977.000","hPa","0.861","-0.02617","0.00035","0","0","13.56","Humid","24.85","0","70.00","286278.19","SABD0000000001","AAV1.0.0.11","1.1.2.0","PSt7-10","170328-006","1/4/2020 10:31:52","0000-00","0","no battery","V"
"11/02/2020","12:37:39","1","default","640513929","OXY_CH1","83.276","min","160.712","µmol/L","Humid","23.349","deg","43595","µV","26.504","°C","1018.000","hPa","35.3","pmil","0","55.520","deg","20.000","°C","100.000","%a.s.","21.750","deg","20.000","°C","977.000","hPa","0.861","-0.02617","0.00035","0","0","13.56","Humid","24.85","0","70.00","286287.82","SABD0000000001","AAV1.0.0.11","1.1.2.0","PSt7-10","170328-006","1/4/2020 10:31:52","0000-00","0","no battery","V"
"11/02/2020","12:37:40","1","default","640513929","OXY_CH1","83.292","min","160.658","µmol/L","Humid","23.355","deg","43591","µV","26.498","°C","1018.000","hPa","35.3","pmil","0","55.520","deg","20.000","°C","100.000","%a.s.","21.750","deg","20.000","°C","977.000","hPa","0.861","-0.02617","0.00035","0","0","13.56","Humid","24.85","0","70.00","286289.79","SABD0000000001","AAV1.0.0.11","1.1.2.0","PSt7-10","170328-006","1/4/2020 10:31:52","0000-00","0","no battery","V"
"11/02/2020","12:37:41","1","default","640513929","OXY_CH1","83.309","min","160.446","µmol/L","Humid","23.361","deg","43598","µV","26.526","°C","1018.000","hPa","35.3","pmil","0","55.520","deg","20.000","°C","100.000","%a.s.","21.750","deg","20.000","°C","977.000","hPa","0.861","-0.02617","0.00035","0","0","13.56","Humid","24.85","0","70.00","286272.52","SABD0000000001","AAV1.0.0.11","1.1.2.0","PSt7-10","170328-006","1/4/2020 10:31:52","0000-00","0","no battery","V"
"11/02/2020","12:37:42","1","default","640513929","OXY_CH1","83.325","min","160.561","µmol/L","Humid","23.352","deg","43593","µV","26.527","°C","1018.000","hPa","35.3","pmil","0","55.520","deg","20.000","°C","100.000","%a.s.","21.750","deg","20.000","°C","977.000","hPa","0.861","-0.02617","0.00035","0","0","13.56","Humid","24.85","0","70.00","286280.24","SABD0000000001","AAV1.0.0.11","1.1.2.0","PSt7-10","170328-006","1/4/2020 10:31:52","0000-00","0","no battery","V"
"11/02/2020","12:37:43","1","default","640513929","OXY_CH1","83.342","min","160.619","µmol/L","Humid","23.355","deg","43596","µV","26.506","°C","1018.000","hPa","35.3","pmil","0","55.520","deg","20.000","°C","100.000","%a.s.","21.750","deg","20.000","°C","977.000","hPa","0.861","-0.02617","0.00035","0","0","13.56","Humid","24.85","0","70.00","286278.93","SABD0000000001","AAV1.0.0.11","1.1.2.0","PSt7-10","170328-006","1/4/2020 10:31:52","0000-00","0","no battery","V"
"11/02/2020","12:37:44","1","default","640513929","OXY_CH1","83.358","min","160.639","µmol/L","Humid","23.352","deg","43584","µV","26.511","°C","1018.000","hPa","35.3","pmil","0","55.520","deg","20.000","°C","100.000","%a.s.","21.750","deg","20.000","°C","977.000","hPa","0.861","-0.02617","0.00035","0","0","13.56","Humid","24.85","0","70.00","286266.38","SABD0000000001","AAV1.0.0.11","1.1.2.0","PSt7-10","170328-006","1/4/2020 10:31:52","0000-00","0","no battery","V"
"11/02/2020","12:37:45","1","default","640513929","OXY_CH1","83.375","min","160.554","µmol/L","Humid","23.358","deg","43584","µV","26.511","°C","1018.000","hPa","35.3","pmil","0","55.520","deg","20.000","°C","100.000","%a.s.","21.750","deg","20.000","°C","977.000","hPa","0.861","-0.02617","0.00035","0","0","13.56","Humid","24.85","0","70.00","286281.74","SABD0000000001","AAV1.0.0.11","1.1.2.0","PSt7-10","170328-006","1/4/2020 10:31:52","0000-00","0","no battery","V"
"11/02/2020","12:37:46","1","default","640513929","OXY_CH1","83.392","min","160.690","µmol/L","Humid","23.349","deg","43580","µV","26.508","°C","1018.000","hPa","35.3","pmil","0","55.520","deg","20.000","°C","100.000","%a.s.","21.750","deg","20.000","°C","977.000","hPa","0.861","-0.02617","0.00035","0","0","13.56","Humid","24.85","0","70.00","286272.20","SABD0000000001","AAV1.0.0.11","1.1.2.0","PSt7-10","170328-006","1/4/2020 10:31:52","0000-00","0","no battery","V"
"11/02/2020","12:37:47","1","default","640513929","OXY_CH1","83.409","min","160.691","µmol/L","Humid","23.347","deg","43584","µV","26.514","°C","1018.000","hPa","35.3","pmil","0","55.520","deg","20.000","°C","100.000","%a.s.","21.750","deg","20.000","°C","977.000","hPa","0.861","-0.02617","0.00035","0","0","13.56","Humid","24.85","0","70.00","286276.76","SABD0000000001","AAV1.0.0.11","1.1.2.0","PSt7-10","170328-006","1/4/2020 10:31:52","0000-00","0","no battery","V"
"11/02/2020","12:37:48","1","default","640513929","OXY_CH1","83.425","min","160.724","µmol/L","Humid","23.345","deg","43568","µV","26.513","°C","1018.000","hPa","35.3","pmil","0","55.520","deg","20.000","°C","100.000","%a.s.","21.750","deg","20.000","°C","977.000","hPa","0.861","-0.02617","0.00035","0","0","13.56","Humid","24.85","0","70.00","286276.93","SABD0000000001","AAV1.0.0.11","1.1.2.0","PSt7-10","170328-006","1/4/2020 10:31:52","0000-00","0","no battery","V"
"11/02/2020","12:37:49","1","default","640513929","OXY_CH1","83.442","min","160.826","µmol/L","Humid","23.341","deg","43573","µV","26.502","°C","1018.000","hPa","35.3","pmil","0","55.520","deg","20.000","°C","100.000","%a.s.","21.750","deg","20.000","°C","977.000","hPa","0.861","-0.02617","0.00035","0","0","13.56","Humid","24.85","0","70.00","286275.22","SABD0000000001","AAV1.0.0.11","1.1.2.0","PSt7-10","170328-006","1/4/2020 10:31:52","0000-00","0","no battery","V"
"11/02/2020","12:37:50","1","default","640513929","OXY_CH1","83.459","min","160.754","µmol/L","Humid","23.347","deg","43574","µV","26.501","°C","1018.000","hPa","35.3","pmil","0","55.520","deg","20.000","°C","100.000","%a.s.","21.750","deg","20.000","°C","977.000","hPa","0.861","-0.02617","0.00035","0","0","13.56","Humid","24.85","0","70.00","286277.91","SABD0000000001","AAV1.0.0.11","1.1.2.0","PSt7-10","170328-006","1/4/2020 10:31:52","0000-00","0","no battery","V"
"11/02/2020","12:37:51","1","default","640513929","OXY_CH1","83.476","min","160.669","µmol/L","Humid","23.352","deg","43577","µV","26.504","°C","1018.000","hPa","35.3","pmil","0","55.520","deg","20.000","°C","100.000","%a.s.","21.750","deg","20.000","°C","977.000","hPa","0.861","-0.02617","0.00035","0","0","13.56","Humid","24.85","0","70.00","286274.22","SABD0000000001","AAV1.0.0.11","1.1.2.0","PSt7-10","170328-006","1/4/2020 10:31:52","0000-00","0","no battery","V"
"11/02/2020","12:37:52","1","default","640513929","OXY_CH1","83.492","min","160.802","µmol/L","Humid","23.345","deg","43571","µV","26.496","°C","1018.000","hPa","35.3","pmil","0","55.520","deg","20.000","°C","100.000","%a.s.","21.750","deg","20.000","°C","977.000","hPa","0.861","-0.02617","0.00035","0","0","13.56","Humid","24.85","0","70.00","286275.54","SABD0000000001","AAV1.0.0.11","1.1.2.0","PSt7-10","170328-006","1/4/2020 10:31:52","0000-00","0","no battery","V"
"11/02/2020","12:37:53","1","default","640513929","OXY_CH1","83.509","min","160.686","µmol/L","Humid","23.350","deg","43568","µV","26.506","°C","1018.000","hPa","35.3","pmil","0","55.520","deg","20.000","°C","100.000","%a.s.","21.750","deg","20.000","°C","977.000","hPa","0.861","-0.02617","0.00035","0","0","13.56","Humid","24.85","0","70.00","286280.38","SABD0000000001","AAV1.0.0.11","1.1.2.0","PSt7-10","170328-006","1/4/2020 10:31:52","0000-00","0","no battery","V"
"11/02/2020","12:37:54","1","default","640513929","OXY_CH1","83.525","min","160.788","µmol/L","Humid","23.342","deg","43565","µV","26.508","°C","1018.000","hPa","35.3","pmil","0","55.520","deg","20.000","°C","100.000","%a.s.","21.750","deg","20.000","°C","977.000","hPa","0.861","-0.02617","0.00035","0","0","13.56","Humid","24.85","0","70.00","286276.25","SABD0000000001","AAV1.0.0.11","1.1.2.0","PSt7-10","170328-006","1/4/2020 10:31:52","0000-00","0","no battery","V"
"11/02/2020","12:37:55","1","default","640513929","OXY_CH1","83.542","min","160.782","µmol/L","Humid","23.345","deg","43567","µV","26.500","°C","1018.000","hPa","35.3","pmil","0","55.520","deg","20.000","°C","100.000","%a.s.","21.750","deg","20.000","°C","977.000","hPa","0.861","-0.02617","0.00035","0","0","13.56","Humid","24.85","0","70.00","286275.47","SABD0000000001","AAV1.0.0.11","1.1.2.0","PSt7-10","170328-006","1/4/2020 10:31:52","0000-00","0","no battery","V"
"11/02/2020","12:37:56","1","default","640513929","OXY_CH1","83.559","min","160.738","µmol/L","Humid","23.348","deg","43568","µV","26.501","°C","1018.000","hPa","35.3","pmil","0","55.520","deg","20.000","°C","100.000","%a.s.","21.750","deg","20.000","°C","977.000","hPa","0.861","-0.02617","0.00035","0","0","13.56","Humid","24.85","0","70.00","286275.72","SABD0000000001","AAV1.0.0.11","1.1.2.0","PSt7-10","170328-006","1/4/2020 10:31:52","0000-00","0","no battery","V"
"11/02/2020","12:37:57","1","default","640513929","OXY_CH1","83.575","min","160.855","µmol/L","Humid","23.338","deg","43573","µV","26.505","°C","1018.000","hPa","35.3","pmil","0","55.520","deg","20.000","°C","100.000","%a.s.","21.750","deg","20.000","°C","977.000","hPa","0.861","-0.02617","0.00035","0","0","13.56","Humid","24.85","0","70.00","286271.91","SABD0000000001","AAV1.0.0.11","1.1.2.0","PSt7-10","170328-006","1/4/2020 10:31:52","0000-00","0","no battery","V"
"11/02/2020","12:37:58","1","default","640513929","OXY_CH1","83.592","min","160.743","µmol/L","Humid","23.349","deg","43569","µV","26.497","°C","1018.000","hPa","35.3","pmil","0","55.520","deg","20.000","°C","100.000","%a.s.","21.750","deg","20.000","°C","977.000","hPa","0.861","-0.02617","0.00035","0","0","13.56","Humid","24.85","0","70.00","286280.65","SABD0000000001","AAV1.0.0.11","1.1.2.0","PSt7-10","170328-006","1/4/2020 10:31:52","0000-00","0","no battery","V"
"11/02/2020","12:37:59","1","default","640513929","OXY_CH1","83.609","min","160.849","µmol/L","Humid","23.344","deg","43567","µV","26.489","°C","1018.000","hPa","35.3","pmil","0","55.520","deg","20.000","°C","100.000","%a.s.","21.750","deg","20.000","°C","977.000","hPa","0.861","-0.02617","0.00035","0","0","13.56","Humid","24.85","0","70.00","286270.89","SABD0000000001","AAV1.0.0.11","1.1.2.0","PSt7-10","170328-006","1/4/2020 10:31:52","0000-00","0","no battery","V"
"11/02/2020","12:38:00","1","default","640513929","OXY_CH1","83.626","min","160.725","µmol/L","Humid","23.342","deg","43566","µV","26.521","°C","1018.000","hPa","35.3","pmil","0","55.520","deg","20.000","°C","100.000","%a.s.","21.750","deg","20.000","°C","977.000","hPa","0.861","-0.02617","0.00035","0","0","13.56","Humid","24.85","0","70.00","286271.66","SABD0000000001","AAV1.0.0.11","1.1.2.0","PSt7-10","170328-006","1/4/2020 10:31:52","0000-00","0","no battery","V"
"11/02/2020","12:38:01","1","default","640513929","OXY_CH1","83.642","min","160.648","µmol/L","Humid","23.347","deg","43568","µV","26.523","°C","1018.000","hPa","35.3","pmil","0","55.520","deg","20.000","°C","100.000","%a.s.","21.750","deg","20.000","°C","977.000","hPa","0.861","-0.02617","0.00035","0","0","13.56","Humid","24.85","0","70.00","286277.97","SABD0000000001","AAV1.0.0.11","1.1.2.0","PSt7-10","170328-006","1/4/2020 10:31:52","0000-00","0","no battery","V"
"11/02/2020","12:38:02","1","default","640513929","OXY_CH1","83.659","min","160.843","µmol/L","Humid","23.338","deg","43566","µV","26.508","°C","1018.000","hPa","35.3","pmil","0","55.520","deg","20.000","°C","100.000","%a.s.","21.750","deg","20.000","°C","977.000","hPa","0.861","-0.02617","0.00035","0","0","13.56","Humid","24.85","0","70.00","286274.55","SABD0000000001","AAV1.0.0.11","1.1.2.0","PSt7-10","170328-006","1/4/2020 10:31:52","0000-00","0","no battery","V"
"11/02/2020","12:38:03","1","default","640513929","OXY_CH1","83.676","min","160.816","µmol/L","Humid","23.336","deg","43570","µV","26.519","°C","1018.000","hPa","35.3","pmil","0","55.520","deg","20.000","°C","100.000","%a.s.","21.750","deg","20.000","°C","977.000","hPa","0.861","-0.02617","0.00035","0","0","13.56","Humid","24.85","0","70.00","286270.08","SABD0000000001","AAV1.0.0.11","1.1.2.0","PSt7-10","170328-006","1/4/2020 10:31:52","0000-00","0","no battery","V"
"11/02/2020","12:38:04","1","default","640513929","OXY_CH1","83.692","min","160.703","µmol/L","Humid","23.347","deg","43565","µV","26.511","°C","1018.000","hPa","35.3","pmil","0","55.520","deg","20.000","°C","100.000","%a.s.","21.750","deg","20.000","°C","977.000","hPa","0.861","-0.02617","0.00035","0","0","13.56","Humid","24.85","0","70.00","286269.57","SABD0000000001","AAV1.0.0.11","1.1.2.0","PSt7-10","170328-006","1/4/2020 10:31:52","0000-00","0","no battery","V"
"11/02/2020","12:38:05","1","default","640513929","OXY_CH1","83.708","min","160.755","µmol/L","Humid","23.345","deg","43564","µV","26.506","°C","1018.000","hPa","35.3","pmil","0","55.520","deg","20.000","°C","100.000","%a.s.","21.750","deg","20.000","°C","977.000","hPa","0.861","-0.02617","0.00035","0","0","13.56","Humid","24.85","0","70.00","286274.09","SABD0000000001","AAV1.0.0.11","1.1.2.0","PSt7-10","170328-006","1/4/2020 10:31:52","0000-00","0","no battery","V"
"11/02/2020","12:38:06","1","default","640513929","OXY_CH1","83.725","min","160.750","µmol/L","Humid","23.342","deg","43562","µV","26.516","°C","1018.000","hPa","35.3","pmil","0","55.520","deg","20.000","°C","100.000","%a.s.","21.750","deg","20.000","°C","977.000","hPa","0.861","-0.02617","0.00035","0","0","13.56","Humid","24.85","0","70.00","286277.99","SABD0000000001","AAV1.0.0.11","1.1.2.0","PSt7-10","170328-006","1/4/2020 10:31:52","0000-00","0","no battery","V"
"11/02/2020","12:38:07","1","default","640513929","OXY_CH1","83.742","min","160.878","µmol/L","Humid","23.335","deg","43563","µV","26.509","°C","1018.000","hPa","35.3","pmil","0","55.520","deg","20.000","°C","100.000","%a.s.","21.750","deg","20.000","°C","977.000","hPa","0.861","-0.02617","0.00035","0","0","13.56","Humid","24.85","0","70.00","286271.23","SABD0000000001","AAV1.0.0.11","1.1.2.0","PSt7-10","170328-006","1/4/2020 10:31:52","0000-00","0","no battery","V"
"11/02/2020","12:38:08","1","default","640513929","OXY_CH1","83.759","min","160.924","µmol/L","Humid","23.331","deg","43558","µV","26.510","°C","1018.000","hPa","35.3","pmil","0","55.520","deg","20.000","°C","100.000","%a.s.","21.750","deg","20.000","°C","977.000","hPa","0.861","-0.02617","0.00035","0","0","13.56","Humid","24.85","0","70.00","286276.78","SABD0000000001","AAV1.0.0.11","1.1.2.0","PSt7-10","170328-006","1/4/2020 10:31:52","0000-00","0","no battery","V"
"11/02/2020","12:38:09","1","default","640513929","OXY_CH1","83.775","min","160.918","µmol/L","Humid","23.335","deg","43561","µV","26.500","°C","1018.000","hPa","35.3","pmil","0","55.520","deg","20.000","°C","100.000","%a.s.","21.750","deg","20.000","°C","977.000","hPa","0.861","-0.02617","0.00035","0","0","13.56","Humid","24.85","0","70.00","286274.65","SABD0000000001","AAV1.0.0.11","1.1.2.0","PSt7-10","170328-006","1/4/2020 10:31:52","0000-00","0","no battery","V"
"11/02/2020","12:38:10","1","default","640513929","OXY_CH1","83.792","min","160.947","µmol/L","Humid","23.331","deg","43558","µV","26.506","°C","1018.000","hPa","35.3","pmil","0","55.520","deg","20.000","°C","100.000","%a.s.","21.750","deg","20.000","°C","977.000","hPa","0.861","-0.02617","0.00035","0","0","13.56","Humid","24.85","0","70.00","286283.45","SABD0000000001","AAV1.0.0.11","1.1.2.0","PSt7-10","170328-006","1/4/2020 10:31:52","0000-00","0","no battery","V"
"11/02/2020","12:38:11","1","default","640513929","OXY_CH1","83.809","min","160.896","µmol/L","Humid","23.333","deg","43558","µV","26.511","°C","1018.000","hPa","35.3","pmil","0","55.520","deg","20.000","°C","100.000","%a.s.","21.750","deg","20.000","°C","977.000","hPa","0.861","-0.02617","0.00035","0","0","13.56","Humid","24.85","0","70.00","286288.50","SABD0000000001","AAV1.0.0.11","1.1.2.0","PSt7-10","170328-006","1/4/2020 10:31:52","0000-00","0","no battery","V"
"11/02/2020","12:38:12","1","default","640513929","OXY_CH1","83.826","min","160.908","µmol/L","Humid","23.331","deg","43555","µV","26.514","°C","1018.000","hPa","35.3","pmil","0","55.520","deg","20.000","°C","100.000","%a.s.","21.750","deg","20.000","°C","977.000","hPa","0.861","-0.02617","0.00035","0","0","13.56","Humid","24.85","0","70.00","286281.73","SABD0000000001","AAV1.0.0.11","1.1.2.0","PSt7-10","170328-006","1/4/2020 10:31:52","0000-00","0","no battery","V"
"11/02/2020","12:38:13","1","default","640513929","OXY_CH1","83.842","min","160.913","µmol/L","Humid","23.334","deg","43555","µV","26.504","°C","1018.000","hPa","35.3","pmil","0","55.520","deg","20.000","°C","100.000","%a.s.","21.750","deg","20.000","°C","977.000","hPa","0.861","-0.02617","0.00035","0","0","13.56","Humid","24.85","0","70.00","286278.81","SABD0000000001","AAV1.0.0.11","1.1.2.0","PSt7-10","170328-006","1/4/2020 10:31:52","0000-00","0","no battery","V"
"11/02/2020","12:38:14","1","default","640513929","OXY_CH1","83.859","min","160.957","µmol/L","Humid","23.329","deg","43556","µV","26.509","°C","1018.000","hPa","35.3","pmil","0","55.520","deg","20.000","°C","100.000","%a.s.","21.750","deg","20.000","°C","977.000","hPa","0.861","-0.02617","0.00035","0","0","13.56","Humid","24.85","0","70.00","286273.22","SABD0000000001","AAV1.0.0.11","1.1.2.0","PSt7-10","170328-006","1/4/2020 10:31:52","0000-00","0","no battery","V"
"11/02/2020","12:38:15","1","default","640513929","OXY_CH1","83.876","min","161.001","µmol/L","Humid","23.328","deg","43550","µV","26.503","°C","1018.000","hPa","35.3","pmil","0","55.520","deg","20.000","°C","100.000","%a.s.","21.750","deg","20.000","°C","977.000","hPa","0.861","-0.02617","0.00035","0","0","13.56","Humid","24.85","0","70.00","286274.06","SABD0000000001","AAV1.0.0.11","1.1.2.0","PSt7-10","170328-006","1/4/2020 10:31:52","0000-00","0","no battery","V"
"11/02/2020","12:38:16","1","default","640513929","OXY_CH1","83.892","min","161.049","µmol/L","Humid","23.325","deg","43547","µV","26.501","°C","1018.000","hPa","35.3","pmil","0","55.520","deg","20.000","°C","100.000","%a.s.","21.750","deg","20.000","°C","977.000","hPa","0.861","-0.02617","0.00035","0","0","13.56","Humid","24.85","0","70.00","286265.61","SABD0000000001","AAV1.0.0.11","1.1.2.0","PSt7-10","170328-006","1/4/2020 10:31:52","0000-00","0","no battery","V"
"11/02/2020","12:38:17","1","default","640513929","OXY_CH1","83.908","min","160.952","µmol/L","Humid","23.332","deg","43545","µV","26.502","°C","1018.000","hPa","35.3","pmil","0","55.520","deg","20.000","°C","100.000","%a.s.","21.750","deg","20.000","°C","977.000","hPa","0.861","-0.02617","0.00035","0","0","13.56","Humid","24.85","0","70.00","286274.75","SABD0000000001","AAV1.0.0.11","1.1.2.0","PSt7-10","170328-006","1/4/2020 10:31:52","0000-00","0","no battery","V"
"11/02/2020","12:38:18","1","default","640513929","OXY_CH1","83.925","min","160.893","µmol/L","Humid","23.334","deg","43551","µV","26.508","°C","1018.000","hPa","35.3","pmil","0","55.520","deg","20.000","°C","100.000","%a.s.","21.750","deg","20.000","°C","977.000","hPa","0.861","-0.02617","0.00035","0","0","13.56","Humid","24.85","0","70.00","286280.59","SABD0000000001","AAV1.0.0.11","1.1.2.0","PSt7-10","170328-006","1/4/2020 10:31:52","0000-00","0","no battery","V"
"11/02/2020","12:38:19","1","default","640513929","OXY_CH1","83.942","min","160.978","µmol/L","Humid","23.328","deg","43543","µV","26.508","°C","1018.000","hPa","35.3","pmil","0","55.520","deg","20.000","°C","100.000","%a.s.","21.750","deg","20.000","°C","977.000","hPa","0.861","-0.02617","0.00035","0","0","13.56","Humid","24.85","0","70.00","286284.79","SABD0000000001","AAV1.0.0.11","1.1.2.0","PSt7-10","170328-006","1/4/2020 10:31:52","0000-00","0","no battery","V"
"11/02/2020","12:38:20","1","default","640513929","OXY_CH1","83.958","min","160.955","µmol/L","Humid","23.326","deg","43545","µV","26.518","°C","1018.000","hPa","35.3","pmil","0","55.520","deg","20.000","°C","100.000","%a.s.","21.750","deg","20.000","°C","977.000","hPa","0.861","-0.02617","0.00035","0","0","13.56","Humid","24.85","0","70.00","286278.89","SABD0000000001","AAV1.0.0.11","1.1.2.0","PSt7-10","170328-006","1/4/2020 10:31:52","0000-00","0","no battery","V"
"11/02/2020","12:38:21","1","default","640513929","OXY_CH1","83.975","min","161.139","µmol/L","Humid","23.318","deg","43544","µV","26.502","°C","1018.000","hPa","35.3","pmil","0","55.520","deg","20.000","°C","100.000","%a.s.","21.750","deg","20.000","°C","977.000","hPa","0.861","-0.02617","0.00035","0","0","13.56","Humid","24.85","0","70.00","286281.20","SABD0000000001","AAV1.0.0.11","1.1.2.0","PSt7-10","170328-006","1/4/2020 10:31:52","0000-00","0","no battery","V"
"11/02/2020","12:38:22","1","default","640513929","OXY_CH1","83.992","min","160.902","µmol/L","Humid","23.330","deg","43543","µV","26.518","°C","1018.000","hPa","35.3","pmil","0","55.520","deg","20.000","°C","100.000","%a.s.","21.750","deg","20.000","°C","977.000","hPa","0.861","-0.02617","0.00035","0","0","13.56","Humid","24.85","0","70.00","286278.83","SABD0000000001","AAV1.0.0.11","1.1.2.0","PSt7-10","170328-006","1/4/2020 10:31:52","0000-00","0","no battery","V"
"11/02/2020","12:38:23","1","default","640513929","OXY_CH1","84.009","min","161.036","µmol/L","Humid","23.323","deg","43539","µV","26.510","°C","1018.000","hPa","35.3","pmil","0","55.520","deg","20.000","°C","100.000","%a.s.","21.750","deg","20.000","°C","977.000","hPa","0.861","-0.02617","0.00035","0","0","13.56","Humid","24.85","0","70.00","286280.58","SABD0000000001","AAV1.0.0.11","1.1.2.0","PSt7-10","170328-006","1/4/2020 10:31:52","0000-00","0","no battery","V"
"11/02/2020","12:38:24","1","default","640513929","OXY_CH1","84.025","min","161.057","µmol/L","Humid","23.321","deg","43537","µV","26.511","°C","1018.000","hPa","35.3","pmil","0","55.520","deg","20.000","°C","100.000","%a.s.","21.750","deg","20.000","°C","977.000","hPa","0.861","-0.02617","0.00035","0","0","13.56","Humid","24.85","0","70.00","286276.49","SABD0000000001","AAV1.0.0.11","1.1.2.0","PSt7-10","170328-006","1/4/2020 10:31:52","0000-00","0","no battery","V"
"11/02/2020","12:38:25","1","default","640513929","OXY_CH1","84.042","min","161.003","µmol/L","Humid","23.325","deg","43532","µV","26.511","°C","1018.000","hPa","35.3","pmil","0","55.520","deg","20.000","°C","100.000","%a.s.","21.750","deg","20.000","°C","977.000","hPa","0.861","-0.02617","0.00035","0","0","13.56","Humid","24.85","0","70.00","286279.86","SABD0000000001","AAV1.0.0.11","1.1.2.0","PSt7-10","170328-006","1/4/2020 10:31:52","0000-00","0","no battery","V"
"11/02/2020","12:38:26","1","default","640513929","OXY_CH1","84.059","min","161.023","µmol/L","Humid","23.327","deg","43536","µV","26.501","°C","1018.000","hPa","35.3","pmil","0","55.520","deg","20.000","°C","100.000","%a.s.","21.750","deg","20.000","°C","977.000","hPa","0.861","-0.02617","0.00035","0","0","13.56","Humid","24.85","0","70.00","286284.90","SABD0000000001","AAV1.0.0.11","1.1.2.0","PSt7-10","170328-006","1/4/2020 10:31:52","0000-00","0","no battery","V"
"11/02/2020","12:38:27","1","default","640513929","OXY_CH1","84.076","min","160.980","µmol/L","Humid","23.330","deg","43536","µV","26.501","°C","1018.000","hPa","35.3","pmil","0","55.520","deg","20.000","°C","100.000","%a.s.","21.750","deg","20.000","°C","977.000","hPa","0.861","-0.02617","0.00035","0","0","13.56","Humid","24.85","0","70.00","286288.83","SABD0000000001","AAV1.0.0.11","1.1.2.0","PSt7-10","170328-006","1/4/2020 10:31:52","0000-00","0","no battery","V"
"11/02/2020","12:38:28","1","default","640513929","OXY_CH1","84.092","min","161.076","µmol/L","Humid","23.315","deg","43548","µV","26.524","°C","1018.000","hPa","35.3","pmil","0","55.520","deg","20.000","°C","100.000","%a.s.","21.750","deg","20.000","°C","977.000","hPa","0.861","-0.02617","0.00035","0","0","13.56","Humid","24.85","0","70.00","286276.77","SABD0000000001","AAV1.0.0.11","1.1.2.0","PSt7-10","170328-006","1/4/2020 10:31:52","0000-00","0","no battery","V"
"11/02/2020","12:38:29","1","default","640513929","OXY_CH1","84.109","min","160.953","µmol/L","Humid","23.324","deg","43540","µV","26.524","°C","1018.000","hPa","35.3","pmil","0","55.520","deg","20.000","°C","100.000","%a.s.","21.750","deg","20.000","°C","977.000","hPa","0.861","-0.02617","0.00035","0","0","13.56","Humid","24.85","0","70.00","286275.70","SABD0000000001","AAV1.0.0.11","1.1.2.0","PSt7-10","170328-006","1/4/2020 10:31:52","0000-00","0","no battery","V"
"11/02/2020","12:38:30","1","default","640513929","OXY_CH1","84.125","min","161.064","µmol/L","Humid","23.319","deg","43538","µV","26.515","°C","1018.000","hPa","35.3","pmil","0","55.520","deg","20.000","°C","100.000","%a.s.","21.750","deg","20.000","°C","977.000","hPa","0.861","-0.02617","0.00035","0","0","13.56","Humid","24.85","0","70.00","286283.64","SABD0000000001","AAV1.0.0.11","1.1.2.0","PSt7-10","170328-006","1/4/2020 10:31:52","0000-00","0","no battery","V"
"11/02/2020","12:38:31","1","default","640513929","OXY_CH1","84.142","min","160.997","µmol/L","Humid","23.329","deg","43541","µV","26.501","°C","1018.000","hPa","35.3","pmil","0","55.520","deg","20.000","°C","100.000","%a.s.","21.750","deg","20.000","°C","977.000","hPa","0.861","-0.02617","0.00035","0","0","13.56","Humid","24.85","0","70.00","286276.15","SABD0000000001","AAV1.0.0.11","1.1.2.0","PSt7-10","170328-006","1/4/2020 10:31:52","0000-00","0","no battery","V"
"11/02/2020","12:38:32","1","default","640513929","OXY_CH1","84.158","min","161.131","µmol/L","Humid","23.321","deg","43543","µV","26.495","°C","1018.000","hPa","35.3","pmil","0","55.520","deg","20.000","°C","100.000","%a.s.","21.750","deg","20.000","°C","977.000","hPa","0.861","-0.02617","0.00035","0","0","13.56","Humid","24.85","0","70.00","286279.54","SABD0000000001","AAV1.0.0.11","1.1.2.0","PSt7-10","170328-006","1/4/2020 10:31:52","0000-00","0","no battery","V"
"11/02/2020","12:38:33","1","default","640513929","OXY_CH1","84.175","min","161.148","µmol/L","Humid","23.314","deg","43540","µV","26.512","°C","1018.000","hPa","35.3","pmil","0","55.520","deg","20.000","°C","100.000","%a.s.","21.750","deg","20.000","°C","977.000","hPa","0.861","-0.02617","0.00035","0","0","13.56","Humid","24.85","0","70.00","286283.71","SABD0000000001","AAV1.0.0.11","1.1.2.0","PSt7-10","170328-006","1/4/2020 10:31:52","0000-00","0","no battery","V"
"11/02/2020","12:38:34","1","default","640513929","OXY_CH1","84.192","min","161.188","µmol/L","Humid","23.312","deg","43537","µV","26.509","°C","1018.000","hPa","35.3","pmil","0","55.520","deg","20.000","°C","100.000","%a.s.","21.750","deg","20.000","°C","977.000","hPa","0.861","-0.02617","0.00035","0","0","13.56","Humid","24.85","0","70.00","286269.81","SABD0000000001","AAV1.0.0.11","1.1.2.0","PSt7-10","170328-006","1/4/2020 10:31:52","0000-00","0","no battery","V"
"11/02/2020","12:38:35","1","default","640513929","OXY_CH1","84.209","min","161.126","µmol/L","Humid","23.315","deg","43540","µV","26.514","°C","1018.000","hPa","35.3","pmil","0","55.520","deg","20.000","°C","100.000","%a.s.","21.750","deg","20.000","°C","977.000","hPa","0.861","-0.02617","0.00035","0","0","13.56","Humid","24.85","0","70.00","286271.36","SABD0000000001","AAV1.0.0.11","1.1.2.0","PSt7-10","170328-006","1/4/2020 10:31:52","0000-00","0","no battery","V"
"11/02/2020","12:38:36","1","default","640513929","OXY_CH1","84.226","min","161.234","µmol/L","Humid","23.313","deg","43542","µV","26.496","°C","1018.000","hPa","35.3","pmil","0","55.520","deg","20.000","°C","100.000","%a.s.","21.750","deg","20.000","°C","977.000","hPa","0.861","-0.02617","0.00035","0","0","13.56","Humid","24.85","0","70.00","286278.54","SABD0000000001","AAV1.0.0.11","1.1.2.0","PSt7-10","170328-006","1/4/2020 10:31:52","0000-00","0","no battery","V"
"11/02/2020","12:38:37","1","default","640513929","OXY_CH1","84.242","min","161.219","µmol/L","Humid","23.313","deg","43540","µV","26.500","°C","1018.000","hPa","35.3","pmil","0","55.520","deg","20.000","°C","100.000","%a.s.","21.750","deg","20.000","°C","977.000","hPa","0.861","-0.02617","0.00035","0","0","13.56","Humid","24.85","0","70.00","286271.83","SABD0000000001","AAV1.0.0.11","1.1.2.0","PSt7-10","170328-006","1/4/2020 10:31:52","0000-00","0","no battery","V"
"11/02/2020","12:38:38","1","default","640513929","OXY_CH1","84.259","min","161.087","µmol/L","Humid","23.318","deg","43541","µV","26.513","°C","1018.000","hPa","35.3","pmil","0","55.520","deg","20.000","°C","100.000","%a.s.","21.750","deg","20.000","°C","977.000","hPa","0.861","-0.02617","0.00035","0","0","13.56","Humid","24.85","0","70.00","286270.19","SABD0000000001","AAV1.0.0.11","1.1.2.0","PSt7-10","170328-006","1/4/2020 10:31:52","0000-00","0","no battery","V"
"11/02/2020","12:38:39","1","default","640513929","OXY_CH1","84.275","min","161.074","µmol/L","Humid","23.317","deg","43539","µV","26.519","°C","1018.000","hPa","35.3","pmil","0","55.520","deg","20.000","°C","100.000","%a.s.","21.750","deg","20.000","°C","977.000","hPa","0.861","-0.02617","0.00035","0","0","13.56","Humid","24.85","0","70.00","286279.59","SABD0000000001","AAV1.0.0.11","1.1.2.0","PSt7-10","170328-006","1/4/2020 10:31:52","0000-00","0","no battery","V"
"11/02/2020","12:38:40","1","default","640513929","OXY_CH1","84.292","min","161.148","µmol/L","Humid","23.311","deg","43536","µV","26.521","°C","1018.000","hPa","35.3","pmil","0","55.520","deg","20.000","°C","100.000","%a.s.","21.750","deg","20.000","°C","977.000","hPa","0.861","-0.02617","0.00035","0","0","13.56","Humid","24.85","0","70.00","286283.00","SABD0000000001","AAV1.0.0.11","1.1.2.0","PSt7-10","170328-006","1/4/2020 10:31:52","0000-00","0","no battery","V"
"11/02/2020","12:38:41","1","default","640513929","OXY_CH1","84.309","min","161.172","µmol/L","Humid","23.314","deg","43539","µV","26.507","°C","1018.000","hPa","35.3","pmil","0","55.520","deg","20.000","°C","100.000","%a.s.","21.750","deg","20.000","°C","977.000","hPa","0.861","-0.02617","0.00035","0","0","13.56","Humid","24.85","0","70.00","286277.42","SABD0000000001","AAV1.0.0.11","1.1.2.0","PSt7-10","170328-006","1/4/2020 10:31:52","0000-00","0","no battery","V"
"11/02/2020","12:38:42","1","default","640513929","OXY_CH1","84.325","min","161.110","µmol/L","Humid","23.316","deg","43531","µV","26.514","°C","1018.000","hPa","35.3","pmil","0","55.520","deg","20.000","°C","100.000","%a.s.","21.750","deg","20.000","°C","977.000","hPa","0.861","-0.02617","0.00035","0","0","13.56","Humid","24.85","0","70.00","286275.49","SABD0000000001","AAV1.0.0.11","1.1.2.0","PSt7-10","170328-006","1/4/2020 10:31:52","0000-00","0","no battery","V"
"11/02/2020","12:38:43","1","default","640513929","OXY_CH1","84.342","min","161.231","µmol/L","Humid","23.308","deg","43538","µV","26.511","°C","1018.000","hPa","35.3","pmil","0","55.520","deg","20.000","°C","100.000","%a.s.","21.750","deg","20.000","°C","977.000","hPa","0.861","-0.02617","0.00035","0","0","13.56","Humid","24.85","0","70.00","286278.97","SABD0000000001","AAV1.0.0.11","1.1.2.0","PSt7-10","170328-006","1/4/2020 10:31:52","0000-00","0","no battery","V"
"11/02/2020","12:38:44","1","default","640513929","OXY_CH1","84.359","min","161.000","µmol/L","Humid","23.319","deg","43540","µV","26.529","°C","1018.000","hPa","35.3","pmil","0","55.520","deg","20.000","°C","100.000","%a.s.","21.750","deg","20.000","°C","977.000","hPa","0.861","-0.02617","0.00035","0","0","13.56","Humid","24.85","0","70.00","286280.99","SABD0000000001","AAV1.0.0.11","1.1.2.0","PSt7-10","170328-006","1/4/2020 10:31:52","0000-00","0","no battery","V"
"11/02/2020","12:38:45","1","default","640513929","OXY_CH1","84.376","min","161.186","µmol/L","Humid","23.314","deg","43534","µV","26.504","°C","1018.000","hPa","35.3","pmil","0","55.520","deg","20.000","°C","100.000","%a.s.","21.750","deg","20.000","°C","977.000","hPa","0.861","-0.02617","0.00035","0","0","13.56","Humid","24.85","0","70.00","286271.83","SABD0000000001","AAV1.0.0.11","1.1.2.0","PSt7-10","170328-006","1/4/2020 10:31:52","0000-00","0","no battery","V"
"11/02/2020","12:38:46","1","default","640513929","OXY_CH1","84.392","min","161.119","µmol/L","Humid","23.318","deg","43527","µV","26.506","°C","1018.000","hPa","35.3","pmil","0","55.520","deg","20.000","°C","100.000","%a.s.","21.750","deg","20.000","°C","977.000","hPa","0.861","-0.02617","0.00035","0","0","13.56","Humid","24.85","0","70.00","286267.99","SABD0000000001","AAV1.0.0.11","1.1.2.0","PSt7-10","170328-006","1/4/2020 10:31:52","0000-00","0","no battery","V"
"11/02/2020","12:38:47","1","default","640513929","OXY_CH1","84.409","min","161.233","µmol/L","Humid","23.313","deg","43528","µV","26.497","°C","1018.000","hPa","35.3","pmil","0","55.520","deg","20.000","°C","100.000","%a.s.","21.750","deg","20.000","°C","977.000","hPa","0.861","-0.02617","0.00035","0","0","13.56","Humid","24.85","0","70.00","286288.26","SABD0000000001","AAV1.0.0.11","1.1.2.0","PSt7-10","170328-006","1/4/2020 10:31:52","0000-00","0","no battery","V"
"11/02/2020","12:38:48","1","default","640513929","OXY_CH1","84.425","min","161.203","µmol/L","Humid","23.307","deg","43525","µV","26.520","°C","1018.000","hPa","35.3","pmil","0","55.520","deg","20.000","°C","100.000","%a.s.","21.750","deg","20.000","°C","977.000","hPa","0.861","-0.02617","0.00035","0","0","13.56","Humid","24.85","0","70.00","286272.63","SABD0000000001","AAV1.0.0.11","1.1.2.0","PSt7-10","170328-006","1/4/2020 10:31:52","0000-00","0","no battery","V"
"11/02/2020","12:38:49","1","default","640513929","OXY_CH1","84.442","min","161.248","µmol/L","Humid","23.307","deg","43531","µV","26.511","°C","1018.000","hPa","35.3","pmil","0","55.520","deg","20.000","°C","100.000","%a.s.","21.750","deg","20.000","°C","977.000","hPa","0.861","-0.02617","0.00035","0","0","13.56","Humid","24.85","0","70.00","286270.24","SABD0000000001","AAV1.0.0.11","1.1.2.0","PSt7-10","170328-006","1/4/2020 10:31:52","0000-00","0","no battery","V"
"11/02/2020","12:38:50","1","default","640513929","OXY_CH1","84.458","min","161.171","µmol/L","Humid","23.316","deg","43532","µV","26.501","°C","1018.000","hPa","35.3","pmil","0","55.520","deg","20.000","°C","100.000","%a.s.","21.750","deg","20.000","°C","977.000","hPa","0.861","-0.02617","0.00035","0","0","13.56","Humid","24.85","0","70.00","286269.54","SABD0000000001","AAV1.0.0.11","1.1.2.0","PSt7-10","170328-006","1/4/2020 10:31:52","0000-00","0","no battery","V"
"11/02/2020","12:38:51","1","default","640513929","OXY_CH1","84.475","min","161.362","µmol/L","Humid","23.301","deg","43524","µV","26.504","°C","1018.000","hPa","35.3","pmil","0","55.520","deg","20.000","°C","100.000","%a.s.","21.750","deg","20.000","°C","977.000","hPa","0.861","-0.02617","0.00035","0","0","13.56","Humid","24.85","0","70.00","286282.99","SABD0000000001","AAV1.0.0.11","1.1.2.0","PSt7-10","170328-006","1/4/2020 10:31:52","0000-00","0","no battery","V"
"11/02/2020","12:38:52","1","default","640513929","OXY_CH1","84.492","min","161.318","µmol/L","Humid","23.302","deg","43527","µV","26.510","°C","1018.000","hPa","35.3","pmil","0","55.520","deg","20.000","°C","100.000","%a.s.","21.750","deg","20.000","°C","977.000","hPa","0.861","-0.02617","0.00035","0","0","13.56","Humid","24.85","0","70.00","286274.01","SABD0000000001","AAV1.0.0.11","1.1.2.0","PSt7-10","170328-006","1/4/2020 10:31:52","0000-00","0","no battery","V"
"11/02/2020","12:38:53","1","default","640513929","OXY_CH1","84.509","min","161.285","µmol/L","Humid","23.307","deg","43523","µV","26.503","°C","1018.000","hPa","35.3","pmil","0","55.520","deg","20.000","°C","100.000","%a.s.","21.750","deg","20.000","°C","977.000","hPa","0.861","-0.02617","0.00035","0","0","13.56","Humid","24.85","0","70.00","286277.31","SABD0000000001","AAV1.0.0.11","1.1.2.0","PSt7-10","170328-006","1/4/2020 10:31:52","0000-00","0","no battery","V"
"11/02/2020","12:38:54","1","default","640513929","OXY_CH1","84.525","min","161.271","µmol/L","Humid","23.308","deg","43519","µV","26.503","°C","1018.000","hPa","35.3","pmil","0","55.520","deg","20.000","°C","100.000","%a.s.","21.750","deg","20.000","°C","977.000","hPa","0.861","-0.02617","0.00035","0","0","13.56","Humid","24.85","0","70.00","286274.46","SABD0000000001","AAV1.0.0.11","1.1.2.0","PSt7-10","170328-006","1/4/2020 10:31:52","0000-00","0","no battery","V"
"11/02/2020","12:38:55","1","default","640513929","OXY_CH1","84.542","min","161.369","µmol/L","Humid","23.305","deg","43523","µV","26.491","°C","1018.000","hPa","35.3","pmil","0","55.520","deg","20.000","°C","100.000","%a.s.","21.750","deg","20.000","°C","977.000","hPa","0.861","-0.02617","0.00035","0","0","13.56","Humid","24.85","0","70.00","286286.37","SABD0000000001","AAV1.0.0.11","1.1.2.0","PSt7-10","170328-006","1/4/2020 10:31:52","0000-00","0","no battery","V"
"11/02/2020","12:38:56","1","default","640513929","OXY_CH1","84.559","min","161.353","µmol/L","Humid","23.302","deg","43518","µV","26.503","°C","1018.000","hPa","35.3","pmil","0","55.520","deg","20.000","°C","100.000","%a.s.","21.750","deg","20.000","°C","977.000","hPa","0.861","-0.02617","0.00035","0","0","13.56","Humid","24.85","0","70.00","286272.14","SABD0000000001","AAV1.0.0.11","1.1.2.0","PSt7-10","170328-006","1/4/2020 10:31:52","0000-00","0","no battery","V"
"11/02/2020","12:38:57","1","default","640513929","OXY_CH1","84.576","min","161.472","µmol/L","Humid","23.290","deg","43522","µV","26.512","°C","1018.000","hPa","35.3","pmil","0","55.520","deg","20.000","°C","100.000","%a.s.","21.750","deg","20.000","°C","977.000","hPa","0.861","-0.02617","0.00035","0","0","13.56","Humid","24.85","0","70.00","286273.66","SABD0000000001","AAV1.0.0.11","1.1.2.0","PSt7-10","170328-006","1/4/2020 10:31:52","0000-00","0","no battery","V"
"11/02/2020","12:38:58","1","default","640513929","OXY_CH1","84.592","min","161.282","µmol/L","Humid","23.301","deg","43516","µV","26.521","°C","1018.000","hPa","35.3","pmil","0","55.520","deg","20.000","°C","100.000","%a.s.","21.750","deg","20.000","°C","977.000","hPa","0.861","-0.02617","0.00035","0","0","13.56","Humid","24.85","0","70.00","286287.93","SABD0000000001","AAV1.0.0.11","1.1.2.0","PSt7-10","170328-006","1/4/2020 10:31:52","0000-00","0","no battery","V"
"11/02/2020","12:38:59","1","default","640513929","OXY_CH1","84.609","min","161.341","µmol/L","Humid","23.298","deg","43511","µV","26.517","°C","1018.000","hPa","35.3","pmil","0","55.520","deg","20.000","°C","100.000","%a.s.","21.750","deg","20.000","°C","977.000","hPa","0.861","-0.02617","0.00035","0","0","13.56","Humid","24.85","0","70.00","286282.17","SABD0000000001","AAV1.0.0.11","1.1.2.0","PSt7-10","170328-006","1/4/2020 10:31:52","0000-00","0","no battery","V"
"11/02/2020","12:39:00","1","default","640513929","OXY_CH1","84.626","min","161.332","µmol/L","Humid","23.303","deg","43513","µV","26.505","°C","1018.000","hPa","35.3","pmil","0","55.520","deg","20.000","°C","100.000","%a.s.","21.750","deg","20.000","°C","977.000","hPa","0.861","-0.02617","0.00035","0","0","13.56","Humid","24.85","0","70.00","286280.49","SABD0000000001","AAV1.0.0.11","1.1.2.0","PSt7-10","170328-006","1/4/2020 10:31:52","0000-00","0","no battery","V"
"11/02/2020","12:39:01","1","default","640513929","OXY_CH1","84.642","min","161.481","µmol/L","Humid","23.295","deg","43513","µV","26.496","°C","1018.000","hPa","35.3","pmil","0","55.520","deg","20.000","°C","100.000","%a.s.","21.750","deg","20.000","°C","977.000","hPa","0.861","-0.02617","0.00035","0","0","13.56","Humid","24.85","0","70.00","286288.00","SABD0000000001","AAV1.0.0.11","1.1.2.0","PSt7-10","170328-006","1/4/2020 10:31:52","0000-00","0","no battery","V"
"11/02/2020","12:39:02","1","default","640513929","OXY_CH1","84.659","min","161.367","µmol/L","Humid","23.300","deg","43507","µV","26.506","°C","1018.000","hPa","35.3","pmil","0","55.520","deg","20.000","°C","100.000","%a.s.","21.750","deg","20.000","°C","977.000","hPa","0.861","-0.02617","0.00035","0","0","13.56","Humid","24.85","0","70.00","286280.22","SABD0000000001","AAV1.0.0.11","1.1.2.0","PSt7-10","170328-006","1/4/2020 10:31:52","0000-00","0","no battery","V"
"11/02/2020","12:39:03","1","default","640513929","OXY_CH1","84.675","min","161.369","µmol/L","Humid","23.296","deg","43508","µV","26.517","°C","1018.000","hPa","35.3","pmil","0","55.520","deg","20.000","°C","100.000","%a.s.","21.750","deg","20.000","°C","977.000","hPa","0.861","-0.02617","0.00035","0","0","13.56","Humid","24.85","0","70.00","286278.91","SABD0000000001","AAV1.0.0.11","1.1.2.0","PSt7-10","170328-006","1/4/2020 10:31:52","0000-00","0","no battery","V"
"11/02/2020","12:39:04","1","default","640513929","OXY_CH1","84.692","min","161.345","µmol/L","Humid","23.301","deg","43510","µV","26.507","°C","1018.000","hPa","35.3","pmil","0","55.520","deg","20.000","°C","100.000","%a.s.","21.750","deg","20.000","°C","977.000","hPa","0.861","-0.02617","0.00035","0","0","13.56","Humid","24.85","0","70.00","286297.80","SABD0000000001","AAV1.0.0.11","1.1.2.0","PSt7-10","170328-006","1/4/2020 10:31:52","0000-00","0","no battery","V"
"11/02/2020","12:39:05","1","default","640513929","OXY_CH1","84.708","min","161.246","µmol/L","Humid","23.310","deg","43501","µV","26.503","°C","1018.000","hPa","35.3","pmil","0","55.520","deg","20.000","°C","100.000","%a.s.","21.750","deg","20.000","°C","977.000","hPa","0.861","-0.02617","0.00035","0","0","13.56","Humid","24.85","0","70.00","286287.91","SABD0000000001","AAV1.0.0.11","1.1.2.0","PSt7-10","170328-006","1/4/2020 10:31:52","0000-00","0","no battery","V"
"11/02/2020","12:39:06","1","default","640513929","OXY_CH1","84.725","min","161.318","µmol/L","Humid","23.302","deg","43505","µV","26.510","°C","1018.000","hPa","35.3","pmil","0","55.520","deg","20.000","°C","100.000","%a.s.","21.750","deg","20.000","°C","977.000","hPa","0.861","-0.02617","0.00035","0","0","13.56","Humid","24.85","0","70.00","286292.21","SABD0000000001","AAV1.0.0.11","1.1.2.0","PSt7-10","170328-006","1/4/2020 10:31:52","0000-00","0","no battery","V"
"11/02/2020","12:39:07","1","default","640513929","OXY_CH1","84.742","min","161.293","µmol/L","Humid","23.304","deg","43504","µV","26.510","°C","1018.000","hPa","35.3","pmil","0","55.520","deg","20.000","°C","100.000","%a.s.","21.750","deg","20.000","°C","977.000","hPa","0.861","-0.02617","0.00035","0","0","13.56","Humid","24.85","0","70.00","286284.03","SABD0000000001","AAV1.0.0.11","1.1.2.0","PSt7-10","170328-006","1/4/2020 10:31:52","0000-00","0","no battery","V"
"11/02/2020","12:39:08","1","default","640513929","OXY_CH1","84.759","min","161.417","µmol/L","Humid","23.293","deg","43503","µV","26.515","°C","1018.000","hPa","35.3","pmil","0","55.520","deg","20.000","°C","100.000","%a.s.","21.750","deg","20.000","°C","977.000","hPa","0.861","-0.02617","0.00035","0","0","13.56","Humid","24.85","0","70.00","286283.21","SABD0000000001","AAV1.0.0.11","1.1.2.0","PSt7-10","170328-006","1/4/2020 10:31:52","0000-00","0","no battery","V"
"11/02/2020","12:39:09","1","default","640513929","OXY_CH1","84.776","min","161.498","µmol/L","Humid","23.293","deg","43501","µV","26.498","°C","1018.000","hPa","35.3","pmil","0","55.520","deg","20.000","°C","100.000","%a.s.","21.750","deg","20.000","°C","977.000","hPa","0.861","-0.02617","0.00035","0","0","13.56","Humid","24.85","0","70.00","286286.59","SABD0000000001","AAV1.0.0.11","1.1.2.0","PSt7-10","170328-006","1/4/2020 10:31:52","0000-00","0","no battery","V"
"11/02/2020","12:39:10","1","default","640513929","OXY_CH1","84.792","min","161.469","µmol/L","Humid","23.294","deg","43503","µV","26.501","°C","1018.000","hPa","35.3","pmil","0","55.520","deg","20.000","°C","100.000","%a.s.","21.750","deg","20.000","°C","977.000","hPa","0.861","-0.02617","0.00035","0","0","13.56","Humid","24.85","0","70.00","286294.87","SABD0000000001","AAV1.0.0.11","1.1.2.0","PSt7-10","170328-006","1/4/2020 10:31:52","0000-00","0","no battery","V"
"11/02/2020","12:39:11","1","default","640513929","OXY_CH1","84.809","min","161.358","µmol/L","Humid","23.307","deg","43497","µV","26.487","°C","1018.000","hPa","35.3","pmil","0","55.520","deg","20.000","°C","100.000","%a.s.","21.750","deg","20.000","°C","977.000","hPa","0.861","-0.02617","0.00035","0","0","13.56","Humid","24.85","0","70.00","286278.41","SABD0000000001","AAV1.0.0.11","1.1.2.0","PSt7-10","170328-006","1/4/2020 10:31:52","0000-00","0","no battery","V"
"11/02/2020","12:39:12","1","default","640513929","OXY_CH1","84.825","min","161.417","µmol/L","Humid","23.298","deg","43502","µV","26.501","°C","1018.000","hPa","35.3","pmil","0","55.520","deg","20.000","°C","100.000","%a.s.","21.750","deg","20.000","°C","977.000","hPa","0.861","-0.02617","0.00035","0","0","13.56","Humid","24.85","0","70.00","286284.21","SABD0000000001","AAV1.0.0.11","1.1.2.0","PSt7-10","170328-006","1/4/2020 10:31:52","0000-00","0","no battery","V"
"11/02/2020","12:39:13","1","default","640513929","OXY_CH1","84.842","min","161.498","µmol/L","Humid","23.291","deg","43503","µV","26.504","°C","1018.000","hPa","35.3","pmil","0","55.520","deg","20.000","°C","100.000","%a.s.","21.750","deg","20.000","°C","977.000","hPa","0.861","-0.02617","0.00035","0","0","13.56","Humid","24.85","0","70.00","286290.52","SABD0000000001","AAV1.0.0.11","1.1.2.0","PSt7-10","170328-006","1/4/2020 10:31:52","0000-00","0","no battery","V"
"11/02/2020","12:39:14","1","default","640513929","OXY_CH1","84.858","min","161.485","µmol/L","Humid","23.293","deg","43497","µV","26.501","°C","1018.000","hPa","35.3","pmil","0","55.520","deg","20.000","°C","100.000","%a.s.","21.750","deg","20.000","°C","977.000","hPa","0.861","-0.02617","0.00035","0","0","13.56","Humid","24.85","0","70.00","286286.10","SABD0000000001","AAV1.0.0.11","1.1.2.0","PSt7-10","170328-006","1/4/2020 10:31:52","0000-00","0","no battery","V"
"11/02/2020","12:39:15","1","default","640513929","OXY_CH1","84.875","min","161.589","µmol/L","Humid","23.288","deg","43505","µV","26.493","°C","1018.000","hPa","35.3","pmil","0","55.520","deg","20.000","°C","100.000","%a.s.","21.750","deg","20.000","°C","977.000","hPa","0.861","-0.02617","0.00035","0","0","13.56","Humid","24.85","0","70.00","286288.80","SABD0000000001","AAV1.0.0.11","1.1.2.0","PSt7-10","170328-006","1/4/2020 10:31:52","0000-00","0","no battery","V"
"11/02/2020","12:39:16","1","default","640513929","OXY_CH1","84.892","min","161.374","µmol/L","Humid","23.300","deg","43494","µV","26.504","°C","1018.000","hPa","35.3","pmil","0","55.520","deg","20.000","°C","100.000","%a.s.","21.750","deg","20.000","°C","977.000","hPa","0.861","-0.02617","0.00035","0","0","13.56","Humid","24.85","0","70.00","286285.30","SABD0000000001","AAV1.0.0.11","1.1.2.0","PSt7-10","170328-006","1/4/2020 10:31:52","0000-00","0","no battery","V"
"11/02/2020","12:39:17","1","default","640513929","OXY_CH1","84.909","min","161.502","µmol/L","Humid","23.289","deg","43488","µV","26.509","°C","1018.000","hPa","35.3","pmil","0","55.520","deg","20.000","°C","100.000","%a.s.","21.750","deg","20.000","°C","977.000","hPa","0.861","-0.02617","0.00035","0","0","13.56","Humid","24.85","0","70.00","286287.56","SABD0000000001","AAV1.0.0.11","1.1.2.0","PSt7-10","170328-006","1/4/2020 10:31:52","0000-00","0","no battery","V"
"11/02/2020","12:39:18","1","default","640513929","OXY_CH1","84.925","min","161.468","µmol/L","Humid","23.294","deg","43489","µV","26.502","°C","1018.000","hPa","35.3","pmil","0","55.520","deg","20.000","°C","100.000","%a.s.","21.750","deg","20.000","°C","977.000","hPa","0.861","-0.02617","0.00035","0","0","13.56","Humid","24.85","0","70.00","286271.59","SABD0000000001","AAV1.0.0.11","1.1.2.0","PSt7-10","170328-006","1/4/2020 10:31:52","0000-00","0","no battery","V"
"11/02/2020","12:39:19","1","default","640513929","OXY_CH1","84.942","min","161.408","µmol/L","Humid","23.297","deg","43494","µV","26.506","°C","1018.000","hPa","35.3","pmil","0","55.520","deg","20.000","°C","100.000","%a.s.","21.750","deg","20.000","°C","977.000","hPa","0.861","-0.02617","0.00035","0","0","13.56","Humid","24.85","0","70.00","286279.48","SABD0000000001","AAV1.0.0.11","1.1.2.0","PSt7-10","170328-006","1/4/2020 10:31:52","0000-00","0","no battery","V"
"11/02/2020","12:39:20","1","default","640513929","OXY_CH1","84.959","min","161.425","µmol/L","Humid","23.298","deg","43491","µV","26.499","°C","1018.000","hPa","35.3","pmil","0","55.520","deg","20.000","°C","100.000","%a.s.","21.750","deg","20.000","°C","977.000","hPa","0.861","-0.02617","0.00035","0","0","13.56","Humid","24.85","0","70.00","286285.27","SABD0000000001","AAV1.0.0.11","1.1.2.0","PSt7-10","170328-006","1/4/2020 10:31:52","0000-00","0","no battery","V"
"11/02/2020","12:42:02","1","default","640513929","OXY_CH1","87.653","min","163.203","µmol/L","Humid","23.172","deg","43355","µV","26.488","°C","1018.000","hPa","35.3","pmil","0","55.520","deg","20.000","°C","100.000","%a.s.","21.750","deg","20.000","°C","977.000","hPa","0.861","-0.02617","0.00035","0","0","13.56","Humid","24.85","0","70.00","286596.39","SABD0000000001","AAV1.0.0.11","1.1.2.0","PSt7-10","170328-006","1/4/2020 10:31:52","0000-00","0","no battery","V"
"11/02/2020","12:42:03","1","default","640513929","OXY_CH1","87.675","min","163.096","µmol/L","Humid","23.176","deg","43345","µV","26.499","°C","1018.000","hPa","35.3","pmil","0","55.520","deg","20.000","°C","100.000","%a.s.","21.750","deg","20.000","°C","977.000","hPa","0.861","-0.02617","0.00035","0","0","13.56","Humid","24.85","0","70.00","286558.80","SABD0000000001","AAV1.0.0.11","1.1.2.0","PSt7-10","170328-006","1/4/2020 10:31:52","0000-00","0","no battery","V"
"11/02/2020","12:42:04","1","default","640513929","OXY_CH1","87.692","min","163.151","µmol/L","Humid","23.173","deg","43333","µV","26.496","°C","1018.000","hPa","35.3","pmil","0","55.520","deg","20.000","°C","100.000","%a.s.","21.750","deg","20.000","°C","977.000","hPa","0.861","-0.02617","0.00035","0","0","13.56","Humid","24.85","0","70.00","286519.41","SABD0000000001","AAV1.0.0.11","1.1.2.0","PSt7-10","170328-006","1/4/2020 10:31:52","0000-00","0","no battery","V"
"11/02/2020","12:42:05","1","default","640513929","OXY_CH1","87.708","min","163.074","µmol/L","Humid","23.179","deg","43336","µV","26.495","°C","1018.000","hPa","35.3","pmil","0","55.520","deg","20.000","°C","100.000","%a.s.","21.750","deg","20.000","°C","977.000","hPa","0.861","-0.02617","0.00035","0","0","13.56","Humid","24.85","0","70.00","286502.40","SABD0000000001","AAV1.0.0.11","1.1.2.0","PSt7-10","170328-006","1/4/2020 10:31:52","0000-00","0","no battery","V"
"11/02/2020","12:42:06","1","default","640513929","OXY_CH1","87.725","min","163.234","µmol/L","Humid","23.169","deg","43334","µV","26.490","°C","1018.000","hPa","35.3","pmil","0","55.520","deg","20.000","°C","100.000","%a.s.","21.750","deg","20.000","°C","977.000","hPa","0.861","-0.02617","0.00035","0","0","13.56","Humid","24.85","0","70.00","286488.55","SABD0000000001","AAV1.0.0.11","1.1.2.0","PSt7-10","170328-006","1/4/2020 10:31:52","0000-00","0","no battery","V"
"11/02/2020","12:42:07","1","default","640513929","OXY_CH1","87.742","min","163.255","µmol/L","Humid","23.169","deg","43331","µV","26.486","°C","1018.000","hPa","35.3","pmil","0","55.520","deg","20.000","°C","100.000","%a.s.","21.750","deg","20.000","°C","977.000","hPa","0.861","-0.02617","0.00035","0","0","13.56","Humid","24.85","0","70.00","286486.88","SABD0000000001","AAV1.0.0.11","1.1.2.0","PSt7-10","170328-006","1/4/2020 10:31:52","0000-00","0","no battery","V"
"11/02/2020","12:42:08","1","default","640513929","OXY_CH1","87.759","min","163.122","µmol/L","Humid","23.168","deg","43323","µV","26.516","°C","1018.000","hPa","35.3","pmil","0","55.520","deg","20.000","°C","100.000","%a.s.","21.750","deg","20.000","°C","977.000","hPa","0.861","-0.02617","0.00035","0","0","13.56","Humid","24.85","0","70.00","286490.07","SABD0000000001","AAV1.0.0.11","1.1.2.0","PSt7-10","170328-006","1/4/2020 10:31:52","0000-00","0","no battery","V"
"11/02/2020","12:42:09","1","default","640513929","OXY_CH1","87.776","min","163.125","µmol/L","Humid","23.171","deg","43330","µV","26.507","°C","1018.000","hPa","35.3","pmil","0","55.520","deg","20.000","°C","100.000","%a.s.","21.750","deg","20.000","°C","977.000","hPa","0.861","-0.02617","0.00035","0","0","13.56","Humid","24.85","0","70.00","286481.33","SABD0000000001","AAV1.0.0.11","1.1.2.0","PSt7-10","170328-006","1/4/2020 10:31:52","0000-00","0","no battery","V"
"11/02/2020","12:42:10","1","default","640513929","OXY_CH1","87.792","min","163.150","µmol/L","Humid","23.172","deg","43326","µV","26.499","°C","1018.000","hPa","35.3","pmil","0","55.520","deg","20.000","°C","100.000","%a.s.","21.750","deg","20.000","°C","977.000","hPa","0.861","-0.02617","0.00035","0","0","13.56","Humid","24.85","0","70.00","286474.19","SABD0000000001","AAV1.0.0.11","1.1.2.0","PSt7-10","170328-006","1/4/2020 10:31:52","0000-00","0","no battery","V"
"11/02/2020","12:42:11","1","default","640513929","OXY_CH1","87.809","min","163.239","µmol/L","Humid","23.165","deg","43323","µV","26.500","°C","1018.000","hPa","35.3","pmil","0","55.520","deg","20.000","°C","100.000","%a.s.","21.750","deg","20.000","°C","977.000","hPa","0.861","-0.02617","0.00035","0","0","13.56","Humid","24.85","0","70.00","286470.09","SABD0000000001","AAV1.0.0.11","1.1.2.0","PSt7-10","170328-006","1/4/2020 10:31:52","0000-00","0","no battery","V"
"11/02/2020","12:42:12","1","default","640513929","OXY_CH1","87.825","min","163.235","µmol/L","Humid","23.164","deg","43317","µV","26.504","°C","1018.000","hPa","35.3","pmil","0","55.520","deg","20.000","°C","100.000","%a.s.","21.750","deg","20.000","°C","977.000","hPa","0.861","-0.02617","0.00035","0","0","13.56","Humid","24.85","0","70.00","286470.04","SABD0000000001","AAV1.0.0.11","1.1.2.0","PSt7-10","170328-006","1/4/2020 10:31:52","0000-00","0","no battery","V"
"11/02/2020","12:42:13","1","default","640513929","OXY_CH1","87.842","min","163.378","µmol/L","Humid","23.155","deg","43313","µV","26.500","°C","1018.000","hPa","35.3","pmil","0","55.520","deg","20.000","°C","100.000","%a.s.","21.750","deg","20.000","°C","977.000","hPa","0.861","-0.02617","0.00035","0","0","13.56","Humid","24.85","0","70.00","286462.76","SABD0000000001","AAV1.0.0.11","1.1.2.0","PSt7-10","170328-006","1/4/2020 10:31:52","0000-00","0","no battery","V"
"11/02/2020","12:42:14","1","default","640513929","OXY_CH1","87.858","min","163.227","µmol/L","Humid","23.162","deg","43311","µV","26.512","°C","1018.000","hPa","35.3","pmil","0","55.520","deg","20.000","°C","100.000","%a.s.","21.750","deg","20.000","°C","977.000","hPa","0.861","-0.02617","0.00035","0","0","13.56","Humid","24.85","0","70.00","286464.03","SABD0000000001","AAV1.0.0.11","1.1.2.0","PSt7-10","170328-006","1/4/2020 10:31:52","0000-00","0","no battery","V"
"11/02/2020","12:42:15","1","default","640513929","OXY_CH1","87.875","min","163.298","µmol/L","Humid","23.160","deg","43303","µV","26.503","°C","1018.000","hPa","35.3","pmil","0","55.520","deg","20.000","°C","100.000","%a.s.","21.750","deg","20.000","°C","977.000","hPa","0.861","-0.02617","0.00035","0","0","13.56","Humid","24.85","0","70.00","286457.18","SABD0000000001","AAV1.0.0.11","1.1.2.0","PSt7-10","170328-006","1/4/2020 10:31:52","0000-00","0","no battery","V"
"11/02/2020","12:42:16","1","default","640513929","OXY_CH1","87.892","min","163.297","µmol/L","Humid","23.162","deg","43294","µV","26.497","°C","1018.000","hPa","35.3","pmil","0","55.520","deg","20.000","°C","100.000","%a.s.","21.750","deg","20.000","°C","977.000","hPa","0.861","-0.02617","0.00035","0","0","13.56","Humid","24.85","0","70.00","286467.26","SABD0000000001","AAV1.0.0.11","1.1.2.0","PSt7-10","170328-006","1/4/2020 10:31:52","0000-00","0","no battery","V"
"11/02/2020","12:42:17","1","default","640513929","OXY_CH1","87.908","min","163.256","µmol/L","Humid","23.167","deg","43284","µV","26.491","°C","1018.000","hPa","35.3","pmil","0","55.520","deg","20.000","°C","100.000","%a.s.","21.750","deg","20.000","°C","977.000","hPa","0.861","-0.02617","0.00035","0","0","13.56","Humid","24.85","0","70.00","286458.01","SABD0000000001","AAV1.0.0.11","1.1.2.0","PSt7-10","170328-006","1/4/2020 10:31:52","0000-00","0","no battery","V"
"11/02/2020","12:42:18","1","default","640513929","OXY_CH1","87.925","min","163.079","µmol/L","Humid","23.174","deg","43280","µV","26.508","°C","1018.000","hPa","35.3","pmil","0","55.520","deg","20.000","°C","100.000","%a.s.","21.750","deg","20.000","°C","977.000","hPa","0.861","-0.02617","0.00035","0","0","13.56","Humid","24.85","0","70.00","286464.98","SABD0000000001","AAV1.0.0.11","1.1.2.0","PSt7-10","170328-006","1/4/2020 10:31:52","0000-00","0","no battery","V"
"11/02/2020","12:42:19","1","default","640513929","OXY_CH1","87.942","min","163.266","µmol/L","Humid","23.165","deg","43277","µV","26.495","°C","1018.000","hPa","35.3","pmil","0","55.520","deg","20.000","°C","100.000","%a.s.","21.750","deg","20.000","°C","977.000","hPa","0.861","-0.02617","0.00035","0","0","13.56","Humid","24.85","0","70.00","286457.53","SABD0000000001","AAV1.0.0.11","1.1.2.0","PSt7-10","170328-006","1/4/2020 10:31:52","0000-00","0","no battery","V"
"11/02/2020","12:42:20","1","default","640513929","OXY_CH1","87.960","min","163.265","µmol/L","Humid","23.163","deg","43274","µV","26.501","°C","1018.000","hPa","35.3","pmil","0","55.520","deg","20.000","°C","100.000","%a.s.","21.750","deg","20.000","°C","977.000","hPa","0.861","-0.02617","0.00035","0","0","13.56","Humid","24.85","0","70.00","286464.93","SABD0000000001","AAV1.0.0.11","1.1.2.0","PSt7-10","170328-006","1/4/2020 10:31:52","0000-00","0","no battery","V"
"11/02/2020","12:42:21","1","default","640513929","OXY_CH1","87.976","min","163.319","µmol/L","Humid","23.162","deg","43267","µV","26.492","°C","1018.000","hPa","35.3","pmil","0","55.520","deg","20.000","°C","100.000","%a.s.","21.750","deg","20.000","°C","977.000","hPa","0.861","-0.02617","0.00035","0","0","13.56","Humid","24.85","0","70.00","286452.94","SABD0000000001","AAV1.0.0.11","1.1.2.0","PSt7-10","170328-006","1/4/2020 10:31:52","0000-00","0","no battery","V"
"11/02/2020","12:42:22","1","default","640513929","OXY_CH1","87.992","min","163.383","µmol/L","Humid","23.158","deg","43266","µV","26.491","°C","1018.000","hPa","35.3","pmil","0","55.520","deg","20.000","°C","100.000","%a.s.","21.750","deg","20.000","°C","977.000","hPa","0.861","-0.02617","0.00035","0","0","13.56","Humid","24.85","0","70.00","286447.72","SABD0000000001","AAV1.0.0.11","1.1.2.0","PSt7-10","170328-006","1/4/2020 10:31:52","0000-00","0","no battery","V"
"11/02/2020","12:42:23","1","default","640513929","OXY_CH1","88.009","min","163.419","µmol/L","Humid","23.158","deg","43276","µV","26.483","°C","1018.000","hPa","35.3","pmil","0","55.520","deg","20.000","°C","100.000","%a.s.","21.750","deg","20.000","°C","977.000","hPa","0.861","-0.02617","0.00035","0","0","13.56","Humid","24.85","0","70.00","286450.75","SABD0000000001","AAV1.0.0.11","1.1.2.0","PSt7-10","170328-006","1/4/2020 10:31:52","0000-00","0","no battery","V"
"11/02/2020","12:42:24","1","default","640513929","OXY_CH1","88.026","min","163.358","µmol/L","Humid","23.161","deg","43264","µV","26.487","°C","1018.000","hPa","35.3","pmil","0","55.520","deg","20.000","°C","100.000","%a.s.","21.750","deg","20.000","°C","977.000","hPa","0.861","-0.02617","0.00035","0","0","13.56","Humid","24.85","0","70.00","286459.31","SABD0000000001","AAV1.0.0.11","1.1.2.0","PSt7-10","170328-006","1/4/2020 10:31:52","0000-00","0","no battery","V"
"11/02/2020","12:42:25","1","default","640513929","OXY_CH1","88.042","min","163.464","µmol/L","Humid","23.154","deg","43267","µV","26.485","°C","1018.000","hPa","35.3","pmil","0","55.520","deg","20.000","°C","100.000","%a.s.","21.750","deg","20.000","°C","977.000","hPa","0.861","-0.02617","0.00035","0","0","13.56","Humid","24.85","0","70.00","286450.13","SABD0000000001","AAV1.0.0.11","1.1.2.0","PSt7-10","170328-006","1/4/2020 10:31:52","0000-00","0","no battery","V"
"11/02/2020","12:42:26","1","default","640513929","OXY_CH1","88.059","min","163.440","µmol/L","Humid","23.153","deg","43267","µV","26.493","°C","1018.000","hPa","35.3","pmil","0","55.520","deg","20.000","°C","100.000","%a.s.","21.750","deg","20.000","°C","977.000","hPa","0.861","-0.02617","0.00035","0","0","13.56","Humid","24.85","0","70.00","286458.23","SABD0000000001","AAV1.0.0.11","1.1.2.0","PSt7-10","170328-006","1/4/2020 10:31:52","0000-00","0","no battery","V"
"11/02/2020","12:42:27","1","default","640513929","OXY_CH1","88.076","min","163.434","µmol/L","Humid","23.153","deg","43270","µV","26.494","°C","1018.000","hPa","35.3","pmil","0","55.520","deg","20.000","°C","100.000","%a.s.","21.750","deg","20.000","°C","977.000","hPa","0.861","-0.02617","0.00035","0","0","13.56","Humid","24.85","0","70.00","286450.77","SABD0000000001","AAV1.0.0.11","1.1.2.0","PSt7-10","170328-006","1/4/2020 10:31:52","0000-00","0","no battery","V"
"11/02/2020","12:42:28","1","default","640513929","OXY_CH1","88.092","min","163.321","µmol/L","Humid","23.156","deg","43265","µV","26.509","°C","1018.000","hPa","35.3","pmil","0","55.520","deg","20.000","°C","100.000","%a.s.","21.750","deg","20.000","°C","977.000","hPa","0.861","-0.02617","0.00035","0","0","13.56","Humid","24.85","0","70.00","286455.65","SABD0000000001","AAV1.0.0.11","1.1.2.0","PSt7-10","170328-006","1/4/2020 10:31:52","0000-00","0","no battery","V"
"11/02/2020","12:42:29","1","default","640513929","OXY_CH1","88.108","min","163.211","µmol/L","Humid","23.164","deg","43260","µV","26.509","°C","1018.000","hPa","35.3","pmil","0","55.520","deg","20.000","°C","100.000","%a.s.","21.750","deg","20.000","°C","977.000","hPa","0.861","-0.02617","0.00035","0","0","13.56","Humid","24.85","0","70.00","286444.48","SABD0000000001","AAV1.0.0.11","1.1.2.0","PSt7-10","170328-006","1/4/2020 10:31:52","0000-00","0","no battery","V"
"11/02/2020","12:42:30","1","default","640513929","OXY_CH1","88.125","min","163.310","µmol/L","Humid","23.161","deg","43255","µV","26.497","°C","1018.000","hPa","35.3","pmil","0","55.520","deg","20.000","°C","100.000","%a.s.","21.750","deg","20.000","°C","977.000","hPa","0.861","-0.02617","0.00035","0","0","13.56","Humid","24.85","0","70.00","286453.64","SABD0000000001","AAV1.0.0.11","1.1.2.0","PSt7-10","170328-006","1/4/2020 10:31:52","0000-00","0","no battery","V"
"11/02/2020","12:42:31","1","default","640513929","OXY_CH1","88.142","min","163.312","µmol/L","Humid","23.153","deg","43249","µV","26.520","°C","1018.000","hPa","35.3","pmil","0","55.520","deg","20.000","°C","100.000","%a.s.","21.750","deg","20.000","°C","977.000","hPa","0.861","-0.02617","0.00035","0","0","13.56","Humid","24.85","0","70.00","286456.02","SABD0000000001","AAV1.0.0.11","1.1.2.0","PSt7-10","170328-006","1/4/2020 10:31:52","0000-00","0","no battery","V"
"11/02/2020","12:42:32","1","default","640513929","OXY_CH1","88.159","min","163.329","µmol/L","Humid","23.158","deg","43243","µV","26.502","°C","1018.000","hPa","35.3","pmil","0","55.520","deg","20.000","°C","100.000","%a.s.","21.750","deg","20.000","°C","977.000","hPa","0.861","-0.02617","0.00035","0","0","13.56","Humid","24.85","0","70.00","286459.53","SABD0000000001","AAV1.0.0.11","1.1.2.0","PSt7-10","170328-006","1/4/2020 10:31:52","0000-00","0","no battery","V"
"11/02/2020","12:42:33","1","default","640513929","OXY_CH1","88.175","min","163.460","µmol/L","Humid","23.148","deg","43241","µV","26.504","°C","1018.000","hPa","35.3","pmil","0","55.520","deg","20.000","°C","100.000","%a.s.","21.750","deg","20.000","°C","977.000","hPa","0.861","-0.02617","0.00035","0","0","13.56","Humid","24.85","0","70.00","286444.66","SABD0000000001","AAV1.0.0.11","1.1.2.0","PSt7-10","170328-006","1/4/2020 10:31:52","0000-00","0","no battery","V"
"11/02/2020","12:42:34","1","default","640513929","OXY_CH1","88.192","min","163.475","µmol/L","Humid","23.147","deg","43236","µV","26.503","°C","1018.000","hPa","35.3","pmil","0","55.520","deg","20.000","°C","100.000","%a.s.","21.750","deg","20.000","°C","977.000","hPa","0.861","-0.02617","0.00035","0","0","13.56","Humid","24.85","0","70.00","286449.08","SABD0000000001","AAV1.0.0.11","1.1.2.0","PSt7-10","170328-006","1/4/2020 10:31:52","0000-00","0","no battery","V"
"11/02/2020","12:42:35","1","default","640513929","OXY_CH1","88.209","min","163.471","µmol/L","Humid","23.151","deg","43230","µV","26.492","°C","1018.000","hPa","35.3","pmil","0","55.520","deg","20.000","°C","100.000","%a.s.","21.750","deg","20.000","°C","977.000","hPa","0.861","-0.02617","0.00035","0","0","13.56","Humid","24.85","0","70.00","286455.40","SABD0000000001","AAV1.0.0.11","1.1.2.0","PSt7-10","170328-006","1/4/2020 10:31:52","0000-00","0","no battery","V"
"11/02/2020","12:42:36","1","default","640513929","OXY_CH1","88.226","min","163.493","µmol/L","Humid","23.149","deg","43225","µV","26.494","°C","1018.000","hPa","35.3","pmil","0","55.520","deg","20.000","°C","100.000","%a.s.","21.750","deg","20.000","°C","977.000","hPa","0.861","-0.02617","0.00035","0","0","13.56","Humid","24.85","0","70.00","286449.59","SABD0000000001","AAV1.0.0.11","1.1.2.0","PSt7-10","170328-006","1/4/2020 10:31:52","0000-00","0","no battery","V"
"11/02/2020","12:42:37","1","default","640513929","OXY_CH1","88.242","min","163.313","µmol/L","Humid","23.156","deg","43226","µV","26.511","°C","1018.000","hPa","35.3","pmil","0","55.520","deg","20.000","°C","100.000","%a.s.","21.750","deg","20.000","°C","977.000","hPa","0.861","-0.02617","0.00035","0","0","13.56","Humid","24.85","0","70.00","286442.52","SABD0000000001","AAV1.0.0.11","1.1.2.0","PSt7-10","170328-006","1/4/2020 10:31:52","0000-00","0","no battery","V"
"11/02/2020","12:42:38","1","default","640513929","OXY_CH1","88.259","min","163.276","µmol/L","Humid","23.158","deg","43225","µV","26.513","°C","1018.000","hPa","35.3","pmil","0","55.520","deg","20.000","°C","100.000","%a.s.","21.750","deg","20.000","°C","977.000","hPa","0.861","-0.02617","0.00035","0","0","13.56","Humid","24.85","0","70.00","286438.28","SABD0000000001","AAV1.0.0.11","1.1.2.0","PSt7-10","170328-006","1/4/2020 10:31:52","0000-00","0","no battery","V"
"11/02/2020","12:42:39","1","default","640513929","OXY_CH1","88.275","min","163.502","µmol/L","Humid","23.149","deg","43226","µV","26.492","°C","1018.000","hPa","35.3","pmil","0","55.520","deg","20.000","°C","100.000","%a.s.","21.750","deg","20.000","°C","977.000","hPa","0.861","-0.02617","0.00035","0","0","13.56","Humid","24.85","0","70.00","286442.46","SABD0000000001","AAV1.0.0.11","1.1.2.0","PSt7-10","170328-006","1/4/2020 10:31:52","0000-00","0","no battery","V"
"11/02/2020","12:42:40","1","default","640513929","OXY_CH1","88.292","min","163.437","µmol/L","Humid","23.153","deg","43230","µV","26.494","°C","1018.000","hPa","35.3","pmil","0","55.520","deg","20.000","°C","100.000","%a.s.","21.750","deg","20.000","°C","977.000","hPa","0.861","-0.02617","0.00035","0","0","13.56","Humid","24.85","0","70.00","286435.40","SABD0000000001","AAV1.0.0.11","1.1.2.0","PSt7-10","170328-006","1/4/2020 10:31:52","0000-00","0","no battery","V"
"11/02/2020","12:42:41","1","default","640513929","OXY_CH1","88.308","min","163.518","µmol/L","Humid","23.150","deg","43212","µV","26.485","°C","1018.000","hPa","35.3","pmil","0","55.520","deg","20.000","°C","100.000","%a.s.","21.750","deg","20.000","°C","977.000","hPa","0.861","-0.02617","0.00035","0","0","13.56","Humid","24.85","0","70.00","286441.88","SABD0000000001","AAV1.0.0.11","1.1.2.0","PSt7-10","170328-006","1/4/2020 10:31:52","0000-00","0","no battery","V"
"11/02/2020","12:42:42","1","default","640513929","OXY_CH1","88.325","min","163.429","µmol/L","Humid","23.153","deg","43214","µV","26.495","°C","1018.000","hPa","35.3","pmil","0","55.520","deg","20.000","°C","100.000","%a.s.","21.750","deg","20.000","°C","977.000","hPa","0.861","-0.02617","0.00035","0","0","13.56","Humid","24.85","0","70.00","286440.82","SABD0000000001","AAV1.0.0.11","1.1.2.0","PSt7-10","170328-006","1/4/2020 10:31:52","0000-00","0","no battery","V"
"11/02/2020","12:42:43","1","default","640513929","OXY_CH1","88.342","min","163.558","µmol/L","Humid","23.146","deg","43205","µV","26.489","°C","1018.000","hPa","35.3","pmil","0","55.520","deg","20.000","°C","100.000","%a.s.","21.750","deg","20.000","°C","977.000","hPa","0.861","-0.02617","0.00035","0","0","13.56","Humid","24.85","0","70.00","286437.87","SABD0000000001","AAV1.0.0.11","1.1.2.0","PSt7-10","170328-006","1/4/2020 10:31:52","0000-00","0","no battery","V"
"11/02/2020","12:42:44","1","default","640513929","OXY_CH1","88.359","min","163.497","µmol/L","Humid","23.149","deg","43205","µV","26.493","°C","1018.000","hPa","35.3","pmil","0","55.520","deg","20.000","°C","100.000","%a.s.","21.750","deg","20.000","°C","977.000","hPa","0.861","-0.02617","0.00035","0","0","13.56","Humid","24.85","0","70.00","286453.68","SABD0000000001","AAV1.0.0.11","1.1.2.0","PSt7-10","170328-006","1/4/2020 10:31:52","0000-00","0","no battery","V"
"11/02/2020","12:42:45","1","default","640513929","OXY_CH1","88.375","min","163.565","µmol/L","Humid","23.146","deg","43194","µV","26.487","°C","1018.000","hPa","35.3","pmil","0","55.520","deg","20.000","°C","100.000","%a.s.","21.750","deg","20.000","°C","977.000","hPa","0.861","-0.02617","0.00035","0","0","13.56","Humid","24.85","0","70.00","286440.96","SABD0000000001","AAV1.0.0.11","1.1.2.0","PSt7-10","170328-006","1/4/2020 10:31:52","0000-00","0","no battery","V"
"11/02/2020","12:42:46","1","default","640513929","OXY_CH1","88.392","min","163.577","µmol/L","Humid","23.147","deg","43194","µV","26.482","°C","1018.000","hPa","35.3","pmil","0","55.520","deg","20.000","°C","100.000","%a.s.","21.750","deg","20.000","°C","977.000","hPa","0.861","-0.02617","0.00035","0","0","13.56","Humid","24.85","0","70.00","286432.29","SABD0000000001","AAV1.0.0.11","1.1.2.0","PSt7-10","170328-006","1/4/2020 10:31:52","0000-00","0","no battery","V"
"11/02/2020","12:42:47","1","default","640513929","OXY_CH1","88.409","min","163.540","µmol/L","Humid","23.142","deg","43196","µV","26.504","°C","1018.000","hPa","35.3","pmil","0","55.520","deg","20.000","°C","100.000","%a.s.","21.750","deg","20.000","°C","977.000","hPa","0.861","-0.02617","0.00035","0","0","13.56","Humid","24.85","0","70.00","286436.37","SABD0000000001","AAV1.0.0.11","1.1.2.0","PSt7-10","170328-006","1/4/2020 10:31:52","0000-00","0","no battery","V"
"11/02/2020","12:42:48","1","default","640513929","OXY_CH1","88.426","min","163.525","µmol/L","Humid","23.145","deg","43193","µV","26.498","°C","1018.000","hPa","35.3","pmil","0","55.520","deg","20.000","°C","100.000","%a.s.","21.750","deg","20.000","°C","977.000","hPa","0.861","-0.02617","0.00035","0","0","13.56","Humid","24.85","0","70.00","286440.50","SABD0000000001","AAV1.0.0.11","1.1.2.0","PSt7-10","170328-006","1/4/2020 10:31:52","0000-00","0","no battery","V"
"11/02/2020","12:42:49","1","default","640513929","OXY_CH1","88.442","min","163.544","µmol/L","Humid","23.145","deg","43184","µV","26.494","°C","1018.000","hPa","35.3","pmil","0","55.520","deg","20.000","°C","100.000","%a.s.","21.750","deg","20.000","°C","977.000","hPa","0.861","-0.02617","0.00035","0","0","13.56","Humid","24.85","0","70.00","286427.15","SABD0000000001","AAV1.0.0.11","1.1.2.0","PSt7-10","170328-006","1/4/2020 10:31:52","0000-00","0","no battery","V"
"11/02/2020","12:42:50","1","default","640513929","OXY_CH1","88.459","min","163.621","µmol/L","Humid","23.142","deg","43178","µV","26.487","°C","1018.000","hPa","35.3","pmil","0","55.520","deg","20.000","°C","100.000","%a.s.","21.750","deg","20.000","°C","977.000","hPa","0.861","-0.02617","0.00035","0","0","13.56","Humid","24.85","0","70.00","286421.62","SABD0000000001","AAV1.0.0.11","1.1.2.0","PSt7-10","170328-006","1/4/2020 10:31:52","0000-00","0","no battery","V"
"11/02/2020","12:42:51","1","default","640513929","OXY_CH1","88.475","min","163.666","µmol/L","Humid","23.138","deg","43185","µV","26.489","°C","1018.000","hPa","35.3","pmil","0","55.520","deg","20.000","°C","100.000","%a.s.","21.750","deg","20.000","°C","977.000","hPa","0.861","-0.02617","0.00035","0","0","13.56","Humid","24.85","0","70.00","286424.64","SABD0000000001","AAV1.0.0.11","1.1.2.0","PSt7-10","170328-006","1/4/2020 10:31:52","0000-00","0","no battery","V"
"11/02/2020","12:42:52","1","default","640513929","OXY_CH1","88.492","min","163.727","µmol/L","Humid","23.131","deg","43186","µV","26.497","°C","1018.000","hPa","35.3","pmil","0","55.520","deg","20.000","°C","100.000","%a.s.","21.750","deg","20.000","°C","977.000","hPa","0.861","-0.02617","0.00035","0","0","13.56","Humid","24.85","0","70.00","286416.18","SABD0000000001","AAV1.0.0.11","1.1.2.0","PSt7-10","170328-006","1/4/2020 10:31:52","0000-00","0","no battery","V"
"11/02/2020","12:42:53","1","default","640513929","OXY_CH1","88.509","min","163.658","µmol/L","Humid","23.135","deg","43190","µV","26.499","°C","1018.000","hPa","35.3","pmil","0","55.520","deg","20.000","°C","100.000","%a.s.","21.750","deg","20.000","°C","977.000","hPa","0.861","-0.02617","0.00035","0","0","13.56","Humid","24.85","0","70.00","286430.00","SABD0000000001","AAV1.0.0.11","1.1.2.0","PSt7-10","170328-006","1/4/2020 10:31:52","0000-00","0","no battery","V"
"11/02/2020","12:42:54","1","default","640513929","OXY_CH1","88.525","min","163.701","µmol/L","Humid","23.133","deg","43188","µV","26.496","°C","1018.000","hPa","35.3","pmil","0","55.520","deg","20.000","°C","100.000","%a.s.","21.750","deg","20.000","°C","977.000","hPa","0.861","-0.02617","0.00035","0","0","13.56","Humid","24.85","0","70.00","286424.88","SABD0000000001","AAV1.0.0.11","1.1.2.0","PSt7-10","170328-006","1/4/2020 10:31:52","0000-00","0","no battery","V"
"11/02/2020","12:42:55","1","default","640513929","OXY_CH1","88.542","min","163.755","µmol/L","Humid","23.132","deg","43178","µV","26.488","°C","1018.000","hPa","35.3","pmil","0","55.520","deg","20.000","°C","100.000","%a.s.","21.750","deg","20.000","°C","977.000","hPa","0.861","-0.02617","0.00035","0","0","13.56","Humid","24.85","0","70.00","286423.03","SABD0000000001","AAV1.0.0.11","1.1.2.0","PSt7-10","170328-006","1/4/2020 10:31:52","0000-00","0","no battery","V"
"11/02/2020","12:42:56","1","default","640513929","OXY_CH1","88.559","min","163.717","µmol/L","Humid","23.131","deg","43178","µV","26.499","°C","1018.000","hPa","35.3","pmil","0","55.520","deg","20.000","°C","100.000","%a.s.","21.750","deg","20.000","°C","977.000","hPa","0.861","-0.02617","0.00035","0","0","13.56","Humid","24.85","0","70.00","286418.47","SABD0000000001","AAV1.0.0.11","1.1.2.0","PSt7-10","170328-006","1/4/2020 10:31:52","0000-00","0","no battery","V"
"11/02/2020","12:42:57","1","default","640513929","OXY_CH1","88.576","min","163.720","µmol/L","Humid","23.131","deg","43177","µV","26.498","°C","1018.000","hPa","35.3","pmil","0","55.520","deg","20.000","°C","100.000","%a.s.","21.750","deg","20.000","°C","977.000","hPa","0.861","-0.02617","0.00035","0","0","13.56","Humid","24.85","0","70.00","286412.78","SABD0000000001","AAV1.0.0.11","1.1.2.0","PSt7-10","170328-006","1/4/2020 10:31:52","0000-00","0","no battery","V"
"11/02/2020","12:42:58","1","default","640513929","OXY_CH1","88.592","min","163.749","µmol/L","Humid","23.133","deg","43174","µV","26.486","°C","1018.000","hPa","35.3","pmil","0","55.520","deg","20.000","°C","100.000","%a.s.","21.750","deg","20.000","°C","977.000","hPa","0.861","-0.02617","0.00035","0","0","13.56","Humid","24.85","0","70.00","286410.63","SABD0000000001","AAV1.0.0.11","1.1.2.0","PSt7-10","170328-006","1/4/2020 10:31:52","0000-00","0","no battery","V"
"11/02/2020","12:42:59","1","default","640513929","OXY_CH1","88.609","min","163.780","µmol/L","Humid","23.125","deg","43168","µV","26.503","°C","1018.000","hPa","35.3","pmil","0","55.520","deg","20.000","°C","100.000","%a.s.","21.750","deg","20.000","°C","977.000","hPa","0.861","-0.02617","0.00035","0","0","13.56","Humid","24.85","0","70.00","286416.27","SABD0000000001","AAV1.0.0.11","1.1.2.0","PSt7-10","170328-006","1/4/2020 10:31:52","0000-00","0","no battery","V"
"11/02/2020","12:43:00","1","default","640513929","OXY_CH1","88.625","min","163.749","µmol/L","Humid","23.131","deg","43164","µV","26.492","°C","1018.000","hPa","35.3","pmil","0","55.520","deg","20.000","°C","100.000","%a.s.","21.750","deg","20.000","°C","977.000","hPa","0.861","-0.02617","0.00035","0","0","13.56","Humid","24.85","0","70.00","286414.95","SABD0000000001","AAV1.0.0.11","1.1.2.0","PSt7-10","170328-006","1/4/2020 10:31:52","0000-00","0","no battery","V"
"11/02/2020","12:43:01","1","default","640513929","OXY_CH1","88.642","min","163.819","µmol/L","Humid","23.127","deg","43162","µV","26.489","°C","1018.000","hPa","35.3","pmil","0","55.520","deg","20.000","°C","100.000","%a.s.","21.750","deg","20.000","°C","977.000","hPa","0.861","-0.02617","0.00035","0","0","13.56","Humid","24.85","0","70.00","286420.73","SABD0000000001","AAV1.0.0.11","1.1.2.0","PSt7-10","170328-006","1/4/2020 10:31:52","0000-00","0","no battery","V"
"11/02/2020","12:43:02","1","default","640513929","OXY_CH1","88.659","min","163.739","µmol/L","Humid","23.134","deg","43167","µV","26.486","°C","1018.000","hPa","35.3","pmil","0","55.520","deg","20.000","°C","100.000","%a.s.","21.750","deg","20.000","°C","977.000","hPa","0.861","-0.02617","0.00035","0","0","13.56","Humid","24.85","0","70.00","286414.97","SABD0000000001","AAV1.0.0.11","1.1.2.0","PSt7-10","170328-006","1/4/2020 10:31:52","0000-00","0","no battery","V"
"11/02/2020","12:43:03","1","default","640513929","OXY_CH1","88.675","min","163.744","µmol/L","Humid","23.133","deg","43165","µV","26.487","°C","1018.000","hPa","35.3","pmil","0","55.520","deg","20.000","°C","100.000","%a.s.","21.750","deg","20.000","°C","977.000","hPa","0.861","-0.02617","0.00035","0","0","13.56","Humid","24.85","0","70.00","286405.12","SABD0000000001","AAV1.0.0.11","1.1.2.0","PSt7-10","170328-006","1/4/2020 10:31:52","0000-00","0","no battery","V"
"11/02/2020","12:43:04","1","default","640513929","OXY_CH1","88.692","min","163.715","µmol/L","Humid","23.139","deg","43159","µV","26.476","°C","1018.000","hPa","35.3","pmil","0","55.520","deg","20.000","°C","100.000","%a.s.","21.750","deg","20.000","°C","977.000","hPa","0.861","-0.02617","0.00035","0","0","13.56","Humid","24.85","0","70.00","286424.41","SABD0000000001","AAV1.0.0.11","1.1.2.0","PSt7-10","170328-006","1/4/2020 10:31:52","0000-00","0","no battery","V"
"11/02/2020","12:43:05","1","default","640513929","OXY_CH1","88.709","min","163.670","µmol/L","Humid","23.131","deg","43161","µV","26.509","°C","1018.000","hPa","35.3","pmil","0","55.520","deg","20.000","°C","100.000","%a.s.","21.750","deg","20.000","°C","977.000","hPa","0.861","-0.02617","0.00035","0","0","13.56","Humid","24.85","0","70.00","286426.19","SABD0000000001","AAV1.0.0.11","1.1.2.0","PSt7-10","170328-006","1/4/2020 10:31:52","0000-00","0","no battery","V"
"11/02/2020","12:43:06","1","default","640513929","OXY_CH1","88.726","min","163.797","µmol/L","Humid","23.122","deg","43163","µV","26.508","°C","1018.000","hPa","35.3","pmil","0","55.520","deg","20.000","°C","100.000","%a.s.","21.750","deg","20.000","°C","977.000","hPa","0.861","-0.02617","0.00035","0","0","13.56","Humid","24.85","0","70.00","286426.61","SABD0000000001","AAV1.0.0.11","1.1.2.0","PSt7-10","170328-006","1/4/2020 10:31:52","0000-00","0","no battery","V"
"11/02/2020","12:43:07","1","default","640513929","OXY_CH1","88.742","min","163.811","µmol/L","Humid","23.125","deg","43156","µV","26.496","°C","1018.000","hPa","35.3","pmil","0","55.520","deg","20.000","°C","100.000","%a.s.","21.750","deg","20.000","°C","977.000","hPa","0.861","-0.02617","0.00035","0","0","13.56","Humid","24.85","0","70.00","286417.67","SABD0000000001","AAV1.0.0.11","1.1.2.0","PSt7-10","170328-006","1/4/2020 10:31:52","0000-00","0","no battery","V"
"11/02/2020","12:43:08","1","default","640513929","OXY_CH1","88.759","min","163.728","µmol/L","Humid","23.129","deg","43154","µV","26.502","°C","1018.000","hPa","35.3","pmil","0","55.520","deg","20.000","°C","100.000","%a.s.","21.750","deg","20.000","°C","977.000","hPa","0.861","-0.02617","0.00035","0","0","13.56","Humid","24.85","0","70.00","286402.19","SABD0000000001","AAV1.0.0.11","1.1.2.0","PSt7-10","170328-006","1/4/2020 10:31:52","0000-00","0","no battery","V"
"11/02/2020","12:43:09","1","default","640513929","OXY_CH1","88.775","min","163.807","µmol/L","Humid","23.125","deg","43146","µV","26.497","°C","1018.000","hPa","35.3","pmil","0","55.520","deg","20.000","°C","100.000","%a.s.","21.750","deg","20.000","°C","977.000","hPa","0.861","-0.02617","0.00035","0","0","13.56","Humid","24.85","0","70.00","286410.83","SABD0000000001","AAV1.0.0.11","1.1.2.0","PSt7-10","170328-006","1/4/2020 10:31:52","0000-00","0","no battery","V"
"11/02/2020","12:43:10","1","default","640513929","OXY_CH1","88.792","min","163.900","µmol/L","Humid","23.120","deg","43148","µV","26.492","°C","1018.000","hPa","35.3","pmil","0","55.520","deg","20.000","°C","100.000","%a.s.","21.750","deg","20.000","°C","977.000","hPa","0.861","-0.02617","0.00035","0","0","13.56","Humid","24.85","0","70.00","286415.41","SABD0000000001","AAV1.0.0.11","1.1.2.0","PSt7-10","170328-006","1/4/2020 10:31:52","0000-00","0","no battery","V"
"11/02/2020","12:43:11","1","default","640513929","OXY_CH1","88.808","min","163.938","µmol/L","Humid","23.118","deg","43140","µV","26.490","°C","1018.000","hPa","35.3","pmil","0","55.520","deg","20.000","°C","100.000","%a.s.","21.750","deg","20.000","°C","977.000","hPa","0.861","-0.02617","0.00035","0","0","13.56","Humid","24.85","0","70.00","286412.13","SABD0000000001","AAV1.0.0.11","1.1.2.0","PSt7-10","170328-006","1/4/2020 10:31:52","0000-00","0","no battery","V"
"11/02/2020","12:43:12","1","default","640513929","OXY_CH1","88.825","min","163.779","µmol/L","Humid","23.128","deg","43144","µV","26.494","°C","1018.000","hPa","35.3","pmil","0","55.520","deg","20.000","°C","100.000","%a.s.","21.750","deg","20.000","°C","977.000","hPa","0.861","-0.02617","0.00035","0","0","13.56","Humid","24.85","0","70.00","286410.75","SABD0000000001","AAV1.0.0.11","1.1.2.0","PSt7-10","170328-006","1/4/2020 10:31:52","0000-00","0","no battery","V"
"11/02/2020","12:43:13","1","default","640513929","OXY_CH1","88.842","min","163.908","µmol/L","Humid","23.120","deg","43138","µV","26.491","°C","1018.000","hPa","35.3","pmil","0","55.520","deg","20.000","°C","100.000","%a.s.","21.750","deg","20.000","°C","977.000","hPa","0.861","-0.02617","0.00035","0","0","13.56","Humid","24.85","0","70.00","286415.98","SABD0000000001","AAV1.0.0.11","1.1.2.0","PSt7-10","170328-006","1/4/2020 10:31:52","0000-00","0","no battery","V"
"11/02/2020","12:43:14","1","default","640513929","OXY_CH1","88.859","min","164.000","µmol/L","Humid","23.114","deg","43134","µV","26.489","°C","1018.000","hPa","35.3","pmil","0","55.520","deg","20.000","°C","100.000","%a.s.","21.750","deg","20.000","°C","977.000","hPa","0.861","-0.02617","0.00035","0","0","13.56","Humid","24.85","0","70.00","286405.30","SABD0000000001","AAV1.0.0.11","1.1.2.0","PSt7-10","170328-006","1/4/2020 10:31:52","0000-00","0","no battery","V"
"11/02/2020","12:43:15","1","default","640513929","OXY_CH1","88.876","min","163.950","µmol/L","Humid","23.121","deg","43131","µV","26.479","°C","1018.000","hPa","35.3","pmil","0","55.520","deg","20.000","°C","100.000","%a.s.","21.750","deg","20.000","°C","977.000","hPa","0.861","-0.02617","0.00035","0","0","13.56","Humid","24.85","0","70.00","286413.24","SABD0000000001","AAV1.0.0.11","1.1.2.0","PSt7-10","170328-006","1/4/2020 10:31:52","0000-00","0","no battery","V"
"11/02/2020","12:43:16","1","default","640513929","OXY_CH1","88.892","min","163.887","µmol/L","Humid","23.118","deg","43129","µV","26.501","°C","1018.000","hPa","35.3","pmil","0","55.520","deg","20.000","°C","100.000","%a.s.","21.750","deg","20.000","°C","977.000","hPa","0.861","-0.02617","0.00035","0","0","13.56","Humid","24.85","0","70.00","286403.35","SABD0000000001","AAV1.0.0.11","1.1.2.0","PSt7-10","170328-006","1/4/2020 10:31:52","0000-00","0","no battery","V"
"11/02/2020","12:43:17","1","default","640513929","OXY_CH1","88.909","min","163.980","µmol/L","Humid","23.114","deg","43127","µV","26.493","°C","1018.000","hPa","35.3","pmil","0","55.520","deg","20.000","°C","100.000","%a.s.","21.750","deg","20.000","°C","977.000","hPa","0.861","-0.02617","0.00035","0","0","13.56","Humid","24.85","0","70.00","286406.86","SABD0000000001","AAV1.0.0.11","1.1.2.0","PSt7-10","170328-006","1/4/2020 10:31:52","0000-00","0","no battery","V"
"11/02/2020","12:43:18","1","default","640513929","OXY_CH1","88.925","min","163.997","µmol/L","Humid","23.114","deg","43122","µV","26.489","°C","1018.000","hPa","35.3","pmil","0","55.520","deg","20.000","°C","100.000","%a.s.","21.750","deg","20.000","°C","977.000","hPa","0.861","-0.02617","0.00035","0","0","13.56","Humid","24.85","0","70.00","286405.55","SABD0000000001","AAV1.0.0.11","1.1.2.0","PSt7-10","170328-006","1/4/2020 10:31:52","0000-00","0","no battery","V"
"11/02/2020","12:43:19","1","default","640513929","OXY_CH1","88.942","min","163.983","µmol/L","Humid","23.115","deg","43118","µV","26.489","°C","1018.000","hPa","35.3","pmil","0","55.520","deg","20.000","°C","100.000","%a.s.","21.750","deg","20.000","°C","977.000","hPa","0.861","-0.02617","0.00035","0","0","13.56","Humid","24.85","0","70.00","286399.15","SABD0000000001","AAV1.0.0.11","1.1.2.0","PSt7-10","170328-006","1/4/2020 10:31:52","0000-00","0","no battery","V"
"11/02/2020","12:43:20","1","default","640513929","OXY_CH1","88.959","min","163.957","µmol/L","Humid","23.115","deg","43120","µV","26.495","°C","1018.000","hPa","35.3","pmil","0","55.520","deg","20.000","°C","100.000","%a.s.","21.750","deg","20.000","°C","977.000","hPa","0.861","-0.02617","0.00035","0","0","13.56","Humid","24.85","0","70.00","286420.90","SABD0000000001","AAV1.0.0.11","1.1.2.0","PSt7-10","170328-006","1/4/2020 10:31:52","0000-00","0","no battery","V"
"11/02/2020","12:43:21","1","default","640513929","OXY_CH1","88.975","min","164.010","µmol/L","Humid","23.112","deg","43124","µV","26.493","°C","1018.000","hPa","35.3","pmil","0","55.520","deg","20.000","°C","100.000","%a.s.","21.750","deg","20.000","°C","977.000","hPa","0.861","-0.02617","0.00035","0","0","13.56","Humid","24.85","0","70.00","286398.82","SABD0000000001","AAV1.0.0.11","1.1.2.0","PSt7-10","170328-006","1/4/2020 10:31:52","0000-00","0","no battery","V"
"11/02/2020","12:43:22","1","default","640513929","OXY_CH1","88.992","min","164.121","µmol/L","Humid","23.104","deg","43114","µV","26.492","°C","1018.000","hPa","35.3","pmil","0","55.520","deg","20.000","°C","100.000","%a.s.","21.750","deg","20.000","°C","977.000","hPa","0.861","-0.02617","0.00035","0","0","13.56","Humid","24.85","0","70.00","286402.67","SABD0000000001","AAV1.0.0.11","1.1.2.0","PSt7-10","170328-006","1/4/2020 10:31:52","0000-00","0","no battery","V"
"11/02/2020","12:43:23","1","default","640513929","OXY_CH1","89.009","min","164.078","µmol/L","Humid","23.110","deg","43120","µV","26.484","°C","1018.000","hPa","35.3","pmil","0","55.520","deg","20.000","°C","100.000","%a.s.","21.750","deg","20.000","°C","977.000","hPa","0.861","-0.02617","0.00035","0","0","13.56","Humid","24.85","0","70.00","286408.19","SABD0000000001","AAV1.0.0.11","1.1.2.0","PSt7-10","170328-006","1/4/2020 10:31:52","0000-00","0","no battery","V"
"11/02/2020","12:43:24","1","default","640513929","OXY_CH1","89.026","min","164.012","µmol/L","Humid","23.116","deg","43117","µV","26.481","°C","1018.000","hPa","35.3","pmil","0","55.520","deg","20.000","°C","100.000","%a.s.","21.750","deg","20.000","°C","977.000","hPa","0.861","-0.02617","0.00035","0","0","13.56","Humid","24.85","0","70.00","286396.06","SABD0000000001","AAV1.0.0.11","1.1.2.0","PSt7-10","170328-006","1/4/2020 10:31:52","0000-00","0","no battery","V"
"11/02/2020","12:43:25","1","default","640513929","OXY_CH1","89.042","min","163.967","µmol/L","Humid","23.114","deg","43120","µV","26.496","°C","1018.000","hPa","35.3","pmil","0","55.520","deg","20.000","°C","100.000","%a.s.","21.750","deg","20.000","°C","977.000","hPa","0.861","-0.02617","0.00035","0","0","13.56","Humid","24.85","0","70.00","286394.53","SABD0000000001","AAV1.0.0.11","1.1.2.0","PSt7-10","170328-006","1/4/2020 10:31:52","0000-00","0","no battery","V"
"11/02/2020","12:43:26","1","default","640513929","OXY_CH1","89.059","min","164.079","µmol/L","Humid","23.104","deg","43117","µV","26.501","°C","1018.000","hPa","35.3","pmil","0","55.520","deg","20.000","°C","100.000","%a.s.","21.750","deg","20.000","°C","977.000","hPa","0.861","-0.02617","0.00035","0","0","13.56","Humid","24.85","0","70.00","286398.95","SABD0000000001","AAV1.0.0.11","1.1.2.0","PSt7-10","170328-006","1/4/2020 10:31:52","0000-00","0","no battery","V"
"11/02/2020","12:43:27","1","default","640513929","OXY_CH1","89.076","min","163.965","µmol/L","Humid","23.111","deg","43116","µV","26.505","°C","1018.000","hPa","35.3","pmil","0","55.520","deg","20.000","°C","100.000","%a.s.","21.750","deg","20.000","°C","977.000","hPa","0.861","-0.02617","0.00035","0","0","13.56","Humid","24.85","0","70.00","286398.90","SABD0000000001","AAV1.0.0.11","1.1.2.0","PSt7-10","170328-006","1/4/2020 10:31:52","0000-00","0","no battery","V"
"11/02/2020","12:43:28","1","default","640513929","OXY_CH1","89.092","min","164.020","µmol/L","Humid","23.110","deg","43116","µV","26.496","°C","1018.000","hPa","35.3","pmil","0","55.520","deg","20.000","°C","100.000","%a.s.","21.750","deg","20.000","°C","977.000","hPa","0.861","-0.02617","0.00035","0","0","13.56","Humid","24.85","0","70.00","286402.00","SABD0000000001","AAV1.0.0.11","1.1.2.0","PSt7-10","170328-006","1/4/2020 10:31:52","0000-00","0","no battery","V"
"11/02/2020","12:43:29","1","default","640513929","OXY_CH1","89.109","min","164.024","µmol/L","Humid","23.109","deg","43109","µV","26.498","°C","1018.000","hPa","35.3","pmil","0","55.520","deg","20.000","°C","100.000","%a.s.","21.750","deg","20.000","°C","977.000","hPa","0.861","-0.02617","0.00035","0","0","13.56","Humid","24.85","0","70.00","286408.10","SABD0000000001","AAV1.0.0.11","1.1.2.0","PSt7-10","170328-006","1/4/2020 10:31:52","0000-00","0","no battery","V"
"11/02/2020","12:43:30","1","default","640513929","OXY_CH1","89.125","min","164.085","µmol/L","Humid","23.105","deg","43110","µV","26.497","°C","1018.000","hPa","35.3","pmil","0","55.520","deg","20.000","°C","100.000","%a.s.","21.750","deg","20.000","°C","977.000","hPa","0.861","-0.02617","0.00035","0","0","13.56","Humid","24.85","0","70.00","286401.54","SABD0000000001","AAV1.0.0.11","1.1.2.0","PSt7-10","170328-006","1/4/2020 10:31:52","0000-00","0","no battery","V"
"11/02/2020","12:43:31","1","default","640513929","OXY_CH1","89.142","min","163.977","µmol/L","Humid","23.112","deg","43103","µV","26.499","°C","1018.000","hPa","35.3","pmil","0","55.520","deg","20.000","°C","100.000","%a.s.","21.750","deg","20.000","°C","977.000","hPa","0.861","-0.02617","0.00035","0","0","13.56","Humid","24.85","0","70.00","286391.94","SABD0000000001","AAV1.0.0.11","1.1.2.0","PSt7-10","170328-006","1/4/2020 10:31:52","0000-00","0","no battery","V"
"11/02/2020","12:43:32","1","default","640513929","OXY_CH1","89.158","min","164.142","µmol/L","Humid","23.104","deg","43102","µV","26.488","°C","1018.000","hPa","35.3","pmil","0","55.520","deg","20.000","°C","100.000","%a.s.","21.750","deg","20.000","°C","977.000","hPa","0.861","-0.02617","0.00035","0","0","13.56","Humid","24.85","0","70.00","286385.46","SABD0000000001","AAV1.0.0.11","1.1.2.0","PSt7-10","170328-006","1/4/2020 10:31:52","0000-00","0","no battery","V"
"11/02/2020","12:43:33","1","default","640513929","OXY_CH1","89.175","min","164.043","µmol/L","Humid","23.107","deg","43103","µV","26.500","°C","1018.000","hPa","35.3","pmil","0","55.520","deg","20.000","°C","100.000","%a.s.","21.750","deg","20.000","°C","977.000","hPa","0.861","-0.02617","0.00035","0","0","13.56","Humid","24.85","0","70.00","286396.59","SABD0000000001","AAV1.0.0.11","1.1.2.0","PSt7-10","170328-006","1/4/2020 10:31:52","0000-00","0","no battery","V"
"11/02/2020","12:43:34","1","default","640513929","OXY_CH1","89.192","min","164.094","µmol/L","Humid","23.104","deg","43101","µV","26.498","°C","1018.000","hPa","35.3","pmil","0","55.520","deg","20.000","°C","100.000","%a.s.","21.750","deg","20.000","°C","977.000","hPa","0.861","-0.02617","0.00035","0","0","13.56","Humid","24.85","0","70.00","286388.40","SABD0000000001","AAV1.0.0.11","1.1.2.0","PSt7-10","170328-006","1/4/2020 10:31:52","0000-00","0","no battery","V"
"11/02/2020","12:43:35","1","default","640513929","OXY_CH1","89.209","min","164.126","µmol/L","Humid","23.103","deg","43099","µV","26.494","°C","1018.000","hPa","35.3","pmil","0","55.520","deg","20.000","°C","100.000","%a.s.","21.750","deg","20.000","°C","977.000","hPa","0.861","-0.02617","0.00035","0","0","13.56","Humid","24.85","0","70.00","286398.40","SABD0000000001","AAV1.0.0.11","1.1.2.0","PSt7-10","170328-006","1/4/2020 10:31:52","0000-00","0","no battery","V"
"11/02/2020","12:43:36","1","default","640513929","OXY_CH1","89.225","min","163.994","µmol/L","Humid","23.110","deg","43100","µV","26.502","°C","1018.000","hPa","35.3","pmil","0","55.520","deg","20.000","°C","100.000","%a.s.","21.750","deg","20.000","°C","977.000","hPa","0.861","-0.02617","0.00035","0","0","13.56","Humid","24.85","0","70.00","286394.52","SABD0000000001","AAV1.0.0.11","1.1.2.0","PSt7-10","170328-006","1/4/2020 10:31:52","0000-00","0","no battery","V"
"11/02/2020","12:43:37","1","default","640513929","OXY_CH1","89.242","min","164.156","µmol/L","Humid","23.100","deg","43098","µV","26.497","°C","1018.000","hPa","35.3","pmil","0","55.520","deg","20.000","°C","100.000","%a.s.","21.750","deg","20.000","°C","977.000","hPa","0.861","-0.02617","0.00035","0","0","13.56","Humid","24.85","0","70.00","286406.37","SABD0000000001","AAV1.0.0.11","1.1.2.0","PSt7-10","170328-006","1/4/2020 10:31:52","0000-00","0","no battery","V"
"11/02/2020","12:43:38","1","default","640513929","OXY_CH1","89.259","min","164.202","µmol/L","Humid","23.099","deg","43096","µV","26.490","°C","1018.000","hPa","35.3","pmil","0","55.520","deg","20.000","°C","100.000","%a.s.","21.750","deg","20.000","°C","977.000","hPa","0.861","-0.02617","0.00035","0","0","13.56","Humid","24.85","0","70.00","286395.32","SABD0000000001","AAV1.0.0.11","1.1.2.0","PSt7-10","170328-006","1/4/2020 10:31:52","0000-00","0","no battery","V"
"11/02/2020","12:43:39","1","default","640513929","OXY_CH1","89.276","min","164.081","µmol/L","Humid","23.108","deg","43087","µV","26.489","°C","1018.000","hPa","35.3","pmil","0","55.520","deg","20.000","°C","100.000","%a.s.","21.750","deg","20.000","°C","977.000","hPa","0.861","-0.02617","0.00035","0","0","13.56","Humid","24.85","0","70.00","286403.23","SABD0000000001","AAV1.0.0.11","1.1.2.0","PSt7-10","170328-006","1/4/2020 10:31:52","0000-00","0","no battery","V"
"11/02/2020","12:43:40","1","default","640513929","OXY_CH1","89.292","min","164.217","µmol/L","Humid","23.101","deg","43092","µV","26.481","°C","1018.000","hPa","35.3","pmil","0","55.520","deg","20.000","°C","100.000","%a.s.","21.750","deg","20.000","°C","977.000","hPa","0.861","-0.02617","0.00035","0","0","13.56","Humid","24.85","0","70.00","286386.90","SABD0000000001","AAV1.0.0.11","1.1.2.0","PSt7-10","170328-006","1/4/2020 10:31:52","0000-00","0","no battery","V"
"11/02/2020","12:43:41","1","default","640513929","OXY_CH1","89.309","min","164.273","µmol/L","Humid","23.096","deg","43085","µV","26.484","°C","1018.000","hPa","35.3","pmil","0","55.520","deg","20.000","°C","100.000","%a.s.","21.750","deg","20.000","°C","977.000","hPa","0.861","-0.02617","0.00035","0","0","13.56","Humid","24.85","0","70.00","286391.50","SABD0000000001","AAV1.0.0.11","1.1.2.0","PSt7-10","170328-006","1/4/2020 10:31:52","0000-00","0","no battery","V"
"11/02/2020","12:43:42","1","default","640513929","OXY_CH1","89.325","min","164.401","µmol/L","Humid","23.087","deg","43090","µV","26.483","°C","1018.000","hPa","35.3","pmil","0","55.520","deg","20.000","°C","100.000","%a.s.","21.750","deg","20.000","°C","977.000","hPa","0.861","-0.02617","0.00035","0","0","13.56","Humid","24.85","0","70.00","286387.34","SABD0000000001","AAV1.0.0.11","1.1.2.0","PSt7-10","170328-006","1/4/2020 10:31:52","0000-00","0","no battery","V"
"11/02/2020","12:43:43","1","default","640513929","OXY_CH1","89.342","min","164.254","µmol/L","Humid","23.098","deg","43094","µV","26.482","°C","1018.000","hPa","35.3","pmil","0","55.520","deg","20.000","°C","100.000","%a.s.","21.750","deg","20.000","°C","977.000","hPa","0.861","-0.02617","0.00035","0","0","13.56","Humid","24.85","0","70.00","286384.25","SABD0000000001","AAV1.0.0.11","1.1.2.0","PSt7-10","170328-006","1/4/2020 10:31:52","0000-00","0","no battery","V"
"11/02/2020","12:43:44","1","default","640513929","OXY_CH1","89.359","min","164.132","µmol/L","Humid","23.097","deg","43086","µV","26.510","°C","1018.000","hPa","35.3","pmil","0","55.520","deg","20.000","°C","100.000","%a.s.","21.750","deg","20.000","°C","977.000","hPa","0.861","-0.02617","0.00035","0","0","13.56","Humid","24.85","0","70.00","286374.54","SABD0000000001","AAV1.0.0.11","1.1.2.0","PSt7-10","170328-006","1/4/2020 10:31:52","0000-00","0","no battery","V"
"11/02/2020","12:43:45","1","default","640513929","OXY_CH1","89.375","min","164.169","µmol/L","Humid","23.096","deg","43077","µV","26.506","°C","1018.000","hPa","35.3","pmil","0","55.520","deg","20.000","°C","100.000","%a.s.","21.750","deg","20.000","°C","977.000","hPa","0.861","-0.02617","0.00035","0","0","13.56","Humid","24.85","0","70.00","286378.57","SABD0000000001","AAV1.0.0.11","1.1.2.0","PSt7-10","170328-006","1/4/2020 10:31:52","0000-00","0","no battery","V"
"11/02/2020","12:43:46","1","default","640513929","OXY_CH1","89.392","min","164.227","µmol/L","Humid","23.093","deg","43078","µV","26.502","°C","1018.000","hPa","35.3","pmil","0","55.520","deg","20.000","°C","100.000","%a.s.","21.750","deg","20.000","°C","977.000","hPa","0.861","-0.02617","0.00035","0","0","13.56","Humid","24.85","0","70.00","286384.56","SABD0000000001","AAV1.0.0.11","1.1.2.0","PSt7-10","170328-006","1/4/2020 10:31:52","0000-00","0","no battery","V"
"11/02/2020","12:43:47","1","default","640513929","OXY_CH1","89.409","min","164.319","µmol/L","Humid","23.087","deg","43079","µV","26.501","°C","1018.000","hPa","35.3","pmil","0","55.520","deg","20.000","°C","100.000","%a.s.","21.750","deg","20.000","°C","977.000","hPa","0.861","-0.02617","0.00035","0","0","13.56","Humid","24.85","0","70.00","286388.54","SABD0000000001","AAV1.0.0.11","1.1.2.0","PSt7-10","170328-006","1/4/2020 10:31:52","0000-00","0","no battery","V"
"11/02/2020","12:43:48","1","default","640513929","OXY_CH1","89.426","min","164.336","µmol/L","Humid","23.089","deg","43079","µV","26.491","°C","1018.000","hPa","35.3","pmil","0","55.520","deg","20.000","°C","100.000","%a.s.","21.750","deg","20.000","°C","977.000","hPa","0.861","-0.02617","0.00035","0","0","13.56","Humid","24.85","0","70.00","286384.46","SABD0000000001","AAV1.0.0.11","1.1.2.0","PSt7-10","170328-006","1/4/2020 10:31:52","0000-00","0","no battery","V"
"11/02/2020","12:43:49","1","default","640513929","OXY_CH1","89.442","min","164.282","µmol/L","Humid","23.092","deg","43069","µV","26.494","°C","1018.000","hPa","35.3","pmil","0","55.520","deg","20.000","°C","100.000","%a.s.","21.750","deg","20.000","°C","977.000","hPa","0.861","-0.02617","0.00035","0","0","13.56","Humid","24.85","0","70.00","286378.05","SABD0000000001","AAV1.0.0.11","1.1.2.0","PSt7-10","170328-006","1/4/2020 10:31:52","0000-00","0","no battery","V"
"11/02/2020","12:43:50","1","default","640513929","OXY_CH1","89.459","min","164.490","µmol/L","Humid","23.079","deg","43074","µV","26.488","°C","1018.000","hPa","35.3","pmil","0","55.520","deg","20.000","°C","100.000","%a.s.","21.750","deg","20.000","°C","977.000","hPa","0.861","-0.02617","0.00035","0","0","13.56","Humid","24.85","0","70.00","286375.99","SABD0000000001","AAV1.0.0.11","1.1.2.0","PSt7-10","170328-006","1/4/2020 10:31:52","0000-00","0","no battery","V"
"11/02/2020","12:43:51","1","default","640513929","OXY_CH1","89.476","min","164.277","µmol/L","Humid","23.093","deg","43067","µV","26.492","°C","1018.000","hPa","35.3","pmil","0","55.520","deg","20.000","°C","100.000","%a.s.","21.750","deg","20.000","°C","977.000","hPa","0.861","-0.02617","0.00035","0","0","13.56","Humid","24.85","0","70.00","286376.31","SABD0000000001","AAV1.0.0.11","1.1.2.0","PSt7-10","170328-006","1/4/2020 10:31:52","0000-00","0","no battery","V"
"11/02/2020","12:43:52","1","default","640513929","OXY_CH1","89.492","min","164.251","µmol/L","Humid","23.094","deg","43065","µV","26.494","°C","1018.000","hPa","35.3","pmil","0","55.520","deg","20.000","°C","100.000","%a.s.","21.750","deg","20.000","°C","977.000","hPa","0.861","-0.02617","0.00035","0","0","13.56","Humid","24.85","0","70.00","286377.53","SABD0000000001","AAV1.0.0.11","1.1.2.0","PSt7-10","170328-006","1/4/2020 10:31:52","0000-00","0","no battery","V"
"11/02/2020","12:43:53","1","default","640513929","OXY_CH1","89.508","min","164.423","µmol/L","Humid","23.078","deg","43060","µV","26.505","°C","1018.000","hPa","35.3","pmil","0","55.520","deg","20.000","°C","100.000","%a.s.","21.750","deg","20.000","°C","977.000","hPa","0.861","-0.02617","0.00035","0","0","13.56","Humid","24.85","0","70.00","286373.19","SABD0000000001","AAV1.0.0.11","1.1.2.0","PSt7-10","170328-006","1/4/2020 10:31:52","0000-00","0","no battery","V"
"11/02/2020","12:43:54","1","default","640513929","OXY_CH1","89.525","min","164.307","µmol/L","Humid","23.091","deg","43063","µV","26.491","°C","1018.000","hPa","35.3","pmil","0","55.520","deg","20.000","°C","100.000","%a.s.","21.750","deg","20.000","°C","977.000","hPa","0.861","-0.02617","0.00035","0","0","13.56","Humid","24.85","0","70.00","286372.83","SABD0000000001","AAV1.0.0.11","1.1.2.0","PSt7-10","170328-006","1/4/2020 10:31:52","0000-00","0","no battery","V"
"11/02/2020","12:43:55","1","default","640513929","OXY_CH1","89.542","min","164.360","µmol/L","Humid","23.089","deg","43058","µV","26.486","°C","1018.000","hPa","35.3","pmil","0","55.520","deg","20.000","°C","100.000","%a.s.","21.750","deg","20.000","°C","977.000","hPa","0.861","-0.02617","0.00035","0","0","13.56","Humid","24.85","0","70.00","286384.71","SABD0000000001","AAV1.0.0.11","1.1.2.0","PSt7-10","170328-006","1/4/2020 10:31:52","0000-00","0","no battery","V"
"11/02/2020","12:43:56","1","default","640513929","OXY_CH1","89.558","min","164.376","µmol/L","Humid","23.086","deg","43060","µV","26.491","°C","1018.000","hPa","35.3","pmil","0","55.520","deg","20.000","°C","100.000","%a.s.","21.750","deg","20.000","°C","977.000","hPa","0.861","-0.02617","0.00035","0","0","13.56","Humid","24.85","0","70.00","286373.61","SABD0000000001","AAV1.0.0.11","1.1.2.0","PSt7-10","170328-006","1/4/2020 10:31:52","0000-00","0","no battery","V"
"11/02/2020","12:43:57","1","default","640513929","OXY_CH1","89.575","min","164.389","µmol/L","Humid","23.082","deg","43053","µV","26.500","°C","1018.000","hPa","35.3","pmil","0","55.520","deg","20.000","°C","100.000","%a.s.","21.750","deg","20.000","°C","977.000","hPa","0.861","-0.02617","0.00035","0","0","13.56","Humid","24.85","0","70.00","286379.69","SABD0000000001","AAV1.0.0.11","1.1.2.0","PSt7-10","170328-006","1/4/2020 10:31:52","0000-00","0","no battery","V"
"11/02/2020","12:43:58","1","default","640513929","OXY_CH1","89.592","min","164.256","µmol/L","Humid","23.089","deg","43054","µV","26.508","°C","1018.000","hPa","35.3","pmil","0","55.520","deg","20.000","°C","100.000","%a.s.","21.750","deg","20.000","°C","977.000","hPa","0.861","-0.02617","0.00035","0","0","13.56","Humid","24.85","0","70.00","286381.19","SABD0000000001","AAV1.0.0.11","1.1.2.0","PSt7-10","170328-006","1/4/2020 10:31:52","0000-00","0","no battery","V"
"11/02/2020","12:43:59","1","default","640513929","OXY_CH1","89.609","min","164.291","µmol/L","Humid","23.091","deg","43053","µV","26.495","°C","1018.000","hPa","35.3","pmil","0","55.520","deg","20.000","°C","100.000","%a.s.","21.750","deg","20.000","°C","977.000","hPa","0.861","-0.02617","0.00035","0","0","13.56","Humid","24.85","0","70.00","286372.14","SABD0000000001","AAV1.0.0.11","1.1.2.0","PSt7-10","170328-006","1/4/2020 10:31:52","0000-00","0","no battery","V"
"11/02/2020","12:44:00","1","default","640513929","OXY_CH1","89.625","min","164.440","µmol/L","Humid","23.084","deg","43046","µV","26.484","°C","1018.000","hPa","35.3","pmil","0","55.520","deg","20.000","°C","100.000","%a.s.","21.750","deg","20.000","°C","977.000","hPa","0.861","-0.02617","0.00035","0","0","13.56","Humid","24.85","0","70.00","286376.60","SABD0000000001","AAV1.0.0.11","1.1.2.0","PSt7-10","170328-006","1/4/2020 10:31:52","0000-00","0","no battery","V"
"11/02/2020","12:44:01","1","default","640513929","OXY_CH1","89.642","min","164.530","µmol/L","Humid","23.077","deg","43048","µV","26.486","°C","1018.000","hPa","35.3","pmil","0","55.520","deg","20.000","°C","100.000","%a.s.","21.750","deg","20.000","°C","977.000","hPa","0.861","-0.02617","0.00035","0","0","13.56","Humid","24.85","0","70.00","286379.81","SABD0000000001","AAV1.0.0.11","1.1.2.0","PSt7-10","170328-006","1/4/2020 10:31:52","0000-00","0","no battery","V"
"11/02/2020","12:44:02","1","default","640513929","OXY_CH1","89.659","min","164.381","µmol/L","Humid","23.078","deg","43047","µV","26.514","°C","1018.000","hPa","35.3","pmil","0","55.520","deg","20.000","°C","100.000","%a.s.","21.750","deg","20.000","°C","977.000","hPa","0.861","-0.02617","0.00035","0","0","13.56","Humid","24.85","0","70.00","286372.57","SABD0000000001","AAV1.0.0.11","1.1.2.0","PSt7-10","170328-006","1/4/2020 10:31:52","0000-00","0","no battery","V"
"11/02/2020","12:44:03","1","default","640513929","OXY_CH1","89.676","min","164.310","µmol/L","Humid","23.081","deg","43040","µV","26.520","°C","1018.000","hPa","35.3","pmil","0","55.520","deg","20.000","°C","100.000","%a.s.","21.750","deg","20.000","°C","977.000","hPa","0.861","-0.02617","0.00035","0","0","13.56","Humid","24.85","0","70.00","286372.30","SABD0000000001","AAV1.0.0.11","1.1.2.0","PSt7-10","170328-006","1/4/2020 10:31:52","0000-00","0","no battery","V"
"11/02/2020","12:44:04","1","default","640513929","OXY_CH1","89.692","min","164.435","µmol/L","Humid","23.078","deg","43044","µV","26.502","°C","1018.000","hPa","35.3","pmil","0","55.520","deg","20.000","°C","100.000","%a.s.","21.750","deg","20.000","°C","977.000","hPa","0.861","-0.02617","0.00035","0","0","13.56","Humid","24.85","0","70.00","286378.27","SABD0000000001","AAV1.0.0.11","1.1.2.0","PSt7-10","170328-006","1/4/2020 10:31:52","0000-00","0","no battery","V"
"11/02/2020","12:44:05","1","default","640513929","OXY_CH1","89.708","min","164.360","µmol/L","Humid","23.083","deg","43052","µV","26.503","°C","1018.000","hPa","35.3","pmil","0","55.520","deg","20.000","°C","100.000","%a.s.","21.750","deg","20.000","°C","977.000","hPa","0.861","-0.02617","0.00035","0","0","13.56","Humid","24.85","0","70.00","286378.60","SABD0000000001","AAV1.0.0.11","1.1.2.0","PSt7-10","170328-006","1/4/2020 10:31:52","0000-00","0","no battery","V"
"11/02/2020","12:44:06","1","default","640513929","OXY_CH1","89.725","min","164.389","µmol/L","Humid","23.081","deg","43045","µV","26.503","°C","1018.000","hPa","35.3","pmil","0","55.520","deg","20.000","°C","100.000","%a.s.","21.750","deg","20.000","°C","977.000","hPa","0.861","-0.02617","0.00035","0","0","13.56","Humid","24.85","0","70.00","286376.99","SABD0000000001","AAV1.0.0.11","1.1.2.0","PSt7-10","170328-006","1/4/2020 10:31:52","0000-00","0","no battery","V"
"11/02/2020","12:44:07","1","default","640513929","OXY_CH1","89.742","min","164.440","µmol/L","Humid","23.081","deg","43044","µV","26.493","°C","1018.000","hPa","35.3","pmil","0","55.520","deg","20.000","°C","100.000","%a.s.","21.750","deg","20.000","°C","977.000","hPa","0.861","-0.02617","0.00035","0","0","13.56","Humid","24.85","0","70.00","286384.21","SABD0000000001","AAV1.0.0.11","1.1.2.0","PSt7-10","170328-006","1/4/2020 10:31:52","0000-00","0","no battery","V"
"11/02/2020","12:44:08","1","default","640513929","OXY_CH1","89.758","min","164.564","µmol/L","Humid","23.076","deg","43039","µV","26.481","°C","1018.000","hPa","35.3","pmil","0","55.520","deg","20.000","°C","100.000","%a.s.","21.750","deg","20.000","°C","977.000","hPa","0.861","-0.02617","0.00035","0","0","13.56","Humid","24.85","0","70.00","286374.65","SABD0000000001","AAV1.0.0.11","1.1.2.0","PSt7-10","170328-006","1/4/2020 10:31:52","0000-00","0","no battery","V"
"11/02/2020","12:44:09","1","default","640513929","OXY_CH1","89.775","min","164.572","µmol/L","Humid","23.075","deg","43043","µV","26.483","°C","1018.000","hPa","35.3","pmil","0","55.520","deg","20.000","°C","100.000","%a.s.","21.750","deg","20.000","°C","977.000","hPa","0.861","-0.02617","0.00035","0","0","13.56","Humid","24.85","0","70.00","286374.23","SABD0000000001","AAV1.0.0.11","1.1.2.0","PSt7-10","170328-006","1/4/2020 10:31:52","0000-00","0","no battery","V"
"11/02/2020","12:44:10","1","default","640513929","OXY_CH1","89.792","min","164.506","µmol/L","Humid","23.076","deg","43032","µV","26.493","°C","1018.000","hPa","35.3","pmil","0","55.520","deg","20.000","°C","100.000","%a.s.","21.750","deg","20.000","°C","977.000","hPa","0.861","-0.02617","0.00035","0","0","13.56","Humid","24.85","0","70.00","286381.28","SABD0000000001","AAV1.0.0.11","1.1.2.0","PSt7-10","170328-006","1/4/2020 10:31:52","0000-00","0","no battery","V"
"11/02/2020","12:44:11","1","default","640513929","OXY_CH1","89.809","min","164.472","µmol/L","Humid","23.078","deg","43036","µV","26.495","°C","1018.000","hPa","35.3","pmil","0","55.520","deg","20.000","°C","100.000","%a.s.","21.750","deg","20.000","°C","977.000","hPa","0.861","-0.02617","0.00035","0","0","13.56","Humid","24.85","0","70.00","286372.29","SABD0000000001","AAV1.0.0.11","1.1.2.0","PSt7-10","170328-006","1/4/2020 10:31:52","0000-00","0","no battery","V"
"11/02/2020","12:44:12","1","default","640513929","OXY_CH1","89.825","min","164.530","µmol/L","Humid","23.074","deg","43039","µV","26.494","°C","1018.000","hPa","35.3","pmil","0","55.520","deg","20.000","°C","100.000","%a.s.","21.750","deg","20.000","°C","977.000","hPa","0.861","-0.02617","0.00035","0","0","13.56","Humid","24.85","0","70.00","286369.15","SABD0000000001","AAV1.0.0.11","1.1.2.0","PSt7-10","170328-006","1/4/2020 10:31:52","0000-00","0","no battery","V"
"11/02/2020","12:44:13","1","default","640513929","OXY_CH1","89.842","min","164.455","µmol/L","Humid","23.076","deg","43032","µV","26.504","°C","1018.000","hPa","35.3","pmil","0","55.520","deg","20.000","°C","100.000","%a.s.","21.750","deg","20.000","°C","977.000","hPa","0.861","-0.02617","0.00035","0","0","13.56","Humid","24.85","0","70.00","286368.04","SABD0000000001","AAV1.0.0.11","1.1.2.0","PSt7-10","170328-006","1/4/2020 10:31:52","0000-00","0","no battery","V"
"11/02/2020","12:44:14","1","default","640513929","OXY_CH1","89.859","min","164.595","µmol/L","Humid","23.071","deg","43038","µV","26.489","°C","1018.000","hPa","35.3","pmil","0","55.520","deg","20.000","°C","100.000","%a.s.","21.750","deg","20.000","°C","977.000","hPa","0.861","-0.02617","0.00035","0","0","13.56","Humid","24.85","0","70.00","286368.62","SABD0000000001","AAV1.0.0.11","1.1.2.0","PSt7-10","170328-006","1/4/2020 10:31:52","0000-00","0","no battery","V"
"11/02/2020","12:44:15","1","default","640513929","OXY_CH1","89.876","min","164.681","µmol/L","Humid","23.065","deg","43029","µV","26.489","°C","1018.000","hPa","35.3","pmil","0","55.520","deg","20.000","°C","100.000","%a.s.","21.750","deg","20.000","°C","977.000","hPa","0.861","-0.02617","0.00035","0","0","13.56","Humid","24.85","0","70.00","286375.48","SABD0000000001","AAV1.0.0.11","1.1.2.0","PSt7-10","170328-006","1/4/2020 10:31:52","0000-00","0","no battery","V"
"11/02/2020","12:44:16","1","default","640513929","OXY_CH1","89.892","min","164.559","µmol/L","Humid","23.071","deg","43033","µV","26.497","°C","1018.000","hPa","35.3","pmil","0","55.520","deg","20.000","°C","100.000","%a.s.","21.750","deg","20.000","°C","977.000","hPa","0.861","-0.02617","0.00035","0","0","13.56","Humid","24.85","0","70.00","286371.95","SABD0000000001","AAV1.0.0.11","1.1.2.0","PSt7-10","170328-006","1/4/2020 10:31:52","0000-00","0","no battery","V"
"11/02/2020","12:44:17","1","default","640513929","OXY_CH1","89.909","min","164.613","µmol/L","Humid","23.071","deg","43026","µV","26.486","°C","1018.000","hPa","35.3","pmil","0","55.520","deg","20.000","°C","100.000","%a.s.","21.750","deg","20.000","°C","977.000","hPa","0.861","-0.02617","0.00035","0","0","13.56","Humid","24.85","0","70.00","286371.68","SABD0000000001","AAV1.0.0.11","1.1.2.0","PSt7-10","170328-006","1/4/2020 10:31:52","0000-00","0","no battery","V"
"11/02/2020","12:44:18","1","default","640513929","OXY_CH1","89.926","min","164.519","µmol/L","Humid","23.074","deg","43031","µV","26.496","°C","1018.000","hPa","35.3","pmil","0","55.520","deg","20.000","°C","100.000","%a.s.","21.750","deg","20.000","°C","977.000","hPa","0.861","-0.02617","0.00035","0","0","13.56","Humid","24.85","0","70.00","286363.74","SABD0000000001","AAV1.0.0.11","1.1.2.0","PSt7-10","170328-006","1/4/2020 10:31:52","0000-00","0","no battery","V"
"11/02/2020","12:44:19","1","default","640513929","OXY_CH1","89.942","min","164.652","µmol/L","Humid","23.069","deg","43024","µV","26.483","°C","1018.000","hPa","35.3","pmil","0","55.520","deg","20.000","°C","100.000","%a.s.","21.750","deg","20.000","°C","977.000","hPa","0.861","-0.02617","0.00035","0","0","13.56","Humid","24.85","0","70.00","286370.29","SABD0000000001","AAV1.0.0.11","1.1.2.0","PSt7-10","170328-006","1/4/2020 10:31:52","0000-00","0","no battery","V"
"11/02/2020","12:44:20","1","default","640513929","OXY_CH1","89.958","min","164.644","µmol/L","Humid","23.069","deg","43024","µV","26.485","°C","1018.000","hPa","35.3","pmil","0","55.520","deg","20.000","°C","100.000","%a.s.","21.750","deg","20.000","°C","977.000","hPa","0.861","-0.02617","0.00035","0","0","13.56","Humid","24.85","0","70.00","286370.13","SABD0000000001","AAV1.0.0.11","1.1.2.0","PSt7-10","170328-006","1/4/2020 10:31:52","0000-00","0","no battery","V"
"11/02/2020","12:44:21","1","default","640513929","OXY_CH1","89.975","min","164.672","µmol/L","Humid","23.067","deg","43017","µV","26.485","°C","1018.000","hPa","35.3","pmil","0","55.520","deg","20.000","°C","100.000","%a.s.","21.750","deg","20.000","°C","977.000","hPa","0.861","-0.02617","0.00035","0","0","13.56","Humid","24.85","0","70.00","286363.63","SABD0000000001","AAV1.0.0.11","1.1.2.0","PSt7-10","170328-006","1/4/2020 10:31:52","0000-00","0","no battery","V"
"11/02/2020","12:44:22","1","default","640513929","OXY_CH1","89.992","min","164.641","µmol/L","Humid","23.066","deg","43019","µV","26.494","°C","1018.000","hPa","35.3","pmil","0","55.520","deg","20.000","°C","100.000","%a.s.","21.750","deg","20.000","°C","977.000","hPa","0.861","-0.02617","0.00035","0","0","13.56","Humid","24.85","0","70.00","286371.02","SABD0000000001","AAV1.0.0.11","1.1.2.0","PSt7-10","170328-006","1/4/2020 10:31:52","0000-00","0","no battery","V"
"11/02/2020","12:44:23","1","default","640513929","OXY_CH1","90.009","min","164.582","µmol/L","Humid","23.069","deg","43019","µV","26.498","°C","1018.000","hPa","35.3","pmil","0","55.520","deg","20.000","°C","100.000","%a.s.","21.750","deg","20.000","°C","977.000","hPa","0.861","-0.02617","0.00035","0","0","13.56","Humid","24.85","0","70.00","286379.59","SABD0000000001","AAV1.0.0.11","1.1.2.0","PSt7-10","170328-006","1/4/2020 10:31:52","0000-00","0","no battery","V"
"11/02/2020","12:44:24","1","default","640513929","OXY_CH1","90.025","min","164.742","µmol/L","Humid","23.060","deg","43021","µV","26.491","°C","1018.000","hPa","35.3","pmil","0","55.520","deg","20.000","°C","100.000","%a.s.","21.750","deg","20.000","°C","977.000","hPa","0.861","-0.02617","0.00035","0","0","13.56","Humid","24.85","0","70.00","286366.11","SABD0000000001","AAV1.0.0.11","1.1.2.0","PSt7-10","170328-006","1/4/2020 10:31:52","0000-00","0","no battery","V"
"11/02/2020","12:44:25","1","default","640513929","OXY_CH1","90.042","min","164.623","µmol/L","Humid","23.068","deg","43027","µV","26.492","°C","1018.000","hPa","35.3","pmil","0","55.520","deg","20.000","°C","100.000","%a.s.","21.750","deg","20.000","°C","977.000","hPa","0.861","-0.02617","0.00035","0","0","13.56","Humid","24.85","0","70.00","286363.39","SABD0000000001","AAV1.0.0.11","1.1.2.0","PSt7-10","170328-006","1/4/2020 10:31:52","0000-00","0","no battery","V"
"11/02/2020","12:44:26","1","default","640513929","OXY_CH1","90.059","min","164.690","µmol/L","Humid","23.062","deg","43020","µV","26.496","°C","1018.000","hPa","35.3","pmil","0","55.520","deg","20.000","°C","100.000","%a.s.","21.750","deg","20.000","°C","977.000","hPa","0.861","-0.02617","0.00035","0","0","13.56","Humid","24.85","0","70.00","286367.16","SABD0000000001","AAV1.0.0.11","1.1.2.0","PSt7-10","170328-006","1/4/2020 10:31:52","0000-00","0","no battery","V"
"11/02/2020","12:44:27","1","default","640513929","OXY_CH1","90.076","min","164.614","µmol/L","Humid","23.067","deg","43017","µV","26.497","°C","1018.000","hPa","35.3","pmil","0","55.520","deg","20.000","°C","100.000","%a.s.","21.750","deg","20.000","°C","977.000","hPa","0.861","-0.02617","0.00035","0","0","13.56","Humid","24.85","0","70.00","286373.44","SABD0000000001","AAV1.0.0.11","1.1.2.0","PSt7-10","170328-006","1/4/2020 10:31:52","0000-00","0","no battery","V"
"11/02/2020","12:44:28","1","default","640513929","OXY_CH1","90.092","min","164.674","µmol/L","Humid","23.065","deg","43010","µV","26.490","°C","1018.000","hPa","35.3","pmil","0","55.520","deg","20.000","°C","100.000","%a.s.","21.750","deg","20.000","°C","977.000","hPa","0.861","-0.02617","0.00035","0","0","13.56","Humid","24.85","0","70.00","286373.44","SABD0000000001","AAV1.0.0.11","1.1.2.0","PSt7-10","170328-006","1/4/2020 10:31:52","0000-00","0","no battery","V"
"11/02/2020","12:44:29","1","default","640513929","OXY_CH1","90.109","min","164.781","µmol/L","Humid","23.057","deg","43014","µV","26.491","°C","1018.000","hPa","35.3","pmil","0","55.520","deg","20.000","°C","100.000","%a.s.","21.750","deg","20.000","°C","977.000","hPa","0.861","-0.02617","0.00035","0","0","13.56","Humid","24.85","0","70.00","286381.11","SABD0000000001","AAV1.0.0.11","1.1.2.0","PSt7-10","170328-006","1/4/2020 10:31:52","0000-00","0","no battery","V"
"11/02/2020","12:44:30","1","default","640513929","OXY_CH1","90.126","min","164.834","µmol/L","Humid","23.056","deg","43011","µV","26.483","°C","1018.000","hPa","35.3","pmil","0","55.520","deg","20.000","°C","100.000","%a.s.","21.750","deg","20.000","°C","977.000","hPa","0.861","-0.02617","0.00035","0","0","13.56","Humid","24.85","0","70.00","286370.30","SABD0000000001","AAV1.0.0.11","1.1.2.0","PSt7-10","170328-006","1/4/2020 10:31:52","0000-00","0","no battery","V"
"11/02/2020","12:44:31","1","default","640513929","OXY_CH1","90.142","min","164.706","µmol/L","Humid","23.064","deg","43013","µV","26.486","°C","1018.000","hPa","35.3","pmil","0","55.520","deg","20.000","°C","100.000","%a.s.","21.750","deg","20.000","°C","977.000","hPa","0.861","-0.02617","0.00035","0","0","13.56","Humid","24.85","0","70.00","286365.52","SABD0000000001","AAV1.0.0.11","1.1.2.0","PSt7-10","170328-006","1/4/2020 10:31:52","0000-00","0","no battery","V"
"11/02/2020","12:44:32","1","default","640513929","OXY_CH1","90.158","min","164.706","µmol/L","Humid","23.062","deg","43005","µV","26.492","°C","1018.000","hPa","35.3","pmil","0","55.520","deg","20.000","°C","100.000","%a.s.","21.750","deg","20.000","°C","977.000","hPa","0.861","-0.02617","0.00035","0","0","13.56","Humid","24.85","0","70.00","286371.08","SABD0000000001","AAV1.0.0.11","1.1.2.0","PSt7-10","170328-006","1/4/2020 10:31:52","0000-00","0","no battery","V"
"11/02/2020","12:44:33","1","default","640513929","OXY_CH1","90.175","min","164.725","µmol/L","Humid","23.059","deg","43014","µV","26.497","°C","1018.000","hPa","35.3","pmil","0","55.520","deg","20.000","°C","100.000","%a.s.","21.750","deg","20.000","°C","977.000","hPa","0.861","-0.02617","0.00035","0","0","13.56","Humid","24.85","0","70.00","286378.41","SABD0000000001","AAV1.0.0.11","1.1.2.0","PSt7-10","170328-006","1/4/2020 10:31:52","0000-00","0","no battery","V"
"11/02/2020","12:44:34","1","default","640513929","OXY_CH1","90.192","min","164.732","µmol/L","Humid","23.056","deg","43007","µV","26.504","°C","1018.000","hPa","35.3","pmil","0","55.520","deg","20.000","°C","100.000","%a.s.","21.750","deg","20.000","°C","977.000","hPa","0.861","-0.02617","0.00035","0","0","13.56","Humid","24.85","0","70.00","286379.35","SABD0000000001","AAV1.0.0.11","1.1.2.0","PSt7-10","170328-006","1/4/2020 10:31:52","0000-00","0","no battery","V"
"11/02/2020","12:44:35","1","default","640513929","OXY_CH1","90.209","min","164.651","µmol/L","Humid","23.063","deg","43005","µV","26.501","°C","1018.000","hPa","35.3","pmil","0","55.520","deg","20.000","°C","100.000","%a.s.","21.750","deg","20.000","°C","977.000","hPa","0.861","-0.02617","0.00035","0","0","13.56","Humid","24.85","0","70.00","286382.90","SABD0000000001","AAV1.0.0.11","1.1.2.0","PSt7-10","170328-006","1/4/2020 10:31:52","0000-00","0","no battery","V"
"11/02/2020","12:44:36","1","default","640513929","OXY_CH1","90.225","min","164.723","µmol/L","Humid","23.061","deg","43006","µV","26.492","°C","1018.000","hPa","35.3","pmil","0","55.520","deg","20.000","°C","100.000","%a.s.","21.750","deg","20.000","°C","977.000","hPa","0.861","-0.02617","0.00035","0","0","13.56","Humid","24.85","0","70.00","286373.62","SABD0000000001","AAV1.0.0.11","1.1.2.0","PSt7-10","170328-006","1/4/2020 10:31:52","0000-00","0","no battery","V"
"11/02/2020","12:44:37","1","default","640513929","OXY_CH1","90.242","min","164.902","µmol/L","Humid","23.048","deg","43001","µV","26.492","°C","1018.000","hPa","35.3","pmil","0","55.520","deg","20.000","°C","100.000","%a.s.","21.750","deg","20.000","°C","977.000","hPa","0.861","-0.02617","0.00035","0","0","13.56","Humid","24.85","0","70.00","286365.81","SABD0000000001","AAV1.0.0.11","1.1.2.0","PSt7-10","170328-006","1/4/2020 10:31:52","0000-00","0","no battery","V"
"11/02/2020","12:44:38","1","default","640513929","OXY_CH1","90.259","min","164.814","µmol/L","Humid","23.054","deg","42989","µV","26.493","°C","1018.000","hPa","35.3","pmil","0","55.520","deg","20.000","°C","100.000","%a.s.","21.750","deg","20.000","°C","977.000","hPa","0.861","-0.02617","0.00035","0","0","13.56","Humid","24.85","0","70.00","286367.24","SABD0000000001","AAV1.0.0.11","1.1.2.0","PSt7-10","170328-006","1/4/2020 10:31:52","0000-00","0","no battery","V"
"11/02/2020","12:44:39","1","default","640513929","OXY_CH1","90.276","min","164.643","µmol/L","Humid","23.063","deg","43002","µV","26.503","°C","1018.000","hPa","35.3","pmil","0","55.520","deg","20.000","°C","100.000","%a.s.","21.750","deg","20.000","°C","977.000","hPa","0.861","-0.02617","0.00035","0","0","13.56","Humid","24.85","0","70.00","286366.25","SABD0000000001","AAV1.0.0.11","1.1.2.0","PSt7-10","170328-006","1/4/2020 10:31:52","0000-00","0","no battery","V"
"11/02/2020","12:44:40","1","default","640513929","OXY_CH1","90.292","min","164.818","µmol/L","Humid","23.058","deg","42995","µV","26.481","°C","1018.000","hPa","35.3","pmil","0","55.520","deg","20.000","°C","100.000","%a.s.","21.750","deg","20.000","°C","977.000","hPa","0.861","-0.02617","0.00035","0","0","13.56","Humid","24.85","0","70.00","286372.98","SABD0000000001","AAV1.0.0.11","1.1.2.0","PSt7-10","170328-006","1/4/2020 10:31:52","0000-00","0","no battery","V"
"11/02/2020","12:44:41","1","default","640513929","OXY_CH1","90.308","min","164.777","µmol/L","Humid","23.053","deg","42996","µV","26.504","°C","1018.000","hPa","35.3","pmil","0","55.520","deg","20.000","°C","100.000","%a.s.","21.750","deg","20.000","°C","977.000","hPa","0.861","-0.02617","0.00035","0","0","13.56","Humid","24.85","0","70.00","286356.81","SABD0000000001","AAV1.0.0.11","1.1.2.0","PSt7-10","170328-006","1/4/2020 10:31:52","0000-00","0","no battery","V"
"11/02/2020","12:44:42","1","default","640513929","OXY_CH1","90.325","min","164.822","µmol/L","Humid","23.050","deg","42988","µV","26.503","°C","1018.000","hPa","35.3","pmil","0","55.520","deg","20.000","°C","100.000","%a.s.","21.750","deg","20.000","°C","977.000","hPa","0.861","-0.02617","0.00035","0","0","13.56","Humid","24.85","0","70.00","286362.49","SABD0000000001","AAV1.0.0.11","1.1.2.0","PSt7-10","170328-006","1/4/2020 10:31:52","0000-00","0","no battery","V"
"11/02/2020","12:44:43","1","default","640513929","OXY_CH1","90.342","min","164.800","µmol/L","Humid","23.052","deg","42984","µV","26.502","°C","1018.000","hPa","35.3","pmil","0","55.520","deg","20.000","°C","100.000","%a.s.","21.750","deg","20.000","°C","977.000","hPa","0.861","-0.02617","0.00035","0","0","13.56","Humid","24.85","0","70.00","286357.04","SABD0000000001","AAV1.0.0.11","1.1.2.0","PSt7-10","170328-006","1/4/2020 10:31:52","0000-00","0","no battery","V"
"11/02/2020","12:44:44","1","default","640513929","OXY_CH1","90.359","min","164.814","µmol/L","Humid","23.049","deg","42987","µV","26.508","°C","1018.000","hPa","35.3","pmil","0","55.520","deg","20.000","°C","100.000","%a.s.","21.750","deg","20.000","°C","977.000","hPa","0.861","-0.02617","0.00035","0","0","13.56","Humid","24.85","0","70.00","286361.88","SABD0000000001","AAV1.0.0.11","1.1.2.0","PSt7-10","170328-006","1/4/2020 10:31:52","0000-00","0","no battery","V"
"11/02/2020","12:44:45","1","default","640513929","OXY_CH1","90.375","min","164.775","µmol/L","Humid","23.054","deg","42982","µV","26.501","°C","1018.000","hPa","35.3","pmil","0","55.520","deg","20.000","°C","100.000","%a.s.","21.750","deg","20.000","°C","977.000","hPa","0.861","-0.02617","0.00035","0","0","13.56","Humid","24.85","0","70.00","286352.80","SABD0000000001","AAV1.0.0.11","1.1.2.0","PSt7-10","170328-006","1/4/2020 10:31:52","0000-00","0","no battery","V"
"11/02/2020","12:44:46","1","default","640513929","OXY_CH1","90.392","min","164.853","µmol/L","Humid","23.049","deg","42981","µV","26.499","°C","1018.000","hPa","35.3","pmil","0","55.520","deg","20.000","°C","100.000","%a.s.","21.750","deg","20.000","°C","977.000","hPa","0.861","-0.02617","0.00035","0","0","13.56","Humid","24.85","0","70.00","286353.59","SABD0000000001","AAV1.0.0.11","1.1.2.0","PSt7-10","170328-006","1/4/2020 10:31:52","0000-00","0","no battery","V"
"11/02/2020","12:44:47","1","default","640513929","OXY_CH1","90.409","min","164.741","µmol/L","Humid","23.057","deg","42975","µV","26.500","°C","1018.000","hPa","35.3","pmil","0","55.520","deg","20.000","°C","100.000","%a.s.","21.750","deg","20.000","°C","977.000","hPa","0.861","-0.02617","0.00035","0","0","13.56","Humid","24.85","0","70.00","286358.38","SABD0000000001","AAV1.0.0.11","1.1.2.0","PSt7-10","170328-006","1/4/2020 10:31:52","0000-00","0","no battery","V"
"11/02/2020","12:44:48","1","default","640513929","OXY_CH1","90.426","min","164.986","µmol/L","Humid","23.041","deg","42971","µV","26.495","°C","1018.000","hPa","35.3","pmil","0","55.520","deg","20.000","°C","100.000","%a.s.","21.750","deg","20.000","°C","977.000","hPa","0.861","-0.02617","0.00035","0","0","13.56","Humid","24.85","0","70.00","286372.78","SABD0000000001","AAV1.0.0.11","1.1.2.0","PSt7-10","170328-006","1/4/2020 10:31:52","0000-00","0","no battery","V"
"11/02/2020","12:44:49","1","default","640513929","OXY_CH1","90.442","min","164.882","µmol/L","Humid","23.049","deg","42966","µV","26.493","°C","1018.000","hPa","35.3","pmil","0","55.520","deg","20.000","°C","100.000","%a.s.","21.750","deg","20.000","°C","977.000","hPa","0.861","-0.02617","0.00035","0","0","13.56","Humid","24.85","0","70.00","286372.03","SABD0000000001","AAV1.0.0.11","1.1.2.0","PSt7-10","170328-006","1/4/2020 10:31:52","0000-00","0","no battery","V"
"11/02/2020","12:44:50","1","default","640513929","OXY_CH1","90.459","min","164.919","µmol/L","Humid","23.046","deg","42959","µV","26.495","°C","1018.000","hPa","35.3","pmil","0","55.520","deg","20.000","°C","100.000","%a.s.","21.750","deg","20.000","°C","977.000","hPa","0.861","-0.02617","0.00035","0","0","13.56","Humid","24.85","0","70.00","286374.68","SABD0000000001","AAV1.0.0.11","1.1.2.0","PSt7-10","170328-006","1/4/2020 10:31:52","0000-00","0","no battery","V"
"11/02/2020","12:44:51","1","default","640513929","OXY_CH1","90.476","min","164.866","µmol/L","Humid","23.047","deg","42958","µV","26.503","°C","1018.000","hPa","35.3","pmil","0","55.520","deg","20.000","°C","100.000","%a.s.","21.750","deg","20.000","°C","977.000","hPa","0.861","-0.02617","0.00035","0","0","13.56","Humid","24.85","0","70.00","286365.70","SABD0000000001","AAV1.0.0.11","1.1.2.0","PSt7-10","170328-006","1/4/2020 10:31:52","0000-00","0","no battery","V"
"11/02/2020","12:44:52","1","default","640513929","OXY_CH1","90.492","min","164.907","µmol/L","Humid","23.048","deg","42954","µV","26.491","°C","1018.000","hPa","35.3","pmil","0","55.520","deg","20.000","°C","100.000","%a.s.","21.750","deg","20.000","°C","977.000","hPa","0.861","-0.02617","0.00035","0","0","13.56","Humid","24.85","0","70.00","286360.24","SABD0000000001","AAV1.0.0.11","1.1.2.0","PSt7-10","170328-006","1/4/2020 10:31:52","0000-00","0","no battery","V"
"11/02/2020","12:44:53","1","default","640513929","OXY_CH1","90.509","min","164.824","µmol/L","Humid","23.050","deg","42953","µV","26.503","°C","1018.000","hPa","35.3","pmil","0","55.520","deg","20.000","°C","100.000","%a.s.","21.750","deg","20.000","°C","977.000","hPa","0.861","-0.02617","0.00035","0","0","13.56","Humid","24.85","0","70.00","286366.48","SABD0000000001","AAV1.0.0.11","1.1.2.0","PSt7-10","170328-006","1/4/2020 10:31:52","0000-00","0","no battery","V"
"11/02/2020","12:44:54","1","default","640513929","OXY_CH1","90.525","min","164.940","µmol/L","Humid","23.041","deg","42952","µV","26.505","°C","1018.000","hPa","35.3","pmil","0","55.520","deg","20.000","°C","100.000","%a.s.","21.750","deg","20.000","°C","977.000","hPa","0.861","-0.02617","0.00035","0","0","13.56","Humid","24.85","0","70.00","286367.35","SABD0000000001","AAV1.0.0.11","1.1.2.0","PSt7-10","170328-006","1/4/2020 10:31:52","0000-00","0","no battery","V"
"11/02/2020","12:44:55","1","default","640513929","OXY_CH1","90.542","min","165.013","µmol/L","Humid","23.042","deg","42951","µV","26.486","°C","1018.000","hPa","35.3","pmil","0","55.520","deg","20.000","°C","100.000","%a.s.","21.750","deg","20.000","°C","977.000","hPa","0.861","-0.02617","0.00035","0","0","13.56","Humid","24.85","0","70.00","286355.58","SABD0000000001","AAV1.0.0.11","1.1.2.0","PSt7-10","170328-006","1/4/2020 10:31:52","0000-00","0","no battery","V"
"11/02/2020","12:44:56","1","default","640513929","OXY_CH1","90.558","min","165.058","µmol/L","Humid","23.036","deg","42951","µV","26.495","°C","1018.000","hPa","35.3","pmil","0","55.520","deg","20.000","°C","100.000","%a.s.","21.750","deg","20.000","°C","977.000","hPa","0.861","-0.02617","0.00035","0","0","13.56","Humid","24.85","0","70.00","286348.53","SABD0000000001","AAV1.0.0.11","1.1.2.0","PSt7-10","170328-006","1/4/2020 10:31:52","0000-00","0","no battery","V"
"11/02/2020","12:44:57","1","default","640513929","OXY_CH1","90.575","min","164.976","µmol/L","Humid","23.043","deg","42943","µV","26.491","°C","1018.000","hPa","35.3","pmil","0","55.520","deg","20.000","°C","100.000","%a.s.","21.750","deg","20.000","°C","977.000","hPa","0.861","-0.02617","0.00035","0","0","13.56","Humid","24.85","0","70.00","286353.62","SABD0000000001","AAV1.0.0.11","1.1.2.0","PSt7-10","170328-006","1/4/2020 10:31:52","0000-00","0","no battery","V"
"11/02/2020","12:44:58","1","default","640513929","OXY_CH1","90.592","min","165.045","µmol/L","Humid","23.038","deg","42940","µV","26.491","°C","1018.000","hPa","35.3","pmil","0","55.520","deg","20.000","°C","100.000","%a.s.","21.750","deg","20.000","°C","977.000","hPa","0.861","-0.02617","0.00035","0","0","13.56","Humid","24.85","0","70.00","286356.27","SABD0000000001","AAV1.0.0.11","1.1.2.0","PSt7-10","170328-006","1/4/2020 10:31:52","0000-00","0","no battery","V"
"11/02/2020","12:44:59","1","default","640513929","OXY_CH1","90.609","min","165.128","µmol/L","Humid","23.033","deg","42937","µV","26.489","°C","1018.000","hPa","35.3","pmil","0","55.520","deg","20.000","°C","100.000","%a.s.","21.750","deg","20.000","°C","977.000","hPa","0.861","-0.02617","0.00035","0","0","13.56","Humid","24.85","0","70.00","286352.09","SABD0000000001","AAV1.0.0.11","1.1.2.0","PSt7-10","170328-006","1/4/2020 10:31:52","0000-00","0","no battery","V"
"11/02/2020","12:45:00","1","default","640513929","OXY_CH1","90.625","min","165.001","µmol/L","Humid","23.035","deg","42940","µV","26.509","°C","1018.000","hPa","35.3","pmil","0","55.520","deg","20.000","°C","100.000","%a.s.","21.750","deg","20.000","°C","977.000","hPa","0.861","-0.02617","0.00035","0","0","13.56","Humid","24.85","0","70.00","286355.41","SABD0000000001","AAV1.0.0.11","1.1.2.0","PSt7-10","170328-006","1/4/2020 10:31:52","0000-00","0","no battery","V"
"11/02/2020","12:45:01","1","default","640513929","OXY_CH1","90.642","min","165.033","µmol/L","Humid","23.041","deg","42933","µV","26.485","°C","1018.000","hPa","35.3","pmil","0","55.520","deg","20.000","°C","100.000","%a.s.","21.750","deg","20.000","°C","977.000","hPa","0.861","-0.02617","0.00035","0","0","13.56","Humid","24.85","0","70.00","286339.10","SABD0000000001","AAV1.0.0.11","1.1.2.0","PSt7-10","170328-006","1/4/2020 10:31:52","0000-00","0","no battery","V"
"11/02/2020","12:45:02","1","default","640513929","OXY_CH1","90.659","min","165.087","µmol/L","Humid","23.031","deg","42943","µV","26.503","°C","1018.000","hPa","35.3","pmil","0","55.520","deg","20.000","°C","100.000","%a.s.","21.750","deg","20.000","°C","977.000","hPa","0.861","-0.02617","0.00035","0","0","13.56","Humid","24.85","0","70.00","286353.73","SABD0000000001","AAV1.0.0.11","1.1.2.0","PSt7-10","170328-006","1/4/2020 10:31:52","0000-00","0","no battery","V"
"11/02/2020","12:45:03","1","default","640513929","OXY_CH1","90.675","min","165.124","µmol/L","Humid","23.033","deg","42942","µV","26.490","°C","1018.000","hPa","35.3","pmil","0","55.520","deg","20.000","°C","100.000","%a.s.","21.750","deg","20.000","°C","977.000","hPa","0.861","-0.02617","0.00035","0","0","13.56","Humid","24.85","0","70.00","286355.04","SABD0000000001","AAV1.0.0.11","1.1.2.0","PSt7-10","170328-006","1/4/2020 10:31:52","0000-00","0","no battery","V"
"11/02/2020","12:45:04","1","default","640513929","OXY_CH1","90.692","min","165.125","µmol/L","Humid","23.034","deg","42934","µV","26.486","°C","1018.000","hPa","35.3","pmil","0","55.520","deg","20.000","°C","100.000","%a.s.","21.750","deg","20.000","°C","977.000","hPa","0.861","-0.02617","0.00035","0","0","13.56","Humid","24.85","0","70.00","286352.94","SABD0000000001","AAV1.0.0.11","1.1.2.0","PSt7-10","170328-006","1/4/2020 10:31:52","0000-00","0","no battery","V"
"11/02/2020","12:45:05","1","default","640513929","OXY_CH1","90.709","min","165.097","µmol/L","Humid","23.038","deg","42940","µV","26.481","°C","1018.000","hPa","35.3","pmil","0","55.520","deg","20.000","°C","100.000","%a.s.","21.750","deg","20.000","°C","977.000","hPa","0.861","-0.02617","0.00035","0","0","13.56","Humid","24.85","0","70.00","286351.02","SABD0000000001","AAV1.0.0.11","1.1.2.0","PSt7-10","170328-006","1/4/2020 10:31:52","0000-00","0","no battery","V"
"11/02/2020","12:45:06","1","default","640513929","OXY_CH1","90.726","min","165.098","µmol/L","Humid","23.032","deg","42938","µV","26.498","°C","1018.000","hPa","35.3","pmil","0","55.520","deg","20.000","°C","100.000","%a.s.","21.750","deg","20.000","°C","977.000","hPa","0.861","-0.02617","0.00035","0","0","13.56","Humid","24.85","0","70.00","286348.89","SABD0000000001","AAV1.0.0.11","1.1.2.0","PSt7-10","170328-006","1/4/2020 10:31:52","0000-00","0","no battery","V"
"11/02/2020","12:45:07","1","default","640513929","OXY_CH1","90.742","min","165.092","µmol/L","Humid","23.032","deg","42938","µV","26.499","°C","1018.000","hPa","35.3","pmil","0","55.520","deg","20.000","°C","100.000","%a.s.","21.750","deg","20.000","°C","977.000","hPa","0.861","-0.02617","0.00035","0","0","13.56","Humid","24.85","0","70.00","286338.40","SABD0000000001","AAV1.0.0.11","1.1.2.0","PSt7-10","170328-006","1/4/2020 10:31:52","0000-00","0","no battery","V"
"11/02/2020","12:45:08","1","default","640513929","OXY_CH1","90.758","min","165.160","µmol/L","Humid","23.033","deg","42940","µV","26.482","°C","1018.000","hPa","35.3","pmil","0","55.520","deg","20.000","°C","100.000","%a.s.","21.750","deg","20.000","°C","977.000","hPa","0.861","-0.02617","0.00035","0","0","13.56","Humid","24.85","0","70.00","286336.77","SABD0000000001","AAV1.0.0.11","1.1.2.0","PSt7-10","170328-006","1/4/2020 10:31:52","0000-00","0","no battery","V"
"11/02/2020","12:45:09","1","default","640513929","OXY_CH1","90.775","min","165.201","µmol/L","Humid","23.026","deg","42936","µV","26.494","°C","1018.000","hPa","35.3","pmil","0","55.520","deg","20.000","°C","100.000","%a.s.","21.750","deg","20.000","°C","977.000","hPa","0.861","-0.02617","0.00035","0","0","13.56","Humid","24.85","0","70.00","286348.44","SABD0000000001","AAV1.0.0.11","1.1.2.0","PSt7-10","170328-006","1/4/2020 10:31:52","0000-00","0","no battery","V"
"11/02/2020","12:45:10","1","default","640513929","OXY_CH1","90.792","min","165.184","µmol/L","Humid","23.027","deg","42926","µV","26.494","°C","1018.000","hPa","35.3","pmil","0","55.520","deg","20.000","°C","100.000","%a.s.","21.750","deg","20.000","°C","977.000","hPa","0.861","-0.02617","0.00035","0","0","13.56","Humid","24.85","0","70.00","286341.84","SABD0000000001","AAV1.0.0.11","1.1.2.0","PSt7-10","170328-006","1/4/2020 10:31:52","0000-00","0","no battery","V"
"11/02/2020","12:45:11","1","default","640513929","OXY_CH1","90.809","min","165.137","µmol/L","Humid","23.033","deg","42932","µV","26.487","°C","1018.000","hPa","35.3","pmil","0","55.520","deg","20.000","°C","100.000","%a.s.","21.750","deg","20.000","°C","977.000","hPa","0.861","-0.02617","0.00035","0","0","13.56","Humid","24.85","0","70.00","286342.50","SABD0000000001","AAV1.0.0.11","1.1.2.0","PSt7-10","170328-006","1/4/2020 10:31:52","0000-00","0","no battery","V"
"11/02/2020","12:45:12","1","default","640513929","OXY_CH1","90.825","min","165.294","µmol/L","Humid","23.018","deg","42931","µV","26.498","°C","1018.000","hPa","35.3","pmil","0","55.520","deg","20.000","°C","100.000","%a.s.","21.750","deg","20.000","°C","977.000","hPa","0.861","-0.02617","0.00035","0","0","13.56","Humid","24.85","0","70.00","286343.75","SABD0000000001","AAV1.0.0.11","1.1.2.0","PSt7-10","170328-006","1/4/2020 10:31:52","0000-00","0","no battery","V"
"11/02/2020","12:45:13","1","default","640513929","OXY_CH1","90.842","min","165.184","µmol/L","Humid","23.029","deg","42922","µV","26.489","°C","1018.000","hPa","35.3","pmil","0","55.520","deg","20.000","°C","100.000","%a.s.","21.750","deg","20.000","°C","977.000","hPa","0.861","-0.02617","0.00035","0","0","13.56","Humid","24.85","0","70.00","286339.89","SABD0000000001","AAV1.0.0.11","1.1.2.0","PSt7-10","170328-006","1/4/2020 10:31:52","0000-00","0","no battery","V"
"11/02/2020","12:45:14","1","default","640513929","OXY_CH1","90.859","min","165.086","µmol/L","Humid","23.033","deg","42929","µV","26.498","°C","1018.000","hPa","35.3","pmil","0","55.520","deg","20.000","°C","100.000","%a.s.","21.750","deg","20.000","°C","977.000","hPa","0.861","-0.02617","0.00035","0","0","13.56","Humid","24.85","0","70.00","286331.05","SABD0000000001","AAV1.0.0.11","1.1.2.0","PSt7-10","170328-006","1/4/2020 10:31:52","0000-00","0","no battery","V"
"11/02/2020","12:45:15","1","default","640513929","OXY_CH1","90.876","min","165.312","µmol/L","Humid","23.020","deg","42929","µV","26.488","°C","1018.000","hPa","35.3","pmil","0","55.520","deg","20.000","°C","100.000","%a.s.","21.750","deg","20.000","°C","977.000","hPa","0.861","-0.02617","0.00035","0","0","13.56","Humid","24.85","0","70.00","286343.63","SABD0000000001","AAV1.0.0.11","1.1.2.0","PSt7-10","170328-006","1/4/2020 10:31:52","0000-00","0","no battery","V"
"11/02/2020","12:45:16","1","default","640513929","OXY_CH1","90.892","min","165.209","µmol/L","Humid","23.031","deg","42924","µV","26.478","°C","1018.000","hPa","35.3","pmil","0","55.520","deg","20.000","°C","100.000","%a.s.","21.750","deg","20.000","°C","977.000","hPa","0.861","-0.02617","0.00035","0","0","13.56","Humid","24.85","0","70.00","286339.04","SABD0000000001","AAV1.0.0.11","1.1.2.0","PSt7-10","170328-006","1/4/2020 10:31:52","0000-00","0","no battery","V"
"11/02/2020","12:45:17","1","default","640513929","OXY_CH1","90.909","min","165.195","µmol/L","Humid","23.031","deg","42929","µV","26.481","°C","1018.000","hPa","35.3","pmil","0","55.520","deg","20.000","°C","100.000","%a.s.","21.750","deg","20.000","°C","977.000","hPa","0.861","-0.02617","0.00035","0","0","13.56","Humid","24.85","0","70.00","286340.26","SABD0000000001","AAV1.0.0.11","1.1.2.0","PSt7-10","170328-006","1/4/2020 10:31:52","0000-00","0","no battery","V"
"11/02/2020","12:45:18","1","default","640513929","OXY_CH1","90.925","min","165.129","µmol/L","Humid","23.033","deg","42928","µV","26.488","°C","1018.000","hPa","35.3","pmil","0","55.520","deg","20.000","°C","100.000","%a.s.","21.750","deg","20.000","°C","977.000","hPa","0.861","-0.02617","0.00035","0","0","13.56","Humid","24.85","0","70.00","286350.52","SABD0000000001","AAV1.0.0.11","1.1.2.0","PSt7-10","170328-006","1/4/2020 10:31:52","0000-00","0","no battery","V"
"11/02/2020","12:45:19","1","default","640513929","OXY_CH1","90.942","min","165.119","µmol/L","Humid","23.028","deg","42930","µV","26.505","°C","1018.000","hPa","35.3","pmil","0","55.520","deg","20.000","°C","100.000","%a.s.","21.750","deg","20.000","°C","977.000","hPa","0.861","-0.02617","0.00035","0","0","13.56","Humid","24.85","0","70.00","286351.01","SABD0000000001","AAV1.0.0.11","1.1.2.0","PSt7-10","170328-006","1/4/2020 10:31:52","0000-00","0","no battery","V"
"11/02/2020","12:45:20","1","default","640513929","OXY_CH1","90.958","min","165.297","µmol/L","Humid","23.019","deg","42923","µV","26.494","°C","1018.000","hPa","35.3","pmil","0","55.520","deg","20.000","°C","100.000","%a.s.","21.750","deg","20.000","°C","977.000","hPa","0.861","-0.02617","0.00035","0","0","13.56","Humid","24.85","0","70.00","286339.33","SABD0000000001","AAV1.0.0.11","1.1.2.0","PSt7-10","170328-006","1/4/2020 10:31:52","0000-00","0","no battery","V"
"11/02/2020","12:45:21","1","default","640513929","OXY_CH1","90.975","min","165.267","µmol/L","Humid","23.022","deg","42924","µV","26.492","°C","1018.000","hPa","35.3","pmil","0","55.520","deg","20.000","°C","100.000","%a.s.","21.750","deg","20.000","°C","977.000","hPa","0.861","-0.02617","0.00035","0","0","13.56","Humid","24.85","0","70.00","286342.38","SABD0000000001","AAV1.0.0.11","1.1.2.0","PSt7-10","170328-006","1/4/2020 10:31:52","0000-00","0","no battery","V"
"11/02/2020","12:45:22","1","default","640513929","OXY_CH1","90.992","min","165.154","µmol/L","Humid","23.029","deg","42922","µV","26.495","°C","1018.000","hPa","35.3","pmil","0","55.520","deg","20.000","°C","100.000","%a.s.","21.750","deg","20.000","°C","977.000","hPa","0.861","-0.02617","0.00035","0","0","13.56","Humid","24.85","0","70.00","286346.96","SABD0000000001","AAV1.0.0.11","1.1.2.0","PSt7-10","170328-006","1/4/2020 10:31:52","0000-00","0","no battery","V"
"11/02/2020","12:45:23","1","default","640513929","OXY_CH1","91.009","min","165.364","µmol/L","Humid","23.015","deg","42918","µV","26.492","°C","1018.000","hPa","35.3","pmil","0","55.520","deg","20.000","°C","100.000","%a.s.","21.750","deg","20.000","°C","977.000","hPa","0.861","-0.02617","0.00035","0","0","13.56","Humid","24.85","0","70.00","286351.43","SABD0000000001","AAV1.0.0.11","1.1.2.0","PSt7-10","170328-006","1/4/2020 10:31:52","0000-00","0","no battery","V"
"11/02/2020","12:45:24","1","default","640513929","OXY_CH1","91.025","min","165.412","µmol/L","Humid","23.010","deg","42916","µV","26.497","°C","1018.000","hPa","35.3","pmil","0","55.520","deg","20.000","°C","100.000","%a.s.","21.750","deg","20.000","°C","977.000","hPa","0.861","-0.02617","0.00035","0","0","13.56","Humid","24.85","0","70.00","286337.90","SABD0000000001","AAV1.0.0.11","1.1.2.0","PSt7-10","170328-006","1/4/2020 10:31:52","0000-00","0","no battery","V"
"11/02/2020","12:45:25","1","default","640513929","OXY_CH1","91.042","min","165.343","µmol/L","Humid","23.015","deg","42909","µV","26.496","°C","1018.000","hPa","35.3","pmil","0","55.520","deg","20.000","°C","100.000","%a.s.","21.750","deg","20.000","°C","977.000","hPa","0.861","-0.02617","0.00035","0","0","13.56","Humid","24.85","0","70.00","286339.07","SABD0000000001","AAV1.0.0.11","1.1.2.0","PSt7-10","170328-006","1/4/2020 10:31:52","0000-00","0","no battery","V"
"11/02/2020","12:45:26","1","default","640513929","OXY_CH1","91.059","min","165.292","µmol/L","Humid","23.018","deg","42916","µV","26.498","°C","1018.000","hPa","35.3","pmil","0","55.520","deg","20.000","°C","100.000","%a.s.","21.750","deg","20.000","°C","977.000","hPa","0.861","-0.02617","0.00035","0","0","13.56","Humid","24.85","0","70.00","286346.37","SABD0000000001","AAV1.0.0.11","1.1.2.0","PSt7-10","170328-006","1/4/2020 10:31:52","0000-00","0","no battery","V"
"11/02/2020","12:45:27","1","default","640513929","OXY_CH1","91.076","min","165.376","µmol/L","Humid","23.013","deg","42914","µV","26.495","°C","1018.000","hPa","35.3","pmil","0","55.520","deg","20.000","°C","100.000","%a.s.","21.750","deg","20.000","°C","977.000","hPa","0.861","-0.02617","0.00035","0","0","13.56","Humid","24.85","0","70.00","286353.41","SABD0000000001","AAV1.0.0.11","1.1.2.0","PSt7-10","170328-006","1/4/2020 10:31:52","0000-00","0","no battery","V"
"11/02/2020","12:45:28","1","default","640513929","OXY_CH1","91.092","min","165.322","µmol/L","Humid","23.016","deg","42917","µV","26.498","°C","1018.000","hPa","35.3","pmil","0","55.520","deg","20.000","°C","100.000","%a.s.","21.750","deg","20.000","°C","977.000","hPa","0.861","-0.02617","0.00035","0","0","13.56","Humid","24.85","0","70.00","286345.40","SABD0000000001","AAV1.0.0.11","1.1.2.0","PSt7-10","170328-006","1/4/2020 10:31:52","0000-00","0","no battery","V"
"11/02/2020","12:45:29","1","default","640513929","OXY_CH1","91.108","min","165.310","µmol/L","Humid","23.015","deg","42907","µV","26.503","°C","1018.000","hPa","35.3","pmil","0","55.520","deg","20.000","°C","100.000","%a.s.","21.750","deg","20.000","°C","977.000","hPa","0.861","-0.02617","0.00035","0","0","13.56","Humid","24.85","0","70.00","286338.98","SABD0000000001","AAV1.0.0.11","1.1.2.0","PSt7-10","170328-006","1/4/2020 10:31:52","0000-00","0","no battery","V"
"11/02/2020","12:45:30","1","default","640513929","OXY_CH1","91.125","min","165.265","µmol/L","Humid","23.019","deg","42897","µV","26.501","°C","1018.000","hPa","35.3","pmil","0","55.520","deg","20.000","°C","100.000","%a.s.","21.750","deg","20.000","°C","977.000","hPa","0.861","-0.02617","0.00035","0","0","13.56","Humid","24.85","0","70.00","286342.56","SABD0000000001","AAV1.0.0.11","1.1.2.0","PSt7-10","170328-006","1/4/2020 10:31:52","0000-00","0","no battery","V"
"11/02/2020","12:45:31","1","default","640513929","OXY_CH1","91.142","min","165.359","µmol/L","Humid","23.013","deg","42898","µV","26.499","°C","1018.000","hPa","35.3","pmil","0","55.520","deg","20.000","°C","100.000","%a.s.","21.750","deg","20.000","°C","977.000","hPa","0.861","-0.02617","0.00035","0","0","13.56","Humid","24.85","0","70.00","286343.52","SABD0000000001","AAV1.0.0.11","1.1.2.0","PSt7-10","170328-006","1/4/2020 10:31:52","0000-00","0","no battery","V"
"11/02/2020","12:45:32","1","default","640513929","OXY_CH1","91.158","min","165.246","µmol/L","Humid","23.023","deg","42890","µV","26.493","°C","1018.000","hPa","35.3","pmil","0","55.520","deg","20.000","°C","100.000","%a.s.","21.750","deg","20.000","°C","977.000","hPa","0.861","-0.02617","0.00035","0","0","13.56","Humid","24.85","0","70.00","286332.53","SABD0000000001","AAV1.0.0.11","1.1.2.0","PSt7-10","170328-006","1/4/2020 10:31:52","0000-00","0","no battery","V"
"11/02/2020","12:45:33","1","default","640513929","OXY_CH1","91.175","min","165.369","µmol/L","Humid","23.016","deg","42892","µV","26.488","°C","1018.000","hPa","35.3","pmil","0","55.520","deg","20.000","°C","100.000","%a.s.","21.750","deg","20.000","°C","977.000","hPa","0.861","-0.02617","0.00035","0","0","13.56","Humid","24.85","0","70.00","286335.66","SABD0000000001","AAV1.0.0.11","1.1.2.0","PSt7-10","170328-006","1/4/2020 10:31:52","0000-00","0","no battery","V"
"11/02/2020","12:45:34","1","default","640513929","OXY_CH1","91.192","min","165.394","µmol/L","Humid","23.015","deg","42884","µV","26.486","°C","1018.000","hPa","35.3","pmil","0","55.520","deg","20.000","°C","100.000","%a.s.","21.750","deg","20.000","°C","977.000","hPa","0.861","-0.02617","0.00035","0","0","13.56","Humid","24.85","0","70.00","286333.26","SABD0000000001","AAV1.0.0.11","1.1.2.0","PSt7-10","170328-006","1/4/2020 10:31:52","0000-00","0","no battery","V"
"11/02/2020","12:45:35","1","default","640513929","OXY_CH1","91.209","min","165.529","µmol/L","Humid","23.001","deg","42887","µV","26.499","°C","1018.000","hPa","35.3","pmil","0","55.520","deg","20.000","°C","100.000","%a.s.","21.750","deg","20.000","°C","977.000","hPa","0.861","-0.02617","0.00035","0","0","13.56","Humid","24.85","0","70.00","286329.65","SABD0000000001","AAV1.0.0.11","1.1.2.0","PSt7-10","170328-006","1/4/2020 10:31:52","0000-00","0","no battery","V"
"11/02/2020","12:45:36","1","default","640513929","OXY_CH1","91.226","min","165.475","µmol/L","Humid","23.009","deg","42880","µV","26.487","°C","1018.000","hPa","35.3","pmil","0","55.520","deg","20.000","°C","100.000","%a.s.","21.750","deg","20.000","°C","977.000","hPa","0.861","-0.02617","0.00035","0","0","13.56","Humid","24.85","0","70.00","286337.64","SABD0000000001","AAV1.0.0.11","1.1.2.0","PSt7-10","170328-006","1/4/2020 10:31:52","0000-00","0","no battery","V"
"11/02/2020","12:45:37","1","default","640513929","OXY_CH1","91.242","min","165.483","µmol/L","Humid","23.011","deg","42885","µV","26.479","°C","1018.000","hPa","35.3","pmil","0","55.520","deg","20.000","°C","100.000","%a.s.","21.750","deg","20.000","°C","977.000","hPa","0.861","-0.02617","0.00035","0","0","13.56","Humid","24.85","0","70.00","286344.64","SABD0000000001","AAV1.0.0.11","1.1.2.0","PSt7-10","170328-006","1/4/2020 10:31:52","0000-00","0","no battery","V"
"11/02/2020","12:45:38","1","default","640513929","OXY_CH1","91.259","min","165.590","µmol/L","Humid","23.003","deg","42881","µV","26.480","°C","1018.000","hPa","35.3","pmil","0","55.520","deg","20.000","°C","100.000","%a.s.","21.750","deg","20.000","°C","977.000","hPa","0.861","-0.02617","0.00035","0","0","13.56","Humid","24.85","0","70.00","286352.38","SABD0000000001","AAV1.0.0.11","1.1.2.0","PSt7-10","170328-006","1/4/2020 10:31:52","0000-00","0","no battery","V"
"11/02/2020","12:45:39","1","default","640513929","OXY_CH1","91.275","min","165.409","µmol/L","Humid","23.007","deg","42888","µV","26.506","°C","1018.000","hPa","35.3","pmil","0","55.520","deg","20.000","°C","100.000","%a.s.","21.750","deg","20.000","°C","977.000","hPa","0.861","-0.02617","0.00035","0","0","13.56","Humid","24.85","0","70.00","286339.57","SABD0000000001","AAV1.0.0.11","1.1.2.0","PSt7-10","170328-006","1/4/2020 10:31:52","0000-00","0","no battery","V"
"11/02/2020","12:45:40","1","default","640513929","OXY_CH1","91.292","min","165.326","µmol/L","Humid","23.012","deg","42887","µV","26.509","°C","1018.000","hPa","35.3","pmil","0","55.520","deg","20.000","°C","100.000","%a.s.","21.750","deg","20.000","°C","977.000","hPa","0.861","-0.02617","0.00035","0","0","13.56","Humid","24.85","0","70.00","286339.92","SABD0000000001","AAV1.0.0.11","1.1.2.0","PSt7-10","170328-006","1/4/2020 10:31:52","0000-00","0","no battery","V"
"11/02/2020","12:45:41","1","default","640513929","OXY_CH1","91.308","min","165.513","µmol/L","Humid","23.002","deg","42894","µV","26.499","°C","1018.000","hPa","35.3","pmil","0","55.520","deg","20.000","°C","100.000","%a.s.","21.750","deg","20.000","°C","977.000","hPa","0.861","-0.02617","0.00035","0","0","13.56","Humid","24.85","0","70.00","286326.54","SABD0000000001","AAV1.0.0.11","1.1.2.0","PSt7-10","170328-006","1/4/2020 10:31:52","0000-00","0","no battery","V"
"11/02/2020","12:45:42","1","default","640513929","OXY_CH1","91.325","min","165.512","µmol/L","Humid","23.007","deg","42888","µV","26.485","°C","1018.000","hPa","35.3","pmil","0","55.520","deg","20.000","°C","100.000","%a.s.","21.750","deg","20.000","°C","977.000","hPa","0.861","-0.02617","0.00035","0","0","13.56","Humid","24.85","0","70.00","286340.33","SABD0000000001","AAV1.0.0.11","1.1.2.0","PSt7-10","170328-006","1/4/2020 10:31:52","0000-00","0","no battery","V"
"11/02/2020","12:45:43","1","default","640513929","OXY_CH1","91.342","min","165.415","µmol/L","Humid","23.006","deg","42898","µV","26.508","°C","1018.000","hPa","35.3","pmil","0","55.520","deg","20.000","°C","100.000","%a.s.","21.750","deg","20.000","°C","977.000","hPa","0.861","-0.02617","0.00035","0","0","13.56","Humid","24.85","0","70.00","286343.49","SABD0000000001","AAV1.0.0.11","1.1.2.0","PSt7-10","170328-006","1/4/2020 10:31:52","0000-00","0","no battery","V"
"11/02/2020","12:45:44","1","default","640513929","OXY_CH1","91.359","min","165.450","µmol/L","Humid","23.003","deg","42886","µV","26.509","°C","1018.000","hPa","35.3","pmil","0","55.520","deg","20.000","°C","100.000","%a.s.","21.750","deg","20.000","°C","977.000","hPa","0.861","-0.02617","0.00035","0","0","13.56","Humid","24.85","0","70.00","286340.49","SABD0000000001","AAV1.0.0.11","1.1.2.0","PSt7-10","170328-006","1/4/2020 10:31:52","0000-00","0","no battery","V"
"11/02/2020","12:45:45","1","default","640513929","OXY_CH1","91.375","min","165.533","µmol/L","Humid","23.007","deg","42885","µV","26.480","°C","1018.000","hPa","35.3","pmil","0","55.520","deg","20.000","°C","100.000","%a.s.","21.750","deg","20.000","°C","977.000","hPa","0.861","-0.02617","0.00035","0","0","13.56","Humid","24.85","0","70.00","286327.71","SABD0000000001","AAV1.0.0.11","1.1.2.0","PSt7-10","170328-006","1/4/2020 10:31:52","0000-00","0","no battery","V"
"11/02/2020","12:45:46","1","default","640513929","OXY_CH1","91.392","min","165.495","µmol/L","Humid","23.006","deg","42892","µV","26.491","°C","1018.000","hPa","35.3","pmil","0","55.520","deg","20.000","°C","100.000","%a.s.","21.750","deg","20.000","°C","977.000","hPa","0.861","-0.02617","0.00035","0","0","13.56","Humid","24.85","0","70.00","286325.66","SABD0000000001","AAV1.0.0.11","1.1.2.0","PSt7-10","170328-006","1/4/2020 10:31:52","0000-00","0","no battery","V"
"11/02/2020","12:45:47","1","default","640513929","OXY_CH1","91.409","min","165.563","µmol/L","Humid","22.997","deg","42882","µV","26.503","°C","1018.000","hPa","35.3","pmil","0","55.520","deg","20.000","°C","100.000","%a.s.","21.750","deg","20.000","°C","977.000","hPa","0.861","-0.02617","0.00035","0","0","13.56","Humid","24.85","0","70.00","286336.08","SABD0000000001","AAV1.0.0.11","1.1.2.0","PSt7-10","170328-006","1/4/2020 10:31:52","0000-00","0","no battery","V"
"11/02/2020","12:45:48","1","default","640513929","OXY_CH1","91.426","min","165.538","µmol/L","Humid","22.999","deg","42882","µV","26.502","°C","1018.000","hPa","35.3","pmil","0","55.520","deg","20.000","°C","100.000","%a.s.","21.750","deg","20.000","°C","977.000","hPa","0.861","-0.02617","0.00035","0","0","13.56","Humid","24.85","0","70.00","286323.81","SABD0000000001","AAV1.0.0.11","1.1.2.0","PSt7-10","170328-006","1/4/2020 10:31:52","0000-00","0","no battery","V"
"11/02/2020","12:45:49","1","default","640513929","OXY_CH1","91.442","min","165.572","µmol/L","Humid","22.998","deg","42875","µV","26.498","°C","1018.000","hPa","35.3","pmil","0","55.520","deg","20.000","°C","100.000","%a.s.","21.750","deg","20.000","°C","977.000","hPa","0.861","-0.02617","0.00035","0","0","13.56","Humid","24.85","0","70.00","286330.04","SABD0000000001","AAV1.0.0.11","1.1.2.0","PSt7-10","170328-006","1/4/2020 10:31:52","0000-00","0","no battery","V"
"11/02/2020","12:45:50","1","default","640513929","OXY_CH1","91.459","min","165.378","µmol/L","Humid","23.015","deg","42879","µV","26.489","°C","1018.000","hPa","35.3","pmil","0","55.520","deg","20.000","°C","100.000","%a.s.","21.750","deg","20.000","°C","977.000","hPa","0.861","-0.02617","0.00035","0","0","13.56","Humid","24.85","0","70.00","286331.76","SABD0000000001","AAV1.0.0.11","1.1.2.0","PSt7-10","170328-006","1/4/2020 10:31:52","0000-00","0","no battery","V"
"11/02/2020","12:45:51","1","default","640513929","OXY_CH1","91.475","min","165.673","µmol/L","Humid","22.997","deg","42878","µV","26.480","°C","1018.000","hPa","35.3","pmil","0","55.520","deg","20.000","°C","100.000","%a.s.","21.750","deg","20.000","°C","977.000","hPa","0.861","-0.02617","0.00035","0","0","13.56","Humid","24.85","0","70.00","286338.51","SABD0000000001","AAV1.0.0.11","1.1.2.0","PSt7-10","170328-006","1/4/2020 10:31:52","0000-00","0","no battery","V"
"11/02/2020","12:45:52","1","default","640513929","OXY_CH1","91.492","min","165.722","µmol/L","Humid","22.990","deg","42869","µV","26.491","°C","1018.000","hPa","35.3","pmil","0","55.520","deg","20.000","°C","100.000","%a.s.","21.750","deg","20.000","°C","977.000","hPa","0.861","-0.02617","0.00035","0","0","13.56","Humid","24.85","0","70.00","286339.39","SABD0000000001","AAV1.0.0.11","1.1.2.0","PSt7-10","170328-006","1/4/2020 10:31:52","0000-00","0","no battery","V"
"11/02/2020","12:45:53","1","default","640513929","OXY_CH1","91.509","min","165.567","µmol/L","Humid","22.999","deg","42870","µV","26.496","°C","1018.000","hPa","35.3","pmil","0","55.520","deg","20.000","°C","100.000","%a.s.","21.750","deg","20.000","°C","977.000","hPa","0.861","-0.02617","0.00035","0","0","13.56","Humid","24.85","0","70.00","286344.90","SABD0000000001","AAV1.0.0.11","1.1.2.0","PSt7-10","170328-006","1/4/2020 10:31:52","0000-00","0","no battery","V"
"11/02/2020","12:45:54","1","default","640513929","OXY_CH1","91.525","min","165.665","µmol/L","Humid","22.996","deg","42868","µV","26.485","°C","1018.000","hPa","35.3","pmil","0","55.520","deg","20.000","°C","100.000","%a.s.","21.750","deg","20.000","°C","977.000","hPa","0.861","-0.02617","0.00035","0","0","13.56","Humid","24.85","0","70.00","286333.19","SABD0000000001","AAV1.0.0.11","1.1.2.0","PSt7-10","170328-006","1/4/2020 10:31:52","0000-00","0","no battery","V"
"11/02/2020","12:45:55","1","default","640513929","OXY_CH1","91.542","min","165.744","µmol/L","Humid","22.991","deg","42863","µV","26.483","°C","1018.000","hPa","35.3","pmil","0","55.520","deg","20.000","°C","100.000","%a.s.","21.750","deg","20.000","°C","977.000","hPa","0.861","-0.02617","0.00035","0","0","13.56","Humid","24.85","0","70.00","286336.25","SABD0000000001","AAV1.0.0.11","1.1.2.0","PSt7-10","170328-006","1/4/2020 10:31:52","0000-00","0","no battery","V"
"11/02/2020","12:45:56","1","default","640513929","OXY_CH1","91.559","min","165.669","µmol/L","Humid","22.995","deg","42856","µV","26.487","°C","1018.000","hPa","35.3","pmil","0","55.520","deg","20.000","°C","100.000","%a.s.","21.750","deg","20.000","°C","977.000","hPa","0.861","-0.02617","0.00035","0","0","13.56","Humid","24.85","0","70.00","286330.96","SABD0000000001","AAV1.0.0.11","1.1.2.0","PSt7-10","170328-006","1/4/2020 10:31:52","0000-00","0","no battery","V"
"11/02/2020","12:45:57","1","default","640513929","OXY_CH1","91.576","min","165.626","µmol/L","Humid","22.993","deg","42865","µV","26.502","°C","1018.000","hPa","35.3","pmil","0","55.520","deg","20.000","°C","100.000","%a.s.","21.750","deg","20.000","°C","977.000","hPa","0.861","-0.02617","0.00035","0","0","13.56","Humid","24.85","0","70.00","286344.16","SABD0000000001","AAV1.0.0.11","1.1.2.0","PSt7-10","170328-006","1/4/2020 10:31:52","0000-00","0","no battery","V"
"11/02/2020","12:45:58","1","default","640513929","OXY_CH1","91.592","min","165.735","µmol/L","Humid","22.987","deg","42860","µV","26.497","°C","1018.000","hPa","35.3","pmil","0","55.520","deg","20.000","°C","100.000","%a.s.","21.750","deg","20.000","°C","977.000","hPa","0.861","-0.02617","0.00035","0","0","13.56","Humid","24.85","0","70.00","286333.06","SABD0000000001","AAV1.0.0.11","1.1.2.0","PSt7-10","170328-006","1/4/2020 10:31:52","0000-00","0","no battery","V"
"11/02/2020","12:45:59","1","default","640513929","OXY_CH1","91.609","min","165.550","µmol/L","Humid","23.000","deg","42855","µV","26.497","°C","1018.000","hPa","35.3","pmil","0","55.520","deg","20.000","°C","100.000","%a.s.","21.750","deg","20.000","°C","977.000","hPa","0.861","-0.02617","0.00035","0","0","13.56","Humid","24.85","0","70.00","286329.77","SABD0000000001","AAV1.0.0.11","1.1.2.0","PSt7-10","170328-006","1/4/2020 10:31:52","0000-00","0","no battery","V"
"11/02/2020","12:46:00","1","default","640513929","OXY_CH1","91.625","min","165.709","µmol/L","Humid","22.992","deg","42856","µV","26.487","°C","1018.000","hPa","35.3","pmil","0","55.520","deg","20.000","°C","100.000","%a.s.","21.750","deg","20.000","°C","977.000","hPa","0.861","-0.02617","0.00035","0","0","13.56","Humid","24.85","0","70.00","286335.19","SABD0000000001","AAV1.0.0.11","1.1.2.0","PSt7-10","170328-006","1/4/2020 10:31:52","0000-00","0","no battery","V"
"11/02/2020","12:46:01","1","default","640513929","OXY_CH1","91.642","min","165.629","µmol/L","Humid","22.997","deg","42847","µV","26.489","°C","1018.000","hPa","35.3","pmil","0","55.520","deg","20.000","°C","100.000","%a.s.","21.750","deg","20.000","°C","977.000","hPa","0.861","-0.02617","0.00035","0","0","13.56","Humid","24.85","0","70.00","286329.84","SABD0000000001","AAV1.0.0.11","1.1.2.0","PSt7-10","170328-006","1/4/2020 10:31:52","0000-00","0","no battery","V"
"11/02/2020","12:46:02","1","default","640513929","OXY_CH1","91.658","min","165.814","µmol/L","Humid","22.980","deg","42848","µV","26.501","°C","1018.000","hPa","35.3","pmil","0","55.520","deg","20.000","°C","100.000","%a.s.","21.750","deg","20.000","°C","977.000","hPa","0.861","-0.02617","0.00035","0","0","13.56","Humid","24.85","0","70.00","286344.13","SABD0000000001","AAV1.0.0.11","1.1.2.0","PSt7-10","170328-006","1/4/2020 10:31:52","0000-00","0","no battery","V"
"11/02/2020","12:46:03","1","default","640513929","OXY_CH1","91.675","min","165.654","µmol/L","Humid","22.989","deg","42846","µV","26.508","°C","1018.000","hPa","35.3","pmil","0","55.520","deg","20.000","°C","100.000","%a.s.","21.750","deg","20.000","°C","977.000","hPa","0.861","-0.02617","0.00035","0","0","13.56","Humid","24.85","0","70.00","286337.77","SABD0000000001","AAV1.0.0.11","1.1.2.0","PSt7-10","170328-006","1/4/2020 10:31:52","0000-00","0","no battery","V"
"11/02/2020","12:46:04","1","default","640513929","OXY_CH1","91.692","min","165.700","µmol/L","Humid","22.989","deg","42847","µV","26.498","°C","1018.000","hPa","35.3","pmil","0","55.520","deg","20.000","°C","100.000","%a.s.","21.750","deg","20.000","°C","977.000","hPa","0.861","-0.02617","0.00035","0","0","13.56","Humid","24.85","0","70.00","286333.05","SABD0000000001","AAV1.0.0.11","1.1.2.0","PSt7-10","170328-006","1/4/2020 10:31:52","0000-00","0","no battery","V"
"11/02/2020","12:46:05","1","default","640513929","OXY_CH1","91.709","min","165.822","µmol/L","Humid","22.983","deg","42847","µV","26.490","°C","1018.000","hPa","35.3","pmil","0","55.520","deg","20.000","°C","100.000","%a.s.","21.750","deg","20.000","°C","977.000","hPa","0.861","-0.02617","0.00035","0","0","13.56","Humid","24.85","0","70.00","286329.21","SABD0000000001","AAV1.0.0.11","1.1.2.0","PSt7-10","170328-006","1/4/2020 10:31:52","0000-00","0","no battery","V"
"11/02/2020","12:46:06","1","default","640513929","OXY_CH1","91.726","min","165.794","µmol/L","Humid","22.985","deg","42845","µV","26.490","°C","1018.000","hPa","35.3","pmil","0","55.520","deg","20.000","°C","100.000","%a.s.","21.750","deg","20.000","°C","977.000","hPa","0.861","-0.02617","0.00035","0","0","13.56","Humid","24.85","0","70.00","286326.94","SABD0000000001","AAV1.0.0.11","1.1.2.0","PSt7-10","170328-006","1/4/2020 10:31:52","0000-00","0","no battery","V"
"11/02/2020","12:46:07","1","default","640513929","OXY_CH1","91.742","min","165.608","µmol/L","Humid","22.995","deg","42840","µV","26.500","°C","1018.000","hPa","35.3","pmil","0","55.520","deg","20.000","°C","100.000","%a.s.","21.750","deg","20.000","°C","977.000","hPa","0.861","-0.02617","0.00035","0","0","13.56","Humid","24.85","0","70.00","286336.86","SABD0000000001","AAV1.0.0.11","1.1.2.0","PSt7-10","170328-006","1/4/2020 10:31:52","0000-00","0","no battery","V"
"11/02/2020","12:46:08","1","default","640513929","OXY_CH1","91.759","min","165.799","µmol/L","Humid","22.983","deg","42842","µV","26.495","°C","1018.000","hPa","35.3","pmil","0","55.520","deg","20.000","°C","100.000","%a.s.","21.750","deg","20.000","°C","977.000","hPa","0.861","-0.02617","0.00035","0","0","13.56","Humid","24.85","0","70.00","286340.01","SABD0000000001","AAV1.0.0.11","1.1.2.0","PSt7-10","170328-006","1/4/2020 10:31:52","0000-00","0","no battery","V"
"11/02/2020","12:46:09","1","default","640513929","OXY_CH1","91.776","min","165.835","µmol/L","Humid","22.978","deg","42835","µV","26.502","°C","1018.000","hPa","35.3","pmil","0","55.520","deg","20.000","°C","100.000","%a.s.","21.750","deg","20.000","°C","977.000","hPa","0.861","-0.02617","0.00035","0","0","13.56","Humid","24.85","0","70.00","286322.19","SABD0000000001","AAV1.0.0.11","1.1.2.0","PSt7-10","170328-006","1/4/2020 10:31:52","0000-00","0","no battery","V"
"11/02/2020","12:46:10","1","default","640513929","OXY_CH1","91.792","min","165.843","µmol/L","Humid","22.982","deg","42828","µV","26.489","°C","1018.000","hPa","35.3","pmil","0","55.520","deg","20.000","°C","100.000","%a.s.","21.750","deg","20.000","°C","977.000","hPa","0.861","-0.02617","0.00035","0","0","13.56","Humid","24.85","0","70.00","286329.33","SABD0000000001","AAV1.0.0.11","1.1.2.0","PSt7-10","170328-006","1/4/2020 10:31:52","0000-00","0","no battery","V"
"11/02/2020","12:46:11","1","default","640513929","OXY_CH1","91.809","min","165.718","µmol/L","Humid","22.989","deg","42840","µV","26.494","°C","1018.000","hPa","35.3","pmil","0","55.520","deg","20.000","°C","100.000","%a.s.","21.750","deg","20.000","°C","977.000","hPa","0.861","-0.02617","0.00035","0","0","13.56","Humid","24.85","0","70.00","286341.18","SABD0000000001","AAV1.0.0.11","1.1.2.0","PSt7-10","170328-006","1/4/2020 10:31:52","0000-00","0","no battery","V"
"11/02/2020","12:46:12","1","default","640513929","OXY_CH1","91.825","min","165.828","µmol/L","Humid","22.981","deg","42831","µV","26.495","°C","1018.000","hPa","35.3","pmil","0","55.520","deg","20.000","°C","100.000","%a.s.","21.750","deg","20.000","°C","977.000","hPa","0.861","-0.02617","0.00035","0","0","13.56","Humid","24.85","0","70.00","286331.09","SABD0000000001","AAV1.0.0.11","1.1.2.0","PSt7-10","170328-006","1/4/2020 10:31:52","0000-00","0","no battery","V"
"11/02/2020","12:46:13","1","default","640513929","OXY_CH1","91.842","min","165.952","µmol/L","Humid","22.972","deg","42827","µV","26.495","°C","1018.000","hPa","35.3","pmil","0","55.520","deg","20.000","°C","100.000","%a.s.","21.750","deg","20.000","°C","977.000","hPa","0.861","-0.02617","0.00035","0","0","13.56","Humid","24.85","0","70.00","286332.40","SABD0000000001","AAV1.0.0.11","1.1.2.0","PSt7-10","170328-006","1/4/2020 10:31:52","0000-00","0","no battery","V"
"11/02/2020","12:46:14","1","default","640513929","OXY_CH1","91.858","min","165.923","µmol/L","Humid","22.974","deg","42824","µV","26.496","°C","1018.000","hPa","35.3","pmil","0","55.520","deg","20.000","°C","100.000","%a.s.","21.750","deg","20.000","°C","977.000","hPa","0.861","-0.02617","0.00035","0","0","13.56","Humid","24.85","0","70.00","286325.49","SABD0000000001","AAV1.0.0.11","1.1.2.0","PSt7-10","170328-006","1/4/2020 10:31:52","0000-00","0","no battery","V"
"11/02/2020","12:46:15","1","default","640513929","OXY_CH1","91.875","min","165.822","µmol/L","Humid","22.981","deg","42816","µV","26.496","°C","1018.000","hPa","35.3","pmil","0","55.520","deg","20.000","°C","100.000","%a.s.","21.750","deg","20.000","°C","977.000","hPa","0.861","-0.02617","0.00035","0","0","13.56","Humid","24.85","0","70.00","286335.99","SABD0000000001","AAV1.0.0.11","1.1.2.0","PSt7-10","170328-006","1/4/2020 10:31:52","0000-00","0","no battery","V"
"11/02/2020","12:46:16","1","default","640513929","OXY_CH1","91.892","min","165.865","µmol/L","Humid","22.974","deg","42812","µV","26.507","°C","1018.000","hPa","35.3","pmil","0","55.520","deg","20.000","°C","100.000","%a.s.","21.750","deg","20.000","°C","977.000","hPa","0.861","-0.02617","0.00035","0","0","13.56","Humid","24.85","0","70.00","286325.46","SABD0000000001","AAV1.0.0.11","1.1.2.0","PSt7-10","170328-006","1/4/2020 10:31:52","0000-00","0","no battery","V"
"11/02/2020","12:46:17","1","default","640513929","OXY_CH1","91.909","min","165.810","µmol/L","Humid","22.978","deg","42804","µV","26.507","°C","1018.000","hPa","35.3","pmil","0","55.520","deg","20.000","°C","100.000","%a.s.","21.750","deg","20.000","°C","977.000","hPa","0.861","-0.02617","0.00035","0","0","13.56","Humid","24.85","0","70.00","286327.15","SABD0000000001","AAV1.0.0.11","1.1.2.0","PSt7-10","170328-006","1/4/2020 10:31:52","0000-00","0","no battery","V"
"11/02/2020","12:46:18","1","default","640513929","OXY_CH1","91.925","min","165.815","µmol/L","Humid","22.977","deg","42806","µV","26.509","°C","1018.000","hPa","35.3","pmil","0","55.520","deg","20.000","°C","100.000","%a.s.","21.750","deg","20.000","°C","977.000","hPa","0.861","-0.02617","0.00035","0","0","13.56","Humid","24.85","0","70.00","286325.50","SABD0000000001","AAV1.0.0.11","1.1.2.0","PSt7-10","170328-006","1/4/2020 10:31:52","0000-00","0","no battery","V"
"11/02/2020","12:46:19","1","default","640513929","OXY_CH1","91.942","min","165.802","µmol/L","Humid","22.981","deg","42802","µV","26.500","°C","1018.000","hPa","35.3","pmil","0","55.520","deg","20.000","°C","100.000","%a.s.","21.750","deg","20.000","°C","977.000","hPa","0.861","-0.02617","0.00035","0","0","13.56","Humid","24.85","0","70.00","286328.05","SABD0000000001","AAV1.0.0.11","1.1.2.0","PSt7-10","170328-006","1/4/2020 10:31:52","0000-00","0","no battery","V"
"11/02/2020","12:46:20","1","default","640513929","OXY_CH1","91.959","min","165.934","µmol/L","Humid","22.972","deg","42803","µV","26.499","°C","1018.000","hPa","35.3","pmil","0","55.520","deg","20.000","°C","100.000","%a.s.","21.750","deg","20.000","°C","977.000","hPa","0.861","-0.02617","0.00035","0","0","13.56","Humid","24.85","0","70.00","286326.37","SABD0000000001","AAV1.0.0.11","1.1.2.0","PSt7-10","170328-006","1/4/2020 10:31:52","0000-00","0","no battery","V"
"11/02/2020","12:46:21","1","default","640513929","OXY_CH1","91.976","min","165.994","µmol/L","Humid","22.969","deg","42798","µV","26.495","°C","1018.000","hPa","35.3","pmil","0","55.520","deg","20.000","°C","100.000","%a.s.","21.750","deg","20.000","°C","977.000","hPa","0.861","-0.02617","0.00035","0","0","13.56","Humid","24.85","0","70.00","286335.56","SABD0000000001","AAV1.0.0.11","1.1.2.0","PSt7-10","170328-006","1/4/2020 10:31:52","0000-00","0","no battery","V"
"11/02/2020","12:46:22","1","default","640513929","OXY_CH1","91.992","min","165.858","µmol/L","Humid","22.976","deg","42802","µV","26.503","°C","1018.000","hPa","35.3","pmil","0","55.520","deg","20.000","°C","100.000","%a.s.","21.750","deg","20.000","°C","977.000","hPa","0.861","-0.02617","0.00035","0","0","13.56","Humid","24.85","0","70.00","286323.28","SABD0000000001","AAV1.0.0.11","1.1.2.0","PSt7-10","170328-006","1/4/2020 10:31:52","0000-00","0","no battery","V"
"11/02/2020","12:46:23","1","default","640513929","OXY_CH1","92.009","min","165.850","µmol/L","Humid","22.978","deg","42794","µV","26.499","°C","1018.000","hPa","35.3","pmil","0","55.520","deg","20.000","°C","100.000","%a.s.","21.750","deg","20.000","°C","977.000","hPa","0.861","-0.02617","0.00035","0","0","13.56","Humid","24.85","0","70.00","286334.67","SABD0000000001","AAV1.0.0.11","1.1.2.0","PSt7-10","170328-006","1/4/2020 10:31:52","0000-00","0","no battery","V"
"11/02/2020","12:46:24","1","default","640513929","OXY_CH1","92.025","min","165.890","µmol/L","Humid","22.979","deg","42793","µV","26.488","°C","1018.000","hPa","35.3","pmil","0","55.520","deg","20.000","°C","100.000","%a.s.","21.750","deg","20.000","°C","977.000","hPa","0.861","-0.02617","0.00035","0","0","13.56","Humid","24.85","0","70.00","286335.23","SABD0000000001","AAV1.0.0.11","1.1.2.0","PSt7-10","170328-006","1/4/2020 10:31:52","0000-00","0","no battery","V"
"11/02/2020","12:46:25","1","default","640513929","OXY_CH1","92.042","min","166.060","µmol/L","Humid","22.967","deg","42792","µV","26.488","°C","1018.000","hPa","35.3","pmil","0","55.520","deg","20.000","°C","100.000","%a.s.","21.750","deg","20.000","°C","977.000","hPa","0.861","-0.02617","0.00035","0","0","13.56","Humid","24.85","0","70.00","286335.85","SABD0000000001","AAV1.0.0.11","1.1.2.0","PSt7-10","170328-006","1/4/2020 10:31:52","0000-00","0","no battery","V"
"11/02/2020","12:46:26","1","default","640513929","OXY_CH1","92.059","min","165.994","µmol/L","Humid","22.969","deg","42784","µV","26.495","°C","1018.000","hPa","35.3","pmil","0","55.520","deg","20.000","°C","100.000","%a.s.","21.750","deg","20.000","°C","977.000","hPa","0.861","-0.02617","0.00035","0","0","13.56","Humid","24.85","0","70.00","286337.40","SABD0000000001","AAV1.0.0.11","1.1.2.0","PSt7-10","170328-006","1/4/2020 10:31:52","0000-00","0","no battery","V"
"11/02/2020","12:46:27","1","default","640513929","OXY_CH1","92.075","min","165.920","µmol/L","Humid","22.974","deg","42779","µV","26.496","°C","1018.000","hPa","35.3","pmil","0","55.520","deg","20.000","°C","100.000","%a.s.","21.750","deg","20.000","°C","977.000","hPa","0.861","-0.02617","0.00035","0","0","13.56","Humid","24.85","0","70.00","286325.21","SABD0000000001","AAV1.0.0.11","1.1.2.0","PSt7-10","170328-006","1/4/2020 10:31:52","0000-00","0","no battery","V"
"11/02/2020","12:46:28","1","default","640513929","OXY_CH1","92.092","min","166.021","µmol/L","Humid","22.968","deg","42781","µV","26.493","°C","1018.000","hPa","35.3","pmil","0","55.520","deg","20.000","°C","100.000","%a.s.","21.750","deg","20.000","°C","977.000","hPa","0.861","-0.02617","0.00035","0","0","13.56","Humid","24.85","0","70.00","286329.66","SABD0000000001","AAV1.0.0.11","1.1.2.0","PSt7-10","170328-006","1/4/2020 10:31:52","0000-00","0","no battery","V"
"11/02/2020","12:46:29","1","default","640513929","OXY_CH1","92.109","min","166.101","µmol/L","Humid","22.964","deg","42782","µV","26.488","°C","1018.000","hPa","35.3","pmil","0","55.520","deg","20.000","°C","100.000","%a.s.","21.750","deg","20.000","°C","977.000","hPa","0.861","-0.02617","0.00035","0","0","13.56","Humid","24.85","0","70.00","286332.05","SABD0000000001","AAV1.0.0.11","1.1.2.0","PSt7-10","170328-006","1/4/2020 10:31:52","0000-00","0","no battery","V"
"11/02/2020","12:46:30","1","default","640513929","OXY_CH1","92.126","min","166.069","µmol/L","Humid","22.965","deg","42782","µV","26.491","°C","1018.000","hPa","35.3","pmil","0","55.520","deg","20.000","°C","100.000","%a.s.","21.750","deg","20.000","°C","977.000","hPa","0.861","-0.02617","0.00035","0","0","13.56","Humid","24.85","0","70.00","286320.60","SABD0000000001","AAV1.0.0.11","1.1.2.0","PSt7-10","170328-006","1/4/2020 10:31:52","0000-00","0","no battery","V"
"11/02/2020","12:46:31","1","default","640513929","OXY_CH1","92.142","min","166.090","µmol/L","Humid","22.965","deg","42781","µV","26.487","°C","1018.000","hPa","35.3","pmil","0","55.520","deg","20.000","°C","100.000","%a.s.","21.750","deg","20.000","°C","977.000","hPa","0.861","-0.02617","0.00035","0","0","13.56","Humid","24.85","0","70.00","286311.53","SABD0000000001","AAV1.0.0.11","1.1.2.0","PSt7-10","170328-006","1/4/2020 10:31:52","0000-00","0","no battery","V"
"11/02/2020","12:46:32","1","default","640513929","OXY_CH1","92.159","min","166.276","µmol/L","Humid","22.953","deg","42780","µV","26.484","°C","1018.000","hPa","35.3","pmil","0","55.520","deg","20.000","°C","100.000","%a.s.","21.750","deg","20.000","°C","977.000","hPa","0.861","-0.02617","0.00035","0","0","13.56","Humid","24.85","0","70.00","286320.79","SABD0000000001","AAV1.0.0.11","1.1.2.0","PSt7-10","170328-006","1/4/2020 10:31:52","0000-00","0","no battery","V"
"11/02/2020","12:46:33","1","default","640513929","OXY_CH1","92.176","min","165.929","µmol/L","Humid","22.973","deg","42783","µV","26.497","°C","1018.000","hPa","35.3","pmil","0","55.520","deg","20.000","°C","100.000","%a.s.","21.750","deg","20.000","°C","977.000","hPa","0.861","-0.02617","0.00035","0","0","13.56","Humid","24.85","0","70.00","286338.35","SABD0000000001","AAV1.0.0.11","1.1.2.0","PSt7-10","170328-006","1/4/2020 10:31:52","0000-00","0","no battery","V"
"11/02/2020","12:46:34","1","default","640513929","OXY_CH1","92.192","min","166.022","µmol/L","Humid","22.965","deg","42784","µV","26.501","°C","1018.000","hPa","35.3","pmil","0","55.520","deg","20.000","°C","100.000","%a.s.","21.750","deg","20.000","°C","977.000","hPa","0.861","-0.02617","0.00035","0","0","13.56","Humid","24.85","0","70.00","286328.45","SABD0000000001","AAV1.0.0.11","1.1.2.0","PSt7-10","170328-006","1/4/2020 10:31:52","0000-00","0","no battery","V"
"11/02/2020","12:46:35","1","default","640513929","OXY_CH1","92.209","min","166.053","µmol/L","Humid","22.965","deg","42779","µV","26.495","°C","1018.000","hPa","35.3","pmil","0","55.520","deg","20.000","°C","100.000","%a.s.","21.750","deg","20.000","°C","977.000","hPa","0.861","-0.02617","0.00035","0","0","13.56","Humid","24.85","0","70.00","286333.63","SABD0000000001","AAV1.0.0.11","1.1.2.0","PSt7-10","170328-006","1/4/2020 10:31:52","0000-00","0","no battery","V"
"11/02/2020","12:46:36","1","default","640513929","OXY_CH1","92.226","min","166.044","µmol/L","Humid","22.963","deg","42784","µV","26.503","°C","1018.000","hPa","35.3","pmil","0","55.520","deg","20.000","°C","100.000","%a.s.","21.750","deg","20.000","°C","977.000","hPa","0.861","-0.02617","0.00035","0","0","13.56","Humid","24.85","0","70.00","286324.18","SABD0000000001","AAV1.0.0.11","1.1.2.0","PSt7-10","170328-006","1/4/2020 10:31:52","0000-00","0","no battery","V"
"11/02/2020","12:46:37","1","default","640513929","OXY_CH1","92.242","min","166.021","µmol/L","Humid","22.962","deg","42780","µV","26.510","°C","1018.000","hPa","35.3","pmil","0","55.520","deg","20.000","°C","100.000","%a.s.","21.750","deg","20.000","°C","977.000","hPa","0.861","-0.02617","0.00035","0","0","13.56","Humid","24.85","0","70.00","286324.90","SABD0000000001","AAV1.0.0.11","1.1.2.0","PSt7-10","170328-006","1/4/2020 10:31:52","0000-00","0","no battery","V"
"11/02/2020","12:46:38","1","default","640513929","OXY_CH1","92.258","min","166.169","µmol/L","Humid","22.958","deg","42784","µV","26.491","°C","1018.000","hPa","35.3","pmil","0","55.520","deg","20.000","°C","100.000","%a.s.","21.750","deg","20.000","°C","977.000","hPa","0.861","-0.02617","0.00035","0","0","13.56","Humid","24.85","0","70.00","286323.65","SABD0000000001","AAV1.0.0.11","1.1.2.0","PSt7-10","170328-006","1/4/2020 10:31:52","0000-00","0","no battery","V"
"11/02/2020","12:46:39","1","default","640513929","OXY_CH1","92.275","min","166.167","µmol/L","Humid","22.957","deg","42776","µV","26.494","°C","1018.000","hPa","35.3","pmil","0","55.520","deg","20.000","°C","100.000","%a.s.","21.750","deg","20.000","°C","977.000","hPa","0.861","-0.02617","0.00035","0","0","13.56","Humid","24.85","0","70.00","286317.89","SABD0000000001","AAV1.0.0.11","1.1.2.0","PSt7-10","170328-006","1/4/2020 10:31:52","0000-00","0","no battery","V"
"11/02/2020","12:46:40","1","default","640513929","OXY_CH1","92.292","min","166.260","µmol/L","Humid","22.951","deg","42788","µV","26.493","°C","1018.000","hPa","35.3","pmil","0","55.520","deg","20.000","°C","100.000","%a.s.","21.750","deg","20.000","°C","977.000","hPa","0.861","-0.02617","0.00035","0","0","13.56","Humid","24.85","0","70.00","286330.80","SABD0000000001","AAV1.0.0.11","1.1.2.0","PSt7-10","170328-006","1/4/2020 10:31:52","0000-00","0","no battery","V"
"11/02/2020","12:46:41","1","default","640513929","OXY_CH1","92.309","min","166.065","µmol/L","Humid","22.961","deg","42789","µV","26.504","°C","1018.000","hPa","35.3","pmil","0","55.520","deg","20.000","°C","100.000","%a.s.","21.750","deg","20.000","°C","977.000","hPa","0.861","-0.02617","0.00035","0","0","13.56","Humid","24.85","0","70.00","286337.74","SABD0000000001","AAV1.0.0.11","1.1.2.0","PSt7-10","170328-006","1/4/2020 10:31:52","0000-00","0","no battery","V"
"11/02/2020","12:46:42","1","default","640513929","OXY_CH1","92.325","min","166.150","µmol/L","Humid","22.957","deg","42782","µV","26.498","°C","1018.000","hPa","35.3","pmil","0","55.520","deg","20.000","°C","100.000","%a.s.","21.750","deg","20.000","°C","977.000","hPa","0.861","-0.02617","0.00035","0","0","13.56","Humid","24.85","0","70.00","286321.00","SABD0000000001","AAV1.0.0.11","1.1.2.0","PSt7-10","170328-006","1/4/2020 10:31:52","0000-00","0","no battery","V"
"11/02/2020","12:46:43","1","default","640513929","OXY_CH1","92.342","min","166.244","µmol/L","Humid","22.950","deg","42780","µV","26.499","°C","1018.000","hPa","35.3","pmil","0","55.520","deg","20.000","°C","100.000","%a.s.","21.750","deg","20.000","°C","977.000","hPa","0.861","-0.02617","0.00035","0","0","13.56","Humid","24.85","0","70.00","286339.31","SABD0000000001","AAV1.0.0.11","1.1.2.0","PSt7-10","170328-006","1/4/2020 10:31:52","0000-00","0","no battery","V"
"11/02/2020","12:46:44","1","default","640513929","OXY_CH1","92.359","min","166.119","µmol/L","Humid","22.960","deg","42779","µV","26.496","°C","1018.000","hPa","35.3","pmil","0","55.520","deg","20.000","°C","100.000","%a.s.","21.750","deg","20.000","°C","977.000","hPa","0.861","-0.02617","0.00035","0","0","13.56","Humid","24.85","0","70.00","286325.41","SABD0000000001","AAV1.0.0.11","1.1.2.0","PSt7-10","170328-006","1/4/2020 10:31:52","0000-00","0","no battery","V"
"11/02/2020","12:46:45","1","default","640513929","OXY_CH1","92.376","min","166.174","µmol/L","Humid","22.958","deg","42780","µV","26.490","°C","1018.000","hPa","35.3","pmil","0","55.520","deg","20.000","°C","100.000","%a.s.","21.750","deg","20.000","°C","977.000","hPa","0.861","-0.02617","0.00035","0","0","13.56","Humid","24.85","0","70.00","286326.59","SABD0000000001","AAV1.0.0.11","1.1.2.0","PSt7-10","170328-006","1/4/2020 10:31:52","0000-00","0","no battery","V"
"11/02/2020","12:46:46","1","default","640513929","OXY_CH1","92.392","min","166.231","µmol/L","Humid","22.950","deg","42772","µV","26.502","°C","1018.000","hPa","35.3","pmil","0","55.520","deg","20.000","°C","100.000","%a.s.","21.750","deg","20.000","°C","977.000","hPa","0.861","-0.02617","0.00035","0","0","13.56","Humid","24.85","0","70.00","286321.76","SABD0000000001","AAV1.0.0.11","1.1.2.0","PSt7-10","170328-006","1/4/2020 10:31:52","0000-00","0","no battery","V"
"11/02/2020","12:46:47","1","default","640513929","OXY_CH1","92.409","min","166.305","µmol/L","Humid","22.947","deg","42776","µV","26.495","°C","1018.000","hPa","35.3","pmil","0","55.520","deg","20.000","°C","100.000","%a.s.","21.750","deg","20.000","°C","977.000","hPa","0.861","-0.02617","0.00035","0","0","13.56","Humid","24.85","0","70.00","286334.69","SABD0000000001","AAV1.0.0.11","1.1.2.0","PSt7-10","170328-006","1/4/2020 10:31:52","0000-00","0","no battery","V"
"11/02/2020","12:46:48","1","default","640513929","OXY_CH1","92.425","min","166.239","µmol/L","Humid","22.952","deg","42770","µV","26.494","°C","1018.000","hPa","35.3","pmil","0","55.520","deg","20.000","°C","100.000","%a.s.","21.750","deg","20.000","°C","977.000","hPa","0.861","-0.02617","0.00035","0","0","13.56","Humid","24.85","0","70.00","286348.60","SABD0000000001","AAV1.0.0.11","1.1.2.0","PSt7-10","170328-006","1/4/2020 10:31:52","0000-00","0","no battery","V"
"11/02/2020","12:46:49","1","default","640513929","OXY_CH1","92.442","min","166.213","µmol/L","Humid","22.956","deg","42770","µV","26.488","°C","1018.000","hPa","35.3","pmil","0","55.520","deg","20.000","°C","100.000","%a.s.","21.750","deg","20.000","°C","977.000","hPa","0.861","-0.02617","0.00035","0","0","13.56","Humid","24.85","0","70.00","286342.49","SABD0000000001","AAV1.0.0.11","1.1.2.0","PSt7-10","170328-006","1/4/2020 10:31:52","0000-00","0","no battery","V"
"11/02/2020","12:46:50","1","default","640513929","OXY_CH1","92.459","min","166.142","µmol/L","Humid","22.956","deg","42779","µV","26.503","°C","1018.000","hPa","35.3","pmil","0","55.520","deg","20.000","°C","100.000","%a.s.","21.750","deg","20.000","°C","977.000","hPa","0.861","-0.02617","0.00035","0","0","13.56","Humid","24.85","0","70.00","286329.23","SABD0000000001","AAV1.0.0.11","1.1.2.0","PSt7-10","170328-006","1/4/2020 10:31:52","0000-00","0","no battery","V"
"11/02/2020","12:46:51","1","default","640513929","OXY_CH1","92.475","min","166.196","µmol/L","Humid","22.950","deg","42775","µV","26.509","°C","1018.000","hPa","35.3","pmil","0","55.520","deg","20.000","°C","100.000","%a.s.","21.750","deg","20.000","°C","977.000","hPa","0.861","-0.02617","0.00035","0","0","13.56","Humid","24.85","0","70.00","286329.75","SABD0000000001","AAV1.0.0.11","1.1.2.0","PSt7-10","170328-006","1/4/2020 10:31:52","0000-00","0","no battery","V"
"11/02/2020","12:46:52","1","default","640513929","OXY_CH1","92.492","min","166.346","µmol/L","Humid","22.950","deg","42778","µV","26.478","°C","1018.000","hPa","35.3","pmil","0","55.520","deg","20.000","°C","100.000","%a.s.","21.750","deg","20.000","°C","977.000","hPa","0.861","-0.02617","0.00035","0","0","13.56","Humid","24.85","0","70.00","286334.89","SABD0000000001","AAV1.0.0.11","1.1.2.0","PSt7-10","170328-006","1/4/2020 10:31:52","0000-00","0","no battery","V"
"11/02/2020","12:46:53","1","default","640513929","OXY_CH1","92.509","min","166.271","µmol/L","Humid","22.955","deg","42771","µV","26.479","°C","1018.000","hPa","35.3","pmil","0","55.520","deg","20.000","°C","100.000","%a.s.","21.750","deg","20.000","°C","977.000","hPa","0.861","-0.02617","0.00035","0","0","13.56","Humid","24.85","0","70.00","286316.19","SABD0000000001","AAV1.0.0.11","1.1.2.0","PSt7-10","170328-006","1/4/2020 10:31:52","0000-00","0","no battery","V"
"11/02/2020","12:46:54","1","default","640513929","OXY_CH1","92.525","min","166.274","µmol/L","Humid","22.947","deg","42766","µV","26.502","°C","1018.000","hPa","35.3","pmil","0","55.520","deg","20.000","°C","100.000","%a.s.","21.750","deg","20.000","°C","977.000","hPa","0.861","-0.02617","0.00035","0","0","13.56","Humid","24.85","0","70.00","286336.44","SABD0000000001","AAV1.0.0.11","1.1.2.0","PSt7-10","170328-006","1/4/2020 10:31:52","0000-00","0","no battery","V"
"11/02/2020","12:46:55","1","default","640513929","OXY_CH1","92.542","min","166.227","µmol/L","Humid","22.947","deg","42768","µV","26.511","°C","1018.000","hPa","35.3","pmil","0","55.520","deg","20.000","°C","100.000","%a.s.","21.750","deg","20.000","°C","977.000","hPa","0.861","-0.02617","0.00035","0","0","13.56","Humid","24.85","0","70.00","286339.12","SABD0000000001","AAV1.0.0.11","1.1.2.0","PSt7-10","170328-006","1/4/2020 10:31:52","0000-00","0","no battery","V"
"11/02/2020","12:46:56","1","default","640513929","OXY_CH1","92.559","min","166.202","µmol/L","Humid","22.949","deg","42771","µV","26.511","°C","1018.000","hPa","35.3","pmil","0","55.520","deg","20.000","°C","100.000","%a.s.","21.750","deg","20.000","°C","977.000","hPa","0.861","-0.02617","0.00035","0","0","13.56","Humid","24.85","0","70.00","286340.27","SABD0000000001","AAV1.0.0.11","1.1.2.0","PSt7-10","170328-006","1/4/2020 10:31:52","0000-00","0","no battery","V"
"11/02/2020","12:46:57","1","default","640513929","OXY_CH1","92.576","min","166.327","µmol/L","Humid","22.946","deg","42764","µV","26.493","°C","1018.000","hPa","35.3","pmil","0","55.520","deg","20.000","°C","100.000","%a.s.","21.750","deg","20.000","°C","977.000","hPa","0.861","-0.02617","0.00035","0","0","13.56","Humid","24.85","0","70.00","286336.89","SABD0000000001","AAV1.0.0.11","1.1.2.0","PSt7-10","170328-006","1/4/2020 10:31:52","0000-00","0","no battery","V"
"11/02/2020","12:46:58","1","default","640513929","OXY_CH1","92.592","min","166.432","µmol/L","Humid","22.941","deg","42761","µV","26.486","°C","1018.000","hPa","35.3","pmil","0","55.520","deg","20.000","°C","100.000","%a.s.","21.750","deg","20.000","°C","977.000","hPa","0.861","-0.02617","0.00035","0","0","13.56","Humid","24.85","0","70.00","286328.13","SABD0000000001","AAV1.0.0.11","1.1.2.0","PSt7-10","170328-006","1/4/2020 10:31:52","0000-00","0","no battery","V"
"11/02/2020","12:46:59","1","default","640513929","OXY_CH1","92.608","min","166.412","µmol/L","Humid","22.938","deg","42767","µV","26.499","°C","1018.000","hPa","35.3","pmil","0","55.520","deg","20.000","°C","100.000","%a.s.","21.750","deg","20.000","°C","977.000","hPa","0.861","-0.02617","0.00035","0","0","13.56","Humid","24.85","0","70.00","286325.82","SABD0000000001","AAV1.0.0.11","1.1.2.0","PSt7-10","170328-006","1/4/2020 10:31:52","0000-00","0","no battery","V"
"11/02/2020","12:47:00","1","default","640513929","OXY_CH1","92.625","min","166.420","µmol/L","Humid","22.937","deg","42762","µV","26.500","°C","1018.000","hPa","35.3","pmil","0","55.520","deg","20.000","°C","100.000","%a.s.","21.750","deg","20.000","°C","977.000","hPa","0.861","-0.02617","0.00035","0","0","13.56","Humid","24.85","0","70.00","286329.33","SABD0000000001","AAV1.0.0.11","1.1.2.0","PSt7-10","170328-006","1/4/2020 10:31:52","0000-00","0","no battery","V"
"11/02/2020","12:47:01","1","default","640513929","OXY_CH1","92.642","min","166.433","µmol/L","Humid","22.940","deg","42760","µV","26.489","°C","1018.000","hPa","35.3","pmil","0","55.520","deg","20.000","°C","100.000","%a.s.","21.750","deg","20.000","°C","977.000","hPa","0.861","-0.02617","0.00035","0","0","13.56","Humid","24.85","0","70.00","286329.72","SABD0000000001","AAV1.0.0.11","1.1.2.0","PSt7-10","170328-006","1/4/2020 10:31:52","0000-00","0","no battery","V"
"11/02/2020","12:47:02","1","default","640513929","OXY_CH1","92.659","min","166.439","µmol/L","Humid","22.939","deg","42765","µV","26.491","°C","1018.000","hPa","35.3","pmil","0","55.520","deg","20.000","°C","100.000","%a.s.","21.750","deg","20.000","°C","977.000","hPa","0.861","-0.02617","0.00035","0","0","13.56","Humid","24.85","0","70.00","286317.87","SABD0000000001","AAV1.0.0.11","1.1.2.0","PSt7-10","170328-006","1/4/2020 10:31:52","0000-00","0","no battery","V"
"11/02/2020","12:47:03","1","default","640513929","OXY_CH1","92.675","min","166.365","µmol/L","Humid","22.943","deg","42759","µV","26.494","°C","1018.000","hPa","35.3","pmil","0","55.520","deg","20.000","°C","100.000","%a.s.","21.750","deg","20.000","°C","977.000","hPa","0.861","-0.02617","0.00035","0","0","13.56","Humid","24.85","0","70.00","286318.35","SABD0000000001","AAV1.0.0.11","1.1.2.0","PSt7-10","170328-006","1/4/2020 10:31:52","0000-00","0","no battery","V"
"11/02/2020","12:47:04","1","default","640513929","OXY_CH1","92.692","min","166.283","µmol/L","Humid","22.948","deg","42758","µV","26.497","°C","1018.000","hPa","35.3","pmil","0","55.520","deg","20.000","°C","100.000","%a.s.","21.750","deg","20.000","°C","977.000","hPa","0.861","-0.02617","0.00035","0","0","13.56","Humid","24.85","0","70.00","286327.22","SABD0000000001","AAV1.0.0.11","1.1.2.0","PSt7-10","170328-006","1/4/2020 10:31:52","0000-00","0","no battery","V"
"11/02/2020","12:47:05","1","default","640513929","OXY_CH1","92.709","min","166.379","µmol/L","Humid","22.940","deg","42763","µV","26.500","°C","1018.000","hPa","35.3","pmil","0","55.520","deg","20.000","°C","100.000","%a.s.","21.750","deg","20.000","°C","977.000","hPa","0.861","-0.02617","0.00035","0","0","13.56","Humid","24.85","0","70.00","286336.59","SABD0000000001","AAV1.0.0.11","1.1.2.0","PSt7-10","170328-006","1/4/2020 10:31:52","0000-00","0","no battery","V"
"11/02/2020","12:47:06","1","default","640513929","OXY_CH1","92.726","min","166.449","µmol/L","Humid","22.938","deg","42763","µV","26.492","°C","1018.000","hPa","35.3","pmil","0","55.520","deg","20.000","°C","100.000","%a.s.","21.750","deg","20.000","°C","977.000","hPa","0.861","-0.02617","0.00035","0","0","13.56","Humid","24.85","0","70.00","286323.74","SABD0000000001","AAV1.0.0.11","1.1.2.0","PSt7-10","170328-006","1/4/2020 10:31:52","0000-00","0","no battery","V"
"11/02/2020","12:47:07","1","default","640513929","OXY_CH1","92.742","min","166.456","µmol/L","Humid","22.936","deg","42755","µV","26.496","°C","1018.000","hPa","35.3","pmil","0","55.520","deg","20.000","°C","100.000","%a.s.","21.750","deg","20.000","°C","977.000","hPa","0.861","-0.02617","0.00035","0","0","13.56","Humid","24.85","0","70.00","286319.01","SABD0000000001","AAV1.0.0.11","1.1.2.0","PSt7-10","170328-006","1/4/2020 10:31:52","0000-00","0","no battery","V"
"11/02/2020","12:47:08","1","default","640513929","OXY_CH1","92.759","min","166.342","µmol/L","Humid","22.942","deg","42754","µV","26.502","°C","1018.000","hPa","35.3","pmil","0","55.520","deg","20.000","°C","100.000","%a.s.","21.750","deg","20.000","°C","977.000","hPa","0.861","-0.02617","0.00035","0","0","13.56","Humid","24.85","0","70.00","286331.33","SABD0000000001","AAV1.0.0.11","1.1.2.0","PSt7-10","170328-006","1/4/2020 10:31:52","0000-00","0","no battery","V"
"11/02/2020","12:47:09","1","default","640513929","OXY_CH1","92.776","min","166.483","µmol/L","Humid","22.936","deg","42753","µV","26.490","°C","1018.000","hPa","35.3","pmil","0","55.520","deg","20.000","°C","100.000","%a.s.","21.750","deg","20.000","°C","977.000","hPa","0.861","-0.02617","0.00035","0","0","13.56","Humid","24.85","0","70.00","286321.38","SABD0000000001","AAV1.0.0.11","1.1.2.0","PSt7-10","170328-006","1/4/2020 10:31:52","0000-00","0","no battery","V"
"11/02/2020","12:47:10","1","default","640513929","OXY_CH1","92.792","min","166.569","µmol/L","Humid","22.929","deg","42744","µV","26.493","°C","1018.000","hPa","35.3","pmil","0","55.520","deg","20.000","°C","100.000","%a.s.","21.750","deg","20.000","°C","977.000","hPa","0.861","-0.02617","0.00035","0","0","13.56","Humid","24.85","0","70.00","286329.80","SABD0000000001","AAV1.0.0.11","1.1.2.0","PSt7-10","170328-006","1/4/2020 10:31:52","0000-00","0","no battery","V"
"11/02/2020","12:47:11","1","default","640513929","OXY_CH1","92.808","min","166.458","µmol/L","Humid","22.935","deg","42741","µV","26.498","°C","1018.000","hPa","35.3","pmil","0","55.520","deg","20.000","°C","100.000","%a.s.","21.750","deg","20.000","°C","977.000","hPa","0.861","-0.02617","0.00035","0","0","13.56","Humid","24.85","0","70.00","286329.90","SABD0000000001","AAV1.0.0.11","1.1.2.0","PSt7-10","170328-006","1/4/2020 10:31:52","0000-00","0","no battery","V"
"11/02/2020","12:47:12","1","default","640513929","OXY_CH1","92.825","min","166.398","µmol/L","Humid","22.942","deg","42741","µV","26.491","°C","1018.000","hPa","35.3","pmil","0","55.520","deg","20.000","°C","100.000","%a.s.","21.750","deg","20.000","°C","977.000","hPa","0.861","-0.02617","0.00035","0","0","13.56","Humid","24.85","0","70.00","286317.86","SABD0000000001","AAV1.0.0.11","1.1.2.0","PSt7-10","170328-006","1/4/2020 10:31:52","0000-00","0","no battery","V"
"11/02/2020","12:47:13","1","default","640513929","OXY_CH1","92.842","min","166.597","µmol/L","Humid","22.929","deg","42735","µV","26.487","°C","1018.000","hPa","35.3","pmil","0","55.520","deg","20.000","°C","100.000","%a.s.","21.750","deg","20.000","°C","977.000","hPa","0.861","-0.02617","0.00035","0","0","13.56","Humid","24.85","0","70.00","286327.63","SABD0000000001","AAV1.0.0.11","1.1.2.0","PSt7-10","170328-006","1/4/2020 10:31:52","0000-00","0","no battery","V"
"11/02/2020","12:47:14","1","default","640513929","OXY_CH1","92.859","min","166.443","µmol/L","Humid","22.933","deg","42730","µV","26.507","°C","1018.000","hPa","35.3","pmil","0","55.520","deg","20.000","°C","100.000","%a.s.","21.750","deg","20.000","°C","977.000","hPa","0.861","-0.02617","0.00035","0","0","13.56","Humid","24.85","0","70.00","286325.50","SABD0000000001","AAV1.0.0.11","1.1.2.0","PSt7-10","170328-006","1/4/2020 10:31:52","0000-00","0","no battery","V"
"11/02/2020","12:47:15","1","default","640513929","OXY_CH1","92.875","min","166.494","µmol/L","Humid","22.931","deg","42738","µV","26.503","°C","1018.000","hPa","35.3","pmil","0","55.520","deg","20.000","°C","100.000","%a.s.","21.750","deg","20.000","°C","977.000","hPa","0.861","-0.02617","0.00035","0","0","13.56","Humid","24.85","0","70.00","286326.63","SABD0000000001","AAV1.0.0.11","1.1.2.0","PSt7-10","170328-006","1/4/2020 10:31:52","0000-00","0","no battery","V"
"11/02/2020","12:47:16","1","default","640513929","OXY_CH1","92.892","min","166.407","µmol/L","Humid","22.934","deg","42731","µV","26.512","°C","1018.000","hPa","35.3","pmil","0","55.520","deg","20.000","°C","100.000","%a.s.","21.750","deg","20.000","°C","977.000","hPa","0.861","-0.02617","0.00035","0","0","13.56","Humid","24.85","0","70.00","286319.70","SABD0000000001","AAV1.0.0.11","1.1.2.0","PSt7-10","170328-006","1/4/2020 10:31:52","0000-00","0","no battery","V"
"11/02/2020","12:47:17","1","default","640513929","OXY_CH1","92.909","min","166.577","µmol/L","Humid","22.929","deg","42731","µV","26.491","°C","1018.000","hPa","35.3","pmil","0","55.520","deg","20.000","°C","100.000","%a.s.","21.750","deg","20.000","°C","977.000","hPa","0.861","-0.02617","0.00035","0","0","13.56","Humid","24.85","0","70.00","286322.94","SABD0000000001","AAV1.0.0.11","1.1.2.0","PSt7-10","170328-006","1/4/2020 10:31:52","0000-00","0","no battery","V"
"11/02/2020","12:47:18","1","default","640513929","OXY_CH1","92.926","min","166.540","µmol/L","Humid","22.928","deg","42737","µV","26.502","°C","1018.000","hPa","35.3","pmil","0","55.520","deg","20.000","°C","100.000","%a.s.","21.750","deg","20.000","°C","977.000","hPa","0.861","-0.02617","0.00035","0","0","13.56","Humid","24.85","0","70.00","286321.91","SABD0000000001","AAV1.0.0.11","1.1.2.0","PSt7-10","170328-006","1/4/2020 10:31:52","0000-00","0","no battery","V"
"11/02/2020","12:47:19","1","default","640513929","OXY_CH1","92.942","min","166.501","µmol/L","Humid","22.934","deg","42736","µV","26.493","°C","1018.000","hPa","35.3","pmil","0","55.520","deg","20.000","°C","100.000","%a.s.","21.750","deg","20.000","°C","977.000","hPa","0.861","-0.02617","0.00035","0","0","13.56","Humid","24.85","0","70.00","286328.19","SABD0000000001","AAV1.0.0.11","1.1.2.0","PSt7-10","170328-006","1/4/2020 10:31:52","0000-00","0","no battery","V"
"11/02/2020","12:47:20","1","default","640513929","OXY_CH1","92.958","min","166.472","µmol/L","Humid","22.934","deg","42722","µV","26.499","°C","1018.000","hPa","35.3","pmil","0","55.520","deg","20.000","°C","100.000","%a.s.","21.750","deg","20.000","°C","977.000","hPa","0.861","-0.02617","0.00035","0","0","13.56","Humid","24.85","0","70.00","286323.09","SABD0000000001","AAV1.0.0.11","1.1.2.0","PSt7-10","170328-006","1/4/2020 10:31:52","0000-00","0","no battery","V"
"11/02/2020","12:47:21","1","default","640513929","OXY_CH1","92.975","min","166.609","µmol/L","Humid","22.929","deg","42728","µV","26.485","°C","1018.000","hPa","35.3","pmil","0","55.520","deg","20.000","°C","100.000","%a.s.","21.750","deg","20.000","°C","977.000","hPa","0.861","-0.02617","0.00035","0","0","13.56","Humid","24.85","0","70.00","286327.96","SABD0000000001","AAV1.0.0.11","1.1.2.0","PSt7-10","170328-006","1/4/2020 10:31:52","0000-00","0","no battery","V"
"11/02/2020","12:47:22","1","default","640513929","OXY_CH1","92.992","min","166.555","µmol/L","Humid","22.930","deg","42727","µV","26.493","°C","1018.000","hPa","35.3","pmil","0","55.520","deg","20.000","°C","100.000","%a.s.","21.750","deg","20.000","°C","977.000","hPa","0.861","-0.02617","0.00035","0","0","13.56","Humid","24.85","0","70.00","286327.04","SABD0000000001","AAV1.0.0.11","1.1.2.0","PSt7-10","170328-006","1/4/2020 10:31:52","0000-00","0","no battery","V"
"11/02/2020","12:47:23","1","default","640513929","OXY_CH1","93.009","min","166.473","µmol/L","Humid","22.933","deg","42725","µV","26.501","°C","1018.000","hPa","35.3","pmil","0","55.520","deg","20.000","°C","100.000","%a.s.","21.750","deg","20.000","°C","977.000","hPa","0.861","-0.02617","0.00035","0","0","13.56","Humid","24.85","0","70.00","286333.93","SABD0000000001","AAV1.0.0.11","1.1.2.0","PSt7-10","170328-006","1/4/2020 10:31:52","0000-00","0","no battery","V"
"11/02/2020","12:47:24","1","default","640513929","OXY_CH1","93.025","min","166.495","µmol/L","Humid","22.932","deg","42725","µV","26.500","°C","1018.000","hPa","35.3","pmil","0","55.520","deg","20.000","°C","100.000","%a.s.","21.750","deg","20.000","°C","977.000","hPa","0.861","-0.02617","0.00035","0","0","13.56","Humid","24.85","0","70.00","286321.45","SABD0000000001","AAV1.0.0.11","1.1.2.0","PSt7-10","170328-006","1/4/2020 10:31:52","0000-00","0","no battery","V"
"11/02/2020","12:47:25","1","default","640513929","OXY_CH1","93.042","min","166.632","µmol/L","Humid","22.926","deg","42715","µV","26.489","°C","1018.000","hPa","35.3","pmil","0","55.520","deg","20.000","°C","100.000","%a.s.","21.750","deg","20.000","°C","977.000","hPa","0.861","-0.02617","0.00035","0","0","13.56","Humid","24.85","0","70.00","286323.62","SABD0000000001","AAV1.0.0.11","1.1.2.0","PSt7-10","170328-006","1/4/2020 10:31:52","0000-00","0","no battery","V"
"11/02/2020","12:47:26","1","default","640513929","OXY_CH1","93.059","min","166.555","µmol/L","Humid","22.929","deg","42719","µV","26.496","°C","1018.000","hPa","35.3","pmil","0","55.520","deg","20.000","°C","100.000","%a.s.","21.750","deg","20.000","°C","977.000","hPa","0.861","-0.02617","0.00035","0","0","13.56","Humid","24.85","0","70.00","286315.14","SABD0000000001","AAV1.0.0.11","1.1.2.0","PSt7-10","170328-006","1/4/2020 10:31:52","0000-00","0","no battery","V"
"11/02/2020","12:47:27","1","default","640513929","OXY_CH1","93.076","min","166.552","µmol/L","Humid","22.932","deg","42714","µV","26.488","°C","1018.000","hPa","35.3","pmil","0","55.520","deg","20.000","°C","100.000","%a.s.","21.750","deg","20.000","°C","977.000","hPa","0.861","-0.02617","0.00035","0","0","13.56","Humid","24.85","0","70.00","286317.65","SABD0000000001","AAV1.0.0.11","1.1.2.0","PSt7-10","170328-006","1/4/2020 10:31:52","0000-00","0","no battery","V"
"11/02/2020","12:47:28","1","default","640513929","OXY_CH1","93.092","min","166.529","µmol/L","Humid","22.933","deg","42720","µV","26.490","°C","1018.000","hPa","35.3","pmil","0","55.520","deg","20.000","°C","100.000","%a.s.","21.750","deg","20.000","°C","977.000","hPa","0.861","-0.02617","0.00035","0","0","13.56","Humid","24.85","0","70.00","286319.29","SABD0000000001","AAV1.0.0.11","1.1.2.0","PSt7-10","170328-006","1/4/2020 10:31:52","0000-00","0","no battery","V"
"11/02/2020","12:47:29","1","default","640513929","OXY_CH1","93.109","min","166.650","µmol/L","Humid","22.923","deg","42715","µV","26.494","°C","1018.000","hPa","35.3","pmil","0","55.520","deg","20.000","°C","100.000","%a.s.","21.750","deg","20.000","°C","977.000","hPa","0.861","-0.02617","0.00035","0","0","13.56","Humid","24.85","0","70.00","286326.19","SABD0000000001","AAV1.0.0.11","1.1.2.0","PSt7-10","170328-006","1/4/2020 10:31:52","0000-00","0","no battery","V"
"11/02/2020","12:47:30","1","default","640513929","OXY_CH1","93.125","min","166.605","µmol/L","Humid","22.926","deg","42715","µV","26.494","°C","1018.000","hPa","35.3","pmil","0","55.520","deg","20.000","°C","100.000","%a.s.","21.750","deg","20.000","°C","977.000","hPa","0.861","-0.02617","0.00035","0","0","13.56","Humid","24.85","0","70.00","286314.85","SABD0000000001","AAV1.0.0.11","1.1.2.0","PSt7-10","170328-006","1/4/2020 10:31:52","0000-00","0","no battery","V"
"11/02/2020","12:47:31","1","default","640513929","OXY_CH1","93.142","min","166.734","µmol/L","Humid","22.921","deg","42704","µV","26.482","°C","1018.000","hPa","35.3","pmil","0","55.520","deg","20.000","°C","100.000","%a.s.","21.750","deg","20.000","°C","977.000","hPa","0.861","-0.02617","0.00035","0","0","13.56","Humid","24.85","0","70.00","286313.17","SABD0000000001","AAV1.0.0.11","1.1.2.0","PSt7-10","170328-006","1/4/2020 10:31:52","0000-00","0","no battery","V"
"11/02/2020","12:47:32","1","default","640513929","OXY_CH1","93.158","min","166.743","µmol/L","Humid","22.921","deg","42703","µV","26.481","°C","1018.000","hPa","35.3","pmil","0","55.520","deg","20.000","°C","100.000","%a.s.","21.750","deg","20.000","°C","977.000","hPa","0.861","-0.02617","0.00035","0","0","13.56","Humid","24.85","0","70.00","286318.43","SABD0000000001","AAV1.0.0.11","1.1.2.0","PSt7-10","170328-006","1/4/2020 10:31:52","0000-00","0","no battery","V"
"11/02/2020","12:47:33","1","default","640513929","OXY_CH1","93.175","min","166.607","µmol/L","Humid","22.920","deg","42697","µV","26.511","°C","1018.000","hPa","35.3","pmil","0","55.520","deg","20.000","°C","100.000","%a.s.","21.750","deg","20.000","°C","977.000","hPa","0.861","-0.02617","0.00035","0","0","13.56","Humid","24.85","0","70.00","286315.65","SABD0000000001","AAV1.0.0.11","1.1.2.0","PSt7-10","170328-006","1/4/2020 10:31:52","0000-00","0","no battery","V"
"11/02/2020","12:47:34","1","default","640513929","OXY_CH1","93.192","min","166.649","µmol/L","Humid","22.923","deg","42694","µV","26.494","°C","1018.000","hPa","35.3","pmil","0","55.520","deg","20.000","°C","100.000","%a.s.","21.750","deg","20.000","°C","977.000","hPa","0.861","-0.02617","0.00035","0","0","13.56","Humid","24.85","0","70.00","286317.77","SABD0000000001","AAV1.0.0.11","1.1.2.0","PSt7-10","170328-006","1/4/2020 10:31:52","0000-00","0","no battery","V"
"11/02/2020","12:47:35","1","default","640513929","OXY_CH1","93.209","min","166.697","µmol/L","Humid","22.918","deg","42693","µV","26.499","°C","1018.000","hPa","35.3","pmil","0","55.520","deg","20.000","°C","100.000","%a.s.","21.750","deg","20.000","°C","977.000","hPa","0.861","-0.02617","0.00035","0","0","13.56","Humid","24.85","0","70.00","286314.25","SABD0000000001","AAV1.0.0.11","1.1.2.0","PSt7-10","170328-006","1/4/2020 10:31:52","0000-00","0","no battery","V"
"11/02/2020","12:47:36","1","default","640513929","OXY_CH1","93.226","min","166.712","µmol/L","Humid","22.919","deg","42690","µV","26.493","°C","1018.000","hPa","35.3","pmil","0","55.520","deg","20.000","°C","100.000","%a.s.","21.750","deg","20.000","°C","977.000","hPa","0.861","-0.02617","0.00035","0","0","13.56","Humid","24.85","0","70.00","286321.51","SABD0000000001","AAV1.0.0.11","1.1.2.0","PSt7-10","170328-006","1/4/2020 10:31:52","0000-00","0","no battery","V"
"11/02/2020","12:47:37","1","default","640513929","OXY_CH1","93.242","min","166.754","µmol/L","Humid","22.912","deg","42690","µV","26.505","°C","1018.000","hPa","35.3","pmil","0","55.520","deg","20.000","°C","100.000","%a.s.","21.750","deg","20.000","°C","977.000","hPa","0.861","-0.02617","0.00035","0","0","13.56","Humid","24.85","0","70.00","286316.50","SABD0000000001","AAV1.0.0.11","1.1.2.0","PSt7-10","170328-006","1/4/2020 10:31:52","0000-00","0","no battery","V"
"11/02/2020","12:47:38","1","default","640513929","OXY_CH1","93.259","min","166.601","µmol/L","Humid","22.923","deg","42689","µV","26.504","°C","1018.000","hPa","35.3","pmil","0","55.520","deg","20.000","°C","100.000","%a.s.","21.750","deg","20.000","°C","977.000","hPa","0.861","-0.02617","0.00035","0","0","13.56","Humid","24.85","0","70.00","286311.79","SABD0000000001","AAV1.0.0.11","1.1.2.0","PSt7-10","170328-006","1/4/2020 10:31:52","0000-00","0","no battery","V"
"11/02/2020","12:47:39","1","default","640513929","OXY_CH1","93.276","min","166.814","µmol/L","Humid","22.910","deg","42686","µV","26.498","°C","1018.000","hPa","35.3","pmil","0","55.520","deg","20.000","°C","100.000","%a.s.","21.750","deg","20.000","°C","977.000","hPa","0.861","-0.02617","0.00035","0","0","13.56","Humid","24.85","0","70.00","286319.60","SABD0000000001","AAV1.0.0.11","1.1.2.0","PSt7-10","170328-006","1/4/2020 10:31:52","0000-00","0","no battery","V"
"11/02/2020","12:47:40","1","default","640513929","OXY_CH1","93.292","min","166.704","µmol/L","Humid","22.920","deg","42678","µV","26.491","°C","1018.000","hPa","35.3","pmil","0","55.520","deg","20.000","°C","100.000","%a.s.","21.750","deg","20.000","°C","977.000","hPa","0.861","-0.02617","0.00035","0","0","13.56","Humid","24.85","0","70.00","286312.58","SABD0000000001","AAV1.0.0.11","1.1.2.0","PSt7-10","170328-006","1/4/2020 10:31:52","0000-00","0","no battery","V"
"11/02/2020","12:47:41","1","default","640513929","OXY_CH1","93.308","min","166.843","µmol/L","Humid","22.911","deg","42680","µV","26.489","°C","1018.000","hPa","35.3","pmil","0","55.520","deg","20.000","°C","100.000","%a.s.","21.750","deg","20.000","°C","977.000","hPa","0.861","-0.02617","0.00035","0","0","13.56","Humid","24.85","0","70.00","286313.41","SABD0000000001","AAV1.0.0.11","1.1.2.0","PSt7-10","170328-006","1/4/2020 10:31:52","0000-00","0","no battery","V"
"11/02/2020","12:47:42","1","default","640513929","OXY_CH1","93.325","min","166.917","µmol/L","Humid","22.905","deg","42677","µV","26.491","°C","1018.000","hPa","35.3","pmil","0","55.520","deg","20.000","°C","100.000","%a.s.","21.750","deg","20.000","°C","977.000","hPa","0.861","-0.02617","0.00035","0","0","13.56","Humid","24.85","0","70.00","286310.19","SABD0000000001","AAV1.0.0.11","1.1.2.0","PSt7-10","170328-006","1/4/2020 10:31:52","0000-00","0","no battery","V"
"11/02/2020","12:47:43","1","default","640513929","OXY_CH1","93.342","min","166.900","µmol/L","Humid","22.901","deg","42676","µV","26.507","°C","1018.000","hPa","35.3","pmil","0","55.520","deg","20.000","°C","100.000","%a.s.","21.750","deg","20.000","°C","977.000","hPa","0.861","-0.02617","0.00035","0","0","13.56","Humid","24.85","0","70.00","286310.55","SABD0000000001","AAV1.0.0.11","1.1.2.0","PSt7-10","170328-006","1/4/2020 10:31:52","0000-00","0","no battery","V"
"11/02/2020","12:47:44","1","default","640513929","OXY_CH1","93.359","min","166.863","µmol/L","Humid","22.907","deg","42666","µV","26.497","°C","1018.000","hPa","35.3","pmil","0","55.520","deg","20.000","°C","100.000","%a.s.","21.750","deg","20.000","°C","977.000","hPa","0.861","-0.02617","0.00035","0","0","13.56","Humid","24.85","0","70.00","286317.19","SABD0000000001","AAV1.0.0.11","1.1.2.0","PSt7-10","170328-006","1/4/2020 10:31:52","0000-00","0","no battery","V"
"11/02/2020","12:47:45","1","default","640513929","OXY_CH1","93.375","min","166.820","µmol/L","Humid","22.912","deg","42671","µV","26.491","°C","1018.000","hPa","35.3","pmil","0","55.520","deg","20.000","°C","100.000","%a.s.","21.750","deg","20.000","°C","977.000","hPa","0.861","-0.02617","0.00035","0","0","13.56","Humid","24.85","0","70.00","286315.85","SABD0000000001","AAV1.0.0.11","1.1.2.0","PSt7-10","170328-006","1/4/2020 10:31:52","0000-00","0","no battery","V"
"11/02/2020","12:47:46","1","default","640513929","OXY_CH1","93.392","min","166.878","µmol/L","Humid","22.908","deg","42666","µV","26.491","°C","1018.000","hPa","35.3","pmil","0","55.520","deg","20.000","°C","100.000","%a.s.","21.750","deg","20.000","°C","977.000","hPa","0.861","-0.02617","0.00035","0","0","13.56","Humid","24.85","0","70.00","286315.94","SABD0000000001","AAV1.0.0.11","1.1.2.0","PSt7-10","170328-006","1/4/2020 10:31:52","0000-00","0","no battery","V"
"11/02/2020","12:47:47","1","default","640513929","OXY_CH1","93.409","min","166.859","µmol/L","Humid","22.910","deg","42673","µV","26.489","°C","1018.000","hPa","35.3","pmil","0","55.520","deg","20.000","°C","100.000","%a.s.","21.750","deg","20.000","°C","977.000","hPa","0.861","-0.02617","0.00035","0","0","13.56","Humid","24.85","0","70.00","286322.86","SABD0000000001","AAV1.0.0.11","1.1.2.0","PSt7-10","170328-006","1/4/2020 10:31:52","0000-00","0","no battery","V"
"11/02/2020","12:47:48","1","default","640513929","OXY_CH1","93.426","min","166.887","µmol/L","Humid","22.906","deg","42662","µV","26.495","°C","1018.000","hPa","35.3","pmil","0","55.520","deg","20.000","°C","100.000","%a.s.","21.750","deg","20.000","°C","977.000","hPa","0.861","-0.02617","0.00035","0","0","13.56","Humid","24.85","0","70.00","286322.47","SABD0000000001","AAV1.0.0.11","1.1.2.0","PSt7-10","170328-006","1/4/2020 10:31:52","0000-00","0","no battery","V"
"11/02/2020","12:47:49","1","default","640513929","OXY_CH1","93.442","min","166.929","µmol/L","Humid","22.909","deg","42661","µV","26.477","°C","1018.000","hPa","35.3","pmil","0","55.520","deg","20.000","°C","100.000","%a.s.","21.750","deg","20.000","°C","977.000","hPa","0.861","-0.02617","0.00035","0","0","13.56","Humid","24.85","0","70.00","286316.49","SABD0000000001","AAV1.0.0.11","1.1.2.0","PSt7-10","170328-006","1/4/2020 10:31:52","0000-00","0","no battery","V"
"11/02/2020","12:47:50","1","default","640513929","OXY_CH1","93.458","min","166.821","µmol/L","Humid","22.911","deg","42665","µV","26.494","°C","1018.000","hPa","35.3","pmil","0","55.520","deg","20.000","°C","100.000","%a.s.","21.750","deg","20.000","°C","977.000","hPa","0.861","-0.02617","0.00035","0","0","13.56","Humid","24.85","0","70.00","286316.76","SABD0000000001","AAV1.0.0.11","1.1.2.0","PSt7-10","170328-006","1/4/2020 10:31:52","0000-00","0","no battery","V"
"11/02/2020","12:47:51","1","default","640513929","OXY_CH1","93.475","min","166.933","µmol/L","Humid","22.902","deg","42657","µV","26.497","°C","1018.000","hPa","35.3","pmil","0","55.520","deg","20.000","°C","100.000","%a.s.","21.750","deg","20.000","°C","977.000","hPa","0.861","-0.02617","0.00035","0","0","13.56","Humid","24.85","0","70.00","286327.11","SABD0000000001","AAV1.0.0.11","1.1.2.0","PSt7-10","170328-006","1/4/2020 10:31:52","0000-00","0","no battery","V"
"11/02/2020","12:47:52","1","default","640513929","OXY_CH1","93.492","min","166.997","µmol/L","Humid","22.896","deg","42653","µV","26.501","°C","1018.000","hPa","35.3","pmil","0","55.520","deg","20.000","°C","100.000","%a.s.","21.750","deg","20.000","°C","977.000","hPa","0.861","-0.02617","0.00035","0","0","13.56","Humid","24.85","0","70.00","286323.09","SABD0000000001","AAV1.0.0.11","1.1.2.0","PSt7-10","170328-006","1/4/2020 10:31:52","0000-00","0","no battery","V"
"11/02/2020","12:47:53","1","default","640513929","OXY_CH1","93.508","min","166.893","µmol/L","Humid","22.900","deg","42648","µV","26.511","°C","1018.000","hPa","35.3","pmil","0","55.520","deg","20.000","°C","100.000","%a.s.","21.750","deg","20.000","°C","977.000","hPa","0.861","-0.02617","0.00035","0","0","13.56","Humid","24.85","0","70.00","286302.45","SABD0000000001","AAV1.0.0.11","1.1.2.0","PSt7-10","170328-006","1/4/2020 10:31:52","0000-00","0","no battery","V"
"11/02/2020","12:47:54","1","default","640513929","OXY_CH1","93.525","min","166.882","µmol/L","Humid","22.908","deg","42647","µV","26.490","°C","1018.000","hPa","35.3","pmil","0","55.520","deg","20.000","°C","100.000","%a.s.","21.750","deg","20.000","°C","977.000","hPa","0.861","-0.02617","0.00035","0","0","13.56","Humid","24.85","0","70.00","286312.42","SABD0000000001","AAV1.0.0.11","1.1.2.0","PSt7-10","170328-006","1/4/2020 10:31:52","0000-00","0","no battery","V"
"11/02/2020","12:47:55","1","default","640513929","OXY_CH1","93.542","min","166.847","µmol/L","Humid","22.909","deg","42644","µV","26.494","°C","1018.000","hPa","35.3","pmil","0","55.520","deg","20.000","°C","100.000","%a.s.","21.750","deg","20.000","°C","977.000","hPa","0.861","-0.02617","0.00035","0","0","13.56","Humid","24.85","0","70.00","286322.19","SABD0000000001","AAV1.0.0.11","1.1.2.0","PSt7-10","170328-006","1/4/2020 10:31:52","0000-00","0","no battery","V"
"11/02/2020","12:47:56","1","default","640513929","OXY_CH1","93.559","min","166.787","µmol/L","Humid","22.909","deg","42649","µV","26.506","°C","1018.000","hPa","35.3","pmil","0","55.520","deg","20.000","°C","100.000","%a.s.","21.750","deg","20.000","°C","977.000","hPa","0.861","-0.02617","0.00035","0","0","13.56","Humid","24.85","0","70.00","286316.95","SABD0000000001","AAV1.0.0.11","1.1.2.0","PSt7-10","170328-006","1/4/2020 10:31:52","0000-00","0","no battery","V"
"11/02/2020","12:47:57","1","default","640513929","OXY_CH1","93.575","min","166.856","µmol/L","Humid","22.906","deg","42646","µV","26.501","°C","1018.000","hPa","35.3","pmil","0","55.520","deg","20.000","°C","100.000","%a.s.","21.750","deg","20.000","°C","977.000","hPa","0.861","-0.02617","0.00035","0","0","13.56","Humid","24.85","0","70.00","286313.47","SABD0000000001","AAV1.0.0.11","1.1.2.0","PSt7-10","170328-006","1/4/2020 10:31:52","0000-00","0","no battery","V"
"11/02/2020","12:47:58","1","default","640513929","OXY_CH1","93.592","min","167.005","µmol/L","Humid","22.900","deg","42641","µV","26.488","°C","1018.000","hPa","35.3","pmil","0","55.520","deg","20.000","°C","100.000","%a.s.","21.750","deg","20.000","°C","977.000","hPa","0.861","-0.02617","0.00035","0","0","13.56","Humid","24.85","0","70.00","286324.20","SABD0000000001","AAV1.0.0.11","1.1.2.0","PSt7-10","170328-006","1/4/2020 10:31:52","0000-00","0","no battery","V"
"11/02/2020","12:47:59","1","default","640513929","OXY_CH1","93.609","min","167.033","µmol/L","Humid","22.900","deg","42633","µV","26.482","°C","1018.000","hPa","35.3","pmil","0","55.520","deg","20.000","°C","100.000","%a.s.","21.750","deg","20.000","°C","977.000","hPa","0.861","-0.02617","0.00035","0","0","13.56","Humid","24.85","0","70.00","286322.06","SABD0000000001","AAV1.0.0.11","1.1.2.0","PSt7-10","170328-006","1/4/2020 10:31:52","0000-00","0","no battery","V"
"11/02/2020","12:48:00","1","default","640513929","OXY_CH1","93.625","min","167.007","µmol/L","Humid","22.900","deg","42648","µV","26.487","°C","1018.000","hPa","35.3","pmil","0","55.520","deg","20.000","°C","100.000","%a.s.","21.750","deg","20.000","°C","977.000","hPa","0.861","-0.02617","0.00035","0","0","13.56","Humid","24.85","0","70.00","286312.82","SABD0000000001","AAV1.0.0.11","1.1.2.0","PSt7-10","170328-006","1/4/2020 10:31:52","0000-00","0","no battery","V"
"11/02/2020","12:48:01","1","default","640513929","OXY_CH1","93.642","min","167.082","µmol/L","Humid","22.894","deg","42646","µV","26.490","°C","1018.000","hPa","35.3","pmil","0","55.520","deg","20.000","°C","100.000","%a.s.","21.750","deg","20.000","°C","977.000","hPa","0.861","-0.02617","0.00035","0","0","13.56","Humid","24.85","0","70.00","286329.00","SABD0000000001","AAV1.0.0.11","1.1.2.0","PSt7-10","170328-006","1/4/2020 10:31:52","0000-00","0","no battery","V"
"11/02/2020","12:48:02","1","default","640513929","OXY_CH1","93.659","min","167.136","µmol/L","Humid","22.887","deg","42638","µV","26.499","°C","1018.000","hPa","35.3","pmil","0","55.520","deg","20.000","°C","100.000","%a.s.","21.750","deg","20.000","°C","977.000","hPa","0.861","-0.02617","0.00035","0","0","13.56","Humid","24.85","0","70.00","286320.19","SABD0000000001","AAV1.0.0.11","1.1.2.0","PSt7-10","170328-006","1/4/2020 10:31:52","0000-00","0","no battery","V"
"11/02/2020","12:48:03","1","default","640513929","OXY_CH1","93.676","min","166.946","µmol/L","Humid","22.898","deg","42640","µV","26.506","°C","1018.000","hPa","35.3","pmil","0","55.520","deg","20.000","°C","100.000","%a.s.","21.750","deg","20.000","°C","977.000","hPa","0.861","-0.02617","0.00035","0","0","13.56","Humid","24.85","0","70.00","286331.47","SABD0000000001","AAV1.0.0.11","1.1.2.0","PSt7-10","170328-006","1/4/2020 10:31:52","0000-00","0","no battery","V"
"11/02/2020","12:48:04","1","default","640513929","OXY_CH1","93.692","min","167.124","µmol/L","Humid","22.895","deg","42646","µV","26.478","°C","1018.000","hPa","35.3","pmil","0","55.520","deg","20.000","°C","100.000","%a.s.","21.750","deg","20.000","°C","977.000","hPa","0.861","-0.02617","0.00035","0","0","13.56","Humid","24.85","0","70.00","286331.07","SABD0000000001","AAV1.0.0.11","1.1.2.0","PSt7-10","170328-006","1/4/2020 10:31:52","0000-00","0","no battery","V"
"11/02/2020","12:48:05","1","default","640513929","OXY_CH1","93.709","min","167.061","µmol/L","Humid","22.893","deg","42642","µV","26.497","°C","1018.000","hPa","35.3","pmil","0","55.520","deg","20.000","°C","100.000","%a.s.","21.750","deg","20.000","°C","977.000","hPa","0.861","-0.02617","0.00035","0","0","13.56","Humid","24.85","0","70.00","286311.97","SABD0000000001","AAV1.0.0.11","1.1.2.0","PSt7-10","170328-006","1/4/2020 10:31:52","0000-00","0","no battery","V"
"11/02/2020","12:48:06","1","default","640513929","OXY_CH1","93.726","min","167.095","µmol/L","Humid","22.894","deg","42634","µV","26.487","°C","1018.000","hPa","35.3","pmil","0","55.520","deg","20.000","°C","100.000","%a.s.","21.750","deg","20.000","°C","977.000","hPa","0.861","-0.02617","0.00035","0","0","13.56","Humid","24.85","0","70.00","286323.98","SABD0000000001","AAV1.0.0.11","1.1.2.0","PSt7-10","170328-006","1/4/2020 10:31:52","0000-00","0","no battery","V"
"11/02/2020","12:48:07","1","default","640513929","OXY_CH1","93.742","min","167.211","µmol/L","Humid","22.885","deg","42636","µV","26.489","°C","1018.000","hPa","35.3","pmil","0","55.520","deg","20.000","°C","100.000","%a.s.","21.750","deg","20.000","°C","977.000","hPa","0.861","-0.02617","0.00035","0","0","13.56","Humid","24.85","0","70.00","286304.26","SABD0000000001","AAV1.0.0.11","1.1.2.0","PSt7-10","170328-006","1/4/2020 10:31:52","0000-00","0","no battery","V"
"11/02/2020","12:48:08","1","default","640513929","OXY_CH1","93.758","min","167.079","µmol/L","Humid","22.897","deg","42632","µV","26.481","°C","1018.000","hPa","35.3","pmil","0","55.520","deg","20.000","°C","100.000","%a.s.","21.750","deg","20.000","°C","977.000","hPa","0.861","-0.02617","0.00035","0","0","13.56","Humid","24.85","0","70.00","286324.70","SABD0000000001","AAV1.0.0.11","1.1.2.0","PSt7-10","170328-006","1/4/2020 10:31:52","0000-00","0","no battery","V"
"11/02/2020","12:48:09","1","default","640513929","OXY_CH1","93.775","min","167.179","µmol/L","Humid","22.890","deg","42628","µV","26.481","°C","1018.000","hPa","35.3","pmil","0","55.520","deg","20.000","°C","100.000","%a.s.","21.750","deg","20.000","°C","977.000","hPa","0.861","-0.02617","0.00035","0","0","13.56","Humid","24.85","0","70.00","286330.67","SABD0000000001","AAV1.0.0.11","1.1.2.0","PSt7-10","170328-006","1/4/2020 10:31:52","0000-00","0","no battery","V"
"11/02/2020","12:48:10","1","default","640513929","OXY_CH1","93.792","min","167.177","µmol/L","Humid","22.889","deg","42630","µV","26.484","°C","1018.000","hPa","35.3","pmil","0","55.520","deg","20.000","°C","100.000","%a.s.","21.750","deg","20.000","°C","977.000","hPa","0.861","-0.02617","0.00035","0","0","13.56","Humid","24.85","0","70.00","286317.69","SABD0000000001","AAV1.0.0.11","1.1.2.0","PSt7-10","170328-006","1/4/2020 10:31:52","0000-00","0","no battery","V"
"11/02/2020","12:48:11","1","default","640513929","OXY_CH1","93.809","min","167.138","µmol/L","Humid","22.886","deg","42634","µV","26.501","°C","1018.000","hPa","35.3","pmil","0","55.520","deg","20.000","°C","100.000","%a.s.","21.750","deg","20.000","°C","977.000","hPa","0.861","-0.02617","0.00035","0","0","13.56","Humid","24.85","0","70.00","286325.96","SABD0000000001","AAV1.0.0.11","1.1.2.0","PSt7-10","170328-006","1/4/2020 10:31:52","0000-00","0","no battery","V"
"11/02/2020","12:48:12","1","default","640513929","OXY_CH1","93.825","min","167.107","µmol/L","Humid","22.888","deg","42632","µV","26.502","°C","1018.000","hPa","35.3","pmil","0","55.520","deg","20.000","°C","100.000","%a.s.","21.750","deg","20.000","°C","977.000","hPa","0.861","-0.02617","0.00035","0","0","13.56","Humid","24.85","0","70.00","286314.86","SABD0000000001","AAV1.0.0.11","1.1.2.0","PSt7-10","170328-006","1/4/2020 10:31:52","0000-00","0","no battery","V"
"11/02/2020","12:48:13","1","default","640513929","OXY_CH1","93.842","min","167.168","µmol/L","Humid","22.886","deg","42634","µV","26.495","°C","1018.000","hPa","35.3","pmil","0","55.520","deg","20.000","°C","100.000","%a.s.","21.750","deg","20.000","°C","977.000","hPa","0.861","-0.02617","0.00035","0","0","13.56","Humid","24.85","0","70.00","286329.83","SABD0000000001","AAV1.0.0.11","1.1.2.0","PSt7-10","170328-006","1/4/2020 10:31:52","0000-00","0","no battery","V"
"11/02/2020","12:48:14","1","default","640513929","OXY_CH1","93.858","min","167.042","µmol/L","Humid","22.891","deg","42628","µV","26.507","°C","1018.000","hPa","35.3","pmil","0","55.520","deg","20.000","°C","100.000","%a.s.","21.750","deg","20.000","°C","977.000","hPa","0.861","-0.02617","0.00035","0","0","13.56","Humid","24.85","0","70.00","286323.29","SABD0000000001","AAV1.0.0.11","1.1.2.0","PSt7-10","170328-006","1/4/2020 10:31:52","0000-00","0","no battery","V"
"11/02/2020","12:48:15","1","default","640513929","OXY_CH1","93.875","min","167.167","µmol/L","Humid","22.889","deg","42629","µV","26.487","°C","1018.000","hPa","35.3","pmil","0","55.520","deg","20.000","°C","100.000","%a.s.","21.750","deg","20.000","°C","977.000","hPa","0.861","-0.02617","0.00035","0","0","13.56","Humid","24.85","0","70.00","286327.59","SABD0000000001","AAV1.0.0.11","1.1.2.0","PSt7-10","170328-006","1/4/2020 10:31:52","0000-00","0","no battery","V"
"11/02/2020","12:48:16","1","default","640513929","OXY_CH1","93.892","min","166.998","µmol/L","Humid","22.894","deg","42623","µV","26.507","°C","1018.000","hPa","35.3","pmil","0","55.520","deg","20.000","°C","100.000","%a.s.","21.750","deg","20.000","°C","977.000","hPa","0.861","-0.02617","0.00035","0","0","13.56","Humid","24.85","0","70.00","286323.99","SABD0000000001","AAV1.0.0.11","1.1.2.0","PSt7-10","170328-006","1/4/2020 10:31:52","0000-00","0","no battery","V"
"11/02/2020","12:48:17","1","default","640513929","OXY_CH1","93.909","min","167.194","µmol/L","Humid","22.882","deg","42619","µV","26.501","°C","1018.000","hPa","35.3","pmil","0","55.520","deg","20.000","°C","100.000","%a.s.","21.750","deg","20.000","°C","977.000","hPa","0.861","-0.02617","0.00035","0","0","13.56","Humid","24.85","0","70.00","286313.02","SABD0000000001","AAV1.0.0.11","1.1.2.0","PSt7-10","170328-006","1/4/2020 10:31:52","0000-00","0","no battery","V"
"11/02/2020","12:48:18","1","default","640513929","OXY_CH1","93.925","min","167.225","µmol/L","Humid","22.885","deg","42614","µV","26.486","°C","1018.000","hPa","35.3","pmil","0","55.520","deg","20.000","°C","100.000","%a.s.","21.750","deg","20.000","°C","977.000","hPa","0.861","-0.02617","0.00035","0","0","13.56","Humid","24.85","0","70.00","286309.06","SABD0000000001","AAV1.0.0.11","1.1.2.0","PSt7-10","170328-006","1/4/2020 10:31:52","0000-00","0","no battery","V"
"11/02/2020","12:48:19","1","default","640513929","OXY_CH1","93.942","min","167.188","µmol/L","Humid","22.885","deg","42621","µV","26.494","°C","1018.000","hPa","35.3","pmil","0","55.520","deg","20.000","°C","100.000","%a.s.","21.750","deg","20.000","°C","977.000","hPa","0.861","-0.02617","0.00035","0","0","13.56","Humid","24.85","0","70.00","286314.25","SABD0000000001","AAV1.0.0.11","1.1.2.0","PSt7-10","170328-006","1/4/2020 10:31:52","0000-00","0","no battery","V"
"11/02/2020","12:48:20","1","default","640513929","OXY_CH1","93.959","min","167.243","µmol/L","Humid","22.882","deg","42622","µV","26.491","°C","1018.000","hPa","35.3","pmil","0","55.520","deg","20.000","°C","100.000","%a.s.","21.750","deg","20.000","°C","977.000","hPa","0.861","-0.02617","0.00035","0","0","13.56","Humid","24.85","0","70.00","286320.96","SABD0000000001","AAV1.0.0.11","1.1.2.0","PSt7-10","170328-006","1/4/2020 10:31:52","0000-00","0","no battery","V"
"11/02/2020","12:48:21","1","default","640513929","OXY_CH1","93.976","min","167.243","µmol/L","Humid","22.878","deg","42620","µV","26.503","°C","1018.000","hPa","35.3","pmil","0","55.520","deg","20.000","°C","100.000","%a.s.","21.750","deg","20.000","°C","977.000","hPa","0.861","-0.02617","0.00035","0","0","13.56","Humid","24.85","0","70.00","286319.35","SABD0000000001","AAV1.0.0.11","1.1.2.0","PSt7-10","170328-006","1/4/2020 10:31:52","0000-00","0","no battery","V"
"11/02/2020","12:48:22","1","default","640513929","OXY_CH1","93.992","min","167.269","µmol/L","Humid","22.878","deg","42621","µV","26.498","°C","1018.000","hPa","35.3","pmil","0","55.520","deg","20.000","°C","100.000","%a.s.","21.750","deg","20.000","°C","977.000","hPa","0.861","-0.02617","0.00035","0","0","13.56","Humid","24.85","0","70.00","286302.67","SABD0000000001","AAV1.0.0.11","1.1.2.0","PSt7-10","170328-006","1/4/2020 10:31:52","0000-00","0","no battery","V"
"11/02/2020","12:48:23","1","default","640513929","OXY_CH1","94.009","min","167.251","µmol/L","Humid","22.881","deg","42618","µV","26.493","°C","1018.000","hPa","35.3","pmil","0","55.520","deg","20.000","°C","100.000","%a.s.","21.750","deg","20.000","°C","977.000","hPa","0.861","-0.02617","0.00035","0","0","13.56","Humid","24.85","0","70.00","286313.31","SABD0000000001","AAV1.0.0.11","1.1.2.0","PSt7-10","170328-006","1/4/2020 10:31:52","0000-00","0","no battery","V"
"11/02/2020","12:48:24","1","default","640513929","OXY_CH1","94.025","min","167.312","µmol/L","Humid","22.880","deg","42617","µV","26.483","°C","1018.000","hPa","35.3","pmil","0","55.520","deg","20.000","°C","100.000","%a.s.","21.750","deg","20.000","°C","977.000","hPa","0.861","-0.02617","0.00035","0","0","13.56","Humid","24.85","0","70.00","286320.76","SABD0000000001","AAV1.0.0.11","1.1.2.0","PSt7-10","170328-006","1/4/2020 10:31:52","0000-00","0","no battery","V"
"11/02/2020","12:48:25","1","default","640513929","OXY_CH1","94.042","min","167.377","µmol/L","Humid","22.875","deg","42610","µV","26.484","°C","1018.000","hPa","35.3","pmil","0","55.520","deg","20.000","°C","100.000","%a.s.","21.750","deg","20.000","°C","977.000","hPa","0.861","-0.02617","0.00035","0","0","13.56","Humid","24.85","0","70.00","286318.16","SABD0000000001","AAV1.0.0.11","1.1.2.0","PSt7-10","170328-006","1/4/2020 10:31:52","0000-00","0","no battery","V"
"11/02/2020","12:48:26","1","default","640513929","OXY_CH1","94.059","min","167.244","µmol/L","Humid","22.883","deg","42607","µV","26.488","°C","1018.000","hPa","35.3","pmil","0","55.520","deg","20.000","°C","100.000","%a.s.","21.750","deg","20.000","°C","977.000","hPa","0.861","-0.02617","0.00035","0","0","13.56","Humid","24.85","0","70.00","286314.32","SABD0000000001","AAV1.0.0.11","1.1.2.0","PSt7-10","170328-006","1/4/2020 10:31:52","0000-00","0","no battery","V"
"11/02/2020","12:48:27","1","default","640513929","OXY_CH1","94.075","min","167.357","µmol/L","Humid","22.875","deg","42608","µV","26.488","°C","1018.000","hPa","35.3","pmil","0","55.520","deg","20.000","°C","100.000","%a.s.","21.750","deg","20.000","°C","977.000","hPa","0.861","-0.02617","0.00035","0","0","13.56","Humid","24.85","0","70.00","286307.98","SABD0000000001","AAV1.0.0.11","1.1.2.0","PSt7-10","170328-006","1/4/2020 10:31:52","0000-00","0","no battery","V"
"11/02/2020","12:48:28","1","default","640513929","OXY_CH1","94.092","min","167.385","µmol/L","Humid","22.876","deg","42602","µV","26.480","°C","1018.000","hPa","35.3","pmil","0","55.520","deg","20.000","°C","100.000","%a.s.","21.750","deg","20.000","°C","977.000","hPa","0.861","-0.02617","0.00035","0","0","13.56","Humid","24.85","0","70.00","286319.61","SABD0000000001","AAV1.0.0.11","1.1.2.0","PSt7-10","170328-006","1/4/2020 10:31:52","0000-00","0","no battery","V"
"11/02/2020","12:48:29","1","default","640513929","OXY_CH1","94.109","min","167.273","µmol/L","Humid","22.877","deg","42599","µV","26.500","°C","1018.000","hPa","35.3","pmil","0","55.520","deg","20.000","°C","100.000","%a.s.","21.750","deg","20.000","°C","977.000","hPa","0.861","-0.02617","0.00035","0","0","13.56","Humid","24.85","0","70.00","286318.66","SABD0000000001","AAV1.0.0.11","1.1.2.0","PSt7-10","170328-006","1/4/2020 10:31:52","0000-00","0","no battery","V"
"11/02/2020","12:48:30","1","default","640513929","OXY_CH1","94.126","min","167.403","µmol/L","Humid","22.870","deg","42600","µV","26.494","°C","1018.000","hPa","35.3","pmil","0","55.520","deg","20.000","°C","100.000","%a.s.","21.750","deg","20.000","°C","977.000","hPa","0.861","-0.02617","0.00035","0","0","13.56","Humid","24.85","0","70.00","286310.99","SABD0000000001","AAV1.0.0.11","1.1.2.0","PSt7-10","170328-006","1/4/2020 10:31:52","0000-00","0","no battery","V"
"11/02/2020","12:48:31","1","default","640513929","OXY_CH1","94.142","min","167.266","µmol/L","Humid","22.879","deg","42604","µV","26.496","°C","1018.000","hPa","35.3","pmil","0","55.520","deg","20.000","°C","100.000","%a.s.","21.750","deg","20.000","°C","977.000","hPa","0.861","-0.02617","0.00035","0","0","13.56","Humid","24.85","0","70.00","286321.56","SABD0000000001","AAV1.0.0.11","1.1.2.0","PSt7-10","170328-006","1/4/2020 10:31:52","0000-00","0","no battery","V"
"11/02/2020","12:48:32","1","default","640513929","OXY_CH1","94.159","min","167.406","µmol/L","Humid","22.869","deg","42603","µV","26.496","°C","1018.000","hPa","35.3","pmil","0","55.520","deg","20.000","°C","100.000","%a.s.","21.750","deg","20.000","°C","977.000","hPa","0.861","-0.02617","0.00035","0","0","13.56","Humid","24.85","0","70.00","286319.97","SABD0000000001","AAV1.0.0.11","1.1.2.0","PSt7-10","170328-006","1/4/2020 10:31:52","0000-00","0","no battery","V"
"11/02/2020","12:48:33","1","default","640513929","OXY_CH1","94.175","min","167.274","µmol/L","Humid","22.878","deg","42599","µV","26.497","°C","1018.000","hPa","35.3","pmil","0","55.520","deg","20.000","°C","100.000","%a.s.","21.750","deg","20.000","°C","977.000","hPa","0.861","-0.02617","0.00035","0","0","13.56","Humid","24.85","0","70.00","286316.48","SABD0000000001","AAV1.0.0.11","1.1.2.0","PSt7-10","170328-006","1/4/2020 10:31:52","0000-00","0","no battery","V"
"11/02/2020","12:48:34","1","default","640513929","OXY_CH1","94.192","min","167.402","µmol/L","Humid","22.870","deg","42598","µV","26.494","°C","1018.000","hPa","35.3","pmil","0","55.520","deg","20.000","°C","100.000","%a.s.","21.750","deg","20.000","°C","977.000","hPa","0.861","-0.02617","0.00035","0","0","13.56","Humid","24.85","0","70.00","286315.60","SABD0000000001","AAV1.0.0.11","1.1.2.0","PSt7-10","170328-006","1/4/2020 10:31:52","0000-00","0","no battery","V"
"11/02/2020","12:48:35","1","default","640513929","OXY_CH1","94.209","min","167.316","µmol/L","Humid","22.874","deg","42598","µV","26.500","°C","1018.000","hPa","35.3","pmil","0","55.520","deg","20.000","°C","100.000","%a.s.","21.750","deg","20.000","°C","977.000","hPa","0.861","-0.02617","0.00035","0","0","13.56","Humid","24.85","0","70.00","286324.75","SABD0000000001","AAV1.0.0.11","1.1.2.0","PSt7-10","170328-006","1/4/2020 10:31:52","0000-00","0","no battery","V"
"11/02/2020","12:48:36","1","default","640513929","OXY_CH1","94.225","min","167.340","µmol/L","Humid","22.873","deg","42597","µV","26.498","°C","1018.000","hPa","35.3","pmil","0","55.520","deg","20.000","°C","100.000","%a.s.","21.750","deg","20.000","°C","977.000","hPa","0.861","-0.02617","0.00035","0","0","13.56","Humid","24.85","0","70.00","286312.59","SABD0000000001","AAV1.0.0.11","1.1.2.0","PSt7-10","170328-006","1/4/2020 10:31:52","0000-00","0","no battery","V"
"11/02/2020","12:48:37","1","default","640513929","OXY_CH1","94.242","min","167.432","µmol/L","Humid","22.871","deg","42601","µV","26.485","°C","1018.000","hPa","35.3","pmil","0","55.520","deg","20.000","°C","100.000","%a.s.","21.750","deg","20.000","°C","977.000","hPa","0.861","-0.02617","0.00035","0","0","13.56","Humid","24.85","0","70.00","286311.69","SABD0000000001","AAV1.0.0.11","1.1.2.0","PSt7-10","170328-006","1/4/2020 10:31:52","0000-00","0","no battery","V"
"11/02/2020","12:48:38","1","default","640513929","OXY_CH1","94.259","min","167.511","µmol/L","Humid","22.867","deg","42591","µV","26.480","°C","1018.000","hPa","35.3","pmil","0","55.520","deg","20.000","°C","100.000","%a.s.","21.750","deg","20.000","°C","977.000","hPa","0.861","-0.02617","0.00035","0","0","13.56","Humid","24.85","0","70.00","286314.82","SABD0000000001","AAV1.0.0.11","1.1.2.0","PSt7-10","170328-006","1/4/2020 10:31:52","0000-00","0","no battery","V"
"11/02/2020","12:48:39","1","default","640513929","OXY_CH1","94.275","min","167.345","µmol/L","Humid","22.875","deg","42584","µV","26.491","°C","1018.000","hPa","35.3","pmil","0","55.520","deg","20.000","°C","100.000","%a.s.","21.750","deg","20.000","°C","977.000","hPa","0.861","-0.02617","0.00035","0","0","13.56","Humid","24.85","0","70.00","286309.80","SABD0000000001","AAV1.0.0.11","1.1.2.0","PSt7-10","170328-006","1/4/2020 10:31:52","0000-00","0","no battery","V"
"11/02/2020","12:48:40","1","default","640513929","OXY_CH1","94.292","min","167.364","µmol/L","Humid","22.873","deg","42586","µV","26.493","°C","1018.000","hPa","35.3","pmil","0","55.520","deg","20.000","°C","100.000","%a.s.","21.750","deg","20.000","°C","977.000","hPa","0.861","-0.02617","0.00035","0","0","13.56","Humid","24.85","0","70.00","286311.44","SABD0000000001","AAV1.0.0.11","1.1.2.0","PSt7-10","170328-006","1/4/2020 10:31:52","0000-00","0","no battery","V"
"11/02/2020","12:48:41","1","default","640513929","OXY_CH1","94.309","min","167.430","µmol/L","Humid","22.866","deg","42579","µV","26.500","°C","1018.000","hPa","35.3","pmil","0","55.520","deg","20.000","°C","100.000","%a.s.","21.750","deg","20.000","°C","977.000","hPa","0.861","-0.02617","0.00035","0","0","13.56","Humid","24.85","0","70.00","286303.93","SABD0000000001","AAV1.0.0.11","1.1.2.0","PSt7-10","170328-006","1/4/2020 10:31:52","0000-00","0","no battery","V"
"11/02/2020","12:48:42","1","default","640513929","OXY_CH1","94.326","min","167.495","µmol/L","Humid","22.863","deg","42584","µV","26.495","°C","1018.000","hPa","35.3","pmil","0","55.520","deg","20.000","°C","100.000","%a.s.","21.750","deg","20.000","°C","977.000","hPa","0.861","-0.02617","0.00035","0","0","13.56","Humid","24.85","0","70.00","286306.43","SABD0000000001","AAV1.0.0.11","1.1.2.0","PSt7-10","170328-006","1/4/2020 10:31:52","0000-00","0","no battery","V"
"11/02/2020","12:48:43","1","default","640513929","OXY_CH1","94.342","min","167.487","µmol/L","Humid","22.866","deg","42587","µV","26.488","°C","1018.000","hPa","35.3","pmil","0","55.520","deg","20.000","°C","100.000","%a.s.","21.750","deg","20.000","°C","977.000","hPa","0.861","-0.02617","0.00035","0","0","13.56","Humid","24.85","0","70.00","286314.94","SABD0000000001","AAV1.0.0.11","1.1.2.0","PSt7-10","170328-006","1/4/2020 10:31:52","0000-00","0","no battery","V"
"11/02/2020","12:48:44","1","default","640513929","OXY_CH1","94.358","min","167.587","µmol/L","Humid","22.860","deg","42583","µV","26.485","°C","1018.000","hPa","35.3","pmil","0","55.520","deg","20.000","°C","100.000","%a.s.","21.750","deg","20.000","°C","977.000","hPa","0.861","-0.02617","0.00035","0","0","13.56","Humid","24.85","0","70.00","286326.47","SABD0000000001","AAV1.0.0.11","1.1.2.0","PSt7-10","170328-006","1/4/2020 10:31:52","0000-00","0","no battery","V"
"11/02/2020","12:48:45","1","default","640513929","OXY_CH1","94.375","min","167.638","µmol/L","Humid","22.857","deg","42580","µV","26.483","°C","1018.000","hPa","35.3","pmil","0","55.520","deg","20.000","°C","100.000","%a.s.","21.750","deg","20.000","°C","977.000","hPa","0.861","-0.02617","0.00035","0","0","13.56","Humid","24.85","0","70.00","286310.66","SABD0000000001","AAV1.0.0.11","1.1.2.0","PSt7-10","170328-006","1/4/2020 10:31:52","0000-00","0","no battery","V"
"11/02/2020","12:48:46","1","default","640513929","OXY_CH1","94.392","min","167.470","µmol/L","Humid","22.867","deg","42580","µV","26.489","°C","1018.000","hPa","35.3","pmil","0","55.520","deg","20.000","°C","100.000","%a.s.","21.750","deg","20.000","°C","977.000","hPa","0.861","-0.02617","0.00035","0","0","13.56","Humid","24.85","0","70.00","286322.36","SABD0000000001","AAV1.0.0.11","1.1.2.0","PSt7-10","170328-006","1/4/2020 10:31:52","0000-00","0","no battery","V"
"11/02/2020","12:48:47","1","default","640513929","OXY_CH1","94.409","min","167.559","µmol/L","Humid","22.864","deg","42576","µV","26.479","°C","1018.000","hPa","35.3","pmil","0","55.520","deg","20.000","°C","100.000","%a.s.","21.750","deg","20.000","°C","977.000","hPa","0.861","-0.02617","0.00035","0","0","13.56","Humid","24.85","0","70.00","286310.44","SABD0000000001","AAV1.0.0.11","1.1.2.0","PSt7-10","170328-006","1/4/2020 10:31:52","0000-00","0","no battery","V"
"11/02/2020","12:48:48","1","default","640513929","OXY_CH1","94.425","min","167.581","µmol/L","Humid","22.860","deg","42575","µV","26.486","°C","1018.000","hPa","35.3","pmil","0","55.520","deg","20.000","°C","100.000","%a.s.","21.750","deg","20.000","°C","977.000","hPa","0.861","-0.02617","0.00035","0","0","13.56","Humid","24.85","0","70.00","286321.40","SABD0000000001","AAV1.0.0.11","1.1.2.0","PSt7-10","170328-006","1/4/2020 10:31:52","0000-00","0","no battery","V"
"11/02/2020","12:48:49","1","default","640513929","OXY_CH1","94.442","min","167.441","µmol/L","Humid","22.864","deg","42570","µV","26.503","°C","1018.000","hPa","35.3","pmil","0","55.520","deg","20.000","°C","100.000","%a.s.","21.750","deg","20.000","°C","977.000","hPa","0.861","-0.02617","0.00035","0","0","13.56","Humid","24.85","0","70.00","286302.04","SABD0000000001","AAV1.0.0.11","1.1.2.0","PSt7-10","170328-006","1/4/2020 10:31:52","0000-00","0","no battery","V"
"11/02/2020","12:48:50","1","default","640513929","OXY_CH1","94.459","min","167.419","µmol/L","Humid","22.862","deg","42576","µV","26.514","°C","1018.000","hPa","35.3","pmil","0","55.520","deg","20.000","°C","100.000","%a.s.","21.750","deg","20.000","°C","977.000","hPa","0.861","-0.02617","0.00035","0","0","13.56","Humid","24.85","0","70.00","286309.85","SABD0000000001","AAV1.0.0.11","1.1.2.0","PSt7-10","170328-006","1/4/2020 10:31:52","0000-00","0","no battery","V"
"11/02/2020","12:48:51","1","default","640513929","OXY_CH1","94.476","min","167.609","µmol/L","Humid","22.850","deg","42573","µV","26.510","°C","1018.000","hPa","35.3","pmil","0","55.520","deg","20.000","°C","100.000","%a.s.","21.750","deg","20.000","°C","977.000","hPa","0.861","-0.02617","0.00035","0","0","13.56","Humid","24.85","0","70.00","286321.16","SABD0000000001","AAV1.0.0.11","1.1.2.0","PSt7-10","170328-006","1/4/2020 10:31:52","0000-00","0","no battery","V"
"11/02/2020","12:48:52","1","default","640513929","OXY_CH1","94.492","min","167.492","µmol/L","Humid","22.860","deg","42564","µV","26.504","°C","1018.000","hPa","35.3","pmil","0","55.520","deg","20.000","°C","100.000","%a.s.","21.750","deg","20.000","°C","977.000","hPa","0.861","-0.02617","0.00035","0","0","13.56","Humid","24.85","0","70.00","286310.31","SABD0000000001","AAV1.0.0.11","1.1.2.0","PSt7-10","170328-006","1/4/2020 10:31:52","0000-00","0","no battery","V"
"11/02/2020","12:48:53","1","default","640513929","OXY_CH1","94.509","min","167.550","µmol/L","Humid","22.857","deg","42568","µV","26.501","°C","1018.000","hPa","35.3","pmil","0","55.520","deg","20.000","°C","100.000","%a.s.","21.750","deg","20.000","°C","977.000","hPa","0.861","-0.02617","0.00035","0","0","13.56","Humid","24.85","0","70.00","286313.58","SABD0000000001","AAV1.0.0.11","1.1.2.0","PSt7-10","170328-006","1/4/2020 10:31:52","0000-00","0","no battery","V"
"11/02/2020","12:48:54","1","default","640513929","OXY_CH1","94.525","min","167.623","µmol/L","Humid","22.854","deg","42561","µV","26.495","°C","1018.000","hPa","35.3","pmil","0","55.520","deg","20.000","°C","100.000","%a.s.","21.750","deg","20.000","°C","977.000","hPa","0.861","-0.02617","0.00035","0","0","13.56","Humid","24.85","0","70.00","286314.21","SABD0000000001","AAV1.0.0.11","1.1.2.0","PSt7-10","170328-006","1/4/2020 10:31:52","0000-00","0","no battery","V"
"11/02/2020","12:48:55","1","default","640513929","OXY_CH1","94.542","min","167.666","µmol/L","Humid","22.853","deg","42565","µV","26.489","°C","1018.000","hPa","35.3","pmil","0","55.520","deg","20.000","°C","100.000","%a.s.","21.750","deg","20.000","°C","977.000","hPa","0.861","-0.02617","0.00035","0","0","13.56","Humid","24.85","0","70.00","286318.46","SABD0000000001","AAV1.0.0.11","1.1.2.0","PSt7-10","170328-006","1/4/2020 10:31:52","0000-00","0","no battery","V"
"11/02/2020","12:48:56","1","default","640513929","OXY_CH1","94.558","min","167.640","µmol/L","Humid","22.856","deg","42562","µV","26.486","°C","1018.000","hPa","35.3","pmil","0","55.520","deg","20.000","°C","100.000","%a.s.","21.750","deg","20.000","°C","977.000","hPa","0.861","-0.02617","0.00035","0","0","13.56","Humid","24.85","0","70.00","286296.72","SABD0000000001","AAV1.0.0.11","1.1.2.0","PSt7-10","170328-006","1/4/2020 10:31:52","0000-00","0","no battery","V"
"11/02/2020","12:48:57","1","default","640513929","OXY_CH1","94.575","min","167.683","µmol/L","Humid","22.854","deg","42561","µV","26.483","°C","1018.000","hPa","35.3","pmil","0","55.520","deg","20.000","°C","100.000","%a.s.","21.750","deg","20.000","°C","977.000","hPa","0.861","-0.02617","0.00035","0","0","13.56","Humid","24.85","0","70.00","286306.61","SABD0000000001","AAV1.0.0.11","1.1.2.0","PSt7-10","170328-006","1/4/2020 10:31:52","0000-00","0","no battery","V"
"11/02/2020","12:48:58","1","default","640513929","OXY_CH1","94.592","min","167.592","µmol/L","Humid","22.856","deg","42561","µV","26.496","°C","1018.000","hPa","35.3","pmil","0","55.520","deg","20.000","°C","100.000","%a.s.","21.750","deg","20.000","°C","977.000","hPa","0.861","-0.02617","0.00035","0","0","13.56","Humid","24.85","0","70.00","286298.16","SABD0000000001","AAV1.0.0.11","1.1.2.0","PSt7-10","170328-006","1/4/2020 10:31:52","0000-00","0","no battery","V"
"11/02/2020","12:48:59","1","default","640513929","OXY_CH1","94.609","min","167.667","µmol/L","Humid","22.850","deg","42554","µV","26.498","°C","1018.000","hPa","35.3","pmil","0","55.520","deg","20.000","°C","100.000","%a.s.","21.750","deg","20.000","°C","977.000","hPa","0.861","-0.02617","0.00035","0","0","13.56","Humid","24.85","0","70.00","286305.75","SABD0000000001","AAV1.0.0.11","1.1.2.0","PSt7-10","170328-006","1/4/2020 10:31:52","0000-00","0","no battery","V"
"11/02/2020","12:49:00","1","default","640513929","OXY_CH1","94.625","min","167.542","µmol/L","Humid","22.858","deg","42551","µV","26.500","°C","1018.000","hPa","35.3","pmil","0","55.520","deg","20.000","°C","100.000","%a.s.","21.750","deg","20.000","°C","977.000","hPa","0.861","-0.02617","0.00035","0","0","13.56","Humid","24.85","0","70.00","286304.30","SABD0000000001","AAV1.0.0.11","1.1.2.0","PSt7-10","170328-006","1/4/2020 10:31:52","0000-00","0","no battery","V"
"11/02/2020","12:49:01","1","default","640513929","OXY_CH1","94.642","min","167.709","µmol/L","Humid","22.854","deg","42557","µV","26.478","°C","1018.000","hPa","35.3","pmil","0","55.520","deg","20.000","°C","100.000","%a.s.","21.750","deg","20.000","°C","977.000","hPa","0.861","-0.02617","0.00035","0","0","13.56","Humid","24.85","0","70.00","286305.31","SABD0000000001","AAV1.0.0.11","1.1.2.0","PSt7-10","170328-006","1/4/2020 10:31:52","0000-00","0","no battery","V"
"11/02/2020","12:49:02","1","default","640513929","OXY_CH1","94.659","min","167.724","µmol/L","Humid","22.848","deg","42558","µV","26.492","°C","1018.000","hPa","35.3","pmil","0","55.520","deg","20.000","°C","100.000","%a.s.","21.750","deg","20.000","°C","977.000","hPa","0.861","-0.02617","0.00035","0","0","13.56","Humid","24.85","0","70.00","286303.46","SABD0000000001","AAV1.0.0.11","1.1.2.0","PSt7-10","170328-006","1/4/2020 10:31:52","0000-00","0","no battery","V"
"11/02/2020","12:49:03","1","default","640513929","OXY_CH1","94.676","min","167.567","µmol/L","Humid","22.858","deg","42560","µV","26.495","°C","1018.000","hPa","35.3","pmil","0","55.520","deg","20.000","°C","100.000","%a.s.","21.750","deg","20.000","°C","977.000","hPa","0.861","-0.02617","0.00035","0","0","13.56","Humid","24.85","0","70.00","286306.96","SABD0000000001","AAV1.0.0.11","1.1.2.0","PSt7-10","170328-006","1/4/2020 10:31:52","0000-00","0","no battery","V"
"11/02/2020","12:49:04","1","default","640513929","OXY_CH1","94.692","min","167.587","µmol/L","Humid","22.856","deg","42548","µV","26.497","°C","1018.000","hPa","35.3","pmil","0","55.520","deg","20.000","°C","100.000","%a.s.","21.750","deg","20.000","°C","977.000","hPa","0.861","-0.02617","0.00035","0","0","13.56","Humid","24.85","0","70.00","286297.91","SABD0000000001","AAV1.0.0.11","1.1.2.0","PSt7-10","170328-006","1/4/2020 10:31:52","0000-00","0","no battery","V"
"11/02/2020","12:49:05","1","default","640513929","OXY_CH1","94.709","min","167.651","µmol/L","Humid","22.852","deg","42546","µV","26.495","°C","1018.000","hPa","35.3","pmil","0","55.520","deg","20.000","°C","100.000","%a.s.","21.750","deg","20.000","°C","977.000","hPa","0.861","-0.02617","0.00035","0","0","13.56","Humid","24.85","0","70.00","286302.51","SABD0000000001","AAV1.0.0.11","1.1.2.0","PSt7-10","170328-006","1/4/2020 10:31:52","0000-00","0","no battery","V"
"11/02/2020","12:49:06","1","default","640513929","OXY_CH1","94.725","min","167.705","µmol/L","Humid","22.851","deg","42550","µV","26.487","°C","1018.000","hPa","35.3","pmil","0","55.520","deg","20.000","°C","100.000","%a.s.","21.750","deg","20.000","°C","977.000","hPa","0.861","-0.02617","0.00035","0","0","13.56","Humid","24.85","0","70.00","286308.01","SABD0000000001","AAV1.0.0.11","1.1.2.0","PSt7-10","170328-006","1/4/2020 10:31:52","0000-00","0","no battery","V"
"11/02/2020","12:49:07","1","default","640513929","OXY_CH1","94.742","min","167.752","µmol/L","Humid","22.846","deg","42538","µV","26.492","°C","1018.000","hPa","35.3","pmil","0","55.520","deg","20.000","°C","100.000","%a.s.","21.750","deg","20.000","°C","977.000","hPa","0.861","-0.02617","0.00035","0","0","13.56","Humid","24.85","0","70.00","286301.25","SABD0000000001","AAV1.0.0.11","1.1.2.0","PSt7-10","170328-006","1/4/2020 10:31:52","0000-00","0","no battery","V"
"11/02/2020","12:49:08","1","default","640513929","OXY_CH1","94.758","min","167.633","µmol/L","Humid","22.849","deg","42541","µV","26.508","°C","1018.000","hPa","35.3","pmil","0","55.520","deg","20.000","°C","100.000","%a.s.","21.750","deg","20.000","°C","977.000","hPa","0.861","-0.02617","0.00035","0","0","13.56","Humid","24.85","0","70.00","286303.23","SABD0000000001","AAV1.0.0.11","1.1.2.0","PSt7-10","170328-006","1/4/2020 10:31:52","0000-00","0","no battery","V"
"11/02/2020","12:49:09","1","default","640513929","OXY_CH1","94.775","min","167.690","µmol/L","Humid","22.846","deg","42540","µV","26.505","°C","1018.000","hPa","35.3","pmil","0","55.520","deg","20.000","°C","100.000","%a.s.","21.750","deg","20.000","°C","977.000","hPa","0.861","-0.02617","0.00035","0","0","13.56","Humid","24.85","0","70.00","286304.78","SABD0000000001","AAV1.0.0.11","1.1.2.0","PSt7-10","170328-006","1/4/2020 10:31:52","0000-00","0","no battery","V"
"11/02/2020","12:49:10","1","default","640513929","OXY_CH1","94.792","min","167.705","µmol/L","Humid","22.844","deg","42541","µV","26.508","°C","1018.000","hPa","35.3","pmil","0","55.520","deg","20.000","°C","100.000","%a.s.","21.750","deg","20.000","°C","977.000","hPa","0.861","-0.02617","0.00035","0","0","13.56","Humid","24.85","0","70.00","286298.55","SABD0000000001","AAV1.0.0.11","1.1.2.0","PSt7-10","170328-006","1/4/2020 10:31:52","0000-00","0","no battery","V"
"11/02/2020","12:49:11","1","default","640513929","OXY_CH1","94.809","min","167.711","µmol/L","Humid","22.844","deg","42532","µV","26.506","°C","1018.000","hPa","35.3","pmil","0","55.520","deg","20.000","°C","100.000","%a.s.","21.750","deg","20.000","°C","977.000","hPa","0.861","-0.02617","0.00035","0","0","13.56","Humid","24.85","0","70.00","286295.52","SABD0000000001","AAV1.0.0.11","1.1.2.0","PSt7-10","170328-006","1/4/2020 10:31:52","0000-00","0","no battery","V"
"11/02/2020","12:49:12","1","default","640513929","OXY_CH1","94.825","min","167.861","µmol/L","Humid","22.838","deg","42535","µV","26.493","°C","1018.000","hPa","35.3","pmil","0","55.520","deg","20.000","°C","100.000","%a.s.","21.750","deg","20.000","°C","977.000","hPa","0.861","-0.02617","0.00035","0","0","13.56","Humid","24.85","0","70.00","286296.19","SABD0000000001","AAV1.0.0.11","1.1.2.0","PSt7-10","170328-006","1/4/2020 10:31:52","0000-00","0","no battery","V"
"11/02/2020","12:49:13","1","default","640513929","OXY_CH1","94.842","min","167.619","µmol/L","Humid","22.850","deg","42530","µV","26.508","°C","1018.000","hPa","35.3","pmil","0","55.520","deg","20.000","°C","100.000","%a.s.","21.750","deg","20.000","°C","977.000","hPa","0.861","-0.02617","0.00035","0","0","13.56","Humid","24.85","0","70.00","286290.85","SABD0000000001","AAV1.0.0.11","1.1.2.0","PSt7-10","170328-006","1/4/2020 10:31:52","0000-00","0","no battery","V"
"11/02/2020","12:49:14","1","default","640513929","OXY_CH1","94.859","min","167.803","µmol/L","Humid","22.838","deg","42533","µV","26.505","°C","1018.000","hPa","35.3","pmil","0","55.520","deg","20.000","°C","100.000","%a.s.","21.750","deg","20.000","°C","977.000","hPa","0.861","-0.02617","0.00035","0","0","13.56","Humid","24.85","0","70.00","286298.78","SABD0000000001","AAV1.0.0.11","1.1.2.0","PSt7-10","170328-006","1/4/2020 10:31:52","0000-00","0","no battery","V"
"11/02/2020","12:49:15","1","default","640513929","OXY_CH1","94.876","min","167.946","µmol/L","Humid","22.833","deg","42533","µV","26.490","°C","1018.000","hPa","35.3","pmil","0","55.520","deg","20.000","°C","100.000","%a.s.","21.750","deg","20.000","°C","977.000","hPa","0.861","-0.02617","0.00035","0","0","13.56","Humid","24.85","0","70.00","286299.64","SABD0000000001","AAV1.0.0.11","1.1.2.0","PSt7-10","170328-006","1/4/2020 10:31:52","0000-00","0","no battery","V"
"11/02/2020","12:49:16","1","default","640513929","OXY_CH1","94.892","min","167.854","µmol/L","Humid","22.839","deg","42531","µV","26.492","°C","1018.000","hPa","35.3","pmil","0","55.520","deg","20.000","°C","100.000","%a.s.","21.750","deg","20.000","°C","977.000","hPa","0.861","-0.02617","0.00035","0","0","13.56","Humid","24.85","0","70.00","286287.11","SABD0000000001","AAV1.0.0.11","1.1.2.0","PSt7-10","170328-006","1/4/2020 10:31:52","0000-00","0","no battery","V"
"11/02/2020","12:49:17","1","default","640513929","OXY_CH1","94.909","min","167.719","µmol/L","Humid","22.848","deg","42532","µV","26.493","°C","1018.000","hPa","35.3","pmil","0","55.520","deg","20.000","°C","100.000","%a.s.","21.750","deg","20.000","°C","977.000","hPa","0.861","-0.02617","0.00035","0","0","13.56","Humid","24.85","0","70.00","286287.46","SABD0000000001","AAV1.0.0.11","1.1.2.0","PSt7-10","170328-006","1/4/2020 10:31:52","0000-00","0","no battery","V"
"11/02/2020","12:49:18","1","default","640513929","OXY_CH1","94.925","min","167.809","µmol/L","Humid","22.837","deg","42527","µV","26.507","°C","1018.000","hPa","35.3","pmil","0","55.520","deg","20.000","°C","100.000","%a.s.","21.750","deg","20.000","°C","977.000","hPa","0.861","-0.02617","0.00035","0","0","13.56","Humid","24.85","0","70.00","286296.50","SABD0000000001","AAV1.0.0.11","1.1.2.0","PSt7-10","170328-006","1/4/2020 10:31:52","0000-00","0","no battery","V"
"11/02/2020","12:49:19","1","default","640513929","OXY_CH1","94.942","min","167.657","µmol/L","Humid","22.848","deg","42525","µV","26.506","°C","1018.000","hPa","35.3","pmil","0","55.520","deg","20.000","°C","100.000","%a.s.","21.750","deg","20.000","°C","977.000","hPa","0.861","-0.02617","0.00035","0","0","13.56","Humid","24.85","0","70.00","286290.35","SABD0000000001","AAV1.0.0.11","1.1.2.0","PSt7-10","170328-006","1/4/2020 10:31:52","0000-00","0","no battery","V"
"11/02/2020","12:49:20","1","default","640513929","OXY_CH1","94.958","min","167.888","µmol/L","Humid","22.837","deg","42530","µV","26.490","°C","1018.000","hPa","35.3","pmil","0","55.520","deg","20.000","°C","100.000","%a.s.","21.750","deg","20.000","°C","977.000","hPa","0.861","-0.02617","0.00035","0","0","13.56","Humid","24.85","0","70.00","286301.71","SABD0000000001","AAV1.0.0.11","1.1.2.0","PSt7-10","170328-006","1/4/2020 10:31:52","0000-00","0","no battery","V"
"11/02/2020","12:49:21","1","default","640513929","OXY_CH1","94.975","min","167.874","µmol/L","Humid","22.839","deg","42519","µV","26.488","°C","1018.000","hPa","35.3","pmil","0","55.520","deg","20.000","°C","100.000","%a.s.","21.750","deg","20.000","°C","977.000","hPa","0.861","-0.02617","0.00035","0","0","13.56","Humid","24.85","0","70.00","286299.62","SABD0000000001","AAV1.0.0.11","1.1.2.0","PSt7-10","170328-006","1/4/2020 10:31:52","0000-00","0","no battery","V"
"11/02/2020","12:49:22","1","default","640513929","OXY_CH1","94.992","min","167.815","µmol/L","Humid","22.840","deg","42524","µV","26.497","°C","1018.000","hPa","35.3","pmil","0","55.520","deg","20.000","°C","100.000","%a.s.","21.750","deg","20.000","°C","977.000","hPa","0.861","-0.02617","0.00035","0","0","13.56","Humid","24.85","0","70.00","286296.89","SABD0000000001","AAV1.0.0.11","1.1.2.0","PSt7-10","170328-006","1/4/2020 10:31:52","0000-00","0","no battery","V"
"11/02/2020","12:49:23","1","default","640513929","OXY_CH1","95.009","min","167.908","µmol/L","Humid","22.836","deg","42527","µV","26.489","°C","1018.000","hPa","35.3","pmil","0","55.520","deg","20.000","°C","100.000","%a.s.","21.750","deg","20.000","°C","977.000","hPa","0.861","-0.02617","0.00035","0","0","13.56","Humid","24.85","0","70.00","286293.65","SABD0000000001","AAV1.0.0.11","1.1.2.0","PSt7-10","170328-006","1/4/2020 10:31:52","0000-00","0","no battery","V"
"11/02/2020","12:49:24","1","default","640513929","OXY_CH1","95.026","min","167.872","µmol/L","Humid","22.840","deg","42521","µV","26.485","°C","1018.000","hPa","35.3","pmil","0","55.520","deg","20.000","°C","100.000","%a.s.","21.750","deg","20.000","°C","977.000","hPa","0.861","-0.02617","0.00035","0","0","13.56","Humid","24.85","0","70.00","286307.73","SABD0000000001","AAV1.0.0.11","1.1.2.0","PSt7-10","170328-006","1/4/2020 10:31:52","0000-00","0","no battery","V"
"11/02/2020","12:49:25","1","default","640513929","OXY_CH1","95.042","min","167.959","µmol/L","Humid","22.832","deg","42518","µV","26.491","°C","1018.000","hPa","35.3","pmil","0","55.520","deg","20.000","°C","100.000","%a.s.","21.750","deg","20.000","°C","977.000","hPa","0.861","-0.02617","0.00035","0","0","13.56","Humid","24.85","0","70.00","286300.05","SABD0000000001","AAV1.0.0.11","1.1.2.0","PSt7-10","170328-006","1/4/2020 10:31:52","0000-00","0","no battery","V"
"11/02/2020","12:49:26","1","default","640513929","OXY_CH1","95.059","min","167.876","µmol/L","Humid","22.837","deg","42521","µV","26.493","°C","1018.000","hPa","35.3","pmil","0","55.520","deg","20.000","°C","100.000","%a.s.","21.750","deg","20.000","°C","977.000","hPa","0.861","-0.02617","0.00035","0","0","13.56","Humid","24.85","0","70.00","286294.85","SABD0000000001","AAV1.0.0.11","1.1.2.0","PSt7-10","170328-006","1/4/2020 10:31:52","0000-00","0","no battery","V"
"11/02/2020","12:49:27","1","default","640513929","OXY_CH1","95.076","min","167.945","µmol/L","Humid","22.830","deg","42517","µV","26.499","°C","1018.000","hPa","35.3","pmil","0","55.520","deg","20.000","°C","100.000","%a.s.","21.750","deg","20.000","°C","977.000","hPa","0.861","-0.02617","0.00035","0","0","13.56","Humid","24.85","0","70.00","286303.12","SABD0000000001","AAV1.0.0.11","1.1.2.0","PSt7-10","170328-006","1/4/2020 10:31:52","0000-00","0","no battery","V"
"11/02/2020","12:49:28","1","default","640513929","OXY_CH1","95.092","min","167.875","µmol/L","Humid","22.836","deg","42519","µV","26.496","°C","1018.000","hPa","35.3","pmil","0","55.520","deg","20.000","°C","100.000","%a.s.","21.750","deg","20.000","°C","977.000","hPa","0.861","-0.02617","0.00035","0","0","13.56","Humid","24.85","0","70.00","286293.01","SABD0000000001","AAV1.0.0.11","1.1.2.0","PSt7-10","170328-006","1/4/2020 10:31:52","0000-00","0","no battery","V"
"11/02/2020","12:49:29","1","default","640513929","OXY_CH1","95.109","min","167.939","µmol/L","Humid","22.830","deg","42518","µV","26.501","°C","1018.000","hPa","35.3","pmil","0","55.520","deg","20.000","°C","100.000","%a.s.","21.750","deg","20.000","°C","977.000","hPa","0.861","-0.02617","0.00035","0","0","13.56","Humid","24.85","0","70.00","286286.60","SABD0000000001","AAV1.0.0.11","1.1.2.0","PSt7-10","170328-006","1/4/2020 10:31:52","0000-00","0","no battery","V"
"11/02/2020","12:49:30","1","default","640513929","OXY_CH1","95.125","min","167.905","µmol/L","Humid","22.831","deg","42523","µV","26.504","°C","1018.000","hPa","35.3","pmil","0","55.520","deg","20.000","°C","100.000","%a.s.","21.750","deg","20.000","°C","977.000","hPa","0.861","-0.02617","0.00035","0","0","13.56","Humid","24.85","0","70.00","286291.61","SABD0000000001","AAV1.0.0.11","1.1.2.0","PSt7-10","170328-006","1/4/2020 10:31:52","0000-00","0","no battery","V"
"11/02/2020","12:49:31","1","default","640513929","OXY_CH1","95.142","min","168.022","µmol/L","Humid","22.825","deg","42517","µV","26.498","°C","1018.000","hPa","35.3","pmil","0","55.520","deg","20.000","°C","100.000","%a.s.","21.750","deg","20.000","°C","977.000","hPa","0.861","-0.02617","0.00035","0","0","13.56","Humid","24.85","0","70.00","286292.54","SABD0000000001","AAV1.0.0.11","1.1.2.0","PSt7-10","170328-006","1/4/2020 10:31:52","0000-00","0","no battery","V"
"11/02/2020","12:49:32","1","default","640513929","OXY_CH1","95.159","min","168.011","µmol/L","Humid","22.826","deg","42513","µV","26.497","°C","1018.000","hPa","35.3","pmil","0","55.520","deg","20.000","°C","100.000","%a.s.","21.750","deg","20.000","°C","977.000","hPa","0.861","-0.02617","0.00035","0","0","13.56","Humid","24.85","0","70.00","286303.59","SABD0000000001","AAV1.0.0.11","1.1.2.0","PSt7-10","170328-006","1/4/2020 10:31:52","0000-00","0","no battery","V"
"11/02/2020","12:49:33","1","default","640513929","OXY_CH1","95.175","min","167.817","µmol/L","Humid","22.835","deg","42511","µV","26.511","°C","1018.000","hPa","35.3","pmil","0","55.520","deg","20.000","°C","100.000","%a.s.","21.750","deg","20.000","°C","977.000","hPa","0.861","-0.02617","0.00035","0","0","13.56","Humid","24.85","0","70.00","286293.26","SABD0000000001","AAV1.0.0.11","1.1.2.0","PSt7-10","170328-006","1/4/2020 10:31:52","0000-00","0","no battery","V"
"11/02/2020","12:49:34","1","default","640513929","OXY_CH1","95.192","min","167.957","µmol/L","Humid","22.830","deg","42511","µV","26.497","°C","1018.000","hPa","35.3","pmil","0","55.520","deg","20.000","°C","100.000","%a.s.","21.750","deg","20.000","°C","977.000","hPa","0.861","-0.02617","0.00035","0","0","13.56","Humid","24.85","0","70.00","286292.83","SABD0000000001","AAV1.0.0.11","1.1.2.0","PSt7-10","170328-006","1/4/2020 10:31:52","0000-00","0","no battery","V"
"11/02/2020","12:49:35","1","default","640513929","OXY_CH1","95.209","min","167.920","µmol/L","Humid","22.836","deg","42508","µV","26.487","°C","1018.000","hPa","35.3","pmil","0","55.520","deg","20.000","°C","100.000","%a.s.","21.750","deg","20.000","°C","977.000","hPa","0.861","-0.02617","0.00035","0","0","13.56","Humid","24.85","0","70.00","286293.27","SABD0000000001","AAV1.0.0.11","1.1.2.0","PSt7-10","170328-006","1/4/2020 10:31:52","0000-00","0","no battery","V"
"11/02/2020","12:49:36","1","default","640513929","OXY_CH1","95.226","min","168.049","µmol/L","Humid","22.824","deg","42505","µV","26.496","°C","1018.000","hPa","35.3","pmil","0","55.520","deg","20.000","°C","100.000","%a.s.","21.750","deg","20.000","°C","977.000","hPa","0.861","-0.02617","0.00035","0","0","13.56","Humid","24.85","0","70.00","286299.88","SABD0000000001","AAV1.0.0.11","1.1.2.0","PSt7-10","170328-006","1/4/2020 10:31:52","0000-00","0","no battery","V"
"11/02/2020","12:49:37","1","default","640513929","OXY_CH1","95.242","min","168.130","µmol/L","Humid","22.816","deg","42508","µV","26.502","°C","1018.000","hPa","35.3","pmil","0","55.520","deg","20.000","°C","100.000","%a.s.","21.750","deg","20.000","°C","977.000","hPa","0.861","-0.02617","0.00035","0","0","13.56","Humid","24.85","0","70.00","286295.47","SABD0000000001","AAV1.0.0.11","1.1.2.0","PSt7-10","170328-006","1/4/2020 10:31:52","0000-00","0","no battery","V"
"11/02/2020","12:49:38","1","default","640513929","OXY_CH1","95.259","min","168.007","µmol/L","Humid","22.826","deg","42502","µV","26.498","°C","1018.000","hPa","35.3","pmil","0","55.520","deg","20.000","°C","100.000","%a.s.","21.750","deg","20.000","°C","977.000","hPa","0.861","-0.02617","0.00035","0","0","13.56","Humid","24.85","0","70.00","286297.05","SABD0000000001","AAV1.0.0.11","1.1.2.0","PSt7-10","170328-006","1/4/2020 10:31:52","0000-00","0","no battery","V"
"11/02/2020","12:49:39","1","default","640513929","OXY_CH1","95.275","min","168.105","µmol/L","Humid","22.821","deg","42499","µV","26.493","°C","1018.000","hPa","35.3","pmil","0","55.520","deg","20.000","°C","100.000","%a.s.","21.750","deg","20.000","°C","977.000","hPa","0.861","-0.02617","0.00035","0","0","13.56","Humid","24.85","0","70.00","286290.46","SABD0000000001","AAV1.0.0.11","1.1.2.0","PSt7-10","170328-006","1/4/2020 10:31:52","0000-00","0","no battery","V"
"11/02/2020","12:49:40","1","default","640513929","OXY_CH1","95.292","min","168.087","µmol/L","Humid","22.823","deg","42501","µV","26.491","°C","1018.000","hPa","35.3","pmil","0","55.520","deg","20.000","°C","100.000","%a.s.","21.750","deg","20.000","°C","977.000","hPa","0.861","-0.02617","0.00035","0","0","13.56","Humid","24.85","0","70.00","286298.53","SABD0000000001","AAV1.0.0.11","1.1.2.0","PSt7-10","170328-006","1/4/2020 10:31:52","0000-00","0","no battery","V"
"11/02/2020","12:49:41","1","default","640513929","OXY_CH1","95.308","min","168.210","µmol/L","Humid","22.818","deg","42492","µV","26.480","°C","1018.000","hPa","35.3","pmil","0","55.520","deg","20.000","°C","100.000","%a.s.","21.750","deg","20.000","°C","977.000","hPa","0.861","-0.02617","0.00035","0","0","13.56","Humid","24.85","0","70.00","286298.27","SABD0000000001","AAV1.0.0.11","1.1.2.0","PSt7-10","170328-006","1/4/2020 10:31:52","0000-00","0","no battery","V"
"11/02/2020","12:49:42","1","default","640513929","OXY_CH1","95.325","min","167.938","µmol/L","Humid","22.830","deg","42498","µV","26.501","°C","1018.000","hPa","35.3","pmil","0","55.520","deg","20.000","°C","100.000","%a.s.","21.750","deg","20.000","°C","977.000","hPa","0.861","-0.02617","0.00035","0","0","13.56","Humid","24.85","0","70.00","286285.31","SABD0000000001","AAV1.0.0.11","1.1.2.0","PSt7-10","170328-006","1/4/2020 10:31:52","0000-00","0","no battery","V"
"11/02/2020","12:49:43","1","default","640513929","OXY_CH1","95.342","min","168.044","µmol/L","Humid","22.823","deg","42498","µV","26.500","°C","1018.000","hPa","35.3","pmil","0","55.520","deg","20.000","°C","100.000","%a.s.","21.750","deg","20.000","°C","977.000","hPa","0.861","-0.02617","0.00035","0","0","13.56","Humid","24.85","0","70.00","286296.14","SABD0000000001","AAV1.0.0.11","1.1.2.0","PSt7-10","170328-006","1/4/2020 10:31:52","0000-00","0","no battery","V"
"11/02/2020","12:49:44","1","default","640513929","OXY_CH1","95.359","min","168.109","µmol/L","Humid","22.822","deg","42495","µV","26.489","°C","1018.000","hPa","35.3","pmil","0","55.520","deg","20.000","°C","100.000","%a.s.","21.750","deg","20.000","°C","977.000","hPa","0.861","-0.02617","0.00035","0","0","13.56","Humid","24.85","0","70.00","286286.23","SABD0000000001","AAV1.0.0.11","1.1.2.0","PSt7-10","170328-006","1/4/2020 10:31:52","0000-00","0","no battery","V"
"11/02/2020","12:49:45","1","default","640513929","OXY_CH1","95.375","min","168.165","µmol/L","Humid","22.820","deg","42487","µV","26.484","°C","1018.000","hPa","35.3","pmil","0","55.520","deg","20.000","°C","100.000","%a.s.","21.750","deg","20.000","°C","977.000","hPa","0.861","-0.02617","0.00035","0","0","13.56","Humid","24.85","0","70.00","286291.05","SABD0000000001","AAV1.0.0.11","1.1.2.0","PSt7-10","170328-006","1/4/2020 10:31:52","0000-00","0","no battery","V"
"11/02/2020","12:49:46","1","default","640513929","OXY_CH1","95.392","min","168.009","µmol/L","Humid","22.822","deg","42484","µV","26.510","°C","1018.000","hPa","35.3","pmil","0","55.520","deg","20.000","°C","100.000","%a.s.","21.750","deg","20.000","°C","977.000","hPa","0.861","-0.02617","0.00035","0","0","13.56","Humid","24.85","0","70.00","286292.63","SABD0000000001","AAV1.0.0.11","1.1.2.0","PSt7-10","170328-006","1/4/2020 10:31:52","0000-00","0","no battery","V"
"11/02/2020","12:49:47","1","default","640513929","OXY_CH1","95.409","min","168.170","µmol/L","Humid","22.815","deg","42482","µV","26.497","°C","1018.000","hPa","35.3","pmil","0","55.520","deg","20.000","°C","100.000","%a.s.","21.750","deg","20.000","°C","977.000","hPa","0.861","-0.02617","0.00035","0","0","13.56","Humid","24.85","0","70.00","286290.67","SABD0000000001","AAV1.0.0.11","1.1.2.0","PSt7-10","170328-006","1/4/2020 10:31:52","0000-00","0","no battery","V"
"11/02/2020","12:49:48","1","default","640513929","OXY_CH1","95.426","min","168.094","µmol/L","Humid","22.818","deg","42484","µV","26.504","°C","1018.000","hPa","35.3","pmil","0","55.520","deg","20.000","°C","100.000","%a.s.","21.750","deg","20.000","°C","977.000","hPa","0.861","-0.02617","0.00035","0","0","13.56","Humid","24.85","0","70.00","286287.75","SABD0000000001","AAV1.0.0.11","1.1.2.0","PSt7-10","170328-006","1/4/2020 10:31:52","0000-00","0","no battery","V"
"11/02/2020","12:49:49","1","default","640513929","OXY_CH1","95.442","min","168.101","µmol/L","Humid","22.816","deg","42480","µV","26.508","°C","1018.000","hPa","35.3","pmil","0","55.520","deg","20.000","°C","100.000","%a.s.","21.750","deg","20.000","°C","977.000","hPa","0.861","-0.02617","0.00035","0","0","13.56","Humid","24.85","0","70.00","286278.28","SABD0000000001","AAV1.0.0.11","1.1.2.0","PSt7-10","170328-006","1/4/2020 10:31:52","0000-00","0","no battery","V"
"11/02/2020","12:49:50","1","default","640513929","OXY_CH1","95.459","min","168.203","µmol/L","Humid","22.813","deg","42477","µV","26.496","°C","1018.000","hPa","35.3","pmil","0","55.520","deg","20.000","°C","100.000","%a.s.","21.750","deg","20.000","°C","977.000","hPa","0.861","-0.02617","0.00035","0","0","13.56","Humid","24.85","0","70.00","286282.77","SABD0000000001","AAV1.0.0.11","1.1.2.0","PSt7-10","170328-006","1/4/2020 10:31:52","0000-00","0","no battery","V"
"11/02/2020","12:49:51","1","default","640513929","OXY_CH1","95.475","min","168.131","µmol/L","Humid","22.818","deg","42486","µV","26.496","°C","1018.000","hPa","35.3","pmil","0","55.520","deg","20.000","°C","100.000","%a.s.","21.750","deg","20.000","°C","977.000","hPa","0.861","-0.02617","0.00035","0","0","13.56","Humid","24.85","0","70.00","286288.01","SABD0000000001","AAV1.0.0.11","1.1.2.0","PSt7-10","170328-006","1/4/2020 10:31:52","0000-00","0","no battery","V"
"11/02/2020","12:49:52","1","default","640513929","OXY_CH1","95.492","min","168.129","µmol/L","Humid","22.817","deg","42489","µV","26.500","°C","1018.000","hPa","35.3","pmil","0","55.520","deg","20.000","°C","100.000","%a.s.","21.750","deg","20.000","°C","977.000","hPa","0.861","-0.02617","0.00035","0","0","13.56","Humid","24.85","0","70.00","286286.87","SABD0000000001","AAV1.0.0.11","1.1.2.0","PSt7-10","170328-006","1/4/2020 10:31:52","0000-00","0","no battery","V"
"11/02/2020","12:49:53","1","default","640513929","OXY_CH1","95.508","min","168.116","µmol/L","Humid","22.821","deg","42488","µV","26.491","°C","1018.000","hPa","35.3","pmil","0","55.520","deg","20.000","°C","100.000","%a.s.","21.750","deg","20.000","°C","977.000","hPa","0.861","-0.02617","0.00035","0","0","13.56","Humid","24.85","0","70.00","286286.35","SABD0000000001","AAV1.0.0.11","1.1.2.0","PSt7-10","170328-006","1/4/2020 10:31:52","0000-00","0","no battery","V"
"11/02/2020","12:49:54","1","default","640513929","OXY_CH1","95.525","min","168.175","µmol/L","Humid","22.817","deg","42489","µV","26.490","°C","1018.000","hPa","35.3","pmil","0","55.520","deg","20.000","°C","100.000","%a.s.","21.750","deg","20.000","°C","977.000","hPa","0.861","-0.02617","0.00035","0","0","13.56","Humid","24.85","0","70.00","286296.85","SABD0000000001","AAV1.0.0.11","1.1.2.0","PSt7-10","170328-006","1/4/2020 10:31:52","0000-00","0","no battery","V"
"11/02/2020","12:49:55","1","default","640513929","OXY_CH1","95.542","min","168.348","µmol/L","Humid","22.806","deg","42481","µV","26.487","°C","1018.000","hPa","35.3","pmil","0","55.520","deg","20.000","°C","100.000","%a.s.","21.750","deg","20.000","°C","977.000","hPa","0.861","-0.02617","0.00035","0","0","13.56","Humid","24.85","0","70.00","286290.11","SABD0000000001","AAV1.0.0.11","1.1.2.0","PSt7-10","170328-006","1/4/2020 10:31:52","0000-00","0","no battery","V"
"11/02/2020","12:49:56","1","default","640513929","OXY_CH1","95.559","min","168.188","µmol/L","Humid","22.813","deg","42484","µV","26.499","°C","1018.000","hPa","35.3","pmil","0","55.520","deg","20.000","°C","100.000","%a.s.","21.750","deg","20.000","°C","977.000","hPa","0.861","-0.02617","0.00035","0","0","13.56","Humid","24.85","0","70.00","286283.34","SABD0000000001","AAV1.0.0.11","1.1.2.0","PSt7-10","170328-006","1/4/2020 10:31:52","0000-00","0","no battery","V"
"11/02/2020","12:49:57","1","default","640513929","OXY_CH1","95.576","min","168.139","µmol/L","Humid","22.815","deg","42487","µV","26.503","°C","1018.000","hPa","35.3","pmil","0","55.520","deg","20.000","°C","100.000","%a.s.","21.750","deg","20.000","°C","977.000","hPa","0.861","-0.02617","0.00035","0","0","13.56","Humid","24.85","0","70.00","286289.53","SABD0000000001","AAV1.0.0.11","1.1.2.0","PSt7-10","170328-006","1/4/2020 10:31:52","0000-00","0","no battery","V"
"11/02/2020","12:49:58","1","default","640513929","OXY_CH1","95.592","min","168.335","µmol/L","Humid","22.808","deg","42481","µV","26.484","°C","1018.000","hPa","35.3","pmil","0","55.520","deg","20.000","°C","100.000","%a.s.","21.750","deg","20.000","°C","977.000","hPa","0.861","-0.02617","0.00035","0","0","13.56","Humid","24.85","0","70.00","286290.38","SABD0000000001","AAV1.0.0.11","1.1.2.0","PSt7-10","170328-006","1/4/2020 10:31:52","0000-00","0","no battery","V"
"11/02/2020","12:49:59","1","default","640513929","OXY_CH1","95.609","min","168.248","µmol/L","Humid","22.809","deg","42485","µV","26.499","°C","1018.000","hPa","35.3","pmil","0","55.520","deg","20.000","°C","100.000","%a.s.","21.750","deg","20.000","°C","977.000","hPa","0.861","-0.02617","0.00035","0","0","13.56","Humid","24.85","0","70.00","286272.13","SABD0000000001","AAV1.0.0.11","1.1.2.0","PSt7-10","170328-006","1/4/2020 10:31:52","0000-00","0","no battery","V"
"11/02/2020","12:50:00","1","default","640513929","OXY_CH1","95.626","min","168.270","µmol/L","Humid","22.811","deg","42484","µV","26.488","°C","1018.000","hPa","35.3","pmil","0","55.520","deg","20.000","°C","100.000","%a.s.","21.750","deg","20.000","°C","977.000","hPa","0.861","-0.02617","0.00035","0","0","13.56","Humid","24.85","0","70.00","286283.51","SABD0000000001","AAV1.0.0.11","1.1.2.0","PSt7-10","170328-006","1/4/2020 10:31:52","0000-00","0","no battery","V"
"11/02/2020","12:50:01","1","default","640513929","OXY_CH1","95.642","min","168.229","µmol/L","Humid","22.811","deg","42482","µV","26.497","°C","1018.000","hPa","35.3","pmil","0","55.520","deg","20.000","°C","100.000","%a.s.","21.750","deg","20.000","°C","977.000","hPa","0.861","-0.02617","0.00035","0","0","13.56","Humid","24.85","0","70.00","286280.77","SABD0000000001","AAV1.0.0.11","1.1.2.0","PSt7-10","170328-006","1/4/2020 10:31:52","0000-00","0","no battery","V"
"11/02/2020","12:50:02","1","default","640513929","OXY_CH1","95.659","min","168.319","µmol/L","Humid","22.807","deg","42483","µV","26.490","°C","1018.000","hPa","35.3","pmil","0","55.520","deg","20.000","°C","100.000","%a.s.","21.750","deg","20.000","°C","977.000","hPa","0.861","-0.02617","0.00035","0","0","13.56","Humid","24.85","0","70.00","286284.10","SABD0000000001","AAV1.0.0.11","1.1.2.0","PSt7-10","170328-006","1/4/2020 10:31:52","0000-00","0","no battery","V"
"11/02/2020","12:50:03","1","default","640513929","OXY_CH1","95.675","min","168.353","µmol/L","Humid","22.806","deg","42485","µV","26.486","°C","1018.000","hPa","35.3","pmil","0","55.520","deg","20.000","°C","100.000","%a.s.","21.750","deg","20.000","°C","977.000","hPa","0.861","-0.02617","0.00035","0","0","13.56","Humid","24.85","0","70.00","286269.53","SABD0000000001","AAV1.0.0.11","1.1.2.0","PSt7-10","170328-006","1/4/2020 10:31:52","0000-00","0","no battery","V"
"11/02/2020","12:50:04","1","default","640513929","OXY_CH1","95.692","min","168.516","µmol/L","Humid","22.796","deg","42476","µV","26.482","°C","1018.000","hPa","35.3","pmil","0","55.520","deg","20.000","°C","100.000","%a.s.","21.750","deg","20.000","°C","977.000","hPa","0.861","-0.02617","0.00035","0","0","13.56","Humid","24.85","0","70.00","286276.15","SABD0000000001","AAV1.0.0.11","1.1.2.0","PSt7-10","170328-006","1/4/2020 10:31:52","0000-00","0","no battery","V"
"11/02/2020","12:50:05","1","default","640513929","OXY_CH1","95.709","min","168.293","µmol/L","Humid","22.806","deg","42479","µV","26.498","°C","1018.000","hPa","35.3","pmil","0","55.520","deg","20.000","°C","100.000","%a.s.","21.750","deg","20.000","°C","977.000","hPa","0.861","-0.02617","0.00035","0","0","13.56","Humid","24.85","0","70.00","286273.47","SABD0000000001","AAV1.0.0.11","1.1.2.0","PSt7-10","170328-006","1/4/2020 10:31:52","0000-00","0","no battery","V"
"11/02/2020","12:50:06","1","default","640513929","OXY_CH1","95.725","min","168.348","µmol/L","Humid","22.803","deg","42479","µV","26.496","°C","1018.000","hPa","35.3","pmil","0","55.520","deg","20.000","°C","100.000","%a.s.","21.750","deg","20.000","°C","977.000","hPa","0.861","-0.02617","0.00035","0","0","13.56","Humid","24.85","0","70.00","286283.48","SABD0000000001","AAV1.0.0.11","1.1.2.0","PSt7-10","170328-006","1/4/2020 10:31:52","0000-00","0","no battery","V"
"11/02/2020","12:50:07","1","default","640513929","OXY_CH1","95.742","min","168.232","µmol/L","Humid","22.807","deg","42484","µV","26.508","°C","1018.000","hPa","35.3","pmil","0","55.520","deg","20.000","°C","100.000","%a.s.","21.750","deg","20.000","°C","977.000","hPa","0.861","-0.02617","0.00035","0","0","13.56","Humid","24.85","0","70.00","286285.16","SABD0000000001","AAV1.0.0.11","1.1.2.0","PSt7-10","170328-006","1/4/2020 10:31:52","0000-00","0","no battery","V"
"11/02/2020","12:50:08","1","default","640513929","OXY_CH1","95.759","min","168.420","µmol/L","Humid","22.798","deg","42473","µV","26.496","°C","1018.000","hPa","35.3","pmil","0","55.520","deg","20.000","°C","100.000","%a.s.","21.750","deg","20.000","°C","977.000","hPa","0.861","-0.02617","0.00035","0","0","13.56","Humid","24.85","0","70.00","286285.19","SABD0000000001","AAV1.0.0.11","1.1.2.0","PSt7-10","170328-006","1/4/2020 10:31:52","0000-00","0","no battery","V"
"11/02/2020","12:50:09","1","default","640513929","OXY_CH1","95.776","min","168.230","µmol/L","Humid","22.809","deg","42474","µV","26.502","°C","1018.000","hPa","35.3","pmil","0","55.520","deg","20.000","°C","100.000","%a.s.","21.750","deg","20.000","°C","977.000","hPa","0.861","-0.02617","0.00035","0","0","13.56","Humid","24.85","0","70.00","286278.38","SABD0000000001","AAV1.0.0.11","1.1.2.0","PSt7-10","170328-006","1/4/2020 10:31:52","0000-00","0","no battery","V"
"11/02/2020","12:50:10","1","default","640513929","OXY_CH1","95.792","min","168.338","µmol/L","Humid","22.800","deg","42479","µV","26.507","°C","1018.000","hPa","35.3","pmil","0","55.520","deg","20.000","°C","100.000","%a.s.","21.750","deg","20.000","°C","977.000","hPa","0.861","-0.02617","0.00035","0","0","13.56","Humid","24.85","0","70.00","286281.09","SABD0000000001","AAV1.0.0.11","1.1.2.0","PSt7-10","170328-006","1/4/2020 10:31:52","0000-00","0","no battery","V"
"11/02/2020","12:50:11","1","default","640513929","OXY_CH1","95.809","min","168.377","µmol/L","Humid","22.799","deg","42466","µV","26.502","°C","1018.000","hPa","35.3","pmil","0","55.520","deg","20.000","°C","100.000","%a.s.","21.750","deg","20.000","°C","977.000","hPa","0.861","-0.02617","0.00035","0","0","13.56","Humid","24.85","0","70.00","286279.78","SABD0000000001","AAV1.0.0.11","1.1.2.0","PSt7-10","170328-006","1/4/2020 10:31:52","0000-00","0","no battery","V"
"11/02/2020","12:50:12","1","default","640513929","OXY_CH1","95.825","min","168.406","µmol/L","Humid","22.799","deg","42469","µV","26.496","°C","1018.000","hPa","35.3","pmil","0","55.520","deg","20.000","°C","100.000","%a.s.","21.750","deg","20.000","°C","977.000","hPa","0.861","-0.02617","0.00035","0","0","13.56","Humid","24.85","0","70.00","286283.96","SABD0000000001","AAV1.0.0.11","1.1.2.0","PSt7-10","170328-006","1/4/2020 10:31:52","0000-00","0","no battery","V"
"11/02/2020","12:50:13","1","default","640513929","OXY_CH1","95.842","min","168.536","µmol/L","Humid","22.793","deg","42468","µV","26.487","°C","1018.000","hPa","35.3","pmil","0","55.520","deg","20.000","°C","100.000","%a.s.","21.750","deg","20.000","°C","977.000","hPa","0.861","-0.02617","0.00035","0","0","13.56","Humid","24.85","0","70.00","286271.80","SABD0000000001","AAV1.0.0.11","1.1.2.0","PSt7-10","170328-006","1/4/2020 10:31:52","0000-00","0","no battery","V"
"11/02/2020","12:50:14","1","default","640513929","OXY_CH1","95.858","min","168.388","µmol/L","Humid","22.799","deg","42469","µV","26.499","°C","1018.000","hPa","35.3","pmil","0","55.520","deg","20.000","°C","100.000","%a.s.","21.750","deg","20.000","°C","977.000","hPa","0.861","-0.02617","0.00035","0","0","13.56","Humid","24.85","0","70.00","286273.90","SABD0000000001","AAV1.0.0.11","1.1.2.0","PSt7-10","170328-006","1/4/2020 10:31:52","0000-00","0","no battery","V"
"11/02/2020","12:50:15","1","default","640513929","OXY_CH1","95.875","min","168.490","µmol/L","Humid","22.792","deg","42469","µV","26.499","°C","1018.000","hPa","35.3","pmil","0","55.520","deg","20.000","°C","100.000","%a.s.","21.750","deg","20.000","°C","977.000","hPa","0.861","-0.02617","0.00035","0","0","13.56","Humid","24.85","0","70.00","286276.63","SABD0000000001","AAV1.0.0.11","1.1.2.0","PSt7-10","170328-006","1/4/2020 10:31:52","0000-00","0","no battery","V"
"11/02/2020","12:50:16","1","default","640513929","OXY_CH1","95.892","min","168.497","µmol/L","Humid","22.793","deg","42453","µV","26.495","°C","1018.000","hPa","35.3","pmil","0","55.520","deg","20.000","°C","100.000","%a.s.","21.750","deg","20.000","°C","977.000","hPa","0.861","-0.02617","0.00035","0","0","13.56","Humid","24.85","0","70.00","286281.09","SABD0000000001","AAV1.0.0.11","1.1.2.0","PSt7-10","170328-006","1/4/2020 10:31:52","0000-00","0","no battery","V"
"11/02/2020","12:50:17","1","default","640513929","OXY_CH1","95.908","min","168.435","µmol/L","Humid","22.795","deg","42460","µV","26.501","°C","1018.000","hPa","35.3","pmil","0","55.520","deg","20.000","°C","100.000","%a.s.","21.750","deg","20.000","°C","977.000","hPa","0.861","-0.02617","0.00035","0","0","13.56","Humid","24.85","0","70.00","286275.55","SABD0000000001","AAV1.0.0.11","1.1.2.0","PSt7-10","170328-006","1/4/2020 10:31:52","0000-00","0","no battery","V"
"11/02/2020","12:50:18","1","default","640513929","OXY_CH1","95.925","min","168.475","µmol/L","Humid","22.796","deg","42455","µV","26.490","°C","1018.000","hPa","35.3","pmil","0","55.520","deg","20.000","°C","100.000","%a.s.","21.750","deg","20.000","°C","977.000","hPa","0.861","-0.02617","0.00035","0","0","13.56","Humid","24.85","0","70.00","286271.47","SABD0000000001","AAV1.0.0.11","1.1.2.0","PSt7-10","170328-006","1/4/2020 10:31:52","0000-00","0","no battery","V"
"11/02/2020","12:50:19","1","default","640513929","OXY_CH1","95.942","min","168.499","µmol/L","Humid","22.796","deg","42459","µV","26.485","°C","1018.000","hPa","35.3","pmil","0","55.520","deg","20.000","°C","100.000","%a.s.","21.750","deg","20.000","°C","977.000","hPa","0.861","-0.02617","0.00035","0","0","13.56","Humid","24.85","0","70.00","286278.20","SABD0000000001","AAV1.0.0.11","1.1.2.0","PSt7-10","170328-006","1/4/2020 10:31:52","0000-00","0","no battery","V"
"11/02/2020","12:50:20","1","default","640513929","OXY_CH1","95.959","min","168.571","µmol/L","Humid","22.788","deg","42456","µV","26.494","°C","1018.000","hPa","35.3","pmil","0","55.520","deg","20.000","°C","100.000","%a.s.","21.750","deg","20.000","°C","977.000","hPa","0.861","-0.02617","0.00035","0","0","13.56","Humid","24.85","0","70.00","286278.26","SABD0000000001","AAV1.0.0.11","1.1.2.0","PSt7-10","170328-006","1/4/2020 10:31:52","0000-00","0","no battery","V"
"11/02/2020","12:50:21","1","default","640513929","OXY_CH1","95.975","min","168.636","µmol/L","Humid","22.783","deg","42456","µV","26.496","°C","1018.000","hPa","35.3","pmil","0","55.520","deg","20.000","°C","100.000","%a.s.","21.750","deg","20.000","°C","977.000","hPa","0.861","-0.02617","0.00035","0","0","13.56","Humid","24.85","0","70.00","286278.03","SABD0000000001","AAV1.0.0.11","1.1.2.0","PSt7-10","170328-006","1/4/2020 10:31:52","0000-00","0","no battery","V"
"11/02/2020","12:50:22","1","default","640513929","OXY_CH1","95.992","min","168.508","µmol/L","Humid","22.792","deg","42456","µV","26.495","°C","1018.000","hPa","35.3","pmil","0","55.520","deg","20.000","°C","100.000","%a.s.","21.750","deg","20.000","°C","977.000","hPa","0.861","-0.02617","0.00035","0","0","13.56","Humid","24.85","0","70.00","286272.42","SABD0000000001","AAV1.0.0.11","1.1.2.0","PSt7-10","170328-006","1/4/2020 10:31:52","0000-00","0","no battery","V"
"11/02/2020","12:50:23","1","default","640513929","OXY_CH1","96.009","min","168.446","µmol/L","Humid","22.796","deg","42457","µV","26.496","°C","1018.000","hPa","35.3","pmil","0","55.520","deg","20.000","°C","100.000","%a.s.","21.750","deg","20.000","°C","977.000","hPa","0.861","-0.02617","0.00035","0","0","13.56","Humid","24.85","0","70.00","286279.64","SABD0000000001","AAV1.0.0.11","1.1.2.0","PSt7-10","170328-006","1/4/2020 10:31:52","0000-00","0","no battery","V"
"11/02/2020","12:50:24","1","default","640513929","OXY_CH1","96.025","min","168.482","µmol/L","Humid","22.794","deg","42454","µV","26.495","°C","1018.000","hPa","35.3","pmil","0","55.520","deg","20.000","°C","100.000","%a.s.","21.750","deg","20.000","°C","977.000","hPa","0.861","-0.02617","0.00035","0","0","13.56","Humid","24.85","0","70.00","286258.46","SABD0000000001","AAV1.0.0.11","1.1.2.0","PSt7-10","170328-006","1/4/2020 10:31:52","0000-00","0","no battery","V"
"11/02/2020","12:50:25","1","default","640513929","OXY_CH1","96.042","min","168.617","µmol/L","Humid","22.780","deg","42454","µV","26.508","°C","1018.000","hPa","35.3","pmil","0","55.520","deg","20.000","°C","100.000","%a.s.","21.750","deg","20.000","°C","977.000","hPa","0.861","-0.02617","0.00035","0","0","13.56","Humid","24.85","0","70.00","286276.00","SABD0000000001","AAV1.0.0.11","1.1.2.0","PSt7-10","170328-006","1/4/2020 10:31:52","0000-00","0","no battery","V"
"11/02/2020","12:50:26","1","default","640513929","OXY_CH1","96.059","min","168.514","µmol/L","Humid","22.787","deg","42441","µV","26.509","°C","1018.000","hPa","35.3","pmil","0","55.520","deg","20.000","°C","100.000","%a.s.","21.750","deg","20.000","°C","977.000","hPa","0.861","-0.02617","0.00035","0","0","13.56","Humid","24.85","0","70.00","286270.70","SABD0000000001","AAV1.0.0.11","1.1.2.0","PSt7-10","170328-006","1/4/2020 10:31:52","0000-00","0","no battery","V"
"11/02/2020","12:50:27","1","default","640513929","OXY_CH1","96.076","min","168.506","µmol/L","Humid","22.792","deg","42443","µV","26.496","°C","1018.000","hPa","35.3","pmil","0","55.520","deg","20.000","°C","100.000","%a.s.","21.750","deg","20.000","°C","977.000","hPa","0.861","-0.02617","0.00035","0","0","13.56","Humid","24.85","0","70.00","286272.03","SABD0000000001","AAV1.0.0.11","1.1.2.0","PSt7-10","170328-006","1/4/2020 10:31:52","0000-00","0","no battery","V"
"11/02/2020","12:50:28","1","default","640513929","OXY_CH1","96.092","min","168.605","µmol/L","Humid","22.786","deg","42440","µV","26.493","°C","1018.000","hPa","35.3","pmil","0","55.520","deg","20.000","°C","100.000","%a.s.","21.750","deg","20.000","°C","977.000","hPa","0.861","-0.02617","0.00035","0","0","13.56","Humid","24.85","0","70.00","286271.24","SABD0000000001","AAV1.0.0.11","1.1.2.0","PSt7-10","170328-006","1/4/2020 10:31:52","0000-00","0","no battery","V"
"11/02/2020","12:50:29","1","default","640513929","OXY_CH1","96.109","min","168.516","µmol/L","Humid","22.788","deg","42440","µV","26.506","°C","1018.000","hPa","35.3","pmil","0","55.520","deg","20.000","°C","100.000","%a.s.","21.750","deg","20.000","°C","977.000","hPa","0.861","-0.02617","0.00035","0","0","13.56","Humid","24.85","0","70.00","286267.27","SABD0000000001","AAV1.0.0.11","1.1.2.0","PSt7-10","170328-006","1/4/2020 10:31:52","0000-00","0","no battery","V"
"11/02/2020","12:50:30","1","default","640513929","OXY_CH1","96.125","min","168.617","µmol/L","Humid","22.782","deg","42436","µV","26.502","°C","1018.000","hPa","35.3","pmil","0","55.520","deg","20.000","°C","100.000","%a.s.","21.750","deg","20.000","°C","977.000","hPa","0.861","-0.02617","0.00035","0","0","13.56","Humid","24.85","0","70.00","286275.27","SABD0000000001","AAV1.0.0.11","1.1.2.0","PSt7-10","170328-006","1/4/2020 10:31:52","0000-00","0","no battery","V"
"11/02/2020","12:50:31","1","default","640513929","OXY_CH1","96.142","min","168.799","µmol/L","Humid","22.778","deg","42441","µV","26.477","°C","1018.000","hPa","35.3","pmil","0","55.520","deg","20.000","°C","100.000","%a.s.","21.750","deg","20.000","°C","977.000","hPa","0.861","-0.02617","0.00035","0","0","13.56","Humid","24.85","0","70.00","286276.62","SABD0000000001","AAV1.0.0.11","1.1.2.0","PSt7-10","170328-006","1/4/2020 10:31:52","0000-00","0","no battery","V"
"11/02/2020","12:50:32","1","default","640513929","OXY_CH1","96.158","min","168.673","µmol/L","Humid","22.779","deg","42434","µV","26.500","°C","1018.000","hPa","35.3","pmil","0","55.520","deg","20.000","°C","100.000","%a.s.","21.750","deg","20.000","°C","977.000","hPa","0.861","-0.02617","0.00035","0","0","13.56","Humid","24.85","0","70.00","286258.99","SABD0000000001","AAV1.0.0.11","1.1.2.0","PSt7-10","170328-006","1/4/2020 10:31:52","0000-00","0","no battery","V"
"11/02/2020","12:50:33","1","default","640513929","OXY_CH1","96.175","min","168.538","µmol/L","Humid","22.790","deg","42434","µV","26.495","°C","1018.000","hPa","35.3","pmil","0","55.520","deg","20.000","°C","100.000","%a.s.","21.750","deg","20.000","°C","977.000","hPa","0.861","-0.02617","0.00035","0","0","13.56","Humid","24.85","0","70.00","286260.62","SABD0000000001","AAV1.0.0.11","1.1.2.0","PSt7-10","170328-006","1/4/2020 10:31:52","0000-00","0","no battery","V"
"11/02/2020","12:50:34","1","default","640513929","OXY_CH1","96.192","min","168.718","µmol/L","Humid","22.778","deg","42431","µV","26.494","°C","1018.000","hPa","35.3","pmil","0","55.520","deg","20.000","°C","100.000","%a.s.","21.750","deg","20.000","°C","977.000","hPa","0.861","-0.02617","0.00035","0","0","13.56","Humid","24.85","0","70.00","286275.59","SABD0000000001","AAV1.0.0.11","1.1.2.0","PSt7-10","170328-006","1/4/2020 10:31:52","0000-00","0","no battery","V"
"11/02/2020","12:50:35","1","default","640513929","OXY_CH1","96.209","min","168.630","µmol/L","Humid","22.778","deg","42431","µV","26.511","°C","1018.000","hPa","35.3","pmil","0","55.520","deg","20.000","°C","100.000","%a.s.","21.750","deg","20.000","°C","977.000","hPa","0.861","-0.02617","0.00035","0","0","13.56","Humid","24.85","0","70.00","286261.60","SABD0000000001","AAV1.0.0.11","1.1.2.0","PSt7-10","170328-006","1/4/2020 10:31:52","0000-00","0","no battery","V"
"11/02/2020","12:50:36","1","default","640513929","OXY_CH1","96.225","min","168.580","µmol/L","Humid","22.788","deg","42429","µV","26.492","°C","1018.000","hPa","35.3","pmil","0","55.520","deg","20.000","°C","100.000","%a.s.","21.750","deg","20.000","°C","977.000","hPa","0.861","-0.02617","0.00035","0","0","13.56","Humid","24.85","0","70.00","286261.81","SABD0000000001","AAV1.0.0.11","1.1.2.0","PSt7-10","170328-006","1/4/2020 10:31:52","0000-00","0","no battery","V"
"11/02/2020","12:50:37","1","default","640513929","OXY_CH1","96.242","min","168.751","µmol/L","Humid","22.780","deg","42429","µV","26.481","°C","1018.000","hPa","35.3","pmil","0","55.520","deg","20.000","°C","100.000","%a.s.","21.750","deg","20.000","°C","977.000","hPa","0.861","-0.02617","0.00035","0","0","13.56","Humid","24.85","0","70.00","286261.27","SABD0000000001","AAV1.0.0.11","1.1.2.0","PSt7-10","170328-006","1/4/2020 10:31:52","0000-00","0","no battery","V"
"11/02/2020","12:50:38","1","default","640513929","OXY_CH1","96.259","min","168.694","µmol/L","Humid","22.781","deg","42421","µV","26.490","°C","1018.000","hPa","35.3","pmil","0","55.520","deg","20.000","°C","100.000","%a.s.","21.750","deg","20.000","°C","977.000","hPa","0.861","-0.02617","0.00035","0","0","13.56","Humid","24.85","0","70.00","286268.92","SABD0000000001","AAV1.0.0.11","1.1.2.0","PSt7-10","170328-006","1/4/2020 10:31:52","0000-00","0","no battery","V"
"11/02/2020","12:50:39","1","default","640513929","OXY_CH1","96.276","min","168.721","µmol/L","Humid","22.779","deg","42425","µV","26.490","°C","1018.000","hPa","35.3","pmil","0","55.520","deg","20.000","°C","100.000","%a.s.","21.750","deg","20.000","°C","977.000","hPa","0.861","-0.02617","0.00035","0","0","13.56","Humid","24.85","0","70.00","286259.99","SABD0000000001","AAV1.0.0.11","1.1.2.0","PSt7-10","170328-006","1/4/2020 10:31:52","0000-00","0","no battery","V"
"11/02/2020","12:50:40","1","default","640513929","OXY_CH1","96.292","min","168.679","µmol/L","Humid","22.784","deg","42424","µV","26.484","°C","1018.000","hPa","35.3","pmil","0","55.520","deg","20.000","°C","100.000","%a.s.","21.750","deg","20.000","°C","977.000","hPa","0.861","-0.02617","0.00035","0","0","13.56","Humid","24.85","0","70.00","286267.87","SABD0000000001","AAV1.0.0.11","1.1.2.0","PSt7-10","170328-006","1/4/2020 10:31:52","0000-00","0","no battery","V"
"11/02/2020","12:50:41","1","default","640513929","OXY_CH1","96.308","min","168.868","µmol/L","Humid","22.773","deg","42421","µV","26.478","°C","1018.000","hPa","35.3","pmil","0","55.520","deg","20.000","°C","100.000","%a.s.","21.750","deg","20.000","°C","977.000","hPa","0.861","-0.02617","0.00035","0","0","13.56","Humid","24.85","0","70.00","286265.04","SABD0000000001","AAV1.0.0.11","1.1.2.0","PSt7-10","170328-006","1/4/2020 10:31:52","0000-00","0","no battery","V"
"11/02/2020","12:50:42","1","default","640513929","OXY_CH1","96.325","min","168.775","µmol/L","Humid","22.776","deg","42423","µV","26.488","°C","1018.000","hPa","35.3","pmil","0","55.520","deg","20.000","°C","100.000","%a.s.","21.750","deg","20.000","°C","977.000","hPa","0.861","-0.02617","0.00035","0","0","13.56","Humid","24.85","0","70.00","286255.56","SABD0000000001","AAV1.0.0.11","1.1.2.0","PSt7-10","170328-006","1/4/2020 10:31:52","0000-00","0","no battery","V"
"11/02/2020","12:50:43","1","default","640513929","OXY_CH1","96.342","min","168.799","µmol/L","Humid","22.774","deg","42423","µV","26.489","°C","1018.000","hPa","35.3","pmil","0","55.520","deg","20.000","°C","100.000","%a.s.","21.750","deg","20.000","°C","977.000","hPa","0.861","-0.02617","0.00035","0","0","13.56","Humid","24.85","0","70.00","286262.54","SABD0000000001","AAV1.0.0.11","1.1.2.0","PSt7-10","170328-006","1/4/2020 10:31:52","0000-00","0","no battery","V"
"11/02/2020","12:50:44","1","default","640513929","OXY_CH1","96.359","min","168.652","µmol/L","Humid","22.779","deg","42425","µV","26.504","°C","1018.000","hPa","35.3","pmil","0","55.520","deg","20.000","°C","100.000","%a.s.","21.750","deg","20.000","°C","977.000","hPa","0.861","-0.02617","0.00035","0","0","13.56","Humid","24.85","0","70.00","286264.00","SABD0000000001","AAV1.0.0.11","1.1.2.0","PSt7-10","170328-006","1/4/2020 10:31:52","0000-00","0","no battery","V"
"11/02/2020","12:50:45","1","default","640513929","OXY_CH1","96.375","min","168.636","µmol/L","Humid","22.781","deg","42420","µV","26.501","°C","1018.000","hPa","35.3","pmil","0","55.520","deg","20.000","°C","100.000","%a.s.","21.750","deg","20.000","°C","977.000","hPa","0.861","-0.02617","0.00035","0","0","13.56","Humid","24.85","0","70.00","286276.29","SABD0000000001","AAV1.0.0.11","1.1.2.0","PSt7-10","170328-006","1/4/2020 10:31:52","0000-00","0","no battery","V"
"11/02/2020","12:50:46","1","default","640513929","OXY_CH1","96.392","min","168.916","µmol/L","Humid","22.767","deg","42417","µV","26.485","°C","1018.000","hPa","35.3","pmil","0","55.520","deg","20.000","°C","100.000","%a.s.","21.750","deg","20.000","°C","977.000","hPa","0.861","-0.02617","0.00035","0","0","13.56","Humid","24.85","0","70.00","286274.32","SABD0000000001","AAV1.0.0.11","1.1.2.0","PSt7-10","170328-006","1/4/2020 10:31:52","0000-00","0","no battery","V"
"11/02/2020","12:50:47","1","default","640513929","OXY_CH1","96.409","min","168.716","µmol/L","Humid","22.777","deg","42412","µV","26.497","°C","1018.000","hPa","35.3","pmil","0","55.520","deg","20.000","°C","100.000","%a.s.","21.750","deg","20.000","°C","977.000","hPa","0.861","-0.02617","0.00035","0","0","13.56","Humid","24.85","0","70.00","286266.11","SABD0000000001","AAV1.0.0.11","1.1.2.0","PSt7-10","170328-006","1/4/2020 10:31:52","0000-00","0","no battery","V"
"11/02/2020","12:50:48","1","default","640513929","OXY_CH1","96.426","min","168.777","µmol/L","Humid","22.773","deg","42411","µV","26.496","°C","1018.000","hPa","35.3","pmil","0","55.520","deg","20.000","°C","100.000","%a.s.","21.750","deg","20.000","°C","977.000","hPa","0.861","-0.02617","0.00035","0","0","13.56","Humid","24.85","0","70.00","286270.66","SABD0000000001","AAV1.0.0.11","1.1.2.0","PSt7-10","170328-006","1/4/2020 10:31:52","0000-00","0","no battery","V"
"11/02/2020","12:50:49","1","default","640513929","OXY_CH1","96.442","min","168.769","µmol/L","Humid","22.774","deg","42415","µV","26.495","°C","1018.000","hPa","35.3","pmil","0","55.520","deg","20.000","°C","100.000","%a.s.","21.750","deg","20.000","°C","977.000","hPa","0.861","-0.02617","0.00035","0","0","13.56","Humid","24.85","0","70.00","286263.82","SABD0000000001","AAV1.0.0.11","1.1.2.0","PSt7-10","170328-006","1/4/2020 10:31:52","0000-00","0","no battery","V"
"11/02/2020","12:50:50","1","default","640513929","OXY_CH1","96.458","min","168.660","µmol/L","Humid","22.780","deg","42408","µV","26.500","°C","1018.000","hPa","35.3","pmil","0","55.520","deg","20.000","°C","100.000","%a.s.","21.750","deg","20.000","°C","977.000","hPa","0.861","-0.02617","0.00035","0","0","13.56","Humid","24.85","0","70.00","286269.08","SABD0000000001","AAV1.0.0.11","1.1.2.0","PSt7-10","170328-006","1/4/2020 10:31:52","0000-00","0","no battery","V"
"11/02/2020","12:50:51","1","default","640513929","OXY_CH1","96.475","min","168.829","µmol/L","Humid","22.768","deg","42417","µV","26.500","°C","1018.000","hPa","35.3","pmil","0","55.520","deg","20.000","°C","100.000","%a.s.","21.750","deg","20.000","°C","977.000","hPa","0.861","-0.02617","0.00035","0","0","13.56","Humid","24.85","0","70.00","286271.45","SABD0000000001","AAV1.0.0.11","1.1.2.0","PSt7-10","170328-006","1/4/2020 10:31:52","0000-00","0","no battery","V"
"11/02/2020","12:50:52","1","default","640513929","OXY_CH1","96.492","min","168.905","µmol/L","Humid","22.767","deg","42413","µV","26.488","°C","1018.000","hPa","35.3","pmil","0","55.520","deg","20.000","°C","100.000","%a.s.","21.750","deg","20.000","°C","977.000","hPa","0.861","-0.02617","0.00035","0","0","13.56","Humid","24.85","0","70.00","286278.13","SABD0000000001","AAV1.0.0.11","1.1.2.0","PSt7-10","170328-006","1/4/2020 10:31:52","0000-00","0","no battery","V"
"11/02/2020","12:50:53","1","default","640513929","OXY_CH1","96.508","min","168.830","µmol/L","Humid","22.771","deg","42410","µV","26.491","°C","1018.000","hPa","35.3","pmil","0","55.520","deg","20.000","°C","100.000","%a.s.","21.750","deg","20.000","°C","977.000","hPa","0.861","-0.02617","0.00035","0","0","13.56","Humid","24.85","0","70.00","286276.14","SABD0000000001","AAV1.0.0.11","1.1.2.0","PSt7-10","170328-006","1/4/2020 10:31:52","0000-00","0","no battery","V"
"11/02/2020","12:50:54","1","default","640513929","OXY_CH1","96.525","min","168.777","µmol/L","Humid","22.773","deg","42410","µV","26.496","°C","1018.000","hPa","35.3","pmil","0","55.520","deg","20.000","°C","100.000","%a.s.","21.750","deg","20.000","°C","977.000","hPa","0.861","-0.02617","0.00035","0","0","13.56","Humid","24.85","0","70.00","286262.68","SABD0000000001","AAV1.0.0.11","1.1.2.0","PSt7-10","170328-006","1/4/2020 10:31:52","0000-00","0","no battery","V"
"11/02/2020","12:50:55","1","default","640513929","OXY_CH1","96.542","min","168.905","µmol/L","Humid","22.765","deg","42402","µV","26.493","°C","1018.000","hPa","35.3","pmil","0","55.520","deg","20.000","°C","100.000","%a.s.","21.750","deg","20.000","°C","977.000","hPa","0.861","-0.02617","0.00035","0","0","13.56","Humid","24.85","0","70.00","286270.52","SABD0000000001","AAV1.0.0.11","1.1.2.0","PSt7-10","170328-006","1/4/2020 10:31:52","0000-00","0","no battery","V"
"11/02/2020","12:50:56","1","default","640513929","OXY_CH1","96.559","min","168.870","µmol/L","Humid","22.769","deg","42400","µV","26.489","°C","1018.000","hPa","35.3","pmil","0","55.520","deg","20.000","°C","100.000","%a.s.","21.750","deg","20.000","°C","977.000","hPa","0.861","-0.02617","0.00035","0","0","13.56","Humid","24.85","0","70.00","286263.76","SABD0000000001","AAV1.0.0.11","1.1.2.0","PSt7-10","170328-006","1/4/2020 10:31:52","0000-00","0","no battery","V"
"11/02/2020","12:50:57","1","default","640513929","OXY_CH1","96.575","min","168.937","µmol/L","Humid","22.761","deg","42400","µV","26.499","°C","1018.000","hPa","35.3","pmil","0","55.520","deg","20.000","°C","100.000","%a.s.","21.750","deg","20.000","°C","977.000","hPa","0.861","-0.02617","0.00035","0","0","13.56","Humid","24.85","0","70.00","286268.52","SABD0000000001","AAV1.0.0.11","1.1.2.0","PSt7-10","170328-006","1/4/2020 10:31:52","0000-00","0","no battery","V"
"11/02/2020","12:50:58","1","default","640513929","OXY_CH1","96.592","min","168.877","µmol/L","Humid","22.768","deg","42396","µV","26.490","°C","1018.000","hPa","35.3","pmil","0","55.520","deg","20.000","°C","100.000","%a.s.","21.750","deg","20.000","°C","977.000","hPa","0.861","-0.02617","0.00035","0","0","13.56","Humid","24.85","0","70.00","286264.38","SABD0000000001","AAV1.0.0.11","1.1.2.0","PSt7-10","170328-006","1/4/2020 10:31:52","0000-00","0","no battery","V"
"11/02/2020","12:50:59","1","default","640513929","OXY_CH1","96.609","min","168.839","µmol/L","Humid","22.769","deg","42399","µV","26.495","°C","1018.000","hPa","35.3","pmil","0","55.520","deg","20.000","°C","100.000","%a.s.","21.750","deg","20.000","°C","977.000","hPa","0.861","-0.02617","0.00035","0","0","13.56","Humid","24.85","0","70.00","286270.22","SABD0000000001","AAV1.0.0.11","1.1.2.0","PSt7-10","170328-006","1/4/2020 10:31:52","0000-00","0","no battery","V"
"11/02/2020","12:51:00","1","default","640513929","OXY_CH1","96.626","min","169.009","µmol/L","Humid","22.762","deg","42397","µV","26.481","°C","1018.000","hPa","35.3","pmil","0","55.520","deg","20.000","°C","100.000","%a.s.","21.750","deg","20.000","°C","977.000","hPa","0.861","-0.02617","0.00035","0","0","13.56","Humid","24.85","0","70.00","286269.87","SABD0000000001","AAV1.0.0.11","1.1.2.0","PSt7-10","170328-006","1/4/2020 10:31:52","0000-00","0","no battery","V"
"11/02/2020","12:51:01","1","default","640513929","OXY_CH1","96.642","min","169.010","µmol/L","Humid","22.763","deg","42390","µV","26.478","°C","1018.000","hPa","35.3","pmil","0","55.520","deg","20.000","°C","100.000","%a.s.","21.750","deg","20.000","°C","977.000","hPa","0.861","-0.02617","0.00035","0","0","13.56","Humid","24.85","0","70.00","286262.45","SABD0000000001","AAV1.0.0.11","1.1.2.0","PSt7-10","170328-006","1/4/2020 10:31:52","0000-00","0","no battery","V"
"11/02/2020","12:51:02","1","default","640513929","OXY_CH1","96.658","min","168.998","µmol/L","Humid","22.761","deg","42394","µV","26.486","°C","1018.000","hPa","35.3","pmil","0","55.520","deg","20.000","°C","100.000","%a.s.","21.750","deg","20.000","°C","977.000","hPa","0.861","-0.02617","0.00035","0","0","13.56","Humid","24.85","0","70.00","286256.79","SABD0000000001","AAV1.0.0.11","1.1.2.0","PSt7-10","170328-006","1/4/2020 10:31:52","0000-00","0","no battery","V"
"11/02/2020","12:51:03","1","default","640513929","OXY_CH1","96.675","min","168.806","µmol/L","Humid","22.769","deg","42390","µV","26.502","°C","1018.000","hPa","35.3","pmil","0","55.520","deg","20.000","°C","100.000","%a.s.","21.750","deg","20.000","°C","977.000","hPa","0.861","-0.02617","0.00035","0","0","13.56","Humid","24.85","0","70.00","286274.97","SABD0000000001","AAV1.0.0.11","1.1.2.0","PSt7-10","170328-006","1/4/2020 10:31:52","0000-00","0","no battery","V"
"11/02/2020","12:51:04","1","default","640513929","OXY_CH1","96.692","min","168.975","µmol/L","Humid","22.759","deg","42386","µV","26.497","°C","1018.000","hPa","35.3","pmil","0","55.520","deg","20.000","°C","100.000","%a.s.","21.750","deg","20.000","°C","977.000","hPa","0.861","-0.02617","0.00035","0","0","13.56","Humid","24.85","0","70.00","286279.88","SABD0000000001","AAV1.0.0.11","1.1.2.0","PSt7-10","170328-006","1/4/2020 10:31:52","0000-00","0","no battery","V"
"11/02/2020","12:51:05","1","default","640513929","OXY_CH1","96.709","min","168.916","µmol/L","Humid","22.764","deg","42388","µV","26.494","°C","1018.000","hPa","35.3","pmil","0","55.520","deg","20.000","°C","100.000","%a.s.","21.750","deg","20.000","°C","977.000","hPa","0.861","-0.02617","0.00035","0","0","13.56","Humid","24.85","0","70.00","286275.59","SABD0000000001","AAV1.0.0.11","1.1.2.0","PSt7-10","170328-006","1/4/2020 10:31:52","0000-00","0","no battery","V"
"11/02/2020","12:51:06","1","default","640513929","OXY_CH1","96.725","min","168.950","µmol/L","Humid","22.760","deg","42393","µV","26.499","°C","1018.000","hPa","35.3","pmil","0","55.520","deg","20.000","°C","100.000","%a.s.","21.750","deg","20.000","°C","977.000","hPa","0.861","-0.02617","0.00035","0","0","13.56","Humid","24.85","0","70.00","286274.70","SABD0000000001","AAV1.0.0.11","1.1.2.0","PSt7-10","170328-006","1/4/2020 10:31:52","0000-00","0","no battery","V"
"11/02/2020","12:51:07","1","default","640513929","OXY_CH1","96.742","min","169.026","µmol/L","Humid","22.754","deg","42390","µV","26.501","°C","1018.000","hPa","35.3","pmil","0","55.520","deg","20.000","°C","100.000","%a.s.","21.750","deg","20.000","°C","977.000","hPa","0.861","-0.02617","0.00035","0","0","13.56","Humid","24.85","0","70.00","286259.94","SABD0000000001","AAV1.0.0.11","1.1.2.0","PSt7-10","170328-006","1/4/2020 10:31:52","0000-00","0","no battery","V"
"11/02/2020","12:51:08","1","default","640513929","OXY_CH1","96.759","min","168.959","µmol/L","Humid","22.758","deg","42377","µV","26.503","°C","1018.000","hPa","35.3","pmil","0","55.520","deg","20.000","°C","100.000","%a.s.","21.750","deg","20.000","°C","977.000","hPa","0.861","-0.02617","0.00035","0","0","13.56","Humid","24.85","0","70.00","286259.32","SABD0000000001","AAV1.0.0.11","1.1.2.0","PSt7-10","170328-006","1/4/2020 10:31:52","0000-00","0","no battery","V"
"11/02/2020","12:51:09","1","default","640513929","OXY_CH1","96.775","min","169.019","µmol/L","Humid","22.757","deg","42378","µV","26.494","°C","1018.000","hPa","35.3","pmil","0","55.520","deg","20.000","°C","100.000","%a.s.","21.750","deg","20.000","°C","977.000","hPa","0.861","-0.02617","0.00035","0","0","13.56","Humid","24.85","0","70.00","286269.73","SABD0000000001","AAV1.0.0.11","1.1.2.0","PSt7-10","170328-006","1/4/2020 10:31:52","0000-00","0","no battery","V"
"11/02/2020","12:51:10","1","default","640513929","OXY_CH1","96.792","min","169.058","µmol/L","Humid","22.754","deg","42374","µV","26.495","°C","1018.000","hPa","35.3","pmil","0","55.520","deg","20.000","°C","100.000","%a.s.","21.750","deg","20.000","°C","977.000","hPa","0.861","-0.02617","0.00035","0","0","13.56","Humid","24.85","0","70.00","286268.09","SABD0000000001","AAV1.0.0.11","1.1.2.0","PSt7-10","170328-006","1/4/2020 10:31:52","0000-00","0","no battery","V"
"11/02/2020","12:51:11","1","default","640513929","OXY_CH1","96.809","min","169.108","µmol/L","Humid","22.754","deg","42370","µV","26.484","°C","1018.000","hPa","35.3","pmil","0","55.520","deg","20.000","°C","100.000","%a.s.","21.750","deg","20.000","°C","977.000","hPa","0.861","-0.02617","0.00035","0","0","13.56","Humid","24.85","0","70.00","286268.14","SABD0000000001","AAV1.0.0.11","1.1.2.0","PSt7-10","170328-006","1/4/2020 10:31:52","0000-00","0","no battery","V"
"11/02/2020","12:51:12","1","default","640513929","OXY_CH1","96.825","min","169.082","µmol/L","Humid","22.758","deg","42370","µV","26.478","°C","1018.000","hPa","35.3","pmil","0","55.520","deg","20.000","°C","100.000","%a.s.","21.750","deg","20.000","°C","977.000","hPa","0.861","-0.02617","0.00035","0","0","13.56","Humid","24.85","0","70.00","286269.34","SABD0000000001","AAV1.0.0.11","1.1.2.0","PSt7-10","170328-006","1/4/2020 10:31:52","0000-00","0","no battery","V"
"11/02/2020","12:51:13","1","default","640513929","OXY_CH1","96.842","min","168.940","µmol/L","Humid","22.760","deg","42361","µV","26.501","°C","1018.000","hPa","35.3","pmil","0","55.520","deg","20.000","°C","100.000","%a.s.","21.750","deg","20.000","°C","977.000","hPa","0.861","-0.02617","0.00035","0","0","13.56","Humid","24.85","0","70.00","286259.11","SABD0000000001","AAV1.0.0.11","1.1.2.0","PSt7-10","170328-006","1/4/2020 10:31:52","0000-00","0","no battery","V"
"11/02/2020","12:51:14","1","default","640513929","OXY_CH1","96.859","min","169.040","µmol/L","Humid","22.755","deg","42368","µV","26.495","°C","1018.000","hPa","35.3","pmil","0","55.520","deg","20.000","°C","100.000","%a.s.","21.750","deg","20.000","°C","977.000","hPa","0.861","-0.02617","0.00035","0","0","13.56","Humid","24.85","0","70.00","286273.76","SABD0000000001","AAV1.0.0.11","1.1.2.0","PSt7-10","170328-006","1/4/2020 10:31:52","0000-00","0","no battery","V"
"11/02/2020","12:51:15","1","default","640513929","OXY_CH1","96.876","min","169.160","µmol/L","Humid","22.747","deg","42356","µV","26.494","°C","1018.000","hPa","35.3","pmil","0","55.520","deg","20.000","°C","100.000","%a.s.","21.750","deg","20.000","°C","977.000","hPa","0.861","-0.02617","0.00035","0","0","13.56","Humid","24.85","0","70.00","286270.60","SABD0000000001","AAV1.0.0.11","1.1.2.0","PSt7-10","170328-006","1/4/2020 10:31:52","0000-00","0","no battery","V"
"11/02/2020","12:51:16","1","default","640513929","OXY_CH1","96.892","min","169.256","µmol/L","Humid","22.746","deg","42357","µV","26.478","°C","1018.000","hPa","35.3","pmil","0","55.520","deg","20.000","°C","100.000","%a.s.","21.750","deg","20.000","°C","977.000","hPa","0.861","-0.02617","0.00035","0","0","13.56","Humid","24.85","0","70.00","286270.90","SABD0000000001","AAV1.0.0.11","1.1.2.0","PSt7-10","170328-006","1/4/2020 10:31:52","0000-00","0","no battery","V"
"11/02/2020","12:51:17","1","default","640513929","OXY_CH1","96.909","min","169.293","µmol/L","Humid","22.741","deg","42351","µV","26.485","°C","1018.000","hPa","35.3","pmil","0","55.520","deg","20.000","°C","100.000","%a.s.","21.750","deg","20.000","°C","977.000","hPa","0.861","-0.02617","0.00035","0","0","13.56","Humid","24.85","0","70.00","286261.58","SABD0000000001","AAV1.0.0.11","1.1.2.0","PSt7-10","170328-006","1/4/2020 10:31:52","0000-00","0","no battery","V"
"11/02/2020","12:51:18","1","default","640513929","OXY_CH1","96.926","min","169.133","µmol/L","Humid","22.753","deg","42345","µV","26.482","°C","1018.000","hPa","35.3","pmil","0","55.520","deg","20.000","°C","100.000","%a.s.","21.750","deg","20.000","°C","977.000","hPa","0.861","-0.02617","0.00035","0","0","13.56","Humid","24.85","0","70.00","286257.67","SABD0000000001","AAV1.0.0.11","1.1.2.0","PSt7-10","170328-006","1/4/2020 10:31:52","0000-00","0","no battery","V"
"11/02/2020","12:51:19","1","default","640513929","OXY_CH1","96.942","min","169.175","µmol/L","Humid","22.745","deg","42346","µV","26.497","°C","1018.000","hPa","35.3","pmil","0","55.520","deg","20.000","°C","100.000","%a.s.","21.750","deg","20.000","°C","977.000","hPa","0.861","-0.02617","0.00035","0","0","13.56","Humid","24.85","0","70.00","286265.67","SABD0000000001","AAV1.0.0.11","1.1.2.0","PSt7-10","170328-006","1/4/2020 10:31:52","0000-00","0","no battery","V"
"11/02/2020","12:51:20","1","default","640513929","OXY_CH1","96.959","min","169.323","µmol/L","Humid","22.743","deg","42338","µV","26.473","°C","1018.000","hPa","35.3","pmil","0","55.520","deg","20.000","°C","100.000","%a.s.","21.750","deg","20.000","°C","977.000","hPa","0.861","-0.02617","0.00035","0","0","13.56","Humid","24.85","0","70.00","286260.77","SABD0000000001","AAV1.0.0.11","1.1.2.0","PSt7-10","170328-006","1/4/2020 10:31:52","0000-00","0","no battery","V"
"11/02/2020","12:51:21","1","default","640513929","OXY_CH1","96.975","min","169.177","µmol/L","Humid","22.747","deg","42339","µV","26.491","°C","1018.000","hPa","35.3","pmil","0","55.520","deg","20.000","°C","100.000","%a.s.","21.750","deg","20.000","°C","977.000","hPa","0.861","-0.02617","0.00035","0","0","13.56","Humid","24.85","0","70.00","286256.04","SABD0000000001","AAV1.0.0.11","1.1.2.0","PSt7-10","170328-006","1/4/2020 10:31:52","0000-00","0","no battery","V"
"11/02/2020","12:51:22","1","default","640513929","OXY_CH1","96.992","min","169.143","µmol/L","Humid","22.746","deg","42342","µV","26.501","°C","1018.000","hPa","35.3","pmil","0","55.520","deg","20.000","°C","100.000","%a.s.","21.750","deg","20.000","°C","977.000","hPa","0.861","-0.02617","0.00035","0","0","13.56","Humid","24.85","0","70.00","286251.80","SABD0000000001","AAV1.0.0.11","1.1.2.0","PSt7-10","170328-006","1/4/2020 10:31:52","0000-00","0","no battery","V"
"11/02/2020","12:51:23","1","default","640513929","OXY_CH1","97.008","min","169.236","µmol/L","Humid","22.738","deg","42330","µV","26.505","°C","1018.000","hPa","35.3","pmil","0","55.520","deg","20.000","°C","100.000","%a.s.","21.750","deg","20.000","°C","977.000","hPa","0.861","-0.02617","0.00035","0","0","13.56","Humid","24.85","0","70.00","286259.29","SABD0000000001","AAV1.0.0.11","1.1.2.0","PSt7-10","170328-006","1/4/2020 10:31:52","0000-00","0","no battery","V"
"11/02/2020","12:51:24","1","default","640513929","OXY_CH1","97.025","min","169.137","µmol/L","Humid","22.747","deg","42330","µV","26.499","°C","1018.000","hPa","35.3","pmil","0","55.520","deg","20.000","°C","100.000","%a.s.","21.750","deg","20.000","°C","977.000","hPa","0.861","-0.02617","0.00035","0","0","13.56","Humid","24.85","0","70.00","286265.77","SABD0000000001","AAV1.0.0.11","1.1.2.0","PSt7-10","170328-006","1/4/2020 10:31:52","0000-00","0","no battery","V"
"11/02/2020","12:51:25","1","default","640513929","OXY_CH1","97.042","min","169.183","µmol/L","Humid","22.747","deg","42327","µV","26.490","°C","1018.000","hPa","35.3","pmil","0","55.520","deg","20.000","°C","100.000","%a.s.","21.750","deg","20.000","°C","977.000","hPa","0.861","-0.02617","0.00035","0","0","13.56","Humid","24.85","0","70.00","286244.61","SABD0000000001","AAV1.0.0.11","1.1.2.0","PSt7-10","170328-006","1/4/2020 10:31:52","0000-00","0","no battery","V"
"11/02/2020","12:51:26","1","default","640513929","OXY_CH1","97.059","min","169.250","µmol/L","Humid","22.743","deg","42331","µV","26.488","°C","1018.000","hPa","35.3","pmil","0","55.520","deg","20.000","°C","100.000","%a.s.","21.750","deg","20.000","°C","977.000","hPa","0.861","-0.02617","0.00035","0","0","13.56","Humid","24.85","0","70.00","286252.06","SABD0000000001","AAV1.0.0.11","1.1.2.0","PSt7-10","170328-006","1/4/2020 10:31:52","0000-00","0","no battery","V"
"11/02/2020","12:51:27","1","default","640513929","OXY_CH1","97.076","min","169.332","µmol/L","Humid","22.737","deg","42326","µV","26.489","°C","1018.000","hPa","35.3","pmil","0","55.520","deg","20.000","°C","100.000","%a.s.","21.750","deg","20.000","°C","977.000","hPa","0.861","-0.02617","0.00035","0","0","13.56","Humid","24.85","0","70.00","286259.16","SABD0000000001","AAV1.0.0.11","1.1.2.0","PSt7-10","170328-006","1/4/2020 10:31:52","0000-00","0","no battery","V"
"11/02/2020","12:51:28","1","default","640513929","OXY_CH1","97.092","min","169.410","µmol/L","Humid","22.734","deg","42326","µV","26.482","°C","1018.000","hPa","35.3","pmil","0","55.520","deg","20.000","°C","100.000","%a.s.","21.750","deg","20.000","°C","977.000","hPa","0.861","-0.02617","0.00035","0","0","13.56","Humid","24.85","0","70.00","286266.01","SABD0000000001","AAV1.0.0.11","1.1.2.0","PSt7-10","170328-006","1/4/2020 10:31:52","0000-00","0","no battery","V"
"11/02/2020","12:51:29","1","default","640513929","OXY_CH1","97.109","min","169.232","µmol/L","Humid","22.745","deg","42331","µV","26.486","°C","1018.000","hPa","35.3","pmil","0","55.520","deg","20.000","°C","100.000","%a.s.","21.750","deg","20.000","°C","977.000","hPa","0.861","-0.02617","0.00035","0","0","13.56","Humid","24.85","0","70.00","286264.00","SABD0000000001","AAV1.0.0.11","1.1.2.0","PSt7-10","170328-006","1/4/2020 10:31:52","0000-00","0","no battery","V"
"11/02/2020","12:51:30","1","default","640513929","OXY_CH1","97.126","min","169.377","µmol/L","Humid","22.735","deg","42330","µV","26.485","°C","1018.000","hPa","35.3","pmil","0","55.520","deg","20.000","°C","100.000","%a.s.","21.750","deg","20.000","°C","977.000","hPa","0.861","-0.02617","0.00035","0","0","13.56","Humid","24.85","0","70.00","286257.65","SABD0000000001","AAV1.0.0.11","1.1.2.0","PSt7-10","170328-006","1/4/2020 10:31:52","0000-00","0","no battery","V"
"11/02/2020","12:51:31","1","default","640513929","OXY_CH1","97.142","min","169.220","µmol/L","Humid","22.741","deg","42336","µV","26.500","°C","1018.000","hPa","35.3","pmil","0","55.520","deg","20.000","°C","100.000","%a.s.","21.750","deg","20.000","°C","977.000","hPa","0.861","-0.02617","0.00035","0","0","13.56","Humid","24.85","0","70.00","286251.34","SABD0000000001","AAV1.0.0.11","1.1.2.0","PSt7-10","170328-006","1/4/2020 10:31:52","0000-00","0","no battery","V"
"11/02/2020","12:51:32","1","default","640513929","OXY_CH1","97.159","min","169.211","µmol/L","Humid","22.740","deg","42333","µV","26.504","°C","1018.000","hPa","35.3","pmil","0","55.520","deg","20.000","°C","100.000","%a.s.","21.750","deg","20.000","°C","977.000","hPa","0.861","-0.02617","0.00035","0","0","13.56","Humid","24.85","0","70.00","286261.58","SABD0000000001","AAV1.0.0.11","1.1.2.0","PSt7-10","170328-006","1/4/2020 10:31:52","0000-00","0","no battery","V"
"11/02/2020","12:51:33","1","default","640513929","OXY_CH1","97.175","min","169.201","µmol/L","Humid","22.746","deg","42337","µV","26.489","°C","1018.000","hPa","35.3","pmil","0","55.520","deg","20.000","°C","100.000","%a.s.","21.750","deg","20.000","°C","977.000","hPa","0.861","-0.02617","0.00035","0","0","13.56","Humid","24.85","0","70.00","286261.64","SABD0000000001","AAV1.0.0.11","1.1.2.0","PSt7-10","170328-006","1/4/2020 10:31:52","0000-00","0","no battery","V"
"11/02/2020","12:51:34","1","default","640513929","OXY_CH1","97.192","min","169.305","µmol/L","Humid","22.740","deg","42339","µV","26.485","°C","1018.000","hPa","35.3","pmil","0","55.520","deg","20.000","°C","100.000","%a.s.","21.750","deg","20.000","°C","977.000","hPa","0.861","-0.02617","0.00035","0","0","13.56","Humid","24.85","0","70.00","286258.42","SABD0000000001","AAV1.0.0.11","1.1.2.0","PSt7-10","170328-006","1/4/2020 10:31:52","0000-00","0","no battery","V"
"11/02/2020","12:51:35","1","default","640513929","OXY_CH1","97.208","min","169.452","µmol/L","Humid","22.732","deg","42342","µV","26.479","°C","1018.000","hPa","35.3","pmil","0","55.520","deg","20.000","°C","100.000","%a.s.","21.750","deg","20.000","°C","977.000","hPa","0.861","-0.02617","0.00035","0","0","13.56","Humid","24.85","0","70.00","286263.87","SABD0000000001","AAV1.0.0.11","1.1.2.0","PSt7-10","170328-006","1/4/2020 10:31:52","0000-00","0","no battery","V"
"11/02/2020","12:51:36","1","default","640513929","OXY_CH1","97.225","min","169.251","µmol/L","Humid","22.741","deg","42342","µV","26.493","°C","1018.000","hPa","35.3","pmil","0","55.520","deg","20.000","°C","100.000","%a.s.","21.750","deg","20.000","°C","977.000","hPa","0.861","-0.02617","0.00035","0","0","13.56","Humid","24.85","0","70.00","286266.91","SABD0000000001","AAV1.0.0.11","1.1.2.0","PSt7-10","170328-006","1/4/2020 10:31:52","0000-00","0","no battery","V"
"11/02/2020","12:51:37","1","default","640513929","OXY_CH1","97.242","min","169.404","µmol/L","Humid","22.730","deg","42341","µV","26.494","°C","1018.000","hPa","35.3","pmil","0","55.520","deg","20.000","°C","100.000","%a.s.","21.750","deg","20.000","°C","977.000","hPa","0.861","-0.02617","0.00035","0","0","13.56","Humid","24.85","0","70.00","286269.61","SABD0000000001","AAV1.0.0.11","1.1.2.0","PSt7-10","170328-006","1/4/2020 10:31:52","0000-00","0","no battery","V"
"11/02/2020","12:51:38","1","default","640513929","OXY_CH1","97.258","min","169.420","µmol/L","Humid","22.729","deg","42339","µV","26.494","°C","1018.000","hPa","35.3","pmil","0","55.520","deg","20.000","°C","100.000","%a.s.","21.750","deg","20.000","°C","977.000","hPa","0.861","-0.02617","0.00035","0","0","13.56","Humid","24.85","0","70.00","286258.36","SABD0000000001","AAV1.0.0.11","1.1.2.0","PSt7-10","170328-006","1/4/2020 10:31:52","0000-00","0","no battery","V"
"11/02/2020","12:51:39","1","default","640513929","OXY_CH1","97.275","min","169.418","µmol/L","Humid","22.735","deg","42338","µV","26.477","°C","1018.000","hPa","35.3","pmil","0","55.520","deg","20.000","°C","100.000","%a.s.","21.750","deg","20.000","°C","977.000","hPa","0.861","-0.02617","0.00035","0","0","13.56","Humid","24.85","0","70.00","286263.23","SABD0000000001","AAV1.0.0.11","1.1.2.0","PSt7-10","170328-006","1/4/2020 10:31:52","0000-00","0","no battery","V"
"11/02/2020","12:51:40","1","default","640513929","OXY_CH1","97.292","min","169.465","µmol/L","Humid","22.732","deg","42338","µV","26.476","°C","1018.000","hPa","35.3","pmil","0","55.520","deg","20.000","°C","100.000","%a.s.","21.750","deg","20.000","°C","977.000","hPa","0.861","-0.02617","0.00035","0","0","13.56","Humid","24.85","0","70.00","286265.42","SABD0000000001","AAV1.0.0.11","1.1.2.0","PSt7-10","170328-006","1/4/2020 10:31:52","0000-00","0","no battery","V"
"11/02/2020","12:51:41","1","default","640513929","OXY_CH1","97.309","min","169.290","µmol/L","Humid","22.735","deg","42328","µV","26.503","°C","1018.000","hPa","35.3","pmil","0","55.520","deg","20.000","°C","100.000","%a.s.","21.750","deg","20.000","°C","977.000","hPa","0.861","-0.02617","0.00035","0","0","13.56","Humid","24.85","0","70.00","286264.82","SABD0000000001","AAV1.0.0.11","1.1.2.0","PSt7-10","170328-006","1/4/2020 10:31:52","0000-00","0","no battery","V"
"11/02/2020","12:51:42","1","default","640513929","OXY_CH1","97.326","min","169.362","µmol/L","Humid","22.729","deg","42328","µV","26.506","°C","1018.000","hPa","35.3","pmil","0","55.520","deg","20.000","°C","100.000","%a.s.","21.750","deg","20.000","°C","977.000","hPa","0.861","-0.02617","0.00035","0","0","13.56","Humid","24.85","0","70.00","286252.56","SABD0000000001","AAV1.0.0.11","1.1.2.0","PSt7-10","170328-006","1/4/2020 10:31:52","0000-00","0","no battery","V"
"11/02/2020","12:51:43","1","default","640513929","OXY_CH1","97.342","min","169.504","µmol/L","Humid","22.722","deg","42325","µV","26.498","°C","1018.000","hPa","35.3","pmil","0","55.520","deg","20.000","°C","100.000","%a.s.","21.750","deg","20.000","°C","977.000","hPa","0.861","-0.02617","0.00035","0","0","13.56","Humid","24.85","0","70.00","286260.36","SABD0000000001","AAV1.0.0.11","1.1.2.0","PSt7-10","170328-006","1/4/2020 10:31:52","0000-00","0","no battery","V"
"11/02/2020","12:51:44","1","default","640513929","OXY_CH1","97.359","min","169.399","µmol/L","Humid","22.727","deg","42322","µV","26.504","°C","1018.000","hPa","35.3","pmil","0","55.520","deg","20.000","°C","100.000","%a.s.","21.750","deg","20.000","°C","977.000","hPa","0.861","-0.02617","0.00035","0","0","13.56","Humid","24.85","0","70.00","286270.68","SABD0000000001","AAV1.0.0.11","1.1.2.0","PSt7-10","170328-006","1/4/2020 10:31:52","0000-00","0","no battery","V"
"11/02/2020","12:51:45","1","default","640513929","OXY_CH1","97.375","min","169.317","µmol/L","Humid","22.735","deg","42319","µV","26.497","°C","1018.000","hPa","35.3","pmil","0","55.520","deg","20.000","°C","100.000","%a.s.","21.750","deg","20.000","°C","977.000","hPa","0.861","-0.02617","0.00035","0","0","13.56","Humid","24.85","0","70.00","286260.13","SABD0000000001","AAV1.0.0.11","1.1.2.0","PSt7-10","170328-006","1/4/2020 10:31:52","0000-00","0","no battery","V"
"11/02/2020","12:51:46","1","default","640513929","OXY_CH1","97.392","min","169.437","µmol/L","Humid","22.725","deg","42314","µV","26.502","°C","1018.000","hPa","35.3","pmil","0","55.520","deg","20.000","°C","100.000","%a.s.","21.750","deg","20.000","°C","977.000","hPa","0.861","-0.02617","0.00035","0","0","13.56","Humid","24.85","0","70.00","286266.86","SABD0000000001","AAV1.0.0.11","1.1.2.0","PSt7-10","170328-006","1/4/2020 10:31:52","0000-00","0","no battery","V"
"11/02/2020","12:51:47","1","default","640513929","OXY_CH1","97.409","min","169.428","µmol/L","Humid","22.727","deg","42311","µV","26.498","°C","1018.000","hPa","35.3","pmil","0","55.520","deg","20.000","°C","100.000","%a.s.","21.750","deg","20.000","°C","977.000","hPa","0.861","-0.02617","0.00035","0","0","13.56","Humid","24.85","0","70.00","286265.90","SABD0000000001","AAV1.0.0.11","1.1.2.0","PSt7-10","170328-006","1/4/2020 10:31:52","0000-00","0","no battery","V"
"11/02/2020","12:51:48","1","default","640513929","OXY_CH1","97.425","min","169.467","µmol/L","Humid","22.728","deg","42304","µV","26.488","°C","1018.000","hPa","35.3","pmil","0","55.520","deg","20.000","°C","100.000","%a.s.","21.750","deg","20.000","°C","977.000","hPa","0.861","-0.02617","0.00035","0","0","13.56","Humid","24.85","0","70.00","286268.53","SABD0000000001","AAV1.0.0.11","1.1.2.0","PSt7-10","170328-006","1/4/2020 10:31:52","0000-00","0","no battery","V"
"11/02/2020","12:51:49","1","default","640513929","OXY_CH1","97.442","min","169.369","µmol/L","Humid","22.731","deg","42309","µV","26.499","°C","1018.000","hPa","35.3","pmil","0","55.520","deg","20.000","°C","100.000","%a.s.","21.750","deg","20.000","°C","977.000","hPa","0.861","-0.02617","0.00035","0","0","13.56","Humid","24.85","0","70.00","286260.70","SABD0000000001","AAV1.0.0.11","1.1.2.0","PSt7-10","170328-006","1/4/2020 10:31:52","0000-00","0","no battery","V"
"11/02/2020","12:51:50","1","default","640513929","OXY_CH1","97.459","min","169.410","µmol/L","Humid","22.730","deg","42315","µV","26.493","°C","1018.000","hPa","35.3","pmil","0","55.520","deg","20.000","°C","100.000","%a.s.","21.750","deg","20.000","°C","977.000","hPa","0.861","-0.02617","0.00035","0","0","13.56","Humid","24.85","0","70.00","286272.20","SABD0000000001","AAV1.0.0.11","1.1.2.0","PSt7-10","170328-006","1/4/2020 10:31:52","0000-00","0","no battery","V"
"11/02/2020","12:51:51","1","default","640513929","OXY_CH1","97.475","min","169.551","µmol/L","Humid","22.719","deg","42310","µV","26.497","°C","1018.000","hPa","35.3","pmil","0","55.520","deg","20.000","°C","100.000","%a.s.","21.750","deg","20.000","°C","977.000","hPa","0.861","-0.02617","0.00035","0","0","13.56","Humid","24.85","0","70.00","286266.14","SABD0000000001","AAV1.0.0.11","1.1.2.0","PSt7-10","170328-006","1/4/2020 10:31:52","0000-00","0","no battery","V"
"11/02/2020","12:51:52","1","default","640513929","OXY_CH1","97.492","min","169.510","µmol/L","Humid","22.721","deg","42313","µV","26.499","°C","1018.000","hPa","35.3","pmil","0","55.520","deg","20.000","°C","100.000","%a.s.","21.750","deg","20.000","°C","977.000","hPa","0.861","-0.02617","0.00035","0","0","13.56","Humid","24.85","0","70.00","286280.90","SABD0000000001","AAV1.0.0.11","1.1.2.0","PSt7-10","170328-006","1/4/2020 10:31:52","0000-00","0","no battery","V"
"11/02/2020","12:51:53","1","default","640513929","OXY_CH1","97.509","min","169.521","µmol/L","Humid","22.718","deg","42303","µV","26.506","°C","1018.000","hPa","35.3","pmil","0","55.520","deg","20.000","°C","100.000","%a.s.","21.750","deg","20.000","°C","977.000","hPa","0.861","-0.02617","0.00035","0","0","13.56","Humid","24.85","0","70.00","286273.17","SABD0000000001","AAV1.0.0.11","1.1.2.0","PSt7-10","170328-006","1/4/2020 10:31:52","0000-00","0","no battery","V"
"11/02/2020","12:51:54","1","default","640513929","OXY_CH1","97.526","min","169.445","µmol/L","Humid","22.730","deg","42310","µV","26.486","°C","1018.000","hPa","35.3","pmil","0","55.520","deg","20.000","°C","100.000","%a.s.","21.750","deg","20.000","°C","977.000","hPa","0.861","-0.02617","0.00035","0","0","13.56","Humid","24.85","0","70.00","286274.76","SABD0000000001","AAV1.0.0.11","1.1.2.0","PSt7-10","170328-006","1/4/2020 10:31:52","0000-00","0","no battery","V"
"11/02/2020","12:51:55","1","default","640513929","OXY_CH1","97.542","min","169.470","µmol/L","Humid","22.724","deg","42304","µV","26.499","°C","1018.000","hPa","35.3","pmil","0","55.520","deg","20.000","°C","100.000","%a.s.","21.750","deg","20.000","°C","977.000","hPa","0.861","-0.02617","0.00035","0","0","13.56","Humid","24.85","0","70.00","286256.39","SABD0000000001","AAV1.0.0.11","1.1.2.0","PSt7-10","170328-006","1/4/2020 10:31:52","0000-00","0","no battery","V"
"11/02/2020","12:51:56","1","default","640513929","OXY_CH1","97.559","min","169.624","µmol/L","Humid","22.716","deg","42309","µV","26.491","°C","1018.000","hPa","35.3","pmil","0","55.520","deg","20.000","°C","100.000","%a.s.","21.750","deg","20.000","°C","977.000","hPa","0.861","-0.02617","0.00035","0","0","13.56","Humid","24.85","0","70.00","286264.72","SABD0000000001","AAV1.0.0.11","1.1.2.0","PSt7-10","170328-006","1/4/2020 10:31:52","0000-00","0","no battery","V"
"11/02/2020","12:51:57","1","default","640513929","OXY_CH1","97.575","min","169.602","µmol/L","Humid","22.718","deg","42306","µV","26.489","°C","1018.000","hPa","35.3","pmil","0","55.520","deg","20.000","°C","100.000","%a.s.","21.750","deg","20.000","°C","977.000","hPa","0.861","-0.02617","0.00035","0","0","13.56","Humid","24.85","0","70.00","286247.82","SABD0000000001","AAV1.0.0.11","1.1.2.0","PSt7-10","170328-006","1/4/2020 10:31:52","0000-00","0","no battery","V"
"11/02/2020","12:51:58","1","default","640513929","OXY_CH1","97.592","min","169.666","µmol/L","Humid","22.717","deg","42306","µV","26.479","°C","1018.000","hPa","35.3","pmil","0","55.520","deg","20.000","°C","100.000","%a.s.","21.750","deg","20.000","°C","977.000","hPa","0.861","-0.02617","0.00035","0","0","13.56","Humid","24.85","0","70.00","286270.89","SABD0000000001","AAV1.0.0.11","1.1.2.0","PSt7-10","170328-006","1/4/2020 10:31:52","0000-00","0","no battery","V"
"11/02/2020","12:51:59","1","default","640513929","OXY_CH1","97.609","min","169.652","µmol/L","Humid","22.718","deg","42307","µV","26.479","°C","1018.000","hPa","35.3","pmil","0","55.520","deg","20.000","°C","100.000","%a.s.","21.750","deg","20.000","°C","977.000","hPa","0.861","-0.02617","0.00035","0","0","13.56","Humid","24.85","0","70.00","286259.71","SABD0000000001","AAV1.0.0.11","1.1.2.0","PSt7-10","170328-006","1/4/2020 10:31:52","0000-00","0","no battery","V"
"11/02/2020","12:52:00","1","default","640513929","OXY_CH1","97.625","min","169.485","µmol/L","Humid","22.721","deg","42303","µV","26.504","°C","1018.000","hPa","35.3","pmil","0","55.520","deg","20.000","°C","100.000","%a.s.","21.750","deg","20.000","°C","977.000","hPa","0.861","-0.02617","0.00035","0","0","13.56","Humid","24.85","0","70.00","286250.32","SABD0000000001","AAV1.0.0.11","1.1.2.0","PSt7-10","170328-006","1/4/2020 10:31:52","0000-00","0","no battery","V"
"11/02/2020","12:52:01","1","default","640513929","OXY_CH1","97.642","min","169.503","µmol/L","Humid","22.719","deg","42299","µV","26.507","°C","1018.000","hPa","35.3","pmil","0","55.520","deg","20.000","°C","100.000","%a.s.","21.750","deg","20.000","°C","977.000","hPa","0.861","-0.02617","0.00035","0","0","13.56","Humid","24.85","0","70.00","286259.79","SABD0000000001","AAV1.0.0.11","1.1.2.0","PSt7-10","170328-006","1/4/2020 10:31:52","0000-00","0","no battery","V"
"11/02/2020","12:54:15","1","default","640513929","OXY_CH1","99.874","min","171.113","µmol/L","Humid","22.614","deg","42226","µV","26.490","°C","1018.000","hPa","35.3","pmil","0","55.520","deg","20.000","°C","100.000","%a.s.","21.750","deg","20.000","°C","977.000","hPa","0.861","-0.02617","0.00035","0","0","13.56","Humid","24.85","0","70.00","286504.35","SABD0000000001","AAV1.0.0.11","1.1.2.0","PSt7-10","170328-006","1/4/2020 10:31:52","0000-00","0","no battery","V"
"11/02/2020","12:54:16","1","default","640513929","OXY_CH1","99.892","min","171.231","µmol/L","Humid","22.605","deg","42211","µV","26.492","°C","1018.000","hPa","35.3","pmil","0","55.520","deg","20.000","°C","100.000","%a.s.","21.750","deg","20.000","°C","977.000","hPa","0.861","-0.02617","0.00035","0","0","13.56","Humid","24.85","0","70.00","286469.26","SABD0000000001","AAV1.0.0.11","1.1.2.0","PSt7-10","170328-006","1/4/2020 10:31:52","0000-00","0","no battery","V"
"11/02/2020","12:54:17","1","default","640513929","OXY_CH1","99.909","min","171.116","µmol/L","Humid","22.611","deg","42205","µV","26.498","°C","1018.000","hPa","35.3","pmil","0","55.520","deg","20.000","°C","100.000","%a.s.","21.750","deg","20.000","°C","977.000","hPa","0.861","-0.02617","0.00035","0","0","13.56","Humid","24.85","0","70.00","286447.71","SABD0000000001","AAV1.0.0.11","1.1.2.0","PSt7-10","170328-006","1/4/2020 10:31:52","0000-00","0","no battery","V"
"11/02/2020","12:54:18","1","default","640513929","OXY_CH1","99.925","min","171.111","µmol/L","Humid","22.610","deg","42191","µV","26.502","°C","1018.000","hPa","35.3","pmil","0","55.520","deg","20.000","°C","100.000","%a.s.","21.750","deg","20.000","°C","977.000","hPa","0.861","-0.02617","0.00035","0","0","13.56","Humid","24.85","0","70.00","286421.38","SABD0000000001","AAV1.0.0.11","1.1.2.0","PSt7-10","170328-006","1/4/2020 10:31:52","0000-00","0","no battery","V"
"11/02/2020","12:54:19","1","default","640513929","OXY_CH1","99.942","min","171.123","µmol/L","Humid","22.612","deg","42184","µV","26.494","°C","1018.000","hPa","35.3","pmil","0","55.520","deg","20.000","°C","100.000","%a.s.","21.750","deg","20.000","°C","977.000","hPa","0.861","-0.02617","0.00035","0","0","13.56","Humid","24.85","0","70.00","286416.09","SABD0000000001","AAV1.0.0.11","1.1.2.0","PSt7-10","170328-006","1/4/2020 10:31:52","0000-00","0","no battery","V"
"11/02/2020","12:54:20","1","default","640513929","OXY_CH1","99.959","min","171.231","µmol/L","Humid","22.607","deg","42176","µV","26.486","°C","1018.000","hPa","35.3","pmil","0","55.520","deg","20.000","°C","100.000","%a.s.","21.750","deg","20.000","°C","977.000","hPa","0.861","-0.02617","0.00035","0","0","13.56","Humid","24.85","0","70.00","286392.00","SABD0000000001","AAV1.0.0.11","1.1.2.0","PSt7-10","170328-006","1/4/2020 10:31:52","0000-00","0","no battery","V"
"11/02/2020","12:54:21","1","default","640513929","OXY_CH1","99.976","min","171.190","µmol/L","Humid","22.611","deg","42179","µV","26.483","°C","1018.000","hPa","35.3","pmil","0","55.520","deg","20.000","°C","100.000","%a.s.","21.750","deg","20.000","°C","977.000","hPa","0.861","-0.02617","0.00035","0","0","13.56","Humid","24.85","0","70.00","286405.20","SABD0000000001","AAV1.0.0.11","1.1.2.0","PSt7-10","170328-006","1/4/2020 10:31:52","0000-00","0","no battery","V"
"11/02/2020","12:54:22","1","default","640513929","OXY_CH1","99.992","min","171.191","µmol/L","Humid","22.611","deg","42169","µV","26.483","°C","1018.000","hPa","35.3","pmil","0","55.520","deg","20.000","°C","100.000","%a.s.","21.750","deg","20.000","°C","977.000","hPa","0.861","-0.02617","0.00035","0","0","13.56","Humid","24.85","0","70.00","286390.74","SABD0000000001","AAV1.0.0.11","1.1.2.0","PSt7-10","170328-006","1/4/2020 10:31:52","0000-00","0","no battery","V"
"11/02/2020","12:54:23","1","default","640513929","OXY_CH1","100.009","min","171.173","µmol/L","Humid","22.607","deg","42170","µV","26.498","°C","1018.000","hPa","35.3","pmil","0","55.520","deg","20.000","°C","100.000","%a.s.","21.750","deg","20.000","°C","977.000","hPa","0.861","-0.02617","0.00035","0","0","13.56","Humid","24.85","0","70.00","286396.07","SABD0000000001","AAV1.0.0.11","1.1.2.0","PSt7-10","170328-006","1/4/2020 10:31:52","0000-00","0","no battery","V"
"11/02/2020","12:54:24","1","default","640513929","OXY_CH1","100.026","min","171.202","µmol/L","Humid","22.608","deg","42174","µV","26.489","°C","1018.000","hPa","35.3","pmil","0","55.520","deg","20.000","°C","100.000","%a.s.","21.750","deg","20.000","°C","977.000","hPa","0.861","-0.02617","0.00035","0","0","13.56","Humid","24.85","0","70.00","286398.63","SABD0000000001","AAV1.0.0.11","1.1.2.0","PSt7-10","170328-006","1/4/2020 10:31:52","0000-00","0","no battery","V"
"11/02/2020","12:54:25","1","default","640513929","OXY_CH1","100.042","min","171.297","µmol/L","Humid","22.601","deg","42170","µV","26.491","°C","1018.000","hPa","35.3","pmil","0","55.520","deg","20.000","°C","100.000","%a.s.","21.750","deg","20.000","°C","977.000","hPa","0.861","-0.02617","0.00035","0","0","13.56","Humid","24.85","0","70.00","286397.15","SABD0000000001","AAV1.0.0.11","1.1.2.0","PSt7-10","170328-006","1/4/2020 10:31:52","0000-00","0","no battery","V"
"11/02/2020","12:54:26","1","default","640513929","OXY_CH1","100.059","min","171.304","µmol/L","Humid","22.603","deg","42169","µV","26.483","°C","1018.000","hPa","35.3","pmil","0","55.520","deg","20.000","°C","100.000","%a.s.","21.750","deg","20.000","°C","977.000","hPa","0.861","-0.02617","0.00035","0","0","13.56","Humid","24.85","0","70.00","286386.51","SABD0000000001","AAV1.0.0.11","1.1.2.0","PSt7-10","170328-006","1/4/2020 10:31:52","0000-00","0","no battery","V"
"11/02/2020","12:54:27","1","default","640513929","OXY_CH1","100.075","min","171.379","µmol/L","Humid","22.597","deg","42172","µV","26.486","°C","1018.000","hPa","35.3","pmil","0","55.520","deg","20.000","°C","100.000","%a.s.","21.750","deg","20.000","°C","977.000","hPa","0.861","-0.02617","0.00035","0","0","13.56","Humid","24.85","0","70.00","286385.88","SABD0000000001","AAV1.0.0.11","1.1.2.0","PSt7-10","170328-006","1/4/2020 10:31:52","0000-00","0","no battery","V"
"11/02/2020","12:54:28","1","default","640513929","OXY_CH1","100.092","min","171.234","µmol/L","Humid","22.606","deg","42170","µV","26.489","°C","1018.000","hPa","35.3","pmil","0","55.520","deg","20.000","°C","100.000","%a.s.","21.750","deg","20.000","°C","977.000","hPa","0.861","-0.02617","0.00035","0","0","13.56","Humid","24.85","0","70.00","286395.32","SABD0000000001","AAV1.0.0.11","1.1.2.0","PSt7-10","170328-006","1/4/2020 10:31:52","0000-00","0","no battery","V"
"11/02/2020","12:54:29","1","default","640513929","OXY_CH1","100.109","min","171.354","µmol/L","Humid","22.599","deg","42168","µV","26.485","°C","1018.000","hPa","35.3","pmil","0","55.520","deg","20.000","°C","100.000","%a.s.","21.750","deg","20.000","°C","977.000","hPa","0.861","-0.02617","0.00035","0","0","13.56","Humid","24.85","0","70.00","286384.07","SABD0000000001","AAV1.0.0.11","1.1.2.0","PSt7-10","170328-006","1/4/2020 10:31:52","0000-00","0","no battery","V"
"11/02/2020","12:54:30","1","default","640513929","OXY_CH1","100.125","min","171.240","µmol/L","Humid","22.606","deg","42165","µV","26.488","°C","1018.000","hPa","35.3","pmil","0","55.520","deg","20.000","°C","100.000","%a.s.","21.750","deg","20.000","°C","977.000","hPa","0.861","-0.02617","0.00035","0","0","13.56","Humid","24.85","0","70.00","286389.38","SABD0000000001","AAV1.0.0.11","1.1.2.0","PSt7-10","170328-006","1/4/2020 10:31:52","0000-00","0","no battery","V"
"11/02/2020","12:54:31","1","default","640513929","OXY_CH1","100.142","min","171.365","µmol/L","Humid","22.597","deg","42157","µV","26.489","°C","1018.000","hPa","35.3","pmil","0","55.520","deg","20.000","°C","100.000","%a.s.","21.750","deg","20.000","°C","977.000","hPa","0.861","-0.02617","0.00035","0","0","13.56","Humid","24.85","0","70.00","286386.54","SABD0000000001","AAV1.0.0.11","1.1.2.0","PSt7-10","170328-006","1/4/2020 10:31:52","0000-00","0","no battery","V"
"11/02/2020","12:54:32","1","default","640513929","OXY_CH1","100.159","min","171.321","µmol/L","Humid","22.599","deg","42168","µV","26.492","°C","1018.000","hPa","35.3","pmil","0","55.520","deg","20.000","°C","100.000","%a.s.","21.750","deg","20.000","°C","977.000","hPa","0.861","-0.02617","0.00035","0","0","13.56","Humid","24.85","0","70.00","286390.96","SABD0000000001","AAV1.0.0.11","1.1.2.0","PSt7-10","170328-006","1/4/2020 10:31:52","0000-00","0","no battery","V"
"11/02/2020","12:54:33","1","default","640513929","OXY_CH1","100.175","min","171.321","µmol/L","Humid","22.598","deg","42168","µV","26.495","°C","1018.000","hPa","35.3","pmil","0","55.520","deg","20.000","°C","100.000","%a.s.","21.750","deg","20.000","°C","977.000","hPa","0.861","-0.02617","0.00035","0","0","13.56","Humid","24.85","0","70.00","286385.61","SABD0000000001","AAV1.0.0.11","1.1.2.0","PSt7-10","170328-006","1/4/2020 10:31:52","0000-00","0","no battery","V"
"11/02/2020","12:54:34","1","default","640513929","OXY_CH1","100.192","min","171.345","µmol/L","Humid","22.592","deg","42174","µV","26.508","°C","1018.000","hPa","35.3","pmil","0","55.520","deg","20.000","°C","100.000","%a.s.","21.750","deg","20.000","°C","977.000","hPa","0.861","-0.02617","0.00035","0","0","13.56","Humid","24.85","0","70.00","286387.81","SABD0000000001","AAV1.0.0.11","1.1.2.0","PSt7-10","170328-006","1/4/2020 10:31:52","0000-00","0","no battery","V"
"11/02/2020","12:54:35","1","default","640513929","OXY_CH1","100.209","min","171.151","µmol/L","Humid","22.609","deg","42156","µV","26.497","°C","1018.000","hPa","35.3","pmil","0","55.520","deg","20.000","°C","100.000","%a.s.","21.750","deg","20.000","°C","977.000","hPa","0.861","-0.02617","0.00035","0","0","13.56","Humid","24.85","0","70.00","286385.52","SABD0000000001","AAV1.0.0.11","1.1.2.0","PSt7-10","170328-006","1/4/2020 10:31:52","0000-00","0","no battery","V"
"11/02/2020","12:54:36","1","default","640513929","OXY_CH1","100.226","min","171.292","µmol/L","Humid","22.601","deg","42161","µV","26.492","°C","1018.000","hPa","35.3","pmil","0","55.520","deg","20.000","°C","100.000","%a.s.","21.750","deg","20.000","°C","977.000","hPa","0.861","-0.02617","0.00035","0","0","13.56","Humid","24.85","0","70.00","286389.03","SABD0000000001","AAV1.0.0.11","1.1.2.0","PSt7-10","170328-006","1/4/2020 10:31:52","0000-00","0","no battery","V"
"11/02/2020","12:54:37","1","default","640513929","OXY_CH1","100.242","min","171.344","µmol/L","Humid","22.597","deg","42152","µV","26.493","°C","1018.000","hPa","35.3","pmil","0","55.520","deg","20.000","°C","100.000","%a.s.","21.750","deg","20.000","°C","977.000","hPa","0.861","-0.02617","0.00035","0","0","13.56","Humid","24.85","0","70.00","286377.26","SABD0000000001","AAV1.0.0.11","1.1.2.0","PSt7-10","170328-006","1/4/2020 10:31:52","0000-00","0","no battery","V"
"11/02/2020","12:54:38","1","default","640513929","OXY_CH1","100.259","min","171.393","µmol/L","Humid","22.591","deg","42143","µV","26.501","°C","1018.000","hPa","35.3","pmil","0","55.520","deg","20.000","°C","100.000","%a.s.","21.750","deg","20.000","°C","977.000","hPa","0.861","-0.02617","0.00035","0","0","13.56","Humid","24.85","0","70.00","286382.42","SABD0000000001","AAV1.0.0.11","1.1.2.0","PSt7-10","170328-006","1/4/2020 10:31:52","0000-00","0","no battery","V"
"11/02/2020","12:54:39","1","default","640513929","OXY_CH1","100.276","min","171.549","µmol/L","Humid","22.584","deg","42141","µV","26.490","°C","1018.000","hPa","35.3","pmil","0","55.520","deg","20.000","°C","100.000","%a.s.","21.750","deg","20.000","°C","977.000","hPa","0.861","-0.02617","0.00035","0","0","13.56","Humid","24.85","0","70.00","286374.87","SABD0000000001","AAV1.0.0.11","1.1.2.0","PSt7-10","170328-006","1/4/2020 10:31:52","0000-00","0","no battery","V"
"11/02/2020","12:54:40","1","default","640513929","OXY_CH1","100.292","min","171.546","µmol/L","Humid","22.584","deg","42135","µV","26.491","°C","1018.000","hPa","35.3","pmil","0","55.520","deg","20.000","°C","100.000","%a.s.","21.750","deg","20.000","°C","977.000","hPa","0.861","-0.02617","0.00035","0","0","13.56","Humid","24.85","0","70.00","286383.43","SABD0000000001","AAV1.0.0.11","1.1.2.0","PSt7-10","170328-006","1/4/2020 10:31:52","0000-00","0","no battery","V"
"11/02/2020","12:54:41","1","default","640513929","OXY_CH1","100.308","min","171.329","µmol/L","Humid","22.596","deg","42126","µV","26.499","°C","1018.000","hPa","35.3","pmil","0","55.520","deg","20.000","°C","100.000","%a.s.","21.750","deg","20.000","°C","977.000","hPa","0.861","-0.02617","0.00035","0","0","13.56","Humid","24.85","0","70.00","286373.96","SABD0000000001","AAV1.0.0.11","1.1.2.0","PSt7-10","170328-006","1/4/2020 10:31:52","0000-00","0","no battery","V"
"11/02/2020","12:54:42","1","default","640513929","OXY_CH1","100.325","min","171.379","µmol/L","Humid","22.594","deg","42129","µV","26.495","°C","1018.000","hPa","35.3","pmil","0","55.520","deg","20.000","°C","100.000","%a.s.","21.750","deg","20.000","°C","977.000","hPa","0.861","-0.02617","0.00035","0","0","13.56","Humid","24.85","0","70.00","286378.96","SABD0000000001","AAV1.0.0.11","1.1.2.0","PSt7-10","170328-006","1/4/2020 10:31:52","0000-00","0","no battery","V"
"11/02/2020","12:54:43","1","default","640513929","OXY_CH1","100.342","min","171.565","µmol/L","Humid","22.582","deg","42120","µV","26.493","°C","1018.000","hPa","35.3","pmil","0","55.520","deg","20.000","°C","100.000","%a.s.","21.750","deg","20.000","°C","977.000","hPa","0.861","-0.02617","0.00035","0","0","13.56","Humid","24.85","0","70.00","286377.87","SABD0000000001","AAV1.0.0.11","1.1.2.0","PSt7-10","170328-006","1/4/2020 10:31:52","0000-00","0","no battery","V"
"11/02/2020","12:54:44","1","default","640513929","OXY_CH1","100.358","min","171.308","µmol/L","Humid","22.602","deg","42111","µV","26.486","°C","1018.000","hPa","35.3","pmil","0","55.520","deg","20.000","°C","100.000","%a.s.","21.750","deg","20.000","°C","977.000","hPa","0.861","-0.02617","0.00035","0","0","13.56","Humid","24.85","0","70.00","286376.59","SABD0000000001","AAV1.0.0.11","1.1.2.0","PSt7-10","170328-006","1/4/2020 10:31:52","0000-00","0","no battery","V"
"11/02/2020","12:54:45","1","default","640513929","OXY_CH1","100.375","min","171.358","µmol/L","Humid","22.597","deg","42111","µV","26.490","°C","1018.000","hPa","35.3","pmil","0","55.520","deg","20.000","°C","100.000","%a.s.","21.750","deg","20.000","°C","977.000","hPa","0.861","-0.02617","0.00035","0","0","13.56","Humid","24.85","0","70.00","286369.37","SABD0000000001","AAV1.0.0.11","1.1.2.0","PSt7-10","170328-006","1/4/2020 10:31:52","0000-00","0","no battery","V"
"11/02/2020","12:54:46","1","default","640513929","OXY_CH1","100.392","min","171.512","µmol/L","Humid","22.589","deg","42101","µV","26.483","°C","1018.000","hPa","35.3","pmil","0","55.520","deg","20.000","°C","100.000","%a.s.","21.750","deg","20.000","°C","977.000","hPa","0.861","-0.02617","0.00035","0","0","13.56","Humid","24.85","0","70.00","286384.91","SABD0000000001","AAV1.0.0.11","1.1.2.0","PSt7-10","170328-006","1/4/2020 10:31:52","0000-00","0","no battery","V"
"11/02/2020","12:54:47","1","default","640513929","OXY_CH1","100.409","min","171.358","µmol/L","Humid","22.596","deg","42095","µV","26.493","°C","1018.000","hPa","35.3","pmil","0","55.520","deg","20.000","°C","100.000","%a.s.","21.750","deg","20.000","°C","977.000","hPa","0.861","-0.02617","0.00035","0","0","13.56","Humid","24.85","0","70.00","286374.48","SABD0000000001","AAV1.0.0.11","1.1.2.0","PSt7-10","170328-006","1/4/2020 10:31:52","0000-00","0","no battery","V"
"11/02/2020","12:54:48","1","default","640513929","OXY_CH1","100.425","min","171.405","µmol/L","Humid","22.589","deg","42091","µV","26.504","°C","1018.000","hPa","35.3","pmil","0","55.520","deg","20.000","°C","100.000","%a.s.","21.750","deg","20.000","°C","977.000","hPa","0.861","-0.02617","0.00035","0","0","13.56","Humid","24.85","0","70.00","286375.10","SABD0000000001","AAV1.0.0.11","1.1.2.0","PSt7-10","170328-006","1/4/2020 10:31:52","0000-00","0","no battery","V"
"11/02/2020","12:54:49","1","default","640513929","OXY_CH1","100.442","min","171.584","µmol/L","Humid","22.584","deg","42088","µV","26.483","°C","1018.000","hPa","35.3","pmil","0","55.520","deg","20.000","°C","100.000","%a.s.","21.750","deg","20.000","°C","977.000","hPa","0.861","-0.02617","0.00035","0","0","13.56","Humid","24.85","0","70.00","286367.13","SABD0000000001","AAV1.0.0.11","1.1.2.0","PSt7-10","170328-006","1/4/2020 10:31:52","0000-00","0","no battery","V"
"11/02/2020","12:54:50","1","default","640513929","OXY_CH1","100.459","min","171.496","µmol/L","Humid","22.589","deg","42084","µV","26.486","°C","1018.000","hPa","35.3","pmil","0","55.520","deg","20.000","°C","100.000","%a.s.","21.750","deg","20.000","°C","977.000","hPa","0.861","-0.02617","0.00035","0","0","13.56","Humid","24.85","0","70.00","286370.92","SABD0000000001","AAV1.0.0.11","1.1.2.0","PSt7-10","170328-006","1/4/2020 10:31:52","0000-00","0","no battery","V"
"11/02/2020","12:54:51","1","default","640513929","OXY_CH1","100.476","min","171.534","µmol/L","Humid","22.585","deg","42075","µV","26.490","°C","1018.000","hPa","35.3","pmil","0","55.520","deg","20.000","°C","100.000","%a.s.","21.750","deg","20.000","°C","977.000","hPa","0.861","-0.02617","0.00035","0","0","13.56","Humid","24.85","0","70.00","286368.53","SABD0000000001","AAV1.0.0.11","1.1.2.0","PSt7-10","170328-006","1/4/2020 10:31:52","0000-00","0","no battery","V"
"11/02/2020","12:54:52","1","default","640513929","OXY_CH1","100.492","min","171.649","µmol/L","Humid","22.573","deg","42072","µV","26.502","°C","1018.000","hPa","35.3","pmil","0","55.520","deg","20.000","°C","100.000","%a.s.","21.750","deg","20.000","°C","977.000","hPa","0.861","-0.02617","0.00035","0","0","13.56","Humid","24.85","0","70.00","286377.81","SABD0000000001","AAV1.0.0.11","1.1.2.0","PSt7-10","170328-006","1/4/2020 10:31:52","0000-00","0","no battery","V"
"11/02/2020","12:54:53","1","default","640513929","OXY_CH1","100.509","min","171.482","µmol/L","Humid","22.586","deg","42072","µV","26.498","°C","1018.000","hPa","35.3","pmil","0","55.520","deg","20.000","°C","100.000","%a.s.","21.750","deg","20.000","°C","977.000","hPa","0.861","-0.02617","0.00035","0","0","13.56","Humid","24.85","0","70.00","286376.92","SABD0000000001","AAV1.0.0.11","1.1.2.0","PSt7-10","170328-006","1/4/2020 10:31:52","0000-00","0","no battery","V"
"11/02/2020","12:54:54","1","default","640513929","OXY_CH1","100.525","min","171.545","µmol/L","Humid","22.581","deg","42064","µV","26.500","°C","1018.000","hPa","35.3","pmil","0","55.520","deg","20.000","°C","100.000","%a.s.","21.750","deg","20.000","°C","977.000","hPa","0.861","-0.02617","0.00035","0","0","13.56","Humid","24.85","0","70.00","286360.23","SABD0000000001","AAV1.0.0.11","1.1.2.0","PSt7-10","170328-006","1/4/2020 10:31:52","0000-00","0","no battery","V"
"11/02/2020","12:54:55","1","default","640513929","OXY_CH1","100.542","min","171.554","µmol/L","Humid","22.584","deg","42062","µV","26.489","°C","1018.000","hPa","35.3","pmil","0","55.520","deg","20.000","°C","100.000","%a.s.","21.750","deg","20.000","°C","977.000","hPa","0.861","-0.02617","0.00035","0","0","13.56","Humid","24.85","0","70.00","286376.80","SABD0000000001","AAV1.0.0.11","1.1.2.0","PSt7-10","170328-006","1/4/2020 10:31:52","0000-00","0","no battery","V"
"11/02/2020","12:54:56","1","default","640513929","OXY_CH1","100.558","min","171.653","µmol/L","Humid","22.576","deg","42059","µV","26.493","°C","1018.000","hPa","35.3","pmil","0","55.520","deg","20.000","°C","100.000","%a.s.","21.750","deg","20.000","°C","977.000","hPa","0.861","-0.02617","0.00035","0","0","13.56","Humid","24.85","0","70.00","286369.61","SABD0000000001","AAV1.0.0.11","1.1.2.0","PSt7-10","170328-006","1/4/2020 10:31:52","0000-00","0","no battery","V"
"11/02/2020","12:54:57","1","default","640513929","OXY_CH1","100.575","min","171.695","µmol/L","Humid","22.575","deg","42044","µV","26.487","°C","1018.000","hPa","35.3","pmil","0","55.520","deg","20.000","°C","100.000","%a.s.","21.750","deg","20.000","°C","977.000","hPa","0.861","-0.02617","0.00035","0","0","13.56","Humid","24.85","0","70.00","286369.84","SABD0000000001","AAV1.0.0.11","1.1.2.0","PSt7-10","170328-006","1/4/2020 10:31:52","0000-00","0","no battery","V"
"11/02/2020","12:54:58","1","default","640513929","OXY_CH1","100.592","min","171.559","µmol/L","Humid","22.581","deg","42047","µV","26.497","°C","1018.000","hPa","35.3","pmil","0","55.520","deg","20.000","°C","100.000","%a.s.","21.750","deg","20.000","°C","977.000","hPa","0.861","-0.02617","0.00035","0","0","13.56","Humid","24.85","0","70.00","286367.67","SABD0000000001","AAV1.0.0.11","1.1.2.0","PSt7-10","170328-006","1/4/2020 10:31:52","0000-00","0","no battery","V"
"11/02/2020","12:54:59","1","default","640513929","OXY_CH1","100.609","min","171.588","µmol/L","Humid","22.585","deg","42046","µV","26.479","°C","1018.000","hPa","35.3","pmil","0","55.520","deg","20.000","°C","100.000","%a.s.","21.750","deg","20.000","°C","977.000","hPa","0.861","-0.02617","0.00035","0","0","13.56","Humid","24.85","0","70.00","286370.73","SABD0000000001","AAV1.0.0.11","1.1.2.0","PSt7-10","170328-006","1/4/2020 10:31:52","0000-00","0","no battery","V"
"11/02/2020","12:55:00","1","default","640513929","OXY_CH1","100.625","min","171.561","µmol/L","Humid","22.586","deg","42051","µV","26.482","°C","1018.000","hPa","35.3","pmil","0","55.520","deg","20.000","°C","100.000","%a.s.","21.750","deg","20.000","°C","977.000","hPa","0.861","-0.02617","0.00035","0","0","13.56","Humid","24.85","0","70.00","286368.52","SABD0000000001","AAV1.0.0.11","1.1.2.0","PSt7-10","170328-006","1/4/2020 10:31:52","0000-00","0","no battery","V"
"11/02/2020","12:55:01","1","default","640513929","OXY_CH1","100.642","min","171.801","µmol/L","Humid","22.570","deg","42049","µV","26.481","°C","1018.000","hPa","35.3","pmil","0","55.520","deg","20.000","°C","100.000","%a.s.","21.750","deg","20.000","°C","977.000","hPa","0.861","-0.02617","0.00035","0","0","13.56","Humid","24.85","0","70.00","286360.90","SABD0000000001","AAV1.0.0.11","1.1.2.0","PSt7-10","170328-006","1/4/2020 10:31:52","0000-00","0","no battery","V"
"11/02/2020","12:55:02","1","default","640513929","OXY_CH1","100.659","min","171.670","µmol/L","Humid","22.575","deg","42047","µV","26.492","°C","1018.000","hPa","35.3","pmil","0","55.520","deg","20.000","°C","100.000","%a.s.","21.750","deg","20.000","°C","977.000","hPa","0.861","-0.02617","0.00035","0","0","13.56","Humid","24.85","0","70.00","286373.26","SABD0000000001","AAV1.0.0.11","1.1.2.0","PSt7-10","170328-006","1/4/2020 10:31:52","0000-00","0","no battery","V"
"11/02/2020","12:55:03","1","default","640513929","OXY_CH1","100.676","min","171.719","µmol/L","Humid","22.577","deg","42047","µV","26.477","°C","1018.000","hPa","35.3","pmil","0","55.520","deg","20.000","°C","100.000","%a.s.","21.750","deg","20.000","°C","977.000","hPa","0.861","-0.02617","0.00035","0","0","13.56","Humid","24.85","0","70.00","286368.61","SABD0000000001","AAV1.0.0.11","1.1.2.0","PSt7-10","170328-006","1/4/2020 10:31:52","0000-00","0","no battery","V"
"11/02/2020","12:55:04","1","default","640513929","OXY_CH1","100.692","min","171.764","µmol/L","Humid","22.572","deg","42047","µV","26.482","°C","1018.000","hPa","35.3","pmil","0","55.520","deg","20.000","°C","100.000","%a.s.","21.750","deg","20.000","°C","977.000","hPa","0.861","-0.02617","0.00035","0","0","13.56","Humid","24.85","0","70.00","286355.80","SABD0000000001","AAV1.0.0.11","1.1.2.0","PSt7-10","170328-006","1/4/2020 10:31:52","0000-00","0","no battery","V"
"11/02/2020","12:55:05","1","default","640513929","OXY_CH1","100.709","min","171.619","µmol/L","Humid","22.577","deg","42047","µV","26.497","°C","1018.000","hPa","35.3","pmil","0","55.520","deg","20.000","°C","100.000","%a.s.","21.750","deg","20.000","°C","977.000","hPa","0.861","-0.02617","0.00035","0","0","13.56","Humid","24.85","0","70.00","286362.21","SABD0000000001","AAV1.0.0.11","1.1.2.0","PSt7-10","170328-006","1/4/2020 10:31:52","0000-00","0","no battery","V"
"11/02/2020","12:55:06","1","default","640513929","OXY_CH1","100.726","min","171.637","µmol/L","Humid","22.575","deg","42043","µV","26.499","°C","1018.000","hPa","35.3","pmil","0","55.520","deg","20.000","°C","100.000","%a.s.","21.750","deg","20.000","°C","977.000","hPa","0.861","-0.02617","0.00035","0","0","13.56","Humid","24.85","0","70.00","286350.79","SABD0000000001","AAV1.0.0.11","1.1.2.0","PSt7-10","170328-006","1/4/2020 10:31:52","0000-00","0","no battery","V"
"11/02/2020","12:55:07","1","default","640513929","OXY_CH1","100.742","min","171.691","µmol/L","Humid","22.574","deg","42036","µV","26.491","°C","1018.000","hPa","35.3","pmil","0","55.520","deg","20.000","°C","100.000","%a.s.","21.750","deg","20.000","°C","977.000","hPa","0.861","-0.02617","0.00035","0","0","13.56","Humid","24.85","0","70.00","286354.87","SABD0000000001","AAV1.0.0.11","1.1.2.0","PSt7-10","170328-006","1/4/2020 10:31:52","0000-00","0","no battery","V"
"11/02/2020","12:55:08","1","default","640513929","OXY_CH1","100.758","min","171.802","µmol/L","Humid","22.568","deg","42031","µV","26.487","°C","1018.000","hPa","35.3","pmil","0","55.520","deg","20.000","°C","100.000","%a.s.","21.750","deg","20.000","°C","977.000","hPa","0.861","-0.02617","0.00035","0","0","13.56","Humid","24.85","0","70.00","286353.06","SABD0000000001","AAV1.0.0.11","1.1.2.0","PSt7-10","170328-006","1/4/2020 10:31:52","0000-00","0","no battery","V"
"11/02/2020","12:55:09","1","default","640513929","OXY_CH1","100.775","min","171.795","µmol/L","Humid","22.571","deg","42036","µV","26.479","°C","1018.000","hPa","35.3","pmil","0","55.520","deg","20.000","°C","100.000","%a.s.","21.750","deg","20.000","°C","977.000","hPa","0.861","-0.02617","0.00035","0","0","13.56","Humid","24.85","0","70.00","286356.95","SABD0000000001","AAV1.0.0.11","1.1.2.0","PSt7-10","170328-006","1/4/2020 10:31:52","0000-00","0","no battery","V"
"11/02/2020","12:55:10","1","default","640513929","OXY_CH1","100.792","min","171.573","µmol/L","Humid","22.576","deg","42030","µV","26.509","°C","1018.000","hPa","35.3","pmil","0","55.520","deg","20.000","°C","100.000","%a.s.","21.750","deg","20.000","°C","977.000","hPa","0.861","-0.02617","0.00035","0","0","13.56","Humid","24.85","0","70.00","286351.69","SABD0000000001","AAV1.0.0.11","1.1.2.0","PSt7-10","170328-006","1/4/2020 10:31:52","0000-00","0","no battery","V"
"11/02/2020","12:55:11","1","default","640513929","OXY_CH1","100.809","min","171.794","µmol/L","Humid","22.566","deg","42027","µV","26.494","°C","1018.000","hPa","35.3","pmil","0","55.520","deg","20.000","°C","100.000","%a.s.","21.750","deg","20.000","°C","977.000","hPa","0.861","-0.02617","0.00035","0","0","13.56","Humid","24.85","0","70.00","286349.48","SABD0000000001","AAV1.0.0.11","1.1.2.0","PSt7-10","170328-006","1/4/2020 10:31:52","0000-00","0","no battery","V"
"11/02/2020","12:55:12","1","default","640513929","OXY_CH1","100.825","min","171.739","µmol/L","Humid","22.568","deg","42035","µV","26.499","°C","1018.000","hPa","35.3","pmil","0","55.520","deg","20.000","°C","100.000","%a.s.","21.750","deg","20.000","°C","977.000","hPa","0.861","-0.02617","0.00035","0","0","13.56","Humid","24.85","0","70.00","286342.58","SABD0000000001","AAV1.0.0.11","1.1.2.0","PSt7-10","170328-006","1/4/2020 10:31:52","0000-00","0","no battery","V"
"11/02/2020","12:55:13","1","default","640513929","OXY_CH1","100.842","min","171.723","µmol/L","Humid","22.570","deg","42031","µV","26.497","°C","1018.000","hPa","35.3","pmil","0","55.520","deg","20.000","°C","100.000","%a.s.","21.750","deg","20.000","°C","977.000","hPa","0.861","-0.02617","0.00035","0","0","13.56","Humid","24.85","0","70.00","286352.24","SABD0000000001","AAV1.0.0.11","1.1.2.0","PSt7-10","170328-006","1/4/2020 10:31:52","0000-00","0","no battery","V"
"11/02/2020","12:55:14","1","default","640513929","OXY_CH1","100.859","min","171.838","µmol/L","Humid","22.566","deg","42032","µV","26.485","°C","1018.000","hPa","35.3","pmil","0","55.520","deg","20.000","°C","100.000","%a.s.","21.750","deg","20.000","°C","977.000","hPa","0.861","-0.02617","0.00035","0","0","13.56","Humid","24.85","0","70.00","286341.08","SABD0000000001","AAV1.0.0.11","1.1.2.0","PSt7-10","170328-006","1/4/2020 10:31:52","0000-00","0","no battery","V"
"11/02/2020","12:55:15","1","default","640513929","OXY_CH1","100.876","min","171.834","µmol/L","Humid","22.566","deg","42023","µV","26.486","°C","1018.000","hPa","35.3","pmil","0","55.520","deg","20.000","°C","100.000","%a.s.","21.750","deg","20.000","°C","977.000","hPa","0.861","-0.02617","0.00035","0","0","13.56","Humid","24.85","0","70.00","286346.35","SABD0000000001","AAV1.0.0.11","1.1.2.0","PSt7-10","170328-006","1/4/2020 10:31:52","0000-00","0","no battery","V"
"11/02/2020","12:55:16","1","default","640513929","OXY_CH1","100.892","min","171.952","µmol/L","Humid","22.557","deg","42022","µV","26.489","°C","1018.000","hPa","35.3","pmil","0","55.520","deg","20.000","°C","100.000","%a.s.","21.750","deg","20.000","°C","977.000","hPa","0.861","-0.02617","0.00035","0","0","13.56","Humid","24.85","0","70.00","286347.80","SABD0000000001","AAV1.0.0.11","1.1.2.0","PSt7-10","170328-006","1/4/2020 10:31:52","0000-00","0","no battery","V"
"11/02/2020","12:55:17","1","default","640513929","OXY_CH1","100.909","min","171.866","µmol/L","Humid","22.562","deg","42022","µV","26.491","°C","1018.000","hPa","35.3","pmil","0","55.520","deg","20.000","°C","100.000","%a.s.","21.750","deg","20.000","°C","977.000","hPa","0.861","-0.02617","0.00035","0","0","13.56","Humid","24.85","0","70.00","286343.14","SABD0000000001","AAV1.0.0.11","1.1.2.0","PSt7-10","170328-006","1/4/2020 10:31:52","0000-00","0","no battery","V"
"11/02/2020","12:55:18","1","default","640513929","OXY_CH1","100.926","min","171.948","µmol/L","Humid","22.558","deg","42015","µV","26.487","°C","1018.000","hPa","35.3","pmil","0","55.520","deg","20.000","°C","100.000","%a.s.","21.750","deg","20.000","°C","977.000","hPa","0.861","-0.02617","0.00035","0","0","13.56","Humid","24.85","0","70.00","286352.40","SABD0000000001","AAV1.0.0.11","1.1.2.0","PSt7-10","170328-006","1/4/2020 10:31:52","0000-00","0","no battery","V"
"11/02/2020","12:55:19","1","default","640513929","OXY_CH1","100.942","min","171.994","µmol/L","Humid","22.555","deg","42010","µV","26.486","°C","1018.000","hPa","35.3","pmil","0","55.520","deg","20.000","°C","100.000","%a.s.","21.750","deg","20.000","°C","977.000","hPa","0.861","-0.02617","0.00035","0","0","13.56","Humid","24.85","0","70.00","286340.50","SABD0000000001","AAV1.0.0.11","1.1.2.0","PSt7-10","170328-006","1/4/2020 10:31:52","0000-00","0","no battery","V"
"11/02/2020","12:55:20","1","default","640513929","OXY_CH1","100.959","min","171.787","µmol/L","Humid","22.565","deg","42005","µV","26.498","°C","1018.000","hPa","35.3","pmil","0","55.520","deg","20.000","°C","100.000","%a.s.","21.750","deg","20.000","°C","977.000","hPa","0.861","-0.02617","0.00035","0","0","13.56","Humid","24.85","0","70.00","286338.22","SABD0000000001","AAV1.0.0.11","1.1.2.0","PSt7-10","170328-006","1/4/2020 10:31:52","0000-00","0","no battery","V"
"11/02/2020","12:55:21","1","default","640513929","OXY_CH1","100.976","min","171.975","µmol/L","Humid","22.554","deg","41998","µV","26.493","°C","1018.000","hPa","35.3","pmil","0","55.520","deg","20.000","°C","100.000","%a.s.","21.750","deg","20.000","°C","977.000","hPa","0.861","-0.02617","0.00035","0","0","13.56","Humid","24.85","0","70.00","286338.78","SABD0000000001","AAV1.0.0.11","1.1.2.0","PSt7-10","170328-006","1/4/2020 10:31:52","0000-00","0","no battery","V"
"11/02/2020","12:55:22","1","default","640513929","OXY_CH1","100.992","min","171.970","µmol/L","Humid","22.558","deg","41987","µV","26.482","°C","1018.000","hPa","35.3","pmil","0","55.520","deg","20.000","°C","100.000","%a.s.","21.750","deg","20.000","°C","977.000","hPa","0.861","-0.02617","0.00035","0","0","13.56","Humid","24.85","0","70.00","286336.43","SABD0000000001","AAV1.0.0.11","1.1.2.0","PSt7-10","170328-006","1/4/2020 10:31:52","0000-00","0","no battery","V"
"11/02/2020","12:55:23","1","default","640513929","OXY_CH1","101.008","min","171.900","µmol/L","Humid","22.564","deg","41990","µV","26.479","°C","1018.000","hPa","35.3","pmil","0","55.520","deg","20.000","°C","100.000","%a.s.","21.750","deg","20.000","°C","977.000","hPa","0.861","-0.02617","0.00035","0","0","13.56","Humid","24.85","0","70.00","286330.66","SABD0000000001","AAV1.0.0.11","1.1.2.0","PSt7-10","170328-006","1/4/2020 10:31:52","0000-00","0","no battery","V"
"11/02/2020","12:55:24","1","default","640513929","OXY_CH1","101.025","min","172.039","µmol/L","Humid","22.553","deg","41983","µV","26.483","°C","1018.000","hPa","35.3","pmil","0","55.520","deg","20.000","°C","100.000","%a.s.","21.750","deg","20.000","°C","977.000","hPa","0.861","-0.02617","0.00035","0","0","13.56","Humid","24.85","0","70.00","286336.76","SABD0000000001","AAV1.0.0.11","1.1.2.0","PSt7-10","170328-006","1/4/2020 10:31:52","0000-00","0","no battery","V"
"11/02/2020","12:55:25","1","default","640513929","OXY_CH1","101.042","min","172.051","µmol/L","Humid","22.552","deg","41973","µV","26.484","°C","1018.000","hPa","35.3","pmil","0","55.520","deg","20.000","°C","100.000","%a.s.","21.750","deg","20.000","°C","977.000","hPa","0.861","-0.02617","0.00035","0","0","13.56","Humid","24.85","0","70.00","286343.10","SABD0000000001","AAV1.0.0.11","1.1.2.0","PSt7-10","170328-006","1/4/2020 10:31:52","0000-00","0","no battery","V"
"11/02/2020","12:55:26","1","default","640513929","OXY_CH1","101.059","min","171.984","µmol/L","Humid","22.557","deg","41967","µV","26.483","°C","1018.000","hPa","35.3","pmil","0","55.520","deg","20.000","°C","100.000","%a.s.","21.750","deg","20.000","°C","977.000","hPa","0.861","-0.02617","0.00035","0","0","13.56","Humid","24.85","0","70.00","286336.94","SABD0000000001","AAV1.0.0.11","1.1.2.0","PSt7-10","170328-006","1/4/2020 10:31:52","0000-00","0","no battery","V"
"11/02/2020","12:55:27","1","default","640513929","OXY_CH1","101.075","min","172.012","µmol/L","Humid","22.556","deg","41966","µV","26.480","°C","1018.000","hPa","35.3","pmil","0","55.520","deg","20.000","°C","100.000","%a.s.","21.750","deg","20.000","°C","977.000","hPa","0.861","-0.02617","0.00035","0","0","13.56","Humid","24.85","0","70.00","286336.42","SABD0000000001","AAV1.0.0.11","1.1.2.0","PSt7-10","170328-006","1/4/2020 10:31:52","0000-00","0","no battery","V"
"11/02/2020","12:55:28","1","default","640513929","OXY_CH1","101.092","min","172.141","µmol/L","Humid","22.547","deg","41964","µV","26.481","°C","1018.000","hPa","35.3","pmil","0","55.520","deg","20.000","°C","100.000","%a.s.","21.750","deg","20.000","°C","977.000","hPa","0.861","-0.02617","0.00035","0","0","13.56","Humid","24.85","0","70.00","286334.69","SABD0000000001","AAV1.0.0.11","1.1.2.0","PSt7-10","170328-006","1/4/2020 10:31:52","0000-00","0","no battery","V"
"11/02/2020","12:55:29","1","default","640513929","OXY_CH1","101.109","min","172.041","µmol/L","Humid","22.553","deg","41952","µV","26.483","°C","1018.000","hPa","35.3","pmil","0","55.520","deg","20.000","°C","100.000","%a.s.","21.750","deg","20.000","°C","977.000","hPa","0.861","-0.02617","0.00035","0","0","13.56","Humid","24.85","0","70.00","286324.06","SABD0000000001","AAV1.0.0.11","1.1.2.0","PSt7-10","170328-006","1/4/2020 10:31:52","0000-00","0","no battery","V"
"11/02/2020","12:55:30","1","default","640513929","OXY_CH1","101.126","min","172.071","µmol/L","Humid","22.548","deg","41955","µV","26.492","°C","1018.000","hPa","35.3","pmil","0","55.520","deg","20.000","°C","100.000","%a.s.","21.750","deg","20.000","°C","977.000","hPa","0.861","-0.02617","0.00035","0","0","13.56","Humid","24.85","0","70.00","286333.60","SABD0000000001","AAV1.0.0.11","1.1.2.0","PSt7-10","170328-006","1/4/2020 10:31:52","0000-00","0","no battery","V"
"11/02/2020","12:55:31","1","default","640513929","OXY_CH1","101.142","min","172.056","µmol/L","Humid","22.549","deg","41945","µV","26.492","°C","1018.000","hPa","35.3","pmil","0","55.520","deg","20.000","°C","100.000","%a.s.","21.750","deg","20.000","°C","977.000","hPa","0.861","-0.02617","0.00035","0","0","13.56","Humid","24.85","0","70.00","286341.16","SABD0000000001","AAV1.0.0.11","1.1.2.0","PSt7-10","170328-006","1/4/2020 10:31:52","0000-00","0","no battery","V"
"11/02/2020","12:55:32","1","default","640513929","OXY_CH1","101.159","min","171.902","µmol/L","Humid","22.557","deg","41942","µV","26.499","°C","1018.000","hPa","35.3","pmil","0","55.520","deg","20.000","°C","100.000","%a.s.","21.750","deg","20.000","°C","977.000","hPa","0.861","-0.02617","0.00035","0","0","13.56","Humid","24.85","0","70.00","286331.89","SABD0000000001","AAV1.0.0.11","1.1.2.0","PSt7-10","170328-006","1/4/2020 10:31:52","0000-00","0","no battery","V"
"11/02/2020","12:55:33","1","default","640513929","OXY_CH1","101.176","min","172.069","µmol/L","Humid","22.549","deg","41937","µV","26.489","°C","1018.000","hPa","35.3","pmil","0","55.520","deg","20.000","°C","100.000","%a.s.","21.750","deg","20.000","°C","977.000","hPa","0.861","-0.02617","0.00035","0","0","13.56","Humid","24.85","0","70.00","286344.76","SABD0000000001","AAV1.0.0.11","1.1.2.0","PSt7-10","170328-006","1/4/2020 10:31:52","0000-00","0","no battery","V"
"11/02/2020","12:55:34","1","default","640513929","OXY_CH1","101.192","min","172.149","µmol/L","Humid","22.544","deg","41937","µV","26.488","°C","1018.000","hPa","35.3","pmil","0","55.520","deg","20.000","°C","100.000","%a.s.","21.750","deg","20.000","°C","977.000","hPa","0.861","-0.02617","0.00035","0","0","13.56","Humid","24.85","0","70.00","286335.92","SABD0000000001","AAV1.0.0.11","1.1.2.0","PSt7-10","170328-006","1/4/2020 10:31:52","0000-00","0","no battery","V"
"11/02/2020","12:55:35","1","default","640513929","OXY_CH1","101.208","min","172.117","µmol/L","Humid","22.545","deg","41930","µV","26.491","°C","1018.000","hPa","35.3","pmil","0","55.520","deg","20.000","°C","100.000","%a.s.","21.750","deg","20.000","°C","977.000","hPa","0.861","-0.02617","0.00035","0","0","13.56","Humid","24.85","0","70.00","286327.74","SABD0000000001","AAV1.0.0.11","1.1.2.0","PSt7-10","170328-006","1/4/2020 10:31:52","0000-00","0","no battery","V"
"11/02/2020","12:55:36","1","default","640513929","OXY_CH1","101.225","min","172.055","µmol/L","Humid","22.554","deg","41925","µV","26.477","°C","1018.000","hPa","35.3","pmil","0","55.520","deg","20.000","°C","100.000","%a.s.","21.750","deg","20.000","°C","977.000","hPa","0.861","-0.02617","0.00035","0","0","13.56","Humid","24.85","0","70.00","286332.51","SABD0000000001","AAV1.0.0.11","1.1.2.0","PSt7-10","170328-006","1/4/2020 10:31:52","0000-00","0","no battery","V"
"11/02/2020","12:55:37","1","default","640513929","OXY_CH1","101.242","min","172.240","µmol/L","Humid","22.541","deg","41925","µV","26.478","°C","1018.000","hPa","35.3","pmil","0","55.520","deg","20.000","°C","100.000","%a.s.","21.750","deg","20.000","°C","977.000","hPa","0.861","-0.02617","0.00035","0","0","13.56","Humid","24.85","0","70.00","286328.19","SABD0000000001","AAV1.0.0.11","1.1.2.0","PSt7-10","170328-006","1/4/2020 10:31:52","0000-00","0","no battery","V"
"11/02/2020","12:55:38","1","default","640513929","OXY_CH1","101.259","min","172.173","µmol/L","Humid","22.545","deg","41926","µV","26.480","°C","1018.000","hPa","35.3","pmil","0","55.520","deg","20.000","°C","100.000","%a.s.","21.750","deg","20.000","°C","977.000","hPa","0.861","-0.02617","0.00035","0","0","13.56","Humid","24.85","0","70.00","286320.96","SABD0000000001","AAV1.0.0.11","1.1.2.0","PSt7-10","170328-006","1/4/2020 10:31:52","0000-00","0","no battery","V"
"11/02/2020","12:55:39","1","default","640513929","OXY_CH1","101.275","min","172.125","µmol/L","Humid","22.543","deg","41920","µV","26.496","°C","1018.000","hPa","35.3","pmil","0","55.520","deg","20.000","°C","100.000","%a.s.","21.750","deg","20.000","°C","977.000","hPa","0.861","-0.02617","0.00035","0","0","13.56","Humid","24.85","0","70.00","286320.25","SABD0000000001","AAV1.0.0.11","1.1.2.0","PSt7-10","170328-006","1/4/2020 10:31:52","0000-00","0","no battery","V"
"11/02/2020","12:55:40","1","default","640513929","OXY_CH1","101.292","min","172.074","µmol/L","Humid","22.548","deg","41920","µV","26.491","°C","1018.000","hPa","35.3","pmil","0","55.520","deg","20.000","°C","100.000","%a.s.","21.750","deg","20.000","°C","977.000","hPa","0.861","-0.02617","0.00035","0","0","13.56","Humid","24.85","0","70.00","286326.75","SABD0000000001","AAV1.0.0.11","1.1.2.0","PSt7-10","170328-006","1/4/2020 10:31:52","0000-00","0","no battery","V"
"11/02/2020","12:55:41","1","default","640513929","OXY_CH1","101.309","min","172.135","µmol/L","Humid","22.547","deg","41918","µV","26.482","°C","1018.000","hPa","35.3","pmil","0","55.520","deg","20.000","°C","100.000","%a.s.","21.750","deg","20.000","°C","977.000","hPa","0.861","-0.02617","0.00035","0","0","13.56","Humid","24.85","0","70.00","286329.60","SABD0000000001","AAV1.0.0.11","1.1.2.0","PSt7-10","170328-006","1/4/2020 10:31:52","0000-00","0","no battery","V"
"11/02/2020","12:55:42","1","default","640513929","OXY_CH1","101.326","min","172.254","µmol/L","Humid","22.540","deg","41914","µV","26.479","°C","1018.000","hPa","35.3","pmil","0","55.520","deg","20.000","°C","100.000","%a.s.","21.750","deg","20.000","°C","977.000","hPa","0.861","-0.02617","0.00035","0","0","13.56","Humid","24.85","0","70.00","286331.45","SABD0000000001","AAV1.0.0.11","1.1.2.0","PSt7-10","170328-006","1/4/2020 10:31:52","0000-00","0","no battery","V"
"11/02/2020","12:55:43","1","default","640513929","OXY_CH1","101.342","min","172.366","µmol/L","Humid","22.534","deg","41916","µV","26.474","°C","1018.000","hPa","35.3","pmil","0","55.520","deg","20.000","°C","100.000","%a.s.","21.750","deg","20.000","°C","977.000","hPa","0.861","-0.02617","0.00035","0","0","13.56","Humid","24.85","0","70.00","286312.41","SABD0000000001","AAV1.0.0.11","1.1.2.0","PSt7-10","170328-006","1/4/2020 10:31:52","0000-00","0","no battery","V"
"11/02/2020","12:55:44","1","default","640513929","OXY_CH1","101.359","min","172.280","µmol/L","Humid","22.537","deg","41921","µV","26.482","°C","1018.000","hPa","35.3","pmil","0","55.520","deg","20.000","°C","100.000","%a.s.","21.750","deg","20.000","°C","977.000","hPa","0.861","-0.02617","0.00035","0","0","13.56","Humid","24.85","0","70.00","286321.66","SABD0000000001","AAV1.0.0.11","1.1.2.0","PSt7-10","170328-006","1/4/2020 10:31:52","0000-00","0","no battery","V"
"11/02/2020","12:55:45","1","default","640513929","OXY_CH1","101.375","min","172.191","µmol/L","Humid","22.543","deg","41919","µV","26.482","°C","1018.000","hPa","35.3","pmil","0","55.520","deg","20.000","°C","100.000","%a.s.","21.750","deg","20.000","°C","977.000","hPa","0.861","-0.02617","0.00035","0","0","13.56","Humid","24.85","0","70.00","286310.42","SABD0000000001","AAV1.0.0.11","1.1.2.0","PSt7-10","170328-006","1/4/2020 10:31:52","0000-00","0","no battery","V"
"11/02/2020","12:55:46","1","default","640513929","OXY_CH1","101.392","min","172.283","µmol/L","Humid","22.537","deg","41910","µV","26.482","°C","1018.000","hPa","35.3","pmil","0","55.520","deg","20.000","°C","100.000","%a.s.","21.750","deg","20.000","°C","977.000","hPa","0.861","-0.02617","0.00035","0","0","13.56","Humid","24.85","0","70.00","286331.81","SABD0000000001","AAV1.0.0.11","1.1.2.0","PSt7-10","170328-006","1/4/2020 10:31:52","0000-00","0","no battery","V"
"11/02/2020","12:55:47","1","default","640513929","OXY_CH1","101.408","min","172.243","µmol/L","Humid","22.541","deg","41911","µV","26.478","°C","1018.000","hPa","35.3","pmil","0","55.520","deg","20.000","°C","100.000","%a.s.","21.750","deg","20.000","°C","977.000","hPa","0.861","-0.02617","0.00035","0","0","13.56","Humid","24.85","0","70.00","286313.74","SABD0000000001","AAV1.0.0.11","1.1.2.0","PSt7-10","170328-006","1/4/2020 10:31:52","0000-00","0","no battery","V"
"11/02/2020","12:55:48","1","default","640513929","OXY_CH1","101.425","min","172.307","µmol/L","Humid","22.539","deg","41912","µV","26.471","°C","1018.000","hPa","35.3","pmil","0","55.520","deg","20.000","°C","100.000","%a.s.","21.750","deg","20.000","°C","977.000","hPa","0.861","-0.02617","0.00035","0","0","13.56","Humid","24.85","0","70.00","286320.98","SABD0000000001","AAV1.0.0.11","1.1.2.0","PSt7-10","170328-006","1/4/2020 10:31:52","0000-00","0","no battery","V"
"11/02/2020","12:55:49","1","default","640513929","OXY_CH1","101.442","min","172.165","µmol/L","Humid","22.544","deg","41911","µV","26.485","°C","1018.000","hPa","35.3","pmil","0","55.520","deg","20.000","°C","100.000","%a.s.","21.750","deg","20.000","°C","977.000","hPa","0.861","-0.02617","0.00035","0","0","13.56","Humid","24.85","0","70.00","286313.94","SABD0000000001","AAV1.0.0.11","1.1.2.0","PSt7-10","170328-006","1/4/2020 10:31:52","0000-00","0","no battery","V"
"11/02/2020","12:55:50","1","default","640513929","OXY_CH1","101.459","min","172.264","µmol/L","Humid","22.531","deg","41905","µV","26.503","°C","1018.000","hPa","35.3","pmil","0","55.520","deg","20.000","°C","100.000","%a.s.","21.750","deg","20.000","°C","977.000","hPa","0.861","-0.02617","0.00035","0","0","13.56","Humid","24.85","0","70.00","286320.11","SABD0000000001","AAV1.0.0.11","1.1.2.0","PSt7-10","170328-006","1/4/2020 10:31:52","0000-00","0","no battery","V"
"11/02/2020","12:55:51","1","default","640513929","OXY_CH1","101.475","min","172.166","µmol/L","Humid","22.540","deg","41906","µV","26.496","°C","1018.000","hPa","35.3","pmil","0","55.520","deg","20.000","°C","100.000","%a.s.","21.750","deg","20.000","°C","977.000","hPa","0.861","-0.02617","0.00035","0","0","13.56","Humid","24.85","0","70.00","286319.92","SABD0000000001","AAV1.0.0.11","1.1.2.0","PSt7-10","170328-006","1/4/2020 10:31:52","0000-00","0","no battery","V"
"11/02/2020","12:55:52","1","default","640513929","OXY_CH1","101.492","min","172.379","µmol/L","Humid","22.531","deg","41905","µV","26.480","°C","1018.000","hPa","35.3","pmil","0","55.520","deg","20.000","°C","100.000","%a.s.","21.750","deg","20.000","°C","977.000","hPa","0.861","-0.02617","0.00035","0","0","13.56","Humid","24.85","0","70.00","286308.73","SABD0000000001","AAV1.0.0.11","1.1.2.0","PSt7-10","170328-006","1/4/2020 10:31:52","0000-00","0","no battery","V"
"11/02/2020","12:55:53","1","default","640513929","OXY_CH1","101.509","min","172.238","µmol/L","Humid","22.535","deg","41902","µV","26.496","°C","1018.000","hPa","35.3","pmil","0","55.520","deg","20.000","°C","100.000","%a.s.","21.750","deg","20.000","°C","977.000","hPa","0.861","-0.02617","0.00035","0","0","13.56","Humid","24.85","0","70.00","286314.75","SABD0000000001","AAV1.0.0.11","1.1.2.0","PSt7-10","170328-006","1/4/2020 10:31:52","0000-00","0","no battery","V"
"11/02/2020","12:55:54","1","default","640513929","OXY_CH1","101.526","min","172.493","µmol/L","Humid","22.522","deg","41898","µV","26.484","°C","1018.000","hPa","35.3","pmil","0","55.520","deg","20.000","°C","100.000","%a.s.","21.750","deg","20.000","°C","977.000","hPa","0.861","-0.02617","0.00035","0","0","13.56","Humid","24.85","0","70.00","286306.75","SABD0000000001","AAV1.0.0.11","1.1.2.0","PSt7-10","170328-006","1/4/2020 10:31:52","0000-00","0","no battery","V"
"11/02/2020","12:55:55","1","default","640513929","OXY_CH1","101.542","min","172.232","µmol/L","Humid","22.534","deg","41895","µV","26.501","°C","1018.000","hPa","35.3","pmil","0","55.520","deg","20.000","°C","100.000","%a.s.","21.750","deg","20.000","°C","977.000","hPa","0.861","-0.02617","0.00035","0","0","13.56","Humid","24.85","0","70.00","286311.25","SABD0000000001","AAV1.0.0.11","1.1.2.0","PSt7-10","170328-006","1/4/2020 10:31:52","0000-00","0","no battery","V"
"11/02/2020","12:55:56","1","default","640513929","OXY_CH1","101.559","min","172.438","µmol/L","Humid","22.528","deg","41892","µV","26.477","°C","1018.000","hPa","35.3","pmil","0","55.520","deg","20.000","°C","100.000","%a.s.","21.750","deg","20.000","°C","977.000","hPa","0.861","-0.02617","0.00035","0","0","13.56","Humid","24.85","0","70.00","286315.20","SABD0000000001","AAV1.0.0.11","1.1.2.0","PSt7-10","170328-006","1/4/2020 10:31:52","0000-00","0","no battery","V"
"11/02/2020","12:55:57","1","default","640513929","OXY_CH1","101.576","min","172.367","µmol/L","Humid","22.533","deg","41890","µV","26.477","°C","1018.000","hPa","35.3","pmil","0","55.520","deg","20.000","°C","100.000","%a.s.","21.750","deg","20.000","°C","977.000","hPa","0.861","-0.02617","0.00035","0","0","13.56","Humid","24.85","0","70.00","286321.46","SABD0000000001","AAV1.0.0.11","1.1.2.0","PSt7-10","170328-006","1/4/2020 10:31:52","0000-00","0","no battery","V"
"11/02/2020","12:55:58","1","default","640513929","OXY_CH1","101.592","min","172.417","µmol/L","Humid","22.528","deg","41888","µV","26.481","°C","1018.000","hPa","35.3","pmil","0","55.520","deg","20.000","°C","100.000","%a.s.","21.750","deg","20.000","°C","977.000","hPa","0.861","-0.02617","0.00035","0","0","13.56","Humid","24.85","0","70.00","286312.28","SABD0000000001","AAV1.0.0.11","1.1.2.0","PSt7-10","170328-006","1/4/2020 10:31:52","0000-00","0","no battery","V"
"11/02/2020","12:55:59","1","default","640513929","OXY_CH1","101.609","min","172.398","µmol/L","Humid","22.528","deg","41887","µV","26.485","°C","1018.000","hPa","35.3","pmil","0","55.520","deg","20.000","°C","100.000","%a.s.","21.750","deg","20.000","°C","977.000","hPa","0.861","-0.02617","0.00035","0","0","13.56","Humid","24.85","0","70.00","286313.38","SABD0000000001","AAV1.0.0.11","1.1.2.0","PSt7-10","170328-006","1/4/2020 10:31:52","0000-00","0","no battery","V"
"11/02/2020","12:56:00","1","default","640513929","OXY_CH1","101.626","min","172.451","µmol/L","Humid","22.527","deg","41884","µV","26.478","°C","1018.000","hPa","35.3","pmil","0","55.520","deg","20.000","°C","100.000","%a.s.","21.750","deg","20.000","°C","977.000","hPa","0.861","-0.02617","0.00035","0","0","13.56","Humid","24.85","0","70.00","286321.45","SABD0000000001","AAV1.0.0.11","1.1.2.0","PSt7-10","170328-006","1/4/2020 10:31:52","0000-00","0","no battery","V"
"11/02/2020","12:56:01","1","default","640513929","OXY_CH1","101.642","min","172.376","µmol/L","Humid","22.532","deg","41875","µV","26.478","°C","1018.000","hPa","35.3","pmil","0","55.520","deg","20.000","°C","100.000","%a.s.","21.750","deg","20.000","°C","977.000","hPa","0.861","-0.02617","0.00035","0","0","13.56","Humid","24.85","0","70.00","286314.66","SABD0000000001","AAV1.0.0.11","1.1.2.0","PSt7-10","170328-006","1/4/2020 10:31:52","0000-00","0","no battery","V"
"11/02/2020","12:56:02","1","default","640513929","OXY_CH1","101.658","min","172.540","µmol/L","Humid","22.521","deg","41870","µV","26.477","°C","1018.000","hPa","35.3","pmil","0","55.520","deg","20.000","°C","100.000","%a.s.","21.750","deg","20.000","°C","977.000","hPa","0.861","-0.02617","0.00035","0","0","13.56","Humid","24.85","0","70.00","286311.35","SABD0000000001","AAV1.0.0.11","1.1.2.0","PSt7-10","170328-006","1/4/2020 10:31:52","0000-00","0","no battery","V"
"11/02/2020","12:56:03","1","default","640513929","OXY_CH1","101.675","min","172.508","µmol/L","Humid","22.522","deg","41872","µV","26.481","°C","1018.000","hPa","35.3","pmil","0","55.520","deg","20.000","°C","100.000","%a.s.","21.750","deg","20.000","°C","977.000","hPa","0.861","-0.02617","0.00035","0","0","13.56","Humid","24.85","0","70.00","286310.67","SABD0000000001","AAV1.0.0.11","1.1.2.0","PSt7-10","170328-006","1/4/2020 10:31:52","0000-00","0","no battery","V"
"11/02/2020","12:56:04","1","default","640513929","OXY_CH1","101.692","min","172.441","µmol/L","Humid","22.529","deg","41869","µV","26.474","°C","1018.000","hPa","35.3","pmil","0","55.520","deg","20.000","°C","100.000","%a.s.","21.750","deg","20.000","°C","977.000","hPa","0.861","-0.02617","0.00035","0","0","13.56","Humid","24.85","0","70.00","286312.15","SABD0000000001","AAV1.0.0.11","1.1.2.0","PSt7-10","170328-006","1/4/2020 10:31:52","0000-00","0","no battery","V"
"11/02/2020","12:56:05","1","default","640513929","OXY_CH1","101.709","min","172.519","µmol/L","Humid","22.525","deg","41876","µV","26.470","°C","1018.000","hPa","35.3","pmil","0","55.520","deg","20.000","°C","100.000","%a.s.","21.750","deg","20.000","°C","977.000","hPa","0.861","-0.02617","0.00035","0","0","13.56","Humid","24.85","0","70.00","286319.94","SABD0000000001","AAV1.0.0.11","1.1.2.0","PSt7-10","170328-006","1/4/2020 10:31:52","0000-00","0","no battery","V"
"11/02/2020","12:56:06","1","default","640513929","OXY_CH1","101.725","min","172.487","µmol/L","Humid","22.524","deg","41866","µV","26.479","°C","1018.000","hPa","35.3","pmil","0","55.520","deg","20.000","°C","100.000","%a.s.","21.750","deg","20.000","°C","977.000","hPa","0.861","-0.02617","0.00035","0","0","13.56","Humid","24.85","0","70.00","286314.60","SABD0000000001","AAV1.0.0.11","1.1.2.0","PSt7-10","170328-006","1/4/2020 10:31:52","0000-00","0","no battery","V"
"11/02/2020","12:56:07","1","default","640513929","OXY_CH1","101.742","min","172.487","µmol/L","Humid","22.518","deg","41865","µV","26.497","°C","1018.000","hPa","35.3","pmil","0","55.520","deg","20.000","°C","100.000","%a.s.","21.750","deg","20.000","°C","977.000","hPa","0.861","-0.02617","0.00035","0","0","13.56","Humid","24.85","0","70.00","286319.78","SABD0000000001","AAV1.0.0.11","1.1.2.0","PSt7-10","170328-006","1/4/2020 10:31:52","0000-00","0","no battery","V"
"11/02/2020","12:56:08","1","default","640513929","OXY_CH1","101.759","min","172.521","µmol/L","Humid","22.517","deg","41864","µV","26.493","°C","1018.000","hPa","35.3","pmil","0","55.520","deg","20.000","°C","100.000","%a.s.","21.750","deg","20.000","°C","977.000","hPa","0.861","-0.02617","0.00035","0","0","13.56","Humid","24.85","0","70.00","286322.52","SABD0000000001","AAV1.0.0.11","1.1.2.0","PSt7-10","170328-006","1/4/2020 10:31:52","0000-00","0","no battery","V"
"11/02/2020","12:56:09","1","default","640513929","OXY_CH1","101.775","min","172.464","µmol/L","Humid","22.517","deg","41857","µV","26.504","°C","1018.000","hPa","35.3","pmil","0","55.520","deg","20.000","°C","100.000","%a.s.","21.750","deg","20.000","°C","977.000","hPa","0.861","-0.02617","0.00035","0","0","13.56","Humid","24.85","0","70.00","286303.76","SABD0000000001","AAV1.0.0.11","1.1.2.0","PSt7-10","170328-006","1/4/2020 10:31:52","0000-00","0","no battery","V"
"11/02/2020","12:56:10","1","default","640513929","OXY_CH1","101.792","min","172.410","µmol/L","Humid","22.527","deg","41857","µV","26.486","°C","1018.000","hPa","35.3","pmil","0","55.520","deg","20.000","°C","100.000","%a.s.","21.750","deg","20.000","°C","977.000","hPa","0.861","-0.02617","0.00035","0","0","13.56","Humid","24.85","0","70.00","286307.53","SABD0000000001","AAV1.0.0.11","1.1.2.0","PSt7-10","170328-006","1/4/2020 10:31:52","0000-00","0","no battery","V"
"11/02/2020","12:56:11","1","default","640513929","OXY_CH1","101.809","min","172.498","µmol/L","Humid","22.518","deg","41854","µV","26.495","°C","1018.000","hPa","35.3","pmil","0","55.520","deg","20.000","°C","100.000","%a.s.","21.750","deg","20.000","°C","977.000","hPa","0.861","-0.02617","0.00035","0","0","13.56","Humid","24.85","0","70.00","286319.50","SABD0000000001","AAV1.0.0.11","1.1.2.0","PSt7-10","170328-006","1/4/2020 10:31:52","0000-00","0","no battery","V"
"11/02/2020","12:56:12","1","default","640513929","OXY_CH1","101.826","min","172.518","µmol/L","Humid","22.514","deg","41858","µV","26.502","°C","1018.000","hPa","35.3","pmil","0","55.520","deg","20.000","°C","100.000","%a.s.","21.750","deg","20.000","°C","977.000","hPa","0.861","-0.02617","0.00035","0","0","13.56","Humid","24.85","0","70.00","286314.83","SABD0000000001","AAV1.0.0.11","1.1.2.0","PSt7-10","170328-006","1/4/2020 10:31:52","0000-00","0","no battery","V"
"11/02/2020","12:56:13","1","default","640513929","OXY_CH1","101.842","min","172.516","µmol/L","Humid","22.514","deg","41851","µV","26.503","°C","1018.000","hPa","35.3","pmil","0","55.520","deg","20.000","°C","100.000","%a.s.","21.750","deg","20.000","°C","977.000","hPa","0.861","-0.02617","0.00035","0","0","13.56","Humid","24.85","0","70.00","286302.09","SABD0000000001","AAV1.0.0.11","1.1.2.0","PSt7-10","170328-006","1/4/2020 10:31:52","0000-00","0","no battery","V"
"11/02/2020","12:56:14","1","default","640513929","OXY_CH1","101.859","min","172.455","µmol/L","Humid","22.522","deg","41844","µV","26.491","°C","1018.000","hPa","35.3","pmil","0","55.520","deg","20.000","°C","100.000","%a.s.","21.750","deg","20.000","°C","977.000","hPa","0.861","-0.02617","0.00035","0","0","13.56","Humid","24.85","0","70.00","286309.57","SABD0000000001","AAV1.0.0.11","1.1.2.0","PSt7-10","170328-006","1/4/2020 10:31:52","0000-00","0","no battery","V"
"11/02/2020","12:56:15","1","default","640513929","OXY_CH1","101.875","min","172.620","µmol/L","Humid","22.514","deg","41846","µV","26.482","°C","1018.000","hPa","35.3","pmil","0","55.520","deg","20.000","°C","100.000","%a.s.","21.750","deg","20.000","°C","977.000","hPa","0.861","-0.02617","0.00035","0","0","13.56","Humid","24.85","0","70.00","286302.45","SABD0000000001","AAV1.0.0.11","1.1.2.0","PSt7-10","170328-006","1/4/2020 10:31:52","0000-00","0","no battery","V"
"11/02/2020","12:56:16","1","default","640513929","OXY_CH1","101.892","min","172.648","µmol/L","Humid","22.508","deg","41848","µV","26.494","°C","1018.000","hPa","35.3","pmil","0","55.520","deg","20.000","°C","100.000","%a.s.","21.750","deg","20.000","°C","977.000","hPa","0.861","-0.02617","0.00035","0","0","13.56","Humid","24.85","0","70.00","286317.02","SABD0000000001","AAV1.0.0.11","1.1.2.0","PSt7-10","170328-006","1/4/2020 10:31:52","0000-00","0","no battery","V"
"11/02/2020","12:56:17","1","default","640513929","OXY_CH1","101.908","min","172.614","µmol/L","Humid","22.512","deg","41846","µV","26.489","°C","1018.000","hPa","35.3","pmil","0","55.520","deg","20.000","°C","100.000","%a.s.","21.750","deg","20.000","°C","977.000","hPa","0.861","-0.02617","0.00035","0","0","13.56","Humid","24.85","0","70.00","286298.77","SABD0000000001","AAV1.0.0.11","1.1.2.0","PSt7-10","170328-006","1/4/2020 10:31:52","0000-00","0","no battery","V"
"11/02/2020","12:56:18","1","default","640513929","OXY_CH1","101.925","min","172.607","µmol/L","Humid","22.515","deg","41840","µV","26.482","°C","1018.000","hPa","35.3","pmil","0","55.520","deg","20.000","°C","100.000","%a.s.","21.750","deg","20.000","°C","977.000","hPa","0.861","-0.02617","0.00035","0","0","13.56","Humid","24.85","0","70.00","286302.19","SABD0000000001","AAV1.0.0.11","1.1.2.0","PSt7-10","170328-006","1/4/2020 10:31:52","0000-00","0","no battery","V"
"11/02/2020","12:56:19","1","default","640513929","OXY_CH1","101.942","min","172.604","µmol/L","Humid","22.515","deg","41837","µV","26.482","°C","1018.000","hPa","35.3","pmil","0","55.520","deg","20.000","°C","100.000","%a.s.","21.750","deg","20.000","°C","977.000","hPa","0.861","-0.02617","0.00035","0","0","13.56","Humid","24.85","0","70.00","286305.94","SABD0000000001","AAV1.0.0.11","1.1.2.0","PSt7-10","170328-006","1/4/2020 10:31:52","0000-00","0","no battery","V"
"11/02/2020","12:56:20","1","default","640513929","OXY_CH1","101.959","min","172.509","µmol/L","Humid","22.517","deg","41832","µV","26.495","°C","1018.000","hPa","35.3","pmil","0","55.520","deg","20.000","°C","100.000","%a.s.","21.750","deg","20.000","°C","977.000","hPa","0.861","-0.02617","0.00035","0","0","13.56","Humid","24.85","0","70.00","286301.27","SABD0000000001","AAV1.0.0.11","1.1.2.0","PSt7-10","170328-006","1/4/2020 10:31:52","0000-00","0","no battery","V"
"11/02/2020","12:56:21","1","default","640513929","OXY_CH1","101.975","min","172.606","µmol/L","Humid","22.514","deg","41833","µV","26.485","°C","1018.000","hPa","35.3","pmil","0","55.520","deg","20.000","°C","100.000","%a.s.","21.750","deg","20.000","°C","977.000","hPa","0.861","-0.02617","0.00035","0","0","13.56","Humid","24.85","0","70.00","286298.43","SABD0000000001","AAV1.0.0.11","1.1.2.0","PSt7-10","170328-006","1/4/2020 10:31:52","0000-00","0","no battery","V"
"11/02/2020","12:56:22","1","default","640513929","OXY_CH1","101.992","min","172.560","µmol/L","Humid","22.515","deg","41831","µV","26.491","°C","1018.000","hPa","35.3","pmil","0","55.520","deg","20.000","°C","100.000","%a.s.","21.750","deg","20.000","°C","977.000","hPa","0.861","-0.02617","0.00035","0","0","13.56","Humid","24.85","0","70.00","286318.70","SABD0000000001","AAV1.0.0.11","1.1.2.0","PSt7-10","170328-006","1/4/2020 10:31:52","0000-00","0","no battery","V"
"11/02/2020","12:56:23","1","default","640513929","OXY_CH1","102.009","min","172.641","µmol/L","Humid","22.510","deg","41830","µV","26.490","°C","1018.000","hPa","35.3","pmil","0","55.520","deg","20.000","°C","100.000","%a.s.","21.750","deg","20.000","°C","977.000","hPa","0.861","-0.02617","0.00035","0","0","13.56","Humid","24.85","0","70.00","286308.28","SABD0000000001","AAV1.0.0.11","1.1.2.0","PSt7-10","170328-006","1/4/2020 10:31:52","0000-00","0","no battery","V"
"11/02/2020","12:56:24","1","default","640513929","OXY_CH1","102.026","min","172.719","µmol/L","Humid","22.507","deg","41835","µV","26.483","°C","1018.000","hPa","35.3","pmil","0","55.520","deg","20.000","°C","100.000","%a.s.","21.750","deg","20.000","°C","977.000","hPa","0.861","-0.02617","0.00035","0","0","13.56","Humid","24.85","0","70.00","286315.32","SABD0000000001","AAV1.0.0.11","1.1.2.0","PSt7-10","170328-006","1/4/2020 10:31:52","0000-00","0","no battery","V"
"11/02/2020","12:56:25","1","default","640513929","OXY_CH1","102.042","min","172.795","µmol/L","Humid","22.504","deg","41836","µV","26.477","°C","1018.000","hPa","35.3","pmil","0","55.520","deg","20.000","°C","100.000","%a.s.","21.750","deg","20.000","°C","977.000","hPa","0.861","-0.02617","0.00035","0","0","13.56","Humid","24.85","0","70.00","286305.87","SABD0000000001","AAV1.0.0.11","1.1.2.0","PSt7-10","170328-006","1/4/2020 10:31:52","0000-00","0","no battery","V"
"11/02/2020","12:56:26","1","default","640513929","OXY_CH1","102.058","min","172.631","µmol/L","Humid","22.514","deg","41825","µV","26.480","°C","1018.000","hPa","35.3","pmil","0","55.520","deg","20.000","°C","100.000","%a.s.","21.750","deg","20.000","°C","977.000","hPa","0.861","-0.02617","0.00035","0","0","13.56","Humid","24.85","0","70.00","286302.67","SABD0000000001","AAV1.0.0.11","1.1.2.0","PSt7-10","170328-006","1/4/2020 10:31:52","0000-00","0","no battery","V"
"11/02/2020","12:56:27","1","default","640513929","OXY_CH1","102.075","min","172.677","µmol/L","Humid","22.505","deg","41823","µV","26.497","°C","1018.000","hPa","35.3","pmil","0","55.520","deg","20.000","°C","100.000","%a.s.","21.750","deg","20.000","°C","977.000","hPa","0.861","-0.02617","0.00035","0","0","13.56","Humid","24.85","0","70.00","286316.57","SABD0000000001","AAV1.0.0.11","1.1.2.0","PSt7-10","170328-006","1/4/2020 10:31:52","0000-00","0","no battery","V"
"11/02/2020","12:56:28","1","default","640513929","OXY_CH1","102.092","min","172.748","µmol/L","Humid","22.499","deg","41815","µV","26.501","°C","1018.000","hPa","35.3","pmil","0","55.520","deg","20.000","°C","100.000","%a.s.","21.750","deg","20.000","°C","977.000","hPa","0.861","-0.02617","0.00035","0","0","13.56","Humid","24.85","0","70.00","286307.69","SABD0000000001","AAV1.0.0.11","1.1.2.0","PSt7-10","170328-006","1/4/2020 10:31:52","0000-00","0","no battery","V"
"11/02/2020","12:56:29","1","default","640513929","OXY_CH1","102.109","min","172.746","µmol/L","Humid","22.505","deg","41823","µV","26.484","°C","1018.000","hPa","35.3","pmil","0","55.520","deg","20.000","°C","100.000","%a.s.","21.750","deg","20.000","°C","977.000","hPa","0.861","-0.02617","0.00035","0","0","13.56","Humid","24.85","0","70.00","286310.92","SABD0000000001","AAV1.0.0.11","1.1.2.0","PSt7-10","170328-006","1/4/2020 10:31:52","0000-00","0","no battery","V"
"11/02/2020","12:56:30","1","default","640513929","OXY_CH1","102.125","min","172.747","µmol/L","Humid","22.506","deg","41812","µV","26.480","°C","1018.000","hPa","35.3","pmil","0","55.520","deg","20.000","°C","100.000","%a.s.","21.750","deg","20.000","°C","977.000","hPa","0.861","-0.02617","0.00035","0","0","13.56","Humid","24.85","0","70.00","286294.33","SABD0000000001","AAV1.0.0.11","1.1.2.0","PSt7-10","170328-006","1/4/2020 10:31:52","0000-00","0","no battery","V"
"11/02/2020","12:56:31","1","default","640513929","OXY_CH1","102.142","min","172.734","µmol/L","Humid","22.505","deg","41807","µV","26.486","°C","1018.000","hPa","35.3","pmil","0","55.520","deg","20.000","°C","100.000","%a.s.","21.750","deg","20.000","°C","977.000","hPa","0.861","-0.02617","0.00035","0","0","13.56","Humid","24.85","0","70.00","286303.64","SABD0000000001","AAV1.0.0.11","1.1.2.0","PSt7-10","170328-006","1/4/2020 10:31:52","0000-00","0","no battery","V"
"11/02/2020","12:56:32","1","default","640513929","OXY_CH1","102.159","min","172.671","µmol/L","Humid","22.509","deg","41810","µV","26.487","°C","1018.000","hPa","35.3","pmil","0","55.520","deg","20.000","°C","100.000","%a.s.","21.750","deg","20.000","°C","977.000","hPa","0.861","-0.02617","0.00035","0","0","13.56","Humid","24.85","0","70.00","286297.19","SABD0000000001","AAV1.0.0.11","1.1.2.0","PSt7-10","170328-006","1/4/2020 10:31:52","0000-00","0","no battery","V"
"11/02/2020","12:56:33","1","default","640513929","OXY_CH1","102.176","min","172.789","µmol/L","Humid","22.500","deg","41803","µV","26.490","°C","1018.000","hPa","35.3","pmil","0","55.520","deg","20.000","°C","100.000","%a.s.","21.750","deg","20.000","°C","977.000","hPa","0.861","-0.02617","0.00035","0","0","13.56","Humid","24.85","0","70.00","286321.51","SABD0000000001","AAV1.0.0.11","1.1.2.0","PSt7-10","170328-006","1/4/2020 10:31:52","0000-00","0","no battery","V"
"11/02/2020","12:56:34","1","default","640513929","OXY_CH1","102.192","min","172.906","µmol/L","Humid","22.496","deg","41805","µV","26.478","°C","1018.000","hPa","35.3","pmil","0","55.520","deg","20.000","°C","100.000","%a.s.","21.750","deg","20.000","°C","977.000","hPa","0.861","-0.02617","0.00035","0","0","13.56","Humid","24.85","0","70.00","286300.74","SABD0000000001","AAV1.0.0.11","1.1.2.0","PSt7-10","170328-006","1/4/2020 10:31:52","0000-00","0","no battery","V"
"11/02/2020","12:56:35","1","default","640513929","OXY_CH1","102.209","min","172.795","µmol/L","Humid","22.503","deg","41802","µV","26.480","°C","1018.000","hPa","35.3","pmil","0","55.520","deg","20.000","°C","100.000","%a.s.","21.750","deg","20.000","°C","977.000","hPa","0.861","-0.02617","0.00035","0","0","13.56","Humid","24.85","0","70.00","286304.19","SABD0000000001","AAV1.0.0.11","1.1.2.0","PSt7-10","170328-006","1/4/2020 10:31:52","0000-00","0","no battery","V"
"11/02/2020","12:56:36","1","default","640513929","OXY_CH1","102.226","min","172.836","µmol/L","Humid","22.498","deg","41802","µV","26.486","°C","1018.000","hPa","35.3","pmil","0","55.520","deg","20.000","°C","100.000","%a.s.","21.750","deg","20.000","°C","977.000","hPa","0.861","-0.02617","0.00035","0","0","13.56","Humid","24.85","0","70.00","286295.43","SABD0000000001","AAV1.0.0.11","1.1.2.0","PSt7-10","170328-006","1/4/2020 10:31:52","0000-00","0","no battery","V"
"11/02/2020","12:56:37","1","default","640513929","OXY_CH1","102.242","min","172.785","µmol/L","Humid","22.499","deg","41799","µV","26.493","°C","1018.000","hPa","35.3","pmil","0","55.520","deg","20.000","°C","100.000","%a.s.","21.750","deg","20.000","°C","977.000","hPa","0.861","-0.02617","0.00035","0","0","13.56","Humid","24.85","0","70.00","286296.98","SABD0000000001","AAV1.0.0.11","1.1.2.0","PSt7-10","170328-006","1/4/2020 10:31:52","0000-00","0","no battery","V"
"11/02/2020","12:56:38","1","default","640513929","OXY_CH1","102.258","min","172.928","µmol/L","Humid","22.493","deg","41793","µV","26.483","°C","1018.000","hPa","35.3","pmil","0","55.520","deg","20.000","°C","100.000","%a.s.","21.750","deg","20.000","°C","977.000","hPa","0.861","-0.02617","0.00035","0","0","13.56","Humid","24.85","0","70.00","286298.89","SABD0000000001","AAV1.0.0.11","1.1.2.0","PSt7-10","170328-006","1/4/2020 10:31:52","0000-00","0","no battery","V"
"11/02/2020","12:56:39","1","default","640513929","OXY_CH1","102.275","min","172.919","µmol/L","Humid","22.493","deg","41803","µV","26.484","°C","1018.000","hPa","35.3","pmil","0","55.520","deg","20.000","°C","100.000","%a.s.","21.750","deg","20.000","°C","977.000","hPa","0.861","-0.02617","0.00035","0","0","13.56","Humid","24.85","0","70.00","286298.62","SABD0000000001","AAV1.0.0.11","1.1.2.0","PSt7-10","170328-006","1/4/2020 10:31:52","0000-00","0","no battery","V"
"11/02/2020","12:56:40","1","default","640513929","OXY_CH1","102.292","min","172.962","µmol/L","Humid","22.489","deg","41797","µV","26.488","°C","1018.000","hPa","35.3","pmil","0","55.520","deg","20.000","°C","100.000","%a.s.","21.750","deg","20.000","°C","977.000","hPa","0.861","-0.02617","0.00035","0","0","13.56","Humid","24.85","0","70.00","286308.18","SABD0000000001","AAV1.0.0.11","1.1.2.0","PSt7-10","170328-006","1/4/2020 10:31:52","0000-00","0","no battery","V"
"11/02/2020","12:56:41","1","default","640513929","OXY_CH1","102.309","min","172.911","µmol/L","Humid","22.492","deg","41795","µV","26.489","°C","1018.000","hPa","35.3","pmil","0","55.520","deg","20.000","°C","100.000","%a.s.","21.750","deg","20.000","°C","977.000","hPa","0.861","-0.02617","0.00035","0","0","13.56","Humid","24.85","0","70.00","286296.09","SABD0000000001","AAV1.0.0.11","1.1.2.0","PSt7-10","170328-006","1/4/2020 10:31:52","0000-00","0","no battery","V"
"11/02/2020","12:56:42","1","default","640513929","OXY_CH1","102.325","min","173.030","µmol/L","Humid","22.488","deg","41789","µV","26.477","°C","1018.000","hPa","35.3","pmil","0","55.520","deg","20.000","°C","100.000","%a.s.","21.750","deg","20.000","°C","977.000","hPa","0.861","-0.02617","0.00035","0","0","13.56","Humid","24.85","0","70.00","286301.47","SABD0000000001","AAV1.0.0.11","1.1.2.0","PSt7-10","170328-006","1/4/2020 10:31:52","0000-00","0","no battery","V"
"11/02/2020","12:56:43","1","default","640513929","OXY_CH1","102.342","min","173.040","µmol/L","Humid","22.483","deg","41786","µV","26.490","°C","1018.000","hPa","35.3","pmil","0","55.520","deg","20.000","°C","100.000","%a.s.","21.750","deg","20.000","°C","977.000","hPa","0.861","-0.02617","0.00035","0","0","13.56","Humid","24.85","0","70.00","286299.08","SABD0000000001","AAV1.0.0.11","1.1.2.0","PSt7-10","170328-006","1/4/2020 10:31:52","0000-00","0","no battery","V"
"11/02/2020","12:56:44","1","default","640513929","OXY_CH1","102.359","min","173.028","µmol/L","Humid","22.492","deg","41782","µV","26.466","°C","1018.000","hPa","35.3","pmil","0","55.520","deg","20.000","°C","100.000","%a.s.","21.750","deg","20.000","°C","977.000","hPa","0.861","-0.02617","0.00035","0","0","13.56","Humid","24.85","0","70.00","286312.83","SABD0000000001","AAV1.0.0.11","1.1.2.0","PSt7-10","170328-006","1/4/2020 10:31:52","0000-00","0","no battery","V"
"11/02/2020","12:56:45","1","default","640513929","OXY_CH1","102.376","min","173.039","µmol/L","Humid","22.486","deg","41785","µV","26.481","°C","1018.000","hPa","35.3","pmil","0","55.520","deg","20.000","°C","100.000","%a.s.","21.750","deg","20.000","°C","977.000","hPa","0.861","-0.02617","0.00035","0","0","13.56","Humid","24.85","0","70.00","286297.78","SABD0000000001","AAV1.0.0.11","1.1.2.0","PSt7-10","170328-006","1/4/2020 10:31:52","0000-00","0","no battery","V"
"11/02/2020","12:56:46","1","default","640513929","OXY_CH1","102.392","min","172.865","µmol/L","Humid","22.492","deg","41782","µV","26.498","°C","1018.000","hPa","35.3","pmil","0","55.520","deg","20.000","°C","100.000","%a.s.","21.750","deg","20.000","°C","977.000","hPa","0.861","-0.02617","0.00035","0","0","13.56","Humid","24.85","0","70.00","286300.37","SABD0000000001","AAV1.0.0.11","1.1.2.0","PSt7-10","170328-006","1/4/2020 10:31:52","0000-00","0","no battery","V"
"11/02/2020","12:56:47","1","default","640513929","OXY_CH1","102.409","min","173.020","µmol/L","Humid","22.482","deg","41783","µV","26.497","°C","1018.000","hPa","35.3","pmil","0","55.520","deg","20.000","°C","100.000","%a.s.","21.750","deg","20.000","°C","977.000","hPa","0.861","-0.02617","0.00035","0","0","13.56","Humid","24.85","0","70.00","286300.68","SABD0000000001","AAV1.0.0.11","1.1.2.0","PSt7-10","170328-006","1/4/2020 10:31:52","0000-00","0","no battery","V"
"11/02/2020","12:56:48","1","default","640513929","OXY_CH1","102.425","min","173.041","µmol/L","Humid","22.484","deg","41782","µV","26.487","°C","1018.000","hPa","35.3","pmil","0","55.520","deg","20.000","°C","100.000","%a.s.","21.750","deg","20.000","°C","977.000","hPa","0.861","-0.02617","0.00035","0","0","13.56","Humid","24.85","0","70.00","286305.73","SABD0000000001","AAV1.0.0.11","1.1.2.0","PSt7-10","170328-006","1/4/2020 10:31:52","0000-00","0","no battery","V"
"11/02/2020","12:56:49","1","default","640513929","OXY_CH1","102.442","min","173.004","µmol/L","Humid","22.485","deg","41775","µV","26.491","°C","1018.000","hPa","35.3","pmil","0","55.520","deg","20.000","°C","100.000","%a.s.","21.750","deg","20.000","°C","977.000","hPa","0.861","-0.02617","0.00035","0","0","13.56","Humid","24.85","0","70.00","286282.32","SABD0000000001","AAV1.0.0.11","1.1.2.0","PSt7-10","170328-006","1/4/2020 10:31:52","0000-00","0","no battery","V"
"11/02/2020","12:56:50","1","default","640513929","OXY_CH1","102.458","min","172.909","µmol/L","Humid","22.488","deg","41772","µV","26.501","°C","1018.000","hPa","35.3","pmil","0","55.520","deg","20.000","°C","100.000","%a.s.","21.750","deg","20.000","°C","977.000","hPa","0.861","-0.02617","0.00035","0","0","13.56","Humid","24.85","0","70.00","286294.34","SABD0000000001","AAV1.0.0.11","1.1.2.0","PSt7-10","170328-006","1/4/2020 10:31:52","0000-00","0","no battery","V"
"11/02/2020","12:56:51","1","default","640513929","OXY_CH1","102.475","min","173.034","µmol/L","Humid","22.483","deg","41769","µV","26.491","°C","1018.000","hPa","35.3","pmil","0","55.520","deg","20.000","°C","100.000","%a.s.","21.750","deg","20.000","°C","977.000","hPa","0.861","-0.02617","0.00035","0","0","13.56","Humid","24.85","0","70.00","286283.76","SABD0000000001","AAV1.0.0.11","1.1.2.0","PSt7-10","170328-006","1/4/2020 10:31:52","0000-00","0","no battery","V"
"11/02/2020","12:56:52","1","default","640513929","OXY_CH1","102.492","min","173.008","µmol/L","Humid","22.485","deg","41771","µV","26.490","°C","1018.000","hPa","35.3","pmil","0","55.520","deg","20.000","°C","100.000","%a.s.","21.750","deg","20.000","°C","977.000","hPa","0.861","-0.02617","0.00035","0","0","13.56","Humid","24.85","0","70.00","286292.44","SABD0000000001","AAV1.0.0.11","1.1.2.0","PSt7-10","170328-006","1/4/2020 10:31:52","0000-00","0","no battery","V"
"11/02/2020","12:56:53","1","default","640513929","OXY_CH1","102.509","min","172.964","µmol/L","Humid","22.486","deg","41774","µV","26.496","°C","1018.000","hPa","35.3","pmil","0","55.520","deg","20.000","°C","100.000","%a.s.","21.750","deg","20.000","°C","977.000","hPa","0.861","-0.02617","0.00035","0","0","13.56","Humid","24.85","0","70.00","286303.92","SABD0000000001","AAV1.0.0.11","1.1.2.0","PSt7-10","170328-006","1/4/2020 10:31:52","0000-00","0","no battery","V"
"11/02/2020","12:56:54","1","default","640513929","OXY_CH1","102.525","min","172.983","µmol/L","Humid","22.489","deg","41763","µV","26.483","°C","1018.000","hPa","35.3","pmil","0","55.520","deg","20.000","°C","100.000","%a.s.","21.750","deg","20.000","°C","977.000","hPa","0.861","-0.02617","0.00035","0","0","13.56","Humid","24.85","0","70.00","286292.22","SABD0000000001","AAV1.0.0.11","1.1.2.0","PSt7-10","170328-006","1/4/2020 10:31:52","0000-00","0","no battery","V"
"11/02/2020","12:56:55","1","default","640513929","OXY_CH1","102.542","min","172.967","µmol/L","Humid","22.487","deg","41773","µV","26.493","°C","1018.000","hPa","35.3","pmil","0","55.520","deg","20.000","°C","100.000","%a.s.","21.750","deg","20.000","°C","977.000","hPa","0.861","-0.02617","0.00035","0","0","13.56","Humid","24.85","0","70.00","286288.84","SABD0000000001","AAV1.0.0.11","1.1.2.0","PSt7-10","170328-006","1/4/2020 10:31:52","0000-00","0","no battery","V"
"11/02/2020","12:56:56","1","default","640513929","OXY_CH1","102.559","min","172.919","µmol/L","Humid","22.491","deg","41762","µV","26.490","°C","1018.000","hPa","35.3","pmil","0","55.520","deg","20.000","°C","100.000","%a.s.","21.750","deg","20.000","°C","977.000","hPa","0.861","-0.02617","0.00035","0","0","13.56","Humid","24.85","0","70.00","286292.84","SABD0000000001","AAV1.0.0.11","1.1.2.0","PSt7-10","170328-006","1/4/2020 10:31:52","0000-00","0","no battery","V"
"11/02/2020","12:56:57","1","default","640513929","OXY_CH1","102.575","min","173.098","µmol/L","Humid","22.479","deg","41763","µV","26.490","°C","1018.000","hPa","35.3","pmil","0","55.520","deg","20.000","°C","100.000","%a.s.","21.750","deg","20.000","°C","977.000","hPa","0.861","-0.02617","0.00035","0","0","13.56","Humid","24.85","0","70.00","286294.78","SABD0000000001","AAV1.0.0.11","1.1.2.0","PSt7-10","170328-006","1/4/2020 10:31:52","0000-00","0","no battery","V"
"11/02/2020","12:56:58","1","default","640513929","OXY_CH1","102.592","min","173.233","µmol/L","Humid","22.471","deg","41769","µV","26.487","°C","1018.000","hPa","35.3","pmil","0","55.520","deg","20.000","°C","100.000","%a.s.","21.750","deg","20.000","°C","977.000","hPa","0.861","-0.02617","0.00035","0","0","13.56","Humid","24.85","0","70.00","286297.92","SABD0000000001","AAV1.0.0.11","1.1.2.0","PSt7-10","170328-006","1/4/2020 10:31:52","0000-00","0","no battery","V"
"11/02/2020","12:56:59","1","default","640513929","OXY_CH1","102.609","min","173.140","µmol/L","Humid","22.478","deg","41769","µV","26.485","°C","1018.000","hPa","35.3","pmil","0","55.520","deg","20.000","°C","100.000","%a.s.","21.750","deg","20.000","°C","977.000","hPa","0.861","-0.02617","0.00035","0","0","13.56","Humid","24.85","0","70.00","286296.34","SABD0000000001","AAV1.0.0.11","1.1.2.0","PSt7-10","170328-006","1/4/2020 10:31:52","0000-00","0","no battery","V"
"11/02/2020","12:57:00","1","default","640513929","OXY_CH1","102.626","min","173.108","µmol/L","Humid","22.480","deg","41766","µV","26.485","°C","1018.000","hPa","35.3","pmil","0","55.520","deg","20.000","°C","100.000","%a.s.","21.750","deg","20.000","°C","977.000","hPa","0.861","-0.02617","0.00035","0","0","13.56","Humid","24.85","0","70.00","286293.09","SABD0000000001","AAV1.0.0.11","1.1.2.0","PSt7-10","170328-006","1/4/2020 10:31:52","0000-00","0","no battery","V"
"11/02/2020","12:57:01","1","default","640513929","OXY_CH1","102.642","min","173.116","µmol/L","Humid","22.478","deg","41766","µV","26.490","°C","1018.000","hPa","35.3","pmil","0","55.520","deg","20.000","°C","100.000","%a.s.","21.750","deg","20.000","°C","977.000","hPa","0.861","-0.02617","0.00035","0","0","13.56","Humid","24.85","0","70.00","286295.75","SABD0000000001","AAV1.0.0.11","1.1.2.0","PSt7-10","170328-006","1/4/2020 10:31:52","0000-00","0","no battery","V"
"11/02/2020","12:57:02","1","default","640513929","OXY_CH1","102.658","min","173.256","µmol/L","Humid","22.473","deg","41771","µV","26.476","°C","1018.000","hPa","35.3","pmil","0","55.520","deg","20.000","°C","100.000","%a.s.","21.750","deg","20.000","°C","977.000","hPa","0.861","-0.02617","0.00035","0","0","13.56","Humid","24.85","0","70.00","286303.83","SABD0000000001","AAV1.0.0.11","1.1.2.0","PSt7-10","170328-006","1/4/2020 10:31:52","0000-00","0","no battery","V"
"11/02/2020","12:57:03","1","default","640513929","OXY_CH1","102.675","min","173.316","µmol/L","Humid","22.471","deg","41773","µV","26.470","°C","1018.000","hPa","35.3","pmil","0","55.520","deg","20.000","°C","100.000","%a.s.","21.750","deg","20.000","°C","977.000","hPa","0.861","-0.02617","0.00035","0","0","13.56","Humid","24.85","0","70.00","286298.96","SABD0000000001","AAV1.0.0.11","1.1.2.0","PSt7-10","170328-006","1/4/2020 10:31:52","0000-00","0","no battery","V"
"11/02/2020","12:57:04","1","default","640513929","OXY_CH1","102.692","min","173.182","µmol/L","Humid","22.477","deg","41767","µV","26.479","°C","1018.000","hPa","35.3","pmil","0","55.520","deg","20.000","°C","100.000","%a.s.","21.750","deg","20.000","°C","977.000","hPa","0.861","-0.02617","0.00035","0","0","13.56","Humid","24.85","0","70.00","286312.77","SABD0000000001","AAV1.0.0.11","1.1.2.0","PSt7-10","170328-006","1/4/2020 10:31:52","0000-00","0","no battery","V"
"11/02/2020","12:57:05","1","default","640513929","OXY_CH1","102.709","min","173.157","µmol/L","Humid","22.471","deg","41763","µV","26.502","°C","1018.000","hPa","35.3","pmil","0","55.520","deg","20.000","°C","100.000","%a.s.","21.750","deg","20.000","°C","977.000","hPa","0.861","-0.02617","0.00035","0","0","13.56","Humid","24.85","0","70.00","286290.79","SABD0000000001","AAV1.0.0.11","1.1.2.0","PSt7-10","170328-006","1/4/2020 10:31:52","0000-00","0","no battery","V"
"11/02/2020","12:57:06","1","default","640513929","OXY_CH1","102.725","min","173.171","µmol/L","Humid","22.472","deg","41755","µV","26.496","°C","1018.000","hPa","35.3","pmil","0","55.520","deg","20.000","°C","100.000","%a.s.","21.750","deg","20.000","°C","977.000","hPa","0.861","-0.02617","0.00035","0","0","13.56","Humid","24.85","0","70.00","286296.09","SABD0000000001","AAV1.0.0.11","1.1.2.0","PSt7-10","170328-006","1/4/2020 10:31:52","0000-00","0","no battery","V"
"11/02/2020","12:57:07","1","default","640513929","OXY_CH1","102.742","min","173.214","µmol/L","Humid","22.471","deg","41752","µV","26.491","°C","1018.000","hPa","35.3","pmil","0","55.520","deg","20.000","°C","100.000","%a.s.","21.750","deg","20.000","°C","977.000","hPa","0.861","-0.02617","0.00035","0","0","13.56","Humid","24.85","0","70.00","286293.64","SABD0000000001","AAV1.0.0.11","1.1.2.0","PSt7-10","170328-006","1/4/2020 10:31:52","0000-00","0","no battery","V"
"11/02/2020","12:57:08","1","default","640513929","OXY_CH1","102.759","min","173.277","µmol/L","Humid","22.468","deg","41754","µV","26.487","°C","1018.000","hPa","35.3","pmil","0","55.520","deg","20.000","°C","100.000","%a.s.","21.750","deg","20.000","°C","977.000","hPa","0.861","-0.02617","0.00035","0","0","13.56","Humid","24.85","0","70.00","286307.82","SABD0000000001","AAV1.0.0.11","1.1.2.0","PSt7-10","170328-006","1/4/2020 10:31:52","0000-00","0","no battery","V"
"11/02/2020","12:57:09","1","default","640513929","OXY_CH1","102.775","min","173.186","µmol/L","Humid","22.475","deg","41749","µV","26.484","°C","1018.000","hPa","35.3","pmil","0","55.520","deg","20.000","°C","100.000","%a.s.","21.750","deg","20.000","°C","977.000","hPa","0.861","-0.02617","0.00035","0","0","13.56","Humid","24.85","0","70.00","286294.75","SABD0000000001","AAV1.0.0.11","1.1.2.0","PSt7-10","170328-006","1/4/2020 10:31:52","0000-00","0","no battery","V"
"11/02/2020","12:57:10","1","default","640513929","OXY_CH1","102.792","min","173.274","µmol/L","Humid","22.467","deg","41753","µV","26.490","°C","1018.000","hPa","35.3","pmil","0","55.520","deg","20.000","°C","100.000","%a.s.","21.750","deg","20.000","°C","977.000","hPa","0.861","-0.02617","0.00035","0","0","13.56","Humid","24.85","0","70.00","286288.58","SABD0000000001","AAV1.0.0.11","1.1.2.0","PSt7-10","170328-006","1/4/2020 10:31:52","0000-00","0","no battery","V"
"11/02/2020","12:57:11","1","default","640513929","OXY_CH1","102.809","min","173.277","µmol/L","Humid","22.465","deg","41751","µV","26.496","°C","1018.000","hPa","35.3","pmil","0","55.520","deg","20.000","°C","100.000","%a.s.","21.750","deg","20.000","°C","977.000","hPa","0.861","-0.02617","0.00035","0","0","13.56","Humid","24.85","0","70.00","286293.82","SABD0000000001","AAV1.0.0.11","1.1.2.0","PSt7-10","170328-006","1/4/2020 10:31:52","0000-00","0","no battery","V"
"11/02/2020","12:57:12","1","default","640513929","OXY_CH1","102.825","min","173.244","µmol/L","Humid","22.472","deg","41745","µV","26.482","°C","1018.000","hPa","35.3","pmil","0","55.520","deg","20.000","°C","100.000","%a.s.","21.750","deg","20.000","°C","977.000","hPa","0.861","-0.02617","0.00035","0","0","13.56","Humid","24.85","0","70.00","286289.91","SABD0000000001","AAV1.0.0.11","1.1.2.0","PSt7-10","170328-006","1/4/2020 10:31:52","0000-00","0","no battery","V"
"11/02/2020","12:57:13","1","default","640513929","OXY_CH1","102.842","min","173.307","µmol/L","Humid","22.469","deg","41738","µV","26.478","°C","1018.000","hPa","35.3","pmil","0","55.520","deg","20.000","°C","100.000","%a.s.","21.750","deg","20.000","°C","977.000","hPa","0.861","-0.02617","0.00035","0","0","13.56","Humid","24.85","0","70.00","286290.94","SABD0000000001","AAV1.0.0.11","1.1.2.0","PSt7-10","170328-006","1/4/2020 10:31:52","0000-00","0","no battery","V"
"11/02/2020","12:57:14","1","default","640513929","OXY_CH1","102.858","min","173.254","µmol/L","Humid","22.470","deg","41744","µV","26.486","°C","1018.000","hPa","35.3","pmil","0","55.520","deg","20.000","°C","100.000","%a.s.","21.750","deg","20.000","°C","977.000","hPa","0.861","-0.02617","0.00035","0","0","13.56","Humid","24.85","0","70.00","286284.48","SABD0000000001","AAV1.0.0.11","1.1.2.0","PSt7-10","170328-006","1/4/2020 10:31:52","0000-00","0","no battery","V"
"11/02/2020","12:57:15","1","default","640513929","OXY_CH1","102.875","min","173.280","µmol/L","Humid","22.469","deg","41738","µV","26.483","°C","1018.000","hPa","35.3","pmil","0","55.520","deg","20.000","°C","100.000","%a.s.","21.750","deg","20.000","°C","977.000","hPa","0.861","-0.02617","0.00035","0","0","13.56","Humid","24.85","0","70.00","286284.47","SABD0000000001","AAV1.0.0.11","1.1.2.0","PSt7-10","170328-006","1/4/2020 10:31:52","0000-00","0","no battery","V"
"11/02/2020","12:57:16","1","default","640513929","OXY_CH1","102.892","min","173.285","µmol/L","Humid","22.468","deg","41731","µV","26.485","°C","1018.000","hPa","35.3","pmil","0","55.520","deg","20.000","°C","100.000","%a.s.","21.750","deg","20.000","°C","977.000","hPa","0.861","-0.02617","0.00035","0","0","13.56","Humid","24.85","0","70.00","286285.62","SABD0000000001","AAV1.0.0.11","1.1.2.0","PSt7-10","170328-006","1/4/2020 10:31:52","0000-00","0","no battery","V"
"11/02/2020","12:57:17","1","default","640513929","OXY_CH1","102.909","min","173.397","µmol/L","Humid","22.461","deg","41734","µV","26.484","°C","1018.000","hPa","35.3","pmil","0","55.520","deg","20.000","°C","100.000","%a.s.","21.750","deg","20.000","°C","977.000","hPa","0.861","-0.02617","0.00035","0","0","13.56","Humid","24.85","0","70.00","286281.54","SABD0000000001","AAV1.0.0.11","1.1.2.0","PSt7-10","170328-006","1/4/2020 10:31:52","0000-00","0","no battery","V"
"11/02/2020","12:57:18","1","default","640513929","OXY_CH1","102.926","min","173.410","µmol/L","Humid","22.460","deg","41737","µV","26.484","°C","1018.000","hPa","35.3","pmil","0","55.520","deg","20.000","°C","100.000","%a.s.","21.750","deg","20.000","°C","977.000","hPa","0.861","-0.02617","0.00035","0","0","13.56","Humid","24.85","0","70.00","286293.34","SABD0000000001","AAV1.0.0.11","1.1.2.0","PSt7-10","170328-006","1/4/2020 10:31:52","0000-00","0","no battery","V"
"11/02/2020","12:57:19","1","default","640513929","OXY_CH1","102.942","min","173.330","µmol/L","Humid","22.463","deg","41737","µV","26.491","°C","1018.000","hPa","35.3","pmil","0","55.520","deg","20.000","°C","100.000","%a.s.","21.750","deg","20.000","°C","977.000","hPa","0.861","-0.02617","0.00035","0","0","13.56","Humid","24.85","0","70.00","286291.05","SABD0000000001","AAV1.0.0.11","1.1.2.0","PSt7-10","170328-006","1/4/2020 10:31:52","0000-00","0","no battery","V"
"11/02/2020","12:57:20","1","default","640513929","OXY_CH1","102.959","min","173.418","µmol/L","Humid","22.457","deg","41727","µV","26.491","°C","1018.000","hPa","35.3","pmil","0","55.520","deg","20.000","°C","100.000","%a.s.","21.750","deg","20.000","°C","977.000","hPa","0.861","-0.02617","0.00035","0","0","13.56","Humid","24.85","0","70.00","286282.89","SABD0000000001","AAV1.0.0.11","1.1.2.0","PSt7-10","170328-006","1/4/2020 10:31:52","0000-00","0","no battery","V"
"11/02/2020","12:57:21","1","default","640513929","OXY_CH1","102.975","min","173.551","µmol/L","Humid","22.453","deg","41718","µV","26.477","°C","1018.000","hPa","35.3","pmil","0","55.520","deg","20.000","°C","100.000","%a.s.","21.750","deg","20.000","°C","977.000","hPa","0.861","-0.02617","0.00035","0","0","13.56","Humid","24.85","0","70.00","286288.33","SABD0000000001","AAV1.0.0.11","1.1.2.0","PSt7-10","170328-006","1/4/2020 10:31:52","0000-00","0","no battery","V"
"11/02/2020","12:57:22","1","default","640513929","OXY_CH1","102.992","min","173.560","µmol/L","Humid","22.450","deg","41721","µV","26.484","°C","1018.000","hPa","35.3","pmil","0","55.520","deg","20.000","°C","100.000","%a.s.","21.750","deg","20.000","°C","977.000","hPa","0.861","-0.02617","0.00035","0","0","13.56","Humid","24.85","0","70.00","286301.25","SABD0000000001","AAV1.0.0.11","1.1.2.0","PSt7-10","170328-006","1/4/2020 10:31:52","0000-00","0","no battery","V"
"11/02/2020","12:57:23","1","default","640513929","OXY_CH1","103.008","min","173.459","µmol/L","Humid","22.459","deg","41726","µV","26.477","°C","1018.000","hPa","35.3","pmil","0","55.520","deg","20.000","°C","100.000","%a.s.","21.750","deg","20.000","°C","977.000","hPa","0.861","-0.02617","0.00035","0","0","13.56","Humid","24.85","0","70.00","286284.44","SABD0000000001","AAV1.0.0.11","1.1.2.0","PSt7-10","170328-006","1/4/2020 10:31:52","0000-00","0","no battery","V"
"11/02/2020","12:57:24","1","default","640513929","OXY_CH1","103.025","min","173.400","µmol/L","Humid","22.459","deg","41712","µV","26.489","°C","1018.000","hPa","35.3","pmil","0","55.520","deg","20.000","°C","100.000","%a.s.","21.750","deg","20.000","°C","977.000","hPa","0.861","-0.02617","0.00035","0","0","13.56","Humid","24.85","0","70.00","286292.60","SABD0000000001","AAV1.0.0.11","1.1.2.0","PSt7-10","170328-006","1/4/2020 10:31:52","0000-00","0","no battery","V"
"11/02/2020","12:57:25","1","default","640513929","OXY_CH1","103.042","min","173.341","µmol/L","Humid","22.460","deg","41714","µV","26.498","°C","1018.000","hPa","35.3","pmil","0","55.520","deg","20.000","°C","100.000","%a.s.","21.750","deg","20.000","°C","977.000","hPa","0.861","-0.02617","0.00035","0","0","13.56","Humid","24.85","0","70.00","286279.07","SABD0000000001","AAV1.0.0.11","1.1.2.0","PSt7-10","170328-006","1/4/2020 10:31:52","0000-00","0","no battery","V"
"11/02/2020","12:57:26","1","default","640513929","OXY_CH1","103.059","min","173.476","µmol/L","Humid","22.452","deg","41722","µV","26.495","°C","1018.000","hPa","35.3","pmil","0","55.520","deg","20.000","°C","100.000","%a.s.","21.750","deg","20.000","°C","977.000","hPa","0.861","-0.02617","0.00035","0","0","13.56","Humid","24.85","0","70.00","286297.35","SABD0000000001","AAV1.0.0.11","1.1.2.0","PSt7-10","170328-006","1/4/2020 10:31:52","0000-00","0","no battery","V"
"11/02/2020","12:57:27","1","default","640513929","OXY_CH1","103.076","min","173.384","µmol/L","Humid","22.460","deg","41725","µV","26.489","°C","1018.000","hPa","35.3","pmil","0","55.520","deg","20.000","°C","100.000","%a.s.","21.750","deg","20.000","°C","977.000","hPa","0.861","-0.02617","0.00035","0","0","13.56","Humid","24.85","0","70.00","286289.56","SABD0000000001","AAV1.0.0.11","1.1.2.0","PSt7-10","170328-006","1/4/2020 10:31:52","0000-00","0","no battery","V"
"11/02/2020","12:57:28","1","default","640513929","OXY_CH1","103.092","min","173.494","µmol/L","Humid","22.455","deg","41720","µV","26.482","°C","1018.000","hPa","35.3","pmil","0","55.520","deg","20.000","°C","100.000","%a.s.","21.750","deg","20.000","°C","977.000","hPa","0.861","-0.02617","0.00035","0","0","13.56","Humid","24.85","0","70.00","286287.31","SABD0000000001","AAV1.0.0.11","1.1.2.0","PSt7-10","170328-006","1/4/2020 10:31:52","0000-00","0","no battery","V"
"11/02/2020","12:57:29","1","default","640513929","OXY_CH1","103.109","min","173.477","µmol/L","Humid","22.450","deg","41725","µV","26.500","°C","1018.000","hPa","35.3","pmil","0","55.520","deg","20.000","°C","100.000","%a.s.","21.750","deg","20.000","°C","977.000","hPa","0.861","-0.02617","0.00035","0","0","13.56","Humid","24.85","0","70.00","286292.85","SABD0000000001","AAV1.0.0.11","1.1.2.0","PSt7-10","170328-006","1/4/2020 10:31:52","0000-00","0","no battery","V"
"11/02/2020","12:57:30","1","default","640513929","OXY_CH1","103.126","min","173.402","µmol/L","Humid","22.457","deg","41719","µV","26.495","°C","1018.000","hPa","35.3","pmil","0","55.520","deg","20.000","°C","100.000","%a.s.","21.750","deg","20.000","°C","977.000","hPa","0.861","-0.02617","0.00035","0","0","13.56","Humid","24.85","0","70.00","286279.58","SABD0000000001","AAV1.0.0.11","1.1.2.0","PSt7-10","170328-006","1/4/2020 10:31:52","0000-00","0","no battery","V"
"11/02/2020","12:57:31","1","default","640513929","OXY_CH1","103.142","min","173.512","µmol/L","Humid","22.453","deg","41714","µV","26.484","°C","1018.000","hPa","35.3","pmil","0","55.520","deg","20.000","°C","100.000","%a.s.","21.750","deg","20.000","°C","977.000","hPa","0.861","-0.02617","0.00035","0","0","13.56","Humid","24.85","0","70.00","286287.33","SABD0000000001","AAV1.0.0.11","1.1.2.0","PSt7-10","170328-006","1/4/2020 10:31:52","0000-00","0","no battery","V"
"11/02/2020","12:57:32","1","default","640513929","OXY_CH1","103.158","min","173.549","µmol/L","Humid","22.449","deg","41719","µV","26.489","°C","1018.000","hPa","35.3","pmil","0","55.520","deg","20.000","°C","100.000","%a.s.","21.750","deg","20.000","°C","977.000","hPa","0.861","-0.02617","0.00035","0","0","13.56","Humid","24.85","0","70.00","286281.73","SABD0000000001","AAV1.0.0.11","1.1.2.0","PSt7-10","170328-006","1/4/2020 10:31:52","0000-00","0","no battery","V"
"11/02/2020","12:57:33","1","default","640513929","OXY_CH1","103.175","min","173.465","µmol/L","Humid","22.457","deg","41720","µV","26.482","°C","1018.000","hPa","35.3","pmil","0","55.520","deg","20.000","°C","100.000","%a.s.","21.750","deg","20.000","°C","977.000","hPa","0.861","-0.02617","0.00035","0","0","13.56","Humid","24.85","0","70.00","286283.92","SABD0000000001","AAV1.0.0.11","1.1.2.0","PSt7-10","170328-006","1/4/2020 10:31:52","0000-00","0","no battery","V"
"11/02/2020","12:57:34","1","default","640513929","OXY_CH1","103.192","min","173.580","µmol/L","Humid","22.450","deg","41715","µV","26.480","°C","1018.000","hPa","35.3","pmil","0","55.520","deg","20.000","°C","100.000","%a.s.","21.750","deg","20.000","°C","977.000","hPa","0.861","-0.02617","0.00035","0","0","13.56","Humid","24.85","0","70.00","286279.17","SABD0000000001","AAV1.0.0.11","1.1.2.0","PSt7-10","170328-006","1/4/2020 10:31:52","0000-00","0","no battery","V"
"11/02/2020","12:57:35","1","default","640513929","OXY_CH1","103.209","min","173.477","µmol/L","Humid","22.455","deg","41718","µV","26.486","°C","1018.000","hPa","35.3","pmil","0","55.520","deg","20.000","°C","100.000","%a.s.","21.750","deg","20.000","°C","977.000","hPa","0.861","-0.02617","0.00035","0","0","13.56","Humid","24.85","0","70.00","286294.49","SABD0000000001","AAV1.0.0.11","1.1.2.0","PSt7-10","170328-006","1/4/2020 10:31:52","0000-00","0","no battery","V"
"11/02/2020","12:57:36","1","default","640513929","OXY_CH1","103.225","min","173.597","µmol/L","Humid","22.448","deg","41714","µV","26.482","°C","1018.000","hPa","35.3","pmil","0","55.520","deg","20.000","°C","100.000","%a.s.","21.750","deg","20.000","°C","977.000","hPa","0.861","-0.02617","0.00035","0","0","13.56","Humid","24.85","0","70.00","286287.09","SABD0000000001","AAV1.0.0.11","1.1.2.0","PSt7-10","170328-006","1/4/2020 10:31:52","0000-00","0","no battery","V"
"11/02/2020","12:57:37","1","default","640513929","OXY_CH1","103.242","min","173.634","µmol/L","Humid","22.446","deg","41716","µV","26.481","°C","1018.000","hPa","35.3","pmil","0","55.520","deg","20.000","°C","100.000","%a.s.","21.750","deg","20.000","°C","977.000","hPa","0.861","-0.02617","0.00035","0","0","13.56","Humid","24.85","0","70.00","286284.90","SABD0000000001","AAV1.0.0.11","1.1.2.0","PSt7-10","170328-006","1/4/2020 10:31:52","0000-00","0","no battery","V"
"11/02/2020","12:57:38","1","default","640513929","OXY_CH1","103.259","min","173.805","µmol/L","Humid","22.436","deg","41715","µV","26.477","°C","1018.000","hPa","35.3","pmil","0","55.520","deg","20.000","°C","100.000","%a.s.","21.750","deg","20.000","°C","977.000","hPa","0.861","-0.02617","0.00035","0","0","13.56","Humid","24.85","0","70.00","286286.89","SABD0000000001","AAV1.0.0.11","1.1.2.0","PSt7-10","170328-006","1/4/2020 10:31:52","0000-00","0","no battery","V"
"11/02/2020","12:57:39","1","default","640513929","OXY_CH1","103.276","min","173.695","µmol/L","Humid","22.444","deg","41716","µV","26.475","°C","1018.000","hPa","35.3","pmil","0","55.520","deg","20.000","°C","100.000","%a.s.","21.750","deg","20.000","°C","977.000","hPa","0.861","-0.02617","0.00035","0","0","13.56","Humid","24.85","0","70.00","286281.16","SABD0000000001","AAV1.0.0.11","1.1.2.0","PSt7-10","170328-006","1/4/2020 10:31:52","0000-00","0","no battery","V"
"11/02/2020","12:57:40","1","default","640513929","OXY_CH1","103.292","min","173.588","µmol/L","Humid","22.447","deg","41710","µV","26.487","°C","1018.000","hPa","35.3","pmil","0","55.520","deg","20.000","°C","100.000","%a.s.","21.750","deg","20.000","°C","977.000","hPa","0.861","-0.02617","0.00035","0","0","13.56","Humid","24.85","0","70.00","286276.99","SABD0000000001","AAV1.0.0.11","1.1.2.0","PSt7-10","170328-006","1/4/2020 10:31:52","0000-00","0","no battery","V"
"11/02/2020","12:57:41","1","default","640513929","OXY_CH1","103.309","min","173.774","µmol/L","Humid","22.443","deg","41707","µV","26.462","°C","1018.000","hPa","35.3","pmil","0","55.520","deg","20.000","°C","100.000","%a.s.","21.750","deg","20.000","°C","977.000","hPa","0.861","-0.02617","0.00035","0","0","13.56","Humid","24.85","0","70.00","286282.13","SABD0000000001","AAV1.0.0.11","1.1.2.0","PSt7-10","170328-006","1/4/2020 10:31:52","0000-00","0","no battery","V"
"11/02/2020","12:57:42","1","default","640513929","OXY_CH1","103.325","min","173.623","µmol/L","Humid","22.447","deg","41703","µV","26.480","°C","1018.000","hPa","35.3","pmil","0","55.520","deg","20.000","°C","100.000","%a.s.","21.750","deg","20.000","°C","977.000","hPa","0.861","-0.02617","0.00035","0","0","13.56","Humid","24.85","0","70.00","286298.57","SABD0000000001","AAV1.0.0.11","1.1.2.0","PSt7-10","170328-006","1/4/2020 10:31:52","0000-00","0","no battery","V"
"11/02/2020","12:57:43","1","default","640513929","OXY_CH1","103.342","min","173.764","µmol/L","Humid","22.439","deg","41700","µV","26.476","°C","1018.000","hPa","35.3","pmil","0","55.520","deg","20.000","°C","100.000","%a.s.","21.750","deg","20.000","°C","977.000","hPa","0.861","-0.02617","0.00035","0","0","13.56","Humid","24.85","0","70.00","286287.28","SABD0000000001","AAV1.0.0.11","1.1.2.0","PSt7-10","170328-006","1/4/2020 10:31:52","0000-00","0","no battery","V"
"11/02/2020","12:57:44","1","default","640513929","OXY_CH1","103.358","min","173.439","µmol/L","Humid","22.448","deg","41695","µV","26.514","°C","1018.000","hPa","35.3","pmil","0","55.520","deg","20.000","°C","100.000","%a.s.","21.750","deg","20.000","°C","977.000","hPa","0.861","-0.02617","0.00035","0","0","13.56","Humid","24.85","0","70.00","286269.82","SABD0000000001","AAV1.0.0.11","1.1.2.0","PSt7-10","170328-006","1/4/2020 10:31:52","0000-00","0","no battery","V"
"11/02/2020","12:57:45","1","default","640513929","OXY_CH1","103.375","min","173.597","µmol/L","Humid","22.444","deg","41696","µV","26.494","°C","1018.000","hPa","35.3","pmil","0","55.520","deg","20.000","°C","100.000","%a.s.","21.750","deg","20.000","°C","977.000","hPa","0.861","-0.02617","0.00035","0","0","13.56","Humid","24.85","0","70.00","286274.03","SABD0000000001","AAV1.0.0.11","1.1.2.0","PSt7-10","170328-006","1/4/2020 10:31:52","0000-00","0","no battery","V"
"11/02/2020","12:57:46","1","default","640513929","OXY_CH1","103.392","min","173.778","µmol/L","Humid","22.433","deg","41692","µV","26.491","°C","1018.000","hPa","35.3","pmil","0","55.520","deg","20.000","°C","100.000","%a.s.","21.750","deg","20.000","°C","977.000","hPa","0.861","-0.02617","0.00035","0","0","13.56","Humid","24.85","0","70.00","286271.13","SABD0000000001","AAV1.0.0.11","1.1.2.0","PSt7-10","170328-006","1/4/2020 10:31:52","0000-00","0","no battery","V"
"11/02/2020","12:57:47","1","default","640513929","OXY_CH1","103.409","min","173.758","µmol/L","Humid","22.436","deg","41689","µV","26.486","°C","1018.000","hPa","35.3","pmil","0","55.520","deg","20.000","°C","100.000","%a.s.","21.750","deg","20.000","°C","977.000","hPa","0.861","-0.02617","0.00035","0","0","13.56","Humid","24.85","0","70.00","286286.94","SABD0000000001","AAV1.0.0.11","1.1.2.0","PSt7-10","170328-006","1/4/2020 10:31:52","0000-00","0","no battery","V"
"11/02/2020","12:57:48","1","default","640513929","OXY_CH1","103.425","min","173.719","µmol/L","Humid","22.438","deg","41685","µV","26.488","°C","1018.000","hPa","35.3","pmil","0","55.520","deg","20.000","°C","100.000","%a.s.","21.750","deg","20.000","°C","977.000","hPa","0.861","-0.02617","0.00035","0","0","13.56","Humid","24.85","0","70.00","286285.24","SABD0000000001","AAV1.0.0.11","1.1.2.0","PSt7-10","170328-006","1/4/2020 10:31:52","0000-00","0","no battery","V"
"11/02/2020","12:57:49","1","default","640513929","OXY_CH1","103.442","min","173.659","µmol/L","Humid","22.439","deg","41691","µV","26.497","°C","1018.000","hPa","35.3","pmil","0","55.520","deg","20.000","°C","100.000","%a.s.","21.750","deg","20.000","°C","977.000","hPa","0.861","-0.02617","0.00035","0","0","13.56","Humid","24.85","0","70.00","286273.12","SABD0000000001","AAV1.0.0.11","1.1.2.0","PSt7-10","170328-006","1/4/2020 10:31:52","0000-00","0","no battery","V"
"11/02/2020","12:57:50","1","default","640513929","OXY_CH1","103.459","min","173.650","µmol/L","Humid","22.441","deg","41692","µV","26.492","°C","1018.000","hPa","35.3","pmil","0","55.520","deg","20.000","°C","100.000","%a.s.","21.750","deg","20.000","°C","977.000","hPa","0.861","-0.02617","0.00035","0","0","13.56","Humid","24.85","0","70.00","286289.20","SABD0000000001","AAV1.0.0.11","1.1.2.0","PSt7-10","170328-006","1/4/2020 10:31:52","0000-00","0","no battery","V"
"11/02/2020","12:57:51","1","default","640513929","OXY_CH1","103.476","min","173.783","µmol/L","Humid","22.437","deg","41692","µV","26.478","°C","1018.000","hPa","35.3","pmil","0","55.520","deg","20.000","°C","100.000","%a.s.","21.750","deg","20.000","°C","977.000","hPa","0.861","-0.02617","0.00035","0","0","13.56","Humid","24.85","0","70.00","286276.60","SABD0000000001","AAV1.0.0.11","1.1.2.0","PSt7-10","170328-006","1/4/2020 10:31:52","0000-00","0","no battery","V"
"11/02/2020","12:57:52","1","default","640513929","OXY_CH1","103.492","min","173.845","µmol/L","Humid","22.432","deg","41686","µV","26.481","°C","1018.000","hPa","35.3","pmil","0","55.520","deg","20.000","°C","100.000","%a.s.","21.750","deg","20.000","°C","977.000","hPa","0.861","-0.02617","0.00035","0","0","13.56","Humid","24.85","0","70.00","286285.51","SABD0000000001","AAV1.0.0.11","1.1.2.0","PSt7-10","170328-006","1/4/2020 10:31:52","0000-00","0","no battery","V"
"11/02/2020","12:57:53","1","default","640513929","OXY_CH1","103.508","min","173.786","µmol/L","Humid","22.432","deg","41681","µV","26.492","°C","1018.000","hPa","35.3","pmil","0","55.520","deg","20.000","°C","100.000","%a.s.","21.750","deg","20.000","°C","977.000","hPa","0.861","-0.02617","0.00035","0","0","13.56","Humid","24.85","0","70.00","286280.30","SABD0000000001","AAV1.0.0.11","1.1.2.0","PSt7-10","170328-006","1/4/2020 10:31:52","0000-00","0","no battery","V"
"11/02/2020","12:57:54","1","default","640513929","OXY_CH1","103.525","min","173.850","µmol/L","Humid","22.429","deg","41684","µV","26.488","°C","1018.000","hPa","35.3","pmil","0","55.520","deg","20.000","°C","100.000","%a.s.","21.750","deg","20.000","°C","977.000","hPa","0.861","-0.02617","0.00035","0","0","13.56","Humid","24.85","0","70.00","286289.81","SABD0000000001","AAV1.0.0.11","1.1.2.0","PSt7-10","170328-006","1/4/2020 10:31:52","0000-00","0","no battery","V"
"11/02/2020","12:57:55","1","default","640513929","OXY_CH1","103.542","min","173.641","µmol/L","Humid","22.442","deg","41675","µV","26.491","°C","1018.000","hPa","35.3","pmil","0","55.520","deg","20.000","°C","100.000","%a.s.","21.750","deg","20.000","°C","977.000","hPa","0.861","-0.02617","0.00035","0","0","13.56","Humid","24.85","0","70.00","286276.03","SABD0000000001","AAV1.0.0.11","1.1.2.0","PSt7-10","170328-006","1/4/2020 10:31:52","0000-00","0","no battery","V"
"11/02/2020","12:57:56","1","default","640513929","OXY_CH1","103.559","min","173.898","µmol/L","Humid","22.432","deg","41674","µV","26.470","°C","1018.000","hPa","35.3","pmil","0","55.520","deg","20.000","°C","100.000","%a.s.","21.750","deg","20.000","°C","977.000","hPa","0.861","-0.02617","0.00035","0","0","13.56","Humid","24.85","0","70.00","286283.21","SABD0000000001","AAV1.0.0.11","1.1.2.0","PSt7-10","170328-006","1/4/2020 10:31:52","0000-00","0","no battery","V"
"11/02/2020","12:57:57","1","default","640513929","OXY_CH1","103.575","min","173.901","µmol/L","Humid","22.428","deg","41674","µV","26.481","°C","1018.000","hPa","35.3","pmil","0","55.520","deg","20.000","°C","100.000","%a.s.","21.750","deg","20.000","°C","977.000","hPa","0.861","-0.02617","0.00035","0","0","13.56","Humid","24.85","0","70.00","286275.67","SABD0000000001","AAV1.0.0.11","1.1.2.0","PSt7-10","170328-006","1/4/2020 10:31:52","0000-00","0","no battery","V"
"11/02/2020","12:57:58","1","default","640513929","OXY_CH1","103.592","min","173.831","µmol/L","Humid","22.432","deg","41677","µV","26.483","°C","1018.000","hPa","35.3","pmil","0","55.520","deg","20.000","°C","100.000","%a.s.","21.750","deg","20.000","°C","977.000","hPa","0.861","-0.02617","0.00035","0","0","13.56","Humid","24.85","0","70.00","286271.79","SABD0000000001","AAV1.0.0.11","1.1.2.0","PSt7-10","170328-006","1/4/2020 10:31:52","0000-00","0","no battery","V"
"11/02/2020","12:57:59","1","default","640513929","OXY_CH1","103.609","min","173.961","µmol/L","Humid","22.424","deg","41672","µV","26.481","°C","1018.000","hPa","35.3","pmil","0","55.520","deg","20.000","°C","100.000","%a.s.","21.750","deg","20.000","°C","977.000","hPa","0.861","-0.02617","0.00035","0","0","13.56","Humid","24.85","0","70.00","286285.50","SABD0000000001","AAV1.0.0.11","1.1.2.0","PSt7-10","170328-006","1/4/2020 10:31:52","0000-00","0","no battery","V"
"11/02/2020","12:58:00","1","default","640513929","OXY_CH1","103.625","min","173.898","µmol/L","Humid","22.431","deg","41668","µV","26.473","°C","1018.000","hPa","35.3","pmil","0","55.520","deg","20.000","°C","100.000","%a.s.","21.750","deg","20.000","°C","977.000","hPa","0.861","-0.02617","0.00035","0","0","13.56","Humid","24.85","0","70.00","286274.27","SABD0000000001","AAV1.0.0.11","1.1.2.0","PSt7-10","170328-006","1/4/2020 10:31:52","0000-00","0","no battery","V"
"11/02/2020","12:58:01","1","default","640513929","OXY_CH1","103.642","min","173.915","µmol/L","Humid","22.425","deg","41672","µV","26.487","°C","1018.000","hPa","35.3","pmil","0","55.520","deg","20.000","°C","100.000","%a.s.","21.750","deg","20.000","°C","977.000","hPa","0.861","-0.02617","0.00035","0","0","13.56","Humid","24.85","0","70.00","286285.50","SABD0000000001","AAV1.0.0.11","1.1.2.0","PSt7-10","170328-006","1/4/2020 10:31:52","0000-00","0","no battery","V"
"11/02/2020","12:58:02","1","default","640513929","OXY_CH1","103.659","min","173.883","µmol/L","Humid","22.426","deg","41667","µV","26.491","°C","1018.000","hPa","35.3","pmil","0","55.520","deg","20.000","°C","100.000","%a.s.","21.750","deg","20.000","°C","977.000","hPa","0.861","-0.02617","0.00035","0","0","13.56","Humid","24.85","0","70.00","286279.57","SABD0000000001","AAV1.0.0.11","1.1.2.0","PSt7-10","170328-006","1/4/2020 10:31:52","0000-00","0","no battery","V"
"11/02/2020","12:58:03","1","default","640513929","OXY_CH1","103.675","min","173.869","µmol/L","Humid","22.426","deg","41671","µV","26.493","°C","1018.000","hPa","35.3","pmil","0","55.520","deg","20.000","°C","100.000","%a.s.","21.750","deg","20.000","°C","977.000","hPa","0.861","-0.02617","0.00035","0","0","13.56","Humid","24.85","0","70.00","286265.45","SABD0000000001","AAV1.0.0.11","1.1.2.0","PSt7-10","170328-006","1/4/2020 10:31:52","0000-00","0","no battery","V"
"11/02/2020","12:58:04","1","default","640513929","OXY_CH1","103.692","min","173.873","µmol/L","Humid","22.427","deg","41669","µV","26.490","°C","1018.000","hPa","35.3","pmil","0","55.520","deg","20.000","°C","100.000","%a.s.","21.750","deg","20.000","°C","977.000","hPa","0.861","-0.02617","0.00035","0","0","13.56","Humid","24.85","0","70.00","286281.23","SABD0000000001","AAV1.0.0.11","1.1.2.0","PSt7-10","170328-006","1/4/2020 10:31:52","0000-00","0","no battery","V"
"11/02/2020","12:58:05","1","default","640513929","OXY_CH1","103.708","min","173.918","µmol/L","Humid","22.425","deg","41665","µV","26.487","°C","1018.000","hPa","35.3","pmil","0","55.520","deg","20.000","°C","100.000","%a.s.","21.750","deg","20.000","°C","977.000","hPa","0.861","-0.02617","0.00035","0","0","13.56","Humid","24.85","0","70.00","286279.37","SABD0000000001","AAV1.0.0.11","1.1.2.0","PSt7-10","170328-006","1/4/2020 10:31:52","0000-00","0","no battery","V"
"11/02/2020","12:58:06","1","default","640513929","OXY_CH1","103.725","min","173.977","µmol/L","Humid","22.421","deg","41661","µV","26.487","°C","1018.000","hPa","35.3","pmil","0","55.520","deg","20.000","°C","100.000","%a.s.","21.750","deg","20.000","°C","977.000","hPa","0.861","-0.02617","0.00035","0","0","13.56","Humid","24.85","0","70.00","286274.99","SABD0000000001","AAV1.0.0.11","1.1.2.0","PSt7-10","170328-006","1/4/2020 10:31:52","0000-00","0","no battery","V"
"11/02/2020","12:58:07","1","default","640513929","OXY_CH1","103.742","min","173.917","µmol/L","Humid","22.423","deg","41664","µV","26.493","°C","1018.000","hPa","35.3","pmil","0","55.520","deg","20.000","°C","100.000","%a.s.","21.750","deg","20.000","°C","977.000","hPa","0.861","-0.02617","0.00035","0","0","13.56","Humid","24.85","0","70.00","286270.40","SABD0000000001","AAV1.0.0.11","1.1.2.0","PSt7-10","170328-006","1/4/2020 10:31:52","0000-00","0","no battery","V"
"11/02/2020","12:58:08","1","default","640513929","OXY_CH1","103.759","min","173.915","µmol/L","Humid","22.423","deg","41651","µV","26.493","°C","1018.000","hPa","35.3","pmil","0","55.520","deg","20.000","°C","100.000","%a.s.","21.750","deg","20.000","°C","977.000","hPa","0.861","-0.02617","0.00035","0","0","13.56","Humid","24.85","0","70.00","286281.31","SABD0000000001","AAV1.0.0.11","1.1.2.0","PSt7-10","170328-006","1/4/2020 10:31:52","0000-00","0","no battery","V"
"11/02/2020","12:58:09","1","default","640513929","OXY_CH1","103.775","min","173.938","µmol/L","Humid","22.423","deg","41656","µV","26.489","°C","1018.000","hPa","35.3","pmil","0","55.520","deg","20.000","°C","100.000","%a.s.","21.750","deg","20.000","°C","977.000","hPa","0.861","-0.02617","0.00035","0","0","13.56","Humid","24.85","0","70.00","286267.29","SABD0000000001","AAV1.0.0.11","1.1.2.0","PSt7-10","170328-006","1/4/2020 10:31:52","0000-00","0","no battery","V"
"11/02/2020","12:58:10","1","default","640513929","OXY_CH1","103.792","min","174.088","µmol/L","Humid","22.413","deg","41653","µV","26.488","°C","1018.000","hPa","35.3","pmil","0","55.520","deg","20.000","°C","100.000","%a.s.","21.750","deg","20.000","°C","977.000","hPa","0.861","-0.02617","0.00035","0","0","13.56","Humid","24.85","0","70.00","286267.46","SABD0000000001","AAV1.0.0.11","1.1.2.0","PSt7-10","170328-006","1/4/2020 10:31:52","0000-00","0","no battery","V"
"11/02/2020","12:58:11","1","default","640513929","OXY_CH1","103.809","min","173.995","µmol/L","Humid","22.421","deg","41651","µV","26.483","°C","1018.000","hPa","35.3","pmil","0","55.520","deg","20.000","°C","100.000","%a.s.","21.750","deg","20.000","°C","977.000","hPa","0.861","-0.02617","0.00035","0","0","13.56","Humid","24.85","0","70.00","286278.88","SABD0000000001","AAV1.0.0.11","1.1.2.0","PSt7-10","170328-006","1/4/2020 10:31:52","0000-00","0","no battery","V"
"11/02/2020","12:58:12","1","default","640513929","OXY_CH1","103.825","min","173.966","µmol/L","Humid","22.423","deg","41647","µV","26.483","°C","1018.000","hPa","35.3","pmil","0","55.520","deg","20.000","°C","100.000","%a.s.","21.750","deg","20.000","°C","977.000","hPa","0.861","-0.02617","0.00035","0","0","13.56","Humid","24.85","0","70.00","286278.20","SABD0000000001","AAV1.0.0.11","1.1.2.0","PSt7-10","170328-006","1/4/2020 10:31:52","0000-00","0","no battery","V"
"11/02/2020","12:58:13","1","default","640513929","OXY_CH1","103.842","min","173.905","µmol/L","Humid","22.420","deg","41643","µV","26.504","°C","1018.000","hPa","35.3","pmil","0","55.520","deg","20.000","°C","100.000","%a.s.","21.750","deg","20.000","°C","977.000","hPa","0.861","-0.02617","0.00035","0","0","13.56","Humid","24.85","0","70.00","286271.63","SABD0000000001","AAV1.0.0.11","1.1.2.0","PSt7-10","170328-006","1/4/2020 10:31:52","0000-00","0","no battery","V"
"11/02/2020","12:58:14","1","default","640513929","OXY_CH1","103.859","min","174.060","µmol/L","Humid","22.419","deg","41638","µV","26.476","°C","1018.000","hPa","35.3","pmil","0","55.520","deg","20.000","°C","100.000","%a.s.","21.750","deg","20.000","°C","977.000","hPa","0.861","-0.02617","0.00035","0","0","13.56","Humid","24.85","0","70.00","286265.85","SABD0000000001","AAV1.0.0.11","1.1.2.0","PSt7-10","170328-006","1/4/2020 10:31:52","0000-00","0","no battery","V"
"11/02/2020","12:58:15","1","default","640513929","OXY_CH1","103.876","min","174.121","µmol/L","Humid","22.415","deg","41644","µV","26.476","°C","1018.000","hPa","35.3","pmil","0","55.520","deg","20.000","°C","100.000","%a.s.","21.750","deg","20.000","°C","977.000","hPa","0.861","-0.02617","0.00035","0","0","13.56","Humid","24.85","0","70.00","286260.63","SABD0000000001","AAV1.0.0.11","1.1.2.0","PSt7-10","170328-006","1/4/2020 10:31:52","0000-00","0","no battery","V"
"11/02/2020","12:58:16","1","default","640513929","OXY_CH1","103.892","min","174.211","µmol/L","Humid","22.411","deg","41641","µV","26.470","°C","1018.000","hPa","35.3","pmil","0","55.520","deg","20.000","°C","100.000","%a.s.","21.750","deg","20.000","°C","977.000","hPa","0.861","-0.02617","0.00035","0","0","13.56","Humid","24.85","0","70.00","286260.00","SABD0000000001","AAV1.0.0.11","1.1.2.0","PSt7-10","170328-006","1/4/2020 10:31:52","0000-00","0","no battery","V"
"11/02/2020","12:58:17","1","default","640513929","OXY_CH1","103.908","min","174.209","µmol/L","Humid","22.409","deg","41635","µV","26.476","°C","1018.000","hPa","35.3","pmil","0","55.520","deg","20.000","°C","100.000","%a.s.","21.750","deg","20.000","°C","977.000","hPa","0.861","-0.02617","0.00035","0","0","13.56","Humid","24.85","0","70.00","286268.27","SABD0000000001","AAV1.0.0.11","1.1.2.0","PSt7-10","170328-006","1/4/2020 10:31:52","0000-00","0","no battery","V"
"11/02/2020","12:58:18","1","default","640513929","OXY_CH1","103.925","min","174.201","µmol/L","Humid","22.407","deg","41638","µV","26.484","°C","1018.000","hPa","35.3","pmil","0","55.520","deg","20.000","°C","100.000","%a.s.","21.750","deg","20.000","°C","977.000","hPa","0.861","-0.02617","0.00035","0","0","13.56","Humid","24.85","0","70.00","286274.39","SABD0000000001","AAV1.0.0.11","1.1.2.0","PSt7-10","170328-006","1/4/2020 10:31:52","0000-00","0","no battery","V"
"11/02/2020","12:58:19","1","default","640513929","OXY_CH1","103.942","min","174.038","µmol/L","Humid","22.418","deg","41632","µV","26.484","°C","1018.000","hPa","35.3","pmil","0","55.520","deg","20.000","°C","100.000","%a.s.","21.750","deg","20.000","°C","977.000","hPa","0.861","-0.02617","0.00035","0","0","13.56","Humid","24.85","0","70.00","286270.98","SABD0000000001","AAV1.0.0.11","1.1.2.0","PSt7-10","170328-006","1/4/2020 10:31:52","0000-00","0","no battery","V"
"11/02/2020","12:58:20","1","default","640513929","OXY_CH1","103.959","min","174.200","µmol/L","Humid","22.409","deg","41630","µV","26.478","°C","1018.000","hPa","35.3","pmil","0","55.520","deg","20.000","°C","100.000","%a.s.","21.750","deg","20.000","°C","977.000","hPa","0.861","-0.02617","0.00035","0","0","13.56","Humid","24.85","0","70.00","286254.45","SABD0000000001","AAV1.0.0.11","1.1.2.0","PSt7-10","170328-006","1/4/2020 10:31:52","0000-00","0","no battery","V"
"11/02/2020","12:58:21","1","default","640513929","OXY_CH1","103.975","min","174.247","µmol/L","Humid","22.406","deg","41636","µV","26.478","°C","1018.000","hPa","35.3","pmil","0","55.520","deg","20.000","°C","100.000","%a.s.","21.750","deg","20.000","°C","977.000","hPa","0.861","-0.02617","0.00035","0","0","13.56","Humid","24.85","0","70.00","286257.43","SABD0000000001","AAV1.0.0.11","1.1.2.0","PSt7-10","170328-006","1/4/2020 10:31:52","0000-00","0","no battery","V"
"11/02/2020","12:58:22","1","default","640513929","OXY_CH1","103.992","min","174.006","µmol/L","Humid","22.415","deg","41633","µV","26.499","°C","1018.000","hPa","35.3","pmil","0","55.520","deg","20.000","°C","100.000","%a.s.","21.750","deg","20.000","°C","977.000","hPa","0.861","-0.02617","0.00035","0","0","13.56","Humid","24.85","0","70.00","286258.04","SABD0000000001","AAV1.0.0.11","1.1.2.0","PSt7-10","170328-006","1/4/2020 10:31:52","0000-00","0","no battery","V"
"11/02/2020","12:58:23","1","default","640513929","OXY_CH1","104.009","min","174.065","µmol/L","Humid","22.414","deg","41626","µV","26.490","°C","1018.000","hPa","35.3","pmil","0","55.520","deg","20.000","°C","100.000","%a.s.","21.750","deg","20.000","°C","977.000","hPa","0.861","-0.02617","0.00035","0","0","13.56","Humid","24.85","0","70.00","286255.88","SABD0000000001","AAV1.0.0.11","1.1.2.0","PSt7-10","170328-006","1/4/2020 10:31:52","0000-00","0","no battery","V"
"11/02/2020","12:58:24","1","default","640513929","OXY_CH1","104.026","min","174.021","µmol/L","Humid","22.416","deg","41627","µV","26.493","°C","1018.000","hPa","35.3","pmil","0","55.520","deg","20.000","°C","100.000","%a.s.","21.750","deg","20.000","°C","977.000","hPa","0.861","-0.02617","0.00035","0","0","13.56","Humid","24.85","0","70.00","286254.78","SABD0000000001","AAV1.0.0.11","1.1.2.0","PSt7-10","170328-006","1/4/2020 10:31:52","0000-00","0","no battery","V"
"11/02/2020","12:58:25","1","default","640513929","OXY_CH1","104.042","min","174.100","µmol/L","Humid","22.410","deg","41630","µV","26.495","°C","1018.000","hPa","35.3","pmil","0","55.520","deg","20.000","°C","100.000","%a.s.","21.750","deg","20.000","°C","977.000","hPa","0.861","-0.02617","0.00035","0","0","13.56","Humid","24.85","0","70.00","286267.43","SABD0000000001","AAV1.0.0.11","1.1.2.0","PSt7-10","170328-006","1/4/2020 10:31:52","0000-00","0","no battery","V"
"11/02/2020","12:58:26","1","default","640513929","OXY_CH1","104.058","min","174.184","µmol/L","Humid","22.406","deg","41627","µV","26.490","°C","1018.000","hPa","35.3","pmil","0","55.520","deg","20.000","°C","100.000","%a.s.","21.750","deg","20.000","°C","977.000","hPa","0.861","-0.02617","0.00035","0","0","13.56","Humid","24.85","0","70.00","286259.11","SABD0000000001","AAV1.0.0.11","1.1.2.0","PSt7-10","170328-006","1/4/2020 10:31:52","0000-00","0","no battery","V"
"11/02/2020","12:58:27","1","default","640513929","OXY_CH1","104.075","min","174.150","µmol/L","Humid","22.411","deg","41622","µV","26.482","°C","1018.000","hPa","35.3","pmil","0","55.520","deg","20.000","°C","100.000","%a.s.","21.750","deg","20.000","°C","977.000","hPa","0.861","-0.02617","0.00035","0","0","13.56","Humid","24.85","0","70.00","286262.96","SABD0000000001","AAV1.0.0.11","1.1.2.0","PSt7-10","170328-006","1/4/2020 10:31:52","0000-00","0","no battery","V"
"11/02/2020","12:58:28","1","default","640513929","OXY_CH1","104.092","min","174.175","µmol/L","Humid","22.408","deg","41620","µV","26.486","°C","1018.000","hPa","35.3","pmil","0","55.520","deg","20.000","°C","100.000","%a.s.","21.750","deg","20.000","°C","977.000","hPa","0.861","-0.02617","0.00035","0","0","13.56","Humid","24.85","0","70.00","286260.62","SABD0000000001","AAV1.0.0.11","1.1.2.0","PSt7-10","170328-006","1/4/2020 10:31:52","0000-00","0","no battery","V"
"11/02/2020","12:58:29","1","default","640513929","OXY_CH1","104.109","min","174.252","µmol/L","Humid","22.404","deg","41613","µV","26.483","°C","1018.000","hPa","35.3","pmil","0","55.520","deg","20.000","°C","100.000","%a.s.","21.750","deg","20.000","°C","977.000","hPa","0.861","-0.02617","0.00035","0","0","13.56","Humid","24.85","0","70.00","286263.34","SABD0000000001","AAV1.0.0.11","1.1.2.0","PSt7-10","170328-006","1/4/2020 10:31:52","0000-00","0","no battery","V"
"11/02/2020","12:58:30","1","default","640513929","OXY_CH1","104.125","min","174.341","µmol/L","Humid","22.398","deg","41616","µV","26.483","°C","1018.000","hPa","35.3","pmil","0","55.520","deg","20.000","°C","100.000","%a.s.","21.750","deg","20.000","°C","977.000","hPa","0.861","-0.02617","0.00035","0","0","13.56","Humid","24.85","0","70.00","286267.81","SABD0000000001","AAV1.0.0.11","1.1.2.0","PSt7-10","170328-006","1/4/2020 10:31:52","0000-00","0","no battery","V"
"11/02/2020","12:58:31","1","default","640513929","OXY_CH1","104.142","min","174.233","µmol/L","Humid","22.405","deg","41613","µV","26.484","°C","1018.000","hPa","35.3","pmil","0","55.520","deg","20.000","°C","100.000","%a.s.","21.750","deg","20.000","°C","977.000","hPa","0.861","-0.02617","0.00035","0","0","13.56","Humid","24.85","0","70.00","286265.12","SABD0000000001","AAV1.0.0.11","1.1.2.0","PSt7-10","170328-006","1/4/2020 10:31:52","0000-00","0","no battery","V"
"11/02/2020","12:58:32","1","default","640513929","OXY_CH1","104.159","min","174.371","µmol/L","Humid","22.397","deg","41612","µV","26.480","°C","1018.000","hPa","35.3","pmil","0","55.520","deg","20.000","°C","100.000","%a.s.","21.750","deg","20.000","°C","977.000","hPa","0.861","-0.02617","0.00035","0","0","13.56","Humid","24.85","0","70.00","286253.10","SABD0000000001","AAV1.0.0.11","1.1.2.0","PSt7-10","170328-006","1/4/2020 10:31:52","0000-00","0","no battery","V"
"11/02/2020","12:58:33","1","default","640513929","OXY_CH1","104.176","min","174.251","µmol/L","Humid","22.404","deg","41603","µV","26.483","°C","1018.000","hPa","35.3","pmil","0","55.520","deg","20.000","°C","100.000","%a.s.","21.750","deg","20.000","°C","977.000","hPa","0.861","-0.02617","0.00035","0","0","13.56","Humid","24.85","0","70.00","286246.61","SABD0000000001","AAV1.0.0.11","1.1.2.0","PSt7-10","170328-006","1/4/2020 10:31:52","0000-00","0","no battery","V"
"11/02/2020","12:58:34","1","default","640513929","OXY_CH1","104.192","min","174.273","µmol/L","Humid","22.400","deg","41610","µV","26.490","°C","1018.000","hPa","35.3","pmil","0","55.520","deg","20.000","°C","100.000","%a.s.","21.750","deg","20.000","°C","977.000","hPa","0.861","-0.02617","0.00035","0","0","13.56","Humid","24.85","0","70.00","286258.69","SABD0000000001","AAV1.0.0.11","1.1.2.0","PSt7-10","170328-006","1/4/2020 10:31:52","0000-00","0","no battery","V"
"11/02/2020","12:58:35","1","default","640513929","OXY_CH1","104.209","min","174.288","µmol/L","Humid","22.402","deg","41603","µV","26.482","°C","1018.000","hPa","35.3","pmil","0","55.520","deg","20.000","°C","100.000","%a.s.","21.750","deg","20.000","°C","977.000","hPa","0.861","-0.02617","0.00035","0","0","13.56","Humid","24.85","0","70.00","286247.20","SABD0000000001","AAV1.0.0.11","1.1.2.0","PSt7-10","170328-006","1/4/2020 10:31:52","0000-00","0","no battery","V"
"11/02/2020","12:58:36","1","default","640513929","OXY_CH1","104.225","min","174.207","µmol/L","Humid","22.409","deg","41602","µV","26.477","°C","1018.000","hPa","35.3","pmil","0","55.520","deg","20.000","°C","100.000","%a.s.","21.750","deg","20.000","°C","977.000","hPa","0.861","-0.02617","0.00035","0","0","13.56","Humid","24.85","0","70.00","286259.18","SABD0000000001","AAV1.0.0.11","1.1.2.0","PSt7-10","170328-006","1/4/2020 10:31:52","0000-00","0","no battery","V"
"11/02/2020","12:58:37","1","default","640513929","OXY_CH1","104.242","min","174.328","µmol/L","Humid","22.397","deg","41599","µV","26.488","°C","1018.000","hPa","35.3","pmil","0","55.520","deg","20.000","°C","100.000","%a.s.","21.750","deg","20.000","°C","977.000","hPa","0.861","-0.02617","0.00035","0","0","13.56","Humid","24.85","0","70.00","286266.39","SABD0000000001","AAV1.0.0.11","1.1.2.0","PSt7-10","170328-006","1/4/2020 10:31:52","0000-00","0","no battery","V"
"11/02/2020","12:58:38","1","default","640513929","OXY_CH1","104.258","min","174.349","µmol/L","Humid","22.399","deg","41602","µV","26.478","°C","1018.000","hPa","35.3","pmil","0","55.520","deg","20.000","°C","100.000","%a.s.","21.750","deg","20.000","°C","977.000","hPa","0.861","-0.02617","0.00035","0","0","13.56","Humid","24.85","0","70.00","286256.14","SABD0000000001","AAV1.0.0.11","1.1.2.0","PSt7-10","170328-006","1/4/2020 10:31:52","0000-00","0","no battery","V"
"11/02/2020","12:58:39","1","default","640513929","OXY_CH1","104.275","min","174.343","µmol/L","Humid","22.399","deg","41594","µV","26.479","°C","1018.000","hPa","35.3","pmil","0","55.520","deg","20.000","°C","100.000","%a.s.","21.750","deg","20.000","°C","977.000","hPa","0.861","-0.02617","0.00035","0","0","13.56","Humid","24.85","0","70.00","286252.16","SABD0000000001","AAV1.0.0.11","1.1.2.0","PSt7-10","170328-006","1/4/2020 10:31:52","0000-00","0","no battery","V"
"11/02/2020","12:58:40","1","default","640513929","OXY_CH1","104.292","min","174.305","µmol/L","Humid","22.401","deg","41597","µV","26.481","°C","1018.000","hPa","35.3","pmil","0","55.520","deg","20.000","°C","100.000","%a.s.","21.750","deg","20.000","°C","977.000","hPa","0.861","-0.02617","0.00035","0","0","13.56","Humid","24.85","0","70.00","286257.18","SABD0000000001","AAV1.0.0.11","1.1.2.0","PSt7-10","170328-006","1/4/2020 10:31:52","0000-00","0","no battery","V"
"11/02/2020","12:58:41","1","default","640513929","OXY_CH1","104.309","min","174.349","µmol/L","Humid","22.397","deg","41592","µV","26.484","°C","1018.000","hPa","35.3","pmil","0","55.520","deg","20.000","°C","100.000","%a.s.","21.750","deg","20.000","°C","977.000","hPa","0.861","-0.02617","0.00035","0","0","13.56","Humid","24.85","0","70.00","286262.00","SABD0000000001","AAV1.0.0.11","1.1.2.0","PSt7-10","170328-006","1/4/2020 10:31:52","0000-00","0","no battery","V"
"11/02/2020","12:58:42","1","default","640513929","OXY_CH1","104.325","min","174.224","µmol/L","Humid","22.398","deg","41590","µV","26.506","°C","1018.000","hPa","35.3","pmil","0","55.520","deg","20.000","°C","100.000","%a.s.","21.750","deg","20.000","°C","977.000","hPa","0.861","-0.02617","0.00035","0","0","13.56","Humid","24.85","0","70.00","286252.74","SABD0000000001","AAV1.0.0.11","1.1.2.0","PSt7-10","170328-006","1/4/2020 10:31:52","0000-00","0","no battery","V"
"11/02/2020","12:58:43","1","default","640513929","OXY_CH1","104.342","min","174.376","µmol/L","Humid","22.395","deg","41590","µV","26.485","°C","1018.000","hPa","35.3","pmil","0","55.520","deg","20.000","°C","100.000","%a.s.","21.750","deg","20.000","°C","977.000","hPa","0.861","-0.02617","0.00035","0","0","13.56","Humid","24.85","0","70.00","286258.73","SABD0000000001","AAV1.0.0.11","1.1.2.0","PSt7-10","170328-006","1/4/2020 10:31:52","0000-00","0","no battery","V"
"11/02/2020","12:58:44","1","default","640513929","OXY_CH1","104.359","min","174.327","µmol/L","Humid","22.398","deg","41590","µV","26.486","°C","1018.000","hPa","35.3","pmil","0","55.520","deg","20.000","°C","100.000","%a.s.","21.750","deg","20.000","°C","977.000","hPa","0.861","-0.02617","0.00035","0","0","13.56","Humid","24.85","0","70.00","286254.66","SABD0000000001","AAV1.0.0.11","1.1.2.0","PSt7-10","170328-006","1/4/2020 10:31:52","0000-00","0","no battery","V"
"11/02/2020","12:58:45","1","default","640513929","OXY_CH1","104.375","min","174.320","µmol/L","Humid","22.398","deg","41586","µV","26.487","°C","1018.000","hPa","35.3","pmil","0","55.520","deg","20.000","°C","100.000","%a.s.","21.750","deg","20.000","°C","977.000","hPa","0.861","-0.02617","0.00035","0","0","13.56","Humid","24.85","0","70.00","286252.50","SABD0000000001","AAV1.0.0.11","1.1.2.0","PSt7-10","170328-006","1/4/2020 10:31:52","0000-00","0","no battery","V"
"11/02/2020","12:58:46","1","default","640513929","OXY_CH1","104.392","min","174.441","µmol/L","Humid","22.393","deg","41587","µV","26.478","°C","1018.000","hPa","35.3","pmil","0","55.520","deg","20.000","°C","100.000","%a.s.","21.750","deg","20.000","°C","977.000","hPa","0.861","-0.02617","0.00035","0","0","13.56","Humid","24.85","0","70.00","286259.32","SABD0000000001","AAV1.0.0.11","1.1.2.0","PSt7-10","170328-006","1/4/2020 10:31:52","0000-00","0","no battery","V"
"11/02/2020","12:58:47","1","default","640513929","OXY_CH1","104.409","min","174.470","µmol/L","Humid","22.388","deg","41582","µV","26.487","°C","1018.000","hPa","35.3","pmil","0","55.520","deg","20.000","°C","100.000","%a.s.","21.750","deg","20.000","°C","977.000","hPa","0.861","-0.02617","0.00035","0","0","13.56","Humid","24.85","0","70.00","286257.54","SABD0000000001","AAV1.0.0.11","1.1.2.0","PSt7-10","170328-006","1/4/2020 10:31:52","0000-00","0","no battery","V"
"11/02/2020","12:58:48","1","default","640513929","OXY_CH1","104.426","min","174.597","µmol/L","Humid","22.381","deg","41587","µV","26.483","°C","1018.000","hPa","35.3","pmil","0","55.520","deg","20.000","°C","100.000","%a.s.","21.750","deg","20.000","°C","977.000","hPa","0.861","-0.02617","0.00035","0","0","13.56","Humid","24.85","0","70.00","286247.72","SABD0000000001","AAV1.0.0.11","1.1.2.0","PSt7-10","170328-006","1/4/2020 10:31:52","0000-00","0","no battery","V"
"11/02/2020","12:58:49","1","default","640513929","OXY_CH1","104.442","min","174.391","µmol/L","Humid","22.392","deg","41585","µV","26.491","°C","1018.000","hPa","35.3","pmil","0","55.520","deg","20.000","°C","100.000","%a.s.","21.750","deg","20.000","°C","977.000","hPa","0.861","-0.02617","0.00035","0","0","13.56","Humid","24.85","0","70.00","286248.00","SABD0000000001","AAV1.0.0.11","1.1.2.0","PSt7-10","170328-006","1/4/2020 10:31:52","0000-00","0","no battery","V"
"11/02/2020","12:58:50","1","default","640513929","OXY_CH1","104.459","min","174.416","µmol/L","Humid","22.395","deg","41579","µV","26.477","°C","1018.000","hPa","35.3","pmil","0","55.520","deg","20.000","°C","100.000","%a.s.","21.750","deg","20.000","°C","977.000","hPa","0.861","-0.02617","0.00035","0","0","13.56","Humid","24.85","0","70.00","286256.30","SABD0000000001","AAV1.0.0.11","1.1.2.0","PSt7-10","170328-006","1/4/2020 10:31:52","0000-00","0","no battery","V"
"11/02/2020","12:58:51","1","default","640513929","OXY_CH1","104.475","min","174.419","µmol/L","Humid","22.391","deg","41577","µV","26.488","°C","1018.000","hPa","35.3","pmil","0","55.520","deg","20.000","°C","100.000","%a.s.","21.750","deg","20.000","°C","977.000","hPa","0.861","-0.02617","0.00035","0","0","13.56","Humid","24.85","0","70.00","286256.87","SABD0000000001","AAV1.0.0.11","1.1.2.0","PSt7-10","170328-006","1/4/2020 10:31:52","0000-00","0","no battery","V"
"11/02/2020","12:58:52","1","default","640513929","OXY_CH1","104.492","min","174.448","µmol/L","Humid","22.388","deg","41576","µV","26.491","°C","1018.000","hPa","35.3","pmil","0","55.520","deg","20.000","°C","100.000","%a.s.","21.750","deg","20.000","°C","977.000","hPa","0.861","-0.02617","0.00035","0","0","13.56","Humid","24.85","0","70.00","286259.49","SABD0000000001","AAV1.0.0.11","1.1.2.0","PSt7-10","170328-006","1/4/2020 10:31:52","0000-00","0","no battery","V"
"11/02/2020","12:58:53","1","default","640513929","OXY_CH1","104.509","min","174.498","µmol/L","Humid","22.387","deg","41576","µV","26.484","°C","1018.000","hPa","35.3","pmil","0","55.520","deg","20.000","°C","100.000","%a.s.","21.750","deg","20.000","°C","977.000","hPa","0.861","-0.02617","0.00035","0","0","13.56","Humid","24.85","0","70.00","286261.53","SABD0000000001","AAV1.0.0.11","1.1.2.0","PSt7-10","170328-006","1/4/2020 10:31:52","0000-00","0","no battery","V"
"11/02/2020","12:58:54","1","default","640513929","OXY_CH1","104.525","min","174.529","µmol/L","Humid","22.385","deg","41577","µV","26.484","°C","1018.000","hPa","35.3","pmil","0","55.520","deg","20.000","°C","100.000","%a.s.","21.750","deg","20.000","°C","977.000","hPa","0.861","-0.02617","0.00035","0","0","13.56","Humid","24.85","0","70.00","286258.35","SABD0000000001","AAV1.0.0.11","1.1.2.0","PSt7-10","170328-006","1/4/2020 10:31:52","0000-00","0","no battery","V"
"11/02/2020","12:58:55","1","default","640513929","OXY_CH1","104.542","min","174.520","µmol/L","Humid","22.389","deg","41558","µV","26.474","°C","1018.000","hPa","35.3","pmil","0","55.520","deg","20.000","°C","100.000","%a.s.","21.750","deg","20.000","°C","977.000","hPa","0.861","-0.02617","0.00035","0","0","13.56","Humid","24.85","0","70.00","286250.49","SABD0000000001","AAV1.0.0.11","1.1.2.0","PSt7-10","170328-006","1/4/2020 10:31:52","0000-00","0","no battery","V"
"11/02/2020","12:58:56","1","default","640513929","OXY_CH1","104.558","min","174.603","µmol/L","Humid","22.383","deg","41561","µV","26.475","°C","1018.000","hPa","35.3","pmil","0","55.520","deg","20.000","°C","100.000","%a.s.","21.750","deg","20.000","°C","977.000","hPa","0.861","-0.02617","0.00035","0","0","13.56","Humid","24.85","0","70.00","286251.74","SABD0000000001","AAV1.0.0.11","1.1.2.0","PSt7-10","170328-006","1/4/2020 10:31:52","0000-00","0","no battery","V"
"11/02/2020","12:58:57","1","default","640513929","OXY_CH1","104.575","min","174.492","µmol/L","Humid","22.391","deg","41558","µV","26.474","°C","1018.000","hPa","35.3","pmil","0","55.520","deg","20.000","°C","100.000","%a.s.","21.750","deg","20.000","°C","977.000","hPa","0.861","-0.02617","0.00035","0","0","13.56","Humid","24.85","0","70.00","286249.08","SABD0000000001","AAV1.0.0.11","1.1.2.0","PSt7-10","170328-006","1/4/2020 10:31:52","0000-00","0","no battery","V"
"11/02/2020","12:58:58","1","default","640513929","OXY_CH1","104.592","min","174.655","µmol/L","Humid","22.381","deg","41566","µV","26.471","°C","1018.000","hPa","35.3","pmil","0","55.520","deg","20.000","°C","100.000","%a.s.","21.750","deg","20.000","°C","977.000","hPa","0.861","-0.02617","0.00035","0","0","13.56","Humid","24.85","0","70.00","286252.14","SABD0000000001","AAV1.0.0.11","1.1.2.0","PSt7-10","170328-006","1/4/2020 10:31:52","0000-00","0","no battery","V"
"11/02/2020","12:58:59","1","default","640513929","OXY_CH1","104.609","min","174.523","µmol/L","Humid","22.381","deg","41565","µV","26.497","°C","1018.000","hPa","35.3","pmil","0","55.520","deg","20.000","°C","100.000","%a.s.","21.750","deg","20.000","°C","977.000","hPa","0.861","-0.02617","0.00035","0","0","13.56","Humid","24.85","0","70.00","286262.95","SABD0000000001","AAV1.0.0.11","1.1.2.0","PSt7-10","170328-006","1/4/2020 10:31:52","0000-00","0","no battery","V"
"11/02/2020","12:59:00","1","default","640513929","OXY_CH1","104.625","min","174.484","µmol/L","Humid","22.384","deg","41560","µV","26.496","°C","1018.000","hPa","35.3","pmil","0","55.520","deg","20.000","°C","100.000","%a.s.","21.750","deg","20.000","°C","977.000","hPa","0.861","-0.02617","0.00035","0","0","13.56","Humid","24.85","0","70.00","286249.21","SABD0000000001","AAV1.0.0.11","1.1.2.0","PSt7-10","170328-006","1/4/2020 10:31:52","0000-00","0","no battery","V"
"11/02/2020","12:59:01","1","default","640513929","OXY_CH1","104.642","min","174.504","µmol/L","Humid","22.380","deg","41566","µV","26.504","°C","1018.000","hPa","35.3","pmil","0","55.520","deg","20.000","°C","100.000","%a.s.","21.750","deg","20.000","°C","977.000","hPa","0.861","-0.02617","0.00035","0","0","13.56","Humid","24.85","0","70.00","286257.07","SABD0000000001","AAV1.0.0.11","1.1.2.0","PSt7-10","170328-006","1/4/2020 10:31:52","0000-00","0","no battery","V"
"11/02/2020","12:59:02","1","default","640513929","OXY_CH1","104.659","min","174.574","µmol/L","Humid","22.387","deg","41565","µV","26.469","°C","1018.000","hPa","35.3","pmil","0","55.520","deg","20.000","°C","100.000","%a.s.","21.750","deg","20.000","°C","977.000","hPa","0.861","-0.02617","0.00035","0","0","13.56","Humid","24.85","0","70.00","286248.39","SABD0000000001","AAV1.0.0.11","1.1.2.0","PSt7-10","170328-006","1/4/2020 10:31:52","0000-00","0","no battery","V"
"11/02/2020","12:59:03","1","default","640513929","OXY_CH1","104.675","min","174.529","µmol/L","Humid","22.384","deg","41560","µV","26.487","°C","1018.000","hPa","35.3","pmil","0","55.520","deg","20.000","°C","100.000","%a.s.","21.750","deg","20.000","°C","977.000","hPa","0.861","-0.02617","0.00035","0","0","13.56","Humid","24.85","0","70.00","286261.78","SABD0000000001","AAV1.0.0.11","1.1.2.0","PSt7-10","170328-006","1/4/2020 10:31:52","0000-00","0","no battery","V"
"11/02/2020","12:59:04","1","default","640513929","OXY_CH1","104.692","min","174.551","µmol/L","Humid","22.378","deg","41562","µV","26.500","°C","1018.000","hPa","35.3","pmil","0","55.520","deg","20.000","°C","100.000","%a.s.","21.750","deg","20.000","°C","977.000","hPa","0.861","-0.02617","0.00035","0","0","13.56","Humid","24.85","0","70.00","286262.17","SABD0000000001","AAV1.0.0.11","1.1.2.0","PSt7-10","170328-006","1/4/2020 10:31:52","0000-00","0","no battery","V"
"11/02/2020","12:59:05","1","default","640513929","OXY_CH1","104.709","min","174.477","µmol/L","Humid","22.387","deg","41559","µV","26.488","°C","1018.000","hPa","35.3","pmil","0","55.520","deg","20.000","°C","100.000","%a.s.","21.750","deg","20.000","°C","977.000","hPa","0.861","-0.02617","0.00035","0","0","13.56","Humid","24.85","0","70.00","286257.81","SABD0000000001","AAV1.0.0.11","1.1.2.0","PSt7-10","170328-006","1/4/2020 10:31:52","0000-00","0","no battery","V"
"11/02/2020","12:59:06","1","default","640513929","OXY_CH1","104.726","min","174.573","µmol/L","Humid","22.380","deg","41557","µV","26.490","°C","1018.000","hPa","35.3","pmil","0","55.520","deg","20.000","°C","100.000","%a.s.","21.750","deg","20.000","°C","977.000","hPa","0.861","-0.02617","0.00035","0","0","13.56","Humid","24.85","0","70.00","286252.75","SABD0000000001","AAV1.0.0.11","1.1.2.0","PSt7-10","170328-006","1/4/2020 10:31:52","0000-00","0","no battery","V"
"11/02/2020","12:59:07","1","default","640513929","OXY_CH1","104.742","min","174.795","µmol/L","Humid","22.370","deg","41560","µV","26.476","°C","1018.000","hPa","35.3","pmil","0","55.520","deg","20.000","°C","100.000","%a.s.","21.750","deg","20.000","°C","977.000","hPa","0.861","-0.02617","0.00035","0","0","13.56","Humid","24.85","0","70.00","286268.43","SABD0000000001","AAV1.0.0.11","1.1.2.0","PSt7-10","170328-006","1/4/2020 10:31:52","0000-00","0","no battery","V"
"11/02/2020","12:59:08","1","default","640513929","OXY_CH1","104.759","min","174.608","µmol/L","Humid","22.377","deg","41553","µV","26.492","°C","1018.000","hPa","35.3","pmil","0","55.520","deg","20.000","°C","100.000","%a.s.","21.750","deg","20.000","°C","977.000","hPa","0.861","-0.02617","0.00035","0","0","13.56","Humid","24.85","0","70.00","286247.60","SABD0000000001","AAV1.0.0.11","1.1.2.0","PSt7-10","170328-006","1/4/2020 10:31:52","0000-00","0","no battery","V"
"11/02/2020","12:59:09","1","default","640513929","OXY_CH1","104.776","min","174.693","µmol/L","Humid","22.371","deg","41556","µV","26.493","°C","1018.000","hPa","35.3","pmil","0","55.520","deg","20.000","°C","100.000","%a.s.","21.750","deg","20.000","°C","977.000","hPa","0.861","-0.02617","0.00035","0","0","13.56","Humid","24.85","0","70.00","286248.22","SABD0000000001","AAV1.0.0.11","1.1.2.0","PSt7-10","170328-006","1/4/2020 10:31:52","0000-00","0","no battery","V"
"11/02/2020","12:59:10","1","default","640513929","OXY_CH1","104.792","min","174.606","µmol/L","Humid","22.380","deg","41551","µV","26.484","°C","1018.000","hPa","35.3","pmil","0","55.520","deg","20.000","°C","100.000","%a.s.","21.750","deg","20.000","°C","977.000","hPa","0.861","-0.02617","0.00035","0","0","13.56","Humid","24.85","0","70.00","286244.02","SABD0000000001","AAV1.0.0.11","1.1.2.0","PSt7-10","170328-006","1/4/2020 10:31:52","0000-00","0","no battery","V"
"11/02/2020","12:59:11","1","default","640513929","OXY_CH1","104.808","min","174.740","µmol/L","Humid","22.370","deg","41547","µV","26.487","°C","1018.000","hPa","35.3","pmil","0","55.520","deg","20.000","°C","100.000","%a.s.","21.750","deg","20.000","°C","977.000","hPa","0.861","-0.02617","0.00035","0","0","13.56","Humid","24.85","0","70.00","286239.77","SABD0000000001","AAV1.0.0.11","1.1.2.0","PSt7-10","170328-006","1/4/2020 10:31:52","0000-00","0","no battery","V"
"11/02/2020","12:59:12","1","default","640513929","OXY_CH1","104.825","min","174.651","µmol/L","Humid","22.378","deg","41546","µV","26.481","°C","1018.000","hPa","35.3","pmil","0","55.520","deg","20.000","°C","100.000","%a.s.","21.750","deg","20.000","°C","977.000","hPa","0.861","-0.02617","0.00035","0","0","13.56","Humid","24.85","0","70.00","286238.81","SABD0000000001","AAV1.0.0.11","1.1.2.0","PSt7-10","170328-006","1/4/2020 10:31:52","0000-00","0","no battery","V"
"11/02/2020","12:59:13","1","default","640513929","OXY_CH1","104.842","min","174.582","µmol/L","Humid","22.378","deg","41540","µV","26.494","°C","1018.000","hPa","35.3","pmil","0","55.520","deg","20.000","°C","100.000","%a.s.","21.750","deg","20.000","°C","977.000","hPa","0.861","-0.02617","0.00035","0","0","13.56","Humid","24.85","0","70.00","286241.40","SABD0000000001","AAV1.0.0.11","1.1.2.0","PSt7-10","170328-006","1/4/2020 10:31:52","0000-00","0","no battery","V"
"11/02/2020","12:59:14","1","default","640513929","OXY_CH1","104.859","min","174.796","µmol/L","Humid","22.368","deg","41548","µV","26.482","°C","1018.000","hPa","35.3","pmil","0","55.520","deg","20.000","°C","100.000","%a.s.","21.750","deg","20.000","°C","977.000","hPa","0.861","-0.02617","0.00035","0","0","13.56","Humid","24.85","0","70.00","286242.07","SABD0000000001","AAV1.0.0.11","1.1.2.0","PSt7-10","170328-006","1/4/2020 10:31:52","0000-00","0","no battery","V"
"11/02/2020","12:59:15","1","default","640513929","OXY_CH1","104.875","min","174.661","µmol/L","Humid","22.375","deg","41538","µV","26.488","°C","1018.000","hPa","35.3","pmil","0","55.520","deg","20.000","°C","100.000","%a.s.","21.750","deg","20.000","°C","977.000","hPa","0.861","-0.02617","0.00035","0","0","13.56","Humid","24.85","0","70.00","286230.52","SABD0000000001","AAV1.0.0.11","1.1.2.0","PSt7-10","170328-006","1/4/2020 10:31:52","0000-00","0","no battery","V"
"11/02/2020","12:59:16","1","default","640513929","OXY_CH1","104.892","min","174.771","µmol/L","Humid","22.373","deg","41544","µV","26.472","°C","1018.000","hPa","35.3","pmil","0","55.520","deg","20.000","°C","100.000","%a.s.","21.750","deg","20.000","°C","977.000","hPa","0.861","-0.02617","0.00035","0","0","13.56","Humid","24.85","0","70.00","286245.77","SABD0000000001","AAV1.0.0.11","1.1.2.0","PSt7-10","170328-006","1/4/2020 10:31:52","0000-00","0","no battery","V"
"11/02/2020","12:59:17","1","default","640513929","OXY_CH1","104.909","min","174.825","µmol/L","Humid","22.371","deg","41541","µV","26.467","°C","1018.000","hPa","35.3","pmil","0","55.520","deg","20.000","°C","100.000","%a.s.","21.750","deg","20.000","°C","977.000","hPa","0.861","-0.02617","0.00035","0","0","13.56","Humid","24.85","0","70.00","286232.53","SABD0000000001","AAV1.0.0.11","1.1.2.0","PSt7-10","170328-006","1/4/2020 10:31:52","0000-00","0","no battery","V"
"11/02/2020","12:59:18","1","default","640513929","OXY_CH1","104.926","min","174.768","µmol/L","Humid","22.373","deg","41541","µV","26.472","°C","1018.000","hPa","35.3","pmil","0","55.520","deg","20.000","°C","100.000","%a.s.","21.750","deg","20.000","°C","977.000","hPa","0.861","-0.02617","0.00035","0","0","13.56","Humid","24.85","0","70.00","286239.51","SABD0000000001","AAV1.0.0.11","1.1.2.0","PSt7-10","170328-006","1/4/2020 10:31:52","0000-00","0","no battery","V"
"11/02/2020","12:59:19","1","default","640513929","OXY_CH1","104.942","min","174.689","µmol/L","Humid","22.373","deg","41547","µV","26.488","°C","1018.000","hPa","35.3","pmil","0","55.520","deg","20.000","°C","100.000","%a.s.","21.750","deg","20.000","°C","977.000","hPa","0.861","-0.02617","0.00035","0","0","13.56","Humid","24.85","0","70.00","286237.60","SABD0000000001","AAV1.0.0.11","1.1.2.0","PSt7-10","170328-006","1/4/2020 10:31:52","0000-00","0","no battery","V"
"11/02/2020","12:59:20","1","default","640513929","OXY_CH1","104.959","min","174.831","µmol/L","Humid","22.364","deg","41543","µV","26.487","°C","1018.000","hPa","35.3","pmil","0","55.520","deg","20.000","°C","100.000","%a.s.","21.750","deg","20.000","°C","977.000","hPa","0.861","-0.02617","0.00035","0","0","13.56","Humid","24.85","0","70.00","286248.11","SABD0000000001","AAV1.0.0.11","1.1.2.0","PSt7-10","170328-006","1/4/2020 10:31:52","0000-00","0","no battery","V"
"11/02/2020","12:59:21","1","default","640513929","OXY_CH1","104.976","min","174.720","µmol/L","Humid","22.371","deg","41543","µV","26.488","°C","1018.000","hPa","35.3","pmil","0","55.520","deg","20.000","°C","100.000","%a.s.","21.750","deg","20.000","°C","977.000","hPa","0.861","-0.02617","0.00035","0","0","13.56","Humid","24.85","0","70.00","286250.95","SABD0000000001","AAV1.0.0.11","1.1.2.0","PSt7-10","170328-006","1/4/2020 10:31:52","0000-00","0","no battery","V"
"11/02/2020","12:59:22","1","default","640513929","OXY_CH1","104.992","min","174.816","µmol/L","Humid","22.363","deg","41542","µV","26.493","°C","1018.000","hPa","35.3","pmil","0","55.520","deg","20.000","°C","100.000","%a.s.","21.750","deg","20.000","°C","977.000","hPa","0.861","-0.02617","0.00035","0","0","13.56","Humid","24.85","0","70.00","286253.50","SABD0000000001","AAV1.0.0.11","1.1.2.0","PSt7-10","170328-006","1/4/2020 10:31:52","0000-00","0","no battery","V"
"11/02/2020","12:59:23","1","default","640513929","OXY_CH1","105.008","min","174.836","µmol/L","Humid","22.362","deg","41536","µV","26.492","°C","1018.000","hPa","35.3","pmil","0","55.520","deg","20.000","°C","100.000","%a.s.","21.750","deg","20.000","°C","977.000","hPa","0.861","-0.02617","0.00035","0","0","13.56","Humid","24.85","0","70.00","286253.41","SABD0000000001","AAV1.0.0.11","1.1.2.0","PSt7-10","170328-006","1/4/2020 10:31:52","0000-00","0","no battery","V"
"11/02/2020","12:59:24","1","default","640513929","OXY_CH1","105.025","min","174.924","µmol/L","Humid","22.355","deg","41525","µV","26.495","°C","1018.000","hPa","35.3","pmil","0","55.520","deg","20.000","°C","100.000","%a.s.","21.750","deg","20.000","°C","977.000","hPa","0.861","-0.02617","0.00035","0","0","13.56","Humid","24.85","0","70.00","286246.31","SABD0000000001","AAV1.0.0.11","1.1.2.0","PSt7-10","170328-006","1/4/2020 10:31:52","0000-00","0","no battery","V"
"11/02/2020","12:59:25","1","default","640513929","OXY_CH1","105.042","min","174.822","µmol/L","Humid","22.359","deg","41533","µV","26.503","°C","1018.000","hPa","35.3","pmil","0","55.520","deg","20.000","°C","100.000","%a.s.","21.750","deg","20.000","°C","977.000","hPa","0.861","-0.02617","0.00035","0","0","13.56","Humid","24.85","0","70.00","286231.96","SABD0000000001","AAV1.0.0.11","1.1.2.0","PSt7-10","170328-006","1/4/2020 10:31:52","0000-00","0","no battery","V"
"11/02/2020","12:59:26","1","default","640513929","OXY_CH1","105.059","min","174.833","µmol/L","Humid","22.362","deg","41524","µV","26.492","°C","1018.000","hPa","35.3","pmil","0","55.520","deg","20.000","°C","100.000","%a.s.","21.750","deg","20.000","°C","977.000","hPa","0.861","-0.02617","0.00035","0","0","13.56","Humid","24.85","0","70.00","286253.90","SABD0000000001","AAV1.0.0.11","1.1.2.0","PSt7-10","170328-006","1/4/2020 10:31:52","0000-00","0","no battery","V"
"11/02/2020","12:59:27","1","default","640513929","OXY_CH1","105.075","min","174.962","µmol/L","Humid","22.359","deg","41527","µV","26.476","°C","1018.000","hPa","35.3","pmil","0","55.520","deg","20.000","°C","100.000","%a.s.","21.750","deg","20.000","°C","977.000","hPa","0.861","-0.02617","0.00035","0","0","13.56","Humid","24.85","0","70.00","286242.61","SABD0000000001","AAV1.0.0.11","1.1.2.0","PSt7-10","170328-006","1/4/2020 10:31:52","0000-00","0","no battery","V"
"11/02/2020","12:59:28","1","default","640513929","OXY_CH1","105.092","min","174.814","µmol/L","Humid","22.369","deg","41521","µV","26.475","°C","1018.000","hPa","35.3","pmil","0","55.520","deg","20.000","°C","100.000","%a.s.","21.750","deg","20.000","°C","977.000","hPa","0.861","-0.02617","0.00035","0","0","13.56","Humid","24.85","0","70.00","286248.13","SABD0000000001","AAV1.0.0.11","1.1.2.0","PSt7-10","170328-006","1/4/2020 10:31:52","0000-00","0","no battery","V"
"11/02/2020","12:59:29","1","default","640513929","OXY_CH1","105.109","min","174.820","µmol/L","Humid","22.362","deg","41516","µV","26.495","°C","1018.000","hPa","35.3","pmil","0","55.520","deg","20.000","°C","100.000","%a.s.","21.750","deg","20.000","°C","977.000","hPa","0.861","-0.02617","0.00035","0","0","13.56","Humid","24.85","0","70.00","286247.90","SABD0000000001","AAV1.0.0.11","1.1.2.0","PSt7-10","170328-006","1/4/2020 10:31:52","0000-00","0","no battery","V"
"11/02/2020","12:59:30","1","default","640513929","OXY_CH1","105.126","min","174.900","µmol/L","Humid","22.359","deg","41517","µV","26.488","°C","1018.000","hPa","35.3","pmil","0","55.520","deg","20.000","°C","100.000","%a.s.","21.750","deg","20.000","°C","977.000","hPa","0.861","-0.02617","0.00035","0","0","13.56","Humid","24.85","0","70.00","286245.90","SABD0000000001","AAV1.0.0.11","1.1.2.0","PSt7-10","170328-006","1/4/2020 10:31:52","0000-00","0","no battery","V"
"11/02/2020","12:59:31","1","default","640513929","OXY_CH1","105.142","min","174.949","µmol/L","Humid","22.360","deg","41514","µV","26.475","°C","1018.000","hPa","35.3","pmil","0","55.520","deg","20.000","°C","100.000","%a.s.","21.750","deg","20.000","°C","977.000","hPa","0.861","-0.02617","0.00035","0","0","13.56","Humid","24.85","0","70.00","286236.06","SABD0000000001","AAV1.0.0.11","1.1.2.0","PSt7-10","170328-006","1/4/2020 10:31:52","0000-00","0","no battery","V"
"11/02/2020","12:59:32","1","default","640513929","OXY_CH1","105.158","min","174.906","µmol/L","Humid","22.360","deg","41518","µV","26.484","°C","1018.000","hPa","35.3","pmil","0","55.520","deg","20.000","°C","100.000","%a.s.","21.750","deg","20.000","°C","977.000","hPa","0.861","-0.02617","0.00035","0","0","13.56","Humid","24.85","0","70.00","286238.76","SABD0000000001","AAV1.0.0.11","1.1.2.0","PSt7-10","170328-006","1/4/2020 10:31:52","0000-00","0","no battery","V"
"11/02/2020","12:59:33","1","default","640513929","OXY_CH1","105.175","min","174.972","µmol/L","Humid","22.358","deg","41519","µV","26.477","°C","1018.000","hPa","35.3","pmil","0","55.520","deg","20.000","°C","100.000","%a.s.","21.750","deg","20.000","°C","977.000","hPa","0.861","-0.02617","0.00035","0","0","13.56","Humid","24.85","0","70.00","286239.48","SABD0000000001","AAV1.0.0.11","1.1.2.0","PSt7-10","170328-006","1/4/2020 10:31:52","0000-00","0","no battery","V"
"11/02/2020","12:59:34","1","default","640513929","OXY_CH1","105.192","min","175.016","µmol/L","Humid","22.353","deg","41517","µV","26.483","°C","1018.000","hPa","35.3","pmil","0","55.520","deg","20.000","°C","100.000","%a.s.","21.750","deg","20.000","°C","977.000","hPa","0.861","-0.02617","0.00035","0","0","13.56","Humid","24.85","0","70.00","286249.45","SABD0000000001","AAV1.0.0.11","1.1.2.0","PSt7-10","170328-006","1/4/2020 10:31:52","0000-00","0","no battery","V"
"11/02/2020","12:59:35","1","default","640513929","OXY_CH1","105.208","min","175.072","µmol/L","Humid","22.345","deg","41516","µV","26.495","°C","1018.000","hPa","35.3","pmil","0","55.520","deg","20.000","°C","100.000","%a.s.","21.750","deg","20.000","°C","977.000","hPa","0.861","-0.02617","0.00035","0","0","13.56","Humid","24.85","0","70.00","286240.00","SABD0000000001","AAV1.0.0.11","1.1.2.0","PSt7-10","170328-006","1/4/2020 10:31:52","0000-00","0","no battery","V"
"11/02/2020","12:59:36","1","default","640513929","OXY_CH1","105.225","min","174.942","µmol/L","Humid","22.360","deg","41506","µV","26.477","°C","1018.000","hPa","35.3","pmil","0","55.520","deg","20.000","°C","100.000","%a.s.","21.750","deg","20.000","°C","977.000","hPa","0.861","-0.02617","0.00035","0","0","13.56","Humid","24.85","0","70.00","286235.56","SABD0000000001","AAV1.0.0.11","1.1.2.0","PSt7-10","170328-006","1/4/2020 10:31:52","0000-00","0","no battery","V"
"11/02/2020","12:59:37","1","default","640513929","OXY_CH1","105.242","min","174.936","µmol/L","Humid","22.358","deg","41509","µV","26.484","°C","1018.000","hPa","35.3","pmil","0","55.520","deg","20.000","°C","100.000","%a.s.","21.750","deg","20.000","°C","977.000","hPa","0.861","-0.02617","0.00035","0","0","13.56","Humid","24.85","0","70.00","286240.80","SABD0000000001","AAV1.0.0.11","1.1.2.0","PSt7-10","170328-006","1/4/2020 10:31:52","0000-00","0","no battery","V"
"11/02/2020","12:59:38","1","default","640513929","OXY_CH1","105.259","min","174.987","µmol/L","Humid","22.352","deg","41505","µV","26.491","°C","1018.000","hPa","35.3","pmil","0","55.520","deg","20.000","°C","100.000","%a.s.","21.750","deg","20.000","°C","977.000","hPa","0.861","-0.02617","0.00035","0","0","13.56","Humid","24.85","0","70.00","286245.44","SABD0000000001","AAV1.0.0.11","1.1.2.0","PSt7-10","170328-006","1/4/2020 10:31:52","0000-00","0","no battery","V"
"11/02/2020","12:59:39","1","default","640513929","OXY_CH1","105.275","min","174.992","µmol/L","Humid","22.353","deg","41509","µV","26.487","°C","1018.000","hPa","35.3","pmil","0","55.520","deg","20.000","°C","100.000","%a.s.","21.750","deg","20.000","°C","977.000","hPa","0.861","-0.02617","0.00035","0","0","13.56","Humid","24.85","0","70.00","286253.66","SABD0000000001","AAV1.0.0.11","1.1.2.0","PSt7-10","170328-006","1/4/2020 10:31:52","0000-00","0","no battery","V"
"11/02/2020","12:59:40","1","default","640513929","OXY_CH1","105.292","min","174.907","µmol/L","Humid","22.357","deg","41510","µV","26.492","°C","1018.000","hPa","35.3","pmil","0","55.520","deg","20.000","°C","100.000","%a.s.","21.750","deg","20.000","°C","977.000","hPa","0.861","-0.02617","0.00035","0","0","13.56","Humid","24.85","0","70.00","286243.27","SABD0000000001","AAV1.0.0.11","1.1.2.0","PSt7-10","170328-006","1/4/2020 10:31:52","0000-00","0","no battery","V"
"11/02/2020","12:59:41","1","default","640513929","OXY_CH1","105.309","min","175.056","µmol/L","Humid","22.350","deg","41507","µV","26.484","°C","1018.000","hPa","35.3","pmil","0","55.520","deg","20.000","°C","100.000","%a.s.","21.750","deg","20.000","°C","977.000","hPa","0.861","-0.02617","0.00035","0","0","13.56","Humid","24.85","0","70.00","286238.71","SABD0000000001","AAV1.0.0.11","1.1.2.0","PSt7-10","170328-006","1/4/2020 10:31:52","0000-00","0","no battery","V"
"11/02/2020","12:59:42","1","default","640513929","OXY_CH1","105.326","min","175.133","µmol/L","Humid","22.345","deg","41509","µV","26.483","°C","1018.000","hPa","35.3","pmil","0","55.520","deg","20.000","°C","100.000","%a.s.","21.750","deg","20.000","°C","977.000","hPa","0.861","-0.02617","0.00035","0","0","13.56","Humid","24.85","0","70.00","286243.28","SABD0000000001","AAV1.0.0.11","1.1.2.0","PSt7-10","170328-006","1/4/2020 10:31:52","0000-00","0","no battery","V"
"11/02/2020","12:59:43","1","default","640513929","OXY_CH1","105.342","min","175.069","µmol/L","Humid","22.349","deg","41505","µV","26.484","°C","1018.000","hPa","35.3","pmil","0","55.520","deg","20.000","°C","100.000","%a.s.","21.750","deg","20.000","°C","977.000","hPa","0.861","-0.02617","0.00035","0","0","13.56","Humid","24.85","0","70.00","286245.19","SABD0000000001","AAV1.0.0.11","1.1.2.0","PSt7-10","170328-006","1/4/2020 10:31:52","0000-00","0","no battery","V"
"11/02/2020","12:59:44","1","default","640513929","OXY_CH1","105.359","min","175.008","µmol/L","Humid","22.351","deg","41509","µV","26.490","°C","1018.000","hPa","35.3","pmil","0","55.520","deg","20.000","°C","100.000","%a.s.","21.750","deg","20.000","°C","977.000","hPa","0.861","-0.02617","0.00035","0","0","13.56","Humid","24.85","0","70.00","286246.16","SABD0000000001","AAV1.0.0.11","1.1.2.0","PSt7-10","170328-006","1/4/2020 10:31:52","0000-00","0","no battery","V"
"11/02/2020","12:59:45","1","default","640513929","OXY_CH1","105.376","min","175.089","µmol/L","Humid","22.348","deg","41500","µV","26.483","°C","1018.000","hPa","35.3","pmil","0","55.520","deg","20.000","°C","100.000","%a.s.","21.750","deg","20.000","°C","977.000","hPa","0.861","-0.02617","0.00035","0","0","13.56","Humid","24.85","0","70.00","286239.60","SABD0000000001","AAV1.0.0.11","1.1.2.0","PSt7-10","170328-006","1/4/2020 10:31:52","0000-00","0","no battery","V"
"11/02/2020","12:59:46","1","default","640513929","OXY_CH1","105.392","min","175.083","µmol/L","Humid","22.349","deg","41494","µV","26.481","°C","1018.000","hPa","35.3","pmil","0","55.520","deg","20.000","°C","100.000","%a.s.","21.750","deg","20.000","°C","977.000","hPa","0.861","-0.02617","0.00035","0","0","13.56","Humid","24.85","0","70.00","286234.38","SABD0000000001","AAV1.0.0.11","1.1.2.0","PSt7-10","170328-006","1/4/2020 10:31:52","0000-00","0","no battery","V"
"11/02/2020","12:59:47","1","default","640513929","OXY_CH1","105.408","min","175.095","µmol/L","Humid","22.347","deg","41499","µV","26.485","°C","1018.000","hPa","35.3","pmil","0","55.520","deg","20.000","°C","100.000","%a.s.","21.750","deg","20.000","°C","977.000","hPa","0.861","-0.02617","0.00035","0","0","13.56","Humid","24.85","0","70.00","286231.84","SABD0000000001","AAV1.0.0.11","1.1.2.0","PSt7-10","170328-006","1/4/2020 10:31:52","0000-00","0","no battery","V"
"11/02/2020","12:59:48","1","default","640513929","OXY_CH1","105.425","min","175.103","µmol/L","Humid","22.343","deg","41495","µV","26.495","°C","1018.000","hPa","35.3","pmil","0","55.520","deg","20.000","°C","100.000","%a.s.","21.750","deg","20.000","°C","977.000","hPa","0.861","-0.02617","0.00035","0","0","13.56","Humid","24.85","0","70.00","286221.37","SABD0000000001","AAV1.0.0.11","1.1.2.0","PSt7-10","170328-006","1/4/2020 10:31:52","0000-00","0","no battery","V"
"11/02/2020","12:59:49","1","default","640513929","OXY_CH1","105.442","min","174.980","µmol/L","Humid","22.354","deg","41497","µV","26.487","°C","1018.000","hPa","35.3","pmil","0","55.520","deg","20.000","°C","100.000","%a.s.","21.750","deg","20.000","°C","977.000","hPa","0.861","-0.02617","0.00035","0","0","13.56","Humid","24.85","0","70.00","286231.88","SABD0000000001","AAV1.0.0.11","1.1.2.0","PSt7-10","170328-006","1/4/2020 10:31:52","0000-00","0","no battery","V"
"11/02/2020","12:59:50","1","default","640513929","OXY_CH1","105.458","min","175.214","µmol/L","Humid","22.339","deg","41496","µV","26.485","°C","1018.000","hPa","35.3","pmil","0","55.520","deg","20.000","°C","100.000","%a.s.","21.750","deg","20.000","°C","977.000","hPa","0.861","-0.02617","0.00035","0","0","13.56","Humid","24.85","0","70.00","286235.69","SABD0000000001","AAV1.0.0.11","1.1.2.0","PSt7-10","170328-006","1/4/2020 10:31:52","0000-00","0","no battery","V"
"11/02/2020","12:59:51","1","default","640513929","OXY_CH1","105.475","min","175.143","µmol/L","Humid","22.347","deg","41490","µV","26.476","°C","1018.000","hPa","35.3","pmil","0","55.520","deg","20.000","°C","100.000","%a.s.","21.750","deg","20.000","°C","977.000","hPa","0.861","-0.02617","0.00035","0","0","13.56","Humid","24.85","0","70.00","286234.44","SABD0000000001","AAV1.0.0.11","1.1.2.0","PSt7-10","170328-006","1/4/2020 10:31:52","0000-00","0","no battery","V"
"11/02/2020","12:59:52","1","default","640513929","OXY_CH1","105.492","min","175.131","µmol/L","Humid","22.345","deg","41489","µV","26.484","°C","1018.000","hPa","35.3","pmil","0","55.520","deg","20.000","°C","100.000","%a.s.","21.750","deg","20.000","°C","977.000","hPa","0.861","-0.02617","0.00035","0","0","13.56","Humid","24.85","0","70.00","286226.24","SABD0000000001","AAV1.0.0.11","1.1.2.0","PSt7-10","170328-006","1/4/2020 10:31:52","0000-00","0","no battery","V"
"11/02/2020","12:59:53","1","default","640513929","OXY_CH1","105.509","min","175.358","µmol/L","Humid","22.332","deg","41493","µV","26.478","°C","1018.000","hPa","35.3","pmil","0","55.520","deg","20.000","°C","100.000","%a.s.","21.750","deg","20.000","°C","977.000","hPa","0.861","-0.02617","0.00035","0","0","13.56","Humid","24.85","0","70.00","286223.33","SABD0000000001","AAV1.0.0.11","1.1.2.0","PSt7-10","170328-006","1/4/2020 10:31:52","0000-00","0","no battery","V"
"11/02/2020","12:59:54","1","default","640513929","OXY_CH1","105.526","min","175.354","µmol/L","Humid","22.335","deg","41490","µV","26.470","°C","1018.000","hPa","35.3","pmil","0","55.520","deg","20.000","°C","100.000","%a.s.","21.750","deg","20.000","°C","977.000","hPa","0.861","-0.02617","0.00035","0","0","13.56","Humid","24.85","0","70.00","286231.44","SABD0000000001","AAV1.0.0.11","1.1.2.0","PSt7-10","170328-006","1/4/2020 10:31:52","0000-00","0","no battery","V"
"11/02/2020","12:59:55","1","default","640513929","OXY_CH1","105.542","min","175.238","µmol/L","Humid","22.338","deg","41482","µV","26.484","°C","1018.000","hPa","35.3","pmil","0","55.520","deg","20.000","°C","100.000","%a.s.","21.750","deg","20.000","°C","977.000","hPa","0.861","-0.02617","0.00035","0","0","13.56","Humid","24.85","0","70.00","286223.74","SABD0000000001","AAV1.0.0.11","1.1.2.0","PSt7-10","170328-006","1/4/2020 10:31:52","0000-00","0","no battery","V"
"11/02/2020","12:59:56","1","default","640513929","OXY_CH1","105.558","min","175.172","µmol/L","Humid","22.344","deg","41481","µV","26.479","°C","1018.000","hPa","35.3","pmil","0","55.520","deg","20.000","°C","100.000","%a.s.","21.750","deg","20.000","°C","977.000","hPa","0.861","-0.02617","0.00035","0","0","13.56","Humid","24.85","0","70.00","286232.17","SABD0000000001","AAV1.0.0.11","1.1.2.0","PSt7-10","170328-006","1/4/2020 10:31:52","0000-00","0","no battery","V"
"11/02/2020","12:59:57","1","default","640513929","OXY_CH1","105.575","min","175.049","µmol/L","Humid","22.346","deg","41483","µV","26.497","°C","1018.000","hPa","35.3","pmil","0","55.520","deg","20.000","°C","100.000","%a.s.","21.750","deg","20.000","°C","977.000","hPa","0.861","-0.02617","0.00035","0","0","13.56","Humid","24.85","0","70.00","286226.84","SABD0000000001","AAV1.0.0.11","1.1.2.0","PSt7-10","170328-006","1/4/2020 10:31:52","0000-00","0","no battery","V"
"11/02/2020","12:59:58","1","default","640513929","OXY_CH1","105.592","min","175.305","µmol/L","Humid","22.329","deg","41486","µV","26.497","°C","1018.000","hPa","35.3","pmil","0","55.520","deg","20.000","°C","100.000","%a.s.","21.750","deg","20.000","°C","977.000","hPa","0.861","-0.02617","0.00035","0","0","13.56","Humid","24.85","0","70.00","286235.96","SABD0000000001","AAV1.0.0.11","1.1.2.0","PSt7-10","170328-006","1/4/2020 10:31:52","0000-00","0","no battery","V"
"11/02/2020","12:59:59","1","default","640513929","OXY_CH1","105.608","min","175.284","µmol/L","Humid","22.334","deg","41482","µV","26.486","°C","1018.000","hPa","35.3","pmil","0","55.520","deg","20.000","°C","100.000","%a.s.","21.750","deg","20.000","°C","977.000","hPa","0.861","-0.02617","0.00035","0","0","13.56","Humid","24.85","0","70.00","286228.95","SABD0000000001","AAV1.0.0.11","1.1.2.0","PSt7-10","170328-006","1/4/2020 10:31:52","0000-00","0","no battery","V"
"11/02/2020","13:00:00","1","default","640513929","OXY_CH1","105.625","min","175.053","µmol/L","Humid","22.348","deg","41478","µV","26.490","°C","1018.000","hPa","35.3","pmil","0","55.520","deg","20.000","°C","100.000","%a.s.","21.750","deg","20.000","°C","977.000","hPa","0.861","-0.02617","0.00035","0","0","13.56","Humid","24.85","0","70.00","286232.58","SABD0000000001","AAV1.0.0.11","1.1.2.0","PSt7-10","170328-006","1/4/2020 10:31:52","0000-00","0","no battery","V"
"11/02/2020","13:00:01","1","default","640513929","OXY_CH1","105.642","min","175.279","µmol/L","Humid","22.335","deg","41483","µV","26.484","°C","1018.000","hPa","35.3","pmil","0","55.520","deg","20.000","°C","100.000","%a.s.","21.750","deg","20.000","°C","977.000","hPa","0.861","-0.02617","0.00035","0","0","13.56","Humid","24.85","0","70.00","286221.66","SABD0000000001","AAV1.0.0.11","1.1.2.0","PSt7-10","170328-006","1/4/2020 10:31:52","0000-00","0","no battery","V"
"11/02/2020","13:00:02","1","default","640513929","OXY_CH1","105.659","min","175.360","µmol/L","Humid","22.332","deg","41479","µV","26.477","°C","1018.000","hPa","35.3","pmil","0","55.520","deg","20.000","°C","100.000","%a.s.","21.750","deg","20.000","°C","977.000","hPa","0.861","-0.02617","0.00035","0","0","13.56","Humid","24.85","0","70.00","286223.84","SABD0000000001","AAV1.0.0.11","1.1.2.0","PSt7-10","170328-006","1/4/2020 10:31:52","0000-00","0","no battery","V"
"11/02/2020","13:00:03","1","default","640513929","OXY_CH1","105.675","min","175.148","µmol/L","Humid","22.340","deg","41483","µV","26.495","°C","1018.000","hPa","35.3","pmil","0","55.520","deg","20.000","°C","100.000","%a.s.","21.750","deg","20.000","°C","977.000","hPa","0.861","-0.02617","0.00035","0","0","13.56","Humid","24.85","0","70.00","286227.93","SABD0000000001","AAV1.0.0.11","1.1.2.0","PSt7-10","170328-006","1/4/2020 10:31:52","0000-00","0","no battery","V"
"11/02/2020","13:00:04","1","default","640513929","OXY_CH1","105.692","min","175.271","µmol/L","Humid","22.335","deg","41483","µV","26.486","°C","1018.000","hPa","35.3","pmil","0","55.520","deg","20.000","°C","100.000","%a.s.","21.750","deg","20.000","°C","977.000","hPa","0.861","-0.02617","0.00035","0","0","13.56","Humid","24.85","0","70.00","286228.96","SABD0000000001","AAV1.0.0.11","1.1.2.0","PSt7-10","170328-006","1/4/2020 10:31:52","0000-00","0","no battery","V"
"11/02/2020","13:00:05","1","default","640513929","OXY_CH1","105.709","min","175.374","µmol/L","Humid","22.327","deg","41481","µV","26.489","°C","1018.000","hPa","35.3","pmil","0","55.520","deg","20.000","°C","100.000","%a.s.","21.750","deg","20.000","°C","977.000","hPa","0.861","-0.02617","0.00035","0","0","13.56","Humid","24.85","0","70.00","286225.06","SABD0000000001","AAV1.0.0.11","1.1.2.0","PSt7-10","170328-006","1/4/2020 10:31:52","0000-00","0","no battery","V"
"11/02/2020","13:00:06","1","default","640513929","OXY_CH1","105.726","min","175.338","µmol/L","Humid","22.330","deg","41482","µV","26.488","°C","1018.000","hPa","35.3","pmil","0","55.520","deg","20.000","°C","100.000","%a.s.","21.750","deg","20.000","°C","977.000","hPa","0.861","-0.02617","0.00035","0","0","13.56","Humid","24.85","0","70.00","286224.67","SABD0000000001","AAV1.0.0.11","1.1.2.0","PSt7-10","170328-006","1/4/2020 10:31:52","0000-00","0","no battery","V"
"11/02/2020","13:00:07","1","default","640513929","OXY_CH1","105.742","min","175.252","µmol/L","Humid","22.335","deg","41487","µV","26.490","°C","1018.000","hPa","35.3","pmil","0","55.520","deg","20.000","°C","100.000","%a.s.","21.750","deg","20.000","°C","977.000","hPa","0.861","-0.02617","0.00035","0","0","13.56","Humid","24.85","0","70.00","286234.11","SABD0000000001","AAV1.0.0.11","1.1.2.0","PSt7-10","170328-006","1/4/2020 10:31:52","0000-00","0","no battery","V"
"11/02/2020","13:00:08","1","default","640513929","OXY_CH1","105.758","min","175.336","µmol/L","Humid","22.327","deg","41474","µV","26.497","°C","1018.000","hPa","35.3","pmil","0","55.520","deg","20.000","°C","100.000","%a.s.","21.750","deg","20.000","°C","977.000","hPa","0.861","-0.02617","0.00035","0","0","13.56","Humid","24.85","0","70.00","286220.79","SABD0000000001","AAV1.0.0.11","1.1.2.0","PSt7-10","170328-006","1/4/2020 10:31:52","0000-00","0","no battery","V"
"11/02/2020","13:00:09","1","default","640513929","OXY_CH1","105.775","min","175.392","µmol/L","Humid","22.329","deg","41477","µV","26.480","°C","1018.000","hPa","35.3","pmil","0","55.520","deg","20.000","°C","100.000","%a.s.","21.750","deg","20.000","°C","977.000","hPa","0.861","-0.02617","0.00035","0","0","13.56","Humid","24.85","0","70.00","286219.25","SABD0000000001","AAV1.0.0.11","1.1.2.0","PSt7-10","170328-006","1/4/2020 10:31:52","0000-00","0","no battery","V"
"11/02/2020","13:00:10","1","default","640513929","OXY_CH1","105.792","min","175.462","µmol/L","Humid","22.324","deg","41475","µV","26.481","°C","1018.000","hPa","35.3","pmil","0","55.520","deg","20.000","°C","100.000","%a.s.","21.750","deg","20.000","°C","977.000","hPa","0.861","-0.02617","0.00035","0","0","13.56","Humid","24.85","0","70.00","286216.58","SABD0000000001","AAV1.0.0.11","1.1.2.0","PSt7-10","170328-006","1/4/2020 10:31:52","0000-00","0","no battery","V"
"11/02/2020","13:00:11","1","default","640513929","OXY_CH1","105.809","min","175.390","µmol/L","Humid","22.327","deg","41474","µV","26.486","°C","1018.000","hPa","35.3","pmil","0","55.520","deg","20.000","°C","100.000","%a.s.","21.750","deg","20.000","°C","977.000","hPa","0.861","-0.02617","0.00035","0","0","13.56","Humid","24.85","0","70.00","286220.69","SABD0000000001","AAV1.0.0.11","1.1.2.0","PSt7-10","170328-006","1/4/2020 10:31:52","0000-00","0","no battery","V"
"11/02/2020","13:00:12","1","default","640513929","OXY_CH1","105.825","min","175.349","µmol/L","Humid","22.331","deg","41472","µV","26.482","°C","1018.000","hPa","35.3","pmil","0","55.520","deg","20.000","°C","100.000","%a.s.","21.750","deg","20.000","°C","977.000","hPa","0.861","-0.02617","0.00035","0","0","13.56","Humid","24.85","0","70.00","286229.97","SABD0000000001","AAV1.0.0.11","1.1.2.0","PSt7-10","170328-006","1/4/2020 10:31:52","0000-00","0","no battery","V"
"11/02/2020","13:00:13","1","default","640513929","OXY_CH1","105.842","min","175.465","µmol/L","Humid","22.324","deg","41478","µV","26.480","°C","1018.000","hPa","35.3","pmil","0","55.520","deg","20.000","°C","100.000","%a.s.","21.750","deg","20.000","°C","977.000","hPa","0.861","-0.02617","0.00035","0","0","13.56","Humid","24.85","0","70.00","286227.18","SABD0000000001","AAV1.0.0.11","1.1.2.0","PSt7-10","170328-006","1/4/2020 10:31:52","0000-00","0","no battery","V"
"11/02/2020","13:00:14","1","default","640513929","OXY_CH1","105.859","min","175.501","µmol/L","Humid","22.323","deg","41463","µV","26.476","°C","1018.000","hPa","35.3","pmil","0","55.520","deg","20.000","°C","100.000","%a.s.","21.750","deg","20.000","°C","977.000","hPa","0.861","-0.02617","0.00035","0","0","13.56","Humid","24.85","0","70.00","286227.39","SABD0000000001","AAV1.0.0.11","1.1.2.0","PSt7-10","170328-006","1/4/2020 10:31:52","0000-00","0","no battery","V"
"11/02/2020","13:00:15","1","default","640513929","OXY_CH1","105.876","min","175.470","µmol/L","Humid","22.323","deg","41463","µV","26.482","°C","1018.000","hPa","35.3","pmil","0","55.520","deg","20.000","°C","100.000","%a.s.","21.750","deg","20.000","°C","977.000","hPa","0.861","-0.02617","0.00035","0","0","13.56","Humid","24.85","0","70.00","286230.18","SABD0000000001","AAV1.0.0.11","1.1.2.0","PSt7-10","170328-006","1/4/2020 10:31:52","0000-00","0","no battery","V"
"11/02/2020","13:00:16","1","default","640513929","OXY_CH1","105.892","min","175.519","µmol/L","Humid","22.315","deg","41456","µV","26.496","°C","1018.000","hPa","35.3","pmil","0","55.520","deg","20.000","°C","100.000","%a.s.","21.750","deg","20.000","°C","977.000","hPa","0.861","-0.02617","0.00035","0","0","13.56","Humid","24.85","0","70.00","286228.29","SABD0000000001","AAV1.0.0.11","1.1.2.0","PSt7-10","170328-006","1/4/2020 10:31:52","0000-00","0","no battery","V"
"11/02/2020","13:00:17","1","default","640513929","OXY_CH1","105.909","min","175.444","µmol/L","Humid","22.320","deg","41461","µV","26.496","°C","1018.000","hPa","35.3","pmil","0","55.520","deg","20.000","°C","100.000","%a.s.","21.750","deg","20.000","°C","977.000","hPa","0.861","-0.02617","0.00035","0","0","13.56","Humid","24.85","0","70.00","286229.45","SABD0000000001","AAV1.0.0.11","1.1.2.0","PSt7-10","170328-006","1/4/2020 10:31:52","0000-00","0","no battery","V"
"11/02/2020","13:00:18","1","default","640513929","OXY_CH1","105.925","min","175.384","µmol/L","Humid","22.324","deg","41460","µV","26.496","°C","1018.000","hPa","35.3","pmil","0","55.520","deg","20.000","°C","100.000","%a.s.","21.750","deg","20.000","°C","977.000","hPa","0.861","-0.02617","0.00035","0","0","13.56","Humid","24.85","0","70.00","286227.79","SABD0000000001","AAV1.0.0.11","1.1.2.0","PSt7-10","170328-006","1/4/2020 10:31:52","0000-00","0","no battery","V"
"11/02/2020","13:00:19","1","default","640513929","OXY_CH1","105.942","min","175.503","µmol/L","Humid","22.320","deg","41453","µV","26.485","°C","1018.000","hPa","35.3","pmil","0","55.520","deg","20.000","°C","100.000","%a.s.","21.750","deg","20.000","°C","977.000","hPa","0.861","-0.02617","0.00035","0","0","13.56","Humid","24.85","0","70.00","286224.14","SABD0000000001","AAV1.0.0.11","1.1.2.0","PSt7-10","170328-006","1/4/2020 10:31:52","0000-00","0","no battery","V"
"11/02/2020","13:00:20","1","default","640513929","OXY_CH1","105.958","min","175.451","µmol/L","Humid","22.321","deg","41452","µV","26.492","°C","1018.000","hPa","35.3","pmil","0","55.520","deg","20.000","°C","100.000","%a.s.","21.750","deg","20.000","°C","977.000","hPa","0.861","-0.02617","0.00035","0","0","13.56","Humid","24.85","0","70.00","286230.65","SABD0000000001","AAV1.0.0.11","1.1.2.0","PSt7-10","170328-006","1/4/2020 10:31:52","0000-00","0","no battery","V"
"11/02/2020","13:00:21","1","default","640513929","OXY_CH1","105.975","min","175.607","µmol/L","Humid","22.311","deg","41454","µV","26.491","°C","1018.000","hPa","35.3","pmil","0","55.520","deg","20.000","°C","100.000","%a.s.","21.750","deg","20.000","°C","977.000","hPa","0.861","-0.02617","0.00035","0","0","13.56","Humid","24.85","0","70.00","286225.96","SABD0000000001","AAV1.0.0.11","1.1.2.0","PSt7-10","170328-006","1/4/2020 10:31:52","0000-00","0","no battery","V"
"11/02/2020","13:00:22","1","default","640513929","OXY_CH1","105.992","min","175.340","µmol/L","Humid","22.325","deg","41449","µV","26.502","°C","1018.000","hPa","35.3","pmil","0","55.520","deg","20.000","°C","100.000","%a.s.","21.750","deg","20.000","°C","977.000","hPa","0.861","-0.02617","0.00035","0","0","13.56","Humid","24.85","0","70.00","286225.00","SABD0000000001","AAV1.0.0.11","1.1.2.0","PSt7-10","170328-006","1/4/2020 10:31:52","0000-00","0","no battery","V"
"11/02/2020","13:00:23","1","default","640513929","OXY_CH1","106.009","min","175.433","µmol/L","Humid","22.325","deg","41455","µV","26.484","°C","1018.000","hPa","35.3","pmil","0","55.520","deg","20.000","°C","100.000","%a.s.","21.750","deg","20.000","°C","977.000","hPa","0.861","-0.02617","0.00035","0","0","13.56","Humid","24.85","0","70.00","286225.96","SABD0000000001","AAV1.0.0.11","1.1.2.0","PSt7-10","170328-006","1/4/2020 10:31:52","0000-00","0","no battery","V"
"11/02/2020","13:00:24","1","default","640513929","OXY_CH1","106.025","min","175.458","µmol/L","Humid","22.323","deg","41455","µV","26.485","°C","1018.000","hPa","35.3","pmil","0","55.520","deg","20.000","°C","100.000","%a.s.","21.750","deg","20.000","°C","977.000","hPa","0.861","-0.02617","0.00035","0","0","13.56","Humid","24.85","0","70.00","286224.65","SABD0000000001","AAV1.0.0.11","1.1.2.0","PSt7-10","170328-006","1/4/2020 10:31:52","0000-00","0","no battery","V"
"11/02/2020","13:00:25","1","default","640513929","OXY_CH1","106.042","min","175.578","µmol/L","Humid","22.315","deg","41454","µV","26.485","°C","1018.000","hPa","35.3","pmil","0","55.520","deg","20.000","°C","100.000","%a.s.","21.750","deg","20.000","°C","977.000","hPa","0.861","-0.02617","0.00035","0","0","13.56","Humid","24.85","0","70.00","286223.18","SABD0000000001","AAV1.0.0.11","1.1.2.0","PSt7-10","170328-006","1/4/2020 10:31:52","0000-00","0","no battery","V"
"11/02/2020","13:00:26","1","default","640513929","OXY_CH1","106.058","min","175.603","µmol/L","Humid","22.315","deg","41457","µV","26.480","°C","1018.000","hPa","35.3","pmil","0","55.520","deg","20.000","°C","100.000","%a.s.","21.750","deg","20.000","°C","977.000","hPa","0.861","-0.02617","0.00035","0","0","13.56","Humid","24.85","0","70.00","286230.19","SABD0000000001","AAV1.0.0.11","1.1.2.0","PSt7-10","170328-006","1/4/2020 10:31:52","0000-00","0","no battery","V"
"11/02/2020","13:00:27","1","default","640513929","OXY_CH1","106.075","min","175.600","µmol/L","Humid","22.315","deg","41446","µV","26.481","°C","1018.000","hPa","35.3","pmil","0","55.520","deg","20.000","°C","100.000","%a.s.","21.750","deg","20.000","°C","977.000","hPa","0.861","-0.02617","0.00035","0","0","13.56","Humid","24.85","0","70.00","286211.70","SABD0000000001","AAV1.0.0.11","1.1.2.0","PSt7-10","170328-006","1/4/2020 10:31:52","0000-00","0","no battery","V"
"11/02/2020","13:00:28","1","default","640513929","OXY_CH1","106.092","min","175.664","µmol/L","Humid","22.308","deg","41444","µV","26.489","°C","1018.000","hPa","35.3","pmil","0","55.520","deg","20.000","°C","100.000","%a.s.","21.750","deg","20.000","°C","977.000","hPa","0.861","-0.02617","0.00035","0","0","13.56","Humid","24.85","0","70.00","286225.44","SABD0000000001","AAV1.0.0.11","1.1.2.0","PSt7-10","170328-006","1/4/2020 10:31:52","0000-00","0","no battery","V"
"11/02/2020","13:00:29","1","default","640513929","OXY_CH1","106.109","min","175.578","µmol/L","Humid","22.315","deg","41447","µV","26.485","°C","1018.000","hPa","35.3","pmil","0","55.520","deg","20.000","°C","100.000","%a.s.","21.750","deg","20.000","°C","977.000","hPa","0.861","-0.02617","0.00035","0","0","13.56","Humid","24.85","0","70.00","286210.03","SABD0000000001","AAV1.0.0.11","1.1.2.0","PSt7-10","170328-006","1/4/2020 10:31:52","0000-00","0","no battery","V"
"11/02/2020","13:00:30","1","default","640513929","OXY_CH1","106.125","min","175.678","µmol/L","Humid","22.309","deg","41439","µV","26.483","°C","1018.000","hPa","35.3","pmil","0","55.520","deg","20.000","°C","100.000","%a.s.","21.750","deg","20.000","°C","977.000","hPa","0.861","-0.02617","0.00035","0","0","13.56","Humid","24.85","0","70.00","286207.92","SABD0000000001","AAV1.0.0.11","1.1.2.0","PSt7-10","170328-006","1/4/2020 10:31:52","0000-00","0","no battery","V"
"11/02/2020","13:00:31","1","default","640513929","OXY_CH1","106.142","min","175.527","µmol/L","Humid","22.316","deg","41447","µV","26.492","°C","1018.000","hPa","35.3","pmil","0","55.520","deg","20.000","°C","100.000","%a.s.","21.750","deg","20.000","°C","977.000","hPa","0.861","-0.02617","0.00035","0","0","13.56","Humid","24.85","0","70.00","286210.98","SABD0000000001","AAV1.0.0.11","1.1.2.0","PSt7-10","170328-006","1/4/2020 10:31:52","0000-00","0","no battery","V"
"11/02/2020","13:00:32","1","default","640513929","OXY_CH1","106.159","min","175.699","µmol/L","Humid","22.305","deg","41439","µV","26.491","°C","1018.000","hPa","35.3","pmil","0","55.520","deg","20.000","°C","100.000","%a.s.","21.750","deg","20.000","°C","977.000","hPa","0.861","-0.02617","0.00035","0","0","13.56","Humid","24.85","0","70.00","286216.72","SABD0000000001","AAV1.0.0.11","1.1.2.0","PSt7-10","170328-006","1/4/2020 10:31:52","0000-00","0","no battery","V"
"11/02/2020","13:00:33","1","default","640513929","OXY_CH1","106.176","min","175.614","µmol/L","Humid","22.313","deg","41436","µV","26.484","°C","1018.000","hPa","35.3","pmil","0","55.520","deg","20.000","°C","100.000","%a.s.","21.750","deg","20.000","°C","977.000","hPa","0.861","-0.02617","0.00035","0","0","13.56","Humid","24.85","0","70.00","286216.04","SABD0000000001","AAV1.0.0.11","1.1.2.0","PSt7-10","170328-006","1/4/2020 10:31:52","0000-00","0","no battery","V"
"11/02/2020","13:00:34","1","default","640513929","OXY_CH1","106.192","min","175.636","µmol/L","Humid","22.311","deg","41439","µV","26.485","°C","1018.000","hPa","35.3","pmil","0","55.520","deg","20.000","°C","100.000","%a.s.","21.750","deg","20.000","°C","977.000","hPa","0.861","-0.02617","0.00035","0","0","13.56","Humid","24.85","0","70.00","286223.30","SABD0000000001","AAV1.0.0.11","1.1.2.0","PSt7-10","170328-006","1/4/2020 10:31:52","0000-00","0","no battery","V"
"11/02/2020","13:00:35","1","default","640513929","OXY_CH1","106.209","min","175.457","µmol/L","Humid","22.319","deg","41438","µV","26.497","°C","1018.000","hPa","35.3","pmil","0","55.520","deg","20.000","°C","100.000","%a.s.","21.750","deg","20.000","°C","977.000","hPa","0.861","-0.02617","0.00035","0","0","13.56","Humid","24.85","0","70.00","286227.20","SABD0000000001","AAV1.0.0.11","1.1.2.0","PSt7-10","170328-006","1/4/2020 10:31:52","0000-00","0","no battery","V"
"11/02/2020","13:00:36","1","default","640513929","OXY_CH1","106.226","min","175.765","µmol/L","Humid","22.304","deg","41438","µV","26.481","°C","1018.000","hPa","35.3","pmil","0","55.520","deg","20.000","°C","100.000","%a.s.","21.750","deg","20.000","°C","977.000","hPa","0.861","-0.02617","0.00035","0","0","13.56","Humid","24.85","0","70.00","286233.25","SABD0000000001","AAV1.0.0.11","1.1.2.0","PSt7-10","170328-006","1/4/2020 10:31:52","0000-00","0","no battery","V"
"11/02/2020","13:00:37","1","default","640513929","OXY_CH1","106.242","min","175.680","µmol/L","Humid","22.306","deg","41429","µV","26.491","°C","1018.000","hPa","35.3","pmil","0","55.520","deg","20.000","°C","100.000","%a.s.","21.750","deg","20.000","°C","977.000","hPa","0.861","-0.02617","0.00035","0","0","13.56","Humid","24.85","0","70.00","286222.35","SABD0000000001","AAV1.0.0.11","1.1.2.0","PSt7-10","170328-006","1/4/2020 10:31:52","0000-00","0","no battery","V"
"11/02/2020","13:00:38","1","default","640513929","OXY_CH1","106.259","min","175.680","µmol/L","Humid","22.307","deg","41429","µV","26.489","°C","1018.000","hPa","35.3","pmil","0","55.520","deg","20.000","°C","100.000","%a.s.","21.750","deg","20.000","°C","977.000","hPa","0.861","-0.02617","0.00035","0","0","13.56","Humid","24.85","0","70.00","286220.01","SABD0000000001","AAV1.0.0.11","1.1.2.0","PSt7-10","170328-006","1/4/2020 10:31:52","0000-00","0","no battery","V"
"11/02/2020","13:00:39","1","default","640513929","OXY_CH1","106.275","min","175.634","µmol/L","Humid","22.311","deg","41436","µV","26.486","°C","1018.000","hPa","35.3","pmil","0","55.520","deg","20.000","°C","100.000","%a.s.","21.750","deg","20.000","°C","977.000","hPa","0.861","-0.02617","0.00035","0","0","13.56","Humid","24.85","0","70.00","286228.55","SABD0000000001","AAV1.0.0.11","1.1.2.0","PSt7-10","170328-006","1/4/2020 10:31:52","0000-00","0","no battery","V"
"11/02/2020","13:00:40","1","default","640513929","OXY_CH1","106.292","min","175.648","µmol/L","Humid","22.306","deg","41431","µV","26.498","°C","1018.000","hPa","35.3","pmil","0","55.520","deg","20.000","°C","100.000","%a.s.","21.750","deg","20.000","°C","977.000","hPa","0.861","-0.02617","0.00035","0","0","13.56","Humid","24.85","0","70.00","286222.09","SABD0000000001","AAV1.0.0.11","1.1.2.0","PSt7-10","170328-006","1/4/2020 10:31:52","0000-00","0","no battery","V"
"11/02/2020","13:00:41","1","default","640513929","OXY_CH1","106.308","min","175.649","µmol/L","Humid","22.307","deg","41425","µV","26.495","°C","1018.000","hPa","35.3","pmil","0","55.520","deg","20.000","°C","100.000","%a.s.","21.750","deg","20.000","°C","977.000","hPa","0.861","-0.02617","0.00035","0","0","13.56","Humid","24.85","0","70.00","286221.81","SABD0000000001","AAV1.0.0.11","1.1.2.0","PSt7-10","170328-006","1/4/2020 10:31:52","0000-00","0","no battery","V"
"11/02/2020","13:00:42","1","default","640513929","OXY_CH1","106.325","min","175.780","µmol/L","Humid","22.304","deg","41425","µV","26.478","°C","1018.000","hPa","35.3","pmil","0","55.520","deg","20.000","°C","100.000","%a.s.","21.750","deg","20.000","°C","977.000","hPa","0.861","-0.02617","0.00035","0","0","13.56","Humid","24.85","0","70.00","286219.63","SABD0000000001","AAV1.0.0.11","1.1.2.0","PSt7-10","170328-006","1/4/2020 10:31:52","0000-00","0","no battery","V"
"11/02/2020","13:00:43","1","default","640513929","OXY_CH1","106.342","min","175.939","µmol/L","Humid","22.292","deg","41425","µV","26.482","°C","1018.000","hPa","35.3","pmil","0","55.520","deg","20.000","°C","100.000","%a.s.","21.750","deg","20.000","°C","977.000","hPa","0.861","-0.02617","0.00035","0","0","13.56","Humid","24.85","0","70.00","286225.51","SABD0000000001","AAV1.0.0.11","1.1.2.0","PSt7-10","170328-006","1/4/2020 10:31:52","0000-00","0","no battery","V"
"11/02/2020","13:00:44","1","default","640513929","OXY_CH1","106.359","min","175.619","µmol/L","Humid","22.308","deg","41435","µV","26.497","°C","1018.000","hPa","35.3","pmil","0","55.520","deg","20.000","°C","100.000","%a.s.","21.750","deg","20.000","°C","977.000","hPa","0.861","-0.02617","0.00035","0","0","13.56","Humid","24.85","0","70.00","286222.66","SABD0000000001","AAV1.0.0.11","1.1.2.0","PSt7-10","170328-006","1/4/2020 10:31:52","0000-00","0","no battery","V"
"11/02/2020","13:00:45","1","default","640513929","OXY_CH1","106.375","min","175.791","µmol/L","Humid","22.301","deg","41427","µV","26.484","°C","1018.000","hPa","35.3","pmil","0","55.520","deg","20.000","°C","100.000","%a.s.","21.750","deg","20.000","°C","977.000","hPa","0.861","-0.02617","0.00035","0","0","13.56","Humid","24.85","0","70.00","286215.45","SABD0000000001","AAV1.0.0.11","1.1.2.0","PSt7-10","170328-006","1/4/2020 10:31:52","0000-00","0","no battery","V"
"11/02/2020","13:00:46","1","default","640513929","OXY_CH1","106.392","min","175.733","µmol/L","Humid","22.303","deg","41430","µV","26.490","°C","1018.000","hPa","35.3","pmil","0","55.520","deg","20.000","°C","100.000","%a.s.","21.750","deg","20.000","°C","977.000","hPa","0.861","-0.02617","0.00035","0","0","13.56","Humid","24.85","0","70.00","286221.11","SABD0000000001","AAV1.0.0.11","1.1.2.0","PSt7-10","170328-006","1/4/2020 10:31:52","0000-00","0","no battery","V"
"11/02/2020","13:00:47","1","default","640513929","OXY_CH1","106.409","min","175.771","µmol/L","Humid","22.300","deg","41427","µV","26.491","°C","1018.000","hPa","35.3","pmil","0","55.520","deg","20.000","°C","100.000","%a.s.","21.750","deg","20.000","°C","977.000","hPa","0.861","-0.02617","0.00035","0","0","13.56","Humid","24.85","0","70.00","286225.65","SABD0000000001","AAV1.0.0.11","1.1.2.0","PSt7-10","170328-006","1/4/2020 10:31:52","0000-00","0","no battery","V"
"11/02/2020","13:00:48","1","default","640513929","OXY_CH1","106.426","min","175.801","µmol/L","Humid","22.300","deg","41417","µV","26.485","°C","1018.000","hPa","35.3","pmil","0","55.520","deg","20.000","°C","100.000","%a.s.","21.750","deg","20.000","°C","977.000","hPa","0.861","-0.02617","0.00035","0","0","13.56","Humid","24.85","0","70.00","286220.24","SABD0000000001","AAV1.0.0.11","1.1.2.0","PSt7-10","170328-006","1/4/2020 10:31:52","0000-00","0","no battery","V"
"11/02/2020","13:00:49","1","default","640513929","OXY_CH1","106.442","min","175.880","µmol/L","Humid","22.295","deg","41422","µV","26.485","°C","1018.000","hPa","35.3","pmil","0","55.520","deg","20.000","°C","100.000","%a.s.","21.750","deg","20.000","°C","977.000","hPa","0.861","-0.02617","0.00035","0","0","13.56","Humid","24.85","0","70.00","286217.61","SABD0000000001","AAV1.0.0.11","1.1.2.0","PSt7-10","170328-006","1/4/2020 10:31:52","0000-00","0","no battery","V"
"11/02/2020","13:00:50","1","default","640513929","OXY_CH1","106.459","min","175.934","µmol/L","Humid","22.292","deg","41427","µV","26.483","°C","1018.000","hPa","35.3","pmil","0","55.520","deg","20.000","°C","100.000","%a.s.","21.750","deg","20.000","°C","977.000","hPa","0.861","-0.02617","0.00035","0","0","13.56","Humid","24.85","0","70.00","286220.59","SABD0000000001","AAV1.0.0.11","1.1.2.0","PSt7-10","170328-006","1/4/2020 10:31:52","0000-00","0","no battery","V"
"11/02/2020","13:00:51","1","default","640513929","OXY_CH1","106.475","min","175.783","µmol/L","Humid","22.303","deg","41431","µV","26.480","°C","1018.000","hPa","35.3","pmil","0","55.520","deg","20.000","°C","100.000","%a.s.","21.750","deg","20.000","°C","977.000","hPa","0.861","-0.02617","0.00035","0","0","13.56","Humid","24.85","0","70.00","286232.66","SABD0000000001","AAV1.0.0.11","1.1.2.0","PSt7-10","170328-006","1/4/2020 10:31:52","0000-00","0","no battery","V"
"11/02/2020","13:00:52","1","default","640513929","OXY_CH1","106.492","min","175.936","µmol/L","Humid","22.294","deg","41425","µV","26.477","°C","1018.000","hPa","35.3","pmil","0","55.520","deg","20.000","°C","100.000","%a.s.","21.750","deg","20.000","°C","977.000","hPa","0.861","-0.02617","0.00035","0","0","13.56","Humid","24.85","0","70.00","286224.04","SABD0000000001","AAV1.0.0.11","1.1.2.0","PSt7-10","170328-006","1/4/2020 10:31:52","0000-00","0","no battery","V"
"11/02/2020","13:00:53","1","default","640513929","OXY_CH1","106.508","min","175.909","µmol/L","Humid","22.296","deg","41418","µV","26.476","°C","1018.000","hPa","35.3","pmil","0","55.520","deg","20.000","°C","100.000","%a.s.","21.750","deg","20.000","°C","977.000","hPa","0.861","-0.02617","0.00035","0","0","13.56","Humid","24.85","0","70.00","286219.68","SABD0000000001","AAV1.0.0.11","1.1.2.0","PSt7-10","170328-006","1/4/2020 10:31:52","0000-00","0","no battery","V"
"11/02/2020","13:00:54","1","default","640513929","OXY_CH1","106.525","min","175.800","µmol/L","Humid","22.297","deg","41421","µV","26.495","°C","1018.000","hPa","35.3","pmil","0","55.520","deg","20.000","°C","100.000","%a.s.","21.750","deg","20.000","°C","977.000","hPa","0.861","-0.02617","0.00035","0","0","13.56","Humid","24.85","0","70.00","286212.19","SABD0000000001","AAV1.0.0.11","1.1.2.0","PSt7-10","170328-006","1/4/2020 10:31:52","0000-00","0","no battery","V"
"11/02/2020","13:00:55","1","default","640513929","OXY_CH1","106.542","min","175.720","µmol/L","Humid","22.297","deg","41419","µV","26.510","°C","1018.000","hPa","35.3","pmil","0","55.520","deg","20.000","°C","100.000","%a.s.","21.750","deg","20.000","°C","977.000","hPa","0.861","-0.02617","0.00035","0","0","13.56","Humid","24.85","0","70.00","286219.43","SABD0000000001","AAV1.0.0.11","1.1.2.0","PSt7-10","170328-006","1/4/2020 10:31:52","0000-00","0","no battery","V"
"11/02/2020","13:00:56","1","default","640513929","OXY_CH1","106.559","min","175.993","µmol/L","Humid","22.286","deg","41422","µV","26.489","°C","1018.000","hPa","35.3","pmil","0","55.520","deg","20.000","°C","100.000","%a.s.","21.750","deg","20.000","°C","977.000","hPa","0.861","-0.02617","0.00035","0","0","13.56","Humid","24.85","0","70.00","286220.72","SABD0000000001","AAV1.0.0.11","1.1.2.0","PSt7-10","170328-006","1/4/2020 10:31:52","0000-00","0","no battery","V"
"11/02/2020","13:00:57","1","default","640513929","OXY_CH1","106.576","min","175.926","µmol/L","Humid","22.290","deg","41410","µV","26.491","°C","1018.000","hPa","35.3","pmil","0","55.520","deg","20.000","°C","100.000","%a.s.","21.750","deg","20.000","°C","977.000","hPa","0.861","-0.02617","0.00035","0","0","13.56","Humid","24.85","0","70.00","286218.08","SABD0000000001","AAV1.0.0.11","1.1.2.0","PSt7-10","170328-006","1/4/2020 10:31:52","0000-00","0","no battery","V"
"11/02/2020","13:00:58","1","default","640513929","OXY_CH1","106.592","min","175.984","µmol/L","Humid","22.285","deg","41414","µV","26.494","°C","1018.000","hPa","35.3","pmil","0","55.520","deg","20.000","°C","100.000","%a.s.","21.750","deg","20.000","°C","977.000","hPa","0.861","-0.02617","0.00035","0","0","13.56","Humid","24.85","0","70.00","286211.88","SABD0000000001","AAV1.0.0.11","1.1.2.0","PSt7-10","170328-006","1/4/2020 10:31:52","0000-00","0","no battery","V"
"11/02/2020","13:00:59","1","default","640513929","OXY_CH1","106.609","min","175.933","µmol/L","Humid","22.289","deg","41413","µV","26.492","°C","1018.000","hPa","35.3","pmil","0","55.520","deg","20.000","°C","100.000","%a.s.","21.750","deg","20.000","°C","977.000","hPa","0.861","-0.02617","0.00035","0","0","13.56","Humid","24.85","0","70.00","286210.54","SABD0000000001","AAV1.0.0.11","1.1.2.0","PSt7-10","170328-006","1/4/2020 10:31:52","0000-00","0","no battery","V"
"11/02/2020","13:01:00","1","default","640513929","OXY_CH1","106.626","min","175.875","µmol/L","Humid","22.293","deg","41403","µV","26.492","°C","1018.000","hPa","35.3","pmil","0","55.520","deg","20.000","°C","100.000","%a.s.","21.750","deg","20.000","°C","977.000","hPa","0.861","-0.02617","0.00035","0","0","13.56","Humid","24.85","0","70.00","286211.70","SABD0000000001","AAV1.0.0.11","1.1.2.0","PSt7-10","170328-006","1/4/2020 10:31:52","0000-00","0","no battery","V"
"11/02/2020","13:01:01","1","default","640513929","OXY_CH1","106.642","min","175.998","µmol/L","Humid","22.285","deg","41400","µV","26.491","°C","1018.000","hPa","35.3","pmil","0","55.520","deg","20.000","°C","100.000","%a.s.","21.750","deg","20.000","°C","977.000","hPa","0.861","-0.02617","0.00035","0","0","13.56","Humid","24.85","0","70.00","286216.19","SABD0000000001","AAV1.0.0.11","1.1.2.0","PSt7-10","170328-006","1/4/2020 10:31:52","0000-00","0","no battery","V"
"11/02/2020","13:01:02","1","default","640513929","OXY_CH1","106.659","min","176.022","µmol/L","Humid","22.284","deg","41401","µV","26.490","°C","1018.000","hPa","35.3","pmil","0","55.520","deg","20.000","°C","100.000","%a.s.","21.750","deg","20.000","°C","977.000","hPa","0.861","-0.02617","0.00035","0","0","13.56","Humid","24.85","0","70.00","286219.24","SABD0000000001","AAV1.0.0.11","1.1.2.0","PSt7-10","170328-006","1/4/2020 10:31:52","0000-00","0","no battery","V"
"11/02/2020","13:01:03","1","default","640513929","OXY_CH1","106.675","min","175.969","µmol/L","Humid","22.285","deg","41398","µV","26.497","°C","1018.000","hPa","35.3","pmil","0","55.520","deg","20.000","°C","100.000","%a.s.","21.750","deg","20.000","°C","977.000","hPa","0.861","-0.02617","0.00035","0","0","13.56","Humid","24.85","0","70.00","286208.97","SABD0000000001","AAV1.0.0.11","1.1.2.0","PSt7-10","170328-006","1/4/2020 10:31:52","0000-00","0","no battery","V"
"11/02/2020","13:01:04","1","default","640513929","OXY_CH1","106.692","min","176.033","µmol/L","Humid","22.287","deg","41393","µV","26.478","°C","1018.000","hPa","35.3","pmil","0","55.520","deg","20.000","°C","100.000","%a.s.","21.750","deg","20.000","°C","977.000","hPa","0.861","-0.02617","0.00035","0","0","13.56","Humid","24.85","0","70.00","286221.05","SABD0000000001","AAV1.0.0.11","1.1.2.0","PSt7-10","170328-006","1/4/2020 10:31:52","0000-00","0","no battery","V"
"11/02/2020","13:01:05","1","default","640513929","OXY_CH1","106.708","min","175.955","µmol/L","Humid","22.289","deg","41384","µV","26.488","°C","1018.000","hPa","35.3","pmil","0","55.520","deg","20.000","°C","100.000","%a.s.","21.750","deg","20.000","°C","977.000","hPa","0.861","-0.02617","0.00035","0","0","13.56","Humid","24.85","0","70.00","286213.16","SABD0000000001","AAV1.0.0.11","1.1.2.0","PSt7-10","170328-006","1/4/2020 10:31:52","0000-00","0","no battery","V"
"11/02/2020","13:01:06","1","default","640513929","OXY_CH1","106.725","min","176.081","µmol/L","Humid","22.283","deg","41389","µV","26.481","°C","1018.000","hPa","35.3","pmil","0","55.520","deg","20.000","°C","100.000","%a.s.","21.750","deg","20.000","°C","977.000","hPa","0.861","-0.02617","0.00035","0","0","13.56","Humid","24.85","0","70.00","286223.50","SABD0000000001","AAV1.0.0.11","1.1.2.0","PSt7-10","170328-006","1/4/2020 10:31:52","0000-00","0","no battery","V"
"11/02/2020","13:01:07","1","default","640513929","OXY_CH1","106.742","min","176.053","µmol/L","Humid","22.285","deg","41388","µV","26.481","°C","1018.000","hPa","35.3","pmil","0","55.520","deg","20.000","°C","100.000","%a.s.","21.750","deg","20.000","°C","977.000","hPa","0.861","-0.02617","0.00035","0","0","13.56","Humid","24.85","0","70.00","286215.13","SABD0000000001","AAV1.0.0.11","1.1.2.0","PSt7-10","170328-006","1/4/2020 10:31:52","0000-00","0","no battery","V"
"11/02/2020","13:01:08","1","default","640513929","OXY_CH1","106.758","min","176.181","µmol/L","Humid","22.279","deg","41383","µV","26.473","°C","1018.000","hPa","35.3","pmil","0","55.520","deg","20.000","°C","100.000","%a.s.","21.750","deg","20.000","°C","977.000","hPa","0.861","-0.02617","0.00035","0","0","13.56","Humid","24.85","0","70.00","286208.71","SABD0000000001","AAV1.0.0.11","1.1.2.0","PSt7-10","170328-006","1/4/2020 10:31:52","0000-00","0","no battery","V"
"11/02/2020","13:01:09","1","default","640513929","OXY_CH1","106.775","min","176.069","µmol/L","Humid","22.284","deg","41382","µV","26.481","°C","1018.000","hPa","35.3","pmil","0","55.520","deg","20.000","°C","100.000","%a.s.","21.750","deg","20.000","°C","977.000","hPa","0.861","-0.02617","0.00035","0","0","13.56","Humid","24.85","0","70.00","286210.39","SABD0000000001","AAV1.0.0.11","1.1.2.0","PSt7-10","170328-006","1/4/2020 10:31:52","0000-00","0","no battery","V"
"11/02/2020","13:01:10","1","default","640513929","OXY_CH1","106.792","min","176.079","µmol/L","Humid","22.284","deg","41374","µV","26.478","°C","1018.000","hPa","35.3","pmil","0","55.520","deg","20.000","°C","100.000","%a.s.","21.750","deg","20.000","°C","977.000","hPa","0.861","-0.02617","0.00035","0","0","13.56","Humid","24.85","0","70.00","286214.68","SABD0000000001","AAV1.0.0.11","1.1.2.0","PSt7-10","170328-006","1/4/2020 10:31:52","0000-00","0","no battery","V"
"11/02/2020","13:01:11","1","default","640513929","OXY_CH1","106.809","min","176.217","µmol/L","Humid","22.274","deg","41376","µV","26.481","°C","1018.000","hPa","35.3","pmil","0","55.520","deg","20.000","°C","100.000","%a.s.","21.750","deg","20.000","°C","977.000","hPa","0.861","-0.02617","0.00035","0","0","13.56","Humid","24.85","0","70.00","286214.40","SABD0000000001","AAV1.0.0.11","1.1.2.0","PSt7-10","170328-006","1/4/2020 10:31:52","0000-00","0","no battery","V"
"11/02/2020","13:01:12","1","default","640513929","OXY_CH1","106.825","min","176.174","µmol/L","Humid","22.279","deg","41372","µV","26.475","°C","1018.000","hPa","35.3","pmil","0","55.520","deg","20.000","°C","100.000","%a.s.","21.750","deg","20.000","°C","977.000","hPa","0.861","-0.02617","0.00035","0","0","13.56","Humid","24.85","0","70.00","286209.69","SABD0000000001","AAV1.0.0.11","1.1.2.0","PSt7-10","170328-006","1/4/2020 10:31:52","0000-00","0","no battery","V"
"11/02/2020","13:01:13","1","default","640513929","OXY_CH1","106.842","min","176.206","µmol/L","Humid","22.270","deg","41368","µV","26.495","°C","1018.000","hPa","35.3","pmil","0","55.520","deg","20.000","°C","100.000","%a.s.","21.750","deg","20.000","°C","977.000","hPa","0.861","-0.02617","0.00035","0","0","13.56","Humid","24.85","0","70.00","286213.53","SABD0000000001","AAV1.0.0.11","1.1.2.0","PSt7-10","170328-006","1/4/2020 10:31:52","0000-00","0","no battery","V"
"11/02/2020","13:01:14","1","default","640513929","OXY_CH1","106.859","min","176.109","µmol/L","Humid","22.274","deg","41359","µV","26.502","°C","1018.000","hPa","35.3","pmil","0","55.520","deg","20.000","°C","100.000","%a.s.","21.750","deg","20.000","°C","977.000","hPa","0.861","-0.02617","0.00035","0","0","13.56","Humid","24.85","0","70.00","286200.85","SABD0000000001","AAV1.0.0.11","1.1.2.0","PSt7-10","170328-006","1/4/2020 10:31:52","0000-00","0","no battery","V"
"11/02/2020","13:01:15","1","default","640513929","OXY_CH1","106.876","min","176.152","µmol/L","Humid","22.277","deg","41365","µV","26.485","°C","1018.000","hPa","35.3","pmil","0","55.520","deg","20.000","°C","100.000","%a.s.","21.750","deg","20.000","°C","977.000","hPa","0.861","-0.02617","0.00035","0","0","13.56","Humid","24.85","0","70.00","286214.21","SABD0000000001","AAV1.0.0.11","1.1.2.0","PSt7-10","170328-006","1/4/2020 10:31:52","0000-00","0","no battery","V"
"11/02/2020","13:01:16","1","default","640513929","OXY_CH1","106.892","min","176.140","µmol/L","Humid","22.272","deg","41359","µV","26.502","°C","1018.000","hPa","35.3","pmil","0","55.520","deg","20.000","°C","100.000","%a.s.","21.750","deg","20.000","°C","977.000","hPa","0.861","-0.02617","0.00035","0","0","13.56","Humid","24.85","0","70.00","286207.06","SABD0000000001","AAV1.0.0.11","1.1.2.0","PSt7-10","170328-006","1/4/2020 10:31:52","0000-00","0","no battery","V"
"11/02/2020","13:01:17","1","default","640513929","OXY_CH1","106.909","min","176.208","µmol/L","Humid","22.274","deg","41353","µV","26.483","°C","1018.000","hPa","35.3","pmil","0","55.520","deg","20.000","°C","100.000","%a.s.","21.750","deg","20.000","°C","977.000","hPa","0.861","-0.02617","0.00035","0","0","13.56","Humid","24.85","0","70.00","286202.88","SABD0000000001","AAV1.0.0.11","1.1.2.0","PSt7-10","170328-006","1/4/2020 10:31:52","0000-00","0","no battery","V"
"11/02/2020","13:01:18","1","default","640513929","OXY_CH1","106.925","min","176.187","µmol/L","Humid","22.274","deg","41348","µV","26.487","°C","1018.000","hPa","35.3","pmil","0","55.520","deg","20.000","°C","100.000","%a.s.","21.750","deg","20.000","°C","977.000","hPa","0.861","-0.02617","0.00035","0","0","13.56","Humid","24.85","0","70.00","286203.41","SABD0000000001","AAV1.0.0.11","1.1.2.0","PSt7-10","170328-006","1/4/2020 10:31:52","0000-00","0","no battery","V"
"11/02/2020","13:01:19","1","default","640513929","OXY_CH1","106.942","min","176.080","µmol/L","Humid","22.280","deg","41345","µV","26.490","°C","1018.000","hPa","35.3","pmil","0","55.520","deg","20.000","°C","100.000","%a.s.","21.750","deg","20.000","°C","977.000","hPa","0.861","-0.02617","0.00035","0","0","13.56","Humid","24.85","0","70.00","286209.71","SABD0000000001","AAV1.0.0.11","1.1.2.0","PSt7-10","170328-006","1/4/2020 10:31:52","0000-00","0","no battery","V"
"11/02/2020","13:01:20","1","default","640513929","OXY_CH1","106.958","min","176.161","µmol/L","Humid","22.274","deg","41342","µV","26.492","°C","1018.000","hPa","35.3","pmil","0","55.520","deg","20.000","°C","100.000","%a.s.","21.750","deg","20.000","°C","977.000","hPa","0.861","-0.02617","0.00035","0","0","13.56","Humid","24.85","0","70.00","286199.89","SABD0000000001","AAV1.0.0.11","1.1.2.0","PSt7-10","170328-006","1/4/2020 10:31:52","0000-00","0","no battery","V"
"11/02/2020","13:01:21","1","default","640513929","OXY_CH1","106.975","min","176.418","µmol/L","Humid","22.261","deg","41344","µV","26.480","°C","1018.000","hPa","35.3","pmil","0","55.520","deg","20.000","°C","100.000","%a.s.","21.750","deg","20.000","°C","977.000","hPa","0.861","-0.02617","0.00035","0","0","13.56","Humid","24.85","0","70.00","286211.44","SABD0000000001","AAV1.0.0.11","1.1.2.0","PSt7-10","170328-006","1/4/2020 10:31:52","0000-00","0","no battery","V"
"11/02/2020","13:01:22","1","default","640513929","OXY_CH1","106.992","min","176.229","µmol/L","Humid","22.275","deg","41334","µV","26.476","°C","1018.000","hPa","35.3","pmil","0","55.520","deg","20.000","°C","100.000","%a.s.","21.750","deg","20.000","°C","977.000","hPa","0.861","-0.02617","0.00035","0","0","13.56","Humid","24.85","0","70.00","286205.02","SABD0000000001","AAV1.0.0.11","1.1.2.0","PSt7-10","170328-006","1/4/2020 10:31:52","0000-00","0","no battery","V"
"11/02/2020","13:01:23","1","default","640513929","OXY_CH1","107.008","min","176.317","µmol/L","Humid","22.265","deg","41329","µV","26.488","°C","1018.000","hPa","35.3","pmil","0","55.520","deg","20.000","°C","100.000","%a.s.","21.750","deg","20.000","°C","977.000","hPa","0.861","-0.02617","0.00035","0","0","13.56","Humid","24.85","0","70.00","286208.62","SABD0000000001","AAV1.0.0.11","1.1.2.0","PSt7-10","170328-006","1/4/2020 10:31:52","0000-00","0","no battery","V"
"11/02/2020","13:01:24","1","default","640513929","OXY_CH1","107.026","min","176.194","µmol/L","Humid","22.271","deg","41325","µV","26.494","°C","1018.000","hPa","35.3","pmil","0","55.520","deg","20.000","°C","100.000","%a.s.","21.750","deg","20.000","°C","977.000","hPa","0.861","-0.02617","0.00035","0","0","13.56","Humid","24.85","0","70.00","286227.20","SABD0000000001","AAV1.0.0.11","1.1.2.0","PSt7-10","170328-006","1/4/2020 10:31:52","0000-00","0","no battery","V"
"11/02/2020","13:01:25","1","default","640513929","OXY_CH1","107.042","min","176.185","µmol/L","Humid","22.272","deg","41318","µV","26.493","°C","1018.000","hPa","35.3","pmil","0","55.520","deg","20.000","°C","100.000","%a.s.","21.750","deg","20.000","°C","977.000","hPa","0.861","-0.02617","0.00035","0","0","13.56","Humid","24.85","0","70.00","286201.05","SABD0000000001","AAV1.0.0.11","1.1.2.0","PSt7-10","170328-006","1/4/2020 10:31:52","0000-00","0","no battery","V"
"11/02/2020","13:01:26","1","default","640513929","OXY_CH1","107.059","min","176.244","µmol/L","Humid","22.266","deg","41317","µV","26.500","°C","1018.000","hPa","35.3","pmil","0","55.520","deg","20.000","°C","100.000","%a.s.","21.750","deg","20.000","°C","977.000","hPa","0.861","-0.02617","0.00035","0","0","13.56","Humid","24.85","0","70.00","286212.28","SABD0000000001","AAV1.0.0.11","1.1.2.0","PSt7-10","170328-006","1/4/2020 10:31:52","0000-00","0","no battery","V"
"11/02/2020","13:01:27","1","default","640513929","OXY_CH1","107.075","min","176.267","µmol/L","Humid","22.268","deg","41320","µV","26.489","°C","1018.000","hPa","35.3","pmil","0","55.520","deg","20.000","°C","100.000","%a.s.","21.750","deg","20.000","°C","977.000","hPa","0.861","-0.02617","0.00035","0","0","13.56","Humid","24.85","0","70.00","286209.08","SABD0000000001","AAV1.0.0.11","1.1.2.0","PSt7-10","170328-006","1/4/2020 10:31:52","0000-00","0","no battery","V"
"11/02/2020","13:01:28","1","default","640513929","OXY_CH1","107.092","min","176.272","µmol/L","Humid","22.271","deg","41319","µV","26.479","°C","1018.000","hPa","35.3","pmil","0","55.520","deg","20.000","°C","100.000","%a.s.","21.750","deg","20.000","°C","977.000","hPa","0.861","-0.02617","0.00035","0","0","13.56","Humid","24.85","0","70.00","286208.60","SABD0000000001","AAV1.0.0.11","1.1.2.0","PSt7-10","170328-006","1/4/2020 10:31:52","0000-00","0","no battery","V"
"11/02/2020","13:01:29","1","default","640513929","OXY_CH1","107.109","min","176.363","µmol/L","Humid","22.264","deg","41319","µV","26.482","°C","1018.000","hPa","35.3","pmil","0","55.520","deg","20.000","°C","100.000","%a.s.","21.750","deg","20.000","°C","977.000","hPa","0.861","-0.02617","0.00035","0","0","13.56","Humid","24.85","0","70.00","286204.92","SABD0000000001","AAV1.0.0.11","1.1.2.0","PSt7-10","170328-006","1/4/2020 10:31:52","0000-00","0","no battery","V"
"11/02/2020","13:01:30","1","default","640513929","OXY_CH1","107.126","min","176.346","µmol/L","Humid","22.267","deg","41328","µV","26.477","°C","1018.000","hPa","35.3","pmil","0","55.520","deg","20.000","°C","100.000","%a.s.","21.750","deg","20.000","°C","977.000","hPa","0.861","-0.02617","0.00035","0","0","13.56","Humid","24.85","0","70.00","286214.84","SABD0000000001","AAV1.0.0.11","1.1.2.0","PSt7-10","170328-006","1/4/2020 10:31:52","0000-00","0","no battery","V"
"11/02/2020","13:01:31","1","default","640513929","OXY_CH1","107.142","min","176.334","µmol/L","Humid","22.270","deg","41315","µV","26.470","°C","1018.000","hPa","35.3","pmil","0","55.520","deg","20.000","°C","100.000","%a.s.","21.750","deg","20.000","°C","977.000","hPa","0.861","-0.02617","0.00035","0","0","13.56","Humid","24.85","0","70.00","286202.70","SABD0000000001","AAV1.0.0.11","1.1.2.0","PSt7-10","170328-006","1/4/2020 10:31:52","0000-00","0","no battery","V"
"11/02/2020","13:01:32","1","default","640513929","OXY_CH1","107.159","min","176.382","µmol/L","Humid","22.261","deg","41320","µV","26.487","°C","1018.000","hPa","35.3","pmil","0","55.520","deg","20.000","°C","100.000","%a.s.","21.750","deg","20.000","°C","977.000","hPa","0.861","-0.02617","0.00035","0","0","13.56","Humid","24.85","0","70.00","286217.00","SABD0000000001","AAV1.0.0.11","1.1.2.0","PSt7-10","170328-006","1/4/2020 10:31:52","0000-00","0","no battery","V"
"11/02/2020","13:01:33","1","default","640513929","OXY_CH1","107.175","min","176.352","µmol/L","Humid","22.262","deg","41309","µV","26.490","°C","1018.000","hPa","35.3","pmil","0","55.520","deg","20.000","°C","100.000","%a.s.","21.750","deg","20.000","°C","977.000","hPa","0.861","-0.02617","0.00035","0","0","13.56","Humid","24.85","0","70.00","286216.50","SABD0000000001","AAV1.0.0.11","1.1.2.0","PSt7-10","170328-006","1/4/2020 10:31:52","0000-00","0","no battery","V"
"11/02/2020","13:01:34","1","default","640513929","OXY_CH1","107.192","min","176.344","µmol/L","Humid","22.260","deg","41306","µV","26.498","°C","1018.000","hPa","35.3","pmil","0","55.520","deg","20.000","°C","100.000","%a.s.","21.750","deg","20.000","°C","977.000","hPa","0.861","-0.02617","0.00035","0","0","13.56","Humid","24.85","0","70.00","286198.50","SABD0000000001","AAV1.0.0.11","1.1.2.0","PSt7-10","170328-006","1/4/2020 10:31:52","0000-00","0","no battery","V"
"11/02/2020","13:01:35","1","default","640513929","OXY_CH1","107.208","min","176.264","µmol/L","Humid","22.266","deg","41306","µV","26.496","°C","1018.000","hPa","35.3","pmil","0","55.520","deg","20.000","°C","100.000","%a.s.","21.750","deg","20.000","°C","977.000","hPa","0.861","-0.02617","0.00035","0","0","13.56","Humid","24.85","0","70.00","286204.26","SABD0000000001","AAV1.0.0.11","1.1.2.0","PSt7-10","170328-006","1/4/2020 10:31:52","0000-00","0","no battery","V"
"11/02/2020","13:01:36","1","default","640513929","OXY_CH1","107.225","min","176.610","µmol/L","Humid","22.250","deg","41308","µV","26.475","°C","1018.000","hPa","35.3","pmil","0","55.520","deg","20.000","°C","100.000","%a.s.","21.750","deg","20.000","°C","977.000","hPa","0.861","-0.02617","0.00035","0","0","13.56","Humid","24.85","0","70.00","286203.46","SABD0000000001","AAV1.0.0.11","1.1.2.0","PSt7-10","170328-006","1/4/2020 10:31:52","0000-00","0","no battery","V"
"11/02/2020","13:01:37","1","default","640513929","OXY_CH1","107.242","min","176.520","µmol/L","Humid","22.258","deg","41310","µV","26.469","°C","1018.000","hPa","35.3","pmil","0","55.520","deg","20.000","°C","100.000","%a.s.","21.750","deg","20.000","°C","977.000","hPa","0.861","-0.02617","0.00035","0","0","13.56","Humid","24.85","0","70.00","286195.24","SABD0000000001","AAV1.0.0.11","1.1.2.0","PSt7-10","170328-006","1/4/2020 10:31:52","0000-00","0","no battery","V"
"11/02/2020","13:01:38","1","default","640513929","OXY_CH1","107.259","min","176.469","µmol/L","Humid","22.257","deg","41306","µV","26.482","°C","1018.000","hPa","35.3","pmil","0","55.520","deg","20.000","°C","100.000","%a.s.","21.750","deg","20.000","°C","977.000","hPa","0.861","-0.02617","0.00035","0","0","13.56","Humid","24.85","0","70.00","286204.28","SABD0000000001","AAV1.0.0.11","1.1.2.0","PSt7-10","170328-006","1/4/2020 10:31:52","0000-00","0","no battery","V"
"11/02/2020","13:01:39","1","default","640513929","OXY_CH1","107.275","min","176.414","µmol/L","Humid","22.262","deg","41301","µV","26.478","°C","1018.000","hPa","35.3","pmil","0","55.520","deg","20.000","°C","100.000","%a.s.","21.750","deg","20.000","°C","977.000","hPa","0.861","-0.02617","0.00035","0","0","13.56","Humid","24.85","0","70.00","286194.29","SABD0000000001","AAV1.0.0.11","1.1.2.0","PSt7-10","170328-006","1/4/2020 10:31:52","0000-00","0","no battery","V"
"11/02/2020","13:01:40","1","default","640513929","OXY_CH1","107.292","min","176.357","µmol/L","Humid","22.262","deg","41297","µV","26.489","°C","1018.000","hPa","35.3","pmil","0","55.520","deg","20.000","°C","100.000","%a.s.","21.750","deg","20.000","°C","977.000","hPa","0.861","-0.02617","0.00035","0","0","13.56","Humid","24.85","0","70.00","286206.83","SABD0000000001","AAV1.0.0.11","1.1.2.0","PSt7-10","170328-006","1/4/2020 10:31:52","0000-00","0","no battery","V"
"11/02/2020","13:01:41","1","default","640513929","OXY_CH1","107.309","min","176.508","µmol/L","Humid","22.252","deg","41305","µV","26.490","°C","1018.000","hPa","35.3","pmil","0","55.520","deg","20.000","°C","100.000","%a.s.","21.750","deg","20.000","°C","977.000","hPa","0.861","-0.02617","0.00035","0","0","13.56","Humid","24.85","0","70.00","286190.74","SABD0000000001","AAV1.0.0.11","1.1.2.0","PSt7-10","170328-006","1/4/2020 10:31:52","0000-00","0","no battery","V"
"11/02/2020","13:01:42","1","default","640513929","OXY_CH1","107.326","min","176.460","µmol/L","Humid","22.254","deg","41299","µV","26.493","°C","1018.000","hPa","35.3","pmil","0","55.520","deg","20.000","°C","100.000","%a.s.","21.750","deg","20.000","°C","977.000","hPa","0.861","-0.02617","0.00035","0","0","13.56","Humid","24.85","0","70.00","286204.33","SABD0000000001","AAV1.0.0.11","1.1.2.0","PSt7-10","170328-006","1/4/2020 10:31:52","0000-00","0","no battery","V"
"11/02/2020","13:01:43","1","default","640513929","OXY_CH1","107.342","min","176.445","µmol/L","Humid","22.257","deg","41297","µV","26.487","°C","1018.000","hPa","35.3","pmil","0","55.520","deg","20.000","°C","100.000","%a.s.","21.750","deg","20.000","°C","977.000","hPa","0.861","-0.02617","0.00035","0","0","13.56","Humid","24.85","0","70.00","286205.26","SABD0000000001","AAV1.0.0.11","1.1.2.0","PSt7-10","170328-006","1/4/2020 10:31:52","0000-00","0","no battery","V"
"11/02/2020","13:01:44","1","default","640513929","OXY_CH1","107.359","min","176.636","µmol/L","Humid","22.247","deg","41295","µV","26.479","°C","1018.000","hPa","35.3","pmil","0","55.520","deg","20.000","°C","100.000","%a.s.","21.750","deg","20.000","°C","977.000","hPa","0.861","-0.02617","0.00035","0","0","13.56","Humid","24.85","0","70.00","286200.72","SABD0000000001","AAV1.0.0.11","1.1.2.0","PSt7-10","170328-006","1/4/2020 10:31:52","0000-00","0","no battery","V"
"11/02/2020","13:01:45","1","default","640513929","OXY_CH1","107.376","min","176.607","µmol/L","Humid","22.249","deg","41289","µV","26.479","°C","1018.000","hPa","35.3","pmil","0","55.520","deg","20.000","°C","100.000","%a.s.","21.750","deg","20.000","°C","977.000","hPa","0.861","-0.02617","0.00035","0","0","13.56","Humid","24.85","0","70.00","286199.72","SABD0000000001","AAV1.0.0.11","1.1.2.0","PSt7-10","170328-006","1/4/2020 10:31:52","0000-00","0","no battery","V"
"11/02/2020","13:01:46","1","default","640513929","OXY_CH1","107.392","min","176.455","µmol/L","Humid","22.259","deg","41287","µV","26.479","°C","1018.000","hPa","35.3","pmil","0","55.520","deg","20.000","°C","100.000","%a.s.","21.750","deg","20.000","°C","977.000","hPa","0.861","-0.02617","0.00035","0","0","13.56","Humid","24.85","0","70.00","286201.83","SABD0000000001","AAV1.0.0.11","1.1.2.0","PSt7-10","170328-006","1/4/2020 10:31:52","0000-00","0","no battery","V"
"11/02/2020","13:01:47","1","default","640513929","OXY_CH1","107.409","min","176.586","µmol/L","Humid","22.252","deg","41282","µV","26.474","°C","1018.000","hPa","35.3","pmil","0","55.520","deg","20.000","°C","100.000","%a.s.","21.750","deg","20.000","°C","977.000","hPa","0.861","-0.02617","0.00035","0","0","13.56","Humid","24.85","0","70.00","286207.58","SABD0000000001","AAV1.0.0.11","1.1.2.0","PSt7-10","170328-006","1/4/2020 10:31:52","0000-00","0","no battery","V"
"11/02/2020","13:01:48","1","default","640513929","OXY_CH1","107.425","min","176.673","µmol/L","Humid","22.244","deg","41280","µV","26.481","°C","1018.000","hPa","35.3","pmil","0","55.520","deg","20.000","°C","100.000","%a.s.","21.750","deg","20.000","°C","977.000","hPa","0.861","-0.02617","0.00035","0","0","13.56","Humid","24.85","0","70.00","286193.77","SABD0000000001","AAV1.0.0.11","1.1.2.0","PSt7-10","170328-006","1/4/2020 10:31:52","0000-00","0","no battery","V"
"11/02/2020","13:01:49","1","default","640513929","OXY_CH1","107.442","min","176.536","µmol/L","Humid","22.256","deg","41276","µV","26.472","°C","1018.000","hPa","35.3","pmil","0","55.520","deg","20.000","°C","100.000","%a.s.","21.750","deg","20.000","°C","977.000","hPa","0.861","-0.02617","0.00035","0","0","13.56","Humid","24.85","0","70.00","286201.54","SABD0000000001","AAV1.0.0.11","1.1.2.0","PSt7-10","170328-006","1/4/2020 10:31:52","0000-00","0","no battery","V"
"11/02/2020","13:01:50","1","default","640513929","OXY_CH1","107.458","min","176.624","µmol/L","Humid","22.251","deg","41274","µV","26.470","°C","1018.000","hPa","35.3","pmil","0","55.520","deg","20.000","°C","100.000","%a.s.","21.750","deg","20.000","°C","977.000","hPa","0.861","-0.02617","0.00035","0","0","13.56","Humid","24.85","0","70.00","286196.11","SABD0000000001","AAV1.0.0.11","1.1.2.0","PSt7-10","170328-006","1/4/2020 10:31:52","0000-00","0","no battery","V"
"11/02/2020","13:01:51","1","default","640513929","OXY_CH1","107.475","min","176.430","µmol/L","Humid","22.252","deg","41275","µV","26.505","°C","1018.000","hPa","35.3","pmil","0","55.520","deg","20.000","°C","100.000","%a.s.","21.750","deg","20.000","°C","977.000","hPa","0.861","-0.02617","0.00035","0","0","13.56","Humid","24.85","0","70.00","286208.06","SABD0000000001","AAV1.0.0.11","1.1.2.0","PSt7-10","170328-006","1/4/2020 10:31:52","0000-00","0","no battery","V"
"11/02/2020","13:01:52","1","default","640513929","OXY_CH1","107.492","min","176.515","µmol/L","Humid","22.249","deg","41263","µV","26.497","°C","1018.000","hPa","35.3","pmil","0","55.520","deg","20.000","°C","100.000","%a.s.","21.750","deg","20.000","°C","977.000","hPa","0.861","-0.02617","0.00035","0","0","13.56","Humid","24.85","0","70.00","286183.96","SABD0000000001","AAV1.0.0.11","1.1.2.0","PSt7-10","170328-006","1/4/2020 10:31:52","0000-00","0","no battery","V"
"11/02/2020","13:01:53","1","default","640513929","OXY_CH1","107.509","min","176.692","µmol/L","Humid","22.240","deg","41264","µV","26.489","°C","1018.000","hPa","35.3","pmil","0","55.520","deg","20.000","°C","100.000","%a.s.","21.750","deg","20.000","°C","977.000","hPa","0.861","-0.02617","0.00035","0","0","13.56","Humid","24.85","0","70.00","286196.08","SABD0000000001","AAV1.0.0.11","1.1.2.0","PSt7-10","170328-006","1/4/2020 10:31:52","0000-00","0","no battery","V"
"11/02/2020","13:01:54","1","default","640513929","OXY_CH1","107.525","min","176.701","µmol/L","Humid","22.241","deg","41263","µV","26.484","°C","1018.000","hPa","35.3","pmil","0","55.520","deg","20.000","°C","100.000","%a.s.","21.750","deg","20.000","°C","977.000","hPa","0.861","-0.02617","0.00035","0","0","13.56","Humid","24.85","0","70.00","286197.63","SABD0000000001","AAV1.0.0.11","1.1.2.0","PSt7-10","170328-006","1/4/2020 10:31:52","0000-00","0","no battery","V"
"11/02/2020","13:01:55","1","default","640513929","OXY_CH1","107.542","min","176.635","µmol/L","Humid","22.246","deg","41263","µV","26.481","°C","1017.000","hPa","35.3","pmil","0","55.520","deg","20.000","°C","100.000","%a.s.","21.750","deg","20.000","°C","977.000","hPa","0.861","-0.02617","0.00035","0","0","13.56","Humid","24.85","0","70.00","286189.53","SABD0000000001","AAV1.0.0.11","1.1.2.0","PSt7-10","170328-006","1/4/2020 10:31:52","0000-00","0","no battery","V"
"11/02/2020","13:01:56","1","default","640513929","OXY_CH1","107.559","min","176.711","µmol/L","Humid","22.240","deg","41263","µV","26.485","°C","1018.000","hPa","35.3","pmil","0","55.520","deg","20.000","°C","100.000","%a.s.","21.750","deg","20.000","°C","977.000","hPa","0.861","-0.02617","0.00035","0","0","13.56","Humid","24.85","0","70.00","286190.49","SABD0000000001","AAV1.0.0.11","1.1.2.0","PSt7-10","170328-006","1/4/2020 10:31:52","0000-00","0","no battery","V"
"11/02/2020","13:01:57","1","default","640513929","OXY_CH1","107.575","min","176.644","µmol/L","Humid","22.243","deg","41251","µV","26.488","°C","1017.000","hPa","35.3","pmil","0","55.520","deg","20.000","°C","100.000","%a.s.","21.750","deg","20.000","°C","977.000","hPa","0.861","-0.02617","0.00035","0","0","13.56","Humid","24.85","0","70.00","286189.93","SABD0000000001","AAV1.0.0.11","1.1.2.0","PSt7-10","170328-006","1/4/2020 10:31:52","0000-00","0","no battery","V"
"11/02/2020","13:01:58","1","default","640513929","OXY_CH1","107.592","min","176.635","µmol/L","Humid","22.245","deg","41253","µV","26.484","°C","1017.000","hPa","35.3","pmil","0","55.520","deg","20.000","°C","100.000","%a.s.","21.750","deg","20.000","°C","977.000","hPa","0.861","-0.02617","0.00035","0","0","13.56","Humid","24.85","0","70.00","286206.89","SABD0000000001","AAV1.0.0.11","1.1.2.0","PSt7-10","170328-006","1/4/2020 10:31:52","0000-00","0","no battery","V"
"11/02/2020","13:01:59","1","default","640513929","OXY_CH1","107.609","min","176.642","µmol/L","Humid","22.246","deg","41252","µV","26.480","°C","1017.000","hPa","35.3","pmil","0","55.520","deg","20.000","°C","100.000","%a.s.","21.750","deg","20.000","°C","977.000","hPa","0.861","-0.02617","0.00035","0","0","13.56","Humid","24.85","0","70.00","286198.41","SABD0000000001","AAV1.0.0.11","1.1.2.0","PSt7-10","170328-006","1/4/2020 10:31:52","0000-00","0","no battery","V"
"11/02/2020","13:02:00","1","default","640513929","OXY_CH1","107.626","min","176.764","µmol/L","Humid","22.235","deg","41247","µV","26.489","°C","1017.000","hPa","35.3","pmil","0","55.520","deg","20.000","°C","100.000","%a.s.","21.750","deg","20.000","°C","977.000","hPa","0.861","-0.02617","0.00035","0","0","13.56","Humid","24.85","0","70.00","286203.29","SABD0000000001","AAV1.0.0.11","1.1.2.0","PSt7-10","170328-006","1/4/2020 10:31:52","0000-00","0","no battery","V"
"11/02/2020","13:02:01","1","default","640513929","OXY_CH1","107.642","min","176.645","µmol/L","Humid","22.245","deg","41250","µV","26.484","°C","1018.000","hPa","35.3","pmil","0","55.520","deg","20.000","°C","100.000","%a.s.","21.750","deg","20.000","°C","977.000","hPa","0.861","-0.02617","0.00035","0","0","13.56","Humid","24.85","0","70.00","286191.62","SABD0000000001","AAV1.0.0.11","1.1.2.0","PSt7-10","170328-006","1/4/2020 10:31:52","0000-00","0","no battery","V"
"11/02/2020","13:02:02","1","default","640513929","OXY_CH1","107.658","min","176.709","µmol/L","Humid","22.239","deg","41253","µV","26.488","°C","1017.000","hPa","35.3","pmil","0","55.520","deg","20.000","°C","100.000","%a.s.","21.750","deg","20.000","°C","977.000","hPa","0.861","-0.02617","0.00035","0","0","13.56","Humid","24.85","0","70.00","286184.91","SABD0000000001","AAV1.0.0.11","1.1.2.0","PSt7-10","170328-006","1/4/2020 10:31:52","0000-00","0","no battery","V"
"11/02/2020","13:02:03","1","default","640513929","OXY_CH1","107.675","min","176.724","µmol/L","Humid","22.241","deg","41255","µV","26.480","°C","1018.000","hPa","35.3","pmil","0","55.520","deg","20.000","°C","100.000","%a.s.","21.750","deg","20.000","°C","977.000","hPa","0.861","-0.02617","0.00035","0","0","13.56","Humid","24.85","0","70.00","286179.70","SABD0000000001","AAV1.0.0.11","1.1.2.0","PSt7-10","170328-006","1/4/2020 10:31:52","0000-00","0","no battery","V"
"11/02/2020","13:02:04","1","default","640513929","OXY_CH1","107.692","min","176.676","µmol/L","Humid","22.243","deg","41246","µV","26.483","°C","1018.000","hPa","35.3","pmil","0","55.520","deg","20.000","°C","100.000","%a.s.","21.750","deg","20.000","°C","977.000","hPa","0.861","-0.02617","0.00035","0","0","13.56","Humid","24.85","0","70.00","286192.50","SABD0000000001","AAV1.0.0.11","1.1.2.0","PSt7-10","170328-006","1/4/2020 10:31:52","0000-00","0","no battery","V"
"11/02/2020","13:02:05","1","default","640513929","OXY_CH1","107.708","min","176.785","µmol/L","Humid","22.235","deg","41243","µV","26.486","°C","1018.000","hPa","35.3","pmil","0","55.520","deg","20.000","°C","100.000","%a.s.","21.750","deg","20.000","°C","977.000","hPa","0.861","-0.02617","0.00035","0","0","13.56","Humid","24.85","0","70.00","286197.16","SABD0000000001","AAV1.0.0.11","1.1.2.0","PSt7-10","170328-006","1/4/2020 10:31:52","0000-00","0","no battery","V"
"11/02/2020","13:02:06","1","default","640513929","OXY_CH1","107.725","min","176.680","µmol/L","Humid","22.243","deg","41241","µV","26.483","°C","1018.000","hPa","35.3","pmil","0","55.520","deg","20.000","°C","100.000","%a.s.","21.750","deg","20.000","°C","977.000","hPa","0.861","-0.02617","0.00035","0","0","13.56","Humid","24.85","0","70.00","286187.83","SABD0000000001","AAV1.0.0.11","1.1.2.0","PSt7-10","170328-006","1/4/2020 10:31:52","0000-00","0","no battery","V"
"11/02/2020","13:02:07","1","default","640513929","OXY_CH1","107.742","min","176.829","µmol/L","Humid","22.234","deg","41252","µV","26.480","°C","1018.000","hPa","35.3","pmil","0","55.520","deg","20.000","°C","100.000","%a.s.","21.750","deg","20.000","°C","977.000","hPa","0.861","-0.02617","0.00035","0","0","13.56","Humid","24.85","0","70.00","286193.06","SABD0000000001","AAV1.0.0.11","1.1.2.0","PSt7-10","170328-006","1/4/2020 10:31:52","0000-00","0","no battery","V"
"11/02/2020","13:02:08","1","default","640513929","OXY_CH1","107.759","min","176.870","µmol/L","Humid","22.234","deg","41247","µV","26.472","°C","1018.000","hPa","35.3","pmil","0","55.520","deg","20.000","°C","100.000","%a.s.","21.750","deg","20.000","°C","977.000","hPa","0.861","-0.02617","0.00035","0","0","13.56","Humid","24.85","0","70.00","286189.55","SABD0000000001","AAV1.0.0.11","1.1.2.0","PSt7-10","170328-006","1/4/2020 10:31:52","0000-00","0","no battery","V"
"11/02/2020","13:02:09","1","default","640513929","OXY_CH1","107.776","min","176.857","µmol/L","Humid","22.235","deg","41247","µV","26.472","°C","1018.000","hPa","35.3","pmil","0","55.520","deg","20.000","°C","100.000","%a.s.","21.750","deg","20.000","°C","977.000","hPa","0.861","-0.02617","0.00035","0","0","13.56","Humid","24.85","0","70.00","286191.85","SABD0000000001","AAV1.0.0.11","1.1.2.0","PSt7-10","170328-006","1/4/2020 10:31:52","0000-00","0","no battery","V"
"11/02/2020","13:02:10","1","default","640513929","OXY_CH1","107.792","min","176.862","µmol/L","Humid","22.235","deg","41250","µV","26.471","°C","1018.000","hPa","35.3","pmil","0","55.520","deg","20.000","°C","100.000","%a.s.","21.750","deg","20.000","°C","977.000","hPa","0.861","-0.02617","0.00035","0","0","13.56","Humid","24.85","0","70.00","286186.11","SABD0000000001","AAV1.0.0.11","1.1.2.0","PSt7-10","170328-006","1/4/2020 10:31:52","0000-00","0","no battery","V"
"11/02/2020","13:02:11","1","default","640513929","OXY_CH1","107.809","min","176.732","µmol/L","Humid","22.238","deg","41252","µV","26.486","°C","1017.000","hPa","35.3","pmil","0","55.520","deg","20.000","°C","100.000","%a.s.","21.750","deg","20.000","°C","977.000","hPa","0.861","-0.02617","0.00035","0","0","13.56","Humid","24.85","0","70.00","286188.36","SABD0000000001","AAV1.0.0.11","1.1.2.0","PSt7-10","170328-006","1/4/2020 10:31:52","0000-00","0","no battery","V"
"11/02/2020","13:02:12","1","default","640513929","OXY_CH1","107.826","min","176.917","µmol/L","Humid","22.227","deg","41252","µV","26.484","°C","1018.000","hPa","35.3","pmil","0","55.520","deg","20.000","°C","100.000","%a.s.","21.750","deg","20.000","°C","977.000","hPa","0.861","-0.02617","0.00035","0","0","13.56","Humid","24.85","0","70.00","286188.03","SABD0000000001","AAV1.0.0.11","1.1.2.0","PSt7-10","170328-006","1/4/2020 10:31:52","0000-00","0","no battery","V"
"11/02/2020","13:02:13","1","default","640513929","OXY_CH1","107.842","min","176.855","µmol/L","Humid","22.233","deg","41253","µV","26.478","°C","1018.000","hPa","35.3","pmil","0","55.520","deg","20.000","°C","100.000","%a.s.","21.750","deg","20.000","°C","977.000","hPa","0.861","-0.02617","0.00035","0","0","13.56","Humid","24.85","0","70.00","286191.00","SABD0000000001","AAV1.0.0.11","1.1.2.0","PSt7-10","170328-006","1/4/2020 10:31:52","0000-00","0","no battery","V"
"11/02/2020","13:02:14","1","default","640513929","OXY_CH1","107.859","min","176.940","µmol/L","Humid","22.226","deg","41250","µV","26.482","°C","1018.000","hPa","35.3","pmil","0","55.520","deg","20.000","°C","100.000","%a.s.","21.750","deg","20.000","°C","977.000","hPa","0.861","-0.02617","0.00035","0","0","13.56","Humid","24.85","0","70.00","286195.83","SABD0000000001","AAV1.0.0.11","1.1.2.0","PSt7-10","170328-006","1/4/2020 10:31:52","0000-00","0","no battery","V"
"11/02/2020","13:02:15","1","default","640513929","OXY_CH1","107.875","min","176.797","µmol/L","Humid","22.233","deg","41246","µV","26.490","°C","1018.000","hPa","35.3","pmil","0","55.520","deg","20.000","°C","100.000","%a.s.","21.750","deg","20.000","°C","977.000","hPa","0.861","-0.02617","0.00035","0","0","13.56","Humid","24.85","0","70.00","286193.00","SABD0000000001","AAV1.0.0.11","1.1.2.0","PSt7-10","170328-006","1/4/2020 10:31:52","0000-00","0","no battery","V"
"11/02/2020","13:02:16","1","default","640513929","OXY_CH1","107.892","min","176.854","µmol/L","Humid","22.229","deg","41252","µV","26.490","°C","1018.000","hPa","35.3","pmil","0","55.520","deg","20.000","°C","100.000","%a.s.","21.750","deg","20.000","°C","977.000","hPa","0.861","-0.02617","0.00035","0","0","13.56","Humid","24.85","0","70.00","286206.58","SABD0000000001","AAV1.0.0.11","1.1.2.0","PSt7-10","170328-006","1/4/2020 10:31:52","0000-00","0","no battery","V"
"11/02/2020","13:02:17","1","default","640513929","OXY_CH1","107.909","min","176.935","µmol/L","Humid","22.227","deg","41246","µV","26.480","°C","1018.000","hPa","35.3","pmil","0","55.520","deg","20.000","°C","100.000","%a.s.","21.750","deg","20.000","°C","977.000","hPa","0.861","-0.02617","0.00035","0","0","13.56","Humid","24.85","0","70.00","286196.40","SABD0000000001","AAV1.0.0.11","1.1.2.0","PSt7-10","170328-006","1/4/2020 10:31:52","0000-00","0","no battery","V"
"11/02/2020","13:02:18","1","default","640513929","OXY_CH1","107.925","min","176.929","µmol/L","Humid","22.228","deg","41240","µV","26.479","°C","1018.000","hPa","35.3","pmil","0","55.520","deg","20.000","°C","100.000","%a.s.","21.750","deg","20.000","°C","977.000","hPa","0.861","-0.02617","0.00035","0","0","13.56","Humid","24.85","0","70.00","286186.55","SABD0000000001","AAV1.0.0.11","1.1.2.0","PSt7-10","170328-006","1/4/2020 10:31:52","0000-00","0","no battery","V"
"11/02/2020","13:02:19","1","default","640513929","OXY_CH1","107.942","min","176.957","µmol/L","Humid","22.225","deg","41240","µV","26.482","°C","1018.000","hPa","35.3","pmil","0","55.520","deg","20.000","°C","100.000","%a.s.","21.750","deg","20.000","°C","977.000","hPa","0.861","-0.02617","0.00035","0","0","13.56","Humid","24.85","0","70.00","286193.01","SABD0000000001","AAV1.0.0.11","1.1.2.0","PSt7-10","170328-006","1/4/2020 10:31:52","0000-00","0","no battery","V"
"11/02/2020","13:02:20","1","default","640513929","OXY_CH1","107.959","min","176.894","µmol/L","Humid","22.231","deg","41237","µV","26.477","°C","1018.000","hPa","35.3","pmil","0","55.520","deg","20.000","°C","100.000","%a.s.","21.750","deg","20.000","°C","977.000","hPa","0.861","-0.02617","0.00035","0","0","13.56","Humid","24.85","0","70.00","286180.47","SABD0000000001","AAV1.0.0.11","1.1.2.0","PSt7-10","170328-006","1/4/2020 10:31:52","0000-00","0","no battery","V"
"11/02/2020","13:02:21","1","default","640513929","OXY_CH1","107.976","min","177.110","µmol/L","Humid","22.218","deg","41233","µV","26.473","°C","1018.000","hPa","35.3","pmil","0","55.520","deg","20.000","°C","100.000","%a.s.","21.750","deg","20.000","°C","977.000","hPa","0.861","-0.02617","0.00035","0","0","13.56","Humid","24.85","0","70.00","286189.01","SABD0000000001","AAV1.0.0.11","1.1.2.0","PSt7-10","170328-006","1/4/2020 10:31:52","0000-00","0","no battery","V"
"11/02/2020","13:02:22","1","default","640513929","OXY_CH1","107.992","min","176.724","µmol/L","Humid","22.237","deg","41237","µV","26.492","°C","1018.000","hPa","35.3","pmil","0","55.520","deg","20.000","°C","100.000","%a.s.","21.750","deg","20.000","°C","977.000","hPa","0.861","-0.02617","0.00035","0","0","13.56","Humid","24.85","0","70.00","286190.99","SABD0000000001","AAV1.0.0.11","1.1.2.0","PSt7-10","170328-006","1/4/2020 10:31:52","0000-00","0","no battery","V"
"11/02/2020","13:02:23","1","default","640513929","OXY_CH1","108.009","min","176.874","µmol/L","Humid","22.229","deg","41242","µV","26.486","°C","1018.000","hPa","35.3","pmil","0","55.520","deg","20.000","°C","100.000","%a.s.","21.750","deg","20.000","°C","977.000","hPa","0.861","-0.02617","0.00035","0","0","13.56","Humid","24.85","0","70.00","286195.93","SABD0000000001","AAV1.0.0.11","1.1.2.0","PSt7-10","170328-006","1/4/2020 10:31:52","0000-00","0","no battery","V"
"11/02/2020","13:02:24","1","default","640513929","OXY_CH1","108.025","min","176.916","µmol/L","Humid","22.226","deg","41241","µV","26.487","°C","1018.000","hPa","35.3","pmil","0","55.520","deg","20.000","°C","100.000","%a.s.","21.750","deg","20.000","°C","977.000","hPa","0.861","-0.02617","0.00035","0","0","13.56","Humid","24.85","0","70.00","286189.97","SABD0000000001","AAV1.0.0.11","1.1.2.0","PSt7-10","170328-006","1/4/2020 10:31:52","0000-00","0","no battery","V"
"11/02/2020","13:02:25","1","default","640513929","OXY_CH1","108.042","min","177.047","µmol/L","Humid","22.218","deg","41233","µV","26.485","°C","1018.000","hPa","35.3","pmil","0","55.520","deg","20.000","°C","100.000","%a.s.","21.750","deg","20.000","°C","977.000","hPa","0.861","-0.02617","0.00035","0","0","13.56","Humid","24.85","0","70.00","286193.70","SABD0000000001","AAV1.0.0.11","1.1.2.0","PSt7-10","170328-006","1/4/2020 10:31:52","0000-00","0","no battery","V"
"11/02/2020","13:02:26","1","default","640513929","OXY_CH1","108.058","min","177.058","µmol/L","Humid","22.218","deg","41231","µV","26.483","°C","1018.000","hPa","35.3","pmil","0","55.520","deg","20.000","°C","100.000","%a.s.","21.750","deg","20.000","°C","977.000","hPa","0.861","-0.02617","0.00035","0","0","13.56","Humid","24.85","0","70.00","286202.48","SABD0000000001","AAV1.0.0.11","1.1.2.0","PSt7-10","170328-006","1/4/2020 10:31:52","0000-00","0","no battery","V"
"11/02/2020","13:02:27","1","default","640513929","OXY_CH1","108.075","min","177.058","µmol/L","Humid","22.218","deg","41230","µV","26.483","°C","1018.000","hPa","35.3","pmil","0","55.520","deg","20.000","°C","100.000","%a.s.","21.750","deg","20.000","°C","977.000","hPa","0.861","-0.02617","0.00035","0","0","13.56","Humid","24.85","0","70.00","286194.40","SABD0000000001","AAV1.0.0.11","1.1.2.0","PSt7-10","170328-006","1/4/2020 10:31:52","0000-00","0","no battery","V"
"11/02/2020","13:02:28","1","default","640513929","OXY_CH1","108.092","min","176.998","µmol/L","Humid","22.224","deg","41234","µV","26.477","°C","1018.000","hPa","35.3","pmil","0","55.520","deg","20.000","°C","100.000","%a.s.","21.750","deg","20.000","°C","977.000","hPa","0.861","-0.02617","0.00035","0","0","13.56","Humid","24.85","0","70.00","286195.59","SABD0000000001","AAV1.0.0.11","1.1.2.0","PSt7-10","170328-006","1/4/2020 10:31:52","0000-00","0","no battery","V"
"11/02/2020","13:02:29","1","default","640513929","OXY_CH1","108.109","min","177.044","µmol/L","Humid","22.215","deg","41231","µV","26.495","°C","1018.000","hPa","35.3","pmil","0","55.520","deg","20.000","°C","100.000","%a.s.","21.750","deg","20.000","°C","977.000","hPa","0.861","-0.02617","0.00035","0","0","13.56","Humid","24.85","0","70.00","286189.38","SABD0000000001","AAV1.0.0.11","1.1.2.0","PSt7-10","170328-006","1/4/2020 10:31:52","0000-00","0","no battery","V"
"11/02/2020","13:02:30","1","default","640513929","OXY_CH1","108.125","min","177.010","µmol/L","Humid","22.217","deg","41228","µV","26.495","°C","1018.000","hPa","35.3","pmil","0","55.520","deg","20.000","°C","100.000","%a.s.","21.750","deg","20.000","°C","977.000","hPa","0.861","-0.02617","0.00035","0","0","13.56","Humid","24.85","0","70.00","286183.78","SABD0000000001","AAV1.0.0.11","1.1.2.0","PSt7-10","170328-006","1/4/2020 10:31:52","0000-00","0","no battery","V"
"11/02/2020","13:02:31","1","default","640513929","OXY_CH1","108.142","min","177.159","µmol/L","Humid","22.210","deg","41227","µV","26.487","°C","1018.000","hPa","35.3","pmil","0","55.520","deg","20.000","°C","100.000","%a.s.","21.750","deg","20.000","°C","977.000","hPa","0.861","-0.02617","0.00035","0","0","13.56","Humid","24.85","0","70.00","286196.78","SABD0000000001","AAV1.0.0.11","1.1.2.0","PSt7-10","170328-006","1/4/2020 10:31:52","0000-00","0","no battery","V"
"11/02/2020","13:02:32","1","default","640513929","OXY_CH1","108.159","min","177.050","µmol/L","Humid","22.219","deg","41229","µV","26.482","°C","1018.000","hPa","35.3","pmil","0","55.520","deg","20.000","°C","100.000","%a.s.","21.750","deg","20.000","°C","977.000","hPa","0.861","-0.02617","0.00035","0","0","13.56","Humid","24.85","0","70.00","286194.30","SABD0000000001","AAV1.0.0.11","1.1.2.0","PSt7-10","170328-006","1/4/2020 10:31:52","0000-00","0","no battery","V"
"11/02/2020","13:02:33","1","default","640513929","OXY_CH1","108.175","min","176.927","µmol/L","Humid","22.223","deg","41234","µV","26.494","°C","1018.000","hPa","35.3","pmil","0","55.520","deg","20.000","°C","100.000","%a.s.","21.750","deg","20.000","°C","977.000","hPa","0.861","-0.02617","0.00035","0","0","13.56","Humid","24.85","0","70.00","286187.71","SABD0000000001","AAV1.0.0.11","1.1.2.0","PSt7-10","170328-006","1/4/2020 10:31:52","0000-00","0","no battery","V"
"11/02/2020","13:02:34","1","default","640513929","OXY_CH1","108.192","min","177.017","µmol/L","Humid","22.218","deg","41232","µV","26.491","°C","1018.000","hPa","35.3","pmil","0","55.520","deg","20.000","°C","100.000","%a.s.","21.750","deg","20.000","°C","977.000","hPa","0.861","-0.02617","0.00035","0","0","13.56","Humid","24.85","0","70.00","286190.13","SABD0000000001","AAV1.0.0.11","1.1.2.0","PSt7-10","170328-006","1/4/2020 10:31:52","0000-00","0","no battery","V"
"11/02/2020","13:02:35","1","default","640513929","OXY_CH1","108.209","min","177.102","µmol/L","Humid","22.216","deg","41233","µV","26.481","°C","1018.000","hPa","35.3","pmil","0","55.520","deg","20.000","°C","100.000","%a.s.","21.750","deg","20.000","°C","977.000","hPa","0.861","-0.02617","0.00035","0","0","13.56","Humid","24.85","0","70.00","286188.83","SABD0000000001","AAV1.0.0.11","1.1.2.0","PSt7-10","170328-006","1/4/2020 10:31:52","0000-00","0","no battery","V"
"11/02/2020","13:02:36","1","default","640513929","OXY_CH1","108.226","min","177.298","µmol/L","Humid","22.205","deg","41228","µV","26.475","°C","1018.000","hPa","35.3","pmil","0","55.520","deg","20.000","°C","100.000","%a.s.","21.750","deg","20.000","°C","977.000","hPa","0.861","-0.02617","0.00035","0","0","13.56","Humid","24.85","0","70.00","286187.64","SABD0000000001","AAV1.0.0.11","1.1.2.0","PSt7-10","170328-006","1/4/2020 10:31:52","0000-00","0","no battery","V"
"11/02/2020","13:02:37","1","default","640513929","OXY_CH1","108.242","min","176.994","µmol/L","Humid","22.219","deg","41229","µV","26.493","°C","1018.000","hPa","35.3","pmil","0","55.520","deg","20.000","°C","100.000","%a.s.","21.750","deg","20.000","°C","977.000","hPa","0.861","-0.02617","0.00035","0","0","13.56","Humid","24.85","0","70.00","286182.16","SABD0000000001","AAV1.0.0.11","1.1.2.0","PSt7-10","170328-006","1/4/2020 10:31:52","0000-00","0","no battery","V"
"11/02/2020","13:02:38","1","default","640513929","OXY_CH1","108.259","min","177.155","µmol/L","Humid","22.211","deg","41232","µV","26.485","°C","1018.000","hPa","35.3","pmil","0","55.520","deg","20.000","°C","100.000","%a.s.","21.750","deg","20.000","°C","977.000","hPa","0.861","-0.02617","0.00035","0","0","13.56","Humid","24.85","0","70.00","286186.35","SABD0000000001","AAV1.0.0.11","1.1.2.0","PSt7-10","170328-006","1/4/2020 10:31:52","0000-00","0","no battery","V"
"11/02/2020","13:02:39","1","default","640513929","OXY_CH1","108.276","min","177.142","µmol/L","Humid","22.211","deg","41232","µV","26.488","°C","1018.000","hPa","35.3","pmil","0","55.520","deg","20.000","°C","100.000","%a.s.","21.750","deg","20.000","°C","977.000","hPa","0.861","-0.02617","0.00035","0","0","13.56","Humid","24.85","0","70.00","286193.51","SABD0000000001","AAV1.0.0.11","1.1.2.0","PSt7-10","170328-006","1/4/2020 10:31:52","0000-00","0","no battery","V"
"11/02/2020","13:02:40","1","default","640513929","OXY_CH1","108.292","min","177.196","µmol/L","Humid","22.209","deg","41228","µV","26.483","°C","1018.000","hPa","35.3","pmil","0","55.520","deg","20.000","°C","100.000","%a.s.","21.750","deg","20.000","°C","977.000","hPa","0.861","-0.02617","0.00035","0","0","13.56","Humid","24.85","0","70.00","286189.06","SABD0000000001","AAV1.0.0.11","1.1.2.0","PSt7-10","170328-006","1/4/2020 10:31:52","0000-00","0","no battery","V"
"11/02/2020","13:02:41","1","default","640513929","OXY_CH1","108.309","min","177.173","µmol/L","Humid","22.211","deg","41225","µV","26.482","°C","1018.000","hPa","35.3","pmil","0","55.520","deg","20.000","°C","100.000","%a.s.","21.750","deg","20.000","°C","977.000","hPa","0.861","-0.02617","0.00035","0","0","13.56","Humid","24.85","0","70.00","286195.57","SABD0000000001","AAV1.0.0.11","1.1.2.0","PSt7-10","170328-006","1/4/2020 10:31:52","0000-00","0","no battery","V"
"11/02/2020","13:02:42","1","default","640513929","OXY_CH1","108.326","min","177.099","µmol/L","Humid","22.215","deg","41215","µV","26.484","°C","1018.000","hPa","35.3","pmil","0","55.520","deg","20.000","°C","100.000","%a.s.","21.750","deg","20.000","°C","977.000","hPa","0.861","-0.02617","0.00035","0","0","13.56","Humid","24.85","0","70.00","286189.88","SABD0000000001","AAV1.0.0.11","1.1.2.0","PSt7-10","170328-006","1/4/2020 10:31:52","0000-00","0","no battery","V"
"11/02/2020","13:02:43","1","default","640513929","OXY_CH1","108.342","min","177.223","µmol/L","Humid","22.209","deg","41214","µV","26.478","°C","1018.000","hPa","35.3","pmil","0","55.520","deg","20.000","°C","100.000","%a.s.","21.750","deg","20.000","°C","977.000","hPa","0.861","-0.02617","0.00035","0","0","13.56","Humid","24.85","0","70.00","286184.47","SABD0000000001","AAV1.0.0.11","1.1.2.0","PSt7-10","170328-006","1/4/2020 10:31:52","0000-00","0","no battery","V"
"11/02/2020","13:02:44","1","default","640513929","OXY_CH1","108.358","min","177.191","µmol/L","Humid","22.211","deg","41218","µV","26.478","°C","1018.000","hPa","35.3","pmil","0","55.520","deg","20.000","°C","100.000","%a.s.","21.750","deg","20.000","°C","977.000","hPa","0.861","-0.02617","0.00035","0","0","13.56","Humid","24.85","0","70.00","286185.94","SABD0000000001","AAV1.0.0.11","1.1.2.0","PSt7-10","170328-006","1/4/2020 10:31:52","0000-00","0","no battery","V"
"11/02/2020","13:02:45","1","default","640513929","OXY_CH1","108.375","min","177.276","µmol/L","Humid","22.206","deg","41225","µV","26.476","°C","1018.000","hPa","35.3","pmil","0","55.520","deg","20.000","°C","100.000","%a.s.","21.750","deg","20.000","°C","977.000","hPa","0.861","-0.02617","0.00035","0","0","13.56","Humid","24.85","0","70.00","286179.85","SABD0000000001","AAV1.0.0.11","1.1.2.0","PSt7-10","170328-006","1/4/2020 10:31:52","0000-00","0","no battery","V"
"11/02/2020","13:02:46","1","default","640513929","OXY_CH1","108.392","min","177.256","µmol/L","Humid","22.209","deg","41215","µV","26.471","°C","1018.000","hPa","35.3","pmil","0","55.520","deg","20.000","°C","100.000","%a.s.","21.750","deg","20.000","°C","977.000","hPa","0.861","-0.02617","0.00035","0","0","13.56","Humid","24.85","0","70.00","286193.63","SABD0000000001","AAV1.0.0.11","1.1.2.0","PSt7-10","170328-006","1/4/2020 10:31:52","0000-00","0","no battery","V"
"11/02/2020","13:02:47","1","default","640513929","OXY_CH1","108.409","min","177.295","µmol/L","Humid","22.204","deg","41223","µV","26.479","°C","1018.000","hPa","35.3","pmil","0","55.520","deg","20.000","°C","100.000","%a.s.","21.750","deg","20.000","°C","977.000","hPa","0.861","-0.02617","0.00035","0","0","13.56","Humid","24.85","0","70.00","286176.13","SABD0000000001","AAV1.0.0.11","1.1.2.0","PSt7-10","170328-006","1/4/2020 10:31:52","0000-00","0","no battery","V"
"11/02/2020","13:02:48","1","default","640513929","OXY_CH1","108.425","min","177.141","µmol/L","Humid","22.203","deg","41221","µV","26.512","°C","1018.000","hPa","35.3","pmil","0","55.520","deg","20.000","°C","100.000","%a.s.","21.750","deg","20.000","°C","977.000","hPa","0.861","-0.02617","0.00035","0","0","13.56","Humid","24.85","0","70.00","286177.17","SABD0000000001","AAV1.0.0.11","1.1.2.0","PSt7-10","170328-006","1/4/2020 10:31:52","0000-00","0","no battery","V"
"11/02/2020","13:02:49","1","default","640513929","OXY_CH1","108.442","min","177.356","µmol/L","Humid","22.190","deg","41221","µV","26.508","°C","1018.000","hPa","35.3","pmil","0","55.520","deg","20.000","°C","100.000","%a.s.","21.750","deg","20.000","°C","977.000","hPa","0.861","-0.02617","0.00035","0","0","13.56","Humid","24.85","0","70.00","286176.74","SABD0000000001","AAV1.0.0.11","1.1.2.0","PSt7-10","170328-006","1/4/2020 10:31:52","0000-00","0","no battery","V"
"11/02/2020","13:02:50","1","default","640513929","OXY_CH1","108.459","min","177.201","µmol/L","Humid","22.202","deg","41214","µV","26.503","°C","1018.000","hPa","35.3","pmil","0","55.520","deg","20.000","°C","100.000","%a.s.","21.750","deg","20.000","°C","977.000","hPa","0.861","-0.02617","0.00035","0","0","13.56","Humid","24.85","0","70.00","286185.89","SABD0000000001","AAV1.0.0.11","1.1.2.0","PSt7-10","170328-006","1/4/2020 10:31:52","0000-00","0","no battery","V"
"11/02/2020","13:02:51","1","default","640513929","OXY_CH1","108.476","min","177.454","µmol/L","Humid","22.193","deg","41211","µV","26.481","°C","1018.000","hPa","35.3","pmil","0","55.520","deg","20.000","°C","100.000","%a.s.","21.750","deg","20.000","°C","977.000","hPa","0.861","-0.02617","0.00035","0","0","13.56","Humid","24.85","0","70.00","286180.76","SABD0000000001","AAV1.0.0.11","1.1.2.0","PSt7-10","170328-006","1/4/2020 10:31:52","0000-00","0","no battery","V"
"11/02/2020","13:02:52","1","default","640513929","OXY_CH1","108.492","min","177.299","µmol/L","Humid","22.197","deg","41208","µV","26.499","°C","1018.000","hPa","35.3","pmil","0","55.520","deg","20.000","°C","100.000","%a.s.","21.750","deg","20.000","°C","977.000","hPa","0.861","-0.02617","0.00035","0","0","13.56","Humid","24.85","0","70.00","286171.74","SABD0000000001","AAV1.0.0.11","1.1.2.0","PSt7-10","170328-006","1/4/2020 10:31:52","0000-00","0","no battery","V"
"11/02/2020","13:02:53","1","default","640513929","OXY_CH1","108.509","min","177.380","µmol/L","Humid","22.197","deg","41203","µV","26.483","°C","1018.000","hPa","35.3","pmil","0","55.520","deg","20.000","°C","100.000","%a.s.","21.750","deg","20.000","°C","977.000","hPa","0.861","-0.02617","0.00035","0","0","13.56","Humid","24.85","0","70.00","286184.42","SABD0000000001","AAV1.0.0.11","1.1.2.0","PSt7-10","170328-006","1/4/2020 10:31:52","0000-00","0","no battery","V"
"11/02/2020","13:02:54","1","default","640513929","OXY_CH1","108.526","min","177.450","µmol/L","Humid","22.194","deg","41202","µV","26.478","°C","1018.000","hPa","35.3","pmil","0","55.520","deg","20.000","°C","100.000","%a.s.","21.750","deg","20.000","°C","977.000","hPa","0.861","-0.02617","0.00035","0","0","13.56","Humid","24.85","0","70.00","286180.76","SABD0000000001","AAV1.0.0.11","1.1.2.0","PSt7-10","170328-006","1/4/2020 10:31:52","0000-00","0","no battery","V"
"11/02/2020","13:02:55","1","default","640513929","OXY_CH1","108.542","min","177.386","µmol/L","Humid","22.197","deg","41202","µV","26.482","°C","1018.000","hPa","35.3","pmil","0","55.520","deg","20.000","°C","100.000","%a.s.","21.750","deg","20.000","°C","977.000","hPa","0.861","-0.02617","0.00035","0","0","13.56","Humid","24.85","0","70.00","286173.65","SABD0000000001","AAV1.0.0.11","1.1.2.0","PSt7-10","170328-006","1/4/2020 10:31:52","0000-00","0","no battery","V"
"11/02/2020","13:02:56","1","default","640513929","OXY_CH1","108.559","min","177.393","µmol/L","Humid","22.194","deg","41203","µV","26.489","°C","1018.000","hPa","35.3","pmil","0","55.520","deg","20.000","°C","100.000","%a.s.","21.750","deg","20.000","°C","977.000","hPa","0.861","-0.02617","0.00035","0","0","13.56","Humid","24.85","0","70.00","286179.63","SABD0000000001","AAV1.0.0.11","1.1.2.0","PSt7-10","170328-006","1/4/2020 10:31:52","0000-00","0","no battery","V"
"11/02/2020","13:02:57","1","default","640513929","OXY_CH1","108.575","min","177.303","µmol/L","Humid","22.201","deg","41200","µV","26.486","°C","1018.000","hPa","35.3","pmil","0","55.520","deg","20.000","°C","100.000","%a.s.","21.750","deg","20.000","°C","977.000","hPa","0.861","-0.02617","0.00035","0","0","13.56","Humid","24.85","0","70.00","286181.54","SABD0000000001","AAV1.0.0.11","1.1.2.0","PSt7-10","170328-006","1/4/2020 10:31:52","0000-00","0","no battery","V"
"11/02/2020","13:02:58","1","default","640513929","OXY_CH1","108.592","min","177.454","µmol/L","Humid","22.194","deg","41195","µV","26.477","°C","1018.000","hPa","35.3","pmil","0","55.520","deg","20.000","°C","100.000","%a.s.","21.750","deg","20.000","°C","977.000","hPa","0.861","-0.02617","0.00035","0","0","13.56","Humid","24.85","0","70.00","286185.57","SABD0000000001","AAV1.0.0.11","1.1.2.0","PSt7-10","170328-006","1/4/2020 10:31:52","0000-00","0","no battery","V"
"11/02/2020","13:02:59","1","default","640513929","OXY_CH1","108.608","min","177.344","µmol/L","Humid","22.197","deg","41190","µV","26.490","°C","1018.000","hPa","35.3","pmil","0","55.520","deg","20.000","°C","100.000","%a.s.","21.750","deg","20.000","°C","977.000","hPa","0.861","-0.02617","0.00035","0","0","13.56","Humid","24.85","0","70.00","286176.72","SABD0000000001","AAV1.0.0.11","1.1.2.0","PSt7-10","170328-006","1/4/2020 10:31:52","0000-00","0","no battery","V"
"11/02/2020","13:03:00","1","default","640513929","OXY_CH1","108.625","min","177.314","µmol/L","Humid","22.199","deg","41187","µV","26.490","°C","1018.000","hPa","35.3","pmil","0","55.520","deg","20.000","°C","100.000","%a.s.","21.750","deg","20.000","°C","977.000","hPa","0.861","-0.02617","0.00035","0","0","13.56","Humid","24.85","0","70.00","286187.90","SABD0000000001","AAV1.0.0.11","1.1.2.0","PSt7-10","170328-006","1/4/2020 10:31:52","0000-00","0","no battery","V"
"11/02/2020","13:03:01","1","default","640513929","OXY_CH1","108.642","min","177.436","µmol/L","Humid","22.191","deg","41189","µV","26.490","°C","1018.000","hPa","35.3","pmil","0","55.520","deg","20.000","°C","100.000","%a.s.","21.750","deg","20.000","°C","977.000","hPa","0.861","-0.02617","0.00035","0","0","13.56","Humid","24.85","0","70.00","286180.33","SABD0000000001","AAV1.0.0.11","1.1.2.0","PSt7-10","170328-006","1/4/2020 10:31:52","0000-00","0","no battery","V"
"11/02/2020","13:03:02","1","default","640513929","OXY_CH1","108.659","min","177.446","µmol/L","Humid","22.194","deg","41187","µV","26.479","°C","1018.000","hPa","35.3","pmil","0","55.520","deg","20.000","°C","100.000","%a.s.","21.750","deg","20.000","°C","977.000","hPa","0.861","-0.02617","0.00035","0","0","13.56","Humid","24.85","0","70.00","286180.95","SABD0000000001","AAV1.0.0.11","1.1.2.0","PSt7-10","170328-006","1/4/2020 10:31:52","0000-00","0","no battery","V"
"11/02/2020","13:03:03","1","default","640513929","OXY_CH1","108.675","min","177.433","µmol/L","Humid","22.194","deg","41183","µV","26.482","°C","1018.000","hPa","35.3","pmil","0","55.520","deg","20.000","°C","100.000","%a.s.","21.750","deg","20.000","°C","977.000","hPa","0.861","-0.02617","0.00035","0","0","13.56","Humid","24.85","0","70.00","286174.39","SABD0000000001","AAV1.0.0.11","1.1.2.0","PSt7-10","170328-006","1/4/2020 10:31:52","0000-00","0","no battery","V"
"11/02/2020","13:03:04","1","default","640513929","OXY_CH1","108.692","min","177.462","µmol/L","Humid","22.190","deg","41179","µV","26.488","°C","1018.000","hPa","35.3","pmil","0","55.520","deg","20.000","°C","100.000","%a.s.","21.750","deg","20.000","°C","977.000","hPa","0.861","-0.02617","0.00035","0","0","13.56","Humid","24.85","0","70.00","286184.90","SABD0000000001","AAV1.0.0.11","1.1.2.0","PSt7-10","170328-006","1/4/2020 10:31:52","0000-00","0","no battery","V"
"11/02/2020","13:03:05","1","default","640513929","OXY_CH1","108.709","min","177.546","µmol/L","Humid","22.185","deg","41192","µV","26.486","°C","1018.000","hPa","35.3","pmil","0","55.520","deg","20.000","°C","100.000","%a.s.","21.750","deg","20.000","°C","977.000","hPa","0.861","-0.02617","0.00035","0","0","13.56","Humid","24.85","0","70.00","286187.94","SABD0000000001","AAV1.0.0.11","1.1.2.0","PSt7-10","170328-006","1/4/2020 10:31:52","0000-00","0","no battery","V"
"11/02/2020","13:03:06","1","default","640513929","OXY_CH1","108.725","min","177.588","µmol/L","Humid","22.183","deg","41191","µV","26.484","°C","1018.000","hPa","35.3","pmil","0","55.520","deg","20.000","°C","100.000","%a.s.","21.750","deg","20.000","°C","977.000","hPa","0.861","-0.02617","0.00035","0","0","13.56","Humid","24.85","0","70.00","286189.07","SABD0000000001","AAV1.0.0.11","1.1.2.0","PSt7-10","170328-006","1/4/2020 10:31:52","0000-00","0","no battery","V"
"11/02/2020","13:03:07","1","default","640513929","OXY_CH1","108.742","min","177.542","µmol/L","Humid","22.185","deg","41183","µV","26.487","°C","1018.000","hPa","35.3","pmil","0","55.520","deg","20.000","°C","100.000","%a.s.","21.750","deg","20.000","°C","977.000","hPa","0.861","-0.02617","0.00035","0","0","13.56","Humid","24.85","0","70.00","286177.37","SABD0000000001","AAV1.0.0.11","1.1.2.0","PSt7-10","170328-006","1/4/2020 10:31:52","0000-00","0","no battery","V"
"11/02/2020","13:03:08","1","default","640513929","OXY_CH1","108.759","min","177.438","µmol/L","Humid","22.186","deg","41190","µV","26.504","°C","1018.000","hPa","35.3","pmil","0","55.520","deg","20.000","°C","100.000","%a.s.","21.750","deg","20.000","°C","977.000","hPa","0.861","-0.02617","0.00035","0","0","13.56","Humid","24.85","0","70.00","286176.88","SABD0000000001","AAV1.0.0.11","1.1.2.0","PSt7-10","170328-006","1/4/2020 10:31:52","0000-00","0","no battery","V"
"11/02/2020","13:03:09","1","default","640513929","OXY_CH1","108.776","min","177.518","µmol/L","Humid","22.182","deg","41190","µV","26.501","°C","1018.000","hPa","35.3","pmil","0","55.520","deg","20.000","°C","100.000","%a.s.","21.750","deg","20.000","°C","977.000","hPa","0.861","-0.02617","0.00035","0","0","13.56","Humid","24.85","0","70.00","286164.53","SABD0000000001","AAV1.0.0.11","1.1.2.0","PSt7-10","170328-006","1/4/2020 10:31:52","0000-00","0","no battery","V"
"11/02/2020","13:03:10","1","default","640513929","OXY_CH1","108.792","min","177.531","µmol/L","Humid","22.185","deg","41179","µV","26.489","°C","1018.000","hPa","35.3","pmil","0","55.520","deg","20.000","°C","100.000","%a.s.","21.750","deg","20.000","°C","977.000","hPa","0.861","-0.02617","0.00035","0","0","13.56","Humid","24.85","0","70.00","286167.96","SABD0000000001","AAV1.0.0.11","1.1.2.0","PSt7-10","170328-006","1/4/2020 10:31:52","0000-00","0","no battery","V"
"11/02/2020","13:03:11","1","default","640513929","OXY_CH1","108.809","min","177.482","µmol/L","Humid","22.187","deg","41181","µV","26.493","°C","1018.000","hPa","35.3","pmil","0","55.520","deg","20.000","°C","100.000","%a.s.","21.750","deg","20.000","°C","977.000","hPa","0.861","-0.02617","0.00035","0","0","13.56","Humid","24.85","0","70.00","286165.59","SABD0000000001","AAV1.0.0.11","1.1.2.0","PSt7-10","170328-006","1/4/2020 10:31:52","0000-00","0","no battery","V"
"11/02/2020","13:03:12","1","default","640513929","OXY_CH1","108.825","min","177.566","µmol/L","Humid","22.183","deg","41183","µV","26.488","°C","1018.000","hPa","35.3","pmil","0","55.520","deg","20.000","°C","100.000","%a.s.","21.750","deg","20.000","°C","977.000","hPa","0.861","-0.02617","0.00035","0","0","13.56","Humid","24.85","0","70.00","286165.31","SABD0000000001","AAV1.0.0.11","1.1.2.0","PSt7-10","170328-006","1/4/2020 10:31:52","0000-00","0","no battery","V"
"11/02/2020","13:03:13","1","default","640513929","OXY_CH1","108.842","min","177.439","µmol/L","Humid","22.189","deg","41181","µV","26.495","°C","1018.000","hPa","35.3","pmil","0","55.520","deg","20.000","°C","100.000","%a.s.","21.750","deg","20.000","°C","977.000","hPa","0.861","-0.02617","0.00035","0","0","13.56","Humid","24.85","0","70.00","286182.69","SABD0000000001","AAV1.0.0.11","1.1.2.0","PSt7-10","170328-006","1/4/2020 10:31:52","0000-00","0","no battery","V"
"11/02/2020","13:03:14","1","default","640513929","OXY_CH1","108.859","min","177.503","µmol/L","Humid","22.183","deg","41181","µV","26.501","°C","1018.000","hPa","35.3","pmil","0","55.520","deg","20.000","°C","100.000","%a.s.","21.750","deg","20.000","°C","977.000","hPa","0.861","-0.02617","0.00035","0","0","13.56","Humid","24.85","0","70.00","286169.02","SABD0000000001","AAV1.0.0.11","1.1.2.0","PSt7-10","170328-006","1/4/2020 10:31:52","0000-00","0","no battery","V"
"11/02/2020","13:03:15","1","default","640513929","OXY_CH1","108.876","min","177.657","µmol/L","Humid","22.180","deg","41184","µV","26.480","°C","1018.000","hPa","35.3","pmil","0","55.520","deg","20.000","°C","100.000","%a.s.","21.750","deg","20.000","°C","977.000","hPa","0.861","-0.02617","0.00035","0","0","13.56","Humid","24.85","0","70.00","286179.34","SABD0000000001","AAV1.0.0.11","1.1.2.0","PSt7-10","170328-006","1/4/2020 10:31:52","0000-00","0","no battery","V"
"11/02/2020","13:03:16","1","default","640513929","OXY_CH1","108.892","min","177.612","µmol/L","Humid","22.184","deg","41186","µV","26.477","°C","1018.000","hPa","35.3","pmil","0","55.520","deg","20.000","°C","100.000","%a.s.","21.750","deg","20.000","°C","977.000","hPa","0.861","-0.02617","0.00035","0","0","13.56","Humid","24.85","0","70.00","286182.09","SABD0000000001","AAV1.0.0.11","1.1.2.0","PSt7-10","170328-006","1/4/2020 10:31:52","0000-00","0","no battery","V"
"11/02/2020","13:03:17","1","default","640513929","OXY_CH1","108.909","min","177.517","µmol/L","Humid","22.188","deg","41192","µV","26.483","°C","1018.000","hPa","35.3","pmil","0","55.520","deg","20.000","°C","100.000","%a.s.","21.750","deg","20.000","°C","977.000","hPa","0.861","-0.02617","0.00035","0","0","13.56","Humid","24.85","0","70.00","286170.96","SABD0000000001","AAV1.0.0.11","1.1.2.0","PSt7-10","170328-006","1/4/2020 10:31:52","0000-00","0","no battery","V"
"11/02/2020","13:03:18","1","default","640513929","OXY_CH1","108.926","min","177.396","µmol/L","Humid","22.190","deg","41193","µV","26.501","°C","1018.000","hPa","35.3","pmil","0","55.520","deg","20.000","°C","100.000","%a.s.","21.750","deg","20.000","°C","977.000","hPa","0.861","-0.02617","0.00035","0","0","13.56","Humid","24.85","0","70.00","286178.55","SABD0000000001","AAV1.0.0.11","1.1.2.0","PSt7-10","170328-006","1/4/2020 10:31:52","0000-00","0","no battery","V"
"11/02/2020","13:03:19","1","default","640513929","OXY_CH1","108.942","min","177.667","µmol/L","Humid","22.180","deg","41189","µV","26.478","°C","1018.000","hPa","35.3","pmil","0","55.520","deg","20.000","°C","100.000","%a.s.","21.750","deg","20.000","°C","977.000","hPa","0.861","-0.02617","0.00035","0","0","13.56","Humid","24.85","0","70.00","286166.53","SABD0000000001","AAV1.0.0.11","1.1.2.0","PSt7-10","170328-006","1/4/2020 10:31:52","0000-00","0","no battery","V"
"11/02/2020","13:03:20","1","default","640513929","OXY_CH1","108.959","min","177.584","µmol/L","Humid","22.184","deg","41202","µV","26.482","°C","1018.000","hPa","35.3","pmil","0","55.520","deg","20.000","°C","100.000","%a.s.","21.750","deg","20.000","°C","977.000","hPa","0.861","-0.02617","0.00035","0","0","13.56","Humid","24.85","0","70.00","286183.74","SABD0000000001","AAV1.0.0.11","1.1.2.0","PSt7-10","170328-006","1/4/2020 10:31:52","0000-00","0","no battery","V"
"11/02/2020","13:03:21","1","default","640513929","OXY_CH1","108.975","min","177.541","µmol/L","Humid","22.183","deg","41205","µV","26.493","°C","1018.000","hPa","35.3","pmil","0","55.520","deg","20.000","°C","100.000","%a.s.","21.750","deg","20.000","°C","977.000","hPa","0.861","-0.02617","0.00035","0","0","13.56","Humid","24.85","0","70.00","286175.41","SABD0000000001","AAV1.0.0.11","1.1.2.0","PSt7-10","170328-006","1/4/2020 10:31:52","0000-00","0","no battery","V"
"11/02/2020","13:03:22","1","default","640513929","OXY_CH1","108.992","min","177.594","µmol/L","Humid","22.178","deg","41202","µV","26.498","°C","1018.000","hPa","35.3","pmil","0","55.520","deg","20.000","°C","100.000","%a.s.","21.750","deg","20.000","°C","977.000","hPa","0.861","-0.02617","0.00035","0","0","13.56","Humid","24.85","0","70.00","286175.67","SABD0000000001","AAV1.0.0.11","1.1.2.0","PSt7-10","170328-006","1/4/2020 10:31:52","0000-00","0","no battery","V"
"11/02/2020","13:03:23","1","default","640513929","OXY_CH1","109.009","min","177.666","µmol/L","Humid","22.178","deg","41202","µV","26.484","°C","1018.000","hPa","35.3","pmil","0","55.520","deg","20.000","°C","100.000","%a.s.","21.750","deg","20.000","°C","977.000","hPa","0.861","-0.02617","0.00035","0","0","13.56","Humid","24.85","0","70.00","286170.75","SABD0000000001","AAV1.0.0.11","1.1.2.0","PSt7-10","170328-006","1/4/2020 10:31:52","0000-00","0","no battery","V"
"11/02/2020","13:03:24","1","default","640513929","OXY_CH1","109.025","min","177.755","µmol/L","Humid","22.175","deg","41186","µV","26.476","°C","1018.000","hPa","35.3","pmil","0","55.520","deg","20.000","°C","100.000","%a.s.","21.750","deg","20.000","°C","977.000","hPa","0.861","-0.02617","0.00035","0","0","13.56","Humid","24.85","0","70.00","286180.31","SABD0000000001","AAV1.0.0.11","1.1.2.0","PSt7-10","170328-006","1/4/2020 10:31:52","0000-00","0","no battery","V"
"11/02/2020","13:03:25","1","default","640513929","OXY_CH1","109.042","min","177.712","µmol/L","Humid","22.177","deg","41190","µV","26.478","°C","1018.000","hPa","35.3","pmil","0","55.520","deg","20.000","°C","100.000","%a.s.","21.750","deg","20.000","°C","977.000","hPa","0.861","-0.02617","0.00035","0","0","13.56","Humid","24.85","0","70.00","286165.23","SABD0000000001","AAV1.0.0.11","1.1.2.0","PSt7-10","170328-006","1/4/2020 10:31:52","0000-00","0","no battery","V"
"11/02/2020","13:03:26","1","default","640513929","OXY_CH1","109.058","min","177.645","µmol/L","Humid","22.179","deg","41187","µV","26.485","°C","1018.000","hPa","35.3","pmil","0","55.520","deg","20.000","°C","100.000","%a.s.","21.750","deg","20.000","°C","977.000","hPa","0.861","-0.02617","0.00035","0","0","13.56","Humid","24.85","0","70.00","286179.45","SABD0000000001","AAV1.0.0.11","1.1.2.0","PSt7-10","170328-006","1/4/2020 10:31:52","0000-00","0","no battery","V"
"11/02/2020","13:03:27","1","default","640513929","OXY_CH1","109.076","min","177.658","µmol/L","Humid","22.170","deg","41176","µV","26.509","°C","1018.000","hPa","35.3","pmil","0","55.520","deg","20.000","°C","100.000","%a.s.","21.750","deg","20.000","°C","977.000","hPa","0.861","-0.02617","0.00035","0","0","13.56","Humid","24.85","0","70.00","286169.21","SABD0000000001","AAV1.0.0.11","1.1.2.0","PSt7-10","170328-006","1/4/2020 10:31:52","0000-00","0","no battery","V"
"11/02/2020","13:03:28","1","default","640513929","OXY_CH1","109.092","min","177.664","µmol/L","Humid","22.171","deg","41168","µV","26.505","°C","1018.000","hPa","35.3","pmil","0","55.520","deg","20.000","°C","100.000","%a.s.","21.750","deg","20.000","°C","977.000","hPa","0.861","-0.02617","0.00035","0","0","13.56","Humid","24.85","0","70.00","286169.21","SABD0000000001","AAV1.0.0.11","1.1.2.0","PSt7-10","170328-006","1/4/2020 10:31:52","0000-00","0","no battery","V"
"11/02/2020","13:03:29","1","default","640513929","OXY_CH1","109.109","min","177.646","µmol/L","Humid","22.177","deg","41170","µV","26.491","°C","1018.000","hPa","35.3","pmil","0","55.520","deg","20.000","°C","100.000","%a.s.","21.750","deg","20.000","°C","977.000","hPa","0.861","-0.02617","0.00035","0","0","13.56","Humid","24.85","0","70.00","286182.65","SABD0000000001","AAV1.0.0.11","1.1.2.0","PSt7-10","170328-006","1/4/2020 10:31:52","0000-00","0","no battery","V"
"11/02/2020","13:03:30","1","default","640513929","OXY_CH1","109.125","min","177.732","µmol/L","Humid","22.172","deg","41174","µV","26.489","°C","1018.000","hPa","35.3","pmil","0","55.520","deg","20.000","°C","100.000","%a.s.","21.750","deg","20.000","°C","977.000","hPa","0.861","-0.02617","0.00035","0","0","13.56","Humid","24.85","0","70.00","286178.81","SABD0000000001","AAV1.0.0.11","1.1.2.0","PSt7-10","170328-006","1/4/2020 10:31:52","0000-00","0","no battery","V"
"11/02/2020","13:03:31","1","default","640513929","OXY_CH1","109.142","min","177.773","µmol/L","Humid","22.171","deg","41167","µV","26.484","°C","1018.000","hPa","35.3","pmil","0","55.520","deg","20.000","°C","100.000","%a.s.","21.750","deg","20.000","°C","977.000","hPa","0.861","-0.02617","0.00035","0","0","13.56","Humid","24.85","0","70.00","286171.34","SABD0000000001","AAV1.0.0.11","1.1.2.0","PSt7-10","170328-006","1/4/2020 10:31:52","0000-00","0","no battery","V"
"11/02/2020","13:03:32","1","default","640513929","OXY_CH1","109.159","min","177.731","µmol/L","Humid","22.173","deg","41172","µV","26.486","°C","1018.000","hPa","35.3","pmil","0","55.520","deg","20.000","°C","100.000","%a.s.","21.750","deg","20.000","°C","977.000","hPa","0.861","-0.02617","0.00035","0","0","13.56","Humid","24.85","0","70.00","286166.19","SABD0000000001","AAV1.0.0.11","1.1.2.0","PSt7-10","170328-006","1/4/2020 10:31:52","0000-00","0","no battery","V"
"11/02/2020","13:03:33","1","default","640513929","OXY_CH1","109.175","min","177.777","µmol/L","Humid","22.169","deg","41171","µV","26.489","°C","1018.000","hPa","35.3","pmil","0","55.520","deg","20.000","°C","100.000","%a.s.","21.750","deg","20.000","°C","977.000","hPa","0.861","-0.02617","0.00035","0","0","13.56","Humid","24.85","0","70.00","286178.99","SABD0000000001","AAV1.0.0.11","1.1.2.0","PSt7-10","170328-006","1/4/2020 10:31:52","0000-00","0","no battery","V"
"11/02/2020","13:03:34","1","default","640513929","OXY_CH1","109.192","min","177.757","µmol/L","Humid","22.171","deg","41167","µV","26.487","°C","1018.000","hPa","35.3","pmil","0","55.520","deg","20.000","°C","100.000","%a.s.","21.750","deg","20.000","°C","977.000","hPa","0.861","-0.02617","0.00035","0","0","13.56","Humid","24.85","0","70.00","286158.10","SABD0000000001","AAV1.0.0.11","1.1.2.0","PSt7-10","170328-006","1/4/2020 10:31:52","0000-00","0","no battery","V"
"11/02/2020","13:03:35","1","default","640513929","OXY_CH1","109.209","min","177.811","µmol/L","Humid","22.169","deg","41161","µV","26.482","°C","1018.000","hPa","35.3","pmil","0","55.520","deg","20.000","°C","100.000","%a.s.","21.750","deg","20.000","°C","977.000","hPa","0.861","-0.02617","0.00035","0","0","13.56","Humid","24.85","0","70.00","286170.41","SABD0000000001","AAV1.0.0.11","1.1.2.0","PSt7-10","170328-006","1/4/2020 10:31:52","0000-00","0","no battery","V"
"11/02/2020","13:03:36","1","default","640513929","OXY_CH1","109.226","min","177.858","µmol/L","Humid","22.165","deg","41158","µV","26.485","°C","1018.000","hPa","35.3","pmil","0","55.520","deg","20.000","°C","100.000","%a.s.","21.750","deg","20.000","°C","977.000","hPa","0.861","-0.02617","0.00035","0","0","13.56","Humid","24.85","0","70.00","286173.66","SABD0000000001","AAV1.0.0.11","1.1.2.0","PSt7-10","170328-006","1/4/2020 10:31:52","0000-00","0","no battery","V"
"11/02/2020","13:03:37","1","default","640513929","OXY_CH1","109.242","min","177.717","µmol/L","Humid","22.169","deg","41156","µV","26.501","°C","1018.000","hPa","35.3","pmil","0","55.520","deg","20.000","°C","100.000","%a.s.","21.750","deg","20.000","°C","977.000","hPa","0.861","-0.02617","0.00035","0","0","13.56","Humid","24.85","0","70.00","286164.71","SABD0000000001","AAV1.0.0.11","1.1.2.0","PSt7-10","170328-006","1/4/2020 10:31:52","0000-00","0","no battery","V"
"11/02/2020","13:03:38","1","default","640513929","OXY_CH1","109.259","min","177.854","µmol/L","Humid","22.167","deg","41160","µV","26.480","°C","1018.000","hPa","35.3","pmil","0","55.520","deg","20.000","°C","100.000","%a.s.","21.750","deg","20.000","°C","977.000","hPa","0.861","-0.02617","0.00035","0","0","13.56","Humid","24.85","0","70.00","286170.03","SABD0000000001","AAV1.0.0.11","1.1.2.0","PSt7-10","170328-006","1/4/2020 10:31:52","0000-00","0","no battery","V"
"11/02/2020","13:03:39","1","default","640513929","OXY_CH1","109.275","min","177.842","µmol/L","Humid","22.165","deg","41153","µV","26.488","°C","1018.000","hPa","35.3","pmil","0","55.520","deg","20.000","°C","100.000","%a.s.","21.750","deg","20.000","°C","977.000","hPa","0.861","-0.02617","0.00035","0","0","13.56","Humid","24.85","0","70.00","286178.05","SABD0000000001","AAV1.0.0.11","1.1.2.0","PSt7-10","170328-006","1/4/2020 10:31:52","0000-00","0","no battery","V"
"11/02/2020","13:03:40","1","default","640513929","OXY_CH1","109.292","min","177.882","µmol/L","Humid","22.166","deg","41152","µV","26.478","°C","1018.000","hPa","35.3","pmil","0","55.520","deg","20.000","°C","100.000","%a.s.","21.750","deg","20.000","°C","977.000","hPa","0.861","-0.02617","0.00035","0","0","13.56","Humid","24.85","0","70.00","286175.05","SABD0000000001","AAV1.0.0.11","1.1.2.0","PSt7-10","170328-006","1/4/2020 10:31:52","0000-00","0","no battery","V"
"11/02/2020","13:03:41","1","default","640513929","OXY_CH1","109.309","min","177.928","µmol/L","Humid","22.162","deg","41144","µV","26.481","°C","1018.000","hPa","35.3","pmil","0","55.520","deg","20.000","°C","100.000","%a.s.","21.750","deg","20.000","°C","977.000","hPa","0.861","-0.02617","0.00035","0","0","13.56","Humid","24.85","0","70.00","286161.37","SABD0000000001","AAV1.0.0.11","1.1.2.0","PSt7-10","170328-006","1/4/2020 10:31:52","0000-00","0","no battery","V"
"11/02/2020","13:03:42","1","default","640513929","OXY_CH1","109.325","min","177.818","µmol/L","Humid","22.167","deg","41144","µV","26.487","°C","1018.000","hPa","35.3","pmil","0","55.520","deg","20.000","°C","100.000","%a.s.","21.750","deg","20.000","°C","977.000","hPa","0.861","-0.02617","0.00035","0","0","13.56","Humid","24.85","0","70.00","286174.46","SABD0000000001","AAV1.0.0.11","1.1.2.0","PSt7-10","170328-006","1/4/2020 10:31:52","0000-00","0","no battery","V"
"11/02/2020","13:03:43","1","default","640513929","OXY_CH1","109.342","min","177.933","µmol/L","Humid","22.162","deg","41144","µV","26.480","°C","1018.000","hPa","35.3","pmil","0","55.520","deg","20.000","°C","100.000","%a.s.","21.750","deg","20.000","°C","977.000","hPa","0.861","-0.02617","0.00035","0","0","13.56","Humid","24.85","0","70.00","286181.51","SABD0000000001","AAV1.0.0.11","1.1.2.0","PSt7-10","170328-006","1/4/2020 10:31:52","0000-00","0","no battery","V"
"11/02/2020","13:03:44","1","default","640513929","OXY_CH1","109.358","min","177.836","µmol/L","Humid","22.170","deg","41138","µV","26.475","°C","1018.000","hPa","35.3","pmil","0","55.520","deg","20.000","°C","100.000","%a.s.","21.750","deg","20.000","°C","977.000","hPa","0.861","-0.02617","0.00035","0","0","13.56","Humid","24.85","0","70.00","286166.99","SABD0000000001","AAV1.0.0.11","1.1.2.0","PSt7-10","170328-006","1/4/2020 10:31:52","0000-00","0","no battery","V"
"11/02/2020","13:03:45","1","default","640513929","OXY_CH1","109.375","min","178.011","µmol/L","Humid","22.161","deg","41138","µV","26.467","°C","1018.000","hPa","35.3","pmil","0","55.520","deg","20.000","°C","100.000","%a.s.","21.750","deg","20.000","°C","977.000","hPa","0.861","-0.02617","0.00035","0","0","13.56","Humid","24.85","0","70.00","286159.62","SABD0000000001","AAV1.0.0.11","1.1.2.0","PSt7-10","170328-006","1/4/2020 10:31:52","0000-00","0","no battery","V"
"11/02/2020","13:03:46","1","default","640513929","OXY_CH1","109.392","min","177.941","µmol/L","Humid","22.157","deg","41137","µV","26.493","°C","1018.000","hPa","35.3","pmil","0","55.520","deg","20.000","°C","100.000","%a.s.","21.750","deg","20.000","°C","977.000","hPa","0.861","-0.02617","0.00035","0","0","13.56","Humid","24.85","0","70.00","286168.93","SABD0000000001","AAV1.0.0.11","1.1.2.0","PSt7-10","170328-006","1/4/2020 10:31:52","0000-00","0","no battery","V"
"11/02/2020","13:03:47","1","default","640513929","OXY_CH1","109.408","min","177.904","µmol/L","Humid","22.161","deg","41138","µV","26.488","°C","1018.000","hPa","35.3","pmil","0","55.520","deg","20.000","°C","100.000","%a.s.","21.750","deg","20.000","°C","977.000","hPa","0.861","-0.02617","0.00035","0","0","13.56","Humid","24.85","0","70.00","286162.46","SABD0000000001","AAV1.0.0.11","1.1.2.0","PSt7-10","170328-006","1/4/2020 10:31:52","0000-00","0","no battery","V"
"11/02/2020","13:03:48","1","default","640513929","OXY_CH1","109.425","min","177.971","µmol/L","Humid","22.157","deg","41129","µV","26.487","°C","1018.000","hPa","35.3","pmil","0","55.520","deg","20.000","°C","100.000","%a.s.","21.750","deg","20.000","°C","977.000","hPa","0.861","-0.02617","0.00035","0","0","13.56","Humid","24.85","0","70.00","286169.25","SABD0000000001","AAV1.0.0.11","1.1.2.0","PSt7-10","170328-006","1/4/2020 10:31:52","0000-00","0","no battery","V"
"11/02/2020","13:03:49","1","default","640513929","OXY_CH1","109.442","min","177.920","µmol/L","Humid","22.161","deg","41138","µV","26.485","°C","1018.000","hPa","35.3","pmil","0","55.520","deg","20.000","°C","100.000","%a.s.","21.750","deg","20.000","°C","977.000","hPa","0.861","-0.02617","0.00035","0","0","13.56","Humid","24.85","0","70.00","286165.19","SABD0000000001","AAV1.0.0.11","1.1.2.0","PSt7-10","170328-006","1/4/2020 10:31:52","0000-00","0","no battery","V"
"11/02/2020","13:03:50","1","default","640513929","OXY_CH1","109.459","min","177.993","µmol/L","Humid","22.157","deg","41128","µV","26.483","°C","1018.000","hPa","35.3","pmil","0","55.520","deg","20.000","°C","100.000","%a.s.","21.750","deg","20.000","°C","977.000","hPa","0.861","-0.02617","0.00035","0","0","13.56","Humid","24.85","0","70.00","286166.71","SABD0000000001","AAV1.0.0.11","1.1.2.0","PSt7-10","170328-006","1/4/2020 10:31:52","0000-00","0","no battery","V"
"11/02/2020","13:03:51","1","default","640513929","OXY_CH1","109.475","min","178.049","µmol/L","Humid","22.154","deg","41131","µV","26.481","°C","1018.000","hPa","35.3","pmil","0","55.520","deg","20.000","°C","100.000","%a.s.","21.750","deg","20.000","°C","977.000","hPa","0.861","-0.02617","0.00035","0","0","13.56","Humid","24.85","0","70.00","286157.79","SABD0000000001","AAV1.0.0.11","1.1.2.0","PSt7-10","170328-006","1/4/2020 10:31:52","0000-00","0","no battery","V"
"11/02/2020","13:03:52","1","default","640513929","OXY_CH1","109.492","min","177.921","µmol/L","Humid","22.157","deg","41121","µV","26.497","°C","1018.000","hPa","35.3","pmil","0","55.520","deg","20.000","°C","100.000","%a.s.","21.750","deg","20.000","°C","977.000","hPa","0.861","-0.02617","0.00035","0","0","13.56","Humid","24.85","0","70.00","286161.39","SABD0000000001","AAV1.0.0.11","1.1.2.0","PSt7-10","170328-006","1/4/2020 10:31:52","0000-00","0","no battery","V"
"11/02/2020","13:03:53","1","default","640513929","OXY_CH1","109.509","min","177.986","µmol/L","Humid","22.161","deg","41123","µV","26.472","°C","1018.000","hPa","35.3","pmil","0","55.520","deg","20.000","°C","100.000","%a.s.","21.750","deg","20.000","°C","977.000","hPa","0.861","-0.02617","0.00035","0","0","13.56","Humid","24.85","0","70.00","286169.06","SABD0000000001","AAV1.0.0.11","1.1.2.0","PSt7-10","170328-006","1/4/2020 10:31:52","0000-00","0","no battery","V"
"11/02/2020","13:03:54","1","default","640513929","OXY_CH1","109.526","min","177.988","µmol/L","Humid","22.157","deg","41119","µV","26.484","°C","1018.000","hPa","35.3","pmil","0","55.520","deg","20.000","°C","100.000","%a.s.","21.750","deg","20.000","°C","977.000","hPa","0.861","-0.02617","0.00035","0","0","13.56","Humid","24.85","0","70.00","286165.42","SABD0000000001","AAV1.0.0.11","1.1.2.0","PSt7-10","170328-006","1/4/2020 10:31:52","0000-00","0","no battery","V"
"11/02/2020","13:03:55","1","default","640513929","OXY_CH1","109.542","min","177.908","µmol/L","Humid","22.163","deg","41117","µV","26.481","°C","1018.000","hPa","35.3","pmil","0","55.520","deg","20.000","°C","100.000","%a.s.","21.750","deg","20.000","°C","977.000","hPa","0.861","-0.02617","0.00035","0","0","13.56","Humid","24.85","0","70.00","286157.69","SABD0000000001","AAV1.0.0.11","1.1.2.0","PSt7-10","170328-006","1/4/2020 10:31:52","0000-00","0","no battery","V"
"11/02/2020","13:03:56","1","default","640513929","OXY_CH1","109.559","min","178.064","µmol/L","Humid","22.154","deg","41119","µV","26.478","°C","1018.000","hPa","35.3","pmil","0","55.520","deg","20.000","°C","100.000","%a.s.","21.750","deg","20.000","°C","977.000","hPa","0.861","-0.02617","0.00035","0","0","13.56","Humid","24.85","0","70.00","286157.13","SABD0000000001","AAV1.0.0.11","1.1.2.0","PSt7-10","170328-006","1/4/2020 10:31:52","0000-00","0","no battery","V"
"11/02/2020","13:03:57","1","default","640513929","OXY_CH1","109.576","min","178.030","µmol/L","Humid","22.154","deg","41114","µV","26.485","°C","1018.000","hPa","35.3","pmil","0","55.520","deg","20.000","°C","100.000","%a.s.","21.750","deg","20.000","°C","977.000","hPa","0.861","-0.02617","0.00035","0","0","13.56","Humid","24.85","0","70.00","286156.60","SABD0000000001","AAV1.0.0.11","1.1.2.0","PSt7-10","170328-006","1/4/2020 10:31:52","0000-00","0","no battery","V"
"11/02/2020","13:03:58","1","default","640513929","OXY_CH1","109.592","min","177.979","µmol/L","Humid","22.158","deg","41114","µV","26.483","°C","1018.000","hPa","35.3","pmil","0","55.520","deg","20.000","°C","100.000","%a.s.","21.750","deg","20.000","°C","977.000","hPa","0.861","-0.02617","0.00035","0","0","13.56","Humid","24.85","0","70.00","286159.46","SABD0000000001","AAV1.0.0.11","1.1.2.0","PSt7-10","170328-006","1/4/2020 10:31:52","0000-00","0","no battery","V"
"11/02/2020","13:03:59","1","default","640513929","OXY_CH1","109.609","min","178.077","µmol/L","Humid","22.150","deg","41110","µV","26.487","°C","1018.000","hPa","35.3","pmil","0","55.520","deg","20.000","°C","100.000","%a.s.","21.750","deg","20.000","°C","977.000","hPa","0.861","-0.02617","0.00035","0","0","13.56","Humid","24.85","0","70.00","286157.87","SABD0000000001","AAV1.0.0.11","1.1.2.0","PSt7-10","170328-006","1/4/2020 10:31:52","0000-00","0","no battery","V"
"11/02/2020","13:04:00","1","default","640513929","OXY_CH1","109.625","min","177.924","µmol/L","Humid","22.163","deg","41109","µV","26.478","°C","1018.000","hPa","35.3","pmil","0","55.520","deg","20.000","°C","100.000","%a.s.","21.750","deg","20.000","°C","977.000","hPa","0.861","-0.02617","0.00035","0","0","13.56","Humid","24.85","0","70.00","286173.29","SABD0000000001","AAV1.0.0.11","1.1.2.0","PSt7-10","170328-006","1/4/2020 10:31:52","0000-00","0","no battery","V"
"11/02/2020","13:04:01","1","default","640513929","OXY_CH1","109.642","min","178.082","µmol/L","Humid","22.151","deg","41105","µV","26.483","°C","1018.000","hPa","35.3","pmil","0","55.520","deg","20.000","°C","100.000","%a.s.","21.750","deg","20.000","°C","977.000","hPa","0.861","-0.02617","0.00035","0","0","13.56","Humid","24.85","0","70.00","286163.54","SABD0000000001","AAV1.0.0.11","1.1.2.0","PSt7-10","170328-006","1/4/2020 10:31:52","0000-00","0","no battery","V"
"11/02/2020","13:06:02","1","default","640513929","OXY_CH1","111.658","min","179.645","µmol/L","Humid","22.053","deg","40923","µV","26.474","°C","1018.000","hPa","35.3","pmil","0","55.520","deg","20.000","°C","100.000","%a.s.","21.750","deg","20.000","°C","977.000","hPa","0.861","-0.02617","0.00035","0","0","13.56","Humid","24.85","0","70.00","286384.99","SABD0000000001","AAV1.0.0.11","1.1.2.0","PSt7-10","170328-006","1/4/2020 10:31:52","0000-00","0","no battery","V"
"11/02/2020","13:06:03","1","default","640513929","OXY_CH1","111.676","min","179.529","µmol/L","Humid","22.055","deg","40906","µV","26.490","°C","1018.000","hPa","35.3","pmil","0","55.520","deg","20.000","°C","100.000","%a.s.","21.750","deg","20.000","°C","977.000","hPa","0.861","-0.02617","0.00035","0","0","13.56","Humid","24.85","0","70.00","286347.81","SABD0000000001","AAV1.0.0.11","1.1.2.0","PSt7-10","170328-006","1/4/2020 10:31:52","0000-00","0","no battery","V"
"11/02/2020","13:06:04","1","default","640513929","OXY_CH1","111.692","min","179.461","µmol/L","Humid","22.057","deg","40903","µV","26.497","°C","1018.000","hPa","35.3","pmil","0","55.520","deg","20.000","°C","100.000","%a.s.","21.750","deg","20.000","°C","977.000","hPa","0.861","-0.02617","0.00035","0","0","13.56","Humid","24.85","0","70.00","286321.98","SABD0000000001","AAV1.0.0.11","1.1.2.0","PSt7-10","170328-006","1/4/2020 10:31:52","0000-00","0","no battery","V"
"11/02/2020","13:06:05","1","default","640513929","OXY_CH1","111.709","min","179.587","µmol/L","Humid","22.049","deg","40896","µV","26.497","°C","1018.000","hPa","35.3","pmil","0","55.520","deg","20.000","°C","100.000","%a.s.","21.750","deg","20.000","°C","977.000","hPa","0.861","-0.02617","0.00035","0","0","13.56","Humid","24.85","0","70.00","286304.31","SABD0000000001","AAV1.0.0.11","1.1.2.0","PSt7-10","170328-006","1/4/2020 10:31:52","0000-00","0","no battery","V"
"11/02/2020","13:06:06","1","default","640513929","OXY_CH1","111.725","min","179.548","µmol/L","Humid","22.055","deg","40892","µV","26.487","°C","1018.000","hPa","35.3","pmil","0","55.520","deg","20.000","°C","100.000","%a.s.","21.750","deg","20.000","°C","977.000","hPa","0.861","-0.02617","0.00035","0","0","13.56","Humid","24.85","0","70.00","286297.23","SABD0000000001","AAV1.0.0.11","1.1.2.0","PSt7-10","170328-006","1/4/2020 10:31:52","0000-00","0","no battery","V"
"11/02/2020","13:06:07","1","default","640513929","OXY_CH1","111.742","min","179.714","µmol/L","Humid","22.046","deg","40886","µV","26.482","°C","1018.000","hPa","35.3","pmil","0","55.520","deg","20.000","°C","100.000","%a.s.","21.750","deg","20.000","°C","977.000","hPa","0.861","-0.02617","0.00035","0","0","13.56","Humid","24.85","0","70.00","286292.59","SABD0000000001","AAV1.0.0.11","1.1.2.0","PSt7-10","170328-006","1/4/2020 10:31:52","0000-00","0","no battery","V"
"11/02/2020","13:06:08","1","default","640513929","OXY_CH1","111.759","min","179.561","µmol/L","Humid","22.053","deg","40892","µV","26.490","°C","1018.000","hPa","35.3","pmil","0","55.520","deg","20.000","°C","100.000","%a.s.","21.750","deg","20.000","°C","977.000","hPa","0.861","-0.02617","0.00035","0","0","13.56","Humid","24.85","0","70.00","286289.93","SABD0000000001","AAV1.0.0.11","1.1.2.0","PSt7-10","170328-006","1/4/2020 10:31:52","0000-00","0","no battery","V"
"11/02/2020","13:06:09","1","default","640513929","OXY_CH1","111.775","min","179.697","µmol/L","Humid","22.046","deg","40887","µV","26.485","°C","1018.000","hPa","35.3","pmil","0","55.520","deg","20.000","°C","100.000","%a.s.","21.750","deg","20.000","°C","977.000","hPa","0.861","-0.02617","0.00035","0","0","13.56","Humid","24.85","0","70.00","286287.24","SABD0000000001","AAV1.0.0.11","1.1.2.0","PSt7-10","170328-006","1/4/2020 10:31:52","0000-00","0","no battery","V"
"11/02/2020","13:06:10","1","default","640513929","OXY_CH1","111.792","min","179.724","µmol/L","Humid","22.043","deg","40888","µV","26.489","°C","1018.000","hPa","35.3","pmil","0","55.520","deg","20.000","°C","100.000","%a.s.","21.750","deg","20.000","°C","977.000","hPa","0.861","-0.02617","0.00035","0","0","13.56","Humid","24.85","0","70.00","286273.43","SABD0000000001","AAV1.0.0.11","1.1.2.0","PSt7-10","170328-006","1/4/2020 10:31:52","0000-00","0","no battery","V"
"11/02/2020","13:06:11","1","default","640513929","OXY_CH1","111.809","min","179.684","µmol/L","Humid","22.047","deg","40886","µV","26.484","°C","1018.000","hPa","35.3","pmil","0","55.520","deg","20.000","°C","100.000","%a.s.","21.750","deg","20.000","°C","977.000","hPa","0.861","-0.02617","0.00035","0","0","13.56","Humid","24.85","0","70.00","286269.33","SABD0000000001","AAV1.0.0.11","1.1.2.0","PSt7-10","170328-006","1/4/2020 10:31:52","0000-00","0","no battery","V"
"11/02/2020","13:06:12","1","default","640513929","OXY_CH1","111.825","min","179.688","µmol/L","Humid","22.048","deg","40881","µV","26.481","°C","1018.000","hPa","35.3","pmil","0","55.520","deg","20.000","°C","100.000","%a.s.","21.750","deg","20.000","°C","977.000","hPa","0.861","-0.02617","0.00035","0","0","13.56","Humid","24.85","0","70.00","286270.62","SABD0000000001","AAV1.0.0.11","1.1.2.0","PSt7-10","170328-006","1/4/2020 10:31:52","0000-00","0","no battery","V"
"11/02/2020","13:06:13","1","default","640513929","OXY_CH1","111.842","min","179.821","µmol/L","Humid","22.041","deg","40882","µV","26.476","°C","1018.000","hPa","35.3","pmil","0","55.520","deg","20.000","°C","100.000","%a.s.","21.750","deg","20.000","°C","977.000","hPa","0.861","-0.02617","0.00035","0","0","13.56","Humid","24.85","0","70.00","286277.78","SABD0000000001","AAV1.0.0.11","1.1.2.0","PSt7-10","170328-006","1/4/2020 10:31:52","0000-00","0","no battery","V"
"11/02/2020","13:06:14","1","default","640513929","OXY_CH1","111.859","min","179.628","µmol/L","Humid","22.050","deg","40880","µV","26.486","°C","1018.000","hPa","35.3","pmil","0","55.520","deg","20.000","°C","100.000","%a.s.","21.750","deg","20.000","°C","977.000","hPa","0.861","-0.02617","0.00035","0","0","13.56","Humid","24.85","0","70.00","286280.91","SABD0000000001","AAV1.0.0.11","1.1.2.0","PSt7-10","170328-006","1/4/2020 10:31:52","0000-00","0","no battery","V"
"11/02/2020","13:06:15","1","default","640513929","OXY_CH1","111.875","min","179.703","µmol/L","Humid","22.044","deg","40882","µV","26.490","°C","1018.000","hPa","35.3","pmil","0","55.520","deg","20.000","°C","100.000","%a.s.","21.750","deg","20.000","°C","977.000","hPa","0.861","-0.02617","0.00035","0","0","13.56","Humid","24.85","0","70.00","286280.14","SABD0000000001","AAV1.0.0.11","1.1.2.0","PSt7-10","170328-006","1/4/2020 10:31:52","0000-00","0","no battery","V"
"11/02/2020","13:06:16","1","default","640513929","OXY_CH1","111.892","min","179.646","µmol/L","Humid","22.052","deg","40880","µV","26.477","°C","1018.000","hPa","35.3","pmil","0","55.520","deg","20.000","°C","100.000","%a.s.","21.750","deg","20.000","°C","977.000","hPa","0.861","-0.02617","0.00035","0","0","13.56","Humid","24.85","0","70.00","286274.64","SABD0000000001","AAV1.0.0.11","1.1.2.0","PSt7-10","170328-006","1/4/2020 10:31:52","0000-00","0","no battery","V"
"11/02/2020","13:06:17","1","default","640513929","OXY_CH1","111.908","min","179.850","µmol/L","Humid","22.042","deg","40882","µV","26.467","°C","1018.000","hPa","35.3","pmil","0","55.520","deg","20.000","°C","100.000","%a.s.","21.750","deg","20.000","°C","977.000","hPa","0.861","-0.02617","0.00035","0","0","13.56","Humid","24.85","0","70.00","286271.93","SABD0000000001","AAV1.0.0.11","1.1.2.0","PSt7-10","170328-006","1/4/2020 10:31:52","0000-00","0","no battery","V"
"11/02/2020","13:06:18","1","default","640513929","OXY_CH1","111.925","min","179.754","µmol/L","Humid","22.042","deg","40879","µV","26.486","°C","1018.000","hPa","35.3","pmil","0","55.520","deg","20.000","°C","100.000","%a.s.","21.750","deg","20.000","°C","977.000","hPa","0.861","-0.02617","0.00035","0","0","13.56","Humid","24.85","0","70.00","286273.53","SABD0000000001","AAV1.0.0.11","1.1.2.0","PSt7-10","170328-006","1/4/2020 10:31:52","0000-00","0","no battery","V"
"11/02/2020","13:06:19","1","default","640513929","OXY_CH1","111.942","min","179.698","µmol/L","Humid","22.043","deg","40871","µV","26.494","°C","1018.000","hPa","35.3","pmil","0","55.520","deg","20.000","°C","100.000","%a.s.","21.750","deg","20.000","°C","977.000","hPa","0.861","-0.02617","0.00035","0","0","13.56","Humid","24.85","0","70.00","286254.74","SABD0000000001","AAV1.0.0.11","1.1.2.0","PSt7-10","170328-006","1/4/2020 10:31:52","0000-00","0","no battery","V"
"11/02/2020","13:06:20","1","default","640513929","OXY_CH1","111.958","min","179.763","µmol/L","Humid","22.039","deg","40870","µV","26.493","°C","1018.000","hPa","35.3","pmil","0","55.520","deg","20.000","°C","100.000","%a.s.","21.750","deg","20.000","°C","977.000","hPa","0.861","-0.02617","0.00035","0","0","13.56","Humid","24.85","0","70.00","286264.48","SABD0000000001","AAV1.0.0.11","1.1.2.0","PSt7-10","170328-006","1/4/2020 10:31:52","0000-00","0","no battery","V"
"11/02/2020","13:06:21","1","default","640513929","OXY_CH1","111.975","min","179.665","µmol/L","Humid","22.045","deg","40866","µV","26.494","°C","1018.000","hPa","35.3","pmil","0","55.520","deg","20.000","°C","100.000","%a.s.","21.750","deg","20.000","°C","977.000","hPa","0.861","-0.02617","0.00035","0","0","13.56","Humid","24.85","0","70.00","286270.52","SABD0000000001","AAV1.0.0.11","1.1.2.0","PSt7-10","170328-006","1/4/2020 10:31:52","0000-00","0","no battery","V"
"11/02/2020","13:06:22","1","default","640513929","OXY_CH1","111.992","min","179.873","µmol/L","Humid","22.036","deg","40868","µV","26.481","°C","1018.000","hPa","35.3","pmil","0","55.520","deg","20.000","°C","100.000","%a.s.","21.750","deg","20.000","°C","977.000","hPa","0.861","-0.02617","0.00035","0","0","13.56","Humid","24.85","0","70.00","286257.35","SABD0000000001","AAV1.0.0.11","1.1.2.0","PSt7-10","170328-006","1/4/2020 10:31:52","0000-00","0","no battery","V"
"11/02/2020","13:06:23","1","default","640513929","OXY_CH1","112.009","min","179.690","µmol/L","Humid","22.046","deg","40859","µV","26.486","°C","1018.000","hPa","35.3","pmil","0","55.520","deg","20.000","°C","100.000","%a.s.","21.750","deg","20.000","°C","977.000","hPa","0.861","-0.02617","0.00035","0","0","13.56","Humid","24.85","0","70.00","286251.39","SABD0000000001","AAV1.0.0.11","1.1.2.0","PSt7-10","170328-006","1/4/2020 10:31:52","0000-00","0","no battery","V"
"11/02/2020","13:06:24","1","default","640513929","OXY_CH1","112.025","min","179.813","µmol/L","Humid","22.037","deg","40850","µV","26.489","°C","1018.000","hPa","35.3","pmil","0","55.520","deg","20.000","°C","100.000","%a.s.","21.750","deg","20.000","°C","977.000","hPa","0.861","-0.02617","0.00035","0","0","13.56","Humid","24.85","0","70.00","286264.23","SABD0000000001","AAV1.0.0.11","1.1.2.0","PSt7-10","170328-006","1/4/2020 10:31:52","0000-00","0","no battery","V"
"11/02/2020","13:06:25","1","default","640513929","OXY_CH1","112.042","min","179.738","µmol/L","Humid","22.043","deg","40854","µV","26.486","°C","1018.000","hPa","35.3","pmil","0","55.520","deg","20.000","°C","100.000","%a.s.","21.750","deg","20.000","°C","977.000","hPa","0.861","-0.02617","0.00035","0","0","13.56","Humid","24.85","0","70.00","286267.45","SABD0000000001","AAV1.0.0.11","1.1.2.0","PSt7-10","170328-006","1/4/2020 10:31:52","0000-00","0","no battery","V"
"11/02/2020","13:06:26","1","default","640513929","OXY_CH1","112.059","min","179.833","µmol/L","Humid","22.037","deg","40847","µV","26.486","°C","1018.000","hPa","35.3","pmil","0","55.520","deg","20.000","°C","100.000","%a.s.","21.750","deg","20.000","°C","977.000","hPa","0.861","-0.02617","0.00035","0","0","13.56","Humid","24.85","0","70.00","286263.01","SABD0000000001","AAV1.0.0.11","1.1.2.0","PSt7-10","170328-006","1/4/2020 10:31:52","0000-00","0","no battery","V"
"11/02/2020","13:06:27","1","default","640513929","OXY_CH1","112.076","min","179.757","µmol/L","Humid","22.042","deg","40849","µV","26.485","°C","1018.000","hPa","35.3","pmil","0","55.520","deg","20.000","°C","100.000","%a.s.","21.750","deg","20.000","°C","977.000","hPa","0.861","-0.02617","0.00035","0","0","13.56","Humid","24.85","0","70.00","286263.38","SABD0000000001","AAV1.0.0.11","1.1.2.0","PSt7-10","170328-006","1/4/2020 10:31:52","0000-00","0","no battery","V"
"11/02/2020","13:06:28","1","default","640513929","OXY_CH1","112.092","min","179.938","µmol/L","Humid","22.031","deg","40846","µV","26.483","°C","1018.000","hPa","35.3","pmil","0","55.520","deg","20.000","°C","100.000","%a.s.","21.750","deg","20.000","°C","977.000","hPa","0.861","-0.02617","0.00035","0","0","13.56","Humid","24.85","0","70.00","286256.12","SABD0000000001","AAV1.0.0.11","1.1.2.0","PSt7-10","170328-006","1/4/2020 10:31:52","0000-00","0","no battery","V"
"11/02/2020","13:06:29","1","default","640513929","OXY_CH1","112.109","min","179.800","µmol/L","Humid","22.038","deg","40854","µV","26.489","°C","1018.000","hPa","35.3","pmil","0","55.520","deg","20.000","°C","100.000","%a.s.","21.750","deg","20.000","°C","977.000","hPa","0.861","-0.02617","0.00035","0","0","13.56","Humid","24.85","0","70.00","286256.56","SABD0000000001","AAV1.0.0.11","1.1.2.0","PSt7-10","170328-006","1/4/2020 10:31:52","0000-00","0","no battery","V"
"11/02/2020","13:06:30","1","default","640513929","OXY_CH1","112.126","min","179.943","µmol/L","Humid","22.034","deg","40847","µV","26.474","°C","1018.000","hPa","35.3","pmil","0","55.520","deg","20.000","°C","100.000","%a.s.","21.750","deg","20.000","°C","977.000","hPa","0.861","-0.02617","0.00035","0","0","13.56","Humid","24.85","0","70.00","286266.28","SABD0000000001","AAV1.0.0.11","1.1.2.0","PSt7-10","170328-006","1/4/2020 10:31:52","0000-00","0","no battery","V"
"11/02/2020","13:06:31","1","default","640513929","OXY_CH1","112.142","min","179.878","µmol/L","Humid","22.036","deg","40845","µV","26.480","°C","1018.000","hPa","35.3","pmil","0","55.520","deg","20.000","°C","100.000","%a.s.","21.750","deg","20.000","°C","977.000","hPa","0.861","-0.02617","0.00035","0","0","13.56","Humid","24.85","0","70.00","286258.83","SABD0000000001","AAV1.0.0.11","1.1.2.0","PSt7-10","170328-006","1/4/2020 10:31:52","0000-00","0","no battery","V"
"11/02/2020","13:06:32","1","default","640513929","OXY_CH1","112.158","min","179.800","µmol/L","Humid","22.043","deg","40851","µV","26.474","°C","1018.000","hPa","35.3","pmil","0","55.520","deg","20.000","°C","100.000","%a.s.","21.750","deg","20.000","°C","977.000","hPa","0.861","-0.02617","0.00035","0","0","13.56","Humid","24.85","0","70.00","286261.43","SABD0000000001","AAV1.0.0.11","1.1.2.0","PSt7-10","170328-006","1/4/2020 10:31:52","0000-00","0","no battery","V"
"11/02/2020","13:06:33","1","default","640513929","OXY_CH1","112.175","min","179.886","µmol/L","Humid","22.036","deg","40850","µV","26.478","°C","1018.000","hPa","35.3","pmil","0","55.520","deg","20.000","°C","100.000","%a.s.","21.750","deg","20.000","°C","977.000","hPa","0.861","-0.02617","0.00035","0","0","13.56","Humid","24.85","0","70.00","286265.43","SABD0000000001","AAV1.0.0.11","1.1.2.0","PSt7-10","170328-006","1/4/2020 10:31:52","0000-00","0","no battery","V"
"11/02/2020","13:06:34","1","default","640513929","OXY_CH1","112.192","min","179.950","µmol/L","Humid","22.029","deg","40847","µV","26.487","°C","1018.000","hPa","35.3","pmil","0","55.520","deg","20.000","°C","100.000","%a.s.","21.750","deg","20.000","°C","977.000","hPa","0.861","-0.02617","0.00035","0","0","13.56","Humid","24.85","0","70.00","286259.73","SABD0000000001","AAV1.0.0.11","1.1.2.0","PSt7-10","170328-006","1/4/2020 10:31:52","0000-00","0","no battery","V"
"11/02/2020","13:06:35","1","default","640513929","OXY_CH1","112.209","min","180.051","µmol/L","Humid","22.024","deg","40832","µV","26.483","°C","1018.000","hPa","35.3","pmil","0","55.520","deg","20.000","°C","100.000","%a.s.","21.750","deg","20.000","°C","977.000","hPa","0.861","-0.02617","0.00035","0","0","13.56","Humid","24.85","0","70.00","286256.84","SABD0000000001","AAV1.0.0.11","1.1.2.0","PSt7-10","170328-006","1/4/2020 10:31:52","0000-00","0","no battery","V"
"11/02/2020","13:06:36","1","default","640513929","OXY_CH1","112.225","min","180.107","µmol/L","Humid","22.026","deg","40838","µV","26.466","°C","1018.000","hPa","35.3","pmil","0","55.520","deg","20.000","°C","100.000","%a.s.","21.750","deg","20.000","°C","977.000","hPa","0.861","-0.02617","0.00035","0","0","13.56","Humid","24.85","0","70.00","286248.55","SABD0000000001","AAV1.0.0.11","1.1.2.0","PSt7-10","170328-006","1/4/2020 10:31:52","0000-00","0","no battery","V"
"11/02/2020","13:06:37","1","default","640513929","OXY_CH1","112.242","min","180.002","µmol/L","Humid","22.021","deg","40827","µV","26.501","°C","1018.000","hPa","35.3","pmil","0","55.520","deg","20.000","°C","100.000","%a.s.","21.750","deg","20.000","°C","977.000","hPa","0.861","-0.02617","0.00035","0","0","13.56","Humid","24.85","0","70.00","286251.94","SABD0000000001","AAV1.0.0.11","1.1.2.0","PSt7-10","170328-006","1/4/2020 10:31:52","0000-00","0","no battery","V"
"11/02/2020","13:06:38","1","default","640513929","OXY_CH1","112.259","min","179.973","µmol/L","Humid","22.024","deg","40826","µV","26.498","°C","1018.000","hPa","35.3","pmil","0","55.520","deg","20.000","°C","100.000","%a.s.","21.750","deg","20.000","°C","977.000","hPa","0.861","-0.02617","0.00035","0","0","13.56","Humid","24.85","0","70.00","286253.71","SABD0000000001","AAV1.0.0.11","1.1.2.0","PSt7-10","170328-006","1/4/2020 10:31:52","0000-00","0","no battery","V"
"11/02/2020","13:06:39","1","default","640513929","OXY_CH1","112.275","min","179.927","µmol/L","Humid","22.027","deg","40826","µV","26.497","°C","1018.000","hPa","35.3","pmil","0","55.520","deg","20.000","°C","100.000","%a.s.","21.750","deg","20.000","°C","977.000","hPa","0.861","-0.02617","0.00035","0","0","13.56","Humid","24.85","0","70.00","286249.74","SABD0000000001","AAV1.0.0.11","1.1.2.0","PSt7-10","170328-006","1/4/2020 10:31:52","0000-00","0","no battery","V"
"11/02/2020","13:06:40","1","default","640513929","OXY_CH1","112.292","min","180.165","µmol/L","Humid","22.017","deg","40830","µV","26.482","°C","1018.000","hPa","35.3","pmil","0","55.520","deg","20.000","°C","100.000","%a.s.","21.750","deg","20.000","°C","977.000","hPa","0.861","-0.02617","0.00035","0","0","13.56","Humid","24.85","0","70.00","286249.35","SABD0000000001","AAV1.0.0.11","1.1.2.0","PSt7-10","170328-006","1/4/2020 10:31:52","0000-00","0","no battery","V"
"11/02/2020","13:06:41","1","default","640513929","OXY_CH1","112.309","min","179.960","µmol/L","Humid","22.027","deg","40819","µV","26.491","°C","1018.000","hPa","35.3","pmil","0","55.520","deg","20.000","°C","100.000","%a.s.","21.750","deg","20.000","°C","977.000","hPa","0.861","-0.02617","0.00035","0","0","13.56","Humid","24.85","0","70.00","286256.71","SABD0000000001","AAV1.0.0.11","1.1.2.0","PSt7-10","170328-006","1/4/2020 10:31:52","0000-00","0","no battery","V"
"11/02/2020","13:06:42","1","default","640513929","OXY_CH1","112.326","min","180.065","µmol/L","Humid","22.022","deg","40820","µV","26.486","°C","1018.000","hPa","35.3","pmil","0","55.520","deg","20.000","°C","100.000","%a.s.","21.750","deg","20.000","°C","977.000","hPa","0.861","-0.02617","0.00035","0","0","13.56","Humid","24.85","0","70.00","286241.32","SABD0000000001","AAV1.0.0.11","1.1.2.0","PSt7-10","170328-006","1/4/2020 10:31:52","0000-00","0","no battery","V"
"11/02/2020","13:06:43","1","default","640513929","OXY_CH1","112.343","min","180.005","µmol/L","Humid","22.024","deg","40815","µV","26.491","°C","1018.000","hPa","35.3","pmil","0","55.520","deg","20.000","°C","100.000","%a.s.","21.750","deg","20.000","°C","977.000","hPa","0.861","-0.02617","0.00035","0","0","13.56","Humid","24.85","0","70.00","286248.01","SABD0000000001","AAV1.0.0.11","1.1.2.0","PSt7-10","170328-006","1/4/2020 10:31:52","0000-00","0","no battery","V"
"11/02/2020","13:06:44","1","default","640513929","OXY_CH1","112.359","min","180.012","µmol/L","Humid","22.022","deg","40821","µV","26.496","°C","1018.000","hPa","35.3","pmil","0","55.520","deg","20.000","°C","100.000","%a.s.","21.750","deg","20.000","°C","977.000","hPa","0.861","-0.02617","0.00035","0","0","13.56","Humid","24.85","0","70.00","286234.55","SABD0000000001","AAV1.0.0.11","1.1.2.0","PSt7-10","170328-006","1/4/2020 10:31:52","0000-00","0","no battery","V"
"11/02/2020","13:06:45","1","default","640513929","OXY_CH1","112.376","min","180.049","µmol/L","Humid","22.026","deg","40813","µV","26.477","°C","1018.000","hPa","35.3","pmil","0","55.520","deg","20.000","°C","100.000","%a.s.","21.750","deg","20.000","°C","977.000","hPa","0.861","-0.02617","0.00035","0","0","13.56","Humid","24.85","0","70.00","286240.44","SABD0000000001","AAV1.0.0.11","1.1.2.0","PSt7-10","170328-006","1/4/2020 10:31:52","0000-00","0","no battery","V"
"11/02/2020","13:06:46","1","default","640513929","OXY_CH1","112.392","min","180.207","µmol/L","Humid","22.013","deg","40815","µV","26.486","°C","1018.000","hPa","35.3","pmil","0","55.520","deg","20.000","°C","100.000","%a.s.","21.750","deg","20.000","°C","977.000","hPa","0.861","-0.02617","0.00035","0","0","13.56","Humid","24.85","0","70.00","286242.27","SABD0000000001","AAV1.0.0.11","1.1.2.0","PSt7-10","170328-006","1/4/2020 10:31:52","0000-00","0","no battery","V"
"11/02/2020","13:06:47","1","default","640513929","OXY_CH1","112.409","min","180.080","µmol/L","Humid","22.019","deg","40815","µV","26.492","°C","1018.000","hPa","35.3","pmil","0","55.520","deg","20.000","°C","100.000","%a.s.","21.750","deg","20.000","°C","977.000","hPa","0.861","-0.02617","0.00035","0","0","13.56","Humid","24.85","0","70.00","286235.80","SABD0000000001","AAV1.0.0.11","1.1.2.0","PSt7-10","170328-006","1/4/2020 10:31:52","0000-00","0","no battery","V"
"11/02/2020","13:06:48","1","default","640513929","OXY_CH1","112.425","min","179.962","µmol/L","Humid","22.025","deg","40817","µV","26.497","°C","1018.000","hPa","35.3","pmil","0","55.520","deg","20.000","°C","100.000","%a.s.","21.750","deg","20.000","°C","977.000","hPa","0.861","-0.02617","0.00035","0","0","13.56","Humid","24.85","0","70.00","286241.78","SABD0000000001","AAV1.0.0.11","1.1.2.0","PSt7-10","170328-006","1/4/2020 10:31:52","0000-00","0","no battery","V"
"11/02/2020","13:06:49","1","default","640513929","OXY_CH1","112.442","min","180.166","µmol/L","Humid","22.012","deg","40813","µV","26.495","°C","1017.000","hPa","35.3","pmil","0","55.520","deg","20.000","°C","100.000","%a.s.","21.750","deg","20.000","°C","977.000","hPa","0.861","-0.02617","0.00035","0","0","13.56","Humid","24.85","0","70.00","286236.41","SABD0000000001","AAV1.0.0.11","1.1.2.0","PSt7-10","170328-006","1/4/2020 10:31:52","0000-00","0","no battery","V"
"11/02/2020","13:06:50","1","default","640513929","OXY_CH1","112.459","min","180.121","µmol/L","Humid","22.020","deg","40804","µV","26.481","°C","1018.000","hPa","35.3","pmil","0","55.520","deg","20.000","°C","100.000","%a.s.","21.750","deg","20.000","°C","977.000","hPa","0.861","-0.02617","0.00035","0","0","13.56","Humid","24.85","0","70.00","286232.54","SABD0000000001","AAV1.0.0.11","1.1.2.0","PSt7-10","170328-006","1/4/2020 10:31:52","0000-00","0","no battery","V"
"11/02/2020","13:06:51","1","default","640513929","OXY_CH1","112.475","min","180.190","µmol/L","Humid","22.015","deg","40807","µV","26.483","°C","1018.000","hPa","35.3","pmil","0","55.520","deg","20.000","°C","100.000","%a.s.","21.750","deg","20.000","°C","977.000","hPa","0.861","-0.02617","0.00035","0","0","13.56","Humid","24.85","0","70.00","286235.68","SABD0000000001","AAV1.0.0.11","1.1.2.0","PSt7-10","170328-006","1/4/2020 10:31:52","0000-00","0","no battery","V"
"11/02/2020","13:06:52","1","default","640513929","OXY_CH1","112.492","min","180.168","µmol/L","Humid","22.013","deg","40808","µV","26.493","°C","1018.000","hPa","35.3","pmil","0","55.520","deg","20.000","°C","100.000","%a.s.","21.750","deg","20.000","°C","977.000","hPa","0.861","-0.02617","0.00035","0","0","13.56","Humid","24.85","0","70.00","286246.04","SABD0000000001","AAV1.0.0.11","1.1.2.0","PSt7-10","170328-006","1/4/2020 10:31:52","0000-00","0","no battery","V"
"11/02/2020","13:06:53","1","default","640513929","OXY_CH1","112.509","min","180.106","µmol/L","Humid","22.017","deg","40811","µV","26.493","°C","1018.000","hPa","35.3","pmil","0","55.520","deg","20.000","°C","100.000","%a.s.","21.750","deg","20.000","°C","977.000","hPa","0.861","-0.02617","0.00035","0","0","13.56","Humid","24.85","0","70.00","286239.26","SABD0000000001","AAV1.0.0.11","1.1.2.0","PSt7-10","170328-006","1/4/2020 10:31:52","0000-00","0","no battery","V"
"11/02/2020","13:06:54","1","default","640513929","OXY_CH1","112.525","min","180.070","µmol/L","Humid","22.020","deg","40810","µV","26.491","°C","1018.000","hPa","35.3","pmil","0","55.520","deg","20.000","°C","100.000","%a.s.","21.750","deg","20.000","°C","977.000","hPa","0.861","-0.02617","0.00035","0","0","13.56","Humid","24.85","0","70.00","286236.47","SABD0000000001","AAV1.0.0.11","1.1.2.0","PSt7-10","170328-006","1/4/2020 10:31:52","0000-00","0","no battery","V"
"11/02/2020","13:06:55","1","default","640513929","OXY_CH1","112.542","min","180.266","µmol/L","Humid","22.014","deg","40806","µV","26.471","°C","1018.000","hPa","35.3","pmil","0","55.520","deg","20.000","°C","100.000","%a.s.","21.750","deg","20.000","°C","977.000","hPa","0.861","-0.02617","0.00035","0","0","13.56","Humid","24.85","0","70.00","286229.15","SABD0000000001","AAV1.0.0.11","1.1.2.0","PSt7-10","170328-006","1/4/2020 10:31:52","0000-00","0","no battery","V"
"11/02/2020","13:06:56","1","default","640513929","OXY_CH1","112.559","min","180.319","µmol/L","Humid","22.009","deg","40812","µV","26.476","°C","1018.000","hPa","35.3","pmil","0","55.520","deg","20.000","°C","100.000","%a.s.","21.750","deg","20.000","°C","977.000","hPa","0.861","-0.02617","0.00035","0","0","13.56","Humid","24.85","0","70.00","286242.68","SABD0000000001","AAV1.0.0.11","1.1.2.0","PSt7-10","170328-006","1/4/2020 10:31:52","0000-00","0","no battery","V"
"11/02/2020","13:06:57","1","default","640513929","OXY_CH1","112.575","min","180.231","µmol/L","Humid","22.008","deg","40813","µV","26.496","°C","1018.000","hPa","35.3","pmil","0","55.520","deg","20.000","°C","100.000","%a.s.","21.750","deg","20.000","°C","977.000","hPa","0.861","-0.02617","0.00035","0","0","13.56","Humid","24.85","0","70.00","286237.48","SABD0000000001","AAV1.0.0.11","1.1.2.0","PSt7-10","170328-006","1/4/2020 10:31:52","0000-00","0","no battery","V"
"11/02/2020","13:06:58","1","default","640513929","OXY_CH1","112.592","min","180.243","µmol/L","Humid","22.008","deg","40818","µV","26.494","°C","1018.000","hPa","35.3","pmil","0","55.520","deg","20.000","°C","100.000","%a.s.","21.750","deg","20.000","°C","977.000","hPa","0.861","-0.02617","0.00035","0","0","13.56","Humid","24.85","0","70.00","286230.60","SABD0000000001","AAV1.0.0.11","1.1.2.0","PSt7-10","170328-006","1/4/2020 10:31:52","0000-00","0","no battery","V"
"11/02/2020","13:06:59","1","default","640513929","OXY_CH1","112.609","min","180.262","µmol/L","Humid","22.007","deg","40813","µV","26.493","°C","1018.000","hPa","35.3","pmil","0","55.520","deg","20.000","°C","100.000","%a.s.","21.750","deg","20.000","°C","977.000","hPa","0.861","-0.02617","0.00035","0","0","13.56","Humid","24.85","0","70.00","286234.20","SABD0000000001","AAV1.0.0.11","1.1.2.0","PSt7-10","170328-006","1/4/2020 10:31:52","0000-00","0","no battery","V"
"11/02/2020","13:07:00","1","default","640513929","OXY_CH1","112.626","min","180.185","µmol/L","Humid","22.012","deg","40806","µV","26.493","°C","1018.000","hPa","35.3","pmil","0","55.520","deg","20.000","°C","100.000","%a.s.","21.750","deg","20.000","°C","977.000","hPa","0.861","-0.02617","0.00035","0","0","13.56","Humid","24.85","0","70.00","286229.82","SABD0000000001","AAV1.0.0.11","1.1.2.0","PSt7-10","170328-006","1/4/2020 10:31:52","0000-00","0","no battery","V"
"11/02/2020","13:07:01","1","default","640513929","OXY_CH1","112.642","min","180.241","µmol/L","Humid","22.009","deg","40810","µV","26.491","°C","1018.000","hPa","35.3","pmil","0","55.520","deg","20.000","°C","100.000","%a.s.","21.750","deg","20.000","°C","977.000","hPa","0.861","-0.02617","0.00035","0","0","13.56","Humid","24.85","0","70.00","286233.93","SABD0000000001","AAV1.0.0.11","1.1.2.0","PSt7-10","170328-006","1/4/2020 10:31:52","0000-00","0","no battery","V"
"11/02/2020","13:07:02","1","default","640513929","OXY_CH1","112.658","min","180.298","µmol/L","Humid","22.004","deg","40805","µV","26.495","°C","1018.000","hPa","35.3","pmil","0","55.520","deg","20.000","°C","100.000","%a.s.","21.750","deg","20.000","°C","977.000","hPa","0.861","-0.02617","0.00035","0","0","13.56","Humid","24.85","0","70.00","286238.50","SABD0000000001","AAV1.0.0.11","1.1.2.0","PSt7-10","170328-006","1/4/2020 10:31:52","0000-00","0","no battery","V"
"11/02/2020","13:07:03","1","default","640513929","OXY_CH1","112.675","min","180.158","µmol/L","Humid","22.013","deg","40797","µV","26.495","°C","1018.000","hPa","35.3","pmil","0","55.520","deg","20.000","°C","100.000","%a.s.","21.750","deg","20.000","°C","977.000","hPa","0.861","-0.02617","0.00035","0","0","13.56","Humid","24.85","0","70.00","286234.79","SABD0000000001","AAV1.0.0.11","1.1.2.0","PSt7-10","170328-006","1/4/2020 10:31:52","0000-00","0","no battery","V"
"11/02/2020","13:07:04","1","default","640513929","OXY_CH1","112.692","min","180.326","µmol/L","Humid","22.005","deg","40791","µV","26.487","°C","1018.000","hPa","35.3","pmil","0","55.520","deg","20.000","°C","100.000","%a.s.","21.750","deg","20.000","°C","977.000","hPa","0.861","-0.02617","0.00035","0","0","13.56","Humid","24.85","0","70.00","286233.49","SABD0000000001","AAV1.0.0.11","1.1.2.0","PSt7-10","170328-006","1/4/2020 10:31:52","0000-00","0","no battery","V"
"11/02/2020","13:07:05","1","default","640513929","OXY_CH1","112.709","min","180.339","µmol/L","Humid","22.005","deg","40793","µV","26.484","°C","1018.000","hPa","35.3","pmil","0","55.520","deg","20.000","°C","100.000","%a.s.","21.750","deg","20.000","°C","977.000","hPa","0.861","-0.02617","0.00035","0","0","13.56","Humid","24.85","0","70.00","286226.53","SABD0000000001","AAV1.0.0.11","1.1.2.0","PSt7-10","170328-006","1/4/2020 10:31:52","0000-00","0","no battery","V"
"11/02/2020","13:07:06","1","default","640513929","OXY_CH1","112.725","min","180.364","µmol/L","Humid","22.004","deg","40788","µV","26.482","°C","1018.000","hPa","35.3","pmil","0","55.520","deg","20.000","°C","100.000","%a.s.","21.750","deg","20.000","°C","977.000","hPa","0.861","-0.02617","0.00035","0","0","13.56","Humid","24.85","0","70.00","286223.63","SABD0000000001","AAV1.0.0.11","1.1.2.0","PSt7-10","170328-006","1/4/2020 10:31:52","0000-00","0","no battery","V"
"11/02/2020","13:07:07","1","default","640513929","OXY_CH1","112.742","min","180.411","µmol/L","Humid","22.001","deg","40778","µV","26.482","°C","1018.000","hPa","35.3","pmil","0","55.520","deg","20.000","°C","100.000","%a.s.","21.750","deg","20.000","°C","977.000","hPa","0.861","-0.02617","0.00035","0","0","13.56","Humid","24.85","0","70.00","286227.50","SABD0000000001","AAV1.0.0.11","1.1.2.0","PSt7-10","170328-006","1/4/2020 10:31:52","0000-00","0","no battery","V"
"11/02/2020","13:07:08","1","default","640513929","OXY_CH1","112.759","min","180.429","µmol/L","Humid","21.998","deg","40775","µV","26.488","°C","1018.000","hPa","35.3","pmil","0","55.520","deg","20.000","°C","100.000","%a.s.","21.750","deg","20.000","°C","977.000","hPa","0.861","-0.02617","0.00035","0","0","13.56","Humid","24.85","0","70.00","286209.37","SABD0000000001","AAV1.0.0.11","1.1.2.0","PSt7-10","170328-006","1/4/2020 10:31:52","0000-00","0","no battery","V"
"11/02/2020","13:07:09","1","default","640513929","OXY_CH1","112.776","min","180.432","µmol/L","Humid","21.999","deg","40777","µV","26.484","°C","1018.000","hPa","35.3","pmil","0","55.520","deg","20.000","°C","100.000","%a.s.","21.750","deg","20.000","°C","977.000","hPa","0.861","-0.02617","0.00035","0","0","13.56","Humid","24.85","0","70.00","286216.84","SABD0000000001","AAV1.0.0.11","1.1.2.0","PSt7-10","170328-006","1/4/2020 10:31:52","0000-00","0","no battery","V"
"11/02/2020","13:07:10","1","default","640513929","OXY_CH1","112.792","min","180.439","µmol/L","Humid","21.999","deg","40773","µV","26.483","°C","1018.000","hPa","35.3","pmil","0","55.520","deg","20.000","°C","100.000","%a.s.","21.750","deg","20.000","°C","977.000","hPa","0.861","-0.02617","0.00035","0","0","13.56","Humid","24.85","0","70.00","286223.61","SABD0000000001","AAV1.0.0.11","1.1.2.0","PSt7-10","170328-006","1/4/2020 10:31:52","0000-00","0","no battery","V"
"11/02/2020","13:07:11","1","default","640513929","OXY_CH1","112.809","min","180.515","µmol/L","Humid","21.995","deg","40770","µV","26.481","°C","1018.000","hPa","35.3","pmil","0","55.520","deg","20.000","°C","100.000","%a.s.","21.750","deg","20.000","°C","977.000","hPa","0.861","-0.02617","0.00035","0","0","13.56","Humid","24.85","0","70.00","286229.42","SABD0000000001","AAV1.0.0.11","1.1.2.0","PSt7-10","170328-006","1/4/2020 10:31:52","0000-00","0","no battery","V"
"11/02/2020","13:07:12","1","default","640513929","OXY_CH1","112.826","min","180.527","µmol/L","Humid","21.991","deg","40772","µV","26.490","°C","1018.000","hPa","35.3","pmil","0","55.520","deg","20.000","°C","100.000","%a.s.","21.750","deg","20.000","°C","977.000","hPa","0.861","-0.02617","0.00035","0","0","13.56","Humid","24.85","0","70.00","286216.65","SABD0000000001","AAV1.0.0.11","1.1.2.0","PSt7-10","170328-006","1/4/2020 10:31:52","0000-00","0","no battery","V"
"11/02/2020","13:07:13","1","default","640513929","OXY_CH1","112.842","min","180.381","µmol/L","Humid","22.007","deg","40777","µV","26.470","°C","1018.000","hPa","35.3","pmil","0","55.520","deg","20.000","°C","100.000","%a.s.","21.750","deg","20.000","°C","977.000","hPa","0.861","-0.02617","0.00035","0","0","13.56","Humid","24.85","0","70.00","286224.83","SABD0000000001","AAV1.0.0.11","1.1.2.0","PSt7-10","170328-006","1/4/2020 10:31:52","0000-00","0","no battery","V"
"11/02/2020","13:07:14","1","default","640513929","OXY_CH1","112.859","min","180.439","µmol/L","Humid","21.998","deg","40773","µV","26.486","°C","1018.000","hPa","35.3","pmil","0","55.520","deg","20.000","°C","100.000","%a.s.","21.750","deg","20.000","°C","977.000","hPa","0.861","-0.02617","0.00035","0","0","13.56","Humid","24.85","0","70.00","286220.23","SABD0000000001","AAV1.0.0.11","1.1.2.0","PSt7-10","170328-006","1/4/2020 10:31:52","0000-00","0","no battery","V"
"11/02/2020","13:07:15","1","default","640513929","OXY_CH1","112.876","min","180.359","µmol/L","Humid","21.998","deg","40776","µV","26.501","°C","1018.000","hPa","35.3","pmil","0","55.520","deg","20.000","°C","100.000","%a.s.","21.750","deg","20.000","°C","977.000","hPa","0.861","-0.02617","0.00035","0","0","13.56","Humid","24.85","0","70.00","286223.37","SABD0000000001","AAV1.0.0.11","1.1.2.0","PSt7-10","170328-006","1/4/2020 10:31:52","0000-00","0","no battery","V"
"11/02/2020","13:07:16","1","default","640513929","OXY_CH1","112.892","min","180.233","µmol/L","Humid","22.006","deg","40767","µV","26.502","°C","1018.000","hPa","35.3","pmil","0","55.520","deg","20.000","°C","100.000","%a.s.","21.750","deg","20.000","°C","977.000","hPa","0.861","-0.02617","0.00035","0","0","13.56","Humid","24.85","0","70.00","286214.16","SABD0000000001","AAV1.0.0.11","1.1.2.0","PSt7-10","170328-006","1/4/2020 10:31:52","0000-00","0","no battery","V"
"11/02/2020","13:07:17","1","default","640513929","OXY_CH1","112.908","min","180.419","µmol/L","Humid","21.993","deg","40767","µV","26.505","°C","1018.000","hPa","35.3","pmil","0","55.520","deg","20.000","°C","100.000","%a.s.","21.750","deg","20.000","°C","977.000","hPa","0.861","-0.02617","0.00035","0","0","13.56","Humid","24.85","0","70.00","286225.32","SABD0000000001","AAV1.0.0.11","1.1.2.0","PSt7-10","170328-006","1/4/2020 10:31:52","0000-00","0","no battery","V"
"11/02/2020","13:07:18","1","default","640513929","OXY_CH1","112.925","min","180.403","µmol/L","Humid","21.999","deg","40757","µV","26.490","°C","1018.000","hPa","35.3","pmil","0","55.520","deg","20.000","°C","100.000","%a.s.","21.750","deg","20.000","°C","977.000","hPa","0.861","-0.02617","0.00035","0","0","13.56","Humid","24.85","0","70.00","286219.50","SABD0000000001","AAV1.0.0.11","1.1.2.0","PSt7-10","170328-006","1/4/2020 10:31:52","0000-00","0","no battery","V"
"11/02/2020","13:07:19","1","default","640513929","OXY_CH1","112.942","min","180.486","µmol/L","Humid","21.995","deg","40763","µV","26.486","°C","1018.000","hPa","35.3","pmil","0","55.520","deg","20.000","°C","100.000","%a.s.","21.750","deg","20.000","°C","977.000","hPa","0.861","-0.02617","0.00035","0","0","13.56","Humid","24.85","0","70.00","286211.23","SABD0000000001","AAV1.0.0.11","1.1.2.0","PSt7-10","170328-006","1/4/2020 10:31:52","0000-00","0","no battery","V"
"11/02/2020","13:07:20","1","default","640513929","OXY_CH1","112.959","min","180.516","µmol/L","Humid","21.993","deg","40760","µV","26.486","°C","1018.000","hPa","35.3","pmil","0","55.520","deg","20.000","°C","100.000","%a.s.","21.750","deg","20.000","°C","977.000","hPa","0.861","-0.02617","0.00035","0","0","13.56","Humid","24.85","0","70.00","286220.19","SABD0000000001","AAV1.0.0.11","1.1.2.0","PSt7-10","170328-006","1/4/2020 10:31:52","0000-00","0","no battery","V"
"11/02/2020","13:07:21","1","default","640513929","OXY_CH1","112.975","min","180.554","µmol/L","Humid","21.986","deg","40752","µV","26.500","°C","1018.000","hPa","35.3","pmil","0","55.520","deg","20.000","°C","100.000","%a.s.","21.750","deg","20.000","°C","977.000","hPa","0.861","-0.02617","0.00035","0","0","13.56","Humid","24.85","0","70.00","286213.08","SABD0000000001","AAV1.0.0.11","1.1.2.0","PSt7-10","170328-006","1/4/2020 10:31:52","0000-00","0","no battery","V"
"11/02/2020","13:07:22","1","default","640513929","OXY_CH1","112.992","min","180.474","µmol/L","Humid","21.991","deg","40751","µV","26.500","°C","1018.000","hPa","35.3","pmil","0","55.520","deg","20.000","°C","100.000","%a.s.","21.750","deg","20.000","°C","977.000","hPa","0.861","-0.02617","0.00035","0","0","13.56","Humid","24.85","0","70.00","286220.42","SABD0000000001","AAV1.0.0.11","1.1.2.0","PSt7-10","170328-006","1/4/2020 10:31:52","0000-00","0","no battery","V"
"11/02/2020","13:07:23","1","default","640513929","OXY_CH1","113.009","min","180.515","µmol/L","Humid","21.993","deg","40746","µV","26.486","°C","1018.000","hPa","35.3","pmil","0","55.520","deg","20.000","°C","100.000","%a.s.","21.750","deg","20.000","°C","977.000","hPa","0.861","-0.02617","0.00035","0","0","13.56","Humid","24.85","0","70.00","286206.17","SABD0000000001","AAV1.0.0.11","1.1.2.0","PSt7-10","170328-006","1/4/2020 10:31:52","0000-00","0","no battery","V"
"11/02/2020","13:07:24","1","default","640513929","OXY_CH1","113.026","min","180.505","µmol/L","Humid","21.994","deg","40743","µV","26.485","°C","1018.000","hPa","35.3","pmil","0","55.520","deg","20.000","°C","100.000","%a.s.","21.750","deg","20.000","°C","977.000","hPa","0.861","-0.02617","0.00035","0","0","13.56","Humid","24.85","0","70.00","286211.88","SABD0000000001","AAV1.0.0.11","1.1.2.0","PSt7-10","170328-006","1/4/2020 10:31:52","0000-00","0","no battery","V"
"11/02/2020","13:07:25","1","default","640513929","OXY_CH1","113.042","min","180.600","µmol/L","Humid","21.986","deg","40732","µV","26.491","°C","1018.000","hPa","35.3","pmil","0","55.520","deg","20.000","°C","100.000","%a.s.","21.750","deg","20.000","°C","977.000","hPa","0.861","-0.02617","0.00035","0","0","13.56","Humid","24.85","0","70.00","286212.11","SABD0000000001","AAV1.0.0.11","1.1.2.0","PSt7-10","170328-006","1/4/2020 10:31:52","0000-00","0","no battery","V"
"11/02/2020","13:07:26","1","default","640513929","OXY_CH1","113.059","min","180.706","µmol/L","Humid","21.983","deg","40723","µV","26.480","°C","1018.000","hPa","35.3","pmil","0","55.520","deg","20.000","°C","100.000","%a.s.","21.750","deg","20.000","°C","977.000","hPa","0.861","-0.02617","0.00035","0","0","13.56","Humid","24.85","0","70.00","286198.70","SABD0000000001","AAV1.0.0.11","1.1.2.0","PSt7-10","170328-006","1/4/2020 10:31:52","0000-00","0","no battery","V"
"11/02/2020","13:07:27","1","default","640513929","OXY_CH1","113.076","min","180.499","µmol/L","Humid","21.995","deg","40720","µV","26.484","°C","1018.000","hPa","35.3","pmil","0","55.520","deg","20.000","°C","100.000","%a.s.","21.750","deg","20.000","°C","977.000","hPa","0.861","-0.02617","0.00035","0","0","13.56","Humid","24.85","0","70.00","286197.66","SABD0000000001","AAV1.0.0.11","1.1.2.0","PSt7-10","170328-006","1/4/2020 10:31:52","0000-00","0","no battery","V"
"11/02/2020","13:07:28","1","default","640513929","OXY_CH1","113.092","min","180.553","µmol/L","Humid","21.992","deg","40719","µV","26.482","°C","1018.000","hPa","35.3","pmil","0","55.520","deg","20.000","°C","100.000","%a.s.","21.750","deg","20.000","°C","977.000","hPa","0.861","-0.02617","0.00035","0","0","13.56","Humid","24.85","0","70.00","286204.83","SABD0000000001","AAV1.0.0.11","1.1.2.0","PSt7-10","170328-006","1/4/2020 10:31:52","0000-00","0","no battery","V"
"11/02/2020","13:07:29","1","default","640513929","OXY_CH1","113.109","min","180.561","µmol/L","Humid","21.994","deg","40719","µV","26.475","°C","1018.000","hPa","35.3","pmil","0","55.520","deg","20.000","°C","100.000","%a.s.","21.750","deg","20.000","°C","977.000","hPa","0.861","-0.02617","0.00035","0","0","13.56","Humid","24.85","0","70.00","286200.68","SABD0000000001","AAV1.0.0.11","1.1.2.0","PSt7-10","170328-006","1/4/2020 10:31:52","0000-00","0","no battery","V"
"11/02/2020","13:07:30","1","default","640513929","OXY_CH1","113.125","min","180.712","µmol/L","Humid","21.984","deg","40722","µV","26.476","°C","1018.000","hPa","35.3","pmil","0","55.520","deg","20.000","°C","100.000","%a.s.","21.750","deg","20.000","°C","977.000","hPa","0.861","-0.02617","0.00035","0","0","13.56","Humid","24.85","0","70.00","286201.25","SABD0000000001","AAV1.0.0.11","1.1.2.0","PSt7-10","170328-006","1/4/2020 10:31:52","0000-00","0","no battery","V"
"11/02/2020","13:07:31","1","default","640513929","OXY_CH1","113.142","min","180.799","µmol/L","Humid","21.978","deg","40711","µV","26.477","°C","1018.000","hPa","35.3","pmil","0","55.520","deg","20.000","°C","100.000","%a.s.","21.750","deg","20.000","°C","977.000","hPa","0.861","-0.02617","0.00035","0","0","13.56","Humid","24.85","0","70.00","286199.28","SABD0000000001","AAV1.0.0.11","1.1.2.0","PSt7-10","170328-006","1/4/2020 10:31:52","0000-00","0","no battery","V"
"11/02/2020","13:07:32","1","default","640513929","OXY_CH1","113.158","min","180.844","µmol/L","Humid","21.975","deg","40709","µV","26.478","°C","1018.000","hPa","35.3","pmil","0","55.520","deg","20.000","°C","100.000","%a.s.","21.750","deg","20.000","°C","977.000","hPa","0.861","-0.02617","0.00035","0","0","13.56","Humid","24.85","0","70.00","286199.89","SABD0000000001","AAV1.0.0.11","1.1.2.0","PSt7-10","170328-006","1/4/2020 10:31:52","0000-00","0","no battery","V"
"11/02/2020","13:07:33","1","default","640513929","OXY_CH1","113.175","min","180.661","µmol/L","Humid","21.986","deg","40708","µV","26.480","°C","1018.000","hPa","35.3","pmil","0","55.520","deg","20.000","°C","100.000","%a.s.","21.750","deg","20.000","°C","977.000","hPa","0.861","-0.02617","0.00035","0","0","13.56","Humid","24.85","0","70.00","286203.56","SABD0000000001","AAV1.0.0.11","1.1.2.0","PSt7-10","170328-006","1/4/2020 10:31:52","0000-00","0","no battery","V"
"11/02/2020","13:07:34","1","default","640513929","OXY_CH1","113.192","min","180.738","µmol/L","Humid","21.982","deg","40701","µV","26.477","°C","1018.000","hPa","35.3","pmil","0","55.520","deg","20.000","°C","100.000","%a.s.","21.750","deg","20.000","°C","977.000","hPa","0.861","-0.02617","0.00035","0","0","13.56","Humid","24.85","0","70.00","286205.28","SABD0000000001","AAV1.0.0.11","1.1.2.0","PSt7-10","170328-006","1/4/2020 10:31:52","0000-00","0","no battery","V"
"11/02/2020","13:07:35","1","default","640513929","OXY_CH1","113.209","min","180.585","µmol/L","Humid","21.986","deg","40693","µV","26.494","°C","1018.000","hPa","35.3","pmil","0","55.520","deg","20.000","°C","100.000","%a.s.","21.750","deg","20.000","°C","977.000","hPa","0.861","-0.02617","0.00035","0","0","13.56","Humid","24.85","0","70.00","286209.29","SABD0000000001","AAV1.0.0.11","1.1.2.0","PSt7-10","170328-006","1/4/2020 10:31:52","0000-00","0","no battery","V"
"11/02/2020","13:07:36","1","default","640513929","OXY_CH1","113.225","min","180.702","µmol/L","Humid","21.979","deg","40697","µV","26.493","°C","1018.000","hPa","35.3","pmil","0","55.520","deg","20.000","°C","100.000","%a.s.","21.750","deg","20.000","°C","977.000","hPa","0.861","-0.02617","0.00035","0","0","13.56","Humid","24.85","0","70.00","286199.89","SABD0000000001","AAV1.0.0.11","1.1.2.0","PSt7-10","170328-006","1/4/2020 10:31:52","0000-00","0","no battery","V"
"11/02/2020","13:07:37","1","default","640513929","OXY_CH1","113.242","min","180.770","µmol/L","Humid","21.977","deg","40695","µV","26.486","°C","1018.000","hPa","35.3","pmil","0","55.520","deg","20.000","°C","100.000","%a.s.","21.750","deg","20.000","°C","977.000","hPa","0.861","-0.02617","0.00035","0","0","13.56","Humid","24.85","0","70.00","286199.55","SABD0000000001","AAV1.0.0.11","1.1.2.0","PSt7-10","170328-006","1/4/2020 10:31:52","0000-00","0","no battery","V"
"11/02/2020","13:07:38","1","default","640513929","OXY_CH1","113.259","min","180.673","µmol/L","Humid","21.980","deg","40690","µV","26.495","°C","1018.000","hPa","35.3","pmil","0","55.520","deg","20.000","°C","100.000","%a.s.","21.750","deg","20.000","°C","977.000","hPa","0.861","-0.02617","0.00035","0","0","13.56","Humid","24.85","0","70.00","286199.73","SABD0000000001","AAV1.0.0.11","1.1.2.0","PSt7-10","170328-006","1/4/2020 10:31:52","0000-00","0","no battery","V"
"11/02/2020","13:07:39","1","default","640513929","OXY_CH1","113.276","min","180.799","µmol/L","Humid","21.976","deg","40682","µV","26.483","°C","1018.000","hPa","35.3","pmil","0","55.520","deg","20.000","°C","100.000","%a.s.","21.750","deg","20.000","°C","977.000","hPa","0.861","-0.02617","0.00035","0","0","13.56","Humid","24.85","0","70.00","286204.33","SABD0000000001","AAV1.0.0.11","1.1.2.0","PSt7-10","170328-006","1/4/2020 10:31:52","0000-00","0","no battery","V"
"11/02/2020","13:07:40","1","default","640513929","OXY_CH1","113.292","min","180.820","µmol/L","Humid","21.973","deg","40679","µV","26.488","°C","1018.000","hPa","35.3","pmil","0","55.520","deg","20.000","°C","100.000","%a.s.","21.750","deg","20.000","°C","977.000","hPa","0.861","-0.02617","0.00035","0","0","13.56","Humid","24.85","0","70.00","286186.60","SABD0000000001","AAV1.0.0.11","1.1.2.0","PSt7-10","170328-006","1/4/2020 10:31:52","0000-00","0","no battery","V"
"11/02/2020","13:07:41","1","default","640513929","OXY_CH1","113.309","min","180.810","µmol/L","Humid","21.970","deg","40674","µV","26.499","°C","1018.000","hPa","35.3","pmil","0","55.520","deg","20.000","°C","100.000","%a.s.","21.750","deg","20.000","°C","977.000","hPa","0.861","-0.02617","0.00035","0","0","13.56","Humid","24.85","0","70.00","286189.97","SABD0000000001","AAV1.0.0.11","1.1.2.0","PSt7-10","170328-006","1/4/2020 10:31:52","0000-00","0","no battery","V"
"11/02/2020","13:07:42","1","default","640513929","OXY_CH1","113.326","min","180.796","µmol/L","Humid","21.976","deg","40665","µV","26.484","°C","1018.000","hPa","35.3","pmil","0","55.520","deg","20.000","°C","100.000","%a.s.","21.750","deg","20.000","°C","977.000","hPa","0.861","-0.02617","0.00035","0","0","13.56","Humid","24.85","0","70.00","286183.48","SABD0000000001","AAV1.0.0.11","1.1.2.0","PSt7-10","170328-006","1/4/2020 10:31:52","0000-00","0","no battery","V"
"11/02/2020","13:07:43","1","default","640513929","OXY_CH1","113.342","min","180.876","µmol/L","Humid","21.971","deg","40670","µV","26.483","°C","1018.000","hPa","35.3","pmil","0","55.520","deg","20.000","°C","100.000","%a.s.","21.750","deg","20.000","°C","977.000","hPa","0.861","-0.02617","0.00035","0","0","13.56","Humid","24.85","0","70.00","286200.28","SABD0000000001","AAV1.0.0.11","1.1.2.0","PSt7-10","170328-006","1/4/2020 10:31:52","0000-00","0","no battery","V"
"11/02/2020","13:07:44","1","default","640513929","OXY_CH1","113.358","min","180.845","µmol/L","Humid","21.971","deg","40661","µV","26.489","°C","1018.000","hPa","35.3","pmil","0","55.520","deg","20.000","°C","100.000","%a.s.","21.750","deg","20.000","°C","977.000","hPa","0.861","-0.02617","0.00035","0","0","13.56","Humid","24.85","0","70.00","286185.94","SABD0000000001","AAV1.0.0.11","1.1.2.0","PSt7-10","170328-006","1/4/2020 10:31:52","0000-00","0","no battery","V"
"11/02/2020","13:07:45","1","default","640513929","OXY_CH1","113.375","min","180.861","µmol/L","Humid","21.972","deg","40660","µV","26.483","°C","1018.000","hPa","35.3","pmil","0","55.520","deg","20.000","°C","100.000","%a.s.","21.750","deg","20.000","°C","977.000","hPa","0.861","-0.02617","0.00035","0","0","13.56","Humid","24.85","0","70.00","286187.79","SABD0000000001","AAV1.0.0.11","1.1.2.0","PSt7-10","170328-006","1/4/2020 10:31:52","0000-00","0","no battery","V"
"11/02/2020","13:07:46","1","default","640513929","OXY_CH1","113.392","min","180.882","µmol/L","Humid","21.966","deg","40654","µV","26.497","°C","1018.000","hPa","35.3","pmil","0","55.520","deg","20.000","°C","100.000","%a.s.","21.750","deg","20.000","°C","977.000","hPa","0.861","-0.02617","0.00035","0","0","13.56","Humid","24.85","0","70.00","286192.51","SABD0000000001","AAV1.0.0.11","1.1.2.0","PSt7-10","170328-006","1/4/2020 10:31:52","0000-00","0","no battery","V"
"11/02/2020","13:07:47","1","default","640513929","OXY_CH1","113.409","min","180.918","µmol/L","Humid","21.969","deg","40649","µV","26.481","°C","1018.000","hPa","35.3","pmil","0","55.520","deg","20.000","°C","100.000","%a.s.","21.750","deg","20.000","°C","977.000","hPa","0.861","-0.02617","0.00035","0","0","13.56","Humid","24.85","0","70.00","286188.76","SABD0000000001","AAV1.0.0.11","1.1.2.0","PSt7-10","170328-006","1/4/2020 10:31:52","0000-00","0","no battery","V"
"11/02/2020","13:07:48","1","default","640513929","OXY_CH1","113.426","min","180.757","µmol/L","Humid","21.977","deg","40651","µV","26.488","°C","1018.000","hPa","35.3","pmil","0","55.520","deg","20.000","°C","100.000","%a.s.","21.750","deg","20.000","°C","977.000","hPa","0.861","-0.02617","0.00035","0","0","13.56","Humid","24.85","0","70.00","286185.85","SABD0000000001","AAV1.0.0.11","1.1.2.0","PSt7-10","170328-006","1/4/2020 10:31:52","0000-00","0","no battery","V"
"11/02/2020","13:07:49","1","default","640513929","OXY_CH1","113.442","min","180.905","µmol/L","Humid","21.971","deg","40645","µV","26.478","°C","1018.000","hPa","35.3","pmil","0","55.520","deg","20.000","°C","100.000","%a.s.","21.750","deg","20.000","°C","977.000","hPa","0.861","-0.02617","0.00035","0","0","13.56","Humid","24.85","0","70.00","286191.35","SABD0000000001","AAV1.0.0.11","1.1.2.0","PSt7-10","170328-006","1/4/2020 10:31:52","0000-00","0","no battery","V"
"11/02/2020","13:07:50","1","default","640513929","OXY_CH1","113.459","min","180.898","µmol/L","Humid","21.973","deg","40642","µV","26.473","°C","1018.000","hPa","35.3","pmil","0","55.520","deg","20.000","°C","100.000","%a.s.","21.750","deg","20.000","°C","977.000","hPa","0.861","-0.02617","0.00035","0","0","13.56","Humid","24.85","0","70.00","286195.17","SABD0000000001","AAV1.0.0.11","1.1.2.0","PSt7-10","170328-006","1/4/2020 10:31:52","0000-00","0","no battery","V"
"11/02/2020","13:07:51","1","default","640513929","OXY_CH1","113.476","min","180.791","µmol/L","Humid","21.976","deg","40640","µV","26.485","°C","1018.000","hPa","35.3","pmil","0","55.520","deg","20.000","°C","100.000","%a.s.","21.750","deg","20.000","°C","977.000","hPa","0.861","-0.02617","0.00035","0","0","13.56","Humid","24.85","0","70.00","286194.89","SABD0000000001","AAV1.0.0.11","1.1.2.0","PSt7-10","170328-006","1/4/2020 10:31:52","0000-00","0","no battery","V"
"11/02/2020","13:07:52","1","default","640513929","OXY_CH1","113.492","min","181.115","µmol/L","Humid","21.959","deg","40632","µV","26.474","°C","1018.000","hPa","35.3","pmil","0","55.520","deg","20.000","°C","100.000","%a.s.","21.750","deg","20.000","°C","977.000","hPa","0.861","-0.02617","0.00035","0","0","13.56","Humid","24.85","0","70.00","286196.20","SABD0000000001","AAV1.0.0.11","1.1.2.0","PSt7-10","170328-006","1/4/2020 10:31:52","0000-00","0","no battery","V"
"11/02/2020","13:07:53","1","default","640513929","OXY_CH1","113.509","min","180.968","µmol/L","Humid","21.968","deg","40626","µV","26.475","°C","1018.000","hPa","35.3","pmil","0","55.520","deg","20.000","°C","100.000","%a.s.","21.750","deg","20.000","°C","977.000","hPa","0.861","-0.02617","0.00035","0","0","13.56","Humid","24.85","0","70.00","286175.27","SABD0000000001","AAV1.0.0.11","1.1.2.0","PSt7-10","170328-006","1/4/2020 10:31:52","0000-00","0","no battery","V"
"11/02/2020","13:07:54","1","default","640513929","OXY_CH1","113.526","min","180.748","µmol/L","Humid","21.974","deg","40625","µV","26.499","°C","1018.000","hPa","35.3","pmil","0","55.520","deg","20.000","°C","100.000","%a.s.","21.750","deg","20.000","°C","977.000","hPa","0.861","-0.02617","0.00035","0","0","13.56","Humid","24.85","0","70.00","286183.15","SABD0000000001","AAV1.0.0.11","1.1.2.0","PSt7-10","170328-006","1/4/2020 10:31:52","0000-00","0","no battery","V"
"11/02/2020","13:07:55","1","default","640513929","OXY_CH1","113.542","min","180.853","µmol/L","Humid","21.969","deg","40624","µV","26.494","°C","1018.000","hPa","35.3","pmil","0","55.520","deg","20.000","°C","100.000","%a.s.","21.750","deg","20.000","°C","977.000","hPa","0.861","-0.02617","0.00035","0","0","13.56","Humid","24.85","0","70.00","286181.99","SABD0000000001","AAV1.0.0.11","1.1.2.0","PSt7-10","170328-006","1/4/2020 10:31:52","0000-00","0","no battery","V"
"11/02/2020","13:07:56","1","default","640513929","OXY_CH1","113.558","min","181.007","µmol/L","Humid","21.960","deg","40617","µV","26.491","°C","1018.000","hPa","35.3","pmil","0","55.520","deg","20.000","°C","100.000","%a.s.","21.750","deg","20.000","°C","977.000","hPa","0.861","-0.02617","0.00035","0","0","13.56","Humid","24.85","0","70.00","286177.16","SABD0000000001","AAV1.0.0.11","1.1.2.0","PSt7-10","170328-006","1/4/2020 10:31:52","0000-00","0","no battery","V"
"11/02/2020","13:07:57","1","default","640513929","OXY_CH1","113.575","min","181.033","µmol/L","Humid","21.960","deg","40619","µV","26.486","°C","1018.000","hPa","35.3","pmil","0","55.520","deg","20.000","°C","100.000","%a.s.","21.750","deg","20.000","°C","977.000","hPa","0.861","-0.02617","0.00035","0","0","13.56","Humid","24.85","0","70.00","286190.24","SABD0000000001","AAV1.0.0.11","1.1.2.0","PSt7-10","170328-006","1/4/2020 10:31:52","0000-00","0","no battery","V"
"11/02/2020","13:07:58","1","default","640513929","OXY_CH1","113.592","min","181.029","µmol/L","Humid","21.964","deg","40615","µV","26.475","°C","1018.000","hPa","35.3","pmil","0","55.520","deg","20.000","°C","100.000","%a.s.","21.750","deg","20.000","°C","977.000","hPa","0.861","-0.02617","0.00035","0","0","13.56","Humid","24.85","0","70.00","286191.56","SABD0000000001","AAV1.0.0.11","1.1.2.0","PSt7-10","170328-006","1/4/2020 10:31:52","0000-00","0","no battery","V"
"11/02/2020","13:07:59","1","default","640513929","OXY_CH1","113.609","min","181.027","µmol/L","Humid","21.959","deg","40610","µV","26.490","°C","1018.000","hPa","35.3","pmil","0","55.520","deg","20.000","°C","100.000","%a.s.","21.750","deg","20.000","°C","977.000","hPa","0.861","-0.02617","0.00035","0","0","13.56","Humid","24.85","0","70.00","286187.02","SABD0000000001","AAV1.0.0.11","1.1.2.0","PSt7-10","170328-006","1/4/2020 10:31:52","0000-00","0","no battery","V"
"11/02/2020","13:08:00","1","default","640513929","OXY_CH1","113.625","min","181.166","µmol/L","Humid","21.951","deg","40608","µV","26.488","°C","1018.000","hPa","35.3","pmil","0","55.520","deg","20.000","°C","100.000","%a.s.","21.750","deg","20.000","°C","977.000","hPa","0.861","-0.02617","0.00035","0","0","13.56","Humid","24.85","0","70.00","286174.16","SABD0000000001","AAV1.0.0.11","1.1.2.0","PSt7-10","170328-006","1/4/2020 10:31:52","0000-00","0","no battery","V"
"11/02/2020","13:08:01","1","default","640513929","OXY_CH1","113.643","min","181.132","µmol/L","Humid","21.956","deg","40606","µV","26.479","°C","1018.000","hPa","35.3","pmil","0","55.520","deg","20.000","°C","100.000","%a.s.","21.750","deg","20.000","°C","977.000","hPa","0.861","-0.02617","0.00035","0","0","13.56","Humid","24.85","0","70.00","286183.83","SABD0000000001","AAV1.0.0.11","1.1.2.0","PSt7-10","170328-006","1/4/2020 10:31:52","0000-00","0","no battery","V"
"11/02/2020","13:08:02","1","default","640513929","OXY_CH1","113.659","min","181.078","µmol/L","Humid","21.960","deg","40609","µV","26.478","°C","1018.000","hPa","35.3","pmil","0","55.520","deg","20.000","°C","100.000","%a.s.","21.750","deg","20.000","°C","977.000","hPa","0.861","-0.02617","0.00035","0","0","13.56","Humid","24.85","0","70.00","286188.64","SABD0000000001","AAV1.0.0.11","1.1.2.0","PSt7-10","170328-006","1/4/2020 10:31:52","0000-00","0","no battery","V"
"11/02/2020","13:08:03","1","default","640513929","OXY_CH1","113.675","min","181.067","µmol/L","Humid","21.957","deg","40605","µV","26.489","°C","1018.000","hPa","35.3","pmil","0","55.520","deg","20.000","°C","100.000","%a.s.","21.750","deg","20.000","°C","977.000","hPa","0.861","-0.02617","0.00035","0","0","13.56","Humid","24.85","0","70.00","286177.41","SABD0000000001","AAV1.0.0.11","1.1.2.0","PSt7-10","170328-006","1/4/2020 10:31:52","0000-00","0","no battery","V"
"11/02/2020","13:08:04","1","default","640513929","OXY_CH1","113.692","min","181.051","µmol/L","Humid","21.959","deg","40606","µV","26.486","°C","1018.000","hPa","35.3","pmil","0","55.520","deg","20.000","°C","100.000","%a.s.","21.750","deg","20.000","°C","977.000","hPa","0.861","-0.02617","0.00035","0","0","13.56","Humid","24.85","0","70.00","286186.05","SABD0000000001","AAV1.0.0.11","1.1.2.0","PSt7-10","170328-006","1/4/2020 10:31:52","0000-00","0","no battery","V"
"11/02/2020","13:08:05","1","default","640513929","OXY_CH1","113.709","min","181.063","µmol/L","Humid","21.957","deg","40606","µV","26.489","°C","1018.000","hPa","35.3","pmil","0","55.520","deg","20.000","°C","100.000","%a.s.","21.750","deg","20.000","°C","977.000","hPa","0.861","-0.02617","0.00035","0","0","13.56","Humid","24.85","0","70.00","286173.77","SABD0000000001","AAV1.0.0.11","1.1.2.0","PSt7-10","170328-006","1/4/2020 10:31:52","0000-00","0","no battery","V"
"11/02/2020","13:08:06","1","default","640513929","OXY_CH1","113.726","min","181.095","µmol/L","Humid","21.956","deg","40604","µV","26.486","°C","1018.000","hPa","35.3","pmil","0","55.520","deg","20.000","°C","100.000","%a.s.","21.750","deg","20.000","°C","977.000","hPa","0.861","-0.02617","0.00035","0","0","13.56","Humid","24.85","0","70.00","286189.28","SABD0000000001","AAV1.0.0.11","1.1.2.0","PSt7-10","170328-006","1/4/2020 10:31:52","0000-00","0","no battery","V"
"11/02/2020","13:08:07","1","default","640513929","OXY_CH1","113.742","min","181.091","µmol/L","Humid","21.956","deg","40604","µV","26.487","°C","1018.000","hPa","35.3","pmil","0","55.520","deg","20.000","°C","100.000","%a.s.","21.750","deg","20.000","°C","977.000","hPa","0.861","-0.02617","0.00035","0","0","13.56","Humid","24.85","0","70.00","286180.33","SABD0000000001","AAV1.0.0.11","1.1.2.0","PSt7-10","170328-006","1/4/2020 10:31:52","0000-00","0","no battery","V"
"11/02/2020","13:08:08","1","default","640513929","OXY_CH1","113.759","min","181.186","µmol/L","Humid","21.953","deg","40600","µV","26.478","°C","1018.000","hPa","35.3","pmil","0","55.520","deg","20.000","°C","100.000","%a.s.","21.750","deg","20.000","°C","977.000","hPa","0.861","-0.02617","0.00035","0","0","13.56","Humid","24.85","0","70.00","286189.78","SABD0000000001","AAV1.0.0.11","1.1.2.0","PSt7-10","170328-006","1/4/2020 10:31:52","0000-00","0","no battery","V"
"11/02/2020","13:08:09","1","default","640513929","OXY_CH1","113.776","min","181.206","µmol/L","Humid","21.950","deg","40601","µV","26.483","°C","1018.000","hPa","35.3","pmil","0","55.520","deg","20.000","°C","100.000","%a.s.","21.750","deg","20.000","°C","977.000","hPa","0.861","-0.02617","0.00035","0","0","13.56","Humid","24.85","0","70.00","286186.36","SABD0000000001","AAV1.0.0.11","1.1.2.0","PSt7-10","170328-006","1/4/2020 10:31:52","0000-00","0","no battery","V"
"11/02/2020","13:08:10","1","default","640513929","OXY_CH1","113.792","min","181.258","µmol/L","Humid","21.950","deg","40595","µV","26.473","°C","1018.000","hPa","35.3","pmil","0","55.520","deg","20.000","°C","100.000","%a.s.","21.750","deg","20.000","°C","977.000","hPa","0.861","-0.02617","0.00035","0","0","13.56","Humid","24.85","0","70.00","286180.33","SABD0000000001","AAV1.0.0.11","1.1.2.0","PSt7-10","170328-006","1/4/2020 10:31:52","0000-00","0","no battery","V"
"11/02/2020","13:08:11","1","default","640513929","OXY_CH1","113.809","min","181.234","µmol/L","Humid","21.951","deg","40591","µV","26.475","°C","1018.000","hPa","35.3","pmil","0","55.520","deg","20.000","°C","100.000","%a.s.","21.750","deg","20.000","°C","977.000","hPa","0.861","-0.02617","0.00035","0","0","13.56","Humid","24.85","0","70.00","286180.49","SABD0000000001","AAV1.0.0.11","1.1.2.0","PSt7-10","170328-006","1/4/2020 10:31:52","0000-00","0","no battery","V"
"11/02/2020","13:08:12","1","default","640513929","OXY_CH1","113.826","min","181.212","µmol/L","Humid","21.952","deg","40592","µV","26.476","°C","1018.000","hPa","35.3","pmil","0","55.520","deg","20.000","°C","100.000","%a.s.","21.750","deg","20.000","°C","977.000","hPa","0.861","-0.02617","0.00035","0","0","13.56","Humid","24.85","0","70.00","286189.28","SABD0000000001","AAV1.0.0.11","1.1.2.0","PSt7-10","170328-006","1/4/2020 10:31:52","0000-00","0","no battery","V"
"11/02/2020","13:08:13","1","default","640513929","OXY_CH1","113.842","min","181.180","µmol/L","Humid","21.947","deg","40601","µV","26.497","°C","1018.000","hPa","35.3","pmil","0","55.520","deg","20.000","°C","100.000","%a.s.","21.750","deg","20.000","°C","977.000","hPa","0.861","-0.02617","0.00035","0","0","13.56","Humid","24.85","0","70.00","286178.48","SABD0000000001","AAV1.0.0.11","1.1.2.0","PSt7-10","170328-006","1/4/2020 10:31:52","0000-00","0","no battery","V"
"11/02/2020","13:08:14","1","default","640513929","OXY_CH1","113.859","min","181.070","µmol/L","Humid","21.953","deg","40599","µV","26.500","°C","1018.000","hPa","35.3","pmil","0","55.520","deg","20.000","°C","100.000","%a.s.","21.750","deg","20.000","°C","977.000","hPa","0.861","-0.02617","0.00035","0","0","13.56","Humid","24.85","0","70.00","286184.05","SABD0000000001","AAV1.0.0.11","1.1.2.0","PSt7-10","170328-006","1/4/2020 10:31:52","0000-00","0","no battery","V"
"11/02/2020","13:08:15","1","default","640513929","OXY_CH1","113.875","min","181.193","µmol/L","Humid","21.950","deg","40598","µV","26.486","°C","1018.000","hPa","35.3","pmil","0","55.520","deg","20.000","°C","100.000","%a.s.","21.750","deg","20.000","°C","977.000","hPa","0.861","-0.02617","0.00035","0","0","13.56","Humid","24.85","0","70.00","286173.92","SABD0000000001","AAV1.0.0.11","1.1.2.0","PSt7-10","170328-006","1/4/2020 10:31:52","0000-00","0","no battery","V"
"11/02/2020","13:08:16","1","default","640513929","OXY_CH1","113.892","min","181.151","µmol/L","Humid","21.950","deg","40597","µV","26.494","°C","1018.000","hPa","35.3","pmil","0","55.520","deg","20.000","°C","100.000","%a.s.","21.750","deg","20.000","°C","977.000","hPa","0.861","-0.02617","0.00035","0","0","13.56","Humid","24.85","0","70.00","286187.59","SABD0000000001","AAV1.0.0.11","1.1.2.0","PSt7-10","170328-006","1/4/2020 10:31:52","0000-00","0","no battery","V"
"11/02/2020","13:08:17","1","default","640513929","OXY_CH1","113.908","min","181.291","µmol/L","Humid","21.942","deg","40596","µV","26.491","°C","1018.000","hPa","35.3","pmil","0","55.520","deg","20.000","°C","100.000","%a.s.","21.750","deg","20.000","°C","977.000","hPa","0.861","-0.02617","0.00035","0","0","13.56","Humid","24.85","0","70.00","286180.43","SABD0000000001","AAV1.0.0.11","1.1.2.0","PSt7-10","170328-006","1/4/2020 10:31:52","0000-00","0","no battery","V"
"11/02/2020","13:08:18","1","default","640513929","OXY_CH1","113.925","min","181.195","µmol/L","Humid","21.949","deg","40591","µV","26.488","°C","1018.000","hPa","35.3","pmil","0","55.520","deg","20.000","°C","100.000","%a.s.","21.750","deg","20.000","°C","977.000","hPa","0.861","-0.02617","0.00035","0","0","13.56","Humid","24.85","0","70.00","286186.35","SABD0000000001","AAV1.0.0.11","1.1.2.0","PSt7-10","170328-006","1/4/2020 10:31:52","0000-00","0","no battery","V"
"11/02/2020","13:08:19","1","default","640513929","OXY_CH1","113.942","min","181.169","µmol/L","Humid","21.948","deg","40587","µV","26.496","°C","1018.000","hPa","35.3","pmil","0","55.520","deg","20.000","°C","100.000","%a.s.","21.750","deg","20.000","°C","977.000","hPa","0.861","-0.02617","0.00035","0","0","13.56","Humid","24.85","0","70.00","286188.46","SABD0000000001","AAV1.0.0.11","1.1.2.0","PSt7-10","170328-006","1/4/2020 10:31:52","0000-00","0","no battery","V"
"11/02/2020","13:08:20","1","default","640513929","OXY_CH1","113.959","min","181.249","µmol/L","Humid","21.943","deg","40587","µV","26.496","°C","1018.000","hPa","35.3","pmil","0","55.520","deg","20.000","°C","100.000","%a.s.","21.750","deg","20.000","°C","977.000","hPa","0.861","-0.02617","0.00035","0","0","13.56","Humid","24.85","0","70.00","286180.63","SABD0000000001","AAV1.0.0.11","1.1.2.0","PSt7-10","170328-006","1/4/2020 10:31:52","0000-00","0","no battery","V"
"11/02/2020","13:08:21","1","default","640513929","OXY_CH1","113.975","min","181.217","µmol/L","Humid","21.948","deg","40584","µV","26.487","°C","1018.000","hPa","35.3","pmil","0","55.520","deg","20.000","°C","100.000","%a.s.","21.750","deg","20.000","°C","977.000","hPa","0.861","-0.02617","0.00035","0","0","13.56","Humid","24.85","0","70.00","286165.27","SABD0000000001","AAV1.0.0.11","1.1.2.0","PSt7-10","170328-006","1/4/2020 10:31:52","0000-00","0","no battery","V"
"11/02/2020","13:08:22","1","default","640513929","OXY_CH1","113.992","min","181.238","µmol/L","Humid","21.948","deg","40581","µV","26.483","°C","1018.000","hPa","35.3","pmil","0","55.520","deg","20.000","°C","100.000","%a.s.","21.750","deg","20.000","°C","977.000","hPa","0.861","-0.02617","0.00035","0","0","13.56","Humid","24.85","0","70.00","286161.20","SABD0000000001","AAV1.0.0.11","1.1.2.0","PSt7-10","170328-006","1/4/2020 10:31:52","0000-00","0","no battery","V"
"11/02/2020","13:08:23","1","default","640513929","OXY_CH1","114.009","min","181.221","µmol/L","Humid","21.948","deg","40584","µV","26.486","°C","1018.000","hPa","35.3","pmil","0","55.520","deg","20.000","°C","100.000","%a.s.","21.750","deg","20.000","°C","977.000","hPa","0.861","-0.02617","0.00035","0","0","13.56","Humid","24.85","0","70.00","286175.26","SABD0000000001","AAV1.0.0.11","1.1.2.0","PSt7-10","170328-006","1/4/2020 10:31:52","0000-00","0","no battery","V"
"11/02/2020","13:08:24","1","default","640513929","OXY_CH1","114.025","min","181.431","µmol/L","Humid","21.934","deg","40586","µV","26.488","°C","1018.000","hPa","35.3","pmil","0","55.520","deg","20.000","°C","100.000","%a.s.","21.750","deg","20.000","°C","977.000","hPa","0.861","-0.02617","0.00035","0","0","13.56","Humid","24.85","0","70.00","286171.71","SABD0000000001","AAV1.0.0.11","1.1.2.0","PSt7-10","170328-006","1/4/2020 10:31:52","0000-00","0","no battery","V"
"11/02/2020","13:08:25","1","default","640513929","OXY_CH1","114.042","min","181.292","µmol/L","Humid","21.945","deg","40587","µV","26.482","°C","1018.000","hPa","35.3","pmil","0","55.520","deg","20.000","°C","100.000","%a.s.","21.750","deg","20.000","°C","977.000","hPa","0.861","-0.02617","0.00035","0","0","13.56","Humid","24.85","0","70.00","286174.65","SABD0000000001","AAV1.0.0.11","1.1.2.0","PSt7-10","170328-006","1/4/2020 10:31:52","0000-00","0","no battery","V"
"11/02/2020","13:08:26","1","default","640513929","OXY_CH1","114.059","min","181.369","µmol/L","Humid","21.937","deg","40586","µV","26.491","°C","1018.000","hPa","35.3","pmil","0","55.520","deg","20.000","°C","100.000","%a.s.","21.750","deg","20.000","°C","977.000","hPa","0.861","-0.02617","0.00035","0","0","13.56","Humid","24.85","0","70.00","286180.13","SABD0000000001","AAV1.0.0.11","1.1.2.0","PSt7-10","170328-006","1/4/2020 10:31:52","0000-00","0","no battery","V"
"11/02/2020","13:08:27","1","default","640513929","OXY_CH1","114.075","min","181.361","µmol/L","Humid","21.939","deg","40582","µV","26.487","°C","1018.000","hPa","35.3","pmil","0","55.520","deg","20.000","°C","100.000","%a.s.","21.750","deg","20.000","°C","977.000","hPa","0.861","-0.02617","0.00035","0","0","13.56","Humid","24.85","0","70.00","286175.73","SABD0000000001","AAV1.0.0.11","1.1.2.0","PSt7-10","170328-006","1/4/2020 10:31:52","0000-00","0","no battery","V"
"11/02/2020","13:08:28","1","default","640513929","OXY_CH1","114.092","min","181.446","µmol/L","Humid","21.936","deg","40584","µV","26.479","°C","1018.000","hPa","35.3","pmil","0","55.520","deg","20.000","°C","100.000","%a.s.","21.750","deg","20.000","°C","977.000","hPa","0.861","-0.02617","0.00035","0","0","13.56","Humid","24.85","0","70.00","286171.42","SABD0000000001","AAV1.0.0.11","1.1.2.0","PSt7-10","170328-006","1/4/2020 10:31:52","0000-00","0","no battery","V"
"11/02/2020","13:08:29","1","default","640513929","OXY_CH1","114.109","min","181.399","µmol/L","Humid","21.940","deg","40582","µV","26.476","°C","1018.000","hPa","35.3","pmil","0","55.520","deg","20.000","°C","100.000","%a.s.","21.750","deg","20.000","°C","977.000","hPa","0.861","-0.02617","0.00035","0","0","13.56","Humid","24.85","0","70.00","286169.59","SABD0000000001","AAV1.0.0.11","1.1.2.0","PSt7-10","170328-006","1/4/2020 10:31:52","0000-00","0","no battery","V"
"11/02/2020","13:08:30","1","default","640513929","OXY_CH1","114.126","min","181.521","µmol/L","Humid","21.934","deg","40579","µV","26.471","°C","1018.000","hPa","35.3","pmil","0","55.520","deg","20.000","°C","100.000","%a.s.","21.750","deg","20.000","°C","977.000","hPa","0.861","-0.02617","0.00035","0","0","13.56","Humid","24.85","0","70.00","286177.28","SABD0000000001","AAV1.0.0.11","1.1.2.0","PSt7-10","170328-006","1/4/2020 10:31:52","0000-00","0","no battery","V"
"11/02/2020","13:08:31","1","default","640513929","OXY_CH1","114.142","min","181.475","µmol/L","Humid","21.934","deg","40580","µV","26.480","°C","1018.000","hPa","35.3","pmil","0","55.520","deg","20.000","°C","100.000","%a.s.","21.750","deg","20.000","°C","977.000","hPa","0.861","-0.02617","0.00035","0","0","13.56","Humid","24.85","0","70.00","286168.64","SABD0000000001","AAV1.0.0.11","1.1.2.0","PSt7-10","170328-006","1/4/2020 10:31:52","0000-00","0","no battery","V"
"11/02/2020","13:08:32","1","default","640513929","OXY_CH1","114.159","min","181.344","µmol/L","Humid","21.937","deg","40579","µV","26.496","°C","1018.000","hPa","35.3","pmil","0","55.520","deg","20.000","°C","100.000","%a.s.","21.750","deg","20.000","°C","977.000","hPa","0.861","-0.02617","0.00035","0","0","13.56","Humid","24.85","0","70.00","286165.96","SABD0000000001","AAV1.0.0.11","1.1.2.0","PSt7-10","170328-006","1/4/2020 10:31:52","0000-00","0","no battery","V"
"11/02/2020","13:08:33","1","default","640513929","OXY_CH1","114.176","min","181.339","µmol/L","Humid","21.936","deg","40572","µV","26.500","°C","1018.000","hPa","35.3","pmil","0","55.520","deg","20.000","°C","100.000","%a.s.","21.750","deg","20.000","°C","977.000","hPa","0.861","-0.02617","0.00035","0","0","13.56","Humid","24.85","0","70.00","286169.68","SABD0000000001","AAV1.0.0.11","1.1.2.0","PSt7-10","170328-006","1/4/2020 10:31:52","0000-00","0","no battery","V"
"11/02/2020","13:08:34","1","default","640513929","OXY_CH1","114.192","min","181.474","µmol/L","Humid","21.929","deg","40567","µV","26.495","°C","1018.000","hPa","35.3","pmil","0","55.520","deg","20.000","°C","100.000","%a.s.","21.750","deg","20.000","°C","977.000","hPa","0.861","-0.02617","0.00035","0","0","13.56","Humid","24.85","0","70.00","286171.49","SABD0000000001","AAV1.0.0.11","1.1.2.0","PSt7-10","170328-006","1/4/2020 10:31:52","0000-00","0","no battery","V"
"11/02/2020","13:08:35","1","default","640513929","OXY_CH1","114.209","min","181.335","µmol/L","Humid","21.940","deg","40565","µV","26.488","°C","1018.000","hPa","35.3","pmil","0","55.520","deg","20.000","°C","100.000","%a.s.","21.750","deg","20.000","°C","977.000","hPa","0.861","-0.02617","0.00035","0","0","13.56","Humid","24.85","0","70.00","286173.75","SABD0000000001","AAV1.0.0.11","1.1.2.0","PSt7-10","170328-006","1/4/2020 10:31:52","0000-00","0","no battery","V"
"11/02/2020","13:08:36","1","default","640513929","OXY_CH1","114.226","min","181.498","µmol/L","Humid","21.926","deg","40572","µV","26.499","°C","1018.000","hPa","35.3","pmil","0","55.520","deg","20.000","°C","100.000","%a.s.","21.750","deg","20.000","°C","977.000","hPa","0.861","-0.02617","0.00035","0","0","13.56","Humid","24.85","0","70.00","286172.72","SABD0000000001","AAV1.0.0.11","1.1.2.0","PSt7-10","170328-006","1/4/2020 10:31:52","0000-00","0","no battery","V"
"11/02/2020","13:08:37","1","default","640513929","OXY_CH1","114.242","min","181.489","µmol/L","Humid","21.927","deg","40568","µV","26.498","°C","1018.000","hPa","35.3","pmil","0","55.520","deg","20.000","°C","100.000","%a.s.","21.750","deg","20.000","°C","977.000","hPa","0.861","-0.02617","0.00035","0","0","13.56","Humid","24.85","0","70.00","286171.68","SABD0000000001","AAV1.0.0.11","1.1.2.0","PSt7-10","170328-006","1/4/2020 10:31:52","0000-00","0","no battery","V"
"11/02/2020","13:08:38","1","default","640513929","OXY_CH1","114.258","min","181.515","µmol/L","Humid","21.927","deg","40563","µV","26.493","°C","1018.000","hPa","35.3","pmil","0","55.520","deg","20.000","°C","100.000","%a.s.","21.750","deg","20.000","°C","977.000","hPa","0.861","-0.02617","0.00035","0","0","13.56","Humid","24.85","0","70.00","286164.00","SABD0000000001","AAV1.0.0.11","1.1.2.0","PSt7-10","170328-006","1/4/2020 10:31:52","0000-00","0","no battery","V"
"11/02/2020","13:08:39","1","default","640513929","OXY_CH1","114.275","min","181.590","µmol/L","Humid","21.924","deg","40556","µV","26.488","°C","1018.000","hPa","35.3","pmil","0","55.520","deg","20.000","°C","100.000","%a.s.","21.750","deg","20.000","°C","977.000","hPa","0.861","-0.02617","0.00035","0","0","13.56","Humid","24.85","0","70.00","286164.70","SABD0000000001","AAV1.0.0.11","1.1.2.0","PSt7-10","170328-006","1/4/2020 10:31:52","0000-00","0","no battery","V"
"11/02/2020","13:08:40","1","default","640513929","OXY_CH1","114.292","min","181.537","µmol/L","Humid","21.928","deg","40550","µV","26.486","°C","1018.000","hPa","35.3","pmil","0","55.520","deg","20.000","°C","100.000","%a.s.","21.750","deg","20.000","°C","977.000","hPa","0.861","-0.02617","0.00035","0","0","13.56","Humid","24.85","0","70.00","286154.62","SABD0000000001","AAV1.0.0.11","1.1.2.0","PSt7-10","170328-006","1/4/2020 10:31:52","0000-00","0","no battery","V"
"11/02/2020","13:08:41","1","default","640513929","OXY_CH1","114.308","min","181.499","µmol/L","Humid","21.928","deg","40546","µV","26.493","°C","1018.000","hPa","35.3","pmil","0","55.520","deg","20.000","°C","100.000","%a.s.","21.750","deg","20.000","°C","977.000","hPa","0.861","-0.02617","0.00035","0","0","13.56","Humid","24.85","0","70.00","286160.14","SABD0000000001","AAV1.0.0.11","1.1.2.0","PSt7-10","170328-006","1/4/2020 10:31:52","0000-00","0","no battery","V"
"11/02/2020","13:08:42","1","default","640513929","OXY_CH1","114.325","min","181.539","µmol/L","Humid","21.929","deg","40549","µV","26.483","°C","1018.000","hPa","35.3","pmil","0","55.520","deg","20.000","°C","100.000","%a.s.","21.750","deg","20.000","°C","977.000","hPa","0.861","-0.02617","0.00035","0","0","13.56","Humid","24.85","0","70.00","286160.76","SABD0000000001","AAV1.0.0.11","1.1.2.0","PSt7-10","170328-006","1/4/2020 10:31:52","0000-00","0","no battery","V"
"11/02/2020","13:08:43","1","default","640513929","OXY_CH1","114.342","min","181.577","µmol/L","Humid","21.929","deg","40546","µV","26.475","°C","1018.000","hPa","35.3","pmil","0","55.520","deg","20.000","°C","100.000","%a.s.","21.750","deg","20.000","°C","977.000","hPa","0.861","-0.02617","0.00035","0","0","13.56","Humid","24.85","0","70.00","286161.47","SABD0000000001","AAV1.0.0.11","1.1.2.0","PSt7-10","170328-006","1/4/2020 10:31:52","0000-00","0","no battery","V"
"11/02/2020","13:08:44","1","default","640513929","OXY_CH1","114.359","min","181.586","µmol/L","Humid","21.927","deg","40546","µV","26.480","°C","1018.000","hPa","35.3","pmil","0","55.520","deg","20.000","°C","100.000","%a.s.","21.750","deg","20.000","°C","977.000","hPa","0.861","-0.02617","0.00035","0","0","13.56","Humid","24.85","0","70.00","286159.97","SABD0000000001","AAV1.0.0.11","1.1.2.0","PSt7-10","170328-006","1/4/2020 10:31:52","0000-00","0","no battery","V"
"11/02/2020","13:08:45","1","default","640513929","OXY_CH1","114.375","min","181.438","µmol/L","Humid","21.936","deg","40546","µV","26.481","°C","1018.000","hPa","35.3","pmil","0","55.520","deg","20.000","°C","100.000","%a.s.","21.750","deg","20.000","°C","977.000","hPa","0.861","-0.02617","0.00035","0","0","13.56","Humid","24.85","0","70.00","286167.13","SABD0000000001","AAV1.0.0.11","1.1.2.0","PSt7-10","170328-006","1/4/2020 10:31:52","0000-00","0","no battery","V"
"11/02/2020","13:08:46","1","default","640513929","OXY_CH1","114.392","min","181.655","µmol/L","Humid","21.924","deg","40535","µV","26.476","°C","1018.000","hPa","35.3","pmil","0","55.520","deg","20.000","°C","100.000","%a.s.","21.750","deg","20.000","°C","977.000","hPa","0.861","-0.02617","0.00035","0","0","13.56","Humid","24.85","0","70.00","286171.31","SABD0000000001","AAV1.0.0.11","1.1.2.0","PSt7-10","170328-006","1/4/2020 10:31:52","0000-00","0","no battery","V"
"11/02/2020","13:08:47","1","default","640513929","OXY_CH1","114.409","min","181.711","µmol/L","Humid","21.913","deg","40537","µV","26.498","°C","1018.000","hPa","35.3","pmil","0","55.520","deg","20.000","°C","100.000","%a.s.","21.750","deg","20.000","°C","977.000","hPa","0.861","-0.02617","0.00035","0","0","13.56","Humid","24.85","0","70.00","286166.93","SABD0000000001","AAV1.0.0.11","1.1.2.0","PSt7-10","170328-006","1/4/2020 10:31:52","0000-00","0","no battery","V"
"11/02/2020","13:08:48","1","default","640513929","OXY_CH1","114.426","min","181.674","µmol/L","Humid","21.918","deg","40536","µV","26.490","°C","1018.000","hPa","35.3","pmil","0","55.520","deg","20.000","°C","100.000","%a.s.","21.750","deg","20.000","°C","977.000","hPa","0.861","-0.02617","0.00035","0","0","13.56","Humid","24.85","0","70.00","286158.73","SABD0000000001","AAV1.0.0.11","1.1.2.0","PSt7-10","170328-006","1/4/2020 10:31:52","0000-00","0","no battery","V"
"11/02/2020","13:08:49","1","default","640513929","OXY_CH1","114.442","min","181.570","µmol/L","Humid","21.923","deg","40530","µV","26.495","°C","1018.000","hPa","35.3","pmil","0","55.520","deg","20.000","°C","100.000","%a.s.","21.750","deg","20.000","°C","977.000","hPa","0.861","-0.02617","0.00035","0","0","13.56","Humid","24.85","0","70.00","286154.30","SABD0000000001","AAV1.0.0.11","1.1.2.0","PSt7-10","170328-006","1/4/2020 10:31:52","0000-00","0","no battery","V"
"11/02/2020","13:08:50","1","default","640513929","OXY_CH1","114.458","min","181.695","µmol/L","Humid","21.921","deg","40532","µV","26.477","°C","1018.000","hPa","35.3","pmil","0","55.520","deg","20.000","°C","100.000","%a.s.","21.750","deg","20.000","°C","977.000","hPa","0.861","-0.02617","0.00035","0","0","13.56","Humid","24.85","0","70.00","286177.85","SABD0000000001","AAV1.0.0.11","1.1.2.0","PSt7-10","170328-006","1/4/2020 10:31:52","0000-00","0","no battery","V"
"11/02/2020","13:08:51","1","default","640513929","OXY_CH1","114.475","min","181.854","µmol/L","Humid","21.912","deg","40528","µV","26.474","°C","1018.000","hPa","35.3","pmil","0","55.520","deg","20.000","°C","100.000","%a.s.","21.750","deg","20.000","°C","977.000","hPa","0.861","-0.02617","0.00035","0","0","13.56","Humid","24.85","0","70.00","286158.61","SABD0000000001","AAV1.0.0.11","1.1.2.0","PSt7-10","170328-006","1/4/2020 10:31:52","0000-00","0","no battery","V"
"11/02/2020","13:08:52","1","default","640513929","OXY_CH1","114.492","min","181.815","µmol/L","Humid","21.908","deg","40523","µV","26.493","°C","1018.000","hPa","35.3","pmil","0","55.520","deg","20.000","°C","100.000","%a.s.","21.750","deg","20.000","°C","977.000","hPa","0.861","-0.02617","0.00035","0","0","13.56","Humid","24.85","0","70.00","286167.91","SABD0000000001","AAV1.0.0.11","1.1.2.0","PSt7-10","170328-006","1/4/2020 10:31:52","0000-00","0","no battery","V"
"11/02/2020","13:08:53","1","default","640513929","OXY_CH1","114.509","min","181.672","µmol/L","Humid","21.914","deg","40519","µV","26.502","°C","1018.000","hPa","35.3","pmil","0","55.520","deg","20.000","°C","100.000","%a.s.","21.750","deg","20.000","°C","977.000","hPa","0.861","-0.02617","0.00035","0","0","13.56","Humid","24.85","0","70.00","286169.81","SABD0000000001","AAV1.0.0.11","1.1.2.0","PSt7-10","170328-006","1/4/2020 10:31:52","0000-00","0","no battery","V"
"11/02/2020","13:08:54","1","default","640513929","OXY_CH1","114.525","min","181.699","µmol/L","Humid","21.914","deg","40519","µV","26.497","°C","1018.000","hPa","35.3","pmil","0","55.520","deg","20.000","°C","100.000","%a.s.","21.750","deg","20.000","°C","977.000","hPa","0.861","-0.02617","0.00035","0","0","13.56","Humid","24.85","0","70.00","286160.68","SABD0000000001","AAV1.0.0.11","1.1.2.0","PSt7-10","170328-006","1/4/2020 10:31:52","0000-00","0","no battery","V"
"11/02/2020","13:08:55","1","default","640513929","OXY_CH1","114.542","min","181.737","µmol/L","Humid","21.911","deg","40509","µV","26.499","°C","1018.000","hPa","35.3","pmil","0","55.520","deg","20.000","°C","100.000","%a.s.","21.750","deg","20.000","°C","977.000","hPa","0.861","-0.02617","0.00035","0","0","13.56","Humid","24.85","0","70.00","286172.29","SABD0000000001","AAV1.0.0.11","1.1.2.0","PSt7-10","170328-006","1/4/2020 10:31:52","0000-00","0","no battery","V"
"11/02/2020","13:08:56","1","default","640513929","OXY_CH1","114.559","min","181.812","µmol/L","Humid","21.911","deg","40512","µV","26.485","°C","1018.000","hPa","35.3","pmil","0","55.520","deg","20.000","°C","100.000","%a.s.","21.750","deg","20.000","°C","977.000","hPa","0.861","-0.02617","0.00035","0","0","13.56","Humid","24.85","0","70.00","286173.66","SABD0000000001","AAV1.0.0.11","1.1.2.0","PSt7-10","170328-006","1/4/2020 10:31:52","0000-00","0","no battery","V"
"11/02/2020","13:08:57","1","default","640513929","OXY_CH1","114.575","min","181.745","µmol/L","Humid","21.915","deg","40511","µV","26.485","°C","1018.000","hPa","35.3","pmil","0","55.520","deg","20.000","°C","100.000","%a.s.","21.750","deg","20.000","°C","977.000","hPa","0.861","-0.02617","0.00035","0","0","13.56","Humid","24.85","0","70.00","286161.19","SABD0000000001","AAV1.0.0.11","1.1.2.0","PSt7-10","170328-006","1/4/2020 10:31:52","0000-00","0","no battery","V"
"11/02/2020","13:08:58","1","default","640513929","OXY_CH1","114.592","min","181.798","µmol/L","Humid","21.909","deg","40511","µV","26.493","°C","1018.000","hPa","35.3","pmil","0","55.520","deg","20.000","°C","100.000","%a.s.","21.750","deg","20.000","°C","977.000","hPa","0.861","-0.02617","0.00035","0","0","13.56","Humid","24.85","0","70.00","286161.64","SABD0000000001","AAV1.0.0.11","1.1.2.0","PSt7-10","170328-006","1/4/2020 10:31:52","0000-00","0","no battery","V"
"11/02/2020","13:08:59","1","default","640513929","OXY_CH1","114.609","min","181.849","µmol/L","Humid","21.909","deg","40499","µV","26.484","°C","1018.000","hPa","35.3","pmil","0","55.520","deg","20.000","°C","100.000","%a.s.","21.750","deg","20.000","°C","977.000","hPa","0.861","-0.02617","0.00035","0","0","13.56","Humid","24.85","0","70.00","286164.34","SABD0000000001","AAV1.0.0.11","1.1.2.0","PSt7-10","170328-006","1/4/2020 10:31:52","0000-00","0","no battery","V"
"11/02/2020","13:09:00","1","default","640513929","OXY_CH1","114.626","min","181.851","µmol/L","Humid","21.908","deg","40496","µV","26.486","°C","1018.000","hPa","35.3","pmil","0","55.520","deg","20.000","°C","100.000","%a.s.","21.750","deg","20.000","°C","977.000","hPa","0.861","-0.02617","0.00035","0","0","13.56","Humid","24.85","0","70.00","286164.60","SABD0000000001","AAV1.0.0.11","1.1.2.0","PSt7-10","170328-006","1/4/2020 10:31:52","0000-00","0","no battery","V"
"11/02/2020","13:09:01","1","default","640513929","OXY_CH1","114.642","min","181.797","µmol/L","Humid","21.910","deg","40500","µV","26.491","°C","1018.000","hPa","35.3","pmil","0","55.520","deg","20.000","°C","100.000","%a.s.","21.750","deg","20.000","°C","977.000","hPa","0.861","-0.02617","0.00035","0","0","13.56","Humid","24.85","0","70.00","286160.27","SABD0000000001","AAV1.0.0.11","1.1.2.0","PSt7-10","170328-006","1/4/2020 10:31:52","0000-00","0","no battery","V"
"11/02/2020","13:09:02","1","default","640513929","OXY_CH1","114.659","min","181.856","µmol/L","Humid","21.908","deg","40496","µV","26.485","°C","1018.000","hPa","35.3","pmil","0","55.520","deg","20.000","°C","100.000","%a.s.","21.750","deg","20.000","°C","977.000","hPa","0.861","-0.02617","0.00035","0","0","13.56","Humid","24.85","0","70.00","286158.11","SABD0000000001","AAV1.0.0.11","1.1.2.0","PSt7-10","170328-006","1/4/2020 10:31:52","0000-00","0","no battery","V"
"11/02/2020","13:09:03","1","default","640513929","OXY_CH1","114.675","min","181.931","µmol/L","Humid","21.898","deg","40495","µV","26.501","°C","1018.000","hPa","35.3","pmil","0","55.520","deg","20.000","°C","100.000","%a.s.","21.750","deg","20.000","°C","977.000","hPa","0.861","-0.02617","0.00035","0","0","13.56","Humid","24.85","0","70.00","286154.20","SABD0000000001","AAV1.0.0.11","1.1.2.0","PSt7-10","170328-006","1/4/2020 10:31:52","0000-00","0","no battery","V"
"11/02/2020","13:09:04","1","default","640513929","OXY_CH1","114.692","min","181.681","µmol/L","Humid","21.918","deg","40489","µV","26.489","°C","1018.000","hPa","35.3","pmil","0","55.520","deg","20.000","°C","100.000","%a.s.","21.750","deg","20.000","°C","977.000","hPa","0.861","-0.02617","0.00035","0","0","13.56","Humid","24.85","0","70.00","286153.22","SABD0000000001","AAV1.0.0.11","1.1.2.0","PSt7-10","170328-006","1/4/2020 10:31:52","0000-00","0","no battery","V"
"11/02/2020","13:09:05","1","default","640513929","OXY_CH1","114.709","min","181.893","µmol/L","Humid","21.906","deg","40491","µV","26.484","°C","1018.000","hPa","35.3","pmil","0","55.520","deg","20.000","°C","100.000","%a.s.","21.750","deg","20.000","°C","977.000","hPa","0.861","-0.02617","0.00035","0","0","13.56","Humid","24.85","0","70.00","286167.80","SABD0000000001","AAV1.0.0.11","1.1.2.0","PSt7-10","170328-006","1/4/2020 10:31:52","0000-00","0","no battery","V"
"11/02/2020","13:09:06","1","default","640513929","OXY_CH1","114.725","min","181.963","µmol/L","Humid","21.900","deg","40509","µV","26.489","°C","1018.000","hPa","35.3","pmil","0","55.520","deg","20.000","°C","100.000","%a.s.","21.750","deg","20.000","°C","977.000","hPa","0.861","-0.02617","0.00035","0","0","13.56","Humid","24.85","0","70.00","286159.28","SABD0000000001","AAV1.0.0.11","1.1.2.0","PSt7-10","170328-006","1/4/2020 10:31:52","0000-00","0","no battery","V"
"11/02/2020","13:09:07","1","default","640513929","OXY_CH1","114.742","min","182.029","µmol/L","Humid","21.902","deg","40505","µV","26.470","°C","1018.000","hPa","35.3","pmil","0","55.520","deg","20.000","°C","100.000","%a.s.","21.750","deg","20.000","°C","977.000","hPa","0.861","-0.02617","0.00035","0","0","13.56","Humid","24.85","0","70.00","286162.24","SABD0000000001","AAV1.0.0.11","1.1.2.0","PSt7-10","170328-006","1/4/2020 10:31:52","0000-00","0","no battery","V"
"11/02/2020","13:09:08","1","default","640513929","OXY_CH1","114.759","min","182.100","µmol/L","Humid","21.898","deg","40500","µV","26.469","°C","1018.000","hPa","35.3","pmil","0","55.520","deg","20.000","°C","100.000","%a.s.","21.750","deg","20.000","°C","977.000","hPa","0.861","-0.02617","0.00035","0","0","13.56","Humid","24.85","0","70.00","286159.58","SABD0000000001","AAV1.0.0.11","1.1.2.0","PSt7-10","170328-006","1/4/2020 10:31:52","0000-00","0","no battery","V"
"11/02/2020","13:09:09","1","default","640513929","OXY_CH1","114.775","min","182.019","µmol/L","Humid","21.899","deg","40501","µV","26.481","°C","1018.000","hPa","35.3","pmil","0","55.520","deg","20.000","°C","100.000","%a.s.","21.750","deg","20.000","°C","977.000","hPa","0.861","-0.02617","0.00035","0","0","13.56","Humid","24.85","0","70.00","286153.90","SABD0000000001","AAV1.0.0.11","1.1.2.0","PSt7-10","170328-006","1/4/2020 10:31:52","0000-00","0","no battery","V"
"11/02/2020","13:09:10","1","default","640513929","OXY_CH1","114.792","min","181.863","µmol/L","Humid","21.904","deg","40496","µV","26.496","°C","1018.000","hPa","35.3","pmil","0","55.520","deg","20.000","°C","100.000","%a.s.","21.750","deg","20.000","°C","977.000","hPa","0.861","-0.02617","0.00035","0","0","13.56","Humid","24.85","0","70.00","286158.10","SABD0000000001","AAV1.0.0.11","1.1.2.0","PSt7-10","170328-006","1/4/2020 10:31:52","0000-00","0","no battery","V"
"11/02/2020","13:09:11","1","default","640513929","OXY_CH1","114.809","min","181.983","µmol/L","Humid","21.894","deg","40494","µV","26.503","°C","1018.000","hPa","35.3","pmil","0","55.520","deg","20.000","°C","100.000","%a.s.","21.750","deg","20.000","°C","977.000","hPa","0.861","-0.02617","0.00035","0","0","13.56","Humid","24.85","0","70.00","286165.74","SABD0000000001","AAV1.0.0.11","1.1.2.0","PSt7-10","170328-006","1/4/2020 10:31:52","0000-00","0","no battery","V"
"11/02/2020","13:09:12","1","default","640513929","OXY_CH1","114.826","min","181.864","µmol/L","Humid","21.906","deg","40491","µV","26.490","°C","1018.000","hPa","35.3","pmil","0","55.520","deg","20.000","°C","100.000","%a.s.","21.750","deg","20.000","°C","977.000","hPa","0.861","-0.02617","0.00035","0","0","13.56","Humid","24.85","0","70.00","286160.66","SABD0000000001","AAV1.0.0.11","1.1.2.0","PSt7-10","170328-006","1/4/2020 10:31:52","0000-00","0","no battery","V"
"11/02/2020","13:09:13","1","default","640513929","OXY_CH1","114.842","min","181.998","µmol/L","Humid","21.899","deg","40488","µV","26.485","°C","1018.000","hPa","35.3","pmil","0","55.520","deg","20.000","°C","100.000","%a.s.","21.750","deg","20.000","°C","977.000","hPa","0.861","-0.02617","0.00035","0","0","13.56","Humid","24.85","0","70.00","286161.48","SABD0000000001","AAV1.0.0.11","1.1.2.0","PSt7-10","170328-006","1/4/2020 10:31:52","0000-00","0","no battery","V"
"11/02/2020","13:09:14","1","default","640513929","OXY_CH1","114.859","min","182.056","µmol/L","Humid","21.893","deg","40490","µV","26.492","°C","1018.000","hPa","35.3","pmil","0","55.520","deg","20.000","°C","100.000","%a.s.","21.750","deg","20.000","°C","977.000","hPa","0.861","-0.02617","0.00035","0","0","13.56","Humid","24.85","0","70.00","286164.66","SABD0000000001","AAV1.0.0.11","1.1.2.0","PSt7-10","170328-006","1/4/2020 10:31:52","0000-00","0","no battery","V"
"11/02/2020","13:09:15","1","default","640513929","OXY_CH1","114.876","min","181.911","µmol/L","Humid","21.898","deg","40483","µV","26.505","°C","1018.000","hPa","35.3","pmil","0","55.520","deg","20.000","°C","100.000","%a.s.","21.750","deg","20.000","°C","977.000","hPa","0.861","-0.02617","0.00035","0","0","13.56","Humid","24.85","0","70.00","286158.32","SABD0000000001","AAV1.0.0.11","1.1.2.0","PSt7-10","170328-006","1/4/2020 10:31:52","0000-00","0","no battery","V"
"11/02/2020","13:09:16","1","default","640513929","OXY_CH1","114.892","min","182.006","µmol/L","Humid","21.895","deg","40485","µV","26.496","°C","1018.000","hPa","35.3","pmil","0","55.520","deg","20.000","°C","100.000","%a.s.","21.750","deg","20.000","°C","977.000","hPa","0.861","-0.02617","0.00035","0","0","13.56","Humid","24.85","0","70.00","286161.33","SABD0000000001","AAV1.0.0.11","1.1.2.0","PSt7-10","170328-006","1/4/2020 10:31:52","0000-00","0","no battery","V"
"11/02/2020","13:09:17","1","default","640513929","OXY_CH1","114.909","min","182.060","µmol/L","Humid","21.896","deg","40480","µV","26.482","°C","1018.000","hPa","35.3","pmil","0","55.520","deg","20.000","°C","100.000","%a.s.","21.750","deg","20.000","°C","977.000","hPa","0.861","-0.02617","0.00035","0","0","13.56","Humid","24.85","0","70.00","286158.69","SABD0000000001","AAV1.0.0.11","1.1.2.0","PSt7-10","170328-006","1/4/2020 10:31:52","0000-00","0","no battery","V"
"11/02/2020","13:09:18","1","default","640513929","OXY_CH1","114.925","min","182.033","µmol/L","Humid","21.897","deg","40475","µV","26.485","°C","1018.000","hPa","35.3","pmil","0","55.520","deg","20.000","°C","100.000","%a.s.","21.750","deg","20.000","°C","977.000","hPa","0.861","-0.02617","0.00035","0","0","13.56","Humid","24.85","0","70.00","286161.04","SABD0000000001","AAV1.0.0.11","1.1.2.0","PSt7-10","170328-006","1/4/2020 10:31:52","0000-00","0","no battery","V"
"11/02/2020","13:09:19","1","default","640513929","OXY_CH1","114.942","min","182.072","µmol/L","Humid","21.895","deg","40473","µV","26.483","°C","1018.000","hPa","35.3","pmil","0","55.520","deg","20.000","°C","100.000","%a.s.","21.750","deg","20.000","°C","977.000","hPa","0.861","-0.02617","0.00035","0","0","13.56","Humid","24.85","0","70.00","286153.03","SABD0000000001","AAV1.0.0.11","1.1.2.0","PSt7-10","170328-006","1/4/2020 10:31:52","0000-00","0","no battery","V"
"11/02/2020","13:09:20","1","default","640513929","OXY_CH1","114.958","min","181.985","µmol/L","Humid","21.897","deg","40469","µV","26.494","°C","1018.000","hPa","35.3","pmil","0","55.520","deg","20.000","°C","100.000","%a.s.","21.750","deg","20.000","°C","977.000","hPa","0.861","-0.02617","0.00035","0","0","13.56","Humid","24.85","0","70.00","286151.87","SABD0000000001","AAV1.0.0.11","1.1.2.0","PSt7-10","170328-006","1/4/2020 10:31:52","0000-00","0","no battery","V"
"11/02/2020","13:09:21","1","default","640513929","OXY_CH1","114.975","min","182.094","µmol/L","Humid","21.893","deg","40465","µV","26.485","°C","1018.000","hPa","35.3","pmil","0","55.520","deg","20.000","°C","100.000","%a.s.","21.750","deg","20.000","°C","977.000","hPa","0.861","-0.02617","0.00035","0","0","13.56","Humid","24.85","0","70.00","286150.10","SABD0000000001","AAV1.0.0.11","1.1.2.0","PSt7-10","170328-006","1/4/2020 10:31:52","0000-00","0","no battery","V"
"11/02/2020","13:09:22","1","default","640513929","OXY_CH1","114.992","min","182.158","µmol/L","Humid","21.890","deg","40468","µV","26.482","°C","1018.000","hPa","35.3","pmil","0","55.520","deg","20.000","°C","100.000","%a.s.","21.750","deg","20.000","°C","977.000","hPa","0.861","-0.02617","0.00035","0","0","13.56","Humid","24.85","0","70.00","286168.89","SABD0000000001","AAV1.0.0.11","1.1.2.0","PSt7-10","170328-006","1/4/2020 10:31:52","0000-00","0","no battery","V"
"11/02/2020","13:09:23","1","default","640513929","OXY_CH1","115.009","min","182.178","µmol/L","Humid","21.891","deg","40461","µV","26.475","°C","1018.000","hPa","35.3","pmil","0","55.520","deg","20.000","°C","100.000","%a.s.","21.750","deg","20.000","°C","977.000","hPa","0.861","-0.02617","0.00035","0","0","13.56","Humid","24.85","0","70.00","286156.38","SABD0000000001","AAV1.0.0.11","1.1.2.0","PSt7-10","170328-006","1/4/2020 10:31:52","0000-00","0","no battery","V"
"11/02/2020","13:09:24","1","default","640513929","OXY_CH1","115.026","min","182.159","µmol/L","Humid","21.885","deg","40463","µV","26.497","°C","1018.000","hPa","35.3","pmil","0","55.520","deg","20.000","°C","100.000","%a.s.","21.750","deg","20.000","°C","977.000","hPa","0.861","-0.02617","0.00035","0","0","13.56","Humid","24.85","0","70.00","286152.12","SABD0000000001","AAV1.0.0.11","1.1.2.0","PSt7-10","170328-006","1/4/2020 10:31:52","0000-00","0","no battery","V"
"11/02/2020","13:09:25","1","default","640513929","OXY_CH1","115.042","min","182.045","µmol/L","Humid","21.892","deg","40459","µV","26.497","°C","1018.000","hPa","35.3","pmil","0","55.520","deg","20.000","°C","100.000","%a.s.","21.750","deg","20.000","°C","977.000","hPa","0.861","-0.02617","0.00035","0","0","13.56","Humid","24.85","0","70.00","286152.41","SABD0000000001","AAV1.0.0.11","1.1.2.0","PSt7-10","170328-006","1/4/2020 10:31:52","0000-00","0","no battery","V"
"11/02/2020","13:09:26","1","default","640513929","OXY_CH1","115.059","min","182.149","µmol/L","Humid","21.887","deg","40462","µV","26.493","°C","1018.000","hPa","35.3","pmil","0","55.520","deg","20.000","°C","100.000","%a.s.","21.750","deg","20.000","°C","977.000","hPa","0.861","-0.02617","0.00035","0","0","13.56","Humid","24.85","0","70.00","286168.59","SABD0000000001","AAV1.0.0.11","1.1.2.0","PSt7-10","170328-006","1/4/2020 10:31:52","0000-00","0","no battery","V"
"11/02/2020","13:09:27","1","default","640513929","OXY_CH1","115.076","min","182.223","µmol/L","Humid","21.884","deg","40447","µV","26.488","°C","1018.000","hPa","35.3","pmil","0","55.520","deg","20.000","°C","100.000","%a.s.","21.750","deg","20.000","°C","977.000","hPa","0.861","-0.02617","0.00035","0","0","13.56","Humid","24.85","0","70.00","286164.30","SABD0000000001","AAV1.0.0.11","1.1.2.0","PSt7-10","170328-006","1/4/2020 10:31:52","0000-00","0","no battery","V"
"11/02/2020","13:09:28","1","default","640513929","OXY_CH1","115.092","min","182.177","µmol/L","Humid","21.894","deg","40448","µV","26.466","°C","1018.000","hPa","35.3","pmil","0","55.520","deg","20.000","°C","100.000","%a.s.","21.750","deg","20.000","°C","977.000","hPa","0.861","-0.02617","0.00035","0","0","13.56","Humid","24.85","0","70.00","286155.68","SABD0000000001","AAV1.0.0.11","1.1.2.0","PSt7-10","170328-006","1/4/2020 10:31:52","0000-00","0","no battery","V"
"11/02/2020","13:09:29","1","default","640513929","OXY_CH1","115.109","min","181.973","µmol/L","Humid","21.898","deg","40443","µV","26.493","°C","1018.000","hPa","35.3","pmil","0","55.520","deg","20.000","°C","100.000","%a.s.","21.750","deg","20.000","°C","977.000","hPa","0.861","-0.02617","0.00035","0","0","13.56","Humid","24.85","0","70.00","286155.73","SABD0000000001","AAV1.0.0.11","1.1.2.0","PSt7-10","170328-006","1/4/2020 10:31:52","0000-00","0","no battery","V"
"11/02/2020","13:09:30","1","default","640513929","OXY_CH1","115.125","min","182.098","µmol/L","Humid","21.888","deg","40436","µV","26.499","°C","1018.000","hPa","35.3","pmil","0","55.520","deg","20.000","°C","100.000","%a.s.","21.750","deg","20.000","°C","977.000","hPa","0.861","-0.02617","0.00035","0","0","13.56","Humid","24.85","0","70.00","286159.62","SABD0000000001","AAV1.0.0.11","1.1.2.0","PSt7-10","170328-006","1/4/2020 10:31:52","0000-00","0","no battery","V"
"11/02/2020","13:09:31","1","default","640513929","OXY_CH1","115.142","min","182.237","µmol/L","Humid","21.882","deg","40438","µV","26.491","°C","1018.000","hPa","35.3","pmil","0","55.520","deg","20.000","°C","100.000","%a.s.","21.750","deg","20.000","°C","977.000","hPa","0.861","-0.02617","0.00035","0","0","13.56","Humid","24.85","0","70.00","286152.68","SABD0000000001","AAV1.0.0.11","1.1.2.0","PSt7-10","170328-006","1/4/2020 10:31:52","0000-00","0","no battery","V"
"11/02/2020","13:09:32","1","default","640513929","OXY_CH1","115.158","min","182.341","µmol/L","Humid","21.875","deg","40438","µV","26.492","°C","1018.000","hPa","35.3","pmil","0","55.520","deg","20.000","°C","100.000","%a.s.","21.750","deg","20.000","°C","977.000","hPa","0.861","-0.02617","0.00035","0","0","13.56","Humid","24.85","0","70.00","286159.01","SABD0000000001","AAV1.0.0.11","1.1.2.0","PSt7-10","170328-006","1/4/2020 10:31:52","0000-00","0","no battery","V"
"11/02/2020","13:09:33","1","default","640513929","OXY_CH1","115.175","min","182.246","µmol/L","Humid","21.882","deg","40435","µV","26.489","°C","1018.000","hPa","35.3","pmil","0","55.520","deg","20.000","°C","100.000","%a.s.","21.750","deg","20.000","°C","977.000","hPa","0.861","-0.02617","0.00035","0","0","13.56","Humid","24.85","0","70.00","286156.16","SABD0000000001","AAV1.0.0.11","1.1.2.0","PSt7-10","170328-006","1/4/2020 10:31:52","0000-00","0","no battery","V"
"11/02/2020","13:09:34","1","default","640513929","OXY_CH1","115.192","min","182.129","µmol/L","Humid","21.884","deg","40435","µV","26.505","°C","1018.000","hPa","35.3","pmil","0","55.520","deg","20.000","°C","100.000","%a.s.","21.750","deg","20.000","°C","977.000","hPa","0.861","-0.02617","0.00035","0","0","13.56","Humid","24.85","0","70.00","286165.67","SABD0000000001","AAV1.0.0.11","1.1.2.0","PSt7-10","170328-006","1/4/2020 10:31:52","0000-00","0","no battery","V"
"11/02/2020","13:09:35","1","default","640513929","OXY_CH1","115.209","min","182.293","µmol/L","Humid","21.879","deg","40426","µV","26.489","°C","1018.000","hPa","35.3","pmil","0","55.520","deg","20.000","°C","100.000","%a.s.","21.750","deg","20.000","°C","977.000","hPa","0.861","-0.02617","0.00035","0","0","13.56","Humid","24.85","0","70.00","286153.38","SABD0000000001","AAV1.0.0.11","1.1.2.0","PSt7-10","170328-006","1/4/2020 10:31:52","0000-00","0","no battery","V"
"11/02/2020","13:09:36","1","default","640513929","OXY_CH1","115.226","min","182.347","µmol/L","Humid","21.875","deg","40423","µV","26.491","°C","1018.000","hPa","35.3","pmil","0","55.520","deg","20.000","°C","100.000","%a.s.","21.750","deg","20.000","°C","977.000","hPa","0.861","-0.02617","0.00035","0","0","13.56","Humid","24.85","0","70.00","286154.16","SABD0000000001","AAV1.0.0.11","1.1.2.0","PSt7-10","170328-006","1/4/2020 10:31:52","0000-00","0","no battery","V"
"11/02/2020","13:09:37","1","default","640513929","OXY_CH1","115.242","min","182.364","µmol/L","Humid","21.877","deg","40422","µV","26.482","°C","1018.000","hPa","35.3","pmil","0","55.520","deg","20.000","°C","100.000","%a.s.","21.750","deg","20.000","°C","977.000","hPa","0.861","-0.02617","0.00035","0","0","13.56","Humid","24.85","0","70.00","286140.74","SABD0000000001","AAV1.0.0.11","1.1.2.0","PSt7-10","170328-006","1/4/2020 10:31:52","0000-00","0","no battery","V"
"11/02/2020","13:09:38","1","default","640513929","OXY_CH1","115.259","min","182.420","µmol/L","Humid","21.875","deg","40419","µV","26.477","°C","1018.000","hPa","35.3","pmil","0","55.520","deg","20.000","°C","100.000","%a.s.","21.750","deg","20.000","°C","977.000","hPa","0.861","-0.02617","0.00035","0","0","13.56","Humid","24.85","0","70.00","286154.71","SABD0000000001","AAV1.0.0.11","1.1.2.0","PSt7-10","170328-006","1/4/2020 10:31:52","0000-00","0","no battery","V"
"11/02/2020","13:09:39","1","default","640513929","OXY_CH1","115.276","min","182.245","µmol/L","Humid","21.881","deg","40412","µV","26.492","°C","1018.000","hPa","35.3","pmil","0","55.520","deg","20.000","°C","100.000","%a.s.","21.750","deg","20.000","°C","977.000","hPa","0.861","-0.02617","0.00035","0","0","13.56","Humid","24.85","0","70.00","286149.65","SABD0000000001","AAV1.0.0.11","1.1.2.0","PSt7-10","170328-006","1/4/2020 10:31:52","0000-00","0","no battery","V"
"11/02/2020","13:09:40","1","default","640513929","OXY_CH1","115.292","min","182.322","µmol/L","Humid","21.877","deg","40417","µV","26.490","°C","1018.000","hPa","35.3","pmil","0","55.520","deg","20.000","°C","100.000","%a.s.","21.750","deg","20.000","°C","977.000","hPa","0.861","-0.02617","0.00035","0","0","13.56","Humid","24.85","0","70.00","286153.25","SABD0000000001","AAV1.0.0.11","1.1.2.0","PSt7-10","170328-006","1/4/2020 10:31:52","0000-00","0","no battery","V"
"11/02/2020","13:09:41","1","default","640513929","OXY_CH1","115.309","min","182.251","µmol/L","Humid","21.882","deg","40414","µV","26.488","°C","1018.000","hPa","35.3","pmil","0","55.520","deg","20.000","°C","100.000","%a.s.","21.750","deg","20.000","°C","977.000","hPa","0.861","-0.02617","0.00035","0","0","13.56","Humid","24.85","0","70.00","286157.48","SABD0000000001","AAV1.0.0.11","1.1.2.0","PSt7-10","170328-006","1/4/2020 10:31:52","0000-00","0","no battery","V"
"11/02/2020","13:09:42","1","default","640513929","OXY_CH1","115.326","min","182.081","µmol/L","Humid","21.891","deg","40411","µV","26.494","°C","1018.000","hPa","35.3","pmil","0","55.520","deg","20.000","°C","100.000","%a.s.","21.750","deg","20.000","°C","977.000","hPa","0.861","-0.02617","0.00035","0","0","13.56","Humid","24.85","0","70.00","286149.93","SABD0000000001","AAV1.0.0.11","1.1.2.0","PSt7-10","170328-006","1/4/2020 10:31:52","0000-00","0","no battery","V"
"11/02/2020","13:09:43","1","default","640513929","OXY_CH1","115.342","min","182.201","µmol/L","Humid","21.889","deg","40408","µV","26.477","°C","1018.000","hPa","35.3","pmil","0","55.520","deg","20.000","°C","100.000","%a.s.","21.750","deg","20.000","°C","977.000","hPa","0.861","-0.02617","0.00035","0","0","13.56","Humid","24.85","0","70.00","286161.55","SABD0000000001","AAV1.0.0.11","1.1.2.0","PSt7-10","170328-006","1/4/2020 10:31:52","0000-00","0","no battery","V"
"11/02/2020","13:09:44","1","default","640513929","OXY_CH1","115.359","min","182.514","µmol/L","Humid","21.868","deg","40409","µV","26.480","°C","1018.000","hPa","35.3","pmil","0","55.520","deg","20.000","°C","100.000","%a.s.","21.750","deg","20.000","°C","977.000","hPa","0.861","-0.02617","0.00035","0","0","13.56","Humid","24.85","0","70.00","286158.64","SABD0000000001","AAV1.0.0.11","1.1.2.0","PSt7-10","170328-006","1/4/2020 10:31:52","0000-00","0","no battery","V"
"11/02/2020","13:09:45","1","default","640513929","OXY_CH1","115.375","min","182.412","µmol/L","Humid","21.874","deg","40407","µV","26.482","°C","1018.000","hPa","35.3","pmil","0","55.520","deg","20.000","°C","100.000","%a.s.","21.750","deg","20.000","°C","977.000","hPa","0.861","-0.02617","0.00035","0","0","13.56","Humid","24.85","0","70.00","286157.21","SABD0000000001","AAV1.0.0.11","1.1.2.0","PSt7-10","170328-006","1/4/2020 10:31:52","0000-00","0","no battery","V"
"11/02/2020","13:09:46","1","default","640513929","OXY_CH1","115.392","min","182.330","µmol/L","Humid","21.878","deg","40402","µV","26.485","°C","1018.000","hPa","35.3","pmil","0","55.520","deg","20.000","°C","100.000","%a.s.","21.750","deg","20.000","°C","977.000","hPa","0.861","-0.02617","0.00035","0","0","13.56","Humid","24.85","0","70.00","286152.40","SABD0000000001","AAV1.0.0.11","1.1.2.0","PSt7-10","170328-006","1/4/2020 10:31:52","0000-00","0","no battery","V"
"11/02/2020","13:09:47","1","default","640513929","OXY_CH1","115.408","min","182.430","µmol/L","Humid","21.872","deg","40403","µV","26.484","°C","1018.000","hPa","35.3","pmil","0","55.520","deg","20.000","°C","100.000","%a.s.","21.750","deg","20.000","°C","977.000","hPa","0.861","-0.02617","0.00035","0","0","13.56","Humid","24.85","0","70.00","286144.90","SABD0000000001","AAV1.0.0.11","1.1.2.0","PSt7-10","170328-006","1/4/2020 10:31:52","0000-00","0","no battery","V"
"11/02/2020","13:09:48","1","default","640513929","OXY_CH1","115.425","min","182.409","µmol/L","Humid","21.873","deg","40398","µV","26.485","°C","1018.000","hPa","35.3","pmil","0","55.520","deg","20.000","°C","100.000","%a.s.","21.750","deg","20.000","°C","977.000","hPa","0.861","-0.02617","0.00035","0","0","13.56","Humid","24.85","0","70.00","286147.48","SABD0000000001","AAV1.0.0.11","1.1.2.0","PSt7-10","170328-006","1/4/2020 10:31:52","0000-00","0","no battery","V"
"11/02/2020","13:09:49","1","default","640513929","OXY_CH1","115.442","min","182.378","µmol/L","Humid","21.871","deg","40401","µV","26.497","°C","1018.000","hPa","35.3","pmil","0","55.520","deg","20.000","°C","100.000","%a.s.","21.750","deg","20.000","°C","977.000","hPa","0.861","-0.02617","0.00035","0","0","13.56","Humid","24.85","0","70.00","286150.58","SABD0000000001","AAV1.0.0.11","1.1.2.0","PSt7-10","170328-006","1/4/2020 10:31:52","0000-00","0","no battery","V"
"11/02/2020","13:09:50","1","default","640513929","OXY_CH1","115.459","min","182.424","µmol/L","Humid","21.864","deg","40392","µV","26.509","°C","1018.000","hPa","35.3","pmil","0","55.520","deg","20.000","°C","100.000","%a.s.","21.750","deg","20.000","°C","977.000","hPa","0.861","-0.02617","0.00035","0","0","13.56","Humid","24.85","0","70.00","286147.65","SABD0000000001","AAV1.0.0.11","1.1.2.0","PSt7-10","170328-006","1/4/2020 10:31:52","0000-00","0","no battery","V"
"11/02/2020","13:09:51","1","default","640513929","OXY_CH1","115.475","min","182.424","µmol/L","Humid","21.867","deg","40392","µV","26.500","°C","1018.000","hPa","35.3","pmil","0","55.520","deg","20.000","°C","100.000","%a.s.","21.750","deg","20.000","°C","977.000","hPa","0.861","-0.02617","0.00035","0","0","13.56","Humid","24.85","0","70.00","286148.32","SABD0000000001","AAV1.0.0.11","1.1.2.0","PSt7-10","170328-006","1/4/2020 10:31:52","0000-00","0","no battery","V"
"11/02/2020","13:09:52","1","default","640513929","OXY_CH1","115.492","min","182.417","µmol/L","Humid","21.867","deg","40392","µV","26.502","°C","1018.000","hPa","35.3","pmil","0","55.520","deg","20.000","°C","100.000","%a.s.","21.750","deg","20.000","°C","977.000","hPa","0.861","-0.02617","0.00035","0","0","13.56","Humid","24.85","0","70.00","286153.52","SABD0000000001","AAV1.0.0.11","1.1.2.0","PSt7-10","170328-006","1/4/2020 10:31:52","0000-00","0","no battery","V"
"11/02/2020","13:09:53","1","default","640513929","OXY_CH1","115.509","min","182.462","µmol/L","Humid","21.866","deg","40393","µV","26.496","°C","1018.000","hPa","35.3","pmil","0","55.520","deg","20.000","°C","100.000","%a.s.","21.750","deg","20.000","°C","977.000","hPa","0.861","-0.02617","0.00035","0","0","13.56","Humid","24.85","0","70.00","286146.92","SABD0000000001","AAV1.0.0.11","1.1.2.0","PSt7-10","170328-006","1/4/2020 10:31:52","0000-00","0","no battery","V"
"11/02/2020","13:09:54","1","default","640513929","OXY_CH1","115.526","min","182.485","µmol/L","Humid","21.865","deg","40392","µV","26.495","°C","1018.000","hPa","35.3","pmil","0","55.520","deg","20.000","°C","100.000","%a.s.","21.750","deg","20.000","°C","977.000","hPa","0.861","-0.02617","0.00035","0","0","13.56","Humid","24.85","0","70.00","286139.35","SABD0000000001","AAV1.0.0.11","1.1.2.0","PSt7-10","170328-006","1/4/2020 10:31:52","0000-00","0","no battery","V"
"11/02/2020","13:09:55","1","default","640513929","OXY_CH1","115.542","min","182.378","µmol/L","Humid","21.872","deg","40386","µV","26.494","°C","1018.000","hPa","35.3","pmil","0","55.520","deg","20.000","°C","100.000","%a.s.","21.750","deg","20.000","°C","977.000","hPa","0.861","-0.02617","0.00035","0","0","13.56","Humid","24.85","0","70.00","286142.33","SABD0000000001","AAV1.0.0.11","1.1.2.0","PSt7-10","170328-006","1/4/2020 10:31:52","0000-00","0","no battery","V"
"11/02/2020","13:09:56","1","default","640513929","OXY_CH1","115.559","min","182.435","µmol/L","Humid","21.870","deg","40392","µV","26.489","°C","1018.000","hPa","35.3","pmil","0","55.520","deg","20.000","°C","100.000","%a.s.","21.750","deg","20.000","°C","977.000","hPa","0.861","-0.02617","0.00035","0","0","13.56","Humid","24.85","0","70.00","286148.26","SABD0000000001","AAV1.0.0.11","1.1.2.0","PSt7-10","170328-006","1/4/2020 10:31:52","0000-00","0","no battery","V"
"11/02/2020","13:09:57","1","default","640513929","OXY_CH1","115.576","min","182.446","µmol/L","Humid","21.866","deg","40388","µV","26.499","°C","1018.000","hPa","35.3","pmil","0","55.520","deg","20.000","°C","100.000","%a.s.","21.750","deg","20.000","°C","977.000","hPa","0.861","-0.02617","0.00035","0","0","13.56","Humid","24.85","0","70.00","286143.92","SABD0000000001","AAV1.0.0.11","1.1.2.0","PSt7-10","170328-006","1/4/2020 10:31:52","0000-00","0","no battery","V"
"11/02/2020","13:09:58","1","default","640513929","OXY_CH1","115.592","min","182.583","µmol/L","Humid","21.858","deg","40383","µV","26.497","°C","1018.000","hPa","35.3","pmil","0","55.520","deg","20.000","°C","100.000","%a.s.","21.750","deg","20.000","°C","977.000","hPa","0.861","-0.02617","0.00035","0","0","13.56","Humid","24.85","0","70.00","286142.78","SABD0000000001","AAV1.0.0.11","1.1.2.0","PSt7-10","170328-006","1/4/2020 10:31:52","0000-00","0","no battery","V"
"11/02/2020","13:09:59","1","default","640513929","OXY_CH1","115.609","min","182.574","µmol/L","Humid","21.861","deg","40382","µV","26.490","°C","1018.000","hPa","35.3","pmil","0","55.520","deg","20.000","°C","100.000","%a.s.","21.750","deg","20.000","°C","977.000","hPa","0.861","-0.02617","0.00035","0","0","13.56","Humid","24.85","0","70.00","286150.13","SABD0000000001","AAV1.0.0.11","1.1.2.0","PSt7-10","170328-006","1/4/2020 10:31:52","0000-00","0","no battery","V"
"11/02/2020","13:10:00","1","default","640513929","OXY_CH1","115.626","min","182.539","µmol/L","Humid","21.860","deg","40383","µV","26.500","°C","1018.000","hPa","35.3","pmil","0","55.520","deg","20.000","°C","100.000","%a.s.","21.750","deg","20.000","°C","977.000","hPa","0.861","-0.02617","0.00035","0","0","13.56","Humid","24.85","0","70.00","286149.26","SABD0000000001","AAV1.0.0.11","1.1.2.0","PSt7-10","170328-006","1/4/2020 10:31:52","0000-00","0","no battery","V"
"11/02/2020","13:10:01","1","default","640513929","OXY_CH1","115.642","min","182.523","µmol/L","Humid","21.864","deg","40389","µV","26.491","°C","1018.000","hPa","35.3","pmil","0","55.520","deg","20.000","°C","100.000","%a.s.","21.750","deg","20.000","°C","977.000","hPa","0.861","-0.02617","0.00035","0","0","13.56","Humid","24.85","0","70.00","286152.42","SABD0000000001","AAV1.0.0.11","1.1.2.0","PSt7-10","170328-006","1/4/2020 10:31:52","0000-00","0","no battery","V"
"11/02/2020","13:10:02","1","default","640513929","OXY_CH1","115.658","min","182.665","µmol/L","Humid","21.854","deg","40382","µV","26.494","°C","1018.000","hPa","35.3","pmil","0","55.520","deg","20.000","°C","100.000","%a.s.","21.750","deg","20.000","°C","977.000","hPa","0.861","-0.02617","0.00035","0","0","13.56","Humid","24.85","0","70.00","286151.26","SABD0000000001","AAV1.0.0.11","1.1.2.0","PSt7-10","170328-006","1/4/2020 10:31:52","0000-00","0","no battery","V"
"11/02/2020","13:10:03","1","default","640513929","OXY_CH1","115.675","min","182.520","µmol/L","Humid","21.864","deg","40376","µV","26.491","°C","1018.000","hPa","35.3","pmil","0","55.520","deg","20.000","°C","100.000","%a.s.","21.750","deg","20.000","°C","977.000","hPa","0.861","-0.02617","0.00035","0","0","13.56","Humid","24.85","0","70.00","286145.73","SABD0000000001","AAV1.0.0.11","1.1.2.0","PSt7-10","170328-006","1/4/2020 10:31:52","0000-00","0","no battery","V"
"11/02/2020","13:10:04","1","default","640513929","OXY_CH1","115.692","min","182.592","µmol/L","Humid","21.859","deg","40372","µV","26.493","°C","1018.000","hPa","35.3","pmil","0","55.520","deg","20.000","°C","100.000","%a.s.","21.750","deg","20.000","°C","977.000","hPa","0.861","-0.02617","0.00035","0","0","13.56","Humid","24.85","0","70.00","286147.70","SABD0000000001","AAV1.0.0.11","1.1.2.0","PSt7-10","170328-006","1/4/2020 10:31:52","0000-00","0","no battery","V"
"11/02/2020","13:10:05","1","default","640513929","OXY_CH1","115.709","min","182.571","µmol/L","Humid","21.865","deg","40376","µV","26.479","°C","1018.000","hPa","35.3","pmil","0","55.520","deg","20.000","°C","100.000","%a.s.","21.750","deg","20.000","°C","977.000","hPa","0.861","-0.02617","0.00035","0","0","13.56","Humid","24.85","0","70.00","286144.84","SABD0000000001","AAV1.0.0.11","1.1.2.0","PSt7-10","170328-006","1/4/2020 10:31:52","0000-00","0","no battery","V"
"11/02/2020","13:10:06","1","default","640513929","OXY_CH1","115.725","min","182.650","µmol/L","Humid","21.858","deg","40371","µV","26.485","°C","1018.000","hPa","35.3","pmil","0","55.520","deg","20.000","°C","100.000","%a.s.","21.750","deg","20.000","°C","977.000","hPa","0.861","-0.02617","0.00035","0","0","13.56","Humid","24.85","0","70.00","286143.38","SABD0000000001","AAV1.0.0.11","1.1.2.0","PSt7-10","170328-006","1/4/2020 10:31:52","0000-00","0","no battery","V"
"11/02/2020","13:10:07","1","default","640513929","OXY_CH1","115.742","min","182.694","µmol/L","Humid","21.849","deg","40367","µV","26.503","°C","1018.000","hPa","35.3","pmil","0","55.520","deg","20.000","°C","100.000","%a.s.","21.750","deg","20.000","°C","977.000","hPa","0.861","-0.02617","0.00035","0","0","13.56","Humid","24.85","0","70.00","286153.10","SABD0000000001","AAV1.0.0.11","1.1.2.0","PSt7-10","170328-006","1/4/2020 10:31:52","0000-00","0","no battery","V"
"11/02/2020","13:10:08","1","default","640513929","OXY_CH1","115.759","min","182.660","µmol/L","Humid","21.852","deg","40366","µV","26.501","°C","1018.000","hPa","35.3","pmil","0","55.520","deg","20.000","°C","100.000","%a.s.","21.750","deg","20.000","°C","977.000","hPa","0.861","-0.02617","0.00035","0","0","13.56","Humid","24.85","0","70.00","286147.55","SABD0000000001","AAV1.0.0.11","1.1.2.0","PSt7-10","170328-006","1/4/2020 10:31:52","0000-00","0","no battery","V"
"11/02/2020","13:10:09","1","default","640513929","OXY_CH1","115.776","min","182.722","µmol/L","Humid","21.849","deg","40370","µV","26.498","°C","1018.000","hPa","35.3","pmil","0","55.520","deg","20.000","°C","100.000","%a.s.","21.750","deg","20.000","°C","977.000","hPa","0.861","-0.02617","0.00035","0","0","13.56","Humid","24.85","0","70.00","286151.90","SABD0000000001","AAV1.0.0.11","1.1.2.0","PSt7-10","170328-006","1/4/2020 10:31:52","0000-00","0","no battery","V"
"11/02/2020","13:10:10","1","default","640513929","OXY_CH1","115.792","min","182.682","µmol/L","Humid","21.851","deg","40361","µV","26.500","°C","1018.000","hPa","35.3","pmil","0","55.520","deg","20.000","°C","100.000","%a.s.","21.750","deg","20.000","°C","977.000","hPa","0.861","-0.02617","0.00035","0","0","13.56","Humid","24.85","0","70.00","286135.49","SABD0000000001","AAV1.0.0.11","1.1.2.0","PSt7-10","170328-006","1/4/2020 10:31:52","0000-00","0","no battery","V"
"11/02/2020","13:10:11","1","default","640513929","OXY_CH1","115.809","min","182.818","µmol/L","Humid","21.847","deg","40360","µV","26.486","°C","1018.000","hPa","35.3","pmil","0","55.520","deg","20.000","°C","100.000","%a.s.","21.750","deg","20.000","°C","977.000","hPa","0.861","-0.02617","0.00035","0","0","13.56","Humid","24.85","0","70.00","286144.51","SABD0000000001","AAV1.0.0.11","1.1.2.0","PSt7-10","170328-006","1/4/2020 10:31:52","0000-00","0","no battery","V"
"11/02/2020","13:10:12","1","default","640513929","OXY_CH1","115.825","min","182.689","µmol/L","Humid","21.855","deg","40362","µV","26.486","°C","1018.000","hPa","35.3","pmil","0","55.520","deg","20.000","°C","100.000","%a.s.","21.750","deg","20.000","°C","977.000","hPa","0.861","-0.02617","0.00035","0","0","13.56","Humid","24.85","0","70.00","286143.06","SABD0000000001","AAV1.0.0.11","1.1.2.0","PSt7-10","170328-006","1/4/2020 10:31:52","0000-00","0","no battery","V"
"11/02/2020","13:10:13","1","default","640513929","OXY_CH1","115.842","min","182.809","µmol/L","Humid","21.844","deg","40356","µV","26.497","°C","1018.000","hPa","35.3","pmil","0","55.520","deg","20.000","°C","100.000","%a.s.","21.750","deg","20.000","°C","977.000","hPa","0.861","-0.02617","0.00035","0","0","13.56","Humid","24.85","0","70.00","286145.08","SABD0000000001","AAV1.0.0.11","1.1.2.0","PSt7-10","170328-006","1/4/2020 10:31:52","0000-00","0","no battery","V"
"11/02/2020","13:10:14","1","default","640513929","OXY_CH1","115.858","min","182.862","µmol/L","Humid","21.848","deg","40352","µV","26.475","°C","1018.000","hPa","35.3","pmil","0","55.520","deg","20.000","°C","100.000","%a.s.","21.750","deg","20.000","°C","977.000","hPa","0.861","-0.02617","0.00035","0","0","13.56","Humid","24.85","0","70.00","286143.45","SABD0000000001","AAV1.0.0.11","1.1.2.0","PSt7-10","170328-006","1/4/2020 10:31:52","0000-00","0","no battery","V"
"11/02/2020","13:10:15","1","default","640513929","OXY_CH1","115.875","min","182.827","µmol/L","Humid","21.850","deg","40356","µV","26.475","°C","1018.000","hPa","35.3","pmil","0","55.520","deg","20.000","°C","100.000","%a.s.","21.750","deg","20.000","°C","977.000","hPa","0.861","-0.02617","0.00035","0","0","13.56","Humid","24.85","0","70.00","286132.83","SABD0000000001","AAV1.0.0.11","1.1.2.0","PSt7-10","170328-006","1/4/2020 10:31:52","0000-00","0","no battery","V"
"11/02/2020","13:10:16","1","default","640513929","OXY_CH1","115.892","min","182.950","µmol/L","Humid","21.842","deg","40349","µV","26.476","°C","1018.000","hPa","35.3","pmil","0","55.520","deg","20.000","°C","100.000","%a.s.","21.750","deg","20.000","°C","977.000","hPa","0.861","-0.02617","0.00035","0","0","13.56","Humid","24.85","0","70.00","286156.02","SABD0000000001","AAV1.0.0.11","1.1.2.0","PSt7-10","170328-006","1/4/2020 10:31:52","0000-00","0","no battery","V"
"11/02/2020","13:10:17","1","default","640513929","OXY_CH1","115.909","min","182.752","µmol/L","Humid","21.845","deg","40347","µV","26.504","°C","1018.000","hPa","35.3","pmil","0","55.520","deg","20.000","°C","100.000","%a.s.","21.750","deg","20.000","°C","977.000","hPa","0.861","-0.02617","0.00035","0","0","13.56","Humid","24.85","0","70.00","286139.82","SABD0000000001","AAV1.0.0.11","1.1.2.0","PSt7-10","170328-006","1/4/2020 10:31:52","0000-00","0","no battery","V"
"11/02/2020","13:10:18","1","default","640513929","OXY_CH1","115.925","min","182.833","µmol/L","Humid","21.846","deg","40340","µV","26.486","°C","1018.000","hPa","35.3","pmil","0","55.520","deg","20.000","°C","100.000","%a.s.","21.750","deg","20.000","°C","977.000","hPa","0.861","-0.02617","0.00035","0","0","13.56","Humid","24.85","0","70.00","286143.52","SABD0000000001","AAV1.0.0.11","1.1.2.0","PSt7-10","170328-006","1/4/2020 10:31:52","0000-00","0","no battery","V"
"11/02/2020","13:10:19","1","default","640513929","OXY_CH1","115.942","min","182.897","µmol/L","Humid","21.841","deg","40337","µV","26.489","°C","1018.000","hPa","35.3","pmil","0","55.520","deg","20.000","°C","100.000","%a.s.","21.750","deg","20.000","°C","977.000","hPa","0.861","-0.02617","0.00035","0","0","13.56","Humid","24.85","0","70.00","286124.72","SABD0000000001","AAV1.0.0.11","1.1.2.0","PSt7-10","170328-006","1/4/2020 10:31:52","0000-00","0","no battery","V"
"11/02/2020","13:10:20","1","default","640513929","OXY_CH1","115.959","min","182.894","µmol/L","Humid","21.840","deg","40338","µV","26.493","°C","1018.000","hPa","35.3","pmil","0","55.520","deg","20.000","°C","100.000","%a.s.","21.750","deg","20.000","°C","977.000","hPa","0.861","-0.02617","0.00035","0","0","13.56","Humid","24.85","0","70.00","286133.61","SABD0000000001","AAV1.0.0.11","1.1.2.0","PSt7-10","170328-006","1/4/2020 10:31:52","0000-00","0","no battery","V"
"11/02/2020","13:10:21","1","default","640513929","OXY_CH1","115.976","min","182.831","µmol/L","Humid","21.846","deg","40329","µV","26.487","°C","1018.000","hPa","35.3","pmil","0","55.520","deg","20.000","°C","100.000","%a.s.","21.750","deg","20.000","°C","977.000","hPa","0.861","-0.02617","0.00035","0","0","13.56","Humid","24.85","0","70.00","286138.10","SABD0000000001","AAV1.0.0.11","1.1.2.0","PSt7-10","170328-006","1/4/2020 10:31:52","0000-00","0","no battery","V"
"11/02/2020","13:10:22","1","default","640513929","OXY_CH1","115.992","min","182.893","µmol/L","Humid","21.840","deg","40333","µV","26.493","°C","1018.000","hPa","35.3","pmil","0","55.520","deg","20.000","°C","100.000","%a.s.","21.750","deg","20.000","°C","977.000","hPa","0.861","-0.02617","0.00035","0","0","13.56","Humid","24.85","0","70.00","286128.96","SABD0000000001","AAV1.0.0.11","1.1.2.0","PSt7-10","170328-006","1/4/2020 10:31:52","0000-00","0","no battery","V"
"11/02/2020","13:10:23","1","default","640513929","OXY_CH1","116.009","min","182.825","µmol/L","Humid","21.842","deg","40339","µV","26.500","°C","1018.000","hPa","35.3","pmil","0","55.520","deg","20.000","°C","100.000","%a.s.","21.750","deg","20.000","°C","977.000","hPa","0.861","-0.02617","0.00035","0","0","13.56","Humid","24.85","0","70.00","286132.99","SABD0000000001","AAV1.0.0.11","1.1.2.0","PSt7-10","170328-006","1/4/2020 10:31:52","0000-00","0","no battery","V"
"11/02/2020","13:10:24","1","default","640513929","OXY_CH1","116.026","min","182.760","µmol/L","Humid","21.849","deg","40335","µV","26.491","°C","1018.000","hPa","35.3","pmil","0","55.520","deg","20.000","°C","100.000","%a.s.","21.750","deg","20.000","°C","977.000","hPa","0.861","-0.02617","0.00035","0","0","13.56","Humid","24.85","0","70.00","286136.09","SABD0000000001","AAV1.0.0.11","1.1.2.0","PSt7-10","170328-006","1/4/2020 10:31:52","0000-00","0","no battery","V"
"11/02/2020","13:10:25","1","default","640513929","OXY_CH1","116.042","min","182.964","µmol/L","Humid","21.840","deg","40329","µV","26.479","°C","1018.000","hPa","35.3","pmil","0","55.520","deg","20.000","°C","100.000","%a.s.","21.750","deg","20.000","°C","977.000","hPa","0.861","-0.02617","0.00035","0","0","13.56","Humid","24.85","0","70.00","286124.05","SABD0000000001","AAV1.0.0.11","1.1.2.0","PSt7-10","170328-006","1/4/2020 10:31:52","0000-00","0","no battery","V"
"11/02/2020","13:10:26","1","default","640513929","OXY_CH1","116.058","min","183.121","µmol/L","Humid","21.830","deg","40328","µV","26.480","°C","1018.000","hPa","35.3","pmil","0","55.520","deg","20.000","°C","100.000","%a.s.","21.750","deg","20.000","°C","977.000","hPa","0.861","-0.02617","0.00035","0","0","13.56","Humid","24.85","0","70.00","286130.06","SABD0000000001","AAV1.0.0.11","1.1.2.0","PSt7-10","170328-006","1/4/2020 10:31:52","0000-00","0","no battery","V"
"11/02/2020","13:10:27","1","default","640513929","OXY_CH1","116.075","min","182.954","µmol/L","Humid","21.837","deg","40324","µV","26.490","°C","1018.000","hPa","35.3","pmil","0","55.520","deg","20.000","°C","100.000","%a.s.","21.750","deg","20.000","°C","977.000","hPa","0.861","-0.02617","0.00035","0","0","13.56","Humid","24.85","0","70.00","286133.05","SABD0000000001","AAV1.0.0.11","1.1.2.0","PSt7-10","170328-006","1/4/2020 10:31:52","0000-00","0","no battery","V"
"11/02/2020","13:10:28","1","default","640513929","OXY_CH1","116.092","min","183.058","µmol/L","Humid","21.830","deg","40321","µV","26.492","°C","1018.000","hPa","35.3","pmil","0","55.520","deg","20.000","°C","100.000","%a.s.","21.750","deg","20.000","°C","977.000","hPa","0.861","-0.02617","0.00035","0","0","13.56","Humid","24.85","0","70.00","286132.38","SABD0000000001","AAV1.0.0.11","1.1.2.0","PSt7-10","170328-006","1/4/2020 10:31:52","0000-00","0","no battery","V"
"11/02/2020","13:10:29","1","default","640513929","OXY_CH1","116.109","min","182.908","µmol/L","Humid","21.839","deg","40319","µV","26.493","°C","1018.000","hPa","35.3","pmil","0","55.520","deg","20.000","°C","100.000","%a.s.","21.750","deg","20.000","°C","977.000","hPa","0.861","-0.02617","0.00035","0","0","13.56","Humid","24.85","0","70.00","286127.97","SABD0000000001","AAV1.0.0.11","1.1.2.0","PSt7-10","170328-006","1/4/2020 10:31:52","0000-00","0","no battery","V"
"11/02/2020","13:10:30","1","default","640513929","OXY_CH1","116.125","min","183.073","µmol/L","Humid","21.830","deg","40321","µV","26.489","°C","1018.000","hPa","35.3","pmil","0","55.520","deg","20.000","°C","100.000","%a.s.","21.750","deg","20.000","°C","977.000","hPa","0.861","-0.02617","0.00035","0","0","13.56","Humid","24.85","0","70.00","286128.25","SABD0000000001","AAV1.0.0.11","1.1.2.0","PSt7-10","170328-006","1/4/2020 10:31:52","0000-00","0","no battery","V"
"11/02/2020","13:10:31","1","default","640513929","OXY_CH1","116.142","min","183.131","µmol/L","Humid","21.825","deg","40320","µV","26.493","°C","1018.000","hPa","35.3","pmil","0","55.520","deg","20.000","°C","100.000","%a.s.","21.750","deg","20.000","°C","977.000","hPa","0.861","-0.02617","0.00035","0","0","13.56","Humid","24.85","0","70.00","286129.01","SABD0000000001","AAV1.0.0.11","1.1.2.0","PSt7-10","170328-006","1/4/2020 10:31:52","0000-00","0","no battery","V"
"11/02/2020","13:10:32","1","default","640513929","OXY_CH1","116.159","min","182.965","µmol/L","Humid","21.835","deg","40318","µV","26.494","°C","1018.000","hPa","35.3","pmil","0","55.520","deg","20.000","°C","100.000","%a.s.","21.750","deg","20.000","°C","977.000","hPa","0.861","-0.02617","0.00035","0","0","13.56","Humid","24.85","0","70.00","286128.95","SABD0000000001","AAV1.0.0.11","1.1.2.0","PSt7-10","170328-006","1/4/2020 10:31:52","0000-00","0","no battery","V"
"11/02/2020","13:10:33","1","default","640513929","OXY_CH1","116.175","min","182.962","µmol/L","Humid","21.834","deg","40325","µV","26.498","°C","1018.000","hPa","35.3","pmil","0","55.520","deg","20.000","°C","100.000","%a.s.","21.750","deg","20.000","°C","977.000","hPa","0.861","-0.02617","0.00035","0","0","13.56","Humid","24.85","0","70.00","286126.00","SABD0000000001","AAV1.0.0.11","1.1.2.0","PSt7-10","170328-006","1/4/2020 10:31:52","0000-00","0","no battery","V"
"11/02/2020","13:10:34","1","default","640513929","OXY_CH1","116.192","min","182.987","µmol/L","Humid","21.834","deg","40318","µV","26.493","°C","1018.000","hPa","35.3","pmil","0","55.520","deg","20.000","°C","100.000","%a.s.","21.750","deg","20.000","°C","977.000","hPa","0.861","-0.02617","0.00035","0","0","13.56","Humid","24.85","0","70.00","286132.32","SABD0000000001","AAV1.0.0.11","1.1.2.0","PSt7-10","170328-006","1/4/2020 10:31:52","0000-00","0","no battery","V"
"11/02/2020","13:10:35","1","default","640513929","OXY_CH1","116.209","min","183.001","µmol/L","Humid","21.835","deg","40322","µV","26.487","°C","1018.000","hPa","35.3","pmil","0","55.520","deg","20.000","°C","100.000","%a.s.","21.750","deg","20.000","°C","977.000","hPa","0.861","-0.02617","0.00035","0","0","13.56","Humid","24.85","0","70.00","286133.72","SABD0000000001","AAV1.0.0.11","1.1.2.0","PSt7-10","170328-006","1/4/2020 10:31:52","0000-00","0","no battery","V"
"11/02/2020","13:10:36","1","default","640513929","OXY_CH1","116.225","min","183.076","µmol/L","Humid","21.828","deg","40316","µV","26.494","°C","1018.000","hPa","35.3","pmil","0","55.520","deg","20.000","°C","100.000","%a.s.","21.750","deg","20.000","°C","977.000","hPa","0.861","-0.02617","0.00035","0","0","13.56","Humid","24.85","0","70.00","286128.59","SABD0000000001","AAV1.0.0.11","1.1.2.0","PSt7-10","170328-006","1/4/2020 10:31:52","0000-00","0","no battery","V"
"11/02/2020","13:10:37","1","default","640513929","OXY_CH1","116.242","min","182.986","µmol/L","Humid","21.832","deg","40319","µV","26.499","°C","1018.000","hPa","35.3","pmil","0","55.520","deg","20.000","°C","100.000","%a.s.","21.750","deg","20.000","°C","977.000","hPa","0.861","-0.02617","0.00035","0","0","13.56","Humid","24.85","0","70.00","286131.96","SABD0000000001","AAV1.0.0.11","1.1.2.0","PSt7-10","170328-006","1/4/2020 10:31:52","0000-00","0","no battery","V"
"11/02/2020","13:10:38","1","default","640513929","OXY_CH1","116.258","min","183.047","µmol/L","Humid","21.829","deg","40320","µV","26.495","°C","1017.000","hPa","35.3","pmil","0","55.520","deg","20.000","°C","100.000","%a.s.","21.750","deg","20.000","°C","977.000","hPa","0.861","-0.02617","0.00035","0","0","13.56","Humid","24.85","0","70.00","286125.31","SABD0000000001","AAV1.0.0.11","1.1.2.0","PSt7-10","170328-006","1/4/2020 10:31:52","0000-00","0","no battery","V"
"11/02/2020","13:10:39","1","default","640513929","OXY_CH1","116.275","min","183.144","µmol/L","Humid","21.827","deg","40319","µV","26.485","°C","1018.000","hPa","35.3","pmil","0","55.520","deg","20.000","°C","100.000","%a.s.","21.750","deg","20.000","°C","977.000","hPa","0.861","-0.02617","0.00035","0","0","13.56","Humid","24.85","0","70.00","286122.34","SABD0000000001","AAV1.0.0.11","1.1.2.0","PSt7-10","170328-006","1/4/2020 10:31:52","0000-00","0","no battery","V"
"11/02/2020","13:10:40","1","default","640513929","OXY_CH1","116.292","min","183.053","µmol/L","Humid","21.830","deg","40315","µV","26.493","°C","1018.000","hPa","35.3","pmil","0","55.520","deg","20.000","°C","100.000","%a.s.","21.750","deg","20.000","°C","977.000","hPa","0.861","-0.02617","0.00035","0","0","13.56","Humid","24.85","0","70.00","286131.42","SABD0000000001","AAV1.0.0.11","1.1.2.0","PSt7-10","170328-006","1/4/2020 10:31:52","0000-00","0","no battery","V"
"11/02/2020","13:10:41","1","default","640513929","OXY_CH1","116.309","min","183.127","µmol/L","Humid","21.829","deg","40323","µV","26.482","°C","1018.000","hPa","35.3","pmil","0","55.520","deg","20.000","°C","100.000","%a.s.","21.750","deg","20.000","°C","977.000","hPa","0.861","-0.02617","0.00035","0","0","13.56","Humid","24.85","0","70.00","286125.61","SABD0000000001","AAV1.0.0.11","1.1.2.0","PSt7-10","170328-006","1/4/2020 10:31:52","0000-00","0","no battery","V"
"11/02/2020","13:10:42","1","default","640513929","OXY_CH1","116.325","min","183.149","µmol/L","Humid","21.822","deg","40319","µV","26.499","°C","1018.000","hPa","35.3","pmil","0","55.520","deg","20.000","°C","100.000","%a.s.","21.750","deg","20.000","°C","977.000","hPa","0.861","-0.02617","0.00035","0","0","13.56","Humid","24.85","0","70.00","286122.39","SABD0000000001","AAV1.0.0.11","1.1.2.0","PSt7-10","170328-006","1/4/2020 10:31:52","0000-00","0","no battery","V"
"11/02/2020","13:10:43","1","default","640513929","OXY_CH1","116.342","min","183.268","µmol/L","Humid","21.817","deg","40327","µV","26.491","°C","1018.000","hPa","35.3","pmil","0","55.520","deg","20.000","°C","100.000","%a.s.","21.750","deg","20.000","°C","977.000","hPa","0.861","-0.02617","0.00035","0","0","13.56","Humid","24.85","0","70.00","286121.57","SABD0000000001","AAV1.0.0.11","1.1.2.0","PSt7-10","170328-006","1/4/2020 10:31:52","0000-00","0","no battery","V"
"11/02/2020","13:10:44","1","default","640513929","OXY_CH1","116.359","min","183.209","µmol/L","Humid","21.824","deg","40317","µV","26.481","°C","1018.000","hPa","35.3","pmil","0","55.520","deg","20.000","°C","100.000","%a.s.","21.750","deg","20.000","°C","977.000","hPa","0.861","-0.02617","0.00035","0","0","13.56","Humid","24.85","0","70.00","286119.24","SABD0000000001","AAV1.0.0.11","1.1.2.0","PSt7-10","170328-006","1/4/2020 10:31:52","0000-00","0","no battery","V"
"11/02/2020","13:10:45","1","default","640513929","OXY_CH1","116.376","min","183.060","µmol/L","Humid","21.828","deg","40320","µV","26.497","°C","1018.000","hPa","35.3","pmil","0","55.520","deg","20.000","°C","100.000","%a.s.","21.750","deg","20.000","°C","977.000","hPa","0.861","-0.02617","0.00035","0","0","13.56","Humid","24.85","0","70.00","286131.23","SABD0000000001","AAV1.0.0.11","1.1.2.0","PSt7-10","170328-006","1/4/2020 10:31:52","0000-00","0","no battery","V"
"11/02/2020","13:10:46","1","default","640513929","OXY_CH1","116.392","min","183.012","µmol/L","Humid","21.827","deg","40313","µV","26.509","°C","1018.000","hPa","35.3","pmil","0","55.520","deg","20.000","°C","100.000","%a.s.","21.750","deg","20.000","°C","977.000","hPa","0.861","-0.02617","0.00035","0","0","13.56","Humid","24.85","0","70.00","286131.17","SABD0000000001","AAV1.0.0.11","1.1.2.0","PSt7-10","170328-006","1/4/2020 10:31:52","0000-00","0","no battery","V"
"11/02/2020","13:10:47","1","default","640513929","OXY_CH1","116.409","min","182.977","µmol/L","Humid","21.831","deg","40311","µV","26.504","°C","1018.000","hPa","35.3","pmil","0","55.520","deg","20.000","°C","100.000","%a.s.","21.750","deg","20.000","°C","977.000","hPa","0.861","-0.02617","0.00035","0","0","13.56","Humid","24.85","0","70.00","286118.30","SABD0000000001","AAV1.0.0.11","1.1.2.0","PSt7-10","170328-006","1/4/2020 10:31:52","0000-00","0","no battery","V"
"11/02/2020","13:10:48","1","default","640513929","OXY_CH1","116.425","min","183.134","µmol/L","Humid","21.821","deg","40302","µV","26.504","°C","1018.000","hPa","35.3","pmil","0","55.520","deg","20.000","°C","100.000","%a.s.","21.750","deg","20.000","°C","977.000","hPa","0.861","-0.02617","0.00035","0","0","13.56","Humid","24.85","0","70.00","286127.88","SABD0000000001","AAV1.0.0.11","1.1.2.0","PSt7-10","170328-006","1/4/2020 10:31:52","0000-00","0","no battery","V"
"11/02/2020","13:10:49","1","default","640513929","OXY_CH1","116.442","min","183.285","µmol/L","Humid","21.815","deg","40298","µV","26.494","°C","1018.000","hPa","35.3","pmil","0","55.520","deg","20.000","°C","100.000","%a.s.","21.750","deg","20.000","°C","977.000","hPa","0.861","-0.02617","0.00035","0","0","13.56","Humid","24.85","0","70.00","286112.85","SABD0000000001","AAV1.0.0.11","1.1.2.0","PSt7-10","170328-006","1/4/2020 10:31:52","0000-00","0","no battery","V"
"11/02/2020","13:10:50","1","default","640513929","OXY_CH1","116.458","min","183.307","µmol/L","Humid","21.815","deg","40301","µV","26.490","°C","1018.000","hPa","35.3","pmil","0","55.520","deg","20.000","°C","100.000","%a.s.","21.750","deg","20.000","°C","977.000","hPa","0.861","-0.02617","0.00035","0","0","13.56","Humid","24.85","0","70.00","286117.73","SABD0000000001","AAV1.0.0.11","1.1.2.0","PSt7-10","170328-006","1/4/2020 10:31:52","0000-00","0","no battery","V"
"11/02/2020","13:10:51","1","default","640513929","OXY_CH1","116.475","min","183.289","µmol/L","Humid","21.814","deg","40292","µV","26.496","°C","1018.000","hPa","35.3","pmil","0","55.520","deg","20.000","°C","100.000","%a.s.","21.750","deg","20.000","°C","977.000","hPa","0.861","-0.02617","0.00035","0","0","13.56","Humid","24.85","0","70.00","286132.14","SABD0000000001","AAV1.0.0.11","1.1.2.0","PSt7-10","170328-006","1/4/2020 10:31:52","0000-00","0","no battery","V"
"11/02/2020","13:10:52","1","default","640513929","OXY_CH1","116.492","min","183.193","µmol/L","Humid","21.822","deg","40289","µV","26.490","°C","1018.000","hPa","35.3","pmil","0","55.520","deg","20.000","°C","100.000","%a.s.","21.750","deg","20.000","°C","977.000","hPa","0.861","-0.02617","0.00035","0","0","13.56","Humid","24.85","0","70.00","286131.38","SABD0000000001","AAV1.0.0.11","1.1.2.0","PSt7-10","170328-006","1/4/2020 10:31:52","0000-00","0","no battery","V"
"11/02/2020","13:10:53","1","default","640513929","OXY_CH1","116.509","min","183.424","µmol/L","Humid","21.812","deg","40293","µV","26.477","°C","1018.000","hPa","35.3","pmil","0","55.520","deg","20.000","°C","100.000","%a.s.","21.750","deg","20.000","°C","977.000","hPa","0.861","-0.02617","0.00035","0","0","13.56","Humid","24.85","0","70.00","286112.63","SABD0000000001","AAV1.0.0.11","1.1.2.0","PSt7-10","170328-006","1/4/2020 10:31:52","0000-00","0","no battery","V"
"11/02/2020","13:10:54","1","default","640513929","OXY_CH1","116.525","min","183.194","µmol/L","Humid","21.824","deg","40276","µV","26.484","°C","1018.000","hPa","35.3","pmil","0","55.520","deg","20.000","°C","100.000","%a.s.","21.750","deg","20.000","°C","977.000","hPa","0.861","-0.02617","0.00035","0","0","13.56","Humid","24.85","0","70.00","286117.95","SABD0000000001","AAV1.0.0.11","1.1.2.0","PSt7-10","170328-006","1/4/2020 10:31:52","0000-00","0","no battery","V"
"11/02/2020","13:10:55","1","default","640513929","OXY_CH1","116.542","min","183.175","µmol/L","Humid","21.819","deg","40286","µV","26.503","°C","1018.000","hPa","35.3","pmil","0","55.520","deg","20.000","°C","100.000","%a.s.","21.750","deg","20.000","°C","977.000","hPa","0.861","-0.02617","0.00035","0","0","13.56","Humid","24.85","0","70.00","286131.66","SABD0000000001","AAV1.0.0.11","1.1.2.0","PSt7-10","170328-006","1/4/2020 10:31:52","0000-00","0","no battery","V"
"11/02/2020","13:10:56","1","default","640513929","OXY_CH1","116.559","min","183.463","µmol/L","Humid","21.806","deg","40278","µV","26.487","°C","1018.000","hPa","35.3","pmil","0","55.520","deg","20.000","°C","100.000","%a.s.","21.750","deg","20.000","°C","977.000","hPa","0.861","-0.02617","0.00035","0","0","13.56","Humid","24.85","0","70.00","286141.70","SABD0000000001","AAV1.0.0.11","1.1.2.0","PSt7-10","170328-006","1/4/2020 10:31:52","0000-00","0","no battery","V"
"11/02/2020","13:10:57","1","default","640513929","OXY_CH1","116.576","min","183.286","µmol/L","Humid","21.812","deg","40278","µV","26.503","°C","1018.000","hPa","35.3","pmil","0","55.520","deg","20.000","°C","100.000","%a.s.","21.750","deg","20.000","°C","977.000","hPa","0.861","-0.02617","0.00035","0","0","13.56","Humid","24.85","0","70.00","286121.88","SABD0000000001","AAV1.0.0.11","1.1.2.0","PSt7-10","170328-006","1/4/2020 10:31:52","0000-00","0","no battery","V"
"11/02/2020","13:10:58","1","default","640513929","OXY_CH1","116.592","min","183.252","µmol/L","Humid","21.817","deg","40274","µV","26.494","°C","1018.000","hPa","35.3","pmil","0","55.520","deg","20.000","°C","100.000","%a.s.","21.750","deg","20.000","°C","977.000","hPa","0.861","-0.02617","0.00035","0","0","13.56","Humid","24.85","0","70.00","286123.57","SABD0000000001","AAV1.0.0.11","1.1.2.0","PSt7-10","170328-006","1/4/2020 10:31:52","0000-00","0","no battery","V"
"11/02/2020","13:10:59","1","default","640513929","OXY_CH1","116.609","min","183.268","µmol/L","Humid","21.814","deg","40267","µV","26.500","°C","1018.000","hPa","35.3","pmil","0","55.520","deg","20.000","°C","100.000","%a.s.","21.750","deg","20.000","°C","977.000","hPa","0.861","-0.02617","0.00035","0","0","13.56","Humid","24.85","0","70.00","286126.47","SABD0000000001","AAV1.0.0.11","1.1.2.0","PSt7-10","170328-006","1/4/2020 10:31:52","0000-00","0","no battery","V"
"11/02/2020","13:11:00","1","default","640513929","OXY_CH1","116.626","min","183.451","µmol/L","Humid","21.808","deg","40267","µV","26.484","°C","1018.000","hPa","35.3","pmil","0","55.520","deg","20.000","°C","100.000","%a.s.","21.750","deg","20.000","°C","977.000","hPa","0.861","-0.02617","0.00035","0","0","13.56","Humid","24.85","0","70.00","286130.30","SABD0000000001","AAV1.0.0.11","1.1.2.0","PSt7-10","170328-006","1/4/2020 10:31:52","0000-00","0","no battery","V"
"11/02/2020","13:11:01","1","default","640513929","OXY_CH1","116.642","min","183.340","µmol/L","Humid","21.811","deg","40272","µV","26.496","°C","1018.000","hPa","35.3","pmil","0","55.520","deg","20.000","°C","100.000","%a.s.","21.750","deg","20.000","°C","977.000","hPa","0.861","-0.02617","0.00035","0","0","13.56","Humid","24.85","0","70.00","286105.64","SABD0000000001","AAV1.0.0.11","1.1.2.0","PSt7-10","170328-006","1/4/2020 10:31:52","0000-00","0","no battery","V"
"11/02/2020","13:11:02","1","default","640513929","OXY_CH1","116.658","min","183.382","µmol/L","Humid","21.813","deg","40255","µV","26.482","°C","1018.000","hPa","35.3","pmil","0","55.520","deg","20.000","°C","100.000","%a.s.","21.750","deg","20.000","°C","977.000","hPa","0.861","-0.02617","0.00035","0","0","13.56","Humid","24.85","0","70.00","286109.33","SABD0000000001","AAV1.0.0.11","1.1.2.0","PSt7-10","170328-006","1/4/2020 10:31:52","0000-00","0","no battery","V"
"11/02/2020","13:11:03","1","default","640513929","OXY_CH1","116.675","min","183.413","µmol/L","Humid","21.810","deg","40248","µV","26.485","°C","1018.000","hPa","35.3","pmil","0","55.520","deg","20.000","°C","100.000","%a.s.","21.750","deg","20.000","°C","977.000","hPa","0.861","-0.02617","0.00035","0","0","13.56","Humid","24.85","0","70.00","286121.08","SABD0000000001","AAV1.0.0.11","1.1.2.0","PSt7-10","170328-006","1/4/2020 10:31:52","0000-00","0","no battery","V"
"11/02/2020","13:11:04","1","default","640513929","OXY_CH1","116.692","min","183.495","µmol/L","Humid","21.802","deg","40248","µV","26.493","°C","1018.000","hPa","35.3","pmil","0","55.520","deg","20.000","°C","100.000","%a.s.","21.750","deg","20.000","°C","977.000","hPa","0.861","-0.02617","0.00035","0","0","13.56","Humid","24.85","0","70.00","286117.55","SABD0000000001","AAV1.0.0.11","1.1.2.0","PSt7-10","170328-006","1/4/2020 10:31:52","0000-00","0","no battery","V"
"11/02/2020","13:11:05","1","default","640513929","OXY_CH1","116.709","min","183.466","µmol/L","Humid","21.802","deg","40243","µV","26.499","°C","1018.000","hPa","35.3","pmil","0","55.520","deg","20.000","°C","100.000","%a.s.","21.750","deg","20.000","°C","977.000","hPa","0.861","-0.02617","0.00035","0","0","13.56","Humid","24.85","0","70.00","286118.41","SABD0000000001","AAV1.0.0.11","1.1.2.0","PSt7-10","170328-006","1/4/2020 10:31:52","0000-00","0","no battery","V"
"11/02/2020","13:11:06","1","default","640513929","OXY_CH1","116.725","min","183.389","µmol/L","Humid","21.811","deg","40236","µV","26.486","°C","1018.000","hPa","35.3","pmil","0","55.520","deg","20.000","°C","100.000","%a.s.","21.750","deg","20.000","°C","977.000","hPa","0.861","-0.02617","0.00035","0","0","13.56","Humid","24.85","0","70.00","286120.13","SABD0000000001","AAV1.0.0.11","1.1.2.0","PSt7-10","170328-006","1/4/2020 10:31:52","0000-00","0","no battery","V"
"11/02/2020","13:11:07","1","default","640513929","OXY_CH1","116.742","min","183.368","µmol/L","Humid","21.812","deg","40232","µV","26.487","°C","1018.000","hPa","35.3","pmil","0","55.520","deg","20.000","°C","100.000","%a.s.","21.750","deg","20.000","°C","977.000","hPa","0.861","-0.02617","0.00035","0","0","13.56","Humid","24.85","0","70.00","286108.21","SABD0000000001","AAV1.0.0.11","1.1.2.0","PSt7-10","170328-006","1/4/2020 10:31:52","0000-00","0","no battery","V"
"11/02/2020","13:11:08","1","default","640513929","OXY_CH1","116.759","min","183.589","µmol/L","Humid","21.799","deg","40234","µV","26.485","°C","1018.000","hPa","35.3","pmil","0","55.520","deg","20.000","°C","100.000","%a.s.","21.750","deg","20.000","°C","977.000","hPa","0.861","-0.02617","0.00035","0","0","13.56","Humid","24.85","0","70.00","286115.94","SABD0000000001","AAV1.0.0.11","1.1.2.0","PSt7-10","170328-006","1/4/2020 10:31:52","0000-00","0","no battery","V"
"11/02/2020","13:11:09","1","default","640513929","OXY_CH1","116.776","min","183.507","µmol/L","Humid","21.800","deg","40227","µV","26.497","°C","1018.000","hPa","35.3","pmil","0","55.520","deg","20.000","°C","100.000","%a.s.","21.750","deg","20.000","°C","977.000","hPa","0.861","-0.02617","0.00035","0","0","13.56","Humid","24.85","0","70.00","286117.49","SABD0000000001","AAV1.0.0.11","1.1.2.0","PSt7-10","170328-006","1/4/2020 10:31:52","0000-00","0","no battery","V"
"11/02/2020","13:11:10","1","default","640513929","OXY_CH1","116.792","min","183.443","µmol/L","Humid","21.803","deg","40224","µV","26.500","°C","1018.000","hPa","35.3","pmil","0","55.520","deg","20.000","°C","100.000","%a.s.","21.750","deg","20.000","°C","977.000","hPa","0.861","-0.02617","0.00035","0","0","13.56","Humid","24.85","0","70.00","286125.81","SABD0000000001","AAV1.0.0.11","1.1.2.0","PSt7-10","170328-006","1/4/2020 10:31:52","0000-00","0","no battery","V"
"11/02/2020","13:11:11","1","default","640513929","OXY_CH1","116.808","min","183.476","µmol/L","Humid","21.803","deg","40219","µV","26.494","°C","1018.000","hPa","35.3","pmil","0","55.520","deg","20.000","°C","100.000","%a.s.","21.750","deg","20.000","°C","977.000","hPa","0.861","-0.02617","0.00035","0","0","13.56","Humid","24.85","0","70.00","286115.89","SABD0000000001","AAV1.0.0.11","1.1.2.0","PSt7-10","170328-006","1/4/2020 10:31:52","0000-00","0","no battery","V"
"11/02/2020","13:11:12","1","default","640513929","OXY_CH1","116.825","min","183.588","µmol/L","Humid","21.799","deg","40221","µV","26.485","°C","1018.000","hPa","35.3","pmil","0","55.520","deg","20.000","°C","100.000","%a.s.","21.750","deg","20.000","°C","977.000","hPa","0.861","-0.02617","0.00035","0","0","13.56","Humid","24.85","0","70.00","286127.43","SABD0000000001","AAV1.0.0.11","1.1.2.0","PSt7-10","170328-006","1/4/2020 10:31:52","0000-00","0","no battery","V"
"11/02/2020","13:11:13","1","default","640513929","OXY_CH1","116.842","min","183.579","µmol/L","Humid","21.801","deg","40214","µV","26.481","°C","1018.000","hPa","35.3","pmil","0","55.520","deg","20.000","°C","100.000","%a.s.","21.750","deg","20.000","°C","977.000","hPa","0.861","-0.02617","0.00035","0","0","13.56","Humid","24.85","0","70.00","286120.47","SABD0000000001","AAV1.0.0.11","1.1.2.0","PSt7-10","170328-006","1/4/2020 10:31:52","0000-00","0","no battery","V"
"11/02/2020","13:11:14","1","default","640513929","OXY_CH1","116.858","min","183.441","µmol/L","Humid","21.801","deg","40219","µV","26.506","°C","1018.000","hPa","35.3","pmil","0","55.520","deg","20.000","°C","100.000","%a.s.","21.750","deg","20.000","°C","977.000","hPa","0.861","-0.02617","0.00035","0","0","13.56","Humid","24.85","0","70.00","286121.25","SABD0000000001","AAV1.0.0.11","1.1.2.0","PSt7-10","170328-006","1/4/2020 10:31:52","0000-00","0","no battery","V"
"11/02/2020","13:11:15","1","default","640513929","OXY_CH1","116.875","min","183.674","µmol/L","Humid","21.792","deg","40211","µV","26.490","°C","1018.000","hPa","35.3","pmil","0","55.520","deg","20.000","°C","100.000","%a.s.","21.750","deg","20.000","°C","977.000","hPa","0.861","-0.02617","0.00035","0","0","13.56","Humid","24.85","0","70.00","286118.26","SABD0000000001","AAV1.0.0.11","1.1.2.0","PSt7-10","170328-006","1/4/2020 10:31:52","0000-00","0","no battery","V"
"11/02/2020","13:11:16","1","default","640513929","OXY_CH1","116.892","min","183.412","µmol/L","Humid","21.806","deg","40214","µV","26.496","°C","1017.000","hPa","35.3","pmil","0","55.520","deg","20.000","°C","100.000","%a.s.","21.750","deg","20.000","°C","977.000","hPa","0.861","-0.02617","0.00035","0","0","13.56","Humid","24.85","0","70.00","286115.97","SABD0000000001","AAV1.0.0.11","1.1.2.0","PSt7-10","170328-006","1/4/2020 10:31:52","0000-00","0","no battery","V"
"11/02/2020","13:11:17","1","default","640513929","OXY_CH1","116.909","min","183.580","µmol/L","Humid","21.799","deg","40219","µV","26.486","°C","1018.000","hPa","35.3","pmil","0","55.520","deg","20.000","°C","100.000","%a.s.","21.750","deg","20.000","°C","977.000","hPa","0.861","-0.02617","0.00035","0","0","13.56","Humid","24.85","0","70.00","286115.36","SABD0000000001","AAV1.0.0.11","1.1.2.0","PSt7-10","170328-006","1/4/2020 10:31:52","0000-00","0","no battery","V"
"11/02/2020","13:11:18","1","default","640513929","OXY_CH1","116.925","min","183.568","µmol/L","Humid","21.799","deg","40209","µV","26.489","°C","1018.000","hPa","35.3","pmil","0","55.520","deg","20.000","°C","100.000","%a.s.","21.750","deg","20.000","°C","977.000","hPa","0.861","-0.02617","0.00035","0","0","13.56","Humid","24.85","0","70.00","286117.06","SABD0000000001","AAV1.0.0.11","1.1.2.0","PSt7-10","170328-006","1/4/2020 10:31:52","0000-00","0","no battery","V"
"11/02/2020","13:11:19","1","default","640513929","OXY_CH1","116.942","min","183.590","µmol/L","Humid","21.798","deg","40220","µV","26.488","°C","1018.000","hPa","35.3","pmil","0","55.520","deg","20.000","°C","100.000","%a.s.","21.750","deg","20.000","°C","977.000","hPa","0.861","-0.02617","0.00035","0","0","13.56","Humid","24.85","0","70.00","286116.99","SABD0000000001","AAV1.0.0.11","1.1.2.0","PSt7-10","170328-006","1/4/2020 10:31:52","0000-00","0","no battery","V"
"11/02/2020","13:11:20","1","default","640513929","OXY_CH1","116.958","min","183.607","µmol/L","Humid","21.798","deg","40228","µV","26.484","°C","1018.000","hPa","35.3","pmil","0","55.520","deg","20.000","°C","100.000","%a.s.","21.750","deg","20.000","°C","977.000","hPa","0.861","-0.02617","0.00035","0","0","13.56","Humid","24.85","0","70.00","286116.67","SABD0000000001","AAV1.0.0.11","1.1.2.0","PSt7-10","170328-006","1/4/2020 10:31:52","0000-00","0","no battery","V"
"11/02/2020","13:11:21","1","default","640513929","OXY_CH1","116.975","min","183.656","µmol/L","Humid","21.797","deg","40224","µV","26.478","°C","1018.000","hPa","35.3","pmil","0","55.520","deg","20.000","°C","100.000","%a.s.","21.750","deg","20.000","°C","977.000","hPa","0.861","-0.02617","0.00035","0","0","13.56","Humid","24.85","0","70.00","286124.21","SABD0000000001","AAV1.0.0.11","1.1.2.0","PSt7-10","170328-006","1/4/2020 10:31:52","0000-00","0","no battery","V"
"11/02/2020","13:11:22","1","default","640513929","OXY_CH1","116.992","min","183.730","µmol/L","Humid","21.793","deg","40226","µV","26.476","°C","1018.000","hPa","35.3","pmil","0","55.520","deg","20.000","°C","100.000","%a.s.","21.750","deg","20.000","°C","977.000","hPa","0.861","-0.02617","0.00035","0","0","13.56","Humid","24.85","0","70.00","286117.86","SABD0000000001","AAV1.0.0.11","1.1.2.0","PSt7-10","170328-006","1/4/2020 10:31:52","0000-00","0","no battery","V"
"11/02/2020","13:11:23","1","default","640513929","OXY_CH1","117.009","min","183.755","µmol/L","Humid","21.792","deg","40215","µV","26.475","°C","1018.000","hPa","35.3","pmil","0","55.520","deg","20.000","°C","100.000","%a.s.","21.750","deg","20.000","°C","977.000","hPa","0.861","-0.02617","0.00035","0","0","13.56","Humid","24.85","0","70.00","286101.56","SABD0000000001","AAV1.0.0.11","1.1.2.0","PSt7-10","170328-006","1/4/2020 10:31:52","0000-00","0","no battery","V"
"11/02/2020","13:11:24","1","default","640513929","OXY_CH1","117.025","min","183.732","µmol/L","Humid","21.784","deg","40221","µV","26.503","°C","1018.000","hPa","35.3","pmil","0","55.520","deg","20.000","°C","100.000","%a.s.","21.750","deg","20.000","°C","977.000","hPa","0.861","-0.02617","0.00035","0","0","13.56","Humid","24.85","0","70.00","286117.73","SABD0000000001","AAV1.0.0.11","1.1.2.0","PSt7-10","170328-006","1/4/2020 10:31:52","0000-00","0","no battery","V"
"11/02/2020","13:11:25","1","default","640513929","OXY_CH1","117.042","min","183.511","µmol/L","Humid","21.795","deg","40217","µV","26.511","°C","1018.000","hPa","35.3","pmil","0","55.520","deg","20.000","°C","100.000","%a.s.","21.750","deg","20.000","°C","977.000","hPa","0.861","-0.02617","0.00035","0","0","13.56","Humid","24.85","0","70.00","286100.86","SABD0000000001","AAV1.0.0.11","1.1.2.0","PSt7-10","170328-006","1/4/2020 10:31:52","0000-00","0","no battery","V"
"11/02/2020","13:11:26","1","default","640513929","OXY_CH1","117.059","min","183.622","µmol/L","Humid","21.791","deg","40218","µV","26.502","°C","1018.000","hPa","35.3","pmil","0","55.520","deg","20.000","°C","100.000","%a.s.","21.750","deg","20.000","°C","977.000","hPa","0.861","-0.02617","0.00035","0","0","13.56","Humid","24.85","0","70.00","286110.64","SABD0000000001","AAV1.0.0.11","1.1.2.0","PSt7-10","170328-006","1/4/2020 10:31:52","0000-00","0","no battery","V"
"11/02/2020","13:11:27","1","default","640513929","OXY_CH1","117.075","min","183.589","µmol/L","Humid","21.793","deg","40213","µV","26.503","°C","1018.000","hPa","35.3","pmil","0","55.520","deg","20.000","°C","100.000","%a.s.","21.750","deg","20.000","°C","977.000","hPa","0.861","-0.02617","0.00035","0","0","13.56","Humid","24.85","0","70.00","286106.09","SABD0000000001","AAV1.0.0.11","1.1.2.0","PSt7-10","170328-006","1/4/2020 10:31:52","0000-00","0","no battery","V"
"11/02/2020","13:11:28","1","default","640513929","OXY_CH1","117.092","min","183.611","µmol/L","Humid","21.794","deg","40208","µV","26.496","°C","1018.000","hPa","35.3","pmil","0","55.520","deg","20.000","°C","100.000","%a.s.","21.750","deg","20.000","°C","977.000","hPa","0.861","-0.02617","0.00035","0","0","13.56","Humid","24.85","0","70.00","286110.38","SABD0000000001","AAV1.0.0.11","1.1.2.0","PSt7-10","170328-006","1/4/2020 10:31:52","0000-00","0","no battery","V"
"11/02/2020","13:11:29","1","default","640513929","OXY_CH1","117.109","min","183.756","µmol/L","Humid","21.789","deg","40213","µV","26.483","°C","1018.000","hPa","35.3","pmil","0","55.520","deg","20.000","°C","100.000","%a.s.","21.750","deg","20.000","°C","977.000","hPa","0.861","-0.02617","0.00035","0","0","13.56","Humid","24.85","0","70.00","286108.56","SABD0000000001","AAV1.0.0.11","1.1.2.0","PSt7-10","170328-006","1/4/2020 10:31:52","0000-00","0","no battery","V"
"11/02/2020","13:11:30","1","default","640513929","OXY_CH1","117.126","min","183.724","µmol/L","Humid","21.785","deg","40200","µV","26.501","°C","1018.000","hPa","35.3","pmil","0","55.520","deg","20.000","°C","100.000","%a.s.","21.750","deg","20.000","°C","977.000","hPa","0.861","-0.02617","0.00035","0","0","13.56","Humid","24.85","0","70.00","286105.31","SABD0000000001","AAV1.0.0.11","1.1.2.0","PSt7-10","170328-006","1/4/2020 10:31:52","0000-00","0","no battery","V"
"11/02/2020","13:11:31","1","default","640513929","OXY_CH1","117.142","min","183.696","µmol/L","Humid","21.791","deg","40195","µV","26.489","°C","1018.000","hPa","35.3","pmil","0","55.520","deg","20.000","°C","100.000","%a.s.","21.750","deg","20.000","°C","977.000","hPa","0.861","-0.02617","0.00035","0","0","13.56","Humid","24.85","0","70.00","286110.76","SABD0000000001","AAV1.0.0.11","1.1.2.0","PSt7-10","170328-006","1/4/2020 10:31:52","0000-00","0","no battery","V"
"11/02/2020","13:11:32","1","default","640513929","OXY_CH1","117.159","min","183.841","µmol/L","Humid","21.782","deg","40191","µV","26.488","°C","1018.000","hPa","35.3","pmil","0","55.520","deg","20.000","°C","100.000","%a.s.","21.750","deg","20.000","°C","977.000","hPa","0.861","-0.02617","0.00035","0","0","13.56","Humid","24.85","0","70.00","286107.00","SABD0000000001","AAV1.0.0.11","1.1.2.0","PSt7-10","170328-006","1/4/2020 10:31:52","0000-00","0","no battery","V"
"11/02/2020","13:11:33","1","default","640513929","OXY_CH1","117.176","min","183.692","µmol/L","Humid","21.788","deg","40198","µV","26.498","°C","1018.000","hPa","35.3","pmil","0","55.520","deg","20.000","°C","100.000","%a.s.","21.750","deg","20.000","°C","977.000","hPa","0.861","-0.02617","0.00035","0","0","13.56","Humid","24.85","0","70.00","286106.81","SABD0000000001","AAV1.0.0.11","1.1.2.0","PSt7-10","170328-006","1/4/2020 10:31:52","0000-00","0","no battery","V"
"11/02/2020","13:11:34","1","default","640513929","OXY_CH1","117.192","min","183.756","µmol/L","Humid","21.785","deg","40191","µV","26.495","°C","1018.000","hPa","35.3","pmil","0","55.520","deg","20.000","°C","100.000","%a.s.","21.750","deg","20.000","°C","977.000","hPa","0.861","-0.02617","0.00035","0","0","13.56","Humid","24.85","0","70.00","286106.98","SABD0000000001","AAV1.0.0.11","1.1.2.0","PSt7-10","170328-006","1/4/2020 10:31:52","0000-00","0","no battery","V"
"11/02/2020","13:11:35","1","default","640513929","OXY_CH1","117.209","min","183.760","µmol/L","Humid","21.785","deg","40192","µV","26.494","°C","1018.000","hPa","35.3","pmil","0","55.520","deg","20.000","°C","100.000","%a.s.","21.750","deg","20.000","°C","977.000","hPa","0.861","-0.02617","0.00035","0","0","13.56","Humid","24.85","0","70.00","286109.40","SABD0000000001","AAV1.0.0.11","1.1.2.0","PSt7-10","170328-006","1/4/2020 10:31:52","0000-00","0","no battery","V"
"11/02/2020","13:11:36","1","default","640513929","OXY_CH1","117.226","min","183.867","µmol/L","Humid","21.783","deg","40187","µV","26.481","°C","1018.000","hPa","35.3","pmil","0","55.520","deg","20.000","°C","100.000","%a.s.","21.750","deg","20.000","°C","977.000","hPa","0.861","-0.02617","0.00035","0","0","13.56","Humid","24.85","0","70.00","286115.05","SABD0000000001","AAV1.0.0.11","1.1.2.0","PSt7-10","170328-006","1/4/2020 10:31:52","0000-00","0","no battery","V"
"11/02/2020","13:11:37","1","default","640513929","OXY_CH1","117.242","min","183.692","µmol/L","Humid","21.790","deg","40185","µV","26.492","°C","1018.000","hPa","35.3","pmil","0","55.520","deg","20.000","°C","100.000","%a.s.","21.750","deg","20.000","°C","977.000","hPa","0.861","-0.02617","0.00035","0","0","13.56","Humid","24.85","0","70.00","286106.15","SABD0000000001","AAV1.0.0.11","1.1.2.0","PSt7-10","170328-006","1/4/2020 10:31:52","0000-00","0","no battery","V"
"11/02/2020","13:11:38","1","default","640513929","OXY_CH1","117.259","min","183.870","µmol/L","Humid","21.780","deg","40184","µV","26.489","°C","1018.000","hPa","35.3","pmil","0","55.520","deg","20.000","°C","100.000","%a.s.","21.750","deg","20.000","°C","977.000","hPa","0.861","-0.02617","0.00035","0","0","13.56","Humid","24.85","0","70.00","286104.78","SABD0000000001","AAV1.0.0.11","1.1.2.0","PSt7-10","170328-006","1/4/2020 10:31:52","0000-00","0","no battery","V"
"11/02/2020","13:11:39","1","default","640513929","OXY_CH1","117.275","min","183.793","µmol/L","Humid","21.782","deg","40176","µV","26.497","°C","1018.000","hPa","35.3","pmil","0","55.520","deg","20.000","°C","100.000","%a.s.","21.750","deg","20.000","°C","977.000","hPa","0.861","-0.02617","0.00035","0","0","13.56","Humid","24.85","0","70.00","286094.55","SABD0000000001","AAV1.0.0.11","1.1.2.0","PSt7-10","170328-006","1/4/2020 10:31:52","0000-00","0","no battery","V"
"11/02/2020","13:11:40","1","default","640513929","OXY_CH1","117.292","min","183.815","µmol/L","Humid","21.783","deg","40173","µV","26.490","°C","1018.000","hPa","35.3","pmil","0","55.520","deg","20.000","°C","100.000","%a.s.","21.750","deg","20.000","°C","977.000","hPa","0.861","-0.02617","0.00035","0","0","13.56","Humid","24.85","0","70.00","286101.48","SABD0000000001","AAV1.0.0.11","1.1.2.0","PSt7-10","170328-006","1/4/2020 10:31:52","0000-00","0","no battery","V"
"11/02/2020","13:11:41","1","default","640513929","OXY_CH1","117.309","min","183.834","µmol/L","Humid","21.785","deg","40168","µV","26.481","°C","1018.000","hPa","35.3","pmil","0","55.520","deg","20.000","°C","100.000","%a.s.","21.750","deg","20.000","°C","977.000","hPa","0.861","-0.02617","0.00035","0","0","13.56","Humid","24.85","0","70.00","286101.51","SABD0000000001","AAV1.0.0.11","1.1.2.0","PSt7-10","170328-006","1/4/2020 10:31:52","0000-00","0","no battery","V"
"11/02/2020","13:11:42","1","default","640513929","OXY_CH1","117.326","min","184.009","µmol/L","Humid","21.775","deg","40168","µV","26.478","°C","1018.000","hPa","35.3","pmil","0","55.520","deg","20.000","°C","100.000","%a.s.","21.750","deg","20.000","°C","977.000","hPa","0.861","-0.02617","0.00035","0","0","13.56","Humid","24.85","0","70.00","286096.86","SABD0000000001","AAV1.0.0.11","1.1.2.0","PSt7-10","170328-006","1/4/2020 10:31:52","0000-00","0","no battery","V"
"11/02/2020","13:11:43","1","default","640513929","OXY_CH1","117.342","min","183.784","µmol/L","Humid","21.782","deg","40164","µV","26.499","°C","1018.000","hPa","35.3","pmil","0","55.520","deg","20.000","°C","100.000","%a.s.","21.750","deg","20.000","°C","977.000","hPa","0.861","-0.02617","0.00035","0","0","13.56","Humid","24.85","0","70.00","286102.96","SABD0000000001","AAV1.0.0.11","1.1.2.0","PSt7-10","170328-006","1/4/2020 10:31:52","0000-00","0","no battery","V"
"11/02/2020","13:11:44","1","default","640513929","OXY_CH1","117.359","min","183.737","µmol/L","Humid","21.783","deg","40158","µV","26.505","°C","1018.000","hPa","35.3","pmil","0","55.520","deg","20.000","°C","100.000","%a.s.","21.750","deg","20.000","°C","977.000","hPa","0.861","-0.02617","0.00035","0","0","13.56","Humid","24.85","0","70.00","286105.84","SABD0000000001","AAV1.0.0.11","1.1.2.0","PSt7-10","170328-006","1/4/2020 10:31:52","0000-00","0","no battery","V"
"11/02/2020","13:11:45","1","default","640513929","OXY_CH1","117.376","min","183.779","µmol/L","Humid","21.777","deg","40159","µV","26.515","°C","1018.000","hPa","35.3","pmil","0","55.520","deg","20.000","°C","100.000","%a.s.","21.750","deg","20.000","°C","977.000","hPa","0.861","-0.02617","0.00035","0","0","13.56","Humid","24.85","0","70.00","286103.08","SABD0000000001","AAV1.0.0.11","1.1.2.0","PSt7-10","170328-006","1/4/2020 10:31:52","0000-00","0","no battery","V"
"11/02/2020","13:11:46","1","default","640513929","OXY_CH1","117.392","min","183.842","µmol/L","Humid","21.779","deg","40153","µV","26.497","°C","1018.000","hPa","35.3","pmil","0","55.520","deg","20.000","°C","100.000","%a.s.","21.750","deg","20.000","°C","977.000","hPa","0.861","-0.02617","0.00035","0","0","13.56","Humid","24.85","0","70.00","286104.42","SABD0000000001","AAV1.0.0.11","1.1.2.0","PSt7-10","170328-006","1/4/2020 10:31:52","0000-00","0","no battery","V"
"11/02/2020","13:11:47","1","default","640513929","OXY_CH1","117.408","min","183.943","µmol/L","Humid","21.773","deg","40164","µV","26.496","°C","1018.000","hPa","35.3","pmil","0","55.520","deg","20.000","°C","100.000","%a.s.","21.750","deg","20.000","°C","977.000","hPa","0.861","-0.02617","0.00035","0","0","13.56","Humid","24.85","0","70.00","286100.32","SABD0000000001","AAV1.0.0.11","1.1.2.0","PSt7-10","170328-006","1/4/2020 10:31:52","0000-00","0","no battery","V"
"11/02/2020","13:11:48","1","default","640513929","OXY_CH1","117.425","min","184.156","µmol/L","Humid","21.759","deg","40153","µV","26.498","°C","1018.000","hPa","35.3","pmil","0","55.520","deg","20.000","°C","100.000","%a.s.","21.750","deg","20.000","°C","977.000","hPa","0.861","-0.02617","0.00035","0","0","13.56","Humid","24.85","0","70.00","286097.06","SABD0000000001","AAV1.0.0.11","1.1.2.0","PSt7-10","170328-006","1/4/2020 10:31:52","0000-00","0","no battery","V"
"11/02/2020","13:11:49","1","default","640513929","OXY_CH1","117.442","min","183.894","µmol/L","Humid","21.780","deg","40151","µV","26.484","°C","1018.000","hPa","35.3","pmil","0","55.520","deg","20.000","°C","100.000","%a.s.","21.750","deg","20.000","°C","977.000","hPa","0.861","-0.02617","0.00035","0","0","13.56","Humid","24.85","0","70.00","286091.22","SABD0000000001","AAV1.0.0.11","1.1.2.0","PSt7-10","170328-006","1/4/2020 10:31:52","0000-00","0","no battery","V"
"11/02/2020","13:11:50","1","default","640513929","OXY_CH1","117.459","min","184.020","µmol/L","Humid","21.772","deg","40153","µV","26.485","°C","1018.000","hPa","35.3","pmil","0","55.520","deg","20.000","°C","100.000","%a.s.","21.750","deg","20.000","°C","977.000","hPa","0.861","-0.02617","0.00035","0","0","13.56","Humid","24.85","0","70.00","286107.26","SABD0000000001","AAV1.0.0.11","1.1.2.0","PSt7-10","170328-006","1/4/2020 10:31:52","0000-00","0","no battery","V"
"11/02/2020","13:11:51","1","default","640513929","OXY_CH1","117.475","min","184.160","µmol/L","Humid","21.764","deg","40146","µV","26.483","°C","1018.000","hPa","35.3","pmil","0","55.520","deg","20.000","°C","100.000","%a.s.","21.750","deg","20.000","°C","977.000","hPa","0.861","-0.02617","0.00035","0","0","13.56","Humid","24.85","0","70.00","286095.00","SABD0000000001","AAV1.0.0.11","1.1.2.0","PSt7-10","170328-006","1/4/2020 10:31:52","0000-00","0","no battery","V"
"11/02/2020","13:11:52","1","default","640513929","OXY_CH1","117.492","min","183.900","µmol/L","Humid","21.774","deg","40144","µV","26.501","°C","1018.000","hPa","35.3","pmil","0","55.520","deg","20.000","°C","100.000","%a.s.","21.750","deg","20.000","°C","977.000","hPa","0.861","-0.02617","0.00035","0","0","13.56","Humid","24.85","0","70.00","286099.28","SABD0000000001","AAV1.0.0.11","1.1.2.0","PSt7-10","170328-006","1/4/2020 10:31:52","0000-00","0","no battery","V"
"11/02/2020","13:11:53","1","default","640513929","OXY_CH1","117.509","min","183.841","µmol/L","Humid","21.778","deg","40147","µV","26.500","°C","1018.000","hPa","35.3","pmil","0","55.520","deg","20.000","°C","100.000","%a.s.","21.750","deg","20.000","°C","977.000","hPa","0.861","-0.02617","0.00035","0","0","13.56","Humid","24.85","0","70.00","286090.07","SABD0000000001","AAV1.0.0.11","1.1.2.0","PSt7-10","170328-006","1/4/2020 10:31:52","0000-00","0","no battery","V"
"11/02/2020","13:11:54","1","default","640513929","OXY_CH1","117.526","min","183.838","µmol/L","Humid","21.782","deg","40143","µV","26.489","°C","1018.000","hPa","35.3","pmil","0","55.520","deg","20.000","°C","100.000","%a.s.","21.750","deg","20.000","°C","977.000","hPa","0.861","-0.02617","0.00035","0","0","13.56","Humid","24.85","0","70.00","286097.11","SABD0000000001","AAV1.0.0.11","1.1.2.0","PSt7-10","170328-006","1/4/2020 10:31:52","0000-00","0","no battery","V"
"11/02/2020","13:11:55","1","default","640513929","OXY_CH1","117.542","min","184.132","µmol/L","Humid","21.763","deg","40152","µV","26.491","°C","1018.000","hPa","35.3","pmil","0","55.520","deg","20.000","°C","100.000","%a.s.","21.750","deg","20.000","°C","977.000","hPa","0.861","-0.02617","0.00035","0","0","13.56","Humid","24.85","0","70.00","286096.61","SABD0000000001","AAV1.0.0.11","1.1.2.0","PSt7-10","170328-006","1/4/2020 10:31:52","0000-00","0","no battery","V"
"11/02/2020","13:11:56","1","default","640513929","OXY_CH1","117.559","min","184.057","µmol/L","Humid","21.773","deg","40153","µV","26.475","°C","1018.000","hPa","35.3","pmil","0","55.520","deg","20.000","°C","100.000","%a.s.","21.750","deg","20.000","°C","977.000","hPa","0.861","-0.02617","0.00035","0","0","13.56","Humid","24.85","0","70.00","286096.66","SABD0000000001","AAV1.0.0.11","1.1.2.0","PSt7-10","170328-006","1/4/2020 10:31:52","0000-00","0","no battery","V"
"11/02/2020","13:11:57","1","default","640513929","OXY_CH1","117.575","min","183.915","µmol/L","Humid","21.777","deg","40146","µV","26.490","°C","1018.000","hPa","35.3","pmil","0","55.520","deg","20.000","°C","100.000","%a.s.","21.750","deg","20.000","°C","977.000","hPa","0.861","-0.02617","0.00035","0","0","13.56","Humid","24.85","0","70.00","286101.17","SABD0000000001","AAV1.0.0.11","1.1.2.0","PSt7-10","170328-006","1/4/2020 10:31:52","0000-00","0","no battery","V"
"11/02/2020","13:11:58","1","default","640513929","OXY_CH1","117.592","min","184.065","µmol/L","Humid","21.766","deg","40151","µV","26.494","°C","1018.000","hPa","35.3","pmil","0","55.520","deg","20.000","°C","100.000","%a.s.","21.750","deg","20.000","°C","977.000","hPa","0.861","-0.02617","0.00035","0","0","13.56","Humid","24.85","0","70.00","286107.85","SABD0000000001","AAV1.0.0.11","1.1.2.0","PSt7-10","170328-006","1/4/2020 10:31:52","0000-00","0","no battery","V"
"11/02/2020","13:11:59","1","default","640513929","OXY_CH1","117.608","min","184.075","µmol/L","Humid","21.770","deg","40153","µV","26.481","°C","1018.000","hPa","35.3","pmil","0","55.520","deg","20.000","°C","100.000","%a.s.","21.750","deg","20.000","°C","977.000","hPa","0.861","-0.02617","0.00035","0","0","13.56","Humid","24.85","0","70.00","286103.64","SABD0000000001","AAV1.0.0.11","1.1.2.0","PSt7-10","170328-006","1/4/2020 10:31:52","0000-00","0","no battery","V"
"11/02/2020","13:12:00","1","default","640513929","OXY_CH1","117.625","min","184.136","µmol/L","Humid","21.763","deg","40151","µV","26.490","°C","1018.000","hPa","35.3","pmil","0","55.520","deg","20.000","°C","100.000","%a.s.","21.750","deg","20.000","°C","977.000","hPa","0.861","-0.02617","0.00035","0","0","13.56","Humid","24.85","0","70.00","286100.85","SABD0000000001","AAV1.0.0.11","1.1.2.0","PSt7-10","170328-006","1/4/2020 10:31:52","0000-00","0","no battery","V"
"11/02/2020","13:12:01","1","default","640513929","OXY_CH1","117.642","min","184.072","µmol/L","Humid","21.766","deg","40155","µV","26.493","°C","1018.000","hPa","35.3","pmil","0","55.520","deg","20.000","°C","100.000","%a.s.","21.750","deg","20.000","°C","977.000","hPa","0.861","-0.02617","0.00035","0","0","13.56","Humid","24.85","0","70.00","286102.74","SABD0000000001","AAV1.0.0.11","1.1.2.0","PSt7-10","170328-006","1/4/2020 10:31:52","0000-00","0","no battery","V"
"11/02/2020","13:12:02","1","default","640513929","OXY_CH1","117.659","min","184.040","µmol/L","Humid","21.767","deg","40151","µV","26.496","°C","1018.000","hPa","35.3","pmil","0","55.520","deg","20.000","°C","100.000","%a.s.","21.750","deg","20.000","°C","977.000","hPa","0.861","-0.02617","0.00035","0","0","13.56","Humid","24.85","0","70.00","286104.05","SABD0000000001","AAV1.0.0.11","1.1.2.0","PSt7-10","170328-006","1/4/2020 10:31:52","0000-00","0","no battery","V"
"11/02/2020","13:12:03","1","default","640513929","OXY_CH1","117.675","min","184.107","µmol/L","Humid","21.762","deg","40152","µV","26.499","°C","1018.000","hPa","35.3","pmil","0","55.520","deg","20.000","°C","100.000","%a.s.","21.750","deg","20.000","°C","977.000","hPa","0.861","-0.02617","0.00035","0","0","13.56","Humid","24.85","0","70.00","286094.26","SABD0000000001","AAV1.0.0.11","1.1.2.0","PSt7-10","170328-006","1/4/2020 10:31:52","0000-00","0","no battery","V"
"11/02/2020","13:12:04","1","default","640513929","OXY_CH1","117.692","min","184.105","µmol/L","Humid","21.763","deg","40147","µV","26.496","°C","1018.000","hPa","35.3","pmil","0","55.520","deg","20.000","°C","100.000","%a.s.","21.750","deg","20.000","°C","977.000","hPa","0.861","-0.02617","0.00035","0","0","13.56","Humid","24.85","0","70.00","286097.28","SABD0000000001","AAV1.0.0.11","1.1.2.0","PSt7-10","170328-006","1/4/2020 10:31:52","0000-00","0","no battery","V"
"11/02/2020","13:12:05","1","default","640513929","OXY_CH1","117.709","min","184.143","µmol/L","Humid","21.761","deg","40156","µV","26.495","°C","1018.000","hPa","35.3","pmil","0","55.520","deg","20.000","°C","100.000","%a.s.","21.750","deg","20.000","°C","977.000","hPa","0.861","-0.02617","0.00035","0","0","13.56","Humid","24.85","0","70.00","286105.07","SABD0000000001","AAV1.0.0.11","1.1.2.0","PSt7-10","170328-006","1/4/2020 10:31:52","0000-00","0","no battery","V"
"11/02/2020","13:12:06","1","default","640513929","OXY_CH1","117.726","min","184.197","µmol/L","Humid","21.756","deg","40152","µV","26.500","°C","1018.000","hPa","35.3","pmil","0","55.520","deg","20.000","°C","100.000","%a.s.","21.750","deg","20.000","°C","977.000","hPa","0.861","-0.02617","0.00035","0","0","13.56","Humid","24.85","0","70.00","286098.14","SABD0000000001","AAV1.0.0.11","1.1.2.0","PSt7-10","170328-006","1/4/2020 10:31:52","0000-00","0","no battery","V"
"11/02/2020","13:12:07","1","default","640513929","OXY_CH1","117.742","min","184.083","µmol/L","Humid","21.762","deg","40154","µV","26.503","°C","1018.000","hPa","35.3","pmil","0","55.520","deg","20.000","°C","100.000","%a.s.","21.750","deg","20.000","°C","977.000","hPa","0.861","-0.02617","0.00035","0","0","13.56","Humid","24.85","0","70.00","286097.75","SABD0000000001","AAV1.0.0.11","1.1.2.0","PSt7-10","170328-006","1/4/2020 10:31:52","0000-00","0","no battery","V"
"11/02/2020","13:12:08","1","default","640513929","OXY_CH1","117.759","min","184.085","µmol/L","Humid","21.762","deg","40149","µV","26.503","°C","1018.000","hPa","35.3","pmil","0","55.520","deg","20.000","°C","100.000","%a.s.","21.750","deg","20.000","°C","977.000","hPa","0.861","-0.02617","0.00035","0","0","13.56","Humid","24.85","0","70.00","286104.30","SABD0000000001","AAV1.0.0.11","1.1.2.0","PSt7-10","170328-006","1/4/2020 10:31:52","0000-00","0","no battery","V"
"11/02/2020","13:12:09","1","default","640513929","OXY_CH1","117.775","min","184.152","µmol/L","Humid","21.762","deg","40150","µV","26.490","°C","1018.000","hPa","35.3","pmil","0","55.520","deg","20.000","°C","100.000","%a.s.","21.750","deg","20.000","°C","977.000","hPa","0.861","-0.02617","0.00035","0","0","13.56","Humid","24.85","0","70.00","286100.20","SABD0000000001","AAV1.0.0.11","1.1.2.0","PSt7-10","170328-006","1/4/2020 10:31:52","0000-00","0","no battery","V"
"11/02/2020","13:12:10","1","default","640513929","OXY_CH1","117.792","min","184.060","µmol/L","Humid","21.767","deg","40146","µV","26.492","°C","1018.000","hPa","35.3","pmil","0","55.520","deg","20.000","°C","100.000","%a.s.","21.750","deg","20.000","°C","977.000","hPa","0.861","-0.02617","0.00035","0","0","13.56","Humid","24.85","0","70.00","286101.29","SABD0000000001","AAV1.0.0.11","1.1.2.0","PSt7-10","170328-006","1/4/2020 10:31:52","0000-00","0","no battery","V"
"11/02/2020","13:12:11","1","default","640513929","OXY_CH1","117.808","min","184.167","µmol/L","Humid","21.759","deg","40162","µV","26.496","°C","1018.000","hPa","35.3","pmil","0","55.520","deg","20.000","°C","100.000","%a.s.","21.750","deg","20.000","°C","977.000","hPa","0.861","-0.02617","0.00035","0","0","13.56","Humid","24.85","0","70.00","286089.95","SABD0000000001","AAV1.0.0.11","1.1.2.0","PSt7-10","170328-006","1/4/2020 10:31:52","0000-00","0","no battery","V"
"11/02/2020","13:12:12","1","default","640513929","OXY_CH1","117.825","min","184.100","µmol/L","Humid","21.760","deg","40162","µV","26.506","°C","1018.000","hPa","35.3","pmil","0","55.520","deg","20.000","°C","100.000","%a.s.","21.750","deg","20.000","°C","977.000","hPa","0.861","-0.02617","0.00035","0","0","13.56","Humid","24.85","0","70.00","286091.10","SABD0000000001","AAV1.0.0.11","1.1.2.0","PSt7-10","170328-006","1/4/2020 10:31:52","0000-00","0","no battery","V"
"11/02/2020","13:12:13","1","default","640513929","OXY_CH1","117.842","min","184.397","µmol/L","Humid","21.747","deg","40162","µV","26.489","°C","1018.000","hPa","35.3","pmil","0","55.520","deg","20.000","°C","100.000","%a.s.","21.750","deg","20.000","°C","977.000","hPa","0.861","-0.02617","0.00035","0","0","13.56","Humid","24.85","0","70.00","286097.78","SABD0000000001","AAV1.0.0.11","1.1.2.0","PSt7-10","170328-006","1/4/2020 10:31:52","0000-00","0","no battery","V"
"11/02/2020","13:12:14","1","default","640513929","OXY_CH1","117.859","min","184.331","µmol/L","Humid","21.750","deg","40152","µV","26.493","°C","1018.000","hPa","35.3","pmil","0","55.520","deg","20.000","°C","100.000","%a.s.","21.750","deg","20.000","°C","977.000","hPa","0.861","-0.02617","0.00035","0","0","13.56","Humid","24.85","0","70.00","286106.56","SABD0000000001","AAV1.0.0.11","1.1.2.0","PSt7-10","170328-006","1/4/2020 10:31:52","0000-00","0","no battery","V"
"11/02/2020","13:12:15","1","default","640513929","OXY_CH1","117.875","min","184.297","µmol/L","Humid","21.757","deg","40156","µV","26.478","°C","1018.000","hPa","35.3","pmil","0","55.520","deg","20.000","°C","100.000","%a.s.","21.750","deg","20.000","°C","977.000","hPa","0.861","-0.02617","0.00035","0","0","13.56","Humid","24.85","0","70.00","286112.99","SABD0000000001","AAV1.0.0.11","1.1.2.0","PSt7-10","170328-006","1/4/2020 10:31:52","0000-00","0","no battery","V"
"11/02/2020","13:12:16","1","default","640513929","OXY_CH1","117.892","min","184.339","µmol/L","Humid","21.750","deg","40144","µV","26.491","°C","1018.000","hPa","35.3","pmil","0","55.520","deg","20.000","°C","100.000","%a.s.","21.750","deg","20.000","°C","977.000","hPa","0.861","-0.02617","0.00035","0","0","13.56","Humid","24.85","0","70.00","286108.71","SABD0000000001","AAV1.0.0.11","1.1.2.0","PSt7-10","170328-006","1/4/2020 10:31:52","0000-00","0","no battery","V"
"11/02/2020","13:12:17","1","default","640513929","OXY_CH1","117.909","min","184.406","µmol/L","Humid","21.744","deg","40145","µV","26.497","°C","1018.000","hPa","35.3","pmil","0","55.520","deg","20.000","°C","100.000","%a.s.","21.750","deg","20.000","°C","977.000","hPa","0.861","-0.02617","0.00035","0","0","13.56","Humid","24.85","0","70.00","286100.41","SABD0000000001","AAV1.0.0.11","1.1.2.0","PSt7-10","170328-006","1/4/2020 10:31:52","0000-00","0","no battery","V"
"11/02/2020","13:12:18","1","default","640513929","OXY_CH1","117.926","min","184.371","µmol/L","Humid","21.745","deg","40145","µV","26.500","°C","1018.000","hPa","35.3","pmil","0","55.520","deg","20.000","°C","100.000","%a.s.","21.750","deg","20.000","°C","977.000","hPa","0.861","-0.02617","0.00035","0","0","13.56","Humid","24.85","0","70.00","286104.42","SABD0000000001","AAV1.0.0.11","1.1.2.0","PSt7-10","170328-006","1/4/2020 10:31:52","0000-00","0","no battery","V"
"11/02/2020","13:12:19","1","default","640513929","OXY_CH1","117.942","min","184.412","µmol/L","Humid","21.746","deg","40144","µV","26.490","°C","1018.000","hPa","35.3","pmil","0","55.520","deg","20.000","°C","100.000","%a.s.","21.750","deg","20.000","°C","977.000","hPa","0.861","-0.02617","0.00035","0","0","13.56","Humid","24.85","0","70.00","286096.10","SABD0000000001","AAV1.0.0.11","1.1.2.0","PSt7-10","170328-006","1/4/2020 10:31:52","0000-00","0","no battery","V"
"11/02/2020","13:12:20","1","default","640513929","OXY_CH1","117.959","min","184.394","µmol/L","Humid","21.747","deg","40144","µV","26.490","°C","1018.000","hPa","35.3","pmil","0","55.520","deg","20.000","°C","100.000","%a.s.","21.750","deg","20.000","°C","977.000","hPa","0.861","-0.02617","0.00035","0","0","13.56","Humid","24.85","0","70.00","286098.81","SABD0000000001","AAV1.0.0.11","1.1.2.0","PSt7-10","170328-006","1/4/2020 10:31:52","0000-00","0","no battery","V"
"11/02/2020","13:12:21","1","default","640513929","OXY_CH1","117.975","min","184.198","µmol/L","Humid","21.750","deg","40138","µV","26.518","°C","1018.000","hPa","35.3","pmil","0","55.520","deg","20.000","°C","100.000","%a.s.","21.750","deg","20.000","°C","977.000","hPa","0.861","-0.02617","0.00035","0","0","13.56","Humid","24.85","0","70.00","286109.22","SABD0000000001","AAV1.0.0.11","1.1.2.0","PSt7-10","170328-006","1/4/2020 10:31:52","0000-00","0","no battery","V"
"11/02/2020","13:12:22","1","default","640513929","OXY_CH1","117.992","min","184.312","µmol/L","Humid","21.749","deg","40140","µV","26.499","°C","1018.000","hPa","35.3","pmil","0","55.520","deg","20.000","°C","100.000","%a.s.","21.750","deg","20.000","°C","977.000","hPa","0.861","-0.02617","0.00035","0","0","13.56","Humid","24.85","0","70.00","286105.69","SABD0000000001","AAV1.0.0.11","1.1.2.0","PSt7-10","170328-006","1/4/2020 10:31:52","0000-00","0","no battery","V"
"11/02/2020","13:12:23","1","default","640513929","OXY_CH1","118.008","min","184.352","µmol/L","Humid","21.746","deg","40143","µV","26.501","°C","1018.000","hPa","35.3","pmil","0","55.520","deg","20.000","°C","100.000","%a.s.","21.750","deg","20.000","°C","977.000","hPa","0.861","-0.02617","0.00035","0","0","13.56","Humid","24.85","0","70.00","286097.74","SABD0000000001","AAV1.0.0.11","1.1.2.0","PSt7-10","170328-006","1/4/2020 10:31:52","0000-00","0","no battery","V"
"11/02/2020","13:12:24","1","default","640513929","OXY_CH1","118.025","min","184.433","µmol/L","Humid","21.742","deg","40147","µV","26.498","°C","1018.000","hPa","35.3","pmil","0","55.520","deg","20.000","°C","100.000","%a.s.","21.750","deg","20.000","°C","977.000","hPa","0.861","-0.02617","0.00035","0","0","13.56","Humid","24.85","0","70.00","286097.69","SABD0000000001","AAV1.0.0.11","1.1.2.0","PSt7-10","170328-006","1/4/2020 10:31:52","0000-00","0","no battery","V"
"11/02/2020","13:12:25","1","default","640513929","OXY_CH1","118.042","min","184.460","µmol/L","Humid","21.741","deg","40138","µV","26.496","°C","1018.000","hPa","35.3","pmil","0","55.520","deg","20.000","°C","100.000","%a.s.","21.750","deg","20.000","°C","977.000","hPa","0.861","-0.02617","0.00035","0","0","13.56","Humid","24.85","0","70.00","286103.60","SABD0000000001","AAV1.0.0.11","1.1.2.0","PSt7-10","170328-006","1/4/2020 10:31:52","0000-00","0","no battery","V"
"11/02/2020","13:12:26","1","default","640513929","OXY_CH1","118.059","min","184.374","µmol/L","Humid","21.748","deg","40132","µV","26.491","°C","1018.000","hPa","35.3","pmil","0","55.520","deg","20.000","°C","100.000","%a.s.","21.750","deg","20.000","°C","977.000","hPa","0.861","-0.02617","0.00035","0","0","13.56","Humid","24.85","0","70.00","286093.62","SABD0000000001","AAV1.0.0.11","1.1.2.0","PSt7-10","170328-006","1/4/2020 10:31:52","0000-00","0","no battery","V"
"11/02/2020","13:12:27","1","default","640513929","OXY_CH1","118.075","min","184.473","µmol/L","Humid","21.740","deg","40132","µV","26.496","°C","1018.000","hPa","35.3","pmil","0","55.520","deg","20.000","°C","100.000","%a.s.","21.750","deg","20.000","°C","977.000","hPa","0.861","-0.02617","0.00035","0","0","13.56","Humid","24.85","0","70.00","286100.71","SABD0000000001","AAV1.0.0.11","1.1.2.0","PSt7-10","170328-006","1/4/2020 10:31:52","0000-00","0","no battery","V"
"11/02/2020","13:12:28","1","default","640513929","OXY_CH1","118.092","min","184.342","µmol/L","Humid","21.748","deg","40120","µV","26.497","°C","1018.000","hPa","35.3","pmil","0","55.520","deg","20.000","°C","100.000","%a.s.","21.750","deg","20.000","°C","977.000","hPa","0.861","-0.02617","0.00035","0","0","13.56","Humid","24.85","0","70.00","286096.81","SABD0000000001","AAV1.0.0.11","1.1.2.0","PSt7-10","170328-006","1/4/2020 10:31:52","0000-00","0","no battery","V"
"11/02/2020","13:12:29","1","default","640513929","OXY_CH1","118.109","min","184.657","µmol/L","Humid","21.731","deg","40123","µV","26.489","°C","1018.000","hPa","35.3","pmil","0","55.520","deg","20.000","°C","100.000","%a.s.","21.750","deg","20.000","°C","977.000","hPa","0.861","-0.02617","0.00035","0","0","13.56","Humid","24.85","0","70.00","286094.28","SABD0000000001","AAV1.0.0.11","1.1.2.0","PSt7-10","170328-006","1/4/2020 10:31:52","0000-00","0","no battery","V"
"11/02/2020","13:12:30","1","default","640513929","OXY_CH1","118.125","min","184.447","µmol/L","Humid","21.740","deg","40132","µV","26.501","°C","1018.000","hPa","35.3","pmil","0","55.520","deg","20.000","°C","100.000","%a.s.","21.750","deg","20.000","°C","977.000","hPa","0.861","-0.02617","0.00035","0","0","13.56","Humid","24.85","0","70.00","286095.05","SABD0000000001","AAV1.0.0.11","1.1.2.0","PSt7-10","170328-006","1/4/2020 10:31:52","0000-00","0","no battery","V"
"11/02/2020","13:12:31","1","default","640513929","OXY_CH1","118.142","min","184.465","µmol/L","Humid","21.740","deg","40128","µV","26.498","°C","1018.000","hPa","35.3","pmil","0","55.520","deg","20.000","°C","100.000","%a.s.","21.750","deg","20.000","°C","977.000","hPa","0.861","-0.02617","0.00035","0","0","13.56","Humid","24.85","0","70.00","286102.63","SABD0000000001","AAV1.0.0.11","1.1.2.0","PSt7-10","170328-006","1/4/2020 10:31:52","0000-00","0","no battery","V"
"11/02/2020","13:12:32","1","default","640513929","OXY_CH1","118.159","min","184.524","µmol/L","Humid","21.733","deg","40127","µV","26.508","°C","1018.000","hPa","35.3","pmil","0","55.520","deg","20.000","°C","100.000","%a.s.","21.750","deg","20.000","°C","977.000","hPa","0.861","-0.02617","0.00035","0","0","13.56","Humid","24.85","0","70.00","286099.25","SABD0000000001","AAV1.0.0.11","1.1.2.0","PSt7-10","170328-006","1/4/2020 10:31:52","0000-00","0","no battery","V"
"11/02/2020","13:12:33","1","default","640513929","OXY_CH1","118.176","min","184.586","µmol/L","Humid","21.735","deg","40133","µV","26.490","°C","1018.000","hPa","35.3","pmil","0","55.520","deg","20.000","°C","100.000","%a.s.","21.750","deg","20.000","°C","977.000","hPa","0.861","-0.02617","0.00035","0","0","13.56","Humid","24.85","0","70.00","286113.69","SABD0000000001","AAV1.0.0.11","1.1.2.0","PSt7-10","170328-006","1/4/2020 10:31:52","0000-00","0","no battery","V"
"11/02/2020","13:12:34","1","default","640513929","OXY_CH1","118.192","min","184.527","µmol/L","Humid","21.738","deg","40131","µV","26.492","°C","1018.000","hPa","35.3","pmil","0","55.520","deg","20.000","°C","100.000","%a.s.","21.750","deg","20.000","°C","977.000","hPa","0.861","-0.02617","0.00035","0","0","13.56","Humid","24.85","0","70.00","286090.56","SABD0000000001","AAV1.0.0.11","1.1.2.0","PSt7-10","170328-006","1/4/2020 10:31:52","0000-00","0","no battery","V"
"11/02/2020","13:12:35","1","default","640513929","OXY_CH1","118.208","min","184.519","µmol/L","Humid","21.739","deg","40135","µV","26.491","°C","1018.000","hPa","35.3","pmil","0","55.520","deg","20.000","°C","100.000","%a.s.","21.750","deg","20.000","°C","977.000","hPa","0.861","-0.02617","0.00035","0","0","13.56","Humid","24.85","0","70.00","286098.43","SABD0000000001","AAV1.0.0.11","1.1.2.0","PSt7-10","170328-006","1/4/2020 10:31:52","0000-00","0","no battery","V"
"11/02/2020","13:12:36","1","default","640513929","OXY_CH1","118.225","min","184.661","µmol/L","Humid","21.729","deg","40128","µV","26.494","°C","1018.000","hPa","35.3","pmil","0","55.520","deg","20.000","°C","100.000","%a.s.","21.750","deg","20.000","°C","977.000","hPa","0.861","-0.02617","0.00035","0","0","13.56","Humid","24.85","0","70.00","286099.63","SABD0000000001","AAV1.0.0.11","1.1.2.0","PSt7-10","170328-006","1/4/2020 10:31:52","0000-00","0","no battery","V"
"11/02/2020","13:12:37","1","default","640513929","OXY_CH1","118.242","min","184.589","µmol/L","Humid","21.732","deg","40127","µV","26.498","°C","1018.000","hPa","35.3","pmil","0","55.520","deg","20.000","°C","100.000","%a.s.","21.750","deg","20.000","°C","977.000","hPa","0.861","-0.02617","0.00035","0","0","13.56","Humid","24.85","0","70.00","286083.21","SABD0000000001","AAV1.0.0.11","1.1.2.0","PSt7-10","170328-006","1/4/2020 10:31:52","0000-00","0","no battery","V"
"11/02/2020","13:12:38","1","default","640513929","OXY_CH1","118.259","min","184.523","µmol/L","Humid","21.739","deg","40127","µV","26.490","°C","1018.000","hPa","35.3","pmil","0","55.520","deg","20.000","°C","100.000","%a.s.","21.750","deg","20.000","°C","977.000","hPa","0.861","-0.02617","0.00035","0","0","13.56","Humid","24.85","0","70.00","286092.87","SABD0000000001","AAV1.0.0.11","1.1.2.0","PSt7-10","170328-006","1/4/2020 10:31:52","0000-00","0","no battery","V"
"11/02/2020","13:12:39","1","default","640513929","OXY_CH1","118.275","min","184.565","µmol/L","Humid","21.735","deg","40123","µV","26.494","°C","1018.000","hPa","35.3","pmil","0","55.520","deg","20.000","°C","100.000","%a.s.","21.750","deg","20.000","°C","977.000","hPa","0.861","-0.02617","0.00035","0","0","13.56","Humid","24.85","0","70.00","286099.27","SABD0000000001","AAV1.0.0.11","1.1.2.0","PSt7-10","170328-006","1/4/2020 10:31:52","0000-00","0","no battery","V"
"11/02/2020","13:12:40","1","default","640513929","OXY_CH1","118.292","min","184.533","µmol/L","Humid","21.732","deg","40121","µV","26.509","°C","1018.000","hPa","35.3","pmil","0","55.520","deg","20.000","°C","100.000","%a.s.","21.750","deg","20.000","°C","977.000","hPa","0.861","-0.02617","0.00035","0","0","13.56","Humid","24.85","0","70.00","286101.18","SABD0000000001","AAV1.0.0.11","1.1.2.0","PSt7-10","170328-006","1/4/2020 10:31:52","0000-00","0","no battery","V"
"11/02/2020","13:12:41","1","default","640513929","OXY_CH1","118.309","min","184.532","µmol/L","Humid","21.731","deg","40124","µV","26.512","°C","1018.000","hPa","35.3","pmil","0","55.520","deg","20.000","°C","100.000","%a.s.","21.750","deg","20.000","°C","977.000","hPa","0.861","-0.02617","0.00035","0","0","13.56","Humid","24.85","0","70.00","286100.96","SABD0000000001","AAV1.0.0.11","1.1.2.0","PSt7-10","170328-006","1/4/2020 10:31:52","0000-00","0","no battery","V"
"11/02/2020","13:12:42","1","default","640513929","OXY_CH1","118.325","min","184.546","µmol/L","Humid","21.730","deg","40119","µV","26.512","°C","1018.000","hPa","35.3","pmil","0","55.520","deg","20.000","°C","100.000","%a.s.","21.750","deg","20.000","°C","977.000","hPa","0.861","-0.02617","0.00035","0","0","13.56","Humid","24.85","0","70.00","286094.03","SABD0000000001","AAV1.0.0.11","1.1.2.0","PSt7-10","170328-006","1/4/2020 10:31:52","0000-00","0","no battery","V"
"11/02/2020","13:12:43","1","default","640513929","OXY_CH1","118.342","min","184.694","µmol/L","Humid","21.728","deg","40116","µV","26.491","°C","1018.000","hPa","35.3","pmil","0","55.520","deg","20.000","°C","100.000","%a.s.","21.750","deg","20.000","°C","977.000","hPa","0.861","-0.02617","0.00035","0","0","13.56","Humid","24.85","0","70.00","286094.90","SABD0000000001","AAV1.0.0.11","1.1.2.0","PSt7-10","170328-006","1/4/2020 10:31:52","0000-00","0","no battery","V"
"11/02/2020","13:12:44","1","default","640513929","OXY_CH1","118.359","min","184.644","µmol/L","Humid","21.728","deg","40117","µV","26.500","°C","1018.000","hPa","35.3","pmil","0","55.520","deg","20.000","°C","100.000","%a.s.","21.750","deg","20.000","°C","977.000","hPa","0.861","-0.02617","0.00035","0","0","13.56","Humid","24.85","0","70.00","286093.81","SABD0000000001","AAV1.0.0.11","1.1.2.0","PSt7-10","170328-006","1/4/2020 10:31:52","0000-00","0","no battery","V"
"11/02/2020","13:12:45","1","default","640513929","OXY_CH1","118.376","min","184.659","µmol/L","Humid","21.728","deg","40123","µV","26.497","°C","1018.000","hPa","35.3","pmil","0","55.520","deg","20.000","°C","100.000","%a.s.","21.750","deg","20.000","°C","977.000","hPa","0.861","-0.02617","0.00035","0","0","13.56","Humid","24.85","0","70.00","286102.27","SABD0000000001","AAV1.0.0.11","1.1.2.0","PSt7-10","170328-006","1/4/2020 10:31:52","0000-00","0","no battery","V"
"11/02/2020","13:12:46","1","default","640513929","OXY_CH1","118.392","min","184.617","µmol/L","Humid","21.729","deg","40117","µV","26.502","°C","1018.000","hPa","35.3","pmil","0","55.520","deg","20.000","°C","100.000","%a.s.","21.750","deg","20.000","°C","977.000","hPa","0.861","-0.02617","0.00035","0","0","13.56","Humid","24.85","0","70.00","286095.73","SABD0000000001","AAV1.0.0.11","1.1.2.0","PSt7-10","170328-006","1/4/2020 10:31:52","0000-00","0","no battery","V"
"11/02/2020","13:12:47","1","default","640513929","OXY_CH1","118.409","min","184.624","µmol/L","Humid","21.730","deg","40110","µV","26.498","°C","1018.000","hPa","35.3","pmil","0","55.520","deg","20.000","°C","100.000","%a.s.","21.750","deg","20.000","°C","977.000","hPa","0.861","-0.02617","0.00035","0","0","13.56","Humid","24.85","0","70.00","286091.69","SABD0000000001","AAV1.0.0.11","1.1.2.0","PSt7-10","170328-006","1/4/2020 10:31:52","0000-00","0","no battery","V"
"11/02/2020","13:12:48","1","default","640513929","OXY_CH1","118.425","min","184.679","µmol/L","Humid","21.728","deg","40118","µV","26.494","°C","1018.000","hPa","35.3","pmil","0","55.520","deg","20.000","°C","100.000","%a.s.","21.750","deg","20.000","°C","977.000","hPa","0.861","-0.02617","0.00035","0","0","13.56","Humid","24.85","0","70.00","286100.46","SABD0000000001","AAV1.0.0.11","1.1.2.0","PSt7-10","170328-006","1/4/2020 10:31:52","0000-00","0","no battery","V"
"11/02/2020","13:12:49","1","default","640513929","OXY_CH1","118.442","min","184.622","µmol/L","Humid","21.728","deg","40111","µV","26.504","°C","1018.000","hPa","35.3","pmil","0","55.520","deg","20.000","°C","100.000","%a.s.","21.750","deg","20.000","°C","977.000","hPa","0.861","-0.02617","0.00035","0","0","13.56","Humid","24.85","0","70.00","286112.40","SABD0000000001","AAV1.0.0.11","1.1.2.0","PSt7-10","170328-006","1/4/2020 10:31:52","0000-00","0","no battery","V"
"11/02/2020","13:12:50","1","default","640513929","OXY_CH1","118.458","min","184.707","µmol/L","Humid","21.729","deg","40113","µV","26.485","°C","1018.000","hPa","35.3","pmil","0","55.520","deg","20.000","°C","100.000","%a.s.","21.750","deg","20.000","°C","977.000","hPa","0.861","-0.02617","0.00035","0","0","13.56","Humid","24.85","0","70.00","286109.03","SABD0000000001","AAV1.0.0.11","1.1.2.0","PSt7-10","170328-006","1/4/2020 10:31:52","0000-00","0","no battery","V"
"11/02/2020","13:12:51","1","default","640513929","OXY_CH1","118.475","min","184.869","µmol/L","Humid","21.718","deg","40113","µV","26.488","°C","1018.000","hPa","35.3","pmil","0","55.520","deg","20.000","°C","100.000","%a.s.","21.750","deg","20.000","°C","977.000","hPa","0.861","-0.02617","0.00035","0","0","13.56","Humid","24.85","0","70.00","286095.43","SABD0000000001","AAV1.0.0.11","1.1.2.0","PSt7-10","170328-006","1/4/2020 10:31:52","0000-00","0","no battery","V"
"11/02/2020","13:12:52","1","default","640513929","OXY_CH1","118.492","min","184.714","µmol/L","Humid","21.728","deg","40111","µV","26.487","°C","1018.000","hPa","35.3","pmil","0","55.520","deg","20.000","°C","100.000","%a.s.","21.750","deg","20.000","°C","977.000","hPa","0.861","-0.02617","0.00035","0","0","13.56","Humid","24.85","0","70.00","286097.86","SABD0000000001","AAV1.0.0.11","1.1.2.0","PSt7-10","170328-006","1/4/2020 10:31:52","0000-00","0","no battery","V"
"11/02/2020","13:12:53","1","default","640513929","OXY_CH1","118.509","min","184.667","µmol/L","Humid","21.725","deg","40099","µV","26.505","°C","1018.000","hPa","35.3","pmil","0","55.520","deg","20.000","°C","100.000","%a.s.","21.750","deg","20.000","°C","977.000","hPa","0.861","-0.02617","0.00035","0","0","13.56","Humid","24.85","0","70.00","286098.79","SABD0000000001","AAV1.0.0.11","1.1.2.0","PSt7-10","170328-006","1/4/2020 10:31:52","0000-00","0","no battery","V"
"11/02/2020","13:12:54","1","default","640513929","OXY_CH1","118.525","min","184.710","µmol/L","Humid","21.727","deg","40102","µV","26.491","°C","1018.000","hPa","35.3","pmil","0","55.520","deg","20.000","°C","100.000","%a.s.","21.750","deg","20.000","°C","977.000","hPa","0.861","-0.02617","0.00035","0","0","13.56","Humid","24.85","0","70.00","286095.43","SABD0000000001","AAV1.0.0.11","1.1.2.0","PSt7-10","170328-006","1/4/2020 10:31:52","0000-00","0","no battery","V"
"11/02/2020","13:12:55","1","default","640513929","OXY_CH1","118.542","min","184.826","µmol/L","Humid","21.719","deg","40106","µV","26.493","°C","1018.000","hPa","35.3","pmil","0","55.520","deg","20.000","°C","100.000","%a.s.","21.750","deg","20.000","°C","977.000","hPa","0.861","-0.02617","0.00035","0","0","13.56","Humid","24.85","0","70.00","286104.35","SABD0000000001","AAV1.0.0.11","1.1.2.0","PSt7-10","170328-006","1/4/2020 10:31:52","0000-00","0","no battery","V"
"11/02/2020","13:12:56","1","default","640513929","OXY_CH1","118.559","min","184.795","µmol/L","Humid","21.722","deg","40117","µV","26.490","°C","1018.000","hPa","35.3","pmil","0","55.520","deg","20.000","°C","100.000","%a.s.","21.750","deg","20.000","°C","977.000","hPa","0.861","-0.02617","0.00035","0","0","13.56","Humid","24.85","0","70.00","286086.69","SABD0000000001","AAV1.0.0.11","1.1.2.0","PSt7-10","170328-006","1/4/2020 10:31:52","0000-00","0","no battery","V"
"11/02/2020","13:12:57","1","default","640513929","OXY_CH1","118.576","min","184.842","µmol/L","Humid","21.719","deg","40110","µV","26.490","°C","1018.000","hPa","35.3","pmil","0","55.520","deg","20.000","°C","100.000","%a.s.","21.750","deg","20.000","°C","977.000","hPa","0.861","-0.02617","0.00035","0","0","13.56","Humid","24.85","0","70.00","286109.10","SABD0000000001","AAV1.0.0.11","1.1.2.0","PSt7-10","170328-006","1/4/2020 10:31:52","0000-00","0","no battery","V"
"11/02/2020","13:12:58","1","default","640513929","OXY_CH1","118.592","min","184.911","µmol/L","Humid","21.716","deg","40109","µV","26.486","°C","1018.000","hPa","35.3","pmil","0","55.520","deg","20.000","°C","100.000","%a.s.","21.750","deg","20.000","°C","977.000","hPa","0.861","-0.02617","0.00035","0","0","13.56","Humid","24.85","0","70.00","286094.02","SABD0000000001","AAV1.0.0.11","1.1.2.0","PSt7-10","170328-006","1/4/2020 10:31:52","0000-00","0","no battery","V"
"11/02/2020","13:12:59","1","default","640513929","OXY_CH1","118.609","min","184.760","µmol/L","Humid","21.718","deg","40106","µV","26.509","°C","1018.000","hPa","35.3","pmil","0","55.520","deg","20.000","°C","100.000","%a.s.","21.750","deg","20.000","°C","977.000","hPa","0.861","-0.02617","0.00035","0","0","13.56","Humid","24.85","0","70.00","286078.83","SABD0000000001","AAV1.0.0.11","1.1.2.0","PSt7-10","170328-006","1/4/2020 10:31:52","0000-00","0","no battery","V"
"11/02/2020","13:13:00","1","default","640513929","OXY_CH1","118.625","min","184.785","µmol/L","Humid","21.716","deg","40101","µV","26.510","°C","1018.000","hPa","35.3","pmil","0","55.520","deg","20.000","°C","100.000","%a.s.","21.750","deg","20.000","°C","977.000","hPa","0.861","-0.02617","0.00035","0","0","13.56","Humid","24.85","0","70.00","286089.48","SABD0000000001","AAV1.0.0.11","1.1.2.0","PSt7-10","170328-006","1/4/2020 10:31:52","0000-00","0","no battery","V"
"11/02/2020","13:13:01","1","default","640513929","OXY_CH1","118.642","min","184.791","µmol/L","Humid","21.722","deg","40093","µV","26.491","°C","1018.000","hPa","35.3","pmil","0","55.520","deg","20.000","°C","100.000","%a.s.","21.750","deg","20.000","°C","977.000","hPa","0.861","-0.02617","0.00035","0","0","13.56","Humid","24.85","0","70.00","286091.11","SABD0000000001","AAV1.0.0.11","1.1.2.0","PSt7-10","170328-006","1/4/2020 10:31:52","0000-00","0","no battery","V"
"11/02/2020","13:13:02","1","default","640513929","OXY_CH1","118.659","min","184.821","µmol/L","Humid","21.718","deg","40098","µV","26.497","°C","1018.000","hPa","35.3","pmil","0","55.520","deg","20.000","°C","100.000","%a.s.","21.750","deg","20.000","°C","977.000","hPa","0.861","-0.02617","0.00035","0","0","13.56","Humid","24.85","0","70.00","286080.69","SABD0000000001","AAV1.0.0.11","1.1.2.0","PSt7-10","170328-006","1/4/2020 10:31:52","0000-00","0","no battery","V"
"11/02/2020","13:13:03","1","default","640513929","OXY_CH1","118.676","min","184.835","µmol/L","Humid","21.715","deg","40089","µV","26.504","°C","1018.000","hPa","35.3","pmil","0","55.520","deg","20.000","°C","100.000","%a.s.","21.750","deg","20.000","°C","977.000","hPa","0.861","-0.02617","0.00035","0","0","13.56","Humid","24.85","0","70.00","286089.25","SABD0000000001","AAV1.0.0.11","1.1.2.0","PSt7-10","170328-006","1/4/2020 10:31:52","0000-00","0","no battery","V"
"11/02/2020","13:13:04","1","default","640513929","OXY_CH1","118.692","min","184.781","µmol/L","Humid","21.716","deg","40091","µV","26.511","°C","1018.000","hPa","35.3","pmil","0","55.520","deg","20.000","°C","100.000","%a.s.","21.750","deg","20.000","°C","977.000","hPa","0.861","-0.02617","0.00035","0","0","13.56","Humid","24.85","0","70.00","286093.66","SABD0000000001","AAV1.0.0.11","1.1.2.0","PSt7-10","170328-006","1/4/2020 10:31:52","0000-00","0","no battery","V"
"11/02/2020","13:13:05","1","default","640513929","OXY_CH1","118.709","min","184.844","µmol/L","Humid","21.713","deg","40089","µV","26.508","°C","1018.000","hPa","35.3","pmil","0","55.520","deg","20.000","°C","100.000","%a.s.","21.750","deg","20.000","°C","977.000","hPa","0.861","-0.02617","0.00035","0","0","13.56","Humid","24.85","0","70.00","286093.79","SABD0000000001","AAV1.0.0.11","1.1.2.0","PSt7-10","170328-006","1/4/2020 10:31:52","0000-00","0","no battery","V"
"11/02/2020","13:13:06","1","default","640513929","OXY_CH1","118.726","min","184.776","µmol/L","Humid","21.722","deg","40083","µV","26.494","°C","1018.000","hPa","35.3","pmil","0","55.520","deg","20.000","°C","100.000","%a.s.","21.750","deg","20.000","°C","977.000","hPa","0.861","-0.02617","0.00035","0","0","13.56","Humid","24.85","0","70.00","286092.02","SABD0000000001","AAV1.0.0.11","1.1.2.0","PSt7-10","170328-006","1/4/2020 10:31:52","0000-00","0","no battery","V"
"11/02/2020","13:13:07","1","default","640513929","OXY_CH1","118.742","min","184.877","µmol/L","Humid","21.712","deg","40087","µV","26.505","°C","1018.000","hPa","35.3","pmil","0","55.520","deg","20.000","°C","100.000","%a.s.","21.750","deg","20.000","°C","977.000","hPa","0.861","-0.02617","0.00035","0","0","13.56","Humid","24.85","0","70.00","286087.67","SABD0000000001","AAV1.0.0.11","1.1.2.0","PSt7-10","170328-006","1/4/2020 10:31:52","0000-00","0","no battery","V"
"11/02/2020","13:13:08","1","default","640513929","OXY_CH1","118.759","min","184.942","µmol/L","Humid","21.710","deg","40075","µV","26.499","°C","1018.000","hPa","35.3","pmil","0","55.520","deg","20.000","°C","100.000","%a.s.","21.750","deg","20.000","°C","977.000","hPa","0.861","-0.02617","0.00035","0","0","13.56","Humid","24.85","0","70.00","286088.86","SABD0000000001","AAV1.0.0.11","1.1.2.0","PSt7-10","170328-006","1/4/2020 10:31:52","0000-00","0","no battery","V"
"11/02/2020","13:13:09","1","default","640513929","OXY_CH1","118.775","min","184.905","µmol/L","Humid","21.712","deg","40085","µV","26.500","°C","1018.000","hPa","35.3","pmil","0","55.520","deg","20.000","°C","100.000","%a.s.","21.750","deg","20.000","°C","977.000","hPa","0.861","-0.02617","0.00035","0","0","13.56","Humid","24.85","0","70.00","286092.54","SABD0000000001","AAV1.0.0.11","1.1.2.0","PSt7-10","170328-006","1/4/2020 10:31:52","0000-00","0","no battery","V"
"11/02/2020","13:13:10","1","default","640513929","OXY_CH1","118.792","min","184.938","µmol/L","Humid","21.708","deg","40080","µV","26.505","°C","1018.000","hPa","35.3","pmil","0","55.520","deg","20.000","°C","100.000","%a.s.","21.750","deg","20.000","°C","977.000","hPa","0.861","-0.02617","0.00035","0","0","13.56","Humid","24.85","0","70.00","286088.43","SABD0000000001","AAV1.0.0.11","1.1.2.0","PSt7-10","170328-006","1/4/2020 10:31:52","0000-00","0","no battery","V"
"11/02/2020","13:13:11","1","default","640513929","OXY_CH1","118.809","min","185.014","µmol/L","Humid","21.706","deg","40087","µV","26.497","°C","1018.000","hPa","35.3","pmil","0","55.520","deg","20.000","°C","100.000","%a.s.","21.750","deg","20.000","°C","977.000","hPa","0.861","-0.02617","0.00035","0","0","13.56","Humid","24.85","0","70.00","286085.46","SABD0000000001","AAV1.0.0.11","1.1.2.0","PSt7-10","170328-006","1/4/2020 10:31:52","0000-00","0","no battery","V"
"11/02/2020","13:13:12","1","default","640513929","OXY_CH1","118.825","min","184.824","µmol/L","Humid","21.716","deg","40089","µV","26.503","°C","1018.000","hPa","35.3","pmil","0","55.520","deg","20.000","°C","100.000","%a.s.","21.750","deg","20.000","°C","977.000","hPa","0.861","-0.02617","0.00035","0","0","13.56","Humid","24.85","0","70.00","286091.37","SABD0000000001","AAV1.0.0.11","1.1.2.0","PSt7-10","170328-006","1/4/2020 10:31:52","0000-00","0","no battery","V"
"11/02/2020","13:13:13","1","default","640513929","OXY_CH1","118.842","min","185.058","µmol/L","Humid","21.703","deg","40093","µV","26.498","°C","1018.000","hPa","35.3","pmil","0","55.520","deg","20.000","°C","100.000","%a.s.","21.750","deg","20.000","°C","977.000","hPa","0.861","-0.02617","0.00035","0","0","13.56","Humid","24.85","0","70.00","286088.33","SABD0000000001","AAV1.0.0.11","1.1.2.0","PSt7-10","170328-006","1/4/2020 10:31:52","0000-00","0","no battery","V"
"11/02/2020","13:13:14","1","default","640513929","OXY_CH1","118.859","min","184.996","µmol/L","Humid","21.708","deg","40091","µV","26.495","°C","1018.000","hPa","35.3","pmil","0","55.520","deg","20.000","°C","100.000","%a.s.","21.750","deg","20.000","°C","977.000","hPa","0.861","-0.02617","0.00035","0","0","13.56","Humid","24.85","0","70.00","286094.90","SABD0000000001","AAV1.0.0.11","1.1.2.0","PSt7-10","170328-006","1/4/2020 10:31:52","0000-00","0","no battery","V"
"11/02/2020","13:13:15","1","default","640513929","OXY_CH1","118.875","min","185.009","µmol/L","Humid","21.707","deg","40087","µV","26.495","°C","1018.000","hPa","35.3","pmil","0","55.520","deg","20.000","°C","100.000","%a.s.","21.750","deg","20.000","°C","977.000","hPa","0.861","-0.02617","0.00035","0","0","13.56","Humid","24.85","0","70.00","286085.92","SABD0000000001","AAV1.0.0.11","1.1.2.0","PSt7-10","170328-006","1/4/2020 10:31:52","0000-00","0","no battery","V"
"11/02/2020","13:13:16","1","default","640513929","OXY_CH1","118.892","min","185.033","µmol/L","Humid","21.706","deg","40090","µV","26.493","°C","1017.000","hPa","35.3","pmil","0","55.520","deg","20.000","°C","100.000","%a.s.","21.750","deg","20.000","°C","977.000","hPa","0.861","-0.02617","0.00035","0","0","13.56","Humid","24.85","0","70.00","286083.31","SABD0000000001","AAV1.0.0.11","1.1.2.0","PSt7-10","170328-006","1/4/2020 10:31:52","0000-00","0","no battery","V"
"11/02/2020","13:13:17","1","default","640513929","OXY_CH1","118.909","min","185.125","µmol/L","Humid","21.702","deg","40086","µV","26.489","°C","1018.000","hPa","35.3","pmil","0","55.520","deg","20.000","°C","100.000","%a.s.","21.750","deg","20.000","°C","977.000","hPa","0.861","-0.02617","0.00035","0","0","13.56","Humid","24.85","0","70.00","286090.72","SABD0000000001","AAV1.0.0.11","1.1.2.0","PSt7-10","170328-006","1/4/2020 10:31:52","0000-00","0","no battery","V"
"11/02/2020","13:13:18","1","default","640513929","OXY_CH1","118.926","min","184.926","µmol/L","Humid","21.710","deg","40084","µV","26.502","°C","1018.000","hPa","35.3","pmil","0","55.520","deg","20.000","°C","100.000","%a.s.","21.750","deg","20.000","°C","977.000","hPa","0.861","-0.02617","0.00035","0","0","13.56","Humid","24.85","0","70.00","286086.14","SABD0000000001","AAV1.0.0.11","1.1.2.0","PSt7-10","170328-006","1/4/2020 10:31:52","0000-00","0","no battery","V"
"11/02/2020","13:13:19","1","default","640513929","OXY_CH1","118.942","min","185.001","µmol/L","Humid","21.705","deg","40080","µV","26.503","°C","1018.000","hPa","35.3","pmil","0","55.520","deg","20.000","°C","100.000","%a.s.","21.750","deg","20.000","°C","977.000","hPa","0.861","-0.02617","0.00035","0","0","13.56","Humid","24.85","0","70.00","286076.84","SABD0000000001","AAV1.0.0.11","1.1.2.0","PSt7-10","170328-006","1/4/2020 10:31:52","0000-00","0","no battery","V"
"11/02/2020","13:13:20","1","default","640513929","OXY_CH1","118.959","min","184.832","µmol/L","Humid","21.713","deg","40071","µV","26.510","°C","1018.000","hPa","35.3","pmil","0","55.520","deg","20.000","°C","100.000","%a.s.","21.750","deg","20.000","°C","977.000","hPa","0.861","-0.02617","0.00035","0","0","13.56","Humid","24.85","0","70.00","286086.03","SABD0000000001","AAV1.0.0.11","1.1.2.0","PSt7-10","170328-006","1/4/2020 10:31:52","0000-00","0","no battery","V"
"11/02/2020","13:13:21","1","default","640513929","OXY_CH1","118.975","min","185.054","µmol/L","Humid","21.702","deg","40069","µV","26.502","°C","1018.000","hPa","35.3","pmil","0","55.520","deg","20.000","°C","100.000","%a.s.","21.750","deg","20.000","°C","977.000","hPa","0.861","-0.02617","0.00035","0","0","13.56","Humid","24.85","0","70.00","286084.19","SABD0000000001","AAV1.0.0.11","1.1.2.0","PSt7-10","170328-006","1/4/2020 10:31:52","0000-00","0","no battery","V"
"11/02/2020","13:13:22","1","default","640513929","OXY_CH1","118.992","min","185.075","µmol/L","Humid","21.698","deg","40066","µV","26.510","°C","1018.000","hPa","35.3","pmil","0","55.520","deg","20.000","°C","100.000","%a.s.","21.750","deg","20.000","°C","977.000","hPa","0.861","-0.02617","0.00035","0","0","13.56","Humid","24.85","0","70.00","286091.57","SABD0000000001","AAV1.0.0.11","1.1.2.0","PSt7-10","170328-006","1/4/2020 10:31:52","0000-00","0","no battery","V"
"11/02/2020","13:13:23","1","default","640513929","OXY_CH1","119.009","min","184.905","µmol/L","Humid","21.706","deg","40068","µV","26.517","°C","1018.000","hPa","35.3","pmil","0","55.520","deg","20.000","°C","100.000","%a.s.","21.750","deg","20.000","°C","977.000","hPa","0.861","-0.02617","0.00035","0","0","13.56","Humid","24.85","0","70.00","286090.18","SABD0000000001","AAV1.0.0.11","1.1.2.0","PSt7-10","170328-006","1/4/2020 10:31:52","0000-00","0","no battery","V"
"11/02/2020","13:13:24","1","default","640513929","OXY_CH1","119.025","min","184.965","µmol/L","Humid","21.703","deg","40062","µV","26.515","°C","1018.000","hPa","35.3","pmil","0","55.520","deg","20.000","°C","100.000","%a.s.","21.750","deg","20.000","°C","977.000","hPa","0.861","-0.02617","0.00035","0","0","13.56","Humid","24.85","0","70.00","286090.37","SABD0000000001","AAV1.0.0.11","1.1.2.0","PSt7-10","170328-006","1/4/2020 10:31:52","0000-00","0","no battery","V"
"11/02/2020","13:13:25","1","default","640513929","OXY_CH1","119.042","min","185.084","µmol/L","Humid","21.700","deg","40058","µV","26.502","°C","1018.000","hPa","35.3","pmil","0","55.520","deg","20.000","°C","100.000","%a.s.","21.750","deg","20.000","°C","977.000","hPa","0.861","-0.02617","0.00035","0","0","13.56","Humid","24.85","0","70.00","286088.96","SABD0000000001","AAV1.0.0.11","1.1.2.0","PSt7-10","170328-006","1/4/2020 10:31:52","0000-00","0","no battery","V"
"11/02/2020","13:13:26","1","default","640513929","OXY_CH1","119.059","min","185.102","µmol/L","Humid","21.703","deg","40050","µV","26.490","°C","1018.000","hPa","35.3","pmil","0","55.520","deg","20.000","°C","100.000","%a.s.","21.750","deg","20.000","°C","977.000","hPa","0.861","-0.02617","0.00035","0","0","13.56","Humid","24.85","0","70.00","286092.94","SABD0000000001","AAV1.0.0.11","1.1.2.0","PSt7-10","170328-006","1/4/2020 10:31:52","0000-00","0","no battery","V"
"11/02/2020","13:13:27","1","default","640513929","OXY_CH1","119.076","min","185.007","µmol/L","Humid","21.704","deg","40050","µV","26.505","°C","1018.000","hPa","35.3","pmil","0","55.520","deg","20.000","°C","100.000","%a.s.","21.750","deg","20.000","°C","977.000","hPa","0.861","-0.02617","0.00035","0","0","13.56","Humid","24.85","0","70.00","286081.30","SABD0000000001","AAV1.0.0.11","1.1.2.0","PSt7-10","170328-006","1/4/2020 10:31:52","0000-00","0","no battery","V"
"11/02/2020","13:13:28","1","default","640513929","OXY_CH1","119.092","min","185.148","µmol/L","Humid","21.697","deg","40048","µV","26.499","°C","1018.000","hPa","35.3","pmil","0","55.520","deg","20.000","°C","100.000","%a.s.","21.750","deg","20.000","°C","977.000","hPa","0.861","-0.02617","0.00035","0","0","13.56","Humid","24.85","0","70.00","286069.25","SABD0000000001","AAV1.0.0.11","1.1.2.0","PSt7-10","170328-006","1/4/2020 10:31:52","0000-00","0","no battery","V"
"11/02/2020","13:13:29","1","default","640513929","OXY_CH1","119.109","min","185.206","µmol/L","Humid","21.690","deg","40036","µV","26.510","°C","1018.000","hPa","35.3","pmil","0","55.520","deg","20.000","°C","100.000","%a.s.","21.750","deg","20.000","°C","977.000","hPa","0.861","-0.02617","0.00035","0","0","13.56","Humid","24.85","0","70.00","286085.64","SABD0000000001","AAV1.0.0.11","1.1.2.0","PSt7-10","170328-006","1/4/2020 10:31:52","0000-00","0","no battery","V"
"11/02/2020","13:13:30","1","default","640513929","OXY_CH1","119.126","min","185.219","µmol/L","Humid","21.688","deg","40037","µV","26.513","°C","1018.000","hPa","35.3","pmil","0","55.520","deg","20.000","°C","100.000","%a.s.","21.750","deg","20.000","°C","977.000","hPa","0.861","-0.02617","0.00035","0","0","13.56","Humid","24.85","0","70.00","286084.94","SABD0000000001","AAV1.0.0.11","1.1.2.0","PSt7-10","170328-006","1/4/2020 10:31:52","0000-00","0","no battery","V"
"11/02/2020","13:13:31","1","default","640513929","OXY_CH1","119.142","min","185.260","µmol/L","Humid","21.693","deg","40036","µV","26.490","°C","1018.000","hPa","35.3","pmil","0","55.520","deg","20.000","°C","100.000","%a.s.","21.750","deg","20.000","°C","977.000","hPa","0.861","-0.02617","0.00035","0","0","13.56","Humid","24.85","0","70.00","286084.53","SABD0000000001","AAV1.0.0.11","1.1.2.0","PSt7-10","170328-006","1/4/2020 10:31:52","0000-00","0","no battery","V"
"11/02/2020","13:13:32","1","default","640513929","OXY_CH1","119.158","min","185.141","µmol/L","Humid","21.696","deg","40030","µV","26.504","°C","1018.000","hPa","35.3","pmil","0","55.520","deg","20.000","°C","100.000","%a.s.","21.750","deg","20.000","°C","977.000","hPa","0.861","-0.02617","0.00035","0","0","13.56","Humid","24.85","0","70.00","286080.39","SABD0000000001","AAV1.0.0.11","1.1.2.0","PSt7-10","170328-006","1/4/2020 10:31:52","0000-00","0","no battery","V"
"11/02/2020","13:13:33","1","default","640513929","OXY_CH1","119.175","min","185.155","µmol/L","Humid","21.695","deg","40032","µV","26.504","°C","1018.000","hPa","35.3","pmil","0","55.520","deg","20.000","°C","100.000","%a.s.","21.750","deg","20.000","°C","977.000","hPa","0.861","-0.02617","0.00035","0","0","13.56","Humid","24.85","0","70.00","286085.98","SABD0000000001","AAV1.0.0.11","1.1.2.0","PSt7-10","170328-006","1/4/2020 10:31:52","0000-00","0","no battery","V"
"11/02/2020","13:13:34","1","default","640513929","OXY_CH1","119.192","min","185.372","µmol/L","Humid","21.686","deg","40035","µV","26.491","°C","1018.000","hPa","35.3","pmil","0","55.520","deg","20.000","°C","100.000","%a.s.","21.750","deg","20.000","°C","977.000","hPa","0.861","-0.02617","0.00035","0","0","13.56","Humid","24.85","0","70.00","286078.50","SABD0000000001","AAV1.0.0.11","1.1.2.0","PSt7-10","170328-006","1/4/2020 10:31:52","0000-00","0","no battery","V"
"11/02/2020","13:13:35","1","default","640513929","OXY_CH1","119.209","min","185.174","µmol/L","Humid","21.698","deg","40036","µV","26.492","°C","1018.000","hPa","35.3","pmil","0","55.520","deg","20.000","°C","100.000","%a.s.","21.750","deg","20.000","°C","977.000","hPa","0.861","-0.02617","0.00035","0","0","13.56","Humid","24.85","0","70.00","286071.60","SABD0000000001","AAV1.0.0.11","1.1.2.0","PSt7-10","170328-006","1/4/2020 10:31:52","0000-00","0","no battery","V"
"11/02/2020","13:13:36","1","default","640513929","OXY_CH1","119.225","min","185.290","µmol/L","Humid","21.689","deg","40027","µV","26.497","°C","1018.000","hPa","35.3","pmil","0","55.520","deg","20.000","°C","100.000","%a.s.","21.750","deg","20.000","°C","977.000","hPa","0.861","-0.02617","0.00035","0","0","13.56","Humid","24.85","0","70.00","286072.12","SABD0000000001","AAV1.0.0.11","1.1.2.0","PSt7-10","170328-006","1/4/2020 10:31:52","0000-00","0","no battery","V"
"11/02/2020","13:13:37","1","default","640513929","OXY_CH1","119.242","min","185.248","µmol/L","Humid","21.694","deg","40032","µV","26.490","°C","1018.000","hPa","35.3","pmil","0","55.520","deg","20.000","°C","100.000","%a.s.","21.750","deg","20.000","°C","977.000","hPa","0.861","-0.02617","0.00035","0","0","13.56","Humid","24.85","0","70.00","286078.45","SABD0000000001","AAV1.0.0.11","1.1.2.0","PSt7-10","170328-006","1/4/2020 10:31:52","0000-00","0","no battery","V"
"11/02/2020","13:13:38","1","default","640513929","OXY_CH1","119.259","min","185.243","µmol/L","Humid","21.691","deg","40029","µV","26.500","°C","1018.000","hPa","35.3","pmil","0","55.520","deg","20.000","°C","100.000","%a.s.","21.750","deg","20.000","°C","977.000","hPa","0.861","-0.02617","0.00035","0","0","13.56","Humid","24.85","0","70.00","286078.87","SABD0000000001","AAV1.0.0.11","1.1.2.0","PSt7-10","170328-006","1/4/2020 10:31:52","0000-00","0","no battery","V"
"11/02/2020","13:13:39","1","default","640513929","OXY_CH1","119.275","min","185.206","µmol/L","Humid","21.691","deg","40025","µV","26.507","°C","1018.000","hPa","35.3","pmil","0","55.520","deg","20.000","°C","100.000","%a.s.","21.750","deg","20.000","°C","977.000","hPa","0.861","-0.02617","0.00035","0","0","13.56","Humid","24.85","0","70.00","286073.29","SABD0000000001","AAV1.0.0.11","1.1.2.0","PSt7-10","170328-006","1/4/2020 10:31:52","0000-00","0","no battery","V"
"11/02/2020","13:13:40","1","default","640513929","OXY_CH1","119.292","min","185.290","µmol/L","Humid","21.689","deg","40030","µV","26.497","°C","1018.000","hPa","35.3","pmil","0","55.520","deg","20.000","°C","100.000","%a.s.","21.750","deg","20.000","°C","977.000","hPa","0.861","-0.02617","0.00035","0","0","13.56","Humid","24.85","0","70.00","286078.15","SABD0000000001","AAV1.0.0.11","1.1.2.0","PSt7-10","170328-006","1/4/2020 10:31:52","0000-00","0","no battery","V"
"11/02/2020","13:13:41","1","default","640513929","OXY_CH1","119.309","min","185.379","µmol/L","Humid","21.681","deg","40017","µV","26.504","°C","1018.000","hPa","35.3","pmil","0","55.520","deg","20.000","°C","100.000","%a.s.","21.750","deg","20.000","°C","977.000","hPa","0.861","-0.02617","0.00035","0","0","13.56","Humid","24.85","0","70.00","286077.22","SABD0000000001","AAV1.0.0.11","1.1.2.0","PSt7-10","170328-006","1/4/2020 10:31:52","0000-00","0","no battery","V"
"11/02/2020","13:13:42","1","default","640513929","OXY_CH1","119.326","min","185.288","µmol/L","Humid","21.685","deg","40016","µV","26.509","°C","1018.000","hPa","35.3","pmil","0","55.520","deg","20.000","°C","100.000","%a.s.","21.750","deg","20.000","°C","977.000","hPa","0.861","-0.02617","0.00035","0","0","13.56","Humid","24.85","0","70.00","286091.45","SABD0000000001","AAV1.0.0.11","1.1.2.0","PSt7-10","170328-006","1/4/2020 10:31:52","0000-00","0","no battery","V"
"11/02/2020","13:13:43","1","default","640513929","OXY_CH1","119.342","min","185.349","µmol/L","Humid","21.683","deg","40018","µV","26.504","°C","1018.000","hPa","35.3","pmil","0","55.520","deg","20.000","°C","100.000","%a.s.","21.750","deg","20.000","°C","977.000","hPa","0.861","-0.02617","0.00035","0","0","13.56","Humid","24.85","0","70.00","286076.15","SABD0000000001","AAV1.0.0.11","1.1.2.0","PSt7-10","170328-006","1/4/2020 10:31:52","0000-00","0","no battery","V"
"11/02/2020","13:13:44","1","default","640513929","OXY_CH1","119.359","min","185.288","µmol/L","Humid","21.690","deg","40015","µV","26.494","°C","1018.000","hPa","35.3","pmil","0","55.520","deg","20.000","°C","100.000","%a.s.","21.750","deg","20.000","°C","977.000","hPa","0.861","-0.02617","0.00035","0","0","13.56","Humid","24.85","0","70.00","286064.78","SABD0000000001","AAV1.0.0.11","1.1.2.0","PSt7-10","170328-006","1/4/2020 10:31:52","0000-00","0","no battery","V"
"11/02/2020","13:13:45","1","default","640513929","OXY_CH1","119.376","min","185.379","µmol/L","Humid","21.683","deg","40012","µV","26.498","°C","1018.000","hPa","35.3","pmil","0","55.520","deg","20.000","°C","100.000","%a.s.","21.750","deg","20.000","°C","977.000","hPa","0.861","-0.02617","0.00035","0","0","13.56","Humid","24.85","0","70.00","286085.49","SABD0000000001","AAV1.0.0.11","1.1.2.0","PSt7-10","170328-006","1/4/2020 10:31:52","0000-00","0","no battery","V"
"11/02/2020","13:13:46","1","default","640513929","OXY_CH1","119.392","min","185.281","µmol/L","Humid","21.685","deg","40015","µV","26.511","°C","1018.000","hPa","35.3","pmil","0","55.520","deg","20.000","°C","100.000","%a.s.","21.750","deg","20.000","°C","977.000","hPa","0.861","-0.02617","0.00035","0","0","13.56","Humid","24.85","0","70.00","286077.63","SABD0000000001","AAV1.0.0.11","1.1.2.0","PSt7-10","170328-006","1/4/2020 10:31:52","0000-00","0","no battery","V"
"11/02/2020","13:13:47","1","default","640513929","OXY_CH1","119.408","min","185.384","µmol/L","Humid","21.678","deg","40007","µV","26.513","°C","1018.000","hPa","35.3","pmil","0","55.520","deg","20.000","°C","100.000","%a.s.","21.750","deg","20.000","°C","977.000","hPa","0.861","-0.02617","0.00035","0","0","13.56","Humid","24.85","0","70.00","286077.14","SABD0000000001","AAV1.0.0.11","1.1.2.0","PSt7-10","170328-006","1/4/2020 10:31:52","0000-00","0","no battery","V"
"11/02/2020","13:13:48","1","default","640513929","OXY_CH1","119.425","min","185.244","µmol/L","Humid","21.691","deg","40020","µV","26.500","°C","1018.000","hPa","35.3","pmil","0","55.520","deg","20.000","°C","100.000","%a.s.","21.750","deg","20.000","°C","977.000","hPa","0.861","-0.02617","0.00035","0","0","13.56","Humid","24.85","0","70.00","286084.93","SABD0000000001","AAV1.0.0.11","1.1.2.0","PSt7-10","170328-006","1/4/2020 10:31:52","0000-00","0","no battery","V"
"11/02/2020","13:13:49","1","default","640513929","OXY_CH1","119.442","min","185.430","µmol/L","Humid","21.678","deg","40013","µV","26.504","°C","1018.000","hPa","35.3","pmil","0","55.520","deg","20.000","°C","100.000","%a.s.","21.750","deg","20.000","°C","977.000","hPa","0.861","-0.02617","0.00035","0","0","13.56","Humid","24.85","0","70.00","286076.35","SABD0000000001","AAV1.0.0.11","1.1.2.0","PSt7-10","170328-006","1/4/2020 10:31:52","0000-00","0","no battery","V"
"11/02/2020","13:13:50","1","default","640513929","OXY_CH1","119.459","min","185.324","µmol/L","Humid","21.686","deg","40012","µV","26.500","°C","1018.000","hPa","35.3","pmil","0","55.520","deg","20.000","°C","100.000","%a.s.","21.750","deg","20.000","°C","977.000","hPa","0.861","-0.02617","0.00035","0","0","13.56","Humid","24.85","0","70.00","286073.65","SABD0000000001","AAV1.0.0.11","1.1.2.0","PSt7-10","170328-006","1/4/2020 10:31:52","0000-00","0","no battery","V"
"11/02/2020","13:13:51","1","default","640513929","OXY_CH1","119.475","min","185.416","µmol/L","Humid","21.681","deg","40012","µV","26.498","°C","1018.000","hPa","35.3","pmil","0","55.520","deg","20.000","°C","100.000","%a.s.","21.750","deg","20.000","°C","977.000","hPa","0.861","-0.02617","0.00035","0","0","13.56","Humid","24.85","0","70.00","286075.08","SABD0000000001","AAV1.0.0.11","1.1.2.0","PSt7-10","170328-006","1/4/2020 10:31:52","0000-00","0","no battery","V"
"11/02/2020","13:13:52","1","default","640513929","OXY_CH1","119.492","min","185.403","µmol/L","Humid","21.680","deg","40016","µV","26.503","°C","1018.000","hPa","35.3","pmil","0","55.520","deg","20.000","°C","100.000","%a.s.","21.750","deg","20.000","°C","977.000","hPa","0.861","-0.02617","0.00035","0","0","13.56","Humid","24.85","0","70.00","286067.20","SABD0000000001","AAV1.0.0.11","1.1.2.0","PSt7-10","170328-006","1/4/2020 10:31:52","0000-00","0","no battery","V"
"11/02/2020","13:13:53","1","default","640513929","OXY_CH1","119.509","min","185.477","µmol/L","Humid","21.677","deg","40010","µV","26.498","°C","1018.000","hPa","35.3","pmil","0","55.520","deg","20.000","°C","100.000","%a.s.","21.750","deg","20.000","°C","977.000","hPa","0.861","-0.02617","0.00035","0","0","13.56","Humid","24.85","0","70.00","286075.87","SABD0000000001","AAV1.0.0.11","1.1.2.0","PSt7-10","170328-006","1/4/2020 10:31:52","0000-00","0","no battery","V"
"11/02/2020","13:13:54","1","default","640513929","OXY_CH1","119.526","min","185.622","µmol/L","Humid","21.676","deg","40013","µV","26.474","°C","1018.000","hPa","35.3","pmil","0","55.520","deg","20.000","°C","100.000","%a.s.","21.750","deg","20.000","°C","977.000","hPa","0.861","-0.02617","0.00035","0","0","13.56","Humid","24.85","0","70.00","286073.86","SABD0000000001","AAV1.0.0.11","1.1.2.0","PSt7-10","170328-006","1/4/2020 10:31:52","0000-00","0","no battery","V"
"11/02/2020","13:13:55","1","default","640513929","OXY_CH1","119.542","min","185.397","µmol/L","Humid","21.682","deg","40006","µV","26.498","°C","1018.000","hPa","35.3","pmil","0","55.520","deg","20.000","°C","100.000","%a.s.","21.750","deg","20.000","°C","977.000","hPa","0.861","-0.02617","0.00035","0","0","13.56","Humid","24.85","0","70.00","286071.24","SABD0000000001","AAV1.0.0.11","1.1.2.0","PSt7-10","170328-006","1/4/2020 10:31:52","0000-00","0","no battery","V"
"11/02/2020","13:13:56","1","default","640513929","OXY_CH1","119.559","min","185.390","µmol/L","Humid","21.679","deg","40004","µV","26.508","°C","1018.000","hPa","35.3","pmil","0","55.520","deg","20.000","°C","100.000","%a.s.","21.750","deg","20.000","°C","977.000","hPa","0.861","-0.02617","0.00035","0","0","13.56","Humid","24.85","0","70.00","286080.76","SABD0000000001","AAV1.0.0.11","1.1.2.0","PSt7-10","170328-006","1/4/2020 10:31:52","0000-00","0","no battery","V"
"11/02/2020","13:13:57","1","default","640513929","OXY_CH1","119.576","min","185.487","µmol/L","Humid","21.671","deg","40001","µV","26.514","°C","1018.000","hPa","35.3","pmil","0","55.520","deg","20.000","°C","100.000","%a.s.","21.750","deg","20.000","°C","977.000","hPa","0.861","-0.02617","0.00035","0","0","13.56","Humid","24.85","0","70.00","286075.10","SABD0000000001","AAV1.0.0.11","1.1.2.0","PSt7-10","170328-006","1/4/2020 10:31:52","0000-00","0","no battery","V"
"11/02/2020","13:13:58","1","default","640513929","OXY_CH1","119.592","min","185.470","µmol/L","Humid","21.671","deg","40002","µV","26.518","°C","1018.000","hPa","35.3","pmil","0","55.520","deg","20.000","°C","100.000","%a.s.","21.750","deg","20.000","°C","977.000","hPa","0.861","-0.02617","0.00035","0","0","13.56","Humid","24.85","0","70.00","286071.03","SABD0000000001","AAV1.0.0.11","1.1.2.0","PSt7-10","170328-006","1/4/2020 10:31:52","0000-00","0","no battery","V"
"11/02/2020","13:13:59","1","default","640513929","OXY_CH1","119.609","min","185.435","µmol/L","Humid","21.679","deg","39998","µV","26.500","°C","1018.000","hPa","35.3","pmil","0","55.520","deg","20.000","°C","100.000","%a.s.","21.750","deg","20.000","°C","977.000","hPa","0.861","-0.02617","0.00035","0","0","13.56","Humid","24.85","0","70.00","286068.86","SABD0000000001","AAV1.0.0.11","1.1.2.0","PSt7-10","170328-006","1/4/2020 10:31:52","0000-00","0","no battery","V"
"11/02/2020","13:14:00","1","default","640513929","OXY_CH1","119.625","min","185.416","µmol/L","Humid","21.676","deg","40002","µV","26.513","°C","1018.000","hPa","35.3","pmil","0","55.520","deg","20.000","°C","100.000","%a.s.","21.750","deg","20.000","°C","977.000","hPa","0.861","-0.02617","0.00035","0","0","13.56","Humid","24.85","0","70.00","286067.79","SABD0000000001","AAV1.0.0.11","1.1.2.0","PSt7-10","170328-006","1/4/2020 10:31:52","0000-00","0","no battery","V"
"11/02/2020","13:14:01","1","default","640513929","OXY_CH1","119.642","min","185.587","µmol/L","Humid","21.666","deg","40000","µV","26.510","°C","1017.000","hPa","35.3","pmil","0","55.520","deg","20.000","°C","100.000","%a.s.","21.750","deg","20.000","°C","977.000","hPa","0.861","-0.02617","0.00035","0","0","13.56","Humid","24.85","0","70.00","286074.28","SABD0000000001","AAV1.0.0.11","1.1.2.0","PSt7-10","170328-006","1/4/2020 10:31:52","0000-00","0","no battery","V"
"11/02/2020","13:14:02","1","default","640513929","OXY_CH1","119.659","min","185.614","µmol/L","Humid","21.665","deg","39997","µV","26.509","°C","1018.000","hPa","35.3","pmil","0","55.520","deg","20.000","°C","100.000","%a.s.","21.750","deg","20.000","°C","977.000","hPa","0.861","-0.02617","0.00035","0","0","13.56","Humid","24.85","0","70.00","286082.86","SABD0000000001","AAV1.0.0.11","1.1.2.0","PSt7-10","170328-006","1/4/2020 10:31:52","0000-00","0","no battery","V"
"11/02/2020","13:14:03","1","default","640513929","OXY_CH1","119.675","min","185.493","µmol/L","Humid","21.673","deg","39994","µV","26.507","°C","1018.000","hPa","35.3","pmil","0","55.520","deg","20.000","°C","100.000","%a.s.","21.750","deg","20.000","°C","977.000","hPa","0.861","-0.02617","0.00035","0","0","13.56","Humid","24.85","0","70.00","286072.31","SABD0000000001","AAV1.0.0.11","1.1.2.0","PSt7-10","170328-006","1/4/2020 10:31:52","0000-00","0","no battery","V"
"11/02/2020","13:14:04","1","default","640513929","OXY_CH1","119.692","min","185.745","µmol/L","Humid","21.662","deg","39991","µV","26.494","°C","1018.000","hPa","35.3","pmil","0","55.520","deg","20.000","°C","100.000","%a.s.","21.750","deg","20.000","°C","977.000","hPa","0.861","-0.02617","0.00035","0","0","13.56","Humid","24.85","0","70.00","286074.48","SABD0000000001","AAV1.0.0.11","1.1.2.0","PSt7-10","170328-006","1/4/2020 10:31:52","0000-00","0","no battery","V"
"11/02/2020","13:14:05","1","default","640513929","OXY_CH1","119.709","min","185.625","µmol/L","Humid","21.666","deg","39984","µV","26.503","°C","1017.000","hPa","35.3","pmil","0","55.520","deg","20.000","°C","100.000","%a.s.","21.750","deg","20.000","°C","977.000","hPa","0.861","-0.02617","0.00035","0","0","13.56","Humid","24.85","0","70.00","286073.95","SABD0000000001","AAV1.0.0.11","1.1.2.0","PSt7-10","170328-006","1/4/2020 10:31:52","0000-00","0","no battery","V"
"11/02/2020","13:14:06","1","default","640513929","OXY_CH1","119.725","min","185.659","µmol/L","Humid","21.667","deg","39988","µV","26.493","°C","1017.000","hPa","35.3","pmil","0","55.520","deg","20.000","°C","100.000","%a.s.","21.750","deg","20.000","°C","977.000","hPa","0.861","-0.02617","0.00035","0","0","13.56","Humid","24.85","0","70.00","286080.53","SABD0000000001","AAV1.0.0.11","1.1.2.0","PSt7-10","170328-006","1/4/2020 10:31:52","0000-00","0","no battery","V"
"11/02/2020","13:14:07","1","default","640513929","OXY_CH1","119.742","min","185.655","µmol/L","Humid","21.661","deg","39985","µV","26.513","°C","1018.000","hPa","35.3","pmil","0","55.520","deg","20.000","°C","100.000","%a.s.","21.750","deg","20.000","°C","977.000","hPa","0.861","-0.02617","0.00035","0","0","13.56","Humid","24.85","0","70.00","286071.62","SABD0000000001","AAV1.0.0.11","1.1.2.0","PSt7-10","170328-006","1/4/2020 10:31:52","0000-00","0","no battery","V"
"11/02/2020","13:14:08","1","default","640513929","OXY_CH1","119.759","min","185.776","µmol/L","Humid","21.660","deg","39977","µV","26.494","°C","1018.000","hPa","35.3","pmil","0","55.520","deg","20.000","°C","100.000","%a.s.","21.750","deg","20.000","°C","977.000","hPa","0.861","-0.02617","0.00035","0","0","13.56","Humid","24.85","0","70.00","286076.27","SABD0000000001","AAV1.0.0.11","1.1.2.0","PSt7-10","170328-006","1/4/2020 10:31:52","0000-00","0","no battery","V"
"11/02/2020","13:14:09","1","default","640513929","OXY_CH1","119.776","min","185.719","µmol/L","Humid","21.664","deg","39971","µV","26.492","°C","1018.000","hPa","35.3","pmil","0","55.520","deg","20.000","°C","100.000","%a.s.","21.750","deg","20.000","°C","977.000","hPa","0.861","-0.02617","0.00035","0","0","13.56","Humid","24.85","0","70.00","286086.17","SABD0000000001","AAV1.0.0.11","1.1.2.0","PSt7-10","170328-006","1/4/2020 10:31:52","0000-00","0","no battery","V"
"11/02/2020","13:14:10","1","default","640513929","OXY_CH1","119.792","min","185.683","µmol/L","Humid","21.663","deg","39974","µV","26.502","°C","1018.000","hPa","35.3","pmil","0","55.520","deg","20.000","°C","100.000","%a.s.","21.750","deg","20.000","°C","977.000","hPa","0.861","-0.02617","0.00035","0","0","13.56","Humid","24.85","0","70.00","286077.96","SABD0000000001","AAV1.0.0.11","1.1.2.0","PSt7-10","170328-006","1/4/2020 10:31:52","0000-00","0","no battery","V"
"11/02/2020","13:14:11","1","default","640513929","OXY_CH1","119.808","min","185.659","µmol/L","Humid","21.665","deg","39974","µV","26.501","°C","1018.000","hPa","35.3","pmil","0","55.520","deg","20.000","°C","100.000","%a.s.","21.750","deg","20.000","°C","977.000","hPa","0.861","-0.02617","0.00035","0","0","13.56","Humid","24.85","0","70.00","286070.52","SABD0000000001","AAV1.0.0.11","1.1.2.0","PSt7-10","170328-006","1/4/2020 10:31:52","0000-00","0","no battery","V"
"11/02/2020","13:14:12","1","default","640513929","OXY_CH1","119.825","min","185.738","µmol/L","Humid","21.660","deg","39974","µV","26.501","°C","1018.000","hPa","35.3","pmil","0","55.520","deg","20.000","°C","100.000","%a.s.","21.750","deg","20.000","°C","977.000","hPa","0.861","-0.02617","0.00035","0","0","13.56","Humid","24.85","0","70.00","286083.14","SABD0000000001","AAV1.0.0.11","1.1.2.0","PSt7-10","170328-006","1/4/2020 10:31:52","0000-00","0","no battery","V"
"11/02/2020","13:14:13","1","default","640513929","OXY_CH1","119.842","min","185.759","µmol/L","Humid","21.661","deg","39982","µV","26.494","°C","1018.000","hPa","35.3","pmil","0","55.520","deg","20.000","°C","100.000","%a.s.","21.750","deg","20.000","°C","977.000","hPa","0.861","-0.02617","0.00035","0","0","13.56","Humid","24.85","0","70.00","286079.17","SABD0000000001","AAV1.0.0.11","1.1.2.0","PSt7-10","170328-006","1/4/2020 10:31:52","0000-00","0","no battery","V"
"11/02/2020","13:14:14","1","default","640513929","OXY_CH1","119.859","min","185.725","µmol/L","Humid","21.664","deg","39974","µV","26.491","°C","1018.000","hPa","35.3","pmil","0","55.520","deg","20.000","°C","100.000","%a.s.","21.750","deg","20.000","°C","977.000","hPa","0.861","-0.02617","0.00035","0","0","13.56","Humid","24.85","0","70.00","286082.18","SABD0000000001","AAV1.0.0.11","1.1.2.0","PSt7-10","170328-006","1/4/2020 10:31:52","0000-00","0","no battery","V"
"11/02/2020","13:14:15","1","default","640513929","OXY_CH1","119.875","min","185.688","µmol/L","Humid","21.665","deg","39967","µV","26.495","°C","1018.000","hPa","35.3","pmil","0","55.520","deg","20.000","°C","100.000","%a.s.","21.750","deg","20.000","°C","977.000","hPa","0.861","-0.02617","0.00035","0","0","13.56","Humid","24.85","0","70.00","286064.64","SABD0000000001","AAV1.0.0.11","1.1.2.0","PSt7-10","170328-006","1/4/2020 10:31:52","0000-00","0","no battery","V"
"11/02/2020","13:14:16","1","default","640513929","OXY_CH1","119.892","min","185.745","µmol/L","Humid","21.655","deg","39963","µV","26.515","°C","1018.000","hPa","35.3","pmil","0","55.520","deg","20.000","°C","100.000","%a.s.","21.750","deg","20.000","°C","977.000","hPa","0.861","-0.02617","0.00035","0","0","13.56","Humid","24.85","0","70.00","286078.73","SABD0000000001","AAV1.0.0.11","1.1.2.0","PSt7-10","170328-006","1/4/2020 10:31:52","0000-00","0","no battery","V"
"11/02/2020","13:14:17","1","default","640513929","OXY_CH1","119.909","min","185.559","µmol/L","Humid","21.665","deg","39967","µV","26.519","°C","1018.000","hPa","35.3","pmil","0","55.520","deg","20.000","°C","100.000","%a.s.","21.750","deg","20.000","°C","977.000","hPa","0.861","-0.02617","0.00035","0","0","13.56","Humid","24.85","0","70.00","286057.82","SABD0000000001","AAV1.0.0.11","1.1.2.0","PSt7-10","170328-006","1/4/2020 10:31:52","0000-00","0","no battery","V"
"11/02/2020","13:14:18","1","default","640513929","OXY_CH1","119.925","min","185.714","µmol/L","Humid","21.659","deg","39968","µV","26.508","°C","1018.000","hPa","35.3","pmil","0","55.520","deg","20.000","°C","100.000","%a.s.","21.750","deg","20.000","°C","977.000","hPa","0.861","-0.02617","0.00035","0","0","13.56","Humid","24.85","0","70.00","286071.08","SABD0000000001","AAV1.0.0.11","1.1.2.0","PSt7-10","170328-006","1/4/2020 10:31:52","0000-00","0","no battery","V"
"11/02/2020","13:14:19","1","default","640513929","OXY_CH1","119.942","min","185.832","µmol/L","Humid","21.652","deg","39964","µV","26.508","°C","1018.000","hPa","35.3","pmil","0","55.520","deg","20.000","°C","100.000","%a.s.","21.750","deg","20.000","°C","977.000","hPa","0.861","-0.02617","0.00035","0","0","13.56","Humid","24.85","0","70.00","286066.69","SABD0000000001","AAV1.0.0.11","1.1.2.0","PSt7-10","170328-006","1/4/2020 10:31:52","0000-00","0","no battery","V"
"11/02/2020","13:14:20","1","default","640513929","OXY_CH1","119.959","min","185.686","µmol/L","Humid","21.661","deg","39957","µV","26.508","°C","1018.000","hPa","35.3","pmil","0","55.520","deg","20.000","°C","100.000","%a.s.","21.750","deg","20.000","°C","977.000","hPa","0.861","-0.02617","0.00035","0","0","13.56","Humid","24.85","0","70.00","286073.82","SABD0000000001","AAV1.0.0.11","1.1.2.0","PSt7-10","170328-006","1/4/2020 10:31:52","0000-00","0","no battery","V"
"11/02/2020","13:14:21","1","default","640513929","OXY_CH1","119.975","min","185.692","µmol/L","Humid","21.660","deg","39960","µV","26.510","°C","1018.000","hPa","35.3","pmil","0","55.520","deg","20.000","°C","100.000","%a.s.","21.750","deg","20.000","°C","977.000","hPa","0.861","-0.02617","0.00035","0","0","13.56","Humid","24.85","0","70.00","286067.43","SABD0000000001","AAV1.0.0.11","1.1.2.0","PSt7-10","170328-006","1/4/2020 10:31:52","0000-00","0","no battery","V"
"11/02/2020","13:14:22","1","default","640513929","OXY_CH1","119.992","min","185.836","µmol/L","Humid","21.652","deg","39956","µV","26.507","°C","1018.000","hPa","35.3","pmil","0","55.520","deg","20.000","°C","100.000","%a.s.","21.750","deg","20.000","°C","977.000","hPa","0.861","-0.02617","0.00035","0","0","13.56","Humid","24.85","0","70.00","286065.74","SABD0000000001","AAV1.0.0.11","1.1.2.0","PSt7-10","170328-006","1/4/2020 10:31:52","0000-00","0","no battery","V"
"11/02/2020","13:14:23","1","default","640513929","OXY_CH1","120.009","min","185.765","µmol/L","Humid","21.655","deg","39951","µV","26.510","°C","1017.000","hPa","35.3","pmil","0","55.520","deg","20.000","°C","100.000","%a.s.","21.750","deg","20.000","°C","977.000","hPa","0.861","-0.02617","0.00035","0","0","13.56","Humid","24.85","0","70.00","286081.51","SABD0000000001","AAV1.0.0.11","1.1.2.0","PSt7-10","170328-006","1/4/2020 10:31:52","0000-00","0","no battery","V"
"11/02/2020","13:14:24","1","default","640513929","OXY_CH1","120.026","min","185.818","µmol/L","Humid","21.652","deg","39955","µV","26.510","°C","1018.000","hPa","35.3","pmil","0","55.520","deg","20.000","°C","100.000","%a.s.","21.750","deg","20.000","°C","977.000","hPa","0.861","-0.02617","0.00035","0","0","13.56","Humid","24.85","0","70.00","286067.84","SABD0000000001","AAV1.0.0.11","1.1.2.0","PSt7-10","170328-006","1/4/2020 10:31:52","0000-00","0","no battery","V"
"11/02/2020","13:14:25","1","default","640513929","OXY_CH1","120.042","min","185.828","µmol/L","Humid","21.654","deg","39952","µV","26.502","°C","1018.000","hPa","35.3","pmil","0","55.520","deg","20.000","°C","100.000","%a.s.","21.750","deg","20.000","°C","977.000","hPa","0.861","-0.02617","0.00035","0","0","13.56","Humid","24.85","0","70.00","286080.33","SABD0000000001","AAV1.0.0.11","1.1.2.0","PSt7-10","170328-006","1/4/2020 10:31:52","0000-00","0","no battery","V"
"11/02/2020","13:14:26","1","default","640513929","OXY_CH1","120.059","min","185.951","µmol/L","Humid","21.649","deg","39942","µV","26.494","°C","1018.000","hPa","35.3","pmil","0","55.520","deg","20.000","°C","100.000","%a.s.","21.750","deg","20.000","°C","977.000","hPa","0.861","-0.02617","0.00035","0","0","13.56","Humid","24.85","0","70.00","286072.11","SABD0000000001","AAV1.0.0.11","1.1.2.0","PSt7-10","170328-006","1/4/2020 10:31:52","0000-00","0","no battery","V"
"11/02/2020","13:14:27","1","default","640513929","OXY_CH1","120.075","min","185.823","µmol/L","Humid","21.651","deg","39939","µV","26.512","°C","1018.000","hPa","35.3","pmil","0","55.520","deg","20.000","°C","100.000","%a.s.","21.750","deg","20.000","°C","977.000","hPa","0.861","-0.02617","0.00035","0","0","13.56","Humid","24.85","0","70.00","286068.27","SABD0000000001","AAV1.0.0.11","1.1.2.0","PSt7-10","170328-006","1/4/2020 10:31:52","0000-00","0","no battery","V"
"11/02/2020","13:14:28","1","default","640513929","OXY_CH1","120.092","min","186.071","µmol/L","Humid","21.642","deg","39938","µV","26.493","°C","1018.000","hPa","35.3","pmil","0","55.520","deg","20.000","°C","100.000","%a.s.","21.750","deg","20.000","°C","977.000","hPa","0.861","-0.02617","0.00035","0","0","13.56","Humid","24.85","0","70.00","286075.72","SABD0000000001","AAV1.0.0.11","1.1.2.0","PSt7-10","170328-006","1/4/2020 10:31:52","0000-00","0","no battery","V"
"11/02/2020","13:14:29","1","default","640513929","OXY_CH1","120.108","min","186.005","µmol/L","Humid","21.644","deg","39942","µV","26.500","°C","1018.000","hPa","35.3","pmil","0","55.520","deg","20.000","°C","100.000","%a.s.","21.750","deg","20.000","°C","977.000","hPa","0.861","-0.02617","0.00035","0","0","13.56","Humid","24.85","0","70.00","286073.40","SABD0000000001","AAV1.0.0.11","1.1.2.0","PSt7-10","170328-006","1/4/2020 10:31:52","0000-00","0","no battery","V"
"11/02/2020","13:14:30","1","default","640513929","OXY_CH1","120.125","min","185.913","µmol/L","Humid","21.650","deg","39945","µV","26.499","°C","1018.000","hPa","35.3","pmil","0","55.520","deg","20.000","°C","100.000","%a.s.","21.750","deg","20.000","°C","977.000","hPa","0.861","-0.02617","0.00035","0","0","13.56","Humid","24.85","0","70.00","286063.81","SABD0000000001","AAV1.0.0.11","1.1.2.0","PSt7-10","170328-006","1/4/2020 10:31:52","0000-00","0","no battery","V"
"11/02/2020","13:14:31","1","default","640513929","OXY_CH1","120.142","min","186.002","µmol/L","Humid","21.646","deg","39939","µV","26.494","°C","1018.000","hPa","35.3","pmil","0","55.520","deg","20.000","°C","100.000","%a.s.","21.750","deg","20.000","°C","977.000","hPa","0.861","-0.02617","0.00035","0","0","13.56","Humid","24.85","0","70.00","286061.77","SABD0000000001","AAV1.0.0.11","1.1.2.0","PSt7-10","170328-006","1/4/2020 10:31:52","0000-00","0","no battery","V"
"11/02/2020","13:14:32","1","default","640513929","OXY_CH1","120.159","min","185.976","µmol/L","Humid","21.648","deg","39943","µV","26.493","°C","1018.000","hPa","35.3","pmil","0","55.520","deg","20.000","°C","100.000","%a.s.","21.750","deg","20.000","°C","977.000","hPa","0.861","-0.02617","0.00035","0","0","13.56","Humid","24.85","0","70.00","286074.78","SABD0000000001","AAV1.0.0.11","1.1.2.0","PSt7-10","170328-006","1/4/2020 10:31:52","0000-00","0","no battery","V"
"11/02/2020","13:14:33","1","default","640513929","OXY_CH1","120.175","min","185.981","µmol/L","Humid","21.649","deg","39946","µV","26.488","°C","1017.000","hPa","35.3","pmil","0","55.520","deg","20.000","°C","100.000","%a.s.","21.750","deg","20.000","°C","977.000","hPa","0.861","-0.02617","0.00035","0","0","13.56","Humid","24.85","0","70.00","286080.30","SABD0000000001","AAV1.0.0.11","1.1.2.0","PSt7-10","170328-006","1/4/2020 10:31:52","0000-00","0","no battery","V"
"11/02/2020","13:14:34","1","default","640513929","OXY_CH1","120.192","min","186.148","µmol/L","Humid","21.641","deg","39947","µV","26.481","°C","1017.000","hPa","35.3","pmil","0","55.520","deg","20.000","°C","100.000","%a.s.","21.750","deg","20.000","°C","977.000","hPa","0.861","-0.02617","0.00035","0","0","13.56","Humid","24.85","0","70.00","286095.03","SABD0000000001","AAV1.0.0.11","1.1.2.0","PSt7-10","170328-006","1/4/2020 10:31:52","0000-00","0","no battery","V"
"11/02/2020","13:14:35","1","default","640513929","OXY_CH1","120.209","min","185.962","µmol/L","Humid","21.643","deg","39952","µV","26.511","°C","1018.000","hPa","35.3","pmil","0","55.520","deg","20.000","°C","100.000","%a.s.","21.750","deg","20.000","°C","977.000","hPa","0.861","-0.02617","0.00035","0","0","13.56","Humid","24.85","0","70.00","286074.77","SABD0000000001","AAV1.0.0.11","1.1.2.0","PSt7-10","170328-006","1/4/2020 10:31:52","0000-00","0","no battery","V"
"11/02/2020","13:14:36","1","default","640513929","OXY_CH1","120.225","min","185.954","µmol/L","Humid","21.646","deg","39951","µV","26.502","°C","1017.000","hPa","35.3","pmil","0","55.520","deg","20.000","°C","100.000","%a.s.","21.750","deg","20.000","°C","977.000","hPa","0.861","-0.02617","0.00035","0","0","13.56","Humid","24.85","0","70.00","286058.72","SABD0000000001","AAV1.0.0.11","1.1.2.0","PSt7-10","170328-006","1/4/2020 10:31:52","0000-00","0","no battery","V"
"11/02/2020","13:14:37","1","default","640513929","OXY_CH1","120.242","min","185.937","µmol/L","Humid","21.647","deg","39955","µV","26.502","°C","1017.000","hPa","35.3","pmil","0","55.520","deg","20.000","°C","100.000","%a.s.","21.750","deg","20.000","°C","977.000","hPa","0.861","-0.02617","0.00035","0","0","13.56","Humid","24.85","0","70.00","286068.86","SABD0000000001","AAV1.0.0.11","1.1.2.0","PSt7-10","170328-006","1/4/2020 10:31:52","0000-00","0","no battery","V"
"11/02/2020","13:14:38","1","default","640513929","OXY_CH1","120.259","min","186.187","µmol/L","Humid","21.636","deg","39954","µV","26.490","°C","1018.000","hPa","35.3","pmil","0","55.520","deg","20.000","°C","100.000","%a.s.","21.750","deg","20.000","°C","977.000","hPa","0.861","-0.02617","0.00035","0","0","13.56","Humid","24.85","0","70.00","286077.54","SABD0000000001","AAV1.0.0.11","1.1.2.0","PSt7-10","170328-006","1/4/2020 10:31:52","0000-00","0","no battery","V"
"11/02/2020","13:14:39","1","default","640513929","OXY_CH1","120.276","min","186.035","µmol/L","Humid","21.638","deg","39959","µV","26.511","°C","1017.000","hPa","35.3","pmil","0","55.520","deg","20.000","°C","100.000","%a.s.","21.750","deg","20.000","°C","977.000","hPa","0.861","-0.02617","0.00035","0","0","13.56","Humid","24.85","0","70.00","286074.03","SABD0000000001","AAV1.0.0.11","1.1.2.0","PSt7-10","170328-006","1/4/2020 10:31:52","0000-00","0","no battery","V"
"11/02/2020","13:14:40","1","default","640513929","OXY_CH1","120.292","min","185.904","µmol/L","Humid","21.646","deg","39963","µV","26.511","°C","1017.000","hPa","35.3","pmil","0","55.520","deg","20.000","°C","100.000","%a.s.","21.750","deg","20.000","°C","977.000","hPa","0.861","-0.02617","0.00035","0","0","13.56","Humid","24.85","0","70.00","286065.21","SABD0000000001","AAV1.0.0.11","1.1.2.0","PSt7-10","170328-006","1/4/2020 10:31:52","0000-00","0","no battery","V"
"11/02/2020","13:14:41","1","default","640513929","OXY_CH1","120.309","min","185.916","µmol/L","Humid","21.647","deg","39958","µV","26.506","°C","1017.000","hPa","35.3","pmil","0","55.520","deg","20.000","°C","100.000","%a.s.","21.750","deg","20.000","°C","977.000","hPa","0.861","-0.02617","0.00035","0","0","13.56","Humid","24.85","0","70.00","286073.75","SABD0000000001","AAV1.0.0.11","1.1.2.0","PSt7-10","170328-006","1/4/2020 10:31:52","0000-00","0","no battery","V"
"11/02/2020","13:14:42","1","default","640513929","OXY_CH1","120.325","min","186.214","µmol/L","Humid","21.628","deg","39950","µV","26.508","°C","1017.000","hPa","35.3","pmil","0","55.520","deg","20.000","°C","100.000","%a.s.","21.750","deg","20.000","°C","977.000","hPa","0.861","-0.02617","0.00035","0","0","13.56","Humid","24.85","0","70.00","286068.43","SABD0000000001","AAV1.0.0.11","1.1.2.0","PSt7-10","170328-006","1/4/2020 10:31:52","0000-00","0","no battery","V"
"11/02/2020","13:14:43","1","default","640513929","OXY_CH1","120.342","min","186.058","µmol/L","Humid","21.640","deg","39953","µV","26.501","°C","1017.000","hPa","35.3","pmil","0","55.520","deg","20.000","°C","100.000","%a.s.","21.750","deg","20.000","°C","977.000","hPa","0.861","-0.02617","0.00035","0","0","13.56","Humid","24.85","0","70.00","286073.05","SABD0000000001","AAV1.0.0.11","1.1.2.0","PSt7-10","170328-006","1/4/2020 10:31:52","0000-00","0","no battery","V"
"11/02/2020","13:14:44","1","default","640513929","OXY_CH1","120.358","min","186.002","µmol/L","Humid","21.642","deg","39956","µV","26.505","°C","1017.000","hPa","35.3","pmil","0","55.520","deg","20.000","°C","100.000","%a.s.","21.750","deg","20.000","°C","977.000","hPa","0.861","-0.02617","0.00035","0","0","13.56","Humid","24.85","0","70.00","286078.11","SABD0000000001","AAV1.0.0.11","1.1.2.0","PSt7-10","170328-006","1/4/2020 10:31:52","0000-00","0","no battery","V"
"11/02/2020","13:14:45","1","default","640513929","OXY_CH1","120.375","min","185.972","µmol/L","Humid","21.639","deg","39956","µV","26.519","°C","1017.000","hPa","35.3","pmil","0","55.520","deg","20.000","°C","100.000","%a.s.","21.750","deg","20.000","°C","977.000","hPa","0.861","-0.02617","0.00035","0","0","13.56","Humid","24.85","0","70.00","286087.50","SABD0000000001","AAV1.0.0.11","1.1.2.0","PSt7-10","170328-006","1/4/2020 10:31:52","0000-00","0","no battery","V"
"11/02/2020","13:14:46","1","default","640513929","OXY_CH1","120.392","min","186.032","µmol/L","Humid","21.640","deg","39957","µV","26.505","°C","1017.000","hPa","35.3","pmil","0","55.520","deg","20.000","°C","100.000","%a.s.","21.750","deg","20.000","°C","977.000","hPa","0.861","-0.02617","0.00035","0","0","13.56","Humid","24.85","0","70.00","286077.67","SABD0000000001","AAV1.0.0.11","1.1.2.0","PSt7-10","170328-006","1/4/2020 10:31:52","0000-00","0","no battery","V"
"11/02/2020","13:14:47","1","default","640513929","OXY_CH1","120.409","min","186.254","µmol/L","Humid","21.629","deg","39954","µV","26.498","°C","1017.000","hPa","35.3","pmil","0","55.520","deg","20.000","°C","100.000","%a.s.","21.750","deg","20.000","°C","977.000","hPa","0.861","-0.02617","0.00035","0","0","13.56","Humid","24.85","0","70.00","286072.87","SABD0000000001","AAV1.0.0.11","1.1.2.0","PSt7-10","170328-006","1/4/2020 10:31:52","0000-00","0","no battery","V"
"11/02/2020","13:14:48","1","default","640513929","OXY_CH1","120.425","min","186.098","µmol/L","Humid","21.638","deg","39947","µV","26.499","°C","1017.000","hPa","35.3","pmil","0","55.520","deg","20.000","°C","100.000","%a.s.","21.750","deg","20.000","°C","977.000","hPa","0.861","-0.02617","0.00035","0","0","13.56","Humid","24.85","0","70.00","286074.44","SABD0000000001","AAV1.0.0.11","1.1.2.0","PSt7-10","170328-006","1/4/2020 10:31:52","0000-00","0","no battery","V"
"11/02/2020","13:14:49","1","default","640513929","OXY_CH1","120.442","min","186.054","µmol/L","Humid","21.640","deg","39947","µV","26.501","°C","1017.000","hPa","35.3","pmil","0","55.520","deg","20.000","°C","100.000","%a.s.","21.750","deg","20.000","°C","977.000","hPa","0.861","-0.02617","0.00035","0","0","13.56","Humid","24.85","0","70.00","286077.38","SABD0000000001","AAV1.0.0.11","1.1.2.0","PSt7-10","170328-006","1/4/2020 10:31:52","0000-00","0","no battery","V"
"11/02/2020","13:14:50","1","default","640513929","OXY_CH1","120.459","min","186.322","µmol/L","Humid","21.624","deg","39946","µV","26.500","°C","1017.000","hPa","35.3","pmil","0","55.520","deg","20.000","°C","100.000","%a.s.","21.750","deg","20.000","°C","977.000","hPa","0.861","-0.02617","0.00035","0","0","13.56","Humid","24.85","0","70.00","286077.28","SABD0000000001","AAV1.0.0.11","1.1.2.0","PSt7-10","170328-006","1/4/2020 10:31:52","0000-00","0","no battery","V"
"11/02/2020","13:14:51","1","default","640513929","OXY_CH1","120.476","min","186.351","µmol/L","Humid","21.628","deg","39941","µV","26.482","°C","1017.000","hPa","35.3","pmil","0","55.520","deg","20.000","°C","100.000","%a.s.","21.750","deg","20.000","°C","977.000","hPa","0.861","-0.02617","0.00035","0","0","13.56","Humid","24.85","0","70.00","286072.26","SABD0000000001","AAV1.0.0.11","1.1.2.0","PSt7-10","170328-006","1/4/2020 10:31:52","0000-00","0","no battery","V"
"11/02/2020","13:14:52","1","default","640513929","OXY_CH1","120.492","min","186.256","µmol/L","Humid","21.631","deg","39939","µV","26.491","°C","1017.000","hPa","35.3","pmil","0","55.520","deg","20.000","°C","100.000","%a.s.","21.750","deg","20.000","°C","977.000","hPa","0.861","-0.02617","0.00035","0","0","13.56","Humid","24.85","0","70.00","286080.21","SABD0000000001","AAV1.0.0.11","1.1.2.0","PSt7-10","170328-006","1/4/2020 10:31:52","0000-00","0","no battery","V"
"11/02/2020","13:14:53","1","default","640513929","OXY_CH1","120.509","min","186.317","µmol/L","Humid","21.627","deg","39940","µV","26.493","°C","1018.000","hPa","35.3","pmil","0","55.520","deg","20.000","°C","100.000","%a.s.","21.750","deg","20.000","°C","977.000","hPa","0.861","-0.02617","0.00035","0","0","13.56","Humid","24.85","0","70.00","286087.77","SABD0000000001","AAV1.0.0.11","1.1.2.0","PSt7-10","170328-006","1/4/2020 10:31:52","0000-00","0","no battery","V"
"11/02/2020","13:14:54","1","default","640513929","OXY_CH1","120.525","min","186.229","µmol/L","Humid","21.626","deg","39942","µV","26.512","°C","1018.000","hPa","35.3","pmil","0","55.520","deg","20.000","°C","100.000","%a.s.","21.750","deg","20.000","°C","977.000","hPa","0.861","-0.02617","0.00035","0","0","13.56","Humid","24.85","0","70.00","286076.75","SABD0000000001","AAV1.0.0.11","1.1.2.0","PSt7-10","170328-006","1/4/2020 10:31:52","0000-00","0","no battery","V"
"11/02/2020","13:14:55","1","default","640513929","OXY_CH1","120.542","min","186.239","µmol/L","Humid","21.625","deg","39935","µV","26.513","°C","1018.000","hPa","35.3","pmil","0","55.520","deg","20.000","°C","100.000","%a.s.","21.750","deg","20.000","°C","977.000","hPa","0.861","-0.02617","0.00035","0","0","13.56","Humid","24.85","0","70.00","286091.65","SABD0000000001","AAV1.0.0.11","1.1.2.0","PSt7-10","170328-006","1/4/2020 10:31:52","0000-00","0","no battery","V"
"11/02/2020","13:14:56","1","default","640513929","OXY_CH1","120.558","min","186.183","µmol/L","Humid","21.626","deg","39931","µV","26.519","°C","1017.000","hPa","35.3","pmil","0","55.520","deg","20.000","°C","100.000","%a.s.","21.750","deg","20.000","°C","977.000","hPa","0.861","-0.02617","0.00035","0","0","13.56","Humid","24.85","0","70.00","286072.64","SABD0000000001","AAV1.0.0.11","1.1.2.0","PSt7-10","170328-006","1/4/2020 10:31:52","0000-00","0","no battery","V"
"11/02/2020","13:14:57","1","default","640513929","OXY_CH1","120.575","min","186.300","µmol/L","Humid","21.624","deg","39922","µV","26.504","°C","1017.000","hPa","35.3","pmil","0","55.520","deg","20.000","°C","100.000","%a.s.","21.750","deg","20.000","°C","977.000","hPa","0.861","-0.02617","0.00035","0","0","13.56","Humid","24.85","0","70.00","286074.46","SABD0000000001","AAV1.0.0.11","1.1.2.0","PSt7-10","170328-006","1/4/2020 10:31:52","0000-00","0","no battery","V"
"11/02/2020","13:14:58","1","default","640513929","OXY_CH1","120.592","min","186.322","µmol/L","Humid","21.620","deg","39921","µV","26.512","°C","1017.000","hPa","35.3","pmil","0","55.520","deg","20.000","°C","100.000","%a.s.","21.750","deg","20.000","°C","977.000","hPa","0.861","-0.02617","0.00035","0","0","13.56","Humid","24.85","0","70.00","286076.99","SABD0000000001","AAV1.0.0.11","1.1.2.0","PSt7-10","170328-006","1/4/2020 10:31:52","0000-00","0","no battery","V"
"11/02/2020","13:14:59","1","default","640513929","OXY_CH1","120.609","min","186.233","µmol/L","Humid","21.626","deg","39924","µV","26.510","°C","1017.000","hPa","35.3","pmil","0","55.520","deg","20.000","°C","100.000","%a.s.","21.750","deg","20.000","°C","977.000","hPa","0.861","-0.02617","0.00035","0","0","13.56","Humid","24.85","0","70.00","286083.16","SABD0000000001","AAV1.0.0.11","1.1.2.0","PSt7-10","170328-006","1/4/2020 10:31:52","0000-00","0","no battery","V"
"11/02/2020","13:15:00","1","default","640513929","OXY_CH1","120.625","min","186.392","µmol/L","Humid","21.616","deg","39927","µV","26.511","°C","1017.000","hPa","35.3","pmil","0","55.520","deg","20.000","°C","100.000","%a.s.","21.750","deg","20.000","°C","977.000","hPa","0.861","-0.02617","0.00035","0","0","13.56","Humid","24.85","0","70.00","286084.22","SABD0000000001","AAV1.0.0.11","1.1.2.0","PSt7-10","170328-006","1/4/2020 10:31:52","0000-00","0","no battery","V"
"11/02/2020","13:15:01","1","default","640513929","OXY_CH1","120.642","min","186.193","µmol/L","Humid","21.632","deg","39922","µV","26.500","°C","1017.000","hPa","35.3","pmil","0","55.520","deg","20.000","°C","100.000","%a.s.","21.750","deg","20.000","°C","977.000","hPa","0.861","-0.02617","0.00035","0","0","13.56","Humid","24.85","0","70.00","286083.51","SABD0000000001","AAV1.0.0.11","1.1.2.0","PSt7-10","170328-006","1/4/2020 10:31:52","0000-00","0","no battery","V"
"11/02/2020","13:15:02","1","default","640513929","OXY_CH1","120.658","min","186.292","µmol/L","Humid","21.627","deg","39916","µV","26.496","°C","1017.000","hPa","35.3","pmil","0","55.520","deg","20.000","°C","100.000","%a.s.","21.750","deg","20.000","°C","977.000","hPa","0.861","-0.02617","0.00035","0","0","13.56","Humid","24.85","0","70.00","286069.48","SABD0000000001","AAV1.0.0.11","1.1.2.0","PSt7-10","170328-006","1/4/2020 10:31:52","0000-00","0","no battery","V"
"11/02/2020","13:15:03","1","default","640513929","OXY_CH1","120.675","min","186.302","µmol/L","Humid","21.624","deg","39912","µV","26.504","°C","1017.000","hPa","35.3","pmil","0","55.520","deg","20.000","°C","100.000","%a.s.","21.750","deg","20.000","°C","977.000","hPa","0.861","-0.02617","0.00035","0","0","13.56","Humid","24.85","0","70.00","286080.59","SABD0000000001","AAV1.0.0.11","1.1.2.0","PSt7-10","170328-006","1/4/2020 10:31:52","0000-00","0","no battery","V"
"11/02/2020","13:15:04","1","default","640513929","OXY_CH1","120.692","min","186.371","µmol/L","Humid","21.618","deg","39910","µV","26.509","°C","1017.000","hPa","35.3","pmil","0","55.520","deg","20.000","°C","100.000","%a.s.","21.750","deg","20.000","°C","977.000","hPa","0.861","-0.02617","0.00035","0","0","13.56","Humid","24.85","0","70.00","286089.74","SABD0000000001","AAV1.0.0.11","1.1.2.0","PSt7-10","170328-006","1/4/2020 10:31:52","0000-00","0","no battery","V"
"11/02/2020","13:15:05","1","default","640513929","OXY_CH1","120.709","min","186.238","µmol/L","Humid","21.625","deg","39909","µV","26.512","°C","1017.000","hPa","35.3","pmil","0","55.520","deg","20.000","°C","100.000","%a.s.","21.750","deg","20.000","°C","977.000","hPa","0.861","-0.02617","0.00035","0","0","13.56","Humid","24.85","0","70.00","286093.62","SABD0000000001","AAV1.0.0.11","1.1.2.0","PSt7-10","170328-006","1/4/2020 10:31:52","0000-00","0","no battery","V"
"11/02/2020","13:15:06","1","default","640513929","OXY_CH1","120.725","min","186.254","µmol/L","Humid","21.626","deg","39905","µV","26.506","°C","1017.000","hPa","35.3","pmil","0","55.520","deg","20.000","°C","100.000","%a.s.","21.750","deg","20.000","°C","977.000","hPa","0.861","-0.02617","0.00035","0","0","13.56","Humid","24.85","0","70.00","286071.27","SABD0000000001","AAV1.0.0.11","1.1.2.0","PSt7-10","170328-006","1/4/2020 10:31:52","0000-00","0","no battery","V"
"11/02/2020","13:15:07","1","default","640513929","OXY_CH1","120.742","min","186.402","µmol/L","Humid","21.619","deg","39906","µV","26.500","°C","1017.000","hPa","35.3","pmil","0","55.520","deg","20.000","°C","100.000","%a.s.","21.750","deg","20.000","°C","977.000","hPa","0.861","-0.02617","0.00035","0","0","13.56","Humid","24.85","0","70.00","286084.13","SABD0000000001","AAV1.0.0.11","1.1.2.0","PSt7-10","170328-006","1/4/2020 10:31:52","0000-00","0","no battery","V"
"11/02/2020","13:15:08","1","default","640513929","OXY_CH1","120.759","min","186.447","µmol/L","Humid","21.616","deg","39899","µV","26.501","°C","1017.000","hPa","35.3","pmil","0","55.520","deg","20.000","°C","100.000","%a.s.","21.750","deg","20.000","°C","977.000","hPa","0.861","-0.02617","0.00035","0","0","13.56","Humid","24.85","0","70.00","286086.29","SABD0000000001","AAV1.0.0.11","1.1.2.0","PSt7-10","170328-006","1/4/2020 10:31:52","0000-00","0","no battery","V"
"11/02/2020","13:15:09","1","default","640513929","OXY_CH1","120.776","min","186.225","µmol/L","Humid","21.629","deg","39897","µV","26.504","°C","1018.000","hPa","35.3","pmil","0","55.520","deg","20.000","°C","100.000","%a.s.","21.750","deg","20.000","°C","977.000","hPa","0.861","-0.02617","0.00035","0","0","13.56","Humid","24.85","0","70.00","286084.75","SABD0000000001","AAV1.0.0.11","1.1.2.0","PSt7-10","170328-006","1/4/2020 10:31:52","0000-00","0","no battery","V"
"11/02/2020","13:15:10","1","default","640513929","OXY_CH1","120.792","min","186.430","µmol/L","Humid","21.616","deg","39887","µV","26.505","°C","1018.000","hPa","35.3","pmil","0","55.520","deg","20.000","°C","100.000","%a.s.","21.750","deg","20.000","°C","977.000","hPa","0.861","-0.02617","0.00035","0","0","13.56","Humid","24.85","0","70.00","286075.17","SABD0000000001","AAV1.0.0.11","1.1.2.0","PSt7-10","170328-006","1/4/2020 10:31:52","0000-00","0","no battery","V"
"11/02/2020","13:15:11","1","default","640513929","OXY_CH1","120.809","min","186.389","µmol/L","Humid","21.621","deg","39888","µV","26.498","°C","1018.000","hPa","35.3","pmil","0","55.520","deg","20.000","°C","100.000","%a.s.","21.750","deg","20.000","°C","977.000","hPa","0.861","-0.02617","0.00035","0","0","13.56","Humid","24.85","0","70.00","286086.34","SABD0000000001","AAV1.0.0.11","1.1.2.0","PSt7-10","170328-006","1/4/2020 10:31:52","0000-00","0","no battery","V"
"11/02/2020","13:15:12","1","default","640513929","OXY_CH1","120.826","min","186.455","µmol/L","Humid","21.619","deg","39885","µV","26.492","°C","1018.000","hPa","35.3","pmil","0","55.520","deg","20.000","°C","100.000","%a.s.","21.750","deg","20.000","°C","977.000","hPa","0.861","-0.02617","0.00035","0","0","13.56","Humid","24.85","0","70.00","286084.90","SABD0000000001","AAV1.0.0.11","1.1.2.0","PSt7-10","170328-006","1/4/2020 10:31:52","0000-00","0","no battery","V"
"11/02/2020","13:15:13","1","default","640513929","OXY_CH1","120.842","min","186.451","µmol/L","Humid","21.613","deg","39874","µV","26.510","°C","1018.000","hPa","35.3","pmil","0","55.520","deg","20.000","°C","100.000","%a.s.","21.750","deg","20.000","°C","977.000","hPa","0.861","-0.02617","0.00035","0","0","13.56","Humid","24.85","0","70.00","286073.37","SABD0000000001","AAV1.0.0.11","1.1.2.0","PSt7-10","170328-006","1/4/2020 10:31:52","0000-00","0","no battery","V"
"11/02/2020","13:15:14","1","default","640513929","OXY_CH1","120.859","min","186.539","µmol/L","Humid","21.609","deg","39877","µV","26.506","°C","1018.000","hPa","35.3","pmil","0","55.520","deg","20.000","°C","100.000","%a.s.","21.750","deg","20.000","°C","977.000","hPa","0.861","-0.02617","0.00035","0","0","13.56","Humid","24.85","0","70.00","286077.11","SABD0000000001","AAV1.0.0.11","1.1.2.0","PSt7-10","170328-006","1/4/2020 10:31:52","0000-00","0","no battery","V"
"11/02/2020","13:15:15","1","default","640513929","OXY_CH1","120.875","min","186.492","µmol/L","Humid","21.610","deg","39867","µV","26.511","°C","1017.000","hPa","35.3","pmil","0","55.520","deg","20.000","°C","100.000","%a.s.","21.750","deg","20.000","°C","977.000","hPa","0.861","-0.02617","0.00035","0","0","13.56","Humid","24.85","0","70.00","286075.72","SABD0000000001","AAV1.0.0.11","1.1.2.0","PSt7-10","170328-006","1/4/2020 10:31:52","0000-00","0","no battery","V"
"11/02/2020","13:15:16","1","default","640513929","OXY_CH1","120.892","min","186.391","µmol/L","Humid","21.615","deg","39862","µV","26.515","°C","1018.000","hPa","35.3","pmil","0","55.520","deg","20.000","°C","100.000","%a.s.","21.750","deg","20.000","°C","977.000","hPa","0.861","-0.02617","0.00035","0","0","13.56","Humid","24.85","0","70.00","286075.86","SABD0000000001","AAV1.0.0.11","1.1.2.0","PSt7-10","170328-006","1/4/2020 10:31:52","0000-00","0","no battery","V"
"11/02/2020","13:15:17","1","default","640513929","OXY_CH1","120.908","min","186.674","µmol/L","Humid","21.606","deg","39857","µV","26.490","°C","1018.000","hPa","35.3","pmil","0","55.520","deg","20.000","°C","100.000","%a.s.","21.750","deg","20.000","°C","977.000","hPa","0.861","-0.02617","0.00035","0","0","13.56","Humid","24.85","0","70.00","286073.46","SABD0000000001","AAV1.0.0.11","1.1.2.0","PSt7-10","170328-006","1/4/2020 10:31:52","0000-00","0","no battery","V"
"11/02/2020","13:15:18","1","default","640513929","OXY_CH1","120.925","min","186.440","µmol/L","Humid","21.613","deg","39852","µV","26.512","°C","1018.000","hPa","35.3","pmil","0","55.520","deg","20.000","°C","100.000","%a.s.","21.750","deg","20.000","°C","977.000","hPa","0.861","-0.02617","0.00035","0","0","13.56","Humid","24.85","0","70.00","286079.52","SABD0000000001","AAV1.0.0.11","1.1.2.0","PSt7-10","170328-006","1/4/2020 10:31:52","0000-00","0","no battery","V"
"11/02/2020","13:15:19","1","default","640513929","OXY_CH1","120.942","min","186.471","µmol/L","Humid","21.609","deg","39856","µV","26.517","°C","1017.000","hPa","35.3","pmil","0","55.520","deg","20.000","°C","100.000","%a.s.","21.750","deg","20.000","°C","977.000","hPa","0.861","-0.02617","0.00035","0","0","13.56","Humid","24.85","0","70.00","286083.36","SABD0000000001","AAV1.0.0.11","1.1.2.0","PSt7-10","170328-006","1/4/2020 10:31:52","0000-00","0","no battery","V"
"11/02/2020","13:15:20","1","default","640513929","OXY_CH1","120.959","min","186.592","µmol/L","Humid","21.609","deg","39840","µV","26.496","°C","1018.000","hPa","35.3","pmil","0","55.520","deg","20.000","°C","100.000","%a.s.","21.750","deg","20.000","°C","977.000","hPa","0.861","-0.02617","0.00035","0","0","13.56","Humid","24.85","0","70.00","286090.82","SABD0000000001","AAV1.0.0.11","1.1.2.0","PSt7-10","170328-006","1/4/2020 10:31:52","0000-00","0","no battery","V"
"11/02/2020","13:15:21","1","default","640513929","OXY_CH1","120.975","min","186.583","µmol/L","Humid","21.608","deg","39838","µV","26.501","°C","1018.000","hPa","35.3","pmil","0","55.520","deg","20.000","°C","100.000","%a.s.","21.750","deg","20.000","°C","977.000","hPa","0.861","-0.02617","0.00035","0","0","13.56","Humid","24.85","0","70.00","286082.60","SABD0000000001","AAV1.0.0.11","1.1.2.0","PSt7-10","170328-006","1/4/2020 10:31:52","0000-00","0","no battery","V"
"11/02/2020","13:15:22","1","default","640513929","OXY_CH1","120.992","min","186.587","µmol/L","Humid","21.612","deg","39840","µV","26.488","°C","1018.000","hPa","35.3","pmil","0","55.520","deg","20.000","°C","100.000","%a.s.","21.750","deg","20.000","°C","977.000","hPa","0.861","-0.02617","0.00035","0","0","13.56","Humid","24.85","0","70.00","286089.97","SABD0000000001","AAV1.0.0.11","1.1.2.0","PSt7-10","170328-006","1/4/2020 10:31:52","0000-00","0","no battery","V"
"11/02/2020","13:15:23","1","default","640513929","OXY_CH1","121.009","min","186.513","µmol/L","Humid","21.609","deg","39840","µV","26.511","°C","1018.000","hPa","35.3","pmil","0","55.520","deg","20.000","°C","100.000","%a.s.","21.750","deg","20.000","°C","977.000","hPa","0.861","-0.02617","0.00035","0","0","13.56","Humid","24.85","0","70.00","286083.07","SABD0000000001","AAV1.0.0.11","1.1.2.0","PSt7-10","170328-006","1/4/2020 10:31:52","0000-00","0","no battery","V"
"11/02/2020","13:15:24","1","default","640513929","OXY_CH1","121.026","min","186.593","µmol/L","Humid","21.607","deg","39841","µV","26.502","°C","1018.000","hPa","35.3","pmil","0","55.520","deg","20.000","°C","100.000","%a.s.","21.750","deg","20.000","°C","977.000","hPa","0.861","-0.02617","0.00035","0","0","13.56","Humid","24.85","0","70.00","286085.64","SABD0000000001","AAV1.0.0.11","1.1.2.0","PSt7-10","170328-006","1/4/2020 10:31:52","0000-00","0","no battery","V"
"11/02/2020","13:15:25","1","default","640513929","OXY_CH1","121.042","min","186.741","µmol/L","Humid","21.601","deg","39843","µV","26.493","°C","1018.000","hPa","35.3","pmil","0","55.520","deg","20.000","°C","100.000","%a.s.","21.750","deg","20.000","°C","977.000","hPa","0.861","-0.02617","0.00035","0","0","13.56","Humid","24.85","0","70.00","286086.60","SABD0000000001","AAV1.0.0.11","1.1.2.0","PSt7-10","170328-006","1/4/2020 10:31:52","0000-00","0","no battery","V"
"11/02/2020","13:15:26","1","default","640513929","OXY_CH1","121.058","min","186.717","µmol/L","Humid","21.598","deg","39847","µV","26.506","°C","1018.000","hPa","35.3","pmil","0","55.520","deg","20.000","°C","100.000","%a.s.","21.750","deg","20.000","°C","977.000","hPa","0.861","-0.02617","0.00035","0","0","13.56","Humid","24.85","0","70.00","286076.29","SABD0000000001","AAV1.0.0.11","1.1.2.0","PSt7-10","170328-006","1/4/2020 10:31:52","0000-00","0","no battery","V"
"11/02/2020","13:15:27","1","default","640513929","OXY_CH1","121.075","min","186.565","µmol/L","Humid","21.607","deg","39843","µV","26.507","°C","1018.000","hPa","35.3","pmil","0","55.520","deg","20.000","°C","100.000","%a.s.","21.750","deg","20.000","°C","977.000","hPa","0.861","-0.02617","0.00035","0","0","13.56","Humid","24.85","0","70.00","286084.19","SABD0000000001","AAV1.0.0.11","1.1.2.0","PSt7-10","170328-006","1/4/2020 10:31:52","0000-00","0","no battery","V"
"11/02/2020","13:15:28","1","default","640513929","OXY_CH1","121.092","min","186.619","µmol/L","Humid","21.608","deg","39832","µV","26.494","°C","1018.000","hPa","35.3","pmil","0","55.520","deg","20.000","°C","100.000","%a.s.","21.750","deg","20.000","°C","977.000","hPa","0.861","-0.02617","0.00035","0","0","13.56","Humid","24.85","0","70.00","286096.73","SABD0000000001","AAV1.0.0.11","1.1.2.0","PSt7-10","170328-006","1/4/2020 10:31:52","0000-00","0","no battery","V"
"11/02/2020","13:15:29","1","default","640513929","OXY_CH1","121.108","min","186.669","µmol/L","Humid","21.604","deg","39839","µV","26.497","°C","1018.000","hPa","35.3","pmil","0","55.520","deg","20.000","°C","100.000","%a.s.","21.750","deg","20.000","°C","977.000","hPa","0.861","-0.02617","0.00035","0","0","13.56","Humid","24.85","0","70.00","286093.33","SABD0000000001","AAV1.0.0.11","1.1.2.0","PSt7-10","170328-006","1/4/2020 10:31:52","0000-00","0","no battery","V"
"11/02/2020","13:15:30","1","default","640513929","OXY_CH1","121.125","min","186.788","µmol/L","Humid","21.597","deg","39843","µV","26.496","°C","1018.000","hPa","35.3","pmil","0","55.520","deg","20.000","°C","100.000","%a.s.","21.750","deg","20.000","°C","977.000","hPa","0.861","-0.02617","0.00035","0","0","13.56","Humid","24.85","0","70.00","286086.08","SABD0000000001","AAV1.0.0.11","1.1.2.0","PSt7-10","170328-006","1/4/2020 10:31:52","0000-00","0","no battery","V"
"11/02/2020","13:15:31","1","default","640513929","OXY_CH1","121.142","min","186.721","µmol/L","Humid","21.604","deg","39843","µV","26.488","°C","1018.000","hPa","35.3","pmil","0","55.520","deg","20.000","°C","100.000","%a.s.","21.750","deg","20.000","°C","977.000","hPa","0.861","-0.02617","0.00035","0","0","13.56","Humid","24.85","0","70.00","286079.62","SABD0000000001","AAV1.0.0.11","1.1.2.0","PSt7-10","170328-006","1/4/2020 10:31:52","0000-00","0","no battery","V"
"11/02/2020","13:15:32","1","default","640513929","OXY_CH1","121.158","min","186.712","µmol/L","Humid","21.602","deg","39841","µV","26.495","°C","1018.000","hPa","35.3","pmil","0","55.520","deg","20.000","°C","100.000","%a.s.","21.750","deg","20.000","°C","977.000","hPa","0.861","-0.02617","0.00035","0","0","13.56","Humid","24.85","0","70.00","286078.05","SABD0000000001","AAV1.0.0.11","1.1.2.0","PSt7-10","170328-006","1/4/2020 10:31:52","0000-00","0","no battery","V"
"11/02/2020","13:15:33","1","default","640513929","OXY_CH1","121.175","min","186.677","µmol/L","Humid","21.597","deg","39839","µV","26.517","°C","1018.000","hPa","35.3","pmil","0","55.520","deg","20.000","°C","100.000","%a.s.","21.750","deg","20.000","°C","977.000","hPa","0.861","-0.02617","0.00035","0","0","13.56","Humid","24.85","0","70.00","286077.14","SABD0000000001","AAV1.0.0.11","1.1.2.0","PSt7-10","170328-006","1/4/2020 10:31:52","0000-00","0","no battery","V"
"11/02/2020","13:15:34","1","default","640513929","OXY_CH1","121.192","min","186.704","µmol/L","Humid","21.594","deg","39836","µV","26.521","°C","1018.000","hPa","35.3","pmil","0","55.520","deg","20.000","°C","100.000","%a.s.","21.750","deg","20.000","°C","977.000","hPa","0.861","-0.02617","0.00035","0","0","13.56","Humid","24.85","0","70.00","286078.37","SABD0000000001","AAV1.0.0.11","1.1.2.0","PSt7-10","170328-006","1/4/2020 10:31:52","0000-00","0","no battery","V"
"11/02/2020","13:15:35","1","default","640513929","OXY_CH1","121.209","min","186.655","µmol/L","Humid","21.599","deg","39832","µV","26.515","°C","1018.000","hPa","35.3","pmil","0","55.520","deg","20.000","°C","100.000","%a.s.","21.750","deg","20.000","°C","977.000","hPa","0.861","-0.02617","0.00035","0","0","13.56","Humid","24.85","0","70.00","286080.04","SABD0000000001","AAV1.0.0.11","1.1.2.0","PSt7-10","170328-006","1/4/2020 10:31:52","0000-00","0","no battery","V"
"11/02/2020","13:15:36","1","default","640513929","OXY_CH1","121.225","min","186.521","µmol/L","Humid","21.607","deg","39834","µV","26.515","°C","1018.000","hPa","35.3","pmil","0","55.520","deg","20.000","°C","100.000","%a.s.","21.750","deg","20.000","°C","977.000","hPa","0.861","-0.02617","0.00035","0","0","13.56","Humid","24.85","0","70.00","286069.30","SABD0000000001","AAV1.0.0.11","1.1.2.0","PSt7-10","170328-006","1/4/2020 10:31:52","0000-00","0","no battery","V"
"11/02/2020","13:15:37","1","default","640513929","OXY_CH1","121.242","min","186.842","µmol/L","Humid","21.594","deg","39833","µV","26.495","°C","1018.000","hPa","35.3","pmil","0","55.520","deg","20.000","°C","100.000","%a.s.","21.750","deg","20.000","°C","977.000","hPa","0.861","-0.02617","0.00035","0","0","13.56","Humid","24.85","0","70.00","286071.51","SABD0000000001","AAV1.0.0.11","1.1.2.0","PSt7-10","170328-006","1/4/2020 10:31:52","0000-00","0","no battery","V"
"11/02/2020","13:15:38","1","default","640513929","OXY_CH1","121.259","min","186.791","µmol/L","Humid","21.594","deg","39834","µV","26.505","°C","1018.000","hPa","35.3","pmil","0","55.520","deg","20.000","°C","100.000","%a.s.","21.750","deg","20.000","°C","977.000","hPa","0.861","-0.02617","0.00035","0","0","13.56","Humid","24.85","0","70.00","286075.66","SABD0000000001","AAV1.0.0.11","1.1.2.0","PSt7-10","170328-006","1/4/2020 10:31:52","0000-00","0","no battery","V"
"11/02/2020","13:15:39","1","default","640513929","OXY_CH1","121.276","min","186.709","µmol/L","Humid","21.598","deg","39828","µV","26.508","°C","1018.000","hPa","35.3","pmil","0","55.520","deg","20.000","°C","100.000","%a.s.","21.750","deg","20.000","°C","977.000","hPa","0.861","-0.02617","0.00035","0","0","13.56","Humid","24.85","0","70.00","286081.57","SABD0000000001","AAV1.0.0.11","1.1.2.0","PSt7-10","170328-006","1/4/2020 10:31:52","0000-00","0","no battery","V"
"11/02/2020","13:15:40","1","default","640513929","OXY_CH1","121.292","min","186.603","µmol/L","Humid","21.605","deg","39834","µV","26.506","°C","1018.000","hPa","35.3","pmil","0","55.520","deg","20.000","°C","100.000","%a.s.","21.750","deg","20.000","°C","977.000","hPa","0.861","-0.02617","0.00035","0","0","13.56","Humid","24.85","0","70.00","286083.41","SABD0000000001","AAV1.0.0.11","1.1.2.0","PSt7-10","170328-006","1/4/2020 10:31:52","0000-00","0","no battery","V"
"11/02/2020","13:15:41","1","default","640513929","OXY_CH1","121.309","min","186.732","µmol/L","Humid","21.597","deg","39835","µV","26.507","°C","1018.000","hPa","35.3","pmil","0","55.520","deg","20.000","°C","100.000","%a.s.","21.750","deg","20.000","°C","977.000","hPa","0.861","-0.02617","0.00035","0","0","13.56","Humid","24.85","0","70.00","286081.55","SABD0000000001","AAV1.0.0.11","1.1.2.0","PSt7-10","170328-006","1/4/2020 10:31:52","0000-00","0","no battery","V"
"11/02/2020","13:15:42","1","default","640513929","OXY_CH1","121.326","min","186.710","µmol/L","Humid","21.595","deg","39832","µV","26.517","°C","1018.000","hPa","35.3","pmil","0","55.520","deg","20.000","°C","100.000","%a.s.","21.750","deg","20.000","°C","977.000","hPa","0.861","-0.02617","0.00035","0","0","13.56","Humid","24.85","0","70.00","286087.03","SABD0000000001","AAV1.0.0.11","1.1.2.0","PSt7-10","170328-006","1/4/2020 10:31:52","0000-00","0","no battery","V"
"11/02/2020","13:15:43","1","default","640513929","OXY_CH1","121.342","min","186.769","µmol/L","Humid","21.590","deg","39833","µV","26.521","°C","1018.000","hPa","35.3","pmil","0","55.520","deg","20.000","°C","100.000","%a.s.","21.750","deg","20.000","°C","977.000","hPa","0.861","-0.02617","0.00035","0","0","13.56","Humid","24.85","0","70.00","286080.47","SABD0000000001","AAV1.0.0.11","1.1.2.0","PSt7-10","170328-006","1/4/2020 10:31:52","0000-00","0","no battery","V"
"11/02/2020","13:15:44","1","default","640513929","OXY_CH1","121.359","min","186.774","µmol/L","Humid","21.593","deg","39837","µV","26.511","°C","1018.000","hPa","35.3","pmil","0","55.520","deg","20.000","°C","100.000","%a.s.","21.750","deg","20.000","°C","977.000","hPa","0.861","-0.02617","0.00035","0","0","13.56","Humid","24.85","0","70.00","286076.94","SABD0000000001","AAV1.0.0.11","1.1.2.0","PSt7-10","170328-006","1/4/2020 10:31:52","0000-00","0","no battery","V"
"11/02/2020","13:15:45","1","default","640513929","OXY_CH1","121.376","min","186.982","µmol/L","Humid","21.585","deg","39827","µV","26.497","°C","1018.000","hPa","35.3","pmil","0","55.520","deg","20.000","°C","100.000","%a.s.","21.750","deg","20.000","°C","977.000","hPa","0.861","-0.02617","0.00035","0","0","13.56","Humid","24.85","0","70.00","286081.16","SABD0000000001","AAV1.0.0.11","1.1.2.0","PSt7-10","170328-006","1/4/2020 10:31:52","0000-00","0","no battery","V"
"11/02/2020","13:15:46","1","default","640513929","OXY_CH1","121.392","min","186.798","µmol/L","Humid","21.595","deg","39832","µV","26.501","°C","1018.000","hPa","35.3","pmil","0","55.520","deg","20.000","°C","100.000","%a.s.","21.750","deg","20.000","°C","977.000","hPa","0.861","-0.02617","0.00035","0","0","13.56","Humid","24.85","0","70.00","286078.17","SABD0000000001","AAV1.0.0.11","1.1.2.0","PSt7-10","170328-006","1/4/2020 10:31:52","0000-00","0","no battery","V"
"11/02/2020","13:15:47","1","default","640513929","OXY_CH1","121.409","min","186.866","µmol/L","Humid","21.589","deg","39829","µV","26.506","°C","1018.000","hPa","35.3","pmil","0","55.520","deg","20.000","°C","100.000","%a.s.","21.750","deg","20.000","°C","977.000","hPa","0.861","-0.02617","0.00035","0","0","13.56","Humid","24.85","0","70.00","286067.44","SABD0000000001","AAV1.0.0.11","1.1.2.0","PSt7-10","170328-006","1/4/2020 10:31:52","0000-00","0","no battery","V"
"11/02/2020","13:15:48","1","default","640513929","OXY_CH1","121.426","min","186.948","µmol/L","Humid","21.586","deg","39814","µV","26.500","°C","1018.000","hPa","35.3","pmil","0","55.520","deg","20.000","°C","100.000","%a.s.","21.750","deg","20.000","°C","977.000","hPa","0.861","-0.02617","0.00035","0","0","13.56","Humid","24.85","0","70.00","286062.06","SABD0000000001","AAV1.0.0.11","1.1.2.0","PSt7-10","170328-006","1/4/2020 10:31:52","0000-00","0","no battery","V"
"11/02/2020","13:15:49","1","default","640513929","OXY_CH1","121.442","min","186.906","µmol/L","Humid","21.589","deg","39824","µV","26.499","°C","1018.000","hPa","35.3","pmil","0","55.520","deg","20.000","°C","100.000","%a.s.","21.750","deg","20.000","°C","977.000","hPa","0.861","-0.02617","0.00035","0","0","13.56","Humid","24.85","0","70.00","286077.41","SABD0000000001","AAV1.0.0.11","1.1.2.0","PSt7-10","170328-006","1/4/2020 10:31:52","0000-00","0","no battery","V"
"11/02/2020","13:15:50","1","default","640513929","OXY_CH1","121.458","min","186.845","µmol/L","Humid","21.594","deg","39824","µV","26.495","°C","1018.000","hPa","35.3","pmil","0","55.520","deg","20.000","°C","100.000","%a.s.","21.750","deg","20.000","°C","977.000","hPa","0.861","-0.02617","0.00035","0","0","13.56","Humid","24.85","0","70.00","286079.06","SABD0000000001","AAV1.0.0.11","1.1.2.0","PSt7-10","170328-006","1/4/2020 10:31:52","0000-00","0","no battery","V"
"11/02/2020","13:15:51","1","default","640513929","OXY_CH1","121.475","min","186.757","µmol/L","Humid","21.587","deg","39826","µV","26.531","°C","1017.000","hPa","35.3","pmil","0","55.520","deg","20.000","°C","100.000","%a.s.","21.750","deg","20.000","°C","977.000","hPa","0.861","-0.02617","0.00035","0","0","13.56","Humid","24.85","0","70.00","286077.92","SABD0000000001","AAV1.0.0.11","1.1.2.0","PSt7-10","170328-006","1/4/2020 10:31:52","0000-00","0","no battery","V"
"11/02/2020","13:15:52","1","default","640513929","OXY_CH1","121.492","min","186.707","µmol/L","Humid","21.593","deg","39829","µV","26.523","°C","1018.000","hPa","35.3","pmil","0","55.520","deg","20.000","°C","100.000","%a.s.","21.750","deg","20.000","°C","977.000","hPa","0.861","-0.02617","0.00035","0","0","13.56","Humid","24.85","0","70.00","286081.66","SABD0000000001","AAV1.0.0.11","1.1.2.0","PSt7-10","170328-006","1/4/2020 10:31:52","0000-00","0","no battery","V"
"11/02/2020","13:15:53","1","default","640513929","OXY_CH1","121.509","min","186.866","µmol/L","Humid","21.587","deg","39829","µV","26.512","°C","1018.000","hPa","35.3","pmil","0","55.520","deg","20.000","°C","100.000","%a.s.","21.750","deg","20.000","°C","977.000","hPa","0.861","-0.02617","0.00035","0","0","13.56","Humid","24.85","0","70.00","286087.21","SABD0000000001","AAV1.0.0.11","1.1.2.0","PSt7-10","170328-006","1/4/2020 10:31:52","0000-00","0","no battery","V"
"11/02/2020","13:15:54","1","default","640513929","OXY_CH1","121.525","min","186.911","µmol/L","Humid","21.585","deg","39828","µV","26.510","°C","1018.000","hPa","35.3","pmil","0","55.520","deg","20.000","°C","100.000","%a.s.","21.750","deg","20.000","°C","977.000","hPa","0.861","-0.02617","0.00035","0","0","13.56","Humid","24.85","0","70.00","286073.80","SABD0000000001","AAV1.0.0.11","1.1.2.0","PSt7-10","170328-006","1/4/2020 10:31:52","0000-00","0","no battery","V"
"11/02/2020","13:15:55","1","default","640513929","OXY_CH1","121.542","min","186.925","µmol/L","Humid","21.583","deg","39831","µV","26.513","°C","1018.000","hPa","35.3","pmil","0","55.520","deg","20.000","°C","100.000","%a.s.","21.750","deg","20.000","°C","977.000","hPa","0.861","-0.02617","0.00035","0","0","13.56","Humid","24.85","0","70.00","286084.42","SABD0000000001","AAV1.0.0.11","1.1.2.0","PSt7-10","170328-006","1/4/2020 10:31:52","0000-00","0","no battery","V"
"11/02/2020","13:15:56","1","default","640513929","OXY_CH1","121.559","min","186.816","µmol/L","Humid","21.588","deg","39835","µV","26.518","°C","1018.000","hPa","35.3","pmil","0","55.520","deg","20.000","°C","100.000","%a.s.","21.750","deg","20.000","°C","977.000","hPa","0.861","-0.02617","0.00035","0","0","13.56","Humid","24.85","0","70.00","286076.42","SABD0000000001","AAV1.0.0.11","1.1.2.0","PSt7-10","170328-006","1/4/2020 10:31:52","0000-00","0","no battery","V"
"11/02/2020","13:15:57","1","default","640513929","OXY_CH1","121.576","min","186.820","µmol/L","Humid","21.587","deg","39835","µV","26.520","°C","1018.000","hPa","35.3","pmil","0","55.520","deg","20.000","°C","100.000","%a.s.","21.750","deg","20.000","°C","977.000","hPa","0.861","-0.02617","0.00035","0","0","13.56","Humid","24.85","0","70.00","286081.40","SABD0000000001","AAV1.0.0.11","1.1.2.0","PSt7-10","170328-006","1/4/2020 10:31:52","0000-00","0","no battery","V"
"11/02/2020","13:15:58","1","default","640513929","OXY_CH1","121.592","min","186.833","µmol/L","Humid","21.586","deg","39841","µV","26.521","°C","1018.000","hPa","35.3","pmil","0","55.520","deg","20.000","°C","100.000","%a.s.","21.750","deg","20.000","°C","977.000","hPa","0.861","-0.02617","0.00035","0","0","13.56","Humid","24.85","0","70.00","286073.22","SABD0000000001","AAV1.0.0.11","1.1.2.0","PSt7-10","170328-006","1/4/2020 10:31:52","0000-00","0","no battery","V"
"11/02/2020","13:15:59","1","default","640513929","OXY_CH1","121.609","min","186.967","µmol/L","Humid","21.585","deg","39841","µV","26.499","°C","1018.000","hPa","35.3","pmil","0","55.520","deg","20.000","°C","100.000","%a.s.","21.750","deg","20.000","°C","977.000","hPa","0.861","-0.02617","0.00035","0","0","13.56","Humid","24.85","0","70.00","286070.91","SABD0000000001","AAV1.0.0.11","1.1.2.0","PSt7-10","170328-006","1/4/2020 10:31:52","0000-00","0","no battery","V"
"11/02/2020","13:16:00","1","default","640513929","OXY_CH1","121.625","min","186.923","µmol/L","Humid","21.590","deg","39833","µV","26.492","°C","1018.000","hPa","35.3","pmil","0","55.520","deg","20.000","°C","100.000","%a.s.","21.750","deg","20.000","°C","977.000","hPa","0.861","-0.02617","0.00035","0","0","13.56","Humid","24.85","0","70.00","286074.52","SABD0000000001","AAV1.0.0.11","1.1.2.0","PSt7-10","170328-006","1/4/2020 10:31:52","0000-00","0","no battery","V"
"11/02/2020","13:16:01","1","default","640513929","OXY_CH1","121.642","min","186.878","µmol/L","Humid","21.583","deg","39840","µV","26.522","°C","1018.000","hPa","35.3","pmil","0","55.520","deg","20.000","°C","100.000","%a.s.","21.750","deg","20.000","°C","977.000","hPa","0.861","-0.02617","0.00035","0","0","13.56","Humid","24.85","0","70.00","286086.39","SABD0000000001","AAV1.0.0.11","1.1.2.0","PSt7-10","170328-006","1/4/2020 10:31:52","0000-00","0","no battery","V"

"Date","Time","delta_t","Device_Serial","Channel","User","Annotation"
